t,x_true,y_true,z_true,vx_true,vy_true,vz_true,x_gps,y_gps,z_gps,vx_gps,vy_gps,vz_gps,x_ekf,y_ekf,z_ekf,vx_ekf,vy_ekf,vz_ekf,P_xx,P_yy,P_xy,ax_cmd,ay_cmd,az_cmd,roll_cmd,pitch_cmd,yaw_cmd,wp_index,dist_to_wp
0.0,0.0,0.0,0.2,0.0,0.0,0.0,0.0796061722044832,-0.27001577442249064,0.3629676410961888,0.018785739438997653,0.09185118712575263,0.0711151526010982,0.0796061722044832,-0.27001577442249064,0.3629676410961888,0.018785739438997653,0.09185118712575263,0.0711151526010982,0.09,0.09,0.0,0.0,0.0,5.0,0.0,0.0,0.0,0,0.8
0.00416,0.0,0.0,0.20008680555555558,0.0,0.0,0.020833333333333336,-0.14006265491853737,-0.1614712391448631,0.28485490432064225,0.08602748650518802,-0.09514332489094429,0.05067317253469025,-0.030119902786697628,-0.21574659328102747,0.3240376982642233,0.05198053879802605,-0.001822034525578665,0.07197566807994167,0.0900005432628838,0.0900005432628838,0.0,0.0,0.0,2.316272702991386,0.0,0.0,0.0,0,0.7999131944444444
0.00832,0.0,0.0,0.20021380940987096,0.0,0.0,0.03048092503569149,0.02412889955192705,-0.19500526767277562,0.10732240174968223,0.20627009587391468,0.16327075543220648,-0.03236800793216677,-0.0026463282779331226,-0.20512150583708735,0.21566140232380154,0.12902325347850144,0.08016951131280746,0.024155850916227035,0.0900008473399482,0.0900008473399482,0.0,0.0,0.0,2.277239481082492,0.0,0.0,0.0,0,0.799786190590129
0.012479999999999998,0.0,0.0,0.2003803268593363,0.0,0.0,0.039964187871681094,0.2830014216086774,-0.31315626807909686,0.486006283296639,-0.03121557153229409,0.015491115396017989,0.15486780748463477,0.1401562105718847,-0.2590900849562215,0.351115362736677,0.04875402645321847,0.04757357177974682,0.09477441883469714,0.09000100748910513,0.09000100748910513,0.0,0.0,0.0,2.2387460872438414,0.0,0.0,0.0,0,0.7996196731406637
0.01664,0.0,0.0,0.2005856825663418,0.0,0.0,0.04928536968132127,-0.5702756521516241,-0.043996972325769136,-0.033958171109090135,-0.0713744516935971,-0.15748051112875777,0.008959369616123217,-0.21519703053682754,-0.15184267847724514,0.15859798903767688,-0.011366937100977819,-0.05514482353901763,0.05621934515865666,0.09000108959121908,0.09000108959121908,0.0,0.0,0.0,2.2007855417187363,0.0,0.0,0.0,0,0.7994143174336582
0.0208,0.0,0.0,0.2008292104428798,0.0,0.0,0.05844669036911767,-0.24938636555708585,-0.051782223167547686,-0.17186328714211327,0.05101820091094921,0.059062840060017066,0.08400265702486569,-0.23218908857286893,-0.10169711834009677,-0.0064708481778210725,0.01942391324430048,0.0023465481257425977,0.07467201797217107,0.09000113114923268,0.09000113114923268,0.0,0.0,0.0,2.1633509489232545,0.0,0.0,0.0,0,0.7991707895571202
0.02496,0.0,0.0,0.20111025353540285,0.0,0.0,0.06745034220553098,-0.49057191502802255,0.19733750327481775,0.46559007623819154,-0.144056399057713,-0.10098042997550959,0.19181535580777948,-0.36167600353509194,0.04761538208550784,0.22994815559326462,-0.06260091154091693,-0.049220764589052494,0.1381312418934352,0.09000115205505647,0.09000115205505647,0.0,0.0,0.0,2.1264354965832433,0.0,0.0,0.0,0,0.7988897464645972
0.02912,0.0,0.0,0.2014281639109296,0.0,0.0,0.07629849012641785,0.6361212605544179,-0.17886645902793566,-0.032077800045844096,0.0263159295905609,-0.013533049409776472,-0.014671533040677476,0.13728267807632133,-0.0656565548839875,0.09889657969802493,-0.018071991900772817,-0.031027670031987545,0.06601223733151408,0.09000116253972286,0.09000116253972286,0.0,0.0,0.0,2.0900324548759954,0.0,0.0,0.0,0,0.7985718360890703
0.03328,0.0,0.0,0.2017823025443897,0.0,0.0,0.08499327203042009,-0.11359562160272586,-0.16880143735924932,0.5997231551263804,0.05709413875246216,0.02600459302679778,0.20917868770244258,0.011958630077437384,-0.11717689444453006,0.3497365938313995,0.02013409558108459,-0.0021245309438295114,0.14276417358242613,0.09000116779002275,0.09000116779002275,0.0,0.0,0.0,2.0541351755783595,0.0,0.0,0.0,0,0.7982176974556103
0.037439999999999994,0.0,0.0,0.20217203920719923,0.0,0.0,0.09353679907428665,-0.21571149427919717,0.1321687849580465,0.22413531395967587,0.07948154964346094,-0.15854820904937386,0.0943947015346227,-0.1017125679471297,0.007169153798165957,0.28712403410052634,0.04962311878665533,-0.0806204120041792,0.12224037687458147,0.09000117041717914,0.09000117041717914,0.0,0.0,0.0,2.0187370912153115,0.0,0.0,0.0,0,0.7978279607928007
0.04159999999999999,0.0,0.0,0.20259675235705793,0.0,0.0,0.10193115596608894,0.05410699205190409,-0.07725086780596332,0.04981895394012506,0.1260411358405353,0.09092754357132088,0.013671956027642373,-0.023540133645638204,-0.03485181230732709,0.1684906991401884,0.08803999117242925,0.004730208347406119,0.0717180183725545,0.09000117173126654,0.09000117173126654,0.0,0.0,0.0,1.9838317142185358,0.0,0.0,0.0,0,0.797403247642942
0.04575999999999999,0.0,0.0,0.2030558290289593,0.0,0.0,0.11017840125633083,0.4440180711802976,-0.09728864185391713,-0.05302558661456047,-0.0233488266496944,-0.007646226355402901,0.040003231773056716,0.2101946806066152,-0.06608501440466083,0.05780642901509221,0.03192237746245653,-0.0021987593190711872,0.05962448369177587,0.09000117238844137,0.09000117238844137,0.0,0.0,0.0,1.949412636084988,0.0,0.0,0.0,0,0.7969441709710408
0.049919999999999985,0.0,0.0,0.20354866472740477,0.0,0.0,0.118280567626914,-0.25604613834932904,-0.06970353811941876,-0.14211057394233514,-0.04256547255709167,0.19212924635399287,0.16636913145373222,-0.02301776582013505,-0.0674949289667272,-0.04181502017172265,-0.005182918988378012,0.09502600046535972,0.11661633484289301,0.0900011727170635,0.0900011727170635,0.0,0.0,0.0,1.9154735265432734,0.0,0.0,0.0,0,0.7964513352725953
0.05407999999999998,0.0,0.0,0.20407466331981292,0.0,0.0,0.12623966217795288,0.02215661257745379,-0.42250168309046243,0.42890947604812557,-0.11378086355612736,0.16534705695922947,0.03944911592094234,-0.000670104117044638,-0.24465691611753138,0.19362412733445925,-0.05793098933626201,0.13019432680580698,0.0821096869610457,0.09000117288138422,0.09000117288138422,0.0,0.0,0.0,1.8820081327249785,0.0,0.0,0.0,0,0.7959253366801871
0.05823999999999998,0.0,0.0,0.20463323693111468,0.0,0.0,0.13405766671242247,0.03438509176237725,-0.3580067718825694,0.596861567549676,0.05746538062742203,-0.03557338745019028,0.22922994374154654,0.016975757522406924,-0.3014059837941945,0.3957145824927226,0.0004779252294893604,0.047021034985241114,0.15943993410097168,0.09000117296354745,0.09000117296354745,0.0,0.0,0.0,1.8490102783396,0.0,0.0,0.0,0,0.7953667630688853
0.062399999999999976,0.0,0.0,0.2052238058395256,0.0,0.0,0.1417365380186177,0.27497965497918186,0.4533242308559013,-0.06709407757577529,0.19809549463995887,0.11712516867392009,0.09027906932144948,0.1463901522070845,0.07620713298209442,0.16448666019120306,0.09993751742996362,0.08249373117569093,0.12877631282058924,0.09000117300463002,0.09000117300463002,0.0,0.0,0.0,1.8164738628555428,0.0,0.0,0.0,0,0.7947761941604744
0.06655999999999998,0.0,0.0,0.20584579837348566,0.0,0.0,0.14927820815041398,0.669770463757594,0.2731266221802346,-0.09558446185834674,0.04521183478437525,0.1511270713873206,0.08654169218513326,0.4081772045976824,0.1749832206807449,0.03462118715619084,0.07296607780025186,0.11650429971693213,0.11155552006507731,0.09000117302517169,0.09000117302517169,0.0,0.0,0.0,1.7843928606872326,0.0,0.0,0.0,0,0.7941542016265144
0.07071999999999998,0.0,0.0,0.20649865080975782,0.0,0.0,0.15668458470532007,0.32915989977115595,0.07205304934082482,0.17559959881375112,-0.10868677846543284,-0.1175272003922791,-0.036394905204357536,0.36844289092287447,0.12327178457522067,0.10502914389915537,-0.018307508372255026,7.127690426127384e-05,0.04073333060518753,0.09000117303544267,0.09000117303544267,0.0,0.0,0.0,1.7527613203858976,0.0,0.0,0.0,0,0.7935013491902422
0.07487999999999997,0.0,0.0,0.20718180727267577,0.0,0.0,0.16395755110030485,-0.04397430036476345,-0.12184110072057364,-0.17190652540973833,-0.016350912112755467,0.09111038459701166,0.31508293671464505,0.16219701161294536,0.0009034384859927837,-0.03279411149966403,-0.01714259608103667,0.04543810973129436,0.18214316905575703,0.09000117304057823,0.09000117304057823,0.0,0.0,0.0,1.7215733638377952,0.0,0.0,0.0,0,0.7928181927273242
0.07903999999999997,0.0,0.0,0.20789471963453157,0.0,0.0,0.17109896684539608,-0.026816947483527368,0.07810734705548972,0.2642188102721491,-0.17318526552754496,-0.008874363696850329,0.00577577183805153,0.06732849987896229,0.039486980198845056,0.1157188320243852,-0.09515881529371237,0.018523171853807356,0.09762986431327787,0.09000117304314602,0.09000117304314602,0.0,0.0,0.0,1.69082318546585,0.0,0.0,0.0,0,0.7921052803654685
0.08319999999999997,0.0,0.0,0.2086368474170942,0.0,0.0,0.17811066781503343,-0.20002305584999827,0.053476351444938855,0.04041921709537502,-0.02152436225852797,-0.14691221827566853,0.1910778400792789,-0.06639502378192216,0.04617438547700907,0.07845938266056358,-0.057815062075557595,-0.06331581936580177,0.14749791807165413,0.09000117304442994,0.09000117304442994,0.0,0.0,0.0,1.6605050514384647,0.0,0.0,0.0,0,0.7913631525829058
0.08735999999999997,0.0,0.0,0.2094076576942491,0.0,0.0,0.18499446651717463,-0.03042436334310891,-0.024491770010611362,0.17025001618267072,0.16022166031957286,0.065108678425406,0.12166948115177749,-0.048076600334656765,0.010974903278379588,0.12460030844192713,0.051388726402033215,0.0015296487284211424,0.1384812397059107,0.09000117304507192,0.09000117304507192,0.0,0.0,0.0,1.6306132988837283,0.0,0.0,0.0,0,0.7905923423057509
0.09151999999999996,0.0,0.0,0.2102066249957497,0.0,0.0,0.19175215236014695,0.009733407055067934,0.26153515625706314,0.2470975349288343,0.04670424671460503,-0.16457113996631303,0.17420666462293646,-0.019073573841742127,0.13591279754174207,0.18620609317756323,0.04881848577482307,-0.08070114628084749,0.15924133577332883,0.09000117304539293,0.09000117304539293,0.0,0.0,0.0,1.6011423351082876,0.0,0.0,0.0,0,0.7897933750042503
0.09567999999999996,0.0,0.0,0.21103323121207151,0.0,0.0,0.19838549191723365,0.11306502475752281,0.4289633977079401,0.35629406802999175,-0.07097572636007785,0.06063964910511382,0.18445085539725486,0.046849628723317945,0.282565353700051,0.271627616142809,-0.01136236272247769,-0.00959587797493644,0.17535798816447173,0.09000117304555341,0.09000117304555341,0.0,0.0,0.0,1.5720866368235917,0.0,0.0,0.0,0,0.7889667687879285
0.09983999999999996,0.0,0.0,0.21188696550035901,0.0,0.0,0.20489622918899753,-0.03137445387998984,0.0023575755534020605,-0.15635860692433035,0.029035579246397644,-0.009458894463987214,0.09774454930824118,0.007795883628415007,0.14244090477018592,0.05782673442147513,0.009579117487371306,-0.010044352354304209,0.1404419734406906,0.09000117304563367,0.09000117304563367,0.0,0.0,0.0,1.543440749376327,0.0,0.0,0.0,0,0.788113034499641
0.10399999999999995,0.0,0.0,0.21276732419145622,0.0,0.0,0.2112860858633311,0.2747324386259681,-0.1688509495359246,0.6407747294010083,-0.02306194156929037,-0.2591013907117869,0.31425054188580004,0.14121953295785403,-0.013744428272652652,0.3499507452888265,-0.007447169509276059,-0.13537229311670346,0.2310365081307875,0.0900011730456738,0.0900011730456738,0.0,0.0,0.0,1.5151992859859575,0.0,0.0,0.0,0,0.7872326758085437
0.10815999999999995,0.0,0.0,0.21367381069801136,0.0,0.0,0.21755676157323556,-0.32494820957632425,0.2611392039724577,0.4561986992392673,-0.09376486635307513,0.024471844070426407,0.06300049379945696,-0.09206067090479897,0.12374966627113873,0.4032003351035789,-0.05154178030962016,-0.05519801598832921,0.14999593809720768,0.09000117304569384,0.09000117304569384,0.0,0.0,0.0,1.4873569269875855,0.0,0.0,0.0,0,0.7863261893019886
0.11231999999999995,0.0,0.0,0.21460593542364603,0.0,0.0,0.22370993415232404,-0.3520935518317516,0.21281980874813175,0.37925105562722616,0.0020634896307215314,0.15418213763470434,0.3333922962732132,-0.22207435804858972,0.16860601015140927,0.39191337470930226,-0.024877642173798835,0.049500290643392536,0.24437475412011841,0.09000117304570389,0.09000117304570389,0.0,0.0,0.0,1.4599084190803673,0.0,0.0,0.0,0,0.785394064576354
0.11647999999999994,0.0,0.0,0.21556321567317957,0.0,0.0,0.22974725988804695,-0.1757614867310725,0.21396845820789356,0.028132764107667074,-0.11284069061694652,0.13663850318781326,0.21606457835815396,-0.19915085037015923,0.19157246383990417,0.21046383338432023,-0.06955233730572233,0.09272332608024328,0.23315386912002226,0.09000117304570891,0.09000117304570891,0.0,0.0,0.0,1.4328485745828023,0.0,0.0,0.0,0,0.7844367843268204
0.12063999999999994,0.0,0.0,0.2165451755638989,0.0,0.0,0.23567037377264213,-0.3713134375066683,0.22245510579121847,0.13727982098972427,0.09973509198454206,-0.13369900755904904,0.18066897503772206,-0.285026572058998,0.20673558373867792,0.1742403716862667,0.01540246653337687,-0.020316053170917676,0.2101506273474294,0.09000117304571141,0.09000117304571141,0.0,0.0,0.0,1.40617227069353,0.0,0.0,0.0,0,0.783454824436101
0.12479999999999994,0.0,0.0,0.21755134593786477,0.0,0.0,0.2414808897518089,-0.030127026255816345,-0.21544783996392644,0.07382143500991312,-0.12860351151420005,0.07447142522657207,0.22768665252579712,-0.15784204533090332,-0.004202574391685362,0.1244981711045656,-0.05681332481054068,0.026297689890902372,0.22161558002330026,0.09000117304571267,0.09000117304571267,0.0,0.0,0.0,1.3798744487577754,0.0,0.0,0.0,0,0.7824486540621353
0.12895999999999994,0.0,0.0,0.21858126427524438,0.0,0.0,0.24718040097110525,0.31266850632519255,-0.2706442677420478,0.3468383424614887,0.015210323819586353,0.0007404299984022706,0.2748009646457971,0.07744869001966613,-0.13742302437538978,0.23623626643609089,-0.021061001604774542,0.01317399196369511,0.25066876505285396,0.0900011730457133,0.0900011730457133,0.0,0.0,0.0,1.3539501135399947,0.0,0.0,0.0,0,0.7814187357247556
0.13311999999999993,0.0,0.0,0.21963447460866134,0.0,0.0,0.2527704800200711,-0.03210446212296301,0.5490866326904448,0.12549749145929995,0.03536777346301286,0.20520615603365353,0.20805107865616113,0.022745356817198935,0.20626449693009752,0.18129430322001489,0.0069355492779158865,0.10866516507836041,0.23154614258912,0.0900011730457136,0.0900011730457136,0.0,0.0,0.0,1.3283943325038357,0.0,0.0,0.0,0,0.7803655253913386
0.13727999999999993,0.0,0.0,0.22071052743855335,0.0,0.0,0.2582526791740851,-0.1119865374994431,0.3084736880026898,0.21428970220526325,0.19250300633322598,-0.158554082882932,0.26321632349093643,-0.04421973805143723,0.25704037436813115,0.1983335397793307,0.09903691151779985,-0.02509785053527517,0.2503489111504727,0.09000117304571376,0.09000117304571376,0.0,0.0,0.0,1.3032022350958952,0.0,0.0,0.0,0,0.7792894725614467
0.14143999999999993,0.0,0.0,0.22180897964952814,0.0,0.0,0.2636285306339494,0.3584487468231294,0.020242845033132725,0.46251849515183124,0.182000779737579,0.11712185126916186,0.2889660329389739,0.1574958173142988,0.138883758985774,0.331023572383264,0.14054289793123023,0.04590854426293196,0.27222010051336404,0.09000117304571385,0.09000117304571385,0.0,0.0,0.0,1.2783690120371645,0.0,0.0,0.0,0,0.7781910203504718
0.14559999999999992,0.0,0.0,0.2229293944277082,0.0,0.0,0.26889954676321226,-0.23753242502255387,0.41676621752914417,0.2729313931590505,0.06909366457330494,-0.015261647151937029,0.41592997031456963,-0.039877642104554946,0.27779576808332446,0.30283617413163866,0.10496078480401848,0.015048895942956528,0.34696258277250747,0.0900011730457139,0.0900011730457139,0.0,0.0,0.0,1.253889914620688,0.0,0.0,0.0,0,0.7770706055722918
0.14975999999999992,0.0,0.0,0.224071341179055,0.0,0.0,0.2740672203232341,-0.05738054212302736,0.10019868192426058,0.04220292000024453,0.0401420511484634,0.04723848556954083,0.42035380603620875,-0.048546110262753954,0.1890943035741567,0.17338649238622972,0.07274307821383724,0.03110959337524359,0.386324349484802,0.09000117304571391,0.09000117304571391,0.0,0.0,0.0,1.2297602540139667,0.0,0.0,0.0,0,0.775928658820945
0.15391999999999992,0.0,0.0,0.22523439544866333,0.0,0.0,0.2791330247059966,0.31793054223779876,-0.11273751654480145,0.13499272996262274,0.11661405007721011,-0.05104438488505861,0.2598282824509227,0.13493693968289097,0.038070498722954246,0.15472516904407516,0.09486547104085638,-0.010148755065844395,0.3253004628649668,0.09000117304571391,0.09000117304571391,0.0,0.0,0.0,1.2059754005691286,0.0,0.0,0.0,0,0.7747656045513367
0.15807999999999992,0.0,0.0,0.2264181388410161,0.0,0.0,0.28409841416466686,-0.19408540926880918,0.006113052797213941,-0.1165973653093744,0.10508410161602307,0.03845460598063675,0.30661481254650336,-0.029358506007375263,0.02217246936272283,0.019694759941304874,0.100234148886613,0.01370130769801354,0.31835976799602744,0.09000117304571391,0.09000117304571391,0.0,0.0,0.0,1.1825307831376903,0.0,0.0,0.0,0,0.7735818611589839
0.1622399999999999,0.0,0.0,0.22762215894119076,0.0,0.0,0.288964824041917,0.07250217093393564,-0.4960321703273965,-0.06220643166287815,-0.08866769215053702,-0.05391548271339008,0.45419596427617326,0.021387407407434583,-0.23704515645390117,-0.020316694980679305,0.006137483111141535,-0.02032528884510918,0.3886735544973763,0.09000117304571391,0.09000117304571391,0.0,0.0,0.0,1.1594218883931404,0.0,0.0,0.0,0,0.7723778410588092
0.1663999999999999,0.0,0.0,0.22884604923700747,0.0,0.0,0.2937336709960134,0.17247102687821145,0.1745759543733242,0.168396186048749,0.06522449234821236,0.028683558599518096,0.4172907292837389,0.09706397484780675,-0.031172280816779984,0.07490317234824675,0.03662183408832914,0.004282291025958815,0.4057914171033993,0.09000117304571391,0.09000117304571391,0.0,0.0,0.0,1.1366442601575257,0.0,0.0,0.0,0,0.7711539507629925
0.1705599999999999,0.0,0.0,0.23008940904211028,0.0,0.0,0.2984063532246733,-0.9477068264615293,0.42818677498748375,0.5176100141500439,-0.0016801432940080478,-0.11486893808220067,0.41348702906364465,-0.42533197517030485,0.19827156923230482,0.29711651400163425,0.017350175484903904,-0.055301006767034984,0.4111860977045425,0.09000117304571391,0.09000117304571391,0.0,0.0,0.0,1.1141934987363449,0.0,0.0,0.0,0,0.7699105909578897
0.1747199999999999,0.0,0.0,0.23135184341997156,0.0,0.0,0.30298425068670654,-0.1836575240611795,-0.20660534582007034,0.1598108650054842,0.018673465404551944,0.09258878288153682,0.23681948228664232,-0.30445584119443575,-0.003976215958778339,0.22894952335920338,0.018792114249318516,0.01819037945890832,0.3267946211077245,0.09000117304571391,0.09000117304571391,0.0,0.0,0.0,1.0920652602581415,0.0,0.0,0.0,0,0.7686481565800285
0.1788799999999999,0.0,0.0,0.2326329631088109,0.0,0.0,0.3074687253214443,0.2091661000578689,-0.5078002600744627,0.6457579961699315,-0.14216850594039954,-0.03319897141026034,0.2519452076433825,-0.047936190579936755,-0.2559604262363836,0.43787679757730275,-0.062058853693588316,-0.0076886188928061315,0.29125838332235277,0.09000117304571391,0.09000117304571391,0.0,0.0,0.0,1.0702552560203256,0.0,0.0,0.0,0,0.7673670368911891
0.1830399999999999,0.0,0.0,0.2339323844474191,0.0,0.0,0.31186112126596455,0.2670016959628745,-0.038920228302362254,0.17726068574244724,-0.0008078218785588166,-0.06998073282586534,0.3913838254246731,0.10953236465433282,-0.1475857776499463,0.30837511432015796,-0.030998942795014178,-0.038152117841476596,0.34413752394074776,0.09000117304571391,0.09000117304571391,0.0,0.0,0.0,1.0487592518422002,0.0,0.0,0.0,0,0.766067615552581
0.1871999999999999,0.0,0.0,0.23524972930187796,0.0,0.0,0.31616276507012725,0.3780529037855033,0.05261511576616497,0.6500802550690841,0.04984109327143822,0.18872693679901043,0.3801479760186536,0.24389905287158017,-0.0470918218904519,0.48001599529694183,0.00899677557223019,0.075483683962884,0.3644375019797167,0.09000117304571391,0.09000117304571391,0.0,0.0,0.0,1.027573067422356,0.0,0.0,0.0,0,0.7647502706981221
0.1913599999999999,0.0,0.0,0.2365846249931672,0.0,0.0,0.32037496590942277,0.20915401613136328,-0.23908341932365335,0.37787018811253636,0.08641650216435809,-0.11278997899691101,0.39507946767477764,0.22670602528273487,-0.14332232834555578,0.42975979784797147,0.04770644492193634,-0.01923521927826957,0.381839937606819,0.09000117304571391,0.09000117304571391,0.0,0.0,0.0,1.0066925757038574,0.0,0.0,0.0,0,0.7634153750068328
0.1955199999999999,0.0,0.0,0.23793670422564908,0.0,0.0,0.32449901579564955,0.014638305182096035,0.08180653381548114,0.5629383453959713,0.12389399796090617,-0.11667592203291786,0.2473068142498958,0.12092917117310524,-0.03100086551730152,0.4968591678084468,0.0854135744664394,-0.06705446461471877,0.3170951796373335,0.09000117304571391,0.09000117304571391,0.0,0.0,0.0,0.9861137022443818,0.0,0.0,0.0,0,0.762063295774351
0.19967999999999989,0.0,0.0,0.2393056050164217,0.0,0.0,0.3285361897854276,0.21832069354970213,0.05712581013029557,0.08752539872341736,-0.05618419402431107,-0.14997816947673834,0.32173507387876366,0.16950754420045813,0.012749366631174663,0.29285498401635846,0.015204683949096917,-0.10765891195734655,0.32116244824428014,0.09000117304571391,0.09000117304571391,0.0,0.0,0.0,0.9658324245923926,0.0,0.0,0.0,0,0.7606943949835783
0.20383999999999988,0.0,0.0,0.24069097062553235,0.0,0.0,0.33248774618655785,-0.007730571262950948,-0.27962730904794886,0.3893748567536283,0.022127681418792382,-0.16816215582482835,0.14772894615800172,0.08093260053630703,-0.1337900620836867,0.3414194596249018,0.018988210640632223,-0.13825643088710127,0.23609552036822415,0.09000117304571391,0.09000117304571391,0.0,0.0,0.0,0.9458447716708811,0.0,0.0,0.0,0,0.7593090293744676
0.20799999999999988,0.0,0.0,0.2420924494870417,0.0,0.0,0.33635492676224515,-0.3164975605863652,0.5297918090628988,0.004250323389988903,-0.13847889396705612,0.013140445440045596,0.3707996316023496,-0.11807368114304545,0.19803294538312882,0.17360023871685576,-0.059548682275154016,-0.06261419905711997,0.305143955015995,0.09000117304571391,0.09000117304571391,0.0,0.0,0.0,0.9261468231645289,0.0,0.0,0.0,0,0.7579075505129583
0.21215999999999988,0.0,0.0,0.24350969514092996,0.0,0.0,0.34013895693318524,0.42417551344645194,-0.08463984195591764,0.5471951722323188,-0.06040245965089506,0.016291483873304792,0.3364742223216603,0.1529298887361405,0.05672832795720225,0.3610944186896636,-0.06036670691625657,-0.023103143180845838,0.3235755528779611,0.09000117304571391,0.09000117304571391,0.0,0.0,0.0,0.906734708915448,0.0,0.0,0.0,0,0.7564903048590701
0.21631999999999987,0.0,0.0,0.24494236616583637,0.0,0.0,0.3438410459775383,-0.25014615435227133,0.6304842964005922,0.020591713797793815,-0.07043474367820146,-0.028805980219691735,0.5127439194858938,-0.04875697673611379,0.3435494791671562,0.19190329342598586,-0.06563030966727575,-0.02550593076209157,0.42001452194815453,0.09000117304571391,0.09000117304571391,0.0,0.0,0.0,0.8876046083232536,0.0,0.0,0.0,0,0.7550576338341637
0.22047999999999987,0.0,0.0,0.246390126112623,0.0,0.0,0.34746238722879375,0.12769285624841262,0.14747470678047228,0.4115033523279311,0.1376785068938535,-0.013761862435538326,0.19880273390741188,0.03975580620979628,0.24548341196837944,0.30211542314457823,0.03588392563710376,-0.020267092870739908,0.3108365803634338,0.09000117304571391,0.09000117304571391,0.0,0.0,0.0,0.8687527497518446,0.0,0.0,0.0,0,0.753609873887377
0.22463999999999987,0.0,0.0,0.24785264343875443,0.0,0.0,0.3510041582715427,-0.2241419143664282,0.14815610319575168,0.19110832589636423,0.12423141665395543,0.0052336116261007355,0.19138767452361988,-0.09193570338168533,0.19682881095249166,0.24700472149267266,0.07966754633966817,-0.006964763597201684,0.25326288727360546,0.09000117304571391,0.09000117304571391,0.0,0.0,0.0,0.8501754099419563,0.0,0.0,0.0,0,0.7521473565612455
0.22879999999999986,0.0,0.0,0.2493295914434843,0.0,0.0,0.35446752113516816,0.042064606182956585,-0.025753497424169176,-0.11568880678103413,-0.11850044321454788,0.05646986072726643,0.37799426641274636,-0.025181570876515253,0.08565418290195785,0.06643694433243454,-0.01917177785632218,0.024446529200844364,0.3178767574612348,0.09000117304571391,0.09000117304571391,0.0,0.0,0.0,0.8318689134292958,0.0,0.0,0.0,0,0.7506704085565157
0.23295999999999986,0.0,0.0,0.2508206482038404,0.0,0.0,0.3578536224854663,-0.29467497235195667,-0.09829672461184884,-0.28803206995672315,-0.16674144208921657,-0.014226225488959418,0.34060186239320317,-0.16027721856631275,-0.006351984582486243,-0.11009565404701736,-0.09282992434796924,0.005033960901691013,0.3311865947856896,0.09000117304571391,0.09000117304571391,0.0,0.0,0.0,0.8138296319691498,0.0,0.0,0.0,0,0.7491793517961596
0.23711999999999986,0.0,0.0,0.2523254965113996,0.0,0.0,0.3611635938142127,-0.1674089636093253,-0.22125838663200156,-0.094898459297665,-0.07042307803518864,0.0542372955523205,0.4524962294382302,-0.16398940303315304,-0.11369504909712314,-0.10155800954738929,-0.08173175325722018,0.030195867926648766,0.3929098611068781,0.09000117304571391,0.09000117304571391,0.0,0.0,0.0,0.7960539839665137,0.0,0.0,0.0,0,0.7476745034886003
0.24127999999999986,0.0,0.0,0.25384382380984416,0.0,0.0,0.36439855162668605,0.008864852100819609,0.06513836743495537,0.3140468048851853,0.024011041105343137,0.09579624328248418,0.6001110093379163,-0.07751055548868065,-0.024077985448814457,0.10749080157915489,-0.029140317960781918,0.0630636947088237,0.49876562776026995,0.09000117304571391,0.09000117304571391,0.0,0.0,0.0,0.778538433912316,0.0,0.0,0.0,0,0.7461561761901558
0.24543999999999985,0.0,0.0,0.25537532213329067,0.0,0.0,0.3675595976271638,0.16438725507616067,0.18441295192034773,0.2757941892412814,-0.031582252264847045,0.06186499619872632,0.66291721304102,0.043373609913167493,0.08029840530548472,0.19301892503169552,-0.030004159032322637,0.06208659640423613,0.5825602891939844,0.09000117304571391,0.09000117304571391,0.0,0.0,0.0,0.7612794918246892,0.0,0.0,0.0,0,0.7446246778667094
0.24959999999999985,0.0,0.0,0.256919688045384,0.0,0.0,0.37064781890240006,-0.052234121140329146,0.04529862804531558,0.5290052776892149,-0.11182648981925157,-0.013157907575713966,0.39149396849362444,-0.004662265305096008,0.0627703566800872,0.36182580755902594,-0.07151361938146565,0.0247321871284636,0.4884534596690662,0.09000117304571391,0.09000117304571391,0.0,0.0,0.0,0.7442737126971242,0.0,0.0,0.0,0,0.743080311954616
0.2537599999999999,0.0,0.0,0.25847662257914694,0.0,0.0,0.37366428810310404,0.6644321304303121,0.03072022522196738,0.39351639652206966,-0.08743379787576938,0.1486819537764486,0.1859436009465183,0.3297078305438915,0.04705472422658527,0.378054475745342,-0.07950911661659849,0.08650516413052386,0.3389514644111853,0.09000117304571391,0.09000117304571391,0.0,0.0,0.0,0.7275176959520469,0.0,0.0,0.0,0,0.7415233774208531
0.25791999999999987,0.0,0.0,0.2600458311775779,0.0,0.0,0.37661006362343197,-0.1878316669209201,0.2755813179379016,0.04545518905660223,-0.07915681889323302,0.18433637134408865,0.3539326860455909,0.07076985987828034,0.16170304220145856,0.21248444449207113,-0.07935386894366021,0.1354107948920477,0.3484751717189091,0.09000117304571391,0.09000117304571391,0.0,0.0,0.0,0.7110080848989819,0.0,0.0,0.0,0,0.739954168822422
0.26207999999999987,0.0,0.0,0.2616270236349883,0.0,0.0,0.37948618977850146,0.15937209365903285,0.13765264564062815,0.7108920628170241,-0.04383756375476289,0.06669401848635004,0.2788839405175325,0.11498065330237221,0.14981531395444508,0.4622674853811732,-0.06171213858640157,0.10157769097981315,0.31576428150704555,0.09000117304571391,0.09000117304571391,0.0,0.0,0.0,0.6947415662005298,0.0,0.0,0.0,0,0.7383729763650118
0.26623999999999987,0.0,0.0,0.2632199140390714,0.0,0.0,0.38229369697995197,-0.04231202955334716,-0.1377611621800209,-0.07631618900526976,-0.15062440907782895,-0.006606691864192784,0.5158856590756505,0.03602143906816144,0.006012104118596791,0.19404331728428492,-0.10689453113488373,0.04711627730437078,0.4165763716848694,0.09000117304571391,0.09000117304571391,0.0,0.0,0.0,0.6787148693412768,0.0,0.0,0.0,0,0.7367800859609286
0.27039999999999986,0.0,0.0,0.26482422071369455,0.0,0.0,0.38503360190955416,-0.10981797026933186,-0.35912123880363606,0.43854831051198523,0.012249130057639328,-0.033861518175744613,0.4384419281082211,-0.03687419440940118,-0.17662767925330575,0.3172072920682969,-0.04714465714184389,0.0066931099281835015,0.4285555907068027,0.09000117304571391,0.09000117304571391,0.0,0.0,0.0,0.6629247661058482,0.0,0.0,0.0,0,0.7351757792863054
0.27455999999999986,0.0,0.0,0.2664396661624066,0.0,0.0,0.387706907690897,-0.04366912672807478,0.2707570010022158,0.30353908249406997,0.023937575880865036,-0.00936921090121943,0.3189983863986764,-0.04022199931790549,0.04704676021949988,0.31103339876407193,-0.01156930354998919,-0.0005948321052840622,0.3753227906076139,0.09000117304571391,0.09000117304571391,0.0,0.0,0.0,0.6473680700588753,0.0,0.0,0.0,0,0.7335603338375933
0.27871999999999986,0.0,0.0,0.26806597701265306,0.0,0.0,0.3903146040591529,0.43143151651184125,-0.33730546290233765,0.30373642565472764,0.03834634286244076,-0.0969143760724042,0.3455185478151579,0.1956852301147412,-0.1453351045011563,0.3081020936543801,0.014629804186806107,-0.04803459920287716,0.36111306678602156,0.09000117304571391,0.09000117304571391,0.0,0.0,0.0,0.6320416360328702,0.0,0.0,0.0,0,0.731934022987347
0.28287999999999985,0.0,0.0,0.2697028839606903,0.0,0.0,0.39285766752894463,-0.3144538207221395,0.1773214561626297,0.4601849078831801,-0.1069540521248553,-0.046138608950952356,0.5788650514203076,-0.05961065524366395,0.015898367610007763,0.38534587899327244,-0.0459961799982101,-0.04655826478342889,0.47127743941837996,0.09000117304571391,0.09000117304571391,0.0,0.0,0.0,0.6169423596205164,0.0,0.0,0.0,0,0.7302971160393097
0.28703999999999985,0.0,0.0,0.27135012171719164,0.0,0.0,0.3953370615603244,-0.28592959875925916,-0.3738383639542299,0.47222819047869324,0.09990713388905695,-0.026272794968976554,0.5672796704451586,-0.17256507754415404,-0.179027812440411,0.4299653101506325,0.02750910948277656,-0.03620504687388299,0.5203580198511959,0.09000117304571391,0.09000117304571391,0.0,0.0,0.0,0.6020671766740697,0.0,0.0,0.0,0,0.7286498782828084
0.29119999999999985,0.0,0.0,0.273007428953537,0.0,0.0,0.3977537367228874,-0.2342406064024877,-0.21071301134425197,0.26709479635094063,0.054610901571148444,-0.025504086519254145,0.5444723939667303,-0.20328889687671253,-0.1949242500443574,0.34965758378735184,0.04067957101570117,-0.030581809883307894,0.5342487845935344,0.09000117304571391,0.09000117304571391,0.0,0.0,0.0,0.5874130628072882,0.0,0.0,0.0,0,0.726992571046463
0.29535999999999984,0.0,0.0,0.2746745482487788,0.0,0.0,0.40010863085802223,-0.072341842007679,0.09449613864020438,-0.08778508395742385,0.1398201087562194,0.05991334023027342,0.5437858353922962,-0.13752419300413404,-0.05008741095579607,0.13206274240821025,0.09051354295125925,0.014659239887082237,0.5397404639647116,0.09000117304571391,0.09000117304571391,0.0,0.0,0.0,0.5729770329058077,0.0,0.0,0.0,0,0.7253254517512212
0.29951999999999984,0.0,0.0,0.27635122603727597,0.0,0.0,0.4024026692393258,-0.2829854986276623,-0.07405285810031097,0.19826759211946887,-0.16243433426173776,-0.10553708082771528,0.570304011941829,-0.2105949943176433,-0.062291121215990924,0.1663504926289698,-0.03533260747950982,-0.04480376782472509,0.5556711658950031,0.09000117304571391,0.09000117304571391,0.0,0.0,0.0,0.5587561406408379,0.0,0.0,0.0,0,0.723648773962724
0.30367999999999984,0.0,0.0,0.27803721255698927,0.0,0.0,0.4046367647311899,-0.003858607403612689,-0.31052599911833095,0.3056075487119235,0.11206598186188435,-0.006218253764637585,0.49622952156327504,-0.10699264907529955,-0.18642315643137594,0.23701056705565862,0.03854421901709042,-0.025549322856818848,0.5267095546517128,0.09000117304571391,0.09000117304571391,0.0,0.0,0.0,0.5447474779894268,0.0,0.0,0.0,0,0.7219627874430108
0.30783999999999984,0.0,0.0,0.2797322617984292,0.0,0.0,0.4068118179455793,0.05010491643361717,0.18136016194036744,0.31918157914714906,-0.0767738254901977,0.0650811911343241,0.3662828966137768,-0.02860326080304867,-0.0023947009026760386,0.27885586719880257,-0.01871965349327648,0.020310308408478608,0.44777525603170126,0.09000117304571391,0.09000117304571391,0.0,0.0,0.0,0.5309481747585212,0.0,0.0,0.0,0,0.7202677382015708
0.31199999999999983,0.0,0.0,0.28143613145425006,0.0,0.0,0.40892871739701087,-0.2887852334420895,0.42736946531673975,0.15471379629125276,-0.007369983870975679,0.20062323051736095,0.3627258731667824,-0.15871319011965387,0.21290794452768663,0.21753821280140306,-0.012183391130784746,0.11032801483192842,0.4053567513456647,0.09000117304571391,0.09000117304571391,0.0,0.0,0.0,0.517355398117239,0.0,0.0,0.0,0,0.7185638685457499
0.31615999999999983,0.0,0.0,0.2831485828694824,0.0,0.0,0.41098833965576087,0.41222523062574357,0.28960541157601144,0.7245161085259176,-0.026706882374680725,0.08500556401776704,0.20619358904184934,0.12670365693266275,0.2514341314771141,0.4714574088020682,-0.019055250130404,0.09761665386593853,0.3068342630365553,0.09000117304571391,0.09000117304571391,0.0,0.0,0.0,0.5039663521296753,0.0,0.0,0.0,0,0.7168514171305176
0.3203199999999998,0.0,0.0,0.28486938099239617,0.0,0.0,0.4129915494992967,-0.10620668748837135,0.220932956800298,0.2195671898131561,0.004464095560469474,0.20712969414862759,0.3950744027139148,0.0102565755895595,0.2366139005395737,0.34633049307340297,-0.007506470457350804,0.15248825179007258,0.35180789151584796,0.09000117304571391,0.09000117304571391,0.0,0.0,0.0,0.49077827729809775,0.0,0.0,0.0,0,0.7151306190076039
0.3244799999999998,0.0,0.0,0.2865982943259877,0.0,0.0,0.4149392000619698,0.12704888746185297,-0.2667403357780715,0.18052627143672312,-0.04992873080025099,0.026856549431462286,0.3744884523407765,0.0685498157050507,-0.015009477572108312,0.26420339940586973,-0.028771256221580707,0.08900658434609031,0.3644679255008024,0.09000117304571391,0.09000117304571391,0.0,0.0,0.0,0.4777884501070393,0.0,0.0,0.0,0,0.7134017056740123
0.3286399999999998,0.0,0.0,0.2883350948800834,0.0,0.0,0.416832132982968,0.1790994714789359,0.2410982915937792,0.30975981737815184,-0.1554397930606467,-0.033101676804136775,0.4971142538472186,0.12350438967550804,0.11297689565892076,0.28801417774387394,-0.09319505496731399,0.028178057279067577,0.431615703378845,0.09000117304571391,0.09000117304571391,0.0,0.0,0.0,0.46499418257547953,0.0,0.0,0.0,0,0.7116649051199166
0.3327999999999998,0.0,0.0,0.2900795581240524,0.0,0.0,0.41867117855255426,0.0037775059581340227,0.511682898708023,0.21208520504613093,-0.10791831496837939,0.04772145407764667,0.2653174454443975,0.06341590423124861,0.3124310614834107,0.25059852845724073,-0.10068131609544947,0.038373986249329646,0.34967170716133067,0.09000117304571391,0.09000117304571391,0.0,0.0,0.0,0.452392821811457,0.0,0.0,0.0,0,0.7099204418759476
0.3369599999999998,0.0,0.0,0.2918314629401216,0.0,0.0,0.4204571558565975,0.274812679532092,-0.25536747702950957,0.7836879203196618,-0.2127650912168163,-0.01314902070678112,0.40801539818173854,0.16867410322460166,0.02850098446714969,0.5179940797539848,-0.15713786678136862,0.01236815662234675,0.37957793903789594,0.09000117304571391,0.09000117304571391,0.0,0.0,0.0,0.43998174957470493,0.0,0.0,0.0,0,0.7081685370598785
0.3411199999999998,0.0,0.0,0.29359059157728584,0.0,0.0,0.42219087291942237,-0.39198692589699635,-0.3978217656007708,-0.22884890025177118,-0.09616785767417504,-0.02413662952196262,0.4649569552813691,-0.11185933196328897,-0.1847113216587048,0.1455331863737072,-0.12715151441589764,-0.006966469119514477,0.42287470827851953,0.09000117304571391,0.09000117304571391,0.0,0.0,0.0,0.42775838184091164,0.0,0.0,0.0,0,0.7064094084227142
0.3452799999999998,0.0,0.0,0.2953567296058066,0.0,0.0,0.4238731268449803,-0.2619666977245233,0.15587206153958205,0.2263305122688633,0.13394031363245837,-0.13565029007846702,0.34074804125391417,-0.1866352968453649,-0.014699723084374429,0.18664003241155552,0.003292863160171518,-0.07114262378498233,0.38235915648573165,0.09000117304571391,0.09000117304571391,0.0,0.0,0.0,0.41572016837414805,0.0,0.0,0.0,0,0.7046432703941934
0.3494399999999998,0.0,0.0,0.2971296658722915,0.0,0.0,0.4255047039563699,0.2518463284704177,-0.030833794844055348,-0.3600505074789403,-0.11341555310473737,0.02255915642541481,0.2775629465686519,0.032373232344494005,-0.02271982954773739,-0.08613364176838846,-0.05531800643820145,-0.024355394500855033,0.33088212972990805,0.09000117304571391,0.09000117304571391,0.0,0.0,0.0,0.40386459230149807,0.0,0.0,0.0,0,0.7028703341277085
0.3535999999999998,0.0,0.0,0.29890919245534864,0.0,0.0,0.4270863799337115,-0.4330347537395593,0.21088503149848217,-0.19851061393151115,-0.13252710903219794,-0.010126789237775193,0.4568889728467916,-0.20060880831317943,0.0940633893446873,-0.1413740493540417,-0.09433190634866348,-0.01734641590331486,0.3945751406677679,0.09000117304571391,0.09000117304571391,0.0,0.0,0.0,0.3921891696944022,0.0,0.0,0.0,0,0.7010908075446514
0.3577599999999998,0.0,0.0,0.30069510462180865,0.0,0.0,0.42861891995039897,0.21924035358921187,0.7245141248596677,0.22732184294359956,0.20697118606647977,0.035219205574669926,0.51591998315905,0.009748439073736234,0.40936750657568055,0.04404758648538347,0.05666843811366684,0.008412293394275749,0.45619608689266,0.09000117304571391,0.09000117304571391,0.0,0.0,0.0,0.38069144915373854,0.0,0.0,0.0,0,0.6993048953781913
0.3619199999999998,0.0,0.0,0.30248720078350755,0.0,0.0,0.430103078807739,0.1077412729932723,0.2181707274852965,0.37029290467432574,0.16666835289364984,-0.1363776684717934,0.43806981769312336,0.05909340106187992,0.3134838046482682,0.2080828005509964,0.11108723539405403,-0.06382296597043956,0.4475670557738025,0.09000117304571391,0.09000117304571391,0.0,0.0,0.0,0.36936901140059075,0.0,0.0,0.0,0,0.6975127992164925
0.3660799999999998,0.0,0.0,0.3042852824546242,0.0,0.0,0.43153960106799827,-0.17487242500479488,-0.27364773666211534,0.35827759594141995,0.1659277874413855,-0.06498873098210702,0.33461460038769847,-0.05754567022793143,0.01977945977893029,0.2838757690997151,0.1383338104852108,-0.06474663929610748,0.391804291245345,0.09000117304571391,0.09000117304571391,0.0,0.0,0.0,0.3582194688700455,0.0,0.0,0.0,0,0.6957147175453757
0.3702399999999998,0.0,0.0,0.30608915420956534,0.0,0.0,0.4329292211858652,0.14060698623082082,0.10114549496969714,-0.06542381117368734,0.13988449945577933,0.09912280729578786,0.5667513316377338,0.04182461990265648,0.060670145438094195,0.11040186578359598,0.1383302702734768,0.016732269156100227,0.47950474275515337,0.09000117304571391,0.09000117304571391,0.0,0.0,0.0,0.3472404653125323,0.0,0.0,0.0,0,0.6939108457904346
0.3743999999999998,0.0,0.0,0.3078986236413918,0.0,0.0,0.43427266363835465,-0.2686654801157376,0.1734161239471436,0.36302670487623134,0.06571849279776051,0.020586310811777822,0.37289402352718387,-0.11328561541734125,0.11708732402300004,0.23749107220445057,0.10188728315105768,0.018379453330027905,0.42648969665171493,0.09000117304571391,0.09000117304571391,0.0,0.0,0.0,0.3364296753965246,0.0,0.0,0.0,0,0.6921013763586081
0.3785599999999998,0.0,0.0,0.30971350132077996,0.0,0.0,0.4355706430531569,0.271022791213332,-0.16978363880584343,-0.04739935868191547,0.04091339519366784,-0.013284100373515257,0.22232294468767383,0.07895511506914026,-0.026377196125679795,0.09550393701029126,0.07201042923568465,0.0022615927767598598,0.3255500686681504,0.09000117304571391,0.09000117304571391,0.0,0.0,0.0,0.3257848043183924,0.0,0.0,0.0,0,0.6902864986792201
0.3827199999999998,0.0,0.0,0.311533600755511,0.0,0.0,0.4368238643354558,-0.3561690502193357,-0.05288569590290538,0.7605731678599554,-0.006243988410965559,0.016745845762922373,0.5464052215987814,-0.13862169690147141,-0.03959623282223058,0.4291772016788665,0.032261810593336625,0.009229766539769067,0.4371711475854695,0.09000117304571391,0.09000117304571391,0.0,0.0,0.0,0.3153035874151513,0.0,0.0,0.0,0,0.688466399244489
0.3868799999999998,0.0,0.0,0.3133587383504828,0.0,0.0,0.43803302279322565,0.14223156856854838,0.5854765376349351,0.3396635020398982,-0.038600783893060625,0.022220484112469747,0.443063977900496,0.0017268558360852952,0.2729909559201904,0.3853399066683638,-0.003281912235442141,0.015622541346313482,0.44078025900478657,0.09000117304571391,0.09000117304571391,0.0,0.0,0.0,0.30498378978333407,0.0,0.0,0.0,0,0.6866412616495172
0.3910399999999998,0.0,0.0,0.31518873336823705,0.0,0.0,0.4391988042610277,0.11300653579836453,0.056972279683068464,0.42234009094873315,-0.05610970097540716,0.0033878557097127126,0.44437894548597484,0.0572506819483775,0.16498773262226538,0.40476275527977595,-0.029651073053737893,0.009227207672270681,0.44344377736396706,0.09000117304571391,0.09000117304571391,0.0,0.0,0.0,0.29482320590079736,0.0,0.0,0.0,0,0.684811266631763
0.3951999999999998,0.0,0.0,0.3170234078899967,0.0,0.0,0.44032188522231486,0.4724466855980537,0.2863542935977724,0.3053591785835788,-0.0550130691041585,0.08980104597592928,0.4450164165324791,0.26473664335874886,0.2258592271175914,0.35598280891223266,-0.04208033549078181,0.04922951524702352,0.4457127243191349,0.09000117304571391,0.09000117304571391,0.0,0.0,0.0,0.28481965925340247,0.0,0.0,0.0,0,0.6829765921100033
0.39935999999999977,0.0,0.0,0.31886258677720614,0.0,0.0,0.44140293293026195,-0.34027627611112576,-0.19099685756043405,0.24704569363690357,0.08280032156830519,-0.03835903754348595,0.46217610056706326,-0.03760216171559521,0.017347690580929956,0.30247356455954094,0.020512615224013337,0.005821460909325185,0.4545382820988187,0.09000117304571391,0.09000117304571391,0.0,0.0,0.0,0.27497100196702196,0.0,0.0,0.0,0,0.6811374132227939
0.40351999999999977,0.0,0.0,0.3207060976335692,0.0,0.0,0.44244260552713977,0.10325390311288875,-0.414232278878331,0.4377919462613692,0.09892839023855568,0.24337414588898804,0.4071993635712303,0.033031987692535694,-0.19793906644604117,0.3709792831035488,0.06002169007804274,0.1245650331268358,0.4315363782724684,0.09000117304571391,0.09000117304571391,0.0,0.0,0.0,0.26527511444253404,0.0,0.0,0.0,0,0.6792939023664308
0.40767999999999976,0.0,0.0,0.3225537707675786,0.0,0.0,0.44344155216224235,0.04996692490093267,0.21823803873080197,0.8142542539638414,-0.03523823925994618,-0.08505816436882857,0.5072689854308797,0.04142701656113487,0.009974124167651434,0.5936741916326596,0.012043792856001758,0.020418701601898397,0.4697745405518779,0.09000117304571391,0.09000117304571391,0.0,0.0,0.0,0.2557299049959634,0.0,0.0,0.0,0,0.6774462292324215
0.41183999999999976,0.0,0.0,0.32440543915553016,0.0,0.0,0.44440041310838563,-0.40601088126956025,-0.2223349223312736,0.3831136351186339,0.1583384307634162,0.08239870791306694,0.3291702883212969,-0.18196577335704012,-0.10601082733233486,0.4890758920706214,0.08520549846700881,0.051495898210945634,0.40006444075807496,0.09000117304571391,0.09000117304571391,0.0,0.0,0.0,0.2463333095029292,0.0,0.0,0.0,0,0.6755945608444698
0.41599999999999976,0.0,0.0,0.32626093840501763,0.0,0.0,0.44531981987699254,-0.449094345045617,0.21468316482067548,0.6527244319928417,0.08239075370110494,0.044253730504830946,0.44069951085182774,-0.31536119059678375,0.054432995100763,0.571818271459948,0.08410245335582867,0.04665595395887827,0.42022447577229516,0.09000117304571391,0.09000117304571391,0.0,0.0,0.0,0.237083291046996,0.0,0.0,0.0,0,0.6737390615949823
0.42015999999999976,0.0,0.0,0.3281201067189,0.0,0.0,0.44620039533177736,-0.11174899982892006,-0.33428450953684635,0.929122860431429,-0.07043749572337683,-0.02849440314902041,0.388228820121841,-0.21369997338288266,-0.13998818475398841,0.7512800434540495,0.006743797592237032,0.009297134271757735,0.4044822747747556,0.09000117304571391,0.09000117304571391,0.0,0.0,0.0,0.2279778395718277,0.0,0.0,0.0,0,0.6718798932811
0.42431999999999975,0.0,0.0,0.3299827848597377,0.0,0.0,0.44704275380104286,0.06488330487192397,0.20398614820983096,-0.013954781823395324,0.040657526275013615,0.037401967300454905,0.5369156257401261,-0.07432097950955024,0.03208028851903901,0.36977436119676443,0.023295120992256196,0.02281650759938978,0.47053842079142105,0.09000117304571391,0.09000117304571391,0.0,0.0,0.0,0.21901497153845417,0.0,0.0,0.0,0,0.6700172151402624
0.42847999999999975,0.0,0.0,0.33184881611469025,0.0,0.0,0.44784750118860844,0.171811641011502,-0.059186730461247214,0.3321808939496952,0.014967447174263824,0.19497804744872413,0.44460438287888526,0.04877923130450158,-0.013148816881276237,0.3519016087425093,0.018628673695204736,0.10912953257532818,0.4578230704675006,0.09000117304571391,0.09000117304571391,0.0,0.0,0.0,0.21019272958617052,0.0,0.0,0.0,0,0.6681511838853098
0.43263999999999975,0.0,0.0,0.333718046260871,0.0,0.0,0.44861523508338147,0.5683886649610538,-0.1820106137796375,0.4141880076034638,0.13561031299920936,-0.0069961268411188205,0.47074560400690824,0.3088687881377918,-0.09759490042210966,0.3840223125083583,0.07752622910654196,0.05081051146676737,0.4652782024813843,0.09000117304571391,0.09000117304571391,0.0,0.0,0.0,0.2015091821973971,0.0,0.0,0.0,0,0.666281953739129
0.43679999999999974,0.0,0.0,0.3355903235311526,0.0,0.0,0.4493465448675862,-0.5916058286790556,-0.2423633484755011,0.11702474309521163,-0.1272553236214189,0.10011668279726792,0.5130990354604574,-0.14163750387521024,-0.16977153692302213,0.2515881280600855,-0.025815437237222766,0.07528697740439808,0.4895521914871448,0.09000117304571391,0.09000117304571391,0.0,0.0,0.0,0.19296242336653413,0.0,0.0,0.0,0,0.6644096764688474
0.44095999999999974,0.0,0.0,0.33746549858041786,0.0,0.0,0.4500420118236642,-0.6074161761690708,-0.09983161334958479,0.5378898283921393,-0.06338714407553629,0.0866601027733098,0.4735636626615368,-0.3746620993368051,-0.13461995172646432,0.3957255619660624,-0.04452357752056369,0.0805479851581692,0.48176007748551897,0.09000117304571391,0.09000117304571391,0.0,0.0,0.0,0.18455057227291416,0.0,0.0,0.0,0,0.6625345014195821
0.44511999999999974,0.0,0.0,0.33934342445225063,0.0,0.0,0.45070220923986076,0.18054922984956626,-0.048228750113159996,0.20845633568559513,0.021127397116967078,-0.00572537669930729,0.43468351522931975,-0.09700751808995817,-0.09143686931450147,0.3029949175787806,-0.012225057278978237,0.038000705422752704,0.45767179349973147,0.09000117304571391,0.09000117304571391,0.0,0.0,0.0,0.17627177295788732,0.0,0.0,0.0,0,0.6606565755477494
0.44927999999999974,0.0,0.0,0.3412239565460611,0.0,0.0,0.4513277025145121,0.5256980505683743,-0.356481439517188,0.3439010733269319,0.002666767452189081,0.16913645200935462,0.4088038531037102,0.21435429291995875,-0.22360915088762476,0.3242983342947347,-0.004358166987919985,0.10353168453427958,0.43335996379569997,0.09000117304571391,0.09000117304571391,0.0,0.0,0.0,0.16812419400561485,0.0,0.0,0.0,0,0.6587760434539389
0.45343999999999973,0.0,0.0,0.34310695258464047,0.0,0.0,0.4519190492590471,-0.461195614985183,-0.8963080096131536,0.24867815404300192,0.017523801870459193,-0.08491475718649612,0.46875720881046246,-0.12338691891072802,-0.560139398236893,0.2874607845763957,0.005609993085437614,0.009075565735313396,0.45198519841971796,0.09000117304571391,0.09000117304571391,0.0,0.0,0.0,0.16010602822748998,0.0,0.0,0.0,0,0.6568930474153596
0.45759999999999973,0.0,0.0,0.34499227258213927,0.0,0.0,0.4524767993997156,-0.18709327866438288,0.15746884025825333,0.6794851307106825,-0.050053564843475465,0.061219654492883524,0.5323244147916575,-0.1553452609597183,-0.2012036917461934,0.48458287792098714,-0.021926629685977004,0.03551418645593406,0.4921699543969262,0.09000117304571391,0.09000117304571391,0.0,0.0,0.0,0.1522154923508343,0.0,0.0,0.0,0,0.6550077274178607
0.4617599999999997,0.0,0.0,0.3468797788124645,0.0,0.0,0.4530014952780599,0.15869054070185978,0.0628030964955414,0.5140388996079124,0.005442099852568135,0.06018819109336714,0.5304779046001799,0.00168471661339763,-0.06907387366496238,0.5004143302297481,-0.007551548642939349,0.04814441563717244,0.5113903592810594,0.09000117304571391,0.09000117304571391,0.0,0.0,0.0,0.14445082671146547,0.0,0.0,0.0,0,0.6531202211875355
0.4659199999999997,0.0,0.0,0.3487693357780901,0.0,0.0,0.45349367175014266,-0.2562799997868052,0.2803821684910189,0.737267932141522,-0.14457578782725852,0.017233387134342457,0.34494112646648456,-0.1276010115775417,0.10569124993146409,0.6195600131226577,-0.07564548795641564,0.033261988844923276,0.428293211008371,0.09000117304571391,0.09000117304571391,0.0,0.0,0.0,0.13681029494875885,0.0,0.0,0.0,0,0.6512306642219099
0.4700799999999997,0.0,0.0,0.3506608101792757,0.0,0.0,0.4539538562845401,-0.6936352069157885,-0.13294847181930047,0.10103482619458082,-0.010689356498512832,-0.10581125913975185,0.32245631284162046,-0.4106437435673724,-0.013850028914560216,0.36096497662747234,-0.04344087000129192,-0.036427415667905826,0.37514804095830445,0.09000117304571391,0.09000117304571391,0.0,0.0,0.0,0.12929218370685236,0.0,0.0,0.0,0,0.6493391898207244
0.4742399999999997,0.0,0.0,0.35255407088368873,0.0,0.0,0.4543825690591241,-0.1268462338263293,0.22691654239676795,-0.2696001870504995,-0.06329782026965838,-0.10607376237680351,0.39813823281648475,-0.268874868261934,0.10631395657769621,0.04650880487108621,-0.05326815131341195,-0.07107563397415434,0.38534026990414627,0.09000117304571391,0.09000117304571391,0.0,0.0,0.0,0.12189480233634598,0.0,0.0,0.0,0,0.6474459291163113
0.4783999999999997,0.0,0.0,0.3544489888964247,0.0,0.0,0.4547803230566334,-0.038658787433389775,0.5757576608922189,1.0534389282716277,0.03248366190395661,0.06152219918262824,0.402956323228619,-0.1536994095667944,0.34116629195889214,0.5508184019214957,-0.009552552327111252,-0.004416839834818189,0.39445877702437904,0.09000117304571391,0.09000117304571391,0.0,0.0,0.0,0.11461648260313839,0.0,0.0,0.0,0,0.6455510111035754
0.4825599999999997,0.0,0.0,0.3563454373304208,0.0,0.0,0.4551476241590618,0.09797552532559842,0.47582736239514756,0.29975987162957857,-0.0039153918456081216,-0.002341879491976967,0.4258514786829171,-0.027868168689383393,0.4084924415193267,0.4261726713089912,-0.006809459038186421,-0.003159795139821161,0.4103778467074998,0.09000117304571391,0.09000117304571391,0.0,0.0,0.0,0.10745557839703812,0.0,0.0,0.0,0,0.6436545626695792
0.4867199999999997,0.0,0.0,0.3582432913772577,0.0,0.0,0.4554849712408606,0.34349990538357755,-0.016629835873713052,0.46493468582385833,0.14049738385937519,0.08508547649774546,0.6007866195431374,0.15811067358890485,0.1961041570186677,0.4468028905980499,0.06684601366961847,0.041508392806147806,0.5058960013201257,0.09000117304571391,0.09000117304571391,0.0,0.0,0.0,0.1004104654480773,0.0,0.0,0.0,0,0.6417567086227423
0.4908799999999997,0.0,0.0,0.36014242827834514,0.0,0.0,0.4557928562609861,-0.20046282533338236,0.5083788983518067,0.23694850718260474,0.0021908042856525894,0.07683363261885356,0.31730531542535545,-0.021174934666791514,0.3524026411897696,0.3425356959741521,0.03495842093788274,0.059593501444977194,0.41090122273081886,0.09000117304571391,0.09000117304571391,0.0,0.0,0.0,0.09347954104241585,0.0,0.0,0.0,0,0.6398575717216548
0.4950399999999997,0.0,0.0,0.3620427272964859,0.0,0.0,0.4560717643537881,-0.6684956120473126,0.06298354683914914,1.013808991777565,0.013413094598368563,0.003623949225738483,0.4725802258080284,-0.3448113913618102,0.20769878248688933,0.6791590043538843,0.02394057910959433,0.03152769403781484,0.4422127395557558,0.09000117304571391,0.09000117304571391,0.0,0.0,0.0,0.08666122374447927,0.0,0.0,0.0,0,0.6379572727035141
0.4991999999999997,0.0,0.0,0.36394406968781406,0.0,0.0,0.4563221739187649,-0.47662912062492474,-0.4028481926449296,0.4297783121085452,0.06911767947416558,-0.05497722634292412,0.43743193904025723,-0.4105769798971447,-0.09769321800948252,0.5553769789098953,0.04631672419347479,-0.011772312260704776,0.4397168528510461,0.09000117304571391,0.09000117304571391,0.0,0.0,0.0,0.07995395312106823,0.0,0.0,0.0,0,0.636055930312186
0.5033599999999997,0.0,0.0,0.3658463386741024,0.0,0.0,0.4565445567091902,-0.40688085629248144,0.17897799742756,1.0149637725072047,-0.13424615121207673,0.04393629509896799,0.41954734588868575,-0.4090083335343487,0.040736088724755266,0.7860460093311226,-0.04385063674067559,0.015897248069957903,0.42974330771565,0.09000117304571391,0.09000117304571391,0.0,0.0,0.0,0.07335618946959199,0.0,0.0,0.0,0,0.6341536613258976
0.5075199999999997,0.0,0.0,0.36774941941543415,0.0,0.0,0.4567393779196291,0.17349309575896799,-0.16314529636054262,0.6029514288104427,0.12575666883930955,-0.14637967967902876,0.22483755260543783,-0.1174920014293997,-0.0615113477173397,0.6949654584735493,0.0409560099202412,-0.06482126888073893,0.32712801723089674,0.09000117304571391,0.09000117304571391,0.0,0.0,0.0,0.0668664135501209,0.0,0.0,0.0,0,0.6322505805845658
0.5116799999999998,0.0,0.0,0.3696531989832356,0.0,0.0,0.4569070962723562,0.21365120705561563,0.2638654673713859,0.6442845847597478,0.12397397125453749,0.050756207787913454,0.4304224709171411,0.048339358301543144,0.10128536601889992,0.6705190728472974,0.08266352110969805,-0.00726011986209626,0.3791823182874795,0.09000117304571391,0.09000117304571391,0.0,0.0,0.0,0.060483126318059854,0.0,0.0,0.0,0,0.6303468010167643
0.5158399999999999,0.0,0.0,0.37155756633366344,0.0,0.0,0.45704816410267857,-0.17447399581504996,0.2465526078702884,0.6450208974613783,0.0564398968520258,0.028882989247924724,0.3224440094178418,-0.0629505575472514,0.17398008134057186,0.6584394869199232,0.06910765050802808,0.010808105588617771,0.35129473004522543,0.09000117304571391,0.09000117304571391,0.0,0.0,0.0,0.054204848664624716,0.0,0.0,0.0,0,0.6284424336663366
0.5199999999999999,0.0,0.0,0.3734624122813434,0.0,0.0,0.45716302744319326,-0.37221372273390047,-0.1146787281522659,0.3898211075395152,0.004489406287059276,0.04077872847293611,0.33677655311850846,-0.21757649990438993,0.029734116014083732,0.5248290903025389,0.03754004372504927,0.025483408429026615,0.34394651014296174,0.09000117304571391,0.09000117304571391,0.0,0.0,0.0,0.048030121155936856,0.0,0.0,0.0,0,0.6265375877186565
0.52416,0.0,0.0,0.3753676294734558,0.0,0.0,0.45725212610697397,0.3256747467231624,0.10508025794496886,0.12375316776624518,-0.12386634376777286,-0.058876666781855005,0.4345251425009505,0.05379399149744167,0.06728587681417288,0.32519357452144904,-0.042530177499831213,-0.016991443780689584,0.38853167968557717,0.09000117304571391,0.09000117304571391,0.0,0.0,0.0,0.04195750377930496,0.0,0.0,0.0,0,0.6246323705265442
0.52832,0.0,0.0,0.37727311236416294,0.0,0.0,0.457315893769714,0.16189372210645422,-0.33180395766790144,0.6108481773605,0.04251542754745918,0.06848507597206079,0.44502002038680327,0.10793345954015232,-0.1321206705175938,0.46894837841040626,-0.00021258589377245226,0.026358948279780973,0.41683237982313376,0.09000117304571391,0.09000117304571391,0.0,0.0,0.0,0.03598557568911387,0.0,0.0,0.0,0,0.6227268876358371
0.5324800000000001,0.0,0.0,0.3791787571893747,0.0,0.0,0.45735475805082404,0.6667122714759607,0.9325878624148567,-0.07213478669349432,-0.006526403618263999,-0.09213908329629075,0.4239341652588804,0.38731389589100357,0.40004879027490203,0.19928527392842424,-0.003703304238885413,-0.03258948836884914,0.4201454917140094,0.09000117304571391,0.09000117304571391,0.0,0.0,0.0,0.03011293495896461,0.0,0.0,0.0,0,0.6208212428106252
0.5366400000000001,0.0,0.0,0.3810844619418477,0.0,0.0,0.45736914059350897,-0.09317607543442337,-0.14365496266117136,0.20273697453521547,0.044148000717717656,0.061423151036097835,0.5758580952109889,0.14715763053679987,0.12832176511655397,0.20220796580731135,0.020096204247834863,0.013979262279602727,0.4984489388402945,0.09000117304571391,0.09000117304571391,0.0,0.0,0.0,0.024338198335158934,0.0,0.0,0.0,0,0.6189155380581524
0.5408000000000002,0.0,0.0,0.38299012634661367,0.0,0.0,0.4573594571438285,0.3131225332046461,0.5588999816203996,0.024547402126582685,0.16245449157871436,0.14382452989535438,0.38634343499273305,0.2304787844230296,0.3439114727713569,0.11418042942793806,0.09143905052332109,0.07964580833366604,0.4422083618452053,0.09000117304571391,0.09000117304571391,0.0,0.0,0.0,0.018660000992824388,0.0,0.0,0.0,0,0.6170098736533863
0.5449600000000002,0.0,0.0,0.38489565183673347,0.0,0.0,0.4573261176287512,-0.3975934470811151,0.49516112581127414,0.10128960776290791,0.03356742412253549,0.03539945360800461,0.4230353931185201,-0.08349332326198824,0.419610367529156,0.10861509384407494,0.06318793682455245,0.05782356356775882,0.4324960917819893,0.09000117304571391,0.09000117304571391,0.0,0.0,0.0,0.013076996297686883,0.0,0.0,0.0,0,0.6151043481632665
0.5491200000000003,0.0,0.0,0.3868009415293719,0.0,0.0,0.45726952623322537,-0.048118623834418874,0.20432741907772164,0.07509989392894484,-0.017797570906109856,-0.06441306172802384,0.3718702532807505,-0.06584287952804371,0.31183494062889755,0.09263100085729528,0.02276531891307616,-0.004023117322986424,0.4020609807070574,0.09000117304571391,0.09000117304571391,0.0,0.0,0.0,0.007587855567299906,0.0,0.0,0.0,0,0.6131990584706282
0.5532800000000003,0.0,0.0,0.38870590020218965,0.0,0.0,0.4571900814762624,0.13298414797011318,0.1756190792794683,-0.23082314927713543,0.07064896006950348,0.06299316229981093,0.46484511677798557,0.033719332354775006,0.24385828137628424,-0.06813362848865,0.046531423981595356,0.028903418067157714,0.4344853437530433,0.09000117304571391,0.09000117304571391,0.0,0.0,0.0,0.002191267837840849,0.0,0.0,0.0,0,0.6112940997978104
0.5574400000000004,0.0,0.0,0.3906104342700482,0.0,0.0,0.4570881762860558,-0.4749600811466824,-0.12895247070191784,-0.2699041753517453,0.04092718473352791,-0.1441548921665585,0.5467586495603671,-0.22053907638600742,0.057150948484206196,-0.16788389884458232,0.043859424521940076,-0.05785020820957498,0.49101251913704,0.09000117304571391,0.09000117304571391,0.0,0.0,0.0,-0.0031140603665111843,0.0,0.0,0.0,0,0.6093895657299517
0.5616000000000004,0.0,0.0,0.3925144517620238,0.0,0.0,0.45696419807414534,-0.16331975520885691,0.8241002818316391,0.6043854437438931,-0.054716274466293215,-0.031046858758704804,0.3629466429636793,-0.1920429520714809,0.44056643163424863,0.21901066866917931,-0.005360373997534173,-0.04446290492772565,0.42719269782389974,0.09000117304571391,0.09000117304571391,0.0,0.0,0.0,-0.008329405262563316,0.0,0.0,0.0,0,0.6074855482379762
0.5657600000000005,0.0,0.0,0.39441786229872644,0.0,0.0,0.4568185288086323,-0.39639193182973276,-0.14840183745025481,0.23007771837606633,0.0764734420715182,0.015468635916867274,0.49988460446014654,-0.29405951502006156,0.14611180660810116,0.22558385347339618,0.035409774314203744,-0.015201309877283867,0.46361233596686213,0.09000117304571391,0.09000117304571391,0.0,0.0,0.0,-0.013456026033315194,0.0,0.0,0.0,0,0.6055821377012736
0.5699200000000005,0.0,0.0,0.39632057706992,0.0,0.0,0.4566515450864607,0.17049453955899538,-0.3197207781329876,-0.0900517001184925,0.021699215129334905,-0.19001713064263762,0.4742883702593273,-0.061735395786124816,-0.0872014487248697,0.06874963919240988,0.02917685550319913,-0.10333217403894766,0.469303005396018,0.09000117304571391,0.09000117304571391,0.0,0.0,0.0,-0.018495165049795537,0.0,0.0,0.0,0,0.6036794229300799
0.5740800000000006,0.0,0.0,0.3982225088124399,0.0,0.0,0.45646361820477854,0.6559734516265647,-0.34385370309192714,0.6575949970807022,0.1195876429930888,-0.004922783738277661,0.42612728443494435,0.29737169459036883,-0.2155390717204129,0.364061917141563,0.07490264618359692,-0.054393118499844566,0.44812843697853727,0.09000117304571391,0.09000117304571391,0.0,0.0,0.0,-0.023448048091018858,0.0,0.0,0.0,0,0.6017774911875601
0.5782400000000006,0.0,0.0,0.400123571788404,0.0,0.0,0.4562551142313844,-0.0498633218752978,0.21453643317268842,0.3013866113172106,-0.02951132037555302,0.0005252735959703799,0.3846010095074121,0.12369090534469333,-0.0004983041794252106,0.3335232484901603,0.02244680488894225,-0.02641481116946514,0.41662655280024763,0.09000117304571391,0.09000117304571391,0.0,0.0,0.0,-0.028315884561405102,0.0,0.0,0.0,0,0.599876428211596
0.5824000000000007,0.0,0.0,0.4020236817637135,0.0,0.0,0.4560263940742714,-0.3317903173854346,-0.15006093795518113,0.7248508073350974,0.08245330392402711,0.0076787837380771495,0.5083147348500946,-0.10387987938997062,-0.0752641968335728,0.530246746269714,0.051718523741993816,-0.009610205205107915,0.4626089335682944,0.09000117304571391,0.09000117304571391,0.0,0.0,0.0,-0.033099867704158514,0.0,0.0,0.0,0,0.5979763182362865
0.5865600000000007,0.0,0.0,0.4039227559868397,0.0,0.0,0.4557778135502832,-0.11337967183449998,0.2552268977211351,0.16324537300722075,0.078380928542321,0.1536461604685816,0.3115191322163085,-0.10846733416750026,0.0903022855225919,0.3473910431378927,0.06529907983894705,0.07246772556991049,0.387265622840108,0.09000117304571391,0.09000117304571391,0.0,0.0,0.0,-0.03780117481261991,0.0,0.0,0.0,0,0.5960772440131603
0.5907200000000008,0.0,0.0,0.4058207131678934,0.0,0.0,0.45550972345288987,0.27153234675145366,0.272808303599421,0.49937746028712954,-0.010681498039673484,-0.020625409041651516,0.35421169089418836,0.08151325303973919,0.18151286588211812,0.42412038641135047,0.027167040686730103,0.026314435633646497,0.37154801648116714,0.09000117304571391,0.09000117304571391,0.0,0.0,0.0,-0.042420967440016,0.0,0.0,0.0,0,0.5941792868321065
0.5948800000000009,0.0,0.0,0.407717473457973,0.0,0.0,0.45522246961909085,0.2676229959336235,0.6474760902222615,0.32502359633079825,-0.016048442938846427,-0.00498160783990022,0.28497779930937295,0.17453607075398977,0.41448780671848934,0.37516415486207105,0.005550398617805386,0.01046180341132907,0.32821488590940734,0.09000117304571391,0.09000117304571391,0.0,0.0,0.0,-0.04696039160416676,0.0,0.0,0.0,0,0.5922825265420271
0.5990400000000009,0.0,0.0,0.4096129584287874,0.0,0.0,0.45491639299546377,-0.11419032392897475,0.08253190690206602,0.3040954327212042,0.03693802839255039,-0.06670570566172622,0.47395839952244545,0.03024734951426895,0.24836889700369238,0.3406176613594913,0.0214025946159087,-0.028169413015994696,0.39985349087126265,0.09000117304571391,0.09000117304571391,0.0,0.0,0.0,-0.051420577992600025,0.0,0.0,0.0,0,0.5903870415712126
0.603200000000001,0.0,0.0,0.4115070910525514,0.0,0.0,0.4545918297033583,-0.2932529339430776,-0.15155394789635487,-0.17682249093547725,0.08878294061297713,0.14353624707860685,0.3659147866937159,-0.13131965649525223,0.048703023656174634,0.08265688160491966,0.05473577319548048,0.05777035614391333,0.38200874914485916,0.09000117304571391,0.09000117304571391,0.0,0.0,0.0,-0.0558026421614255,0.0,0.0,0.0,0,0.5884929089474487
0.607360000000001,0.0,0.0,0.4133997956821483,0.0,0.0,0.45424911110325966,-0.3841419472170759,0.14643788406686772,0.41528568735952487,-0.11970660547917385,0.04480325620124176,0.6097395866326012,-0.25798276503596795,0.09766392106053706,0.2502422988575038,-0.03189349579965108,0.05148293675863422,0.495645036536543,0.09000117304571391,0.09000117304571391,0.0,0.0,0.0,-0.06010768473576933,0.0,0.0,0.0,0,0.5866002043178518
0.6115200000000011,0.0,0.0,0.41529099803155795,0.0,0.0,0.4538885638583146,0.3803563243000439,0.5962679772494429,0.6684233518778915,0.049794777414215945,-0.06777666795254603,0.2926785848414366,0.0612955906673033,0.3468269387489487,0.4599449334225945,0.008573928721648996,-0.007405531543175215,0.3939733748450087,0.09000117304571391,0.09000117304571391,0.0,0.0,0.0,-0.06433679160405847,0.0,0.0,0.0,0,0.584709001968442
0.6156800000000011,0.0,0.0,0.41718062515654564,0.0,0.0,0.4535105099970461,-0.042853815117835106,0.3858146557565468,0.5444857718907549,-0.04662214439244736,-0.11406348646263345,0.5195738902287907,0.009124103124735177,0.3660831101684829,0.5032959629641817,-0.019461425520357196,-0.0603857272957936,0.4570924844714325,0.09000117304571391,0.09000117304571391,0.0,0.0,0.0,-0.06849103411159474,0.0,0.0,0.0,0,0.5828193748434544
0.6198400000000012,0.0,0.0,0.4190686054356092,0.0,0.0,0.45311526697525767,-0.19067399252138809,-0.010363084948483519,0.721638469788429,0.05693316507084926,0.022006060006367338,0.5318290760579134,-0.09065745089131412,0.177902922592413,0.6135756548172686,0.01850375408410226,-0.01908556888897641,0.49410902772724724,0.09000117304571391,0.09000117304571391,0.0,0.0,0.0,-0.07257146925255986,0.0,0.0,0.0,0,0.5809313945643908
0.6240000000000012,0.0,0.0,0.4209548685511806,0.0,0.0,0.4527031477371346,0.07097615422850943,0.3541172309480748,0.8005190106926927,0.12253772738051445,-0.006667825649135224,0.6010103735966721,-0.009584294973296898,0.2659968616369643,0.7082999928152615,0.07034702942755515,-0.01259893925041231,0.5469432326939886,0.09000117304571391,0.09000117304571391,0.0,0.0,0.0,-0.07657913985679654,0.0,0.0,0.0,0,0.5790451314488194
0.6281600000000013,0.0,0.0,0.42283934547107876,0.0,0.0,0.45227446077556316,-0.3802226480392168,0.11870561088450247,0.39555325257154184,-0.04786897612238107,0.14948922034642775,0.3564274564800721,-0.19500531271763574,0.19266038005013045,0.5526662354593274,0.011093491590548678,0.06879961295012943,0.4514847782259748,0.09000117304571391,0.09000117304571391,0.0,0.0,0.0,-0.0805150747769261,0.0,0.0,0.0,0,0.5771606545289212
0.6323200000000013,0.0,0.0,0.4247219684302107,0.0,0.0,0.4518295101916653,0.382490185908231,-0.39131083194912564,0.22814112547572746,0.10418940611579851,-0.09905054031430115,0.565445380394291,0.09396264050168862,-0.09953528402022635,0.39157614827076415,0.05789901086227418,-0.015139005330019084,0.5091171440287732,0.09000117304571391,0.09000117304571391,0.0,0.0,0.0,-0.08438028907129147,0.0,0.0,0.0,0,0.5752780315697893
0.6364800000000014,0.0,0.0,0.42660267091251725,0.0,0.0,0.4513685957535667,-0.18874339581625096,-0.11690941472576044,-0.4032446026528602,-0.04150500491495901,-0.08329676025696336,0.6659479290220887,-0.04747882927585761,-0.1083955559399586,-0.004455575195581757,0.0082726934087651,-0.049295189128345185,0.587973797667107,0.09000117304571391,0.09000117304571391,0.0,0.0,0.0,-0.08817578418614791,0.0,0.0,0.0,0,0.5733973290874828
0.6406400000000014,0.0,0.0,0.42848138763316057,0.0,0.0,0.4508920129544005,-0.13341157052514066,0.11288083493690743,0.9900835926207291,0.031080717551906396,-0.08313779726931982,0.487986077376779,-0.0903820910867446,0.0020701436375029727,0.4938350937732004,0.020125723791417437,-0.06567576976092657,0.5384051690279389,0.09000117304571391,0.09000117304571391,0.0,0.0,0.0,-0.09190254813344856,0.0,0.0,0.0,0,0.5715186123668394
0.6448000000000015,0.0,0.0,0.43035805452095044,0.0,0.0,0.4504000530695648,0.0003509271179366628,-0.2973351429244192,0.4386151044756712,0.07152934573631368,0.07714416125256085,0.580894405976688,-0.044866102587070036,-0.14747492750420352,0.4674325689038055,0.045792732610128326,0.006105103904354604,0.5598332846304586,0.09000117304571391,0.09000117304571391,0.0,0.0,0.0,-0.09556155566849411,0.0,0.0,0.0,0,0.5696419454790496
0.6489600000000015,0.0,0.0,0.4322326087010056,0.0,0.0,0.4498930032132339,-0.15446358886195716,0.24430885939435232,0.9433945569148334,0.10436059994909122,-0.014752108258608183,0.3738936037843439,-0.09944716845529933,0.04838905049893886,0.706196594832308,0.07441072539184442,-0.004335153940213416,0.46590714096038865,0.09000117304571391,0.09000117304571391,0.0,0.0,0.0,-0.09915376846369961,0.0,0.0,0.0,0,0.5677673912989945
0.6531200000000016,0.0,0.0,0.43410498847764784,0.0,0.0,0.44937114639413955,0.4728150374096221,0.3995972881434749,0.8755431592063552,-0.07955565236089818,0.09687515814226932,0.2934233351902754,0.18652381869555476,0.22419693734610863,0.7914810368725496,-0.0032133104516852405,0.046353470518629813,0.3798383863142309,0.09000117304571391,0.09000117304571391,0.0,0.0,0.0,-0.10268013528124165,0.0,0.0,0.0,0,0.5658950115223522
0.6572800000000016,0.0,0.0,0.43597513331752547,0.0,0.0,0.4488347615706264,-0.45757623245279877,0.002435264492984589,0.8301978304357163,-0.04187555081445135,-0.15965560554853145,0.4414005117158585,-0.13561836531295898,0.11298308487528083,0.8117583917579754,-0.02227681016000328,-0.0569334759043664,0.41033327330237673,0.09000117304571391,0.09000117304571391,0.0,0.0,0.0,-0.10614159214265872,0.0,0.0,0.0,0,0.5640248666824745
0.6614400000000017,0.0,0.0,0.43784298383296294,0.0,0.0,0.4482841237049937,0.1547722902942769,0.0824527886212178,0.5149459989879334,0.0070500285474701455,0.05660295529838377,0.5167152251578431,0.009593848079245772,0.0978342547277173,0.6644264857094445,-0.00770649664553149,0.0004049047461891357,0.46274105746422056,0.09000117304571391,0.09000117304571391,0.0,0.0,0.0,-0.10953906249646073,0.0,0.0,0.0,0,0.5621570161670371
0.6656000000000017,0.0,0.0,0.43970848176553434,0.0,0.0,0.44771950381713194,0.44600267830007656,-0.3149196546260467,0.8545377074760063,-0.06794036451837002,-0.017963119485246915,0.27425903881696667,0.22765958438958928,-0.10858285141408265,0.7600553400427874,-0.03761830511409429,-0.008825794812760586,0.3678089650573885,0.09000117304571391,0.09000117304571391,0.0,0.0,0.0,-0.1128734573844905,0.0,0.0,0.0,0,0.5602915182344657
0.6697600000000018,0.0,0.0,0.4415715699698571,0.0,0.0,0.44714116903745865,0.4340095192849001,0.3116196253162474,0.34356209347549554,-0.1485182161556547,-0.10701140453963737,0.5913558583986104,0.3305279643885098,0.10129976559183233,0.5530375254558759,-0.09348535254268103,-0.05840223534453757,0.4787410032994238,0.09000117304571391,0.09000117304571391,0.0,0.0,0.0,-0.11614567560445832,0.0,0.0,0.0,0,0.558428430030143
0.6739200000000019,0.0,0.0,0.4434321923976036,0.0,0.0,0.44654938265916966,-0.2079664439444366,0.03818341352013293,1.1282755581065302,6.236166513302102e-06,0.008589462082343449,0.294617463104597,0.06127776139095764,0.06975942252445287,0.8412741978879122,-0.04710920062014836,-0.025107236553315645,0.3862894490429883,0.09000117304571391,0.09000117304571391,0.0,0.0,0.0,-0.1193566038722822,0.0,0.0,0.0,0,0.5565678076023963
0.6780800000000019,0.0,0.0,0.4452902940817278,0.0,0.0,0.44594440418980613,-0.000775826635884131,0.12579359224679493,0.6847615773336669,-0.03636667190836015,-0.023341986759585025,0.3080810342426016,0.03017687479028376,0.09772817529882792,0.7636575092000393,-0.04269224503499619,-0.024141283854525603,0.3472300590842047,0.09000117304571391,0.09000117304571391,0.0,0.0,0.0,-0.12250711697994054,0.0,0.0,0.0,0,0.5547097059182722
0.682240000000002,0.0,0.0,0.44714582112090345,0.0,0.0,0.44532648940215547,0.0187620923157578,-0.0059122782158333425,0.5529506095282328,-0.029604179609351307,0.11580084061507422,0.4204578552017336,0.024407121459134245,0.0461487782486555,0.6591767661972354,-0.03580939234851455,0.045487818328049004,0.38401181870399365,0.09000117304571391,0.09000117304571391,0.0,0.0,0.0,-0.12559807795460953,0.0,0.0,0.0,0,0.5528541788790966
0.686400000000002,0.0,0.0,0.4489987206641721,0.0,0.0,0.44469589038448143,-0.7344359263971336,0.010701182720169422,0.5252633166375069,-0.06396945709398037,0.2106302981243521,0.41501742913356005,-0.35515158916449724,0.02886281892420288,0.5930848670247306,-0.050454004572646455,0.12805734043345068,0.39829203712807765,0.09000117304571391,0.09000117304571391,0.0,0.0,0.0,-0.12863033821244607,0.0,0.0,0.0,0,0.5510012793358279
0.6905600000000021,0.0,0.0,0.4508489408957976,0.0,0.0,0.44405285559010466,0.1618844906612809,-0.5779858378837861,0.36782239652633064,-0.1277304593328523,0.0207806382665776,0.4046151459452838,-0.09689629979523184,-0.2745204626135942,0.4812932446941862,-0.08875413427864097,0.07343044414085706,0.40164481782182926,0.09000117304571391,0.09000117304571391,0.0,0.0,0.0,-0.13160473771192205,0.0,0.0,0.0,0,0.5491510591042024
0.6947200000000021,0.0,0.0,0.452696431020324,0.0,0.0,0.4433976298863358,-0.24534739037993317,0.24521571343960386,0.22482555043235616,0.12738190936706548,0.13615454754717465,0.6021807595607244,-0.17085819904987326,-0.014365835385919146,0.35430938809497997,0.019427883334034453,0.10493039704742203,0.5022525495133235,0.09000117304571391,0.09000117304571391,0.0,0.0,0.0,-0.13452210510553075,0.0,0.0,0.0,0,0.547303568979676
0.6988800000000022,0.0,0.0,0.4545411412478355,0.0,0.0,0.4427304546027678,0.08290048506031807,0.3117204185568031,0.5478220370687221,-0.09243257454212994,0.021177180144260264,0.3974963289544402,-0.044169286423688565,0.14872396084369843,0.45189362217108636,-0.03652017313656977,0.06289587679262047,0.4499894782900573,0.09000117304571391,0.09000117304571391,0.0,0.0,0.0,-0.13738325788921513,0.0,0.0,0.0,0,0.5454588587521645
0.7030400000000022,0.0,0.0,0.4563830227794144,0.0,0.0,0.44205156757893627,-0.041874185297312065,0.3464354022313845,0.18959682944974227,-0.046555488141086794,0.06681758089515248,0.47148295494142756,-0.043118343236516074,0.24771863880905123,0.3217261305321819,-0.04163846447081954,0.06553197514240798,0.4597398353934876,0.09000117304571391,0.09000117304571391,0.0,0.0,0.0,-0.14018900254865296,0.0,0.0,0.0,0,0.5436169772205857
0.7072000000000023,0.0,0.0,0.4582220277927951,0.0,0.0,0.44136120321136196,-0.41175247326816417,0.32546108571567806,-0.20052785694174968,-0.02734454598987089,-0.03482766124035782,0.3306351430692653,-0.22749435156264602,0.2865178544645801,0.06128338414525643,-0.03473863833931976,0.015412085617482633,0.3951042270357443,0.09000117304571391,0.09000117304571391,0.0,0.0,0.0,-0.1429401347060255,0.0,0.0,0.0,0,0.5417779722072049
0.7113600000000023,0.0,0.0,0.4600581094282116,0.0,0.0,0.4406595924999715,0.09953290802660658,0.38726419281907243,1.024090582544576,0.014698244427120295,-0.057776967436311215,0.46061176255787356,-0.06394805817798703,0.3367727657054404,0.5436509934491937,-0.009928780058061587,-0.02176029351503233,0.428231829591436,0.09000117304571391,0.09000117304571391,0.0,0.0,0.0,-0.1456374392621329,0.0,0.0,0.0,0,0.5399418905717883
0.7155200000000024,0.0,0.0,0.46189122177443626,0.0,0.0,0.43994696309391723,-0.11591619136200558,0.27505920846613446,0.9661978706903809,0.02837037982435175,0.0008235039477623193,0.3295044488452915,-0.08987334726688445,0.30591704277774184,0.7556138798761814,0.009155077989855083,-0.0103614916125894,0.37833044762131657,0.09000117304571391,0.09000117304571391,0.0,0.0,0.0,-0.1482816905391926,0.0,0.0,0.0,0,0.5381087782255638
0.7196800000000024,0.0,0.0,0.4637213198550062,0.0,0.0,0.4392235393367923,-0.4575374073955418,0.6633151463019448,0.3413330792207503,-0.12394341175580398,-0.24132643203028162,0.5669648306526336,-0.27396517238007484,0.4841176267670042,0.5496492187368923,-0.057662787199940405,-0.12630198617273516,0.47293956869755116,0.09000117304571391,0.09000117304571391,0.0,0.0,0.0,-0.15087365242078543,0.0,0.0,0.0,0,0.5362786801449938
0.7238400000000025,0.0,0.0,0.4655483596146364,0.0,0.0,0.43848954231125326,0.07050679885670896,0.254576167581094,0.527607182890705,0.0649075075028432,0.011561771892693874,0.42978767068358686,-0.10159127076112806,0.36936878190207845,0.539524621413595,0.003374176696209552,-0.05711100274735358,0.45010226186859276,0.09000117304571391,0.09000117304571391,0.0,0.0,0.0,-0.15341407848830046,0.0,0.0,0.0,0,0.5344516403853636
0.7280000000000025,0.0,0.0,0.46737229790581586,0.0,0.0,0.4377451898830638,0.37887002414032284,-0.23955495310558395,0.32247297275271203,-0.0718269072547754,-0.172839291409996,0.5152081481180899,0.1384938554934205,0.06454340356620758,0.432070473877263,-0.03446902033651646,-0.11508833479544935,0.4818924410309627,0.09000117304571391,0.09000117304571391,0.0,0.0,0.0,-0.15590371215932275,0.0,0.0,0.0,0,0.5326277020941841
0.7321600000000026,0.0,0.0,0.4691930924755848,0.0,0.0,0.4369906967445531,0.12810009997992985,-0.06859690645771427,0.6167960295201718,0.13954148335384364,-0.01740394866621999,0.40773671883794166,0.13358916980608432,-0.002063647296776579,0.5252836278611177,0.051552566029683035,-0.06636563131482472,0.44433702514465473,0.09000117304571391,0.09000117304571391,0.0,0.0,0.0,-0.1583432868199406,0.0,0.0,0.0,0,0.5308069075244152
0.7363200000000026,0.0,0.0,0.4710107019524911,0.0,0.0,0.43622627445751166,-0.08937328975717608,0.17313973511590117,0.20942285704771768,-0.09437634086878109,-0.06913431657984669,0.34867610018412565,0.02190993357135364,0.08539471833998909,0.368077660206786,-0.021332234278408555,-0.06738715547888514,0.39584343270440164,0.09000117304571391,0.09000117304571391,0.0,0.0,0.0,-0.16073352595972912,0.0,0.0,0.0,0,0.5289892980475088
0.7404800000000027,0.0,0.0,0.47282508583372246,0.0,0.0,0.435452131495516,-0.3707670234855503,0.13672610305233665,0.3856551385045943,0.016664722486587645,-0.045894480871738176,0.4221697529201115,-0.17439826194418187,0.11096437712074236,0.37774604221409624,-0.001551761983113212,-0.056193292356827775,0.4083225693245716,0.09000117304571391,0.09000117304571391,0.0,0.0,0.0,-0.16307514330042672,0.0,0.0,0.0,0,0.5271749141662776
0.7446400000000027,0.0,0.0,0.4746362044724129,0.0,0.0,0.4346684732857062,0.6447885384797976,0.05269310492841734,0.33790633800708403,-0.049021752629016896,-0.06800878029801503,0.40602858707713857,0.23509889743473972,0.08168686222115089,0.35867246255096125,-0.025279265672025417,-0.06209317939159528,0.4062027136262039,0.09000117304571391,0.09000117304571391,0.0,0.0,0.0,-0.16536884292727172,0.0,0.0,0.0,0,0.5253637955275872
0.7488000000000028,0.0,0.0,0.47644401906512124,0.0,0.0,0.4338755022500066,-0.32493371302270513,0.11261933154464486,0.6166457252669235,-0.01084727369845872,-0.0343583392970894,0.41499694377549856,-0.044944693041625704,0.09708317279828117,0.48852431919859995,-0.017677400984830054,-0.04886407227856716,0.41048455610961626,0.09000117304571391,0.09000117304571391,0.0,0.0,0.0,-0.1676153194149801,0.0,0.0,0.0,0,0.5235559809348788
0.7529600000000028,0.0,0.0,0.4782484916394788,0.0,0.0,0.4330734178458113,0.1936654965431927,-0.27319424281257854,0.7326758669580292,0.0804574313400504,-0.03849974368104941,0.3184918985587316,0.07452927044612563,-0.08813702898939237,0.6112659906546883,0.0314559050007996,-0.04424773558484877,0.3636597400594036,0.09000117304571391,0.09000117304571391,0.0,0.0,0.0,-0.16981525795455488,0.0,0.0,0.0,0,0.5217515083605212
0.7571200000000029,0.0,0.0,0.48004958504200435,0.0,0.0,0.43226241660613096,-0.2837332899965396,0.03579177773664173,0.18393971066321524,-0.1353119546163783,0.02727706927771563,0.44517274688197217,-0.10488688750101087,-0.02611464926866779,0.3985274429021875,-0.05147216422238047,-0.008669578600780844,0.4036243300176774,0.09000117304571391,0.09000117304571391,0.0,0.0,0.0,-0.17196933447749818,0.0,0.0,0.0,0,0.5199504149579957
0.761280000000003,0.0,0.0,0.4818472629260844,0.0,0.0,0.4314426921792117,-0.4575455657168116,-0.16370239306701873,0.008001445579125188,-0.0026361417117763478,0.033358528730264396,0.606674111552471,-0.2812249212653791,-0.09483968971406008,0.20452566790937615,-0.026699614652844487,0.012144905105469993,0.5041303746306477,0.09000117304571391,0.09000117304571391,0.0,0.0,0.0,-0.1740782157782812,0.0,0.0,0.0,0,0.5181527370739156
0.765440000000003,0.0,0.0,0.48364148974011617,0.0,0.0,0.4306144353676339,-0.021623664617863816,0.04766286521412344,0.38079399335640957,-0.07235164939056789,-0.06165477353091027,0.4550048924296516,-0.1515735277002062,-0.023715484004170357,0.29360741223294917,-0.04925248476085806,-0.024832540882896804,0.4795942258117041,0.09000117304571391,0.09000117304571391,0.0,0.0,0.0,-0.176142559635591,0.0,0.0,0.0,0,0.5163585102598838
0.7696000000000031,0.0,0.0,0.48543223071581154,0.0,0.0,0.42977783416689475,0.4169867687277287,-0.3212962325285626,1.0686655077999432,0.05897334358732834,-0.12933579657370212,0.3572407096139015,0.13283349207045517,-0.17277762251499879,0.6818843045240601,0.004742802772672381,-0.07675664776549182,0.41872785343454993,0.09000117304571391,0.09000117304571391,0.0,0.0,0.0,-0.17816301493139153,0.0,0.0,0.0,0,0.5145677692841885
0.7737600000000031,0.0,0.0,0.4872194518566594,0.0,0.0,0.42893307380348505,0.36765912399931716,-0.19578868055055718,1.1335055766201738,-0.06493382457894535,-0.005693186955627385,0.455557614423194,0.2501117561253661,-0.18429554458371786,0.9086463857511412,-0.029545477823612047,-0.04104176106715476,0.43678533233219957,0.09000117304571391,0.09000117304571391,0.0,0.0,0.0,-0.18014022176982358,0.0,0.0,0.0,0,0.5127805481433406
0.7779200000000032,0.0,0.0,0.4890031199265446,0.0,0.0,0.42808033677245977,0.026653104021762276,0.037735158303892895,0.604419956643883,-0.19147379705112313,-0.11975237439089004,0.5801361273759311,0.13798160159309675,-0.07352763616008906,0.7577398512507958,-0.1100160783783882,-0.08043279438656165,0.5074213066098704,0.09000117304571391,0.09000117304571391,0.0,0.0,0.0,-0.18207481159229655,0.0,0.0,0.0,0,0.5109968800734555
0.7820800000000032,0.0,0.0,0.49078320243852175,0.0,0.0,0.42721980287451866,0.5368464334079365,-0.0023543003867397597,0.7448078990309535,-0.07661452506293301,0.02580997968345728,0.4668014424211029,0.3372562185716346,-0.037887651049380015,0.7522455151616678,-0.0927240865261378,-0.026902369528573455,0.48673069819488246,0.09000117304571391,0.09000117304571391,0.0,0.0,0.0,-0.18396740729358774,0.0,0.0,0.0,0,0.5092167975614783
0.7862400000000033,0.0,0.0,0.4925596676437409,0.0,0.0,0.42635164925259306,0.2415055668632347,-0.38098460385136074,0.642290787072631,-0.04563182997666343,-0.053045837747634994,0.5240218348797666,0.2892871812834212,-0.20954822666149353,0.6983589892797163,-0.07008083882320879,-0.04027795651707143,0.5045769369539328,0.09000117304571391,0.09000117304571391,0.0,0.0,0.0,-0.18581862333433374,0.0,0.0,0.0,0,0.5074403323562591
0.7904000000000033,0.0,0.0,0.49433248452052403,0.0,0.0,0.4254760504279533,0.35155761730471136,-0.006757723918006502,0.4453015713878029,-0.05892542291919565,0.08589790093350588,0.3760454952900185,0.32029983139018836,-0.10797366453394341,0.5726120026192457,-0.06429204732808917,0.02317377856013444,0.43968023113300286,0.09000117304571391,0.09000117304571391,0.0,0.0,0.0,-0.1876290658530153,0.0,0.0,0.0,0,0.505667515479476
0.7945600000000034,0.0,0.0,0.49610162276359004,0.0,0.0,0.42459317833583915,-0.20072460979124773,-0.09209567687003538,-0.05368830001745084,-0.014492534987672393,0.012382391565723013,0.4594365541051502,0.05975448167931257,-0.1000082339787275,0.2604146565630187,-0.03971321148611682,0.017504408175420812,0.44880070786880755,0.09000117304571391,0.09000117304571391,0.0,0.0,0.0,-0.18939933277732357,0.0,0.0,0.0,0,0.50389837723641
0.7987200000000034,0.0,0.0,0.49786705277342597,0.0,0.0,0.4237032023606161,0.07025386448821931,-0.2572738683265669,0.42413602018452046,-0.1474723870157004,-0.28789803147088144,0.41078061542577876,0.06469735792121362,-0.17924099685547235,0.34313075883137584,-0.09351360510295975,-0.13516490461272754,0.4298589225921884,0.09000117304571391,0.09000117304571391,0.0,0.0,0.0,-0.19113001393168805,0.0,0.0,0.0,0,0.5021329472265741
0.8028800000000035,0.0,0.0,0.49962874564580295,0.0,0.0,0.4228062893704727,0.4782420332478161,0.3149469915112993,0.6912890801028848,-0.11843887252586596,0.12018105590722646,0.35585045538652255,0.27122611799991336,0.068105085465389,0.5179525094272205,-0.10591600538939092,-0.006862482944101791,0.3928617624473422,0.09000117304571391,0.09000117304571391,0.0,0.0,0.0,-0.19282169114610226,0.0,0.0,0.0,0,0.500371254354197
0.8070400000000035,0.0,0.0,0.5013866731614348,0.0,0.0,0.4219026037516547,-0.38699228894655796,-0.06847163810167334,0.3758767724740528,0.008418032549654389,0.058059623301539236,0.38762351876370316,-0.05786905168945805,-6.282425490403608e-05,0.4477214363842477,-0.04929983924559407,0.025284068543547786,0.3895005765925524,0.09000117304571391,0.09000117304571391,0.0,0.0,0.0,-0.19447493836109597,0.0,0.0,0.0,0,0.4986133268385652
0.8112000000000036,0.0,0.0,0.5031408077757775,0.0,0.0,0.42099230744225097,0.18470772291461976,0.3055310610174819,0.5651841422833443,0.012502573698134895,0.039086326204456116,0.429972767936889,0.0634471008032701,0.15281775336119513,0.5073486216598634,-0.01843277148379765,0.0320890265177195,0.40940733344973074,0.09000117304571391,0.09000117304571391,0.0,0.0,0.0,-0.19609032173378083,0.0,0.0,0.0,0,0.4968591922242225
0.8153600000000036,0.0,0.0,0.5048911226089672,0.0,0.0,0.4200755599655275,-0.21770450555533266,0.011309627495481997,0.36523731809179466,-0.07972771805997587,-0.0662102255306855,0.5555867526260441,-0.07729552067891533,0.08192614516606986,0.43744845423251083,-0.04954772802851974,-0.017612215723631218,0.48206719367161394,0.09000117304571391,0.09000117304571391,0.0,0.0,0.0,-0.19766839974003525,0.0,0.0,0.0,0,0.4951088773910328
0.8195200000000037,0.0,0.0,0.5066375914358956,0.0,0.0,0.4191525184628253,0.06936240768861354,0.1650396041412727,0.7565357069162015,0.05894574759751873,-0.05073014645744324,0.530554791017203,-0.0038416161821616833,0.12337740629722989,0.5980997570935831,0.004062825487348398,-0.03391291307509133,0.5053918030902463,0.09000117304571391,0.09000117304571391,0.0,0.0,0.0,-0.19920972327731734,0.0,0.0,0.0,0,0.4933624085641044
0.8236800000000037,0.0,0.0,0.5083801886764207,0.0,0.0,0.41822333772601966,0.04133405848851666,-0.39323154405923744,0.7743482192700892,0.11897163340122013,0.08695827818271643,0.4200389699972293,0.018994592111293326,-0.13475003714846376,0.687099324655915,0.06122266844016944,0.026622651073628198,0.46251199779019025,0.09000117304571391,0.09000117304571391,0.0,0.0,0.0,-0.20071483576489357,0.0,0.0,0.0,0,0.49161981132357935
0.8278400000000038,0.0,0.0,0.5101188893857105,0.0,0.0,0.41728817022955145,-0.22628898577769252,0.6159617449873397,1.1566966371468772,0.016840878158498503,0.0755708431041808,0.3730532459647864,-0.10361396675110862,0.24076962751193715,0.9226781970051318,0.039074083230497145,0.050451531765163225,0.4173122159260549,0.09000117304571391,0.09000117304571391,0.0,0.0,0.0,-0.20218427324350752,0.0,0.0,0.0,0,0.4898811106142895
0.8320000000000038,0.0,0.0,0.511853669244719,0.0,0.0,0.4163471661620329,-0.0314568075637275,0.3438281807160136,0.559931661579481,-0.028422394459851064,0.07812607316059154,0.32810564855366764,-0.06759516253638119,0.29246198473527624,0.7419862546016986,0.005889158539153007,0.0643545831980657,0.3720350127341292,0.09000117304571391,0.09000117304571391,0.0,0.0,0.0,-0.20361856447309457,0.0,0.0,0.0,0,0.488146330755281
0.8361600000000039,0.0,0.0,0.5135845045507916,0.0,0.0,0.41540047345743625,-0.1943886334579155,0.0497452756278613,0.7609932149781709,-0.14678696559042043,-0.09596521398546028,0.6384776007843329,-0.13129870369382743,0.17090112914587421,0.7528192402897596,-0.07014782043317434,-0.015219120233317385,0.5045864358988025,0.09000117304571391,0.09000117304571391,0.0,0.0,0.0,-0.20501823102992645,0.0,0.0,0.0,0,0.48641549544920837
0.840320000000004,0.0,0.0,0.5153113722083994,0.0,0.0,0.41444823782586754,0.4627530548142419,0.08241388475890356,0.3110703388035434,0.09722534385627193,0.12241394253260902,0.24817703697325158,0.16593446699375364,0.12691248075532535,0.5324584833195976,0.01309112425913704,0.05311952092234933,0.3761173869271534,0.09000117304571391,0.09000117304571391,0.0,0.0,0.0,-0.20638378740189744,0.0,0.0,0.0,0,0.4846886277916006
0.844480000000004,0.0,0.0,0.5170342497199991,0.0,0.0,0.41349060278393296,-0.27465376231262545,-0.4026850065127536,0.8336796190395657,0.05850989826723363,-0.07620067215893071,0.503021287750288,-0.054240870853957034,-0.1380478163878104,0.6841183038110805,0.035720223532871104,-0.01184365319797956,0.43914038535045263,0.09000117304571391,0.09000117304571391,0.0,0.0,0.0,-0.20771574108280388,0.0,0.0,0.0,0,0.4829657502800009
0.8486400000000041,0.0,0.0,0.5187531151770187,0.0,0.0,0.4125277096847028,-0.04330215368684047,-0.004151401036388033,-0.051600162892332824,0.14716352577851993,0.04017520452016353,0.6550573401382623,-0.04846462663288831,-0.071015515406152,0.317617821365616,0.09109178877438166,0.014358094097742285,0.546412408759083,0.09000117304571391,0.09000117304571391,0.0,0.0,0.0,-0.20901459266528954,0.0,0.0,0.0,0,0.4812468848229813
0.8528000000000041,0.0,0.0,0.5204679472509657,0.0,0.0,0.4115596977472778,0.18934203773911953,0.394603285590921,0.904260316642608,-0.041798694275887116,0.07157333075126446,0.526893823986235,0.07035299723571922,0.1619469149936144,0.6120404311919183,0.02486291650892127,0.042528674499975654,0.5360132413213684,0.09000117304571391,0.09000117304571391,0.0,0.0,0.0,-0.21028083593266556,0.0,0.0,0.0,0,0.4795320527490343
0.8569600000000042,0.0,0.0,0.5221787251846572,0.0,0.0,0.41058670408596304,-0.265803827068776,-0.05276446798706674,0.7153878411084582,-0.02671694456263283,0.01876575436536773,0.351678170555031,-0.09778336906390366,0.05462718772386729,0.6644463941384083,-0.0009086018212099458,0.03140151606274084,0.4438313159144873,0.09000117304571391,0.09000117304571391,0.0,0.0,0.0,-0.21151495794970754,0.0,0.0,0.0,0,0.47782127481534276
0.8611200000000042,0.0,0.0,0.5238854287835699,0.0,0.0,0.4096088637390538,0.22447853443832175,-0.012754726079338061,0.41078555369424674,-0.023946640292767433,-0.02517622010733131,0.47055296926191936,0.06329937510195328,0.020884536832175914,0.5385935245600371,-0.012111537863485936,0.002566517834833163,0.4569071455739827,0.09000117304571391,0.09000117304571391,0.0,0.0,0.0,-0.21271743915135732,0.0,0.0,0.0,0,0.4761145712164301
0.8652800000000043,0.0,0.0,0.5255880384073084,0.0,0.0,0.408626309697242,0.18033099362089314,-0.5205466544162827,0.5864844976533684,-0.06906758678184721,-0.09570999675019085,0.39726949605904005,0.12167193795928442,-0.2500332694868801,0.5633667195935295,-0.040390332551503795,-0.04687894215656288,0.42658034184592064,0.09000117304571391,0.09000117304571391,0.0,0.0,0.0,-0.21388875343199398,0.0,0.0,0.0,0,0.4744119615926916
0.8694400000000043,0.0,0.0,0.5272865349611903,0.0,0.0,0.40763917293164065,-0.03830189715898273,-0.019345645275173604,0.2445148362417599,-0.07207703949667087,-0.08543445053475655,0.25642354111338916,0.041532844121362544,-0.13486518449837162,0.4044732328509816,-0.055684119087090804,-0.06632724377657194,0.340872068808764,0.09000117304571391,0.09000117304571391,0.0,0.0,0.0,-0.21502936823153118,0.0,0.0,0.0,0,0.47271346503880973
0.8736000000000044,0.0,0.0,0.5289808998879463,0.0,0.0,0.4066475824214402,0.5691096830317053,-0.09682493287728804,0.40843306684696534,-0.026865938152724995,-0.010779706916430293,0.4528480259658114,0.3052680419155177,-0.11586786461864862,0.4073960383153925,-0.040780165941495874,-0.03824417758349754,0.3963960643849805,0.09000117304571391,0.09000117304571391,0.0,0.0,0.0,-0.21613974462154006,0.0,0.0,0.0,0,0.4710191001120537
0.8777600000000044,0.0,0.0,0.5306711151595346,0.0,0.0,0.4056516651811963,0.3765863118667417,-0.00022939584628568974,1.2189071393380329,0.27461975139843675,-0.007366392920956581,0.42523627841099965,0.34149797552444083,-0.058064390370803125,0.8140434912027024,0.11733308711670774,-0.02220744806023984,0.40997538107320586,0.09000117304571391,0.09000117304571391,0.0,0.0,0.0,-0.2172203373904329,0.0,0.0,0.0,0,0.4693288848404654
0.8819200000000045,0.0,0.0,0.5323571632690669,0.0,0.0,0.40465154628775274,-0.46091628039638843,-0.057250047849405516,0.5605074428112853,-0.12060538888981194,0.021422387918741122,0.39530709648852386,-0.05996540168595494,-0.05761229829292614,0.6880981824536321,-0.001727349273429442,-0.0005670653630748479,0.4015543748283853,0.09000117304571391,0.09000117304571391,0.0,0.0,0.0,-0.21827159512674243,0.0,0.0,0.0,0,0.4676428367309331
0.8860800000000045,0.0,0.0,0.5340390272228452,0.0,0.0,0.4036473489068086,0.19988953770146212,-0.025708640663432574,0.2670456089827073,0.00011346172311407649,-0.10507325315142256,0.22334014880498956,0.0699641106279443,-0.041880553101409534,0.4780351120329324,-0.0008014317950509626,-0.05196837076818492,0.311678931980945,0.09000117304571391,0.09000117304571391,0.0,0.0,0.0,-0.2192939603015549,0.0,0.0,0.0,0,0.46596097277715476
0.8902400000000046,0.0,0.0,0.5357166905325083,0.0,0.0,0.40263919431913175,0.12104467644714191,0.4860454387047107,0.7462450609638634,0.09628667994207062,0.05034113978048375,0.5695937699934421,0.09570421934772248,0.22218900143429265,0.6133269570300073,0.04812354169368632,6.632292738507122e-05,0.4404971009961533,0.09000117304571391,0.09000117304571391,0.0,0.0,0.0,-0.22028786935042222,0.0,0.0,0.0,0,0.46428330946749174
0.8944000000000046,0.0,0.0,0.537390137207285,0.0,0.0,0.40162720194642204,-0.28419701792790025,0.23465916689995836,0.697058195772359,0.011543065622673333,0.04347943782604326,0.2774804671253658,-0.09422560334263362,0.228513803173907,0.6557726305349715,0.03010248009337029,0.022156800532757738,0.3578851481517277,0.09000117304571391,0.09000117304571391,0.0,0.0,0.0,-0.22125375275335268,0.0,0.0,0.0,0,0.462609862792715
0.8985600000000047,0.0,0.0,0.5390593517463551,0.0,0.0,0.4006114893768319,-0.014193220245920098,0.34859152407569344,0.22648166427713645,-0.1094523625058042,0.01908640294760669,0.2873366342251413,-0.05443572459582685,0.2885922789467779,0.44172294019034675,-0.04004342077165358,0.021066131852689525,0.32206489141899763,0.09000117304571391,0.09000117304571391,0.0,0.0,0.0,-0.22219203511415797,0.0,0.0,0.0,0,0.4609406482536449
0.9027200000000047,0.0,0.0,0.540724319131314,0.0,0.0,0.3995921723901469,-0.09960144731923706,0.20352352623521844,1.1854657007744462,0.02781981241710718,0.0544521373893753,0.4303782520127202,-0.07696052380548153,0.24617063418913834,0.8144968242388823,-0.006363200396491752,0.03772429893763567,0.37519276935645124,0.09000117304571391,0.09000117304571391,0.0,0.0,0.0,-0.22310313523905312,0.0,0.0,0.0,0,0.459275680868686
0.9068800000000048,0.0,0.0,0.5423850248187416,0.0,0.0,0.39856936498263,0.07115987737093213,-0.030824595324336297,0.04055196947278217,0.20886683084910318,-0.015986605826198343,0.2760497820284008,-0.002463642839493948,0.10763802501469341,0.4280957321208906,0.10065768171571511,0.01077826665453558,0.32438926014829206,0.09000117304571391,0.09000117304571391,0.0,0.0,0.0,-0.22398746621353216,0.0,0.0,0.0,0,0.4576149751812584
0.9110400000000048,0.0,0.0,0.544041454732873,0.0,0.0,0.397543179391536,-0.2906731417089666,-0.07230769215571363,0.31858719758578885,0.07018699148822119,0.1149126074943988,0.38734011203587304,-0.1464229639353804,0.017902843598681436,0.3741460953567685,0.08472313801688776,0.06287653923378751,0.3559853725773074,0.09000117304571391,0.09000117304571391,0.0,0.0,0.0,-0.2248454354788081,0.0,0.0,0.0,0,0.455958545267127
0.9152000000000049,0.0,0.0,0.5456935952583701,0.0,0.0,0.39651372611929864,-0.03869476468227591,-0.06790927468800904,0.5558086606218371,-0.04526369100183587,0.08805671668502424,0.24682127942597218,-0.09265258846779659,-0.024820153229045787,0.4654921872098548,0.01989711492337068,0.07522105062684292,0.30133483782847625,0.09000117304571391,0.09000117304571391,0.0,0.0,0.0,-0.2256774449069514,0.0,0.0,0.0,0,0.45430640474162987
0.919360000000005,0.0,0.0,0.5473414332331926,0.0,0.0,0.39548111395739577,-0.043708471609128816,0.32559080792135703,0.2260812082563608,0.016052326452530935,-0.10283671915537558,0.5080610569584075,-0.06814713291753705,0.15017339875417837,0.3468435354026994,0.018135439790201147,-0.013564096902773095,0.4038380911928966,0.09000117304571391,0.09000117304571391,0.0,0.0,0.0,-0.22648389087504506,0.0,0.0,0.0,0,0.4526585667668074
0.923520000000005,0.0,0.0,0.5489849559415672,0.0,0.0,0.3944454500098966,-0.3242633588799616,0.06077103921668112,0.9531625083151458,0.09073408630279871,0.19778109477729133,0.2945465197207902,-0.19601832009601314,0.10588209770819891,0.6506200976701373,0.054433139851321574,0.09251551784567721,0.34911038472780376,0.09000117304571391,0.09000117304571391,0.0,0.0,0.0,-0.22726516433867672,0.0,0.0,0.0,0,0.45101504405843285
0.9276800000000051,0.0,0.0,0.5506241511070534,0.0,0.0,0.39340683971669393,-0.15283726769137398,0.3863302353557899,0.6611291130938497,0.04191940971284647,-0.08955746416907152,0.443235008429348,-0.17434135633850448,0.24592176026851809,0.6567974819611596,0.048684722405535515,0.001534807598990316,0.39574010942523463,0.09000117304571391,0.09000117304571391,0.0,0.0,0.0,-0.22802165090411552,0.0,0.0,0.0,0,0.44937584889294657
0.9318400000000051,0.0,0.0,0.5522590068857052,0.0,0.0,0.3923653868764268,0.004886789640357775,0.11787405233058335,0.7562666772786718,0.039699165883436464,-0.04217531990391843,0.25695788832319144,-0.08464549881901326,0.18180769135838878,0.7070685090976525,0.04517473830379929,-0.019550287046652983,0.3257479297563098,0.09000117304571391,0.09000117304571391,0.0,0.0,0.0,-0.22875373089917805,0.0,0.0,0.0,0,0.4477409931142948
0.9360000000000052,0.0,0.0,0.5538895118593264,0.0,0.0,0.39132119366909957,0.3147523083460196,0.1383893093482651,0.3517737437141518,-0.054738723031763296,-0.22243233675624766,0.39893878524534454,0.11494222858025223,0.15963606968074961,0.5302496435491822,-0.004719815233505753,-0.12123121743675457,0.36175096884363145,0.09000117304571391,0.09000117304571391,0.0,0.0,0.0,-0.229461779444587,0.0,0.0,0.0,0,0.44611048814067356
0.9401600000000052,0.0,0.0,0.5555156550288197,0.0,0.0,0.39027436067839477,-0.032007352825234266,0.19740210506645872,0.8537037176497764,-0.1623466866106954,0.07344856045305768,0.32399884484948394,0.04112989441677506,0.1786723815534567,0.6926540373244638,-0.08408151243228865,-0.024028344629108852,0.3423074370599777,0.09000117304571391,0.09000117304571391,0.0,0.0,0.0,-0.23014616652230258,0.0,0.0,0.0,0,0.4444843449711803
0.9443200000000053,0.0,0.0,0.5571374258076268,0.0,0.0,0.38922498691369295,-0.23293376742418034,0.1889608762208881,0.5202759221447316,-0.12805459811645606,0.05772188650169263,0.34234663916953684,-0.09616839809770546,0.18393730052665638,0.6071786506988832,-0.10693363352852019,0.01658198255240804,0.34097774124281216,0.09000117304571391,0.09000117304571391,0.0,0.0,0.0,-0.23080725704508898,0.0,0.0,0.0,0,0.4428625741923732
0.9484800000000053,0.0,0.0,0.5587548140152593,0.0,0.0,0.3881731698317941,0.19682384943458525,-0.3088527859074808,0.13381866927790814,0.10666286730299615,-0.1505942934759878,0.42939516588030174,0.05055020357855633,-0.06277316516587829,0.37138837114027,0.0005375645717210542,-0.0676001412523116,0.3852317469909407,0.09000117304571391,0.09000117304571391,0.0,0.0,0.0,-0.2314454109231474,0.0,0.0,0.0,0,0.4412451859847407
0.9526400000000054,0.0,0.0,0.560367809870919,0.0,0.0,0.38711900535835353,0.13653296777515472,-0.40888031233844724,0.24808026863726312,0.026783653021265726,-0.0509703776389828,0.42305140961225796,0.09359798652405449,-0.23593525943867508,0.3106162139788935,0.01361567057743651,-0.0592469407296993,0.4027820810705571,0.09000117304571391,0.09000117304571391,0.0,0.0,0.0,-0.23206098313176815,0.0,0.0,0.0,0,0.43963219012908095
0.9568000000000054,0.0,0.0,0.5619764039872067,0.0,0.0,0.3860625879090269,0.4832330038884238,-0.10167005422883461,0.539156310108225,0.06944935066114574,-0.10788638241374873,0.2896360627888677,0.2885618939785322,-0.16902635562609483,0.42549118037417405,0.04190414544991514,-0.08344921731200614,0.34579098980845513,0.09000117304571391,0.09000117304571391,0.0,0.0,0.0,-0.2326543237766825,0.0,0.0,0.0,0,0.4380235960127933
0.9609600000000055,0.0,0.0,0.5635805873639165,0.0,0.0,0.3850040104103355,-0.21745834758022595,0.5532053236416345,0.2676549122418355,0.06445335501425724,-0.06600925477112511,0.3425983424183292,0.03568219061784562,0.1919561260082331,0.34728606061354217,0.053226744036138605,-0.07419446952241289,0.34346198593526506,0.09000117304571391,0.09000117304571391,0.0,0.0,0.0,-0.23322577815882228,0.0,0.0,0.0,0,0.4364194126360835
0.9651200000000055,0.0,0.0,0.5651803513819176,0.0,0.0,0.3839433643202531,0.1923611353104082,-0.35923700227129945,0.4149522055308291,0.048170014693863034,-0.10419781056756666,0.34675764242041046,0.11412321435739797,-0.08386162788253791,0.3818420650897697,0.050572335900327454,-0.08890361549083314,0.34452648090046517,0.09000117304571391,0.09000117304571391,0.0,0.0,0.0,-0.2337756868391223,0.0,0.0,0.0,0,0.4348196486180824
0.9692800000000056,0.0,0.0,0.5667756877971197,0.0,0.0,0.38288073964851527,0.18701553429015425,0.3491459458718839,-0.05694289226482008,0.059283111225319235,0.02580677710135081,0.3568522362947305,0.15069425778324821,0.1326977866184534,0.1631902489233282,0.05441447278941383,-0.031036606100844286,0.34997181480277845,0.09000117304571391,0.09000117304571391,0.0,0.0,0.0,-0.234304385701122,0.0,0.0,0.0,0,0.43322431220288027
0.9734400000000056,0.0,0.0,0.5683665887345225,0.0,0.0,0.38181622497665935,0.5900546832610127,-0.17416578036904076,0.4367908265640362,-0.12295289675169924,-0.013748049068993793,0.2918471650527925,0.37012326173560234,-0.02076567327372834,0.300599241141966,-0.03495759660428009,-0.02194453219992838,0.3210308826856304,0.09000117304571391,0.09000117304571391,0.0,0.0,0.0,-0.23481220601392594,0.0,0.0,0.0,0,0.4316334112654775
0.9776000000000057,0.0,0.0,0.5699530466823467,0.0,0.0,0.3807499074777948,0.4172226180871597,0.20184734133099944,0.5488514226345936,-0.193104791440885,0.019935932890317826,0.3655976192246677,0.3932704060817791,0.09058423614443788,0.42548621343356025,-0.11343875023320202,-0.0011888439811313524,0.34393071854539536,0.09000117304571391,0.09000117304571391,0.0,0.0,0.0,-0.23529947449338007,0.0,0.0,0.0,0,0.4300469533176533
0.9817600000000057,0.0,0.0,0.5715350544862472,0.0,0.0,0.3796818729361105,0.3905837496342726,0.07143601596537534,0.8346987167505369,-0.015417803503189331,-0.07035444198216453,0.4160831510691802,0.39189408003548365,0.08086252083523744,0.6309617762868691,-0.06399677549146429,-0.03522096693438203,0.3795181654952451,0.09000117304571391,0.09000117304571391,0.0,0.0,0.0,-0.23576651336306687,0.0,0.0,0.0,0,0.4284649455137528
0.9859200000000058,0.0,0.0,0.5731126053436061,0.0,0.0,0.3786122057661204,-0.08335582777497345,0.20141418087239907,0.6949311095705868,-0.07762026767653306,-0.11563891832009128,0.2980264860679673,0.15410541049148294,0.1408983126761069,0.663568333599174,-0.07131628606408354,-0.07525354521819888,0.33802905426903074,0.09000117304571391,0.09000117304571391,0.0,0.0,0.0,-0.23621364041436577,0.0,0.0,0.0,0,0.4268873946563939
0.9900800000000058,0.0,0.0,0.5746856927979046,0.0,0.0,0.3775409890316515,0.5846337774183806,-0.3284240095026528,0.4437584949626393,-0.11996238086313926,-0.03858177174178399,0.187086882099517,0.3691222125428817,-0.09384537532949282,0.5540506723671286,-0.09521511836555198,-0.057403786507093615,0.26273066279299023,0.09000117304571391,0.09000117304571391,0.0,0.0,0.0,-0.23664116906536425,0.0,0.0,0.0,0,0.4253143072020954
0.9942400000000059,0.0,0.0,0.5762543107331737,0.0,0.0,0.37646830446457813,0.25802618585600545,-0.5095594989902398,0.8219723619088013,-0.04398296651114299,0.05406300001579422,0.38320537320093895,0.31348157758959533,-0.30159376922882664,0.688811174978897,-0.06942877362440733,-0.0012579562345291372,0.3226107200642024,0.09000117304571391,0.09000117304571391,0.0,0.0,0.0,-0.23704940841978916,0.0,0.0,0.0,0,0.4237456892668263
0.998400000000006,0.0,0.0,0.5778184533685208,0.0,0.0,0.3753942324833043,-0.4299882343935919,0.0840335894942681,0.7659086484721406,0.09177637281908223,0.03113625501659772,0.24740300479357805,-0.05806749526104405,-0.1087135702469941,0.727876079752913,0.011094543014204988,0.015389691656420302,0.28451281058820205,0.09000117304571391,0.09000117304571391,0.0,0.0,0.0,-0.23743866332392694,0.0,0.0,0.0,0,0.4221815466314792
1.002560000000006,0.0,0.0,0.5793781152527333,0.0,0.0,0.37431885221100053,0.3724116415656311,0.0806946564326299,0.6302290413994602,0.06437628269036474,0.030509232893315433,0.4060297466143557,0.15730846157210585,-0.013943858266379002,0.6798983899075857,0.03798427283022278,0.02255663960988733,0.3443102127281748,0.09000117304571391,0.09000117304571391,0.0,0.0,0.0,-0.23780923442409097,0.0,0.0,0.0,0,0.4206218847472667
1.0067200000000058,0.0,0.0,0.5809332912589567,0.0,0.0,0.37324224149359464,-0.047746444190458065,0.1527771896270522,0.16764138092611364,-0.14075277563064173,-0.1189513776878582,0.39641631958519546,0.054486836927293385,0.06916998516080554,0.424591547196727,-0.05138472976017682,-0.04798071477571574,0.37001763036283786,0.09000117304571391,0.09000117304571391,0.0,0.0,0.0,-0.23816141822239567,0.0,0.0,0.0,0,0.41906670874104335
1.0108800000000058,0.0,0.0,0.5824839765794463,0.0,0.0,0.37216447691752264,0.23259434960413558,-0.19046393103828327,0.570482642109539,-0.02885927112943574,0.112115954717086,0.1661960830038802,0.1434838154891477,-0.06041469337893344,0.4978849643710096,-0.04108625278101521,0.03162538012384312,0.26755932351262024,0.09000117304571391,0.09000117304571391,0.0,0.0,0.0,-0.2384955071322148,0.0,0.0,0.0,0,0.4175160234205537
1.0150400000000057,0.0,0.0,0.5840301667203931,0.0,0.0,0.37108563382724136,0.024493379169175215,-0.030066850146691068,-0.08611126727198481,0.0006402912625837397,-0.09571918296646531,0.3021163960976455,0.08398939647873689,-0.045439521926580406,0.20651148751834078,-0.020369900347878327,-0.03210154602907252,0.28467593107314165,0.09000117304571391,0.09000117304571391,0.0,0.0,0.0,-0.23881178953311455,0.0,0.0,0.0,0,0.4159698332796069
1.0192000000000057,0.0,0.0,0.5855718574968202,0.0,0.0,0.3700057863425054,0.30491437351360573,0.006083437187757696,0.47463022755625806,-0.028892413766317418,0.17400375774798027,0.4052829079437986,0.19439281583232235,-0.019315812692297575,0.341415713337686,-0.0243807186457096,0.0709636923808872,0.3449702630161989,0.09000117304571391,0.09000117304571391,0.0,0.0,0.0,-0.23911054982418545,0.0,0.0,0.0,0,0.41442814250317983
1.0233600000000056,0.0,0.0,0.587109045027551,0.0,0.0,0.3689250073754148,-0.13070877473782003,-0.1271464722534689,0.2969429931824499,0.030262122898840834,0.047473962944862697,0.575656067991126,0.03190386876513439,-0.07313432749118066,0.3203784058759436,0.002370405282550747,0.05978528392230775,0.4593290600418255,0.09000117304571391,0.09000117304571391,0.0,0.0,0.0,-0.23939206847769512,0.0,0.0,0.0,0,0.412890954972449
1.0275200000000055,0.0,0.0,0.5886417257302479,0.0,0.0,0.36784336864723205,-0.14466092558276453,0.1110153640462637,0.42105321449504496,0.08539388962308204,0.06926521360486074,0.41022373122413536,-0.05620082893350596,0.019085681337375822,0.37157166687640686,0.04324300418195565,0.0646184790783117,0.43386652330055564,0.09000117304571391,0.09000117304571391,0.0,0.0,0.0,-0.23965662209156458,0.0,0.0,0.0,0,0.41135827426975213
1.0316800000000055,0.0,0.0,0.5901698963165186,0.0,0.0,0.3667609407049741,0.9761104951570474,0.7123943009172827,0.8845022691655499,0.06482208782026587,0.23089109207687508,0.2949724216507913,0.4600971737957512,0.3662263898454233,0.6286555509191764,0.05389218199681367,0.1471187924399017,0.3637265190133522,0.09000117304571391,0.09000117304571391,0.0,0.0,0.0,-0.23990448344066118,0.0,0.0,0.0,0,0.4098301036834814
1.0358400000000054,0.0,0.0,0.5916935537870928,0.0,0.0,0.36567779293778346,0.5070846851332157,-0.08320973873480925,0.6041011673954868,0.021570039056262952,0.07238148072379286,0.3776605266073519,0.4836367744393662,0.14165524353936781,0.6171654405991501,0.03742009253061185,0.10998979168325149,0.36986060970625,0.09000117304571391,0.09000117304571391,0.0,0.0,0.0,-0.2401359215287271,0.0,0.0,0.0,0,0.40830644621290724
1.0400000000000054,0.0,0.0,0.5932126954270639,0.0,0.0,0.3645939935930766,0.03292122687996982,0.015758102583430588,0.7943231799474821,0.04280188833206513,-0.07458112404964007,0.3801105402395584,0.2583663957117884,0.07855098188739223,0.7065355254335477,0.039378693005194906,0.01756402853636474,0.3752942694681929,0.09000117304571391,0.09000117304571391,0.0,0.0,0.0,-0.2403512016380509,0.0,0.0,0.0,0,0.4067873045729361
1.0441600000000053,0.0,0.0,0.5947273188011992,0.0,0.0,0.3635096097924786,-0.32701331166939135,0.2772524280144977,0.15260419738658404,0.03301468893623256,0.24006486752949494,0.5676805142842661,-0.0342582149023762,0.17840128117338702,0.430749291061647,0.03587509530214533,0.12934938635729354,0.4702504678707311,0.09000117304571391,0.09000117304571391,0.0,0.0,0.0,-0.24055058537987328,0.0,0.0,0.0,0,0.4052726811988008
1.0483200000000052,0.0,0.0,0.5962374217493139,0.0,0.0,0.3624247075475416,-0.14355928296789294,-0.19818765665772436,0.06812906613509195,-0.17596219963850118,0.086606724756136,0.2351204531429439,-0.08927476945444879,-0.009717766361425703,0.24992672313692185,-0.07038608871458889,0.10898233176981119,0.3522012673074312,0.09000117304571391,0.09000117304571391,0.0,0.0,0.0,-0.24073433074285622,0.0,0.0,0.0,0,0.40376257825068607
1.0524800000000052,0.0,0.0,0.5977430023817109,0.0,0.0,0.3613393517752544,0.2507394991434456,-0.9202121703302271,0.522031238491627,-0.09433786856327607,-0.01942354676035735,0.24300832154745822,0.08053725656291309,-0.4650101435473617,0.3864876824933364,-0.08175098140845327,0.044020008743701745,0.2969639029983551,0.09000117304571391,0.09000117304571391,0.0,0.0,0.0,-0.2409026921421702,0.0,0.0,0.0,0,0.40225699761828915
1.0566400000000051,0.0,0.0,0.5992440590746831,0.0,0.0,0.36025360631334175,0.05362115497618913,0.13769394356841766,0.6974889415308412,-0.03960200008997387,0.012179678968684084,0.15372979947019844,0.0669979316871172,-0.16362938419144968,0.5423101986600506,-0.06129719388938788,0.028503377408241763,0.22537673469656513,0.09000117304571391,0.09000117304571391,0.0,0.0,0.0,-0.24105592046663737,0.0,0.0,0.0,0,0.40075594092531686
1.060800000000005,0.0,0.0,0.6007405904660805,0.0,0.0,0.35916753393536044,0.24894058897488924,-0.23664485111422054,0.46620276510175074,0.09493842285197955,0.10569231640933943,0.2656724368741137,0.15816882665112453,-0.19991745000536948,0.5048108398483653,0.016414395753884443,0.06692863869050629,0.24441627667223692,0.09000117304571391,0.09000117304571391,0.0,0.0,0.0,-0.24119426312649384,0.0,0.0,0.0,0,0.3992594095339195
1.064960000000005,0.0,0.0,0.6022325954509371,0.0,0.0,0.35808119636559055,-0.36146258607577336,-0.06606045319230962,1.1927005634478114,0.053903934225740295,0.16921395520119967,0.20204401846360423,-0.10153973203256983,-0.13263635293686654,0.8491815888587719,0.03579859781232264,0.11820809008187903,0.2228347088303092,0.09000117304571391,0.09000117304571391,0.0,0.0,0.0,-0.24131796409951956,0.0,0.0,0.0,0,0.3977674045490629
1.069120000000005,0.0,0.0,0.6037200731771609,0.0,0.0,0.3569946542937281,-0.2615134236732039,0.10242538012734613,0.28154637356289086,0.10614358460887659,0.007778466395177958,0.3394046236369258,-0.18130706418799608,-0.01508748788761932,0.5660680842793492,0.07103510317203605,0.0629163461252261,0.2800912201426978,0.09000117304571391,0.09000117304571391,0.0,0.0,0.0,-0.24142726397746195,0.0,0.0,0.0,0,0.3962799268228391
1.073280000000005,0.0,0.0,0.6052030230412834,0.0,0.0,0.3559079673893787,-0.0066011841132869705,-0.004261198818853203,0.3253387149396889,-0.029625595735197397,-0.060644071515130626,0.2925337998189862,-0.0940139342933524,-0.009801147060022893,0.44631092230786906,0.020428591456988457,0.001500613930211574,0.28595329235645356,0.09000117304571391,0.09000117304571391,0.0,0.0,0.0,-0.2415224000108227,0.0,0.0,0.0,0,0.39479697695871663
1.0774400000000048,0.0,0.0,0.6066814446842682,0.0,0.0,0.3548211943163579,0.5775300548926395,0.03596030737324824,0.2811580940665366,-0.13711785521479472,0.05483789035284146,0.29873270337183044,0.24147625917382567,0.013194677885093488,0.3643553400749288,-0.05770989524589164,0.02782141627196742,0.29203818726687913,0.09000117304571391,0.09000117304571391,0.0,0.0,0.0,-0.2416036061536122,0.0,0.0,0.0,0,0.3933185553157318
1.0816000000000048,0.0,0.0,0.6081553379873799,0.0,0.0,0.3537343927467999,-0.23342827231517518,0.38092808918362453,0.31347512910960046,0.0815029687247956,0.15328432244058396,0.2970461650609379,0.0041905155622311745,0.19738252059431433,0.3395346426100089,0.01173305436378174,0.09067133877559903,0.2936202465658944,0.09000117304571391,0.09000117304571391,0.0,0.0,0.0,-0.24167111310795786,0.0,0.0,0.0,0,0.39184466201262014
1.0857600000000047,0.0,0.0,0.6096247030681093,0.0,0.0,0.3526476193750742,0.1523676685038624,0.2905679079298606,0.7880337265215585,-0.05550614903737731,-0.10608878755846439,0.2639609692808249,0.07816495946078506,0.24375468899388533,0.5643367052176199,-0.02201771311628327,-0.007448145639208033,0.27862365815539103,0.09000117304571391,0.09000117304571391,0.0,0.0,0.0,-0.24172514836728864,0.0,0.0,0.0,0,0.39037529693189066
1.0899200000000047,0.0,0.0,0.6110895402761574,0.0,0.0,0.3515609299315165,0.031037926213825555,-0.46262546130147053,0.28676731476758255,-0.06955275277880171,0.06235879005994347,0.071521128581929,0.054457773734117455,-0.10930893946184839,0.4256976416838237,-0.04642092063195732,0.026640591512107712,0.17565682622311965,0.09000117304571391,0.09000117304571391,0.0,0.0,0.0,-0.24176593625926057,0.0,0.0,0.0,0,0.38891045972384264
1.0940800000000046,0.0,0.0,0.6125498501894739,0.0,0.0,0.35047437919597535,0.25322309782401253,-0.5886570053113999,0.9243352280624964,-0.19671834281863795,-0.01111812387560613,0.3801946856885241,0.15343287787738974,-0.3490097658430206,0.6758115773239116,-0.12166563842214691,0.007914561275814896,0.2774994539385848,0.09000117304571391,0.09000117304571391,0.0,0.0,0.0,-0.24179369798821226,0.0,0.0,0.0,0,0.38745014981052606
1.0982400000000045,0.0,0.0,0.6140056336103539,0.0,0.0,0.3493880210111762,-0.13737995178386136,0.29645140610238163,0.583014176330578,-0.24624851949557935,0.12190908527872316,0.1121553323049354,0.007512056841783263,-0.0260218373171517,0.6296478925403438,-0.18386183780103313,0.06526102219966677,0.1936910630567127,0.09000117304571391,0.09000117304571391,0.0,0.0,0.0,-0.2418086516771485,0.0,0.0,0.0,0,0.3859943663896461
1.1024000000000045,0.0,0.0,0.6154568915615868,0.0,0.0,0.3483019082959049,-0.726825052815506,0.05081443000551943,0.7441830410561523,0.004807847705379513,-0.16540272774721027,0.2025522673392174,-0.35965069309909076,0.012052557094946419,0.6873380672545858,-0.08999260287033355,-0.049938743584174106,0.19788251701576576,0.09000117304571391,0.09000117304571391,0.0,0.0,0.0,-0.24181101240871183,0.0,0.0,0.0,0,0.3845431084384132
1.1065600000000044,0.0,0.0,0.6169036252826618,0.0,0.0,0.347216093058015,-0.10188534350057567,0.39738800845359534,0.48769891132008447,0.08694444215940085,-0.16304100232937543,0.3442072845735649,-0.2305847693272287,0.2043833594167534,0.5882338758599418,-0.0018255180291727154,-0.10624260224359296,0.27063047380221306,0.09000117304571391,0.09000117304571391,0.0,0.0,0.0,-0.24180099226631868,0.0,0.0,0.0,0,0.38309637471733815
1.1107200000000044,0.0,0.0,0.6183458362260255,0.0,0.0,0.3461306264072585,-0.26099257194759673,-0.33373965500354286,0.4462437595044274,0.2661501818298527,-0.04341721255802123,0.4589011593068678,-0.24523597418879137,-0.06477166848555488,0.5181937912955407,0.13246994350488894,-0.07509903955704912,0.364048796679909,0.09000117304571391,0.09000117304571391,0.0,0.0,0.0,-0.24177880037385413,0.0,0.0,0.0,0,0.38165416377397454
1.1148800000000043,0.0,0.0,0.6197835260533919,0.0,0.0,0.34504555856794583,0.12278252291270983,-0.36608571871513745,0.8383078220072944,0.04225482432188013,-0.08127483269220719,0.21902318233158213,-0.06113623344096726,-0.21560051932724789,0.6787105067719502,0.08735460292620197,-0.07786534156788366,0.2906325039458711,0.09000117304571391,0.09000117304571391,0.0,0.0,0.0,-0.2417446429356307,0.0,0.0,0.0,0,0.38021647394660807
1.1190400000000043,0.0,0.0,0.6212166966321062,0.0,0.0,0.3439609388914337,0.019595746973774756,-0.1848441723435257,0.9244634433094815,0.006708211656558655,0.14430328611679055,0.41770650742946336,-0.02075613271284896,-0.19992117173798155,0.8024584790412358,0.04723240586690802,0.032814197369869555,0.3536964180035381,0.09000117304571391,0.09000117304571391,0.0,0.0,0.0,-0.2416987232754364,0.0,0.0,0.0,0,0.3787833033678938
1.1232000000000042,0.0,0.0,0.6226453500315581,0.0,0.0,0.3428768158684457,0.10728555476383785,0.1727376794794049,1.3088850640778746,0.04474095113660036,-0.1766725256438901,0.2422610856059772,0.043357836945017166,-0.013958479958405197,1.056179924587715,0.04638589766105865,-0.07101765366953633,0.29764289684516815,0.09000117304571391,0.09000117304571391,0.0,0.0,0.0,-0.24164124187531133,0.0,0.0,0.0,0,0.3773546499684419
1.1273600000000041,0.0,0.0,0.6240694885196465,0.0,0.0,0.3417932371412258,0.29248964009266276,-0.21051860980754375,0.5003911921546385,0.0139223105883968,0.0010722477226183167,0.3485326919288127,0.16795483820095505,-0.11223889729090912,0.7790072448319422,0.029964623051379938,-0.03439683692493044,0.3227778928424407,0.09000117304571391,0.09000117304571391,0.0,0.0,0.0,-0.24157239641319173,0.0,0.0,0.0,0,0.3759305114803535
1.131520000000004,0.0,0.0,0.6254891145592946,0.0,0.0,0.34071024951552986,-0.34095800900650136,-0.07521819257306613,0.4334961367543014,0.0004030040551477568,-0.04370070664706102,0.4368975452472282,-0.08650573256628691,-0.0938179257904632,0.6071597474376094,0.01587055702416902,-0.039652246490763224,0.3789936738842924,0.09000117304571391,0.09000117304571391,0.0,0.0,0.0,-0.24149238180102794,0.0,0.0,0.0,0,0.37451088544070543
1.135680000000004,0.0,0.0,0.6269042308050131,0.0,0.0,0.3396278989724539,-0.2587112662816268,0.25639985367807777,0.41031501804843185,0.18619467871947115,-0.0181054864305116,0.2479752249275984,-0.17222242883874245,0.08125726559933055,0.5092512345181183,0.10102360392051751,-0.02960625991976911,0.3137582825715931,0.09000117304571391,0.09000117304571391,0.0,0.0,0.0,-0.24140139022133833,0.0,0.0,0.0,0,0.3730957691949869
1.139840000000004,0.0,0.0,0.6283148400995135,0.0,0.0,0.3385462306801044,0.19614112145373452,-0.6616218287149981,0.6431607824488487,-0.007261580209889,-0.08729425731049502,0.2131533193244155,0.011946933573134585,-0.2903667524083376,0.5766520421194805,0.04683335535340032,-0.059551026748378484,0.2626237031518343,0.09000117304571391,0.09000117304571391,0.0,0.0,0.0,-0.24129961116433996,0.0,0.0,0.0,0,0.37168515990048645
1.144000000000004,0.0,0.0,0.6297209454703682,0.0,0.0,0.33746528900510986,-0.18889011553414184,0.2731214041703381,0.9432051723537945,0.1281637161213088,-0.03565320030700734,0.3600271818270139,-0.088206588867384,-0.008692470017644663,0.7606804662039086,0.0875747521178226,-0.047804978790467675,0.3111038142086933,0.09000117304571391,0.09000117304571391,0.0,0.0,0.0,-0.24118723146361964,0.0,0.0,0.0,0,0.37027905452963183
1.1481600000000038,0.0,0.0,0.631122550126718,0.0,0.0,0.3363851175239781,0.255189209705663,-0.1932783288119617,0.34451014465743485,0.06339879128193526,-0.001874055091344766,0.2151123864617968,0.08362607715689631,-0.100990983178144,0.553041171134229,0.07524973197648896,-0.024652935774625465,0.26246494509736523,0.09000117304571391,0.09000117304571391,0.0,0.0,0.0,-0.24106443533194666,0.0,0.0,0.0,0,0.36887744987328197
1.1523200000000038,0.0,0.0,0.6325196574560276,0.0,0.0,0.3353057590343004,0.3400155808001332,-0.012909093117725345,0.9881526831550825,0.046228243423892965,0.01864823622063216,0.11730864868411373,0.21191860222274755,-0.05690920466611428,0.7708432408423858,0.06082462517710855,-0.0036924016224061636,0.1902468870375234,0.09000117304571391,0.09000117304571391,0.0,0.0,0.0,-0.24093140439647942,0.0,0.0,0.0,0,0.36748034254397244
1.1564800000000037,0.0,0.0,0.6339122710208851,0.0,0.0,0.3342272555658037,0.6330165662522418,-0.08657293152129414,0.4739540387803388,0.02596813463252709,0.0967051893279607,0.19031353191129735,0.4225246161159101,-0.07154202154981512,0.6227950930552165,0.043363852058754225,0.04740868650470319,0.18898958183089803,0.09000117304571391,0.09000117304571391,0.0,0.0,0.0,-0.24078831773336362,0.0,0.0,0.0,0,0.3660877289791149
1.1606400000000037,0.0,0.0,0.6353003945558486,0.0,0.0,0.33314964839125444,0.29964559229407567,-0.24431841034235155,1.298306430757879,-0.1728044689957122,-0.17395128270454085,0.32113986465600886,0.3607253325879332,-0.15829280739290047,0.9612255872964963,-0.06495482468918519,-0.06346445007825208,0.2540287467967758,0.09000117304571391,0.09000117304571391,0.0,0.0,0.0,-0.24063535190171592,0.0,0.0,0.0,0,0.36469960544415136
1.1648000000000036,0.0,0.0,0.636684031964337,0.0,0.0,0.3320729780372161,0.1608081817176134,0.22542944938399914,1.3538087721445797,0.03833428186066498,0.09500068318194582,0.20165319762565256,0.26084656064092776,0.03376817474115236,1.1579426380942515,-0.014022853898803214,0.01596473699259202,0.2262678993746127,0.09000117304571391,0.09000117304571391,0.0,0.0,0.0,-0.24047268097796048,0.0,0.0,0.0,0,0.363315968035663
1.1689600000000036,0.0,0.0,0.6380631873155648,0.0,0.0,0.33099728429465913,0.10406886155585916,0.23586312120158562,0.807451238868288,-0.1983531649832644,-0.02004626594400972,0.30221586499614417,0.18204490851490684,0.13477580812566128,0.9833257838452792,-0.10659130927543342,-0.002250820691033567,0.26293985686708227,0.09000117304571391,0.09000117304571391,0.0,0.0,0.0,-0.24030047658880016,0.0,0.0,0.0,0,0.3619368126844352
1.1731200000000035,0.0,0.0,0.6394378648415208,0.0,0.0,0.3299226062294295,-0.04703295161305657,0.40154891264907605,1.1671209851834172,0.008164179808589023,-0.003345590857656707,0.3569616720669997,0.06752035665742052,0.268155979322816,1.075966603329273,-0.04874003172284608,-0.0021783005648245593,0.3102030425063279,0.09000117304571391,0.09000117304571391,0.0,0.0,0.0,-0.24011890794378532,0.0,0.0,0.0,0,0.36056213515847924
1.1772800000000034,0.0,0.0,0.6408080689339898,0.0,0.0,0.32884898219257647,0.3944712819910357,-0.2268003517621486,0.7179140259992683,-0.06820997412003219,-0.10502824869363209,0.5103560257100213,0.2308554701021133,0.020456132583659473,0.8980000954211678,-0.05810721647356261,-0.05371111013623687,0.40990102638720183,0.09000117304571391,0.09000117304571391,0.0,0.0,0.0,-0.23992814186833322,0.0,0.0,0.0,0,0.3591919310660102
1.1814400000000034,0.0,0.0,0.6421738041416171,0.0,0.0,0.3277764498305394,-0.15531748742328816,0.020773376515621427,0.7875013501882885,0.09044512796109054,0.17149103126632978,0.2779529440845469,0.037954036801581215,0.02097104820551229,0.8433299497399761,0.01634001927708272,0.05907024905649891,0.3430381300874553,0.09000117304571391,0.09000117304571391,0.0,0.0,0.0,-0.23972834283570066,0.0,0.0,0.0,0,0.35782619585838293
1.1856000000000033,0.0,0.0,0.6435350751670137,0.0,0.0,0.32670504609519624,-0.14289976942691165,0.15526268626949397,0.35771420985197117,-0.0809631897269983,0.18980052325535057,0.35113921623743816,-0.05264439087872525,0.08851230638183936,0.6012509347436122,-0.0314119789388142,0.12456171426064147,0.3461775981755199,0.09000117304571391,0.09000117304571391,0.0,0.0,0.0,-0.23951967299779753,0.0,0.0,0.0,0,0.3564649248329863
1.1897600000000033,0.0,0.0,0.6448918868639044,0.0,0.0,0.32563480725378025,0.304680432833557,0.168747644694281,1.0145667808336654,0.0982515277830375,0.15656351200709398,0.30482147097338785,0.1262246784342786,0.1289579275484476,0.8085478694133907,0.03350920087891553,0.13972245729563318,0.3244925826686943,0.09000117304571391,0.09000117304571391,0.0,0.0,0.0,-0.23930229221741062,0.0,0.0,0.0,0,0.3551081131360956
1.1939200000000032,0.0,0.0,0.6462442442343155,0.0,0.0,0.3245657688986576,0.20040528041389888,0.30064125400255165,0.9317920957055308,0.01643765979855693,-0.01909984834694138,0.21357444540221726,0.16335077205396734,0.2147607926595114,0.87061702008091,0.024453440012616515,0.06045241846604173,0.2681046652838041,0.09000117304571391,0.09000117304571391,0.0,0.0,0.0,-0.23907635809819783,0.0,0.0,0.0,0,0.3537557557656845
1.1980800000000031,0.0,0.0,0.6475921524258029,0.0,0.0,0.3234979659569768,0.6573831280706746,-0.5698150847684029,0.9565221480543447,-0.11463318952692228,-0.05297252259371774,0.19342012531457134,0.41013165852748856,-0.17764151014639978,0.9139743479753776,-0.044929596223677745,0.0031186206775405036,0.2298754336248236,0.09000117304571391,0.09000117304571391,0.0,0.0,0.0,-0.23884202601533744,0.0,0.0,0.0,0,0.3524078475741971
1.202240000000003,0.0,0.0,0.6489356167287204,0.0,0.0,0.3224314327001853,0.3308858356245703,-0.05033508744065171,0.7450343881189845,-0.0964492856896928,0.1361199545851465,0.4803109474375222,0.37030551042882,-0.11370473413653884,0.8305016194510778,-0.06969060910583516,0.06982797644105448,0.3553652973199961,0.09000117304571391,0.09000117304571391,0.0,0.0,0.0,-0.23859944914522835,0.0,0.0,0.0,0,0.35106438327127965
1.206400000000003,0.0,0.0,0.6502746425735263,0.0,0.0,0.32136620275341976,0.11309200555002524,0.38831456565159816,0.5130536428323424,0.2591862150867121,-0.17225733162175216,0.4548048304070089,0.24223623220985271,0.1369484949537268,0.6727219461323796,0.0946429548322913,-0.050408958121500175,0.4048115856160196,0.09000117304571391,0.09000117304571391,0.0,0.0,0.0,-0.23834877849552227,0.0,0.0,0.0,0,0.3497253574264737
1.210560000000003,0.0,0.0,0.6516092355281294,0.0,0.0,0.3203023091047661,-0.2382004204994088,0.0027879034571361874,0.6313301430590963,0.03940553336216836,0.049017249102376856,0.44291832086225374,0.0020984040422139818,0.06996856840435037,0.652949079982525,0.06611530617354941,-0.0003913720245787011,0.4228682336620942,0.09000117304571391,0.09000117304571391,0.0,0.0,0.0,-0.23809016293356344,0.0,0.0,0.0,0,0.34839076447187056
1.214720000000003,0.0,0.0,0.6529394012952727,0.0,0.0,0.3192397841143979,-0.24389365579922467,-0.15144025174274098,0.29816284413676747,0.0348152397353829,-0.02305171434043183,0.4189848904008102,-0.12082679645262404,-0.04078655679467167,0.47642548944582397,0.05040184986499988,-0.011133988063925234,0.42067022486037653,0.09000117304571391,0.09000117304571391,0.0,0.0,0.0,-0.23782374921590255,0.0,0.0,0.0,0,0.3470605987047273
1.2188800000000029,0.0,0.0,0.6542651457099543,0.0,0.0,0.3181786595235879,-0.20085425129199472,0.6484216719155363,0.5808252661971568,-0.05089451315395123,0.028793623616411326,0.4753620696868036,-0.16094705406808463,0.3038822356927524,0.5296164876674233,-0.00018642911436704058,0.008843847723630418,0.44722405357130146,0.09000117304571391,0.09000117304571391,0.0,0.0,0.0,-0.2375496820160019,0.0,0.0,0.0,0,0.3457348542900457
1.2230400000000028,0.0,0.0,0.655586474736886,0.0,0.0,0.3171189664636004,0.3248142924866698,-0.2283831431068137,0.36914577005240923,0.06190568166927218,0.0657962628633923,0.29266694344519906,0.08206583343280273,0.037883527075098816,0.4499912342443423,0.03083012082813399,0.036907222805790646,0.36875831823312494,0.09000117304571391,0.09000117304571391,0.0,0.0,0.0,-0.2372681039526936,0.0,0.0,0.0,0,0.344413525263114
1.2272000000000027,0.0,0.0,0.656903394467988,0.0,0.0,0.31606073546446106,0.35824002483347583,0.45419015141903263,0.1946815596540128,-0.03622929578807426,0.11496178416174846,0.36335395980616625,0.22008083098910391,0.24627875391996293,0.32309070101822673,-0.003332507666041882,0.07598508949340202,0.3659002435955193,0.09000117304571391,0.09000117304571391,0.0,0.0,0.0,-0.23697915561735705,0.0,0.0,0.0,0,0.34309660553201204
1.2313600000000027,0.0,0.0,0.6582159111199196,0.0,0.0,0.3150039964636105,0.008124186736363411,0.05883470201211563,0.8221520257436211,0.04583924798328651,-0.004192254981488245,0.41651532547769565,0.11419744769932275,0.15254616256395942,0.5734905636179394,0.020732025618741778,0.03615831341585853,0.39150828597555426,0.09000117304571391,0.09000117304571391,0.0,0.0,0.0,-0.23668297560174079,0.0,0.0,0.0,0,0.3417840888800804
1.2355200000000026,0.0,0.0,0.6595240310316465,0.0,0.0,0.3139487788144378,-0.2171121074128044,-0.15183042084137954,0.49814017292117263,-0.06755520987256793,0.13073700321435142,0.30502619907384493,-0.051599079207146015,0.0006261419993362223,0.5364487324192523,-0.023926138397469807,0.08417639893258232,0.3485392575988016,0.09000117304571391,0.09000117304571391,0.0,0.0,0.0,-0.23637970052461,0.0,0.0,0.0,0,0.3404759689683535
1.2396800000000026,0.0,0.0,0.6608277606620411,0.0,0.0,0.3128951112946997,-0.16550505168690588,-0.361244105381813,1.023819801553211,-0.1995481989755722,0.15118248719786828,0.3309746268401804,-0.10896687472157823,-0.1799972137428456,0.7808269949736394,-0.11222707189096423,0.11774970532923044,0.339325300081275,0.09000117304571391,0.09000117304571391,0.0,0.0,0.0,-0.23606946505785498,0.0,0.0,0.0,0,0.3391722393379589
1.2438400000000025,0.0,0.0,0.6621271065875195,0.0,0.0,0.3118430221148279,0.2694750462585226,-0.37438651663738076,0.5684183990775423,-0.0933588740553436,-0.08828885756000217,0.2619778901511749,0.08006360742949684,-0.27737660918265883,0.6751673500581729,-0.1033025502514319,0.014621236407648983,0.3000636848011882,0.09000117304571391,0.09000117304571391,0.0,0.0,0.0,-0.23575240195335034,0.0,0.0,0.0,0,0.3378728934124805
1.2480000000000024,0.0,0.0,0.6634220754997117,0.0,0.0,0.31079253892612013,-0.027770888086667216,-0.506994570841855,0.592610875331278,-0.06504475611243808,-0.07357216684917199,0.28042081305130795,0.02601038697669752,-0.3923402743980922,0.6344741528949223,-0.08421123850769331,-0.029445937566155465,0.28911317245665574,0.09000117304571391,0.09000117304571391,0.0,0.0,0.0,-0.23542864206852232,0.0,0.0,0.0,0,0.33657792450028834
1.2521600000000024,0.0,0.0,0.664712674203165,0.0,0.0,0.3097436888288225,0.1365705786074661,-0.19718805447642954,0.5885836500153563,0.006254619626738842,-0.06636393045570656,0.5569572679311006,0.0813035719012946,-0.2949002706846044,0.6126880349979035,-0.03865041594921826,-0.04817338947451728,0.4225373603483761,0.09000117304571391,0.09000117304571391,0.0,0.0,0.0,-0.23509831439159412,0.0,0.0,0.0,0,0.33528732579683496
1.2563200000000023,0.0,0.0,0.6659989096130822,0.0,0.0,0.3086964983801025,-0.15097845032008098,-0.08095490147492794,0.6826631958680732,-0.025588527406743014,0.03381026262458076,0.24056681508908084,-0.034891575576439154,-0.18785657937661818,0.6481772874959177,-0.03246286352727654,-0.006795052691493388,0.33117404212531554,0.09000117304571391,0.09000117304571391,0.0,0.0,0.0,-0.23476154606725097,0.0,0.0,0.0,0,0.33400109038691783
1.2604800000000023,0.0,0.0,0.6672807887530902,0.0,0.0,0.3076509936019119,-0.34854469645045016,-0.7577629660724485,0.48571944511226633,-0.07418084091894159,-0.1491949751303514,0.2161828289079739,-0.1918746099401374,-0.4731233810206167,0.5673976336432283,-0.053326321404269454,-0.0783228828298325,0.2733250962590449,0.09000117304571391,0.09000117304571391,0.0,0.0,0.0,-0.23441846242080044,0.0,0.0,0.0,0,0.33271921124690984
1.2646400000000022,0.0,0.0,0.6685583187530433,0.0,0.0,0.30660719998874625,-0.4819871238544046,0.05935861055966343,1.12906856519426,0.002838559036260366,0.057589370736424894,0.3339475092494989,-0.3369273130187996,-0.2067589381608693,0.8489336274160921,-0.025093519044737268,-0.01034507355973341,0.30267237638063327,0.09000117304571391,0.09000117304571391,0.0,0.0,0.0,-0.2340691869832836,0.0,0.0,0.0,0,0.3314416812469567
1.2688000000000021,0.0,0.0,0.669831506846857,0.0,0.0,0.30556514251529604,-0.11748809722442109,-0.24256908341967942,0.03554324843812828,-0.09677315982237898,-0.07640508309336996,0.20818228291554502,-0.2274071852546667,-0.22482240097072304,0.44266737578626203,-0.06105843421957646,-0.04374626462998033,0.25465612212252886,0.09000117304571391,0.09000117304571391,0.0,0.0,0.0,-0.23371384151529728,0.0,0.0,0.0,0,0.330168493153143
1.272960000000002,0.0,0.0,0.6711003603703737,0.0,0.0,0.30452484564399585,-0.16982921132601617,-0.0018009554041149233,0.9396937406713395,0.14254276485217557,-0.05643232928538843,0.2377098727621154,-0.19832136721696852,-0.11342740836649962,0.6916786958845571,0.040756366233111734,-0.05013023802169272,0.24607343879957494,0.09000117304571391,0.09000117304571391,0.0,0.0,0.0,-0.23335254603101407,0.0,0.0,0.0,0,0.3288996396296263
1.277120000000002,0.0,0.0,0.672364886759259,0.0,0.0,0.3034863333324701,0.03301451044683372,-0.14154203707936067,0.6646304750512223,-0.08564962415563165,-0.12095845699819203,0.24241223016766594,-0.08283090616141076,-0.1277371880347036,0.6786592991306226,-0.021982792326039564,-0.0852135618731379,0.24391006473983756,0.09000117304571391,0.09000117304571391,0.0,0.0,0.0,-0.2329854188213355,0.0,0.0,0.0,0,0.327635113240741
1.281280000000002,0.0,0.0,0.6736250935469293,0.0,0.0,0.3024496290408796,0.4339607226247583,-0.04643719311900552,0.5399729235868136,0.19320871632579695,-0.0006421369210321656,0.20844832782348915,0.1759703081232982,-0.08708846007632175,0.6097490361539556,0.08563999394713474,-0.04269151100091673,0.22602336747062193,0.09000117304571391,0.09000117304571391,0.0,0.0,0.0,-0.2326125764776722,0.0,0.0,0.0,0,0.32637490645307066
1.285440000000002,0.0,0.0,0.6748809883625092,0.0,0.0,0.3014147557391655,0.24059442382848262,0.07898165622392896,0.8105364790733811,0.021534957626460655,0.00249950288831141,0.46511231802501585,0.20832623094873712,-0.004046506026230489,0.7111145029683039,0.054254805950549746,-0.020356111864248995,0.3441483704423618,0.09000117304571391,0.09000117304571391,0.0,0.0,0.0,-0.23223413391431713,0.0,0.0,0.0,0,0.3251190116374908
1.2896000000000019,0.0,0.0,0.6761325789288184,0.0,0.0,0.3003817359141977,0.10625825920210573,-0.19006381257367497,0.8574872507274695,-0.192047947803618,-0.060361862276388005,0.20140198943232562,0.1568934171661803,-0.09718221029534278,0.7847228749279617,-0.06952534897424227,-0.04026101670638691,0.2717920756717348,0.09000117304571391,0.09000117304571391,0.0,0.0,0.0,-0.23185020439144655,0.0,0.0,0.0,0,0.3238674210711816
1.2937600000000018,0.0,0.0,0.6773798730603885,0.0,0.0,0.2993505915768243,-0.24994817451351206,-0.26924390943488924,0.8163878172926249,0.054061947153830996,-0.1290545383851471,0.0780918754999097,-0.046418948819501954,-0.18348322592998048,0.8007197240141921,-0.0071767632084566374,-0.08439610620393563,0.17412372328351897,0.09000117304571391,0.09000117304571391,0.0,0.0,0.0,-0.2314608995370292,0.0,0.0,0.0,0,0.3226201269396115
1.2979200000000017,0.0,0.0,0.6786228786615086,0.0,0.0,0.29832134426882667,-0.11737200488177088,0.7399952773713139,0.6596654275842575,0.05534915034420368,-0.08204618214588083,0.21420440392065665,-0.08177919193822987,0.2780888546236993,0.7306367463985237,0.023285548682364758,-0.08178866107531896,0.1943448421320147,0.09000117304571391,0.09000117304571391,0.0,0.0,0.0,-0.2310663293692542,0.0,0.0,0.0,0,0.3213771213384914
1.3020800000000017,0.0,0.0,0.6798616037242994,0.0,0.0,0.29729401506977843,-0.5939631793650895,-0.1541509956533539,1.265469422388542,-0.0579683627619707,0.15685998971274834,0.3662037894368032,-0.33799589387598955,0.06229201240480735,0.9988204557389955,-0.017070921446210485,0.037595740498782046,0.2793325905763887,0.09000117304571391,0.09000117304571391,0.0,0.0,0.0,-0.23066660231786817,0.0,0.0,0.0,0,0.3201383962757006
1.3062400000000016,0.0,0.0,0.6810960563268152,0.0,0.0,0.29626862460381304,-0.01973512890627817,0.46409643572102255,0.8556754472184838,0.14319615287604862,-0.08306789582265486,0.3373672146610293,-0.17856589091468636,0.26302465969029337,0.9279499424849438,0.06326891900822258,-0.02292204328567088,0.30773135381063393,0.09000117304571391,0.09000117304571391,0.0,0.0,0.0,-0.23026182524570304,0.0,0.0,0.0,0,0.31890394367318475
1.3104000000000016,0.0,0.0,0.6823262446311749,0.0,0.0,0.29524519304629854,0.26277673312929306,0.16975076392207678,0.7818568683733289,-0.14275678513760634,-0.05697996136492245,0.032802113158959256,0.04181160624496295,0.21626875447070848,0.8549719359107385,-0.03974363879432434,-0.04005076448432394,0.16964706022904447,0.09000117304571391,0.09000117304571391,0.0,0.0,0.0,-0.22985210347007667,0.0,0.0,0.0,0,0.31767375536882514
1.3145600000000015,0.0,0.0,0.6835521768817183,0.0,0.0,0.29422374013042063,-0.3376711568510043,-0.4586431907801833,0.059281390201725515,-0.061348092670663434,0.1031232240779375,0.35411469078287117,-0.14805988209225582,-0.12097745517576804,0.4578591018471575,-0.05061703352253099,0.031530740727260385,0.2611678295148214,0.09000117304571391,0.09000117304571391,0.0,0.0,0.0,-0.2294375407830973,0.0,0.0,0.0,0,0.3164478231182817
1.3187200000000014,0.0,0.0,0.684773861403192,0.0,0.0,0.2932042851536785,0.17876697626938212,0.2535143621257026,0.2918585493940829,-0.0310235734535483,-0.008513667092125738,0.2671514938388706,0.015291252154305393,0.06625291571317987,0.3754153649968294,-0.04079570216161434,0.01172751626492143,0.26318143214200296,0.09000117304571391,0.09000117304571391,0.0,0.0,0.0,-0.22901823947269406,0.0,0.0,0.0,0,0.31522613859680804
1.3228800000000014,0.0,0.0,0.6859913065989598,0.0,0.0,0.2921868469842905,0.5642768779973785,-0.08966571915452955,0.8779718525725446,-0.19162057289109508,-0.07850677902171205,0.20870699729167663,0.2893892679547277,-0.011871091791497345,0.6271323004355311,-0.11616317976439554,-0.033236135670320806,0.23543294494021239,0.09000117304571391,0.09000117304571391,0.0,0.0,0.0,-0.22859430034286987,0.0,0.0,0.0,0,0.3140086934010402
1.3270400000000013,0.0,0.0,0.6872045209492411,0.0,0.0,0.29117144406751255,-0.35461636739264984,0.16940215066124809,0.6307842997376352,-0.18695392691285015,-0.0018961376151515237,0.33554989813590264,-0.03300704895675021,0.07876112107497821,0.629657029675313,-0.151489547256121,-0.01673489599123084,0.28511476364467103,0.09000117304571391,0.09000117304571391,0.0,0.0,0.0,-0.22816582273360997,0.0,0.0,0.0,0,0.3127954790507589
1.3312000000000013,0.0,0.0,0.6884135130093739,0.0,0.0,0.29015809443187174,-0.22147796463897076,0.6470300417018071,1.0040270004090182,0.12843219279069631,0.08659369833543118,0.413972909103981,-0.12697701174039325,0.3630806202607192,0.8177037216497814,-0.01139207615620715,0.0344659711440406,0.35048026395931947,0.09000117304571391,0.09000117304571391,0.0,0.0,0.0,-0.2277329045404367,0.0,0.0,0.0,0,0.3115864869906261
1.3353600000000012,0.0,0.0,0.6896182914081044,0.0,0.0,0.28914681569531514,-0.1734714411883757,-0.558241283439432,0.48546088602876813,-0.04993571184574582,-0.08261168486766612,0.42411834572206364,-0.15032662051414705,-0.09775815028361626,0.65246359844891,-0.03152507007981012,-0.024285657270301617,0.3865898478898517,0.09000117304571391,0.09000117304571391,0.0,0.0,0.0,-0.22729564223436616,0.0,0.0,0.0,0,0.3103817085918956
1.3395200000000012,0.0,0.0,0.6908188648459014,0.0,0.0,0.28813762507127355,-0.6261581128630289,-0.6534134325922824,0.9850596666874601,0.0509821811484204,0.10067499657946277,0.3212647241112631,-0.38814029731770155,-0.3753810778732668,0.8194339927579732,0.010032193495944176,0.03857101030714152,0.35306039105549775,0.09000117304571391,0.09000117304571391,0.0,0.0,0.0,-0.22685413088097672,0.0,0.0,0.0,0,0.3091811351540986
1.343680000000001,0.0,0.0,0.6920152420932957,0.0,0.0,0.28713053937464333,-0.07570653735973487,0.3917808751992608,0.39981044970436275,0.025178723427140854,0.038561254376893506,0.19822373839598942,-0.23186711527869866,0.008284102281492211,0.6100326551485311,0.016765525284641473,0.03922530027322155,0.27513717775727625,0.09000117304571391,0.09000117304571391,0.0,0.0,0.0,-0.22640846415901983,0.0,0.0,0.0,0,0.3079847579067043
1.347840000000001,0.0,0.0,0.6932074319892444,0.0,0.0,0.28612557502768815,-0.020216107393374285,-0.5639718591735616,-0.05742803673865082,0.14364926455897914,0.05163224329280763,0.15978009706287907,-0.12574211617458558,-0.27774067952328585,0.2766309275641424,0.08057055533506932,0.04551947500783759,0.21700876412342296,0.09000117304571391,0.09000117304571391,0.0,0.0,0.0,-0.22595873437995861,0.0,0.0,0.0,0,0.3067925680107556
1.352000000000001,0.0,0.0,0.6943954434395188,0.0,0.0,0.28512274806585713,-0.24542362389569228,0.34580668361368866,0.8372467328094175,-0.11657278396365188,-0.1496810878251677,0.3954493482615869,-0.18582630477914866,0.0337246241773481,0.5577669292520988,-0.017926337762192313,-0.05139089884491206,0.30542279847221543,0.09000117304571391,0.09000117304571391,0.0,0.0,0.0,-0.22550503250544307,0.0,0.0,0.0,0,0.30560455656048124
1.356160000000001,0.0,0.0,0.6955792854151168,0.0,0.0,0.28412207414352775,0.09254730202319392,-0.23532656510132954,1.0229592740536808,-0.21975847644421986,0.14729305779882454,0.22832289248889323,-0.047095456324587615,-0.10049798856058646,0.790841710203991,-0.11843923050345222,0.04865995319927689,0.26666216967163775,0.09000117304571391,0.09000117304571391,0.0,0.0,0.0,-0.2250474481665674,0.0,0.0,0.0,0,0.3044207145848832
1.3603200000000009,0.0,0.0,0.6967589669506987,0.0,0.0,0.28312356853966636,0.7734527602288589,0.33096729470400593,0.6338026128368844,-7.184775120453332e-05,-0.0508915617695786,0.38842534678587287,0.36318348532054734,0.11513096693035153,0.7131304622441017,-0.05889817456850949,-0.0006995936757626206,0.32682135155175407,0.09000117304571391,0.09000117304571391,0.0,0.0,0.0,-0.2245860696808465,0.0,0.0,0.0,0,0.3032410330493013
1.3644800000000008,0.0,0.0,0.6979344971430463,0.0,0.0,0.2821272461634158,0.18194736479376408,0.24573800928172118,0.8247351904128211,0.02004008158990702,-0.07176231361186267,0.46305891059914184,0.2726060138782052,0.1802861247957151,0.7698979483932576,-0.019517875053562107,-0.0362198149985508,0.39435822716507557,0.09000117304571391,0.09000117304571391,0.0,0.0,0.0,-0.2241209840710796,0.0,0.0,0.0,0,0.30206550285695366
1.3686400000000007,0.0,0.0,0.6991058851495446,0.0,0.0,0.28113312155960196,-0.5117109325605009,-0.17552730939948066,0.9115168761775538,0.06276319950217368,-0.12752722433953187,0.26986613072171245,-0.11942664389251993,0.002112410276731089,0.8412697962045257,0.02125288961668441,-0.08222604148779768,0.33208204062283253,0.09000117304571391,0.09000117304571391,0.0,0.0,0.0,-0.22365227708161228,0.0,0.0,0.0,0,0.30089411485045536
1.3728000000000007,0.0,0.0,0.700273140186687,0.0,0.0,0.2801412089141707,0.1122439364711237,0.41940964933012265,0.17256265627390033,0.03974435546514376,-0.05409061342100507,0.22732023727772238,-0.003506572567256872,0.2106510478174442,0.5073859865261939,0.030260420374320567,-0.06797014110973702,0.2789288476669357,0.09000117304571391,0.09000117304571391,0.0,0.0,0.0,-0.22318003319690993,0.0,0.0,0.0,0,0.29972685981331304
1.3769600000000006,0.0,0.0,0.7014362715286018,0.0,0.0,0.2791515220595452,0.37409368863798187,-0.21203999181998556,0.3885914394835662,0.03870943690075775,-0.28218774051280515,0.3641208210432795,0.18537866951567664,-0.0012857730515892052,0.44874745090760637,0.03354448257271602,-0.1743915845676227,0.32045747368565947,0.09000117304571391,0.09000117304571391,0.0,0.0,0.0,-0.22270433565774161,0.0,0.0,0.0,0,0.2985637284713982
1.3811200000000006,0.0,0.0,0.7025952885056014,0.0,0.0,0.27816407447991354,0.12331150777642866,0.5766078848069021,1.0567250917996445,0.031983896911374564,-0.05705854493508511,0.2203390377840594,0.154411185110727,0.28754703548537836,0.7532006274990676,0.032761787206602826,-0.11602872907603265,0.2695376904436423,0.09000117304571391,0.09000117304571391,0.0,0.0,0.0,-0.22222526647796303,0.0,0.0,0.0,0,0.2974047114943986
1.3852800000000005,0.0,0.0,0.7037502005027533,0.0,0.0,0.27717887931644464,-0.17490326674403076,0.15336768387051308,0.7844530975811909,-0.14954680990644073,0.08158254085716297,0.2428648687451445,-0.010559328164914537,0.22062573833778362,0.7693342108276369,-0.058414521485644626,-0.01705699661071693,0.25525201415831905,0.09000117304571391,0.09000117304571391,0.0,0.0,0.0,-0.22174290646200723,0.0,0.0,0.0,0,0.2962497994972467
1.3894400000000005,0.0,0.0,0.7049010169584717,0.0,0.0,0.27619594937242914,-0.20465527555311988,-0.1946085427217459,0.8879257758424788,0.035262463299418616,-0.14967415020663555,0.2708418376081534,-0.10753554040567444,0.012694683046750591,0.8291954979195991,-0.011473710025865702,-0.08350552670423922,0.26240564337566674,0.09000117304571391,0.09000117304571391,0.0,0.0,0.0,-0.22125733522009017,0.0,0.0,0.0,0,0.29509898304152826
1.3936000000000004,0.0,0.0,0.7060477473631316,0.0,0.0,0.27521529711835485,0.18154944752080068,0.36602285109966864,1.0708860658659445,0.036998014199184935,0.05296962240482679,0.32947704526040644,0.037085674954284865,0.1894708324348995,0.9507295461273427,0.012882271722388405,-0.014996683977337453,0.29508580417784486,0.09000117304571391,0.09000117304571391,0.0,0.0,0.0,-0.22076863118540058,0.0,0.0,0.0,0,0.2939522526368684
1.3977600000000003,0.0,0.0,0.707190401257702,0.0,0.0,0.27423693469690874,0.09586387908993578,0.3708410419157582,0.8900375742576532,-0.10502794349878364,-0.1356771121418658,0.4225614655707052,0.06625461135418116,0.279876351758642,0.9212628156117059,-0.04504500050626078,-0.0759782541012541,0.3584478472616156,0.09000117304571391,0.09000117304571391,0.0,0.0,0.0,-0.2202768716293243,0.0,0.0,0.0,0,0.29280959874229795
1.4019200000000003,0.0,0.0,0.7083289882324016,0.0,0.0,0.27326087392791354,0.06053495837717839,-0.025229846414708518,0.6217301502099505,-0.09687222238977113,-0.12234532186388103,0.1368626185948331,0.06319362593299493,0.12706730703227706,0.7717804456952087,-0.07113440367873884,-0.09947811856974789,0.2470017706645073,0.09000117304571391,0.09000117304571391,0.0,0.0,0.0,-0.21978213267758562,0.0,0.0,0.0,0,0.29167101176759835
1.4060800000000002,0.0,0.0,0.7094635179253733,0.0,0.0,0.2722871263131951,0.730068087352849,-0.13299114428107545,0.7205763161077887,0.012784832082436266,-0.07469333252025011,0.39773857674528423,0.39666247108683783,-0.003120124128233333,0.747007342210585,-0.029351295724323705,-0.0865940727527758,0.32138204886241606,0.09000117304571391,0.09000117304571391,0.0,0.0,0.0,-0.2192844893258078,0.0,0.0,0.0,0,0.2905364820746267
1.4102400000000002,0.0,0.0,0.7105940000213791,0.0,0.0,0.2713157030413833,0.15863582772083232,-0.3847248509506345,0.5515657540255352,-0.006328642095720871,0.038286234112978046,0.23692165956010702,0.2776358712408992,-0.19384498367191508,0.6497773359876197,-0.01858713289050369,-0.024421509303449947,0.2794624396071974,0.09000117304571391,0.09000117304571391,0.0,0.0,0.0,-0.21878401545427884,0.0,0.0,0.0,0,0.28940599997862093
1.4144,0.0,0.0,0.7117204442505151,0.0,0.0,0.27034661499264906,-0.1473643454931816,-0.1543245097411494,0.765302411608882,0.02847072345483803,-0.04006532872777336,0.3318777429923538,0.06519134957314986,-0.17416817968538983,0.708232654369393,0.005255003689467921,-0.03206219748993784,0.3048607855970176,0.09000117304571391,0.09000117304571391,0.0,0.0,0.0,-0.21828078384384553,0.0,0.0,0.0,0,0.28827955574948494
1.41856,0.0,0.0,0.7128428603869458,0.0,0.0,0.269379872743374,0.03730643616152278,0.034438002231309606,0.6047288106969299,-0.09896557077705313,0.08594855955164338,0.4031833151927994,0.05104224141448611,-0.06968473510526457,0.6573209471434449,-0.04655490821182401,0.02687629366574505,0.35289573531643864,0.09000117304571391,0.09000117304571391,0.0,0.0,0.0,-0.217774866190371,0.0,0.0,0.0,0,0.2871571396130542
1.42272,0.0,0.0,0.7139612582476572,0.0,0.0,0.26841548657075753,-0.07630446843119909,0.3857811951047621,0.30553356089006073,-0.23516643498042047,-0.0277736901278703,0.14764193454096564,-0.013120259017356821,0.15799386715905736,0.48173538870706956,-0.14127411314361538,-0.0005502687996310802,0.24859644549525536,0.09000117304571391,0.09000117304571391,0.0,0.0,0.0,-0.21726633311935617,0.0,0.0,0.0,0,0.2860387417523428
1.42688,0.0,0.0,0.7150756476912296,0.0,0.0,0.26745346645736157,0.3899675727493501,0.1040711934652555,1.342757506474844,0.02495515785772627,0.095166682511793,0.5225327829243479,0.18847709100507867,0.13122977901288443,0.9133389574628274,-0.05754864940064202,0.04745494274436562,0.385724079424042,0.09000117304571391,0.09000117304571391,0.0,0.0,0.0,-0.21675525420093777,0.0,0.0,0.0,0,0.28492435230877045
1.4310399999999999,0.0,0.0,0.7161860386166279,0.0,0.0,0.2664938220955909,0.08605062775515421,0.3700684356653781,1.0947521824651583,-0.1808675871125184,0.054662654823119494,0.38678634304491566,0.1368897722525087,0.250764567208635,1.0048534937957574,-0.12056047606548673,0.05101416376414133,0.38522131339925686,0.09000117304571391,0.09000117304571391,0.0,0.0,0.0,-0.21624169796366277,0.0,0.0,0.0,0,0.2838139613833721
1.4351999999999998,0.0,0.0,0.7172924409620117,0.0,0.0,0.2655365628921145,-0.10003235365326472,0.6116000685555644,0.9168433399956983,0.08275025931764303,-0.03552300066029903,0.4025333375725886,0.018599867840968533,0.4311106197074423,0.961685659773929,-0.019253872786481625,0.007912828999417166,0.39358718460310077,0.09000117304571391,0.09000117304571391,0.0,0.0,0.0,-0.21572573190895727,0.0,0.0,0.0,0,0.2827075590379883
1.4393599999999998,0.0,0.0,0.7183948647035626,0.0,0.0,0.26458169797222497,0.5287606899297204,-0.11572153536932535,0.3283564108457543,0.06519277962055066,0.047305949226175675,0.3525982706070797,0.2738187101890287,0.15779028596448236,0.645751632330173,0.023318726690509942,0.027041764739159813,0.37230937634295996,0.09000117304571391,0.09000117304571391,0.0,0.0,0.0,-0.21520742252501035,0.0,0.0,0.0,0,0.2816051352964374
1.4435199999999997,0.0,0.0,0.7194933198543298,0.0,0.0,0.2636292361841382,-0.2623877743246664,-0.30788944701746185,0.6727650103341883,0.04749726788744729,0.023180413570581336,0.42906618453711354,0.005809937515421494,-0.07500386440435103,0.660151042627224,0.035681130340365255,0.02474584001610523,0.40064226981576456,0.09000117304571391,0.09000117304571391,0.0,0.0,0.0,-0.21468683530071098,0.0,0.0,0.0,0,0.28050668014567015
1.4476799999999996,0.0,0.0,0.7205878164630933,0.0,0.0,0.2626791861032337,-0.24354890526116743,-0.26386173208612174,0.34144967330776926,-0.008489637547932275,0.044139370031503464,0.14565043105879577,-0.11888846936502447,-0.16934157728405694,0.5011021596041008,0.013397779064033473,0.034088483767540166,0.27264187804879775,0.09000117304571391,0.09000117304571391,0.0,0.0,0.0,-0.21416403473878443,0.0,0.0,0.0,0,0.27941218353690667
1.4518399999999996,0.0,0.0,0.7216783646132443,0.0,0.0,0.26173155603623854,0.09253272442408529,-0.07692601380913376,0.8374434517448182,5.978535611836713e-05,-0.07108575591608489,0.27281912871905073,-0.013174810960776108,-0.12328057923875423,0.6698428048026319,0.006028699199384851,-0.01869671106624585,0.2726392586608052,0.09000117304571391,0.09000117304571391,0.0,0.0,0.0,-0.2136390843695135,0.0,0.0,0.0,0,0.2783216353867557
1.4559999999999995,0.0,0.0,0.7227649744216833,0.0,0.0,0.2607863540253522,0.09826132819274572,-0.07412925980821138,0.5740873177109566,-0.037821425796793796,0.08633972481748776,0.2332345543414074,0.04246579097302773,-0.09852532421687514,0.622449710288481,-0.016095532554242606,0.033974781033163225,0.25284422426565245,0.09000117304571391,0.09000117304571391,0.0,0.0,0.0,-0.21311204676408702,0.0,0.0,0.0,0,0.2772350255783167
1.4601599999999995,0.0,0.0,0.7238476560377346,0.0,0.0,0.2598435878523149,-0.23659217202896193,-0.15208857768754433,0.8705767418423903,0.0447872075239817,-0.028441967159300047,0.23805664500119028,-0.09697263706672071,-0.12536632494236358,0.7470104026846445,0.014654448618934213,0.0026938123872133134,0.2453121968024264,0.09000117304571391,0.09000117304571391,0.0,0.0,0.0,-0.21258298354714167,0.0,0.0,0.0,0,0.2761523439622654
1.4643199999999994,0.0,0.0,0.724926419642078,0.0,0.0,0.2589032650424213,-0.37409368040156926,-0.35946004490659056,0.9517129023726261,0.0983587988990483,-0.10198655460255597,0.38122557056155276,-0.2353290918344542,-0.24262829528511676,0.8501569485016528,0.05581722235574556,-0.04899379805584764,0.3128151807377027,0.09000117304571391,0.09000117304571391,0.0,0.0,0.0,-0.21205195541031763,0.0,0.0,0.0,0,0.27507358035792195
1.4684799999999993,0.0,0.0,0.7260012754456967,0.0,0.0,0.25796539286847714,0.12983422724210425,0.32876524082426417,0.738505472286692,0.10729048362866592,-0.03435565072679112,0.197408960922176,-0.052520947221783465,0.043000710994732516,0.7947421620958499,0.08118090753396011,-0.0415307655984595,0.2545770281952905,0.09000117304571391,0.09000117304571391,0.0,0.0,0.0,-0.21151902212426077,0.0,0.0,0.0,0,0.2739987245543033
1.4726399999999993,0.0,0.0,0.7270722336888413,0.0,0.0,0.2570299783547039,0.08317326373302907,-0.04085111221733114,0.7207227491369612,-0.08456600886626292,0.02281232556501868,0.312769530885867,0.015151147270390323,0.0011211264396304532,0.7583827797872477,-0.0016503693493143817,-0.009106007467532805,0.28352982391335196,0.09000117304571391,0.09000117304571391,0.0,0.0,0.0,-0.21098424255174164,0.0,0.0,0.0,0,0.27292776631115867
1.4767999999999992,0.0,0.0,0.7281393046400104,0.0,0.0,0.25609702828058734,-0.11960558252798449,0.23108620676396555,1.2297354053038254,0.03332491266115365,-0.08220758924648974,0.24808113167216195,-0.052158250408096046,0.11593387445895952,0.9945780715016663,0.015548776197286517,-0.045454050252380154,0.26596202757451615,0.09000117304571391,0.09000117304571391,0.0,0.0,0.0,-0.21044767465954206,0.0,0.0,0.0,0,0.2718606953599896
1.4809599999999992,0.0,0.0,0.7292024985949466,0.0,0.0,0.25516654918467513,-0.005120377593984159,-0.011730652135509938,0.727446266479981,-0.045853911668072005,0.11417610838891451,0.4229199808024939,-0.02873352326768887,0.052340140317179706,0.8618914882881065,-0.01555080523349005,0.03341822782503254,0.3436965775724848,0.09000117304571391,0.09000117304571391,0.0,0.0,0.0,-0.20990937553113587,0.0,0.0,0.0,0,0.27079750140505343
1.485119999999999,0.0,0.0,0.7302618258756479,0.0,0.0,0.2542385473683206,-0.11330634573214945,-0.2941695729559814,0.9404469605094186,0.2155664973576998,-0.01162232952555832,0.5031459928191018,-0.07057001020614574,-0.12094131210240772,0.9022173692291775,0.09896211641314702,0.010899378681511552,0.42289845106496,0.09000117304571391,0.09000117304571391,0.0,0.0,0.0,-0.20936940137824167,0.0,0.0,0.0,0,0.2697381741243521
1.489279999999999,0.0,0.0,0.7313172968293953,0.0,0.0,0.25331302889937646,0.20018027992578294,0.018440318293516368,1.2965983205353648,0.05183887233950966,0.04086087823263098,0.1142053494313883,0.06491323233212655,-0.05116601109360276,1.0996492318469813,0.07618268033010327,0.026589344602211334,0.26805067248848935,0.09000117304571391,0.09000117304571391,0.0,0.0,0.0,-0.20882780755295682,0.0,0.0,0.0,0,0.2686827031706047
1.493439999999999,0.0,0.0,0.7323689218277946,0.0,0.0,0.2523899996158369,0.023044260932702332,0.22225404043205174,0.5648051400882312,-0.01603076034371424,-0.08695194645729966,0.24585127136017867,0.04394431804315718,0.08536676325333442,0.8327358580059394,0.030462730634601566,-0.030988020404419572,0.2564469771095061,0.09000117304571391,0.09000117304571391,0.0,0.0,0.0,-0.20828464855961537,0.0,0.0,0.0,0,0.26763107817220544
1.497599999999999,0.0,0.0,0.7334167112658339,0.0,0.0,0.2514694651294291,0.5616582182979821,-0.2156329474109215,0.6768205550880831,-0.026815567997582043,0.09301784788423441,0.1280569159873296,0.3027497927623339,-0.06494102181675457,0.7550450130909561,0.0015014807816254795,0.03066938854842301,0.19151827738142554,0.09000117304571391,0.09000117304571391,0.0,0.0,0.0,-0.20773997806605227,0.0,0.0,0.0,0,0.26658328873416615
1.5017599999999989,0.0,0.0,0.7344606755609553,0.0,0.0,0.25055143082915593,0.5284879369565462,0.1778068976205761,0.5136757505408197,-0.06618611446155923,0.049957378256354386,0.39029677456949763,0.4154840364028993,0.05653960100275231,0.6351699766308727,-0.03294246326619323,0.03980506608066989,0.2911458689102781,0.09000117304571391,0.09000117304571391,0.0,0.0,0.0,-0.20719384891501558,0.0,0.0,0.0,0,0.2655393244390447
1.5059199999999988,0.0,0.0,0.7355008251521419,0.0,0.0,0.24963590188479065,0.7849574567413501,-0.05768578280150192,0.950323625839513,-0.011833792753474124,-0.10916630588872869,0.44429009997714763,0.6001982462756005,-0.0008002657048429587,0.7936757091933815,-0.02216264980024754,-0.0350015299967922,0.3664617577347762,0.09000117304571391,0.09000117304571391,0.0,0.0,0.0,-0.20664631313583903,0.0,0.0,0.0,0,0.2644991748478581
1.5100799999999988,0.0,0.0,0.7365371704990182,0.0,0.0,0.24872288325032102,-0.20546667435809413,-0.12419016286351404,0.7160876982047109,-0.016266348864140395,0.07382333675972397,0.2545931478868039,0.19732826483011962,-0.06234370625631005,0.7554121054115132,-0.020152525487657284,0.019970820340378514,0.3098622577252113,0.09000117304571391,0.09000117304571391,0.0,0.0,0.0,-0.2060974219550885,0.0,0.0,0.0,0,0.26346282950098177
1.5142399999999987,0.0,0.0,0.7375697220809655,0.0,0.0,0.24781237966734806,0.15807166808614198,0.4503918892177987,1.1089690191598265,-0.07087842931636609,0.0226753406250272,0.4759688907707299,0.17755291031466994,0.1940744479605906,0.9331843742555497,-0.04582170986524527,0.021513044453557142,0.39226229479893354,0.09000117304571391,0.09000117304571391,0.0,0.0,0.0,-0.20554722580757046,0.0,0.0,0.0,0,0.2624302779190345
1.5183999999999986,0.0,0.0,0.7385984903962507,0.0,0.0,0.24690439566843783,-0.46339541795517736,0.5849503168051161,0.5373485675268272,0.048799341840142695,-0.07116347377467891,0.22607169042004163,-0.1428238945624567,0.38936673011960676,0.7357367746158514,0.0013177980827491086,-0.024641635046984123,0.30780673788211527,0.09000117304571391,0.09000117304571391,0.0,0.0,0.0,-0.20499577434759841,0.0,0.0,0.0,0,0.2614015096037493
1.5225599999999986,0.0,0.0,0.7396234859611691,0.0,0.0,0.24599893558042493,-0.27854766501270317,0.1577358553717477,1.486956983573049,-0.016503324431573593,0.19172270631338187,0.2965385250075287,-0.21072077186859745,0.27394792399876383,1.111970661592541,-0.0077282184418412956,0.08377939989785892,0.301339414381303,0.09000117304571391,0.09000117304571391,0.0,0.0,0.0,-0.20444311645890967,0.0,0.0,0.0,0,0.2603765140388309
1.5267199999999985,0.0,0.0,0.7406447193092011,0.0,0.0,0.2450960035276735,-0.2825617300387067,0.10804162221096346,0.7046036892209123,0.01731253476083886,-0.0331359889758947,0.2691024355918266,-0.24660581853320168,0.19092464872198098,0.9088459427286084,0.004826350182979013,0.025349172137679423,0.28431293841518757,0.09000117304571391,0.09000117304571391,0.0,0.0,0.0,-0.2038893002660137,0.0,0.0,0.0,0,0.25935528069079894
1.5308799999999985,0.0,0.0,0.7416622009901814,0.0,0.0,0.2441956034352898,0.10290125851086829,-0.12267417531190028,0.2782174096015265,0.09527735728542043,0.13181169427473724,0.255041997580391,-0.07165187272066066,0.03439575820188185,0.5940592996142113,0.050148248573464074,0.07927015545154026,0.268930997878881,0.09000117304571391,0.09000117304571391,0.0,0.0,0.0,-0.20333437314397707,0.0,0.0,0.0,0,0.25833779900981857
1.5350399999999984,0.0,0.0,0.7426759415694827,0.0,0.0,0.243297739032293,-0.43706531864929,0.07092475503987365,0.44582955176303823,-0.10432732267629458,-0.022655144690881705,0.10694125730949028,-0.2545772962764691,0.052611975820929927,0.5201652720078472,-0.027490373043098072,0.028994109574833577,0.18821150570716033,0.09000117304571391,0.09000117304571391,0.0,0.0,0.0,-0.2027783817288893,0.0,0.0,0.0,0,0.2573240584305173
1.5391999999999983,0.0,0.0,0.7436859516272107,0.0,0.0,0.24240241385474107,0.5333365101447096,-0.14971098114265635,0.29258739094588104,-0.021758709735502174,-0.05241872127017049,0.3346226279978285,0.13933889365197966,-0.04866086650841806,0.4070718246142953,-0.024158873089428854,-0.011265359894007553,0.26088825639383373,0.09000117304571391,0.09000117304571391,0.0,0.0,0.0,-0.2022213719278344,0.0,0.0,0.0,0,0.25631404837278926
1.5433599999999983,0.0,0.0,0.7446922417574141,0.0,0.0,0.2415096312488141,0.016642171604278583,-0.12662488346473144,0.8261477855448033,0.028309126824583777,-0.03454554322882255,0.28272753953427265,0.07804919860681714,-0.08771546108961134,0.6172017849948425,0.0017628853762798788,-0.022814128623967412,0.2713341329983703,0.09000117304571391,0.09000117304571391,0.0,0.0,0.0,-0.2016633889293279,0.0,0.0,0.0,0,0.2553077582425859
1.5475199999999982,0.0,0.0,0.7456948225673051,0.0,0.0,0.2406193943738531,0.4092350332794973,-0.3466658711486388,0.7806444851316476,0.034686772002201605,-0.0999057047436595,0.19907688023544684,0.24371585251813793,-0.2174002254879842,0.699339202055533,0.018572949190019842,-0.061380751992137106,0.23480180878804502,0.09000117304571391,0.09000117304571391,0.0,0.0,0.0,-0.20110447721251,0.0,0.0,0.0,0,0.2543051774326949
1.5516799999999982,0.0,0.0,0.7466937046764941,0.0,0.0,0.23973170620535927,0.3259393672517566,0.07239339776107567,0.5521591079700355,0.14489604367004424,0.24410061876773004,0.3760460881424542,0.2851275747873211,-0.0719920922562908,0.6265308859311673,0.0826832836488395,0.09058470181482015,0.30512838282635585,0.09000117304571391,0.09000117304571391,0.0,0.0,0.0,-0.2005446805573381,0.0,0.0,0.0,0,0.2533062953235059
1.5558399999999981,0.0,0.0,0.7476888987162356,0.0,0.0,0.23884656953794997,0.4490043404845346,-0.5769191304487826,1.22939609302616,-0.07981473617487267,-0.04182609150356028,0.30591241976332934,0.3669013701280869,-0.32454379052030086,0.9286040329280141,0.0013109537577743052,0.023257278739696376,0.30550305050142207,0.09000117304571391,0.09000117304571391,0.0,0.0,0.0,-0.19998404205396147,0.0,0.0,0.0,0,0.25231110128376444
1.559999999999998,0.0,0.0,0.7486804153286867,0.0,0.0,0.23796398698827442,-0.10171446215952318,0.44596806912557196,1.0611719609241834,-0.06545958903731817,0.04738887099326296,0.3631419284177717,0.13245391704440493,0.06081559240689536,0.995644183775607,-0.032020149743564826,0.03556484123186364,0.33435026373979515,0.09000117304571391,0.09000117304571391,0.0,0.0,0.0,-0.19942260411213264,0.0,0.0,0.0,0,0.2513195846713133
1.564159999999998,0.0,0.0,0.7496682651661779,0.0,0.0,0.23708396099788936,-0.17067366262133138,-0.39975460968110677,0.6016628555554098,0.08659902055191888,0.1661123756473315,0.196712014148981,-0.01893176699029712,-0.16912749809247168,0.7990619203574719,0.02723208429721624,0.10096273862236486,0.26457716189261177,0.09000117304571391,0.09000117304571391,0.0,0.0,0.0,-0.1988604084708685,0.0,0.0,0.0,0,0.2503317348338221
1.568319999999998,0.0,0.0,0.7506524588904949,0.0,0.0,0.2362064938360933,-0.19056345607299752,0.301548846783446,1.0920457904132195,-0.22497210131020445,0.03196317878479733,0.17345875037641473,-0.1052160420128487,0.066281461732276,0.9459170701449253,-0.09919330795569757,0.06598107706765383,0.21884325281556244,0.09000117304571391,0.09000117304571391,0.0,0.0,0.0,-0.19829749620707848,0.0,0.0,0.0,0,0.24934754110950508
1.5724799999999979,0.0,0.0,0.751633007172173,0.0,0.0,0.23533158760272385,0.125002089190191,0.389035247350109,1.610912755222924,-0.09997912817048246,0.01637371503691866,0.2432180550874402,0.009687643879492756,0.22769434946671563,1.278926037793626,-0.10004922334436474,0.04133462612860373,0.2307476422741557,0.09000117304571391,0.09000117304571391,0.0,0.0,0.0,-0.19773390774540334,0.0,0.0,0.0,0,0.24836699282782704
1.5766399999999978,0.0,0.0,0.7526099206898018,0.0,0.0,0.23445924423091327,0.5198717853288869,-0.22275039766724428,0.6777320729359771,-0.009883039793539172,-0.023207617455970997,0.26606369584689893,0.264763476373704,0.0024187507863501247,0.9788779172000741,-0.055331663024766484,0.00993408612718185,0.24856499968525678,0.09000117304571391,0.09000117304571391,0.0,0.0,0.0,-0.19716968286637893,0.0,0.0,0.0,0,0.24739007931019819
1.5807999999999978,0.0,0.0,0.7535832101293427,0.0,0.0,0.23358946548980886,0.22225293114028574,-0.4693693106830709,1.0763882557086433,0.09785949428653985,0.012864589214604838,0.3332514265956791,0.2437114610162808,-0.23345206533565427,1.0283280109960162,0.02124938776651153,0.01151552622535291,0.29037918704745846,0.09000117304571391,0.09000117304571391,0.0,0.0,0.0,-0.19660486071580896,0.0,0.0,0.0,0,0.2464167898706573
1.5849599999999977,0.0,0.0,0.7545528861834563,0.0,0.0,0.23272225298725352,-0.35204022688198394,-0.3632662757791332,1.0887400686774704,0.12536394213180768,0.15180304724003468,0.21959583252870768,-0.05390839371028022,-0.2980443090568005,1.0589932484048008,0.0735862756949536,0.08163879148115324,0.25401454655414335,0.09000117304571391,0.09000117304571391,0.0,0.0,0.0,-0.19603947981342407,0.0,0.0,0.0,0,0.24544711381654372
1.5891199999999976,0.0,0.0,0.7555189595508414,0.0,0.0,0.2318576081724292,0.15097925396989992,0.15963471431727566,0.8741911752868698,-0.12192753033578788,-0.07918718737129957,0.0991248155393428,0.04828328545053399,-0.06936592156163711,0.9667982019779001,-0.024171260490684278,0.0010532549110013874,0.17604752122401157,0.09000117304571391,0.09000117304571391,0.0,0.0,0.0,-0.19547357806125354,0.0,0.0,0.0,0,0.24448104044915864
1.5932799999999976,0.0,0.0,0.756481440935585,0.0,0.0,0.23099553233846468,0.19935723911995032,-0.17495326880229878,0.903496361090347,-0.0589270707793389,-0.04035353716993989,0.08818891413243776,0.12369875120075652,-0.12224424952408086,0.9353327820781434,-0.04154615757434141,-0.019656476677388488,0.13091543578948095,0.09000117304571391,0.09000117304571391,0.0,0.0,0.0,-0.19490719275256363,0.0,0.0,0.0,0,0.243518559064415
1.5974399999999975,0.0,0.0,0.7574403410465225,0.0,0.0,0.23013602662500518,0.02058146282965227,-0.28071154788918223,0.07230641397129467,-0.01781898076250297,0.21184192445131542,0.3436698193646695,0.07210142510902857,-0.20103866214098734,0.5045293655646395,-0.02925259205604088,0.09621235130647658,0.23680618902624964,0.09000117304571391,0.09000117304571391,0.0,0.0,0.0,-0.19434036057943882,0.0,0.0,0.0,0,0.24255965895347753
1.6015999999999975,0.0,0.0,0.758395670596609,0.0,0.0,0.22927909202074953,0.11288537836263747,-0.12253322856781698,0.5416665188966698,0.037101251566918146,-0.02518128456121048,0.26311417145828336,0.09257160175101645,-0.16183799996416223,0.5236466502085607,0.003561808468799604,0.03563274559866287,0.2493919290034183,0.09000117304571391,0.09000117304571391,0.0,0.0,0.0,-0.1937731176422126,0.0,0.0,0.0,0,0.24160432940339105
1.6057599999999974,0.0,0.0,0.7593474403023004,0.0,0.0,0.22842472936594718,-0.09382003479318164,-0.023276921094124856,0.8241883964454443,0.03233504744715447,-0.08359626991955528,0.4199963618599748,-0.0005582040139990929,-0.092729793737614,0.6747925699145766,0.017917340968876268,-0.024250623931523368,0.3349893564092222,0.09000117304571391,0.09000117304571391,0.0,0.0,0.0,-0.19320549945636367,0.0,0.0,0.0,0,0.2406525596976996
1.6099199999999974,0.0,0.0,0.7602956608829456,0.0,0.0,0.2275729393548657,-0.3017198965756764,-0.11440557849245675,0.8948808076519673,0.040329932519810936,-0.021917591857120874,0.3731560815758941,-0.15105684613872564,-0.10361460386444636,0.7856151797768592,0.028917151675543585,-0.022517772753777514,0.3536869809812298,0.09000117304571391,0.09000117304571391,0.0,0.0,0.0,-0.19263754096158092,0.0,0.0,0.0,0,0.23970433911705435
1.6140799999999973,0.0,0.0,0.7612403430601882,0.0,0.0,0.22672372253821957,-0.4375451510331725,0.17121284467058231,0.9952888474592327,0.026096117696584698,-0.06257130403334855,0.13363682922871892,-0.29424735703685173,0.033672441822240204,0.8907344380040332,0.02684947096582951,-0.043284777348039115,0.24223516502133266,0.09000117304571391,0.09000117304571391,0.0,0.0,0.0,-0.19206927652914962,0.0,0.0,0.0,0,0.23875965693981183
1.6182399999999972,0.0,0.0,0.7621814975573781,0.0,0.0,0.22587707932556758,-0.35788767484357153,0.41941099835308765,0.5371350925774404,0.13941771446410287,-0.05160127021271349,0.1903139374696701,-0.32577902536409376,0.22643741470534015,0.7143286502230942,0.0836307347251759,-0.0475985509520144,0.21603178639985396,0.09000117304571391,0.09000117304571391,0.0,0.0,0.0,-0.19150073997011507,0.0,0.0,0.0,0,0.23781850244262193
1.6223999999999972,0.0,0.0,0.7631191350989934,0.0,0.0,0.22503300998767525,-0.26023862798182085,-0.09876768710671896,0.4892215237288421,0.04174337224235522,0.12985288374638515,0.28110691663196047,-0.2929218660898639,0.06410203453655856,0.6023593472328868,0.0628450607710028,0.041425404529942936,0.24801643766879894,0.09000117304571391,0.09000117304571391,0.0,0.0,0.0,-0.19093196454251382,0.0,0.0,0.0,0,0.23688086490100657
1.6265599999999971,0.0,0.0,0.764053266410072,0.0,0.0,0.22419151465884643,0.19265829686778904,-0.17526469499369193,0.8167478836054448,-0.10388801319371055,0.03946905113898294,0.150818248789422,-0.05034444498158151,-0.05550004290787765,0.7098686969554912,-0.020523227977303368,0.04003007808687354,0.19947944196005518,0.09000117304571391,0.09000117304571391,0.0,0.0,0.0,-0.1903629829595973,0.0,0.0,0.0,0,0.23594673358992801
1.630719999999997,0.0,0.0,0.764983902215652,0.0,0.0,0.2233525933392199,-0.132627347538877,-0.06793360381704928,0.9931265320188029,0.09642982525696771,0.05776769628393749,0.17287294565860958,-0.09128494438907263,-0.061595578932047305,0.8518588265830862,0.03748593450012253,0.0483321394444848,0.18634171366592772,0.09000117304571391,0.09000117304571391,0.0,0.0,0.0,-0.189793827397014,0.0,0.0,0.0,0,0.23501609778434795
1.634879999999997,0.0,0.0,0.765911053240223,0.0,0.0,0.22251624589703514,0.4475789674154726,-0.24748639721121538,0.7178929722807473,0.2912765360879252,-0.06585842330879045,0.21571103348929077,0.17875753296229646,-0.15467915475573482,0.7853255291705645,0.16393029871682124,-0.008812423487278058,0.20011355121626728,0.09000117304571391,0.09000117304571391,0.0,0.0,0.0,-0.1892245295004492,0.0,0.0,0.0,0,0.23408894675977698
1.639039999999997,0.0,0.0,0.766834730207185,0.0,0.0,0.2216824720708658,-0.02694689194807111,0.13541548165461637,0.5398525774424594,0.1775086122647415,-0.2581239599453684,0.10036201622482063,0.07627318908597208,-0.010167076919759451,0.6627969082213232,0.17067278854895396,-0.13326952968815992,0.1498486606460674,0.09000117304571391,0.09000117304571391,0.0,0.0,0.0,-0.18865512039265042,0.0,0.0,0.0,0,0.23316526979281504
1.6431999999999969,0.0,0.0,0.7677549438383175,0.0,0.0,0.22085127147182296,0.08109728996986153,0.03622175638970851,1.135610623728148,0.031175724824356234,-0.10524849005057224,0.2913383190750114,0.07874974915017141,0.012809749625627332,0.8998133970360152,0.1011104845245119,-0.11974119854892194,0.22041742617664653,0.09000117304571391,0.09000117304571391,0.0,0.0,0.0,-0.18808563068090822,0.0,0.0,0.0,0,0.23224505616168245
1.6473599999999968,0.0,0.0,0.7686717048532581,0.0,0.0,0.22002264358572654,-0.2078967142869563,0.20928357347025334,1.224732488293909,0.09381111384656649,0.06385072044462167,0.006343085493448308,-0.06438111547366888,0.11118077750257008,1.0622894549085418,0.09782260919561327,-0.027925007598971024,0.11289138634341998,0.09000117304571391,0.09000117304571391,0.0,0.0,0.0,-0.18751609046413675,0.0,0.0,0.0,0,0.2313282951467419
1.6515199999999968,0.0,0.0,0.7695850239689883,0.0,0.0,0.21919658777524662,0.2611121248132971,-0.20271739316631313,1.0867049262652297,0.11921548387681301,-0.06108645277588059,0.3037458416879573,0.09861508523146421,-0.04589745330416067,1.0751302362082016,0.10883590017040837,-0.0445560528420875,0.20778119889782248,0.09000117304571391,0.09000117304571391,0.0,0.0,0.0,-0.18694652933987532,0.0,0.0,0.0,0,0.2304149760310117
1.6556799999999967,0.0,0.0,0.7704949118993301,0.0,0.0,0.21837310328201479,-0.4940338624138106,-0.40907603416083504,1.036284734893297,-0.16760032658846327,0.04101532646118582,0.2270665626068157,-0.1980630054678507,-0.22740466994764924,1.0561823094948977,-0.028948107462310448,-0.0014413861292236977,0.21607441460971602,0.09000117304571391,0.09000117304571391,0.0,0.0,0.0,-0.18637697641120776,0.0,0.0,0.0,0,0.22950508810066994
1.6598399999999967,0.0,0.0,0.7714013793544496,0.0,0.0,0.21755218922870606,-0.06182251984443236,-0.23620858108710135,0.9280730262873901,-0.050618594057866534,-0.1349149729746425,0.019193476418232158,-0.13004601520334416,-0.2320851731410435,0.9921667187549056,-0.04030093869877488,-0.06919536010265791,0.11763431417866908,0.09000117304571391,0.09000117304571391,0.0,0.0,0.0,-0.18580746029370965,0.0,0.0,0.0,0,0.22859862064555037
1.6639999999999966,0.0,0.0,0.7723044370403709,0.0,0.0,0.21673384462109122,-0.06433984770672513,-0.6140558347635147,0.8265142723307801,-0.05486155023577019,-0.07869672124152949,0.27265754274428255,-0.09730669522779006,-0.42323525110324345,0.9099073423637898,-0.04752591881852487,-0.07472081816237618,0.1947098807872554,0.09000117304571391,0.09000117304571391,0.0,0.0,0.0,-0.1852380091223138,0.0,0.0,0.0,0,0.22769556295962912
1.6681599999999965,0.0,0.0,0.7732040956584961,0.0,0.0,0.21591806835005975,0.42637818432723634,0.03828807242761381,0.2384584520793661,0.1328236490154073,-0.0416889396363381,0.14965456175715286,0.16481581366432643,-0.19255586745202488,0.5744920281779906,0.04257226071816586,-0.0587859996070729,0.17095787308225338,0.09000117304571391,0.09000117304571391,0.0,0.0,0.0,-0.18466865055745296,0.0,0.0,0.0,0,0.22679590434150387
1.6723199999999965,0.0,0.0,0.7741003659051362,0.0,0.0,0.21510485919361672,-0.3628265982432793,0.18136899837964413,0.9651060410809236,-0.05231721730738847,-0.03061122788566909,0.309834706738292,-0.09911662488835758,-0.005653514105268876,0.7704467335239565,-0.005480849614818701,-0.045168925346120006,0.24013813338229198,0.09000117304571391,0.09000117304571391,0.0,0.0,0.0,-0.18409941179240297,0.0,0.0,0.0,0,0.2258996340948638
1.6764799999999964,0.0,0.0,0.774993258471048,0.0,0.0,0.21429421581884836,0.041528699796528824,0.07045513812314746,0.627744126400555,0.04624291084151661,0.02686768566717748,0.23937275123885013,-0.028697398891144713,0.03245578996884963,0.6995950450112766,0.020668347329194044,-0.008463490234097192,0.23844508698973715,0.09000117304571391,0.09000117304571391,0.0,0.0,0.0,-0.18353031955915522,0.0,0.0,0.0,0,0.22500674152895195
1.6806399999999964,0.0,0.0,0.7758827840409808,0.0,0.0,0.21348613678386255,-0.07717371409306976,0.053113896153505084,0.9718182343470032,0.049877827104136754,0.00804928484062292,0.016502302063984814,-0.052832472422352145,0.04280011045316433,0.8357432481232661,0.035425637290864134,0.0005705285797762646,0.12730553521746454,0.09000117304571391,0.09000117304571391,0.0,0.0,0.0,-0.1829614001351676,0.0,0.0,0.0,0,0.22411721595901923
1.6847999999999963,0.0,0.0,0.7767689532932295,0.0,0.0,0.21268062053970063,0.47261632190332287,0.7730200557690896,0.379923323813831,-0.23060120052945754,0.11499367142072488,0.10282432738954195,0.20941497735177336,0.40815507039029075,0.6080456456056375,-0.09709933330303734,0.057441035452653506,0.1142598338550617,0.09000117304571391,0.09000117304571391,0.0,0.0,0.0,-0.1823926793496059,0.0,0.0,0.0,0,0.22323104670677052
1.6889599999999962,0.0,0.0,0.7776517768991971,0.0,0.0,0.2118776654322226,-0.05906354982748748,-0.3428587049558583,0.19323393122612997,-0.05474090797388057,-0.19188184423585508,0.4145095731622526,0.07505948103325204,0.03224400058478592,0.40150073531465624,-0.07568502868196317,-0.0672918310459923,0.263556869776502,0.09000117304571391,0.09000117304571391,0.0,0.0,0.0,-0.1818241825895014,0.0,0.0,0.0,0,0.22234822310080293
1.6931199999999962,0.0,0.0,0.7785312655229636,0.0,0.0,0.21107726970396604,-0.11821553885091618,-0.35750290114745936,1.0632651713223136,-0.08582944880496998,-0.06907832050295173,0.1392165443471543,-0.021757711653424903,-0.1627755372424358,0.7326784200906631,-0.0808491266604842,-0.06833939843438663,0.20078413233622047,0.09000117304571391,0.09000117304571391,0.0,0.0,0.0,-0.1812559348059315,0.0,0.0,0.0,0,0.2214687344770364
1.6972799999999961,0.0,0.0,0.7794074298208635,0.0,0.0,0.2102794314959787,0.36637624568504507,-0.4593887913080709,0.8906038654176247,0.011436805606202529,0.005847459577709541,0.21884084027395645,0.17233777677962644,-0.31107217538685883,0.8120984251411262,-0.03567642353705868,-0.031203541656883202,0.20933302812608756,0.09000117304571391,0.09000117304571391,0.0,0.0,0.0,-0.18068796052022484,0.0,0.0,0.0,0,0.22059257017913647
1.701439999999996,0.0,0.0,0.7802802804410703,0.0,0.0,0.2094841488496248,0.2825536034780368,0.31930769474465276,1.176117831612632,-0.07077318225938799,0.06899631052636589,0.24354134724447218,0.22729858247760365,0.0042663331893956595,0.9946184826440122,-0.052899085137467584,0.018576409546524668,0.2258348493306489,0.09000117304571391,0.09000117304571391,0.0,0.0,0.0,-0.18012028382976009,0.0,0.0,0.0,0,0.21971971955892966
1.705599999999996,0.0,0.0,0.7811498280231886,0.0,0.0,0.20869141970836652,0.3271424287558968,0.11765689476535807,0.8525539824129973,-0.09575349123306243,-0.31728652200555163,0.3005673904255522,0.2770234216301567,0.06030243098540062,0.9242108696043319,-0.07498798248319817,-0.14931927793696723,0.26297527386202785,0.09000117304571391,0.09000117304571391,0.0,0.0,0.0,-0.1795529284140014,0.0,0.0,0.0,0,0.21885017197681145
1.709759999999996,0.0,0.0,0.7820160831978532,0.0,0.0,0.20790124191951984,-0.1528265362908024,0.35533119526519136,0.7509498213397798,-0.07346863244388917,-0.048580420167010474,0.1330217448176479,0.061942562725634684,0.2077172299675628,0.8378575075998342,-0.0741998150492145,-0.09866694773500176,0.19719268909513554,0.09000117304571391,0.09000117304571391,0.0,0.0,0.0,-0.17898591754034243,0.0,0.0,0.0,0,0.2179839168021468
1.713919999999996,0.0,0.0,0.7828790565863365,0.0,0.0,0.2071136132359854,-0.13684458366008034,-0.19289341329842458,1.0072251455916326,-0.09055583991108639,-0.027592305102550025,0.15411639536700425,-0.037638631491612264,0.0073507485822515845,0.922864981329792,-0.08339783777720552,-0.06267002526026924,0.17473795174235754,0.09000117304571391,0.09000117304571391,0.0,0.0,0.0,-0.17841927406986557,0.0,0.0,0.0,0,0.2171209434136635
1.7180799999999958,0.0,0.0,0.7837387588001613,0.0,0.0,0.20632853131795503,-0.001635133289721535,0.2885231498467849,0.8954023652077131,0.12145544619980453,-0.08022726384861745,0.11895221975362334,-0.019383410676303267,0.14777060459070904,0.9093812918034464,0.01872912226565574,-0.07075427341048025,0.14665942213801378,0.09000117304571391,0.09000117304571391,0.0,0.0,0.0,-0.17785302046280027,0.0,0.0,0.0,0,0.2162612411998387
1.7222399999999958,0.0,0.0,0.7845952004407222,0.0,0.0,0.20554599373459498,-0.33515093412234864,0.24349607650321042,0.6210619004635938,-0.07931260793397195,-0.09480630339037181,0.18741672242770718,-0.17743344405856906,0.19543681349356715,0.7656108972722703,-0.030721028723315703,-0.08277752807345372,0.1663154953104103,0.09000117304571391,0.09000117304571391,0.0,0.0,0.0,-0.17728717878453937,0.0,0.0,0.0,0,0.21540479955927783
1.7263999999999957,0.0,0.0,0.7854483920989126,0.0,0.0,0.20476599796570336,0.3636535842589627,0.09423376011059083,0.5028472987826715,0.11123362643916068,-0.002874101129982944,0.2060195272974241,0.09334481133605825,0.14482857506428976,0.6346573727393782,0.0404432613188193,-0.04281865470918692,0.1853962187302084,0.09000117304571391,0.09000117304571391,0.0,0.0,0.0,-0.17672177071060513,0.0,0.0,0.0,0,0.2145516079010874
1.7305599999999957,0.0,0.0,0.7862983443547599,0.0,0.0,0.20398854140334674,0.40420567607291996,-0.33373931381523975,0.9787818566111239,0.1353790956735483,-0.09915434916286779,0.36254237408549617,0.2490570818173848,-0.09466496309899357,0.8074771600084863,0.08882913367685084,-0.07097963144850088,0.2734483969432258,0.09000117304571391,0.09000117304571391,0.0,0.0,0.0,-0.17615681753281331,0.0,0.0,0.0,0,0.21370165564524013
1.7347199999999956,0.0,0.0,0.7871450677770659,0.0,0.0,0.20321362135347043,0.27270176725121714,0.2577016290972848,1.4713532551077129,0.06216901177745265,-0.04147021545464378,0.22328300934147668,0.2610089380884955,0.08143314373632461,1.1398843119034332,0.07548233088901156,-0.05555455179617927,0.24835125608712263,0.09000117304571391,0.09000117304571391,0.0,0.0,0.0,-0.17559234016396008,0.0,0.0,0.0,0,0.21285493222293406
1.7388799999999955,0.0,0.0,0.7879885729230555,0.0,0.0,0.20244123503748862,-0.09525528439059736,0.022751322996703422,0.2608883541038607,0.027661387560752194,0.018289010695144492,0.19064532563807302,0.08293063654973246,0.052128396065608214,0.7007776069563765,0.05216741982485902,-0.017931969948649328,0.21907500597295354,0.09000117304571391,0.09000117304571391,0.0,0.0,0.0,-0.1750283591437053,0.0,0.0,0.0,0,0.21201142707694454
1.7430399999999955,0.0,0.0,0.7888288703380298,0.0,0.0,0.20167137959384984,-0.09608646151726397,0.45638140417155126,1.0913124397016813,-0.25892389954437667,-0.006884729948365639,0.21868754966312637,-0.007117498636862659,0.2542426924581145,0.8965026439314049,-0.10346444922216383,-0.012064595723186161,0.21886971306743025,0.09000117304571391,0.09000117304571391,0.0,0.0,0.0,-0.17446489464329928,0.0,0.0,0.0,0,0.21117112966197016
1.7471999999999954,0.0,0.0,0.7896659705550281,0.0,0.0,0.20090405207958204,-0.3862845301886563,0.8198482922141268,1.178081540364711,-0.13894584250954115,-0.11098996843609157,0.255479023932073,-0.1969929459591432,0.5368180925726217,1.0378256991725567,-0.12107063426167454,-0.06127972646478466,0.23705289974356242,0.09000117304571391,0.09000117304571391,0.0,0.0,0.0,-0.1739019664710768,0.0,0.0,0.0,0,0.21033402944497193
1.7513599999999954,0.0,0.0,0.790499884094494,0.0,0.0,0.2001392494718144,0.11437483962555893,-0.16936211022939282,0.3244473390289267,-0.04677617102092884,-0.014357245524303007,0.3422767960601384,-0.041403301799535434,0.18369246125052177,0.6818451357771674,-0.0843443935318925,-0.03747250537468859,0.28884898074275517,0.09000117304571391,0.09000117304571391,0.0,0.0,0.0,-0.1733395940776512,0.0,0.0,0.0,0,0.209500115905506
1.7555199999999953,0.0,0.0,0.7913306214639493,0.0,0.0,0.19937696866927718,0.058976862360365194,-0.013573817894613318,1.130702249948044,0.0068579979093021095,0.11010685954599667,0.3021690813138264,0.008801149084918209,0.08528806087852943,0.9069066411498847,-0.03846147368593351,0.03577856887807436,0.29488091527528,0.09000117304571391,0.09000117304571391,0.0,0.0,0.0,-0.17277779656037673,0.0,0.0,0.0,0,0.20866937853605072
1.7596799999999952,0.0,0.0,0.7921581931576733,0.0,0.0,0.19861720649378226,0.5994501089608418,-0.02598459085657843,1.201885481042379,-0.06610817223803611,0.21099590572148116,0.20655676770019996,0.30399167090481793,0.030090603798389622,1.054828629391211,-0.05200027225436075,0.12299997437561584,0.2503051450953634,0.09000117304571391,0.09000117304571391,0.0,0.0,0.0,-0.17221659266922162,0.0,0.0,0.0,0,0.20784180684232667
1.7638399999999952,0.0,0.0,0.7929826096563887,0.0,0.0,0.19785995969167916,0.017589944023507612,-0.1304799010487168,1.2826743047947302,0.1404587701646503,-0.045815204002348314,0.23321770984629656,0.16108064126605098,-0.050291296167415955,1.1692405077032422,0.044367079330265104,0.03871361770491264,0.24062764073231344,0.09000117304571391,0.09000117304571391,0.0,0.0,0.0,-0.17165600081084043,0.0,0.0,0.0,0,0.20701739034361133
1.7679999999999951,0.0,0.0,0.7938038814269524,0.0,0.0,0.19710522493529345,-0.44881957668560674,-0.08568164247375433,0.4708483761021514,0.08127417698842741,0.03373852532728167,0.28297927754263796,-0.143705898621648,-0.067915704232541,0.8206280933620347,0.0634005922609916,0.035823649558577676,0.26182489245176976,0.09000117304571391,0.09000117304571391,0.0,0.0,0.0,-0.17109603905362702,0.0,0.0,0.0,0,0.20619611857304765
1.772159999999995,0.0,0.0,0.7946220189220538,0.0,0.0,0.19635299882434365,0.2057753375449542,0.20986623659817746,1.0212156547868414,-0.1013000896770371,0.09399824868452689,0.19878713578312499,0.030827706128473638,0.0711713371545853,0.9213358566439579,-0.019536608838756117,0.06557387141042588,0.23073919300133303,0.09000117304571391,0.09000117304571391,0.0,0.0,0.0,-0.17053672513289297,0.0,0.0,0.0,0,0.20537798107794625
1.776319999999995,0.0,0.0,0.7954370325799176,0.0,0.0,0.19560327788733642,-0.23167859422314802,-0.22874369861105387,0.8664631746561945,0.04149477380896857,-0.14072285912215834,0.09323537428949483,-0.10034023683875978,-0.07908120847308495,0.8940934418628279,0.01062119834822974,-0.0374508719025555,0.16181176838971725,0.09000117304571391,0.09000117304571391,0.0,0.0,0.0,-0.1699780764549933,0.0,0.0,0.0,0,0.2045629674200824
1.780479999999995,0.0,0.0,0.7962489328240132,0.0,0.0,0.1948560585829439,0.056762477347185356,0.09299148088519772,0.917040671447306,0.0014676037493423367,-0.19353322233741727,0.24332321333920565,-0.02178428831281951,0.006553635056096672,0.9060742584528592,0.005833641501484993,-0.11540428028231985,0.20211219940160027,0.09000117304571391,0.09000117304571391,0.0,0.0,0.0,-0.16942011010243307,0.0,0.0,0.0,0,0.2037510671759868
1.784639999999995,0.0,0.0,0.7970577300627689,0.0,0.0,0.19411133730135952,-0.21304160489182963,0.007553616710767853,0.5938874311994469,-0.17770588280559896,0.00011195989010870163,0.08028379023035424,-0.1177839366044554,0.007053676965815051,0.7501464965504125,-0.08591061507050794,-0.05756277565551137,0.1407978959250517,0.09000117304571391,0.09000117304571391,0.0,0.0,0.0,-0.16886284283802766,0.0,0.0,0.0,0,0.20294226993723108
1.7887999999999948,0.0,0.0,0.7978634346892924,0.0,0.0,0.19336911036563617,0.3708125073277497,-0.25193132028133997,1.2950289425417605,-0.09787804604987128,-0.0517971127399406,0.2339473703663721,0.12631417039942844,-0.12254883666997803,1.0230783999736646,-0.09191740345804679,-0.054456107502067176,0.18723977951210286,0.09000117304571391,0.09000117304571391,0.0,0.0,0.0,-0.1683062911097215,0.0,0.0,0.0,0,0.20213656531070756
1.7929599999999948,0.0,0.0,0.7986660570810966,0.0,0.0,0.1926293740330038,0.26186057799355633,-0.3611799917951139,1.0767690078171468,-0.007923130920602092,0.14179107980710123,0.15905401289997476,0.1940715883821465,-0.24157249845808215,1.050256503136003,-0.04980330889213642,0.04429719524193212,0.17238136760032483,0.09000117304571391,0.09000117304571391,0.0,0.0,0.0,-0.16775047105499685,0.0,0.0,0.0,0,0.20133394291890339
1.7971199999999947,0.0,0.0,0.7994656075998307,0.0,0.0,0.19189212449616824,-0.2845704448543254,0.10667215980410709,0.7080739221531002,-0.13245330545413123,0.027748562067739964,0.16502546551623015,-0.04552908513348037,-0.06739174344350055,0.8795067809912075,-0.09073421959005863,0.03685441852852365,0.1683602807384868,0.09000117304571391,0.09000117304571391,0.0,0.0,0.0,-0.16719539850529774,0.0,0.0,0.0,0,0.20053439240016935
1.8012799999999947,0.0,0.0,0.8002620965910164,0.0,0.0,0.19115735788459157,-0.31670248765054676,0.011563271644656287,0.8613199781938309,0.04559081327436452,0.08002127090779886,0.19062154998700978,-0.18102189005675876,-0.02774670812749205,0.8708098047664644,-0.023045061349217796,0.05817861758531118,0.17945815910550772,0.09000117304571391,0.09000117304571391,0.0,0.0,0.0,-0.16664108899014962,0.0,0.0,0.0,0,0.19973790340898356
1.8054399999999946,0.0,0.0,0.8010555343837904,0.0,0.0,0.19042507026575453,-0.2503135589174147,0.4277994859596341,0.6510489331306364,0.0016454844385853833,-0.07380094091382441,0.06561209402054205,-0.21566559707439067,0.19987738953061476,0.7610636804631618,-0.010311755639878089,-0.008435856621083607,0.12284147203180212,0.09000117304571391,0.09000117304571391,0.0,0.0,0.0,-0.1660875577417228,0.0,0.0,0.0,0,0.1989444656162096
1.8095999999999945,0.0,0.0,0.8018459312906504,0.0,0.0,0.1896952576463999,-0.36943590192126036,-0.2187851212614222,1.107884503567461,-0.11947671686756699,0.116254502481561,0.20081674874320274,-0.292801558106934,-0.009215692762601408,0.9348960724258046,-0.06429846025454382,0.05423951359743574,0.16092950100148704,0.09000117304571391,0.09000117304571391,0.0,0.0,0.0,-0.16553481969887673,0.0,0.0,0.0,0,0.1981540687093496
1.8137599999999945,0.0,0.0,0.8026332976072077,0.0,0.0,0.18896791597375867,-0.7970937286122274,0.044513476566632494,1.0812590147566135,0.11014143546416447,0.0643000549387046,0.19791691526759378,-0.5447214116847453,0.017781388182518523,1.0084905444246788,0.022588417487198982,0.06004902579116646,0.17926926289727907,0.09000117304571391,0.09000117304571391,0.0,0.0,0.0,-0.164982889511327,0.0,0.0,0.0,0,0.1973667023927923
1.8179199999999944,0.0,0.0,0.8034176436119442,0.0,0.0,0.18824304113675827,0.29476851853112346,0.4739577784624529,0.9976099726772939,-0.040828567714758734,0.14010918295132915,0.16464485488386466,-0.12505602786694936,0.24616328768620427,1.0033929980688046,-0.008859549332060054,0.10051190226629907,0.1717853023875409,0.09000117304571391,0.09000117304571391,0.0,0.0,0.0,-0.16443178154404026,0.0,0.0,0.0,0,0.19658235638805577
1.8220799999999944,0.0,0.0,0.8041989795659743,0.0,0.0,0.1875206289672125,-0.026464288176284025,-0.3479213036035715,1.156696357739107,0.03690783472720041,0.01362320524433352,0.02828373967170833,-0.07568182992141785,-0.05085522791409861,1.0801042052889838,0.01360241226386997,0.057264836684221256,0.10022387757933647,0.09000117304571391,0.09000117304571391,0.0,0.0,0.0,-0.16388150988068384,0.0,0.0,0.0,0,0.1958010204340257
1.8262399999999943,0.0,0.0,0.8049773157128118,0.0,0.0,0.18680067524099664,0.23750878324312732,0.12674894353545849,0.9889211326613621,0.17093295993910806,-0.11821425240010866,0.3636677503863238,0.08127148375936906,0.037702166834185556,1.0352686698839635,0.0921229980774033,-0.03043868907836082,0.2318228705816408,0.09000117304571391,0.09000117304571391,0.0,0.0,0.0,-0.16333208832837087,0.0,0.0,0.0,0,0.19502268428718816
1.8303999999999943,0.0,0.0,0.8057526622781418,0.0,0.0,0.18608317567920238,0.10811492318986508,-0.34225964868760084,1.182466672593237,0.038654045850201074,-0.05090369095172407,0.18998213955394447,0.09477255767049178,-0.15238599097511046,1.1092638724702408,0.06598478286509313,-0.04128868203864626,0.2108985009267599,0.09000117304571391,0.09000117304571391,0.0,0.0,0.0,-0.16278353042092508,0.0,0.0,0.0,0,0.1942473377218582
1.8345599999999942,0.0,0.0,0.8065250294695971,0.0,0.0,0.18536812594927907,0.023342143233090903,0.43836212167255234,1.0428795729970544,-0.009721044906267372,-0.06282110718718094,0.2285951683088955,0.059036929762883106,0.14286086232559944,1.0765466116748938,0.02799311859534964,-0.05173101870533086,0.21980235990957922,0.09000117304571391,0.09000117304571391,0.0,0.0,0.0,-0.16223584942354885,0.0,0.0,0.0,0,0.19347497053040286
1.8387199999999941,0.0,0.0,0.8072944274765395,0.0,0.0,0.18465552166615495,0.08562858278535096,0.0011397312064140642,0.7067080948502156,-0.08121431189779905,0.032639673122874205,0.1588854515840885,0.07216380270538794,0.07206658271919826,0.8919566357768403,-0.026499632677970585,-0.009256835185551222,0.1886778337311692,0.09000117304571391,0.09000117304571391,0.0,0.0,0.0,-0.16168905833568792,0.0,0.0,0.0,0,0.19270557252346054
1.842879999999994,0.0,0.0,0.8080608664698451,0.0,0.0,0.18394535839334653,-0.30039364558523324,-0.14449319200406954,1.0285241231781277,0.10016400160972604,-0.045076446763580254,0.04968643745764495,-0.11390847068451261,-0.036307900050899906,0.9603456456210144,0.0364781101611578,-0.02749019449277683,0.11872742023876895,0.09000117304571391,0.09000117304571391,0.0,0.0,0.0,-0.16114316989572797,0.0,0.0,0.0,0,0.1919391335301549
1.847039999999994,0.0,0.0,0.8088243566016953,0.0,0.0,0.18323763164404766,-0.5282690718272692,-0.08623570950733898,0.42254701943781164,0.01876460809659378,-0.007978567816680453,0.3636413999920645,-0.32105360936452576,-0.061290228420213165,0.6921996348731593,0.028088166720325745,-0.017024431097672574,0.24083116323160095,0.09000117304571391,0.09000117304571391,0.0,0.0,0.0,-0.16059819658410057,0.0,0.0,0.0,0,0.19117564339830473
1.851199999999994,0.0,0.0,0.8095849080053711,0.0,0.0,0.18253233688220585,0.02708011829160689,0.10693887989911559,0.4742485592877542,0.19347263853832072,0.026584527064344218,0.2211131719788046,-0.1465823697327477,0.02288092623218471,0.5836830373349857,0.11099952216719514,0.004715580675880483,0.23070588995698102,0.09000117304571391,0.09000117304571391,0.0,0.0,0.0,-0.1600541506274722,0.0,0.0,0.0,0,0.19041509199462892
1.855359999999994,0.0,0.0,0.8103425307950527,0.0,0.0,0.1818294695235805,-0.6327476444573763,-0.05750559021496093,0.7572238584383214,-0.2390119641013768,0.037981896955239056,0.19449035129738815,-0.3901645145987263,-0.017233943851464217,0.6708612278829714,-0.06448022044950169,0.021370938809106,0.21162367556072365,0.09000117304571391,0.09000117304571391,0.0,0.0,0.0,-0.15951104400209204,0.0,0.0,0.0,0,0.1896574692049473
1.8595199999999938,0.0,0.0,0.8110972350656226,0.0,0.0,0.18112902493678718,-0.1931854192121594,-0.11741214790746039,0.7581481452787343,-0.07153858582593298,-0.01465714552104184,0.20425725239866746,-0.29182193309963533,-0.06735311960578765,0.7149310166914721,-0.06822707058126831,0.002823690836972995,0.20752251901321697,0.09000117304571391,0.09000117304571391,0.0,0.0,0.0,-0.1589688884371513,0.0,0.0,0.0,0,0.1889027649343774
1.8636799999999938,0.0,0.0,0.811849030892474,0.0,0.0,0.18043099844432747,0.1034425961660645,-0.12225493399529012,1.0785364555462118,0.22208020324464647,0.00625415960966825,0.1262884419000175,-0.09372324241665933,-0.09479217093421112,0.8969991275562739,0.07607141204944287,0.004908195133981921,0.16682853700682435,0.09000117304571391,0.09000117304571391,0.0,0.0,0.0,-0.15842769541911872,0.0,0.0,0.0,0,0.18815096910752604
1.8678399999999937,0.0,0.0,0.8125979283313223,0.0,0.0,0.1797353853236006,-0.26197111518080435,0.00721066118571873,0.5490988717989623,-0.08895388353606214,0.04797137620449483,0.3018807607238568,-0.17803418565334186,-0.043692026928714045,0.7236755968753736,-0.006042132993107121,0.027285652410030035,0.23380341519281586,0.09000117304571391,0.09000117304571391,0.0,0.0,0.0,-0.1578874761942718,0.0,0.0,0.0,0,0.18740207166867773
1.8719999999999937,0.0,0.0,0.8133439374180219,0.0,0.0,0.1790421808079042,-0.3021327365845388,-0.3312543005689222,0.9553566970540948,0.0271216256521169,0.26747789318815607,0.22742050676227987,-0.24002772962681435,-0.18692006882449871,0.8399934012522564,0.01044738145920445,0.14796220575403765,0.22935975495124664,0.09000117304571391,0.09000117304571391,0.0,0.0,0.0,-0.15734824177294982,0.0,0.0,0.0,0,0.1866560625819781
1.8761599999999936,0.0,0.0,0.8140870681683862,0.0,0.0,0.17835138008741727,-0.11849724613602976,-0.3348408889959973,0.9624267988232106,-0.14299295874565254,-0.16223490164249144,0.2744739282358614,-0.17955831544220713,-0.26121929905041774,0.9017819334325043,-0.06662033942119466,-0.006952439676801344,0.25187602248807284,0.09000117304571391,0.09000117304571391,0.0,0.0,0.0,-0.1568100029323234,0.0,0.0,0.0,0,0.18591293183161384
1.8803199999999936,0.0,0.0,0.8148273305780118,0.0,0.0,0.17766297831017108,-0.3391673345978337,0.18425059433780275,1.1163034527878766,-0.24096086698198152,0.023117155517750027,0.13912292960233047,-0.25986518342405796,-0.03843163952906743,1.0093349296455583,-0.15375542775898443,0.0073530962608482795,0.1948509345244831,0.09000117304571391,0.09000117304571391,0.0,0.0,0.0,-0.15627277022024544,0.0,0.0,0.0,0,0.18517266942198818
1.8844799999999935,0.0,0.0,0.8155647346221077,0.0,0.0,0.17697697058300413,-0.00888203201947006,0.15053886618649476,0.6424453051585816,-0.030026413947120408,-0.15109172153244677,0.1779211963409733,-0.13443582796196266,0.05574120349039709,0.8262590503981081,-0.09116679960855877,-0.07211604942901796,0.1856998435271363,0.09000117304571391,0.09000117304571391,0.0,0.0,0.0,-0.1557365539584722,0.0,0.0,0.0,0,0.18443526537789234
1.8886399999999934,0.0,0.0,0.8162992902553264,0.0,0.0,0.17629335197250318,-0.09375383576887343,-0.043956174891228134,0.7888936528025636,0.07628576416265914,-0.05037484677621184,0.18689614126564633,-0.11393636439317802,0.005786621153952974,0.8079655263263572,-0.007215926497080528,-0.061046186000165585,0.18596245644092937,0.09000117304571391,0.09000117304571391,0.0,0.0,0.0,-0.1552013642455763,0.0,0.0,0.0,0,0.18370070974467356
1.8927999999999934,0.0,0.0,0.8170310074116012,0.0,0.0,0.1756121175059321,-0.0025340198606118203,0.12792480240489063,0.5648463296625321,0.00691694482317399,-0.025404461810561236,0.10929175925621008,-0.05821958665795832,0.0668040949013204,0.6866319066806293,-0.00036142933499191905,-0.04340503497121969,0.14746072453280124,0.09000117304571391,0.09000117304571391,0.0,0.0,0.0,-0.15466721096051128,0.0,0.0,0.0,0,0.18296899258839883
1.8969599999999933,0.0,0.0,0.8177598960039851,0.0,0.0,0.1749332621721456,-0.5785656857184365,-0.23984347046884907,0.9463182099833255,-0.0019291235783741206,-0.13227332960089383,0.2510874256922043,-0.318400955555324,-0.08679812934339008,0.8169985927752079,-0.0008250674566626304,-0.08727037603349244,0.19952577129042962,0.09000117304571391,0.09000117304571391,0.0,0.0,0.0,-0.15413410376576153,0.0,0.0,0.0,0,0.18224010399601487
1.9011199999999933,0.0,0.0,0.8184859659244955,0.0,0.0,0.17425678092248956,-0.1828021812597562,0.22469296810609593,0.7532450906694437,0.1357518022389585,0.0013670100403069293,0.010536370609925766,-0.2503176460096174,0.06895322038811684,0.7851446527533675,0.06715951357614999,-0.04333145179940833,0.1043979761910081,0.09000117304571391,0.09000117304571391,0.0,0.0,0.0,-0.15360205211039624,0.0,0.0,0.0,0,0.18151403407550448
1.9052799999999932,0.0,0.0,0.8192092270439609,0.0,0.0,0.17358266867168853,-0.008074627777461627,0.25766220102437726,0.7696178944964431,0.07887932597411194,-0.09949205826886245,-0.005122343353801878,-0.12903034299991453,0.1631021538483759,0.7773715385540991,0.07300323515650756,-0.07143856880228233,0.049150570605840646,0.09000117304571391,0.09000117304571391,0.0,0.0,0.0,-0.1530710652332411,0.0,0.0,0.0,0,0.18079077295603907
1.9094399999999931,0.0,0.0,0.8199296892118723,0.0,0.0,0.17291092029871977,0.5124310729622998,0.4205909677409277,0.2205582321198366,-0.028342422266318775,-0.06787550393719306,0.23099140076344615,0.19164744953463858,0.2917066766077599,0.4994407327639882,0.021592868076533257,-0.0694135331500027,0.140401546743121,0.09000117304571391,0.09000117304571391,0.0,0.0,0.0,-0.1525411521657407,0.0,0.0,0.0,0,0.18007031078812774
1.913599999999993,0.0,0.0,0.8206473622562376,0.0,0.0,0.17224153064767517,-0.014137689393846836,0.4890495948302042,0.786974079537797,0.10500281108938421,0.030829771507428595,0.12173855446127504,0.08897148038519524,0.3904457292937721,0.6434640226511719,0.06346680428013225,-0.0203021125243364,0.13040199595819885,0.09000117304571391,0.09000117304571391,0.0,0.0,0.0,-0.1520123217353656,0.0,0.0,0.0,0,0.17935263774376242
1.917759999999993,0.0,0.0,0.8213622559834401,0.0,0.0,0.17157449452860873,0.2485857083339228,0.04183486704103763,0.718719660216284,-0.015524290083935563,-0.05251932866480338,0.251052254804063,0.1687488795748022,0.21602750349305022,0.6816150373799983,0.023275063992422216,-0.03587175594703071,0.19048477352149756,0.09000117304571391,0.09000117304571391,0.0,0.0,0.0,-0.15148458256817643,0.0,0.0,0.0,0,0.17863774401655985
1.921919999999993,0.0,0.0,0.8220743801781001,0.0,0.0,0.17090980671837327,0.4167244260642429,0.24336326683237552,0.19908411386930247,-0.08931800656872024,0.1462417340444842,0.28363049788710304,0.29255354437640857,0.2299992780032574,0.44093837223420407,-0.03346394804773392,0.0554026906009079,0.23597943947586963,0.09000117304571391,0.09000117304571391,0.0,0.0,0.0,-0.15095794309193056,0.0,0.0,0.0,0,0.17792561982189992
1.926079999999993,0.0,0.0,0.8227837446029395,0.0,0.0,0.17024746196144394,0.3725275390994126,0.3534048376715811,1.0754994446062842,-0.17454921011201646,0.030391405657228643,0.1837211987931229,0.33217906834761846,0.2917658836189871,0.7586060400466731,-0.10449005777839714,0.04301933220432322,0.2095860537502464,0.09000117304571391,0.09000117304571391,0.0,0.0,0.0,-0.15043241153898768,0.0,0.0,0.0,0,0.17721625539706054
1.9302399999999929,0.0,0.0,0.8234903589986509,0.0,0.0,0.1695874549707294,-0.027541313716718335,-0.25511116649361976,0.36017357655753196,0.035080398443766404,0.036012723948276024,0.10376350358352751,0.15238844480671548,0.01840196539664967,0.5596037408629453,-0.03428986516134348,0.037819994674483264,0.1562509509109793,0.09000117304571391,0.09000117304571391,0.0,0.0,0.0,-0.14990799594922422,0.0,0.0,0.0,0,0.17650964100134914
1.9343999999999928,0.0,0.0,0.824194233083769,0.0,0.0,0.16892978042837084,-0.5731332346272154,0.22731648709468213,0.7962146825436567,-0.043891676833031266,-0.007614181701016409,0.35329881643402294,-0.21047023249001276,0.12284517858029327,0.678646133580235,-0.03838460371876877,0.014948226849659964,0.25456275514407994,0.09000117304571391,0.09000117304571391,0.0,0.0,0.0,-0.1493847041726375,0.0,0.0,0.0,0,0.17580576691623095
1.9385599999999927,0.0,0.0,0.8248953765545463,0.0,0.0,0.1682744329865298,0.056245680802779606,-0.2865271677742065,1.0731567700925333,0.05717601751284668,-0.018452994553834548,0.27997808396006796,-0.0769918956352952,-0.08188127455164161,0.8764885985823567,0.009587016432096264,-0.0022148865907552122,0.26628793349219637,0.09000117304571391,0.09000117304571391,0.0,0.0,0.0,-0.14886254387249476,0.0,0.0,0.0,0,0.17510462344545374
1.9427199999999927,0.0,0.0,0.8255937990848302,0.0,0.0,0.16762140726816285,0.2824071982584985,-0.2975863498710577,0.9301616777348437,0.06551245236450635,-0.09466546169369489,0.049985809752551236,0.10284752917230938,-0.18993143073257515,0.9034313561227761,0.0370177265547543,-0.0488152145386018,0.15724993199948556,0.09000117304571391,0.09000117304571391,0.0,0.0,0.0,-0.14834152252752886,0.0,0.0,0.0,0,0.17440620091516978
1.9468799999999926,0.0,0.0,0.826289510325946,0.0,0.0,0.16697069786778682,-0.4194769823097713,-0.021575134183283023,1.3076575494660494,-0.09758377409663528,-0.024166321218664136,0.21676804279976503,-0.1585202393423787,-0.1058037587853884,1.1059979204405435,-0.030809868517292394,-0.03582438800954389,0.18711680047849233,0.09000117304571391,0.09000117304571391,0.0,0.0,0.0,-0.14782164743532056,0.0,0.0,0.0,0,0.173710489674054
1.9510399999999926,0.0,0.0,0.8269825199065803,0.0,0.0,0.1663222993522298,-0.2622390414185295,-0.44299352647219953,1.1527821791067543,-0.21289968194401934,-0.003793926835723508,0.1813964864437536,-0.2108242455282248,-0.2744103811508547,1.1297681513136568,-0.12133620709070268,-0.019095824792505413,0.18402872884848995,0.09000117304571391,0.09000117304571391,0.0,0.0,0.0,-0.14730292571429937,0.0,0.0,0.0,0,0.17301748009341966
1.9551999999999925,0.0,0.0,0.8276728374326694,0.0,0.0,0.1656762062613739,-0.01099179168738519,-0.2125598641469052,0.7592252356272152,0.11118503359966457,0.08646311272845597,0.3775710853829316,-0.11067493771794952,-0.24330368348889742,0.9452802191322077,-0.0052928656238036675,0.03311642296767177,0.2804116688470458,0.09000117304571391,0.09000117304571391,0.0,0.0,0.0,-0.14678536430671696,0.0,0.0,0.0,0,0.1723271625673306
1.9593599999999924,0.0,0.0,0.8283604724872897,0.0,0.0,0.16503241310888492,0.026400341873239527,0.2520226392953308,0.9601737841116924,0.06900723419253223,-0.09342718430266324,0.07794564639709377,-0.04199207015163894,0.004169333751371906,0.9528896579319024,0.03149874977880204,-0.030491386117472603,0.17898609546526176,0.09000117304571391,0.09000117304571391,0.0,0.0,0.0,-0.14626896998141536,0.0,0.0,0.0,0,0.17163952751271028
1.9635199999999924,0.0,0.0,0.8290454346305519,0.0,0.0,0.16439091438293105,-0.15345433356963087,-0.4464119978097856,1.3017293653147326,0.010835842765030622,0.16215200738927665,0.12366105263268631,-0.09770149238020444,-0.22078762147587236,1.1275694675261987,0.021192084060920987,0.06601414823088238,0.15118117435622241,0.09000117304571391,0.09000117304571391,0.0,0.0,0.0,-0.14575374933607033,0.0,0.0,0.0,0,0.17095456536944809
1.9676799999999923,0.0,0.0,0.8297277333994973,0.0,0.0,0.16375170454689142,0.5140144730420562,0.10834951324151872,1.0135553015113212,0.04587829605733415,-0.02660501832129894,0.28895651761795826,0.2082550117384907,-0.05627206326900399,1.0711635544358828,0.03410320413048713,0.019698288419084813,0.21960487638653828,0.09000117304571391,0.09000117304571391,0.0,0.0,0.0,-0.14523970879986992,0.0,0.0,0.0,0,0.17027226660050265
1.9718399999999923,0.0,0.0,0.8304073783079976,0.0,0.0,0.16311477804005373,0.5186770633527117,-0.03569462931266568,0.713388502485437,-0.17858759390239212,0.062288065105401406,0.018654706179585173,0.36309561272283347,-0.04585390345657085,0.8923138560360746,-0.07168042989924898,0.04111475670550205,0.11840703825780143,0.09000117304571391,0.09000117304571391,0.0,0.0,0.0,-0.14472685463577584,0.0,0.0,0.0,0,0.1695926216920024
1.9759999999999922,0.0,0.0,0.8310843788466572,0.0,0.0,0.16248012927830224,0.1436204994710248,0.2827340988676662,1.1687821570130885,-0.12932505427182334,0.010143620610940575,0.09552305524026772,0.2530872626641168,0.11846448854518979,1.0307504184267648,-0.10037148217816154,0.025153644073729206,0.10610478071650689,0.09000117304571391,0.09000117304571391,0.0,0.0,0.0,-0.14421519294343332,0.0,0.0,0.0,0,0.1689156211533428
1.9801599999999921,0.0,0.0,0.8317587444827188,0.0,0.0,0.16184775265479348,-0.34624719155887634,-0.15738042316595838,0.6519840492905755,0.02923069173506588,0.05523662370163131,0.29401289903580574,-0.046521559740065076,-0.019343614747765595,0.841977138859079,-0.03644398157549021,0.03952378007023246,0.1995577357829014,0.09000117304571391,0.09000117304571391,0.0,0.0,0.0,-0.1437047296612357,0.0,0.0,0.0,0,0.1682412555172812
1.984319999999992,0.0,0.0,0.8324304846599714,0.0,0.0,0.16121764254062315,0.20523396525782275,0.1490481268633855,0.5973244416594216,-0.0016326948957078474,-0.1403312131038493,0.1781495650188693,0.07935362884889607,0.06456310411936746,0.7200199296189294,-0.018588767093997358,-0.05113970829228587,0.18870817053750644,0.09000117304571391,0.09000117304571391,0.0,0.0,0.0,-0.14319547056893123,0.0,0.0,0.0,0,0.16756951534002862
1.988479999999992,0.0,0.0,0.8330996087986609,0.0,0.0,0.16058979328548217,0.11029232308262503,-0.26984766847749975,0.6906642664262628,0.1097917347314337,-0.02996544476823574,0.1457825660864099,0.09505130791345928,-0.10270583143805471,0.7056456064646455,0.045712592180930794,-0.041091521571167064,0.16701232969922186,0.09000117304571391,0.09000117304571391,0.0,0.0,0.0,-0.14268742128970346,0.0,0.0,0.0,0,0.16690039120133915
1.992639999999992,0.0,0.0,0.8337661262954038,0.0,0.0,0.1599641992183039,0.5552197380353807,0.13208026883108984,0.8232246746283242,0.054385812879649865,0.20163042356676739,0.3318652472741955,0.3252505930309261,0.015108360705439762,0.7651269995577962,0.05065973111222806,0.08019925520042857,0.24905982201305157,0.09000117304571391,0.09000117304571391,0.0,0.0,0.0,-0.14218058729290162,0.0,0.0,0.0,0,0.1662338737045962
1.996799999999992,0.0,0.0,0.8344300465231034,0.0,0.0,0.15934085464789974,-0.7690281157254953,-0.2763888158711083,0.6618726611953657,0.0928820258554221,0.07294712876105017,0.44442518799623454,-0.22170165853842608,-0.13049091601531668,0.7144225238285595,0.07101417581989247,0.07675473432497129,0.34719905141251106,0.09000117304571391,0.09000117304571391,0.0,0.0,0.0,-0.14167497389581585,0.0,0.0,0.0,0,0.16556995347689663
2.000959999999992,0.0,0.0,0.8350913788308684,0.0,0.0,0.1587197538635874,-0.32656289819759193,-0.5545091632445642,1.0165386995706858,0.137038077803131,0.08036103867169186,0.16036050947434946,-0.2738480778807584,-0.3423360650890739,0.8658161166058607,0.10407044744076284,0.0786571979471774,0.25386594843755717,0.09000117304571391,0.09000117304571391,0.0,0.0,0.0,-0.14117058626663848,0.0,0.0,0.0,0,0.16490862116913163
2.0051199999999922,0.0,0.0,0.8357501325439343,0.0,0.0,0.1581008911358065,-0.08871421275145998,0.19991257152845401,0.7972263839974062,0.011352173274369744,-0.011498078917250654,0.17041608193379051,-0.18125672769367526,-0.07123147875111749,0.8318765456649349,0.057952872670283796,0.0333981283558346,0.21151413595401333,0.09000117304571391,0.09000117304571391,0.0,0.0,0.0,-0.1406674294259337,0.0,0.0,0.0,0,0.16424986745606573
2.0092799999999924,0.0,0.0,0.8364063169635872,0.0,0.0,0.15748426071672825,0.030254882641033386,-0.13615076995778097,1.0361940501341813,-0.03140430559531012,-0.07484983531937454,0.27006650701238216,-0.0755652498136601,-0.10384791055716384,0.9345974318802331,0.013514311477096736,-0.020408088163003178,0.24128001076010733,0.09000117304571391,0.09000117304571391,0.0,0.0,0.0,-0.14016550824939944,0.0,0.0,0.0,0,0.16359368303641275
2.0134399999999926,0.0,0.0,0.8370599413670908,0.0,0.0,0.1568698568408531,-0.11770050544851857,0.1982860412876241,0.5415822270152962,0.005959461206236905,0.09876615939704193,0.061265509271821714,-0.09662113113349269,0.047425832188500196,0.738215792854111,0.009907666725307135,0.03954554512176166,0.1506673411874927,0.09000117304571391,0.09000117304571391,0.0,0.0,0.0,-0.13966482747010256,0.0,0.0,0.0,0,0.16294005863290917
2.0175999999999927,0.0,0.0,0.8377110150076141,0.0,0.0,0.1562576737255994,-0.30542499165094567,-0.023515818812580695,1.3487390052985107,-0.1753499521090241,0.08149804007711955,0.010634238074645502,-0.20138939602355813,0.01212512719339883,1.0435026385696746,-0.08263680980615275,0.05998856749166714,0.08121345406868653,0.09000117304571391,0.09000117304571391,0.0,0.0,0.0,-0.13916539167986464,0.0,0.0,0.0,0,0.16228898499238587
2.021759999999993,0.0,0.0,0.8383595471141636,0.0,0.0,0.15564770557188573,-0.21437506018776373,-0.0903855363374889,1.3518799770125114,0.13348891304503932,-0.12689487048836265,-0.10327739974930805,-0.207603031634822,-0.03939487470192433,1.1974767226246097,0.02462639635709252,-0.0334338954652403,-0.01009260878518287,0.09000117304571391,0.09000117304571391,0.0,0.0,0.0,-0.13866720533236676,0.0,0.0,0.0,0,0.1616404528858364
2.025919999999993,0.0,0.0,0.8390055468915165,0.0,0.0,0.1550399465647007,0.15564415962183847,-0.6039041388259384,1.1198049326744752,0.1666584600670847,0.10758188352324936,0.2228944444980192,-0.025631470579113812,-0.3214285903215522,1.1591045942772487,0.09622050721092058,0.03653633658372959,0.10605126002861626,0.09000117304571391,0.09000117304571391,0.0,0.0,0.0,-0.13817027274465776,0.0,0.0,0.0,0,0.16099445310848348
2.0300799999999932,0.0,0.0,0.8396490235201568,0.0,0.0,0.1544343908736658,0.16842069722411274,0.2516065135990897,0.8038750932430163,-0.10360533817936934,-0.0006040172304650152,0.16259965261120896,0.07118065084959764,-0.03490759726551305,0.9818253872779439,-0.00376412956663894,0.017637898656567237,0.13440517307469366,0.09000117304571391,0.09000117304571391,0.0,0.0,0.0,-0.1376745980992038,0.0,0.0,0.0,0,0.1603509764798432
2.0342399999999934,0.0,0.0,0.8402899861562134,0.0,0.0,0.15383103265359027,-0.3608500903030394,-0.17207983715226524,1.043263187831258,0.04086698889089868,-0.06899941568977554,0.15363200738733407,-0.14475164556658895,-0.10363823373611572,1.0128639911452961,0.018021988339047727,-0.02565603381443597,0.14415027428345448,0.09000117304571391,0.09000117304571391,0.0,0.0,0.0,-0.1371801854461585,0.0,0.0,0.0,0,0.15971001384378658
2.0383999999999936,0.0,0.0,0.840928443931401,0.0,0.0,0.15322986604501568,0.017169566126400828,0.20470564937485988,0.5973075607827949,-0.0023706005425239655,0.05911017745876021,0.11619254472836878,-0.06379530357967537,0.050658339794976706,0.8053251911298274,0.008051127244005031,0.016949134177400838,0.12986262296319406,0.09000117304571391,0.09000117304571391,0.0,0.0,0.0,-0.13668703870532029,0.0,0.0,0.0,0,0.15907155606859902
2.0425599999999937,0.0,0.0,0.8415644059529624,0.0,0.0,0.15263088517475293,0.05329834831770167,0.11793645323337731,0.7792079488693487,-0.04296575421027565,-0.2129551013905019,0.2631664206255245,-0.005336857260349256,0.08385586365399315,0.7928140110221313,-0.01753508320490569,-0.09843870797340959,0.19638805018740466,0.09000117304571391,0.09000117304571391,0.0,0.0,0.0,-0.13619516166798806,0.0,0.0,0.0,0,0.15843559404703755
2.046719999999994,0.0,0.0,0.8421978813036142,0.0,0.0,0.15203408415641104,-0.5023102887542021,-0.340168460542496,0.4479490886745652,-0.11161566361749023,-0.08478927714556263,0.17593337945773665,-0.2540594696680595,-0.12833694027653914,0.6207485470853837,-0.0644434868337834,-0.0909823244674652,0.18449153818873887,0.09000117304571391,0.09000117304571391,0.0,0.0,0.0,-0.13570455799903902,0.0,0.0,0.0,0,0.15780211869638583
2.050879999999994,0.0,0.0,0.842828879041493,0.0,0.0,0.15143945709091725,-0.2052574183367337,-0.17883271582093485,0.39106822583923434,0.06563026381860096,0.09976611049175135,0.10141077555705977,-0.22952286117631254,-0.15337702846958817,0.5061192413063543,0.0011946245536717014,0.004070836839439858,0.1422205188722667,0.09000117304571391,0.09000117304571391,0.0,0.0,0.0,-0.1352152312386905,0.0,0.0,0.0,0,0.15717112095850705
2.055039999999994,0.0,0.0,0.8434574082001056,0.0,0.0,0.1508469980670298,-0.12527887406334526,0.3725513443045666,0.792369923650403,-0.11206253218341532,-0.07806865017009365,0.1256594441074158,-0.17763615200486102,0.10942764695192975,0.6495092283838233,-0.054019282571205314,-0.03660387290917062,0.1333280290457067,0.09000117304571391,0.09000117304571391,0.0,0.0,0.0,-0.13472718480480472,0.0,0.0,0.0,0,0.15654259179989438
2.0591999999999944,0.0,0.0,0.84408347778828,0.0,0.0,0.15025670116184103,-0.3181604953303828,0.3769687813581098,0.9059730266755239,0.13422388736062305,0.032325345561433294,0.09448240070839639,-0.2476214847860814,0.2432681577436511,0.7779407378298786,0.040743993555055584,-0.0025455081774077393,0.1132849895595211,0.09000117304571391,0.09000117304571391,0.0,0.0,0.0,-0.13424042199402209,0.0,0.0,0.0,0,0.15591652221172003
2.0633599999999945,0.0,0.0,0.8447070967901186,0.0,0.0,0.1496685604412755,0.24582865860078013,-0.2505742548637117,0.4103610088797014,0.07244750783998516,0.10863476585162471,0.29738279139685897,-0.0007407789177178634,-0.003431028304529442,0.594767537921823,0.05587604464980072,0.05326891241537229,0.2049907399781802,0.09000117304571391,0.09000117304571391,0.0,0.0,0.0,-0.13375494598439863,0.0,0.0,0.0,0,0.15529290320988143
2.0675199999999947,0.0,0.0,0.8453282741649543,0.0,0.0,0.1490825699605772,0.1785833194432894,-0.0356440520560448,0.39420312515712724,0.1335427604677165,0.17475285765849405,0.010150206358924108,0.08920185755821225,-0.019175349256880046,0.4945046989316058,0.0939507568356328,0.1145149739519003,0.10774704849947842,0.09000117304571391,0.09000117304571391,0.0,0.0,0.0,-0.1332707598368732,0.0,0.0,0.0,0,0.15467172583504574
2.071679999999995,0.0,0.0,0.8459470188473076,0.0,0.0,0.14849872376479062,-0.07208179515953402,-0.25560599558048674,1.0655986822374512,0.09928603517879141,0.01955771450901654,0.21928603019010723,0.008765846981388705,-0.13735104580556387,0.7805125666860322,0.09641018893835596,0.06675316969537104,0.16313852247774532,0.09000117304571391,0.09000117304571391,0.0,0.0,0.0,-0.1327878664970622,0.0,0.0,0.0,0,0.1540529811526924
2.075839999999995,0.0,0.0,0.846563339746846,0.0,0.0,0.14791701588923412,-0.2789939612282526,-0.1963906285853817,1.1745853521045078,-0.22777068206197282,-0.08175349980685019,-0.0016494751372820304,-0.1355900046254698,-0.16704066059187936,0.9775477854941742,-0.06557414458564263,-0.007795816919703209,0.0809957564316929,0.09000117304571391,0.09000117304571391,0.0,0.0,0.0,-0.13230626879673746,0.0,0.0,0.0,0,0.15343666025315394
2.079999999999995,0.0,0.0,0.847177245748346,0.0,0.0,0.14733744035996713,0.4332807454416208,-0.319696218742986,0.6452026748162651,-0.04842863178204249,0.11373531491151773,0.19823447681936002,0.14874839020710015,-0.2431329657326763,0.8117876308170731,-0.056891545602906844,0.05297351432148229,0.1384515364282996,0.09000117304571391,0.09000117304571391,0.0,0.0,0.0,-0.1318259694564886,0.0,0.0,0.0,0,0.15282275425165404
2.0841599999999953,0.0,0.0,0.8477887457116553,0.0,0.0,0.1467599911942462,-0.2224899846940478,0.4023053442012555,0.9466401195866144,0.017902767965604555,-0.04491838797271884,0.11969968044841676,-0.03683606415484889,0.07949797498575259,0.8794646955740204,-0.019544175488614302,0.003698084878776189,0.12864170199525113,0.09000117304571391,0.09000117304571391,0.0,0.0,0.0,-0.13134697108625104,0.0,0.0,0.0,0,0.1522112542883447
2.0883199999999955,0.0,0.0,0.8483978484716593,0.0,0.0,0.14618466240097888,0.08277201459690468,-0.09396790356973732,1.1390082221767588,0.04095634963379227,-0.14083976867908515,0.20679351411675073,0.023052476205684576,-0.007529911093722712,1.0096690052072594,0.011435005335847197,-0.06818155930577073,0.16742136866895016,0.09000117304571391,0.09000117304571391,0.0,0.0,0.0,-0.13086927618808597,0.0,0.0,0.0,0,0.15160215152834067
2.0924799999999957,0.0,0.0,0.8490045628382475,0.0,0.0,0.14561144798116568,0.1518825632074554,0.10878711685697857,1.2920487007141856,-0.16925205103400404,0.026522883424786634,0.10383684126942773,0.08711629209144353,0.05068504368152071,1.1510774706042766,-0.07885379936781828,-0.021056606274925185,0.13531385522296058,0.09000117304571391,0.09000117304571391,0.0,0.0,0.0,-0.1303928871572546,0.0,0.0,0.0,0,0.15099543716175245
2.096639999999996,0.0,0.0,0.8496088975962823,0.0,0.0,0.14504034192833784,0.2828638744893999,-0.7732232685977868,0.7062281247690444,-0.09174737015813807,-0.01771528881582946,-0.04835244004063441,0.18480032949383765,-0.36131092211034094,0.9285497812197057,-0.08515950978446063,-0.019772235381828387,0.04317124758133864,0.09000117304571391,0.09000117304571391,0.0,0.0,0.0,-0.12991780628383331,0.0,0.0,0.0,0,0.15039110240371767
2.100799999999996,0.0,0.0,0.8502108615055698,0.0,0.0,0.14447133822898806,0.46145549998185215,0.059370325922219636,0.9011033096827636,-0.05104427541863722,0.052015083878713564,-0.08746897733416178,0.3230227131335948,-0.1508591352626035,0.914644780204677,-0.06763915964542098,0.0161027613044722,-0.0223134798980147,0.09000117304571391,0.09000117304571391,0.0,0.0,0.0,-0.12944403575465346,0.0,0.0,0.0,0,0.1497891384944302
2.104959999999996,0.0,0.0,0.8508104633008322,0.0,0.0,0.14390443086299318,-0.07622455655960662,0.047676831045948484,0.8310429344032512,0.10748604597924927,0.08359660217966453,0.1635493720562435,0.12362077595203969,-0.051416550497194284,0.8731835089552964,0.019468161474716448,0.05016566817108117,0.07057781732296928,0.09000117304571391,0.09000117304571391,0.0,0.0,0.0,-0.12897157765482037,0.0,0.0,0.0,0,0.1491895366991678
2.1091199999999963,0.0,0.0,0.8514077116916824,0.0,0.0,0.14333961380403049,0.3056005115942793,-0.007681679641267922,0.9416669951579428,0.11813028960773007,-0.10411301032891862,-0.000472374142138382,0.2148569606416925,-0.029765998566830116,0.9074250186780349,0.0691122342753493,-0.02665726434480692,0.03492747392380535,0.09000117304571391,0.09000117304571391,0.0,0.0,0.0,-0.12850043396945132,0.0,0.0,0.0,0,0.1485922883083176
2.1132799999999965,0.0,0.0,0.852002615362599,0.0,0.0,0.1427768810199867,0.14793628769380798,0.06563034819567772,0.9324030697610013,-0.017319727302817958,-0.04929980550832196,0.1776759986032081,0.1813600310222763,0.017830895327178593,0.9202847975578453,0.025950031720830255,-0.038263250914658826,0.10580327756855698,0.09000117304571391,0.09000117304571391,0.0,0.0,0.0,-0.1280306065845621,0.0,0.0,0.0,0,0.14799738463740097
2.1174399999999967,0.0,0.0,0.8525951829729047,0.0,0.0,0.1422162264733632,0.4276155071128213,0.22642117478784426,0.7248094689494888,-0.01512844579724757,-0.01603247608481145,-0.04951297292829379,0.30445773955332184,0.12209435867463808,0.822442852757863,0.005550920283138379,-0.027250787516920377,0.02812004644126589,0.09000117304571391,0.09000117304571391,0.0,0.0,0.0,-0.12756209728956336,0.0,0.0,0.0,0,0.1474048170270953
2.121599999999997,0.0,0.0,0.853185423156745,0.0,0.0,0.1416576441216709,0.3949865487885356,-0.04502958039280643,1.048565818137668,0.09985145461997622,0.042467669491346186,0.02518323037410422,0.34993085558080245,0.03862017797036801,0.9355581876036889,0.05250771458263238,0.007302609673398639,0.02670496971414891,0.09000117304571391,0.09000117304571391,0.0,0.0,0.0,-0.12709490777815846,0.0,0.0,0.0,0,0.14681457684325505
2.125759999999997,0.0,0.0,0.8537733445230692,0.0,0.0,0.1411011279178211,-0.25562190402658325,-0.05904246488453982,0.6387545058045321,-0.09009403590505123,0.01879841446971338,0.16356758340261457,0.04696412912488073,-0.010174327814694205,0.787494015963393,-0.01940127071529479,0.013819654723160919,0.09535335509098365,0.09000117304571391,0.09000117304571391,0.0,0.0,0.0,-0.12662903965020755,0.0,0.0,0.0,0,0.1462266554769308
2.129919999999997,0.0,0.0,0.8543589556556129,0.0,0.0,0.14054667181050878,-0.20701756889183773,0.007167403571131439,0.6145802104034269,0.009443765813544863,0.003989150344993536,0.083662624799268,-0.08000861011986991,-0.0014951972185342196,0.7012117259458095,-0.005098037562454996,0.008978966067636733,0.08863991269336831,0.09000117304571391,0.09000117304571391,0.0,0.0,0.0,-0.12616449441274236,0.0,0.0,0.0,0,0.14564104434438707
2.1340799999999973,0.0,0.0,0.8549422651128821,0.0,0.0,0.13999426974459162,0.10705647480386575,0.2267103866850951,0.39582607917152696,-0.04694066471520804,-0.05259934811044156,0.09564724973122843,0.01342729826430783,0.11249881181558104,0.5487155151752756,-0.02586864928950977,-0.02133759261097575,0.09223638965651462,0.09000117304571391,0.09000117304571391,0.0,0.0,0.0,-0.1257012734820533,0.0,0.0,0.0,0,0.14505773488711793
2.1382399999999975,0.0,0.0,0.8555232814281382,0.0,0.0,0.13944391566145994,-0.8030609573918613,-0.5923431437368268,0.4086790222816825,0.03336078997929242,0.007647138995846884,0.12359102574757688,-0.3947532691975035,-0.23991066385652537,0.4789524453494999,0.003797932537070856,-0.007101155853710095,0.10834888423652518,0.09000117304571391,0.09000117304571391,0.0,0.0,0.0,-0.12523937818449993,0.0,0.0,0.0,0,0.14447671857186184
2.1423999999999976,0.0,0.0,0.8561020131093857,0.0,0.0,0.1388956034994037,0.3101848067631928,0.04695009353064938,1.0991472037723966,0.17573330884476035,0.0601889433440923,0.2522327259698879,-0.041913992997831745,-0.09635441313566935,0.7895776758875809,0.08985787450025941,0.02717743174475752,0.1808226388059165,0.09000117304571391,0.09000117304571391,0.0,0.0,0.0,-0.12477880975850086,0.0,0.0,0.0,0,0.14389798689061428
2.146559999999998,0.0,0.0,0.8566784686393606,0.0,0.0,0.13834932719397075,0.16739429174401732,-0.2252207107715864,1.2978561486576417,-0.04111834114262198,-0.09917562564701699,0.024189088145646173,0.0626542840519406,-0.1609952573050042,1.0437701571189326,0.02524605976112482,-0.035745208948870066,0.10281613326705102,0.09000117304571391,0.09000117304571391,0.0,0.0,0.0,-0.12431956935545974,0.0,0.0,0.0,0,0.1433215313606394
2.150719999999998,0.0,0.0,0.8572526564755203,0.0,0.0,0.13780508067832153,0.3876764082742285,-0.1551704635616758,1.1259434228786345,-0.14554584975252707,-0.06965277084288361,0.058509215441315654,0.2248647233476335,-0.15822568271134427,1.0849795621229532,-0.06005913604034963,-0.05366460120661465,0.08042525771843512,0.09000117304571391,0.09000117304571391,0.0,0.0,0.0,-0.12386165804165783,0.0,0.0,0.0,0,0.1427473435244797
2.154879999999998,0.0,0.0,0.8578245850500352,0.0,0.0,0.13726285788357556,0.39961428911185953,-0.5388894682959893,0.7368958214479042,0.06777746211504775,-0.04991362401968351,0.18671626469283079,0.3123814517407323,-0.34866397804836263,0.9113252872125005,0.003972367694225164,-0.051827834029178566,0.13276252709570865,0.09000117304571391,0.09000117304571391,0.0,0.0,0.0,-0.12340507679908164,0.0,0.0,0.0,0,0.14217541494996477
2.1590399999999983,0.0,0.0,0.8583942627697817,0.0,0.0,0.1367226527391546,-0.16552250866427376,0.23091252351359426,1.2216533854600984,-0.012051504228082833,-0.010572859146037969,0.13564291613826177,0.07339975028329403,-0.05889183460846576,1.066773941863868,-0.0034084772273368247,-0.03208211109373795,0.13405795240500795,0.09000117304571391,0.09000117304571391,0.0,0.0,0.0,-0.12294982652710984,0.0,0.0,0.0,0,0.1416057372302183
2.1631999999999985,0.0,0.0,0.8589616980163364,0.0,0.0,0.13618445917311875,-0.28999233985860917,-0.019438739553517843,0.7774848571789946,0.18827746848391422,-0.02196783009771673,0.11348984579159921,-0.10790677728813981,-0.03921176733970462,0.922363570070179,0.09220648886165897,-0.02651406246617937,0.1237082492437188,0.09000117304571391,0.09000117304571391,0.0,0.0,0.0,-0.12249590804388477,0.0,0.0,0.0,0,0.14103830198366363
2.1673599999999986,0.0,0.0,0.8595268991459718,0.0,0.0,0.13564827111249675,-0.39938378987054185,-0.16595204376235914,1.3939223429482528,-0.06441107233279256,-0.012118008009763596,0.1152789114518579,-0.25378202179682935,-0.10260863129470026,1.1583865909848376,0.014256556560093885,-0.01901221299136475,0.11922582710848283,0.09000117304571391,0.09000117304571391,0.0,0.0,0.0,-0.12204332208736612,0.0,0.0,0.0,0,0.1404731008540282
2.171519999999999,0.0,0.0,0.8600898744896536,0.0,0.0,0.1351140824836119,-0.08843505546260552,0.05383541088801357,0.37174650087140565,-0.14624789141275799,0.16895143648909483,0.15426801147838273,-0.17141214934257232,-0.02403473532227506,0.7653830726469698,-0.06570825681096985,0.07526238855322784,0.13618774743324608,0.09000117304571391,0.09000117304571391,0.0,0.0,0.0,-0.12159206931681732,0.0,0.0,0.0,0,0.13991012551034643
2.175679999999999,0.0,0.0,0.8606506323530386,0.0,0.0,0.1345818872124017,-0.1447960911152261,0.44787378214009155,0.7229366366830496,-0.10247347194997125,0.013337564894363592,0.2740653253977544,-0.15831463632629408,0.21194969130296393,0.7447296835504976,-0.08526151279189381,0.04472516549742366,0.20508020586089443,0.09000117304571391,0.09000117304571391,0.0,0.0,0.0,-0.12114215031397457,0.0,0.0,0.0,0,0.13934936764696138
2.179839999999999,0.0,0.0,0.861209181016475,0.0,0.0,0.13405167922473263,-0.002142126412984593,-0.16373344289422642,0.7509104003182876,-0.04234040272133569,-0.10780125765586213,0.16723221390816415,-0.0803139346244114,0.02388143559659572,0.7481670617072007,-0.0644868471345355,-0.03160700262720885,0.18657292789312105,0.09000117304571391,0.09000117304571391,0.0,0.0,0.0,-0.12069356558443378,0.0,0.0,0.0,0,0.13879081898352497
2.1839999999999993,0.0,0.0,0.861765528735003,0.0,0.0,0.1335234524467092,0.17341272947077785,-0.035106207049852116,0.42430119796957316,-0.07718827817218639,0.034792002856665956,0.16856643186351103,0.046392049212451145,-0.005540964082149899,0.5865836620406414,-0.07152228570631355,0.0018440295663564982,0.17700095419863587,0.09000117304571391,0.09000117304571391,0.0,0.0,0.0,-0.12024631555882825,0.0,0.0,0.0,0,0.138234471264997
2.1881599999999994,0.0,0.0,0.8623196837383571,0.0,0.0,0.13299720080497793,-0.08118284717235014,-0.039692248728993594,1.0085950494651532,-0.031638279393610406,-0.07683451151354577,0.12578137774821418,-0.017461485115234297,-0.022776081139289816,0.7978543173556849,-0.05187771721906843,-0.03776802782658168,0.15120836923823694,0.09000117304571391,0.09000117304571391,0.0,0.0,0.0,-0.1198004005940092,0.0,0.0,0.0,0,0.1376803162616429
2.1923199999999996,0.0,0.0,0.8628716542309697,0.0,0.0,0.13247291822702642,-0.6180929733939771,-0.3109876273108959,0.7098092331021505,-0.08594879481740471,-0.047129477054913174,0.22848608303807885,-0.3179599287321583,-0.16698111529760418,0.7543060254575622,-0.06904302930632038,-0.04282494928535168,0.19002407549869652,0.09000117304571391,0.09000117304571391,0.0,0.0,0.0,-0.11935582097423081,0.0,0.0,0.0,0,0.13712834576903032
2.1964799999999998,0.0,0.0,0.8634214483919759,0.0,0.0,0.13195059864147757,-0.13381066334280498,-0.4092927419455724,1.078415379279696,0.017342856369803032,0.18244245731735778,0.13943992677949776,-0.22584699778234635,-0.28775947442082533,0.916654493306493,-0.026306176753554733,0.06995072053882144,0.16401782926523994,0.09000117304571391,0.09000117304571391,0.0,0.0,0.0,-0.11891257691265911,0.0,0.0,0.0,0,0.13657855160802412
2.20064,0.0,0.0,0.8639690743752191,0.0,0.0,0.13143023597837736,0.010846129921574611,0.3526822506235905,1.437846411692799,-0.16883007235429492,0.07293208498330221,0.125620171581088,-0.10785086951692406,0.03261757521997959,1.1775162753727961,-0.09711172572273376,0.07143687355133377,0.1443937334741113,0.09000117304571391,0.09000117304571391,0.0,0.0,0.0,-0.1184706685518161,0.0,0.0,0.0,0,0.13603092562478092
2.2048,0.0,0.0,0.8645145403092586,0.0,0.0,0.1309118241694808,0.4774657903900306,-0.4903594037653528,0.5923824443456629,0.06927082197013408,0.020706581876263383,0.24860113803238335,0.1849558473535182,-0.2288312236674791,0.8854632566016226,-0.014032016187042116,0.045939838485948785,0.19605412956003937,0.09000117304571391,0.09000117304571391,0.0,0.0,0.0,-0.11803009596573688,0.0,0.0,0.0,0,0.13548545969074144
2.2089600000000003,0.0,0.0,0.8650578542973775,0.0,0.0,0.13039535714852896,0.027755513325243255,-0.2096364433748478,0.8880185212193243,0.0658809606612473,-0.03708344265730148,0.04865542603432908,0.10649123173604581,-0.21931081474943911,0.8868419981571197,0.026101632785621026,0.00442536630949585,0.12241734419068008,0.09000117304571391,0.09000117304571391,0.0,0.0,0.0,-0.11759085916031486,0.0,0.0,0.0,0,0.13494214570262253
2.2131200000000004,0.0,0.0,0.8655990244175922,0.0,0.0,0.12988082885152435,0.16904614014965233,0.08466123751349407,0.812504270290153,0.06752289119418234,0.10074292382200885,0.12515347473029176,0.13790924729781373,-0.06711264551720907,0.8499322131358437,0.046964450841338296,0.05235020339465945,0.12412975195358353,0.09000117304571391,0.09000117304571391,0.0,0.0,0.0,-0.11715295807461001,0.0,0.0,0.0,0,0.13440097558240782
2.2172800000000006,0.0,0.0,0.866138058722663,0.0,0.0,0.12936823321700106,0.2612861657363018,0.28601903121327044,0.6512129004163645,0.01300175930508011,-0.00445892649322374,0.13656263097003166,0.19962580744865172,0.10944602819978284,0.7508562346871354,0.02989184086017925,0.024122973840386572,0.1298539080481532,0.09000117304571391,0.09000117304571391,0.0,0.0,0.0,-0.11671639258226918,0.0,0.0,0.0,0,0.13386194127733697
2.2214400000000007,0.0,0.0,0.8666749652401059,0.0,0.0,0.12885756418628877,-0.13318308542368942,-0.35833049847473386,0.7177859696096371,0.23497324914802042,0.1392410687917021,0.1952144859962519,0.033707255737664046,-0.12415604298578699,0.7347273436326724,0.132666556536249,0.08174772210393427,0.16232207891844344,0.09000117304571391,0.09000117304571391,0.0,0.0,0.0,-0.11628116249230813,0.0,0.0,0.0,0,0.1333250347598941
2.225600000000001,0.0,0.0,0.867209751972205,0.0,0.0,0.12834881570377366,-0.300816925295115,0.30338567572585523,1.1179793766744188,0.05536754340420216,-0.02931304721871821,0.24683415550005405,-0.1334423604257548,0.08955642654997321,0.9268688985031784,0.0941891822299032,0.02642218987803685,0.20483779947792838,0.09000117304571391,0.09000117304571391,0.0,0.0,0.0,-0.11584726755032393,0.0,0.0,0.0,0,0.13279024802779504
2.229760000000001,0.0,0.0,0.8677424268960264,0.0,0.0,0.1278419817171541,-0.3497595767370258,0.24664068438044115,0.704063192932922,0.22876742330828603,0.04955935918093693,0.24628370254481313,-0.2411278112267892,0.16820314347231805,0.8159760457568124,0.1620267652167655,0.037793695182393075,0.2258965187596087,0.09000117304571391,0.09000117304571391,0.0,0.0,0.0,-0.11541470743949711,0.0,0.0,0.0,0,0.13225757310397357
2.2339200000000012,0.0,0.0,0.8682729979634335,0.0,0.0,0.12733705617769225,0.12082204322281485,-0.5499393915534532,0.5245233806186826,-0.10255404795512812,-0.1802838375836131,0.09454634297045816,-0.06036406824426475,-0.19124805958474436,0.6704435530905122,0.02994925316434301,-0.07126707456517979,0.16060214964585987,0.09000117304571391,0.09000117304571391,0.0,0.0,0.0,-0.11498348178170403,0.0,0.0,0.0,0,0.1317270020365665
2.2380800000000014,0.0,0.0,0.8688014731011021,0.0,0.0,0.12683403304046098,0.11497768358096541,-0.16433309445058034,1.0499547881634186,-0.21851325853095074,-0.0059257937714453646,0.19733171226441057,0.02685285838512163,-0.17780265631059838,0.8606117623142797,-0.09394152956532736,-0.038628431124704446,0.17920892040631586,0.09000117304571391,0.09000117304571391,0.0,0.0,0.0,-0.11455359013852462,0.0,0.0,0.0,0,0.13119852689889788
2.2422400000000016,0.0,0.0,0.8693278602105379,0.0,0.0,0.1263329062645866,0.0770278177687264,-0.48098158259442275,0.4547361107293842,-0.13816139015495604,-0.011795726069001826,0.29445460917001565,0.05165329725503384,-0.3294189013797661,0.6582847431877382,-0.11603889287660389,-0.02515336878034882,0.23625230914435452,0.09000117304571391,0.09000117304571391,0.0,0.0,0.0,-0.11412503201214763,0.0,0.0,0.0,0,0.13067213978946213
2.2464000000000017,0.0,0.0,0.8698521671680941,0.0,0.0,0.12583366981348776,0.03971015321068129,0.5069409431741692,1.0221677049375786,-0.23953146216426036,-0.14874493216273726,0.10205145913728778,0.04518160780387102,0.0884562176111515,0.8404418274685653,-0.17690436838901052,-0.08633030236063576,0.16877913127618388,0.09000117304571391,0.09000117304571391,0.0,0.0,0.0,-0.11369780684681208,0.0,0.0,0.0,0,0.1301478328319059
2.250560000000002,0.0,0.0,0.8703744018249904,0.0,0.0,0.12533631765510844,0.14800035868651798,-0.2362340234169638,0.8192810159939118,-0.20459006961050663,0.01486882662815446,0.00406435015534036,0.09616566744399857,-0.07386023135130326,0.8298692358191602,-0.19050796908331366,-0.03574531122213136,0.08666864599528987,0.09000117304571391,0.09000117304571391,0.0,0.0,0.0,-0.11327191402907688,0.0,0.0,0.0,0,0.12962559817500963
2.254720000000002,0.0,0.0,0.8708945720073327,0.0,0.0,0.12484084376214966,-0.40898515053610734,-0.7259011503950665,0.6108246785183841,0.1652170065254668,-0.09866383389325241,0.38389341584956604,-0.15606812662527206,-0.4000906317486223,0.7211447116983287,-0.013391011588990774,-0.06712345580862904,0.2348772640219475,0.09000117304571391,0.09000117304571391,0.0,0.0,0.0,-0.1128473528895888,0.0,0.0,0.0,0,0.12910542799266733
2.258880000000002,0.0,0.0,0.8714126855161339,0.0,0.0,0.12434724211229393,-0.0800997454898067,-0.14214705677442788,1.2524660226801605,-0.04912272861446665,0.009579086287526925,0.0029729526246458915,-0.11818645608849249,-0.27109582998214815,0.9868147828362931,-0.03083251740540728,-0.029395018269053563,0.11917359726007293,0.09000117304571391,0.09000117304571391,0.0,0.0,0.0,-0.11242412270346491,0.0,0.0,0.0,0,0.12858731448386607
2.2630400000000024,0.0,0.0,0.8719287501273357,0.0,0.0,0.12385550668842812,-0.13708928671150575,0.1967005264494621,0.3481800553636245,0.04370003557951746,-0.07044571928717532,0.04924356854377045,-0.1275479470440469,-0.037341334941210634,0.6675956256373762,0.006832015031045148,-0.049710247087509554,0.08409275892459955,0.09000117304571391,0.09000117304571391,0.0,0.0,0.0,-0.11200222269142468,0.0,0.0,0.0,0,0.12807124987266427
2.2672000000000025,0.0,0.0,0.872442773591831,0.0,0.0,0.1233656314788615,0.291389018339442,0.11379403953328397,1.226387455430205,-0.05647963332621875,-0.040364245801050504,0.11059421480487286,0.08180582781586042,0.03814311590773142,0.9472258602697148,-0.024741215742972764,-0.04487556197408473,0.0971605872685217,0.09000117304571391,0.09000117304571391,0.0,0.0,0.0,-0.11158165202092585,0.0,0.0,0.0,0,0.12755722640816902
2.2713600000000027,0.0,0.0,0.8729547636354874,0.0,0.0,0.12287761047753908,-0.17012789539233894,0.32846012588756174,0.7555126509185168,-0.03909384043350988,0.06222047148420926,0.23049071086672096,-0.044245053522681356,0.1834339725947982,0.8518467772174064,-0.03146328493408521,0.00823119458333632,0.1640819794538467,0.09000117304571391,0.09000117304571391,0.0,0.0,0.0,-0.11116240980687525,0.0,0.0,0.0,0,0.1270452363645126
2.275520000000003,0.0,0.0,0.8734647279591717,0.0,0.0,0.12239143768425206,-0.260509726838132,-0.11572658385430759,1.0475346007814204,-0.10559734431843543,-0.03680387976344251,0.038722864881696725,-0.15259835210153788,0.0337762746336307,0.9497723751252507,-0.06861730985291016,-0.0148723106349281,0.10151893473834638,0.09000117304571391,0.09000117304571391,0.0,0.0,0.0,-0.11074449511244888,0.0,0.0,0.0,0,0.12653527204082826
2.279680000000003,0.0,0.0,0.8739726742387752,0.0,0.0,0.12190710710484483,0.35842684416429943,-0.11958230567360048,1.0626829015114592,-0.049193203870817416,0.08194337727892395,0.03528739046204066,0.10281648103687097,-0.042735735121561196,1.0063008146602939,-0.05937750213520528,0.034532517183077496,0.06889328365322968,0.09000117304571391,0.09000117304571391,0.0,0.0,0.0,-0.11032790695044914,0.0,0.0,0.0,0,0.12602732576122477
2.283840000000003,0.0,0.0,0.8744786101252394,0.0,0.0,0.12142461275141621,-0.15824686387465128,0.13081337139254218,0.6743512641513285,-0.2484567078527435,-0.10200507384246643,0.05055885281765629,-0.02823480132568736,0.04382771039335064,0.8404289485623283,-0.15342397601315025,-0.03365322039524317,0.059693089101137346,0.09000117304571391,0.09000117304571391,0.0,0.0,0.0,-0.10991264428359593,0.0,0.0,0.0,0,0.12552138987476058
2.2880000000000034,0.0,0.0,0.8749825432445832,0.0,0.0,0.12094394864251962,0.24770199110558802,-0.1881844645413115,1.0853098989475782,0.12976187225765415,0.05061743503055413,0.09346564662520535,0.11000483510218935,-0.07207505048883929,0.9630661550703997,-0.011564724695241509,0.008636691473090461,0.07628296299165356,0.09000117304571391,0.09000117304571391,0.0,0.0,0.0,-0.10949870602588879,0.0,0.0,0.0,0,0.12501745675541676
2.2921600000000035,0.0,0.0,0.8754844811979305,0.0,0.0,0.12046510880335749,-0.10910187392606376,-0.2706687281737601,0.8040589034646695,0.04313393632796317,-0.038174287458601776,0.09838549525518146,0.0005402742531305755,-0.17145343598168353,0.8837664608184287,0.015488021077120316,-0.014402487896797806,0.08713796221324754,0.09000117304571391,0.09000117304571391,0.0,0.0,0.0,-0.1090860910431165,0.0,0.0,0.0,0,0.12451551880206946
2.2963200000000037,0.0,0.0,0.8759844315615387,0.0,0.0,0.11998808726597361,-0.07136376919520358,0.06789098931255456,0.4159699267501044,-0.14627499569580438,-0.02268641756244393,0.12044699990538307,-0.03571771187462876,-0.05182742816072106,0.6501167076291351,-0.0647996286627884,-0.018210919905144143,0.10318401782051445,0.09000117304571391,0.09000117304571391,0.0,0.0,0.0,-0.10867479815401077,0.0,0.0,0.0,0,0.12401556843846129
2.300480000000004,0.0,0.0,0.876482401886828,0.0,0.0,0.11951287806944057,0.08556267303588055,0.2835395459069087,1.3989703974670071,-0.02522890056406924,-0.07462529900242981,0.04091341311695841,0.02487186697218822,0.11570386116812774,1.0246331671712414,-0.04550393923732117,-0.046738592996578676,0.07240091240670433,0.09000117304571391,0.09000117304571391,0.0,0.0,0.0,-0.10826482613097421,0.0,0.0,0.0,0,0.12351759811317198
2.304640000000004,0.0,0.0,0.8769783997004116,0.0,0.0,0.1190394752600443,0.05394251807300531,0.24660976927556627,0.5273617277976128,-0.1691182322737871,0.008575741449794163,0.1636670634095745,0.03905520997080508,0.1811751366757894,0.7763349082419807,-0.1070988326130435,-0.01887731524728378,0.1177792277777694,0.09000117304571391,0.09000117304571391,0.0,0.0,0.0,-0.10785617370081135,0.0,0.0,0.0,0,0.12302160029958842
2.308800000000004,0.0,0.0,0.877472432504126,0.0,0.0,0.11856787289146546,0.023768373032972457,-0.079523175848037,0.6235335647188791,-0.0928647449502033,-0.015434428986261595,0.10799795052259671,0.031219497418260383,0.05079322483296505,0.7001582917138413,-0.10044856001570826,-0.017719544992979903,0.11265270773363757,0.09000117304571391,0.09000117304571391,0.0,0.0,0.0,-0.10744883954546064,0.0,0.0,0.0,0,0.12252756749587401
2.3129600000000043,0.0,0.0,0.8779645077750633,0.0,0.0,0.11809806502495787,0.3564685251030523,-0.04016028290945317,0.4170246588227364,-0.08369293050328847,-0.09075261328889497,-0.03933809480948405,0.1936734463562036,0.005126996015584247,0.5585092585168143,-0.09266710827307657,-0.05419500325349748,0.03590415282389772,0.09000117304571391,0.09000117304571391,0.0,0.0,0.0,-0.10704282230337153,0.0,0.0,0.0,0,0.1220354922249367
2.3171200000000045,0.0,0.0,0.878454632965603,0.0,0.0,0.11763004572952113,-0.48946617868508185,-0.024894490459809397,0.5646324058315486,0.22639266225773738,0.05204518317257803,0.007000237486488592,-0.14742984020322036,-0.009776348476184065,0.5615854313682529,0.06664229617369449,-0.0007722197034988461,0.021455940561920527,0.09000117304571391,0.09000117304571391,0.0,0.0,0.0,-0.10663812056960043,0.0,0.0,0.0,0,0.121545367034397
2.3212800000000047,0.0,0.0,0.878942815503445,0.0,0.0,0.1171638090820729,-0.08161522058067323,-0.15507731306476655,1.0739241536565944,0.06656314155256608,-0.08035071601175288,-0.03334429974832433,-0.11438409984158551,-0.08259520159788697,0.8176888896721736,0.06683322941214274,-0.04044725645723076,-0.005876841431107488,0.09000117304571391,0.09000117304571391,0.0,0.0,0.0,-0.10623473289687047,0.0,0.0,0.0,0,0.121057184496555
2.325440000000005,0.0,0.0,0.8794290627916433,0.0,0.0,0.11669934916761676,0.7899689602682989,0.08433495097536274,1.0747965409262836,0.06855584096000404,0.0011390209816793183,0.11062697556413255,0.3379411156804369,0.0008745175627918154,0.9464761232967973,0.06780832796866483,-0.020188417851862286,0.051642508304215615,0.09000117304571391,0.09000117304571391,0.0,0.0,0.0,-0.10583265779641976,0.0,0.0,0.0,0,0.12057093720835665
2.329600000000005,0.0,0.0,0.8799133822086409,0.0,0.0,0.11623666007940653,0.3044130603355805,-0.06401022297447748,0.8311259088582271,0.04584918678347001,-0.07154166226496043,0.07455289088163447,0.32127236944940446,-0.031716768143493675,0.8889556865715238,0.05675751779694636,-0.04602676168719254,0.06289918022419005,0.09000117304571391,0.09000117304571391,0.0,0.0,0.0,-0.10543189373895973,0.0,0.0,0.0,0,0.1200866177913591
2.333760000000005,0.0,0.0,0.8803957811083039,0.0,0.0,0.11577573591910657,-0.2521600682888972,-0.08659103562281888,0.4730236124956424,0.08081494546689579,-0.06370457692086054,0.24992192030811589,0.034720232751371566,-0.05928674101064497,0.6815092365023134,0.06878371961369993,-0.05488786834087561,0.15511612716531498,0.09000117304571391,0.09000117304571391,0.0,0.0,0.0,-0.10503243915467148,0.0,0.0,0.0,0,0.11960421889169615
2.3379200000000053,0.0,0.0,0.8808762668199578,0.0,0.0,0.11531657079695223,-0.18926246497649687,0.38303802735274584,1.0820134085854693,-0.039885946810235405,0.0062013446403459335,0.1854492966904846,-0.07735550086676858,0.16188990542788528,0.88215055949864,0.014386517911545793,-0.023514590768334797,0.16994163932699194,0.09000117304571391,0.09000117304571391,0.0,0.0,0.0,-0.10463429243480893,0.0,0.0,0.0,0,0.11912373318004221
2.3420800000000055,0.0,0.0,0.881354846648424,0.0,0.0,0.11485915883190344,-0.7537565942876026,0.31239372778707314,0.9640087113187654,-0.08105441588739733,-0.03149662622539622,0.20508563090140347,-0.4157305714512742,0.23707712389748523,0.9235073523978556,-0.03275086499834192,-0.02739268141162858,0.18723632529447584,0.09000117304571391,0.09000117304571391,0.0,0.0,0.0,-0.10423745193202116,0.0,0.0,0.0,0,0.118645153351576
2.3462400000000057,0.0,0.0,0.8818315278740565,0.0,0.0,0.11440349415179714,0.2566415614969592,0.37132863160512547,1.0561139717735746,-0.020262768427073464,-0.030921951596451128,0.05843727908627312,-0.07958211258253947,0.30413828286798117,0.989935237246153,-0.026427531539923926,-0.028571648318862535,0.12183557002879496,0.09000117304571391,0.09000117304571391,0.0,0.0,0.0,-0.10384191596110365,0.0,0.0,0.0,0,0.1181684721259435
2.350400000000006,0.0,0.0,0.8823063177527793,0.0,0.0,0.1139495708934965,-0.2000577195653025,0.05288365401479204,0.8988832988782508,0.19883077239316754,-0.007228354489727986,0.1422127053943717,-0.13940701756141116,0.17849438000446258,0.9447049268662168,0.08610098214644207,-0.017999689218883595,0.13178354439840737,0.09000117304571391,0.09000117304571391,0.0,0.0,0.0,-0.10344768279953781,0.0,0.0,0.0,0,0.11769368224722065
2.354560000000006,0.0,0.0,0.8827792235161254,0.0,0.0,0.11349738320303791,-0.1532667054202509,0.07485543066507808,0.3245813214374973,0.03595859313951473,0.22441219867807322,0.23061976959561933,-0.14626205502439035,0.12714071218259823,0.6351181508186519,0.060979804872172666,0.10330555740420018,0.18134748588634636,0.09000117304571391,0.09000117304571391,0.0,0.0,0.0,-0.1030547506887809,0.0,0.0,0.0,0,0.11722077648387463
2.358720000000006,0.0,0.0,0.8832502523712744,0.0,0.0,0.11304692523577263,0.25811288098127627,-0.11462027228658249,1.0605886255760584,-0.05004369611216634,-0.04656359283886826,0.2104034037283392,0.055824071181492706,0.006162064455823628,0.8482936745455141,0.005514574938192989,0.028194418826557786,0.1960292954287268,0.09000117304571391,0.09000117304571391,0.0,0.0,0.0,-0.1026631178340609,0.0,0.0,0.0,0,0.11674974762872559
2.3628800000000063,0.0,0.0,0.8837194115010932,0.0,0.0,0.11259819115650928,-0.26308669194392575,0.2562092986483003,1.029867629986676,0.07002641402251332,0.05283277055725405,0.01145111676790507,-0.10348824526845793,0.13129709983416682,0.9391070566102979,0.03793764847312054,0.04061878554059531,0.10311933456043458,0.09000117304571391,0.09000117304571391,0.0,0.0,0.0,-0.10227278240599041,0.0,0.0,0.0,0,0.11628058849890677
2.3670400000000065,0.0,0.0,0.8841867080641751,0.0,0.0,0.11215117513964964,0.0838982267023984,0.22461105857683192,0.5475294086736986,-0.09625445859702716,-0.08997722489936524,0.10600388172963049,-0.009994191781647946,0.17776834127062513,0.7435375439261721,-0.029011692213320037,-0.02503587159326704,0.10380826129426637,0.09000117304571391,0.09000117304571391,0.0,0.0,0.0,-0.10188374254047228,0.0,0.0,0.0,0,0.1158132919358249
2.3712000000000066,0.0,0.0,0.8846521491948807,0.0,0.0,0.11170587136932485,0.016811905935562574,-0.6610129357779216,0.6419339302822124,0.10080973584985431,-0.22712046495747035,0.091709889229512,0.003618133492980787,-0.24210027805653764,0.6929269668181945,0.03617559882172379,-0.126205888156685,0.09718919923654441,0.09000117304571391,0.09000117304571391,0.0,0.0,0.0,-0.10149599633999623,0.0,0.0,0.0,0,0.11534785080511933
2.375360000000007,0.0,0.0,0.8851157420033787,0.0,0.0,0.1112622740395262,-0.3864819822269113,-0.11871706032539235,1.3104588005773985,-0.04210120895573084,-0.01774255516437449,0.2399291857870554,-0.1915223454674266,-0.1804434546559298,1.0021961597342006,-0.0028990900831708188,-0.07258469071423299,0.16859374564358262,0.09000117304571391,0.09000117304571391,0.0,0.0,0.0,-0.10110954187365445,0.0,0.0,0.0,0,0.11488425799662128
2.379520000000007,0.0,0.0,0.885577493575688,0.0,0.0,0.11082037735423592,-0.4360734950815998,0.6441478554981367,0.9413875509980119,-0.08221733856850655,-0.019320593729858296,0.06636492831453816,-0.3139716327096507,0.2318175674798884,0.9719305900860559,-0.04207637828620153,-0.0458518362748139,0.11694584607300132,0.09000117304571391,0.09000117304571391,0.0,0.0,0.0,-0.10072437717833466,0.0,0.0,0.0,0,0.11442250642431195
2.383680000000007,0.0,0.0,0.8860374109737195,0.0,0.0,0.11038017552755292,0.22440686565643655,-0.06312066147611876,1.2190318824323438,-0.044036813289873966,0.04440630143484574,0.1137311375089745,-0.044870077298767776,0.08443978205057406,1.0957200087475985,-0.04312100903148748,-0.0012233539862984554,0.11510503686390924,0.09000117304571391,0.09000117304571391,0.0,0.0,0.0,-0.10034050025905988,0.0,0.0,0.0,0,0.11396258902628054
2.3878400000000073,0.0,0.0,0.8864955012353187,0.0,0.0,0.10994166278381724,0.03294656835481326,-0.1996076584170511,0.8110181707673784,-0.04060509042962667,-0.08917358772545242,0.13004893495192366,-0.006044571272564033,-0.057770760146228985,0.9536375230828906,-0.042390249292497,-0.04550256075847124,0.12261087902071056,0.09000117304571391,0.09000117304571391,0.0,0.0,0.0,-0.09995790908986424,0.0,0.0,0.0,0,0.11350449876468127
2.3920000000000075,0.0,0.0,0.8869517713743093,0.0,0.0,0.10950483335773083,0.01552911255079694,0.3114666966876186,1.1520647519630691,-0.017627968913109023,0.056610968599927716,0.0672372157385833,0.00470474257135366,0.12696910459340677,1.0529917349880613,-0.0295234287511598,0.0051613542533323255,0.09523651838689029,0.09000117304571391,0.09000117304571391,0.0,0.0,0.0,-0.09957660161381449,0.0,0.0,0.0,0,0.11304822862569075
2.3961600000000076,0.0,0.0,0.8874062283805363,0.0,0.0,0.10906968149447814,-0.314510538515034,0.38677920616018535,1.1817427572868353,-0.026368055217642503,0.16615490922451018,0.026660233602384814,-0.15495901298767,0.25722272444068606,1.1174238330232948,-0.02840921928750111,0.08509310103813032,0.06084051631893953,0.09000117304571391,0.09000117304571391,0.0,0.0,0.0,-0.09919657574453017,0.0,0.0,0.0,0,0.11259377161946371
2.400320000000008,0.0,0.0,0.8878588792199106,0.0,0.0,0.1086362014498406,-0.7653855458204077,0.6894648706937486,0.9985445202874229,-0.001094232741973477,0.04352708295310745,-0.04945513814117314,-0.4601788566322758,0.47343661611641824,1.0578808951825593,-0.014739142704891874,0.06466911240795228,0.005499895865293548,0.09000117304571391,0.09000117304571391,0.0,0.0,0.0,-0.09881782936578098,0.0,0.0,0.0,0,0.11214112078008942
2.404480000000008,0.0,0.0,0.8883097308344535,0.0,0.0,0.10820438749031262,0.15342836290300005,0.3054256504113081,0.8167328089138065,0.08504219201802284,-0.1190458227551891,0.07755940510190028,-0.15319465464115925,0.38918110468981254,0.9374673727602615,0.03542727988432786,-0.026579844415127098,0.04109861458476853,0.09000117304571391,0.09000117304571391,0.0,0.0,0.0,-0.09844036033311682,0.0,0.0,0.0,0,0.11169026916554647
2.408640000000008,0.0,0.0,0.8887587901423419,0.0,0.0,0.10777423389321095,-0.08444335152649592,-0.11943131212417145,0.6302412978264819,0.013518041034734482,-0.15116198304275397,0.351081122604223,-0.11879097404487421,0.1345568630303601,0.7845834432582752,0.024747745139263165,-0.08883326456895993,0.19557993425459233,0.09000117304571391,0.09000117304571391,0.0,0.0,0.0,-0.09806416647357474,0.0,0.0,0.0,0,0.11124120985765806
2.4128000000000083,0.0,0.0,0.8892060640379535,0.0,0.0,0.10734573494678507,-0.4966416447107232,-0.004301383837694047,0.7636894590698436,-0.08174982840412359,-0.007933618179544355,-0.06129388335708036,-0.30788768438603686,0.06511144156538137,0.7740094223620612,-0.02912232559118259,-0.048953757352836365,0.06686764434385058,0.09000117304571391,0.09000117304571391,0.0,0.0,0.0,-0.09768924558656328,0.0,0.0,0.0,0,0.11079393596204645
2.4169600000000084,0.0,0.0,0.8896515593919132,0.0,0.0,0.1069188849503242,0.040084705110482795,0.3367253084708962,1.035317620824411,0.07627792449964078,-0.00901979109979287,0.10154371806037539,-0.1337398650857137,0.20090266666138146,0.9048764340153437,0.02331440422408518,-0.029543221643565886,0.08426311308800888,0.09000117304571391,0.09000117304571391,0.0,0.0,0.0,-0.09731559544464091,0.0,0.0,0.0,0,0.1103484406080868
2.4211200000000086,0.0,0.0,0.8900952830511393,0.0,0.0,0.10649367821426087,-0.14886965518182452,-0.3240522944403594,0.9216036933072158,-0.08695082340244709,0.02787032269302646,0.10069990073947263,-0.14148625377050156,-0.06151858271309514,0.9134497960127567,-0.0315550669901593,-0.0017705831926967982,0.09240234763306988,0.09000117304571391,0.09000117304571391,0.0,0.0,0.0,-0.09694321379386939,0.0,0.0,0.0,0,0.10990471694886073
2.4252800000000088,0.0,0.0,0.8905372418388904,0.0,0.0,0.10607010906027307,0.027538801038860597,-0.11291840867996075,0.9823434630541499,-0.13314037566283937,-0.1762478783090702,0.08165136568816501,-0.057247811968150174,-0.08758484711659154,0.9480674469744153,-0.08313929224045653,-0.08928594609893709,0.08678573400943745,0.09000117304571391,0.09000117304571391,0.0,0.0,0.0,-0.09657209835427372,0.0,0.0,0.0,0,0.10946275816110962
2.429440000000009,0.0,0.0,0.8909774425548128,0.0,0.0,0.1056481718213846,-0.12170746947572449,-0.35189833315352564,0.8464123119620673,-0.042150305537592164,0.03992944615984266,0.05483757118923238,-0.0895657105003601,-0.21965887899802664,0.8973535949072559,-0.0626727550507705,-0.025411900997557146,0.07063760580280097,0.09000117304571391,0.09000117304571391,0.0,0.0,0.0,-0.09620224682062517,0.0,0.0,0.0,0,0.10902255744518718
2.433600000000009,0.0,0.0,0.891415891974988,0.0,0.0,0.10522786084206204,-0.7000884032316209,0.013105838817831752,0.8486938226718503,0.05747660496642715,-0.09126237343998313,0.17104207867513954,-0.3947110711488897,-0.1034654270859096,0.8733788159565011,-0.002946281065372703,-0.05799023842534431,0.12098482420540356,0.09000117304571391,0.09000117304571391,0.0,0.0,0.0,-0.09583365686269052,0.0,0.0,0.0,0,0.10858410802501195
2.4377600000000093,0.0,0.0,0.891852596851981,0.0,0.0,0.10480917047831084,-0.4589623955460688,-0.21643098341199704,1.0827168953273507,0.15524121652234069,-0.002928733563267298,0.15226251640808663,-0.42651646114350783,-0.1599557431306717,0.978365748046131,0.07718336373242896,-0.0301477116559456,0.13675343656198702,0.09000117304571391,0.09000117304571391,0.0,0.0,0.0,-0.0954663261261241,0.0,0.0,0.0,0,0.10814740314801896
2.4419200000000094,0.0,0.0,0.8922875639148884,0.0,0.0,0.10439209509776759,0.20652276307825046,-0.3538603725676389,0.44294484185207256,0.018717348066165002,0.1289793213852779,0.055696805253052484,-0.10995426320970575,-0.25664018654417675,0.7107670154588928,0.04832693831954756,0.048946462822402406,0.0964133257505774,0.09000117304571391,0.09000117304571391,0.0,0.0,0.0,-0.0951002522325059,0.0,0.0,0.0,0,0.10771243608511161
2.4460800000000096,0.0,0.0,0.8927207998693876,0.0,0.0,0.1039766290797922,0.5625902668435634,0.2566570536941261,1.3327266319145863,-0.09766164813676093,-0.10513927725216682,0.24738243805039511,0.2261190704347402,-0.00020612854389665788,1.022264905647874,-0.02441561414700344,-0.02834270222792133,0.17228176886417854,0.09000117304571391,0.09000117304571391,0.0,0.0,0.0,-0.09473543278044944,0.0,0.0,0.0,0,0.10727920013061243
2.4502400000000097,0.0,0.0,0.8931523113977857,0.0,0.0,0.10356276681555553,0.11349362138788936,0.5515211962378032,0.8929387239324315,-0.07397681671003696,0.07411549099472824,0.17731958310792,0.1696511803449015,0.27581701680965304,0.957971160775832,-0.04894885256064314,0.022175798420527245,0.17411209596223778,0.09000117304571391,0.09000117304571391,0.0,0.0,0.0,-0.09437186534542846,0.0,0.0,0.0,0,0.10684768860221427
2.45440000000001,0.0,0.0,0.8935821051590696,0.0,0.0,0.10315050270812766,0.2743018749678602,-0.06508403880884751,0.7370855214008372,0.06069687425279572,-0.008245949606485508,0.016704446118371366,0.2221041303909695,0.1053476807428042,0.8475623089831797,0.005567571668079488,0.006616567529918094,0.09504868663818189,0.09000117304571391,0.09000117304571391,0.0,0.0,0.0,-0.09400954748088697,0.0,0.0,0.0,0,0.10641789484093045
2.45856000000001,0.0,0.0,0.8940101877889552,0.0,0.0,0.10273983117256169,0.4695652967905477,-0.057866859994406744,1.6086404242427008,-0.006833195892247937,0.06489328301913996,0.14492778964413808,0.34582173353535933,0.023874651672080614,1.228408710463445,-0.0003921706012401123,0.03555537517946985,0.11970970286851437,0.09000117304571391,0.09000117304571391,0.0,0.0,0.0,-0.09364847671849602,0.0,0.0,0.0,0,0.10598981221104475
2.4627200000000102,0.0,0.0,0.8944365658999385,0.0,0.0,0.10233074663597637,-0.08315681196678174,0.32810192611730493,0.7046841135857974,-0.06756040419813056,-0.07264406235844195,0.18158604706106657,0.13118956205175455,0.17583839520931893,0.9669213882419492,-0.03427333639367473,-0.018092656477413146,0.15018842723751646,0.09000117304571391,0.09000117304571391,0.0,0.0,0.0,-0.0932886505683036,0.0,0.0,0.0,0,0.10556343410006153
2.4668800000000104,0.0,0.0,0.8948612460813453,0.0,0.0,0.10192324353763815,0.9057588790465054,-0.08278121449622576,0.4863393852653513,-0.03010204165616101,0.024648172615075133,0.09195596799582947,0.5184150109114042,0.04657821199062977,0.7268193999116065,-0.03121747898849817,0.0031962427824638235,0.1205420561834845,0.09000117304571391,0.09000117304571391,0.0,0.0,0.0,-0.09293006651984809,0.0,0.0,0.0,0,0.10513875391865468
2.4710400000000106,0.0,0.0,0.895284234899383,0.0,0.0,0.1015173163290387,-0.42162226607599235,-0.6037916632069124,0.9332442021991786,-0.012037104712061226,-0.07278740243956126,0.24866979965315067,0.0483649471900392,-0.2787620805529894,0.8305495800102312,-0.021719636814128192,-0.03507522322748752,0.18502636889206914,0.09000117304571391,0.09000117304571391,0.0,0.0,0.0,-0.09257272204209732,0.0,0.0,0.0,0,0.10471576510061698
2.4752000000000107,0.0,0.0,0.8957055388971913,0.0,0.0,0.10111295947397259,-0.06364278726407925,-0.15920659474253793,1.3990111629631607,0.05128545827011438,0.04637381062398055,0.038286192487223064,-0.007533802790185904,-0.2188862406035414,1.1148649619449464,0.015149080623658226,0.00525735367315878,0.11119517588474101,0.09000117304571391,0.09000117304571391,0.0,0.0,0.0,-0.09221661458413588,0.0,0.0,0.0,0,0.10429446110280871
2.479360000000011,0.0,0.0,0.8961251645948939,0.0,0.0,0.10071016744861219,-0.436440561683654,-0.24427789147280743,1.172674094385965,0.14779334083813686,0.026353442088262038,-0.0763519362558627,-0.2216803806880464,-0.23152644379264592,1.1436120340129705,0.08031016909396767,0.015330167750839724,0.01699551379140939,0.09000117304571391,0.09000117304571391,0.0,0.0,0.0,-0.09186174157564031,0.0,0.0,0.0,0,0.10387483540510611
2.483520000000011,0.0,0.0,0.8965431184896505,0.0,0.0,0.10030893474158063,-0.10806071731540166,-0.10364934766930618,1.217900780065504,0.09182112115708262,0.02521059117937551,0.06631286814513526,-0.1646787417226289,-0.16753438287052813,1.1808955770616276,0.0860519413459401,0.02018283754933343,0.041304181797968194,0.09000117304571391,0.09000117304571391,0.0,0.0,0.0,-0.09150810042724827,0.0,0.0,0.0,0,0.10345688151034949
2.487680000000011,0.0,0.0,0.896959407055709,0.0,0.0,0.09990925585402317,0.1086093627761371,-0.2637475154205566,1.022024651643116,-0.14405811391374584,0.006673352352841682,-0.15722860872145844,-0.028332935669785026,-0.21562799343668576,1.1011342615917996,-0.028737439822232213,0.01354985144864652,-0.05905056258434851,0.09000117304571391,0.09000117304571391,0.0,0.0,0.0,-0.0911556885310354,0.0,0.0,0.0,0,0.10304059294429102
2.4918400000000114,0.0,0.0,0.8973740367444576,0.0,0.0,0.09951112529967669,-0.25541928550943827,-0.0784592223620864,0.97370183094718,-0.11679612992508775,0.0406872425768226,0.07341372977500427,-0.14211972304587348,-0.14695660173809405,1.0375721012679415,-0.07319829264281782,0.026434961508351094,0.006092047781740864,0.09000117304571391,0.09000117304571391,0.0,0.0,0.0,-0.09080450326088568,0.0,0.0,0.0,0,0.10262596325554241
2.4960000000000115,0.0,0.0,0.8977870139844781,0.0,0.0,0.09911453760493759,-0.10874231291679774,-0.052918809939842146,1.0187348192478205,0.12852506361904373,0.0034782568585689797,-0.020233279362357637,-0.12516210757042143,-0.09993030882636722,1.0281121698354077,0.027002086058040345,0.015196423844764462,-0.007514197909270833,0.09000117304571391,0.09000117304571391,0.0,0.0,0.0,-0.09045454197318448,0.0,0.0,0.0,0,0.10221298601552187
2.5001600000000117,0.0,0.0,0.8981983451815987,0.0,0.0,0.09871948730892689,-0.0036766876953874647,-0.07567760216371953,1.0915099819087835,0.015024475806372495,0.013638969915281227,0.32729649725530857,-0.0643870947404262,-0.08777453326933204,1.0604918815123416,0.020916760692823666,0.013992804803176467,0.160064546804979,0.09000117304571391,0.09000117304571391,0.0,0.0,0.0,-0.09010580200687002,0.0,0.0,0.0,0,0.10180165481840131
2.504320000000012,0.0,0.0,0.8986080367189468,0.0,0.0,0.0983259689635551,0.08389816241703191,0.2827530272558054,0.696077461148407,0.01705695020326015,-0.047843337771912964,-0.01185084376726181,0.009791719400811227,0.0973918677084934,0.8782588280234621,0.019145789124736884,-0.01670046262702535,0.07346579449549404,0.09000117304571391,0.09000117304571391,0.0,0.0,0.0,-0.08975828068391345,0.0,0.0,0.0,0,0.10139196328105315
2.508480000000012,0.0,0.0,0.8990160949570034,0.0,0.0,0.09793397713358507,0.11014533896731198,0.06216135327057616,0.8416611140439629,-0.09066906079437326,0.08039272587431778,-0.046277273881612624,0.059780420552127005,0.07994166637689173,0.8598639097273811,-0.035647935939231094,0.032759336224415576,0.01338546496587297,0.09000117304571391,0.09000117304571391,0.0,0.0,0.0,-0.08941197531001349,0.0,0.0,0.0,0,0.10098390504299659
2.512640000000012,0.0,0.0,0.8994225262336563,0.0,0.0,0.09754350639669211,0.10869460892787695,-0.03915154044485353,1.0017679179943615,-0.13583043450503948,-0.09797091605362541,0.25295754423129085,0.08395528935382807,0.020190270786530337,0.9313421910459001,-0.08571146726978861,-0.03250982885512293,0.13356974971775504,0.09000117304571391,0.09000117304571391,0.0,0.0,0.0,-0.08906688317486511,0.0,0.0,0.0,0,0.10057747376634374
2.5168000000000124,0.0,0.0,0.8998273368642543,0.0,0.0,0.09715455134352285,-0.6071943335882478,0.33533211888318054,0.6654590601883893,0.10856285194281744,-0.0005942071282184133,0.13886877152500876,-0.2613964200102444,0.17776385907699535,0.7986875369837623,0.010388670383926754,-0.01736906776724448,0.13625311974575735,0.09000117304571391,0.09000117304571391,0.0,0.0,0.0,-0.08872300155242785,0.0,0.0,0.0,0,0.10017266313574569
2.5209600000000125,0.0,0.0,0.9002305331416616,0.0,0.0,0.09676710657775313,-0.06756112495189259,-0.0029455944360038157,0.90269279530321,-0.018873020321835764,-0.08974182550879749,-0.009890851515631599,-0.16451799709660808,0.08722182944694408,0.8506703863435507,-0.003602883897407857,-0.05384990748692937,0.0631591796123657,0.09000117304571391,0.09000117304571391,0.0,0.0,0.0,-0.08838032770119475,0.0,0.0,0.0,0,0.09976946685833843
2.5251200000000127,0.0,0.0,0.9006321213363122,0.0,0.0,0.09638116671614466,-0.2802101443062374,0.029763596044498672,0.5237187884775152,-0.0035704234260079703,-0.09231511621616569,-0.020053394659464582,-0.22237254395758388,0.05830094200121195,0.6871497930757882,-0.0034725409079458705,-0.07338974496866424,0.021940972720467442,0.09000117304571391,0.09000117304571391,0.0,0.0,0.0,-0.08803885886531859,0.0,0.0,0.0,0,0.09936787866368779
2.529280000000013,0.0,0.0,0.9010321076962647,0.0,0.0,0.0959967263885972,0.13046527538112074,0.11144778014017058,0.5992732528369266,0.0953280274460457,-0.23073954711001435,0.16974367839228705,-0.045753543487002224,0.08439464228167624,0.6435648231600061,0.04623766716467529,-0.15197805569219347,0.09542261288223916,0.09000117304571391,0.09000117304571391,0.0,0.0,0.0,-0.0876985922739203,0.0,0.0,0.0,0,0.09896789230373526
2.533440000000013,0.0,0.0,0.9014304984472572,0.0,0.0,0.0956137802382035,-0.5982709470032865,-0.36567850973115185,1.025204244314824,-0.10177877895054553,-0.14051293346990942,-0.012294094095408381,-0.32222707579212834,-0.14093834124963825,0.834363187833682,-0.028113337834007917,-0.14576763489863223,0.040823480004162346,0.09000117304571391,0.09000117304571391,0.0,0.0,0.0,-0.08735952514221501,0.0,0.0,0.0,0,0.0985695015527428
2.537600000000013,0.0,0.0,0.9018272997927627,0.0,0.0,0.09523232292129957,-0.23155339081965776,-0.3096978152161314,0.931088462659057,0.07699558156625146,-0.1671945750085444,0.09582589010001626,-0.2767292839033728,-0.22566745601014748,0.8829267550645397,0.02435441035313102,-0.1562695904933021,0.06787017715464802,0.09000117304571391,0.09000117304571391,0.0,0.0,0.0,-0.0870216546719993,0.0,0.0,0.0,0,0.09817270020723734
2.5417600000000133,0.0,0.0,0.902222517914044,0.0,0.0,0.09485234910751308,-0.03805587493296814,-0.003916522426759715,0.9240012091525596,-0.053338959987171135,0.04963908498099586,-0.006042287296847887,-0.15750174330691585,-0.11468718499086202,0.9034522208046785,-0.014539945960516889,-0.05333067768597106,0.030669091173245774,0.09000117304571391,0.09000117304571391,0.0,0.0,0.0,-0.08668497805106778,0.0,0.0,0.0,0,0.09777748208595605
2.5459200000000135,0.0,0.0,0.9026161589702099,0.0,0.0,0.09447385347981405,-0.2910768799555154,-0.2970608274915712,1.0861718194140277,0.1023666574807945,0.011266614105230803,0.03470685211499922,-0.22407814278013577,-0.2058521565611883,0.9948867107196093,0.04429829903530122,-0.020887878835831597,0.03209974986227076,0.09000117304571391,0.09000117304571391,0.0,0.0,0.0,-0.08634949245476942,0.0,0.0,0.0,0,0.09738384102979014
2.5500800000000137,0.0,0.0,0.9030082290982705,0.0,0.0,0.09409683073455918,-0.29208614850314796,0.620771520539926,0.4467305243551573,-0.008927820700504718,0.04772011912074015,0.23944202804253537,-0.2581003703120937,0.20756469053619866,0.7213035832088279,0.017293963237315222,0.013427212696387875,0.1353878865191412,0.09000117304571391,0.09000117304571391,0.0,0.0,0.0,-0.0860151950454267,0.0,0.0,0.0,0,0.0969917709017295
2.554240000000014,0.0,0.0,0.9033987344131936,0.0,0.0,0.09372127558153863,-0.0891913881607723,-0.5721890774233009,0.843525615664838,-0.04746161988833242,-0.04885853685131931,-0.0029942150260911793,-0.17374408269546313,-0.1824178320512875,0.7824090604070512,-0.014759153725148001,-0.01840506470208646,0.06628570065519433,0.09000117304571391,0.09000117304571391,0.0,0.0,0.0,-0.08568208297335839,0.0,0.0,0.0,0,0.09660126558680637
2.558400000000014,0.0,0.0,0.9037876810079604,0.0,0.0,0.09334718274401847,0.09264613600143747,0.1308861445019213,0.8971158132000546,0.14089681191164313,-0.0136788964908156,0.30720206602191563,-0.04025422265715317,-0.025793813749400894,0.8404043195224123,0.06314284174655459,-0.01521975833622673,0.18571452249913287,0.09000117304571391,0.09000117304571391,0.0,0.0,0.0,-0.08535015337651286,0.0,0.0,0.0,0,0.09621231899203964
2.562560000000014,0.0,0.0,0.9041750749536219,0.0,0.0,0.09297454695878483,-0.24840698143663814,-0.1679163991001545,0.7220783697037184,-0.18769477820688185,0.18743472784631968,0.16028780633396866,-0.14472087051287122,-0.09646626197309258,0.7815750258901711,-0.0630233691560757,0.08610404951125424,0.1724665182186746,0.09000117304571391,0.09000117304571391,0.0,0.0,0.0,-0.08501940338159919,0.0,0.0,0.0,0,0.09582492504637807
2.5667200000000143,0.0,0.0,0.904560922299356,0.0,0.0,0.09260336297618324,0.05070529286900657,-0.0006181302803609242,0.8022559823556078,-0.09951035398496613,-0.07018404993657158,0.0314326252880616,-0.04721486086045072,-0.04868882335829889,0.7919817193729713,-0.08056207566923909,0.00860333426699093,0.10162605430198983,0.09000117304571391,0.09000117304571391,0.0,0.0,0.0,-0.08468983010393616,0.0,0.0,0.0,0,0.09543907770064397
2.5708800000000145,0.0,0.0,0.9049452290725234,0.0,0.0,0.09223362556015864,-0.8270881325204563,-0.09424488066377883,0.8631581083087133,-0.051783181234653475,0.0724719215579279,0.04510795164648651,-0.4372634893806051,-0.0713169893702231,0.8276645339319664,-0.06673799808632444,0.04080188119051502,0.073226941045176,0.09000117304571391,0.09000117304571391,0.0,0.0,0.0,-0.08436143064772827,0.0,0.0,0.0,0,0.0950547709274766
2.5750400000000147,0.0,0.0,0.9053280012787246,0.0,0.0,0.09186532948829437,-0.38986685635972,0.16728334010122334,0.9578533525379557,-0.15291147172024827,-0.03468184597664505,-0.036957146445355527,-0.4138834321999838,0.047913169842688154,0.8926837097895373,-0.10955977171087923,0.0028426505820300547,0.017793173093017846,0.09000117304571391,0.09000117304571391,0.0,0.0,0.0,-0.08403420210655693,0.0,0.0,0.0,0,0.09467199872127541
2.579200000000015,0.0,0.0,0.9057092449018573,0.0,0.0,0.09149846955184901,0.06811525324534665,0.06507757487624272,0.8781130039906504,-0.0500459910795404,0.017008170593128893,0.2062605766394225,-0.17298377915685906,0.05653150991048476,0.8858272571088671,-0.08030279181770857,0.009616314418559523,0.11202145903179286,0.09000117304571391,0.09000117304571391,0.0,0.0,0.0,-0.08370814156397893,0.0,0.0,0.0,0,0.09429075509814266
2.583360000000015,0.0,0.0,0.9060889659041731,0.0,0.0,0.09113304055579077,0.29600272319945314,-0.171905727199096,0.5567459417302301,-0.16938710319855171,-0.15612209825778367,-0.09621044184818128,0.06115934147302315,-0.05801323478154295,0.7210858155892786,-0.12431415749830005,-0.07333930429767761,0.007133226684751309,0.09000117304571391,0.09000117304571391,0.0,0.0,0.0,-0.08338324609305608,0.0,0.0,0.0,0,0.0939110340958269
2.587520000000015,0.0,0.0,0.9064671702263349,0.0,0.0,0.09076903731883403,0.44163178286886434,0.37610878519596136,0.8480646137262853,-0.09631302606897474,-0.014817794285089484,0.06468929233127907,0.2511976796103939,0.15901962668297323,0.7847121717809462,-0.11021122426115267,-0.04390644879099871,0.03517826822671976,0.09000117304571391,0.09000117304571391,0.0,0.0,0.0,-0.08305951275770279,0.0,0.0,0.0,0,0.09353282977366506
2.5916800000000153,0.0,0.0,0.9068438637874744,0.0,0.0,0.09040645467347,0.1580583477699041,0.011720709250167046,0.9556300913710367,0.0022580341940821166,0.004581066552197965,-0.029537666341510532,0.20463224378946346,0.08537810949400253,0.8701102433956438,-0.05407284075751812,-0.01939833498629198,0.00313539493889281,0.09000117304571391,0.09000117304571391,0.0,0.0,0.0,-0.08273693861189602,0.0,0.0,0.0,0,0.09315613621252561
2.5958400000000155,0.0,0.0,0.9072190524852494,0.0,0.0,0.09004528746600099,-0.003295748652892145,-0.32798926170518444,1.4546735934624504,0.06987927334019696,-0.16849432239762052,0.15336999174790916,0.10081314864916087,-0.12165898446962978,1.1627138104871249,0.007410023450888614,-0.093911522004665,0.07882178414423958,0.09000117304571391,0.09000117304571391,0.0,0.0,0.0,-0.08241552070091662,0.0,0.0,0.0,0,0.09278094751475063
2.6000000000000156,0.0,0.0,0.9075927421959017,0.0,0.0,0.08968553055656936,0.014252443479328372,-0.6462922960294255,1.245662577336614,-0.011627447922670339,-0.005798301031108566,0.22409497978935464,0.05750766112254588,-0.3839913784445294,1.2046550809106131,-0.0019418545711048305,-0.04985728829698505,0.15135506711455424,0.09000117304571391,0.09000117304571391,0.0,0.0,0.0,-0.08209525606109469,0.0,0.0,0.0,0,0.09240725780409831
2.604160000000016,0.0,0.0,0.907964938774315,0.0,0.0,0.08932717881918757,0.01903939079493166,-0.01200512647634974,0.6599765178344971,-0.10045176343518669,0.08180661228875807,0.17301964546792414,0.03806316739541089,-0.1978248102885416,0.9326724534265867,-0.05063627359869606,0.01563742517718163,0.16190246396557192,0.09000117304571391,0.09000117304571391,0.0,0.0,0.0,-0.08177614172030356,0.0,0.0,0.0,0,0.09203506122568506
2.608320000000016,0.0,0.0,0.9083356480540723,0.0,0.0,0.08897022714176632,0.14120358963190796,0.4583612938784007,1.343507904062474,0.20080486670254385,-0.08098269052928468,-0.09550913767793513,0.09005257521435914,0.1301047246521755,1.137893803895306,0.07468031528706418,-0.03282649324977223,0.03349848253643626,0.09000117304571391,0.09000117304571391,0.0,0.0,0.0,-0.08145817469813327,0.0,0.0,0.0,0,0.0916643519459277
2.612480000000016,0.0,0.0,0.9087048758475146,0.0,0.0,0.0886146704261418,-0.20032038803319496,-0.3707718377264164,0.32619123507786096,-0.020529355059814423,-0.11585961659734634,0.23753132977361316,-0.05518056035191526,-0.12057783708291073,0.7325319957244584,0.028005550306997407,-0.07443821786998868,0.13497395582529959,0.09000117304571391,0.09000117304571391,0.0,0.0,0.0,-0.08114135200627826,0.0,0.0,0.0,0,0.09129512415248542
2.6166400000000163,0.0,0.0,0.9090726279457984,0.0,0.0,0.08826050358810153,-0.6372863326670416,0.15470040892524084,1.0142442594973744,-0.14103380292722908,-0.14707652240305097,-0.09545787441300663,-0.3465301117200177,0.016758298374010484,0.8731924921555435,-0.056865991303843004,-0.11123407990073994,0.019319420377121227,0.09000117304571391,0.09000117304571391,0.0,0.0,0.0,-0.08082567064871143,0.0,0.0,0.0,0,0.09092737205420165
2.6208000000000164,0.0,0.0,0.9094389101189542,0.0,0.0,0.08790772155740943,0.6889483650407294,0.20528313944987636,0.37704146490952195,0.11872795595037207,-0.06629488034545931,0.037822172589797906,0.1714630743735687,0.1108835091627748,0.6251936193311117,0.0310393425192722,-0.08846080851248155,0.027875480005474445,0.09000117304571391,0.09000117304571391,0.0,0.0,0.0,-0.08051112762207269,0.0,0.0,0.0,0,0.09056108988104583
2.6249600000000166,0.0,0.0,0.9098037281159451,0.0,0.0,0.08755631927782927,0.17867893978690738,0.466809884542341,0.7657561088709028,-0.04216981276987404,-0.005460809957105055,0.13186375461983724,0.17498402157859724,0.2888383500079135,0.6957484609019269,-0.005885591025199317,-0.04721658445092506,0.08066093896646341,0.09000117304571391,0.09000117304571391,0.0,0.0,0.0,-0.08019771991605801,0.0,0.0,0.0,0,0.09019627188405488
2.6291200000000168,0.0,0.0,0.9101670876647249,0.0,0.0,0.08720629170714654,-0.45971396614396814,-0.47503148269401557,1.2715704574864417,0.01607780912222412,-0.06580859258239573,0.25859376613496166,-0.14233571010137894,-0.09323871354475506,0.9842032152143063,0.004968677620295228,-0.05654886753583872,0.16872198983166084,0.09000117304571391,0.09000117304571391,0.0,0.0,0.0,-0.07988544451316637,0.0,0.0,0.0,0,0.08983291233527513
2.633280000000017,0.0,0.0,0.9105289944722965,0.0,0.0,0.08685763381719147,0.20576568561024774,-0.2886607744379795,1.1794897155476138,-0.022297526522054682,-0.0219775982836664,-0.040324998442471977,0.03166999757935119,-0.19099625186304128,1.0817623529663325,-0.00815885635437679,-0.0395406554580158,0.06498318717814354,0.09000117304571391,0.09000117304571391,0.0,0.0,0.0,-0.07957429838962382,0.0,0.0,0.0,0,0.08947100552770348
2.637440000000017,0.0,0.0,0.910889454224771,0.0,0.0,0.08651034059385813,-0.21600212397004256,0.06453227181832355,0.5467821321959698,0.012780997799652936,0.12581539740507847,0.2389558592113879,-0.09214096540621858,-0.06296933580497237,0.814766142302027,0.0021910754501426226,0.043524059671948674,0.15165930660604082,0.09000117304571391,0.09000117304571391,0.0,0.0,0.0,-0.07926427851513146,0.0,0.0,0.0,0,0.08911054577522903
2.6416000000000173,0.0,0.0,0.9112484725874257,0.0,0.0,0.08616440703712466,-0.13425086014017576,0.05093842562254291,0.2819182670187568,-0.01895869790967795,-0.10801388439941642,0.015423988928549293,-0.11323579844997335,-0.006239462674564111,0.5483726513062761,-0.008306738638097971,-0.03216841933342643,0.08254359107712336,0.09000117304571391,0.09000117304571391,0.0,0.0,0.0,-0.07895538185336204,0.0,0.0,0.0,0,0.0887515274125743
2.6457600000000174,0.0,0.0,0.9116060552047635,0.0,0.0,0.08581982816107143,0.12113908733215722,-0.1297672920461833,0.7718905050472055,-0.11823244890488392,0.12466715846971257,0.13903773834900773,0.0037082019455764465,-0.06774604929569249,0.660423243289057,-0.0636652712839556,0.046773838125485634,0.1103511219911303,0.09000117304571391,0.09000117304571391,0.0,0.0,0.0,-0.078647605362136,0.0,0.0,0.0,0,0.08839394479523655
2.6499200000000176,0.0,0.0,0.9119622077005713,0.0,0.0,0.08547659899389858,0.34292032852979076,-0.5580399987323447,0.8245606793481658,0.04862427245755164,0.05223007028876499,0.007225063912331048,0.1734185745515957,-0.3127864763548016,0.7425067501294521,-0.007911686711275269,0.0488565814726993,0.059461931589133814,0.09000117304571391,0.09000117304571391,0.0,0.0,0.0,-0.07834094599391911,0.0,0.0,0.0,0,0.08803779229942865
2.6540800000000178,0.0,0.0,0.9123169356779794,0.0,0.0,0.08513471457794132,-0.4953150736452211,-0.035042197486700774,1.2169582514213566,-0.06626232219414314,0.11632769205402738,0.05688615951432095,-0.16109092909923273,-0.1736702802946472,0.9798550568441685,-0.03699845247549473,0.08251333699926024,0.05773446284319379,0.09000117304571391,0.09000117304571391,0.0,0.0,0.0,-0.07803540069557108,0.0,0.0,0.0,0,0.08768306432202055
2.658240000000018,0.0,0.0,0.9126702447195199,0.0,0.0,0.08479416996968657,0.05456995856213203,0.19771436236003295,0.8207265685543199,-0.02601016322357529,0.07200005947460761,0.04664772948821203,-0.05331445905171185,0.012174890154240751,0.900386301463535,-0.030840260424038958,0.07702063796726197,0.0523955151710845,0.09000117304571391,0.09000117304571391,0.0,0.0,0.0,-0.07773096640895005,0.0,0.0,0.0,0,0.08732975528048015
2.662400000000018,0.0,0.0,0.9130221403871857,0.0,0.0,0.08445496023978685,0.1641199717594621,-0.32127391649319725,0.8330496402886272,0.11401349312171448,-0.07340464452611409,-0.06738924950119404,0.0556416348820833,-0.15470318433559355,0.866578201315466,0.041475271558501975,0.0011725015211028473,-0.0079071960470813,0.09000117304571391,0.09000117304571391,0.0,0.0,0.0,-0.07742764007098246,0.0,0.0,0.0,0,0.08697785961281435
2.6665600000000182,0.0,0.0,0.9133726282224901,0.0,0.0,0.08411708047307413,0.15937154521497507,0.3248967613852605,1.2376669336399766,-0.0011030294758899424,0.05110761710725651,-0.018104345679047784,0.10750437345716765,0.08520666288993269,1.0520880454939256,0.020500510463247433,0.026032995739885666,-0.013263731923086448,0.09000117304571391,0.09000117304571391,0.0,0.0,0.0,-0.07712541861405414,0.0,0.0,0.0,0,0.0866273717775099
2.6707200000000184,0.0,0.0,0.9137217137465258,0.0,0.0,0.0837805257685719,-0.2181996834320357,0.32240375196837673,1.0278378070782894,-0.022410679792838988,0.06723238183970091,0.20352696696441858,-0.05539581623969253,0.20394723560261585,1.040383731749442,-0.0013040324410793405,0.04637665444861994,0.09625012334538158,0.09000117304571391,0.09000117304571391,0.0,0.0,0.0,-0.07682429896618787,0.0,0.0,0.0,0,0.08627828625347422
2.6748800000000186,0.0,0.0,0.9140694024600238,0.0,0.0,0.0834452912395066,-0.5184825983663084,-0.15507882076820087,0.7486682394604054,-0.28268054824490707,0.060684106113954445,0.21035136216660466,-0.28752834311948644,0.02455837120767022,0.8949619916683744,-0.14297055065304812,0.05331073362051899,0.15304214196352398,0.09000117304571391,0.09000117304571391,0.0,0.0,0.0,-0.07652427805122092,0.0,0.0,0.0,0,0.08593059753997623
2.6790400000000187,0.0,0.0,0.9144156998434126,0.0,0.0,0.08311137201331839,0.21520131614696517,0.1925123436827131,1.4913308686638014,0.02507451840045083,0.11831393754888975,0.21707141765023408,-0.03610889986999948,0.10878374259907966,1.1936015560190425,-0.05844980485689996,0.08526946864179144,0.18531688348453756,0.09000117304571391,0.09000117304571391,0.0,0.0,0.0,-0.07622535278876835,0.0,0.0,0.0,0,0.08558430015658736
2.683200000000019,0.0,0.0,0.9147606113568779,0.0,0.0,0.08277876323167199,-0.24369402238541865,0.345859139959648,1.1480871038201221,0.12153865599709433,-0.10219803464274489,-0.0019685848732197697,-0.13965033377205302,0.22711001801992092,1.1708414186699214,0.03163721937469647,-0.008205495009221998,0.090963994593416,0.09000117304571391,0.09000117304571391,0.0,0.0,0.0,-0.07592752009493531,0.0,0.0,0.0,0,0.08523938864312208
2.687360000000019,0.0,0.0,0.9151041424404215,0.0,0.0,0.08244746005046469,-0.13033987996885477,0.20499734797458588,0.7494521742745323,-0.05320461438729421,-0.012845161302838895,0.17751170269598343,-0.1351062034406388,0.21602702756113648,0.9605117004863485,-0.010538969656963208,-0.01062930499740202,0.1348893723095232,0.09000117304571391,0.09000117304571391,0.0,0.0,0.0,-0.0756307768823885,0.0,0.0,0.0,0,0.08489585755957851
2.6915200000000192,0.0,0.0,0.9154462985139208,0.0,0.0,0.082117457639834,-0.7036281076261902,-0.049992814598291455,1.0569307935665937,0.027864994683693148,-0.06337711049893746,0.27570859799936515,-0.4193134838952992,0.08288348461970733,1.0092953837593406,0.00880890081959383,-0.037029718094445566,0.20529180917391138,0.09000117304571391,0.09000117304571391,0.0,0.0,0.0,-0.07533512006032017,0.0,0.0,0.0,0,0.08455370148607921
2.6956800000000194,0.0,0.0,0.9157870849771882,0.0,0.0,0.08178875118416552,-0.18006116779324588,-0.4582784769107574,0.9174684704585919,-0.05118531168092771,0.10854617302762669,0.27131771840513436,-0.29979184056569136,-0.18747542204013753,0.9639470189360295,-0.02131663134346205,0.03570659894706331,0.23762667949920263,0.09000117304571391,0.09000117304571391,0.0,0.0,0.0,-0.07504054653483982,0.0,0.0,0.0,0,0.08421291502281181
2.6998400000000196,0.0,0.0,0.9161265072100303,0.0,0.0,0.08146133588209924,-0.6453485428448649,-0.03482599219925527,0.8908377269953066,-0.13890136817538046,-0.02819431965556915,-0.07029045299565508,-0.4728591192118586,-0.111209440793985,0.9272455514232947,-0.08125612212948867,0.00431726567079906,0.0837396825668505,0.09000117304571391,0.09000117304571391,0.0,0.0,0.0,-0.07474705320904534,0.0,0.0,0.0,0,0.0838734927899697
2.7040000000000197,0.0,0.0,0.9164645705723076,0.0,0.0,0.08113520694653543,-0.2738299965415954,-0.21888890330652186,0.9115643627971831,0.08910941617870341,0.10161915676028106,0.08780248720352125,-0.3731587307478588,-0.1648374635244247,0.9195876581248872,0.004353579709051024,0.05243444674579177,0.08568229019274314,0.09000117304571391,0.09000117304571391,0.0,0.0,0.0,-0.07445463698352206,0.0,0.0,0.0,0,0.08353542942769243
2.70816000000002,0.0,0.0,0.9168012804039936,0.0,0.0,0.08081035960463874,-0.31171241930474725,0.06271206044652805,1.2311617021514116,0.1474059183977726,0.04360486210211251,0.11352021453316798,-0.34212897354289645,-0.05097133538155106,1.0756133402075247,0.07607663664614168,0.04846401374828968,0.09942584415763081,0.09000117304571391,0.09000117304571391,0.0,0.0,0.0,-0.07416329475620037,0.0,0.0,0.0,0,0.08319871959600644
2.71232000000002,0.0,0.0,0.9171366420252346,0.0,0.0,0.0804867890978426,0.17127138443047177,0.5172751900528315,0.4198256014024453,-0.04904993792903337,-0.03262329390661862,-0.02261499861636325,-0.08552665461981196,0.23308831160346347,0.7476665466415228,0.013247342616372301,0.007798861418357863,0.03903676253954841,0.09000117304571391,0.09000117304571391,0.0,0.0,0.0,-0.07387302342285484,0.0,0.0,0.0,0,0.0828633579747654
2.71648000000002,0.0,0.0,0.9174706607364089,0.0,0.0,0.08016449068185182,0.18786234314328848,0.2285884765462108,0.7365743249541614,0.05784285392786616,0.08031272679934663,0.09842943126235502,0.05129071207744635,0.2310059796173321,0.742324731164864,0.035232908577224324,0.04377760731000639,0.06890113183102237,0.09000117304571391,0.09000117304571391,0.0,0.0,0.0,-0.0735838198768548,0.0,0.0,0.0,0,0.08252933926359107
2.7206400000000204,0.0,0.0,0.9178033418181866,0.0,0.0,0.07984345962664614,0.11389164416851758,0.2623715437016588,0.8524802295347926,0.04472164466100373,0.013191393860979426,0.30852921116292337,0.08268441245705448,0.24671566446035778,0.7980447916290723,0.04008410495058105,0.028849198960405536,0.18879182679149648,0.09000117304571391,0.09000117304571391,0.0,0.0,0.0,-0.07329568100998429,0.0,0.0,0.0,0,0.08219665818181343
2.7248000000000205,0.0,0.0,0.9181346905315886,0.0,0.0,0.07952369121648044,0.10348255814787764,-0.23129880971844718,0.3129325050913936,0.08456400112700369,0.18739979765604856,0.2018762579735922,0.09325905998283815,0.008093692916588109,0.5559054727740083,0.06254312050486178,0.10867966293450049,0.19517825988851878,0.09000117304571391,0.09000117304571391,0.0,0.0,0.0,-0.07300860371208617,0.0,0.0,0.0,0,0.08186530946841142
2.7289600000000207,0.0,0.0,0.9184647121180465,0.0,0.0,0.07920518074988636,0.5436525528105771,0.2958729083494209,0.5961087810293811,-0.11710944024949764,0.023893296099395514,-0.03843361971003355,0.3182150973622469,0.152034402742268,0.5759275520776156,-0.02713874588328736,0.0665847265222482,0.0783465593960201,0.09000117304571391,0.09000117304571391,0.0,0.0,0.0,-0.07272258487134708,0.0,0.0,0.0,0,0.08153528788195352
2.733120000000021,0.0,0.0,0.9187934117994618,0.0,0.0,0.07888792353967294,0.4948922333184055,-0.39709549424369844,0.3614300633254769,-0.19376089418246747,-0.004302681925565862,0.11830813510322782,0.40615128458195243,-0.12254087502153138,0.46892334515667716,-0.11015063866070096,0.029961394516621703,0.09834358061479423,0.09000117304571391,0.09000117304571391,0.0,0.0,0.0,-0.07243762137468979,0.0,0.0,0.0,0,0.08120658820053817
2.737280000000021,0.0,0.0,0.9191207947782657,0.0,0.0,0.07857191491292546,-0.11084108694135063,0.016521133990254986,0.4085933113773502,0.06218029609224947,-0.14058288125078688,0.17961271771465337,0.14778134435591267,-0.05330061576716067,0.4391332151312815,-0.02425103155426634,-0.05563159102936231,0.13814600514029404,0.09000117304571391,0.09000117304571391,0.0,0.0,0.0,-0.07215371010773797,0.0,0.0,0.0,0,0.08087920522173431
2.741440000000021,0.0,0.0,0.9194468662374782,0.0,0.0,0.07825715021100459,0.16937601705892172,0.05521355675172297,1.162828542084771,0.03490790090475418,-0.11761275561143168,0.09142972910497527,0.15865139338780967,0.0007121691732133027,0.8011754905291609,0.005346693425175001,-0.08641166938676137,0.11509056352037897,0.09000117304571391,0.09000117304571391,0.0,0.0,0.0,-0.07187084795520832,0.0,0.0,0.0,0,0.08055313376252182
2.7456000000000214,0.0,0.0,0.9197716313407679,0.0,0.0,0.07794362478954388,0.31113225121382243,0.13471758764806782,1.3353337000662315,0.06436398178521283,-0.0014479310481265817,0.04084251152098613,0.23502797785160007,0.06771309865145973,1.0683415863464023,0.03426813229136121,-0.04407669667870376,0.07878772723882295,0.09000117304571391,0.09000117304571391,0.0,0.0,0.0,-0.07158903180087556,0.0,0.0,0.0,0,0.08022836865923211
2.7497600000000215,0.0,0.0,0.9200950952325114,0.0,0.0,0.0776313340184474,-0.12821941188337876,0.16385389440573273,0.7942545166090956,0.06330130389220916,-0.20498252112838755,0.14271952988177505,0.05353397492485628,0.11535724677477027,0.9315936894734764,0.048509316626018956,-0.12424772547373722,0.11041129307670933,0.09000117304571391,0.09000117304571391,0.0,0.0,0.0,-0.07130825852785755,0.0,0.0,0.0,0,0.07990490476748857
2.7539200000000217,0.0,0.0,0.9204172630378527,0.0,0.0,0.07732027328188633,-0.2841202188524389,0.37317510702562146,0.8052762892419455,-0.015383856966064428,0.05657899865461363,0.19050115456860084,-0.11532900829589855,0.24438537760708381,0.8688315218791823,0.017300396967618255,-0.033708395722520296,0.14988391752173982,0.09000117304571391,0.09000117304571391,0.0,0.0,0.0,-0.07102852501857959,0.0,0.0,0.0,0,0.07958273696214735
2.758080000000022,0.0,0.0,0.9207381398627622,0.0,0.0,0.07701043797829552,0.3648679733745864,-0.09989954200210008,0.6019549719299369,0.02631109585366236,0.13863053797824235,0.053324028113795774,0.12482706228809558,0.07252985656957653,0.7355032265260832,0.022048827727477356,0.05196900719951714,0.1011607320305144,0.09000117304571391,0.09000117304571391,0.0,0.0,0.0,-0.0707498281551665,0.0,0.0,0.0,0,0.0792618601372378
2.762240000000022,0.0,0.0,0.921057730794097,0.0,0.0,0.07670182352036865,-0.225907193318163,-0.12196331772142775,0.9214499904009837,-0.010092871622662028,0.0390912128474329,0.07057157029642137,-0.05056225844644199,-0.024636494382047156,0.8286245362024742,0.005376965592758414,0.045392177649342266,0.08594515456666166,0.09000117304571391,0.09000117304571391,0.0,0.0,0.0,-0.07047216481962121,0.0,0.0,0.0,0,0.07894226920590297
2.766400000000022,0.0,0.0,0.9213760408996597,0.0,0.0,0.0763944253350526,0.07623821030938299,-0.18703306441289166,0.43217618665193336,0.1858537607356585,0.3005785243441359,0.13314908568138978,0.013226577758159167,-0.10520899858415368,0.6306755767746348,0.0950536737933233,0.17214073075190262,0.10904245762596838,0.09000117304571391,0.09000117304571391,0.0,0.0,0.0,-0.07019553189389616,0.0,0.0,0.0,0,0.07862395910034026
2.7705600000000223,0.0,0.0,0.9216930752282578,0.0,0.0,0.07608823886354148,-0.6083800034464522,-0.3325655182613155,1.116604970145751,0.03864592141381077,0.20959326718456472,-0.02474270595522267,-0.2975013489880429,-0.21845281373001174,0.8735938404699908,0.06717501625144796,0.19082242220216572,0.04137427085471167,0.09000117304571391,0.09000117304571391,0.0,0.0,0.0,-0.06991992625985716,0.0,0.0,0.0,0,0.07830692477174217
2.7747200000000225,0.0,0.0,0.9220088388097631,0.0,0.0,0.07578325956127094,-0.5685174406201094,0.5616951635952148,1.0089305248525091,0.0113525892420792,-0.05344108258532948,0.022491431833476898,-0.4329865700862392,0.17151486599011828,0.9413106758962785,0.03873456168266606,0.06900063114929486,0.03156636567401558,0.09000117304571391,0.09000117304571391,0.0,0.0,0.0,-0.06964534479978252,0.0,0.0,0.0,0,0.07799116119023686
2.7788800000000227,0.0,0.0,0.9223233366551711,0.0,0.0,0.07547948289791039,-0.07091349897595088,0.6863470105385971,1.0092435931737218,-0.15166013543663104,0.024254080108798603,0.03146142414827049,-0.25226250720446664,0.4289854794149148,0.9753431564917056,-0.056663322185826974,0.046394205154679846,0.031462091075946406,0.09000117304571391,0.09000117304571391,0.0,0.0,0.0,-0.06937178439622,0.0,0.0,0.0,0,0.07767666334482892
2.783040000000023,0.0,0.0,0.9226365737566601,0.0,0.0,0.0751769043573558,0.19678054903399483,0.5220890473057216,0.4189996990969379,0.04321406345280245,-0.027395000160975725,0.057943829691291665,-0.0276482348552259,0.47548182552289436,0.6972885433762865,-0.006595454855705287,0.009075669939951968,0.0444670457045163,0.09000117304571391,0.09000117304571391,0.0,0.0,0.0,-0.06909924193248568,0.0,0.0,0.0,0,0.07736342624333992
2.787200000000023,0.0,0.0,0.9229485550876506,0.0,0.0,0.07487551943772054,-0.07517049440094677,-0.08674584674050002,1.2888977925393963,-0.1770593931388672,0.013712199659667749,0.15342864447656462,-0.05177833537811331,0.19439318109277445,0.993415045475171,-0.09164349613852726,0.0111027766835019,0.09960893595505828,0.09000117304571391,0.09000117304571391,0.0,0.0,0.0,-0.06882771429230716,0.0,0.0,0.0,0,0.07705144491234939
2.791360000000023,0.0,0.0,0.9232592856028645,0.0,0.0,0.07457532365132762,0.24960995481846676,-0.0755930089973345,0.5744890061659751,-0.06226867707647415,-0.0047520081110303805,0.10233884204239009,0.09878784236836946,0.05938913223404595,0.7841610098058146,-0.07668904519401713,0.0027823767855069234,0.10142877792434833,0.09000117304571391,0.09000117304571391,0.0,0.0,0.0,-0.06855719836042856,0.0,0.0,0.0,0,0.07674071439713548
2.7955200000000233,0.0,0.0,0.9235687702383841,0.0,0.0,0.07427631252469953,-0.047662892149781186,-0.039217050373805684,0.6959588659264979,-0.003894874761657806,0.018293226666052226,0.2082758865666769,0.025553790271302175,0.01012490364997625,0.7404915224631393,-0.04050875166346371,0.009813948721150139,0.15532921321292106,0.09000117304571391,0.09000117304571391,0.0,0.0,0.0,-0.06828769102246773,0.0,0.0,0.0,0,0.07643122976161587
2.7996800000000235,0.0,0.0,0.9238770139117114,0.0,0.0,0.07397848159854868,-0.255188797791954,-0.1525846548708468,1.1797105120477127,-0.03464671506891936,0.039445125140367514,-0.027725964733912242,-0.11489219307234666,-0.07114798552733431,0.9600468113042087,-0.037260437993983334,0.02415453089227834,0.06362589821893806,0.09000117304571391,0.09000117304571391,0.0,0.0,0.0,-0.06801918916520022,0.0,0.0,0.0,0,0.0761229860882886
2.8038400000000236,0.0,0.0,0.9241840215218271,0.0,0.0,0.07368182642776663,0.6656579296682791,0.4658499252630295,0.9640109811200247,0.07091504088441798,0.09135364236055027,0.143566947185086,0.27553703793228523,0.19754452155198804,0.9623285786037811,0.016240236886023895,0.05785502656998441,0.10309143749072562,0.09000117304571391,0.09000117304571391,0.0,0.0,0.0,-0.06775168967673711,0.0,0.0,0.0,0,0.0758159784781729
2.808000000000024,0.0,0.0,0.9244897979492497,0.0,0.0,0.07338634258141269,0.2894401127445763,-0.003613864575214489,1.3857360153626304,0.05620828236820044,-0.05679292933489012,0.005965248757810959,0.2826063362996276,0.09684545505376599,1.1740481976945083,0.03586007211210524,0.0007010002825281118,0.05427953179199276,0.09000117304571391,0.09000117304571391,0.0,0.0,0.0,-0.06748518944638093,0.0,0.0,0.0,0,0.07551020205075032
2.812160000000024,0.0,0.0,0.9247943480560943,0.0,0.0,0.07309202564270306,-0.2551873851252097,0.23468456655476777,1.161484470143025,0.033707892054753566,-0.04522464939833354,0.02141301480851103,0.013775266877558947,0.16567017966692144,1.1678103919902139,0.03505191729200228,-0.021427176164193634,0.03803708665803656,0.09000117304571391,0.09000117304571391,0.0,0.0,0.0,-0.06721968536501677,0.0,0.0,0.0,0,0.07520565194390572
2.816320000000024,0.0,0.0,0.9250976766861317,0.0,0.0,0.07279887120899847,0.2105155943646834,-0.08201813917909957,0.8076702939377705,-0.198993125482673,-0.10438475753603271,0.07565740102783733,0.11173394312966663,0.04160854900971165,0.9878948653856534,-0.08245364485901763,-0.06356383831170338,0.05700000021906562,0.09000117304571391,0.09000117304571391,0.0,0.0,0.0,-0.06695517432518205,0.0,0.0,0.0,0,0.07490232331386826
2.8204800000000243,0.0,0.0,0.9253997886648475,0.0,0.0,0.07250687489179145,0.01544573743607971,-0.08146366827309273,1.4819104825391758,-0.10585653966222552,-0.05062475895965516,0.043823619110270606,0.06336941779205649,-0.020034975394023758,1.2349965860896925,-0.09436026136443637,-0.05649093449517125,0.05074760052037895,0.09000117304571391,0.09000117304571391,0.0,0.0,0.0,-0.06669165322124343,0.0,0.0,0.0,0,0.07460021133515249
2.8246400000000245,0.0,0.0,0.9257006887995004,0.0,0.0,0.07221603231669291,-0.3318811807071786,0.042097588325901,1.4507988844177273,-0.08018756215984929,-0.12053363291775443,0.010899613542851308,-0.13442546984545026,0.010781101512927774,1.3429228641187634,-0.08725807006652732,-0.08854026850753025,0.03037036503907515,0.09000117304571391,0.09000117304571391,0.0,0.0,0.0,-0.06642911894935966,0.0,0.0,0.0,0,0.0742993112004996
2.8288000000000246,0.0,0.0,0.9260003818791813,0.0,0.0,0.07192633912341899,-0.5033167332800463,-0.04283253819048565,1.1855394308660614,0.006015412228647972,-0.13696511381660587,0.10810933805613432,-0.31886061877959193,-0.0163106927223005,1.2644546331354325,-0.04089282195719568,-0.11288625939605672,0.0693682347212964,0.09000117304571391,0.09000117304571391,0.0,0.0,0.0,-0.06616756840765775,0.0,0.0,0.0,0,0.07399961812081868
2.832960000000025,0.0,0.0,0.9262988726748721,0.0,0.0,0.07163779096577712,0.32146847201215695,-0.22018968245449136,0.7052134256011499,-0.14283411245653288,-0.05488645569794966,0.16956683318833699,0.0010098735031086855,-0.11836598713912956,0.9851848252917554,-0.09116309007572136,-0.08378876606407093,0.11849217255986506,0.09000117304571391,0.09000117304571391,0.0,0.0,0.0,-0.06590699849651599,0.0,0.0,0.0,0,0.0737011273251279
2.837120000000025,0.0,0.0,0.926596165939504,0.0,0.0,0.07135038351165093,0.12215685215518543,-0.09397906190785456,1.1320081402775315,0.02356001219746873,-0.14703564049526807,0.03882911764365302,0.06163429847336278,-0.10647950917150201,1.058677160830621,-0.03433000235053368,-0.11477083334823891,0.0792008103545591,0.09000117304571391,0.09000117304571391,0.0,0.0,0.0,-0.06564740611841946,0.0,0.0,0.0,0,0.073403834060496
2.841280000000025,0.0,0.0,0.9268922664080165,0.0,0.0,0.0710641124429858,0.1420771461834411,-0.41363130590861696,0.9101453674322737,0.07355485507554246,-0.003994241193503155,0.06926918688641749,0.10200851588053232,-0.26006625713756437,0.9845550845510892,0.01997158577795683,-0.05920094452205604,0.07385967861616526,0.09000117304571391,0.09000117304571391,0.0,0.0,0.0,-0.06538878817834981,0.0,0.0,0.0,0,0.07310773359198353
2.8454400000000253,0.0,0.0,0.9271871787974155,0.0,0.0,0.07077897345577285,-0.007111858796610022,0.06715002463697713,1.1445360677464766,0.06538623504423562,-0.020889087103258583,0.03594694122775646,0.04758389099403505,-0.09649963221236621,1.064620805051483,0.042519946153663446,-0.039875827457401106,0.05522268164071327,0.09000117304571391,0.09000117304571391,0.0,0.0,0.0,-0.06513114158363992,0.0,0.0,0.0,0,0.07281282120258448
2.8496000000000254,0.0,0.0,0.9274809078068323,0.0,0.0,0.07049496226003348,-0.0513253871036743,0.07992950185960329,0.8515786352803223,0.03609059320731821,0.04103658860288556,0.18393471105685444,-0.0017972282954506163,-0.008196438343720639,0.9584802276142876,0.03971704122628792,-0.0004044373131213016,0.1198496518876595,0.09000117304571391,0.09000117304571391,0.0,0.0,0.0,-0.06487446324436341,0.0,0.0,0.0,0,0.07251909219316766
2.8537600000000256,0.0,0.0,0.9277734581175815,0.0,0.0,0.07021207457980241,0.046628554176085094,-0.12772362560759185,0.5566475005380158,-0.10339598786456561,-0.01214595801785004,0.035513328609562904,0.022200411134635074,-0.06798714360987956,0.757636477400061,-0.03157546220270706,-0.005787836253631852,0.07693752425991113,0.09000117304571391,0.09000117304571391,0.0,0.0,0.0,-0.06461875007308215,0.0,0.0,0.0,0,0.0722265418824185
2.8579200000000258,0.0,0.0,0.9280648343932194,0.0,0.0,0.06993030615311174,-0.017422364169717205,-0.21038236828828275,0.6982499933465078,0.10986047260193144,-0.12079556602112829,0.07598455892070119,0.002617822009567173,-0.13943544480580705,0.7280999254020674,0.03885976102078408,-0.0640338774265077,0.0769131310610879,0.09000117304571391,0.09000117304571391,0.0,0.0,0.0,-0.06436399898534212,0.0,0.0,0.0,0,0.0719351656067806
2.862080000000026,0.0,0.0,0.9283550412796027,0.0,0.0,0.06964965273197292,-0.5539840002262071,0.13095412452151975,1.4049859881146944,-0.10796310501668278,-0.1364985521925545,0.08052980801061178,-0.2759101458624308,-0.00452334104755967,1.0667148528365582,-0.03521457177415766,-0.09994425503074711,0.07888476095514091,0.09000117304571391,0.09000117304571391,0.0,0.0,0.0,-0.06411020689963459,0.0,0.0,0.0,0,0.07164495872039733
2.866240000000026,0.0,0.0,0.9286440834049459,0.0,0.0,0.06937011008235903,-0.19249615406311804,-0.03925678684686913,1.630597227935361,0.015304644391370113,-0.08123295311269452,0.00569428826243272,-0.23417010077642145,-0.0220592137593466,1.3486708451493459,-0.010262221940779368,-0.09061644582486328,0.04276780881622349,0.09000117304571391,0.09000117304571391,0.0,0.0,0.0,-0.06385737073714282,0.0,0.0,0.0,0,0.07135591659505414
2.8704000000000263,0.0,0.0,0.92893196537988,0.0,0.0,0.0690916739841881,-0.37863687548133784,-0.3157371485875328,1.204361149547051,0.04842334458951427,-0.17248741751763744,0.10137491010455763,-0.30630452242900374,-0.16925902302185786,1.2767260416278476,0.019433848521518856,-0.1315380214320298,0.07197277707984065,0.09000117304571391,0.09000117304571391,0.0,0.0,0.0,-0.06360548742245081,0.0,0.0,0.0,0,0.07106803462012001
2.8745600000000264,0.0,0.0,0.9292186917975104,0.0,0.0,0.06881434023130337,-0.18703897403015138,0.2938394205941378,0.8774776525790514,0.11226202151874419,-0.1719469709638683,-0.04475823499561496,-0.246437242710395,0.0619358478887388,1.0770075905081262,0.0657606259995251,-0.15176552553028444,0.012829549590034283,0.09000117304571391,0.09000117304571391,0.0,0.0,0.0,-0.06335455388329042,0.0,0.0,0.0,0,0.07078130820248962
2.8787200000000266,0.0,0.0,0.9295042672334748,0.0,0.0,0.06853810463145486,0.10976193721299315,-0.10473613139039183,0.7302736174587935,0.054461452789784905,-0.08839386634572015,0.22749806776266018,-0.06822287149753009,-0.021585730668283398,0.9041117685992119,0.06058754351667355,-0.11981161457332383,0.11995700442190832,0.09000117304571391,0.09000117304571391,0.0,0.0,0.0,-0.06310456705082207,0.0,0.0,0.0,0,0.07049573276652521
2.8828800000000268,0.0,0.0,0.9297886962460009,0.0,0.0,0.06826296300627961,0.0953894333512775,-0.06295745278765374,1.5458841820734937,0.018715549018524454,0.05324889549973444,0.1776103397336679,0.013622673839873065,-0.042161397255771324,1.2253733168212144,0.03998107929923718,-0.033161558301373975,0.1480941379969573,0.09000117304571391,0.09000117304571391,0.0,0.0,0.0,-0.06285552385927368,0.0,0.0,0.0,0,0.07021130375399909
2.887040000000027,0.0,0.0,0.9300719833759646,0.0,0.0,0.06798891119128353,-0.20039842877486888,-0.22819460576927358,0.5707584930641638,0.06712473104792104,0.056391423570547786,0.12850839653618396,-0.09324893709513109,-0.13506281037348017,0.8983290717507858,0.05315664324501013,0.011993687262796262,0.1380843442203382,0.09000117304571391,0.09000117304571391,0.0,0.0,0.0,-0.06260742124686258,0.0,0.0,0.0,0,0.06992801662403536
2.891200000000027,0.0,0.0,0.9303541331469473,0.0,0.0,0.06771594503581939,-0.03416340184232661,-0.3493382161465132,1.3930768494735157,0.05534886333185568,-0.0026978740842125357,0.08795906607073835,-0.0635912516181007,-0.24220676011566886,1.1458903516267116,0.05455055152558992,0.004233387200941594,0.11255526583334355,0.09000117304571391,0.09000117304571391,0.0,0.0,0.0,-0.062360256154899874,0.0,0.0,0.0,0,0.06964586685305274
2.8953600000000272,0.0,0.0,0.9306351500652934,0.0,0.0,0.06744406040306866,0.43517318263745874,-0.11709131620934575,0.9451242035334901,-0.03758024034096233,0.11017904945172699,0.09955419894296164,0.18571579393523327,-0.1794181650152888,1.045713747285496,0.008729481945282535,0.056801094751321,0.10566862097009976,0.09000117304571391,0.09000117304571391,0.0,0.0,0.0,-0.06211402552871115,0.0,0.0,0.0,0,0.0693648499347066
2.8995200000000274,0.0,0.0,0.9309150386201684,0.0,0.0,0.06717325317001945,0.05388346553002934,0.4174467426520366,1.2234198261151792,0.06499366612329953,-0.0889127763868549,0.23126678694418235,0.11993358824309791,0.11883308030451879,1.1350496245106885,0.03700411374250878,-0.01583058143543151,0.1681874504678066,0.09000117304571391,0.09000117304571391,0.0,0.0,0.0,-0.0618687263172753,0.0,0.0,0.0,0,0.06908496137983156
2.9036800000000276,0.0,0.0,0.9311938032836161,0.0,0.0,0.06690351922744595,0.13255560514684014,0.23019533915201618,0.7380529085278484,0.05623121876287166,0.021329584875962638,0.15736949387401405,0.12636041493392924,0.17455835463711483,0.9368764302487884,0.047207568658189536,0.0032276067801717393,0.16248213076240736,0.09000117304571391,0.09000117304571391,0.0,0.0,0.0,-0.061624355473610504,0.0,0.0,0.0,0,0.06880619671638388
2.9078400000000277,0.0,0.0,0.9314714485106157,0.0,0.0,0.06663485447988642,0.04963373866488611,-0.11192902134701042,0.8388926219369603,-0.11988277611652931,-0.14332485140294812,0.1787926960613046,0.08774574655177222,0.031015668590302126,0.888256724716308,-0.035634183777679525,-0.07057689544225673,0.17015521458053795,0.09000117304571391,0.09000117304571391,0.0,0.0,0.0,-0.06138090995451906,0.0,0.0,0.0,0,0.0685285514893843
2.912000000000028,0.0,0.0,0.9317479787391392,0.0,0.0,0.06636725484562213,0.2638887382247837,-0.12257586958738918,0.09947767386430417,-0.12631501078926946,-0.032538467865495586,0.049138908559575326,0.17555502781408314,-0.04584808239839794,0.4939642579487039,-0.08062471356244129,-0.05193128421740033,0.10947659285807497,0.09000117304571391,0.09000117304571391,0.0,0.0,0.0,-0.06113838672075883,0.0,0.0,0.0,0,0.06825202126086083
2.916160000000028,0.0,0.0,0.9320233983902085,0.0,0.0,0.06610071625665573,0.2161649760818553,0.08132801248897249,0.7824398567829991,-0.039000245790232986,0.17083677569481082,-0.00899106290337967,0.1957788927037765,0.01809534335660283,0.6381864640712105,-0.059683376569268955,0.05984581877080916,0.04972659334748468,0.09000117304571391,0.09000117304571391,0.0,0.0,0.0,-0.06089678273732185,0.0,0.0,0.0,0,0.06797660160979146
2.9203200000000282,0.0,0.0,0.9322977118679531,0.0,0.0,0.06583523465868836,0.09491377497693497,-0.12870339573017087,0.9340157956444722,-0.09422776102535321,0.14890057564581094,0.018521374955825662,0.14514952033040887,-0.0549961430989033,0.7861426982974433,-0.07689724086470882,0.10475147270395427,0.033657425461630947,0.09000117304571391,0.09000117304571391,0.0,0.0,0.0,-0.06065609497360597,0.0,0.0,0.0,0,0.06770228813204693
2.9244800000000284,0.0,0.0,0.932570923559666,0.0,0.0,0.0655708060110962,0.36236790034146527,0.15224523847269328,0.66077818989531,0.05242231568937327,0.01813717125603691,-0.06133477727341506,0.2538693099022682,0.04866534168003208,0.7233319704641658,-0.012266266233203387,0.060671371192193714,-0.013822093659664983,0.09000117304571391,0.09000117304571391,0.0,0.0,0.0,-0.0604163204029447,0.0,0.0,0.0,0,0.06742907644033402
2.9286400000000286,0.0,0.0,0.9328430378358614,0.0,0.0,0.06530742628690889,-0.01557096755657835,0.25085520982451487,0.3201394657903067,0.023351319500477852,-0.08179564983063664,-0.13681226146241243,0.11919529452518246,0.14959303030547857,0.5214484142064902,0.005810145291791132,-0.011260961250603711,-0.07534918541057918,0.09000117304571391,0.09000117304571391,0.0,0.0,0.0,-0.06017745600320484,0.0,0.0,0.0,0,0.06715696216413858
2.9328000000000287,0.0,0.0,0.9331140590503314,0.0,0.0,0.06504509147278553,0.0864007721063506,-0.04406479994007504,0.8151188495086049,0.08956154955899086,0.07091977145923742,0.04026624898598556,0.10298498320179257,0.05291026124972024,0.6683693041339679,0.04725064381045353,0.02982889466301658,-0.01748380718028475,0.09000117304571391,0.09000117304571391,0.0,0.0,0.0,-0.05993949875674398,0.0,0.0,0.0,0,0.0668859409496686
2.936960000000029,0.0,0.0,0.9333839915402022,0.0,0.0,0.06478379756899093,0.6727981741299156,0.14069488028669058,0.8266259089688449,0.10201972039968284,-0.05753153998160737,0.0009840923521704514,0.38810931059731696,0.09668444590382416,0.7475002497079135,0.07388800318710174,-0.014290407271956296,-0.00800527094839703,0.09000117304571391,0.09000117304571391,0.0,0.0,0.0,-0.05970244565025945,0.0,0.0,0.0,0,0.06661600845979776
2.941120000000029,0.0,0.0,0.9336528396259913,0.0,0.0,0.06452354058937242,-0.3512536435721772,-0.05494712233966623,0.5429384784816165,-0.12361754837102974,-0.12606818321754487,0.2900347149708154,0.01816579368684468,0.020604816651903328,0.6458208429425704,-0.024974631582064356,-0.0699000178139983,0.14116562554018125,0.09000117304571391,0.09000117304571391,0.0,0.0,0.0,-0.05946629367517231,0.0,0.0,0.0,0,0.06634716037400867
2.945280000000029,0.0,0.0,0.9339206076116635,0.0,0.0,0.06426431656133516,-0.0371613536659116,0.11876214870272722,0.6613710917220147,0.019784328415943395,-0.06579980963884748,0.01492455397326755,-0.009456114130471815,0.06954719464676623,0.6536286348864674,-0.0030318190571980916,-0.06779574698540636,0.07732416849091908,0.09000117304571391,0.09000117304571391,0.0,0.0,0.0,-0.05923103982747596,0.0,0.0,0.0,0,0.06607939238833649
2.9494400000000294,0.0,0.0,0.9341872997846877,0.0,0.0,0.06400612152581807,0.29539767161645947,0.36607453428695347,1.1219238503840563,-0.24347889154648056,-0.0651851243942931,0.027693032754287666,0.14246523148707688,0.21767688235126775,0.8878367538052374,-0.12263822044265633,-0.06626273368670764,0.0526879656800197,0.09000117304571391,0.09000117304571391,0.0,0.0,0.0,-0.05899668110811984,0.0,0.0,0.0,0,0.06581270021531227
2.9536000000000295,0.0,0.0,0.9344529204160931,0.0,0.0,0.06374895153726817,0.2025913845783204,-0.13854375199253938,1.1139167824677938,0.08709074696520207,-0.274916363549014,0.10162791704793972,0.17270934581961012,0.03899113915873346,1.0010892528842708,-0.017532715740259462,-0.17003990037492114,0.07738578152868858,0.09000117304571391,0.09000117304571391,0.0,0.0,0.0,-0.05876321452264355,0.0,0.0,0.0,0,0.06554707958390693
2.9577600000000297,0.0,0.0,0.9347174737605248,0.0,0.0,0.06349280266361655,-0.4749901351998591,-0.3023032427553823,1.0466310179230356,-0.0018813327182019297,0.07169182415064342,0.15850942799947754,-0.1511488106912439,-0.13150744596206676,1.0241905328535448,-0.009722154897624551,-0.050092101948614624,0.11775787977238246,0.09000117304571391,0.09000117304571391,0.0,0.0,0.0,-0.05853063708134526,0.0,0.0,0.0,0,0.06528252623947517
2.96192000000003,0.0,0.0,0.9349809640563009,0.0,0.0,0.06323767098625355,-0.2065040821935206,0.12801477841112874,0.975846013898192,0.017800919568146993,0.1088255485572342,-0.03202296540500699,-0.17879111918947654,-0.0015185853027754974,0.9999516907244942,0.004667899950546698,0.029559228837733702,0.04270275036128071,0.09000117304571391,0.09000117304571391,0.0,0.0,0.0,-0.05829894579977124,0.0,0.0,0.0,0,0.06501903594369907
2.96608000000003,0.0,0.0,0.9352433955254676,0.0,0.0,0.06298355260000198,0.3856582278263747,0.2569662394280581,0.7294217606355851,-0.07230028746385243,-0.01713583581477875,0.032838703333972416,0.10328877291645923,0.1276905838918265,0.8647535528322464,-0.034605306594296906,0.005930930405099681,0.03757102448388297,0.09000117304571391,0.09000117304571391,0.0,0.0,0.0,-0.05806813769824226,0.0,0.0,0.0,0,0.06475660447453235
2.97024000000003,0.0,0.0,0.9355047723738555,0.0,0.0,0.06273044361309237,0.27935251713254877,-0.06582901732010144,1.0437365222673067,0.04770720922658217,-0.028370363651250063,-0.06759413060192461,0.19142244817171356,0.03087142675084353,0.9541074933833513,0.005900622756010946,-0.011701795356442576,-0.015868997466948837,0.09000117304571391,0.09000117304571391,0.0,0.0,0.0,-0.05783820980223525,0.0,0.0,0.0,0,0.06449522762614446
2.9744000000000304,0.0,0.0,0.9357650987911352,0.0,0.0,0.062478340147136574,-0.3338532271673174,-0.08944534489494542,1.0766829421429147,0.046069041865425146,0.02982956692253967,0.20246475742843706,-0.0711234934082623,-0.029225404820313147,1.0158173486420916,0.0261027439915666,0.008892196565482359,0.09321064966280293,0.09000117304571391,0.09000117304571391,0.0,0.0,0.0,-0.05760915914233666,0.0,0.0,0.0,0,0.06423490120886477
2.9785600000000305,0.0,0.0,0.9360243789508732,0.0,0.0,0.06222723833710169,0.18059239646567557,0.070154938076925,0.9592203834193677,0.16301263293552581,0.09617514673754182,-0.031558416402092344,0.05507499015677421,0.020666582793555186,0.9874539346598762,0.09468562082874443,0.05200914392144713,0.030302653543059086,0.09000117304571391,0.09000117304571391,0.0,0.0,0.0,-0.057380982754517196,0.0,0.0,0.0,0,0.0639756210491268
2.9827200000000307,0.0,0.0,0.9362826170105869,0.0,0.0,0.06197713433128275,-0.26536517487638983,-0.24164026493888363,0.9686668597976397,0.11427904495098946,-0.1022936939547092,-0.00533783506010025,-0.10491080808910273,-0.11070129006526765,0.9780487054912456,0.10504391885997855,-0.025206643208853956,0.012704785404110668,0.09000117304571391,0.09000117304571391,0.0,0.0,0.0,-0.057153677679549375,0.0,0.0,0.0,0,0.0637173829894131
2.986880000000031,0.0,0.0,0.9365398171118006,0.0,0.0,0.06172802429127795,-0.0959188020909772,0.20306419200054146,1.3985660626219558,0.06597001543422192,0.12733919000175556,0.13181717876187016,-0.10027775512332704,0.04644844878807269,1.1885845104825696,0.08561941891927044,0.051085149455693556,0.07224952926387003,0.09000117304571391,0.09000117304571391,0.0,0.0,0.0,-0.05692724096392243,0.0,0.0,0.0,0,0.06346018288819943
2.991040000000031,0.0,0.0,0.9367959833801004,0.0,0.0,0.061479904391960064,-0.24216414460888697,-0.2265565524942319,0.6376302926748347,-0.023581022710930766,-0.030187750821562533,-0.11173948523030745,-0.17126946107503854,-0.0901174189400363,0.9128719218230366,0.03029075460352394,0.009812989436258763,-0.02011326584218907,0.09000117304571391,0.09000117304571391,0.0,0.0,0.0,-0.05670166965936746,0.0,0.0,0.0,0,0.0632040166198996
2.995200000000031,0.0,0.0,0.9370511199251897,0.0,0.0,0.06123277082144981,-0.21235636132214583,0.08039244943777692,1.393000418876195,-0.12559208115515882,0.08656519883409214,-0.042748843375980165,-0.192074256845366,-0.0046826257443714605,1.1528513643183749,-0.047722301337092536,0.048851213666206754,-0.03179053526852428,0.09000117304571391,0.09000117304571391,0.0,0.0,0.0,-0.05647696082302281,0.0,0.0,0.0,0,0.06294888007481025
2.9993600000000313,0.0,0.0,0.9373052308409443,0.0,0.0,0.06098661978108864,0.4247453491430338,-0.061268477033716615,0.6082554615785145,0.023418658379038074,0.003542701693557128,0.04779187064786533,0.11638717152536275,-0.032968141159622745,0.8806496002365088,-0.0114827503471546,0.025989504180424238,0.0077107315197820474,0.09000117304571391,0.09000117304571391,0.0,0.0,0.0,-0.056253111517599624,0.0,0.0,0.0,0,0.0626947691590557
3.0035200000000315,0.0,0.0,0.9375583202054668,0.0,0.0,0.06074144748541079,0.42757676490734625,0.372180489625098,1.0378737626183236,0.1777548374402721,-0.182056213969589,0.13293191808824673,0.2723540020492568,0.1692300277493918,0.9595398166303271,0.083060751859504,-0.07787104008679957,0.07005341486601285,0.09000117304571391,0.09000117304571391,0.0,0.0,0.0,-0.056030118811119106,0.0,0.0,0.0,0,0.06244167979453319
3.0076800000000317,0.0,0.0,0.9378103920811423,0.0,0.0,0.06049725016211649,0.2367117755230719,-0.14942087208243718,1.0387650785312985,-0.11257504500522,-0.11423044197516384,-0.1341446015714669,0.2542991472874988,0.009667320375205088,0.9988736508821905,-0.015062328569511377,-0.09728334504036061,-0.0318718259511756,0.09000117304571391,0.09000117304571391,0.0,0.0,0.0,-0.05580797977750507,0.0,0.0,0.0,0,0.06218960791885775
3.011840000000032,0.0,0.0,0.9380614505146925,0.0,0.0,0.06025402405204268,0.4221137273051236,0.5981323956611698,0.6816637777956629,0.1678613411985043,0.04132506047262205,0.02493984388222848,0.3385569625002246,0.3039882152686765,0.8403193274914439,0.07628960412508014,-0.02716315989088727,-0.003930593309518236,0.09000117304571391,0.09000117304571391,0.0,0.0,0.0,-0.055586691496213925,0.0,0.0,0.0,0,0.061938549485307526
3.016000000000032,0.0,0.0,0.9383114995372306,0.0,0.0,0.060011765409135366,0.10723441311506303,-0.1926308302009991,0.9272635304401853,0.012255371490070797,-0.050375711320445084,0.052821558551917475,0.22291959721972138,0.05557050596531351,0.8839027003446125,0.04425866337845259,-0.038800901810609925,0.024059256443009203,0.09000117304571391,0.09000117304571391,0.0,0.0,0.0,-0.05536625105218451,0.0,0.0,0.0,0,0.06168850046276941
3.020160000000032,0.0,0.0,0.9385605431643157,0.0,0.0,0.05977047050042213,-0.13907100738619038,-0.02192546512181382,1.3064320991110725,0.07392921319991508,0.05387179815219369,-0.07085103365988243,0.04207589813238836,0.01693446793219367,1.0950236971884846,0.0589162317606161,0.007318903738165397,-0.023730683125115486,0.09000117304571391,0.09000117304571391,0.0,0.0,0.0,-0.0551466555363225,0.0,0.0,0.0,0,0.0614394568356843
3.0243200000000323,0.0,0.0,0.9388085853960073,0.0,0.0,0.05953013560598272,0.12608630001468654,-0.17065752687444827,1.0381373051447667,0.02016625805110627,0.07308673352245536,0.08041585101963719,0.08412477352552544,-0.07671166726487498,1.0667487871199453,0.0389949155544883,0.04060414822905522,0.027652463967650122,0.09000117304571391,0.09000117304571391,0.0,0.0,0.0,-0.05492790204534331,0.0,0.0,0.0,0,0.06119141460399269
3.0284800000000325,0.0,0.0,0.9390556302169195,0.0,0.0,0.059290757018920226,-0.3361440871461504,-0.10911272098056864,0.9097308618094321,0.05614177630022574,0.013900741164395686,0.17686045414819634,-0.12589522570285128,-0.0928838699953182,0.9886048636277797,0.04727938445444962,0.027428353020085863,0.10307717442022771,0.09000117304571391,0.09000117304571391,0.0,0.0,0.0,-0.054709987681721195,0.0,0.0,0.0,0,0.06094436978308049
3.0326400000000326,0.0,0.0,0.939301681596275,0.0,0.0,0.059052331045332564,0.10630171784509239,0.012521175029641021,0.9385312043347858,0.021685667430217822,0.03806887157565708,0.010160001928232638,-0.009749460765003161,-0.04010176963376079,0.963590040062273,0.03421354261282359,0.03291231339007274,0.056036006948640464,0.09000117304571391,0.09000117304571391,0.0,0.0,0.0,-0.05449290955374467,0.0,0.0,0.0,0,0.06069831840372497
3.036800000000033,0.0,0.0,0.9395467434879595,0.0,0.0,0.05881485400428374,0.061892509042341476,0.2270722091827476,0.7921472966552802,0.10860306610953235,0.02916591256840252,-0.014279412818501022,0.026298044376432926,0.09354724506020741,0.8778389608091562,0.07134213737110175,0.03128386323047403,0.020309214381254926,0.09000117304571391,0.09000117304571391,0.0,0.0,0.0,-0.05427666477589291,0.0,0.0,0.0,0,0.060453256512040476
3.040960000000033,0.0,0.0,0.9397908198305752,0.0,0.0,0.058578322227773545,-0.07476640926663099,0.3900698412137454,0.948824976717056,-0.012522207024165727,-0.11991521116819744,0.10766799518864886,-0.024260177569380956,0.24156214690750713,0.9135570108888872,0.029050905472736307,-0.04476231645664313,0.06369494189007517,0.09000117304571391,0.09000117304571391,0.0,0.0,0.0,-0.054061250468356026,0.0,0.0,0.0,0,0.06020918016942478
3.045120000000033,0.0,0.0,0.9400339145474949,0.0,0.0,0.058342732060709265,-0.4266653911678206,-0.15611864805445888,0.7696936610824345,-0.1367301097262434,0.017269825124707577,-0.13221422071790118,-0.22575003829874862,0.04275553502001014,0.8413510009674783,-0.05380809790902455,-0.014061617927180482,-0.035051733668822325,0.09000117304571391,0.09000117304571391,0.0,0.0,0.0,-0.05384666375751729,0.0,0.0,0.0,0,0.05996608545250515
3.0492800000000333,0.0,0.0,0.9402760315469152,0.0,0.0,0.05810807986087547,-0.4754008541909383,-0.03322720468016808,0.9383778994874609,-0.10835195835765837,-0.10636641489775943,0.12745004884196096,-0.350801524417672,0.004541577648542547,0.8901292545689771,-0.08157549071306025,-0.05981536821478554,0.04665372620160805,0.09000117304571391,0.09000117304571391,0.0,0.0,0.0,-0.053632901775686664,0.0,0.0,0.0,0,0.05972396845308481
3.0534400000000335,0.0,0.0,0.9405171747219107,0.0,0.0,0.057874361998904826,-0.016099620418479652,-0.023685462108367923,1.1578922921938077,-0.17402745138907938,-0.051226754475326514,0.08398916604548827,-0.18380950793481615,-0.009677157636213303,1.0241870305060103,-0.1281294698555551,-0.056258383864490356,0.06546886868824503,0.09000117304571391,0.09000117304571391,0.0,0.0,0.0,-0.05341996166136831,0.0,0.0,0.0,0,0.059482825278089346
3.0576000000000336,0.0,0.0,0.9407573479504867,0.0,0.0,0.057641574858247925,-0.17500486042891522,-0.23576110380514886,1.0538911253168914,-0.14753741148985608,0.07720379081720599,0.017490598692090742,-0.17971478192452403,-0.12255973371991405,1.039076771274444,-0.13745434130723125,0.010273086733106989,0.04095120296652225,0.09000117304571391,0.09000117304571391,0.0,0.0,0.0,-0.05320784055920744,0.0,0.0,0.0,0,0.05924265204951329
3.061760000000034,0.0,0.0,0.9409965550956332,0.0,0.0,0.05740971483514328,0.01574935705872529,-0.011484680000088857,0.9748846143835854,-0.1412897360076717,-0.10380673730166644,-0.06554193914614609,-0.08227394068443124,-0.06723880687065918,1.006845234721963,-0.13998848118078194,-0.04605641342251966,-0.0129215290732257,0.09000117304571391,0.09000117304571391,0.0,0.0,0.0,-0.05299653562004328,0.0,0.0,0.0,0,0.05900344490436682
3.065920000000034,0.0,0.0,0.9412348000053773,0.0,0.0,0.05717877833858716,0.06382918281411655,0.5136782872718226,1.0754326134091505,-0.012418699758811227,-0.055208005406015274,-0.07579727537173588,-0.009248544060270434,0.22310795404071385,1.0409826274472416,-0.075559283353409,-0.05014113344378675,-0.04477830841942287,0.09000117304571391,0.09000117304571391,0.0,0.0,0.0,-0.05278604400085493,0.0,0.0,0.0,0,0.05876519999462271
3.070080000000034,0.0,0.0,0.9414720865128369,0.0,0.0,0.056948761790303636,-0.2893531116310714,0.17290398446302171,0.25219431737873843,-0.037810606130992276,0.05300688687555552,-0.06533199144701637,-0.14938176870856784,0.19811566856242138,0.6464484500869125,-0.05652585904687072,0.001523486919084741,-0.05572020320237035,0.09000117304571391,0.09000117304571391,0.0,0.0,0.0,-0.05257636286502754,0.0,0.0,0.0,0,0.05852791348716313
3.0742400000000343,0.0,0.0,0.9417084184362732,0.0,0.0,0.05671966162471363,0.1962186497062289,0.04287950816221737,1.4981246675932258,0.07045081002299616,0.17793380478710172,-0.003813744322702768,0.023566819290460873,0.12086665684836802,1.0722843134759392,0.007230916665303235,0.08968965401849087,-0.029639276868472713,0.09000117304571391,0.09000117304571391,0.0,0.0,0.0,-0.05236748938219063,0.0,0.0,0.0,0,0.058291581563726824
3.0784000000000344,0.0,0.0,0.9419437995791436,0.0,0.0,0.05649147428890454,-0.6030177395703019,-0.12895600277967112,0.5615646324786243,0.0018551401211474743,-0.16477922417965163,0.1926810217323946,-0.2897267524422597,-0.0043882403898260714,0.8173228382642569,0.004911897266007734,-0.03796928333764137,0.08094496793841356,0.09000117304571391,0.09000117304571391,0.0,0.0,0.0,-0.052159420728269595,0.0,0.0,0.0,0,0.05805620042085635
3.0825600000000346,0.0,0.0,0.9421782337301545,0.0,0.0,0.056264196242599714,-0.2707025025261866,0.02908692833968242,1.149125091291333,0.2467403084312989,-0.11919048253060803,0.2111018995901659,-0.2797024110081955,0.012101216026898386,0.9836644574334407,0.12635364027228838,-0.07835857026084052,0.14645503862710813,0.09000117304571391,0.09000117304571391,0.0,0.0,0.0,-0.05195215408553672,0.0,0.0,0.0,0,0.057821766269845476
3.0867200000000348,0.0,0.0,0.9424117246633134,0.0,0.0,0.0560378239581278,-0.14602974703941135,-0.03652229249084172,0.7948062833874412,0.06348926143072374,0.04464147674692598,0.07542707350863008,-0.212732597280424,-0.012117820126572022,0.8893899240163683,0.09468959628798185,-0.01696516988019146,0.11143171771121538,0.09000117304571391,0.09000117304571391,0.0,0.0,0.0,-0.05174568664266205,0.0,0.0,0.0,0,0.057588275336686645
3.090880000000035,0.0,0.0,0.9426442761379816,0.0,0.0,0.05581235392039183,0.015762252657908205,-0.07127026555757886,0.9104913062379031,0.07409846648274263,0.04652723072489176,0.0357586813880344,-0.0983305831618168,-0.041597186817175,0.900015615369549,0.08493984624744767,0.014539117492539158,0.073371370305264,0.09000117304571391,0.09000117304571391,0.0,0.0,0.0,-0.051540015594978006,0.0,0.0,0.0,0,0.05735572386201837
3.095040000000035,0.0,0.0,0.9428758918989267,0.0,0.0,0.05558778262683718,-0.2324664830666672,0.008093212949452425,0.8348218609930671,-0.12109943781255415,0.14271297209625844,0.24624743020009954,-0.1656491835613766,-0.016452273306891432,0.8679302958090198,-0.019110736598834836,0.07740272258379881,0.15988184321022256,0.09000117304571391,0.09000117304571391,0.0,0.0,0.0,-0.05133513814399468,0.0,0.0,0.0,0,0.05712410810107327
3.0992000000000353,0.0,0.0,0.9431065756763743,0.0,0.0,0.05536410658742177,-0.06357033759016523,0.1849682114305291,1.2390976732308083,-0.014528117008311432,-0.06572152808078706,0.06588290372827194,-0.1146392873091719,0.08412257869620998,1.053652920365751,-0.016808676048939333,0.005898290337659574,0.11322301040537418,0.09000117304571391,0.09000117304571391,0.0,0.0,0.0,-0.05113105149798422,0.0,0.0,0.0,0,0.05689342432362565
3.1033600000000354,0.0,0.0,0.9433363311860601,0.0,0.0,0.055141322324583554,0.28498733683747035,0.543008322382363,0.7558235711087533,-0.04871323331669988,0.13314070047809431,-0.04841490225200142,0.08507589958674608,0.31384497809958317,0.9046353436508265,-0.03295151161114471,0.06980575438011731,0.03247038718899564,0.09000117304571391,0.09000117304571391,0.0,0.0,0.0,-0.05092775287138818,0.0,0.0,0.0,0,0.056663668813939916
3.1075200000000356,0.0,0.0,0.9435651621292818,0.0,0.0,0.0549194263732108,0.17483040940567038,-0.06047412155827323,1.0511405580076547,0.07950346305479283,-0.004830683362875171,-0.03769520962379469,0.1301202063993063,0.12667270292349642,0.9778105906688939,0.022759592817475412,0.032520379754600905,-0.0026173505789440915,0.09000117304571391,0.09000117304571391,0.0,0.0,0.0,-0.05072523948561514,0.0,0.0,0.0,0,0.056434837870718235
3.1116800000000358,0.0,0.0,0.9437930721929509,0.0,0.0,0.05469841528060884,-0.537328452009407,0.25904971947602407,0.9586089151688301,-0.04509950509389713,0.049760602580132735,0.15935496314105194,-0.203701825874843,0.19296445370423873,0.9685425393560992,-0.011537325613787444,0.04170889511942213,0.0776529971570617,0.09000117304571391,0.09000117304571391,0.0,0.0,0.0,-0.05052350856844792,0.0,0.0,0.0,0,0.056206927807049056
3.115840000000036,0.0,0.0,0.9440200650496445,0.0,0.0,0.05447828560646942,-0.06027079865135501,-0.009174893168574465,0.8956359392798439,0.008888476361832915,0.03682982363277399,0.19659230015950477,-0.1319657015912586,0.09197195351965647,0.9324983776572091,-0.0018639057258480905,0.0383162871741585,0.13675814058501298,0.09000117304571391,0.09000117304571391,0.0,0.0,0.0,-0.05032255735430513,0.0,0.0,0.0,0,0.05597993495035547
3.120000000000036,0.0,0.0,0.9442461443576564,0.0,0.0,0.05425903392283898,0.11653698676737162,-0.174098048139271,1.6066303158687467,-0.0150274209637249,0.050480106637147096,-0.1063247120965645,-0.007743478036191923,-0.04096012511559776,1.2693474791438983,-0.008635751838166405,0.04449990277308797,0.015440251646915697,0.09000117304571391,0.09000117304571391,0.0,0.0,0.0,-0.050122383084396094,0.0,0.0,0.0,0,0.055753855642343586
3.1241600000000362,0.0,0.0,0.9444713137610484,0.0,0.0,0.05404065681408625,0.07208567090306178,-0.011977705460218894,1.0654248785699965,0.045156674614396444,0.01683533327555966,0.04782492453374458,0.03226512134509422,-0.026433247096514057,1.1674838047053848,0.018477367974194605,0.03045378837838687,0.031833264188124995,0.09000117304571391,0.09000117304571391,0.0,0.0,0.0,-0.049922983006233296,0.0,0.0,0.0,0,0.055528686238951575
3.1283200000000364,0.0,0.0,0.9446955768897021,0.0,0.0,0.053823150876871985,0.11931622042534624,0.041485580424901185,1.238732641823508,0.026259900791943132,0.02275854145165407,-0.04472839904263579,0.075846451116566,0.007575719481729569,1.203014846519877,0.02210306834276815,0.02576978241090462,-0.006038024539508729,0.09000117304571391,0.09000117304571391,0.0,0.0,0.0,-0.04972435437453471,0.0,0.0,0.0,0,0.05530442311029793
3.1324800000000366,0.0,0.0,0.9449189373593693,0.0,0.0,0.05360651272011486,-0.2715743336291955,0.19990191060062784,1.1847057820680433,-0.06642938696089133,0.0031616505697226616,-0.17769709125891175,-0.09800515989545916,0.10374747115383881,1.1934901645242113,-0.021861117471543685,0.014114145957207818,-0.09165612412766641,0.09000117304571391,0.09000117304571391,0.0,0.0,0.0,-0.04952649445041532,0.0,0.0,0.0,0,0.05508106264063073
3.1366400000000367,0.0,0.0,0.9451413987717233,0.0,0.0,0.05339073896496085,-0.09347770449567586,0.4983235351830279,0.5777265796629596,0.06740803282114194,0.00046477373206886893,0.0530786776660638,-0.09560130049118357,0.3010395468095194,0.8857153236242695,0.02281906146097755,0.007138444092942089,-0.019710650912918702,0.09000117304571391,0.09000117304571391,0.0,0.0,0.0,-0.04932940050175355,0.0,0.0,0.0,0,0.05485860122827668
3.140800000000037,0.0,0.0,0.9453629647144097,0.0,0.0,0.053175826244751034,-0.0520590763770666,-0.4918832044575919,1.1810540295411507,0.02256565453151409,0.09274816991408354,0.28985844364161484,-0.07378320804593728,-0.09523303141836685,1.033988822592108,0.02281748931842458,0.049249087657120445,0.1354472889793159,0.09000117304571391,0.09000117304571391,0.0,0.0,0.0,-0.04913306980323695,0.0,0.0,0.0,0,0.054637035285590274
3.144960000000037,0.0,0.0,0.9455836387610972,0.0,0.0,0.05296177120498925,-0.28917453689419176,0.2262361089947151,0.6696663304871062,-0.006940084420070731,0.038296617338314985,0.09604780474429567,-0.18149461614372214,0.06558376767487491,0.8520243529636896,0.007845065307508892,0.04361797283917276,0.1159668643271626,0.09000117304571391,0.09000117304571391,0.0,0.0,0.0,-0.04893749963662186,0.0,0.0,0.0,0,0.05441636123890281
3.1491200000000372,0.0,0.0,0.9458034244715277,0.0,0.0,0.052748570503308716,0.009139995688377988,0.19531041471443747,0.9296081978782987,0.01698869265104337,0.023188873560135576,-0.08725999216548322,-0.08614224178347399,0.13049595986001772,0.8906352389214317,0.01318635754969876,0.033535170649707194,0.014405459603232675,0.09000117304571391,0.09000117304571391,0.0,0.0,0.0,-0.0487426872900297,0.0,0.0,0.0,0,0.054196575528472346
3.1532800000000374,0.0,0.0,0.9460223253915669,0.0,0.0,0.05253622080944156,-0.06937406408574054,0.19069417541034095,1.079427358817821,0.1284026273309375,0.0964987969027354,0.1362980815202214,-0.07749113249544305,0.16079615466409214,0.9853167776674605,0.07086916164228921,0.06503646563286933,0.07502580735755039,0.09000117304571391,0.09000117304571391,0.0,0.0,0.0,-0.04854863005863244,0.0,0.0,0.0,0,0.05397767460843306
3.1574400000000375,0.0,0.0,0.9462403450532552,0.0,0.0,0.05232471880518552,-0.22629271103291868,0.19624473352959393,1.0860434873740612,-0.21355004655011225,0.038621062704392785,0.03219344412986644,-0.15233518705553725,0.17860087346711565,1.0357483875851081,-0.07226171516916388,0.05190227568835214,0.053329247609572514,0.09000117304571391,0.09000117304571391,0.0,0.0,0.0,-0.048355325244590464,0.0,0.0,0.0,0,0.05375965494674484
3.1616000000000377,0.0,0.0,0.9464574869748567,0.0,0.0,0.05211406118437099,-0.6006671404528987,-0.12039017134646271,0.8326568115009432,0.2041490557847944,-0.013316333197601267,-0.1645824769216708,-0.37607816854423215,0.029075909504887393,0.9338593632145142,0.06520072903570247,0.019129709446529593,-0.05585864907910755,0.09000117304571391,0.09000117304571391,0.0,0.0,0.0,-0.048162770156775364,0.0,0.0,0.0,0,0.053542513025143346
3.165760000000038,0.0,0.0,0.9466737546609101,0.0,0.0,0.051904244652829105,-0.10582143450403103,0.28622571697404264,1.4917409204822656,0.11859008629260988,-0.013166132744992138,0.12590861926459104,-0.2407018574138293,0.157623278829014,1.2130661124440518,0.09218575164326136,0.003920834075155478,0.034926531681523806,0.09000117304571391,0.09000117304571391,0.0,0.0,0.0,-0.04797096211102689,0.0,0.0,0.0,0,0.05332624533908992
3.169920000000038,0.0,0.0,0.9468891516022783,0.0,0.0,0.05169526592835893,0.9705844193587546,-0.021743504467616553,1.35215531980331,0.03275722349033937,0.117162997407884,-0.005671073256784655,0.36501662425160086,0.06818155878803603,1.2826010472584533,0.06308439194497818,0.06090438530953609,0.014075667932061109,0.09000117304571391,0.09000117304571391,0.0,0.0,0.0,-0.04777989843008909,0.0,0.0,0.0,0,0.05311084839772173
3.174080000000038,0.0,0.0,0.9471036812761978,0.0,0.0,0.0514871217406948,-0.6001125236681014,0.0972660625958944,1.482732113854449,-0.007039207490305684,0.03662301395893414,-0.06973035778868253,-0.11756820984284663,0.0828003043878861,1.382523154999622,0.027481477951429616,0.04870977700380999,-0.027923507681101127,0.09000117304571391,0.09000117304571391,0.0,0.0,0.0,-0.04758957644354553,0.0,0.0,0.0,0,0.05289631872380218
3.1782400000000384,0.0,0.0,0.947317347146329,0.0,0.0,0.05127980883147407,-0.4509918816108814,0.15880793497175275,1.0210633234228657,-0.06895021251092942,0.03774464121330105,0.15216281193594855,-0.28442582197654004,0.12088258346265628,1.2021091825253498,-0.020714402689506795,0.04350479359413952,0.06115683706853401,0.09000117304571391,0.09000117304571391,0.0,0.0,0.0,-0.04739999348818247,0.0,0.0,0.0,0,0.05268265285367102
3.1824000000000385,0.0,0.0,0.9475301526628048,0.0,0.0,0.05107332395420326,-0.06716466882681718,0.10443791166568173,1.0516561831910016,-0.07792800045469185,-0.13133288245637934,0.1079941858036761,-0.175955338673891,0.11238635637013064,1.1271061869388752,-0.04954565856820496,-0.04361072356070195,0.0846051580141859,0.09000117304571391,0.09000117304571391,0.0,0.0,0.0,-0.04721114690749589,0.0,0.0,0.0,0,0.052469847337195175
3.1865600000000387,0.0,0.0,0.9477421012622808,0.0,0.0,0.05086766387422635,0.2267475115208099,-0.011479101903117744,0.8636016054175584,-0.07899405333392796,-0.045190043442791934,0.10443661683879735,0.025234554907446926,0.050359338095198776,0.995568761677165,-0.06424677033266472,-0.04467512118607891,0.09476761239176497,0.09000117304571391,0.09000117304571391,0.0,0.0,0.0,-0.04702303405216027,0.0,0.0,0.0,0,0.052257898737719244
3.190720000000039,0.0,0.0,0.9479531963679836,0.0,0.0,0.050662825368691114,0.3058627060620476,0.06901293368467132,1.1461734889343123,0.14746821930287363,-0.22278424662745822,0.051212548891056975,0.16585727367165048,0.05922419623169077,1.070978037378988,0.04162127061096797,-0.13435037697096652,0.07331137074884617,0.09000117304571391,0.09000117304571391,0.0,0.0,0.0,-0.0468356522797487,0.0,0.0,0.0,0,0.052046803632016414
3.194880000000039,0.0,0.0,0.9481634413897607,0.0,0.0,0.05045880522651663,0.0969480914318821,-0.022379067300653185,1.231938181015099,-0.06741379819182254,0.16617168597977486,0.08018357810225996,0.13126372689925475,0.018768228838555657,1.151626589479396,-0.013728480901583066,0.015601420702684624,0.07647081391568908,0.09000117304571391,0.09000117304571391,0.0,0.0,0.0,-0.04664899895498742,0.0,0.0,0.0,0,0.05183655861023928
3.199040000000039,0.0,0.0,0.9483728397241289,0.0,0.0,0.05025560024835974,0.6143516857136938,-0.3064342169003937,0.349812468510148,0.0860352687910096,0.08155824195630598,-0.028080530495404647,0.37298781936479736,-0.1436660686570307,0.7506560709339043,0.03721360261681926,0.04878611925414554,0.023932895521941337,0.09000117304571391,0.09000117304571391,0.0,0.0,0.0,-0.04646307144947473,0.0,0.0,0.0,0,0.05162716027587111
3.2032000000000393,0.0,0.0,0.948581394754323,0.0,0.0,0.05005320724658278,0.23399147180959423,0.10509189711588403,0.7068596337629338,-0.08904903873771912,-0.10926998776051629,-0.1057635728118961,0.3033041093341852,-0.019511618595339918,0.7285387929471322,-0.026224962260019677,-0.03071500823129408,-0.04149953514002709,0.09000117304571391,0.09000117304571391,0.0,0.0,0.0,-0.046277867141934576,0.0,0.0,0.0,0,0.051418605245676985
3.2073600000000395,0.0,0.0,0.9487891098503448,0.0,0.0,0.049851623045220145,0.10141531748725223,0.2674421427578487,1.107077741286015,-0.23736275388045303,-0.05496311610535581,0.3197857696345122,0.2018653691366415,0.12385222360631969,0.9184758439194429,-0.13215350528493564,-0.0424890243176687,0.13922439315997492,0.09000117304571391,0.09000117304571391,0.0,0.0,0.0,-0.046093383418148726,0.0,0.0,0.0,0,0.051210890149655186
3.2115200000000397,0.0,0.0,0.9489959883690112,0.0,0.0,0.04965084447994526,0.13217791178056756,0.2728486228308874,0.9471945927095001,0.01982540743560116,0.0635278695653042,0.07110007775268115,0.16706418031921066,0.19848163575812844,0.9329825914200808,-0.05703506336279518,0.011458051681216897,0.10550988651803203,0.09000117304571391,0.09000117304571391,0.0,0.0,0.0,-0.04590961767088855,0.0,0.0,0.0,0,0.05100401163098878
3.21568000000004,0.0,0.0,0.949202033654003,0.0,0.0,0.049450868398037785,0.45878830571561746,-0.14113973370469537,1.2918849590940218,-0.1598449264655456,0.059622457886724003,-0.09995225318795806,0.31259584461036405,0.0287923828330129,1.1122283028441862,-0.1084493084157166,0.03563558796079188,0.0028333404582636585,0.09000117304571391,0.09000117304571391,0.0,0.0,0.0,-0.04572656730027444,0.0,0.0,0.0,0,0.05079796634599698
3.21984000000004,0.0,0.0,0.9494072490359128,0.0,0.0,0.04925169165834942,0.5149253151941922,-0.10008047542932866,1.0899739816885268,-0.041645804578438306,0.06532625910246592,-0.12175564697782071,0.4136749495244465,-0.03551067496476679,1.1008483522823802,-0.07484790123490323,0.05125009358099201,-0.05974838697507132,0.09000117304571391,0.09000117304571391,0.0,0.0,0.0,-0.04554422971327915,0.0,0.0,0.0,0,0.05059275096408722
3.22400000000004,0.0,0.0,0.9496116378322931,0.0,0.0,0.049053311131271676,-0.6385219697591492,0.01344329510423483,1.3079063637379962,-0.061367050245039335,0.1906201951099722,0.005658631595760702,-0.11255815415322022,-0.01063676455908867,1.2043913977206864,-0.0682816205823128,0.12087893105298592,-0.027443847960980563,0.09000117304571391,0.09000117304571391,0.0,0.0,0.0,-0.045362602324085816,0.0,0.0,0.0,0,0.050388362167706924
3.2281600000000403,0.0,0.0,0.9498152033477043,0.0,0.0,0.048855723698702315,0.5237638802118114,0.20555489518430578,1.147455278450022,0.10882414329539321,-0.05592047452292888,0.10456810543873181,0.20583302329718373,0.0973421232925253,1.1761411220150595,0.02056931692650004,0.03352042789191696,0.03822492107438238,0.09000117304571391,0.09000117304571391,0.0,0.0,0.0,-0.04518168255391136,0.0,0.0,0.0,0,0.05018479665229569
3.2323200000000405,0.0,0.0,0.9500179488737627,0.0,0.0,0.04865892625401244,-0.0880092410064051,-0.22718632362929259,1.5214034052572791,-0.03721561563177594,-0.05561788993263042,0.0512012599014865,0.05883253056943566,-0.06504047263878171,1.3488806785938046,-0.008368967563273471,-0.010842039351230086,0.0449517848059899,0.09000117304571391,0.09000117304571391,0.0,0.0,0.0,-0.045001467831257,0.0,0.0,0.0077150962137734124,0,2.236626523457769
3.2364800000000407,0.0,0.0,0.9502198776891877,0.0,0.0,0.048462915702012596,-0.3933076112897085,0.32837697900084883,0.910494005215444,0.08776593705687184,-0.12158991047989039,0.1466359453366057,-0.16705873554364356,0.1314170515983374,1.1299904540621797,0.0399721483754462,-0.0657035079189938,0.09521936199050009,0.09000117304571391,0.09000117304571391,0.0,0.0,0.0,-0.04482195559162386,0.0,0.0,0.015301813226549638,0,2.2366220200510587
3.240640000000041,0.0,0.0,0.9504209930598498,0.0,0.0,0.048267688958920064,0.35651130136886805,0.3972036827775999,0.5747982534172773,-0.026564210284596018,-0.1205036555580688,0.044697054089420866,0.09467433437865998,0.26406137808370783,0.8524842979453701,0.0068810512725780825,-0.09300157701892436,0.06954763990851813,0.09000117304571391,0.09000117304571391,0.0,0.0,0.0,-0.04464314327776259,0.0,0.0,0.022762287268233265,0,2.2366175528974934
3.244800000000041,0.0,0.0,0.9506212982388179,0.0,0.0,0.04807324295232516,0.08974407103790044,-0.08804072799718941,0.918691467649905,0.1061817514606252,-0.009081443869401873,0.06099108419263897,0.09243055099794589,0.08798874668992757,0.8857164199621692,0.05627124325372375,-0.05093850708794047,0.06468607619465268,0.09000117304571391,0.09000117304571391,0.0,0.0,0.0,-0.04446502833960214,0.0,0.0,0.030098619021863275,0,2.236613121706036
3.248960000000041,0.0,0.0,0.950820796466406,0.0,0.0,0.04787957462115781,-0.4497588585079863,-0.37041391445581384,0.8906129003949057,5.67424439980921e-05,-0.29166335427697576,0.07518997684931344,-0.178668681863251,-0.14182252196573772,0.888320539766764,0.02857734431715693,-0.17124747802397353,0.07020067921864799,0.09000117304571391,0.09000117304571391,0.0,0.0,0.0,-0.04428760823396352,0.0,0.0,0.03731287421511288,0,2.2366087261879755
3.2531200000000413,0.0,0.0,0.9510194909702213,0.0,0.0,0.04768668091565536,-0.18935668930822014,-0.21656380687687762,1.1118424964087952,0.06115525917389834,-0.07173906764217883,0.06373077962077203,-0.18388538492072903,-0.17934237589643354,1.0002160812876653,0.04478040934713286,-0.12175289676335357,0.06675412217092616,0.09000117304571391,0.09000117304571391,0.0,0.0,0.0,-0.044110880425343335,0.0,0.0,0.04440708420194682,0,2.2366043660569064
3.2572800000000415,0.0,0.0,0.9512173849652101,0.0,0.0,0.047494558797327155,-0.061202483187521264,-0.37029026730453957,1.5844532689994493,-0.10027721667614514,-0.05244710861274894,-0.046884131559315076,-0.12275294668807371,-0.2749256499566089,1.2922410367842634,-0.027115275958347212,-0.08763155970776795,0.010042724676654551,0.09000117304571391,0.09000117304571391,0.0,0.0,0.0,-0.0439348423848786,0.0,0.0,0.05138324653459984,0,2.2366000410287112
3.2614400000000416,0.0,0.0,0.9514144816537057,0.0,0.0,0.04730320523892338,0.06340336441647786,-0.20590562389727007,0.7888404011252522,0.0934544234247126,0.06488853959748248,0.002289530783691422,-0.029479643575842793,-0.24027909687564614,1.0405425781631372,0.03342033096649192,-0.011905772777517823,0.005868701738089211,0.09000117304571391,0.09000117304571391,0.0,0.0,0.0,-0.04375949159144982,0.0,0.0,0.05824332552603751,0,2.236595750821542
3.265600000000042,0.0,0.0,0.951610784225474,0.0,0.0,0.04711261722439943,-0.3250761025282774,0.1743940216183677,1.1830170797177628,0.036761790916490636,-0.09086547405502982,-0.01067292259738093,-0.17720392983974748,-0.033129603493065846,1.1117589649553217,0.03530809454766483,-0.050914161787379196,-0.0025637768577886424,0.09000117304571391,0.09000117304571391,0.0,0.0,0.0,-0.04358482553053816,0.0,0.0,0.06498925280305766,0,2.2365914951558037
3.269760000000042,0.0,0.0,0.951806295857761,0.0,0.0,0.04692279174888495,0.010179851016883982,-0.24089589456064223,0.7532153237996944,0.049303201712317564,-0.03046980139931669,0.16130934096514263,-0.08340735033200065,-0.1370779567289925,0.9328203791357675,0.04190631157928055,-0.040511744636958315,0.0792541414733318,0.09000117304571391,0.09000117304571391,0.0,0.0,0.0,-0.04341084169543455,0.0,0.0,0.07162292785018819,0,2.236587273754134
3.273920000000042,0.0,0.0,0.9520010197153387,0.0,0.0,0.04673372581864791,-0.11899677385136964,-0.15442697933348618,0.9575758535084895,0.07453010950274135,0.03287452165086665,0.09462066851750744,-0.10104691181894528,-0.14568542005607435,0.9453951565916195,0.0580339571558859,-0.003242132055960926,0.08690814495456389,0.09000117304571391,0.09000117304571391,0.0,0.0,0.0,-0.043237537586096136,0.0,0.0,0.07814621854453446,0,2.236583086341388
3.2780800000000423,0.0,0.0,0.9521949589505514,0.0,0.0,0.04654541645106349,-0.38114824258737556,-0.2771095870571418,1.13511954765332,0.09253335417558789,-0.07309178036503583,0.16922824704634218,-0.2409076872780303,-0.2115496269360616,1.0406108961286833,0.07557800586380514,-0.038559194178175306,0.12795397788142654,0.09000117304571391,0.09000117304571391,0.0,0.0,0.0,-0.043064910710033544,0.0,0.0,0.08456096168172682,0,2.236578932644618
3.2822400000000425,0.0,0.0,0.9523881167033621,0.0,0.0,0.04635786067457921,-0.3715771025255482,0.03329845769468502,1.3533834680350658,0.046607883994953116,0.04957816763291528,-0.06437707354509133,-0.3061476009440186,-0.0890212024923831,1.1968667166904654,0.0616885016591183,0.005721347979057963,0.031200469611403957,0.09000117304571391,0.09000117304571391,0.0,0.0,0.0,-0.042892958581915164,0.0,0.0,0.0908689634931163,0,2.2365748123930604
3.2864000000000426,0.0,0.0,0.9525804961013983,0.0,0.0,0.04617105552868179,0.22146819542233234,-0.20506586749161437,0.742988391266201,0.12546338400318752,0.13150497892299248,0.19989575195130105,-0.04207664917517608,-0.14676965920435275,0.9703398589798654,0.09434052152924087,0.06804672729457227,0.11567980547767681,0.09000117304571391,0.09000117304571391,0.0,0.0,0.0,-0.04272167872359858,0.0,0.0,0.09707200015436425,0,2.236570725318113
3.290560000000043,0.0,0.0,0.9527721002599977,0.0,0.0,0.04598499806386386,-0.23298235887976088,-0.4565433377865798,0.6475704582593635,-0.023343346025238982,0.113714865933905,0.015994948302933226,-0.1375787649441032,-0.3014221161912578,0.8089865944593493,0.03520394874455677,0.09086521367813907,0.06563921360162442,0.09000117304571391,0.09000117304571391,0.0,0.0,0.0,-0.04255106866405395,0.0,0.0,0.10317181828556904,0,2.2365666711533216
3.294720000000043,0.0,0.0,0.9529629322822544,0.0,0.0,0.045799685341591026,-0.2578425203254648,-0.6901797705009953,1.2217287287883791,-0.20224550378736914,0.04211256079315227,0.04402196797640767,-0.1981314956046912,-0.49571723922034083,1.015452263125925,-0.08381973081059603,0.06705384075186603,0.054760361662946004,0.09000117304571391,0.09000117304571391,0.0,0.0,0.0,-0.04238112593971566,0.0,0.0,0.10917013544307058,0,2.2365626496343634
3.298880000000043,0.0,0.0,0.9531529952590638,0.0,0.0,0.04561511443426748,-0.5911919382325438,-0.30072450109615306,1.4187531371295807,-0.07740540940344,-0.17312116805611488,0.18509042615848598,-0.3948247985153521,-0.3985791730687845,1.2174895875809342,-0.08093506313625927,-0.053220064006652135,0.12035814436340515,0.09000117304571391,0.09000117304571391,0.0,0.0,0.0,-0.042211848093977544,0.0,0.0,0.1150686406030713,0,2.236558660499026
3.3030400000000433,0.0,0.0,0.9533422922691689,0.0,0.0,0.04543128242520374,0.6375436156768768,-0.7272930015234479,1.1706240327250834,-0.08221664416178831,0.0033206580870776543,0.12949335196508477,0.12119396225044896,-0.5629327442509576,1.1943247271686923,-0.08077657762064312,-0.02434570761711782,0.12545285669670908,0.09000117304571391,0.09000117304571391,0.0,0.0,0.0,-0.04204323267775728,0.0,0.0,0.12086899463720961,0,2.236554703487195
3.3072000000000434,0.0,0.0,0.9535308263792046,0.0,0.0,0.04524818640858202,0.05375953880306498,-0.2223213428006439,1.3417474916370387,-0.013252717668517053,0.10202349801575497,0.1690616972662651,0.087447752831971,-0.39241169507077434,1.2683903231643143,-0.04655709702278445,0.038465792817185,0.14651459116901366,0.09000117304571391,0.09000117304571391,0.0,0.0,0.0,-0.04187527724888379,0.0,0.0,0.12657283078021986,0,2.236550778340836
3.3113600000000436,0.0,0.0,0.9537186006437439,0.0,0.0,0.045065823489424214,-0.40626958407929675,-0.6298342379656124,0.5493929317115164,0.12218313016474609,-0.059761566345593965,-0.010182022101194683,-0.15916208532376896,-0.5112476624369338,0.9088654999481819,0.03869286150328211,-0.011251187975968167,0.06813688572934697,0.09000117304571391,0.09000117304571391,0.0,0.0,0.0,-0.04170797937287485,0.0,0.0,0.13218175508981042,0,2.236546884803977
3.3155200000000438,0.0,0.0,0.953905618105342,0.0,0.0,0.044884190783556654,-0.018160008251579398,0.6766311540468329,0.9137803097784025,-0.1113565116170471,-0.03729170628543143,-0.05756388447483336,-0.08889205333271179,0.08262108601625362,0.9112024188365885,-0.036141956134225904,-0.023593583393144896,0.005674027949807817,0.09000117304571391,0.09000117304571391,0.0,0.0,0.0,-0.04154133662189591,0.0,0.0,0.13769734689888938,0,2.2365430226226928
3.319680000000044,0.0,0.0,0.9540918817945819,0.0,0.0,0.04470328541757916,0.19393754686458525,0.33798864873651263,1.1647813758857448,0.24876930147823312,-0.16008607003392916,0.11099065766011434,0.053042078169869736,0.20997506350351874,1.0382237640642942,0.10633419550919009,-0.09249636084626306,0.05869346787251444,0.09000117304571391,0.09000117304571391,0.0,0.0,0.0,-0.041375346575964284,0.0,0.0,0.14312115926026528,0,2.2365391915450896
3.323840000000044,0.0,0.0,0.9542773947301187,0.0,0.0,0.04452310452882917,-0.5929133065525478,-0.03721817265810188,1.5808848933801714,-0.06991329028978685,-0.006639169661658136,0.09366349700999632,-0.27008528698636236,0.08636174183820453,1.309751366261367,0.01809436770443404,-0.049013288661202,0.07693456001372616,0.09000117304571391,0.09000117304571391,0.0,0.0,0.0,-0.041210006821907674,0.0,0.0,0.1484547193839479,0,2.2365353913212878
3.3280000000000443,0.0,0.0,0.9544621599187244,0.0,0.0,0.04434364526535019,0.15834581749953094,-0.0634437007701574,1.1506822484457957,0.11183805355264298,-0.025326332261052915,0.1653190032676619,-0.05563453870798122,0.011405927985452962,1.2305594210342865,0.06516302974280361,-0.037476055435139814,0.12118457226366805,0.09000117304571391,0.09000117304571391,0.0,0.0,0.0,-0.04104531495392541,0.0,0.0,0.1536995290671724,0,2.2365316217034064
3.3321600000000444,0.0,0.0,0.9546461803553321,0.0,0.0,0.0441649047858579,0.06852862039243698,-0.19009431388054499,1.1929076719647127,-0.08445659388586117,0.22462995894273619,0.09133863209787611,0.006272150601181156,-0.08887910648915001,1.211922202340977,-0.009593060093220123,0.09390990320614676,0.10677434746984243,0.09000117304571391,0.09000117304571391,0.0,0.0,0.0,-0.04088126857340152,0.0,0.0,0.15885706511726808,0,2.2365278824455466
3.3363200000000446,0.0,0.0,0.9548294590230809,0.0,0.0,0.04398688025970708,-0.3307109734750981,-0.23975101904004945,1.0486757174882093,0.13165849288619141,-0.0317714789444379,-0.18290396501834916,-0.16194711955745786,-0.16438241350992328,1.1299178886404209,0.06063704505198607,0.03117884100453746,-0.0382895584955405,0.09000117304571391,0.09000117304571391,0.0,0.0,0.0,-0.04071786528925203,0.0,0.0,0.16392877976749015,0,2.236524173303778
3.3404800000000447,0.0,0.0,0.9550119988933595,0.0,0.0,0.043809568866857156,-0.3119889046772652,0.6854848481855712,1.396624210837904,0.09547228361394453,0.02426316776007012,-0.004300006209377025,-0.23677066503316152,0.2606054610684217,1.2632638657544393,0.07814022229784338,0.028764809732346346,-0.02124581028675911,0.09000117304571391,0.09000117304571391,0.0,0.0,0.0,-0.04055510271720217,0.0,0.0,0.16891610108593252,0,2.23652049403612
3.344640000000045,0.0,0.0,0.9551938029258505,0.0,0.0,0.04363296779784065,0.6740647149659708,-0.0649999193665795,0.4597111736156109,-0.05746625555802838,-0.118981159839751,0.07201196745251488,0.2185347181660863,0.09755361354512712,0.8616313082689416,0.009938016333490441,-0.04538648385614226,0.025555676314440542,0.09000117304571391,0.09000117304571391,0.0,0.0,0.0,-0.04039297848045309,0.0,0.0,0.17382043337763603,0,2.236516844402529
3.348800000000045,0.0,0.0,0.9553748740685745,0.0,0.0,0.04345707425372895,-0.3904667234017892,-0.25071138185684516,0.7772597508796827,0.03602460795155739,-0.12426411151910291,0.08772391378693749,-0.08589465504875299,-0.07683912535339199,0.8196279482867221,0.02265319628345033,-0.08513833229039415,0.056373320881287464,0.09000117304571391,0.09000117304571391,0.0,0.0,0.0,-0.04023149020949349,0.0,0.0,0.17864315758000557,0,2.2365132241648817
3.3529600000000452,0.0,0.0,0.9555552152579332,0.0,0.0,0.04328188544609892,-0.3627781884896571,0.2030822948678328,0.85535776965038,0.04324038915587908,-0.06625210577367034,0.19027195849864312,-0.22424698708166166,0.06298704904055628,0.8378889422416037,0.03225623059681806,-0.07632535746555859,0.12327891300687328,0.09000117304571391,0.09000117304571391,0.0,0.0,0.0,-0.040070635541803123,0.0,0.0,0.1833856316516477,0,2.23650963308696
3.3571200000000454,0.0,0.0,0.955734829418754,0.0,0.0,0.043107398597000655,0.045934196192612624,0.10550691477860984,1.6085107540238908,-0.0658126165765034,0.09084069952978427,0.06733644934635921,-0.08929240756064932,0.08443652778183651,1.2233453585414584,-0.016284166277244105,0.007101602684941896,0.09528234405481924,0.09000117304571391,0.09000117304571391,0.0,0.0,0.0,-0.0399104121224117,0.0,0.0,0.18804919095473768,0,2.2365060709344355
3.3612800000000456,0.0,0.0,0.9559137194643328,0.0,0.0,0.042933610938922985,-0.1182451347845458,-0.2452270633454797,0.8728689198601235,0.03448047616612321,0.01869443590768819,-0.06554947007310882,-0.10369792783118055,-0.08035732409773633,1.0479692179393008,0.009418245169969303,0.01224015627442163,0.014457350792767377,0.09000117304571391,0.09000117304571391,0.0,0.0,0.0,-0.03975081760338839,0.0,0.0,0.19263514863102427,0,2.236502537474856
3.3654400000000457,0.0,0.0,0.9560918882964776,0.0,0.0,0.04276051971476114,-0.19234544654062327,-0.42025090247998587,1.3144123412614015,0.12887693460026714,0.02180213057000573,0.14630440679164516,-0.14775308838480875,-0.25026185937344253,1.1814975877708915,0.06858273267909057,0.017364561566330077,0.0800671912063238,0.09000117304571391,0.09000117304571391,0.0,0.0,0.0,-0.039591849644078636,0.0,0.0,0.19714479597157744,0,2.236499032477629
3.369600000000046,0.0,0.0,0.9562693388055518,0.0,0.0,0.04258812217778342,0.5334338395221889,-0.5320232229194681,0.859290407267243,-0.09021730651851029,0.0894305167398926,-0.010781033668262309,0.1926584075161857,-0.39095877854803573,1.0203701299900916,-0.011246958174956261,0.05352691386393492,0.034258765874060126,0.09000117304571391,0.09000117304571391,0.0,0.0,0.0,-0.03943350591102032,0.0,0.0,0.2015794027803838,0,2.236495555714007
3.373760000000046,0.0,0.0,0.9564460738705167,0.0,0.0,0.04241641559159818,0.5492829362748854,-0.04928818975050075,1.0800335866084119,-0.046803006832529234,-0.05426378274710752,0.12322300798983665,0.3708747935112288,-0.22023427554077066,1.0504589538464748,-0.028529864327262764,-0.00021000657438552183,0.0785535416655131,0.09000117304571391,0.09000117304571391,0.0,0.0,0.0,-0.03927578407785909,0.0,0.0,0.20594021773189164,0,2.236492106957074
3.377920000000046,0.0,0.0,0.9566220963589755,0.0,0.0,0.04224539723012129,0.010498362672259657,-0.15395261573530342,1.9225750605701704,0.05632941523339207,-0.0015307557497438572,0.06742796607630844,0.19080177417362654,-0.18709637609410573,1.4866635346909116,0.013627832882096003,-0.0007691603302572564,0.07290652324450937,0.09000117304571391,0.09000117304571391,0.0,0.0,0.0,-0.03911868182579861,0.0,0.0,0.21022846872260637,0,2.236488685981731
3.3820800000000464,0.0,0.0,0.9567974091272153,0.0,0.0,0.04207506437754162,0.1560465961289698,0.2130485918231,0.8416881035739288,-0.045701690766696314,-0.1264776114982447,0.16281524889112103,0.17332865104422077,0.012716643967193594,1.164509795453807,-0.015921231069776397,-0.06400282175819796,0.1179327640149206,0.09000117304571391,0.09000117304571391,0.0,0.0,0.0,-0.03896219684298077,0.0,0.0,0.2144453632168356,0,2.2364852925646796
3.3862400000000465,0.0,0.0,0.9569720150202499,0.0,0.0,0.04190541432828922,-0.28346998134332363,-0.3378362426063173,0.4847552363670624,0.09064274318290247,-0.08889858066988597,0.04214960719224473,-0.05488462827261135,-0.16274635839784896,0.8247159184147951,0.03701780662973363,-0.07683395637377387,0.07981084702001473,0.09000117304571391,0.09000117304571391,0.0,0.0,0.0,-0.03880632682472035,0.0,0.0,0.21859208858668086,0,2.23648192648441
3.3904000000000467,0.0,0.0,0.9571459168718623,0.0,0.0,0.04173644438700248,0.31007293196554114,0.6280830418607934,0.7315093473637725,0.09485578349075433,-0.07671007633107792,-0.067120353318315,0.12779354091893125,0.2325139319234165,0.777973891337359,0.0661552320085611,-0.0765850264952874,0.00562423727340748,0.09000117304571391,0.09000117304571391,0.0,0.0,0.0,-0.03865106947374,0.0,0.0,0.2226698124463719,0,2.2364785875211846
3.394560000000047,0.0,0.0,0.9573191175046477,0.0,0.0,0.04156815186849436,0.42181688216503876,-0.5649405808841828,1.0716472656982934,0.07175704031996165,0.0077714106409385,0.004099827544213119,0.27495580466457337,-0.16620170619762822,0.924821546115859,0.0693004693085622,-0.034909464930204276,0.0046769591165296,0.09000117304571391,0.09000117304571391,0.0,0.0,0.0,-0.0384964224998702,0.0,0.0,0.2266796829810377,0,2.2364752754570265
3.398720000000047,0.0,0.0,0.9574916197300549,0.0,0.0,0.041400534097719814,0.7092265375916742,-0.10502223702333321,0.867312202018024,0.16637568078218212,0.09624490313360616,0.06350774232681024,0.4924404634776666,-0.1354102089710828,0.8961994656446955,0.11773715108475935,0.030107353863010555,0.03365595582642929,0.09000117304571391,0.09000117304571391,0.0,0.0,0.0,-0.03834238362017606,0.0,0.0,0.23062282927000663,0,2.2364719900757026
3.402880000000047,0.0,0.0,0.9576634263484288,0.0,0.0,0.04123358840974282,-0.14837115989387328,0.307113819238567,1.0639569947647598,-0.022721917005544538,0.05816623625470781,0.07982440520793192,0.17198278497294917,0.08597569592569276,0.9802446720296404,0.04757518188879652,0.04422628275060823,0.05710482416439448,0.09000117304571391,0.09000117304571391,0.0,0.0,0.0,-0.038188950558655926,0.0,0.0,0.23450036160472712,0,2.236468731162713
3.4070400000000474,0.0,0.0,0.9578345401490526,0.0,0.0,0.04106731214970455,-0.0845677365631631,0.2564584319733108,1.0093186235400542,0.008617015364149699,0.15039196193019846,0.02740436126324147,0.04372371393795405,0.17153137660713644,0.9948388504278579,0.02806887548653297,0.09715384417743447,0.04225701029027397,0.09000117304571391,0.09000117304571391,0.0,0.0,0.0,-0.038036121046902405,0.0,0.0,0.23831337180139786,0,2.2364654985052734
3.4112000000000475,0.0,0.0,0.9580049639101892,0.0,0.0,0.04090170267278891,0.0024311967672383792,0.14694015188161771,0.7793785770907421,0.02271523340136671,-0.17842375994156812,-0.10107871113557912,0.02312503328620122,0.15886481675969202,0.8868974271541916,0.02509434837782541,-0.04078120203735383,-0.029623754054355248,0.09000117304571391,0.09000117304571391,0.0,0.0,0.0,-0.037883892823479925,0.0,0.0,0.242062933508396,0,2.2364622918923054
3.4153600000000477,0.0,0.0,0.9581747003991233,0.0,0.0,0.04073675734419063,0.1604305627049417,0.11878456500004617,1.0534598176428072,-0.03504314144075269,0.0021311661635912047,-0.05136970416083861,0.0917063447991992,0.13882829613912936,0.9700727656842997,-0.00519881348139753,-0.01906472499026158,-0.04041131461653203,0.09000117304571391,0.09000117304571391,0.0,0.0,0.0,-0.03773226363404966,0.0,0.0,0.2457501025085897,0,2.2364591111144203
3.419520000000048,0.0,0.0,0.9583437523722028,0.0,0.0,0.040572473539082846,0.4778369700507939,0.3817627909166272,0.6320465801268236,-0.028826617442340798,0.037401274333304736,0.08137401066913603,0.28471419068029374,0.26037602278272903,0.8012256739760761,-0.016910149106594545,0.008690669973980054,0.020901100859601774,0.09000117304571391,0.09000117304571391,0.0,0.0,0.0,-0.03758123123149451,0.0,0.0,0.24937591701662018,0,2.236455955963906
3.423680000000048,0.0,0.0,0.9585121225748803,0.0,0.0,0.04040884864258421,-0.10047322356385281,-0.42349609649308556,1.2987851678480595,0.06400743373601653,-0.11474794672526134,0.06531091238062012,0.09225007844704988,-0.08180378495616648,1.050143852674333,0.02394898656706632,-0.052881139715960215,0.04353337014192327,0.09000117304571391,0.09000117304571391,0.0,0.0,0.0,-0.03743079337604388,0.0,0.0,0.25294139797123705,0,2.2364528262347143
3.427840000000048,0.0,0.0,0.9586798137417541,0.0,0.0,0.04024588004972545,-0.3493776543781547,-0.21039520607338277,1.409756576216123,0.06901771016017501,-0.06650961448466859,-0.004678627562623272,-0.12842216831923478,-0.1462380024443236,1.2299422644369145,0.045925047917259314,-0.06004597279586776,0.019783864397957637,0.09000117304571391,0.09000117304571391,0.0,0.0,0.0,-0.037280947834756134,0.0,0.0,0.2564475493227691,0,2.2364497217224484
3.4320000000000483,0.0,0.0,0.9588468285966101,0.0,0.0,0.04008356516541815,-0.6164274476383257,0.32737159666360505,1.155321882611292,-0.1097293714949925,-0.17222012323946828,-0.006682496723318616,-0.37265479745039254,0.09021212374882046,1.1926178071266793,-0.032690024820644,-0.1162342533910383,0.00647777245091431,0.09000117304571391,0.09000117304571391,0.0,0.0,0.0,-0.037131692382069814,0.0,0.0,0.2598953583158116,0,2.236446642224347
3.4361600000000485,0.0,0.0,0.9590131698524619,0.0,0.0,0.03992190140442121,0.05245745159400506,-0.2867868926442359,1.0475316996189403,-0.04481370339669679,-0.02763685899322591,0.10665088099619968,-0.1601902854090151,-0.09834696258515409,1.1202958411683288,-0.03808945621051652,-0.07220269069167927,0.056426981825543794,0.09000117304571391,0.09000117304571391,0.0,0.0,0.0,-0.03698302479949958,0.0,0.0,0.26328579576720995,0,2.236443587539275
3.4403200000000487,0.0,0.0,0.9591788402115923,0.0,0.0,0.03976088619130859,-0.13908265999708636,-0.22340900901917504,0.9093067616052877,0.020557274812422286,0.04857189085856533,0.1585192768911194,-0.14959407412652787,-0.16077789837669987,1.0151278991790869,-0.008525743020143296,-0.011791598072601047,0.10825579308428646,0.09000117304571391,0.09000117304571391,0.0,0.0,0.0,-0.03683494287554487,0.0,0.0,0.266619816339417,0,2.2364405574677075
3.444480000000049,0.0,0.0,0.9593438423655941,0.0,0.0,0.039600516960437496,-0.09815351159252364,-0.2879616399256899,0.8887576546162171,0.14061445732861358,-0.08357813206518792,0.14421621633776438,-0.12358229067043039,-0.22454377752786578,0.9522425194101016,0.06667516582216336,-0.04802727816717793,0.12591574758742405,0.09000117304571391,0.09000117304571391,0.0,0.0,0.0,-0.03668744440624053,0.0,0.0,0.2698983588093025,0,2.2364375518117185
3.448640000000049,0.0,0.0,0.9595081789954104,0.0,0.0,0.0394407911559142,0.10218190904072787,0.3983485271994818,0.831364872404857,0.14528271064478848,0.08443371063792593,-0.0733985245827938,-0.010396041772907852,0.08708154565497171,0.8916509173499348,0.1057885687936151,0.018583026599427694,0.025918394145773675,0.09000117304571391,0.09000117304571391,0.0,0.0,0.0,-0.0365405271942095,0.0,0.0,0.27312234633248916,0,2.236434570374968
3.452800000000049,0.0,0.0,0.9596718527713752,0.0,0.0,0.039281706231563907,-0.04792774134788098,0.20432301830650293,1.3033842869402894,-0.1753173954631882,-0.015918303723300966,-0.1283212321917636,-0.02952732967987282,0.1456692532732694,1.0972541340794018,-0.03449619124466296,0.0016901459698853293,-0.051458540540808916,0.09000117304571391,0.09000117304571391,0.0,0.0,0.0,-0.03639418904953268,0.0,0.0,0.27629268670328994,0,2.2364316129626887
3.4569600000000493,0.0,0.0,0.959834866353254,0.0,0.0,0.039123259650896934,-0.5741529219018494,0.10533323835101145,1.384341517527567,0.09801876460872952,-0.04263987812506451,0.05540204985591731,-0.30164023864994743,0.1254121847906178,1.2409146792858672,0.031838408588682976,-0.020429203326086446,0.0021524713998737773,0.09000117304571391,0.09000117304571391,0.0,0.0,0.0,-0.03624842778933604,0.0,0.0,0.2794102726103206,0,2.2364286793816746
3.4611200000000495,0.0,0.0,0.9599972223902835,0.0,0.0,0.03896544888707672,0.2806634378985601,-0.02871669914635505,0.9424355981323301,-0.030845596122796432,0.08007153343738925,-0.13380082942763838,-0.010549338617721397,0.048513364469681845,1.0913952665114064,0.0009115151937052293,0.029740827506881846,-0.06606466654741969,0.09000117304571391,0.09000117304571391,0.0,0.0,0.0,-0.0361032412376974,0.0,0.0,0.2824759818878583,0,2.2364257694402676
3.4652800000000497,0.0,0.0,0.9601589235212122,0.0,0.0,0.03880827142288812,0.13410458883272727,-0.12858329560574014,0.8028759332270173,-0.029671038844650555,-0.08503971899006818,-0.15338689799370606,0.06171690477621517,-0.04021376931349484,0.9468140941855347,-0.014369318974651126,-0.02731302820652187,-0.10950550496367654,0.09000117304571391,0.09000117304571391,0.0,0.0,0.0,-0.035958627225873646,0.0,0.0,0.28549067776301773,0,2.2364228829483452
3.46944000000005,0.0,0.0,0.9603199723743402,0.0,0.0,0.03865172475070487,0.11982545538032949,-0.17460473670460616,0.780344534893281,-0.07180734269958643,-0.12035366287399821,0.048697755639828595,0.09062119203671268,-0.10766035838711306,0.8636807372520968,-0.04258579952604967,-0.07390775718504065,-0.031037965109328745,0.09000117304571391,0.09000117304571391,0.0,0.0,0.0,-0.035814583592207266,0.0,0.0,0.2884552090988145,0,2.23642001971731
3.47360000000005,0.0,0.0,0.9604803715675587,0.0,0.0,0.03849580637245741,0.7359936099369911,0.042380470454172765,0.9075193985269416,0.02077600197039328,-0.04724723784459989,-0.0033038476278008724,0.41335438737495034,-0.03273775970809705,0.8855937572774013,-0.01055165459619968,-0.06029417706433046,-0.01729507074386674,0.09000117304571391,0.09000117304571391,0.0,0.0,0.0,-0.03567110818203198,0.0,0.0,0.29137041063318364,0,2.2364171795600742
3.47776000000005,0.0,0.0,0.9606401237083904,0.0,0.0,0.03834051379960109,-0.2450154356811156,0.13684896426810367,1.141797555923417,0.12850007219619916,0.060828722219913436,0.03900745527745857,0.08443114846329527,0.05218270229429938,1.0137786804688134,0.059444638174868523,0.0005521778282883672,0.010806085555161228,0.09000117304571391,0.09000117304571391,0.0,2.0,1.0,-0.035528198847899095,0.0,0.0,0.29423710321402086,0,2.2364143622910513
3.4819200000000503,3.472222222222222e-05,1.7361111111111108e-05,0.9607992313940282,0.008333333333333333,0.004166666666666666,0.038185844553083485,0.1702820287648967,0.056953148303413664,1.2050352227731052,0.044967620567404,0.09091079084783779,-0.03544161462501697,0.12744111432517718,0.05475079351012197,1.1093344080599379,0.05682615911144691,0.048734287246767385,-0.012235779803290627,0.09000117304571391,0.09000117304571391,0.0,1.9832719017094527,0.9916359508547263,-0.03538585344926881,0.0003089910942576023,0.001837592644165652,0.29705609403031297,0,2.2363727530658277
3.4860800000000505,0.00010387023379119188,5.1935116895595935e-05,0.9609576971816702,0.01659552277655272,0.008297761388276358,0.038031789034085495,0.047010669694257746,0.009468144022724147,0.9142239887045023,0.07583254544631535,0.1581381095534307,-0.10319396059250055,0.08737517776314024,0.03243369423462473,1.011562806118517,0.07011757914543162,0.10553542525137423,-0.05752318339197773,0.09000117304571391,0.09000117304571391,0.0,1.9666518934349118,0.9833259467174559,-0.035244041200783505,0.0007596930154631044,0.004579985314155723,0.299828176839422,0,2.2362926829300953
3.4902400000000506,0.00020714949504767462,0.00010357474752383729,0.961115523565015,0.024787022701555854,0.012393511350777925,0.037878332002730046,-0.039122548241616144,0.1135859236781996,1.3463509350201683,0.0762249847415109,0.03631251132122303,0.09230186031199714,0.02427486139947465,0.07308181424698508,1.1791499284403486,0.07755321735351163,0.07289576254000617,0.017990408399629235,0.09000117304571391,0.09000117304571391,0.0,1.9501393595162368,0.9750696797581184,-0.03510270852650341,0.0012688578258692816,0.007760777207450439,0.3025541321905874,0,2.236174480820096
3.494400000000051,0.0003442673213189856,0.0001721336606594928,0.9612727129873797,0.03290827830511465,0.016454139152557324,0.03772546136754629,-0.22982003063670764,-0.1524142540700519,0.9533901557175765,0.14474947025815463,-0.015483541263354748,-0.1745783566814868,-0.10248241203897035,-0.039704294369867436,1.0659037794440176,0.11553424330153826,0.030775153979728354,-0.07752914857277221,0.09000117304571391,0.09000117304571391,0.0,1.9337337008175088,0.9668668504087544,-0.03496181431286635,0.0017952431461093037,0.011146766612499817,0.30523472764470944,0,2.2360184736049806
3.498560000000051,0.0005149328559911231,0.0002574664279955615,0.961429267855014,0.040959728321312984,0.02047986416065649,0.03757316823222637,0.10088918415936776,0.3408209936895653,1.2548964735970558,0.03493366637985919,-0.07986799583176216,0.0448099089738378,-0.0007325478441944965,0.15039033826564244,1.1604949334946786,0.08005614417535828,-0.02235104541288604,-0.016502656998281462,0.09000117304571391,0.09000117304571391,0.0,1.9174343293209113,0.9587171646604556,-0.03482133013651201,0.0023185991181037015,0.014621354903478474,0.3078707179904749,0,2.235824986116546
3.502720000000051,0.0007188570519325933,0.0003594285259662966,0.9615851905475835,0.04894180702595284,0.02447090351297642,0.037421446216666585,-0.02158082032499894,0.4224266709274897,1.3078381526926326,0.05032105151570768,-0.08251245973648816,0.19269303855207193,-0.011060150986782083,0.2862335647738619,1.234569255141353,0.06903111264873993,-0.04991798936617338,0.08765621277982237,0.09000117304571391,0.09000117304571391,0.0,1.9012406641300352,0.9506203320650176,-0.034681237574939766,0.0028291621969405087,0.018126248750513236,0.3104628454568868,0,2.2355943411696875
3.5068800000000513,0.0009557526578729821,0.000477876328936491,0.9617404834255086,0.05685494542569333,0.028427472712846666,0.03727029070200512,-0.01808308006595768,-0.4643870261293724,1.2637209495902741,0.06808526255969824,0.02825163119890031,0.0030166362135767497,-0.014437138516356446,-0.0890269441099536,1.2491497030539218,0.07196700670757628,-0.009047760977780263,0.046244764952172765,0.09000117304571391,0.09000117304571391,0.0,1.8851521291015387,0.9425760645507694,-0.03454152520444831,0.003322402318881471,0.021632311268563482,0.3130118399222576,0,2.2353268595773814
3.5110400000000515,0.001225334207458605,0.0006126671037293024,0.9618951488348695,0.06469957190054948,0.03234978595027474,0.03711969824663591,0.26986543337252755,0.09134261404446914,0.7218969145733771,0.07191892553319473,0.054131029016522975,-0.10973014151919172,0.1278584879456567,0.0012658837613392124,0.9852932919882925,0.07542334661146412,0.025328518164971642,-0.03265020250270789,0.09000117304571391,0.09000117304571391,0.0,1.8691681515686598,0.9345840757843299,-0.03440218627473568,0.003796396731466045,0.025124987524933126,0.31551841911972467,0,2.235022860162715
3.5152000000000516,0.001527318009721387,0.0007636590048606934,0.9620491891106532,0.0724761125430677,0.03623805627153384,0.036969666188094635,-0.15780007105397012,0.6620027315620189,0.4676169577613344,0.06815619891053866,-0.04372881242856139,0.23460438769058656,-0.014837330838510267,0.33154268638903295,0.726938250763008,0.07482110181324292,-0.0066520435778793545,0.10154756266376756,0.09000117304571391,0.09000117304571391,0.0,1.8532881616716965,0.9266440808358483,-0.034263217123974565,0.004250517138887221,0.028597017168456435,0.31798328883934585,0,2.234682659769376
3.519360000000052,0.0018614221403026902,0.000930711070151345,0.9622026065789153,0.08018499133951276,0.040092495669756374,0.036820192382915215,-0.6102234960108259,-0.07032510659430005,0.2828926435852319,0.04473210094597368,-0.03970447809223659,0.17579336153018937,-0.31244944485418336,0.13052069362440075,0.5052771183498825,0.06358036015344935,-0.02187786055898583,0.13908245095100993,0.09000117304571391,0.09000117304571391,0.0,1.837511592003291,0.9187557960016455,-0.03412461614265011,0.004684773495105187,0.03204479059346053,0.32040714312683255,0,2.2343065732713128
3.523520000000052,0.0022273664330914184,0.001113683216545709,0.9623554035582389,0.08782663026929473,0.04391331513464736,0.03667127503765609,-0.19578862398765823,0.17549222313080018,1.7398246090331786,-0.06577626296990156,-0.20755461719114188,0.036152901119540275,-0.25426271750394597,0.15256993489422493,1.122633858512764,0.0026063812886380476,-0.11223736812203386,0.08802859391770167,0.09000117304571391,0.09000117304571391,0.0,1.821837877418447,0.9109189387092235,-0.03398638310123331,0.0050994861139558425,0.0354665268614659,0.3227906644789755,0,2.233894913581957
3.527680000000052,0.002624872472096792,0.0013124362360483958,0.9625075823607306,0.09540144936128968,0.04770072468064483,0.03652291259801521,0.04579182821773587,0.11149929960875296,1.4289797337978052,0.1900076880634524,-0.031172625321002873,-0.05169008625627208,-0.10384559708464886,0.13196499362124203,1.275699568931413,0.09988330659705236,-0.06954733581781186,0.019071109816631664,0.09000117304571391,0.09000117304571391,0.0,1.806266454929179,0.9031332274645895,-0.03384851870886746,0.005495121932396253,0.03886136250026534,0.3251345240358187,0,2.2334479916631866
3.5318400000000523,0.0030536635834583136,0.0015268317917291564,0.962659145292709,0.10290986672676512,0.051454933363382555,0.03637510367481757,-0.3157210835846749,-0.10354276704482476,0.97590380929931,0.2445866237261462,0.013516267294093338,0.0805701156062901,-0.20928286699914458,0.014231877666320501,1.125967360997559,0.17548440187389094,-0.025279545935398218,0.049727143581755576,0.09000117304571391,0.09000117304571391,0.0,1.790796763646529,0.8953983818232645,-0.033711024318874516,0.005872212845723996,0.042228895744206615,0.3274393817696361,0,2.232966116534145
3.5360000000000524,0.0035134648275383573,0.0017567324137691782,0.9628100946551825,0.1103522985792105,0.05517614928960524,0.036227846993654965,-0.21154297673361375,0.5690998919566446,0.6827974357052491,0.04881842898616312,0.005325579591995665,0.23309539003144533,-0.21031869176653664,0.29167749006728316,0.9048640324291195,0.11566722854946983,-0.008365983765952541,0.1414459206990793,0.09000117304571391,0.09000117304571391,0.0,1.7754282447494039,0.8877141223747019,-0.03357390172853508,0.006231315074589585,0.0455689584995385,0.3297058866707628,0,2.2324495952799768
3.5401600000000526,0.004004002991065937,0.002002001495532968,0.9629604327441823,0.11772915924661914,0.058864579623309564,0.0360811413599534,-0.10333435416188919,-0.06912260575050484,1.0500914185427421,0.14616817505538582,0.1354585762411851,-0.04826788178666529,-0.15652929120457468,0.11155221836034213,0.9773788047219851,0.1345424240121155,0.06567633870464605,0.0463805518386944,0.09000117304571391,0.09000117304571391,0.0,1.7601603414668088,0.8800801707334044,-0.03343715304002734,0.00657298904393144,0.04888150217766292,0.3319346769303347,0,2.23189873306051
3.5443200000000528,0.004525006579313001,0.0022625032896565,0.9631101618509919,0.12504086117929536,0.06252043058964768,0.03593498563429812,-0.178731697689691,-0.34185575522332384,1.6446591943041327,0.10074444650447403,0.16357181439102053,0.07436734435245301,-0.16742715203587005,-0.11481802160334263,1.3111791244613906,0.12055357995751505,0.11620701286052036,0.06000010848001423,0.09000117304571391,0.09000117304571391,0.0,1.744992499071155,0.8724962495355775,-0.03330078056215685,0.006897789514026715,0.052166540468095414,0.3341263801199873,0,2.2313138331189037
3.548480000000053,0.005076205808292011,0.002538102904146005,0.9632592842623031,0.1322878149549624,0.0661439074774812,0.03578937871471268,0.25628956867882247,-0.5754625676789354,1.569230734682928,0.4347478348667285,-0.015362053950081361,0.10471369048127496,0.045330205964555975,-0.34517829741636014,1.4404253750740283,0.28158796665711605,0.05179012825953445,0.08195092272642926,0.09000117304571391,0.09000117304571391,0.0,1.729924164874852,0.864962082437426,-0.03316478674004816,0.007206260833837214,0.055424120587141634,0.3362816133685641,0,2.230695196790278
3.552640000000053,0.005657332596967867,0.002828666298483933,0.9634078022603187,0.13947042928220546,0.06973521464110273,0.03564431952374103,-0.2943974967171625,-0.039162944817547805,0.9057050744087788,0.060756757568056485,0.044376891296632456,-0.028717414136247052,-0.1244178990280929,-0.19208108140993652,1.1730001116286912,0.17515277692985942,0.050442142628549534,0.027412423583128932,0.09000117304571391,0.09000117304571391,0.0,1.7149547882320113,0.8574773941160057,-0.0330291741036767,0.007498934751798253,0.05865430877024856,0.3384009835358846,0,2.230043123510333
3.5568000000000533,0.0062681205594799115,0.0031340602797399553,0.9635557181228142,0.14658911100289065,0.07329455550144533,0.035499806998908624,0.7380689117570672,0.5478625382514659,0.9883131309838213,0.3144898406987019,0.19448779492350238,0.10799703712347156,0.3074768992624229,0.17829486053371715,1.0808796829881375,0.24903032580346365,0.12513622037549216,0.06783260555435289,0.09000117304571391,0.09000117304571391,0.0,1.700083820540459,0.8500419102702295,-0.03289394522941064,0.007776329501671085,0.061857182891888816,0.3404850873836209,0,2.2293579108239507
3.5609600000000534,0.006908304997371355,0.0034541524986856772,0.9637030341231708,0.15364426509394657,0.07682213254697329,0.03535584008560223,0.09538779009152744,-0.06993624546857456,1.5452219811444354,0.062463298502434,0.0771292198108752,-0.027933701411043538,0.2015541690550651,0.05433391607680768,1.3129954384115818,0.15893870876993446,0.10309808700105323,0.02021600072375056,0.09000117304571391,0.09000117304571391,0.0,1.6853107152471585,0.8426553576235792,-0.032759102712462074,0.008038949522309642,0.0650328286547407,0.3425345117433308,0,2.228639854393802
3.5651200000000536,0.007577622891824555,0.003788811445912277,0.9638497525303863,0.16063629466876803,0.08031814733438401,0.035212417731701785,-0.11342764857935102,-0.4057150012140612,1.2684195548285802,0.071748808042379,0.2051321609898457,-0.0009214973851977629,0.04420372256050661,-0.17527083589796238,1.2907038874191978,0.11850797293024629,0.15590840166949055,0.010312445627516778,0.09000117304571391,0.09000117304571391,0.0,1.6706349278518118,0.8353174639259059,-0.032624649144498974,0.008287285490805629,0.0681813375688613,0.34454983368169523,0,2.2278892480089434
3.5692800000000537,0.008275812895901196,0.004137906447950598,0.9639958756090676,0.16756560097839387,0.08378280048919694,0.03506953888350994,0.04192412797075432,-0.4376242126552471,1.3707365530913884,0.2419883225429904,0.030118749441113188,0.09186370355596502,0.043560000843447744,-0.306390073888608,1.3309113862702915,0.1837201331755571,0.094637200369788,0.051307811945097745,0.09000117304571391,0.09000117304571391,0.0,1.6560559159133381,0.8280279579566691,-0.03249058709771946,0.008521814508781476,0.07130280583100283,0.34653162066300525,0,2.2271063835934086
3.573440000000054,0.009002615326786933,0.004501307663393466,0.964141405619412,0.17443258341257703,0.08721629170628852,0.03492720248264602,-0.15586002847997438,-0.22063819106946828,0.6993470240185751,0.17528007084710281,0.06421064483347567,-0.17834714128166118,-0.05579356055887154,-0.26338384371681095,1.0147544380251274,0.18273607577738804,0.0812855362560289,-0.06379784989125943,0.09000117304571391,0.09000117304571391,0.0,1.6415731390550676,0.8207865695275338,-0.03235691911241029,0.008743000361754424,0.07439733365895118,0.34848043070894624,0,2.2262915512148043
3.577600000000054,0.009757772158040315,0.004878886079020157,0.9642863448171772,0.1812376395008119,0.09061881975040595,0.034785407463669926,0.5347555166070057,0.06605854780826545,0.7470184898864475,0.3380421680854526,0.01599240977076745,0.1304046620401726,0.24018026914401375,-0.09863143547243117,0.881156761014398,0.2642062215588045,0.05073793582021757,0.0328425324957576,0.09000117304571391,0.09000117304571391,0.0,1.627186058970143,0.8135930294850715,-0.03222364768735786,0.008951293811572465,0.0774650248581272,0.3503968125557228,0,2.225445039092895
3.5817600000000542,0.01054102701184602,0.00527051350592301,0.964430695453645,0.18798116491336933,0.09399058245668467,0.034644152752263964,-0.18540253242259574,-0.08264163322064777,0.28544065469477486,0.02705206555959369,0.1890690395088554,-0.037114950985098476,0.02743573861496859,-0.09024639473591832,0.5832167363015465,0.14873093273706867,0.12144792179744077,-0.0018408162832954055,0.09000117304571391,0.09000117304571391,0.0,1.6128941394277727,0.8064470697138864,-0.03209077527226456,0.009147132901962972,0.08050598650887761,0.352281305808569,0,2.2245671336081907
3.5859200000000544,0.011352125151272588,0.005676062575636294,0.9645744597755777,0.19466355346237602,0.09733177673118801,0.034503437263846054,-0.1224174773705937,0.2696534139884884,1.3738838456674194,0.25293213523803687,0.09485800211624693,0.01539849315082446,-0.04697334249015874,0.08989791863987627,0.9785878421781746,0.20443883830047788,0.11075660182472484,0.006782498497845046,0.09000117304571391,0.09000117304571391,0.0,1.5986968462783042,0.7993484231391521,-0.031958304261961695,0.009330943267256139,0.08352032871848072,0.3541344410936878,0,2.22365811931053
3.5900800000000546,0.012190813472534909,0.006095406736267454,0.9647176400251715,0.201285197102957,0.1006425985514785,0.03436325990251899,0.00022236566924038227,0.0871609034907754,0.6813917379273725,0.09440848112810526,0.12201178725252727,0.09770953119732373,-0.02318438558673064,0.08877929490749424,0.8301911757602657,0.15212065947201095,0.11824814833745098,0.05212847256192856,0.09000117304571391,0.09000117304571391,0.0,1.584593647459039,0.7922968237295195,-0.03182623699263998,0.009503138439357196,0.08650816440969579,0.35595674020766227,0,2.222718278927656
3.5942400000000547,0.01305684049726183,0.006528420248630915,0.964860238440006,0.20784648593446123,0.10392324296723061,0.034223619560280694,0.39608865893329537,-0.24205194686549117,0.7918280687487249,0.2564211155864764,0.007633933881547386,0.09951303831619616,0.18698119401447558,-0.07662594278262005,0.8112151172355931,0.20773825083441907,0.06447726759699345,0.07640472800209684,0.09000117304571391,0.09000117304571391,0.0,1.5705840129994044,0.7852920064997022,-0.031694575737854,0.009664120150548586,0.08946960913159427,0.3577487162643802,0,2.2217478933737955
3.598400000000055,0.013949956364769242,0.006974978182384621,0.9650022572529912,0.21434780820177884,0.10717390410088942,0.03408451511644603,0.05862939764206729,0.01059942282931956,1.2761228669186946,0.297128037970141,0.3175292698279629,-0.04727602858568046,0.123416308069114,-0.032356267380647376,1.043573454210531,0.2553640377821527,0.1929437960561904,0.014792626612346342,0.09000117304571391,0.09000117304571391,0.0,1.5566674150259043,0.7783337075129522,-0.03156332270622847,0.009814278630957797,0.09240478088537099,0.35951087383951436,0,2.2207472417582252
3.602560000000055,0.014869912824339067,0.007434956412169534,0.965143698692313,0.22078955029675806,0.11039477514837905,0.033945945437233976,0.06043733787895917,0.03415365684104764,1.0695619164723233,0.278524743882277,0.12122489478409368,0.25407362096198294,0.09249912411994017,0.0011478716968303356,1.0570966717182986,0.2701075499170664,0.15873949983209149,0.13425491042045265,0.09000117304571391,0.09000117304571391,0.0,1.542843327767064,0.771421663883532,-0.031432480040228444,0.009953992900154977,0.09531379996132053,0.36124370911259823,0,2.2197166013938383
3.606720000000055,0.015816463227504598,0.007908231613752299,0.9652845649813775,0.22717209675972716,0.1135860483798636,0.033807909375485556,-0.01618752546907822,0.2720113131722305,0.6572511923707012,0.16236534478902748,0.09505322471188293,-0.06926627393569679,0.03848767338474428,0.13677445023304122,0.8570273628543843,0.21868628388145428,0.12918225437529487,0.03236282277818346,0.09000117304571391,0.09000117304571391,0.0,1.5291112275582635,0.7645556137791317,-0.0313020498138554,0.01008363105265936,0.09819678878491324,0.36294771000673803,0,2.2186562478057055
3.6108800000000554,0.016789362520342622,0.008394681260171311,0.9654248583387546,0.23349583028112544,0.11674791514056274,0.03367040577049341,-0.3402782508972692,-0.08771361458917822,0.7954643671647241,0.29805284634466084,0.19680283296067932,-0.04514296441335574,-0.15028456780099364,0.024935849326477497,0.8261523383083909,0.261523530807669,0.1641142451964261,-0.006769847020604958,0.09000117304571391,0.09000117304571391,0.0,1.5154705928460288,0.7577352964230144,-0.03117203403269253,0.010203550537291915,0.10105387177078715,0.36462335632599935,0,2.217566454739628
3.6150400000000555,0.017788367235772803,0.008894183617886402,0.9655645809781209,0.23976113170324384,0.11988056585162193,0.03353343344791441,-0.0649213089797422,-0.1484439200378366,0.985843987976061,0.33567830198687443,0.2947204534609498,0.058013138415677894,-0.10691109715796804,-0.06114443201135619,0.9061195753853738,0.30194145018126634,0.23046365934068416,0.02579581212395261,0.09000117304571391,0.09000117304571391,0.0,1.501920904191996,0.750960452095998,-0.031042434632772814,0.010314098430391218,0.10388517518391753,0.36627111989050815,0,2.216447494170681
3.6192000000000557,0.018813235485864784,0.009406617742932392,0.9657037351082033,0.2459683800220755,0.12298419001103776,0.0333969912197555,-0.2498009055393734,0.013463000612747474,0.7433299417964045,0.3595343267444347,0.12043838812894417,-0.14722646408523815,-0.1776149180272625,-0.023593654187700795,0.8244175663912295,0.3334931249376982,0.17736645747460938,-0.06078776517010685,0.09000117304571391,0.09000117304571391,0.0,1.4884616442776162,0.7442308221388081,-0.030913253480729097,0.010415611702949999,0.10669082700745587,0.3678914646693035,0,2.215299636311759
3.623360000000056,0.019863726954153452,0.009931863477076726,0.9658423229327217,0.2521179523892809,0.12605897619464046,0.0332610778844155,0.5281516892741009,-0.034331427263009535,0.7521328425652812,0.168083107194691,0.06384100880824078,0.1126751518914571,0.17561610056003973,-0.028833731924833954,0.788508779699519,0.254083602485356,0.12248794779561402,0.02606722950050633,0.09000117304571391,0.09000117304571391,0.0,1.475092297907035,0.7375461489535176,-0.030784492373516714,0.01050841748175054,0.10947095681685029,0.3694848469109797,0,2.214123149622103
3.627520000000056,0.02093960288796287,0.010469801443981436,0.9659803466503332,0.2582102241142605,0.12910511205713024,0.033125692226775034,0.16485307294347107,0.09429437548865428,1.2173721839857374,0.3698888511460868,0.2828326372280153,-0.02374570510057837,0.17099814356430204,0.033315866946239274,1.00289394828713,0.3147320516444838,0.20438108310101713,0.0012332605142595073,0.09000117304571391,0.09000117304571391,0.0,1.461812352011353,0.7309061760056765,-0.030656153038992662,0.010592833304587473,0.11222569565992421,0.3710517152721544,0,2.2129183008158253
3.631680000000056,0.022040626090739292,0.011020313045369646,0.9661178084545762,0.2642455686663405,0.13212278433317026,0.0329908330183233,-0.14687067767233725,0.8765030936273142,1.1297262430837063,0.21051393944424104,0.3624538308770705,-0.09880892345364077,0.012493317141372088,0.45566611749648905,1.0661046775487304,0.26554084122735844,0.28492505666289547,-0.0484035109571815,0.09000117304571391,0.09000117304571391,0.0,1.448621295651383,0.7243106478256915,-0.030528237135854425,0.010669167369672272,0.11495517594262937,0.3725925109437992,0,2.211685354870424
3.6358400000000564,0.023166560914393737,0.011583280457196869,0.966254710533815,0.27022435767706676,0.13511217883853338,0.03285649901731799,-0.24702186007151583,0.19891968892238598,1.070122970716742,0.3010251334257083,0.07904991906108655,0.15032350262866717,-0.11664559471035776,0.3274519017303298,1.0684272937812738,0.28598821938941754,0.1837443854333005,0.05057558172756792,0.09000117304571391,0.09000117304571391,0.0,1.435518620020929,0.7177593100104644,-0.030400746254114597,0.010737718779316525,0.11765953132021262,0.3741076677754678,0,2.210424575035289
3.6400000000000565,0.024317173251654597,0.012158586625827299,0.9663910550711856,0.2761469609426068,0.1380734804713034,0.03272268896897093,-0.10917576807381109,0.10184120608204442,0.6255234451492908,0.3132047226702403,0.11191617034625356,0.017948760889904873,-0.11226469235839018,0.21487570433918962,0.847010942464393,0.30224892459167985,0.14882214693253853,0.03362026743088218,0.09000117304571391,0.09000117304571391,0.0,1.4225038184499517,0.7112519092249758,-0.030273681916113043,0.010798777777992527,0.12033889659355318,0.3755976123974574,0,2.209136222840195
3.6441600000000567,0.025492230528430686,0.012746115264215343,0.9665268442445425,0.2820137464262611,0.14100687321313055,0.03258940160565291,-0.2077414689734291,0.16008886893992996,0.7754919397088678,0.30563932404511357,0.02880907226685951,-0.04299695407823084,-0.159375364301989,0.18753887644130768,0.8111608782338599,0.30747154065749344,0.09024121165174523,-0.004380519339351096,0.09000117304571391,0.09000117304571391,0.0,1.4095763864061188,0.7047881932030594,-0.030147045576782938,0.010852625984870645,0.12299340761044093,0.37706276434093716,0,2.2078205581037875
3.648320000000057,0.026691501696185164,0.013345750848092582,0.9666620802264054,0.28782508026107473,0.14391254013053736,0.03245663564711726,0.6256131276328951,0.1128884439430288,0.47711239925493687,0.25489300803185466,0.08875312856540635,0.12340579891633396,0.23364812714213604,0.15039560383134287,0.6443920651905937,0.28427141654930055,0.09052525708048796,0.05898348660645228,0.09000117304571391,0.09000117304571391,0.0,1.3967358214988037,0.6983679107494019,-0.030020838624346707,0.010899536620932848,0.1256232011715757,0.3785035361560774,0,2.206477838942055
3.652480000000057,0.02791475722432083,0.013957378612160416,0.9667967651839084,0.29358132675255993,0.14679066337627997,0.03232438980073748,-0.17183270758663033,-0.2864557089619531,1.4229455400747453,0.1625932925113098,0.02431397786044745,-0.012247920739693503,0.031237366577652775,-0.067985887177967,1.0336495145030553,0.22617859150417127,0.059034716581584344,0.023016871511521535,0.09000117304571391,0.09000117304571391,0.0,1.3839816234796523,0.6919908117398261,-0.02989506238154971,0.010939774730762228,0.12822841494108017,0.3799203335282137,0,2.205108321776793
3.656640000000057,0.029161769092577138,0.014580884546288569,0.966930901278749,0.299282848381514,0.149641424190757,0.03219266276175407,-0.3194026157358192,0.08969905384701458,1.2057323647575204,0.4159210258274365,0.20297996071273178,0.06798649107271157,-0.14322487331150416,0.011277425458022728,1.1198331597281297,0.3233931745980687,0.13217795093440307,0.04568824013159416,0.09000117304571391,0.09000117304571391,0.0,1.3713132942457036,0.6856566471228518,-0.029769718106042065,0.010973597399107584,0.13080918736132552,0.3813135553920776,0,2.203712261344051
3.6608000000000573,0.030432310783439397,0.015216155391719699,0.9670644906671387,0.30493000580694263,0.15246500290347131,0.0320614532135322,0.3610921468701174,0.36187761860217976,0.8679187282609113,0.4259391541875249,0.23190828468091484,0.011211074883065972,0.10981706942426167,0.18705832581101842,0.9938974462985537,0.3775625858206268,0.1839658658865055,0.028477654684221754,0.09000117304571391,0.09000117304571391,0.0,1.358730337840469,0.6793651689202345,-0.029644806991511202,0.011001253962322278,0.1333656575718794,0.3826835940441269,0,2.202289910702572
3.6649600000000575,0.03172615727456056,0.01586307863728028,0.9671975354997546,0.3105231578690793,0.15526157893453965,0.03193075982782517,-0.18418423639292653,-0.42422179620402317,0.636535814064946,0.2961151407312106,0.12138135284075997,-0.12218922630003962,-0.036575666750809484,-0.11833544757979075,0.8149621060865077,0.3396987444762923,0.15359343628534328,-0.047868679958728164,0.09000117304571391,0.09000117304571391,0.0,1.346232260455638,0.673116130227819,-0.029520330168390535,0.011022986214775647,0.13589796533239296,0.384030835253006,0,2.200841521242215
3.6691200000000577,0.03304308503119598,0.01652154251559799,0.9673300379216923,0.31606266159250224,0.15803133079625112,0.03180058126504407,0.812280306092167,-0.33702494352268136,1.2741780029395977,0.33752729483323396,0.19817022511709503,0.06309807216355669,0.388554697001773,-0.22727279798255692,1.0447039566028005,0.3413104044512443,0.1774467268053775,0.007873700625521908,0.09000117304571391,0.09000117304571391,0.0,1.3338185704325594,0.6669092852162797,-0.029396288705105883,0.011039028610334886,0.13840625094925219,0.38535565836816943,0,2.1993673426923688
3.673280000000058,0.034382871998651594,0.017191435999325797,0.9674620000724194,0.3215488721893472,0.1607744360946736,0.03167091617453009,0.47936896477538254,0.3643418447546712,0.5774016633984959,0.30934282862812534,0.2963021642103893,0.11118518806231924,0.4346003905287772,0.06915191138050289,0.811280256294688,0.32797322513280613,0.2383342103287724,0.05978523562983138,0.09000117304571391,0.09000117304571391,0.0,1.3214887782630669,0.6607443891315334,-0.02927268360879101,0.011049608459014523,0.14089065520582583,0.3866584364266965,0,2.1978676231303433
3.677440000000058,0.03574529759474582,0.01787264879737291,0.9675934240857312,0.32698214306261275,0.16349107153130638,0.0315417631948306,-0.10536483328477164,-0.5601185517060826,1.1521524716619722,0.3148862549036232,0.2896728320527693,0.06804339239508272,0.16526374616088968,-0.24488949814012562,0.9818580883884024,0.3239349261751521,0.2660609729263387,0.0649663936745363,0.09000117304571391,0.09000117304571391,0.0,1.3092423965907205,0.6546211982953603,-0.029149515826219885,0.0110549461188898,0.14335131929614925,0.38793953625832966,0,2.1963426089897564
3.681600000000058,0.037130142702285644,0.018565071351142822,0.9677243120897061,0.33236282580955817,0.16618141290477909,0.03141312095397716,0.2725392832371876,0.13488636410775914,0.47584210604903593,0.3014418699730494,0.15809225839099195,-0.14065893151707867,0.21952437980273204,-0.05467339599459718,0.7285547883866065,0.3150343385623103,0.21367689999298692,-0.03821705517334531,0.09000117304571391,0.09000117304571391,0.0,1.2970789402112826,0.6485394701056413,-0.02902678624495647,0.01105525518336948,0.14578838476189132,0.3891993185887645,0,2.1947925450689
3.6857600000000583,0.038537189661557274,0.019268594830778637,0.9678546662066635,0.33769127022519035,0.16884563511259518,0.03128498806976382,0.10220507658982123,0.041345767835786695,0.8615453508247265,0.3599260672958372,0.15643984554137702,0.10958399848770496,0.16160784198269806,-0.006339573278212908,0.7952785816365521,0.33973775504054005,0.1859378406975842,0.035842352910976594,0.09000117304571391,0.09000117304571391,0.0,1.2849979260732898,0.6424989630366449,-0.028904495694401455,0.011050742663922513,0.14820199343245655,0.39043813814122086,0,2.193217674539092
3.6899200000000585,0.0399662222628316,0.0199831111314158,0.9679844885531219,0.3429678243058388,0.1714839121529194,0.031157363150025427,0.07466857974916517,0.31495401453533756,0.9242281124739352,0.515326080317785,0.2014392770360786,0.12195433578679295,0.1192051362751014,0.1547245912874094,0.8600079915360894,0.42960245831355826,0.1955462062805163,0.07885403528333282,0.09000117304571391,0.09000117304571391,0.0,1.2729988732782878,0.6364994366391439,-0.028782644946307265,0.011041609168352225,0.15059228736808225,0.39165634373632435,0,2.191618238953011
3.6940800000000587,0.041417025738885,0.0207085128694425,0.9681137812397591,0.34819283425281644,0.17409641712640822,0.03103024479291751,0.03269468392409543,0.008340829171014025,0.9048119773498161,0.5084133326536641,0.06201751177485468,0.0699356131582371,0.07700202128998483,0.08165803518763726,0.8825547101443488,0.47129567115810317,0.13006238339561138,0.07490116549039061,0.09000117304571391,0.09000117304571391,0.0,1.2610813030815864,0.6305406515407932,-0.02866123471657986,0.011028049074710321,0.15295940880579573,0.39285427839032533,0,2.1899944782530203
3.698240000000059,0.042889386757535695,0.021444693378767848,0.9682425463713724,0.35336664447616795,0.17668332223808397,0.03090363158719199,-0.4626641428276996,-0.5029928970075989,1.1459616577422838,0.2869634948580311,0.13408559587538701,0.049949041929732235,-0.19224458939361214,-0.21039448967112237,1.0143625271329944,0.3823283857953753,0.1329689604764665,0.06309629067925432,0.09000117304571391,0.09000117304571391,0.0,1.2492447388911807,0.6246223694455904,-0.0285402656653735,0.011010250700942314,0.15530350010810368,0.39403227941168373,0,2.1883466307794666
3.702400000000059,0.04438309341419609,0.022191546707098046,0.968370786046841,0.3584895975984956,0.1792447987992478,0.030777522112475253,-0.14447213037341572,-0.03320889534719354,0.4149130645901207,0.44847701066329315,0.22005764102220784,0.11508283173868925,-0.1674293842861587,-0.1213464703083968,0.7148723819190812,0.4174073163770061,0.1783018001562857,0.08936908388963122,0.09000117304571391,0.09000117304571391,0.0,1.2374887062683686,0.6187443531341843,-0.02841973839879222,0.010988396470354439,0.15762470371428888,0.3951906784960467,0,2.1866749332789683
3.706560000000059,0.04589793522444138,0.02294896761222069,0.9684985023590891,0.36356203445887036,0.18178101722943518,0.030651914939541586,0.014137902980958426,-0.1719922984639673,0.6055243134612762,0.3443182681557101,0.018382289807739788,0.05510116978173461,-0.07593437909652807,-0.1466340244277687,0.6603122628662598,0.38379140999858224,0.0995641214038561,0.07220293568245073,0.09000117304571391,0.09000117304571391,0.0,1.2258127329268547,0.6129063664634273,-0.02829965346963327,0.010962663072991128,0.15992316209419752,0.39632980181964594,0,2.1849796209126864
3.7107200000000593,0.0474337031165948,0.0237168515582974,0.9686256973950499,0.3685842941168199,0.18429214705840996,0.03052680863058565,0.3768078987969402,-0.2708177343814802,1.4605594536608928,0.3896596159773735,0.030399700464016494,-0.02923216301420862,0.15124599210796968,-0.20866454589576294,1.0603783958009076,0.38884873631625677,0.06548064224813156,0.022578634035903388,0.09000117304571391,0.09000117304571391,0.0,1.214216348732692,0.607108174366346,-0.028180011378240333,0.010933221623010985,0.16219901770440392,0.3974499701311405,0,2.1832609272645733
3.7148800000000595,0.04899018942432978,0.02449509471216489,0.9687523732356311,0.37355671385639627,0.18677835692819814,0.030402201739493106,0.021492765176882846,-0.5177257392514147,0.2571406830035483,0.4708828471959058,0.11813215692802294,-0.06519327951478045,0.0873426182811821,-0.3629528382906244,0.658618850580247,0.43239697443515307,0.09240143899546864,-0.021557486013577907,0.09000117304571391,0.09000117304571391,0.0,1.202699085703034,0.601349542851517,-0.028060812573466723,0.010900237812147792,0.1644524129466447,0.3985514988419317,0,2.181519084349606
3.7190400000000596,0.05056718787928944,0.02528359393964472,0.9688785319556816,0.37847962919031736,0.18923981459515868,0.030278092812108855,-0.17849429282853657,-0.12214012629473833,1.0140824763135334,0.5822979781269402,0.2190360377676996,0.0337326600820304,-0.04437137300403205,-0.24209236541715076,0.8364219814134486,0.5096643605898404,0.15722853825243255,0.006724686240056575,0.09000117304571391,0.09000117304571391,0.0,1.1912604780055078,0.5956302390027539,-0.027942057454070426,0.010863872059341865,0.1666834901284192,0.3996346981149754,0,2.1797543226220033
3.72320000000006,0.052164493603723536,0.026082246801861768,0.9690041756239587,0.38335337386418394,0.19167668693209197,0.03015448038650074,-0.19802110336172746,0.06529220069847397,1.3083166041960579,0.43073965018258975,0.23422728622167555,-0.09229651301091793,-0.1203049473570433,-0.08791269943016289,1.07217885072288,0.4719188113299506,0.19666250649874234,-0.04192844764301902,0.09000117304571391,0.09000117304571391,0.0,1.1799000619568236,0.5899500309784118,-0.02782374636904282,0.010824279656625871,0.16889239142565726,0.4006998729521156,0,2.1779668709834175
3.72736000000006,0.0537819031031434,0.0268909515515717,0.9691293063030971,0.3881782798607678,0.1940891399303839,0.03003136299322298,0.16374419152966768,0.31301379044606226,1.2109959475208085,0.3888128936544692,0.1268288768650664,0.19116134863243875,0.022524966771904527,0.11281288186585238,1.1419871655667562,0.4329496350755956,0.16380309202683704,0.07403172635299088,0.09000117304571391,0.09000117304571391,0.0,1.1686173760219005,0.5843086880109503,-0.02770587961933081,0.010781610911347762,0.17107925884735992,0.4017473232799658,0,2.1761569567911123
3.73152000000006,0.05541921425899495,0.027709607129497476,0.9692539260495787,0.39295467740437234,0.19647733870218617,0.029908739155573367,0.5892531952848719,-0.1769761061099944,1.1752950725964249,0.10935014366271012,0.11995917248006872,0.008677293449171376,0.3061174738974894,-0.03183641467678406,1.1586599293297943,0.27262172555592157,0.14298329922069536,0.04110449299655382,0.09000117304571391,0.09000117304571391,0.0,1.157411960812439,0.5787059804062195,-0.027588457457958515,0.01073601128481237,0.17324423420212282,0.4027773440343606,0,2.1743248058661213
3.7356800000000603,0.05707622632135021,0.028538113160675106,0.9693780369137031,0.39768289496526243,0.19884144748263122,0.029786607389850752,-0.03958947728516516,-0.22063637976120487,0.7895931981221874,0.332537078515219,0.17355650699324005,0.12417091164746659,0.13394876973876688,-0.12587791268257442,0.9743814652624051,0.3047282443066953,0.15883861464802854,0.08301119344896102,0.09000117304571391,0.09000117304571391,0.0,1.1462833590847283,0.5731416795423642,-0.027471480091434422,0.010687621527421668,0.17538745906645625,0.40379022524340225,0,2.1724706425013816
3.7398400000000604,0.05875273990161754,0.02937636995080877,0.9695016409395597,0.4023632592641593,0.20118162963207964,0.02966496620560729,-0.12673259800448017,0.24775459152505977,0.8849728796378594,0.285951824244902,0.47217848834356535,0.005804171279530795,0.0041956360946799115,0.06192086144314889,0.9296870951247606,0.29793637758707003,0.31655114063669737,0.045145514096901825,0.09000117304571391,0.09000117304571391,0.0,1.135231115739145,0.5676155578695725,-0.027354947680842137,0.010636577810392425,0.17750907475481825,0.40478625210912544,0,2.1705946894698527
3.7440000000000606,0.060448556965270905,0.030224278482635453,0.9696247401650009,0.4069960952768066,0.2034980476384033,0.029543814105896626,0.2576447978433768,-0.20830274164301196,1.103693844487312,0.4298790422225127,0.16654937945280854,0.06776601925714318,0.1318113050143781,-0.07284880145075741,1.016833403458538,0.36621755550346774,0.24270825539135935,0.05608662503946457,0.09000117304571391,0.09000117304571391,0.0,1.1242547778167462,0.5621273889083731,-0.027238860342292212,0.010583011854128861,0.1796092222912833,0.405765705087803,0,2.1686971680326113
3.7481600000000608,0.06216348082459838,0.03108174041229919,0.9697473366216156,0.4115817262385947,0.20579086311929734,0.029423149587520684,-0.2876488960800194,0.14877173305078556,1.0396114974255979,0.4944381017892639,0.27476590633287423,-0.032601610035722886,-0.07689861963106179,0.038532230994062965,1.0281544824555457,0.432870846529521,0.2598364740402114,0.011900596685149714,0.09000117304571391,0.09000117304571391,0.0,1.1133538944987298,0.5566769472493649,-0.027123218148232264,0.010527051053326113,0.18168804238276923,0.4067288599689154,0,2.166778297946927
3.752320000000061,0.06389731613147027,0.03194865806573514,0.9698694323347042,0.416120473649254,0.208060236824627,0.029302971141271214,-0.03559849884804171,0.5428039085511307,0.5948305308062707,0.54227581400485,0.15141163967472662,0.11597210603556539,-0.05512506019580775,0.29098299142994255,0.8117311560925132,0.4898300454559121,0.20733257301928565,0.06370704700861245,0.09000117304571391,0.09000117304571391,0.0,1.1025280171032037,0.5512640085516018,-0.027008021127797766,0.01046881859887945,0.18374567539375236,0.4076759879528061,0,2.1648382974743146
3.756480000000061,0.06564986887012697,0.032824934435063485,0.969991029323255,0.42061265727760533,0.21030632863880266,0.029183277252170153,0.63928881701966,0.08863641580970189,0.4199906397517622,0.3437303983097083,0.11974226914576219,-0.015261104811939645,0.2927961032329974,0.1900545782571364,0.6158263935275797,0.4194743525653173,0.16487488792565763,0.024237901626449492,0.09000117304571391,0.09000117304571391,0.0,1.0917766990833244,0.5458883495416622,-0.026893269268556175,0.010408433596672498,0.18578226132239983,0.4086073557270448,0,2.162877383388567
3.7606400000000613,0.06742094634998685,0.03371047317499343,0.9701121295999204,0.4250585951663723,0.21252929758318614,0.029064066399702874,0.6314812195210565,0.19184881038589455,1.1809743101094237,0.2276547408731463,0.23181764374881234,-0.10379150209649604,0.46260909048595494,0.1914301371125803,0.8981879011147589,0.32620030417814755,0.2001421006284657,-0.03951760293877952,0.09000117304571391,0.09000117304571391,0.0,1.0810994960250957,0.5405497480125478,-0.02677896251654345,0.010346011183316559,0.18779793977805456,0.4095232255415202,0,2.1608957709837666
3.7648000000000614,0.06921035719847457,0.034605178599237285,0.9702327351709956,0.42945860363705296,0.21472930181852648,0.028945337058051326,0.622875084077554,0.1612668480391995,1.4772460610749159,0.38709625211421655,0.2821354120061374,-0.0160369418049315,0.5435450749221448,0.17693358198101905,1.1876872176180941,0.358222853009874,0.24187061983758756,-0.027558043501297817,0.09000117304571391,0.09000117304571391,0.0,1.0704959656439696,0.5352479828219848,-0.026665100777585896,0.010281662638911719,0.1897928499600095,0.4104238552822827,0,2.1588936740822726
3.7689600000000616,0.07101791135386976,0.03550895567693488,0.970352848036397,0.43381299729484546,0.21690649864742273,0.028827087696321675,-0.09985679370439254,0.2016754078083928,0.904711708725042,0.27694818113311626,0.1322585220492162,-0.03924786247743756,0.22240997489034264,0.18957573387582569,1.0461167352234935,0.3203351832940626,0.18900841067391833,-0.03382850615972896,0.09000117304571391,0.09000117304571391,0.0,1.0599656677830334,0.5299828338915167,-0.026551683918197927,0.010215495496899075,0.1917671306375102,0.41130949854415894,0,2.1568713050426855
3.7731200000000618,0.07284342005817655,0.036421710029088276,0.9704724701896419,0.4381220890336326,0.2190610445168163,0.028709316778768215,0.5404907350801113,-0.07343228477654457,0.6284713867099572,0.4559340232856775,0.25989538542000057,0.07232344081806269,0.3823970177643039,0.05860893582102009,0.8374415680340543,0.3899975780436208,0.22517975911890012,0.019241211544521613,0.09000117304571391,0.09000117304571391,0.0,1.049508164409783,0.5247540822048915,-0.026438711765947462,0.010147613651072153,0.19372092013092945,0.41218040470215755,0,2.1548288747677935
3.777280000000062,0.07468669585001414,0.03734334792500707,0.9705916036178295,0.4423861900410194,0.2211930950205097,0.02859202276501562,0.6594029593204951,-0.05741461726175172,0.758955296051566,0.4003432445174428,0.275489992307199,0.018154137929562674,0.5217302975306799,0.0011660375479586025,0.7982360938559244,0.39725256982666446,0.2519285287267745,0.018480914820559767,0.09000117304571391,0.09000117304571391,0.0,1.0391230196126644,0.5195615098063322,-0.026326184110786507,0.010078117459814292,0.19565435629405822,0.4130368189816871,0,2.1527665927124895
3.781440000000062,0.07654755255752839,0.038273776278764195,0.9707102503016223,0.44660560980342134,0.22330280490171067,0.028475204110275522,0.24829314927790602,-0.511297032958027,0.7898856087804632,0.4453304351938882,0.15382107583011703,0.011781950044089478,0.3859294056187495,-0.2547499744694489,0.7940860521136901,0.42449982161620936,0.2032821809953402,0.014769735284172887,0.09000117304571391,0.09000117304571391,0.0,1.028809799599089,0.5144048997995445,-0.026214100705636262,0.010007103847627246,0.19756757649745976,0.41387898252760524,0,2.150684666891671
3.7856000000000622,0.07842580529132509,0.039212902645662545,0.9708284122152288,0.45078065611120843,0.22539032805560422,0.028358859265560515,0.39352359130332354,0.2307846956080342,0.7085499187180528,0.445994372401385,0.20990791965696934,-0.24069954660684437,0.39065020828050784,-0.011545137090190914,0.7508174806269527,0.4371684140415607,0.2077955392477231,-0.11330524295514822,0.09000117304571391,0.09000117304571391,0.0,1.01856807269097,0.509284036345485,-0.026102461267295665,0.009934666404015339,0.19946071761283854,0.4147071324721193,0,2.1485833038881106
3.7897600000000624,0.08032127043742465,0.040160635218712326,0.9709460913263867,0.4549116350638946,0.2274558175319473,0.028242986677894134,-0.044844944901656636,-0.07024161166072387,1.2220038049177702,0.49031817188727367,0.25453545389267634,0.10382222520222945,0.1739148324368138,-0.0403656564582115,0.9866296700017072,0.4659514586360523,0.23178648349808142,-0.004651014743343548,0.09000117304571391,0.09000117304571391,0.0,1.0083974093224815,0.5041987046612407,-0.025991265477138675,0.009860895479787864,0.20133391599837386,0.4155215020015567,0,2.146462708860311
3.7939200000000626,0.08223376565023874,0.04111688282511937,0.9710632895963471,0.4589988510753798,0.2294994255376899,0.028127584790517704,0.42190621149150875,-0.17867383951823168,0.3742947560490335,0.28969466464424587,0.25754145841332027,0.04201092906960735,0.298510836073151,-0.1089882946924024,0.6805473564826462,0.3797469565652085,0.2462287140649694,0.017692815714071636,0.09000117304571391,0.09000117304571391,0.0,0.99829738203523,0.499148691017615,-0.025880512981813944,0.009785878280841362,0.20318730748497424,0.4163223204220242,0,2.144323085550324
3.7980800000000627,0.08416310984556888,0.04208155492278444,0.97118000897986,0.4630426068792345,0.23152130343961724,0.02801265204309396,0.15961880357459174,0.26626586531005275,1.1859359026499954,0.3180057022953036,0.324923437406077,0.05214091563437815,0.22972148051400265,0.07931493282307786,0.9333538264582254,0.3507122800391022,0.2866815885457441,0.03481423564482798,0.09000117304571391,0.09000117304571391,0.0,0.9882675654765056,0.4941337827382528,-0.025770203394268,0.009709698959482042,0.20502102736340694,0.41710981322397517,0,2.1421646362915605
3.802240000000063,0.08610912319362737,0.04305456159681369,0.9712962514251596,0.4670432035340372,0.2335216017670186,0.027898186871906205,-0.3624538222780629,-0.5425864293527312,1.0733302692916598,0.49345464566089375,0.10011130522014955,0.21591021089830723,-0.06534846467572336,-0.23143377947354146,1.0037919703779137,0.4242483651292628,0.1943258538932979,0.125419843654439,0.09000117304571391,0.09000117304571391,0.0,0.9783075363936613,0.48915376819683065,-0.025660336294343444,0.009632438703347491,0.2068352103722632,0.41788420214570166,0,2.13998756201656
3.806400000000063,0.0880716271120805,0.04403581355604025,0.9714120188739516,0.4710009404287492,0.2355004702143746,0.027784187710054566,0.3109230384000595,0.19093272139448553,1.1003193070760369,0.44821910491106126,0.19035456046764604,-0.05267566065120075,0.12371789325168005,-0.019853519491120825,1.0519482426893523,0.4383042529260681,0.19324342604366976,0.03566590795994925,0.09000117304571391,0.09000117304571391,0.0,0.96841687363157,0.484208436815785,-0.025550911229486342,0.009554175821985407,0.20862999068671675,0.4186457052357706,0,2.13779206226475
3.8105600000000632,0.0900504442591144,0.0450252221295572,0.9715273132614001,0.4749161152881377,0.23745805764406885,0.027670652987649036,-0.28780665802135286,0.08695588075920993,1.058446791093378,0.679427118552472,0.3227409564271719,0.09995885877479528,-0.08063840536330118,0.034220453264313604,1.0554065006097662,0.5609332296570624,0.25931417114060096,0.06731457971980921,0.09000117304571391,0.09000117304571391,0.0,0.9585951581284571,0.47929757906422854,-0.02544192771545574,0.009474985831146141,0.2104055019080393,0.4193945369144208,0,2.135578335190171
3.8147200000000634,0.09204539852652374,0.04602269926326187,0.9716421365161168,0.4787890241782406,0.2393945120891203,0.027557581131999128,0.04478631909917099,-0.11555177453945605,0.8307465490395924,0.40363368998265725,0.24663748994311566,0.03703691096154356,-0.01708955047916863,-0.04015421143666101,0.9431515101920643,0.4841838565725165,0.25321781517489583,0.052407655064468914,0.09000117304571391,0.09000117304571391,0.0,0.9488419729112811,0.47442098645564057,-0.02533338523746402,0.00939494153484433,0.21216187705383616,0.42013090803393827,0,2.1333465775691804
3.8188800000000636,0.09405631503282319,0.047028157516411595,0.9717564905601492,0.48261996151186914,0.24130998075593457,0.02744497056779849,0.8919294302512806,0.5011901065049743,1.0881952789496352,0.2827189921176865,0.1645422923290562,0.1389766701252922,0.4380097671247402,0.23086205849993935,1.0159628221444377,0.38566697645244546,0.2098090620852031,0.09600147370763955,0.09000117304571391,0.09000117304571391,0.0,0.9391569030924821,0.46957845154624106,-0.025225283250142963,0.009314113105243962,0.21389924854896644,0.4208550259380269,0,2.1310969848081305
3.8230400000000637,0.09608302011638217,0.048041510058191086,0.9718703773089713,0.4864092200541548,0.2432046100270774,0.027332819717309255,0.6936669309674193,0.9926805073841676,0.993971984670454,0.48538329424989735,0.2679074085499105,0.1504728210185578,0.5668452660815602,0.6123304948906765,1.005281613902721,0.43766090699587656,0.24046939905777717,0.12256756314728727,0.09000117304571391,0.09000117304571391,0.0,0.9295395358647826,0.4647697679323913,-0.02511762117890179,0.00923256816041993,0.21561774821711632,0.4215670945201916,0,2.1288297509510206
3.827200000000064,0.09812534132858272,0.04906267066429136,0.9719837986714736,0.49015709092813,0.245078545464065,0.027221127000540263,0.44677529444756137,-0.029314887850267632,0.6398453959941677,0.5122189321577109,0.014110223313685222,0.020036111425055556,0.5078706412961457,0.29153219330989,0.8226027727786115,0.47695430484979157,0.12752988540466856,0.0712360627840485,0.09000117304571391,0.09000117304571391,0.0,0.9199894604981033,0.45999473024905163,-0.025010398420433053,0.009150371840048094,0.21731750727299157,0.422267314281149,0,2.1265450686871255
3.831360000000064,0.10018310742700086,0.05009155371350043,0.9720967565499545,0.49386386362035156,0.24693193181017578,0.027109890835422874,0.31724630115879604,0.2007752326214205,0.9563226912227042,0.28539119826057835,0.21488880876074787,0.11525363660950355,0.41314960673902834,0.24659749667350817,0.889703489066934,0.3817312325172243,0.17242685771436733,0.09319531779387108,0.09000117304571391,0.09000117304571391,0.0,0.9105062683335701,0.45525313416678503,-0.024903614343112904,0.009067586879074566,0.21899865631510151,0.4229558823852841,0,2.124243129358594
3.835520000000064,0.10225614836861151,0.051128074184305754,0.9722092528401128,0.49752982598655443,0.24876491299327722,0.0269991096379846,-0.30098945365432894,-0.3866472158641637,1.0909854410710063,0.5193469630456932,0.25152449249651954,0.13469265735579372,0.05715194979496766,-0.06950863693430286,0.9906263828996809,0.45214404685585385,0.21317743896475677,0.11377180973120768,0.09000117304571391,0.09000117304571391,0.0,0.9010895527800615,0.45054477639003077,-0.02479726828793828,0.008984273679413986,0.22066132531910332,0.4236329927161664,0,2.1219241229680263
3.8396800000000644,0.1043442953030171,0.05217214765150855,0.97232128943104,0.501155264257344,0.250577632128672,0.02688878182251848,-0.0867819296974084,-0.05351652417823629,0.7976494324735668,0.6058673427870057,0.3675305541860642,0.14192385479980432,-0.013559847568121128,-0.06075106147410476,0.8944310893210987,0.5309369402814377,0.29180859487254146,0.12816602747884373,0.09000117304571391,0.09000117304571391,0.0,0.8917389093096648,0.4458694546548324,-0.02469135956925285,0.008900490379725411,0.22230564363168054,0.4242988359311428,0,2.1195882381860227
3.8438400000000645,0.10644738056570012,0.05322369028285006,0.972432868205214,0.5047404630439237,0.25237023152196186,0.02677890580174895,0.3022399087378488,0.24865344634515735,1.0350662695856103,0.5551782214556997,0.3322010561573985,0.10356816218678881,0.14549207003416315,0.09464052573714,0.9649638004074167,0.5454241037134252,0.31382955728631745,0.11648505502352303,0.09000117304571391,0.09000117304571391,0.0,0.8824539354521461,0.44122696772607306,-0.024585887475261053,0.008816292923313394,0.22393173996492946,0.424953599515022,0,2.1172356623587074
3.8480000000000647,0.1085652376712995,0.05428261883564975,0.9725439910384932,0.508285705343851,0.2541428526719255,0.02666947998699512,0.36252618658685215,-0.4001561676036287,1.3150381957219603,0.6698909788578926,0.15210031236615013,-0.021400239948143274,0.25539962499293445,-0.1524465131996105,1.1399598172976846,0.609753599610288,0.23374181366339997,0.04712738786156024,0.09000117304571391,0.09000117304571391,0.0,0.8732342307904648,0.4366171153952324,-0.024480851268543977,0.008731735124200567,0.22553974239122748,0.42559746783286545,0,2.1148665815152214
3.852160000000065,0.11069770130691127,0.055348850653455635,0.9726546598001112,0.5117912725468269,0.25589563627341344,0.026560502788331483,0.05427230461227699,0.25750787938106845,0.4119609961261841,0.528125671562337,0.3642750221538714,-0.13641712541006107,0.15593080459684674,0.05328756905226497,0.7756717166847038,0.5700213788610886,0.3007619165270848,-0.04470418392383142,0.09000117304571391,0.09000117304571391,0.0,0.8640793969566929,0.43203969847834645,-0.024376250186897985,0.008646868731417434,0.22712977833856018,0.4262306221819,0,2.1124811803751964
3.856320000000065,0.11284460732541343,0.056422303662706716,0.9727648763526726,0.5152574444405199,0.25762872222025995,0.02645197261474466,0.6545038895053794,-0.010874230119457623,1.0992936618885316,0.37980216030197944,0.32701774364399294,-0.025316930645467462,0.40600660728187804,0.02188599410188091,0.9374344519217326,0.476946327522604,0.3140871112123123,-0.03604875940047281,0.09000117304571391,0.09000117304571391,0.0,0.8549890376254501,0.42749451881272504,-0.024272083443961937,0.008561743491553569,0.22870197458628444,0.4268532408425666,0,2.1100796423561956
3.860480000000065,0.11500579273881514,0.05750289636940757,0.9728746425521488,0.518684499216412,0.259342249608206,0.026343887874287066,-0.7267797700815626,0.4470803214763075,1.5162476400985048,0.5702140862874303,0.25478682665219454,-0.1436901213571999,-0.15921167197392042,0.23501365939359892,1.226543978217318,0.5251093689448778,0.2856057701651716,-0.08878222567965138,0.09000117304571391,0.09000117304571391,0.0,0.8459627585104152,0.4229813792552076,-0.024168350229739274,0.008476407209613766,0.23025645726130503,0.4274654991287197,0,2.1076621495811305
3.8646400000000654,0.11718109571163048,0.05859054785581524,0.9729839602478748,0.5220727134756802,0.2610363567378401,0.02623624697422796,0.11838153055571596,-0.2166495629657702,0.5757368636422134,0.4802560326031353,0.32124442308272105,-0.02219874279722662,-0.019416297659722852,0.009846209510600048,0.9010906345753877,0.5036895466740651,0.303835011543101,-0.05594692371483361,0.09000117304571391,0.09000117304571391,0.0,0.8370001673579279,0.41850008367896396,-0.024065049710907616,0.00839090580822155,0.23179335183464497,0.4280675694369912,0,2.1052288828856494
3.8688000000000655,0.11937035555427673,0.059685177777138367,0.9730928312825465,0.5254223622351002,0.2627111811175501,0.026129048321202712,0.02286999714850435,0.1776539108683699,1.0733541042348773,0.35022065578614114,0.36370075853359024,0.0842908766399058,0.0024517190646597634,0.09450469219612047,0.9873981949042605,0.42882833379826707,0.3352206148343243,0.014500782196197564,0.09000117304571391,0.09000117304571391,0.0,0.8281008739427016,0.4140504369713508,-0.02396218103198608,0.008305283385211443,0.23331278311838866,0.4286596212953331,0,2.1027800218254997
3.8729600000000657,0.12157341271649749,0.060786706358248746,0.9732012574922189,0.5287337189329805,0.26436685946649024,0.026022290321356757,0.008726740163388494,-0.3862424681037296,0.4575072660613333,0.4599870996469851,0.23060990146207327,0.10769772922653476,0.006542279795205842,-0.14539343760780515,0.7226732708711673,0.44621054899087637,0.2833294689517278,0.060977818324779734,0.09000117304571391,0.09000117304571391,0.0,0.8192644900619102,0.4096322450309551,-0.023859743315435306,0.008219582269650702,0.23481487526298,0.4292418214107522,0,2.100315744683863
3.877120000000066,0.12379010878081048,0.06189505439040524,0.9733092407063042,0.5320070554351192,0.2660035277175596,0.025915971380488657,-0.3206363872088885,-0.09125514944623112,0.6976069797797771,0.6721322780863219,0.19870116604682864,0.11101334849856487,-0.1556541092458403,-0.11791360148572692,0.7103713696387969,0.5604944945011322,0.24245335547165048,0.08574466326129429,0.09000117304571391,0.09000117304571391,0.0,0.8104906295303189,0.40524531476515946,-0.02375773566250755,0.008133843076329843,0.236299751754857,0.42981433371625066,0,2.0978362284786622
3.881280000000066,0.12602028645598043,0.06301014322799021,0.9734167827475717,0.5352426420407874,0.2676213210203937,0.025810089904189138,0.10449761902908827,-0.17509075234710614,0.8724429261184341,0.5211576157704403,0.6839205689234023,0.03066738713513278,-0.02449705178725027,-0.1450810253970784,0.7914727316265688,0.5430499247635375,0.4636315003022774,0.05789105155817867,0.09000117304571391,0.09000117304571391,0.0,0.8017789081737856,0.4008894540868928,-0.023656157153778057,0.00804810475876088,0.2377675354144056,0.43037731941698565,0,2.0953416489698395
3.885440000000066,0.12826378957051682,0.06413189478525841,0.9735238854321466,0.5384407474887318,0.2692203737443659,0.025704644297977433,0.02424573092080498,-0.11338489325067785,0.4384293334474568,0.542793394506481,0.19524087162929132,0.10507081660072809,0.001000906424454329,-0.12882922364933316,0.6151678128321869,0.5442529608941109,0.33069461755490037,0.08113821701475217,0.09000117304571391,0.09000117304571391,0.0,0.7931289438255171,0.39656447191275856,-0.02355500684924984,0.007962404660720858,0.23921834839421593,0.43093093703566043,0,2.0928321806666115
3.8896000000000663,0.13052046306619686,0.06526023153309843,0.973630550569511,0.541601638963207,0.2708008194816035,0.025599632967436784,0.45868864981219665,0.5391486158431866,0.978467891806153,0.5450884711321851,0.271785909467526,-0.11913513615887097,0.23097798068732628,0.2057271443794393,0.7965726464586486,0.5464825771637954,0.30246183261993165,-0.019009477835268504,0.09000117304571391,0.09000117304571391,0.0,0.784540356318346,0.392270178159173,-0.023454283789636696,0.007876778566377746,0.24065231217762706,0.43147534245716046,0,2.090307996834689
3.8937600000000665,0.13279015299161362,0.06639507649580681,0.9737367799625041,0.5447255821000206,0.2723627910500103,0.02549505431834401,0.4036574844658525,0.5677442316411763,1.103693439541493,0.6112713310331374,0.26441286235565375,0.12526591889731914,0.31858820266907123,0.38728556226548044,0.9503958048573,0.579913727488699,0.2847043902431291,0.05308854221188129,0.09000117304571391,0.09000117304571391,0.0,0.7760127674811501,0.38800638374057506,-0.02335398699625814,0.007791260749034599,0.2420695475775428,0.4320106889724467,0,2.087769269503479
3.8979200000000667,0.13507270649574948,0.06753635324787474,0.9738425754073241,0.5478128409926079,0.2739064204963039,0.025390906756799128,-0.13741753935761825,0.04173219734843975,0.8126957763797537,0.6974780134260199,0.34916296068308494,0.02085580541596787,0.09202980893935424,0.21523137310958726,0.881589326606795,0.6401624928284232,0.3175726644635667,0.03643566275262831,0.09000117304571391,0.09000117304571391,0.0,0.7675458011311851,0.38377290056559255,-0.023254115472004816,0.007705884018527231,0.24347017473550708,0.4325371273217186,0,2.0852161694732474
3.902080000000067,0.13736797182157498,0.06868398591078749,0.9739479386935297,0.5508636781981173,0.27543183909905866,0.025287188689350436,-0.030065019969214596,0.06786608641387515,1.1206960846007912,0.5118395988559301,0.18166410143849915,-0.06291924375396939,0.032044042039877395,0.1419230010770407,1.0010136664054952,0.5770236101835786,0.25085491803123305,-0.013311333356269273,0.09000117304571391,0.09000117304571391,0.0,0.7591390830700266,0.3795695415350133,-0.02315466820134314,0.007620679767309841,0.24485431312102304,0.4330548057368586,0,2.082648866322263
3.906240000000067,0.139675798299673,0.0698378991498365,0.9740528716040426,0.5538783547435231,0.27693917737176155,0.02518389852311911,0.21772709504375892,0.4791125749692399,1.037887131745154,0.6315530369303325,0.323057592647709,0.12166045932631679,0.1261959029084778,0.31118845747832896,1.0197032617384005,0.6064855699452913,0.2887020820432914,0.05438017398762919,0.09000117304571391,0.09000117304571391,0.0,0.7507922410762795,0.37539612053813975,-0.023055644151497953,0.00753567801526199,0.2462220815311047,0.4335638699831707,0,2.0800675284139083
3.910400000000067,0.14199603634188862,0.07099801817094431,0.9741573759151506,0.556857130131749,0.2784285650658745,0.02508103466591841,0.46664947663766543,0.11149473260955114,0.8701161792956631,0.6195523828909603,0.15595605607442514,-0.012889553320853103,0.29771090737674955,0.21166201587742522,0.9448807420720055,0.6143720041239508,0.22357132966935403,0.021289026036469864,0.09000117304571391,0.09000117304571391,0.0,0.742504904900614,0.371252452450307,-0.022957042272353748,0.007450907453249859,0.2475735980900476,0.43406446340042415,0,2.077472322903763
3.9145600000000673,0.1443285374350045,0.07216426871750226,0.9742614533965105,0.5598002623478132,0.2799001311739066,0.024978595526372816,0.3898868542006654,0.17008953965621298,1.3168819676358428,0.3829044825922434,0.4011149273795605,-0.09001449744026939,0.34459306452708766,0.19170866337693376,1.1306978327565615,0.500043367435375,0.31287552716867245,-0.03488567105365524,0.09000117304571391,0.09000117304571391,0.0,0.7342767062592788,0.3671383531296394,-0.02285886149710513,0.007366395485473611,0.24890898024940777,0.4345567269432145,0,2.07486341574666
3.9187200000000675,0.14667315413444196,0.07333657706722098,0.9743651058111523,0.5627080078649879,0.28135400393249393,0.02487657951403399,0.320341958290263,0.18704055519663168,1.0268197742542915,0.4886392977118943,0.23216473015052722,0.2032943164174762,0.333480063847045,0.18985564357086107,1.0791813894818663,0.4960891276534681,0.27340471217031403,0.08396472197829588,0.09000117304571391,0.09000117304571391,0.0,0.7261072788283376,0.3630536394141688,-0.02276110074290938,0.00728216827063224,0.2502283447881772,0.4350407992206528,0,2.072240971703712
3.9228800000000676,0.1490297400579877,0.07451487002899385,0.9744683349154836,0.5655806216509741,0.28279031082548706,0.024774985039493522,0.377632468246218,0.44402915301950774,0.7167968095004991,0.48721870366685593,0.22096552649938686,-0.04981178776881773,0.35656783881006243,0.3174000439605697,0.8978827498696322,0.4926819913226693,0.24898429390472668,0.01718445119477556,0.09000117304571391,0.09000117304571391,0.0,0.7179962582373456,0.3589981291186728,-0.022663758911112566,0.0071982507619362986,0.25153180781314544,0.43551681653539454,0,2.0696051543493117
3.927040000000068,0.15139814987954642,0.07569907493977321,0.974571142459294,0.5684183571740917,0.28420917858704586,0.02467381051449432,0.008767365614642836,-0.04778303137304063,0.5456629863255644,0.5362720112015334,0.29839276459595165,-0.09550852670635548,0.18377809263112577,0.13542565721548624,0.7215720617014073,0.5156792026092996,0.27413830639078784,-0.03930543060099118,0.09000117304571391,0.09000117304571391,0.0,0.7099432820633205,0.35497164103166023,-0.022566834887904758,0.007114666745998194,0.25281948475943744,0.43598491292201896,0,2.0669561260780984
3.931200000000068,0.15377823932291926,0.07688911966145963,0.9746735301857609,0.5712214664094823,0.2856107332047412,0.024573054352038742,-0.05515122080335241,0.5044656861353309,0.9844158629661922,0.4783972562925529,0.33603436687053484,-0.06437977994492393,0.06530487230466608,0.320645554002813,0.8528603698348602,0.49797539773946436,0.305871779481784,-0.05110835991210287,0.09000117304571391,0.09000117304571391,0.0,0.7019479898247936,0.3509739949123968,-0.022470327544655888,0.00703143888062929,0.2540914903912173,0.43644522018477,0,2.0642940481119028
3.935360000000068,0.15616986515560813,0.07808493257780406,0.9747754998314546,0.5739901998453264,0.2869950999226632,0.024472714966494898,0.28171426027901525,-0.2554020474010149,0.5045807115331863,0.465032180061553,0.26545164409496685,0.036845552799286876,0.17447471663108027,0.0331691000177252,0.6787935936947206,0.48324526894013786,0.28602689328511843,-0.006585230157519588,0.09000117304571391,0.09000117304571391,0.0,0.6940100229747692,0.3470050114873846,-0.022374235738359796,0.00694858873157193,0.2553479388025499,0.43689786793466884,0,2.0616190805066568
3.9395200000000683,0.15857288518264592,0.07928644259132296,0.974877053126345,0.5767248064890698,0.2883624032445349,0.02437279077370066,-0.3056763028516384,-0.14441398655636817,1.2275539478324322,0.7515673505760647,0.393010959350818,0.10359580929889231,-0.06404474784196912,-0.05480653653835888,0.9533928965388518,0.6192322344646327,0.339657287936374,0.04858980755484409,0.09000117304571391,0.09000117304571391,0.0,0.6861290248952574,0.3430645124476287,-0.022278558312079533,0.006866136808194109,0.2565889434184101,0.4373429836260094,0,2.0589313821592796
3.9436800000000685,0.16098715824045287,0.08049357912022644,0.9749781917938077,0.5794255338736645,0.28971276693683223,0.02427328019106531,0.13135663567739478,0.07808601545756189,0.9515741374295008,0.5057896351312012,0.2584602508921382,-0.11083942228967505,0.034706691488355895,0.012175294502074921,0.9522550986729603,0.5637911947764411,0.30048948951170135,-0.032142245231856804,0.09000117304571391,0.09000117304571391,0.0,0.6783046408908218,0.3391523204454109,-0.022183294095608166,0.006784102598173884,0.25781461699583286,0.437780692592246,0,2.0562311108145317
3.9478400000000686,0.1634125441907188,0.0817062720953594,0.9750789175506314,0.5820926280638197,0.29104631403190984,0.024174181637668,0.0693163096277689,0.6340082697720543,1.3370712231302895,0.5481494609230475,0.2040216039096887,-0.024817102608085163,0.05314852762582343,0.3235180770559012,1.1446155485976262,0.5575821511469777,0.2534231086703345,-0.029111867652002823,0.09000117304571391,0.09000117304571391,0.0,0.6705365181814598,0.3352682590907299,-0.022088441905382075,0.006702504601199679,0.25902507162519567,0.43821111808128443,0,2.0535184230718406
3.952000000000069,0.16584890391431154,0.08292445195715577,0.9751792321070245,0.5847263336622597,0.29236316683112984,0.024075493534356125,0.03206878984226985,-0.04073715423257339,0.7025340443071932,0.6487231477169808,0.20544298657065313,0.02838078888939433,0.0439541760799923,0.14181357165238345,0.9236312076415077,0.6049068806332117,0.2302325386471007,-0.000596863004734108,0.09000117304571391,0.09000117304571391,0.0,0.6628243058968442,0.3314121529484221,-0.02199400054525047,0.006621360361712321,0.2602204187316248,0.4386343812901853,0,2.0507934743920977
3.956160000000069,0.1682960993052115,0.08414804965260575,0.9752791371666238,0.5873268938159939,0.29366344690799695,0.023977214303840023,0.0535194409655097,0.19892505490971568,0.7300276045406491,0.6249810630344969,0.2191947196758542,-0.005227675943220579,0.0500338391255131,0.1708234475232099,0.8268184475148055,0.616374981104766,0.22576449942609444,-0.0035224329178396366,0.09000117304571391,0.09000117304571391,0.0,0.655167655069899,0.3275838275349495,-0.021899968806926073,0.006540686500713714,0.26140076907652,0.43905060139929003,0,2.048056419104429
3.960320000000069,0.17075399326447233,0.08537699663223616,0.9753786344265021,0.5898945502225953,0.29494727511129765,0.02387934237078535,0.4655335518163371,0.3182993725330048,0.5855367895899724,0.5736964301719505,0.2552082748554931,0.1863836781735728,0.25897817714124927,0.2450927747057636,0.7065626277150073,0.5958547342431221,0.24072158754498293,0.09188733379336632,0.09000117304571391,0.09000117304571391,0.0,0.647566218629281,0.3237831093146405,-0.021806345470115854,0.006460498746666845,0.26256623275918967,0.43945989560577925,0,2.04530741041293
3.9644800000000693,0.17322244969420766,0.08661122484710383,0.9754777255771767,0.5924295431364822,0.2962147715682411,0.023781876161904487,0.40972584482536933,0.033142559962206976,0.8231826533144452,0.41975641931129926,0.3738127211263673,0.056083117210026595,0.33522221714779754,0.13989273663561347,0.7649909406621261,0.5097064518681015,0.307723683623176,0.0735870515498745,0.09000117304571391,0.09000117304571391,0.0,0.6400196513946119,0.32000982569730596,-0.021713129303294595,0.006380811965510675,0.2637169192185899,0.4398623791566725,0,2.0425466004033805
3.9686400000000694,0.17570133349160438,0.08785066674580219,0.9755764123026186,0.5949321113752151,0.29746605568760753,0.023684814106044227,-0.014481331838086337,-0.12589697808020664,0.6214144202494192,0.3858248044293277,0.06130304882989021,0.06492299815336394,0.16116749539368527,0.0071214820808174146,0.6933364478540663,0.44921826885815325,0.1855128773778781,0.06938342109597607,0.09000117304571391,0.09000117304571391,0.0,0.6325276100676249,0.31626380503381246,-0.02162031906351708,0.006301640189813426,0.26485293723516257,0.4402581653812789,0,2.0397741400499223
3.9728000000000696,0.17819051054296184,0.08909525527148092,0.9756746962802614,0.5974024923257897,0.29870124616289484,0.02358815463427386,0.26266084375563437,0.1560822033933553,0.49241950328499573,0.5899829122948173,0.3131006966610172,-0.05839617033694053,0.21313929164687903,0.08225128448569334,0.5927555642687137,0.5209068704258999,0.25066465154311035,0.005282084736011883,0.09000117304571391,0.09000117304571391,0.0,0.6250897532275592,0.3125448766137796,-0.02152791349730035,0.00622299664708682,0.2659743949327641,0.4406473657231078,0,2.0369901792217115
3.9769600000000698,0.18068984771775745,0.09034492385887873,0.9757725791810112,0.599840921950945,0.2999204609754725,0.023491896179969093,0.09010911569637503,-0.1341148007675585,0.9845285516325407,0.47913970395802136,0.2300694683594343,0.0009036307478103058,0.15261776886770678,-0.02545688148702547,0.7886466848205295,0.5010696362476521,0.24140079572810014,0.003090292258162459,0.09000117304571391,0.09000117304571391,0.0,0.6177057413227867,0.30885287066139333,-0.021435911340973307,0.006144893787283517,0.2670813997806825,0.4410300897712487,0,2.0341948666895426
3.98112000000007,0.18319921286273858,0.09159960643136929,0.9758700626692566,0.6022476347954681,0.30112381739773403,0.023396037178894134,0.035216095115131046,0.013399382395488463,1.1506544192826438,0.2898551862253365,0.16162866261894268,-0.03653241099462018,0.09451734161694673,-0.005693136443217146,0.9695764195956474,0.3962737362095689,0.20192455808354845,-0.016391915663111562,0.09000117304571391,0.09000117304571391,0.0,0.6103752366655137,0.30518761833275687,-0.02134431132059894,0.006067343309499143,0.2681740585957344,0.4414064452912285,0,2.031388350132441
3.98528000000007,0.1857184747960407,0.09285923739802035,0.9759671484028786,0.6046228639925103,0.30231143199625515,0.02330057606928359,0.4060003933403228,-0.09335048833881418,0.4669429926010875,0.5364516622358388,0.382342134057303,0.015350353386513272,0.25137480452973987,-0.04872865475048911,0.7182882476910177,0.4673377096492703,0.2928380024304998,-0.0005855495986355837,0.09000117304571391,0.09000117304571391,0.0,0.6030979034241049,0.3015489517120524,-0.021253112152859993,0.005990356187900271,0.26925247754443915,0.4417765382553559,0,2.0285707761442278
3.9894400000000703,0.18824750330133197,0.09412375165066598,0.9760638380332616,0.6069668412699024,0.3034834206349512,0.02320551129192034,0.04696629487612952,-0.6132973478816448,0.7031031157434671,0.5303231200385252,0.40258755313948896,-0.02094653433623337,0.15027073066476798,-0.3301795470535515,0.7106529669155106,0.49952136026080796,0.3476891982620279,-0.011226168837889872,0.09000117304571391,0.09000117304571391,0.0,0.5958734076163401,0.29793670380817006,-0.02116231254498349,0.005913942696898601,0.270316762145264,0.4421404728725602,0,2.025742290240054
3.9936000000000704,0.19078616912198393,0.09539308456099196,0.9761601332053041,0.6092797969564734,0.3046398984782367,0.023110841290213208,-0.18700738189008054,-0.19173290947455404,0.5503878116492589,0.6548162742876106,0.37043483006734834,0.13384500815818962,-0.01701077261801587,-0.26018534384495773,0.6307984358963741,0.578161760459801,0.3593384936464651,0.06092780169199973,0.09000117304571391,0.09000117304571391,0.0,0.588701417103076,0.294350708551538,-0.02107191119530752,0.0058381124355915475,0.2713670172709365,0.4424983516177342,0,2.0229030368629073
3.9977600000000706,0.19333434395526883,0.09666717197763441,0.9762560355574302,0.6115619599883734,0.3057809799941867,0.023016564510271915,0.8497940832471466,-0.5690815035919919,1.1806655630066492,0.8124301466740474,0.19252922597623584,0.0667508835494012,0.41808436817375194,-0.4142368290336226,0.9058751995333675,0.6968117816166381,0.2767614788884474,0.06359254103899276,0.09000117304571391,0.09000117304571391,0.0,0.5815816015808104,0.2907908007904052,-0.02098190679352832,0.005762874351488617,0.27240334715081876,0.4428502752605885,0,2.0200531593900872
4.00192000000007,0.19589190044658297,0.09794595022329149,0.976351546721601,0.6138135579153963,0.30690677895769813,0.022922679400980528,0.3295690158786516,0.21138231004043007,0.769592952482157,0.7298632127518497,0.3341622868447671,-0.020387555699454246,0.37534195896436995,-0.10072844800441365,0.8376914032968884,0.7143970297447023,0.30575349133822916,0.021277798271289547,0.09000117304571391,0.09000117304571391,0.0,0.5745136325755029,0.28725681628775146,-0.020892298021269365,0.005688236763542756,0.2734258553733411,0.4431963428940257,0,2.0171928001396555
4.00608000000007,0.19845871218369676,0.09922935609184838,0.9764466683233263,0.6160348169073062,0.3080174084536531,0.022829184414068178,0.17151914713951677,-0.19355694942656657,1.2554803253947469,0.645858943385221,0.40212127012549026,-0.019034660952320454,0.27477152095707746,-0.1463094017834048,1.0465493236991268,0.6806005393496436,0.35511120759777715,0.0010628791249871876,0.09000117304571391,0.09000117304571391,0.0,0.5674971834346605,0.28374859171733025,-0.020803083552009632,0.005614207384505189,0.2744346448884897,0.44353665196204256,0,2.0143221003768494
4.01024000000007,0.20103465369103077,0.10051732684551538,0.976541401981677,0.6182259617601606,0.3091129808800803,0.02273607800417962,0.5214281067514919,0.529765940813286,0.21381501199673758,0.7233890758491069,0.24469525106109086,-0.043755685507098574,0.3996032164457316,0.19224089383332993,0.6300841558527926,0.703411311815402,0.3004226314806068,-0.020778841576375273,0.09000117304571391,0.09000117304571391,0.0,0.5605319293214259,0.28026596466071296,-0.02071426205154682,0.0055407933426217144,0.27542981801034494,0.4438712982871676,0,2.011441200320475
4.0144000000000695,0.20361960042395844,0.10180980021197922,0.9766357493092976,0.6203872159026375,0.31019360795131873,0.022643358628943448,0.048503642965438604,-0.42960871914081594,0.8182944592680645,0.6161976075916699,0.23204381954176734,0.17026595712827855,0.22532888549603397,-0.11820599744033075,0.7245454733561164,0.6616182211132329,0.26641925785581033,0.07439447614564482,0.09000117304571391,0.09000117304571391,0.0,0.5536175472070373,0.27680877360351863,-0.020625832178462103,0.005468001202688375,0.27641147641966757,0.44420037609744256,0,2.008550239149263
4.018560000000069,0.20621342876313492,0.10310671438156746,0.9767297119124186,0.6225188014023596,0.3112594007011798,0.02255102474903802,0.2957212247010075,0.19465297636782702,0.29486189616451863,0.6555448997607138,0.29478171017566107,0.09885647995140644,0.2618878527372322,0.038839342246903164,0.5099055957670322,0.6591633968090128,0.2803456617442345,0.08696092640587863,0.09000117304571391,0.09000117304571391,0.0,0.5467537158634748,0.2733768579317374,-0.02053779258437187,0.005395836986483448,0.2773797211665282,0.4445239780529545,0,2.0056493550082015
4.022720000000069,0.2088160160088525,0.10440800800442625,0.9768232913908697,0.6246209389722168,0.3123104694861084,0.022459074828255873,0.60154768411243,0.13524011072517877,1.2004107389372443,0.656077322767551,0.297778907155817,-0.010842558464237238,0.43308190172272315,0.08766072414938499,0.8551402673302642,0.6589982530204214,0.2886035839242568,0.03815180865575587,0.09000117304571391,0.09000117304571391,0.0,0.5399401158576846,0.2699700579288423,-0.02045014191396602,0.005324306192592598,0.27833465267297786,0.44484219527192675,0,2.002738685014835
4.026880000000069,0.21142724037542204,0.10571362018771102,0.9769164893380928,0.6266938479766908,0.3133469239883454,0.0223675073335676,0.39526397654754364,0.6092540342885165,0.6224480822501776,0.6975134283672162,0.2522119971470025,0.03760000074057007,0.4156228368453919,0.34898312434713497,0.7388699142981859,0.6785636538042218,0.27161140812503254,0.038279429344511354,0.09000117304571391,0.09000117304571391,0.0,0.5331764295431045,0.26658821477155226,-0.02036287880579589,0.005253413815643709,0.27927637073575656,0.4451551173563753,0,1.9998183652655375
4.031040000000068,0.2140469809855811,0.10702349049279054,0.9770093073411561,0.6287377464381727,0.31436887321908635,0.02227632073518205,0.3112722902763882,0.3254686731417914,0.9772298594286483,0.9175524343584607,0.45249041241851995,-0.08092840882724822,0.3653526271730865,0.33816566261256203,0.8578821287135263,0.7993355067989363,0.36263484136701024,-0.02078922139200327,0.09000117304571391,0.09000117304571391,0.0,0.5264623410533,0.26323117052665,-0.02027600189199366,0.005183164364967044,0.28020497452903614,0.44546283241733864,0,1.9968885308417519
4.035200000000068,0.21667511786492807,0.10833755893246404,0.9771017469807669,0.63075285104328,0.31537642552164,0.022185513506607312,0.18390717211317847,-0.008846171569226055,1.1614218865329726,0.5744517629806012,0.36314482863931663,0.01494505985313416,0.27582157747782865,0.16541205211598511,1.0096849506864196,0.6878194278686767,0.36317631790593435,-0.0027963484936098194,0.09000117304571391,0.09000117304571391,0.0,0.5197975362952543,0.25989876814762713,-0.02018950979884733,0.005113561882696506,0.2811205626071954,0.44576542709968753,0,1.9939493158162065
4.039360000000068,0.21931153193638298,0.10965576596819149,0.9771938098312866,0.6327393771491729,0.31636968857458647,0.02209508412470888,-0.15824825206893328,-0.006377276624445122,0.9483950690778813,0.6097923617336412,0.5010205921768499,0.03215666177601709,0.0600494870368863,0.08055749667013572,0.9791071896512334,0.650007515119589,0.4324729720997801,0.014329926462974554,0.09000117304571391,0.09000117304571391,0.0,0.5131817029410282,0.2565908514705141,-0.020103401147377548,0.005044609961327013,0.28202323290762554,0.44606298660652216,0,1.9910008532590966
4.0435200000000675,0.22195610501467405,0.11097805250733703,0.9772854974607439,0.6346975387898607,0.31734876939493034,0.022005031069765056,0.09743494267281634,0.4383654296095827,1.0860261641739353,0.6764602813990124,0.34656773164579463,-0.04511256997453363,0.08014806493624568,0.26018328117574135,1.0324737929472672,0.6639194264927829,0.39026466234696905,-0.01548402350830901,0.09000117304571391,0.09000117304571391,0.0,0.5066145304222802,0.2533072652111401,-0.02001767455273798,0.004976311760742817,0.2829130827535613,0.44635559472316305,0,1.9880432752442392
4.047680000000067,0.22460871980085118,0.11230435990042559,0.9773768114308502,0.6366275486825116,0.3183137743412558,0.021915352825524474,0.07900479569416105,0.39384969116640395,0.9403387591056834,0.6100341288182538,0.3712073136631322,0.19705100694374592,0.08084199547551117,0.327789815959731,0.9868158097590423,0.6385574063362711,0.3805958157685956,0.09061694293659915,0.09000117304571391,0.09000117304571391,0.0,0.5000957099216599,0.25004785496082993,-0.019932328625541354,0.0049086700247310735,0.2837902088569385,0.446643333840743,0,1.9850767128551987
4.051840000000067,0.22726925987682514,0.11363462993841257,0.9774677532970137,0.6385296182337513,0.31926480911687566,0.02182604787925769,0.21444018724051395,0.12738899302067133,0.8757420143648061,0.7186906759691647,0.12533052369373376,-0.024900755865379154,0.14913632588229375,0.22784704966769348,0.9312260524494412,0.6788862650339428,0.2537663282307003,0.03300470138108132,0.09000117304571391,0.09000117304571391,0.0,0.4936249343665271,0.24681246718326355,-0.01984736197136895,0.004841687096994694,0.28465470732127307,0.44692628497940645,0,1.9821012961913824
4.056000000000067,0.22993760969993332,0.11496880484996666,0.9775583246083546,0.6404039575459602,0.3202019787729801,0.02173711472181046,0.11863171951685249,0.4095435961124656,0.9044228738740585,0.6392250789086397,0.3826050864317352,-0.02054999481994925,0.13521211478818956,0.31949185853149337,0.9177828182792704,0.6596659944599694,0.3184386634113317,0.00561239276793351,0.09000117304571391,0.09000117304571391,0.0,0.4872018984211477,0.24360094921057385,-0.01976277319124231,0.004775364936678277,0.28550667364456095,0.4472045278111225,0,1.9791171543741077
4.060160000000066,0.2326136545975315,0.11630682729876575,0.9776485269077198,0.6422507754235627,0.32112538771178134,0.021648551847654674,0.3710747051213401,0.24798491411855295,0.690829402019709,0.7736643737448048,0.059413654743977584,0.09223983318421329,0.25475274783341906,0.2838602145440401,0.8044968732487869,0.7173848881440288,0.18954382170962386,0.048682538371603065,0.09000117304571391,0.09000117304571391,0.0,0.4808262984802538,0.2404131492401269,-0.01967856088198905,0.004709705133420164,0.28634620272219635,0.44747814068211883,0,1.9761244155526398
4.064320000000066,0.23529728076161197,0.11764864038080598,0.9777383617316987,0.6440702793793125,0.32203513968965625,0.021560357754937396,-0.3093645546146103,0.28394204762625574,1.084638943637765,0.5637142877932476,0.3309526407371756,0.07792991385559997,-0.026138554338616227,0.28458881748088605,0.9447316372866854,0.6411426071380508,0.2605690541012492,0.06345985702052127,0.09000117304571391,0.09000117304571391,0.0,0.4744978326611873,0.23724891633059364,-0.01959472363639561,0.0046447089219439144,0.2871733888499073,0.4477472006349418,0,1.9731232069101994
4.068480000000066,0.23798837524344768,0.11899418762172384,0.9778278306106384,0.6458626756405699,0.32293133782028494,0.021472530945528902,1.0541855827577566,0.4077762412364785,1.7540339672727479,0.7701675994133396,0.3025472222553236,0.13700122663341516,0.5156319198400232,0.34681186022707916,1.349672646126024,0.7061662044941668,0.2819500027868132,0.10059983080052687,0.09000117304571391,0.09000117304571391,0.0,0.4682162007970869,0.23410810039854346,-0.01951126004314617,0.0045803771962014276,0.2879883257267052,0.44801178343014975,0,1.9701136546699436
4.0726400000000655,0.24068682594826257,0.12034341297413129,0.9779169350686595,0.6476281691555731,0.32381408457778654,0.021385069925070596,0.25814692562330055,0.5590534176682032,1.1517517589964845,0.7786048713286706,0.26228479519111036,0.03659831179763598,0.3885039856329412,0.45347860765494946,1.2507873575126938,0.7438767006960613,0.2726289168734265,0.06840290905600852,0.09000117304571391,0.09000117304571391,0.0,0.46198110442919305,0.23099055221459652,-0.01942816868783194,0.004516710523080532,0.2887911064578482,0.4482719635676455,0,1.967095884100915
4.076800000000065,0.243392521629928,0.121696260814964,0.9780056766236721,0.6493669635997001,0.32468348179985007,0.021297973203018395,0.2345494011924047,-0.48206228450110555,0.5702888365364445,0.7538934298813444,0.32361328542439977,-0.10549342361534074,0.31309282696112933,-0.013626376271194755,0.9103150147834029,0.7493006108496943,0.2986456188377969,-0.01906439145396978,0.09000117304571391,0.09000117304571391,0.0,0.45579224680019537,0.22789612340009768,-0.019345448152357406,0.004453709155688577,0.2895818235578163,0.44852781430765326,0,1.9640700195239633
4.080960000000065,0.2461053518856852,0.1230526759428426,0.9780940567873916,0.6510792613817259,0.32553963069086295,0.021211239292688172,0.09808879053692915,-0.36095872443707405,0.9174624920171915,0.6477219386697768,0.24848875439193696,0.05434264286423966,0.2069355652970654,-0.18677816282920245,0.9140007813022085,0.6989898330511247,0.27358549325583764,0.01814085972797458,0.09000117304571391,0.09000117304571391,0.0,0.4496493328463802,0.2248246664231901,-0.0192630970155223,0.004391373046223994,0.29036056895329576,0.44877940769134733,0,1.9610361843176376
4.085120000000065,0.24882520715089382,0.12441260357544691,0.9781820770653553,0.6527652636500676,0.3263826318250338,0.021124866711298502,0.1478499282495736,-0.4292532798862462,1.2516695295950988,0.7622195295568801,0.32070836694538246,-0.0007025344203747917,0.17897567323336644,-0.3073507720168417,1.08283696621026,0.7315885267071659,0.29734490974464856,0.008283200474844472,0.09000117304571391,0.09000117304571391,0.0,0.44355206919113943,0.22177603459556972,-0.019181113853498244,0.004329701858447124,0.291127433986173,0.44902681456113674,0,1.95799450092405
4.089280000000064,0.2515519786938064,0.1257759893469032,0.9782697389569387,0.6544251702990258,0.3272125851495129,0.021038853980010985,0.24055044238436896,-0.021807126702979573,0.9337272653398876,0.7286085786861638,0.24368820627310853,0.105289976679732,0.21127793558333494,-0.1640710934486521,1.0085008984831785,0.7305977220751922,0.27100397941037785,0.056383202255018285,0.09000117304571391,0.09000117304571391,0.0,0.4375001641366376,0.2187500820683188,-0.019099497239450064,0.004268694979761425,0.2918825094165359,0.44927010458061284,0,1.9549450908547095
4.093440000000064,0.25428555861036894,0.12714277930518447,0.9783570439553719,0.6560591799750111,0.32802958998750553,0.020953199623971883,0.17847521198658173,0.1663889844312778,0.8917576240723368,0.5533980388265979,0.2217406533543344,0.05792681516959258,0.19602619549111505,0.0016211515307325997,0.9502486019548616,0.6425864980547084,0.24701039287034038,0.05731286637919119,0.09000117304571391,0.09000117304571391,0.0,0.4314933276576969,0.21574666382884844,-0.019018245744226614,0.004208351532915839,0.29262588542568047,0.44950934625416483,0,1.9518880746963283
4.097600000000064,0.25702583981904714,0.12851291990952357,0.9784439935477567,0.6576674900827668,0.3288337450413834,0.020867902172350464,0.25769303125413445,-0.31144713133093554,1.0425857056695034,0.36718484944964264,0.2181587701321604,0.18674294557700843,0.22762097989011493,-0.15446218379705146,0.996806067624447,0.5062490617478196,0.2329552768730591,0.12209281010257354,0.09000117304571391,0.09000117304571391,0.0,0.4255312713933046,0.2127656356966523,-0.018937357936303897,0.004148670387338896,0.2933576516191232,0.44974460694626894,0,1.9488235721165963
4.101760000000064,0.2597727160556787,0.12988635802783935,0.9785305892150833,0.6592502967915764,0.3296251483957882,0.020782960158377287,0.11452523601758793,0.32644226437810375,0.8566842629187916,0.710274152791851,0.48414244931538375,0.09696926041762137,0.17254847681524876,0.08699865292855086,0.9269456546162675,0.6088204187073812,0.35937650814753064,0.10964005908217019,0.09000117304571391,0.09000117304571391,0.0,0.4196137086407681,0.20980685432038404,-0.018856832382370556,0.004089650170114763,0.2940778970296164,0.44997595290045644,0,1.9457517018699326
4.105920000000063,0.26252608186835147,0.13126304093417573,0.9786168324322474,0.6608077950414674,0.3304038975207337,0.0206983721193797,0.06598474311081079,0.16829946342945565,1.0646046483798137,0.5889818649662676,0.3676311142577132,0.17929918264700156,0.12049011679070401,0.12841402712610608,0.9961472774177323,0.5992931534180325,0.3636292481211438,0.14531837475821166,0.09000117304571391,0.09000117304571391,0.0,0.41374035434663603,0.20687017717331802,-0.018776667646844006,0.004031289276611298,0.2947867101201671,0.45020344925796624,0,1.9426725818031996
4.110080000000063,0.26528583261230726,0.13264291630615363,0.9787027246680675,0.662340178549396,0.331170089274698,0.020614136596819016,0.4472653027357361,-0.07390214543724771,0.5616977069745613,0.7023615727640269,0.3389552059942164,0.04831157604076272,0.28533848866890005,0.027957948137697697,0.7790181930221409,0.6519744531606918,0.3520602434773738,0.09766062464185421,0.09000117304571391,0.09000117304571391,0.0,0.40791092510122784,0.20395546255061392,-0.018696862292777075,0.003973585880769694,0.29548417878705646,0.4504271600760871,0,1.9395863288613977
4.114240000000063,0.26805186444487156,0.13402593222243578,0.9787882673853022,0.6638476398154303,0.33192381990771513,0.020530252136323576,0.37972945458043583,0.16694847327919488,1.1149824863783537,0.5866334188795692,0.3475468183279776,-0.14266797508594747,0.33375317453677633,0.09817521041473652,0.9467049400776952,0.6200957396239108,0.3506982463046329,-0.022004913946959526,0.09000117304571391,0.09000117304571391,0.0,0.40212513913003867,0.20106256956501933,-0.01861741488158944,0.00391653794506543,0.2961703903628608,0.4506471483461944,0,1.9364930590933251
4.1184000000000625,0.2708240743204087,0.13541203716020436,0.9788734620406677,0.6653303701289153,0.33266518506445764,0.02044671728772264,0.30655941264897146,0.46396108657542035,0.7254398217706772,0.43958357980025153,0.36504082388629727,-0.08805222362024125,0.3210695822567145,0.2818275143890289,0.8358877031957103,0.5302561231128115,0.3590553123143646,-0.055032340212743884,0.09000117304571391,0.09000117304571391,0.0,0.39638271628672195,0.19819135814336097,-0.01853832397344042,0.00386014323014958,0.2968454316194725,0.45086347601148713,0,1.9333928876572104
4.122560000000062,0.273602359985303,0.1368011799926515,0.9789583100848556,0.6667885595746283,0.3333942797873142,0.02036353060507834,-0.47052407654352124,-0.27562133909698233,1.1626961744252275,0.7807305721749216,0.4574125092189144,0.1039704429073231,-0.07311004220888949,0.004049850320440444,0.9995100080763898,0.656031611374098,0.4085840563666,0.02468634482817301,0.09000117304571391,0.09000117304571391,0.0,0.39068337804625775,0.19534168902312887,-0.018459588127495846,0.003804399304179439,0.2975093887711189,0.4510762039844294,0,1.9302859288263174
4.126720000000062,0.2763866199729652,0.1381933099864826,0.9790428129625502,0.6682223970389245,0.33411119851946225,0.02028069064671624,0.6087319340070956,-0.20084115897444071,1.0171007834298988,0.5006082518065075,0.236113044909183,0.07584353565502717,0.26885434374594086,-0.09790749603253285,1.0084650188267519,0.5795915584006662,0.32308865399754033,0.04942133775602497,0.09000117304571391,0.09000117304571391,0.0,0.3850268474971379,0.19251342374856895,-0.018381205901767103,0.0037493035518473376,0.29816234747738,0.4512853921639019,0,1.9271722959945219
4.130880000000062,0.2791767535988647,0.13958837679943234,0.9791269721124471,0.6696320702158673,0.3348160351079337,0.020198195975256267,0.17946141091071327,0.4437203646200487,1.3015596479547347,0.5758617026522336,0.35509402717540317,-0.05341768300814623,0.22535356308462298,0.17364739357352343,1.1549029322291868,0.5784309577715198,0.3397701553864376,-0.0018257695571928586,0.09000117304571391,0.09000117304571391,0.0,0.37941284933405495,0.18970642466702747,-0.018303175853592188,0.003694853183116192,0.2988043928462041,0.451491099452068,0,1.9240521016818573
4.135040000000061,0.281972660955587,0.1409863304777935,0.9792107889672707,0.6710177656133476,0.3355088828066738,0.020116045157641267,-0.009828869546794128,0.23354175174484976,1.6082110051148382,0.6141358023046894,0.3146557055921052,-0.007051385327576987,0.10903734653636997,0.20424802578285745,1.3815434489710479,0.5966365006588099,0.32790727746789716,-0.003464527049214967,0.09000117304571391,0.09000117304571391,0.0,0.37384110985099706,0.18692055492549853,-0.018225496539796673,0.0036410452416700016,0.2994356094369186,0.451693383770959,0,1.9209254575400359
4.139200000000061,0.2847742429079169,0.14238712145395846,0.9792942649537921,0.6723796685591902,0.3361898342795951,0.020034236765164658,0.06481328197737504,0.07200027197802267,1.5720864160025354,0.5296788439208706,0.40736792056742677,0.008347252963331407,0.08802483519213435,0.13897014521613105,1.4768342673386965,0.5640689049724643,0.367820848211791,0.0021331178276931977,0.09000117304571391,0.09000117304571391,0.0,0.3683113569334606,0.1841556784667303,-0.018148166516640946,0.0035878766130873303,0.30005608126323813,0.45189230207878367,0,1.9177924743579375
4.143360000000061,0.2875814010879471,0.14379070054397355,0.9793774014928484,0.6737179632072466,0.3368589816036233,0.019952769373497894,0.3391001107832682,0.4606494481699346,0.9746586563734336,0.816774945765741,0.13107077897035488,0.05339988415797125,0.2152613982008528,0.30008458585786685,1.225854006458968,0.6912230792052262,0.24950192423058445,0.027768814825094978,0.09000117304571391,0.09000117304571391,0.0,0.36282332005138485,0.18141166002569242,-0.018071184340302526,0.0035353440327458704,0.30066589179626757,0.45208791038596613,0,1.9146532620670733
4.1475200000000605,0.29039403789021156,0.14519701894510578,0.9794601999993596,0.6750328325434746,0.3375164162717373,0.019871641562715706,0.3372642002380816,-0.08890505043695687,0.9729493575429905,0.4977251131765609,0.46772903500507446,-0.05141426542910359,0.2772970639082475,0.10655852619015516,1.0992927416735394,0.5953725516156322,0.3592661999299589,-0.011706846845741027,0.09000117304571391,0.09000117304571391,0.0,0.3573767302519566,0.1786883651259783,-0.01799454856661005,0.0034834440934655053,0.30126512396749977,0.45228026377091707,0,1.9115079297470192
4.15168000000006,0.2932120564668449,0.14660602823342245,0.9795426618823485,0.6763244583920041,0.33816222919600203,0.019790851917322112,0.1062051772838162,-0.20018933171043507,0.5284642154913102,0.6418168795943662,0.27655292478232696,0.08770440669268659,0.19308233020547214,-0.04624345611286962,0.8140570597414328,0.619819612138041,0.31845768324980767,0.037918893244536865,0.09000117304571391,0.09000117304571391,0.0,0.35197132015163946,0.17598566007581973,-0.017918257751740108,0.0034321732528974198,0.3018538601718076,0.45246941639554245,0,1.9083565856308224
4.15584000000006,0.2960353607227665,0.14801768036138324,0.9796247885449579,0.6775930214211875,0.33879651071059375,0.019710399026273213,0.8153807652462666,0.4019216842718709,1.0652855220675697,0.556724198387113,0.27305909369716264,-0.01602770120991148,0.5053938104853329,0.17840985580450897,0.9396393623269057,0.5883057027501523,0.29592923599322024,0.01111704951505637,0.09000117304571391,0.09000117304571391,0.0,0.34660682393031594,0.17330341196515797,-0.017842310451630997,0.0033815278406666765,0.30243218227042934,0.45265542152049404,0,1.905199337110379
4.16000000000006,0.29886385531089,0.149431927655445,0.9797065813844704,0.6788387011496406,0.3394193505748203,0.01963028148300216,0.3395172916005943,-0.44866937445678134,0.753124852667368,0.5903679843806787,0.17953153183945908,0.19096829117749503,0.4236805183508511,-0.13476217072921987,0.8467771674210682,0.5902119298880892,0.23843205817692678,0.10143671432965726,0.09000117304571391,0.09000117304571391,0.0,0.34128297732209156,0.17064148866104578,-0.017766705223107915,0.0033315040652751263,0.3030001715939483,0.45283833152016645,0,1.9020362907417845
4.164160000000059,0.30169744562735773,0.15084872281367886,0.9797880417923264,0.6800616759522616,0.3400308379761308,0.01955049788543913,-0.3241223387745608,0.07923291506558339,1.3493616103604675,0.6120269699232362,0.3448926644907621,0.12831842402264393,0.05104689528571594,-0.027047501230526846,1.0983400274414243,0.6010988415091003,0.29249101787918386,0.11476855673841425,0.09000117304571391,0.09000117304571391,0.0,0.3359995176092798,0.1679997588046399,-0.01769144062308381,0.0032820980207715457,0.303557908945264,0.4530181978974443,0,1.898867552250654
4.168320000000059,0.3045360378068004,0.1522680189034002,0.9798691711541432,0.6812621230662403,0.34063106153312017,0.019471046836034345,1.071552782583427,0.5622539610480255,0.9215780825634641,0.5156436133689484,0.3858672914408849,0.09986583250119441,0.5623778099815269,0.26840887837070987,1.0101671856419636,0.5591910588058367,0.3396866661660596,0.10652500476894604,0.09000117304571391,0.09000117304571391,0.0,0.3307561836149726,0.1653780918074863,-0.017616515209364025,0.0032333056931958953,0.3041054746025559,0.45319507129820424,0,1.8956932265374191
4.172480000000059,0.3073795387176214,0.1536897693588107,0.9799499708497339,0.6824402185970518,0.3412201092985259,0.019391926941777462,0.30962022289529256,0.24531800236528567,0.7488123367000482,0.6934572963965988,0.18706653631776374,0.05053431479497243,0.4374377784112617,0.25725128927840973,0.8795940804320925,0.6272004949508093,0.26390685561244853,0.07803404471461341,0.09000117304571391,0.09000117304571391,0.0,0.32555271569537214,0.16277635784768607,-0.017541927540275185,0.0031851229668040703,0.30464294832223965,0.4533690015255755,0,1.892513417682591
4.1766400000000585,0.31022785595730656,0.15511392797865328,0.9800304422531265,0.6835961375244333,0.34179806876221663,0.019313136814218167,0.5369980376611447,0.1251600992821113,0.5594868884121396,0.4645315530122235,0.2036582628418663,0.0964401095213683,0.48818277727080456,0.19162697335498524,0.7197390939644026,0.5468571229090468,0.23445952805071185,0.08711238778015189,0.09000117304571391,0.09000117304571391,0.0,0.3203888557325252,0.1601944278662626,-0.017467676175363697,0.0031375456300794993,0.3051704093419143,0.4535400375539634,0,1.8893282289520017
4.180800000000058,0.313080897847758,0.156540448923879,0.9801105867325827,0.6847300537083452,0.3423650268541726,0.01923467506948369,0.5996661552551883,0.27412217087508195,0.35325534156061333,0.8275523867398564,0.47945923535160107,-0.1719282920436891,0.5456467134136073,0.23387173040142656,0.5361364952256906,0.6870991976401762,0.35727078187173344,-0.042125843534702265,0.09000117304571391,0.09000117304571391,0.0,0.3152643471275667,0.15763217356378334,-0.017393759674811146,0.0030905693815379068,0.3056879363833007,0.45370822754283885,0,1.8861377628020124
4.184960000000058,0.3159385734306535,0.15796928671532676,0.9801904056506172,0.6858421398949187,0.34292106994745936,0.019156540328298378,0.25902610238716084,-0.06995869690586981,1.0953007625389921,0.5998649231232925,0.35000937116354053,0.12340926955714342,0.4035804309930081,0.08268283191254987,0.8159783194275185,0.644292017255731,0.35343286236258037,0.041068628311154806,0.09000117304571391,0.09000117304571391,0.0,0.3101789347926571,0.15508946739632856,-0.017320176600454096,0.0030441898353310106,0.3061956076551712,0.4538736188502994,0,1.8829421208846981
4.189120000000058,0.3188007924628301,0.15940039623141505,0.9802699003640172,0.686932567722384,0.343466283861192,0.019078731215998776,0.19403499244749242,0.3255435958743823,1.1140305121078171,0.43332903138551787,0.1731117630862627,-0.006178684721045449,0.29970897153452086,0.20447449031279388,0.9649929724570041,0.5381439589836945,0.26351966559873347,0.017773734896563354,0.09000117304571391,0.09000117304571391,0.0,0.3051323651446034,0.1525661825723017,-0.017246925515093367,0.0029984025266553407,0.30669350085626873,0.45403625804640385,0,1.8797414040530032
4.193280000000057,0.32166746541169255,0.16083373270584628,0.9803490722238611,0.6880015077269857,0.3440007538634928,0.01900124636255134,0.6056658623312077,0.13114003559504384,1.2811023328540911,0.5038224358411095,0.21210287497893712,-0.05035780253475797,0.4537372036654596,0.16824660061168745,1.1229458994946915,0.5211249312930458,0.23844781918399854,-0.016661588474382334,0.09000117304571391,0.09000117304571391,0.0,0.3001243860967462,0.1500621930483731,-0.01717400498308612,0.002953202916971603,0.30718169317821786,0.4541961909262851,0,1.8765357123658688
4.197440000000057,0.3245385034506462,0.1622692517253231,0.9804279225755385,0.689049129348878,0.344524564674439,0.01892408440256738,0.25902471506511426,0.8188974694104566,1.1557716524046664,0.9573403758442007,0.3975285290982377,0.12009892378496309,0.3583701434469011,0.4944014124871305,1.1396078805102996,0.7395382172645332,0.3189508312051058,0.05215584620751575,0.09000117304571391,0.09000117304571391,0.0,0.2951547470523188,0.1475773735261594,-0.017101413570189974,0.002908586399040289,0.3076602613084242,0.45435346252304515,0,1.8733251450933335
4.201600000000057,0.3274138184545546,0.1637069092272773,0.9805064527587689,0.6900756009380065,0.34503780046900323,0.0188472439753184,0.6365691240174666,0.8210088290305438,1.186718070462192,0.6852537161559494,0.35510164731781074,0.1353398209843232,0.4988958996724183,0.6584438021759756,1.1634444081304067,0.7128747653335543,0.3380842223143408,0.09393479594148833,0.09000117304571391,0.09000117304571391,0.0,0.29022319889724724,0.14511159944862362,-0.017029149844048963,0.0028645483017788395,0.30812928143296425,0.4545081171204351,0,1.8701098007216084
4.205760000000057,0.33029332299522113,0.16514666149761056,0.980584664107622,0.691081089759972,0.345540544879986,0.01877072372474916,0.7427361058176668,0.19746188878768806,0.746515223395176,0.835314642007003,0.25335549198949825,0.025759050955315974,0.6225540303899808,0.42847568901619243,0.9550309191892307,0.7746200036441517,0.2961593787332456,0.05963836806330064,0.09000117304571391,0.09000117304571391,0.0,0.2853294939919637,0.14266474699598186,-0.01695721237393122,0.0028210838949457384,0.30858882923946496,0.45466019826532444,0,1.86688977695812
4.209920000000056,0.3331769303368956,0.1665884651684478,0.9806625579505366,0.6920657620018741,0.34603288100093704,0.018694522299491544,-0.01666187193235097,-0.16240722238629604,0.936477567746976,0.4594444868265205,0.36455475561688194,0.1265092446622959,0.30389798884499314,0.13378824265366454,0.946016529234346,0.6166911303138534,0.3304100284019411,0.09341570775201681,0.09000117304571391,0.09000117304571391,0.0,0.28047338616575956,0.14023669308287978,-0.016885599731001122,0.0027781883936564707,0.30903897991997165,0.4548097487799629,0,1.8636651707365337
4.214080000000056,0.33606455443180455,0.16803227721590228,0.9807401356103402,0.6930297827781436,0.3465148913890718,0.018618638352877078,0.4450106717024821,0.4028771334009511,1.1625603722873636,0.6093442311524656,0.09383820337723425,0.17094843535286805,0.37571984030588046,0.26853098997905495,1.0546454871041493,0.6144104951478289,0.21154384545256932,0.13219955981339232,0.09000117304571391,0.09000117304571391,0.0,0.27565463070812446,0.13782731535406223,-0.01681431048837792,0.002735856962736596,0.30947980817380605,0.4549568107740377,0,1.8604360782217417
4.218240000000056,0.338956109915706,0.169478054957853,0.9808173984042692,0.6939733161363514,0.3469866580681757,0.01854307054294889,1.0740177645518056,0.201047202165463,0.8798775884110989,0.8126889514886598,0.2225309647468624,0.05324555198375476,0.7265627805669345,0.23525167245864542,0.9673709094315902,0.7141513313088445,0.21694501864355453,0.09280194002372742,0.09000117304571391,0.09000117304571391,0.0,0.27087298436251617,0.13543649218125808,-0.016743343221408483,0.0026940847209164466,0.3099113882104124,0.4551014256565311,0,1.8572025948148296
4.222400000000055,0.34185151210346854,0.17092575605173427,0.9808943476439879,0.6948965250630033,0.34744826253150163,0.018467817532472355,0.23039694971414099,-0.07072305285960134,1.2432290096951601,0.5925799297468931,0.3971033180447247,0.08675918157537885,0.4797067425851066,0.08308801422725454,1.1054819848493553,0.6544310821922789,0.3070693115964939,0.0899548180523731,0.09000117304571391,0.09000117304571391,0.0,0.2661282053182903,0.13306410265914514,-0.01667269650761953,0.0026528667448723906,0.3103337937521929,0.45524363414737984,0,1.8539648151580146
4.226560000000055,0.344750676984674,0.172375338492337,0.9809709846356085,0.6957995714893139,0.34789978574465696,0.018392877988945632,0.6154361527912463,-0.07538455978305719,0.6797270973984706,0.7044567555218892,0.30168744566017813,-0.06279803044359776,0.549035885290099,0.004477418291247671,0.8924698821545789,0.6802878128611602,0.30471585076655605,0.014098664106009576,0.09000117304571391,0.09000117304571391,0.0,0.2614200532050661,0.13071002660253306,-0.016602368926669497,0.0026121980731192295,0.3107470980373307,0.4553834762889408,0,1.8507228331395567
4.230720000000055,0.3476535212192447,0.17382676060962235,0.9810473106797111,0.6966826162969688,0.3483413081484844,0.01831825058461016,-0.260473385050559,0.025328699942433197,0.9926745687559555,0.6412673006004198,0.39022905770168403,-0.0021703254962515753,0.14560833531986828,0.015715608271904595,0.9425690928943641,0.6612933900673288,0.3471120434100494,0.005638013903587072,0.09000117304571391,0.09000117304571391,0.0,0.25674828908332437,0.12837414454166218,-0.0165323590608355,0.002572073709758093,0.311151373822603,0.45552099145726627,0,1.8474767418986424
4.234880000000055,0.3505599621330941,0.17527998106654705,0.981123327071363,0.6975458193238582,0.3487729096619291,0.018243933996458916,0.6974758185487885,0.7523642997700811,0.717056262137568,0.6288619028561793,0.44878553623191786,-0.09332533496754163,0.4228522412862435,0.38497725324285054,0.8296171531730775,0.6459028123141083,0.39857521905398596,-0.04391794509055238,0.09000117304571391,0.09000117304571391,0.0,0.2521126754392584,0.1260563377196292,-0.016462665494752032,0.0025324886280841613,0.31154669338618035,0.45565621837319076,0,1.844226633830243
4.239040000000054,0.3534699177138016,0.1767349588569008,0.981199035100139,0.6983893393698013,0.34919466968490065,0.018169926906245505,0.7522937237118761,0.44413155173758945,0.6266419071956193,0.5314516782497966,0.39864561514660246,0.030871725273391264,0.5886796119291161,0.4153832538373087,0.728192508252209,0.5892038027068356,0.3989632797156686,-0.006617376930713841,0.09000117304571391,0.09000117304571391,0.0,0.24751297617682244,0.12375648808841122,-0.016393286815791136,0.00249343777405861,0.31193312853041555,0.4557891951132343,0,1.8409726005899463
4.243200000000054,0.35638330660631096,0.17819165330315548,0.981274436050141,0.6992133342022487,0.34960666710112437,0.0180962280004914,-0.07560215988632496,0.3315324593897224,1.107011647679682,0.6535882659261609,0.35713737718490546,-0.06774215617061617,0.25789287470021466,0.3742004274005155,0.9174644817666967,0.6217032979729658,0.3778980870805172,-0.03749067478886746,0.09000117304571391,0.09000117304571391,0.0,0.24294895661039573,0.12147447830519786,-0.016324221613908257,0.0024549160696487023,0.3123107505846203,0.45591995912032346,0,1.8377147330987595
4.247360000000054,0.35930004810865246,0.17965002405432623,0.981349531200018,0.7000179605619652,0.3500089802809826,0.018022835970493624,0.3485595111126649,0.6257881071434502,1.3716480433076041,0.5428606007758807,0.28495618538615186,-0.0063072723502097805,0.3043544088146275,0.5005879037360889,1.1445449392637268,0.5830336282184648,0.33182957640819505,-0.021236223787345812,0.09000117304571391,0.09000117304571391,0.0,0.23842038345795968,0.11921019172897984,-0.016255468481808533,0.0024169184160400636,0.3126796304078295,0.4560485472143347,0,1.8344531215478899
4.2515200000000535,0.3622200621676887,0.18111003108384435,0.981424321822986,0.7008033741686938,0.3504016870843469,0.01794974951233149,0.5343061794275765,0.008043427346595439,1.1388443694685382,0.8560095972076305,0.3319323596673764,-0.04699034433064712,0.4211107946792076,0.2550013880070224,1.1415966980789036,0.7202655848524443,0.332477491721217,-0.03402611946212509,0.09000117304571391,0.09000117304571391,0.0,0.2339270248340355,0.11696351241701775,-0.016187026015113556,0.002379439696725063,0.313039838391553,0.45617499560246155,0,1.8311878554034942
4.255680000000053,0.3651432693748837,0.18257163468744186,0.981498809186848,0.7015697297268024,0.3507848648634012,0.01787696732687243,0.7541417310833247,0.733580701036053,1.1356778981613798,0.5748436968840207,0.4981343559924184,0.12569651714346577,0.5888242014604099,0.4953289531311204,1.138899160766072,0.6475879673792054,0.4160383147269374,0.04560429006363001,0.09000117304571391,0.09000117304571391,0.0,0.22946865024292062,0.11473432512146031,-0.016118892812421307,0.002342474780471067,0.3133914444625165,0.45629933988941,0,1.8279190234114062
4.259840000000053,0.36806959096209585,0.18403479548104792,0.9815729945540137,0.7023171809309118,0.3511585904654559,0.01780448811977731,0.019868975051330007,-0.18792296637169473,0.9670715059072676,0.8276526757302264,0.20210770672658143,0.010209742162899198,0.30606404137188276,0.15412032442315005,1.053006030145578,0.7376372168606221,0.30825295562706156,0.02759038764872272,0.09000117304571391,0.09000117304571391,0.0,0.22504503057051095,0.11252251528525548,-0.01605106747525903,0.0023060185241722576,0.31373451808538855,0.4564216150874236,0,1.8246467136018365
4.264000000000053,0.37099894879739376,0.18549947439869688,0.9816468791815199,0.7030458804714993,0.35152294023574965,0.017732310601505756,0.4655133080460101,-0.10242718294188233,1.5085746572802239,0.7216251655498693,0.3760234628815536,0.04370687759351339,0.38729027213163897,0.02662593839741869,1.2808823869136763,0.7298618924348096,0.34259307838181663,0.03663508167143525,0.09000117304571391,0.09000117304571391,0.0,0.22065593807866546,0.11032796903933273,-0.01598354860824991,0.0022700657755884745,0.31406912826549627,0.4565418556261423,0,1.8213710132940442
4.268160000000052,0.37393126538089577,0.18696563269044789,0.9817204643210504,0.7037559800404899,0.35187799002024495,0.017660433487320545,0.40591823884541844,0.003550789194771975,1.0976537321468753,0.5080632674803082,0.45245898824101977,0.048535286258366526,0.3976604236816018,0.01602876346939031,1.1893675830104322,0.6193224772074568,0.39777883949795095,0.042654799002898494,0.09000117304571391,0.09000117304571391,0.0,0.21630114639698172,0.10815057319849086,-0.015916334819387243,0.002234611375974723,0.3143953435515279,0.4566600953622967,0,1.8180920091009851
4.272320000000052,0.37686646384063255,0.18843323192031627,0.9817937512189558,0.7044476303368219,0.35222381516841095,0.01758885549729063,-0.27598283739632495,-0.15604445951673732,0.8536458971049814,0.6848853261165054,0.33322029320875196,0.036299444358797034,0.062258482439021795,-0.06931535206831752,1.0215800266660302,0.6521662713588655,0.3652096531545211,0.03941308238065184,0.09000117304571391,0.09000117304571391,0.0,0.21198043051668636,0.10599021525834318,-0.015849424719773714,0.0021996501626045644,0.3147132320382232,0.45677636758924145,0,1.8148097869339346
4.276480000000052,0.37980446792843253,0.18990223396421627,0.9818667411162737,0.7051209810719969,0.35256049053599847,0.017517575356295046,0.4701740222105642,0.14220827039407194,1.036800878245751,0.6880698160180357,0.16481716626085424,0.013787712637127412,0.267648925039693,0.03679117521075229,1.0292190414241629,0.6707633652614438,0.26482379738694983,0.026696079658888445,0.09000117304571391,0.09000117304571391,0.0,0.20769356678311368,0.10384678339155684,-0.015782816923681137,0.0021651769711909484,0.31502286136905167,0.4568907050463299,0,1.811524432007082
4.2806400000000515,0.3827452020158309,0.19137260100791545,0.9819394352487488,0.7057761809756083,0.3528880904878042,0.017446591794026325,0.5721442789262353,0.03603043452646115,0.5183665008810563,0.5616761313488179,0.3729297940207866,-0.17956172426241168,0.4210672848660063,0.03718592229794916,0.7734152668221798,0.6160910471397623,0.3191393215454629,-0.07620493593720297,0.09000117304571391,0.09000117304571391,0.0,0.20344033288880037,0.10172016644440018,-0.01571651004925248,0.0021311866382071757,0.3153242987388771,0.45700313992813235,0,1.8082360288421016
4.284800000000051,0.3856885910900011,0.19284429554500054,0.982011834846853,0.7064133778008491,0.35320668890042456,0.0173759035449908,0.28360641513614615,0.39342187305725806,1.0728117268731832,1.017947942186474,0.44433119379280706,-0.00032170179663082443,0.3544517122898135,0.2162287320764818,0.9231125534028288,0.8177044182280719,0.38261886647300153,-0.03712890856895038,0.09000117304571391,0.09000117304571391,0.0,0.19922050786666579,0.09961025393333289,-0.015650502717599768,0.0020976740031116957,0.31561761089661067,0.45711370389350164,0,1.8049446612726967
4.288960000000051,0.3886345607497094,0.1943172803748547,0.9820839411358051,0.7070327183300013,0.3535163591650006,0.01730550934851245,0.4364791765692979,0.18296238310695778,0.8102505211909861,0.7320367938615773,0.4806457380515227,0.0217425725441071,0.39698823221735824,0.20059266111569435,0.8667251123656183,0.7750691058574639,0.43277659615538194,-0.007283848348340793,0.09000117304571391,0.09000117304571391,0.0,0.19503387208274092,0.09751693604137046,-0.015584793553719362,0.0020646339104792863,0.31590286414785096,0.4572224280744872,0,1.8016504124491182
4.293120000000051,0.39158303720129234,0.19579151860064617,0.9821557553355915,0.7076343483799031,0.35381717418995157,0.017235407948732722,1.091471019921701,0.07162422526672503,1.1557439278557458,0.6685087786583116,0.35984003030671247,0.060660600485934094,0.7456246380797842,0.13685628635499905,1.011362271239371,0.7219527176035003,0.39617409999950576,0.026897308410068755,0.09000117304571391,0.09000117304571391,0.0,0.19088020723005172,0.09544010361502586,-0.015519381186017839,0.0020320612120419248,0.3161801243575107,0.45732934308510115,0,1.79835336484266
4.29728000000005,0.3945339472546565,0.19726697362732826,0.9822272786609857,0.7082184128074002,0.3541092064037001,0.017165598094612107,1.337930978517458,0.2841990624040757,1.2531351078290573,0.736492541742471,0.46073014116971467,0.036934712109588326,1.043313018346124,0.2114867352666871,1.1323275837335993,0.7296148588540113,0.42858042374399546,0.03173300013100697,0.09000117304571391,0.09000117304571391,0.0,0.18675929632023247,0.09337964816011624,-0.015454264246585761,0.001999950768641773,0.3164494569524322,0.4574344790299385,0,1.7950536002501254
4.30144000000005,0.3974872183193014,0.1987436091596507,0.9822985123215687,0.7087850555147688,0.3543925277573844,0.01709607853993038,0.8000989007086197,0.1995550501415009,0.8062679850562834,0.7077985205776759,0.36550907982226544,0.1813764669480461,0.9231748664808334,0.20627983227943045,0.9696737636070696,0.7194733281334429,0.39763789978888586,0.10606285938688444,0.09000117304571391,0.09000117304571391,0.0,0.1826709236783255,0.09133546183916275,-0.015389441371472148,0.001968297452099524,0.31671092692398867,0.45753786551265374,0,1.7917511997982707
4.30560000000005,0.4004427784003644,0.2002213892001822,0.9823694575217491,0.709334419455127,0.3546672097275635,0.01702684804328553,0.39499018187561,0.052627346128312075,1.0609896109164436,0.6742405926032601,0.5106360871209787,0.03286101751817021,0.6604820149733869,0.13051508796100056,1.0154005239706847,0.6964819384560365,0.45390581668289165,0.06953982168913053,0.09000117304571391,0.09000117304571391,0.0,0.17861487493477868,0.08930743746738934,-0.015324911200209984,0.0019370961470004293,0.3169645988306735,0.4576395316442966,0,1.7884462439482238
4.3097600000000496,0.40340055609468867,0.20170027804734433,0.9824401154607828,0.7098666466378202,0.3549333233189101,0.016957905368094387,0.0503754239825861,0.4767923216837492,1.1761808296337621,0.8653836998188741,0.34652452847580617,-0.03897332540104727,0.35722389849247305,0.3043749790446629,1.095710633144479,0.7811742957324493,0.40114033777111385,0.015340840201678438,0.09000117304571391,0.09000117304571391,0.0,0.17459093701859452,0.08729546850929726,-0.015260672376303852,0.0019063417524008484,0.31721053680067723,0.4577395060515089,0,1.785138812499876
4.313920000000049,0.40636048058691276,0.20318024029345638,0.9825104873327936,0.7103818781337855,0.35519093906689275,0.016889249282591126,0.3049934573602856,0.16277000091308624,1.1888621313506877,0.8121828382580998,0.31807028876749116,0.11934550479813745,0.3327979214072987,0.23423295482464632,1.1425354431835113,0.7965360332659923,0.35966891468683043,0.06725288333841707,0.09000117304571391,0.09000117304571391,0.0,0.1705988981515285,0.08529944907576426,-0.015196723547183474,0.0018760291834577592,0.3174488045344507,0.45783781688458525,0,1.7818289845962507
4.318080000000049,0.40932248164558316,0.20466124082279158,0.9825805743267928,0.7108802540809005,0.35544012704045025,0.016820878559825666,0.5335235260910526,0.051936502170254584,1.1164062819355651,0.6276249434315193,0.2780976764872646,0.05122037863206054,0.4344662688896383,0.14366201276596233,1.1295776389644137,0.7127168890727946,0.31882850029442694,0.059034576752884704,0.09000117304571391,0.09000117304571391,0.0,0.16663854783980425,0.08331927391990213,-0.015133063364263996,0.0018461533729837764,0.31767946530725644,0.45793449182539914,0,1.7785168387278465
4.322240000000049,0.4122864896192886,0.2061432448096443,0.9826503776266997,0.7113619136893046,0.3556809568446523,0.016752791977661687,0.559582261667096,0.45652184417635905,1.085863380012161,0.8074966324609257,0.3657599097563138,-0.18644366894228304,0.49870325139083627,0.3008558085237003,1.1073330484499788,0.760802177378567,0.341848420269394,-0.06399765844399834,0.09000117304571391,0.09000117304571391,0.0,0.16270967686848037,0.08135483843424018,-0.015069690482899176,0.0018167092729300305,0.31790258197170734,0.4580295580951979,0,1.775202452736954
4.326400000000048,0.41525243543281654,0.20762621771640827,0.9827198984113613,0.7118269952467042,0.3559134976233521,0.01668498831877464,0.06537929731303482,0.5066515994705544,1.2859593431585261,0.8752837469069183,0.329210395391157,-0.05162737177488193,0.2838590053061639,0.404440792619964,1.1965408112326734,0.8179402294952761,0.33509720778695246,-0.0581734173370209,0.09000117304571391,0.09000117304571391,0.0,0.1588120772940831,0.07940603864704154,-0.015006603562548418,0.0017876918557992129,0.31811821696029186,0.4581230424622672,0,1.7718859038219523
4.330560000000048,0.4182202505833318,0.2091101252916659,0.9827891378545723,0.7122756361236554,0.3561378180618277,0.016617466370648863,-0.12537580656890412,0.3748782469523715,0.884313950002608,0.5573948898865854,0.40249753946373407,-0.051428939012165435,0.08039747905366294,0.3904959363696392,1.040318505833608,0.6879832387215409,0.36906219432169995,-0.054936588160649454,0.09000117304571391,0.09000117304571391,0.0,0.15494554243828862,0.07747277121914431,-0.014943801266622939,0.0017590961159912218,0.3183264322878872,0.4582149712494685,0,1.768567268541576
4.334720000000048,0.4211898671365769,0.21059493356828846,0.9828580971250955,0.7127079727788259,0.35635398638941296,0.016550224925575174,0.22387190215132527,0.08093115591595557,0.9310297668712104,0.7727467393525764,0.36021222681179976,0.04960940097291367,0.1537408046887177,0.2364602324190042,0.9857778317019897,0.7314080780680321,0.36481977129251797,-0.00328286383355298,0.09000117304571391,0.09000117304571391,0.0,0.15110986688019,0.075554933440095,-0.014881282262973625,0.0017309170710833436,0.3185272895542601,0.45830537034165075,0,1.7652466228191594
4.338880000000048,0.42416121772309456,0.21208060886154728,0.9829267773866815,0.7131241407642334,0.3565620703821167,0.016483262780646216,0.03091585998089741,0.2955216651147383,0.9086440239158948,0.8710546145732577,0.4383607557554682,-0.029548238640134426,0.0941393128987419,0.26690323341695393,0.9471487484968014,0.8011878921473429,0.401540475704082,-0.01632727496738417,0.09000117304571391,0.09000117304571391,0.0,0.14730484645111153,0.07365242322555576,-0.014819045223523744,0.0017031497630474709,0.3187208499465537,0.4583942651929391,0,1.7619240419468585
4.343040000000047,0.4271342355344715,0.21356711776723575,0.9829951797980888,0.7135242747304676,0.3567621373652338,0.016416578737753162,0.24764119566964352,0.007722089594778103,1.2120081656229462,0.7883607291257224,0.4221535113647793,-0.11514045869212348,0.17252981112999677,0.1381900364771194,1.0793411330297598,0.7953928389874025,0.41130638023947513,-0.06587728716006545,0.09000117304571391,0.09000117304571391,0.0,0.14353027822651176,0.07176513911325588,-0.01475708882432851,0.0016757892594060617,0.3189071742417633,0.458481680833902,0,1.7585996005898452
4.347200000000047,0.4301088543196044,0.2150544271598022,0.9830633055131037,0.7139085084318868,0.3569542542159434,0.016350171603581997,0.07415356994810096,0.27895470565433467,1.1611239905130875,0.6121536492019887,0.4073983502860687,0.012367346738906309,0.12461405241102542,0.20942054849655917,1.1202585167900707,0.7038866727835905,0.4094412228350929,-0.026596022607973644,0.09000117304571391,0.09000117304571391,0.0,0.13978596052043346,0.06989298026021673,-0.014695411745955997,0.0016488306543291276,0.3190863228091985,0.4585676418785993,0,1.755273372790482
4.351360000000047,0.43308500838098685,0.21654250419049342,0.9831311556805604,0.7142769747317961,0.35713848736589804,0.016284040189608055,0.5806061507057895,0.4051882111184526,1.1426297141947594,0.4913785774710798,0.2435469392824069,0.0837815147413234,0.35363466559716944,0.3078123329780228,1.131619126294487,0.5979731436154876,0.3264985685384284,0.028301436779008503,0.09000117304571391,0.09000117304571391,0.0,0.136071692877471,0.0680358464387355,-0.014634012673119326,0.0016222690696741438,0.3192583556129335,0.4586521725315128,0,1.7519454319724657
4.3555200000000465,0.4360626325710185,0.21803131628550926,0.9831987314443608,0.7146298056076001,0.35731490280380007,0.016218183312091863,0.4441679505028734,-0.22051648367605814,0.6261842262836896,0.7696087765083883,0.3050310450712801,0.14009491420732323,0.4005024904735058,0.044279876957955544,0.8791898705526836,0.6838833253863983,0.31519225953340546,0.08402864586700654,0.09000117304571391,0.09000117304571391,0.0,0.13238727606760214,0.06619363803380107,-0.014572890294950264,0.0015960996559707236,0.31942333221424357,0.45873529659436185,0,1.748615850944954
4.359680000000046,0.4390416622883349,0.21952083114416746,0.9832660339434944,0.7149671321559398,0.3574835660779699,0.016152599792073712,0.7029837443628839,0.21261035058270608,0.6719745265008361,0.9186784687171703,0.4972765523394662,-0.1157460988622543,0.5536545239888482,0.12947975797580155,0.7753386402925843,0.80200372251307,0.4066336001295347,-0.015192133007975185,0.09000117304571391,0.09000117304571391,0.0,0.12873251207875613,0.06436625603937807,-0.01451204330516613,0.001570317593352014,0.31958131177403076,0.4588170374728051,0,1.745284701906665
4.363840000000046,0.4420220334741591,0.22101101673707954,0.9833330643120585,0.7152890845978035,0.35764454229890175,0.016087288455367357,0.14235648690764502,-0.09301259907231232,0.4926906821150951,0.8969579251562118,0.384070335609148,-0.01186630303489683,0.3498693037016557,0.019031772316290274,0.6339894250326198,0.8489795179884614,0.3949232382290704,-0.014213767838698235,0.09000117304571391,0.09000117304571391,0.0,0.1251072041103205,0.06255360205516025,-0.014451470401594738,0.0015449180924345845,0.31973235305523573,0.45889741818303104,0,1.7419520564499524
4.368000000000046,0.4450036826086742,0.2225018413043371,0.9833998236792775,0.7155957922836187,0.35779789614180935,0.016022248132555494,0.847245943347392,-0.03976902091680595,1.3937931890483757,0.7414547162706363,0.22924317117902807,0.09349614135403529,0.6001044759067555,-0.00989253599715502,1.0140922246366235,0.7946624903080213,0.31224736790136787,0.039090165508494555,0.09000117304571391,0.09000117304571391,0.0,0.12151115656673328,0.06075557828336664,-0.014391170286875477,0.001519896395148438,0.31987651442523757,0.45897646135823883,0,1.7386179855648594
4.372160000000045,0.44798654670741717,0.22399327335370858,0.9834663131695233,0.7158873836983216,0.3579436918491608,0.015957477658982196,0.3617612815445014,0.40688965346723843,1.3264117350782054,0.7470089388629657,0.3995289371527313,0.058775039320149214,0.4824836765133509,0.19933248652011273,1.1703764056273787,0.77145964863299,0.35588122183560744,0.04893617634078065,0.09000117304571391,0.09000117304571391,0.0,0.11794417505084187,0.058972087525420935,-0.014331141667984534,0.0014952477755191002,0.32001385385824144,0.4590541892550111,0,1.735282559643146
4.376320000000045,0.45097056331769386,0.22548528165884693,0.9835325339023347,0.7161639864664051,0.35808199323320256,0.01589297587474714,-0.051612500631695146,0.2129858434412422,0.7977303254926994,0.6436806307319914,0.1994637293770816,-0.012337599569689037,0.2167709577885865,0.2065731000230258,0.9840241462208494,0.7074483922286081,0.2781821940689686,0.018759959448100532,0.09000117304571391,0.09000117304571391,0.0,0.11440606635691775,0.05720303317845887,-0.014271383256507994,0.0014709675404031433,0.32014442893765355,0.45913062375958114,0,1.7319458484822947
4.380480000000045,0.45395567051501445,0.22697783525750723,0.9835984869924377,0.7164257273569432,0.3582128636784716,0.015828741624698498,0.9325684558629066,0.1399603523171053,1.3206304338906762,0.8895285296810433,0.31190984299725694,0.0296703196867705,0.5765234978643016,0.17391532277110433,1.1523926270472926,0.7991553638562978,0.29489993170357326,0.023604646965490632,0.09000117304571391,0.09000117304571391,0.0,0.11089663846547038,0.05544831923273519,-0.0142118937685944,0.0014470510301789021,0.32026829685844327,0.4592057863939951,0,1.7286079212894938
4.3846400000000445,0.4569418068995503,0.22847090344977514,0.9836641735497644,0.7166727322885995,0.35833636614429976,0.01576477375842593,0.4601341416981231,0.5321084157671423,0.9688819621696783,0.7809986724425226,0.47337922772315333,-0.0722195403069949,0.519952045290123,0.35399947375631174,1.060486758883366,0.7902775171157839,0.38389590358659254,-0.024764327579924448,0.09000117304571391,0.09000117304571391,0.0,0.10741570053515148,0.05370785026757574,-0.014152671925014015,0.0014234936193940114,0.32038551442949414,0.45927969832217247,0,1.725268846685595
4.388800000000044,0.4599289115926111,0.22996445579630556,0.9837295946794739,0.7169051263346069,0.35845256316730345,0.015701071130253125,0.7426613535730449,0.5214685893391218,1.6929943412908244,0.6512817730602554,0.49650515520477223,0.014760003663508546,0.6326640415697999,0.4387684547907372,1.3767750944900834,0.7202420179587548,0.4399360223329506,-0.004724873477894351,0.09000117304571391,0.09000117304571391,0.0,0.10396306289741863,0.05198153144870932,-0.014093716451325233,0.001400290717371161,0.32049613807594146,0.45935238035586495,0,1.7219286927090487
4.392960000000044,0.46291692423314335,0.23145846211657167,0.9837947514819706,0.7171230337277305,0.3585615168638652,0.015637632599229498,0.37683864879699175,-0.21396406011499708,0.7364237688329653,0.8453355253367543,0.1294737640516622,-0.0973841667923458,0.5065081418640421,0.11266769873688401,1.0563930801490193,0.782630009890013,0.2843558490351745,-0.05137823821123701,0.09000117304571391,0.09000117304571391,0.0,0.10053853704946847,0.050269268524734234,-0.014035026077398705,0.0013774377687733625,0.32060022384149817,0.4594238529605168,0,1.7185875268198176
4.397120000000044,0.4659057849742484,0.2329528924871242,0.9838596450529252,0.7173265778652061,0.3586632889326031,0.015574457029123707,0.8200521488889678,0.5198415425334717,1.5109105048123488,0.85145884075712,0.2793862732045395,0.027127420625058903,0.6650539801681589,0.31683717899587205,1.2837105995716211,0.816736531422716,0.28254750787572225,-0.01174690020284452,0.09000117304571391,0.09000117304571391,0.0,0.09714193564821749,0.048570967824108746,-0.01397659953822493,0.0013549302541306556,0.32069782739076824,0.4594941362610272,0,1.7152454159032648
4.401280000000043,0.468895434479722,0.234447717239861,0.9839242764832936,0.717515881313659,0.3587579406568295,0.015511543288413693,0.6002851677188772,0.22668620207966364,1.127304363554402,0.46954160340170314,0.4075049914690956,0.09670249802753508,0.6336464934787048,0.2726097508013979,1.205706655406813,0.6428055191297919,0.3444929030931175,0.04288922945161956,0.09000117304571391,0.09000117304571391,0.0,0.09377307250415523,0.046886536252077615,-0.013918435573332055,0.0013327636903290234,0.32078900401154803,0.4595632500474171,0,1.7119024262740223
4.405440000000043,0.47188581392061363,0.23594290696030681,0.9839886468593364,0.7176910658140004,0.3588455329070002,0.015448890250278917,0.8954495153513866,0.0768856606016727,0.776793224772762,0.5937269875193628,0.23962829608684622,-0.003742368125812726,0.7657840447324249,0.1752437270346859,0.9912397825215348,0.6186187206863475,0.29256207757195857,0.019274562002401553,0.09000117304571391,0.09000117304571391,0.0,0.09043176257378804,0.04521588128689402,-0.013860532926844096,0.0013109336310633398,0.3208738086171159,0.4596312137804015,0,1.7085586236798334
4.409600000000043,0.47487686497180653,0.23743843248590327,0.9840527572626389,0.7178522522862997,0.35892612614314984,0.015386496792592281,0.4524422033838827,0.12136158202240284,1.466061945492125,0.9089925643783394,0.356522936396884,0.08533948961525525,0.6110024937533599,0.1490451479718053,1.2288312846196925,0.7633618919134602,0.32390700073662815,0.052497827370527717,0.09000117304571391,0.09000117304571391,0.0,0.08711782195473439,0.04355891097736719,-0.013802890347967632,0.001289435667255413,0.32095229574850903,0.459698046596869,0,1.7052140733053742
4.4137600000000425,0.47786852980861755,0.23893426490430877,0.9841166087701302,0.7179995608346383,0.35899978041731917,0.015324361797909814,0.5854034815840321,0.40258365908266913,1.321325578060397,0.8409846595262223,0.3499555046722399,0.11804659832061454,0.5999518802426519,0.2765431757847818,1.2753240033083133,0.8022413518718956,0.33736192481055854,0.08556072696777069,0.09000117304571391,0.09000117304571391,0.0,0.08383106787834116,0.04191553393917058,-0.01374550659051594,0.0012682654274383427,0.32102451957678824,0.4597637673152705,0,1.701868839776052
4.417920000000042,0.4808607511034173,0.24043037555170865,0.984180202454103,0.7181331107519392,0.3590665553759696,0.015262484153462251,0.12086219116259994,0.22592207645381987,0.7541046311119797,0.6999547134296306,0.5150346336524173,0.1664918150370021,0.3618599948084393,0.2523044308149471,1.0150588391302706,0.7508996927991411,0.4257532567032998,0.12512143717563098,0.09000117304571391,0.09000117304571391,0.0,0.08057131870441836,0.04028565935220918,-0.013688380413074089,0.0012474185781086726,0.3210905339052914,0.45982839444091783,0,1.6985229871617824
4.422080000000042,0.4838534720222705,0.24192673601113526,0.9842435393822327,0.7182530205247776,0.3591265102623888,0.015200862751145702,0.5395470863200459,0.5314534100320762,0.9907261775437082,0.8606839482021893,0.3841531785956816,-0.055358784852593025,0.45249454870890754,0.3926798902681015,1.0027764780654282,0.8059928904980274,0.4049611330618067,0.035236838952945986,0.09000117304571391,0.09000117304571391,0.0,0.077338393913708,0.038669196956854,-0.013631510579164258,0.0012268908240471834,0.3211503921718746,0.4598919461711944,0,1.695176578980743
4.426240000000042,0.48684663622159624,0.24342331811079812,0.9843066206175973,0.7183594078381652,0.3591797039190826,0.015139496487511553,-0.11214842353168558,0.3610570349059394,0.787302073038849,0.858591392633259,0.3883617327993367,0.07476474307074887,0.17195411327632412,0.3776756168560284,0.8951954048052678,0.8326942825064033,0.3968574986273573,0.05397477827663872,0.09000117304571391,0.09000117304571391,0.0,0.07413211410257903,0.037066057051289514,-0.013574895857197317,0.0012066779086097631,0.32120414745114095,0.4599544404006791,0,1.6918296782031024
4.430400000000041,0.48984018784484756,0.24492009392242378,0.9843694472186963,0.7184523895803165,0.35922619479015827,0.015078384263756416,0.8152687793720633,0.7576204414582005,1.109016538594624,0.6951487050333004,0.3880787571706841,0.1140581232396848,0.4950619588719482,0.5684576762017861,1.0023435875955844,0.7638716855335415,0.39256684404720793,0.08455012988258945,0.09000117304571391,0.09000117304571391,0.0,0.07095230097663197,0.03547615048831598,-0.013518535020531082,0.001186775613989348,0.3212518524566583,0.46001589472618526,0,1.688482347254734
4.434560000000041,0.4928340715192117,0.24641703575960586,0.9844320202394702,0.718532081847392,0.359266040923696,0.015017524985711662,0.4546286543961991,0.2982799943576371,0.8094981235037286,0.695856108694151,0.19868908063621504,-0.02171062160162633,0.47629418807282425,0.43378027193473906,0.9058749058682648,0.7290008569997943,0.2956116551453084,0.031158624900123718,0.09000117304571391,0.09000117304571391,0.0,0.06779877734417727,0.03389938867208864,-0.013462426847100278,0.0011671797614499569,0.3212935595431644,0.4600763264517149,0,1.6851346480208993
4.438720000000041,0.4958282323523293,0.24791411617616466,0.9844943407293195,0.718598599948219,0.3592992999741095,0.014956917563834396,0.1203894765643927,0.28036919589464354,0.9006612558799104,0.6449025845485421,0.2659032636857461,-0.06421234849683971,0.2996827780100742,0.3576281757223415,0.9031347863377583,0.6859677662621994,0.2800649102495903,-0.016665857343772482,0.09000117304571391,0.09000117304571391,0.0,0.06467136711033694,0.03233568355516847,-0.013406570120008905,0.0011478862115340562,0.32132932070876075,0.4601357525933318,0,1.6817866418499157
4.442880000000041,0.49882261592903343,0.24941130796451672,0.9845564097331245,0.7186520584089906,0.3593260292044953,0.014896560913195793,0.6786608668207753,0.5006195228824448,1.0348238430636723,0.7804145405292757,0.3099410458268772,-0.02951019262507361,0.490798011465904,0.42976955598764693,0.9689186143041973,0.7330419981764592,0.2949829135833581,-0.022971058092407407,0.09000117304571391,0.09000117304571391,0.0,0.061569895270909614,0.030784947635454807,-0.01335096362726762,0.0011288908642440704,0.3213591875970943,0.46019418988395216,0,1.6784383895567985
4.44704000000004,0.5018171683081082,0.2509085841540541,0.984618228291264,0.7186925709779444,0.3593462854889722,0.014836453953470437,0.03974678640438534,-0.2728347665770157,1.0376502254970867,0.6898981249683922,0.31400786717319135,0.13308110950529167,0.266704884597543,0.07911562091856024,1.0035607713180486,0.7111488004844246,0.30448674196845565,0.055494317538244,0.09000117304571391,0.09000117304571391,0.0,0.05849418790589822,0.02924709395294911,-0.013295606161744251,0.001110189659199107,0.321383211499528,0.46025165477805663,0,1.6750899514268833
4.45120000000004,0.5048118360190665,0.25240591800953327,0.9846797974396345,0.7187202506300163,0.35936012531500816,0.014776595608925677,0.32530575207027573,2.410127812652041e-05,0.7780298030905008,0.6322895573100862,0.3674588882140569,0.21100776548770567,0.29732031163309774,0.040335022539738724,0.8912341989673759,0.67199379856588,0.33529027939342154,0.132471796741243,0.09000117304571391,0.09000117304571391,0.0,0.055444072174085646,0.027722036087042823,-0.013240496521328207,0.0010917785757679627,0.32140144335729903,0.4603081634563232,0,1.6717413872194269
4.45536000000004,0.5078065660589477,0.25390328302947385,0.9847411182096696,0.7187352095714764,0.3593676047857382,0.014716984808410202,0.7575255729224878,0.07949626461819817,0.9377523456761783,0.7253860444034113,0.49499042640411633,0.14194521838539426,0.5289330412755526,0.06094598801803402,0.9147883189466448,0.6996016054431002,0.41488744009387274,0.13745832512841202,0.09000117304571391,0.09000117304571391,0.0,0.05241937630588156,0.02620968815294078,-0.01318563350888096,0.001073653633179171,0.32141393376366617,0.46036373183018336,0,1.6683927561711835
4.4595200000000395,0.5108013058891333,0.25540065294456665,0.9848021916283585,0.7187375592445381,0.35936877962226904,0.014657620485342705,0.7147935500964799,0.9344727708289258,0.9318080222629526,0.6936184910156812,0.46485515104331887,0.07805697229223435,0.6233075572309681,0.4986831021566423,0.9234591519200409,0.6964879530359438,0.4395194625502243,0.1084798258825648,0.09000117304571391,0.09000117304571391,0.0,0.049419929598500056,0.024709964799250028,-0.013131015932079201,0.0010558108906089984,0.3214207329660448,0.46041837554630255,0,1.665044116999964
4.463680000000039,0.5137960034321831,0.25689800171609156,0.9848630187182655,0.7187274103319503,0.35936370516597516,0.014598501577701015,0.4991087186840745,0.23161486842618606,0.7239678384871806,0.8344575149958554,0.3030949502714308,-0.09875542611550595,0.5629422493062018,0.365777929174948,0.8235062352667811,0.7657845816403209,0.3711312868872727,0.005094524528142559,0.09000117304571391,0.09000117304571391,0.0,0.046445562409303864,0.023222781204651932,-0.013076642603899798,0.0010382464472485026,0.3214218908681309,0.4604721099909855,0,1.6616955279081702
4.467840000000039,0.5167906070686896,0.2583953035343448,0.9849236004975489,0.7187048727615658,0.3593524363807829,0.01453962702800913,0.5426408184203819,1.015504846990261,0.8852649295771484,0.7367676014016928,0.27216008550955195,0.1466509149518537,0.5543235433144833,0.6912115796927265,0.8546910652525698,0.7514239564500719,0.3218635400644299,0.07585354425200386,0.09000117304571391,0.09000117304571391,0.0,0.04349610614933974,0.02174805307466987,-0.013022512342035227,0.0010209564423500957,0.3214174570320138,0.4605249502945089,0,1.658347046586311
4.472000000000039,0.5197850656341516,0.2598925328170758,0.9849839379799794,0.7186700557108854,0.3593350278554427,0.01448099578332656,0.9367996137040777,-0.05847048225561047,1.1304656923011078,0.7900852778117781,0.5233577948233009,0.0871724091112023,0.7472051120499604,0.3174536866890047,0.9927606000774247,0.7719528949794422,0.42268678545243327,0.08200487134660366,0.09000117304571391,0.09000117304571391,0.0,0.04057139327835402,0.02028569663917701,-0.012968623969270773,0.0010039370552548665,0.3214074806802768,0.4605769113353817,0,1.6549987302164932
4.476160000000038,0.5227793284158665,0.26138966420793325,0.9850440321749595,0.7186230676115843,0.35931153380579217,0.014422606795235934,0.8217834475522543,0.3979064822051651,1.1317250770227676,0.7465869612115551,0.32777717938103407,0.13860650534482855,0.7860479237043134,0.35836142837652946,1.0625314194633224,0.7591547578634344,0.37571217571025006,0.11063335626325459,0.09000117304571391,0.09000117304571391,0.0,0.037671257298184546,0.018835628649092273,-0.01291497631343444,0.0009871845054010898,0.32139201069808676,0.4606280077445344,0,1.6516506354758964
4.480320000000038,0.5257733451498415,0.26288667257492077,0.9851038840875421,0.7185640161540148,0.3592820080770074,0.014364459019830727,0.3625990926951065,0.42412765228594407,0.8260005362925846,0.7410052589932096,0.3013384416145081,-0.11847890076759245,0.5758629366034976,0.39187334392452894,0.944017302642741,0.7495416159228075,0.3377760145316063,-0.003625643798292613,0.09000117304571391,0.09000117304571391,0.0,0.03479553274666891,0.017397766373334456,-0.01286156820745353,0.0009706950523149045,0.3213710956352728,0.46067825390943873,0,1.6483028185402213
4.484480000000038,0.5287670660177235,0.26438353300886175,0.9851634947184492,0.7184930082916852,0.3592465041458426,0.014306551417702628,0.4255598756729464,0.1676248779207528,0.8103756779999448,0.7057210273424142,0.26984637247239657,-0.04548456704998375,0.5021797197542659,0.2803087675548844,0.8771017893750077,0.7269195214080211,0.303838039619977,-0.024956707572615585,0.09000117304571391,0.09000117304571391,0.0,0.03194405519292309,0.015972027596461547,-0.012808398489090031,0.0009544649955839022,0.32134478370839265,0.46072766397815906,0,1.6449553350871238
4.4886400000000375,0.5317604416437474,0.2658802208218737,0.9852228650640906,0.7184101502457232,0.3592050751228616,0.014248882953929877,1.0060717421288294,0.5064024136126167,1.0597190015767466,0.7928134195959912,0.23265468034535083,0.006870035039828882,0.7557785568345782,0.39384150843685733,0.968426691586055,0.7597319079203899,0.26804857705611945,-0.009395795620925025,0.09000117304571391,0.09000117304571391,0.0,0.029116661229394714,0.014558330614697357,-0.012755466001317474,0.0009384906748141569,0.32131312280278934,0.46077625186333593,0,1.641608240299621
4.492800000000037,0.5347534230917028,0.2673767115458514,0.9852819961165825,0.718315547509308,0.359157773754654,0.014191452598063913,0.3485822073308886,0.5322652998468573,1.0439477071741934,0.8174560129280113,0.34981797749453036,0.07399702158031456,0.5538778377271587,0.4637807698127078,1.0063412119252229,0.7885805132324099,0.30951185743505644,0.03250086496809872,0.09000117304571391,0.09000117304571391,0.0,0.026313188468173987,0.013156594234086993,-0.01270276959194925,0.0009227684695717134,0.3212761604746349,0.46082403124610344,0,1.6382615888694836
4.496960000000037,0.5377459618619198,0.2688729809309599,0.9853408888637664,0.7182093048520908,0.3591046524260454,0.014134259324117474,0.02735270782035748,1.0117276639926214,0.9030372163202932,0.7738352841481154,0.5347772519430396,0.212609102896565,0.29222176654772003,0.7388694049783265,0.9551319238967791,0.7809091548425576,0.4225952501624089,0.12196073308222777,0.09000117304571391,0.09000117304571391,0.0,0.02353347553375773,0.011766737766878865,-0.012650308114229285,0.0009072947993088789,0.32123394395296434,0.4608710155799417,0,1.6349154350006019
4.501120000000037,0.5407380098882723,0.2703690049441361,0.9853995442892269,0.7180915263245858,0.3590457631622929,0.014077302110550076,0.742943869752938,0.083309331265851,1.0840683280557684,0.954557997841154,0.30980381700336956,-0.02473664442610682,0.51956997210843,0.41172870855919597,1.0195489754984848,0.8684210311288562,0.3664256338627259,0.04891051500151831,0.09000117304571391,0.09000117304571391,0.0,0.02077736205772096,0.01038868102886048,-0.012598080425925265,0.0008920661232761757,0.32118652014169763,0.4609172180944649,0,1.6315698324123344
4.505280000000036,0.5437295195351995,0.2718647597675998,0.9854579633723114,0.7179623152625444,0.3589811576312722,0.01402057994025721,-0.16577106434888145,-0.07682328757371482,1.0709362020259892,0.8176613267007519,0.469280513003945,-0.10947035108347022,0.17859530405607058,0.16842543314341887,1.0450150320037075,0.8430761224106889,0.4178217381468903,-0.030163423681401118,0.09000117304571391,0.09000117304571391,0.0,0.018044688672725684,0.009022344336362842,-0.012546085390453404,0.0008770789404205757,0.3211339356216514,0.4609626517991464,0,1.6282248343428363
4.509440000000036,0.5467204435947467,0.27336022179737335,0.985516147088147,0.7178217742913039,0.35891088714565195,0.013964091800554714,0.5734879411891756,0.4779319440348867,0.6579640087642544,0.6179303206626396,0.3032362993771032,0.17066240048842954,0.37732955606578783,0.32381166972887426,0.8518412501323505,0.7305690263989707,0.36049177918429076,0.07049373765623224,0.09000117304571391,0.09000117304571391,0.0,0.015335297007584403,0.0076676485037922015,-0.012494321875650742,0.0008623297892705677,0.3210762366525386,0.46100732948698203,0,1.624880493552367
4.513600000000036,0.5497107352836222,0.2748553676418111,0.9855740964076602,0.7176700053301202,0.3588350026650601,0.013907836683168143,0.5635022601154018,0.41015656553405677,0.7990151681770757,0.6145043707126083,0.500098687711354,-0.0010028784552271793,0.47169445384497105,0.3680230446271368,0.8254254436218201,0.6729808172550917,0.4311844631738492,0.03489902832105462,0.09000117304571391,0.09000117304571391,0.0,0.012649029680164237,0.006324514840082118,-0.012442788754899278,0.0008478152478086262,0.32101346917495865,0.4610512637380921,0,1.6215368623265771
4.5177600000000355,0.5527003482402743,0.2763501741201371,0.9856318122975944,0.717507109596472,0.358753554798236,0.013851813584217337,0.7896500297752833,0.041378886934359704,0.7868617012337715,0.753320375634175,0.4269313379640022,-0.1637594698609984,0.6322416778613448,0.20558532755382852,0.8058033988241396,0.712988361574812,0.42971081061150207,-0.0647594685657058,0.09000117304571391,0.09000117304571391,0.0,0.00998573029241312,0.00499286514620656,-0.012391484906432985,0.0008335319333318274,0.3209456788123754,0.4610944669232636,0,1.6181939924797741
4.521920000000035,0.555689236521984,0.277844618260992,0.9856892957205287,0.7173331876103475,0.35866659380517374,0.0137960215042038,0.805135355426716,-0.38132286666310705,1.437330868339532,0.7326060043855475,0.42860196375015913,-0.052757817323742094,0.7202128470147935,-0.08698221131453863,1.1214609191756737,0.7231222305315127,0.42954809356121265,-0.05832724059614474,0.09000117304571391,0.09000117304571391,0.0,0.007345243425259218,0.003672621712629609,-0.01234040921371337,0.0008194765023009562,0.32087291087308445,0.4611369512074339,0,1.614851935358173
4.526080000000035,0.5586773546019778,0.2793386773009889,0.9857465476348953,0.7171483391985107,0.35857416959925537,0.013740459447996376,0.6333623282035283,0.19105571573857688,0.569432903147626,0.7878095571075034,0.3545383683491271,0.02800060214481216,0.6784260963980123,0.05277490667402899,0.845501588713239,0.7552234618850543,0.3926349364388632,-0.015313057464332636,0.09000117304571391,0.09000117304571391,0.0,0.0047274146316780286,0.0023637073158390143,-0.012289560564949335,0.0008056456501787616,0.3207952103521704,0.46117872855311565,0,1.6115107418431207
4.530240000000035,0.5616646573665559,0.28083232868327795,0.9858035689949988,0.7169526634987424,0.3584763317493712,0.013685126424818847,0.7947908637397064,0.1020255638461974,0.960819403138356,0.7630744874413935,0.590533594813204,0.10484813247139498,0.7381960304901909,0.07862981121476599,0.9033776645775152,0.7593583870047296,0.49112027022064086,0.045586574612383204,0.09000117304571391,0.09000117304571391,0.0,0.0021320904325181633,0.0010660452162590817,-0.012238937853686217,0.0007920361112579025,0.3207126219334524,0.4612198107237652,0,1.6081704623543065
4.534400000000034,0.5646511001122395,0.28232555005611976,0.9858603607510331,0.7167462589640645,0.35837312948203226,0.01363002144823495,0.36915072775068125,0.4584971998985533,1.093944568712101,0.6203654789747854,0.6373669402377373,0.15585932160194474,0.554962342978582,0.2698908256364027,0.9989868959313519,0.6892918460461572,0.5647356253762164,0.10058945773533813,0.09000117304571391,0.09000117304571391,0.0,-0.0004408816908954005,-0.00022044084544770026,-0.012188539978432736,0.0007786446584789515,0.32062518999141987,0.46126020928709516,0,1.6048311468529475
4.538560000000034,0.5676366385429351,0.28381831927146756,0.9859169238491003,0.7165292233669361,0.35826461168346807,0.013575143536134822,0.6722665911678793,0.12585979780049653,0.36818686636633347,0.6754310251780551,0.20702507504266857,0.09519411387232535,0.6150202891867053,0.19830524238250707,0.683779590716966,0.6823025026761222,0.3857434149562537,0.09831401936299902,0.09000117304571391,0.09000117304571391,0.0,-0.0029916533005420742,-0.0014958266502710371,-0.012138365842714965,0.000765468103239179,0.32053295859315634,0.4612999356183313,0,1.6014928448449588
4.542720000000034,0.5706212287671161,0.28531061438355804,0.9859732592312284,0.716301653803436,0.358150826901718,0.013520491710721193,0.39636892359185705,0.5568687269298856,0.6365881005345304,0.7810013566895945,0.3176315593287453,-0.060941244387469805,0.507318244920066,0.3782494360364339,0.6600571136721707,0.7313049629373296,0.35203903923522184,0.01852622596913546,0.09000117304571391,0.09000117304571391,0.0,-0.005520375007855849,-0.0027601875039279244,-0.012088414355237359,0.0007525032951923158,0.32043597150025405,0.46133900090341573,0,1.5981556053841037
4.546880000000034,0.573604827295022,0.286802413647511,0.9860293678353887,0.7160636466974205,0.35803182334871025,0.01346606499849472,0.6428268738036648,0.19204218975691342,0.7347166870902122,0.6341979096730352,0.32180218936603816,0.16540855118319442,0.5763921514714543,0.28581359732402045,0.6977303422746052,0.6829833077968481,0.3370436126880591,0.092499175661336,0.09000117304571391,0.09000117304571391,0.0,-0.008027196480639542,-0.004013598240319771,-0.012038684429615809,0.0007397471220399558,0.3203342721707172,0.4613774161421563,0,1.5948194770751198
4.551040000000033,0.5765873910358748,0.2882936955179374,0.9860852505955148,0.7158152978046552,0.3579076489023276,0.0134118624302404,0.21829509764581406,0.019391473211758214,0.6472135251840349,0.6856365073112338,0.3621254866969928,-0.06464271116013204,0.39876869508055185,0.15335343428847473,0.6723380392616626,0.6836017889563424,0.3497979585175702,0.013498811720073702,0.09000117304571391,0.09000117304571391,0.0,-0.010512266445829699,-0.005256133222914849,-0.011989174984645072,0.0007271965093149582,0.3202279037608542,0.46141519215132426,0,1.5914845080768338
4.555200000000033,0.579568877295112,0.289784438647556,0.986140908441519,0.7155567022169361,0.35777835110846806,0.013357883041012724,0.3983371168283136,0.37215026840150134,1.1892247802438587,0.9209237719476644,0.3988852558244503,0.004340561067698499,0.400467584237237,0.2635821934518802,0.9307933301286867,0.8026386761544538,0.3747513331701765,0.009268770287729291,0.09000117304571391,0.09000117304571391,0.0,-0.012975732697621867,-0.006487866348810933,-0.011939884944031497,0.0007148484201572404,0.3201169091271608,0.46145233956769965,0,1.58815074610525
4.559360000000033,0.5825492437716377,0.2912746218858189,0.9861963422993112,0.7152879543661789,0.35764397718308943,0.013304125870121883,0.9933935004957101,0.3033955764365451,1.1030415704220606,0.6950777416003117,0.33792362372046214,0.035409828569050415,0.6983822038001313,0.2841916218990663,1.0169917418591605,0.7480135412836872,0.3565383917589003,0.022609364057290342,0.09000117304571391,0.09000117304571391,0.0,-0.015417742101337506,-0.007708871050668753,-0.011890813236553048,0.0007026998550825044,0.32000133082819127,0.46148886885106655,0,1.5848182384366236
4.563520000000032,0.5855284485550898,0.2927642242775449,0.9862515530908158,0.7150091480284936,0.3575045740142468,0.013250589961119177,0.7337286637965786,0.2931820834700888,0.6429635484691043,0.7009158366189234,0.5213164857185618,-0.14542374648479184,0.7175152748231393,0.2897705378574345,0.8296720510307667,0.7236458786002393,0.43925389079439064,-0.06115615614438151,0.09000117304571391,0.09000117304571391,0.0,-0.017838440599339256,-0.008919220299669628,-0.011841958796112634,0.0006907478517440966,0.3198812111264201,0.4615247902871582,0,1.5814870319105145
4.567680000000032,0.5885064501231241,0.29425322506156204,0.9863065417339899,0.7147203763282362,0.3573601881641181,0.013197274361782134,0.054531702710106655,0.2889814666418966,1.134932571159894,0.6989404495522767,0.5094044357467938,0.06748299602229613,0.3874735305208048,0.2904363595320143,0.9824450997839399,0.7108594988700018,0.47393211566895754,0.0030157622206901887,0.09000117304571391,0.09000117304571391,0.0,-0.020237973216534755,-0.010118986608267377,-0.011793320561684265,0.0006789894846886062,0.3197565919900932,0.4615601139905533,0,1.578157172932821
4.571840000000032,0.591483207338716,0.295741603669358,0.9863613091428404,0.7144217317420385,0.35721086587101925,0.01314417812409975,1.1215926541500427,0.33111602686969893,0.8895626512029445,0.7108580301390233,0.44090150185574484,-0.2540882660864285,0.7560161157934292,0.3116929109212113,0.9354749484105872,0.7111845514432095,0.45772147712760514,-0.12562513094715966,0.09000117304571391,0.09000117304571391,0.0,-0.0226164840655787,-0.01130824203278935,-0.011744897477044776,0.0006674218651053433,0.3196275150950686,0.4615948499075239,0,1.5748287074787959
4.576000000000032,0.5944586794474777,0.29722933972373883,0.9864158562274414,0.7141133061028183,0.35705665305140916,0.013091300304258757,0.3297331462013316,-0.11332858444448646,1.2011273155969724,0.7409257288786228,0.4761906737107692,0.06667909573235206,0.5444131030015135,0.10016992687059921,1.0684426107532463,0.7258844797264702,0.4668226754200397,-0.02993215233287334,0.09000117304571391,0.09000117304571391,0.0,-0.02497411635219504,-0.01248705817609752,-0.011696688491039962,0.0006560421405703283,0.3194940218266468,0.46162900781883615,0,1.5715016810960445
4.580160000000031,0.5974328260749934,0.2987164130374967,0.9864701838939524,0.713795190603768,0.356897595301884,0.013038639962628664,0.6495205200362918,0.19050821140031138,0.49733221938158667,0.7068212408689201,0.3071894799626828,-0.011104229310046175,0.598437703381649,0.14597799936058573,0.7828606820260993,0.7163594803196893,0.38732743877537235,-0.020692386316393103,0.09000117304571391,0.09000117304571391,0.0,-0.027311012380519806,-0.013655506190259903,-0.011648692557744277,0.0006448474947848141,0.31935615328139144,0.46166259734250414,0,1.5681761389075013
4.584320000000031,0.6004056072241697,0.30020280361208485,0.9865242930446346,0.7134674758023222,0.3567337379011611,0.012986196163746095,0.1912722702950339,0.4406492296174811,0.9840185982941373,0.6654846321670214,0.26477207649999546,0.0068066552609877835,0.3962378920304712,0.2938653945834047,0.8834555692644163,0.6901724819415935,0.32653847369341416,-0.007119582605314644,0.09000117304571391,0.09000117304571391,0.0,-0.029627313558991286,-0.014813656779495643,-0.011600908636085469,0.0006338351473090128,0.3192139502689392,0.46169562793649827,0,1.5648521256143912
4.588480000000031,0.6033769832726035,0.30168849163630174,0.9865781845778692,0.7131302516241033,0.35656512581205163,0.012933967976300552,0.04707744150253179,-0.06579740418356755,0.8321589936118308,0.6045669304327762,0.28969267069099824,-0.06368973575656164,0.22291402002370364,0.11463487352727514,0.8576749912534196,0.6467429376305159,0.30771270867756956,-0.03566144098896056,0.09000117304571391,0.09000117304571391,0.0,-0.03192316040422982,-0.01596158020211491,-0.011553335689896166,0.0006230023532909794,0.3190674533137994,0.46172810890140836,0,1.561529685499172
4.5926400000000305,0.6063469149699654,0.3031734574849827,0.9866318593881739,0.7127836073668501,0.35639180368342505,0.012881954473119895,0.12932080241606275,0.2321222094630283,0.6583927449956007,0.7306558803800824,0.3332685712732176,-0.12295821845237452,0.17763763253067363,0.1740727123315093,0.7577763508535516,0.6881491226333054,0.32041216999375516,-0.07912475603195436,0.09000117304571391,0.09000117304571391,0.0,-0.034198692547815046,-0.017099346273907523,-0.011505972688286813,0.0006123464031914102,0.31891670265714467,0.46176004938306237,0,1.5582088624284562
4.59680000000003,0.6093153634354,0.3046576817177,0.9866853183662203,0.712427631704321,0.3562138158521605,0.01283015473115419,0.18790099714045017,0.23556262885878915,0.7455987016438369,0.6574594834398373,0.2990908456657907,-0.01915782583583716,0.18413521350960835,0.20544124676961037,0.7516489452711187,0.6736091361048285,0.309250085901985,-0.04979519910009136,0.09000117304571391,0.09000117304571391,0.0,-0.03645404874051916,-0.01822702437025958,-0.011458818604841561,0.000601864622504189,0.3187617382585902,0.4617914583751016,0,1.5548896998559176
4.60096000000003,0.6122822901549425,0.30614114507747126,0.9867385623988514,0.7120624126901797,0.35603120634508983,0.012778567831462802,0.18583191755148992,0.34039494821180816,1.1073645939410002,0.5179638174767985,0.5820828696215652,-0.006890513150176102,0.18606158058492453,0.2741309530024466,0.9294939369468664,0.595482200157945,0.44507405741995576,-0.027869713005784762,0.09000117304571391,0.09000117304571391,0.0,-0.03868936685804947,-0.019344683429024734,-0.01141187241873911,0.0005915543714733517,0.3186025997979639,0.46182234472151334,0,1.5515722408251775
4.60512000000003,0.6152476569789502,0.3076238284894751,0.9867915923690981,0.711688037761858,0.355844018880929,0.012727192859196757,0.9119323580363357,0.27878773437995275,0.781582170223741,0.6260296548311213,0.21017757867324086,0.21099005631857654,0.5503037207170668,0.27689740725651296,0.8559754200032144,0.6109709857626698,0.3272236101194382,0.09176210371245197,0.09000117304571391,0.09000117304571391,0.0,-0.04090478390573882,-0.02045239195286941,-0.011365133113735146,0.0005814130448064863,0.31843932667706604,0.4618527171191208,0,1.548256527972675
4.609280000000029,0.6182114261195519,0.30910571305977597,0.9868444091561963,0.7113045937444008,0.3556522968722004,0.012676028903585213,0.7953284999821718,0.04838193519705347,0.6857918717565974,0.6235076682107048,0.44068110888313605,-0.06905504192714586,0.6741155596540828,0.16355546383337966,0.7707392130513002,0.6168264724788219,0.38356631377877676,0.01117605198806091,0.09000117304571391,0.09000117304571391,0.0,-0.043100436024216426,-0.021550218012108213,-0.011318599678426453,0.000571438071385015,0.3182719580214195,0.461882584120032,0,1.5449426035305172
4.613440000000029,0.6211735601481114,0.3105867800740557,0.9868970136356043,0.7109121668542875,0.35545608342714374,0.012625075057920812,0.7054256252548328,0.05685946128975594,0.6007360910696706,0.8075896973938604,0.22679228075331406,0.1734453968960009,0.6914491526242138,0.11067833963009426,0.6860960457551112,0.7128796211181408,0.30523629262342106,0.09286680936886785,0.09000117304571391,0.09000117304571391,0.0,-0.04527645849402173,-0.022638229247010866,-0.011272271106836984,0.0005616269139714656,0.3181005326820098,0.4619119541340481,0,1.5416305093293132
4.617600000000029,0.6241340219927083,0.31206701099635414,0.9869494066790191,0.7105108427032354,0.3552554213516177,0.012574330419542479,0.680207797351372,0.1041530752333022,0.9407753534880543,0.7205174676761235,0.14062902016186996,-0.055825119945932866,0.6873284736973121,0.10770789673845632,0.8133204375791804,0.7160142990073645,0.223072679756536,0.018977313865110507,0.09000117304571391,0.09000117304571391,0.0,-0.04743298574119992,-0.02371649287059996,-0.0112261463973993,0.0005519770689141262,0.31792508923701523,0.461940835431031,0,1.5383202868009904
4.6217600000000285,0.6270927749356332,0.3135463874678166,0.9870015891543934,0.7101007063019805,0.35505035315099026,0.012523794089822335,0.5560068676686946,-0.3887001204446051,1.5583736011529825,0.9193333799355219,0.38935394027040426,-0.12027427383521049,0.6235785794162055,-0.13969042560680006,1.185600871464917,0.8178334566303512,0.3065320467649392,-0.050065251124468683,0.09000117304571391,0.09000117304571391,0.0,-0.04957015134184184,-0.02478507567092092,-0.011180224553860203,0.0005424860658492811,0.31774566599352766,0.46196923614323204,0,1.5350119769815922
4.625920000000028,0.6300497826109,0.31502489130545,0.9870535619259524,0.7096818420640407,0.35484092103202036,0.012473465174148862,0.4432628526529001,1.1110322516926077,0.6585696796402705,0.8534218408363783,0.27762944587833926,0.08492255139959495,0.5351950364158197,0.48625726509418127,0.9222585807387355,0.8353899765193813,0.2920157734833819,0.017248523990952246,0.09000117304571391,0.09000117304571391,0.0,-0.05168808802771041,-0.025844044013855205,-0.011134504584582768,0.0005331514674010728,0.3175623009892631,0.4619971642675821,0,1.5317056205140587
4.630080000000028,0.6330050090017728,0.3165025045008864,0.9871053258542104,0.7092543338094555,0.35462716690472773,0.012423342781912797,0.5889125186792273,0.795904238784249,1.2060228251880927,0.7015545562143658,0.3539307106016644,-0.16821384581232954,0.5635159928398241,0.64181852285042,1.0637922234697106,0.7672179830448386,0.32323922923143444,-0.07518939377505555,0.09000117304571391,0.09000117304571391,0.0,-0.05378692769059801,-0.026893463845299004,-0.011088985503023965,0.0005239708688795869,0.31737503199426287,0.46202462766794294,0,1.5284012576509907
4.634240000000028,0.6359584184383082,0.3179792092191541,0.9871568817959875,0.7088182647685085,0.35440913238425426,0.012373426026491007,0.5748203034559022,-0.004313856315071252,1.0047187916019416,0.7723064058143281,0.2978231542604035,-0.13718081504546614,0.5707750551637171,0.31936678732444285,1.033971362330121,0.7695440150618531,0.31076753036012805,-0.10695060343619295,0.09000117304571391,0.09000117304571391,0.0,-0.055866801387984166,-0.027933400693992083,-0.011043666327464063,0.0005149418979770284,0.3171838965125853,0.4620516340773218,0,1.5250989282573948
4.638400000000027,0.6389099755949142,0.3194549877974571,0.987208230604426,0.7083737175854274,0.3541868587927137,0.012323714025231428,0.6163763056302547,0.2491142048935401,1.3649922750338979,0.6115182421004672,0.29328299331649055,0.03672885948719429,0.5948492516087899,0.2848490249298209,1.1995608298835367,0.6899103939083899,0.3025070625985022,-0.03526428304008868,0.09000117304571391,0.09000117304571391,0.0,-0.05792783934774515,-0.028963919673872573,-0.010998546081056229,0.000506062214462344,0.316988931783987,0.4620781911000486,0,1.5217986718134124
4.642560000000027,0.6418596454879228,0.3209298227439614,0.9872593731290069,0.7079207743220647,0.35396038716103234,0.012274205899437663,1.0528043738330646,0.4057854950693673,1.236612270163628,0.8176496254842415,0.35879197156370984,-0.07037153670641366,0.8255320838370883,0.3460642913713609,1.2179407001395492,0.7531086828652834,0.3306900255398678,-0.052941448932077674,0.09000117304571391,0.09000117304571391,0.0,-0.05997017097287993,-0.029985085486439966,-0.01095362379176907,0.0004973295098745557,0.31679017478559574,0.46210430621391724,0,1.5185005274170318
4.646720000000027,0.6448073934731794,0.3224036967365897,0.9873103102155667,0.7074595164615587,0.35372975823077935,0.012224900774353821,0.7785578804358181,0.576939144236499,1.340424777679179,0.48361008730746313,0.23585061587159217,-0.11042502991995598,0.8030512748874399,0.4619930104412003,1.278953574590964,0.6180272787358254,0.2837020854698424,-0.08151581121639562,0.09000117304571391,0.09000117304571391,0.0,-0.06199392484657129,-0.030996962423285646,-0.010908898492650115,0.0004887415072148072,0.3165876622335727,0.46212998677229106,0,1.515204533786783
4.6508800000000265,0.647753185243646,0.323876592621823,0.9873610427063132,0.7069900249119749,0.35349501245598747,0.01217579777914812,0.5638118825152731,0.3806332092772058,0.6537727620377533,0.6052008491622751,0.30446893802815356,-0.030983263327572303,0.6846891761357133,0.4219465739439286,0.9662953702830379,0.6113882373572389,0.29372505944791527,-0.056743681268421796,0.09000117304571391,0.09000117304571391,0.0,-0.06399922873715536,-0.03199961436857768,-0.010864369221340334,0.00048029596063746687,0.31638143058476625,0.46215524000617353,0,1.5119107292644143
4.655040000000026,0.6506969868270207,0.32534849341351035,0.9874115714398419,0.7065123800099268,0.3532561900049634,0.012126896046898462,0.6017512086107983,0.645876347258461,1.2850617847126822,0.7054267336564264,0.3767280110178607,0.012156101661730768,0.6446864146983489,0.5346973220234085,1.125705675030435,0.6586247635604126,0.33487926174915195,-0.02209751224784313,0.09000117304571391,0.09000117304571391,0.0,-0.06598620960332147,-0.03299310480166073,-0.010820035020229525,0.0004719906551404807,0.3161715160383557,0.4621800730262442,0,1.5086191518175538
4.659200000000026,0.6536387645833714,0.3268193822916857,0.9874618972511526,0.7060266615241749,0.35301333076208746,0.012078194714577314,0.6543222354161043,0.17455896726917344,0.7423984558113339,0.5051498829183992,0.37620800530893034,-0.03517607032279211,0.6505571097099517,0.35540773056023817,0.9339766761299859,0.5809257685852806,0.3557312671657609,-0.02885622527973601,0.09000117304571391,0.09000117304571391,0.0,-0.06795499359814983,-0.03397749679907491,-0.010775894936826187,0.00046382340625489575,0.31595795453748554,0.4622044928248609,0,1.5053298390423537
4.663360000000026,0.6565784852027848,0.3282892426013924,0.9875120209716652,0.7055329486592106,0.3527664743296053,0.01202969292303493,0.8965581553712839,0.2986839821845679,0.8967954422169243,0.7442285945005949,0.5412935237969917,-0.08861560029415869,0.7751066914937292,0.32817148001442153,0.9152006853073837,0.6628726637156941,0.4484304185235127,-0.05834942777518373,0.09000117304571391,0.09000117304571391,0.0,-0.06990570607455293,-0.034952853037276466,-0.01073194802327173,0.0004557920597340906,0.3157407817708907,0.46222850627802864,0,1.5020428281661171
4.667520000000025,0.6595161157030299,0.32975805785151496,0.987561943429236,0.7050313200588162,0.3525156600294081,0.011981389816984551,-0.0798526461564355,0.11524969907889132,1.142028101752606,0.8484878868703981,0.2707303940488916,0.1350115672216065,0.34938548910660217,0.22227345077759647,1.0288958214396473,0.7558516455111685,0.3589956305652431,0.03878964877807143,0.09000117304571391,0.09000117304571391,0.0,-0.07183847159009349,-0.035919235795046744,-0.010688193336495531,0.0004478944912426043,0.31552003317451255,0.46225212014733563,0,1.4987581560499093
4.671680000000025,0.6624516234272366,0.3312258117136183,0.9876116654481735,0.7045218538096063,0.35226092690480315,0.01193328454498692,0.598322864854795,0.2284549322908596,0.4193769522429973,0.4920541287957395,0.4076758169100967,-0.08861225237315164,0.474880447288508,0.2262117703058903,0.7239472883206554,0.623455219888736,0.38353375024252556,-0.02465190435813455,0.09000117304571391,0.09000117304571391,0.0,-0.07375341391127987,-0.03687670695563994,-0.010644629938263213,0.0004401286060447086,0.3152957439331051,0.46227534108185736,0,1.495475859191151
4.675840000000025,0.665384976041589,0.3326924880207945,0.9876611878492545,0.7040046274445514,0.3520023137222757,0.011885376259434461,1.001009648773048,0.5849881733794979,1.1501433282325968,0.7844563301422842,0.48796295014874613,0.1300753117543877,0.7395810429969752,0.4066181620222738,0.9373188610858192,0.7036247284813262,0.43539021653419874,0.05269331765403175,0.09000117304571391,0.09000117304571391,0.0,-0.07565065601862542,-0.03782532800931271,-0.010601256894903675,0.000432492338693063,0.31506794898183277,0.4622981756200287,0,1.492195973726199
4.680000000000025,0.6683161415330326,0.3341580707665163,0.9877105114497401,0.7034797179464802,0.3517398589732401,0.011837664116536568,0.4304733719528723,0.734901156090211,0.935365332915154,0.8119249224706477,0.263475401718993,0.0055960590158400745,0.5867149980748821,0.5713106298423478,0.9363536887743449,0.7572036937172404,0.34913008069079754,0.029164144932994997,0.09000117304571391,0.09000117304571391,0.0,-0.07753032011183048,-0.03876516005591524,-0.01055807327767768,0.0004249836527174225,0.3148366830078584,0.4623206301914848,0,1.488918535432904
4.684160000000024,0.6712450882069975,0.33562254410349873,0.9877596370633913,0.7029472017515612,0.3514736008757806,0.011790147276303299,0.9348976230823849,0.5557784737944551,0.7175617424319393,0.5717750773590511,0.22937822501955596,0.08695533962991488,0.7619980886231873,0.5640233409831337,0.8271368283838637,0.664469456022404,0.2883973566636736,0.05816221350958383,0.09000117304571391,0.09000117304571391,0.0,-0.07939252761315929,-0.039696263806579646,-0.010515078162504861,0.0004176005403135381,0.314601980451922,0.4623427111188719,0,1.4856435797331597
4.688320000000024,0.6741717846851341,0.33708589234256703,0.9878085655004852,0.7024071547527698,0.3512035773763849,0.011742824902530112,0.9202933701410116,-0.16525817082565875,1.0520782355261622,0.5865943833497105,0.24862891560023292,0.06980863525800582,0.842366173901507,0.1998954645664603,0.9397545146000604,0.6259034893821781,0.26811095130032503,0.0638843324773061,0.09000117304571391,0.09000117304571391,0.0,-0.08123739917382711,-0.040618699586913554,-0.010472270630225183,0.00041034102203249746,0.3143638755099115,0.46236442461962723,0,1.4823711416954288
4.692480000000024,0.6770961999030646,0.3385480999515323,0.9878572975678301,0.7018596523033294,0.3509298261516647,0.011695696162781497,0.9601793541897901,0.3839774905712792,0.7998394780409236,0.5557059758241222,0.3900025445879293,0.08480850435987256,0.902430973867133,0.2927488567474859,0.8699721725187688,0.5900720180028376,0.32909841312840177,0.07446238867234217,0.09000117304571391,0.09000117304571391,0.0,-0.08306505467729997,-0.04153252733864998,-0.010429649765897352,0.0004032031464704526,0.314122402134423,0.4623857768077301,0,1.479101256037259
4.6966400000000235,0.6800183031081485,0.34000915155407424,0.9879058340687817,0.7013047692201385,0.35065238461006926,0.011648760228377386,0.6664381274885594,0.24845980492730668,0.6031926273492032,0.6969309964392157,0.36055937307343994,0.14237966514625,0.7858852057993962,0.27135485247654123,0.7368769342607921,0.6421914587722722,0.3444044396863025,0.10829380084452599,0.09000117304571391,0.09000117304571391,0.0,-0.08487561324464066,-0.04243780662232033,-0.010387214659808158,0.00039618498995904107,0.31387759403631255,0.4624067736954229,0,1.4758339571277783
4.700800000000023,0.6829380638572617,0.3414690319286309,0.9879541758032583,0.7007425797871762,0.3503712898935881,0.011602016274375388,0.7276241948271525,0.5916085933794347,0.6390599724056716,0.5567470979892851,0.42045156170732095,-0.01387742171292342,0.7579111748842892,0.43235857899497,0.6879392467927896,0.6000207396357767,0.38238077905222007,0.04705128898144339,0.09000117304571391,0.09000117304571391,0.0,-0.08666919323869249,-0.043334596619346244,-0.010344964406450281,0.00038928465625647456,0.3136294846862395,0.46242742119490443,0,1.4725692789901776
4.704960000000023,0.6858554520145904,0.3429277260072952,0.9880023235677564,0.7001731577588898,0.3500865788794449,0.01155546347955713,0.6141670911512273,0.4386589708530619,1.1707417687650334,0.7089672615902696,0.49769606775364406,0.10915066962969776,0.6875148643914004,0.4365447497596739,0.9295712166704667,0.6534744071906579,0.4396764672843658,0.07795262348962322,0.09000117304571391,0.09000117304571391,0.0,-0.0884459122687058,-0.0442229561343529,-0.010302898105317176,0.00038250027623940703,0.3133781073162005,0.46244772511999466,0,1.4693072553041768
4.709120000000023,0.6887704377494386,0.3443852188747193,0.9880502781553665,0.6995965763635629,0.34979828818178144,0.011509101026411292,0.5235599306697727,0.28601337086349776,1.297211719303919,0.7528737038994072,0.4691707564386922,-0.16728651055029267,0.607102993178355,0.3622524281441631,1.1130469665685834,0.7027890200841517,0.4551142950371996,-0.0450729903791883,0.09000117304571391,0.09000117304571391,0.0,-0.09020588719572453,-0.045102943597862266,-0.010261014860415293,0.000375830007595735,0.3131234949210546,0.46246769118777137,0,1.466047919408473
4.713280000000022,0.6916829915340497,0.34584149576702483,0.9880980403557879,0.6990129083066622,0.3495064541533311,0.011462928101118597,0.9802069239644621,0.38895590585220263,0.6875381473255673,0.7929885529034384,0.20378279708483962,-0.10527230676160236,0.7953068069894483,0.37602755512617586,0.900071634462116,0.7479577742813622,0.3297824697569073,-0.07565845282218613,0.09000117304571391,0.09000117304571391,0.0,-0.09194923413553191,-0.045974617067765955,-0.010219313780202924,0.00036927203451847556,0.31286568026003914,0.46248732502018025,0,1.4627913043031768
4.717440000000022,0.694593084141442,0.347296542070721,0.9881456109553443,0.6984222257741708,0.3492111128870854,0.01141694389353695,0.4313533838786805,0.8924763202931869,1.295550081321101,0.7061006248840709,0.35192876397068396,-0.06321571081080758,0.614796654129073,0.6349871383559456,1.0976810687628302,0.7268218921731344,0.3410536421904116,-0.06892355238412487,0.09000117304571391,0.09000117304571391,0.0,-0.09367606846470622,-0.04683803423235311,-0.010177793977957102,0.00036282456740060494,0.3126046958582779,0.4625066321456179,0,1.4595374426522303
4.721600000000022,0.6975006866432583,0.34875034332162913,0.9881929907369992,0.6978246004358969,0.34891230021794845,0.01137114759718507,0.5701917228912182,0.6011688305039807,0.7172791116890345,0.6970261502014446,0.2708571457407957,0.09470051847121008,0.5939441843774962,0.618640749235075,0.9076740458954597,0.711678831486367,0.3061394932750569,0.013049572930164541,0.09000117304571391,0.09000117304571391,0.0,-0.09538650482412803,-0.04769325241206401,-0.01013645457149899,0.0003564858425312762,0.3123405740082794,0.4625256180004882,0,1.4562863667858104
4.7257600000000215,0.7004057704076281,0.35020288520381404,0.988240180480371,0.6972201034487674,0.3486100517243837,0.011325538409227147,1.0679881899718608,0.3862651994429391,1.1650984836122562,0.6039028897075425,0.39417546498894307,0.09850645249817448,0.832224491218856,0.5032718193930575,1.0365926265749117,0.6583331714696836,0.3498644943585019,0.05593124788948525,0.09000117304571391,0.09000117304571391,0.0,-0.0970806571238878,-0.0485403285619439,-0.010095294683239497,0.00035025412179309355,0.3120733467714272,0.4625442879307335,0,1.4530381087027182
4.729920000000021,0.7033083070970452,0.3516541535485226,0.988287180961748,0.6966088054601014,0.3483044027300507,0.011280115530457257,1.0074190018219484,0.813398887258015,1.0388872771287725,0.6425988196983302,0.5008863073997053,0.001081207795386568,0.9211605004287069,0.6593790588633155,1.0377441086323687,0.6500144632388939,0.4255068679809859,0.02760006868727913,0.09000117304571391,0.09000117304571391,0.0,-0.09875863854756939,-0.049379319273784694,-0.010054313440010725,0.0003441276923609689,0.3118030459794606,0.4625626471933395,0,1.4497927000727506
4.734080000000021,0.7062082686662571,0.35310413433312854,0.9883339929541033,0.6959907766108654,0.3479953883054327,0.01123487816528444,0.703981476034355,0.5641258307190987,1.4421551600950349,0.6341036597001897,0.4376642818947447,-0.06753644691506827,0.8138895326658441,0.6126612145770062,1.239811796176683,0.6415085648510018,0.4320140152054429,-0.019868720626115634,0.09000117304571391,0.09000117304571391,0.0,-0.10042056155654322,-0.05021028077827161,-0.010013509973218052,0.0003381048664022366,0.31152970323594853,0.4625807009578157,0,1.4465501722390588
4.738240000000021,0.7091056273601692,0.3545528136800846,0.9883806172271105,0.6953660865389103,0.34768304326945515,0.011189825521717073,0.808034469681211,0.3250527986483817,0.9154866121101117,0.7663683254188282,0.4642435671829247,0.16248656506917716,0.8125560030801524,0.4698199331428182,1.0779857899152452,0.703921286150203,0.44845083238821587,0.07087031402276062,0.09000117304571391,0.09000117304571391,0.0,-0.10206653789491815,-0.051033268947459076,-0.009972883418992474,0.00033218398077831826,0.31125334991775255,0.46259845430765106,0,1.4433105562204902
4.74240000000002,0.7120003557117617,0.35600017785588084,0.9884270545471577,0.694734804382188,0.347367402191094,0.011144956811346581,0.5675790151148886,0.5579224962858101,1.112206866560997,0.7369048446066405,0.28702468560328703,0.07503859923883972,0.6915982319475852,0.5144684864455673,1.095252405293707,0.7205569142308085,0.36791530292171054,0.07306983516615852,0.09000117304571391,0.09000117304571391,0.0,-0.10369667859268672,-0.05184833929634336,-0.009932432917700844,0.00032636339674799533,0.3109740171764828,0.46261591224174514,0,1.4400738827139183
4.74656000000002,0.7148924265400198,0.3574462132700099,0.9884733056773632,0.6940969987819546,0.3470484993909773,0.011100271249333098,0.5198259614815055,1.0999804029265947,1.2786836163258286,0.6543687255777254,0.43302071153947724,-0.03935570201796901,0.6070733191772458,0.8081306601183594,1.186887812211219,0.6868147819653855,0.39976766261059343,0.01668319723481438,0.09000117304571391,0.09000117304571391,0.0,-0.10531109397187777,-0.052655546985938884,-0.00989215761431108,0.0003206414996722852,0.31069173593994553,0.4626330796758159,0,1.4368401820965528
4.75072000000002,0.7177818129478779,0.35889090647393895,0.9885193713775898,0.6934527378859472,0.3467263689429736,0.011055768054389561,0.10356955277046764,0.6156147630913,0.7321394235917702,0.6096059629241269,0.2547108014622884,-0.22097406487134363,0.35658597645532075,0.7124006473703429,0.9590527779004818,0.6481667077935516,0.3274928565178236,-0.10307349312181727,0.09000117304571391,0.09000117304571391,0.0,-0.10690989364887526,-0.05345494682443763,-0.009852056658330027,0.00031501669872097354,0.3104065369135808,0.46264996144378373,0,1.43360948442824
4.7548800000000195,0.720668488320176,0.360334244160088,0.9885652524044597,0.6928020893515515,0.34640104467577576,0.01101144644876603,0.7690616949148251,0.10961358410148636,0.5566952949333918,0.6466440375879767,0.11675532684209786,0.14734842887546412,0.5641724602274476,0.41124717303868624,0.7581778901023049,0.6470508647327542,0.22145112566473799,0.022030693089577044,0.09000117304571391,0.09000117304571391,0.0,-0.10849318654049012,-0.05424659327024506,-0.009812129203633953,0.00030948742658102994,0.31011845058189347,0.46266656229913256,0,1.4303818194537439
4.759040000000019,0.72355242632163,0.361776213160815,0.988610949511369,0.6921451203489436,0.3460725601744718,0.010967305658234614,0.19841350502793698,0.4796338698681719,0.7131607868598169,0.73404233267338,0.2922875708655549,0.05575850659973383,0.38281652750320094,0.4460497858340279,0.7357847007470644,0.6908691630464502,0.25646273592983493,0.039036114891095486,0.09000117304571391,0.09000117304571391,0.0,-0.11006108086673194,-0.05503054043336597,-0.00977237440840538,0.0003040521391666418,0.3098275072098743,0.4626828869162484,0,1.4271572166050173
4.763200000000019,0.7264336008948142,0.3632168004474071,0.9886564634485026,0.6914818975642195,0.34574094878210976,0.010923344912074697,0.4183929255838052,-0.1924254118259836,1.1588593053680067,0.6370949461572843,0.35940245143861255,-0.017247485749684974,0.4019309731286483,0.12755575222630314,0.9472882475737632,0.6635726017777269,0.3076921719868536,0.011302624711383605,0.09000117304571391,0.09000117304571391,0.0,-0.11161368415647988,-0.05580684207823994,-0.009732791435498024,0.0002987093153313014,0.309533736844414,0.46269893989173544,0,1.4239357050034533
4.767360000000019,0.729311986258158,0.364655993129079,0.9887017949628486,0.6908124872025014,0.3454062436012507,0.010879563443056475,0.6396237138640488,0.32735132719282034,0.9362328906743063,0.6631851530365086,0.4081661316403792,0.10032141218308126,0.5221582498037923,0.2283040505562323,0.9419694964093179,0.6634571621329296,0.3578558342874121,0.05564330473388695,0.09000117304571391,0.09000117304571391,0.0,-0.11315110325028122,-0.05657555162514061,-0.009693379452053057,0.0002934574565816411,0.30923716931570777,0.4627147257457104,0,1.420717313462128
4.771520000000018,0.7321875569039539,0.36609377845197694,0.9887469447982129,0.6901369549910312,0.3450684774955156,0.010835960487426131,0.6656987508450207,0.614473850297469,0.9883586067273966,0.6891149906266945,0.33855742651408016,0.05951126106800067,0.5953645668966808,0.42209717083809,0.9652864359565724,0.6754559376293877,0.34756902392609007,0.05840499408930309,0.09000117304571391,0.09000117304571391,0.0,-0.11467344430583393,-0.057336722152916964,-0.009654137629542398,0.0002882950867933412,0.3089378342386524,0.4627302489230752,0,1.4175020704880228
4.775680000000018,0.7350602875963799,0.36753014379818993,0.9887919136952332,0.6894553661822413,0.3447276830911207,0.010792535284890745,0.7157270594932041,0.6143864513958477,1.1557389478239404,0.6679571863129076,0.3518374883823846,0.10841800664618512,0.6569378077857599,0.5189749463071976,1.0607390389292692,0.6708315077609616,0.34971360249367256,0.0836448468838397,0.09000117304571391,0.09000117304571391,0.0,-0.11618081280123893,-0.058090406400619465,-0.009615065143704943,0.00028322075192900717,0.30863576101423473,0.46274551379476864,0,1.4142900042842368
4.779840000000018,0.7379301533695333,0.36896507668476664,0.9888367023913941,0.6887677855568117,0.34438389277840586,0.010749287078603426,0.48585437378083934,-0.05731349232273775,1.0086448489912763,0.5366779116869389,0.5135771292227631,-0.14992173147243532,0.5725122613678374,0.2318945342737838,1.0343807303220418,0.6032375924143869,0.4318203039568556,-0.033596509286629425,0.09000117304571391,0.09000117304571391,0.0,-0.1176733135394381,-0.05883665676971905,-0.009576161175017868,0.00027823301975800834,0.30833097883091226,0.4627605246589971,0,1.4110811427521843
4.784000000000018,0.7407971295254779,0.37039856476273897,0.9888813116210405,0.6880742774267073,0.3440371387133537,0.01070621511514643,0.9565280038308246,0.5525149951265784,1.0450245972756549,0.5989837374758115,0.38648493824232655,0.030994544587394417,0.7657695522506546,0.3930109874457942,1.0397664118244823,0.6006956048168168,0.4091065790383576,-0.0009232319387331175,0.09000117304571391,0.09000117304571391,0.0,-0.11915105065277531,-0.05957552532638766,-0.009537424907777155,0.00027333047957849683,0.3080235166659854,0.4627752857424448,0,1.407875513493776
4.788160000000017,0.7436611916323037,0.37183059581615185,0.9889257421153927,0.6873749056381967,0.34368745281909835,0.010663318644518052,0.8705316891872699,0.2783741493540454,1.0480477481436994,1.033250152975134,0.3951616011341046,-0.14292770597112375,0.8203010821395864,0.3365144011932007,1.0436086534185813,0.8166576066275013,0.4017934264464062,-0.07133983565492477,0.09000117304571391,0.09000117304571391,0.0,-0.12061412760617873,-0.06030706380308937,-0.009498855530995581,0.000268511741941537,0.3077134032869614,0.46278980120146396,0,1.404673143813588
4.792320000000017,0.7465223155221989,0.37326115776109947,0.9889699946025599,0.6866697335748564,0.3433348667874282,0.010620596920115724,0.9657935734516311,0.30610053111835034,1.179613546777182,0.6430741586072917,0.1933684072930447,-0.08183273718535965,0.8943855419735676,0.32171001313159026,1.1114419453188826,0.7300594364372569,0.29732539951298786,-0.07663525656639227,0.09000117304571391,0.09000117304571391,0.0,-0.12206264720260007,-0.061031323601300036,-0.009460452237589984,0.000263775438377246,0.3074006672529109,0.462804075123245,0,1.4014740607210163
4.796480000000017,0.7493804772895346,0.3746902386447673,0.9890140698075546,0.685958824160553,0.3429794120802765,0.010578049198722518,0.9424431277988913,0.1649617783446791,0.6722448606153268,0.7216222615880348,0.21103893296243428,-0.12388762490466618,0.9199168920885573,0.24377485757322387,0.8915826308742478,0.7252318687218976,0.2536569194271951,-0.10025064487799182,0.09000117304571391,0.09000117304571391,0.0,-0.12349671158547415,-0.061748355792737075,-0.00942221422527928,0.00025912022112331616,0.3070853369158151,0.4628181115269676,0,1.398278290932418
4.8006400000000164,0.7522356532889614,0.3761178266444807,0.9890579684523066,0.6852422398624136,0.3426211199312068,0.01053567474048975,0.6604718409521187,0.8087017216160765,1.0412142295459768,0.6400790009734955,0.40022277370747894,-0.07419599424559206,0.7915258302110848,0.5270760909705765,0.9662456984054384,0.681731201695445,0.32625893542781814,-0.08748784070563047,0.09000117304571391,0.09000117304571391,0.0,-0.12491642224418364,-0.06245821112209182,-0.009384140695450446,0.0002545447628555272,0.30676744042190685,0.46283191436493226,0,1.3950858608732375
4.804800000000016,0.7550878201335187,0.37754391006675936,0.9891016912556772,0.6845200426937735,0.34226002134688677,0.010493472808924351,0.5841570260051189,0.15220939029278466,0.7942044119485612,0.655957338200802,0.48038026409204004,-0.09345351890026396,0.6892057926362343,0.34064128661170456,0.8800298026934863,0.6681518689460607,0.4023518423558334,-0.09062992261734404,0.09000117304571391,0.09000117304571391,0.0,-0.12632188001686395,-0.06316094000843198,-0.009346230854055539,0.0002500477564206531,0.3064470057130018,0.4628454875236732,0,1.3918967966801201
4.808960000000016,0.7579369546927567,0.37896847734637834,0.9891452389334725,0.6837922942171115,0.34189614710855576,0.010451442670872429,0.9617039960492351,0.22245181017759522,0.7413752837885856,0.577851174990311,0.3801239294589167,-0.09025213119131302,0.8266592586884408,0.28233598056924997,0.8105154943914087,0.6227457631029629,0.39142563482926557,-0.09123115802434201,0.09000117304571391,0.09000117304571391,0.0,-0.12771318509567786,-0.06385659254783893,-0.00930848391133339,0.00024562791457162026,0.30612406052782354,0.4628588348250527,0,1.3887111242030108
4.813120000000016,0.760783034090869,0.3803915170454345,0.9891886121984579,0.6830590555469628,0.3415295277734814,0.01040958359650391,0.4490187720709678,0.19917925600321074,1.0838772015336995,0.698800406916805,0.18049613314308016,-0.038421879179960046,0.6392912809718256,0.24113103377943262,0.9471185796525081,0.6600836875841536,0.28666165285530043,-0.06494300789730216,0.09000117304571391,0.09000117304571391,0.0,-0.12909043702943213,-0.06454521851471606,-0.009270899081316147,0.00024128396970479093,0.30579863240331906,0.4628719600273372,0,1.3855288690072414
4.817280000000015,0.7636260357048391,0.38181301785241956,0.9892318117603717,0.6823203873528201,0.34116019367641004,0.010367894859299261,1.0255670278341154,-0.21425728317974696,0.3564758264764264,0.5285980950999155,0.2650961348004999,0.15464269911885697,0.8335314896172401,0.013985982142266568,0.6521145420664091,0.5942706380150831,0.27544695635453165,0.04492248731615265,0.09000117304571391,0.09000117304571391,0.0,-0.13045373472887634,-0.06522686736443817,-0.009233475582833328,0.00023701467359971923,0.3054707486759679,0.46288486682625574,0,1.3823500563756017
4.821440000000015,0.7664659371625975,0.38323296858129874,0.9892748383259384,0.6815763498620128,0.3407881749310064,0.010326375736031934,0.8532160630850744,0.20641319936717267,1.0530826647108942,0.6259813503298751,0.33572281001544324,-0.005789411499732848,0.8446778290836134,0.11089958356738354,0.8525890103671631,0.6092142188857453,0.3054114665725175,0.01974143381879845,0.09000117304571391,0.09000117304571391,0.0,-0.13180317646955708,-0.06590158823477854,-0.009196212638163045,0.00023281879716110902,0.30514043648308226,0.4628975588560403,0,1.3791747113103985
4.825600000000015,0.7693027163411915,0.38465135817059576,0.9893176925988832,0.6808270028625729,0.34041350143128646,0.010285025506756402,0.785011716375449,0.49591860376930225,0.8197805545002186,0.7014872644457498,0.34303990322091715,0.020609075131848766,0.8163024173320552,0.3041262688070387,0.8362271415638508,0.6558309516219835,0.32375784537860997,0.020308664763000722,0.09000117304571391,0.09000117304571391,0.0,-0.13313885989596508,-0.06656942994798254,-0.00915910947435597,0.0002286951301631832,0.3048077227641002,0.4629100396904492,0,1.3760028585355026
4.8297600000000145,0.7721363513649668,0.3860681756824834,0.9893603752799449,0.6800724057060835,0.34003620285304176,0.010243843454790626,1.0428769958888289,0.6029078697496149,1.3150209605247873,0.5423576508918707,0.3969398116342232,0.02935242068074806,0.9307200176987301,0.45434701128675964,1.0756862484986758,0.5987950239067255,0.3592728228886085,0.02589024885568966,0.09000117304571391,0.09000117304571391,0.0,-0.13446088202623008,-0.06723044101311504,-0.009122165322207457,0.00022464248099636862,0.3044726342618709,0.46292231284377355,0,1.3728345224983796
4.833920000000014,0.7749668206037607,0.3874834103018803,0.9894028870668895,0.6793126173105068,0.3396563086552534,0.010202828866702797,0.918529906795013,0.1836486222606483,0.6449182325684022,0.8714100079384347,0.43533243741344313,0.08069221931624096,0.9264375204529137,0.3199017663843464,0.860465748404674,0.7350196503138753,0.39712224707300253,0.05392017419379288,0.09000117304571391,0.09000117304571391,0.0,-0.13576933925458246,-0.06788466962729123,-0.009085379416618418,0.00022065967641631597,0.3041351975239319,0.46293438177182655,0,1.3696697273721103
4.838080000000014,0.7777941026711065,0.38889705133555325,0.9894452286545241,0.6785476961630019,0.33927384808150096,0.010161981032296478,0.7727883441791092,0.2562230885837069,0.7991582493505218,0.657826540348609,0.35937045554876335,-0.041939028948955744,0.8509814831251413,0.28880977624402265,0.8297251758381194,0.6957712531467991,0.3780976570399972,0.005593804174841968,0.09000117304571391,0.09000117304571391,0.0,-0.13706432735660545,-0.06853216367830273,-0.00904875099685016,0.00021674556129534116,0.3037954389037796,0.46294624987291677,0,1.366508497057396
4.842240000000014,0.7806181764224511,0.39030908821122556,0.98948740073471,0.6777777003227189,0.33888885016135945,0.010121299244594702,0.6239840937288746,0.6319617375224197,1.4916705030097634,0.6750160569986701,0.3700597896838583,-0.18485355644664067,0.7388857975155582,0.4611573654972252,1.1603181995176426,0.6851142940722829,0.37432262678665024,-0.0897225872519011,0.09000117304571391,0.09000117304571391,0.0,-0.13834594149204094,-0.06917297074602047,-0.009012279305923139,0.00021289899837625498,0.30345338456213067,0.46295792048880485,0,1.3633508551845517
4.846400000000013,0.7834390209533827,0.39171951047669135,0.9895294039963759,0.6770026874235817,0.33850134371179086,0.010080782799826502,0.932793377549896,-0.10089950823296084,1.541278132585667,0.6806184977079064,0.29380163978150264,-0.057469891076709585,0.837256567307289,0.18073747705160556,1.350682018115518,0.6828877220515315,0.33340250570899843,-0.07394546888552427,0.09000117304571391,0.09000117304571391,0.0,-0.13961427620888966,-0.06980713810444483,-0.008975963590977541,0.00020911886802849652,0.3031090604681772,0.46296939690564454,0,1.3601968251154872
4.850560000000013,0.7862566155978704,0.3931283077989352,0.9895712391255318,0.6762227146770529,0.33811135733852643,0.010040430997411878,1.1775306841337274,-0.08098727878180162,1.0969341800840429,0.467468737517004,0.3033430373238515,0.028697533461050775,1.0083687759430255,0.05050527545647123,1.22386617966134,0.5749766989877472,0.31786354098212816,-0.02271041470933765,0.09000117304571391,0.09000117304571391,0.0,-0.14086942544773562,-0.07043471272386781,-0.008939803103420657,0.00020540406800679555,0.3027624924008341,0.462980682354908,0,1.3570464299456733
4.854720000000013,0.7890709399265158,0.3945354699632579,0.9896129068052816,0.6754378388748792,0.3377189194374396,0.010000243139946179,0.4277876338149778,0.12994406638285827,1.7420406523313317,0.5935117983362247,0.38594107497509056,-0.08566135091364074,0.7193101518615931,0.09102874998483186,1.4827780451677224,0.5835110704592998,0.35152434480918404,-0.05378582186182278,0.09000117304571391,0.09000117304571391,0.0,-0.14211148254458816,-0.07105574127229408,-0.008903797098324999,0.0002017535132121871,0.3024137059499783,0.46299178001429575,0,1.3538996925060955
4.8588800000000125,0.7918819737448151,0.39594098687240753,0.9896544077158366,0.6746481163918254,0.3373240581959127,0.009960218533186871,0.6495974236336204,0.4707121389812697,0.8931554507013286,0.6839084620285901,0.5014663018756139,0.0449576556763721,0.6858754462215773,0.28191557597104266,1.1880564478651359,0.6338780804734545,0.4267553108650771,-0.004571957642941273,0.09000117304571391,0.09000117304571391,0.0,-0.14334054023480025,-0.07167027011740013,-0.008867944835002396,0.0001981661354553681,0.3020627265176811,0.4630026930086313,0,1.3507566353651996
4.863040000000012,0.7946896970914333,0.39734484854571667,0.9896957425345284,0.6738536031883905,0.33692680159419525,0.009920356486037965,1.175670151720203,0.4262269934251651,1.178259365258204,0.7675212326400156,0.19268228820258632,0.1750741226818689,0.9323724312848616,0.354474609943815,1.183522055092421,0.7007953692061395,0.30899238525563166,0.08520688662737405,0.09000117304571391,0.09000117304571391,0.0,-0.14455669065796473,-0.07227834532898236,-0.008832245576508815,0.00019464088322261288,0.30170957931943354,0.46301342441074106,0,1.3476172808308151
4.867200000000012,0.7974940902364897,0.3987470451182448,0.9897369119358224,0.6730543548135028,0.3365271774067514,0.009880656310536367,0.9691763041370769,-0.017662142297306116,0.9884794426537923,0.7633802367204718,0.41977359168358325,0.045871392293430735,0.9523639833990619,0.16927691764580474,1.0860955102714607,0.7313387487202815,0.3642936796326319,0.06519783578641156,0.09000117304571391,0.09000117304571391,0.0,-0.14576002535971888,-0.07288001267985944,-0.008796698590111396,0.00019117672144394456,0.3013542893853629,0.46302397724231975,0,1.344481650952077
4.871360000000012,0.800295133679853,0.4001475668399265,0.98977791659133,0.6722504264072076,0.3361252132036038,0.009841117321836346,0.5990164833003285,0.336821759211458,0.8077314797833077,0.7529196221286516,0.32214863656189974,0.012810762060061272,0.777253213876826,0.2537203149711456,0.9469367330915647,0.7424152613460547,0.34334677467476354,0.039709721777539696,0.09000117304571391,0.09000117304571391,0.0,-0.1469506352968748,-0.0734753176484374,-0.008761303146685856,0.00018777263126390075,0.30099688156144355,0.463034354474781,0,1.341349767521326
4.875520000000011,0.8030928081494503,0.40154640407472514,0.9898187571698225,0.6714418727033311,0.33572093635166556,0.00980173883819641,1.465741410911876,-0.06622095790322141,1.1485106129492701,0.7188348145482867,0.38279073049274287,-0.1999005435834149,1.1229968281267508,0.09454419585961796,1.047309784347227,0.7308465029208698,0.36279574121942415,-0.08031478835051974,0.09000117304571391,0.09000117304571391,0.0,-0.14812861084042273,-0.07406430542021136,-0.008726058521504085,0.0001844276098145615,0.30063738051069944,0.463044559030094,0,1.3382216520760033
4.879680000000011,0.8058870945995842,0.4029435472997921,0.9898594343372432,0.6706287480321331,0.33531437401606656,0.00976252018096289,0.77970889641442,0.1332855251206294,1.1651614814695488,0.9052667313737351,0.2426498270960688,0.008313508094777844,0.9532351682899575,0.11442056515915411,1.106255049612447,0.817189698550317,0.30237994174447375,-0.03663148851213528,0.09000117304571391,0.09000117304571391,0.0,-0.14929404177929495,-0.07464702088964748,-0.008690963993203599,0.0001811406699910412,0.30027581071439957,0.4630545937816066,0,1.3350973259005272
4.883840000000011,0.8086779742092631,0.40433898710463156,0.9898999487567205,0.6698111063229416,0.3349055531614708,0.009723460674557774,0.5538902829443697,-0.05083118314936469,0.9807943064918334,0.7027102119017984,0.1915334803766253,0.09047717250710681,0.7550237371186287,0.03219311421386632,1.0437129315955511,0.758904666668429,0.24638896677167285,0.02646196696860783,0.09000117304571391,0.09000117304571391,0.0,-0.15044701732413945,-0.07522350866206973,-0.008656018844467005,0.0001779108402294888,0.29991219647324646,0.4630644615548541,0,1.331976810028162
4.888000000000011,0.8114654283805414,0.4057327141902707,0.9899403010885808,0.6689890011067715,0.33449450055338575,0.009684559646463666,0.1999354611229266,0.44696524687468997,1.3770392367297035,0.8028244332199018,0.3258785659365147,-0.08210818973904618,0.4791466249756385,0.24025915774473003,1.2102062715717274,0.7803527123200514,0.2864859866659473,-0.02716107447240278,0.09000117304571391,0.09000117304571391,0.0,-0.15158762611046273,-0.07579381305523136,-0.008621222362168057,0.00017473716428733052,0.2995465619085571,0.46307416512835475,0,1.3288601252428718
4.89216000000001,0.8142494387368703,0.40712471936843514,0.9899804919903608,0.6681624855189295,0.33408124275946477,0.009645816427208156,1.1679202658105914,0.034083654540019215,1.4183213663043563,0.5974530892794633,0.5255088329382758,0.010291654292496458,0.8247816126690027,0.13826292907512053,1.3142858707435416,0.6885960220831625,0.4060193469004791,-0.008047234841801728,0.09000117304571391,0.09000117304571391,0.0,-0.152715956202641,-0.0763579781013205,-0.008586573836447203,0.0001716187010261326,0.29917893096343706,0.46308370723439235,0,1.3257472920811642
4.89632000000001,0.8170299871214602,0.4085149935607301,0.9900205221168206,0.6673316123016017,0.3336658061508008,0.009607230350351905,0.35267646817676035,0.4108089698271591,1.074119863683414,0.7477187027645446,0.3561955217788604,-0.09637710001958909,0.5902831711862678,0.2752791418859006,1.1940002502723126,0.7170951708700772,0.3809139692130561,-0.05197820376753581,0.09000117304571391,0.09000117304571391,0.0,-0.15383209509751183,-0.07691604754875592,-0.008552072561818724,0.00016855452419661793,0.29880932740394717,0.4630930905597855,0,1.3226383308339194
4.90048000000001,0.8198070555956537,0.40990352779782685,0.9900603921199559,0.6664964338064244,0.3332482169032122,0.009568800752472205,0.8810363078323356,-0.1512101031818231,1.2768589393269547,0.7019557706331544,0.30837993324249696,-0.16362171868631561,0.7371210312767575,0.06267391896518272,1.2350895989358572,0.7099064660447564,0.34418869938878593,-0.10767392791238346,0.09000117304571391,0.09000117304571391,0.0,-0.15493612972712323,-0.07746806486356161,-0.00851771783613954,0.0001655437222263356,0.29843777482026346,0.46310231774664407,0,1.319533261548211
4.904640000000009,0.822580626437308,0.411290313218654,0.9901001026490107,0.6656570019970445,0.33282850099852224,0.009530526973150709,0.9655623431545447,0.9101892730875619,1.15572431094271,0.6348930012855768,0.3234708998843637,0.013514817991006994,0.8526643166985042,0.4871112265349512,1.1954334914560443,0.6721775753125483,0.3334031916356449,-0.046597551072232485,0.09000117304571391,0.09000117304571391,0.0,-0.15602814646341634,-0.07801407323170817,-0.008483508961288001,0.00016258539800951264,0.29806429662782974,0.4631113913931133,0,1.316432104029111
4.908800000000009,0.8253506821391899,0.41267534106959497,0.9901396543504897,0.6648133684516573,0.33240668422582864,0.009492408354958334,0.579644446902886,0.044183409936750184,1.479615561831357,0.6017070986013909,0.3053413401767527,0.09339431488931021,0.7174048897574135,0.2662808965381346,1.337719501826021,0.6365212283628124,0.31861598071828734,0.024000488445926012,0.09000117304571391,0.09000117304571391,0.0,-0.15710823112078276,-0.07855411556039138,-0.008449445242773863,0.00015967866869942836,0.29768891606850356,0.4631203140541053,0,1.313334877841486
4.912960000000009,0.8281172054073797,0.4140586027036898,0.9901790478681707,0.6639655843655348,0.3319827921827674,0.009454444243441757,1.2920102715117605,-0.12155066238517037,0.8818534655446696,0.5027335547305586,0.2812346218655368,0.1617542629290407,1.005758734900331,0.07294694042052488,1.1101191166186946,0.5689328177975711,0.3001309129657025,0.09316730922110085,0.09000117304571391,0.09000117304571391,0.0,-0.1581764689602334,-0.0790882344801167,-0.008415525990096519,0.00015682266550310492,0.2973116562116944,0.4631290882420184,0,1.3102416023117789
4.917120000000009,0.830880179159686,0.415440089579843,0.9902182838431169,0.6631137005535345,0.33155685027676723,0.009416633987108382,0.2620391189624921,0.5064412444364257,0.7069975581942987,0.5238037744376997,0.31390708207734797,0.05977513223350334,0.6349846672741191,0.29034892495358716,0.9086796477984846,0.5456749757952241,0.3075559030753305,0.07656919104198673,0.09000117304571391,0.09000117304571391,0.0,-0.15923294469154903,-0.07961647234577451,-0.00838175051614043,0.00015401653347836623,0.29693253995549596,0.46313771642744467,0,1.3071522965297822
4.921280000000008,0.8336395865240719,0.41681979326203594,0.9902573629136895,0.6622577674525991,0.33112888372629956,0.009378976937413814,0.7771810773087531,0.29321416415949075,1.013665622347868,0.8239656635675233,0.19973076818971605,0.09131189006967239,0.7077994351187528,0.29219688112478515,0.961362445162245,0.6839643086223812,0.2537068131581667,0.08434860818053236,0.09000117304571391,0.09000117304571391,0.0,-0.16027774247875226,-0.08013887123937613,-0.008348118137746566,0.00015125943133322448,0.296551590027811,0.4631462010398654,0,1.304066979350397
4.925440000000008,0.8363954108370896,0.4181977054185448,0.9902962857155593,0.6613978351242323,0.33069891756211617,0.009341472448746887,0.5228004193635372,0.33133013929541266,0.7772906523279616,0.5651030741923362,0.25738243476485123,-0.042811138266211135,0.616474742689905,0.31230036917428233,0.8692367969678084,0.624198925524292,0.2549495169445589,0.020496936115320965,0.09000117304571391,0.09000117304571391,0.0,-0.1613109459418529,-0.08065547297092646,-0.008314628175321664,0.00014855053122778494,0.2961688289874694,0.4631545444683355,0,1.3009856693953803
4.929600000000008,0.839147635642327,0.4195738178211635,0.9903350528817193,0.6605339532569662,0.3302669766284831,0.009304119878416315,0.9727783356400971,0.7792285148185476,1.0602177522403187,0.7440787838711277,0.22479488527994768,-0.1303888049039325,0.7961789581073924,0.5462352259458813,0.9644584268190094,0.6830428067958757,0.23989826469807618,-0.05542709254575484,0.09000117304571391,0.09000117304571391,0.0,-0.16233263816020194,-0.08116631908010097,-0.008281279952874532,0.0001458890185781871,0.2957842792253389,0.4631627490621558,0,1.2979083850550852
4.9337600000000075,0.8418962446888637,0.42094812234443185,0.9903736650424969,0.6596661711688143,0.32983308558440716,0.009266918586637142,0.811746492494978,0.8914695101840797,1.1753347658662627,0.45548005085132615,0.3124601638884742,-0.05657787881977282,0.8049111382517498,0.7195049846832202,1.0697805176965385,0.5688342116245121,0.2760337814411916,-0.056063041130003786,0.09000117304571391,0.09000117304571391,0.0,-0.16334290167767707,-0.08167145083883853,-0.008248072798266573,0.00014327409186319593,0.29539796296543064,0.46317081713153496,0,1.2948351444901818
4.937920000000007,0.8446412219297375,0.4223206109648687,0.9904121228255657,0.6587945378097021,0.32939726890485105,0.00922986793651615,0.18756989229888665,-0.0841362665571399,1.049784232571185,0.6252663638477219,0.18086771134670993,0.015390675857097611,0.4975378236514933,0.3180565229708845,1.059814515271821,0.5965214205577177,0.22769336145880475,-0.020469573247670878,0.09000117304571391,0.09000117304571391,0.0,-0.16434181850370777,-0.08217090925185389,-0.008215006042820341,0.00014070496243285107,0.29500990226599555,0.4631787509482396,0,1.2917659656333746
4.942080000000007,0.8473825515204203,0.42369127576021015,0.9904504268559575,0.6579191017638919,0.32895955088194595,0.00919296729403883,0.6982247875067504,0.1359716868549506,0.9072737712816638,0.8564430490274603,0.4276338872313136,0.060924820644823484,0.5996650456208372,0.2279040296498662,0.9836703342750183,0.7260044184719885,0.32681761759011674,0.019964423510480476,0.09000117304571391,0.09000117304571391,0.0,-0.16532947011794463,-0.08266473505897232,-0.008182079021569408,0.00013818085431955483,0.29462011902061613,0.4631865527462343,0,1.288700866191105
4.946240000000007,0.8501202178173053,0.42506010890865265,0.9904885777560745,0.657039911252388,0.328519955626194,0.00915621602805532,0.6644031693319797,0.479434450497996,1.2576531648641707,0.48549711994551337,0.26544595504284324,-0.033271626838628485,0.633046410465484,0.3542248994798129,1.1205942544902976,0.6047900073383009,0.29528007968797143,-0.006550058202481906,0.09000117304571391,0.09000117304571391,0.0,-0.16630593747354983,-0.08315296873677491,-0.008149291072973387,0.00013570100405142327,0.2942286349592905,0.4631942247223104,0,1.285639863645241
4.950400000000006,0.8528542053762025,0.42642710268810124,0.9905265761457006,0.6561570141353267,0.32807850706766334,0.00911961351026747,1.6111566775916795,0.3576659483784671,0.889447532415771,0.6070671438112475,0.31145903524367513,0.12050291408696881,1.1233715290477804,0.3565947375791556,1.0052697192555904,0.6057078608919636,0.30266465087730404,0.05706413104155398,0.09000117304571391,0.09000117304571391,0.0,-0.16727130099985632,-0.08363565049992816,-0.00811664153916742,0.00013326466046793462,0.29383547164951007,0.46320176903670457,0,1.2825829752547604
4.954560000000006,0.8555844989508457,0.4277922494754228,0.990564422642014,0.6552704579143547,0.32763522895717734,0.009083159115214843,0.8281865640755669,0.6731157453380112,1.3958847027867305,0.8357362758998456,0.21536336170429604,-0.008398711565088922,0.9775169410416035,0.5153047537562314,1.2005605886276622,0.7199125692438767,0.2593331358062009,0.02524406642426534,0.09000117304571391,0.09000117304571391,0.0,-0.1682256406062117,-0.08411282030310585,-0.00808412976589104,0.00013087108453774764,0.2934406504973306,0.46320918781370723,0,1.2795302180574173
4.958720000000006,0.8583110834914081,0.42915554174570403,0.9906021178595985,0.6543802897349904,0.3271901448674952,0.00904685222026103,0.6183704175302567,-0.08449960381676103,0.7255695121520047,0.5204531102393526,0.4211651685240536,0.01220707553815527,0.7990253641255183,0.21627398014157845,0.9630871928447134,0.619392295318417,0.3404354570507758,0.01868994011935971,0.09000117304571391,0.09000117304571391,0.0,-0.16916903568487185,-0.08458451784243592,-0.008051755102309668,0.00012851954917888185,0.2930441927484364,0.46321648314226055,0,1.2764816088714042
4.9628800000000055,0.8610339441430288,0.4305169720715144,0.9906396624104551,0.6534865563889726,0.3267432781944863,0.009010692205580597,1.3322267082831867,0.4347655547767074,1.0870204137018633,0.7327581477240188,0.2137792611519207,-0.036669118057076996,1.0671535855225465,0.32596658692149416,1.0249783298961312,0.6762109528231862,0.2768096847352197,-0.008952435956200001,0.09000117304571391,0.09000117304571391,0.0,-0.17010156511454388,-0.08505078255727194,-0.008019516901156654,0.00012620933908106662,0.2926461194891987,0.4632236570765467,0,1.273437164296995
4.967040000000005,0.8637530662443479,0.43187653312217394,0.990677056904014,0.6525893043165928,0.3262946521582964,0.008974678454145492,1.0655679092188604,0.863601732088225,1.201383986549626,0.8841166016121615,0.32426864594228466,-0.04653695224771701,1.0682013218383708,0.5954624647483976,1.113085244637755,0.7793576836182415,0.3005006403346363,-0.02757280571848712,0.09000117304571391,0.09000117304571391,0.0,-0.17102330726308423,-0.08551165363154212,-0.007987414518661501,0.0001239397505303184,0.29224645164772656,0.46323071163656643,0,1.2703969007181861
4.971200000000005,0.8664684353260521,0.43323421766302606,0.9907143019471462,0.651688579609016,0.325844289804508,0.008938810351711717,0.8618678972646029,0.19039022989752138,0.9143438707276057,0.8541144666971554,0.2737296759746198,-0.1464841235554735,0.9668112900514734,0.3934933172633484,1.0134084064649744,0.8159662369365327,0.28689824889945403,-0.08698343918697123,0.09000117304571391,0.09000117304571391,0.0,-0.1719343399915969,-0.08596716999579845,-0.007955447314691916,0.00012171009123573096,0.29184520999491226,0.4632376488087074,0,1.267360834304319
4.975360000000005,0.8691800371094296,0.4345900185547148,0.9907513981441746,0.6507844280105836,0.3253922140052918,0.008903087286805302,0.7489782945893991,0.40239577805021637,0.844288428562129,0.655921626719375,0.45059033924469283,0.013487279141606683,0.8592584159289164,0.39888297109824744,0.9288762716145533,0.7355454603955959,0.3681826076815309,-0.03722783010238901,0.09000117304571391,0.09000117304571391,0.0,-0.172834740656296,-0.086417370328148,-0.007923614652146617,0.00011951968015846048,0.2914424151454692,0.4632444705463039,0,1.264328981011697
4.979520000000004,0.8718878575049342,0.4359439287524671,0.9907883460968858,0.6498768949211062,0.3249384474605531,0.008867508650710888,0.32585652690705413,0.6350067741488983,1.4000643872539895,0.6473316481451181,0.39283066095696495,-0.10724219987183597,0.5939008448075227,0.5177631200295418,1.1642510079730621,0.6911196927957927,0.3807364393359251,-0.07244309392846768,0.09000117304571391,0.09000117304571391,0.0,-0.1737245861129424,-0.0868622930564712,-0.007891915897631135,0.00011736784734287336,0.29103808755896476,0.46325117877018684,0,1.2613013565851898
4.983680000000004,0.8745918826107598,0.4372959413053799,0.9908251464045419,0.6489660253981395,0.32448301269906976,0.008832073837457387,1.2554879836782749,0.3772287697462901,0.7541672548385614,0.6889108733048872,0.20731470825718962,-0.0038718731405894373,0.9261335031179907,0.44792630653199395,0.9591993041117842,0.6892725951173119,0.2939710498441244,-0.038688698557936364,0.09000117304571391,0.09000117304571391,0.0,-0.1746039527191532,-0.0873019763595766,-0.007860350421386046,0.00011525393374985279,0.2906322475408455,0.46325777536922436,0,1.2582779765598262
4.987840000000004,0.8772920987114233,0.43864604935571166,0.9908617996638911,0.6480518641592471,0.32402593207962355,0.008796782243803978,0.9611892661316709,-0.11453167329223019,0.6909055161463389,0.79511455601769,0.449353486251147,-0.1901083057573081,0.945316908995304,0.16762669801543487,0.8246553200386797,0.7414828868172645,0.37228942671862064,-0.11448836231702159,0.09000117304571391,0.09000117304571391,0.0,-0.17547291633811102,-0.08773645816905551,-0.007828917596679426,0.00011317729109218365,0.2902249152434567,0.46326426220085387,0,1.255258856262378
4.9920000000000035,0.8799884922763577,0.43999424613817884,0.9908983064691795,0.6471344555842485,0.32356722779212427,0.008761633269228564,1.7208832754282883,0.5687720177696073,1.0736387080975107,0.615233386964781,0.3177668675111342,0.08835411574176091,1.3343856602783266,0.36886417621830503,0.9493325313042934,0.6781385315234008,0.34451931209763675,-0.013080579101384538,0.09000117304571391,0.09000117304571391,0.0,-0.17633155234099807,-0.08816577617049903,-0.0077976168002681714,0.00011113728167222008,0.28981611066705537,0.4632706410916051,0,1.2522440108129334
4.996160000000003,0.8826810499585137,0.44134052497925685,0.9909346674121625,0.6462138437174558,0.3231069218587279,0.008726626315914317,0.9970571145311939,0.6567144544518339,0.8967669697272228,0.6871545338448879,0.25692733130436907,-0.027520262502960628,1.1671495322653818,0.5133263982345848,0.9229910698344453,0.6820478492739795,0.3004080633914041,-0.019784274807509928,0.09000117304571391,0.09000117304571391,0.0,-0.1771799356104018,-0.0885899678052009,-0.007766447412432299,0.00010913327822143829,0.2894058536608173,0.4632769138376142,0,1.2492334551264588
5.000320000000003,0.8853697585929716,0.4426848792964858,0.9909708830821156,0.6452900722698942,0.3226450361349471,0.008691760788736012,0.4912393138558357,0.536918075466289,1.194270374111573,0.5919029783551613,0.37436731115937744,-0.0781545374253148,0.8304223120292663,0.5259009866907935,1.0584695187318176,0.6362706601199085,0.33742543736059605,-0.0487048879882886,0.09000117304571391,0.09000117304571391,0.0,-0.1780181405439456,-0.0890090702719728,-0.007735408816580913,0.0001071646637423085,0.28899416392383737,0.4632830822051297,0,1.2462272039143503
5.004480000000003,0.8880546051955612,0.4440273025977806,0.9910069540658457,0.644363184621508,0.322181592310754,0.008657036095248033,0.8366780613089315,0.35207389997204463,1.0406430105530597,0.6055982082964906,0.3513494924547017,-0.07814367629720437,0.8348107438407508,0.4397167680361632,1.049394211419583,0.6205100130788079,0.344509504466621,-0.063714790741935,0.09000117304571391,0.09000117304571391,0.0,-0.1788462410558962,-0.0894231205279481,-0.00770450039960642,0.00010523083135202617,0.2885810610061243,0.4632891479310098,0,1.2432252716859777
5.008640000000002,0.8907355769614919,0.44536778848074593,0.9910428809477027,0.6434332238233578,0.3217166119116789,0.008622451645670826,0.9017254510067487,0.5844406300932141,0.3426200104841728,0.5098619729150907,0.19849665118242127,-0.07277716180505932,0.8693298299665849,0.5124940071871295,0.6958519933451109,0.5648246334890898,0.27082570700788094,-0.06882356212816466,0.09000117304571391,0.09000117304571391,0.0,-0.1796643105819864,-0.0898321552909932,-0.007673721551704371,0.00010333118412848258,0.28816656430958876,0.46329511272321117,0,1.2402276727502133
5.012800000000002,0.893412661263991,0.4467063306319955,0.9910786643095897,0.6425002325997969,0.32125011629989847,0.008588006852878138,0.995565487541545,0.10905041933624948,1.1358820936482052,0.6717249182548481,0.2601034220065962,-0.1087612046648617,0.9338458410317656,0.3113110408561561,0.9156443268095488,0.6182051046872532,0.26515600521131455,-0.08899387019563673,0.09000117304571391,0.09000117304571391,0.0,-0.1804724220809355,-0.09023621104046775,-0.007643071666299628,0.00010146513495808821,0.28775069308902534,0.46330097826127037,0,1.2372344212169553
5.016960000000002,0.896085845652952,0.448042922826476,0.9911143047309746,0.6415642533506412,0.3207821266753206,0.008553701132384475,1.141589151897627,0.7037717035848892,1.0058612276365446,0.4649741360537861,0.4972019063470884,0.03974791214873246,1.0386856329256757,0.5085776293224589,0.9608370437491619,0.5418157486216018,0.3814788767496367,-0.02509317437713334,0.09000117304571391,0.09000117304571391,0.0,-0.18127064803800685,-0.09063532401900343,-0.007612550139972307,9.96321063857767e-05,0.28733346645308866,0.46330674619677625,0,1.2342455309986389
5.021120000000002,0.8987551178535909,0.44937755892679543,0.991149802788901,0.6406253281533215,0.32031266407666076,0.008519533902332902,0.847697462892735,0.9902454302942,0.6649121931793849,0.5965522409676783,0.389390299857888,-0.08411252194578868,0.9444317140595655,0.7502256172794955,0.8126967270309142,0.5688480932533629,0.38505108604507476,-0.05418117268619831,0.09000117304571391,0.09000117304571391,0.0,-0.18205906046847087,-0.09102953023423543,-0.007582156372811635,9.783153046693212e-05,0.2869149033652637,0.46331241815383534,0,1.2312610158117363
5.025280000000001,0.9014204657651118,0.4507102328825559,0.9911851590579988,0.6396834987650228,0.3198417493825114,0.008485504583481322,0.3723670643048237,0.454362348306447,1.2488108268356704,0.7131867735598513,0.22838315548121285,-0.23046538208148457,0.6598794418048846,0.602766940252533,1.0302779198759011,0.6406966582687336,0.3067283753068974,-0.1425295884053871,0.09000117304571391,0.09000117304571391,0.0,-0.1828377309193634,-0.0914188654596817,-0.007551889768021264,9.606284862128787e-05,0.28649502264482896,0.4633179957295289,0,1.2282808891782502
5.029440000000001,0.9040818774593818,0.4520409387296909,0.9912203741104954,0.6387388066248134,0.3193694033124067,0.008451612599190361,0.29708864111018396,0.08199757643398042,0.9657191794284662,0.5834740965950821,0.3719511049084593,0.026805047867749503,0.4796965280631714,0.34315206923320635,0.9980535514946761,0.6114081285112932,0.3394281298244361,-0.057728793342088566,0.09000117304571391,0.09000117304571391,0.0,-0.1836067304738207,-0.09180336523691035,-0.007521749732058658,9.432551148883312e-05,0.28607384296781535,0.46332348049436295,0,1.2253051644271935
5.033600000000001,0.9067393411796142,0.4533696705898071,0.9912554485162263,0.6377912928557556,0.3188956464278778,0.008417857375410696,0.858204891733791,-0.19308655920374246,1.2620980738106433,0.49862205330775333,0.27590272783659747,0.07696369717911536,0.6699906634294428,0.07560281604536032,1.1302375177366275,0.5549330802662553,0.307696559915053,0.009716931736404352,0.09000117304571391,0.09000117304571391,0.0,-0.18436612975296396,-0.09218306487648198,-0.007491735674560664,9.261897878759976e-05,0.2856513828679574,0.46332887399271017,0,1.2223338546960614
5.0377600000000005,0.9093928453390601,0.45469642266953003,0.9912903828426457,0.636840998267008,0.318420499133504,0.00838423834067063,1.0672582237335828,0.2354838475321944,1.3814719813608498,0.6737045940381788,0.30439615418907034,0.07825334102904614,0.8700298913474771,0.15617918128437563,1.2560182640969253,0.6136467448358455,0.30527934856922395,0.04446549881908406,0.09000117304571391,0.09000117304571391,0.0,-0.18511599891875408,-0.09255799945937704,-0.007461847008161632,9.094271917343357e-05,0.28522766073763955,0.46333417774324487,0,1.2193669729322945
5.04192,0.9120423785197097,0.45602118925985485,0.9913251776548376,0.6358879633559141,0.31794398167795707,0.008350754926064427,1.0691255634054164,-0.061339101733121904,0.707878418657456,0.606934845866692,0.3299627480567301,0.20620596081475306,0.9708415688021771,0.048104410661742265,0.9823734317705184,0.6102712966904908,0.3178213934222129,0.12531403293780316,0.09000117304571391,0.09000117304571391,0.0,-0.18585640767824585,-0.09292820383912292,-0.007432083149060471,8.929621010164536e-05,0.2848026948288368,0.4633393932393707,0,1.2164045318947283
5.04608,0.9146879294710016,0.4573439647355008,0.9913598335155261,0.6349322283100731,0.31746611415503656,0.008317406565238246,1.0144471259597776,-0.012656556979846523,1.055904537662564,0.555537088971698,0.4419410061923224,0.09911774827470769,0.9938014766843829,0.018642424041893098,1.0193463479285512,0.5822714509022012,0.3800184958274755,0.11188740083700341,0.09000117304571391,0.09000117304571391,0.0,-0.18658742528442995,-0.09329371264221498,-0.007402443516304404,8.767893769060149e-05,0.2843765032540483,0.463344521949641,0,1.2134465441550386
5.05024,0.9173294871085408,0.4586647435542704,0.9913943509850861,0.6339738330094055,0.31698691650470273,0.008284192694379059,0.6044058275863484,0.5450605479323712,0.35965053562412463,0.6132599007668524,0.504461640178302,0.01723603184987809,0.8003788264566204,0.28290405427632737,0.6895296796623523,0.5966402785363845,0.4424152276126281,0.06456601619877363,0.09000117304571391,0.09000117304571391,0.0,-0.18730912054071736,-0.09365456027035868,-0.007372927532141159,8.609039658708337e-05,0.2839491039872261,0.4633495653181724,0,1.2104930220991723
5.054399999999999,0.919967040512825,0.4599835202564125,0.9914287306215536,0.6330128170281993,0.31650640851409967,0.008251112752202057,1.1149614501192293,0.011293791261526742,0.8806242756064293,0.6656930872653503,0.5168380603974598,-0.057142515945467834,0.9590576331469567,0.14817152476832346,0.784958987655014,0.6308394645325113,0.4798649604901146,0.003946681824499419,0.09000117304571391,0.09000117304571391,0.0,-0.18802156180329432,-0.09401078090164716,-0.007343534621836775,8.453008983360843e-05,0.2835205148646982,0.4633545247650514,0,1.207543977928771
5.058559999999999,0.9226005789279798,0.4613002894639899,0.9914629729806367,0.6320492196371459,0.31602460981857294,0.008218166179938837,0.8170104802398233,0.2980835186936188,0.6125305453191241,0.6744964279048364,0.25265282879063533,0.06672196384526341,0.8894373316518668,0.22365347916233008,0.6988821288698741,0.652022755756587,0.3665629487416244,0.03543166350950702,0.09000117304571391,0.09000117304571391,0.0,-0.18872481698327426,-0.09436240849163713,-0.007314264214135273,8.29975287374977e-05,0.2830907535860845,0.46335940168673434,0,1.204599423662586
5.062719999999999,0.9252300917605021,0.46261504588025104,0.9914970786157256,0.6310830798053647,0.31554153990268236,0.008185352421323603,0.27258919526164227,0.4246630362491074,0.7560654685217674,0.6691062871310762,0.3586562549231856,-0.05992617279653468,0.5824019476695128,0.3249052525615299,0.7273504197995305,0.6599484374533169,0.3628054603885329,-0.012657393977498684,0.09000117304571391,0.09000117304571391,0.0,-0.18941895355003013,-0.09470947677501507,-0.007285115740327516,8.149223274181624e-05,0.282659837715209,0.4633641974564405,0,1.2016593711378822
5.0668799999999985,0.9278555685780121,0.46392778428900605,0.991531048077903,0.6301144362024148,0.3150572181012074,0.00815267092258325,0.31521508986178315,0.39180457187577855,1.1842223882891663,0.5010935757359759,0.38327017677595676,-0.07418873168410639,0.44984871606119575,0.3591539755000405,0.955636165018322,0.5806240306572502,0.3723612480593797,-0.04383957977557268,0.09000117304571391,0.09000117304571391,0.0,-0.19010403853475233,-0.09505201926737616,-0.007256088635137527,8.001372929807108e-05,0.28222778468100485,0.46336891342453873,0,1.198723832011832
5.071039999999998,0.9304769991080133,0.46523849955400665,0.9915648819159548,0.6291433272002892,0.3145716636001446,0.008120121132423759,0.6705909622487736,0.9455642958359527,1.081739178649667,0.6488131531003407,0.474231681927042,-0.24407832674461624,0.5615708826592782,0.6533494730266486,1.0181804069425113,0.6147207718226223,0.4233640593051911,-0.143719434148856,0.09000117304571391,0.09000117304571391,0.0,-0.1907801385316623,-0.09539006926583116,-0.007227182336112303,7.85615537406988e-05,0.28179461177841425,0.46337355091892785,0,1.1957928177629027
5.075199999999998,0.9330943732366608,0.4665471866183304,0.9915985806763798,0.6281697908754035,0.31408489543770174,0.008087702502019069,0.8859861685250279,0.3608201482797023,0.7817252820925565,0.7639683677361172,0.44817060672020426,0.09411813539387628,0.7253715875229695,0.5080148748999922,0.9001451653751463,0.6884888063460873,0.43579969235982186,-0.02395635595841258,0.09000117304571391,0.09000117304571391,0.0,-0.19144731970179896,-0.09572365985089948,-0.007198396283973368,7.713524916336904e-05,0.28136033616928235,0.4633781112454103,0,1.192866339692232
5.079359999999998,0.9357076810075381,0.46785384050376905,0.9916321449034007,0.6271938650105683,0.31359693250528414,0.00805541448499852,1.2460541078623173,0.1774252431224026,0.9251857104423047,0.788245969955688,0.22673135496895933,0.03706790781632954,0.987355526386237,0.34319002617111316,0.9127423208591814,0.7385982725674235,0.3309491254143358,0.006740570646672496,0.09000117304571391,0.09000117304571391,0.0,-0.19210564777553185,-0.09605282388776593,-0.007169729922540995,7.573436629690668e-05,0.2809249748832462,0.46338259568806006,0,1.1899444089249958
5.083519999999997,0.938316912620442,0.469158456310221,0.9916655751389734,0.6262155870969497,0.31310779354847484,0.008023256537434536,0.8155272918604849,0.3354270613322806,0.9752579480272193,0.6478836178271297,0.3545303602256018,-0.09192402302805439,0.9027900612024597,0.34004711491163075,0.9438092735620648,0.6921526623909761,0.34215514524257323,-0.0425377897977542,0.09000117304571391,0.09000117304571391,0.0,-0.19275518805497494,-0.09637759402748747,-0.007141182698336836,7.43584633890337e-05,0.2804885448186175,0.46338700550958417,0,1.1870270364117668
5.087679999999997,0.9409220584301754,0.4704610292150877,0.9916988719227977,0.6252349943360188,0.3126174971680094,0.007991228117831992,1.4295123249869581,0.33999016167817636,1.2684283461930148,0.5996431960483042,0.4326873227119714,-0.0552154911537301,1.1674018861404527,0.34092012083547024,1.1060050420012006,0.6460159218408619,0.3866913460680865,-0.04830229609844622,0.09000117304571391,0.09000117304571391,0.0,-0.19339600541737112,-0.09669800270868556,-0.007112754061041927,7.300710608576454e-05,0.2800510627432603,0.4633913419516781,0,1.184114232929862
5.091839999999997,0.9435231089453483,0.47176155447267415,0.9917320357923274,0.6242521236414863,0.31212606182074315,0.007959328687115639,1.0759719242410237,1.3511536494897283,1.2219803659663184,0.6358599205459234,0.33535344642019405,0.07854767834130105,1.1230101267930723,0.8467408094073884,1.1641567433429358,0.6403176862610558,0.361347966103446,0.01518624805419505,0.09000117304571391,0.09000117304571391,0.0,-0.1940281643168804,-0.0970140821584402,-0.007084443463206386,7.167986731451664e-05,0.2796125452954626,0.46339560623537557,0,1.1812060090846843
5.0959999999999965,0.9461200548271868,0.4730600274135934,0.9917650672827799,0.6232670116412283,0.31163350582061417,0.007927557708618705,1.1911078006921347,0.22606641573684044,0.9123522695295558,0.7202627735266545,0.12091341220114366,0.032085918281972846,1.158558441376351,0.5366513869486594,1.0383198740306088,0.6798641319072322,0.24084739792843543,0.02344660159153298,0.09000117304571391,0.09000117304571391,0.0,-0.19465172878808823,-0.09732586439404411,-0.0070562503603864846,7.037632716883332e-05,0.279173008984803,0.4633997995613923,0,1.1783023753110538
5.100159999999996,0.9487128868883501,0.47435644344417505,0.9917979669271468,0.6222796946791971,0.31113984733959854,0.007895914648070943,1.2503268305607174,0.4211038098218691,0.7972355688328308,0.6079200798299769,0.46738124373411505,-0.19407600910369935,1.2057094219893791,0.47984805103262523,0.9173736391253983,0.6430851506358491,0.3545220923330074,-0.08591487504029303,0.09000117304571391,0.09000117304571391,0.0,-0.19526676244759567,-0.09763338122379783,-0.007028174211174958,6.909607279483441e-05,0.27873247019301184,0.4634039231104642,0,1.1754033418745293
5.104319999999996,0.9513015960917556,0.4756507980458778,0.9918307352562035,0.6212902088173237,0.31064510440866183,0.007864398973586505,0.7104518038245452,0.3759139495883489,0.7756128500816061,0.7127067549730255,0.3194831818449419,-0.17573756041758318,0.9595602782303853,0.428544836974054,0.846126911997084,0.6775445359054204,0.33698169192225536,-0.13091104662677522,0.09000117304571391,0.09000117304571391,0.0,-0.19587332849818373,-0.09793666424909186,-0.007000214476910044,6.783869827923017e-05,0.2782909451748268,0.4634079780436795,0,1.1725089188727218
5.108479999999996,0.9538861735494114,0.4769430867747057,0.9918633727985187,0.6202985898374026,0.3101492949187013,0.00783301015565302,1.5523958612408233,0.41760575631292873,0.6928689534241141,0.6884772491696939,0.2093183796100111,0.07063920572488319,1.2574143525162014,0.42351155111192385,0.7696444520721232,0.6829516342921722,0.27269906383390796,-0.030468233466138597,0.09000117304571391,0.09000117304571391,0.0,-0.196471489730208,-0.098235744865104,-0.006972370621704811,6.66038045389717e-05,0.27784845005884296,0.4634119655028061,0,1.169619116236598
5.112639999999995,0.9564666105212571,0.47823330526062857,0.991895880080465,0.6193048732429696,0.3096524366214848,0.0078017476671205345,1.123569768938312,-0.07360225409821564,0.8869134013165297,0.44332403798423536,0.12389311714633172,0.051965948282544264,1.191413030991051,0.17521042140783277,0.8283870570488349,0.5632465749357412,0.1975567703828428,0.011117622556729847,0.09000117304571391,0.09000117304571391,0.0,-0.19706130852396075,-0.09853065426198038,-0.0069446421129047975,6.539099921241913e-05,0.2774050008483574,0.46341588661061284,0,1.16673394373178
5.116799999999995,0.959042898414012,0.479521449207006,0.9919282576262283,0.6183090942611683,0.30915454713058416,0.007770610983188549,0.8781538138995355,0.2802205443150366,1.0538963781516895,0.43303326689666877,0.28118805117024226,-0.2968887964447323,1.0356822025598196,0.22830245960536813,0.9405257238371412,0.4980157576695964,0.23870399587660598,-0.14284101469035285,0.09000117304571391,0.09000117304571391,0.0,-0.19764284685385847,-0.09882142342692923,-0.006917028420261987,6.419989655220117e-05,0.2769606134222096,0.46341974247118567,0,1.1638534109598273
5.120959999999995,0.9616150287800311,0.48080751439001557,0.9919605059578174,0.6173112878445991,0.30865564392229955,0.007739599581396439,0.8343942287044377,0.8859757410208826,0.802636732066105,0.38601479963532315,0.17339734482085664,-0.03263722782139238,0.9358421054851092,0.5575042413398756,0.8715147132575372,0.4408690048494402,0.20611373403050562,-0.08886876822111321,0.09000117304571391,0.09000117304571391,0.0,-0.19821616628921856,-0.09910808314460928,-0.00688952901681944,6.303011731960879e-05,0.27651530353561493,0.46342353417023857,0,1.1609775273595195
5.125119999999995,0.9641829933161693,0.48209149665808465,0.9919926255950741,0.6163114886731632,0.3081557443365816,0.007708712941610213,1.1588838885537753,0.40173414540071944,0.4912165585741879,0.5898587437995417,0.13012306422474962,0.02655576393568412,1.0485930664852825,0.4798895041555488,0.6814165164385568,0.5145755195271979,0.1677633075400102,-0.030349560052909674,0.09000117304571391,0.09000117304571391,0.0,-0.19878132799803416,-0.09939066399901708,-0.006862143378192364,6.188128868036644e-05,0.27606908682099385,0.46342726277541924,0,1.1581063022081237
5.129279999999994,0.9667467838626522,0.4833733919313261,0.9920246170556825,0.6153097311558903,0.30765486557794514,0.007677950546012232,1.123453378071269,1.0657488308656227,0.938612679710572,0.43542352230616405,0.30541389359083543,-0.07303206721494494,1.0869297245968368,0.7734590405905322,0.8098648760432924,0.4748554141712175,0.23632902147648,-0.05187215463053561,0.09000117304571391,0.09000117304571391,0.0,-0.19933839274862053,-0.09966919637431026,-0.006834870982810593,6.075304410216913e-05,0.27562197878879563,0.4634309293366097,0,1.155239744622658
5.133439999999994,0.9693063924019554,0.4846531962009777,0.9920564808551786,0.6143060494327582,0.3071530247163791,0.007647311879089913,1.2150269430034377,0.1267108298107698,1.2713002448500454,0.7000191631875163,0.3911887766304327,0.15068334433273547,1.152435500967628,0.4508946445176521,1.0408980611499123,0.5873020329994443,0.313473151934009,0.049943266343686635,0.09000117304571391,0.09000117304571391,0.0,-0.19988742091308476,-0.09994371045654238,-0.006807711311840464,5.964502325347978e-05,0.27517399482831717,0.4634345348862219,0,1.152377863561143
5.137599999999994,0.9718618110576908,0.4859309055288454,0.9920882175069604,0.6133004773764975,0.30665023868824876,0.007616796427624739,0.7970656631645727,0.12270902384095494,0.8959709331076935,0.5073495543570656,0.20571498709877262,0.21504926470746769,0.9758045439820975,0.28722854234323997,0.9688785859226435,0.5467652972696423,0.2590607664943856,0.1335403169258137,0.09000117304571391,0.09000117304571391,0.0,-0.20042847246898776,-0.10021423623449388,-0.00678066384953473,5.8556871903989295e-05,0.27472515020851607,0.4634380804394886,0,1.149520667823846
5.1417599999999934,0.9744130320935007,0.48720651604675036,0.9921198275222965,0.6122930485943876,0.3061465242971938,0.007586403680679776,0.9655415039917234,0.6482545263499144,1.2037794601867768,0.6641174014520164,0.41324349509394714,-0.05355615783581183,0.9720559287985108,0.46860306924307144,1.0862199789217428,0.604649226528413,0.3363950977341224,0.03966390717777219,0.09000117304571391,0.09000117304571391,0.0,-0.20096160700208143,-0.10048080350104072,-0.0067537280824055135,5.748824182641866e-05,0.27427546007881876,0.4634415669947489,0,1.1466681660545202
5.145919999999993,0.9769600479119592,0.4884800239559796,0.9921513114103365,0.6112837964300409,0.30564189821502047,0.007556133129590664,0.8996239475618708,0.37716488647587565,1.0505877379289694,0.6389036726586709,0.08950179562977464,0.1021535650302977,0.9371706501278179,0.4230698997073705,1.0686144828131645,0.620659797269516,0.2127716432824873,0.07167538410935965,0.09000117304571391,0.09000117304571391,0.0,-0.20148688370937284,-0.10074344185468642,-0.006726903500215056,5.6438790699902435e-05,0.2738249394699243,0.4634449955337297,0,1.1438203667416282
5.150079999999993,0.9795028510534808,0.4897514255267404,0.9921826696781196,0.6102727539651736,0.3051363769825868,0.007525984267952414,0.6055852322756632,0.9574923170771141,0.6098750991779154,0.5960141624705786,0.2693073488245266,0.016414160147105124,0.7726174439801861,0.6908442847728018,0.8392773579778899,0.6073139237019106,0.2413795228200749,0.043261643955512206,0.09000117304571391,0.09000117304571391,0.0,-0.20200436140027533,-0.10100218070013767,-0.006700189595041931,5.5408182014584864e-05,0.2733736032946016,0.46344836702182185,0,1.1409772782195664
5.154239999999993,0.9820414341952365,0.49102071709761824,0.9922139028305846,0.6092599540213692,0.3046299770106846,0.007495956591610158,0.9062656830071415,0.5300800675546983,1.241764660876708,0.6932171532218567,0.19063177308606233,0.03454237502401756,0.8408851786366275,0.6108589377837739,1.0405959433098118,0.6498713123550817,0.21534628847006007,0.03877257370419088,0.09000117304571391,0.09000117304571391,0.0,-0.20251409850086222,-0.10125704925043111,-0.006673585861950517,5.4396084977854755e-05,0.2729214663484829,0.46345168240835216,0,1.1381389086698714
5.158399999999992,0.9845757901500775,0.49228789507503873,0.992245011370579,0.6082454291618258,0.3041227145809129,0.007466049598647,1.496453896125518,-0.038333116905819586,1.2198723816062043,0.5904837983738848,0.21228492996575762,0.0008966287556962322,1.1699023108891233,0.28670134240164097,1.1302369231452523,0.62018276780954,0.2131290728399719,0.020009529654760955,0.09000117304571391,0.09000117304571391,0.0,-0.20301615305439102,-0.10150807652719551,-0.006647091798591655,5.340217442181056e-05,0.27246854331085146,0.4634549426268506,0,1.1353052661224279
5.162559999999992,0.9871059118654654,0.4935529559327327,0.992275995798868,0.6072292116930975,0.30361460584654876,0.007436262789373577,0.7413260342066879,0.5161733563577952,1.064142335614736,0.7687800172325545,0.13578858232756755,-0.05109183422570669,0.9572110227524555,0.4017213469359547,1.0970836680474227,0.6940828360884479,0.1744851592623577,-0.01590717975517495,0.09000117304571391,0.09000117304571391,0.0,-0.20351058272514533,-0.10175529136257266,-0.006620706905337365,5.2426130712239815e-05,0.27201484874542475,0.4634581485953132,0,1.132476358456662
5.166719999999992,0.9896317924224105,0.49481589621120525,0.9923068566141444,0.6062113336668211,0.30310566683341056,0.007406595666317045,1.03256852398287,0.5626820627801853,0.5987757997597265,0.42521582296518,0.3141860565833388,-0.03289486032564834,0.9957758570795374,0.48285705978181626,0.8478592720565398,0.5591280614606585,0.24397529569000287,-0.025094939040472327,0.09000117304571391,0.09000117304571391,0.0,-0.20399744479982695,-0.10199872239991348,-0.0065944306850946564,5.146763965879987e-05,0.2715603971011324,0.4634613012164606,0,1.129652193402728
5.1708799999999915,0.9921534250344165,0.49607671251720825,0.9923375943130369,0.6051918268814347,0.30259591344071735,0.0073770477342108105,0.8228602101933976,0.4320046637519644,1.3989830575072923,0.48960467122734913,0.17523472716645008,0.051927906492232445,0.9103358105910243,0.457797219240857,1.1235332949067656,0.5240710296247069,0.20853705534459002,0.013284080259876577,0.09000117304571391,0.09000117304571391,0.0,-0.20447679619119952,-0.10223839809559976,-0.006568262643439925,5.0526392426665243e-05,0.2711052027128893,0.4634644013779921,0,1.1268327785426875
5.175039999999991,0.9946708030464326,0.4973354015232163,0.9923682093901202,0.6041707228838805,0.30208536144194026,0.007347618499983701,1.2602542584854721,1.222669921943087,1.1532740845684348,0.6009321394856711,0.15272837930555686,-0.009402577788827752,1.0865482360339696,0.8405565785590188,1.1383839048246078,0.5620968070500848,0.18064340605914164,0.0021518171772667905,0.09000117304571391,0.09000117304571391,0.0,-0.204948693438747,-0.1024743467193735,-0.006542202288860766,4.960208544944112e-05,0.27064927980236353,0.46346744995283573,0,1.1240181213116824
5.179199999999991,0.9971839199338131,0.49859195996690653,0.9923987023379233,0.6031480529713044,0.3015740264856522,0.007318307472748072,0.9509543765055419,-0.13004598601227757,0.5723192224977333,0.44048178447214337,0.3974896602015604,-0.11046591973103567,1.019666919210922,0.356076700880715,0.8551163565494728,0.5011179814593685,0.2883653176156884,-0.05343811665239232,0.09000117304571391,0.09000117304571391,0.0,-0.2054131927128655,-0.10270659635643276,-0.006516249132141775,4.8694420343398386e-05,0.2701926424787401,0.46347044779939395,0,1.1212082289990957
5.183359999999991,0.9996927693012828,0.4998463846506414,0.9924290736469391,0.6021238481927361,0.30106192409636806,0.007289114163790557,1.6214250108130375,1.0785934843473644,1.3205324957961417,0.46616458935640936,0.29715262561162453,-0.004043069319837313,1.3215206892454328,0.7179583171977628,1.0878187993764648,0.4832085260023806,0.2927103394397371,-0.02851580177493247,0.09000117304571391,0.09000117304571391,0.0,-0.20587034981553543,-0.10293517490776771,-0.006490402686819205,4.780310382300216e-05,0.2697353047394786,0.4634733957617854,0,1.1184031087497095
5.18751999999999,1.002197344881911,0.5010986724409555,0.9924593238056331,0.6010981393507671,0.30054906967538353,0.007260038086560797,1.0237949966482063,0.49777427159863613,0.6473552385385555,0.5258598777866753,0.308796615250213,-0.1375586027011566,1.1737516541403477,0.6085065621036984,0.867297888420782,0.503511478427326,0.3009830241936993,-0.08306363809905125,0.09000117304571391,0.09000117304571391,0.0,-0.20632022018399376,-0.10316011009199688,-0.006464662468780261,4.6927847617719915e-05,0.2692772804710677,0.4634762946700827,0,1.1156027675648503
5.19167999999999,1.004697640536091,0.5023488202680455,0.9924894533004525,0.6000709570032102,0.3000354785016051,0.0072310787566619095,1.3549500064547364,0.6451641934302357,1.0474121821374998,0.2701478020233208,0.22768607897506066,-0.1866457883757466,1.2649172166027107,0.6273098761525868,0.9569675027221404,0.3852968498046533,0.26402118813095815,-0.13457155644784857,0.09000117304571391,0.09000117304571391,0.0,-0.20676285889184776,-0.10338142944592388,-0.006439027996931936,4.6068368390068986e-05,0.2688185834497733,0.46347914534054596,0,1.112807212303531
5.19583999999999,1.0071936502505274,0.5035968251252637,0.9925194626158351,0.5990423314647559,0.29952116573237797,0.007202235691838125,0.9789976274718055,-0.03658439059788854,1.3122812323496635,0.6800469809680215,-0.011062386031112426,-0.026647551922683973,1.1233701838958388,0.2953360929697468,1.1345714962522027,0.5325161826081635,0.12601365423769972,-0.08064941961635234,0.09000117304571391,0.09000117304571391,0.0,-0.20719832065265265,-0.10359916032632632,-0.0064134987923726225,4.522438765490538e-05,0.26835922734238293,0.4634819485758527,0,1.1100164496835827
5.1999999999999895,1.00968536813723,0.504842684068615,0.9925493522342184,0.598012292808611,0.2990061464043055,0.007173508411965852,1.5276623187985616,0.8876889520440131,0.9419186669822851,0.5866085444868377,0.3261044222679354,0.03540528945373748,1.3267404654427897,0.5921950098793459,1.0383173276143982,0.5589547922131713,0.22601993931537473,-0.02260646478035226,0.09000117304571391,0.09000117304571391,0.0,-0.20762665982114803,-0.10381332991057401,-0.006388074378846118,4.439563169996616e-05,0.267899225706945,0.4634847051653239,0,1.107230486282778
5.204159999999989,1.0121727884325138,0.5060863942162569,0.9925791226360478,0.5969808708681318,0.2984904354340659,0.007144896439042895,1.2097138498568516,0.7686275848014599,1.2126452194424202,0.6810857519688764,0.2779384779474371,0.09922895718018063,1.2696443351497952,0.6809915147092666,1.125689054732577,0.6193595497029967,0.25155330669932213,0.03822266692451228,0.09000117304571391,0.09000117304571391,0.0,-0.20804793039588665,-0.10402396519794332,-0.0063627542825544225,4.3581831507582584e-05,0.26743859199350317,0.46348741588514636,0,1.1044493285399493
5.208319999999989,1.0146559054960074,0.5073279527480037,0.992608774299786,0.5959480952384458,0.2979740476192229,0.007116399297178345,0.9028785709562245,0.6139381562501942,1.025724753357338,0.5076780949636122,0.3712482086114084,0.10030043515886446,1.0873165506886675,0.6482361877946434,1.0759166440240793,0.5627044989955676,0.3115680977612806,0.06838366011176716,0.09000117304571391,0.09000117304571391,0.0,-0.20846218602176636,-0.10423109301088318,-0.006337538032291135,4.278272267763369e-05,0.2669773395448265,0.46349008149859094,0,1.101672982756098
5.212479999999989,1.017134713809666,0.508567356904833,0.9926383077019217,0.5949139952780615,0.2974569976390308,0.007088016512582001,0.9273090881460795,0.1737709342917823,0.6723146775801763,0.7633312033228055,0.2703675559443316,-0.14586131985427833,1.008900666474097,0.4115639638456285,0.8738103602312629,0.662399146143305,0.2903135332917264,-0.03916312841256822,0.09000117304571391,0.09000117304571391,0.0,-0.20886947999171124,-0.10443473999585562,-0.006312425159361021,4.1998045351641794e-05,0.2665154815971347,0.4634927027562278,0,1.098901455095497
5.216639999999988,1.0196092079767929,0.5098046039883964,0.9926677233169782,0.5938786001104702,0.2969393000552351,0.007059747613554061,1.2680726023725422,0.8107904239065185,1.0039068731043952,0.589233000106629,0.30917273630233555,0.0396509737827936,1.1397143611755283,0.6118237493835262,0.9389427599952734,0.6256641404195631,0.2994093643649027,-0.00012660891641955553,0.09000117304571391,0.09000117304571391,0.0,-0.20926986524932256,-0.10463493262466128,-0.00628741519749923,4.1227544137994256e-05,0.2660530312808187,0.4634952803961376,0,1.0961347515867839
5.220799999999988,1.0220793827210668,0.5110396913605334,0.9926970216175218,0.5928419386257359,0.29642096931286793,0.007031592130475146,1.1388816077007555,0.3297753147394684,1.1118024309511019,0.5611567932366572,0.4081099123190538,0.10853233936939158,1.1404668025667941,0.4716479793256889,1.0255993888595767,0.5926288288539588,0.35300057744279223,0.05427299194382079,0.09000117304571391,0.09000117304571391,0.0,-0.20966339439121695,-0.10483169719560848,-0.006262507683004372,4.04709680384276e-05,0.26559000162115676,0.46349781514411925,0,1.0933728781240493
5.224959999999988,1.0245452328855755,0.5122726164427878,0.9927262030741709,0.5918040394820746,0.2959020197410373,0.007003549595795773,0.7517240340486027,0.8470792469734441,0.9337628708461679,0.6469580445548665,0.28632887617361563,-0.012489655055983677,0.9474390294825873,0.6599618769032163,0.979656611479543,0.6194641941613802,0.31963006890959794,0.019885042118225393,0.09000117304571391,0.09000117304571391,0.0,-0.21005011966861975,-0.10502505983430988,-0.006237702154336475,3.9728070375509385e-05,0.26512640553902567,0.4635003077138945,0,1.0906158404679158
5.2291199999999876,1.0270067534318565,0.5135033767159283,0.9927552681556043,0.5907649311074263,0.29538246555371317,0.0069756195440274765,1.214928429305075,0.05061994708465173,0.8463317004512294,0.7165181513408927,0.3682012525900315,-0.08119647611711658,1.0826770034943654,0.35605260475492434,0.9128248430341325,0.6674726539855736,0.34386026851115237,-0.030892703836258816,0.09000117304571391,0.09000117304571391,0.0,-0.21043009299003712,-0.10521504649501856,-0.006212998152784491,3.899860872134041e-05,0.264662255851608,0.46350275880730873,0,1.0878636442466112
5.233279999999987,1.0294639394389442,0.5147319697194721,0.9927842173285699,0.5897246417010145,0.29486232085050723,0.006947801511731138,0.9850331042850451,1.146335908563589,1.728586460269412,0.5146947832644925,0.20318469117465715,0.18683637201569558,1.0349273620665065,0.7516232021091893,1.3210996174249068,0.589919639868437,0.27314815314304075,0.07812942712697822,0.09000117304571391,0.09000117304571391,0.0,-0.2108033659233981,-0.10540168296169905,-0.006188395221850749,3.828234482728914e-05,0.2641975652730945,0.46350516911452855,0,1.0851162949570325
5.237439999999987,1.031916786102423,0.5159583930512115,0.9928130510578929,0.5886831992348954,0.2943415996174477,0.006920095037507887,1.4015572688819278,0.8179086229061521,0.9085513060439747,0.546164943400505,0.5039753882276043,0.22549771435077248,1.2193823269122461,0.7858164105745548,1.115292024030849,0.5673532785922673,0.387691061814949,0.15160198886156956,0.09000117304571391,0.09000117304571391,0.0,-0.2111699896979906,-0.1055849948489953,-0.006163892907275946,3.757904455480834e-05,0.2637323464153816,0.4635075393142362,0,1.0823737979658061
5.241599999999987,1.0343652887334875,0.5171826443667438,0.9928417698064845,0.5876406314555,0.29382031572775,0.006892499661989884,1.118049438835538,0.3849884970097124,0.7989386524886767,0.57089853934709,0.26812413630986004,0.15574844553272177,1.1699036244230794,0.5859578245755117,0.9574377769664405,0.5686456709667775,0.3276819610104707,0.15333829247606323,0.09000117304571391,0.09000117304571391,0.0,-0.21153001520683046,-0.10576500760341523,-0.00613949075759954,3.688847780742567e-05,0.2632666117887654,0.4635098700738207,0,1.0796361585103356
5.245759999999986,1.036809442758009,0.5184047213790045,0.9928703740353505,0.5865969658851631,0.29329848294258154,0.006865014927828731,0.55780301622885,0.4181688338160759,0.7709723015934562,0.72032724608021,0.31292517138472076,0.09806270661851649,0.8653485270023795,0.502712946192917,0.8644077563458953,0.6438852555900556,0.3203449725267742,0.12567793663410776,0.09000117304571391,0.09000117304571391,0.0,-0.21188349300871678,-0.10594174650435839,-0.006115188323329735,3.621041846367657e-05,0.26280037380263027,0.46351216204956575,0,1.0769033816998475
5.249919999999986,1.0392492437156076,0.5196246218578038,0.9928988642035992,0.5855522298236442,0.2927761149118221,0.00683764037968737,1.3036016420023127,0.03280898551961631,0.8362950217147763,0.6765635642579324,0.3817682988195228,0.07518575351354755,1.0858858515995296,0.2685530400358192,0.8505076392126266,0.6599973312024638,0.3504298390316808,0.10040491696742253,0.09000117304571391,0.09000117304571391,0.0,-0.2122304733302942,-0.1061152366651471,-0.0060909851576099495,3.554464431107446e-05,0.26233364476613363,0.4635144158868344,0,1.0741754725164268
5.254079999999986,1.041684687258731,0.5208423436293655,0.9929272407684502,0.5845064503496386,0.2922532251748193,0.006810375564229168,1.124382905454857,0.7844290135458305,1.268665664286178,0.5800961727377419,0.3081992937234258,-0.03958445205206978,1.106342059489171,0.5271371784326804,1.0595069783104374,0.6196535264121781,0.3285978168918757,0.03054660567078064,0.09000117304571391,0.09000117304571391,0.0,-0.21257100606811963,-0.10628550303405981,-0.006066880815923558,3.489093698119913e-05,0.261866436888886,0.4635166322202509,0,1.071452435816048
5.258239999999986,1.0441157691517406,0.5220578845758703,0.9929555041852423,0.583459654322279,0.2917298271611395,0.006783220030108235,1.207728021670559,0.882539278954783,0.5377096521380096,0.7439286454405637,0.2648546430950401,-0.12628760781013396,1.158583652805438,0.7053929444611464,0.7983436044283897,0.6815173017207904,0.2960865164820431,-0.048637028230192135,0.09000117304571391,0.09000117304571391,0.0,-0.2129051407909508,-0.1064525703954754,-0.006042874855797603,3.424908188577723e-05,0.26139876228162723,0.46351881167387937,0,1.0687342763295957
5.262399999999985,1.0465424852700016,0.5232712426350008,0.9929836549074421,0.5824118683826267,0.29120593419131335,0.006756173327960965,0.7536572365071229,0.7983400973793182,1.3579346343106957,0.6055671547485403,0.30505683597900557,0.04225901539287592,0.9573773310579424,0.7525018255932837,1.07822975995362,0.6434712051398483,0.3005014106626578,-0.0026309599925245933,0.09000117304571391,0.09000117304571391,0.0,-0.21323292674161332,-0.10661646337080666,-0.00601896683757638,3.3618868153702846e-05,0.26093063295689756,0.46352095486139944,0,1.0660209986638816
5.266559999999985,1.0489648315989815,0.5244824157994907,0.9930116933866521,0.5813631189551538,0.2906815594775769,0.006729235010394329,0.8375113126172078,0.15694393737726364,0.8843358348338319,0.6023659693868095,0.21096713535682377,0.012679578739634134,0.8986957270761298,0.4551568071479577,0.9813080273651752,0.6232384176142332,0.25608256518596484,0.004920629078249034,0.09000117304571391,0.09000117304571391,0.0,-0.21355441283930032,-0.10677720641965016,-0.005995156323376893,3.3000088569050005e-05,0.26046206082970524,0.46352306238627916,0,1.0633126073026522
5.270719999999985,1.0513828042333533,0.5256914021166766,0.9930396200726187,0.5803134322492153,0.29015671612460764,0.00670240463197855,1.0266225738234207,0.8778064429588313,1.084570397476149,0.46566374785902664,0.34997398516971734,0.12640991809710134,0.963631512284712,0.6672132935369788,1.0332007955208737,0.5430669160354675,0.302649475163579,0.06665207653243538,0.09000117304571391,0.09000117304571391,0.0,-0.2138696476813453,-0.10693482384067265,-0.005971442878075609,3.239253951008069e-05,0.25999305771818904,0.4635251348419449,0,1.0606091066075918
5.2748799999999845,1.0537963993761055,0.5268981996880527,0.9930674354132405,0.5792628342605128,0.2896314171302564,0.0066756817492356095,1.4291587197893583,0.7017299995258897,1.5525042390296908,0.6306394555838609,0.21574278617090709,0.09049800610178303,1.197710481686099,0.6849210080000041,1.2930437939713453,0.5866569689664375,0.25901838540304734,0.07885737348987149,0.09000117304571391,0.09000117304571391,0.0,-0.21417867954542746,-0.10708933977271373,-0.00594782606837066,3.1796020889316825e-05,0.25952363534427736,0.4635271728119484,0,1.0579105008193168
5.279039999999984,1.0562056133376578,0.5281028066688289,0.9930951398545764,0.5782113507725484,0.2891056753862742,0.0066490659206317046,0.9664828184157112,0.022760336670912262,1.0778290860127981,0.7323149957918803,0.17209277737650175,0.03298384136634047,1.0836199165322131,0.35419466608520456,1.1855035492017905,0.6586637482538368,0.21523453851301017,0.055918858681055034,0.09000117304571391,0.09000117304571391,0.0,-0.21448155639167665,-0.10724077819583833,-0.00592430546366152,3.1210336094299656e-05,0.2590538053343424,0.46352917687013095,0,1.0552167940583637
5.283199999999984,1.0586104425349832,0.5293052212674916,0.9931227338408538,0.5771590073580679,0.28857950367903396,0.006622556706565953,0.8858495677856383,0.14681103249853666,0.36151437334121805,0.5713973794416592,0.3682274169550913,-0.11252412052687044,0.9859231282730913,0.2512680695826435,0.773270517724483,0.614420631196652,0.2913513531313165,-0.028950215395342888,0.09000117304571391,0.09000117304571391,0.0,-0.214778325864464,-0.107389162932232,-0.005900880635432124,3.063529192958113e-05,0.25858357921985053,0.4635311475807854,0,1.0525279903261713
5.287359999999984,1.0610108834907352,0.5305054417453676,0.9931502178144761,0.5761058293804975,0.28805291469024874,0.006596153669361771,1.6413189202962684,0.2072339681862253,1.859935626871634,0.4899692735436065,0.18942638502718873,0.06335806664417927,1.3146454886221282,0.22964477719022935,1.3167421512142452,0.5518392162832668,0.24036410462306723,0.017346088981550115,0.09000117304571391,0.09000117304571391,0.0,-0.21506903529462584,-0.10753451764731292,-0.005877551157167451,3.0070698559364388e-05,0.25811296843800846,0.46353308549881456,0,1.0498440935060553
5.291519999999983,1.0634069328323825,0.5317034664161913,0.9931775922160313,0.5750518419953682,0.2875259209976841,0.006569856373258479,0.8914033921774245,0.5462903119212258,1.540792956430872,0.6425919887044742,0.32709411170646807,0.058951867879706424,1.1043598244929462,0.3886494304123355,1.4288910618149087,0.5963572255914575,0.28404865103640237,0.03847230907123509,0.09000117304571391,0.09000117304571391,0.0,-0.21535373170126593,-0.10767686585063296,-0.005854316605019325,2.9516369451235033e-05,0.2576419843324048,0.4635349911698877,0,1.0471651073641766
5.295679999999983,1.065798587291348,0.532899293645674,0.9932048574842997,0.5739970701517337,0.28699853507586687,0.006543664384400203,0.7616341281447268,0.53740618511923,1.3041416147577607,0.5578458317759553,0.27869786643145206,0.10926906763499339,0.9341574743555424,0.46360761426754293,1.3667440354189997,0.5758571027664151,0.28181494792204953,0.07324415372115636,0.09000117304571391,0.09000117304571391,0.0,-0.2156324617939911,-0.10781623089699555,-0.005831176557082148,2.8972121320704147e-05,0.2571706381536485,0.4635368651305942,0,1.044491035550502
5.299839999999983,1.0681858437021545,0.5340929218510773,0.9932320140562614,0.5729415385935771,0.28647076929678855,0.006517577270827746,0.9113837688705757,0.5631362767699436,1.0184862346869423,0.4757966111234227,0.0501392050409894,-0.13362027439310828,0.9237601295360609,0.5134777265970404,1.1923359977070151,0.5258216328437197,0.16560889481409538,-0.030764264505921575,0.09000117304571391,0.09000117304571391,0.0,-0.21590527197451248,-0.10795263598725624,-0.005808130593522972,2.843777407665682e-05,0.2566989410600016,0.4635387079085945,0,1.041821881599761
5.3039999999999825,1.0705686990015761,0.5352843495007881,0.993259062367105,0.57188527186121,0.285942635930605,0.006491594602469934,1.4039007069103242,0.6128817193044336,1.2009135186815096,0.7143186880973472,0.3816176750854873,0.11703873016372154,1.165320394944139,0.563974414233089,1.1968685900933267,0.6196470467828009,0.2734830762895229,0.04296682593967123,0.09000117304571391,0.09000117304571391,0.0,-0.2161722083388915,-0.10808610416944575,-0.005785178297140224,2.7913150767642005e-05,0.25622690411800975,0.4635405200227689,0,1.0391576489323933
5.308159999999982,1.0729471502277956,0.5364735751138978,0.9932860028502347,0.5708282942926618,0.2854141471463309,0.006465715951132598,1.2835342588537135,0.5188497138978727,1.2616439860077455,0.5144491205785644,0.28673374531767953,0.051491940855266205,1.2254984557780684,0.5420084864259598,1.2293635952163586,0.566928603288878,0.27994394524654015,0.04734800728544384,0.09000117304571391,0.09000117304571391,0.0,-0.2164333166794743,-0.10821665833973715,-0.005762319252317835,2.739807752901602e-05,0.25575453830312733,0.46354230198336344,0,1.03649834085549
5.312319999999982,1.0753211945195666,0.5376605972597833,0.9933128359372785,0.5697706300250601,0.28488531501253006,0.00643994089049193,0.868087730597055,0.7626418218148137,0.7310392017999965,0.4830537275466198,0.2231906457604138,0.05387599707344745,1.0477967894228228,0.6527915713938479,0.9803101620410665,0.5242947406396447,0.2512615810921888,0.05052020349801597,0.09000117304571391,0.09000117304571391,0.0,-0.21668864248640118,-0.10834432124320059,-0.005739553046224841,2.6892383530990274e-05,0.2552818545003389,0.4635440542921337,0,1.033843960563732
5.316479999999982,1.0776908291153833,0.5388454145576916,0.9933395620580955,0.5687123029960038,0.2843561514980019,0.006414268996082824,1.2878413463662417,0.313376425606548,0.6662356777521481,0.7351840502207461,0.40601563385206163,0.0046722371309754615,1.1693520292349853,0.48392584945549905,0.8232810745672291,0.6287064248430037,0.32876078657673835,0.027294166000452338,0.09000117304571391,0.09000117304571391,0.0,-0.21693823095030051,-0.10846911547515026,-0.005716879267555666,2.6395900927419754e-05,0.2548088635047771,0.463545777442486,0,1.0311945111403156
5.320639999999981,1.0800560513526538,0.5400280256763269,0.9933661816407842,0.567653336944924,0.283826668472462,0.006388699845292453,0.6409650386896169,0.5702896021226428,0.9795741375209907,0.5469513669218204,0.2195637174439234,-0.06692601303240628,0.9062917698113344,0.5275648572368139,0.9012881300448864,0.5881753739190508,0.27424570348039534,-0.01915331126889108,0.09000117304571391,0.09000117304571391,0.0,-0.21718212696348882,-0.10859106348174441,-0.005694297507622285,2.590846480546151e-05,0.254335576022336,0.4635474719196164,0,1.0285499955578785
5.324799999999981,1.0824168586668805,0.5412084293334403,0.9933926951116898,0.5665937554144389,0.28329687770721945,0.006363233017349311,1.478900891632714,0.8328164849234362,1.3801490834474506,0.5826646809040104,0.34612309504596195,0.0700366765044289,1.1938123667781189,0.6809138121764754,1.1408661001343794,0.5853705381452505,0.30966090879483227,0.02617246598033573,0.09000117304571391,0.09000117304571391,0.0,-0.21742037512203471,-0.10871018756101736,-0.005671807359736367,2.5429913136012293e-05,0.25386200267028036,0.4635491382006474,0,1.0259104166794153
5.328959999999981,1.084773248590846,0.542386624295423,0.9934191028954119,0.5655335817517,0.28276679087585,0.006337868093314786,1.0607664125485812,0.5924380724271644,1.1166290627140634,0.7501683865733746,0.2750286957633059,-0.14000774985712086,1.128849780782836,0.6372468239867641,1.128456646419645,0.6672811087815708,0.2926119062594542,-0.05712176822569705,0.09000117304571391,0.09000117304571391,0.0,-0.21765301972803974,-0.10882650986401987,-0.005649408419017742,2.496008672501316e-05,0.253388153977852,0.46355077675476203,0,1.023275777259187
5.3331199999999805,1.0871252187538032,0.5435626093769016,0.9934454054148122,0.5644728391097272,0.2822364195548636,0.006312604656075548,0.5749010277459048,0.8177687336607505,0.9525545770881797,0.7314625296397324,0.372260366043715,-0.0014381375636911753,0.8533952090973449,0.7282834934553853,1.040501997297784,0.6982808691359468,0.33235376545554945,-0.02957572128374624,0.09000117304571391,0.09000117304571391,0.0,-0.21788010479096442,-0.10894005239548221,-0.0056271002831660005,2.4498829165398534e-05,0.25291404038687104,0.4635523880433362,0,1.020646079943626
5.33727999999998,1.089472766880673,0.5447363834403365,0.9934716030910219,0.5634115504487379,0.28170577522436896,0.006287442290332733,1.133987644998358,0.6271984505655617,1.6582878467427045,0.6745162663686906,0.3846805160060062,0.04958268004409491,0.9950985037835247,0.6785419808669887,1.349502486056931,0.6853715315074475,0.35774833639232295,0.009945253798108195,0.09000117304571391,0.09000117304571391,0.0,-0.21810167402960068,-0.10905083701480034,-0.005604882551628106,2.4045986789966977e-05,0.25243967225233377,0.4635539725200685,0,1.018021327272235
5.34143999999998,1.0918158907912456,0.5459079453956228,0.9934976963434494,0.562349738537467,0.2811748692687335,0.006262380582594526,0.9435382642772819,0.8159642688546958,0.8752462369920424,0.4744971798876747,0.2851914395034479,-0.007226326552306421,0.9703072743151865,0.7478488878725441,1.112356126300931,0.5788367519868326,0.3206996570807524,0.0013057821056454352,0.09000117304571391,0.09000117304571391,0.0,-0.21831777087426274,-0.10915888543713137,-0.005582754826048395,2.3601408624879376e-05,0.251965059843007,0.463555530631108,0,1.0154015216784762
5.34559999999998,1.0941545883993893,0.5470772941996946,0.9935236855897877,0.5612874259544767,0.28064371297723834,0.006237419121166934,1.1447279875455922,0.5663690909842007,1.0302768134881375,0.5882377097566793,0.35018748195497246,0.005644586897536145,1.058742181778483,0.6578369419767636,1.0713283002705425,0.5836265321678274,0.3350364894238275,0.0031555593907615343,0.09000117304571391,0.09000117304571391,0.0,-0.2185284384684505,-0.10926421923422525,-0.005560716709970298,2.3164946344025947e-05,0.25149021334201804,0.4635570628151798,0,1.0127866654906599
5.349759999999979,1.096488857712262,0.548244428856131,0.9935495712460216,0.560224635089459,0.2801123175447295,0.006212557496145765,1.457432475734247,0.16962879527845803,1.2918991462776324,0.5882768668798907,0.11960397824072239,0.15376434479997253,1.2593146639842978,0.4139788112919349,1.1819350501783166,0.5854962222224528,0.22705220013083546,0.07847046088932937,0.09000117304571391,0.09000117304571391,0.0,-0.2187337196703043,-0.10936685983515215,-0.005538767809179581,2.2736454224016354e-05,0.251015142847441,0.4635585695037086,0,1.0101767609328214
5.353919999999979,1.0988186968295308,0.5494093484147654,0.9935753537264358,0.5591613881445308,0.2795806940722654,0.00618779529940715,1.0655675721586677,0.47780042960936636,0.7236712359607556,0.4187998324175255,0.17830245288762397,-0.012424247901160146,1.1633112048014844,0.4462600144325528,0.9527748915574851,0.501989914454017,0.20312114354431998,0.032645571993885424,0.09000117304571391,0.09000117304571391,0.0,-0.21893365705491852,-0.10946682852745926,-0.005516907731406069,2.2315789100025454e-05,0.2505398583728794,0.4635600511209403,0,1.0075718101255968
5.358079999999979,1.1011441039425955,0.5505720519712978,0.9936010334436216,0.5580977071355192,0.2790488535677596,0.006163132124599321,1.1521268662149027,0.4026566000561593,0.9304936476908618,0.7102730177059222,0.20651561800775153,0.09153887530378162,1.1591988585620587,0.4248883146187799,0.9418248392101598,0.6048900236815745,0.20444983491037594,0.061931075622663284,0.09000117304571391,0.09000117304571391,0.0,-0.21912829291602143,-0.10956414645801071,-0.005495136086452718,2.1902810322194457e-05,0.2500643698480452,0.46356150808406127,0,1.0049718150870894
5.362239999999979,1.1034650773338173,0.5517325386669086,0.9936266108084847,0.5570336138932381,0.27851680694661907,0.0061385675671338695,1.2389183819933467,0.643047735342278,0.78078080464255,0.5926322009736346,0.30802215679884964,0.010578052907950834,1.200292308153296,0.5346107178266271,0.8613238342851643,0.5985347911326355,0.25599416232548095,0.03619186979998065,0.09000117304571391,0.09000117304571391,0.0,-0.2193176692673393,-0.10965883463366966,-0.005473452486110839,2.1497379712864986e-05,0.24958868711933346,0.4635629408033159,0,1.0023767777337318
5.366399999999978,1.1057816153757538,0.5528908076878769,0.9936520862302521,0.5559691300647593,0.27798456503237967,0.006114101224177297,1.5808935083858864,0.773246802913719,1.0744799667777536,0.7239580399662321,0.19533028061860128,-0.2618227525553126,1.3921021009305643,0.6543365470403243,0.9673582686645026,0.6608932636139565,0.22574519167868573,-0.11253685351018505,0.09000117304571391,0.09000117304571391,0.0,-0.21950182784524652,-0.10975091392262326,-0.005451856544075005,2.109936152447376e-05,0.2491128199503942,0.4635643496821221,0,0.9997866998811414
5.370559999999978,1.1080937165303983,0.5540468582651992,0.9936774601164798,0.5549042771146709,0.27745213855733547,0.006089732694642969,0.9537606025117304,0.6134995922675073,1.4102616688594618,0.5485271484832898,0.38277498917980896,0.015824583061563223,1.174071342151009,0.6347143848094885,1.1888446983528718,0.6036897423493299,0.3040384367222443,-0.04774681354074019,0.09000117304571391,0.09000117304571391,0.0,-0.21968081010949958,-0.10984040505474979,-0.005430347876071766,2.0708622398116263e-05,0.24863677802269962,0.463565735117185,0,0.9972015832449703
5.374719999999978,1.1104013793484246,0.5552006896742123,0.9937027328730598,0.5538390763263322,0.2769195381631661,0.006065461579182484,1.0050054902053631,0.6926170400017859,1.1330580580509442,0.605840010932531,0.2681860444619396,0.14182615169826387,1.090797988410029,0.6642239259425053,1.1612463026109272,0.6044638882534101,0.2861197287525723,0.046873425830036106,0.09000117304571391,0.09000117304571391,0.0,-0.21985465724568498,-0.10992732862284249,-0.00540892609988166,2.0325031322800137e-05,0.24816057093610833,0.46356709749860847,0,0.9946214294417499
5.3788799999999775,1.1127046024684377,0.5563523012342189,0.9937279049042271,0.5527735488031177,0.27638677440155884,0.006041287480176975,0.5840369750560374,0.4718575357706188,1.0482672043261436,0.5272103733627445,0.0025469833863874247,0.09649425294090083,0.8385104667176795,0.5680446082165944,1.1049575313833186,0.5658666892607588,0.14438718503350656,0.07126558247615677,0.09000117304571391,0.09000117304571391,0.0,-0.22002341016703197,-0.11001170508351599,-0.005387590835146994,1.994845959532103e-05,0.24768420820942566,0.463568437210005,0,0.9920462399897279
5.383039999999977,1.115003384616228,0.557501692308114,0.9937529766125677,0.5517077154696526,0.2758538577348263,0.006017210001729188,1.4934321356788969,0.9944655699886507,0.37399340240014733,0.6781589398098056,0.26589791292033865,-0.034195147324382356,1.1673878001402738,0.7818115567661771,0.739398645097558,0.6213491498020514,0.20493096084983126,0.018821799859360618,0.09000117304571391,0.09000117304571391,0.0,-0.220187109515374,-0.110093554757687,-0.00536634170360736,1.9578780780860414e-05,0.24720769928096023,0.46356975462860395,0,0.9894760163097024
5.387199999999977,1.1172977246040323,0.5586488623020162,0.9937779483990246,0.5506415970730437,0.27532079853652186,0.005993228749654586,0.6790022593974583,0.4535301961321201,1.6003074850398964,0.5506443318012842,0.23628327097857243,-0.1987510599649815,0.924337733226991,0.6181622800479073,1.1694454062536779,0.5856181588779034,0.21952879459066932,-0.08981290246078778,0.09000117304571391,0.09000117304571391,0.0,-0.22034579566382684,-0.11017289783191342,-0.005345178328693252,1.9215870674177583e-05,0.24673105350907726,0.4635710501253574,0,0.9869107597258471
5.391359999999977,1.1195876213297995,0.5597938106648997,0.9938028206629057,0.5495752141840979,0.27478760709204897,0.0059693433314741366,0.8000785774265833,0.4129867923993339,1.0128942311595952,0.5226964344835985,0.34731433462212363,0.054746232885409134,0.8632965006628304,0.5162964545793786,1.0912824353157187,0.5531893247501247,0.2829564175898774,-0.017466373914146287,0.09000117304571391,0.09000117304571391,0.0,-0.22049950871786783,-0.11024975435893392,-0.005324100335975072,1.885960726144285e-05,0.24625428017274784,0.46357232406504484,0,0.9843504714665334
5.395519999999976,1.1218730737764602,0.5609365368882301,0.9938275938018907,0.548508587198536,0.274254293599268,0.005945553356405201,1.2090660576569214,0.46787014949894207,0.46472165304733004,0.6046329979359059,0.3137105125295453,-0.018629066674533137,1.0374412673280813,0.49273446167221996,0.7779587466887083,0.5789320962630666,0.29881725769342954,-0.017968199073209918,0.09000117304571391,0.09000117304571391,0.0,-0.220648288517169,-0.1103241442585845,-0.00530310735275677,1.850987068271891e-05,0.24577738847209504,0.4635735768063759,0,0.9817951526651459
5.399679999999976,1.1241540810112027,0.5620770405056014,0.993852268212038,0.5474417363381975,0.27372086816909874,0.005921858435354159,1.6665483919779784,-0.0026417804221156027,0.8197383864098037,0.33275630796059796,0.3394778653254441,0.0007898333935758544,1.352691339157064,0.2457504773213741,0.7988502708020648,0.45586769585393166,0.3184241808733359,-0.00847934331967294,0.09000117304571391,0.09000117304571391,0.0,-0.22079217463743372,-0.11039608731871686,-0.0052821990085248245,1.816654319501609e-05,0.2453003875289363,0.4635748087020912,0,0.9792448043608912
5.403839999999976,1.1264306421847536,0.5632153210923768,0.9938768442877918,0.5463746816522376,0.2731873408261188,0.005898258180907123,0.9617477097351445,0.31784718056148026,0.7997873605309581,0.5716534230968328,0.22131102565236527,0.0516269726094046,1.1584079633980189,0.28226102860393293,0.7994272581502482,0.5127183422639208,0.26921282196397406,0.02106348964857519,0.09000117304571391,0.09000117304571391,0.0,-0.2209312063919202,-0.1104656031959601,-0.0052613749343277255,1.7829509136028596e-05,0.24482328638732243,0.46357602009906185,0,0.9766994274996036
5.4079999999999755,1.1287027565306633,0.5643513782653317,0.9939013224219889,0.5453074430183166,0.2726537215091583,0.0058747522073232285,0.985130520857746,0.18816112010326663,0.8234572577753747,0.7559820385762812,0.3634225006432293,0.03791404051895715,1.0733414757842417,0.23596606400290468,0.8115214587371024,0.6338415110848674,0.31643670348750885,0.029404730763181113,0.09000117304571391,0.09000117304571391,0.0,-0.22106542283339503,-0.11053271141669752,-0.005240634763224297,1.749865488832794e-05,0.24434609401407287,0.46357721133838686,0,0.9741590229345419
5.412159999999975,1.1309704233645956,0.5654852116822978,0.9939257030058661,0.5442400401437804,0.2721200200718902,0.005851340130526071,1.3067904989409864,0.6918123799251615,1.2933841481490087,0.6470333823255051,0.2775540608123964,0.06301064838403359,1.1914145696885485,0.4644709858405274,1.0525868889382075,0.6398893281285043,0.29638733594402833,0.0463722199108068,0.09000117304571391,0.09000117304571391,0.0,-0.22119486275513123,-0.11059743137756561,-0.00521997813030501,1.717386884432333e-05,0.24386881929930748,0.4635783827554895,0,0.9716235914271847
5.416319999999975,1.1332336420836242,0.5666168210418121,0.9939499864290665,0.5431724925668365,0.27158624628341826,0.005828021568095051,0.8616761318061699,0.7575259304232175,1.0110509124973655,0.41300838855972843,0.1354221121483565,0.10764162465484929,1.027402877486808,0.6112835569381155,1.032043325076357,0.5260841621994385,0.21525430209273594,0.07660700304389287,0.09000117304571391,0.09000117304571391,0.0,-0.22131956469351377,-0.11065978234675689,-0.005199404672177867,1.6855041371638883e-05,0.24339147105697545,0.46357953468021157,0,0.9690931336480163
5.420479999999975,1.1354924121655314,0.5677462060827657,0.9939741730796468,0.5421048196577181,0.27105240982885903,0.005804796139258823,1.1498579712847965,0.5948708854441027,1.0655048263693119,0.41770876308573635,0.17887145909778965,-0.03870470173239328,1.0895026245793922,0.6034482922880848,1.0486926935224603,0.4706910871594606,0.19747944238209394,0.019493073589899934,0.09000117304571391,0.09000117304571391,0.0,-0.2214395669286202,-0.1107197834643101,-0.005178914027630585,1.654206477920441e-05,0.24291405802537977,0.46358066743690624,0,0.9665676501773108
5.424639999999974,1.1377467331681141,0.5688733665840571,0.9939982633440838,0.5410370406198446,0.2705185203099223,0.005781663464886022,1.139927166209104,0.4902548521905128,0.6483823265363933,0.40033466806272666,0.2987465539639245,0.07088076340812542,1.115550250618094,0.5474731674242609,0.8486815698805317,0.43440283557799386,0.24762418098872085,0.045457182068237414,0.09000117304571391,0.09000117304571391,0.0,-0.22155490748672735,-0.11077745374336367,-0.00515850583711679,1.6234833283725167e-05,0.24243658886769948,0.46358178134452954,0,0.9640471415059074
5.428799999999974,1.1399966047284933,0.5699983023642466,0.9940222576072817,0.5399691744909719,0.26998458724548596,0.005758623167478127,0.9840158257538263,0.3027849560287367,0.9218595076679622,0.6716903676313292,0.2506971414307096,0.094636336503228,1.0511797734616413,0.4256502730069227,0.8854680006015653,0.55276249757053,0.24844847583627258,0.06999122956333023,0.09000117304571391,0.09000117304571391,0.0,-0.22166562414154445,-0.11083281207077222,-0.005138179742883112,1.593324297692953e-05,0.24195907217250745,0.46358287671673,0,0.9615316080359828
5.432959999999974,1.142242026562428,0.571121013281214,0.9940461562525782,0.538901240144336,0.269450620072168,0.005735674871161716,1.5647316936767557,0.29537586266565763,0.8304598913149042,0.7523255465740252,0.2509002180870455,0.1378820637625651,1.3095243986629455,0.36103550860495226,0.8582493922424148,0.6524080208753806,0.2489590827730047,0.1043936544537299,0.09000117304571391,0.09000117304571391,0.0,-0.221771754415661,-0.1108858772078305,-0.0051179353889894835,1.5637191793155637e-05,0.2414815164542855,0.463583953861937,0,0.9590210500818175
5.4371199999999735,1.1444829984636355,0.5722414992318178,0.9940699596617518,0.5378332562897901,0.26891662814489503,0.005712818201680744,1.6383258175979134,0.910394634414986,0.09373131479919139,0.5548967158867247,0.2201868860493161,-0.10316346990510994,1.4750833765070328,0.6361776261737995,0.4757710588468056,0.6027937849682955,0.23422467131800348,0.00032446296836011076,0.09000117304571391,0.09000117304571391,0.0,-0.2218733355826421,-0.11093666779132105,-0.00509777242143656,1.5346579477590517e-05,0.24100393015393592,0.4635850130834478,0,0.9565154678705557
5.441279999999973,1.1467195203031144,0.5733597601515572,0.9940936682150284,0.536765241474932,0.268382620737466,0.00569005278638821,1.1693303955551535,-0.20448546044768956,0.481653620038891,0.5771754800299571,0.2872272391909201,-0.0520598499684699,1.3234053480452819,0.21643817542796187,0.47860299691290664,0.5899414003927504,0.26045771980554205,-0.02533507367641763,0.09000117304571391,0.09000117304571391,0.0,-0.22197040466795426,-0.11098520233397713,-0.005077690487972176,1.5061307555013043e-05,0.2405263216392895,0.46358605467951264,0,0.9540148615429626
5.445439999999973,1.1489515920284736,0.5744757960142368,0.9941172822910878,0.5356972140862275,0.26784860704311375,0.005667378254238639,0.7324896902264522,0.5373451710786677,1.3988992512932512,0.5069497908215865,0.32123054819163466,-0.00764478455734061,1.0289992801882104,0.3775615100212499,0.9387412185349325,0.5477512066049803,0.2911090158318322,-0.016277377315448843,0.09000117304571391,0.09000117304571391,0.0,-0.22206299845117528,-0.11103149922558764,-0.005057689238004266,1.4781279299021974e-05,0.24004869920561062,0.46358707894341894,0,0.9515192311541736
5.449599999999973,1.151179213663266,0.575589606831633,0.9941408022670701,0.5346291923501234,0.2673145961750617,0.005644794235780938,0.783804244982641,0.4040392846596855,0.6998126694814064,0.3704318688574713,0.1356840755622014,-0.01442575024745393,0.9071722450612205,0.39108197575344467,0.8192445817723278,0.4582803059042871,0.21380356334489897,-0.015022214341111282,0.09000117304571391,0.09000117304571391,0.0,-0.22215115346725023,-0.11107557673362511,-0.005037768322727589,1.4506399701817396e-05,0.23957107107609885,0.4635880861635739,0,0.9490285766744397
5.453759999999972,1.1534023853063249,0.5767011926531624,0.9941642285185832,0.5335611943341544,0.2667805971670772,0.005622300363150708,1.5643927139298834,0.47628259564454833,1.0529864017203392,0.4007439171566116,0.24370522815797288,-0.10352179772815912,1.2366212231828686,0.4341910468961817,0.9359011050743897,0.4292229085274184,0.22814411394895295,-0.05892978006188027,0.09000117304571391,0.09000117304571391,0.0,-0.22223490600774953,-0.11111745300387477,-0.005017927395250799,1.4236575444469802e-05,0.23909344540238714,0.46358907662358545,0,0.9465428979898686
5.457919999999972,1.1556211071311084,0.5778105535655542,0.9941875614197084,0.5324932379480443,0.26624661897402213,0.005599896270062025,0.9037705835109806,0.6915121386528162,0.6576274163644227,0.46099045168520303,0.2989472370819584,-0.12353945966189953,1.071152800654657,0.5634762580908417,0.7965057924726799,0.44492207077034485,0.26302993538143526,-0.09144082758197887,0.09000117304571391,0.09000117304571391,0.0,-0.22231429212320175,-0.11115714606160088,-0.004998166110295511,1.3971714867688353e-05,0.2386158302650372,0.4635900506023424,0,0.9440621949031581
5.462079999999972,1.157835379385045,0.5789176896925226,0.9942108013430077,0.5314253409447968,0.2657126704723984,0.005577581591800481,2.2278773755934695,0.9767172946493581,0.9493053305777425,0.5728926631017754,0.14903440803568083,-0.1357894716685717,1.650716572040741,0.7704088830114987,0.8726258640050293,0.5080386281255489,0.2064107870757589,-0.11441599093830608,0.09000117304571391,0.09000117304571391,0.0,-0.22238934762382723,-0.11119467381191361,-0.004978484124429781,1.371172794301635e-05,0.23813823367403114,0.4635910083740928,0,0.9415864671343274
5.466239999999972,1.1600452023888859,0.5800226011944429,0.9942339486595294,0.5303575209217826,0.2651787604608913,0.00555535596521524,0.7710775242567738,0.825275823826725,0.775932886703286,0.48552136515589955,0.1459910578346959,0.05500577909136087,1.2119043266528742,0.7981468000421426,0.8243927764500903,0.4950679923322829,0.17600978904442752,-0.029555965178632352,0.09000117304571391,0.09000117304571391,0.0,-0.22246010808155936,-0.11123005404077968,-0.00495888109565976,1.3456526244628902e-05,0.2376606635692604,0.4635919502085213,0,0.9391157143214411
5.470399999999971,1.16225057653606,0.58112528826803,0.9942570037388158,0.5292897953218169,0.26464489766090843,0.005533219028712762,1.0689638387133298,0.1884537682973212,0.9496446409359879,0.4602886229306361,0.21330842365701225,-0.16241331911501392,1.1413915521566855,0.493739254267131,0.8866815589893189,0.4771599012040698,0.19486775717478064,-0.09587459922341228,0.09000117304571391,0.09000117304571391,0.0,-0.22252660883132158,-0.11126330441566079,-0.004939356684090849,1.3206022921481657e-05,0.23718312782101106,0.4635928763708249,0,0.9366499360213296
5.474559999999971,1.1644515022920359,0.5822257511460179,0.9942799669489084,0.5282221814342314,0.2641110907171157,0.00551117042224784,1.3022481751942605,1.0613427016963115,0.9548637403192715,0.35985452188923284,0.2507339880898221,0.00303412338404451,1.2225684919068511,0.7780676475291447,0.9207802505638821,0.41898800197749625,0.2222307011350981,-0.04681744829843869,0.09000117304571391,0.09000117304571391,0.0,-0.22258888497273688,-0.11129444248636844,-0.004919910551198749,1.2960132670006953e-05,0.2367056342304463,0.4635937871217878,0,0.9341891317103033
5.478719999999971,1.1666479801936855,0.5833239900968428,0.9943028386563556,0.527154696395938,0.263577348197969,0.005489209787317598,1.7336910599709634,0.31045970888017543,1.1316075464437076,0.3476042374035596,0.5414510354793838,0.02202781159086665,1.4788573382815164,0.5453870658790216,1.0262420820378562,0.382829911974649,0.3816005243840101,-0.012827681764505394,0.09000117304571391,0.09000117304571391,0.0,-0.22264697137141343,-0.11132348568570671,-0.0049005423605973895,1.2718771707194765e-05,0.23622819053008548,0.46359468271785464,0,0.9317333007848627
5.48287999999997,1.1688400108486543,0.5844200054243271,0.9943256192262179,0.5260873571924873,0.26304367859624367,0.005467336766952335,0.9117967245164112,0.7526633718056415,1.3884677021930338,0.6010613004267175,0.2943619064048121,0.07081816021105403,1.1965756551854898,0.6496392936215392,1.2075038792677961,0.49077677697083055,0.33781361483451183,0.02939726577064088,0.09000117304571391,0.09000117304571391,0.0,-0.22270090266055687,-0.11135045133027843,-0.0048812517769887195,1.2481857744210151e-05,0.23575080438428037,0.46359556341120295,0,0.9292824425624038
5.48703999999997,1.171027594934734,0.585513797467367,0.994348309022075,0.5250201806591183,0.26251009032955913,0.0054455510057107,0.9239942152957785,0.8676235219213023,1.0369292783408914,0.5761401958995238,0.3777865537288759,-0.10929129848023938,1.0614824762368986,0.7594195985560437,1.1219886602651443,0.5329272066183187,0.35737419302262563,-0.040225573582301104,0.09000117304571391,0.09000117304571391,0.0,-0.2227507132422646,-0.1113753566211323,-0.004862038467357957,1.2249309960384468e-05,0.23527348338968795,0.46359642944981394,0,0.9268365562819176
5.49119999999997,1.1732107331992414,0.5866053665996207,0.994370908406032,0.5239531834818032,0.2619765917409016,0.005423852149669932,0.93850241217571,0.67897251326374,0.8220088323467283,0.6773723397911944,0.2441438285725984,-0.04164398478384681,1.0014016353125545,0.7197047091449098,0.971911142004452,0.6045938617121841,0.30009110972281,-0.04146989870553732,0.09000117304571391,0.09000117304571391,0.0,-0.22279643728935916,-0.11139821864467958,-0.004842902099816648,1.2021048977659899e-05,0.23479623507574054,0.46359728107754244,0,0.9243956411046859
5.49535999999997,1.1753894264584008,0.5876947132292004,0.9943934177387255,0.5228863821982837,0.2614431910991418,0.005402239846420876,0.7514547751725279,0.6286810484000201,1.1326676798121087,0.5578414075865508,0.1760742778796472,-0.22898818718842068,0.8775880289575314,0.67455842928545,1.0518130945873974,0.5806057191458414,0.23811078773110322,-0.13466290289533348,0.09000117304571391,0.09000117304571391,0.0,-0.22283810874658627,-0.11141905437329314,-0.004823842344476654,1.1796996835460493e-05,0.23431906690511248,0.46359811853418553,0,0.9219596961149705
5.499519999999969,1.1775636755967305,0.5887818377983652,0.9944158373793299,0.5218197931991009,0.26090989659955044,0.005380713745059379,1.1415468805471338,0.38293235115480295,0.875148957176117,0.43067834928103793,0.12008157354813609,0.04770605826540245,1.0104657777277943,0.5289924805795255,0.9635794581358524,0.5053258620160972,0.17940914625468013,-0.04370226005428034,0.09000117304571391,0.09000117304571391,0.0,-0.2228757613321357,-0.11143788066606786,-0.004804858873041815,1.1577076966020706e-05,0.2338419862741839,0.4635989420555501,0,0.9195287203207
5.503679999999969,1.179733481566433,0.5898667407832165,0.994438167685564,0.5207534327286193,0.26037671636430965,0.005359273496179351,1.031628400150259,0.8958467302768179,1.036881772324883,0.5403139816643983,0.19144858067339707,0.0003137706223790169,1.0221717055582416,0.7128214739542219,1.0002311440475207,0.5225141876917647,0.1849020598969491,-0.021390888752299813,0.09000117304571391,0.09000117304571391,0.0,-0.22290942853884688,-0.11145471426942344,-0.004785951358719485,1.1361214170086998e-05,0.23336500051350148,0.46359975187351915,0,0.91710271265415
5.507839999999969,1.1818988453867916,0.5909494226933958,0.9944604090136968,0.5196873168860439,0.25984365844302193,0.005337918751866245,1.4719376182427801,0.7948915881993958,0.7382977488807878,0.6178946963800075,0.3541974783768591,-0.04685606406755629,1.2483455687339862,0.7545949565461958,0.8691663555952949,0.5689690194475262,0.2689952334629155,-0.03469945569641628,0.09000117304571391,0.09000117304571391,0.0,-0.22293914363606038,-0.11146957181803019,-0.004767119476453058,1.1149334593022498e-05,0.2328881168882363,0.4636005482161172,0,0.9146816719726194
5.5119999999999685,1.1840597681435683,0.5920298840717841,0.9944825617185539,0.5186214616264297,0.2593107308132149,0.005316649165689527,0.9933252435822151,0.654980211859008,1.2163875673459565,0.5067115432195944,0.17793408282942919,0.08507947318657638,1.1218897698601273,0.7051557128815727,1.0429567316806814,0.5367850073992643,0.22408210131130857,0.02500072844792385,0.09000117304571391,0.09000117304571391,0.0,-0.22296493967083109,-0.11148246983541554,-0.004748362902833838,1.094136570135741e-05,0.2324113425986385,0.4636013313075744,0,0.9122655970591016
5.516159999999968,1.1862162509884087,0.5931081254942043,0.9945046261535234,0.5175558827616858,0.2587779413808429,0.005295464392695497,1.8070929503941089,1.1984517606443403,1.0524871579922228,0.6619629514387535,0.2167083821422979,0.02518773793227721,1.4658737784869678,0.9522590032934063,1.0477727054003303,0.5990005373265657,0.21988238515593347,0.02590966719617292,0.09000117304571391,0.09000117304571391,0.0,-0.22298684946936032,-0.11149342473468016,-0.004729681315905534,1.0737236259717738e-05,0.23193468478048918,0.4636021013683898,0,0.9098544866229508
5.520319999999968,1.1883682951382486,0.5941841475691243,0.9945266026705626,0.5164905959615715,0.25824529798078577,0.005274364089400967,1.3672127189815266,0.932195642434757,0.6812265673883175,0.7286068667315937,0.442277673065468,-0.11526785249469894,1.4180594400844782,0.9431482116866933,0.8642572801578801,0.6631219204142221,0.3305346983756983,-0.04465199977731904,0.09000117304571391,0.09000117304571391,0.0,-0.22300490563821884,-0.11150245281910942,-0.004711074395503497,1.0536876308120811e-05,0.23145815050554905,0.4636028586153932,0,0.9074483393005451
5.524479999999968,1.1905159018747264,0.5952579509373632,0.9945484916202033,0.5154256167546881,0.25771280837734406,0.005253347913785496,0.9998196015521792,0.1276710338733103,1.2153162452930892,0.5200517033832267,0.3956040548428174,0.037385451144965755,1.2100205713745766,0.5362278635953097,1.039866698209427,0.5904973595346348,0.3625352397318215,-0.0035030737153717195,0.09000117304571391,0.09000117304571391,0.0,-0.22301914056599936,-0.11150957028299968,-0.004692541822845373,1.0340217139659591e-05,0.23098174678200456,0.46360360326180644,0,0.9050471536559432
5.528639999999967,1.1926590725435993,0.5963295362717996,0.9945702933515587,0.5143609605294623,0.25718048026473117,0.005232415525285315,1.0627782123134994,0.6959806017157508,0.7372126591573621,0.5882556038947171,0.22655143877581432,-0.041672719335941404,1.1376246508197057,0.6165774700946959,0.8884484284588838,0.5880616453169049,0.2941196844932323,-0.021405303866462735,0.09000117304571391,0.09000117304571391,0.0,-0.22302958642476178,-0.11151479321238089,-0.004674083280977081,1.0147191278614516e-05,0.23050548055491082,0.4636043355173034,0,0.9026509281815367
5.532799999999967,1.1947978085541622,0.5973989042770811,0.9945920082123286,0.5132966425351235,0.25664832126756176,0.005211566584785424,1.0905575553791191,0.4217843414005421,1.0433199957741357,0.5367494295091375,0.37823841145287534,-0.021447131715424707,1.115206746648186,0.5199662939069333,0.965840280549813,0.5626253366061825,0.33616100179213204,-0.021231058220267388,0.09000117304571391,0.09000117304571391,0.0,-0.22303627517094782,-0.11151813758547391,-0.004655698454256382,9.957732458856837e-06,0.23002935870663166,0.46360505558806886,0,0.9002596612987
5.536959999999967,1.1969321113786733,0.5984660556893366,0.9946136365488062,0.5122326778826759,0.25611633894133795,0.005190800754613815,1.764894082045851,0.2448384002810141,0.8731566868327925,0.4314378711760157,0.2803394930139565,0.06146913480819188,1.4409522803143768,0.38298431196092764,0.9196251954224722,0.49706809107547434,0.30787295494888783,0.0203511490599761,0.09000117304571391,0.09000117304571391,0.0,-0.22303923854747287,-0.11151961927373644,-0.004637387028691448,9.771775602680803e-06,0.22955338805727704,0.4636057636768568,0,0.8978733513584323
5.5411199999999665,1.199061982551781,0.5995309912758905,0.9946351787058835,0.511169081545862,0.255584540772931,0.005170117698534275,1.240693976304773,0.6346758817742278,1.2036200813570541,0.5821844988724678,0.3054818340462466,-0.049555325694068994,1.3420334752218372,0.5094676530033496,1.0615223676293177,0.539225885304414,0.3064844407279067,-0.014989797629221353,0.09000117304571391,0.09000117304571391,0.0,-0.22303850808432935,-0.11151925404216467,-0.004619148691959198,9.589256799955745e-06,0.2290775753651371,0.46360645998304734,0,0.8954919966419981
5.545279999999966,1.2011874236699565,0.6005937118349782,0.9946566350270574,0.5101058683621227,0.25505293418106134,0.005149517081739143,1.1876329676955177,0.6224930518234804,0.7273439081174347,0.5737966503710957,0.1267057395040389,0.10627645788956784,1.2660276564435713,0.5662452225235354,0.8946509327544073,0.5555305174382335,0.21634936224488158,0.046077290889831625,0.09000117304571391,0.09000117304571391,0.0,-0.22303411510047333,-0.11151705755023666,-0.004600983132995243,9.41011328767124e-06,0.22860192732711393,0.46360714470270287,0,0.8931155953615613
5.549439999999966,1.2033084363909297,0.6016542181954648,0.9946780058544359,0.5090430530335482,0.2545215265167741,0.005128998570843748,0.9706372239613141,0.8255818598145768,1.0817701148566243,0.37298374049276567,0.3511770587802651,-0.029431801192750094,1.1191069462192367,0.6966460617166604,0.9881490551425854,0.4638948703876649,0.28362582252909807,0.009078037628568712,0.09000117304571391,0.09000117304571391,0.0,-0.2230260907049697,-0.11151304535248485,-0.004582890042653418,9.234283429778762e-06,0.22812645057915026,0.46360781802862333,0,0.8907441456608161
5.553599999999966,1.2054250224331289,0.6027125112165644,0.9946992915287437,0.5079806501278252,0.2539903250639126,0.005108561833878098,1.8688815180567566,0.35339204404605756,0.9219952138125597,0.41708825405450023,0.3182142299598194,-0.06150018116580989,1.4948672159699927,0.5256803302869325,0.9549442098210608,0.4403955685812773,0.30005086983781554,-0.02642622155138216,0.09000117304571391,0.09000117304571391,0.0,-0.22301446579813855,-0.11150723289906928,-0.004564869112975149,9.061706697431358e-06,0.22765115169665523,0.46360848015040046,0,0.8883776456156128
5.557759999999965,1.2075371835751254,0.6037685917875627,0.9947204923893282,0.5069186740791767,0.25345933703958834,0.005088206540281598,1.405851039323803,0.5926761713577491,1.2592776408682138,0.5141040334307969,0.24039403276035,-0.06184620565790219,1.4514294557022627,0.5596801960947223,1.1069845442093096,0.47646154974917115,0.26952238061834316,-0.04419530342076965,0.09000117304571391,0.09000117304571391,0.0,-0.22299927107345585,-0.11149963553672793,-0.0045469200377415385,8.892323649505605e-06,0.2271760371949278,0.46360913125447123,0,0.8860160932345793
5.561919999999965,1.2096449216550809,0.6048224608275404,0.9947416087741653,0.5058571391892943,0.25292856959464716,0.005067932360895498,1.3268942066083538,0.5376472659771181,0.24285780180293637,0.5574967923145258,0.21578674089689004,-0.030579583730635317,1.3903225618285342,0.5491130077690163,0.6748510135223721,0.5160002860750759,0.24236912725928847,-0.037143989444040876,0.09000117304571391,0.09000117304571391,0.0,-0.22298053701828136,-0.11149026850914068,-0.004529042511956263,8.726075913497865e-06,0.2267011135295768,0.46360977152417027,0,0.883659486459738
5.566079999999965,1.2117482385701988,0.6058741192850994,0.9947626410198651,0.5047960596282675,0.25239802981413373,0.005047738967957495,1.3834627167891818,0.43850009149004354,1.1750830605554758,0.39822014335242106,0.44713426883298113,0.21129984372059082,1.3877220630311244,0.4947362932297698,0.9254092431032921,0.45654775822244203,0.3445023358483147,0.08744276901158936,0.09000117304571391,0.09000117304571391,0.0,-0.22295829391533917,-0.11147914695766958,-0.004511236232504722,8.562906166724243e-06,0.22622638709693868,0.46361040113978147,0,0.8813078231671198
5.5702399999999646,1.21384713627618,0.60692356813809,0.994783589461678,0.5037354494355043,0.25186772471775215,0.005027626035093524,1.290179095860084,0.864367503390207,0.9276344836863596,0.42377289287973496,0.11262393587959024,-0.047735183910406334,1.3398326692406772,0.6797881380105418,0.9264237073325973,0.43951950978922083,0.22886710001324306,0.01932575124837465,0.09000117304571391,0.09000117304571391,0.0,-0.22293257184409443,-0.11146628592204721,-0.004493500897423116,8.402758117844503e-06,0.22575186423449226,0.4636110202785889,0,0.8789611011673714
5.574399999999964,1.2159416167866828,0.6079708083933414,0.9948044544335002,0.5026753225206477,0.25133766126032386,0.005007593237312673,1.4978593835661993,0.819503803785027,0.9717405702852142,0.5380626321702747,0.14138853922338443,-0.21495606955560023,1.4199676643285966,0.749941754452357,0.9486349329488807,0.4881224003399603,0.18478632473833584,-0.09759792865007866,0.09000117304571391,0.09000117304571391,0.0,-0.22290340068224102,-0.11145170034112051,-0.004475836206450177,8.24557648870338e-06,0.2252775512212712,0.4636116291149266,0,0.8766193182063609
5.578559999999964,1.2180316821727848,0.6090158410863924,0.9948252362678793,0.5016156926644836,0.2508078463322418,0.004987640250999748,1.4123033995075338,0.46614986480887716,0.8473961282317922,0.6452247898822883,0.25933777155194365,0.10146540128859088,1.4174783594169587,0.6085847799075461,0.8982245125154062,0.5662633175742842,0.22131626315173736,0.002572407378343705,0.09000117304571391,0.09000117304571391,0.0,-0.22287081010644516,-0.11143540505322258,-0.004458241860509728,8.091306996469368e-06,0.22480345427827295,0.46361222782022765,0,0.8742824719657767
5.582719999999964,1.2201173345624508,0.6100586672812254,0.9948459352960206,0.5005565735198457,0.25027828675992286,0.0049677667539100015,1.5202056364593493,0.47612827900536714,1.275263329972728,0.49318833288521774,0.34617612323051017,0.03296098498701229,1.469870770338557,0.5430767625764075,1.0868145722837332,0.5286552564978257,0.28319787509497435,0.018026891500529062,0.09000117304571391,0.09000117304571391,0.0,-0.22283482959416223,-0.11141741479708112,-0.004440717562369526,7.939896336133205e-06,0.224329579568866,0.46361281656307246,0,0.8719505600637247
5.586879999999963,1.222198576140003,0.6110992880700015,0.9948665518477922,0.4994979786125128,0.2497489893062564,0.004947972425161124,1.4092466817102014,0.37093896590044106,0.781789345236766,0.6033091936881881,0.29858918067093443,-0.147028259917774,1.4408128469072523,0.4576283934944007,0.9339940343828931,0.566131537953775,0.2905670237705694,-0.06450191872135164,0.09000117304571391,0.09000117304571391,0.0,-0.22279548842470698,-0.11139774421235349,-0.004423263016017049,7.79129216319728e-06,0.22385593319919372,0.46361339550923636,0,0.869623580055319
5.591039999999963,1.224275409145595,0.6121377045727975,0.9948870862517306,0.49843992134209986,0.24921996067104993,0.00492825694522782,1.655303987211284,0.5835006860959386,1.1353839827044665,0.3133993363915308,0.22157480009346997,0.19126471817033364,1.5487127227954351,0.5210278383698709,1.035088744311161,0.4393280161299162,0.2553306774159325,0.06312389408498113,0.09000117304571391,0.09000117304571391,0.0,-0.22275281568022343,-0.11137640784011171,-0.004405877926782931,7.645443076782492e-06,0.2233825212185758,0.46361396482173606,0,0.8673015294332703
5.595199999999963,1.2263478358746907,0.6131739179373453,0.994907538835047,0.49738241498294533,0.24869120749147267,0.0049086199959358845,1.478717114172901,0.27392736962351777,1.8353740167529873,0.5352467324943642,0.23133963437922123,0.1504872059559388,1.5148302999929455,0.3979579223345378,1.4355484257734785,0.48604371493432086,0.24291946135351317,0.10755186998901936,0.09000117304571391,0.09000117304571391,0.0,-0.222706840247618,-0.111353420123809,-0.004388562001678843,7.502298602966026e-06,0.22290934961990727,0.46361452466087577,0,0.8649844056284683
5.599359999999963,1.2284158586775449,0.6142079293387724,0.9949279099236322,0.4963254726849895,0.24816273634249475,0.004889061260454847,1.3300875879519185,0.6649684123268584,0.46801681573419196,0.548340422657078,0.27734838253498384,0.023782167309477645,1.423599067803539,0.5320421392271435,0.9518269645130855,0.5167628063923644,0.26002260140053673,0.06488003936879984,0.09000117304571391,0.09000117304571391,0.0,-0.22265759081900183,-0.11132879540950091,-0.004371314948986821,7.361809178356714e-06,0.2224364243400545,0.46361507518429224,0,0.8626722060105627
5.603519999999962,1.2304794799586893,0.6152397399793447,0.9949481998420626,0.4952691074746505,0.24763455373732526,0.00486958042329236,0.7226911142292467,0.6466202994971748,1.485966900015169,0.4280633632035535,0.28845082001251626,-0.013935481608671115,1.074030908523086,0.5899338838723548,1.2188707718948124,0.47224432934477883,0.2733244536073651,0.02591613947887294,0.09000117304571391,0.09000117304571391,0.0,-0.22260509589352429,-0.11130254794676214,-0.004354136478489746,7.2239261340723e-06,0.22196375126024906,0.463615616546999,0,0.8603649278885369
5.607679999999962,1.2325387021764214,0.6162693510882107,0.9949684089136055,0.4942133322556921,0.24710666612784604,0.004850177170287569,1.3924985842313378,0.19599842087271557,0.9606691842554154,0.5099184117294516,0.09695829989712926,0.07702479570210687,1.2343282984809092,0.39316468821182615,1.08992744013767,0.49073844141590967,0.18533444028148724,0.05191942875845114,0.09000117304571391,0.09000117304571391,0.0,-0.2225493837783572,-0.1112746918891786,-0.00433702630127417,7.0886016798787925e-06,0.22149133620647854,0.4636161489014304,0,0.85806256851128
5.611839999999962,1.2345935278422968,0.6172967639211484,0.9949885374602246,0.4931581598100866,0.2465790799050433,0.004830851188605384,1.4088313192561286,0.5575393143305583,0.4660927127699709,0.3989492627235869,0.25224310367025654,0.031080757944807268,1.322412569808648,0.4758767764131822,0.7780691640839666,0.44401450887439553,0.21928137837523157,0.04207562693485568,0.09000117304571391,0.09000117304571391,0.0,-0.2224904825901085,-0.11124524129505425,-0.004319984129853717,6.955788888644011e-06,0.22101918494987519,0.463616672397484,0,0.8557651250681542
5.6159999999999615,1.2366439595206253,0.6183219797603127,0.995008585802586,0.4921036027988716,0.2460518013994358,0.00481160216673015,1.2825184441051742,0.020253798333791373,1.6688892219313471,0.47709177761802624,0.33595067505761933,0.025217355337442737,1.3034598675603104,0.248762903063556,1.2235373390582034,0.45944377689514737,0.2766294408063043,0.03390665266545951,0.09000117304571391,0.09000117304571391,0.0,-0.2224284202554926,-0.1112142101277463,-0.004303009678292825,6.825441681103661e-06,0.22054730320710164,0.4636171871825633,0,0.8534725946895577
5.620159999999961,1.2386899998279712,0.6193449999139856,0.9950285542600629,0.4910496737630033,0.24552483688150165,0.004792429794458859,1.39965725742879,-0.025238339731761927,0.7646093345412976,0.6906572746379773,0.37444865565566293,-0.05506220940743135,1.3529970176572164,0.11253940434969036,0.9939554292663872,0.5744418978104576,0.32543772715514646,-0.010491113034986474,0.09000117304571391,0.09000117304571391,0.0,-0.2223632245134991,-0.11118161225674955,-0.004286102661795379,6.697514810805883e-06,0.22007569664073456,0.46361769340161885,0,0.8511849744474835
5.624319999999961,1.2407316514326554,0.6203658257163277,0.9950484431507416,0.4899963851242,0.2449981925621,0.004773333762896033,1.671414329742936,0.15153110194735148,1.442487832487887,0.5748882686427571,0.3472291287447373,-0.004169837781607211,1.5134045696793155,0.13275845284471005,1.2182173888512124,0.5742241293692879,0.3359952682906717,-0.007952370026178393,0.09000117304571391,0.09000117304571391,0.0,-0.22229492291542918,-0.11114746145771459,-0.004269262797148721,6.571963849361512e-06,0.21960437085964524,0.46361819119718933,0,0.8489022613560762
5.628479999999961,1.2427689170542628,0.6213844585271314,0.9950682527914267,0.4889437491857852,0.2444718745928926,0.00475431376444681,1.5838476360237,0.5962222513809403,0.9094020290734756,0.49224992038754767,0.40321530001789824,0.08498799722757751,1.54965105293611,0.3653340889277067,1.0639854112534342,0.5329577805586593,0.36872699004397025,0.03798743508674516,0.09000117304571391,0.09000117304571391,0.0,-0.2222235428270718,-0.1111117714135359,-0.004252489802312291,6.448745171974899e-06,0.21913333141937827,0.4636186807094415,0,0.8466244523721818
5.63263999999996,1.2448017994631526,0.6224008997315763,0.9950879834976468,0.48789177813352075,0.24394588906676037,0.004735369492811693,1.6670645824532342,0.48797237530240223,0.7168985864922267,0.477767313314389,0.30716587005099455,0.2349188214105274,1.60935483974355,0.42729446846546615,0.8909265527266897,0.5041840140660084,0.33723770934557684,0.1372299275056253,0.09000117304571391,0.09000117304571391,0.0,-0.22214911142938776,-0.11107455571469388,-0.00423578339686162,6.327815943142738e-06,0.21866258382252723,0.4636191620762098,0,0.8443515443958961
5.63679999999996,1.246830301479971,0.6234151507399855,0.9951076355836592,0.48684048403643687,0.24342024201821844,0.004716500642979445,0.9643365061230854,0.7633541486205145,1.3849792638861531,0.5475032581705079,0.15702875868278665,0.0015627403396697927,1.2879812367760801,0.5956523760162865,1.1379590289212376,0.5252222617189002,0.2475772053075347,0.06968725092154013,0.09000117304571391,0.09000117304571391,0.0,-0.2220716557196244,-0.1110358278598122,-0.004219143301362801,6.209134102692273e-06,0.2181921335191081,0.4636196354330351,0,0.8420835342711086
5.64095999999996,1.2488544259751697,0.6244272129875849,0.995127209362456,0.48578987884765695,0.24289493942382848,0.004697706911222635,0.9726103703579401,-0.28096766068561174,0.8143010063702087,0.5064492980966832,0.20868076624049736,-0.052496289761891655,1.1313490373427253,0.15777104308201242,0.9760192203839004,0.5148556969472399,0.2277614058045101,0.008286770909989619,0.09000117304571391,0.09000117304571391,0.0,-0.221991202512968,-0.110995601256484,-0.004202569238137086,6.0926583520058266e-06,0.21772198590693054,0.46362010091320277,0,0.8398204187860414
5.6451199999999595,1.2508741758685247,0.6254370879342623,0.9951467051457689,0.48473997440521466,0.24236998720260733,0.004678987995089966,1.911640292426124,0.5233931489441352,1.0024198810433615,0.6519811967771596,0.27786318921497133,0.015840261901820245,1.522856015310374,0.3411616370669552,0.9892520376838485,0.5835113989925265,0.253272968326701,0.012373198092352032,0.09000117304571391,0.09000117304571391,0.0,-0.22190777844302512,-0.11095388922151256,-0.004186060930421509,5.978348140455079e-06,0.21725214633196602,0.4636205586477805,0,0.8375621946737865
5.649279999999959,1.2528895541286615,0.6264447770643308,0.9951661232440747,0.4836907824328688,0.2418453912164344,0.004660343593402089,1.434867213111008,0.31316730206406823,1.086034200892414,0.4810233255384957,0.24218675296798875,0.02931193206399662,1.4798632815869057,0.3276682199548024,1.0377056789407237,0.531423529667079,0.24763205461422994,0.0204017767711312,0.09000117304571391,0.09000117304571391,0.0,-0.2218214099636946,-0.1109107049818473,-0.004169618103240236,5.866163652201117e-06,0.2167826200887143,0.4636210087656549,0,0.8353088586128362
5.653439999999959,1.254900563772582,0.627450281886291,0.9951854639666007,0.4826423145409097,0.24132115727045486,0.004641773406243821,1.3019878226175639,0.36615237887454344,1.2313773724842356,0.29156123444400694,0.23823083420966418,0.04417184413597856,1.39153200081574,0.34740616985498995,1.1346349498783257,0.4109045135305653,0.24288975750898265,0.03219258352095181,0.09000117304571391,0.09000117304571391,0.0,-0.221732123349763,-0.1108660616748815,-0.004153240482458107,5.756065793033038e-06,0.21631341242056684,0.4636214513935678,0,0.8330604072276133
5.657599999999959,1.2569072078651944,0.6284536039325972,0.9952047276213297,0.48159458222696266,0.24079729111348133,0.00462327713496027,1.2049333424302873,0.4553803138876654,1.2869710655423385,0.40083533459371007,0.3158240641308241,-0.037223539222951164,1.29906635809518,0.4020506346348684,1.2107257226860868,0.40526165219394217,0.27948093696022824,-0.0020652436965149846,0.09000117304571391,0.09000117304571391,0.0,-0.22163994469803516,-0.11081997234901758,-0.004136927795758728,5.6480161776088664e-06,0.21584452852016825,0.4636218866561522,0,0.8308168370889955
5.661759999999958,1.2589094895188477,0.6294547447594239,0.9952239145150054,0.4805475968767859,0.24027379843839294,0.004604854482148878,1.0296724987529529,-0.22494388553881695,1.1077060053856658,0.4957146839025406,0.04361801105455368,-0.005379881119925196,1.1654018227013307,0.08864030419507583,1.1592008867414254,0.44894021646201543,0.16127950763017124,-0.002247900960992609,0.09000117304571391,0.09000117304571391,0.0,-0.22154489992911142,-0.11077244996455571,-0.004120679771590946,5.5419771167921436e-06,0.21537597352977542,0.46362231467596726,0,0.8285781447148353
5.665919999999958,1.260907411892869,0.6304537059464345,0.9952430249531372,0.47950136976506097,0.23975068488253048,0.004586505151655915,0.9515913592855456,0.5018046053393119,0.9112572834382958,0.6252021321282631,0.23287951497793016,0.04788847877205489,1.059797060764491,0.2957099104776546,1.0353261955514672,0.5363080233891059,0.19698742351218557,0.023183093312401138,0.09000117304571391,0.09000117304571391,0.0,-0.22144701478767104,-0.11072350739383552,-0.0041044961400395034,5.4379116052806116e-06,0.21490775254161382,0.46362273557353256,0,0.8263443265704787
5.670079999999958,1.262900978193103,0.6314504890965515,0.9952620592400062,0.47845591205618127,0.23922795602809063,0.004568228848569274,0.7249732687379193,0.7280687609888885,0.8970075151129216,0.47643845718020483,0.22566221720617058,-0.0022164306000027325,0.8933753607518774,0.5123614892971156,0.9661599812766662,0.505626578513979,0.21143968669988783,0.01110815156036801,0.09000117304571391,0.09000117304571391,0.0,-0.2213463148441479,-0.11067315742207395,-0.004088376632520454,5.335783309430904e-06,0.21443987059823197,0.4636231494673624,0,0.8241153790692785
5.6742399999999575,1.2648901916714574,0.6324450958357287,0.9952810176786696,0.47741123480503295,0.23870561740251647,0.004550025279212554,1.6103612716112339,0.5330993791389748,0.8367874378727458,0.40836560806520794,0.1056417046352309,0.10455554893633284,1.2527240616374742,0.5229506868506105,0.9016894540281118,0.4563581009119328,0.1583667434443085,0.05822148541878261,0.09000117304571391,0.09000117304571391,0.0,-0.2212428254956622,-0.1106214127478311,-0.0040723209815826285,5.23555655525895e-06,0.21397233269285332,0.4636235564739989,0,0.8218912985731034
5.678399999999957,1.2668750556254482,0.6334375278127241,0.9952999005709661,0.47636734895777155,0.23818367447888578,0.004531894151140001,1.6016314865123815,0.6218281332543253,0.6271388510443213,0.4750706820296841,0.13711860165007783,0.16852120345514432,1.4281705421435003,0.5726757723048344,0.7647638076110643,0.4646585231144145,0.14751916433533416,0.11285602120527949,0.09000117304571391,0.09000117304571391,0.0,-0.22113657196716885,-0.11056828598358442,-0.00405632892102973,5.137196316733635e-06,0.21350514376972574,0.46362395670804496,0,0.8196720813928456
5.682559999999957,1.2688555733977507,0.6344277866988753,0.9953187082175208,0.4753242653525934,0.2376621326762967,0.004513835173130903,1.6210477185547094,0.2571624501931214,0.8661455960759297,0.6374196788332172,0.3171852314235572,0.08038866666267218,1.5259376994512608,0.4155779234729365,0.8156224144722568,0.5503524356706365,0.23172395712691077,0.09672197168190064,0.09000117304571391,0.09000117304571391,0.0,-0.22102757931239458,-0.11051378965619729,-0.004040400185935631,5.040668204178221e-06,0.21303830872446897,0.4636243502821965,0,0.8174577237889232
5.686719999999957,1.2708317483757527,0.6354158741878764,0.9953374409177507,0.4742819947205024,0.2371409973602512,0.004495848055183919,1.4877362605312947,0.7571013687189655,1.2870358334028176,0.41986788580118767,0.2887254214879416,-0.012141545081370064,1.507713304864532,0.5869443454958566,1.0513063962341516,0.48354174485270496,0.2593703814538073,0.042668555327114464,0.09000117304571391,0.09000117304571391,0.0,-0.22091587241520738,-0.11045793620760369,-0.004024534512766794,4.945938452931047e-06,0.21257183240441963,0.46362473730727416,0,0.8152482219717792
5.690879999999956,1.2728035839911114,0.6364017919955557,0.9953560989698694,0.4732405476860708,0.2366202738430354,0.004477932508510928,0.7325108345034076,0.7425969443512339,0.3026642510853552,0.42848370475630254,0.2844961848374647,-0.21112722129560757,1.1209983446938223,0.6653646228473639,0.6765405849822591,0.45579225197373824,0.2713811337252215,-0.08403922649609044,0.09000117304571391,0.09000117304571391,0.0,-0.22080147599045297,-0.11040073799522648,-0.004008731639183756,4.852973912202482e-06,0.21210571960897387,0.4636251178922545,0,0.8130435721023772
5.695039999999956,1.2747710837193122,0.6373855418596561,0.9953746826708925,0.47219993476819583,0.23609996738409791,0.004460088245531695,1.3249874033041276,1.1671825380679008,0.9645038346911649,0.4977499417498664,0.37924870197252913,0.009919031437628711,1.2240301939812104,0.9170680031087128,0.8205457337193756,0.4764860728356467,0.3243055044030319,-0.037488077137534465,0.09000117304571391,0.09000117304571391,0.0,-0.22068441458511623,-0.11034220729255811,-0.0039929913040561045,4.761742034063303e-06,0.21163997508992793,0.4636254921443008,0,0.8108437702926939
5.699199999999956,1.2767342510792326,0.6383671255396163,0.9953931923166419,0.4711601663808511,0.23558008319042556,0.004442314979868428,1.1402700937359918,0.16759732430277147,1.1350713512612218,0.40364399851319105,0.3627984023215305,0.08463686714326514,1.1829881186822175,0.5430838857639777,0.9779878699419152,0.44055382004715593,0.3426568860126479,0.0230451873971368,0.09000117304571391,0.09000117304571391,0.0,-0.2205647125793786,-0.1102823562896893,-0.003977313247477479,4.6722108627263915e-06,0.2111746035518164,0.4636258601687931,0,0.8086488126062077
5.703359999999956,1.278693089632707,0.6393465448163534,0.9954116282017517,0.47012125283383316,0.23506062641691658,0.0044246124263403516,1.4424204630677973,0.6696022697295216,0.8520632222994854,0.3339130888838231,0.19554023424013522,0.03872874974570561,1.313401658915731,0.6067493914658987,0.9151041000730529,0.3867483039943468,0.2697280558024312,0.03142429319258822,0.09000117304571391,0.09000117304571391,0.0,-0.2204423941876782,-0.1102211970938391,-0.003961697210780556,4.584349023941776e-06,0.21070960965224833,0.4636262220693578,0,0.8064586950583841
5.707519999999955,1.2806476029840965,0.6403238014920483,0.9954299906196723,0.46908320433350287,0.23454160216675143,0.0044069803009581365,1.3547868956737237,0.5251267319563251,1.247123541996153,0.5463735554431178,0.2517394561304565,0.03284254101228653,1.33523364273014,0.5664612207760742,1.0811839291916838,0.46528382760587544,0.26067745772211187,0.03238657080253342,0.09000117304571391,0.09000117304571391,0.0,-0.22031748345988056,-0.11015874172994028,-0.00394614293655203,4.498125714620436e-06,0.21024499800224106,0.4636265779478971,0,0.8042734136171565
5.711679999999955,1.2825977947798612,0.6412988973899306,0.9954482798626761,0.46804603098352177,0.23402301549176088,0.004389418320918339,1.6472447165924857,0.6474877416015203,1.262639601952998,0.4292472811791831,0.22005201983884223,0.21959884007808173,1.4921349495103868,0.6074332704561788,1.172368931987116,0.4469001609813739,0.24011706743382777,0.12639545457351573,0.09000117304571391,0.09000117304571391,0.0,-0.22019000428213142,-0.11009500214106571,-0.003930650168647604,4.4135106925724795e-06,0.2097807731665517,0.46362692790461746,0,0.8020929642034059
5.715839999999955,1.2845436687081344,0.6422718343540672,0.995466496221862,0.46700974278558405,0.23350487139279202,0.004371926204597721,1.1982191316159847,0.6986263744686754,0.9459446239973798,0.5442976336065819,0.23578450430284834,-0.05330899624818737,1.3463078064439953,0.6535211592324625,1.0590439539817975,0.49525640595096504,0.23781943761417262,0.03672708429283262,0.09000117304571391,0.09000117304571391,0.0,-0.2200599803779265,-0.11002999018896326,-0.0039152186519928155,4.33047426649126e-06,0.20931693966400663,0.46362727203805804,0,0.7999173426914346
5.7199999999999545,1.2864852284983017,0.6432426142491509,0.9954846399871601,0.465974349640144,0.232987174820072,0.004354503671548433,1.2503448692349595,1.2384064031490989,0.884911997516701,0.5606965308883483,0.4275873956401184,-0.05383665928031318,1.2994929323890752,0.946856787321421,0.9718658551128899,0.5274752938256575,0.3329105024240716,-0.0090666300635765,0.09000117304571391,0.09000117304571391,0.0,-0.21992743530950476,-0.10996371765475238,-0.0038998481327044317,4.2489872860993e-06,0.208853501967829,0.4636276104451182,0,0.7977465449094383
5.724159999999954,1.2884224779205815,0.6442112389602908,0.9955027114473372,0.4649398613471367,0.23246993067356836,0.004337150442492668,0.7859636595111833,0.861539527359074,1.0730996778048647,0.5310294299959014,0.25023874948290015,0.02918729712961211,1.0438305435160833,0.9047182536432579,1.022544964002806,0.5286197256474439,0.29148182782524634,0.009682624083781288,0.09000117304571391,0.09000117304571391,0.0,-0.21979239247817606,-0.10989619623908803,-0.0038845383584263683,4.169021132447302e-06,0.20839046450596338,0.46362794322108486,0,0.7955805666399742
5.728319999999954,1.2903554207856094,0.6451777103928047,0.9955207108900009,0.46390628760669733,0.23195314380334867,0.0043198662393159285,0.8065087666645125,0.3577351786117705,0.696965744341401,0.46283553165354163,0.14144134495502536,0.01225634745164594,0.9261305867720457,0.6315173179775512,0.8597786465357505,0.49577612107861013,0.2163579616806799,0.01093193410614391,0.09000117304571391,0.09000117304571391,0.0,-0.2196548751259343,-0.10982743756296715,-0.0038692890774886593,4.0905477083840616e-06,0.20792783166139914,0.46362827045965943,0,0.7934194036204262
5.732479999999954,1.2922840609440256,0.6461420304720128,0.9955386386016054,0.46287363801987286,0.23143681900993643,0.0043026507850637925,1.0029158570274788,0.7990885909311272,1.5057518039426507,0.5700001766442235,0.23200163691889197,-0.11097719379583063,0.9657103877661664,0.715787195553876,1.182538522764723,0.5323810262010802,0.22393267171671047,-0.04982570091074671,0.09000117304571391,0.09000117304571391,0.0,-0.21951490633643245,-0.10975745316821622,-0.003854100039884213,4.013539429239509e-06,0.20746560777249126,0.4636285922529841,0,0.7912630515434653
5.736639999999953,1.2942084022860645,0.6471042011430322,0.9955564948674551,0.46184192208932956,0.23092096104466478,0.004285503803934627,1.6115822943826923,0.5397002676297312,0.7477928037652812,0.24536425341632265,0.22101648604211738,0.009183380482430023,1.2891616867246953,0.6282017091514408,0.9651810709350979,0.3886622882233356,0.22271428592020207,-0.020011734673750708,0.09000117304571391,0.09000117304571391,0.0,-0.21937250903553251,-0.10968625451776626,-0.003838970996321033,3.93796921358101e-06,0.20700379713327888,0.46362890869166784,0,0.789111506057509
5.740799999999953,1.296128448741148,0.648064224370574,0.9955742799717104,0.46081114922005767,0.23040557461002883,0.004268425021276219,1.420556655666578,0.21536267468827325,0.8726939132406596,0.4756289379200965,0.28300229580641006,-0.22808530043628183,1.3558496179027524,0.4223686127937814,0.9184612803186424,0.4320280479533874,0.252530746569855,-0.12348040955547986,0.09000117304571391,0.09000117304571391,0.0,-0.21922770599282082,-0.10961385299641041,-0.003823901699091886,3.863810474217236e-06,0.20654240399380216,0.4636292198648119,0,0.7869647627671758
5.744959999999953,1.2980442042774816,0.6490221021387408,0.995591994197392,0.4597813287200691,0.22989066436003455,0.004251414163578803,1.3461454282739478,0.9243709676622076,1.3601125884145275,0.47111814258131984,0.3255105620309905,-0.033180305871969226,1.3519779542197183,0.6740506978727925,1.1392205683381753,0.4512883356453261,0.288851347144071,-0.07812341017636124,0.09000117304571391,0.09000117304571391,0.0,-0.21908051982248533,-0.10954025991124267,-0.003808891901340365,3.7910371093147172e-06,0.20608143256041672,0.46362952586003486,0,0.7848228172337361
5.7491199999999525,1.2999556729016528,0.6499778364508264,0.9956096378263856,0.4587524698010912,0.2293762349005456,0.004234470958471133,1.3757654960160122,0.5316676357920397,0.9537867834292003,0.5045360950416952,0.09047257759871555,0.052226105672812675,1.3649214294340801,0.6030467498898621,1.0466109558578502,0.4778523228834258,0.18948277700394145,-0.01293235768278915,0.09000117304571391,0.09000117304571391,0.0,-0.2189309729839808,-0.1094654864919904,-0.0037939413576096384,3.719623493698419e-06,0.20562088699610598,0.4636298267634973,0,0.782685664975562
5.753279999999952,1.301862858658233,0.6509314293291165,0.9956272111394469,0.45772458157925733,0.22886229078962866,0.004217595134714283,1.2891235933544491,0.8974520808401477,0.6856367404996422,0.4166447792691939,0.23000394036109956,-0.12133621336028236,1.3278903268693403,0.7507305696022795,0.8658693786079906,0.44641732189016237,0.2094077187392087,-0.06733513450509365,0.09000117304571391,0.09000117304571391,0.0,-0.21877908778333932,-0.10938954389166966,-0.0037790498234290884,3.649544470266524e-06,0.2051607714207918,0.4636301226599261,0,0.7805533014685716
5.757439999999952,1.3037657656293822,0.6518828828146911,0.9956447144162061,0.45669767307579145,0.22834883653789573,0.004200786422197176,1.7517146754214008,0.46107581847088236,0.96884528539273,0.3524776485836091,0.5185047131403511,-0.04142719334528974,1.5405407748028863,0.6069800932511319,0.9172715259306146,0.3984126257205706,0.36371940594243096,-0.05421006360458299,0.09000117304571391,0.09000117304571391,0.0,-0.21862488637416255,-0.10931244318708128,-0.0037642170555421475,3.5807753416011028e-06,0.20470108991164288,0.46363041363263835,0,0.7784257221466714
5.761599999999952,1.305664397934456,0.652832198967228,0.9956621479351724,0.455671753217688,0.227835876608844,0.004184044551931117,1.3154393046597173,-0.2865761543398547,1.0917460005738004,0.15745623949523757,0.07477440562590051,0.0750378119511097,1.4283168840530995,0.1603517645573763,1.0046661280746565,0.2775098508137379,0.21901576283848795,0.010373158945965154,0.09000117304571391,0.09000117304571391,0.0,-0.21846839075840352,-0.10923419537920176,-0.0037494428115993593,3.513291861676725e-06,0.20424184650338084,0.46363069976356464,0,0.7763029224021948
5.765759999999951,1.3075587597296159,0.6537793798648079,0.9956795119737393,0.4546468308383884,0.2273234154191942,0.004167369256045665,1.4783347799245241,0.6338805877541488,1.0996457136617979,0.4692396256739932,0.11531457386137545,0.07150064974764792,1.4543019453082198,0.39736053249365255,1.052305600187293,0.37347856380728656,0.1665987086770932,0.04079093866155207,0.09000117304571391,0.09000117304571391,0.0,-0.21830962278725707,-0.10915481139362854,-0.003734726850921296,3.4470702277623717e-06,0.20378304518858475,0.46363098113327234,0,0.7741848975863388
5.769919999999951,1.3094488552074428,0.6547244276037214,0.9956968068081884,0.45362291467845317,0.22681145733922659,0.004150760267781293,1.4842607740306935,0.7330123022127906,0.8548388709760582,0.32311126214795177,0.2516837380620642,0.03844159713833392,1.4699544961122537,0.5657124968549888,0.9536508544038181,0.34788231416293114,0.20902233265918432,0.03959565093912849,0.09000117304571391,0.09000117304571391,0.0,-0.21814860416269544,-0.10907430208134772,-0.0037200689333362867,3.3820870724588554e-06,0.20332468991799357,0.4636312578209881,0,0.7720716430095947
5.774079999999951,1.311334688596552,0.655667344298276,0.9957140327136946,0.4526000133862271,0.22630000669311354,0.0041342173214868735,1.4320599693737384,0.3927149725502285,1.0946584249920115,0.4350912019456213,0.1386433563776543,0.04394446365275914,1.4519125295850932,0.47950250625805213,1.0242466141678506,0.3911999001835524,0.17306418170093402,0.04196953515955735,0.09000117304571391,0.09000117304571391,0.0,-0.21798535643751016,-0.10899267821875508,-0.0037054688201561513,3.318319455809546e-06,0.2028667846008061,0.46363152990462025,0,0.7699631539421801
5.7782399999999505,1.3132162641612124,0.6566081320806062,0.9957311899643305,0.4515781355185041,0.22578906775925206,0.00411774015261316,0.9277782426349255,0.1604229292542273,0.740063251097296,0.36920025314209487,0.343231932577829,-0.04644618540757774,1.190609898752451,0.32067533114097857,0.8820571202449585,0.38007911819142115,0.2576882045834344,-0.0026091127153814037,0.09000117304571391,0.09000117304571391,0.0,-0.2178199010171732,-0.1089099505085866,-0.003690926273655793,3.2557448576697888e-06,0.20240933310497955,0.46363179746078076,0,0.7678594256144627
5.78239999999995,1.3150935862009674,0.6575467931004837,0.9957482788330709,0.4505572895411839,0.22527864477059195,0.004101328497708363,1.7324649475381113,0.2868414856868912,1.1150376178921753,0.42709121526393673,0.4036022295102625,0.03800983762681314,1.462429607384987,0.3045977574260861,0.9986280451686245,0.4035555579364112,0.33058545194705463,0.017704270688573828,0.09000117304571391,0.09000117304571391,0.0,-0.21765225916009812,-0.10882612958004906,-0.0036764410573006633,3.194341170100209e-06,0.20195233925752593,0.46363206056480677,0,0.7657604532173856
5.78655999999995,1.3169666590502587,0.6584833295251293,0.9957652995917976,0.44953748382992664,0.22476874191496332,0.004084982094412824,1.286884144858748,1.0651712081771145,0.8250571482518017,0.39623351803090734,0.048882942746464236,-0.045290479152803376,1.3754805123648555,0.6849919885269122,0.9117469235809665,0.39955340195961436,0.1895077057277864,-0.013666127336165162,0.09000117304571391,0.09000117304571391,0.0,-0.2174824519787586,-0.1087412259893793,-0.003662012935653682,3.134086689949582e-06,0.20149580684480634,0.4636323192907818,0,0.7636662319028871
5.79071999999995,1.3188354870780536,0.6594177435390268,0.9957822525113037,0.4485187266708033,0.22425936333540164,0.004068700681454078,1.8740583309989702,0.6547751359958085,1.0936385706585423,0.619671478314428,0.06555906933637493,0.07120157703794466,1.6260632629593805,0.6700196146713007,1.002841364749989,0.508899289334318,0.12758801025377128,0.02912405781669447,0.09000117304571391,0.09000117304571391,0.0,-0.21731050044102374,-0.10865525022051187,-0.0036476416743888886,3.0749601115824555e-06,0.20103973961282362,0.4636325737115566,0,0.7615767567843171
5.794879999999949,1.3207000746874742,0.6603500373437371,0.995799137861298,0.4475010262609391,0.22375051313046956,0.004052483998641813,1.2327040829312816,0.5114326190081354,1.2706902386080643,0.5423892260536436,0.2804484424057686,-0.17959618023410115,1.430509430663501,0.5913073330560313,1.1363937816966274,0.525470723904611,0.20448864260580113,-0.07505949716155176,0.09000117304571391,0.09000117304571391,0.0,-0.21713642537042743,-0.10856821268521372,-0.003633327039983845,3.0169405196513882e-06,0.20058414126751267,0.4636328238987697,0,0.7594920229368524
5.799039999999949,1.322560426315429,0.6612802131577145,0.99581595591041,0.44648439070915663,0.22324219535457832,0.00403633178686418,1.2072495232790919,0.54769587264519,1.330639502370007,0.4398015137779438,0.11617322617762779,0.015364902392582695,1.3197940171176261,0.5697427249174203,1.233550027545143,0.4820030206715097,0.16043741317733287,-0.02988565097906407,0.09000117304571391,0.09000117304571391,0.0,-0.21696024744750886,-0.10848012372375443,-0.0036190688003747973,2.9600073821246455e-06,0.20012901547502931,0.46363306992286757,0,0.7574120253979075
5.803199999999949,1.3244165464322482,0.6622082732161241,0.9958327069261936,0.44546882803661153,0.22273441401830577,0.004020243788081321,1.4247856087881452,1.1954738201539183,0.41772203576751865,0.6726903508525218,-0.017498605410177615,0.11242058701115165,1.3736899473021944,0.8825776865565446,0.8258630503829665,0.5772271010174006,0.07079219909064365,0.041789243204178796,0.09000117304571391,0.09000117304571391,0.0,-0.21678198721072783,-0.10839099360536392,-0.003604866724435909,2.9041405433194967e-06,0.19967436586203688,0.46363331185312445,0,0.7553367591675427
5.807359999999949,1.3262684395413207,0.6631342197706603,0.9958493911751325,0.4444543461774251,0.22222717308871254,0.004004219745321092,1.6432168555870947,0.9424632584484655,1.0398266837874794,0.5692571496360911,0.28778007715041265,0.11274895613671537,1.5096408603983777,0.9131189687947299,0.9330805535541986,0.572504721701687,0.17951120012629276,0.07742096829322763,0.09000117304571391,0.09000117304571391,0.0,-0.21660166505695644,-0.10830083252847822,-0.003590720581992248,2.849320217121502e-06,0.19922019601599095,0.46363354975766186,0,0.7532662192088704
5.811519999999948,1.3281161101787344,0.6640580550893672,0.9958660089226437,0.44344095297931385,0.22172047648965693,0.0039882594026747036,1.5002502004173321,0.6496642334525229,1.2370221082884298,0.47728846057725877,0.2517791989278133,-0.16793302498766952,1.505939257551415,0.7819142131417947,1.0847062381584034,0.5243993673292939,0.21527411223084555,-0.046238649419448524,0.09000117304571391,0.09000117304571391,0.0,-0.21641930124304043,-0.10820965062152021,-0.0035766301440469488,2.7955269803245498e-06,0.19876650948542252,0.46363378370346775,0,0.7512004004484562
5.815679999999948,1.3299595629129186,0.6649797814564593,0.9958825604330823,0.4424286562042125,0.22121432810210626,0.003972362505291456,1.6278742249702545,1.1148981625556003,1.040867408381775,0.27170371332893206,0.31518611552120224,0.09856902342821933,1.5674740237640583,0.9490636215000112,1.0629894859640854,0.3974457710122392,0.26545180315441047,0.027142235615231363,0.09000117304571391,0.09000117304571391,0.0,-0.21623491588608268,-0.10811745794304134,-0.0035625951825807058,2.742741766064573e-06,0.19831330978021894,0.46363401375641544,0,0.7491392977767193
5.819839999999948,1.331798802344289,0.6658994011721445,0.9958990459697464,0.4414174635288951,0.22070873176444755,0.00395652879937427,1.3933338711451173,0.5446139240727675,0.9397489651217212,0.444785025070256,0.18285616068665445,0.01265636619230626,1.4813293965529595,0.7472171767449256,1.0013942727918643,0.4203777755312613,0.2237271874686004,0.020099895842044403,0.09000117304571391,0.09000117304571391,0.0,-0.21604852896468907,-0.10802426448234453,-0.0035486154708859984,2.6909458573556206e-06,0.19786060037190314,0.4636342399812821,0,0.747082906048329
5.823999999999947,1.3336338331048956,0.6668169165524478,0.9959154657948804,0.44040738254559064,0.22020369127279532,0.003940758032173879,1.2552703424114955,0.4769981740167104,0.5570468583587944,0.4921473303721363,0.24072544506478988,0.134931000448218,1.3693235424877583,0.6126065732043467,0.7794980354207356,0.4554873078665221,0.23218351157327316,0.07754339005212234,0.09000117304571391,0.09000117304571391,0.0,-0.2158601603195771,-0.10793008015978856,-0.0035346907827244096,2.6401208807992297e-06,0.19740838469391098,0.463634462441767,0,0.7450312200825986
5.828159999999947,1.335464659858073,0.6677323299290365,0.9959318201696804,0.4393984207625958,0.2196992103812979,0.00392504995198644,1.432839906112343,0.6542485461681078,0.6516444660658516,0.2697685052956792,0.25755445496629237,-0.1572169767584435,1.4016443025358418,0.6339637292004782,0.7152434670623005,0.3621478254444691,0.24478448450569204,-0.03987836921158352,0.09000117304571391,0.09000117304571391,0.0,-0.21566982965493486,-0.10783491482746743,-0.0035208208936229855,2.5902488003471363e-06,0.19695666614186702,0.4636346812005094,0,0.7429842346638756
5.832319999999947,1.3372912872980933,0.6686456436490467,0.9959481093542977,0.43839058560488153,0.21919529280244077,0.003909404308145852,1.001690605112725,0.6486824102939979,1.1714136009855698,0.44565624397497383,0.3507516637411352,-0.19291803484469455,1.202592118439532,0.6420526796526739,0.9429302018011668,0.4036508526262592,0.2977835746087879,-0.11626321313261484,0.09000117304571391,0.09000117304571391,0.0,-0.21547755653860667,-0.10773877826930334,-0.0035070055794974263,2.5413119112238914e-06,0.1965054480738579,0.4636348963191063,0,0.7409419445419307
5.836479999999947,1.3391137201498213,0.6695568600749107,0.9959643336078436,0.4373838844146988,0.2186919422073494,0.0038938208510217345,1.729046073633266,0.6189404224054732,0.6401660272546055,0.4319862724343331,0.30393343623366753,0.05595573293106182,1.4667230679623406,0.6311276437145544,0.7916634795256784,0.4169660517115565,0.301299658616594,-0.030692378797996196,0.09000117304571391,0.09000117304571391,0.0,-0.2152833604036707,-0.10764168020183534,-0.0034932446177339364,2.493292833890561e-06,0.19605473381070448,0.4636351078581298,0,0.7389043444323424
5.840639999999946,1.340931963168372,0.670465981584186,0.9959804931883937,0.4363783244521768,0.2181891622260884,0.0038782993320129137,0.9002303960713516,0.346435510032544,0.8785960817881134,0.47890690507366873,0.2157607012417637,-0.12169903624158301,1.1844692799206795,0.48922752437163103,0.8348769748786614,0.44774041694108024,0.2589378022874988,-0.07605350154265113,0.09000117304571391,0.09000117304571391,0.0,-0.2150872605485229,-0.10754363027426145,-0.003479537786346876,2.4461745081844133e-06,0.19560452663623185,0.4636353158771439,0,0.7368714290168799
5.844799999999946,1.3427460211387716,0.6713730105693858,0.9959965883529918,0.435373912895921,0.2176869564479605,0.003862839503544474,1.2455869910992086,0.733989702509829,1.029204061113811,0.45925070059531675,0.2755531220872167,0.09591487339815845,1.2159858599681832,0.6121839673069656,0.9322405681252511,0.4525001140738026,0.26700461803532655,0.01030907182755992,0.09000117304571391,0.09000117304571391,0.0,-0.2148892761385669,-0.10744463806928345,-0.0034658848648470887,2.3999401875188266e-06,0.19515482979753784,0.46363552043472167,0,0.7348431929438827
5.848959999999946,1.3445558988756199,0.6722779494378099,0.9960126193576545,0.4343706568436033,0.21718532842180166,0.003847441119061094,1.1654497609392485,0.9177717576167236,1.5015622967029816,0.3925888052873187,0.29921414541968816,0.06359889167169298,1.191535841301002,0.7656023799433591,1.2170371513076608,0.421677407293554,0.2830965389707311,0.03721444127649833,0.09000117304571391,0.09000117304571391,0.0,-0.21468942620651632,-0.10734471310325816,-0.003452285633292458,2.35457343324655e-06,0.19470564650525946,0.46363572158846134,0,0.7328196308286372
5.8531199999999455,1.3463616012227555,0.6731808006113777,0.9960285864573755,0.43336856331255114,0.21668428165627557,0.003832103933024401,1.1273082735248872,0.7654373269382856,0.7512762596364124,0.4375218240635209,0.08738709748071516,0.0645912561757425,1.1603331665040082,0.7657031013070519,0.9842865899486922,0.4288649088835986,0.18453962386310516,0.05148016970275197,0.09000117304571391,0.09000117304571391,0.0,-0.21448772965334129,-0.10724386482667064,-0.003438739873048829,2.3100581089825084e-06,0.19425697993383748,0.46363591939500276,0,0.7308007372537514
5.857279999999945,1.3481631330529236,0.6740815665264618,0.9960444899061293,0.4323676392403314,0.2161838196201657,0.003816827700907173,0.9826031980180677,0.4217601833922472,1.1717005416658492,0.5260562107038871,0.2318398038704442,-0.055477476607413784,1.0725607409341358,0.5942138006528066,1.0778792812465974,0.4776367071719198,0.20705912525157014,-0.0018935015598331743,0.09000117304571391,0.09000117304571391,0.0,-0.2142842052491103,-0.10714210262455515,-0.0034252473662682425,2.2663783752283415e-06,0.19380883322177989,0.46363611391004333,0,0.728786506769526
5.861439999999945,1.3499604992674459,0.6749802496337229,0.9960603299568759,0.4313678914853314,0.2156839457426657,0.0038016121791896672,1.4863226106593697,0.5902993161085108,0.9824748588867894,0.467632260190431,0.19051320487699933,0.061359850992803215,1.280417395108641,0.5926521658323375,1.0303050170196362,0.47255697323899815,0.19908874605434973,0.029254136511837343,0.09000117304571391,0.09000117304571391,0.0,-0.2140788716339418,-0.1070394358169709,-0.003411807896222172,2.2235186839313255e-06,0.19336120947192287,0.46363630518835364,0,0.7267769338943235
5.865599999999945,1.3517537047958932,0.6758768523979466,0.9960761068615649,0.43036932682733486,0.21518466341366743,0.0037864571253545657,0.9314514859841025,0.801466393638063,0.8685237329197418,0.3879499271027016,0.22129546299357855,-0.07497410994233018,1.1067428432878967,0.6975210575805365,0.9492584417871213,0.42837394742808654,0.21017695587236032,-0.02340284028115205,0.09000117304571391,0.09000117304571391,0.0,-0.21387174731863645,-0.10693587365931823,-0.0033984212472074372,2.181463773193665e-06,0.19291411175169065,0.46363649328379286,0,0.7247720131149342
5.869759999999944,1.3535427545957603,0.6767713772978802,0.9960918208711395,0.4293719519680952,0.2146859759840476,0.003771362297882357,1.9083704723420012,0.5410975173905681,0.8724314578333208,0.3741610564925332,0.17458664025725143,-0.12623924878980194,1.508340952241794,0.6196707866971363,0.9105821320422959,0.40105894931692343,0.1926443751684094,-0.07495572949370323,0.09000117304571391,0.09000117304571391,0.0,-0.21366285068574098,-0.10683142534287049,-0.0033850872043446837,2.1401986620902788e-06,0.19246754309335315,0.463636678249324,0,0.7227717388869392
5.873919999999944,1.3553276536521432,0.6776638268260716,0.9961074722355405,0.42837577353190387,0.21418788676595193,0.00375632745624751,0.7433666235973266,0.9678317602104219,1.4099996751201012,0.29054399392492025,0.2858576692403279,0.1470078009707317,1.126455557224135,0.7943482841902203,1.1605996895632027,0.34446260621632235,0.23924560849261883,0.0362429381068399,0.09000117304571391,0.09000117304571391,0.0,-0.21345219999007836,-0.10672609999503918,-0.0033718055538045476,2.0997086455852425e-06,0.19202150649428223,0.46363686013702865,0,0.7207761056350722
5.878079999999944,1.3571084069774189,0.6785542034887094,0.996123061203711,0.42738079806615636,0.21369039903307818,0.0037413523609137233,0.6574668581125723,0.7653369051317731,0.9582521041509914,0.4348465944596531,0.23051469316386156,-0.06447891211866828,0.8928633506655582,0.7803231750744809,1.0592910171309222,0.389188904738683,0.23424621146731997,-0.01442430661120878,0.09000117304571391,0.09000117304571391,0.0,-0.21323981335992281,-0.10661990667996141,-0.0033585760827132237,2.059979289497561e-06,0.19157600491720622,0.4636370389981219,0,0.7187851077535764
5.8822399999999435,1.3588850196109268,0.6794425098054634,0.9961385880235999,0.4263870320419126,0.2131935160209563,0.0037264367733295836,1.394278808597941,0.41669085752020313,1.0024230459281038,0.6152369472226631,0.21315161191614174,0.09232872958313244,1.1448546477225088,0.598947029560162,1.0310486540309654,0.5020135780674545,0.22408078338143897,0.03895530266477625,0.09000117304571391,0.09000117304571391,0.0,-0.21302570879742855,-0.10651285439871427,-0.0033453985793789644,2.0209964255748676e-06,0.19113104129046254,0.4636372148829666,0,0.7167987396065605
5.886399999999943,1.3606574966186538,0.6803287483093269,0.9961540529421662,0.4253944818544555,0.21269724092722775,0.0037115804559232466,1.9479820687370712,0.4438874361169962,0.6137275181331243,0.4698381943018932,0.2708222410452239,-0.006450842246114388,1.5474029787661623,0.5219811098238053,0.8223716117874326,0.4850860487283077,0.2466505065986574,0.01632078527979156,0.09000117304571391,0.09000117304571391,0.0,-0.21280990417970203,-0.10640495208985101,-0.0033322728325554662,1.982746146698808e-06,0.19068661850824886,0.46363738784108743,0,0.7148169955283521
5.890559999999943,1.3624258430929197,0.6812129215464598,0.9961694562053833,0.4244031538238445,0.21220157691192226,0.003696783172100224,1.650034009537949,0.9274136690234471,0.8913637878028193,0.49950902447920176,0.235949271191426,-0.11826738714698287,1.5997589826051495,0.7251914306923891,0.8566233303625598,0.491909028156314,0.24109061873253293,-0.05151309246504515,0.09000117304571391,0.09000117304571391,0.0,-0.21259241725923517,-0.10629620862961758,-0.0033191986326304677,1.9452148020674456e-06,0.1902427394308725,0.46363755792118516,0,0.7128398698238478
5.894719999999943,1.3641900641520674,0.6820950320760337,0.9961847980582427,0.4234130541954673,0.21170652709773366,0.0036820446862361896,1.6325924668209806,0.6969409001761445,0.8155913963620824,0.37991671480076156,0.20857824491222166,0.1479295678363519,1.6169679270796633,0.7115008449643812,0.8364141111955549,0.43507525109873063,0.22433618406235867,0.04851005899170919,0.09000117304571391,0.09000117304571391,0.0,-0.21237326566541004,-0.10618663283270502,-0.003306175770247971,1.9083889926215258e-06,0.18979940688499847,0.46363772517115004,0,0.7108673567688606
5.898879999999942,1.3659501649401533,0.6829750824700767,0.996200078744758,0.4224241891405843,0.21121209457029216,0.003667364763675538,1.449097929435692,0.7355679400543187,0.8882766284346444,0.5164434056337535,0.2631170097512763,-0.033778724146095285,1.5341075505990487,0.7240813370575022,0.8622744169694921,0.4749800890539592,0.24396433309548057,0.007879173505583552,0.09000117304571391,0.09000117304571391,0.0,-0.21215246690450962,-0.10607623345225481,-0.0032932040374961547,1.8722555663928397e-06,0.18935662366389527,0.4636378896380755,0,0.7088994506104652
5.903039999999942,1.3677061506266404,0.6838530753133202,0.9962152985079694,0.4214365647568735,0.21071828237843676,0.003652743170725007,0.8458441211226192,0.24853899998115137,0.6727289693859819,0.4433644651705758,0.06349287069468107,0.05481610614111282,1.1908943006254367,0.48644019910397424,0.7676138341940243,0.4586474479685473,0.1531175317629255,0.03160839833459397,0.09000117304571391,0.09000117304571391,0.0,-0.21193003836079882,-0.10596501918039941,-0.0032802832271714537,1.836801614030118e-06,0.1889143925276796,0.46363805136827135,0,0.7069361455673417
5.907199999999942,1.3694580264060945,0.6847290132030472,0.9962304575899471,0.42045018706896975,0.21022509353448487,0.0036381796746503465,1.4447492015605672,0.5889073417686661,1.1314649876562013,0.4377650752515145,0.1710503608429331,0.038812889745060565,1.3187355243726004,0.5380312600474546,0.949622517028171,0.44750638294441564,0.1616054101602608,0.03529174327529626,0.09000117304571391,0.09000117304571391,0.0,-0.2117059972975014,-0.1058529986487507,-0.0032674131330040334,1.8020144644081488e-06,0.18847271620355938,0.4636382104072767,0,0.7049774358301143
5.9113599999999416,1.371205797497882,0.685602898748941,0.9962455562317958,0.4194650620290002,0.2097325310145001,0.0036236740436720485,0.7541705209259324,0.6489553952108567,1.1176752716512872,0.37967511256574904,0.3622185770703138,-0.10687253274970789,1.0372405633604138,0.5942483012854259,1.03342726312422,0.41274012797621246,0.26151767429794104,-0.03553347140407533,0.09000117304571391,0.09000117304571391,0.0,-0.2114803608572453,-0.10574018042862265,-0.0032545935498839666,1.7678816802618493e-06,0.1880315973860748,0.463638366799873,0,0.7030233155616903
5.915519999999941,1.37294946914587,0.686474734572935,0.9962605946736581,0.4184811955171172,0.2092405977585586,0.0036092260469601585,1.335406245423169,0.8156434071614077,0.9782287286697903,0.5227211876282726,0.3102259286452268,-0.04096543811904613,1.1874137349598832,0.7055936231816257,1.0057425276726593,0.46724311736161855,0.2854076345675207,-0.03830918562132322,0.09000117304571391,0.09000117304571391,0.0,-0.21125314606315038,-0.10562657303157519,-0.0032418242732313706,1.7343910539271859e-06,0.18759103873733823,0.4636385205900965,0,0.701073778897594
5.919679999999941,1.3746890466181283,0.6873445233090641,0.996275573154719,0.41749859334202666,0.20874929667101333,0.0035948354546316724,1.1095687136853984,0.9047543118788174,1.2178803870941697,0.4648484640440037,0.11876010660792077,0.045817727683234846,1.149459330957578,0.805422757315715,1.1119073599776452,0.4651900143927144,0.2019124910076508,0.004172686992746483,0.09000117304571391,0.09000117304571391,0.0,-0.21102436981927797,-0.10551218490963898,-0.003229105099649578,1.7015306031577189e-06,0.1871510428872721,0.46363867182125074,0,0.699128819946301
5.923839999999941,1.3764245352066347,0.6882122676033173,0.9962904919132096,0.4165172612415137,0.20825863062075686,0.003580502037745278,0.7921221313758283,0.7984370451866313,1.3624333754440312,0.6084955786042534,0.2205677617781947,0.03772199818532067,0.972057106368719,0.8023888951209219,1.2372505563368061,0.5352840920491175,0.21110995840901667,0.020957257342012252,0.09000117304571391,0.09000117304571391,0.0,-0.21079404891161646,-0.10539702445580823,-0.003216435826723622,1.6692885670344768e-06,0.1867116124338456,0.46363882053591854,0,0.6971884327895673
5.92799999999994,1.3781559402269803,0.6890779701134901,0.9963053511864108,0.41553720488296453,0.20776860244148226,0.0035662255682968377,1.3300680208902698,0.5265786997073628,1.4746805438136348,0.2643110151045694,0.08260145104862446,-0.05151653967743022,1.1516173656153639,0.6646553570321102,1.3558599613503988,0.3985947239429421,0.1460556487278834,-0.015228249297584923,0.09000117304571391,0.09000117304571391,0.0,-0.21056220000853487,-0.10528110000426744,-0.003203816252710977,1.6376534019058364e-06,0.18627274994330956,0.46363896677597427,0,0.6952526114827576
5.93215999999994,1.3798832670180798,0.6899416335090399,0.9963201512106575,0.41455842986388536,0.20727921493194268,0.0035520058192162673,1.064544168639467,0.86213266785075,1.4310164533028418,0.46681849325254543,0.14138613598570443,-0.08978026773088556,1.1090517730576217,0.7636902715359902,1.3932527463757616,0.43239145523781963,0.14333738541813754,-0.052861792224932376,0.09000117304571391,0.09000117304571391,0.0,-0.21032883966209348,-0.10516441983104674,-0.003191246176873797,1.6066137774478796e-06,0.18583445795042997,0.4636391105825955,0,0.693321350055171
5.93631999999994,1.3816065209418815,0.6908032604709408,0.9963348922213424,0.4135809417124162,0.2067904708562081,0.0035378425643629533,1.713825586584005,0.7062301837676019,1.0504099818538273,0.43637749119497987,0.11305772596102501,0.14157173533628875,1.4123499577661551,0.7351948425463992,1.2221229574381374,0.43467581245969644,0.12826671830574105,0.04456983476489434,0.09000117304571391,0.09000117304571391,0.0,-0.2100939843080748,-0.1050469921540374,-0.0031787253994909094,1.576158572751682e-06,0.18539673895871972,0.46363925199627454,0,0.6913946425103638
5.94047999999994,1.383325707383081,0.6916628536915405,0.9963495744529196,0.41260474588784396,0.20630237294392198,0.003523735578521143,0.9653856905810143,0.47797628591593266,1.1074072779127282,0.6319441059647695,0.2369515908963744,-0.12144056700019618,1.1901807640714686,0.607076191423899,1.1645120458110232,0.5325077144810674,0.18280671702955725,-0.03858039072853862,0.09000117304571391,0.09000117304571391,0.0,-0.209857650267405,-0.1049288251337025,-0.0031662537214414664,1.546276872518436e-06,0.18495959544066903,0.46363939105682994,0,0.6894724828264698
5.944639999999939,1.3850408317488356,0.6925204158744178,0.9963641981389088,0.41162984778110906,0.20581492389055453,0.003509684637397107,1.02410005872286,0.6181165269916366,1.1862333458354284,0.27337805150353733,0.2852166143173346,0.03599112177844196,1.1077082154382096,0.6131897705078878,1.1754486085313691,0.4027922299003779,0.23396097620746423,-0.00173226973155223,0.09000117304571391,0.09000117304571391,0.0,-0.20961985374629566,-0.10480992687314783,-0.003153830944751029,1.5169579632807344e-06,0.1845230298379741,0.4636395278034177,0,0.6875548649565196
5.948799999999939,1.3867518994684829,0.6933759497342414,0.9963787635118988,0.41065625271531153,0.20532812635765577,0.003495689517613975,1.1737900001952692,0.8920840124774556,0.7160971170812789,0.17447485945344318,0.28758663948791025,0.020421871286379078,1.1411137643810108,0.753238404270449,0.94581228314704,0.2880271392127448,0.2601023100714954,0.009267531642924135,0.09000117304571391,0.09000117304571391,0.0,-0.20938061083734893,-0.10469030541867447,-0.0031414568722826323,1.4881913297590612e-06,0.18408704456176456,0.4636396622745423,0,0.6856417828287559
5.952959999999939,1.3884589159932588,0.6942294579966294,0.9963932708035518,0.40968396594621204,0.20484198297310602,0.0034817499967078657,1.4981127459359511,0.8970311128526409,1.1005456635878441,0.4509373050560014,0.42805980064006616,-0.0768494573143221,1.320554644460422,0.8260256977446546,1.0230202743573762,0.3690127233528006,0.3442717444856828,-0.03381568692975232,0.09000117304571391,0.09000117304571391,0.0,-0.2091399375201315,-0.10456996876006575,-0.0031291313077481085,1.4599666511970656e-06,0.1836516419928291,0.4636397945080673,0,0.6837332303469473
5.9571199999999385,1.3901618867960202,0.6950809433980101,0.9964077202446064,0.4087129926627301,0.20435649633136505,0.003467865853124008,1.5449436368249252,1.2487143291155647,0.8087394084713712,0.3672227412928113,0.31613357772966827,0.10884697167664353,1.4335164528468889,1.0380310924423692,0.9161061279666176,0.36719010309077343,0.3299291268388172,0.03683937675050278,0.09000117304571391,0.09000117304571391,0.0,-0.2088978496620698,-0.1044489248310349,-0.0031168540556123347,1.4322737978416606e-06,0.18321682448183993,0.4636399245412265,0,0.6818292013906992
5.961279999999938,1.391860817370968,0.695930408685484,0.9964221120648823,0.40774333798743845,0.20387166899371922,0.003454036866213229,1.4222039806393076,0.7315123150261627,1.1505678133047272,0.3546173026800222,0.2273058400699141,0.020440536180794538,1.4285985462473556,0.8852435089866282,1.0333816707568046,0.36051262665083333,0.27806599868611664,0.028379546383470903,0.09000117304571391,0.09000117304571391,0.0,-0.2086543630189216,-0.1043271815094608,-0.0031046249214254674,1.4051028274178177e-06,0.18278259434957533,0.4636400524106339,0,0.6799296898157635
5.965439999999938,1.3935557132333722,0.6967778566166861,0.9964364464932832,0.406775006977055,0.2033875034885275,0.003440262816227061,1.129595052180297,0.35044243924373086,0.9051031980314381,0.35797529037579745,0.27412624045251704,0.02030587088811473,1.2798409141788363,0.618410710703737,0.9692838242602994,0.35846081046117706,0.2754692387729741,0.02431828294500091,0.09000117304571391,0.09000117304571391,0.0,-0.20840949323546087,-0.10420474661773044,-0.003092443711513687,1.3784439817394873e-06,0.18234895388714106,0.46364017815229436,0,0.678034689454345
5.969599999999938,1.395246579919301,0.6976232899596505,0.9964507237578012,0.40580800462293165,0.20290400231146583,0.0034265434843141454,1.4391804416032878,0.6872418501979864,1.5944159504843078,0.32698064911389785,0.17465865220642052,0.05856409817622185,1.3601919793259234,0.6531905043556463,1.2819740367744146,0.34268609151578777,0.2248504866018694,0.04241825874811901,0.09000117304571391,0.09000117304571391,0.0,-0.208163255846595,-0.1040816279232975,-0.0030803102329901837,1.3522876833053152e-06,0.18191590535619037,0.4636403018016136,0,0.6761441941154057
5.973759999999937,1.3969334229853492,0.6984667114926746,0.99646494408552,0.40484233585153834,0.20242116792576917,0.003412878652516606,1.3942263559375256,0.7298957700248214,1.279593858661949,0.4481796499520038,0.2364758105400307,0.0077314019538672904,1.3781421334376525,0.6920382527247139,1.2807998292160725,0.39517270664754695,0.2293564557062043,0.025165013358758846,0.09000117304571391,0.09000117304571391,0.0,-0.20791566627773406,-0.10395783313886703,-0.003068224293873238,1.3266245320310876e-06,0.18148345098914215,0.46364042339340816,0,0.6742581975849669
5.977919999999937,1.3986162480083697,0.6993081240041849,0.996479107702619,0.4038780055249449,0.20193900276247245,0.003399268103765895,1.6953917481803398,1.0448525749946227,1.6304970789334368,0.5682782433401832,0.358747779686425,-0.049880045332914374,1.5379515166321593,0.8691933967916226,1.4555476308216517,0.4815443403226697,0.294366393375654,-0.012582932788726598,0.09000117304571391,0.09000117304571391,0.0,-0.20766673984516248,-0.10383336992258124,-0.0030561857030975397,1.3014453019672706e-06,0.18105159298939777,0.46364054296191526,0,0.67237669362641
5.982079999999937,1.4002950605852085,0.7001475302926042,0.9964932148343769,0.4029150184413015,0.20145750922065075,0.0033857116218786224,1.3685465054288874,0.7190787704784765,0.6016900231917544,0.4032873341613756,0.2028264857457202,-0.10417645624773353,1.4540888327717614,0.7945573147823262,1.0283960340349727,0.4413720254182251,0.2484059298756025,-0.05830934426803046,0.09000117304571391,0.09000117304571391,0.0,-0.2074164917576955,-0.10370824587884775,-0.003044194270311348,1.2767409381534293e-06,0.1806203335315571,0.4636406605408024,0,0.6704996759807728
5.9862399999999365,1.401969866332439,0.7009849331662195,0.996507265705175,0.4019533793353115,0.20097668966765575,0.003372208991553213,1.667028411725901,0.4336378681015728,1.652241699734565,0.40045877614137354,0.19238740961962303,-0.2657112385938137,1.5613949811363201,0.6144950919073847,1.3397690926415315,0.41999180634718036,0.2204647911508068,-0.16129117274519783,0.09000117304571391,0.09000117304571391,0.0,-0.20716493711630712,-0.10358246855815356,-0.0030322498059942252,1.2525025534245106e-06,0.180189674761632,0.46364077616317684,0,0.6686271383670463
5.990399999999936,1.4036406708861002,0.7018203354430501,0.9965212605385015,0.4009930928787058,0.2004965464393529,0.003358759998366092,1.3413978132729392,0.5878057112691417,0.8590118595546867,0.43105377923892013,0.41954911852619053,0.004904898848438951,1.4522929488978622,0.6020233946379023,1.099398893541541,0.424795151275065,0.31973944138871696,-0.07896324933254506,0.09000117304571391,0.09000117304571391,0.0,-0.20691209091557583,-0.10345604545778792,-0.003020352121789298,1.2287214253984514e-06,0.17975961879725927,0.46364088986159496,0,0.6667590744824676
5.994559999999936,1.4053074799014365,0.7026537399507182,0.9965351995569547,0.400034163680711,0.2000170818403555,0.0033453644287664594,1.0969490904968657,0.48194072698659457,0.9453803500181402,0.33165126612555046,0.11190292387903572,0.06371376532652637,1.275309381809784,0.5422133052893018,1.0225204934083867,0.37773696123267947,0.2161566771480519,-0.007358156876501958,0.09000117304571391,0.09000117304571391,0.0,-0.20665796804385173,-0.10332898402192586,-0.003008501029658552,1.2053889934212203e-06,0.1793301677279118,0.46364100166807143,0,0.6648954780028103
5.998719999999936,1.4069702990526387,0.7034851495263194,0.9965490829822466,0.3990765962885159,0.19953829814425794,0.0033320220700746267,1.5509660320993788,0.6847135107664534,1.0612058491570011,0.3406237357143256,0.2072799259548268,-0.06872050250930863,1.4138479070612193,0.6138958220463339,1.0417200143625118,0.3592867053797863,0.21158391625897513,-0.03779932359355437,0.09000117304571391,0.09000117304571391,0.0,-0.20640258328449212,-0.10320129164224606,-0.002996696342855933,1.1824968556404586e-06,0.17890132361510847,0.4636411116140881,0,0.6630363425826742
6.002879999999935,1.4086291340325876,0.7043145670162938,0.996562911035207,0.39812039518773357,0.19906019759386678,0.0033187327104762508,1.3887927368538313,0.7483768082718206,0.9595704045977056,0.29380729237281467,0.07895731816113405,-0.0029721767031539175,1.4019323319998886,0.6813012849733476,1.000638840194932,0.3260344088305125,0.14537533788687373,-0.020574349739749132,0.09000117304571391,0.09000117304571391,0.0,-0.20614595131571156,-0.10307297565785578,-0.0029849378751900715,1.1600367660490498e-06,0.1784730884926224,0.46364121973060307,0,0.6611816618557724
6.007039999999935,1.4102839905525995,0.7051419952762997,0.9965766839357862,0.3971655648028631,0.19858278240143154,0.0033054961390196914,0.8394486061932238,1.1117795603926026,0.8419387369054279,0.476117198586564,0.2594586391807264,0.16018227923606018,1.1216780106951536,0.8970842258054541,0.921620808432756,0.40050474644725587,0.201869015438099,0.06981359989293037,0.09000117304571391,0.09000117304571391,0.0,-0.20588808671214243,-0.10294404335607121,-0.0029732254412484435,1.1380006316468823e-06,0.17804546436668828,0.46364132604805924,0,0.6593314294352149
6.011199999999935,1.4119348743421734,0.7059674371710867,0.9965904019030596,0.39621210949774466,0.19810605474887233,0.003292312145612374,0.9098378719036008,0.6411505896883164,0.6675720273266005,0.5750183546000658,0.18530635365013545,-0.05537844370219486,1.016952822259583,0.769500659821389,0.794479020719846,0.48758599957147386,0.19377572035998109,0.0074342275240920205,0.09000117304571391,0.09000117304571391,0.0,-0.20562900394500905,-0.10281450197250452,-0.0029615588566222033,1.1163805096450528e-06,0.1776184532162079,0.46364143059639296,0,0.6574856389137917
6.0153599999999345,1.41358179114874,0.70679089557437,0.9966040651552305,0.3952600335760137,0.19763001678800685,0.0032791805210162835,0.9792504014243943,0.6012070299365103,1.0641544543819286,0.3117485151564414,0.06663162286017729,0.06214891733931177,0.998749653412325,0.6854929858383891,0.9294495836485757,0.39973738503993544,0.12938151866822542,0.03397492279762147,0.09000117304571391,0.09000117304571391,0.0,-0.20536871738273077,-0.10268435869136538,-0.0029499379377033313,1.095168604707946e-06,0.17719205699295432,0.4636415334050424,0,0.6556442838642534
6.019519999999934,1.4152247467374133,0.7076123733687066,0.996617673909634,0.39430934128155226,0.19715467064077613,0.003266101056844252,1.0990140829915656,0.9665077950280694,1.07593344046277,0.6148637718575705,0.28224540359040234,0.03893457558806633,1.0501637721553068,0.8265889046219672,1.0027740687086013,0.506179151632331,0.20605103746634,0.0361905240256832,0.09000117304571391,0.09000117304571391,0.0,-0.20510724129184732,-0.10255362064592366,-0.002938362501481129,1.074357266214251e-06,0.17676627762177505,0.46364163450295587,0,0.6538073578395892
6.023679999999934,1.4168637468907421,0.7084318734453711,0.9966312283827404,0.3933600367989363,0.19668001839946814,0.003253073545557108,0.9414524255806519,0.8452259323227324,1.148602748976199,0.2986519581831981,0.3514531875105298,-0.10583622511114986,0.9964292448908831,0.8366391564150253,1.0754681803918924,0.40208294439709075,0.278456646856094,-0.03427877406018447,0.09000117304571391,0.09000117304571391,0.0,-0.20484458983730525,-0.10242229491865262,-0.0029268323659805452,1.0539389856551214e-06,0.17634111700079355,0.4636417339186001,0,0.6519748543733032
6.027839999999934,1.4184987974084666,0.7092493987042333,0.996644728790159,0.39241212425388117,0.19620606212694058,0.0032400977804590415,1.7805595519442752,0.4682234599754694,1.3306090313004928,0.4254258356842863,0.37861762357515455,0.024909047243928756,1.389384578002488,0.6532165979783933,1.2030910188924293,0.4138397886726472,0.32836044626391875,-0.004120112684593788,0.09000117304571391,0.09000117304571391,0.0,-0.2045807770837076,-0.1022903885418538,-0.002915347349845162,1.0339063939843344e-06,0.17591657700160962,0.463641831679968,0,0.6501467669796882
6.031999999999933,1.4201299041072737,0.7100649520536368,0.996658175346641,0.3914656077136823,0.19573280385684114,0.0032271735556946343,0.9604462330535452,0.3075501972310302,0.7143270423941218,0.43855844631899965,0.022972525360660023,0.043847518135428885,1.1758255280691594,0.48042843709849453,0.9587961047192676,0.42574784246202513,0.17584176829091958,0.020200761399989463,0.09000117304571391,0.09000117304571391,0.0,-0.2043158169952839,-0.10215790849764195,-0.002903907272668444,1.014252259066575e-06,0.17549265946949816,0.46364192781458674,0,0.6483230891540986
6.036159999999933,1.4217570728205555,0.7108785364102778,0.9966715682660837,0.390520491187655,0.1952602455938275,0.003214300666244559,2.3473841806969626,0.31766290361267285,0.866008618503622,0.2428085547067791,-0.06335384127945742,0.15102292508603707,1.7621195758106958,0.39891322286800673,0.9127144541242774,0.3335740647563062,0.05603538813504979,0.08626774691925215,0.09000117304571391,0.09000117304571391,0.0,-0.20404972343682226,-0.10202486171841113,-0.0028925119546834733,9.949694831692293e-07,0.1750693662236068,0.46364202234952545,0,0.6465038143732199
6.040319999999933,1.4233803093981705,0.7116901546990853,0.9966849077615334,0.3895767786275707,0.19478838931378534,0.0032014789079225915,1.4493304861606306,1.2038253432804333,1.3892939250866987,0.327841011430316,0.11963420541535065,0.039788250082215156,1.6064059324229996,0.801625252267871,1.1510907928681144,0.3301355091632268,0.08710890951371586,0.06278574449663861,0.09000117304571391,0.09000117304571391,0.0,-0.20378251017460502,-0.10189125508730251,-0.002881161216987109,9.760511004925873e-07,0.17464669905715238,0.46364211531140276,0,0.6446889360953363
6.044479999999933,1.4249996197062043,0.7124998098531021,0.9966981940451891,0.3886344739280886,0.1943172369640443,0.003188708077371615,1.7897534568142899,0.6563807018328532,0.8268762800824389,0.36165354804327976,0.225051091384686,-0.02208623315583151,1.6988337595565381,0.7294710230900394,0.9889367714913572,0.34562655392373764,0.15560828683983488,0.019661614784594106,0.09000117304571391,0.09000117304571391,0.0,-0.20351419087627654,-0.10175709543813827,-0.0028698548814435603,9.574902747359037e-07,0.1742246597376157,0.46364220672639445,0,0.6428784477605975
6.048639999999932,1.4266150096267343,0.7133075048133671,0.996711427328406,0.387693580927188,0.193846790463594,0.0031759879720600977,1.2898442347482508,0.6518951906282117,1.1691347260269065,0.6565114183889953,0.201304832906016,-0.12790834635468873,1.4957013314930572,0.6911016686453111,1.0787728357147235,0.5012069996167599,0.17826301758152377,-0.055013886970514445,0.09000117304571391,0.09000117304571391,0.0,-0.2032447791123152,-0.1016223895561576,-0.00285859277069472,9.39280296714694e-07,0.17380325000693542,0.46364229662024065,0,0.6410723427912827
6.052799999999932,1.428226485057595,0.7141132425287975,0.9967246078216988,0.38675410340659383,0.19337705170329691,0.0031633183902785127,1.1177159176773594,0.3771897747973967,1.2606887690755375,0.38188412302341995,0.08629176590065708,-0.02276188355510445,1.3075007497754831,0.5343229595952075,1.1696842856586693,0.44133091596666874,0.13230726751744287,-0.03867567082776255,0.09000117304571391,0.09000117304571391,0.0,-0.20297428835601294,-0.10148714417800647,-0.002847374708170477,9.214145820425063e-07,0.17338247158170036,0.4636423850182533,0,0.6392706145920619
6.056959999999932,1.4298340519121457,0.7149170259560729,0.9967377357347452,0.3858160450922025,0.19290802254610126,0.0031506991311356686,1.868868244892226,0.952148339598902,1.1135509893636153,0.24076796620151258,0.35440648692173415,-0.06799691525925562,1.5886906959200517,0.7439753393412614,1.1414770545101227,0.34035060505811515,0.24352978737835054,-0.053931326176534074,0.09000117304571391,0.09000117304571391,0.0,-0.2027027319846305,-0.10135136599231526,-0.0028362005180990503,9.038866688116234e-07,0.17296232615334078,0.46364247194532293,0,0.637473256550256
6.0611199999999315,1.4314377161190395,0.7157188580595197,0.9967508112763892,0.3848794096545023,0.19243970482725115,0.0031381299945550858,1.5695943917807718,1.1325856948467823,1.2691620905236483,0.39772760553258785,0.024271756682754497,0.014051387265530848,1.5799705391552652,0.9383348215026123,1.2053495650344705,0.36861850474478697,0.1333856092724425,-0.01988304505130314,0.09000117304571391,0.09000117304571391,0.0,-0.20243012327948617,-0.10121506163974309,-0.0028250700253031388,8.866902153509478e-07,0.1725428153883179,0.4636425574259262,0,0.6356802620360955
6.065279999999931,1.4330374836219937,0.7165187418109968,0.9967638346546445,0.38394420070899304,0.19197210035449652,0.003125610781272121,1.3478450531630308,0.7916790423148653,0.839311850685722,0.37815366217568575,0.0329067009015617,0.12193745202187706,1.4646937279879926,0.8650759263505063,1.0225821548412939,0.37290102265021896,0.08239493704075133,0.050834460691751106,0.09000117304571391,0.09000117304571391,0.0,-0.2021564754269014,-0.1010782377134507,-0.0028139830555308394,8.698189980113728e-07,0.17212394092831282,0.4636426414841322,0,0.6338916244029762
6.069439999999931,1.434633360379563,0.7173166801897815,0.9967768060766979,0.3830104218166023,0.19150521090830114,0.003113141292829798,1.6086268082527742,0.21263281690957148,0.8999585989331977,0.15865429734961736,0.23560619458690826,-0.06305368172841784,1.536990646892146,0.5393407239937412,0.9611383025868779,0.26609175765775356,0.15857541476794615,-0.006070384960189502,0.09000117304571391,0.09000117304571391,0.0,-0.2018818015186138,-0.1009409007593069,-0.00280293943535922,8.53266909009309e-07,0.17170570439041372,0.46364272414360963,0,0.6321073369877134
6.073599999999931,1.4362253523649133,0.7181126761824567,0.9967897257489129,0.38207807648409864,0.19103903824204932,0.003100721331575003,1.5006502697710349,1.1266640837606978,1.1295893565937458,0.4042476722017841,0.04555382412429351,0.1630217847251128,1.5196613688597327,0.8331009735119757,1.0457035742370389,0.3349967025315107,0.10221166994006864,0.07871234449991452,0.09000117304571391,0.09000117304571391,0.0,-0.2016061145526188,-0.1008030572763094,-0.0027919389918833817,8.370279542548763e-07,0.17128810736730202,0.46364280542763336,0,0.6303273931107943
6.07775999999993,1.4378134655655987,0.7189067327827994,0.9968025938768323,0.381147168164502,0.190573584082251,0.003088350700655966,1.773747667292048,0.4692285422665067,1.0681294736839386,0.3530611274573377,0.008704835680573897,-0.08672682798250485,1.6474402764590232,0.6511809445019068,1.0567341607971286,0.34420877027792324,0.05516275116208332,-0.0029720815530258756,0.09000117304571391,0.09000117304571391,0.0,-0.20132942743358673,-0.10066471371679336,-0.0027809815530470527,8.210962512945563e-07,0.1708711514274372,0.463642885359091,0,0.6285517860766281
6.08191999999993,1.4393977059833383,0.7196988529916691,0.9968154106651824,0.3802177002574915,0.19010885012874576,0.0030760292040184095,1.2848463915851753,0.806316426622778,1.2285554862105945,0.4133113366759107,0.235503837828005,-0.12398128247945851,1.4670016969872692,0.7292396672140528,1.1423866038047068,0.37816676819915884,0.14529532464694483,-0.062726257179065,0.09000117304571391,0.09000117304571391,0.0,-0.2010517529734942,-0.1005258764867471,-0.0027700669475458142,8.054660272278052e-07,0.17045483811524043,0.4636429639604891,0,0.6267805091737944
6.08607999999993,1.4409780796337959,0.7204890398168979,0.9968281763178758,0.37928967610981074,0.18964483805490537,0.00306375664640204,1.5864126464990038,0.9854564856214503,1.0824659143125022,0.25243296119755765,0.22572536713298497,-0.16541678875368493,1.527233204736618,0.8578178939323263,1.1120813579101783,0.31523857086100754,0.18621566151151825,-0.11386312077507946,0.09000117304571391,0.09000117304571391,0.0,-0.20077310389225766,-0.10038655194612883,-0.0027591950049441916,7.901316167050185e-07,0.1700391689512769,0.46364304125396,0,0.6250135556752899
6.0902399999999295,1.4425545925463612,0.7212772962731806,0.9968408910380147,0.37836309901566995,0.18918154950783497,0.0030515328333366103,1.0214857862155797,0.7543948323131152,0.9684944690038011,0.41819732993290215,0.3868457209063991,0.03875009467300798,1.2752270851051961,0.806911197549778,1.0403672816793839,0.3660909292232916,0.28607053450999365,-0.03745756186078756,0.09000117304571391,0.09000117304571391,0.0,-0.20049349281815498,-0.10024674640907749,-0.002748365555257627,7.75087459949516e-07,0.16962414543243715,0.4636431172612675,0,0.6232509188387735
6.094399999999929,1.4441272507639327,0.7220636253819663,0.9968535550278944,0.3774379722171463,0.18871898610857316,0.003039357571139699,1.260636876998231,0.7938155768962736,0.6514412038894973,0.46302592267648807,0.266547435188384,0.08701702612763887,1.2688952794065038,0.8009186995478481,0.846080887533684,0.41439835076291703,0.27583273600681757,0.025553910265651403,0.09000117304571391,0.09000117304571391,0.0,-0.20021293228867576,-0.10010646614433788,-0.002737578429603992,7.603281007915391e-07,0.1692097690321169,0.46364319200381343,0,0.6214925919068081
6.098559999999929,1.4456960603427018,0.7228480301713509,0.9968661684890066,0.3765142989045806,0.1882571494522903,0.003027230666911749,1.8500774677967815,0.5804611900071568,0.8964633662985424,0.24039984015186747,0.3488491740573791,-0.08866889472251477,1.5599903957029737,0.6914137873144692,0.8710889607730115,0.32744359149676494,0.31243771141127946,-0.03198775771817429,0.09000117304571391,0.09000117304571391,0.0,-0.1999314347509461,-0.09996571737547305,-0.0027268334594649727,7.458481847693147e-07,0.16879604120039596,0.4636432655026434,0,0.6197385681071023
6.102719999999929,1.4472610273519393,0.7236305136759696,0.9968787316220421,0.3755920822169715,0.18779604110848575,0.003015151928534242,1.3508374396727647,0.743853447816147,0.9141856676800085,0.35589350068666675,0.12022642461625739,-0.01454191965589184,1.456154175845724,0.7178856087649759,0.8926073775611342,0.3409581724496042,0.2155958045303967,-0.0232700592841051,0.09000117304571391,0.09000117304571391,0.0,-0.19964901256226264,-0.09982450628113132,-0.0027161304772301675,7.316424572636534e-07,0.1683829633642157,0.46364333777845285,0,0.6179888406527494
6.106879999999928,1.4488221578737825,0.7244110789368913,0.9968912446268948,0.37467132524236785,0.18733566262118392,0.003003121164665563,1.5710795697455464,0.5735300220014113,0.6582206751255462,0.32412706925281076,0.21163278055059004,0.11192342676908984,1.5142937701802879,0.646147535269355,0.7756443365198519,0.3316212943781807,0.21335489899375074,0.04472538632667124,0.09000117304571391,0.09000117304571391,0.0,-0.19936567799073313,-0.09968283899536656,-0.002705469315993232,7.177057616104569e-07,0.16797053692755562,0.46364340885159283,0,0.6162434027424648
6.111039999999928,1.4503794580030254,0.7251897290015127,0.9969037077026646,0.37375203101825766,0.18687601550912883,0.0029911381847377403,1.3101247585747753,0.7128315864318949,0.8130667808561688,0.20953638709846734,0.04736395714780667,-0.1120616597534245,1.4126448297239655,0.6795896130459312,0.7941236918654504,0.27002675111122243,0.1298555910956989,-0.0341179309406107,0.09000117304571391,0.09000117304571391,0.0,-0.1990814432159208,-0.0995407216079604,-0.0026948498096686264,7.040330373631622e-07,0.16755876327160837,0.46364347874207573,0,0.6145022475608212
6.115199999999928,1.4519329338469085,0.7259664669234542,0.9969161210476603,0.37283420253195454,0.18641710126597727,0.0029792027989526734,1.4076891455448362,0.053430102392822865,1.2561493401575152,0.19125783396709348,0.2465805804291664,0.028458522209604924,1.4105676551824236,0.36701891842457757,1.0251985652619893,0.22925699230183577,0.18794047314194162,-0.0026525938114687043,0.09000117304571391,0.09000117304571391,0.0,-0.1987963203291686,-0.0993981601645843,-0.0026842717926803573,6.906193184636207e-07,0.16714764375495403,0.46364354746958103,0,0.6127653682784824
6.1193599999999275,1.4534825915249125,0.7267412957624563,0.9969284848594031,0.3719178427209822,0.1859589213604911,0.0029673148182796766,1.7912209701877095,0.23045252983383413,1.093768052594413,0.377404038122008,0.25067227418900734,-0.21757630048429877,1.6016828563634216,0.2992553645179243,1.0590290946018335,0.3028927778881096,0.21968463638668176,-0.10907085125846538,0.09000117304571391,0.09000117304571391,0.0,-0.19851032133456614,-0.09925516066728307,-0.0026737351001851276,6.774597315059726e-07,0.1667371797137329,0.46364361505346063,0,0.6110327580524353
6.123519999999927,1.455028437168552,0.727514218584276,0.99694079933463,0.37100295447345516,0.18550147723672758,0.002955474054452112,1.619630687822104,0.5159980189814445,1.4048616656314885,0.5167925601309427,0.31086785321906973,-0.011770909506882088,1.6117328695536035,0.4082760841961697,1.2319249845894844,0.4093200680223038,0.2646550787163428,-0.06122898167971626,0.09000117304571391,0.09000117304571391,0.0,-0.19822345814906417,-0.09911172907453208,-0.002663239568189096,6.645494940470191e-07,0.16632737246181717,0.4636436815127445,0,0.6093044100262196
6.127679999999927,1.4565704769211707,0.7282852384605853,0.9969530646692965,0.3700895406284581,0.18504477031422906,0.00294368031996349,0.9490373005483934,0.576928528635657,0.9424286014680717,0.25978176692827953,0.0003461111122629035,0.03672769349699346,1.2809202700734252,0.49260474611336275,1.0872529131302113,0.3348087368913009,0.13225802267569134,-0.013099972003008283,0.09000117304571391,0.09000117304571391,0.0,-0.19793574260323066,-0.09896787130161533,-0.0026527850333436867,6.518839128954353e-07,0.16591822329098166,0.46364374686614584,0,0.607580317330157
6.131839999999927,1.4581087169377391,0.7290543584688696,0.9969652810585801,0.36917760397642263,0.18458880198821132,0.002931933428064458,1.5458888778374074,1.0435385626443416,0.7430975711188249,0.529598247820761,0.07392639685281087,0.05078322534212416,1.4145086082253244,0.7682287459480955,0.9152779765107426,0.4318875150658608,0.10334998623036575,0.019070755472131815,0.09000117304571391,0.09000117304571391,0.0,-0.19764718644179557,-0.09882359322089779,-0.0026423713330620095,6.394583825069748e-07,0.16550973347107326,0.4636438111320666,0,0.6058604730815772
6.135999999999926,1.4596431633846538,0.7298215816923269,0.9969774486968832,0.3682671472595009,0.18413357362975044,0.002920233192759309,0.8444479160072932,0.6094271273553723,1.3929092873822697,0.4741809799250045,0.17389978672888626,-0.060219138991322314,1.1304613498063039,0.6891880585137901,1.1539710920904098,0.4526497336316071,0.13884801006679198,-0.020267143118229282,0.09000117304571391,0.09000117304571391,0.0,-0.19735780132441094,-0.09867890066220547,-0.002631998305207252,6.272683833160988e-07,0.1651019042501793,0.46364387432860243,0,0.6041448703850426
6.140159999999926,1.461173822439537,0.7305869112197685,0.9969895677778365,0.36735817317193636,0.18367908658596818,0.002908579428803748,1.5151563038263411,0.9689884876458729,0.6867551487670978,0.3446601179006789,0.225178749249515,-0.0059796943678919676,1.3235292177726836,0.8295593141930921,0.9203486117956087,0.3982694503978934,0.18166262841467648,-0.01370051779665701,0.09000117304571391,0.09000117304571391,0.0,-0.1970675988256636,-0.0985337994128318,-0.0026216657886367796,6.153094801690436e-07,0.16469473685479463,0.4636439364735479,0,0.6024335023325718
6.144319999999926,1.4627007002910388,0.7313503501455194,0.997001638494302,0.3664506843604339,0.18322534218021694,0.0028969719517004376,1.5985937324169888,0.3186582303455116,0.8612219448579681,0.3806199578406618,0.18605579571386294,0.0015441644721092694,1.4618556128699682,0.5744922239972555,0.8907865091810279,0.38918878629721637,0.18384156684228145,-0.0053255717053888405,0.09000117304571391,0.09000117304571391,0.0,-0.19677659043615958,-0.09838829521807979,-0.002611373622784109,6.035773207687488e-07,0.16428823248998786,0.4636439975844015,0,0.6007263620038611
6.148479999999926,1.464223803138641,0.7321119015693205,0.9970136610383757,0.3655446834245252,0.1827723417122626,0.002885410577696256,1.8835354822867907,0.7419938407173412,1.0130213732103779,0.2835540786753081,0.1835577582042051,0.05128866012145697,1.673289110351292,0.6586273544165347,0.9520118095726952,0.3359801335380496,0.18304806165008713,0.02281726394262958,0.09000117304571391,0.09000117304571391,0.0,-0.19648478756275334,-0.09824239378137667,-0.002601121647560819,5.92067634131268e-07,0.1638823923395664,0.46364405767837047,0,0.599023442466504
6.152639999999925,1.4657431371924616,0.7328715685962308,0.9970256356013915,0.36464017291693346,0.18232008645846673,0.002873895123779993,0.9426351689358033,0.22631642668476348,0.9051232684923886,0.20825854233294502,0.3310936941337056,-0.01931526411891408,1.308389926909226,0.4431581462018878,0.9285269279436226,0.27225815402989995,0.2567654511965218,0.00180553022152216,0.09000117304571391,0.09000117304571391,0.0,-0.19619220152931427,-0.09809610076465713,-0.0025909097039006363,5.807762290812268e-07,0.16347721756624012,0.4636441167723758,0,0.5973247367762086
6.156799999999925,1.4672587086730613,0.7336293543365306,0.9970375623739235,0.3637371553439342,0.1818685776719671,0.002862425407677754,1.5450254245785013,0.8364929117192039,1.2489758186247952,0.4759514297166966,0.16834981593064768,-0.05404531529841889,1.4277016738936732,0.6401776577341777,1.0886402703565006,0.3729487215760132,0.21294137266725727,-0.02566789830047249,0.09000117304571391,0.09000117304571391,0.0,-0.19589884357674625,-0.09794942178837313,-0.002580737633341419,5.696989927834578e-07,0.16307270931178425,0.4636441748830569,0,0.5956302379770155
6.160959999999925,1.4687705238112518,0.7343852619056259,0.9970494415457896,0.36283563316571577,0.18141781658285788,0.002851001247850118,1.4875693669437169,0.7851821083481759,1.1698553023811085,0.46103692877883334,0.08971344784492506,-0.12997616806399717,1.4585972882219091,0.712870113589514,1.1289765948610542,0.4158305392830582,0.15007813563545022,-0.07713585678870934,0.09000117304571391,0.09000117304571391,0.0,-0.19560472486439706,-0.09780236243219853,-0.0025706052778199807,5.588318892816222e-07,0.16266886869720126,0.4636442320267763,0,0.5939399391015108
6.165119999999924,1.4702785888479049,0.7351392944239524,0.9970612733060541,0.3619356087967342,0.1809678043983671,0.002839622463490145,2.206040148507375,1.0238472888596815,0.9295047232973055,0.2952454039400655,0.24741828772438615,-0.06134119247193214,1.8329380392859913,0.8688757416153834,1.0291120437803611,0.3555510471223222,0.19862586248770742,-0.0694166747151324,0.09000117304571391,0.09000117304571391,0.0,-0.19530985646954757,-0.09765492823477379,-0.0025605124802158437,5.481709580958354e-07,0.16226569682288125,0.46364428821962417,0,0.5922538331710403
6.169279999999924,1.4717829100337634,0.7358914550168817,0.9970730578430312,0.3610370846060697,0.18051854230303485,0.0028282888745191307,1.5919499184724668,0.23611097075335075,1.4295046169914958,0.12834838028298792,0.11473990151185326,0.0286901789051379,1.712711484654456,0.552728819102038,1.229370997445294,0.24089141201472436,0.15609440340994707,-0.020461164234815126,0.09000117304571391,0.09000117304571391,0.0,-0.19501424938882395,-0.09750712469441197,-0.0025504590840399726,5.377123127942843e-07,0.16186319476876165,0.46364434347742306,0,0.5905719131959202
6.173439999999924,1.473283493629254,0.736641746814627,0.9970847953442878,0.36014006291777706,0.18007003145888853,0.0028170003015836487,1.8542107380261472,0.19874864311235108,1.3625828023258941,0.4059997817094937,0.22367597990092628,0.0073930336096051305,1.784306774992283,0.3762023829467719,1.295993720936546,0.32333608215142196,0.18945326602658144,-0.006781848250858599,0.09000117304571391,0.09000117304571391,0.0,-0.19471791453822362,-0.09735895726911181,-0.002540444933443768,5.274521396684125e-07,0.1614613635944857,0.46364439781573213,0,0.5888941721756463
6.177599999999924,1.474780345904301,0.7373901729521505,0.9970964859966464,0.35924454601123584,0.17962227300561792,0.0028057565660525564,1.4599210534121807,0.49519496579261146,1.0061054086400958,0.3348777071457057,0.12324186963283523,0.005239165079205919,1.6228091308450447,0.43595574062648335,1.151059121750584,0.32864905046882087,0.15640272229599214,-0.0011029947605465367,0.09000117304571391,0.09000117304571391,0.0,-0.194420862753783,-0.0972104313768915,-0.0025304698731209753,5.173866963100108e-07,0.1610602043395598,0.46364445124985176,0,0.5872206030991035
6.181759999999923,1.4762734731381406,0.7381367365690703,0.997108129986188,0.35835053612149753,0.17917526806074877,0.0027945574900144292,1.4445570570024016,0.6347821258323156,1.452855138175857,0.26603411532677773,0.14476640046616998,0.07116089547260543,1.5342343695650325,0.5356719787072318,1.3021072245312044,0.2977400004554628,0.15032358901573456,0.03503867272064284,0.09000117304571391,0.09000117304571391,0.0,-0.19412310479181993,-0.09706155239590997,-0.0025205337486375965,5.07512310361304e-07,0.1606597180235098,0.46364450379482763,0,0.5855511989447713
6.185919999999923,1.477762881619139,0.7388814408095695,0.9971197274982558,0.35745803543963156,0.17872901771981578,0.0027834028962735844,1.076952162551277,1.1375813830307506,1.070389821827947,0.3432896842026909,0.33595208324894443,-0.07445552788743828,1.306307552281591,0.8373304678251999,1.1860919960745229,0.31885135565735784,0.24273910003153185,-0.019682026381143934,0.09000117304571391,0.09000117304571391,0.0,-0.19382465132992432,-0.09691232566496216,-0.0025106364061203024,4.978253781850027e-07,0.1602599056460368,0.46364455546545513,0,0.583885952680929
6.190079999999923,1.4792485776446103,0.7396242888223051,0.9971312787174573,0.3565670461130669,0.17828352305653344,0.0027722926083474397,1.3364810714108488,1.0010808310525974,0.8507458689482211,0.5122484043684478,0.21439089708890333,0.10485560365699274,1.3224594051635963,0.9196521719540642,1.018635848370163,0.41581619360075855,0.2288313457454519,0.04201824203543712,0.09000117304571391,0.09000117304571391,0.0,-0.1935255129673108,-0.0967627564836554,-0.0025007776922650812,4.883223636053596e-07,0.15986076818717093,0.4636446062762834,0,0.582224857265858
6.1942399999999225,1.480730567520635,0.7403652837603175,0.9971427838276676,0.35567757024593216,0.17783878512296608,0.0027612264504638046,1.3052744075171727,0.9154498781674396,1.3587220853611748,0.21425330571314463,0.11179898909548673,-0.037578269166802986,1.3143133153473976,0.9177825107961821,1.188601303422276,0.31462036609255517,0.1708147945045803,0.0031297689562757016,0.09000117304571391,0.09000117304571391,0.0,-0.1932257002248513,-0.09661285011242565,-0.0024909574544529876,4.7899979664032e-07,0.15946230660742486,0.46364465624161944,0,0.5805679056480453
6.198399999999922,1.4822088575618826,0.7411044287809413,0.9971542430120325,0.3547896098993953,0.17739480494969764,0.002750204247557744,1.7488856777265314,1.1804468335502525,0.9081659496147233,0.3610408885149646,0.09470871570697151,0.010450473502460296,1.532352824547626,1.0493149228213534,1.048402532342039,0.33814858790115754,0.13208321739303036,0.007207267149147489,0.09000117304571391,0.09000117304571391,0.0,-0.19292522354628372,-0.09646261177314186,-0.002481175540759141,4.6985427228472973e-07,0.159064521847946,0.4636447053755323,0,0.5789150907663817
6.202559999999922,1.4836834540914325,0.7418417270457163,0.9971656564529711,0.3539031670919978,0.1769515835459989,0.0027392258252683407,1.6637614948068153,0.8308515538825766,0.8859058533473408,0.38823566945386423,0.13029968575292517,0.03628522134279971,1.598866802676283,0.9403526631745862,0.9672293658021632,0.36260971751372945,0.1312233184546563,0.02134152749190467,0.09000117304571391,0.09000117304571391,0.0,-0.19262409329814134,-0.09631204664907067,-0.0024714317998546266,4.60882449291316e-07,0.1586674148306678,0.46364475369185687,0,0.5772664055503619
6.206719999999922,1.4851543634405993,0.7425771817202996,0.9971770243321791,0.3530182437999897,0.17650912189999485,0.0027282910099358905,1.5349610390150557,0.7357580827217872,1.1595648589363836,0.22783229348804293,0.06988841449121048,-0.020750430061081963,1.5673869981251334,0.8381998451583427,1.0633546614026628,0.2954027695541168,0.10030110546514152,0.0006043150252191729,0.09000117304571391,0.09000117304571391,0.0,-0.1923223197707511,-0.09616115988537555,-0.0024617260812293245,4.5208104901161807e-07,0.1582709864584598,0.46364480120419777,0,0.5756218429202798
6.210879999999921,1.4866215919487562,0.7433107959743781,0.9971883468306316,0.3521348419576594,0.1760674209788297,0.002717399628598197,1.6280716409489424,1.1209670986198739,0.7809416506358785,0.33499893458485075,0.06211197222814317,0.05423714053674867,1.598428468093911,0.9797145337544111,0.9222571345397028,0.3142674723769598,0.08126085959942335,0.0283101974905108,0.09000117304571391,0.09000117304571391,0.0,-0.19201991317805822,-0.09600995658902911,-0.002452058234665818,4.43446854222483e-07,0.15787523761527694,0.4636448479259333,0,0.5739813957874258
6.215039999999921,1.4880851459631632,0.7440425729815816,0.9971996241285858,0.35125296345766466,0.17562648172883233,0.0027065515089890377,1.63380798915691,0.6647214675359661,1.3226270409291128,0.09929784013008636,0.13886522980896318,-0.24101878509373934,1.6163264118102512,0.82250387111425,1.1219430630123266,0.20612372054451078,0.11042527925200475,-0.10608978959517962,0.09000117304571391,0.09000117304571391,0.0,-0.19171688365884076,-0.09585844182942038,-0.002442428110889556,4.3497670796754854e-07,0.15748016916630775,0.4636448938702192,0,0.5723450570542792
6.219199999999921,1.489545031838794,0.744772515919397,0.9972108564055838,0.3503726101513582,0.1751863050756791,0.002695746479533909,1.7276734101644928,0.577306026336302,1.171489249156795,0.23966538067552604,0.315500329847594,0.05054224347434555,1.6724996797556582,0.7005603335731476,1.1468211507797648,0.22265554182188527,0.21253177889328945,-0.027553763988177358,0.09000117304571391,0.09000117304571391,0.0,-0.19141324127664439,-0.09570662063832219,-0.00243283556104309,4.266675124617311e-07,0.15708578195812162,0.46364493904999216,0,0.5707128196147013
6.2233599999999205,1.4910012559381653,0.7455006279690827,0.9972220438404561,0.3494937838491131,0.17474689192455656,0.0026849843693479794,1.7587378473267041,0.644131685296631,0.9878231589496901,0.2391836929811756,0.08629182785239253,0.18736010914508142,1.716120123501207,0.6725253235569161,1.0677105067649697,0.22935036081260057,0.1493119379884829,0.0800043818984542,0.09000117304571391,0.09000117304571391,0.0,-0.19110899602057208,-0.09555449801028604,-0.002423280437015325,4.185162279828068e-07,0.15669207681881497,0.4636449834779737,0,0.5690846763541263
6.22751999999992,1.492453824631168,0.746226912315584,0.9972331866113238,0.34861648632064535,0.17430824316032267,0.0026742650082326774,1.5345792826460734,0.9180256260183932,1.1348759956116243,0.5750981072603862,0.393380081362218,-0.013158804933578863,1.6265446622129522,0.7960957141898586,1.1012654287863408,0.40218184378900873,0.27118498680977293,0.03387230355303717,0.09000117304571391,0.09000117304571391,0.0,-0.19080415780554227,-0.09540207890277114,-0.002413762591343422,4.1051987181205113e-07,0.1562990545581565,0.46364502716667366,0,0.5674606201497503
6.23167999999992,1.4939027442948987,0.7469513721474493,0.9972442848956016,0.3477407192953343,0.17387035964766714,0.002663588226672677,0.7673805365422525,0.719450304775697,0.8258955015281991,0.27716249071802346,0.22328448562065165,-0.055321205846880585,1.1975345126127803,0.7582377840910035,0.9634632658367863,0.33899001560679026,0.2468119221644977,-0.010619726952699249,0.09000117304571391,0.09000117304571391,0.0,-0.1904987364730809,-0.09524936823654045,-0.002404281877007296,4.0267551714389533e-07,0.1559067159677317,0.4636450701283936,0,0.5658406438707192
6.23583999999992,1.4953480213134926,0.7476740106567463,0.9972553388700008,0.3468664844625404,0.1734332422312702,0.002652953855833747,1.6269208217002409,0.914475092861408,1.262726145083931,0.5269160498172121,0.2589575972458081,0.06224108717194794,1.4133266475903083,0.8368966891746071,1.1132264129339104,0.4329382358470194,0.2526276163730376,0.025732095604847936,0.09000117304571391,0.09000117304571391,0.0,-0.1901927417913688,-0.0950963708956844,-0.0023948381477588553,3.9498029205780815e-07,0.15551506182108563,0.46364511237523054,0,0.5642247403783154
6.239999999999919,1.496789662077959,0.7483948310389795,0.9972663487105323,0.34599378347192244,0.17299689173596122,0.002642361727559224,1.9539504028605597,0.824938193392843,0.776298717479713,0.5030498993941442,0.1936008485060187,0.0035336647975737325,1.684689845756906,0.8313203239310963,0.944768349307704,0.4674085481922364,0.22298231844604405,0.014253560146477804,0.09000117304571391,0.09000117304571391,0.0,-0.18988618345603647,-0.09494309172801824,-0.0023854312580239134,3.874313785101873e-07,0.15512409287386586,0.4636451539190801,0,0.5626129025261425
6.244159999999919,1.4982276729860164,0.7491138364930082,0.9972773145925089,0.34512261793375076,0.17256130896687538,0.0026318116743668895,1.40783779986592,0.5517546006082265,0.4082263745324638,0.43704321409481317,0.10192474956981905,0.11103995022756542,1.5471703444669376,0.6917488986577928,0.6767231890888773,0.4525058633543191,0.16179189065176575,0.06330327615974975,0.09000117304571391,0.09000117304571391,0.0,-0.18957907109053407,-0.09478953554526703,-0.00237606106269668,3.800260113196027e-07,0.1547338098639635,0.46364519477164007,0,0.5610051231603088
6.248319999999919,1.49966206044193,0.749831030220965,0.9972882366905482,0.3442529894192194,0.1721264947096097,0.002621303529446725,1.5170555224030373,0.40172464743119135,1.7418015009630208,0.22620211370105908,-0.03915020053059873,0.026010101600535,1.5325840187021458,0.5466533991584939,1.2093234811256277,0.338982749994314,0.06129195128161996,0.0448595967381466,0.09000117304571391,0.09000117304571391,0.0,-0.1892714142465024,-0.0946357071232512,-0.002366727417147753,3.72761477187573e-07,0.1543442135116539,0.4636452349444134,0,0.5594013951196093
6.2524799999999185,1.5010928308563498,0.7505464154281749,0.997299115178576,0.3433848994607563,0.17169244973037814,0.002610837126658625,1.450899141030181,1.1255378998595196,0.9240295403952565,0.4172127518662788,0.4264075788037164,-0.0489638303838271,1.4926083086357154,0.8369869028603759,1.0665725697717563,0.3783283652477045,0.2436882739796744,-0.001997401115857542,0.09000117304571391,0.09000117304571391,0.0,-0.18896322240435826,-0.09448161120217913,-0.002357430177767539,3.656351137482116e-07,0.1539553045197359,0.4636452744487118,0,0.5578017112357061
6.256639999999918,1.5025199906461513,0.7512599953230756,0.9973099502298282,0.34251834955233074,0.17125917477616537,0.0026004123005278303,1.2624294732148755,0.7547792249055615,0.862956092663608,0.41256232613202726,0.025134830801247038,0.07841769136403179,1.378377717293415,0.7959358019618866,0.964926209383462,0.39432789455067724,0.1339285394890732,0.038110536893201555,0.09000117304571391,0.09000117304571391,0.0,-0.18865450497377523,-0.09432725248688761,-0.0023481692012263123,3.5864430859344933e-07,0.15356708357367077,0.4636453132956586,0,0.5562060643333078
6.260799999999918,1.5039435462342752,0.7519717731171376,0.9973207420168542,0.3416533411497589,0.17082667057487946,0.0025900288862434704,1.9905446345766207,0.5525354322330973,0.9632839411475367,0.3169936480741028,0.1466467934313877,0.05199842087973492,1.6851258038181196,0.6745394120949914,0.964212606341474,0.35518166422236136,0.1400574321905802,0.04534816761454846,0.09000117304571391,0.09000117304571391,0.0,-0.18834527129384437,-0.09417263564692219,-0.0023389443448028034,3.5178649834155614e-07,0.15317955134171943,0.4636453514961923,0,0.5546144472303473
6.264959999999918,1.505363504049571,0.7526817520247855,0.9973314907115194,0.3407898756710084,0.1703949378355042,0.0025796867196557203,1.1165213639588027,1.2098007552344336,0.7008015436541543,0.373381077376475,0.23372348457190317,0.043701216846152656,1.4015968737584537,0.9426602588584957,0.8325959425760803,0.36396915254321544,0.18674422091366727,0.04461445714986287,0.09000117304571391,0.09000117304571391,0.0,-0.1880355306340915,-0.09401776531704575,-0.0023297554664996074,3.4505916778282456e-07,0.15279270847507959,0.46364538906106906,0,0.553026852738157
6.269119999999917,1.5067798705266398,0.7533899352633199,0.997342196485008,0.3399279544964984,0.1699639772482492,0.0025693856372724956,1.402593864202597,0.7893169049390444,1.52759997130783,0.3125009815743472,0.09587057051533208,0.036481315437244144,1.402745243389966,0.8661866505799798,1.1801785675707188,0.3382987113612826,0.14144125620213832,0.040612226643810395,0.09000117304571391,0.09000117304571391,0.0,-0.18772529219432044,-0.09386264609716022,-0.0023206024248376717,3.384598489139525e-07,0.15240655560802124,0.4636454260008663,0,0.5514432736616453
6.273279999999917,1.508192652105679,0.7540963260528395,0.9973528595078257,0.3390675789694004,0.1695337894847002,0.002559125476256976,1.6355274011866052,1.5162765534623066,0.6144689111019433,0.3424166622373084,0.1236221762337327,0.07209075747163161,1.519848979727791,1.191492598388694,0.8974695020808681,0.3409287256958235,0.1328613433032482,0.056457852202963926,0.09000117304571391,0.09000117304571391,0.0,-0.1874145651053113,-0.09370728255265565,-0.00231148507897138,3.3198612007775975e-07,0.15202109335802166,0.4636454623259853,0,0.5498637027994687
6.277439999999917,1.5096018552323287,0.7548009276161644,0.9973634799498025,0.3382087503959358,0.1691043751979679,0.0025489060744246857,1.3589619365610373,0.265947571888923,0.9158668628916548,0.36267916761088814,-0.004316656490488291,0.09298672654463506,1.4401586445174737,0.7287072273400269,0.9068616115228088,0.35182656461724254,0.06303228570512873,0.07477254738837079,0.09000117304571391,0.09000117304571391,0.0,-0.1871033584293077,-0.09355167921465385,-0.002302403288589789,3.2563560512226263e-07,0.15163632232589946,0.46364549804665434,0,0.5482881329442052
6.281599999999917,1.511007486357519,0.7555037431787595,0.9973740579800952,0.33735147004567145,0.16867573502283573,0.0025387272702409557,1.0344648196383897,0.7423709995557731,1.392054331675896,0.37924224647762766,0.18039707312855752,0.03793411636758458,1.238097134500528,0.735914212623275,1.1495413327547812,0.3658074851832157,0.12181155780576354,0.055843997214915314,0.09000117304571391,0.09000117304571391,0.0,-0.18679168116050449,-0.09339584058025224,-0.002293356914031713,3.194059725361229e-07,0.15125224309594776,0.46364553317293145,0,0.5467165568825239
6.285759999999916,1.5124095519373182,0.7562047759686591,0.9973845937671902,0.33649573915181274,0.16824786957590637,0.0025285889028179203,1.6827546581134927,0.5683053404275678,0.8427347361752633,0.3217923899639781,0.17029332356805896,-0.14538846241199435,1.4610995801566085,0.652461885694435,0.9958345232949337,0.3431999951081107,0.14649322154696415,-0.0452591739320329,0.09000117304571391,0.09000117304571391,0.0,-0.18647954222542984,-0.09323977111271492,-0.0022843458160798705,3.1329493462224287e-07,0.1508688562360662,0.4636455677147073,0,0.5451489673953543
6.289919999999916,1.5138080584327827,0.7569040292163913,0.9973950874789066,0.3356415589114952,0.1678207794557476,0.002518490811912384,1.6592401032873727,1.0182108300962907,1.3345724415280398,0.3885252347559094,0.10180734199254178,0.15720447800749798,1.5609802630306495,0.8355519366669371,1.1655333692612888,0.36542039998811043,0.1235457759036418,0.05570206463366666,0.09000117304571391,0.09000117304571391,0.0,-0.18616695048300813,-0.09308347524150407,-0.002275369856289811,3.0730024667933143e-07,0.15048616229789225,0.46364560168170793,0,0.5435853572580558
6.294079999999916,1.515203012309808,0.757601506154904,0.997405539282398,0.3347889304860756,0.1673944652430378,0.0025084328379222877,1.1876076551313934,0.6498336204938142,1.4750623049274671,0.40988823372404093,0.31184462251042444,-0.05256626805414522,1.3751450622452979,0.7433408354184771,1.3201901828405782,0.38709358468833044,0.21733278170935927,0.001807489713367591,0.09000117304571391,0.09000117304571391,0.0,-0.18585391472579949,-0.09292695736289974,-0.002266428896570225,3.014197061985578e-07,0.15010416181693198,0.4636456350834977,0,0.5420257192405823
6.2982399999999155,1.5165944200389805,0.7582972100194902,0.9974159493441558,0.3339378550014176,0.1669689275007088,0.002498414821884964,1.3781067393967912,0.6524421089064495,1.0681785659379697,0.2417406095631836,0.07859426298714026,-0.12721383244007034,1.3771296841915934,0.6980548045106139,1.1939176446973112,0.3139699800280548,0.14773456289559012,-0.06251932501169846,0.09000117304571391,0.09000117304571391,0.0,-0.18554044367963762,-0.09277022183981881,-0.0022575227996186192,2.9565115206774953e-07,0.1497228553126891,0.4636456679294817,0,0.5404700461076488
6.302399999999915,1.5179822880954312,0.7589911440477156,0.9974263178300119,0.33308833354817907,0.16654416677408954,0.00248843660547355,1.1931810146417638,0.8099571788735964,0.9782066669360547,0.364043584349076,0.18695325155695505,0.2554440090146925,1.2859135497455922,0.7543958327089604,1.0865917220551866,0.33790368676341975,0.16724491255427504,0.09655760300915864,0.09000117304571391,0.09000117304571391,0.0,-0.18522654600444444,-0.09261327300222222,-0.002248651428608717,2.8999246382377105e-07,0.14934224328879409,0.46364570022890855,0,0.5389183306188953
6.306559999999915,1.51936662295869,0.759683311479345,0.9974366449051411,0.3322403671820956,0.1661201835910478,0.0024784980309947116,1.5381707743838071,1.1497063390370674,1.0760750188316515,0.4115131701790699,0.0057855639652280855,0.003063394956254511,1.4129006219154217,0.9520657125494643,1.0813404371032451,0.374338633047758,0.08660890312941563,0.04944696870510389,0.09000117304571391,0.09000117304571391,0.0,-0.18491223029461756,-0.09245611514730878,-0.002239814647305204,2.844415608679304e-07,0.14896232623313177,0.46364573199087294,0,0.5373705655290489
6.310719999999915,1.520747431112541,0.7603737155562705,0.9974469307340635,0.3313939569242624,0.1656969784621312,0.0024685989413858883,1.0556060406406218,0.45964901881962095,0.5229544039810144,0.3822206958595989,0.1151096473587174,0.0516677748445644,1.2350469938506456,0.7060958992425909,0.8022526736262898,0.37772388151786307,0.09962914180982668,0.04974321260553905,0.09000117304571391,0.09000117304571391,0.0,-0.18459750507942074,-0.09229875253971037,-0.002231012319964639,2.789964017628203e-07,0.14858310461796842,0.4636457632243182,0,0.5358267435880859
6.314879999999914,1.5221247190448803,0.7610623595224402,0.9974571754806477,0.3305491037614143,0.16527455188070714,0.00245873918021296,1.2781629483625467,0.8608950643062466,1.4644005876099386,0.21181134967369702,0.016360222605813546,0.010540060708699233,1.257046871078709,0.7835312121556239,1.1333535355724387,0.29427968702822854,0.05770266582985345,0.02997654269217661,0.09000117304571391,0.09000117304571391,0.0,-0.18428237882337373,-0.09214118941168686,-0.002222244311343111,2.7365498345885383e-07,0.14820457890007782,0.46364579393803895,0,0.5342868575413907
6.319039999999914,1.5234984932475728,0.7617492466237864,0.997467379308113,0.329705808646204,0.164852904323102,0.0024489185916678744,1.6926019579813036,1.1287344063012394,1.0621813456629656,0.3505745728948304,0.19893497466878804,0.011490661936040312,1.475558661886758,0.9565485430850499,1.0977903440398709,0.32145480383329567,0.1285312826279356,0.020974623968224883,0.09000117304571391,0.09000117304571391,0.0,-0.18396685992664408,-0.09198342996332204,-0.002213510487132246,2.684153405800164e-07,0.1478267495208665,0.4636458241406834,0,0.532750900129916
6.323199999999914,1.5248687602163122,0.7624343801081561,0.9974775423790321,0.32886407249747895,0.16443203624873948,0.002439137020564459,2.1304469408489766,0.9785647561667714,1.0858003183657239,0.37327984916690893,0.280294508044139,0.006356022815029705,1.803784397459118,0.9681398130133143,1.0918083590841954,0.3470744021385015,0.20440082216454392,0.013718459040506378,0.09000117304571391,0.09000117304571391,0.0,-0.183650956725654,-0.091825478362827,-0.002204810713111509,2.632755447558795e-07,0.1474496169064982,0.46364585384075585,0,0.5312188640903388
6.3273599999999135,1.5262355264504812,0.7631177632252406,0.9974876648553335,0.32802389620055467,0.16401194810027733,0.0024293943123377855,1.6087872694476963,0.6273521633598007,1.0814318421058486,0.16447713860053326,0.17341590702322812,0.07584675554986017,1.7066271110663007,0.798104110805017,1.086776872312699,0.2555304750242347,0.1890030350993382,0.04521846164195609,0.09000117304571391,0.09000117304571391,0.0,-0.1833346774932607,-0.09166733874663036,-0.002196144855797052,2.582337038990293e-07,0.14707318146801737,0.4636458830466191,0,0.5296907421552174
6.331519999999913,1.5275987984530124,0.7637993992265062,0.9974977468983045,0.32718528060748814,0.16359264030374407,0.00241969031304079,1.6428106278342205,0.5422908148016299,0.7032044263688837,0.33374892224862224,0.19860170035924904,0.06419421863404454,1.6754142613400078,0.6706096626365641,0.8951214433493784,0.29384111837884525,0.19336701499671202,0.05472630895893928,0.09000117304571391,0.09000117304571391,0.0,-0.1830180304391511,-0.09150901521957555,-0.0021875127824500396,2.5328796153291885e-07,0.14669744360147202,0.4636459117664968,0,0.5281665270531464
6.335679999999913,1.5289585827302514,0.7644792913651257,0.9975077886685935,0.3263482265373489,0.16317411326867445,0.0024100248693409037,1.2510649253612456,0.1722330779890583,0.9737249672479356,0.5034590517826929,0.22294521670194878,0.021682899422078128,1.4642837485308227,0.42188159861120816,0.9344698509214757,0.3986634125178038,0.20815608838280272,0.037727902550196486,0.09000117304571391,0.09000117304571391,0.0,-0.18270102371055918,-0.09135051185527959,-0.0021789143605495456,2.4843649616158436e-07,0.14632240368803567,0.4636459400084757,0,0.5266462115089096
6.339839999999913,1.53031488579182,0.76515744289591,0.9975177903262122,0.32551273477648707,0.16275636738824353,0.002400397828518857,1.2428369849981233,0.6806394551378109,0.9016473236988763,0.33975071303136667,-0.06726404419339724,0.02311474787810521,1.354265452449677,0.5511235380061422,0.9181060114407367,0.36922830492664643,0.06993100779508776,0.030626230129252637,0.09000117304571391,0.09000117304571391,0.0,-0.1823836653921289,-0.09119183269606446,-0.0021703494582275586,2.4367752054927283e-07,0.1459480620941283,0.4636459677805081,0,0.5251297882436335
6.343999999999912,1.5316677141504818,0.7658338570752409,0.9975277520305392,0.32467880607880184,0.16233940303940092,0.002390809038465671,1.508835132066435,1.0251536454819337,1.0350735584218258,0.27435809789212157,0.12334642702835005,-0.037539410483038764,1.432122046807267,0.7883987879368333,0.9765122195646573,0.3217915341737154,0.0964803754380467,-0.003306551588571867,0.09000117304571391,0.09000117304571391,0.0,-0.18206596350706072,-0.09103298175353036,-0.0021618179444911415,2.390092811493129e-07,0.1455744191715369,0.4636459950904139,0,0.5236172499749374
6.348159999999912,1.5330170743220068,0.7665085371610034,0.9975376739403212,0.32384644116600514,0.16192322058300257,0.002381258347678736,1.008248080274395,0.40399370618843633,0.5873905670130399,0.38402856228788534,0.042315879891672195,-0.12727338503277785,1.2209814728602124,0.5962830146686758,0.781684338978788,0.35261412949994314,0.06870838135194032,-0.06547124485640302,0.09000117304571391,0.09000117304571391,0.0,-0.18174792601676348,-0.09087396300838174,-0.0021533196882673328,2.3443005742997246e-07,0.14520147525753463,0.4636460219458828,0,0.5221085894170836
6.352319999999912,1.5343629728250396,0.7671814864125198,0.9975475562136765,0.3230156407278865,0.16150782036394326,0.0023717456052618764,1.3056978435450597,0.7374018805268315,0.8158343625425355,0.44203634309164236,0.1716735510634243,-0.09301983980216415,1.2642616667379971,0.6672013550928595,0.7985664323134857,0.39636120136762465,0.11977853667346189,-0.07939819924985915,0.09000117304571391,0.09000117304571391,0.0,-0.18142956082157535,-0.09071478041078768,-0.002144854559586736,2.299381612709337e-07,0.14482923067499975,0.4636460483544767,0,0.5206037992811267
6.3564799999999115,1.5357054161809671,0.7678527080904836,0.997557399008097,0.322186405422575,0.1610932027112875,0.0023622706609204474,1.8917938674032633,1.1201907880913926,0.6229716616270038,0.16530006961009605,0.14829417307126794,-0.040481028292055736,1.5783761191313572,0.8940069241154497,0.7106832060907893,0.28077734435186935,0.13440228775163776,-0.05974361583305762,0.09000117304571391,0.09000117304571391,0.0,-0.18111087576148677,-0.09055543788074338,-0.0021364224286290878,2.2553193635066848e-07,0.14445768573253348,0.46364607432363164,0,0.5191028722750596
6.360639999999911,1.537044410913787,0.7685222054568935,0.997567202480451,0.32135873587679753,0.16067936793839876,0.002352833364960461,1.517855124361391,0.9280317173912288,1.1770385102733485,0.325336125527405,0.2783362880531305,0.1227103239579402,1.5487932749689952,0.9115993185823256,0.9441191871366986,0.30238693952631246,0.20596176899752322,0.03155258542182997,0.09000117304571391,0.09000117304571391,0.0,-0.1807918786156879,-0.09039593930784395,-0.0021280231663720877,2.2120975757922344e-07,0.1440868407245769,0.4636460998606598,0,0.5176058011039619
6.364799999999911,1.5383799635499793,0.7691899817749897,0.9975769667869856,0.32053263268613974,0.16026631634306987,0.0023434335682849697,1.7026827977798613,0.8333312298856067,0.8873892794829352,0.34263877112682195,0.1082122433462028,0.06313101990967405,1.626452576737187,0.8726891484595634,0.9158859782052519,0.3221328928225153,0.1574088880771007,0.04694012016674705,0.09000117304571391,0.09000117304571391,0.0,-0.18047257710393494,-0.09023628855196747,-0.002119656644171396,2.1697003048154566e-07,0.14371669593152747,0.4636461249727518,0,0.5161125784701429
6.368959999999911,1.5397120806183764,0.7698560403091882,0.997586692083329,0.31970809641530007,0.15985404820765003,0.0023340711223922314,1.3632631469160579,0.9678459674337373,1.1519474239021308,0.2744379264178611,0.16505071966949264,0.2037052773375022,1.4954290904580154,0.9206113159407817,1.0343415952356902,0.2972078286094293,0.16132959678068923,0.12553322830158842,0.09000117304571391,0.09000117304571391,0.0,-0.18015297888620685,-0.09007648944310342,-0.0021113227339817874,2.1281119063934533e-07,0.1433472516198544,0.46364614966697865,0,0.5146231970732865
6.37311999999991,1.5410407686500363,0.7705203843250181,0.997596378524493,0.31888512759834603,0.15944256379917301,0.0023247458793729217,1.1250187283415995,1.1569243702343601,1.3034149338728722,0.4727822978893025,0.2369392679261678,0.03549883095315736,1.3112072234367558,1.0392629781433196,1.1689537864331778,0.3837660777528589,0.1988148001819442,0.08061675307791738,0.09000117304571391,0.09000117304571391,0.0,-0.1798330915634323,-0.08991654578171615,-0.0021030213081506474,2.0873170311226678e-07,0.14297850804221338,0.46364617395029356,0,0.5131376496105937
6.37727999999991,1.5423660341781154,0.7711830170890577,0.9976060262648759,0.31806372673896677,0.15903186336948338,0.002315457691908221,1.3077650685905695,0.9022079435894851,0.8837351411327194,0.35564302583081825,0.2653905410185696,-0.18176660619227228,1.3102260009135887,0.9712877781292142,1.0259646428491282,0.36963333851908015,0.2314869276086325,-0.05067552311262654,0.09000117304571391,0.09000117304571391,0.0,-0.17951292267768293,-0.08975646133884146,-0.0020947522397462177,2.0473006193753182e-07,0.14261046543756062,0.4636461978295341,0,0.5116559287769241
6.38143999999991,1.5436878837377435,0.7718439418688717,0.9976156354582646,0.31724389431072497,0.15862194715536249,0.002306206413266556,1.1858845128905684,0.672819454246133,1.165828809178344,0.4556344428356415,0.32958944091675574,-0.08311769835506756,1.2490043620100457,0.8227379484477539,1.0957238298608316,0.41153745945974946,0.2801066803152079,-0.0664173240020634,0.09000117304571391,0.09000117304571391,0.0,-0.17919247971279528,-0.08959623985639764,-0.002086515402351429,2.0080478952448987e-07,0.142243124031266,0.4636462213114241,0,0.5101780272649361
6.38559999999991,1.5450063238658989,0.7725031619329494,0.9976252062578367,0.3164256307573058,0.1582128153786529,0.0022969918973011695,1.3175916298541652,0.7544211126733541,0.8687580861029368,0.39590244950161024,0.095037409816754,0.10920342477540895,1.2841218844541733,0.7887783473142409,0.9824668182786488,0.4037483563743076,0.1868050493547997,0.021233453868660566,0.09000117304571391,0.09000117304571391,0.0,-0.17887177009445998,-0.08943588504722999,-0.0020783106697499585,1.9695443616870628e-07,0.14187648403522551,0.4636462444025754,0,0.508703937765226
6.389759999999909,1.5463213611012854,0.7731606805506427,0.9976347388161636,0.3156089364927656,0.1578044682463828,0.002287813998449031,1.273201761848764,0.9970403556069389,1.666630265912588,0.3777590899533676,0.07661933762850713,-0.03395521740939535,1.2794481436455296,0.8930696197032386,1.3244836634695842,0.3904337075078871,0.13198613790150227,-0.006818864486031318,0.09000117304571391,0.09000117304571391,0.0,-0.17855080119095224,-0.08927540059547612,-0.002070137916682169,1.9317757948704182e-07,0.141510545647973,0.46364626710949,0,0.5072336529664664
6.393919999999909,1.5476330019842095,0.7738165009921047,0.9976442332852125,0.31479381190177746,0.15739690595088873,0.0022786725717265735,1.5694905690667809,0.8158121404330894,1.204775572345496,0.25060007106557525,-0.00382395126366597,-0.13321933620514556,1.4249931868409729,0.8544335977928705,1.2643523946535051,0.32025653756853817,0.06350698952420199,-0.07035084046380806,0.09000117304571391,0.09000117304571391,0.0,-0.1782295803131161,-0.08911479015655804,-0.0020619970179970738,1.894728239575567e-07,0.1411453090547909,0.46364628943856145,0,0.5057671655555422
6.398079999999909,1.548941253056459,0.7744706265282295,0.9976536898163488,0.31398025733987633,0.15699012866993817,0.002269567472728956,1.5599328789789515,0.33157865462704106,1.1629900026609663,0.23554706643088544,0.26945945669329735,-0.0727070444453888,1.492955826068054,0.5935654818846872,1.213518296987032,0.27698503499191807,0.16524558232102163,-0.07106533537083315,0.09000117304571391,0.09000117304571391,0.0,-0.17790811471488321,-0.08895405735744161,-0.0020538878494079406,1.8583880036749802e-07,0.14078077442782042,0.4636463113960772,0,0.5043044682176875
6.4022399999999084,1.5502461208611829,0.7751230604305914,0.9976631085603389,0.3131682731337024,0.1565841365668512,0.002260498557626207,1.464332583383833,0.6433773219534681,1.0709705113227317,0.2574925135380029,0.1263592244794847,0.02352485361368592,1.479180842927048,0.6187362140380177,1.142293967543811,0.26663341665114876,0.1450162929776331,-0.02455998884698905,0.09000117304571391,0.09000117304571391,0.0,-0.17758641159379374,-0.08879320579689687,-0.0020458102868580966,1.8227416537075982e-07,0.14041694192617116,0.4636463329882199,0,0.5028455536366191
6.406399999999908,1.5515476119427714,0.7757738059713857,0.9976724896673521,0.31235785958124174,0.15617892979062087,0.0022514656831620038,2.133365612115963,0.9665836081257989,1.0668895615648284,0.18914405025121145,-0.007319951607968556,-0.004826834547307528,1.8066720235339555,0.7926466966020728,1.1045799584599785,0.227506980955351,0.06906143368424708,-0.014099023676902184,0.09000117304571391,0.09000117304571391,0.0,-0.17726447809108947,-0.08863223904554474,-0.002037764207062691,1.787776009501998e-07,0.14005381169602965,0.4636463542210693,0,0.5013904144946706
6.410559999999908,1.5528457328467382,0.7764228664233691,0.9976818332869631,0.31154901695206677,0.15577450847603339,0.002242468706650196,1.333129930982826,1.2030014014999224,0.8723285670418166,0.24294120060528898,0.3243844184048985,0.014673854832938824,1.5704045626921848,0.9985008448280734,0.9884833433630917,0.23445933473870084,0.19708444044452142,0.00019681312220117523,0.09000117304571391,0.09000117304571391,0.0,-0.17694232129234377,-0.08847116064617189,-0.0020297494868741703,1.7534781397671295e-07,0.13969138387076735,0.46364637510060414,0,0.49993904347292456
6.414719999999908,1.5541404901196032,0.7770702450598016,0.9976911395681547,0.3107417454875737,0.15537087274378686,0.0022335074859739516,1.1194717109336205,1.0881499903755159,1.5352987008051626,0.35526464571314725,0.048832846638145744,-0.21194544777141838,1.345674377260833,1.0434294082142161,1.261453882216976,0.29463513117917195,0.12210627988905771,-0.10580023441130944,0.09000117304571391,0.09000117304571391,0.0,-0.1766199482277706,-0.0883099741138853,-0.0020217660040378754,1.7198353575007049e-07,0.13932965857104784,0.4636463956327035,0,0.49849143325134315
6.418879999999907,1.555431890308775,0.7777159451543875,0.9977004086593196,0.3099360454012189,0.15496802270060944,0.00222458187958179,1.987880360490232,0.41371609630090794,0.7209619688528173,0.3149200082248874,-0.0156859042137735,0.04539421398174283,1.6674377225074302,0.7285363867950483,0.9912989054104379,0.3043746019503258,0.052898203964438596,-0.030377764730834967,0.09000117304571391,0.09000117304571391,0.0,-0.17629736587210765,-0.08814868293605382,-0.0020138136365578548,1.6868352150288567e-07,0.13896863590493325,0.4636464158231487,0,0.4970475765088997
6.423039999999907,1.5567199399624365,0.7783599699812183,0.9977096407082633,0.3091319168787552,0.1545659584393776,0.002215691746486231,1.3685902548003335,1.1997809661939367,1.0097081511062418,0.20919494891497747,0.1044822913324594,-0.04752567508759129,1.5184473484425598,0.9643794256497776,1.0004038453102377,0.25663143687528606,0.07862371505918292,-0.038489140837045174,0.09000117304571391,0.09000117304571391,0.0,-0.1759745811458897,-0.08798729057294485,-0.0020058922629173637,1.654465499971657e-07,0.13860831596799017,0.4636464356776249,0,0.49560746592370625
6.427199999999907,1.55800464562943,0.779002322814715,0.997718835862206,0.3083293600784633,0.15416468003923164,0.002206836946261535,1.6252757332056025,0.815112137928826,0.6493605596788807,0.41253029202236274,0.24289990084931595,-0.012156839330908071,1.5727229918770107,0.8902496759159885,0.8248565206275619,0.3332954554497656,0.16088886371550912,-0.0263154049326534,0.09000117304571391,0.09000117304571391,0.0,-0.1756516009147997,-0.08782580045739985,-0.001998001762300028,1.622714230505828e-07,0.13824869884339458,0.46364645520172265,0,0.4941710941731423
6.4313599999999065,1.5592860138591442,0.7796430069295721,0.9977279942677854,0.3075283751313854,0.1537641875656927,0.002198017339040526,1.6541548053979893,0.6106307578479431,0.8766743256034445,0.28604872585202934,0.06975920530362857,-0.0530790420378206,1.614034412127662,0.7505834037114645,0.850656670614166,0.30968922698902845,0.11530758264971977,-0.04031471733182702,0.09000117304571391,0.09000117304571391,0.0,-0.17532843199094306,-0.08766421599547153,-0.0019901420142762506,1.5915696511087207e-07,0.13788978460203638,0.4636464744009394,0,0.4927384539339813
6.435519999999906,1.5605640512014007,0.7802820256007004,0.9977371160710583,0.3067289621415536,0.1533644810707768,0.002189232785512742,1.9833480811979398,0.4538522065025586,0.9833638213585768,0.4777442682643122,0.10348256703420786,-0.05924058169538899,1.7996876269665896,0.6024302441033913,0.9168866298167913,0.39365701300319617,0.10974461096314736,-0.04913879955949521,0.09000117304571391,0.09000117304571391,0.0,-0.17500508113241553,-0.08750254056620776,-0.0019823128987027823,1.5610202284874115e-07,0.13753157330262283,0.4636464932806812,0,0.4913095378825169
6.439679999999906,1.5618387642063434,0.7809193821031717,0.9977462014175038,0.3059311211862197,0.15296556059310984,0.0021804831469229517,1.3607455845458647,0.7073335959014737,0.880634968974211,0.39074056792761747,0.11904267889639066,-0.12141724286686009,1.5810290270515117,0.6551309483201037,0.8985084943431749,0.3908700484370835,0.11406177643493672,-0.08551042440627205,0.09000117304571391,0.09000117304571391,0.0,-0.17468155504415128,-0.08734077752207564,-0.0019745142962644888,1.5310546471562728e-07,0.13717406499178159,0.4636465118462641,0,0.4898843386946871
6.443839999999906,1.563110159424327,0.7815550797121635,0.997755250452025,0.30513485231608184,0.15256742615804092,0.0021717682850674706,1.0820065048540424,0.6892545022304535,1.0597507203209546,0.2214834748412089,0.3311540951469626,0.054555798417208035,1.331976316151082,0.6728822115471995,0.9792430208015616,0.30553225717726246,0.22237448649198757,-0.014914419061722485,0.09000117304571391,0.09000117304571391,0.0,-0.1743578603780267,-0.08717893018901335,-0.0019667460879469,1.5016618055604234e-07,0.1368172597041629,0.4636465301029157,0,0.48846284904619847
6.447999999999905,1.5643782434058084,0.7821891217029042,0.9977642633189512,0.3043401555555103,0.15217007777775515,0.0021630880622926394,1.3197708705908908,0.7618878792496382,1.0643502633888229,0.4051801415499237,0.2115099329564079,-0.09361245612671872,1.3267166578968022,0.7178269176191435,1.0216022421609814,0.3551637226554823,0.21631065116444387,-0.054121705698864764,0.09000117304571391,0.09000117304571391,0.0,-0.17403400373339095,-0.08701700186669548,-0.001959008155149643,1.4728308119170064e-07,0.13646115746254128,0.4636465480557766,0,0.48704506161264827
6.452159999999905,1.5656430227012366,0.7828215113506183,0.9977732401620407,0.30354703090277085,0.15177351545138543,0.0021544423414928482,1.6320006936621783,0.9951911111871243,0.8848636440729356,0.3308335264603167,0.1600275389925233,-0.025913932989638826,1.480049049718719,0.8568448274911795,0.9531783484627507,0.3429455517113512,0.1876824284494343,-0.040145795427348314,0.09000117304571391,0.09000117304571391,0.0,-0.17370999165706358,-0.08685499582853179,-0.001951300379907258,1.4445509804149844e-07,0.1361057582779162,0.46364656570990187,0,0.4856309690696466
6.456319999999905,1.566904503860946,0.783452251930473,0.9977821811244828,0.30275547833024846,0.15137773916512423,0.0021458309861076192,1.2807218863861385,0.9999369665699139,0.8540761918970671,0.28456968029029683,0.028644959521339802,0.07987986310631504,1.3809764726866003,0.9284509594232223,0.903792786724308,0.3135195998989379,0.10842370180931862,0.019829435439068982,0.09000117304571391,0.09000117304571391,0.0,-0.1733858306442948,-0.0866929153221474,-0.0019436226446823638,1.4168118271501003e-07,0.13575106214961247,0.4636465830702625,0,0.48422056409293623
6.4604799999999045,1.5681626934350488,0.7840813467175244,0.9977910863489,0.3019654977846664,0.1509827488923332,0.0021372538601196127,1.9537188225405981,0.6995594180650592,1.743584663639587,0.24081669877158257,0.12620223884105358,-0.019109228003995275,1.6678530305202426,0.8142656949477151,1.323654497121557,0.27694035204015854,0.11749893331441849,0.0005346653097608341,0.09000117304571391,0.09000117304571391,0.0,-0.173061527138338,-0.086530763569169,-0.0019359748324794014,1.3896030665935593e-07,0.1353970690653795,0.46364660014174675,0,0.4828138393585126
6.464639999999904,1.5694175979733291,0.7847087989866646,0.9977999559773503,0.3011770891873075,0.15058854459365376,0.0021287108280520816,1.6304587214688493,0.658796178026345,0.551991536625521,0.3432440357828578,0.15533244476521138,0.11556573470627034,1.6498721023877005,0.7368521717207062,0.9380590958429535,0.3088615959702655,0.13678054805910206,0.05751136640949063,0.09000117304571391,0.09000117304571391,0.0,-0.17273708753119743,-0.08636854376559872,-0.0019283568265303728,1.3629146076614311e-07,0.13504377900149026,0.4636466169291615,0,0.4814107875427425
6.468799999999904,1.5706692240251385,0.7853346120125693,0.9978087901513293,0.3003902524342317,0.15019512621711584,0.0021202017549676734,1.2473718817584696,1.16430523910701,1.0986024298063815,0.33349610520799533,0.10788701179335716,-0.06680383580072241,1.4493125270368428,0.9508073394081008,1.0181932072728868,0.3213266883935229,0.12173888389969238,-0.004768626220768941,0.09000117304571391,0.09000117304571391,0.0,-0.17241251816427117,-0.08620625908213558,-0.0019207685107291827,1.336736550139531e-07,0.13469119192283951,0.46364663343723367,0,0.4800114013224808
6.472959999999904,1.5719175781392907,0.7859587890696453,0.9978175890117729,0.29960498739649116,0.14980249369824558,0.002111726506465444,1.2101034529563308,0.675776852089346,1.0037991149352266,0.3640541498096229,0.17223731313808655,0.12049516631401842,1.3304651738697537,0.8136490269832878,1.0112485596970262,0.34190117847492646,0.1466929222625006,0.05695470484658402,0.09000117304571391,0.09000117304571391,0.0,-0.1720878253278192,-0.0860439126639096,-0.0019132097695318678,1.311059181063991e-07,0.13433930778304115,0.46364664967061153,0,0.4786156733751878
6.477119999999903,1.573162666863959,0.7865813334319794,0.9978263526990591,0.2988212939203476,0.1494106469601738,0.0021032849486782366,1.963327850994937,0.4005056267720623,1.0205662286948496,0.36833331755704013,0.20757177965887696,-0.053348942684777696,1.6476670488696403,0.6075076889979126,1.0157962902320021,0.35512257160595617,0.17640247427500083,0.001908470945705745,0.09000117304571391,0.09000117304571391,0.0,-0.17176301526214144,-0.08588150763107072,-0.0019056804877494345,1.2858729713017224e-07,0.13398812652452505,0.463646665633866,0,0.4772235963790438
6.481279999999903,1.5744044967465733,0.7872022483732867,0.9978350813530102,0.29803917182748424,0.14901958591374212,0.002094876948270985,1.7794404844263672,0.5649941970463376,0.9319798362797792,0.38095726619392667,0.11734338984792843,-0.0794617374311603,1.714345952490578,0.5864964209642419,0.9737217075830197,0.36857500750877165,0.14605707828457537,-0.03853530259794078,0.09000117304571391,0.09000117304571391,0.0,-0.17143809415736844,-0.08571904707868422,-0.0018981805505541814,1.2611685718977562e-07,0.13363764807863335,0.46364668133149184,0,0.4758351630130648
6.485439999999903,1.5756430743337202,0.7878215371668601,0.9978437751128955,0.2972586209152187,0.14862931045760935,0.002086502372438932,1.5058288037877847,0.9659455492271056,0.9641583082898405,0.33876482082289394,0.02872134676938161,-0.05855884732489834,1.6107926394489132,0.776285408462763,0.9688175444064034,0.3526623324686357,0.08642128829886868,-0.04825925659460279,0.09000117304571391,0.09000117304571391,0.0,-0.17111306815432104,-0.08555653407716052,-0.0018907098437001956,1.2369368110276686e-07,0.133287872365716,0.4636466967679092,0,0.4744503659572141
6.489599999999903,1.57687840617104,0.78843920308552,0.9978524341174325,0.2964796409567124,0.1482398204783562,0.002078161088904994,1.6904312010568012,0.4377437052147371,0.654806513228296,0.2825582070745041,0.1696252413417749,-0.09997649761443989,1.6512019985541238,0.6073659320372649,0.8116034378958003,0.3167453121799464,0.1275714468028004,-0.07486206375913358,0.09000117304571391,0.09000117304571391,0.0,-0.17078794334398217,-0.08539397167199109,-0.0018832682533161792,1.213168690308859e-07,0.13293879929522529,0.4636467119474646,0,0.4730691978925169
6.493759999999902,1.5781104988031283,0.7890552494015641,0.9978610585047905,0.2957022317011819,0.14785111585059094,0.0020698529659179147,0.8355508242386337,0.6524704342605423,0.8683485901575473,0.20573693125162296,0.2527814382393849,-0.06676297121981623,1.2437976143280924,0.6304431680120937,0.8398378688308892,0.26173694287854726,0.19070157716897532,-0.07096823446309897,0.09000117304571391,0.09000117304571391,0.0,-0.17046272576867838,-0.08523136288433919,-0.001875855666233035,1.189855381679431e-07,0.1325904287658105,0.4636467268744322,0,0.4716916515011703
6.497919999999902,1.579339358773437,0.7896696793867185,0.9978696484125915,0.294926392874105,0.1474631964370525,0.002061577872249128,1.4338145857705964,0.8415542018060717,1.0606650813770275,0.16806774135942446,0.32790929317658146,0.1511460037549808,1.3391570150420598,0.7366830387211865,0.9505656049320371,0.21490384412122376,0.25889526116849126,0.04093762823689774,0.09000117304571391,0.09000117304571391,0.0,-0.17013742142187405,-0.08506871071093702,-0.0018684719695628484,1.1669882243388346e-07,0.1322427606654113,0.46364674155301505,0,0.4703177194666547
6.502079999999902,1.5805649926241763,0.7902824963120881,0.9978782039779132,0.29415212417742825,0.14707606208871413,0.002053335677191329,1.5320736389857357,0.8827474833434956,0.8557041411382362,0.26273030451197854,0.17496890857722858,-0.12002450464679135,1.4361652718695872,0.8100817770763942,0.902884413682369,0.23779293679596414,0.21618555846960735,-0.03946193325234934,0.09000117304571391,0.09000117304571391,0.0,-0.1698120362488208,-0.0849060181244104,-0.0018611170507048923,1.1445587213308054e-07,0.1318957948713506,0.4636467559873463,0,0.46894739447384287
6.506239999999901,1.581787406896217,0.7908937034481085,0.9978867253372905,0.2933794252897709,0.14668971264488545,0.0020451262505570274,1.6899779463317415,0.8121401496160445,0.8223119671665308,0.07538889037570487,0.02641120182065093,0.10391825927986748,1.5632317726602662,0.8111674385914867,0.8628137588936291,0.15584119250076828,0.12057661642276121,0.03222604698298302,0.09000117304571391,0.09000117304571391,0.0,-0.16948657614656715,-0.08474328807328357,-0.0018537907977799455,1.1225585366691011e-07,0.13154953125042712,0.46364677018149025,0,0.4675806692091088
6.510399999999901,1.5830066081289946,0.7915033040644973,0.9978952126267183,0.29260829586662923,0.14630414793331462,0.0020369494626753287,1.6921711464625047,1.4036492890825092,1.0824862161647573,0.3273930943553846,0.025308189153518026,-0.08791733705734488,1.6283843156937663,1.107464020304217,0.9724694492461508,0.2411321682105331,0.07349170749636928,-0.02821784928911602,0.09000117304571391,0.09000117304571391,0.0,-0.1691610469643955,-0.08458052348219774,-0.0018464930992093,1.1009794921240138e-07,0.13120396965900666,0.46364678413944366,0,0.46621753636043556
6.514559999999901,1.5842226028604136,0.7921113014302068,0.9979036659816533,0.29183873554057893,0.14591936777028947,0.0020288051843904025,1.5690024516616472,0.5696398116564229,1.1474208150978986,0.14530634284246238,0.12190172630934694,-0.0684833722586829,1.5989955875291495,0.8388019826632679,1.0598044606359842,0.19303958613836128,0.09755991828444076,-0.04861137200248371,0.09000117304571391,0.09000117304571391,0.0,-0.1688354545041535,-0.08441772725207675,-0.0018392238439349107,1.079813564671935e-07,0.13085910994311367,0.46364679786513674,0,0.4648579886175219
6.518719999999901,1.585435397626753,0.7927176988133765,0.997912085537016,0.29107074392147564,0.14553537196073782,0.002020693287059101,0.5924638060913548,0.34405712400630567,1.3067302960115057,0.19864887303473203,0.09309928740981227,-0.11548705250439918,1.0961384159605363,0.5916213963492183,1.18302865857027,0.19460404594023922,0.09453113207482321,-0.08193053862745074,0.09000117304571391,0.09000117304571391,0.0,-0.1685098045206943,-0.08425490226034715,-0.001831982921426065,1.059052882999693e-07,0.13051495193852147,0.4636468113624343,0,0.463502018671888
6.5228799999999,1.5866449989625724,0.7933224994812862,0.9979204714271933,0.2903043205966541,0.14515216029832706,0.0020126136425485377,1.4964155851731604,0.997230229396378,1.5841848245574965,0.38087703277202,0.06508040504243304,0.021957451395213573,1.2970744401526888,0.7945661028010343,1.3836553541461167,0.28656234311379725,0.07880446362112854,-0.030057930330585174,0.09000117304571391,0.09000117304571391,0.0,-0.16818410272188822,-0.08409205136094411,-0.0018247702212577013,1.0386897250350765e-07,0.13017149547084186,0.4636468246351368,0,0.4621496192169803
6.5270399999999,1.5878514134006187,0.7939257067003094,0.9979288237860401,0.28953946513112677,0.14476973256556339,0.0020045661232353483,1.4602369384657934,1.049362711872251,0.6415601359072536,0.22086171410373612,0.17669036272195054,0.15243500843339935,1.3791152681543688,0.9223326568653494,1.0129197598382833,0.2541724602704435,0.1282432486394544,0.061106066329216606,0.09000117304571391,0.09000117304571391,0.0,-0.16785835476906397,-0.08392917738453198,-0.0018175856338653353,1.0187165150467618e-07,0.12982874035561465,0.4636468376869815,0,0.4608007829482757
6.5311999999999,1.5890546474717344,0.7945273237358672,0.9979371427468817,0.28877617706778064,0.14438808853389032,0.001996550602001943,1.9027650989588385,0.1413825278496329,1.435021204025387,0.5987280421353902,-0.0674607785717663,-0.039282530600111186,1.6421889347309173,0.5317121508180755,1.2238931945313294,0.4265483916742022,0.03024046386059636,0.010213538592949259,0.09000117304571391,0.09000117304571391,0.0,-0.16753256627734325,-0.08376628313867163,-0.0018104290499102033,9.991258208064976e-08,0.1294866863983961,0.46364685052164356,0,0.45945550256338463
6.5353599999998995,1.590254707704766,0.795127353852383,0.997945428442516,0.28801445592757263,0.14400722796378632,0.00198856695223529,2.0194026332814436,1.193061806835495,0.40982510713178744,0.436428197623157,0.1916831352954467,0.023787687186626556,1.8317077333371174,0.8627900909285874,0.8169023250330486,0.4307414813070245,0.11105293748826027,0.017291643941413196,0.09000117304571391,0.09000117304571391,0.0,-0.16720674281608394,-0.08360337140804197,-0.0018033003604991053,9.799103510599743e-08,0.12914533339484713,0.46364686314273684,0,0.4581137707621528
6.539519999999899,1.5914516006264732,0.7957258003132366,0.9979536810052153,0.2872543012097231,0.14362715060486156,0.0019806150478248225,1.710870615595108,0.8497817588735398,1.1786809205402806,0.36823947066657986,-0.003308566576090688,-0.14675909083552693,1.7720529450495026,0.8562782017785128,0.9974877433018339,0.40012496898752586,0.054240311824267584,-0.06416719069075918,0.09000117304571391,0.09000117304571391,0.0,-0.16688088990878835,-0.08344044495439418,-0.001796199457297809,9.610629525969241e-08,0.1288046811308204,0.4636468755538151,0,0.45677558024676285
6.543679999999899,1.5926453327614394,0.7963226663807197,0.9979619005667285,0.2864957123919094,0.1432478561959547,0.0019726947631598987,1.1795863077128046,0.6471057112192004,0.436377446632651,0.2883564685257601,0.052088368627891735,0.15365076697137678,1.4764167784056268,0.7518007001269779,0.7172477929723952,0.3435147182273121,0.052267706741323194,0.04495132188023846,0.09000117304571391,0.09000117304571391,0.0,-0.16655501303365472,-0.08327750651682736,-0.0017891262321093789,9.425766081200377e-08,0.12846472938244735,0.46364688775837304,0,0.45544092372183465
6.547839999999899,1.593835910631983,0.7969179553159915,0.9979700872582832,0.28573868893045723,0.14286934446522861,0.0019648059731289793,1.3072364247876789,1.298429290302004,1.175128259397532,0.2878015694334688,0.12257920725327774,0.0057105925193158425,1.3924242775454803,1.0253730565717663,0.9462035463043277,0.3155458754890579,0.08776749357821141,0.025122745597071772,0.09000117304571391,0.09000117304571391,0.0,-0.16622911762412884,-0.08311455881206442,-0.0017820805774149216,9.244444330144873e-08,0.12812547791622453,0.46364689975984713,0,0.454109793894524
6.551999999999898,1.5950233407580685,0.7975116703790343,0.9979782412105879,0.2849832302605298,0.1424916151302649,0.0019569485531165695,1.6783333619596355,1.0830304292779702,0.8426459051543405,0.1544299137940033,0.07951776246261748,-0.007426534440273877,1.535702622002887,1.0543676274765672,0.8944091717385351,0.23471360638625002,0.0836015808755211,0.008553209809418939,0.09000117304571391,0.09000117304571391,0.0,-0.16590320906838818,-0.08295160453419409,-0.0017750623862735036,9.066596734551318e-08,0.12778692648909873,0.4636469115616167,0,0.45278218347462273
6.556159999999898,1.5962076296572199,0.7981038148286099,0.9979863625538337,0.2842293357963187,0.14211466789815935,0.0019491223790005952,1.9280856423027155,0.5277091018470199,1.0955951085579303,0.24900007441207986,0.003718954209376263,-0.14268994533516038,1.7324170154354486,0.7910446970976929,0.994706709391046,0.2407862160103002,0.042567913278940064,-0.06703579197618928,0.09000117304571391,0.09000117304571391,0.0,-0.16557729271074983,-0.08278864635537492,-0.0017680715516862951,8.892157037947866e-08,0.12744907484855272,0.4636469231670048,0,0.45145808517465463
6.560319999999898,1.5973887838444334,0.7986943919222167,0.9979944514176968,0.283477004931229,0.1417385024656145,0.0019413273271524215,1.5834540813576838,1.3268535916046331,1.0338176221279487,0.32030196982934006,0.11528399057978105,-0.04386862398313558,1.6586013609667214,1.0591929814918415,1.0141718017309245,0.2802331137193184,0.07877681638512762,-0.05574592148228579,0.09000117304571391,0.09000117304571391,0.0,-0.16525137385094313,-0.08262568692547156,-0.0017611079676720896,8.72106023704044e-08,0.12711192273268906,0.46364693457927925,0,0.45013749170997347
6.5644799999998975,1.598566809832092,0.799283404916046,0.9980025079313403,0.2827262370380674,0.1413631185190337,0.001933563274432339,1.518531472085933,0.3782601588986796,1.1710088357472554,0.41250015905907844,0.16716638392449318,-0.03953970854311827,1.5894256903019757,0.7190699714727795,1.0925084982804756,0.34526879212308037,0.12274241079334527,-0.04731857471572831,0.09000117304571391,0.09000117304571391,0.0,-0.1649254577448771,-0.08246272887243855,-0.001754171528097358,8.553242565746518e-08,0.12677546987031438,0.46364694580165344,0,0.44882039579885863
6.568639999999897,1.5997417141298804,0.7998708570649402,0.9980105322234161,0.28197703146922676,0.14098851573461338,0.00192583009819003,1.7848157914487714,0.652839718977685,1.4270816692604118,0.27768065917688617,0.22379638625231377,-0.07313995032724363,1.687700855379426,0.6864189562351386,1.2596456684020112,0.31091186601607207,0.17370314528790246,-0.0604066875412724,0.09000117304571391,0.09000117304571391,0.0,-0.1645995496050907,-0.08229977480254536,-0.0017472621277514313,8.388641465007561e-08,0.12643971598102263,0.46364695683728735,0,0.44750679016260975
6.572799999999897,1.6009135032447006,0.8004567516223503,0.9980185244220672,0.2812293875568693,0.14061469377843466,0.001918127676260447,1.3929491218743566,0.7110986260965042,0.974629352897286,0.27856142785130433,-0.08796213153711807,-0.109981112758496,1.5409029358368889,0.6985761218332749,1.1169060408211724,0.29444537248974295,0.042831163753114396,-0.08484552612337508,0.09000117304571391,0.09000117304571391,0.0,-0.1642736546005601,-0.08213682730028005,-0.0017403796614974786,8.227195564364547e-08,0.1261046607752777,0.4636469676892883,0,0.4461966675256416
6.576959999999897,1.6020821836805885,0.8010410918402943,0.9980264846549295,0.2804833046131099,0.14024165230655494,0.0019104558869633137,1.1006796170640651,0.5625236461555849,1.1084754077671612,0.25115333460188055,0.02482685992743211,0.1083331190780306,1.3213092935138873,0.6306016106940493,1.1129157945654378,0.273424378006723,0.03333029538714323,0.011827828193554938,0.09000117304571391,0.09000117304571391,0.0,-0.1639477778574705,-0.08197388892873525,-0.0017335240247058443,8.068844658312855e-08,0.1257703039544958,0.46364697836071195,0,0.44489002061557675
6.581119999999896,1.603247761938631,0.8016238809693155,0.9980344130491341,0.2797387819301963,0.13986939096509815,0.0019028146091007653,1.665886314055852,0.8165162274760326,0.5193436837480331,0.16000247787785546,0.08906564450997026,-0.09608766997428221,1.4939337226151566,0.7237462070942748,0.8159255650983722,0.21638065638870246,0.06084188879025814,-0.04204560569123352,0.09000117304571391,0.09000117304571391,0.0,-0.1636219244590258,-0.0818109622295129,-0.0017266951133674616,7.913529681157015e-08,0.12543664521112674,0.4636469888545631,0,0.44358684216333893
6.585279999999896,1.6044102445168837,0.8022051222584419,0.9980423097313089,0.27899581878069024,0.13949790939034512,0.0018952037219545595,2.1157074382066745,0.7927372211619189,1.4353497077725268,0.3732714212226887,0.14599131073759042,-0.1163140900738381,1.80559985166001,0.7585470598659831,1.1254022473546084,0.2955244144360706,0.10283159872707877,-0.08023602904448118,0.09000117304571391,0.09000117304571391,0.0,-0.16329609944611423,-0.08164804972305711,-0.0017198928235650892,7.761192692217655e-08,0.12510368422873536,0.4636469991737966,0,0.442287124903244
6.589439999999896,1.6055696379102906,0.8027848189551453,0.998050174827581,0.2782544144176456,0.1391272072088228,0.001887623105285453,1.2930715780314075,0.9715758629119432,1.3026959968867624,0.31517838301838524,0.2793443418799251,0.004128971925539632,1.549990176831397,0.8656449656130193,1.2140594961936972,0.30415452263879095,0.19060282981562093,-0.0383211379089409,0.09000117304571391,0.09000117304571391,0.0,-0.16297030781744026,-0.08148515390872013,-0.0017131170520137302,7.611776848728496e-08,0.1247714206820818,0.463647009321318,0,0.4409908615730909
6.5935999999998955,1.6067259486106023,0.8033629743053011,0.9980580084635782,0.27751456807478575,0.13875728403739288,0.0018800726393303664,1.5840429699411538,0.6888931647279125,1.092936046672741,0.1847984175138001,0.1545168231358487,0.05259993155693625,1.567403019315334,0.777589051269479,1.153607343208964,0.24360306147587604,0.1726427128895983,0.0066464860584374875,0.09000117304571391,0.09000117304571391,0.0,-0.16264455452965798,-0.08132227726482899,-0.0017063676957460418,7.465226387288863e-08,0.1244398542372015,0.4636470192999847,0,0.4396980449142523
6.597759999999895,1.6078791831062968,0.8039395915531484,0.9980658107644315,0.27677627896668056,0.13838813948334028,0.0018725522048008028,1.5914043363030916,1.4161999344266856,0.8879934729956507,0.39338182026741453,0.1343965053407765,-0.16746255616926145,1.5802227427737403,1.0971791361082461,1.0204493160212804,0.31815863703468517,0.15321731595658772,-0.0799563458323892,0.09000117304571391,0.09000117304571391,0.0,-0.16231884449793121,-0.08115942224896561,-0.001699644652225078,7.32148660376525e-08,0.12410898455148464,0.46364702911260636,0,0.438408667671763
6.601919999999895,1.6090293478825006,0.8045146739412503,0.9980735818547768,0.2760395462889209,0.13801977314446046,0.0018650616828808722,1.4073353443915597,1.7406250444711184,1.0764745200427797,0.14890683203362112,0.17127502716933635,0.08183205334984821,1.4940875614243219,1.419262849271317,1.0486328226289912,0.23354080366791902,0.16224049283484487,0.0007811952132248768,0.09000117304571391,0.09000117304571391,0.0,-0.16199318259585505,-0.08099659129792752,-0.0016929478194573746,7.18050383213989e-08,0.12377881127375498,0.463647038761946,0,0.437122722594409
6.606079999999895,1.61017644942091,0.805088224710455,0.9980813218587569,0.2753043692182934,0.1376521846091467,0.001857600955224795,2.1941813173310822,0.9382599282022979,1.8706816320275022,0.41393480499313007,0.11328645198806356,-0.08435628160930449,1.8450016017789725,1.1789925519089544,1.4594873308255152,0.32310542275092263,0.1382972278908297,-0.04169065537985479,0.09000117304571391,0.09000117304571391,0.0,-0.16166757365623097,-0.08083378682811548,-0.001686277095570933,7.042225427551244e-08,0.12344933404434828,0.4636470482507207,0,0.4358402024348144
6.610239999999894,1.6113204941997141,0.8056602470998571,0.9980890309000233,0.2745707469129516,0.1372853734564758,0.001850169903956172,2.089472456149882,0.8729577519534294,0.7363160042403125,0.34983440888790396,0.07333554057833351,-0.11181861140017042,1.9679657179403587,1.0261259247059107,1.0976653150046491,0.3367889684953595,0.10563856369969697,-0.07736913272967233,0.09000117304571391,0.09000117304571391,0.0,-0.16134202247088336,-0.08067101123544168,-0.0016796323793556453,6.906599743658906e-08,0.12312055249518983,0.4636470575816021,0,0.4345610999495286
6.614399999999894,1.6124614886935167,0.8062307443467583,0.9980967091017386,0.27383867851258853,0.13691933925629426,0.0018427684116650138,1.1156812924565327,1.0039699801797846,1.431723133816964,0.22848668226196328,0.10185808988288539,-0.01572827777787078,1.5422938771198995,1.0152596351408167,1.264663272678729,0.28212058413412827,0.10376017036557544,-0.04627619834763784,0.09000117304571391,0.09000117304571391,0.0,-0.16101653379090164,-0.08050826689545082,-0.0016730135699486968,6.773576115774939e-08,0.1227924662498718,0.4636470667572176,0,0.4332854078991122
6.618559999999894,1.613599439373261,0.8067997196866304,0.9981043565865778,0.2731081631386076,0.1365540815693038,0.0018353963614060771,1.5453467173431552,0.7440058002634321,1.0470520965777361,0.42388305603279025,0.17599545210560688,0.05842898171122721,1.5447025940182928,0.8799981796709522,1.1559770087805374,0.3526989535305418,0.13925067424619073,0.006398438974387476,0.09000117304571391,0.09000117304571391,0.0,-0.16069111232720523,-0.08034555616360262,-0.0016664205666260604,6.643104841604875e-08,0.12246507492373011,0.4636470757801509,0,0.43201311904822254
6.622719999999894,1.6147343527061537,0.8073671763530769,0.9981119734767308,0.272379199894291,0.1361895999471455,0.0018280536366980862,1.6943010666247567,0.6980487552409472,1.507809945789266,0.332148930173205,0.14336306167981033,-0.016466931930023382,1.6201936766709355,0.7893202668347294,1.3318612437584936,0.3424543811415809,0.14136354927572498,-0.004818938773311558,0.09000117304571391,0.09000117304571391,0.0,-0.16036576275078818,-0.08018288137539409,-0.0016598532695570887,6.515137163013979e-08,0.1221383781239205,0.46364708465294263,0,0.43074422616569746
6.626879999999893,1.615866235155591,0.8079331175777955,0.9981195598939038,0.2716517878649677,0.13582589393248384,0.001820740121519763,1.3291430218412743,1.225171654378364,1.1322148097043168,0.2996247560398932,0.13112486327734793,0.03138118808839566,1.475290699237402,1.0075206748470154,1.232102836987949,0.32047692438392,0.136760089536713,0.012829070310302752,0.09000117304571391,0.09000117304571391,0.0,-0.16004048969275153,-0.08002024484637577,-0.001653311578848072,6.38962524997149e-08,0.12181237544949419,0.46364709337809107,0,0.4294787220246391
6.631039999999893,1.6169950931810835,0.8084975465905417,0.9981271159593217,0.2709259261181804,0.1354629630590902,0.0018134557003099037,1.509479577353101,0.8333140538608107,0.5815147810011877,0.2349279727724266,0.20523007315631975,-0.054183199656557296,1.4928737980225604,0.9208432693888347,0.9066926182662941,0.2778150792751752,0.17086978594651225,-0.02118305606241094,0.09000117304571391,0.09000117304571391,0.0,-0.15971529774476234,-0.07985764887238117,-0.0016467953951890832,6.266522180587843e-08,0.12148706649147302,0.46364710195805303,0,0.4282165994024969
6.635199999999893,1.618120933238183,0.8090604666190915,0.9981346417937299,0.2702016137038512,0.1351008068519256,0.0018062002579647242,1.3335892419734885,0.9769302152025551,1.0653725145160744,0.3953980544737504,0.04999500336472358,0.06337319491167932,1.41405346657026,0.9489906009156288,0.9861662488053657,0.3362890369938227,0.11069112636262919,0.020725350596355135,0.09000117304571391,0.09000117304571391,0.0,-0.15939019145908728,-0.07969509572954364,-0.0016403046198603033,6.145781924471944e-08,0.12116245083292401,0.4636471103952444,0,0.4269578510811496
6.6393599999998925,1.61924376177841,0.809621880889205,0.9981421375173959,0.26947884965444674,0.13473942482722337,0.0017989736798351987,1.9067443520881662,1.0117559262986093,0.5834091489110151,0.1336206271194551,0.24210123512278164,-0.011894924327800118,1.6606809924214632,0.9808761536426523,0.7847597037196953,0.2346271372888104,0.1769227926761449,0.0046268277961124624,0.09000117304571391,0.09000117304571391,0.0,-0.15906517534905362,-0.07953258767452681,-0.0016338391540958392,6.027359326915801e-08,0.12083852804903362,0.46364711869204095,0,0.4257024698469867
6.643519999999892,1.6203635852491813,0.8101817926245907,0.9981496032501114,0.26875763298514116,0.13437881649257058,0.0017917758517270279,1.8764184669825055,0.6468640895820762,1.206479658571402,0.2567069211676653,0.20178706341803176,-0.12542572914213415,1.7690846055355276,0.8142884578081401,0.9953609092372108,0.24594292006509097,0.1888906642517258,-0.059986733434669544,0.09000117304571391,0.09000117304571391,0.0,-0.15874025388929758,-0.07937012694464879,-0.0016273988998376518,5.911210091549944e-08,0.12051529770718136,0.4636471268507788,0,0.4244504484909888
6.647679999999892,1.6214804100937397,0.8107402050468698,0.9981570391111942,0.2680379626939785,0.13401898134698925,0.0017846066598974884,1.5496551435781012,0.9011667079994982,0.9853790562512259,0.29922515089895485,0.05306286889579241,0.03320963758143085,1.6599915486678234,0.8578389821069712,0.9904408942424964,0.2721815490309061,0.12078252026592325,-0.014311116108808317,0.09000117304571391,0.09000117304571391,0.0,-0.158415431516013,-0.0792077157580065,-0.001620983759420957,5.797290765009793e-08,0.12019275936701282,0.46364713487375525,0,0.4232017798088071
6.651839999999892,1.6225942427510816,0.8112971213755408,0.9981644452194903,0.26731983776203355,0.13365991888101678,0.001777465991053587,1.5073803921939128,0.6606677627740545,1.3578207357661003,0.28965106780422856,0.28114841103044097,-0.07228684050275071,1.5842894084629098,0.7598366222143205,1.1739825913062691,0.2799342161344634,0.20102782662054008,-0.04308374346336459,0.09000117304571391,0.09000117304571391,0.0,-0.1580907126269876,-0.0790453563134938,-0.001614593635472809,5.685558719554398e-08,0.11987091258051215,0.4636471427632294,0,0.4219564566008431
6.655999999999891,1.623705089655888,0.811852544827944,0.9981718216933751,0.2666032571535727,0.13330162857678635,0.0017703537323506277,1.3743771769282425,0.4826022039133936,0.8891943160217823,0.4729160227248127,0.07309305970672747,0.0541518728795818,1.480316955958019,0.6213703830764785,1.0317002311584407,0.37570086190396,0.13664620433909905,0.004981622116557294,0.09000117304571391,0.09000117304571391,0.0,-0.15776610158206628,-0.07888305079103314,-0.0016082284309174239,5.5759721385471325e-08,0.11954975689207438,0.46364715052142264,0,0.4207144716723266
6.660159999999891,1.6248129572384555,0.8124064786192278,0.998179168650756,0.2658882198162127,0.13294410990810634,0.0017632697713907742,1.59336717615122,0.5711378100421706,0.712521575242078,0.2684764712304697,0.23379685339142636,-0.012216217731421517,1.5374028052011464,0.5967406833181871,0.8720829878841356,0.32136233045101253,0.18490391636662704,-0.0034851736226356946,0.09000117304571391,0.09000117304571391,0.0,-0.1574416027036163,-0.07872080135180815,-0.0016018880491956823,5.468490000314256e-08,0.11922929183857697,0.4636471581505196,0,0.4194758178333927
6.664319999999891,1.6259178519246267,0.8129589259623133,0.9981864862090736,0.2651747246810775,0.13258736234053875,0.0017562139962206957,1.8640973730218207,1.2111287280480603,1.1232601512737788,0.25916762455166525,0.09535783001634052,-0.03137651303888572,1.701292244147251,0.9041379089785955,0.9976091511935921,0.28988049829170615,0.13986607790197184,-0.017951363290667776,0.09000117304571391,0.09000117304571391,0.0,-0.15711722027613773,-0.07855861013806886,-0.0015955723941640373,5.363072065355753e-08,0.11890951694945072,0.4636471656526684,0,0.4182404878991593
6.6684799999998905,1.6270197801357222,0.8135098900678611,0.9981937744853041,0.2644627706629566,0.1322313853314783,0.001749186295329612,1.679764140763091,1.0776994998735487,1.1545250683766362,0.2655537802277288,-0.007966482627595056,0.04301561486855703,1.6910815610011232,0.9909031812172273,1.076158253609654,0.2771536850412137,0.06603987076028281,0.012251944491354048,0.09000117304571391,0.09000117304571391,0.0,-0.1567929585470491,-0.07839647927352456,-0.0015892813698860095,5.2596788574607355e-08,0.11859043174675055,0.46364717302998143,0,0.4170084746898031
6.67263999999989,1.6281187482884742,0.8140593741442371,0.998201033595961,0.26375235666046004,0.13187617833023002,0.001742186557648241,1.453086507329592,1.0307022132784167,1.0114926885733881,0.18545842099041826,0.18909103297754185,-0.023939391721761596,1.572469835718155,1.0111955515175115,1.0437747085280307,0.23048545578524324,0.12790766001993428,-0.0055928968725611275,0.09000117304571391,0.09000117304571391,0.0,-0.1564688217269412,-0.0782344108634706,-0.001583014881065518,5.158271652877372e-08,0.11827203574522566,0.46364718028453594,0,0.41577977103063446
6.67679999999989,1.6292147627949582,0.8146073813974791,0.9982082636570966,0.2630434815561725,0.13152174077808626,0.0017352146725459366,1.2060968787594553,1.1050598679915216,0.9721946453973129,0.21063479866082357,0.09598145814848835,0.031311236867870865,1.3897193638491385,1.0583281349437548,1.0080481667504078,0.22034211137235948,0.1118842201277272,0.013402940328633477,0.09000117304571391,0.09000117304571391,0.0,-0.156144813989189,-0.0780724069945945,-0.0015767728324107052,5.058812465183396e-08,0.117954328452389,0.4636471874183747,0,0.41455436975217297
6.68095999999989,1.6303078300625282,0.8151539150312641,0.9982154647843042,0.2623361442168087,0.13116807210840434,0.0017282705298304446,1.451818977824233,1.44099048056098,1.3274654784251128,0.33838726967882427,0.17266594421374853,-0.012997054543145117,1.4214739163031376,1.2500211673088046,1.167731118595133,0.27912861651463855,0.14225112054980646,0.000640086259668525,0.09000117304571391,0.09000117304571391,0.0,-0.15582093947116737,-0.07791046973558369,-0.0015705551294949403,4.9612640302273594e-08,0.11763730936858671,0.4636471944335063,0,0.4133322636902202
6.685119999999889,1.6313979564937506,0.8156989782468753,0.9982226370927199,0.2616303434933635,0.13081517174668175,0.0017213540197441157,1.6517657024364325,0.6901100192977762,0.9081603110026197,0.2720078962114807,0.19002356089698924,-0.11846440123090732,1.5371875617493174,0.9704572062929387,1.0376988556276034,0.27538964341904065,0.1659960501407685,-0.05955832008841249,0.09000117304571391,0.09000117304571391,0.0,-0.15549720227375818,-0.07774860113687909,-0.0015643616778000533,4.8655897933256957e-08,0.11732097798706656,0.4636472013319062,0,0.4121134456859335
6.689279999999889,1.6324851484863392,0.8162425742431696,0.9982297806970238,0.2609260782212648,0.1304630391106324,0.0017144650329640712,1.1194203200453137,0.412206270521861,0.45341830559071283,0.2642236812530719,0.15489147433038558,0.03671522010542077,1.3288520570228655,0.6916510731310949,0.7456292700289305,0.2691044498906298,0.15992934239708873,-0.01066381650174406,0.09000117304571391,0.09000117304571391,0.0,-0.15517360646160572,-0.07758680323080286,-0.0015581923833628388,4.7717538961999143e-08,0.11700533379404615,0.4636472081155167,0,0.41089790858589903
6.693439999999889,1.6335694124330913,0.8167847062165456,0.998236895711443,0.2602233472205243,0.13011167361026216,0.0017076034605997092,1.6861051264971445,1.2542193512175381,0.9513667890037706,0.2587390064924697,0.15569879647009455,0.008625006470621635,1.508019650938511,0.9732629858056951,0.8485165130819033,0.2637350075171957,0.15782006056478784,-0.0005898847520972039,0.09000117304571391,0.09000117304571391,0.0,-0.1548501560639064,-0.0774250780319532,-0.0015520471527810543,4.679721162396083e-08,0.1166903762687809,0.4636472147862479,0,0.40968564524220247
6.6975999999998885,1.634650754721824,0.817325377360912,0.9982439822497522,0.2595221492958857,0.12976107464794284,0.0017007691941901438,1.8216411849912562,1.3694783107503516,0.9431631187275304,0.29301005472427194,0.12015657671251717,0.040510164964830515,1.6654432529772951,1.1716227804182997,0.8959253957104854,0.2777993913211787,0.13926122526457235,0.019641333695336494,0.09000117304571391,0.09000117304571391,0.0,-0.1545268550741321,-0.07726342753706605,-0.0015459258926839867,4.589457086108786e-08,0.11637610488363104,0.46364722134597813,0,0.4084766485125008
6.701759999999888,1.6357291817353115,0.8178645908676557,0.9982510404252759,0.2588224832369735,0.12941124161848674,0.0016939621257039098,2.2751553702803364,0.8813941842905098,1.2188051967984468,0.3002648972265101,0.18519911289554014,-0.02947975056982594,1.9709309440481313,1.0268930850536477,1.0573057933570083,0.2876729555511378,0.16154212929881262,-0.004701986013277382,0.09000117304571391,0.09000117304571391,0.0,-0.15420370745039358,-0.07710185372519679,-0.0015398285101651237,4.500927818266433e-08,0.11606251910412857,0.4636472277965545,0,0.40727091126009257
6.705919999999888,1.6368046998512216,0.8184023499256108,0.9982580703508906,0.2581243478184406,0.1290621739092203,0.0016871821475367935,1.405579524933779,1.0075149363360703,1.138090346045228,0.2911331777112039,0.16045486562500288,-0.05524621958080928,1.6888565745759794,1.017537841052851,1.0975840741452507,0.28952421390611155,0.16089061585143305,-0.03013900955777,0.09000117304571391,0.09000117304571391,0.0,-0.15388071711569873,-0.07694035855784936,-0.0015337549130019891,4.414100154577905e-08,0.11574961838904352,0.46364723413979325,0,0.40606842635398777
6.710079999999888,1.6378773154420554,0.8189386577210277,0.9982650721390262,0.25742774180011463,0.12871387090005731,0.0016804291525088083,1.1881052680232296,1.1326867905508249,1.2444047039435318,0.3043537906026163,-0.00863688829473755,0.08104790843515673,1.439110591057624,1.0750959048939752,1.1711638355703455,0.29687711504872744,0.07577813436071881,0.025523374009954962,0.09000117304571391,0.09000117304571391,0.0,-0.1535578879583176,-0.0767789439791588,-0.0015277050089128703,4.328941523449659e-08,0.1154374021904499,0.4636472403774805,0,0.40486918666897653
6.714239999999887,1.6389470348750852,0.8194735174375426,0.9982720459016673,0.2567326639271424,0.1283663319635712,0.0016737030338642492,2.0370280039661974,0.9020363674044076,0.8851542215438954,0.41926540130248097,0.19099937628602992,-0.131944575288518,1.738947561501066,0.9889616132135319,1.0278825955637967,0.35709201927502116,0.13366271867708276,-0.05320496268947326,0.09000117304571391,0.09000117304571391,0.0,-0.1532352238317214,-0.0766176119158607,-0.0015216787060962425,4.2454199732829326e-08,0.11512586995379102,0.4636472465113726,0,0.40367318508569794
6.718399999999887,1.6400138645122941,0.8200069322561471,0.998278991750356,0.2560391129301352,0.1280195564650676,0.001667003685269485,1.3483047374808934,1.0137926739160223,0.5912851235152445,0.2184701366697407,0.043736421328992275,-0.19890695091940985,1.544080456226786,1.0014687991198419,0.8091668484329845,0.2865259570515605,0.08845946412864379,-0.1259334662855468,0.09000117304571391,0.09000117304571391,0.0,-0.15291272855505555,-0.07645636427752778,-0.0015156759132364346,4.163504162236573e-08,0.11481502111794464,0.4636472525431968,0,0.4024804144907072
6.722559999999887,1.6410778107103163,0.8205389053551582,0.9982859097961927,0.25534708752531154,0.12767354376265577,0.0016603310008107548,2.078701703626068,0.6181929475804446,1.2163509059478959,0.16563498141796368,-0.06386677507140248,-0.1436649690125745,1.8117396303331645,0.8096958767135051,1.0124632247308454,0.22594709753658235,0.012052996470416178,-0.1349506186284342,0.09000117304571391,0.09000117304571391,0.0,-0.15259040591329331,-0.07629520295664666,-0.0015096965392951142,4.083163344226663e-08,0.11450485511528734,0.4636472584746514,0,0.4012908677765433
6.726719999999887,1.6421388798203773,0.8210694399101887,0.9982928001498385,0.2546565864146394,0.1273282932073197,0.0016536848749927973,1.141401823155265,0.6190028732195483,1.4580538105280199,0.3544356516488583,0.1815557491229843,0.07023380606251885,1.477303002802042,0.7147258276280791,1.2354077206821041,0.2903029294109382,0.09671834244637018,-0.03237190471297265,0.09000117304571391,0.09000117304571391,0.0,-0.15226825965738977,-0.07613412982869489,-0.0015037404935162894,4.004367360261004e-08,0.11419537137175861,0.4636472643074066,0,0.40010453784179495
6.730879999999886,1.6431970781882355,0.8215985390941177,0.9982996629215165,0.2539676082859777,0.12698380414298885,0.001647065202737509,1.4152968251145854,1.1817896439757152,1.1627034170913437,0.49712130822724854,0.25817345165620065,0.014908569691665515,1.4473342481109759,0.9487981543312931,1.1990844967256185,0.39332854822196184,0.17736007752238142,-0.007978429543167359,0.09000117304571391,0.09000117304571391,0.0,-0.1519462935046504,-0.0759731467523252,-0.0014978076857525583,3.9270866255021224e-08,0.11388656930692455,0.4636472700431048,0,0.3989214175911663
6.735039999999886,1.6442524121541238,0.8221262060770619,0.9983064982210139,0.25328015181321645,0.12664007590660822,0.0016404718793812027,1.850859863399285,1.1077132730714159,1.0467324973618573,0.039364516322308585,-0.005023915739481216,0.03770320941457589,1.6491831601654092,1.0282469916019354,1.122985661795828,0.21569423235852958,0.08588379977114236,0.014951184061744543,0.09000117304571391,0.09000117304571391,0.0,-0.15162451113888598,-0.07581225556944299,-0.0014918980259356774,3.851292118912999e-08,0.11357844833404099,0.46364727568336095,0,0.3977414999355419
6.739199999999886,1.6453048880526921,0.8226524440263461,0.9983133061576834,0.2525942156564158,0.1262971078282079,0.0016339048006740813,1.8888185375060522,0.7238329809867414,1.2690251220509028,0.4081515501659688,0.08643306592949745,0.01413764639209252,1.769850483989239,0.8762208684988415,1.1960367536327448,0.3123842175733347,0.0846033325904016,0.01409540964322353,0.09000117304571391,0.09000117304571391,0.0,-0.1513029162105689,-0.07565145810528445,-0.0014860114245092322,3.7769553739165915e-08,0.11327100786011621,0.46364728122976323,0,0.3965647777920516
6.7433599999998854,1.6463545122129501,0.8231772561064751,0.998320086840445,0.25190979846194483,0.12595489923097242,0.0016273638627779371,1.8950145762946558,0.7296931347982714,1.2006046574980622,0.34648077765104096,0.25487937590353815,-0.135654527754561,1.8331544580356558,0.8034857914139293,1.1980382944378731,0.329246574253241,0.16988749552135715,-0.06063263847810573,0.09000117304571391,0.09000117304571391,0.0,-0.15098151233698875,-0.07549075616849438,-0.0014801477921130464,3.704048465121374e-08,0.11296424728597323,0.4636472866838734,0,0.39539124408413395
6.747519999999885,1.647401290958211,0.8237006454791055,0.9983268403777878,0.2512268988626192,0.1256134494313096,0.001620848962265127,1.7131067143011285,0.9125445355597367,0.8613277179086958,0.22345637469661556,0.07815848958976887,-0.06073890122510742,1.7735932913022194,0.8581777600778406,1.0295555604484514,0.27695332293866937,0.1243817630409761,-0.061284669840510904,0.09000117304571391,0.09000117304571391,0.0,-0.15066030310283773,-0.07533015155141887,-0.001474307039909097,3.6325440005738765e-08,0.1126581660063119,0.46364729204722716,0,0.3942208917415992
6.751679999999885,1.6484452306060353,0.8242226153030177,0.9983335668777716,0.2505455154778366,0.1252727577389183,0.0016143599961162085,1.315900154343643,0.8940248593316734,0.9814271519313188,0.4132299813421099,0.12726521538782373,0.10944262570783932,1.5456030450335028,0.8763671527723828,1.0057199491980968,0.34507399787411525,0.12539810748222746,0.023446661694139424,0.09000117304571391,0.09000117304571391,0.0,-0.1503392920600466,-0.0751696460300233,-0.0014684890792659236,3.5624151101133974e-08,0.11235276340977007,0.4636472973213347,0,0.39305371370069186
6.755839999999885,1.6494863374681759,0.8247431687340879,0.9983402664480288,0.24986564691371294,0.12493282345685647,0.0016078968617189253,2.0746613570146177,0.9171454689768836,1.2915081424628294,0.2223371032394454,-0.06901838037181823,0.024174787583872228,1.8105982301580643,0.8966156200092817,1.1486678593794144,0.28377478196699674,0.02696173834816619,0.023074566084139755,0.09000117304571391,0.09000117304571391,0.0,-0.15001848272805063,-0.07500924136402531,-0.0014626938220845438,3.49363543566358e-08,0.11204803887898468,0.4636473025076811,0,0.39188970290415315
6.759999999999884,1.6505246178505226,0.8252623089252613,0.9983469391957657,0.24918729176321697,0.12459364588160848,0.0016014594568657479,1.9986668249124386,0.9677826002903671,0.32119193051184547,0.3946303390338376,0.19485312620571804,-0.020636537019626998,1.9054534599394206,0.9326042071856945,0.7348814538989893,0.3397740205244156,0.11122836307553276,0.001090734792929887,0.09000117304571391,0.09000117304571391,0.0,-0.14969787859416106,-0.07484893929708053,-0.0014569211804828638,3.426179122769974e-08,0.11174399179065247,0.4636473076077267,0,0.39072885230128135
6.764159999999884,1.6515600780530488,0.8257800390265244,0.9983535852277646,0.24851044860630378,0.12425522430315189,0.0015950476797528257,1.841768873303843,0.7523220019069354,0.8467098934728708,0.30040093783050875,0.16537972813696017,-0.04897097791301378,1.8742371285875228,0.8428080824299128,0.7906962916438889,0.3193291254005942,0.13721658738546277,-0.0247512877873729,0.09000117304571391,0.09000117304571391,0.0,-0.1493774831137249,-0.07468874155686245,-0.0014511710669074234,3.360020810540147e-08,0.11144062151559012,0.46364731262290754,0,0.3895711548479931
6.768319999999884,1.6525927243697573,0.8262963621848787,0.9983602046503853,0.24783511601004724,0.12391755800502362,0.001588661428978419,1.5637323326453347,1.2422682206955367,0.6643405623542848,0.25813675308468853,0.16074902073017155,-0.12394369557007283,1.719521015103336,1.0428754598134216,0.7272599014974963,0.2879962172444266,0.14890448438522094,-0.07441709245811895,0.09000117304571391,0.09000117304571391,0.0,-0.1490572997103914,-0.0745286498551957,-0.0014454433941383923,3.29513561967484e-08,0.11113792741879391,0.4636473175546358,0,0.3884166035068826
6.7724799999998835,1.6536225630886272,0.8268112815443136,0.9983667975695667,0.24716129252877145,0.12358064626438572,0.0015823006035413341,1.7686037577208413,0.6654498247052683,1.1931301189682997,0.237535710445721,0.27384196146621154,0.11710956238683819,1.7445579033338119,0.8547296022709621,0.9604421280847262,0.26223733717833364,0.21135670098970846,0.021202493769382512,0.09000117304571391,0.09000117304571391,0.0,-0.1487373317760588,-0.0743686658880294,-0.001439738075401654,3.231499147871337e-08,0.11083590885949907,0.46364732240430007,0,0.3872651912472819
6.776639999999883,1.6546496004915614,0.8273248002457807,0.9983733640908286,0.24648897670418235,0.12324448835209117,0.001575965102838878,1.9371695560815563,1.0143008198174852,0.7702884866828688,0.044316399416895774,0.12954280561487236,0.0613104070822808,1.840957573324585,0.9347864602105129,0.865491921034956,0.1531374266195793,0.17012450702281998,0.04105174623982533,0.09000117304571391,0.09000117304571391,0.0,-0.1484175826714626,-0.0742087913357313,-0.0014340550242670442,3.1690874575331296e-08,0.11053456519123872,0.4636473271732659,0,0.3861169110453189
6.780799999999883,1.6556738428543343,0.8278369214271671,0.998379904319273,0.24581816706549683,0.12290908353274842,0.0015696548266652365,1.83021584421931,0.7879842839248855,1.1803668392140985,0.27604816320534187,0.3045588087164398,-0.0358886994404508,1.8361608538630587,0.8620174930065234,1.0228567964859705,0.21456179555190735,0.2374894580887631,0.002653533955333581,0.09000117304571391,0.09000117304571391,0.0,-0.14809805572590923,-0.07404902786295461,-0.001428394154439184,3.1078770674043093e-08,0.11023389576190235,0.46364733186287616,0,0.3849717558839763
6.784959999999883,1.656695296446541,0.8283476482232704,0.9983864183595864,0.24514886212957293,0.12257443106478647,0.001563369675210741,1.0909127354511354,0.7976033986512933,1.1674226004213495,0.13771409129629575,0.08392409745573237,-0.022561067037229546,1.4638173406511201,0.8299842955487646,1.0950940526870419,0.17647004373244957,0.16084124869396954,-0.010081497774320141,0.09000117304571391,0.09000117304571391,0.0,-0.14777875423818643,-0.07388937711909321,-0.0014227553800830574,3.0478449456112066e-08,0.10993389991379404,0.46364733647445133,0,0.3838297187531482
6.789119999999882,1.6577139675315453,0.8288569837657727,0.9983929063160408,0.2444810604010361,0.12224053020051805,0.0015571095490597765,2.389073336831858,1.0782793850564758,0.7016937759490691,0.2814603780554967,0.23682227827232466,0.09721654782108387,1.9270378483388857,0.9546247974359262,0.8985948415376835,0.22866723093519858,0.19948264508115204,0.042852653103421345,0.09000117304571391,0.09000117304571391,0.0,-0.14745968147597754,-0.07372984073798877,-0.0014171386158293468,2.9889684981340904e-08,0.10963457698368992,0.4636473410092899,0,0.38269079264969785
6.793279999999882,1.6587298623664304,0.8293649311832152,0.9983993682924958,0.24381476037240798,0.12190738018620399,0.0015508743491886516,1.6953555479041824,0.47713886699270197,1.454654927092267,0.2924684894462494,0.07840108491902475,-0.14061820962768087,1.8118038176392137,0.7160426293235624,1.1763359655383494,0.26036434200144326,0.13843687870355334,-0.048713315107619615,0.09000117304571391,0.09000117304571391,0.0,-0.14714084067655886,-0.07357042033827943,-0.0014115437764585029,2.9312255641532438e-08,0.1093359263028957,0.4636473454686687,0,0.3815549705775139
6.797439999999882,1.659742987201948,0.829871493600974,0.9984058043923998,0.24314996052423227,0.12157498026211613,0.001544663976964794,2.3021921890391757,1.1413266564770035,0.9012621522430889,0.46690180261825764,0.21899589879640324,-0.06075670371891031,2.0579727038280433,0.9291438476961483,1.0386709531141283,0.36355886413730776,0.17836321217438056,-0.05482618631492683,0.09000117304571391,0.09000117304571391,0.0,-0.14682223504696318,-0.07341111752348159,-0.0014059707772263305,2.8745944045626604e-08,0.10903794719730339,0.4636473498538435,0,0.3804222455475658
6.8015999999998815,1.6607533482824697,0.8303766741412348,0.998412214718792,0.2424866593251997,0.12124332966259985,0.0015384783341445961,1.6419612513915813,0.7728798548552728,0.9654971610447683,0.18215042109202093,-0.060395771929267345,-0.005371483432750288,1.8503441855711715,0.850885395597697,1.002072466356882,0.27226452030807086,0.05887435350441108,-0.03014712092157939,0.09000117304571391,0.09000117304571391,0.0,-0.14650386776403707,-0.07325193388201853,-0.0014004195335480642,2.8190536956717816e-08,0.10874063898744793,0.46364735416604896,0,0.37929261057795916
6.805759999999881,1.6617609518459375,0.8308804759229688,0.998418599374304,0.24182485523227287,0.12091242761613644,0.0015323173228725786,1.5242664030624664,0.8499193976234753,-0.11885114625878135,0.1982006596144365,0.29268811271959405,0.035884060463476614,1.6877155340442365,0.8510126276962302,0.4416779859675473,0.23510757546308578,0.17506660905639804,0.002608551889689604,0.09000117304571391,0.09000117304571391,0.0,-0.14618574197471235,-0.07309287098735617,-0.00139488996132395,2.7645825207828052e-08,0.10844400098856305,0.46364735840649934,0,0.37816605869399056
6.809919999999881,1.6627658041238158,0.8313829020619079,0.998424958461161,0.24116454669080992,0.12058227334540496,0.0015261808456791845,1.6342633451974817,1.1822651034927842,0.9431306392733613,0.20393254684745882,0.053201114802459454,0.016044467519081628,1.6614138022711056,1.016751419358425,0.69243871011993,0.21925138295188543,0.11434406431932533,0.010519778097070191,0.09000117304571391,0.09000117304571391,0.0,-0.14586786079606417,-0.07293393039803209,-0.0013893819767304078,2.7111603632037828e-08,0.10814803251063718,0.4636473625763886,0,0.37704258292820164
6.814079999999881,1.6637679113410437,0.8318839556705219,0.9984312920811838,0.24050573213468776,0.12025286606734388,0.0015200688054794614,1.8320556012367437,0.7740775792105572,1.2138797652182105,0.2798352523621196,0.11694174713152806,-0.06369719237870317,1.7473190515420722,0.8956561194764922,0.9530280540613184,0.24900737232188394,0.1156028929956569,-0.02545683716565519,0.09000117304571391,0.09000117304571391,0.0,-0.1455502273160112,-0.0727751136580056,-0.0013838954962246929,2.6587670974816086e-08,0.10785273285846876,0.46364736667689094,0,0.37592217632043184
6.81823999999988,1.6647672797159871,0.8323836398579936,0.9984376003357903,0.23984840998642262,0.11992420499321131,0.0015139811055717178,1.6061152203735412,0.9523624833342508,1.2038698989287253,0.3202609021942926,0.22666103026152906,0.0006007473439448666,1.6773819582556828,0.9244810942691373,1.0784526198989175,0.28478488060199914,0.1711499946740275,-0.012736777350901674,0.09000117304571391,0.09000117304571391,0.0,-0.1452328445926267,-0.07261642229631335,-0.0013784304367637275,2.6073829833531802e-08,0.10755810133172089,0.4636473707091609,0,0.3748048319178726
6.82239999999988,1.6657639154603925,0.8328819577301962,0.9984438833259971,0.23919257865729315,0.11959628932864658,0.001507917649635267,1.702744195897958,0.7527151653505321,0.9736245123235022,0.1521484519699944,0.0426082262611569,0.01907151846291236,1.6903805697473777,0.8386845491345276,1.0260767438575729,0.21806603437548663,0.10736943123098967,0.0035292923842131134,0.09000117304571391,0.09000117304571391,0.0,-0.1449157156552669,-0.07245785782763345,-0.0013729867152740063,2.5569886568923066e-08,0.10726413722497627,0.46364737467433387,0,0.37369054277511854
6.82655999999988,1.6667578247793402,0.8333789123896701,0.9984501411524209,0.238538236547459,0.1192691182737295,0.0015018783417303629,1.4393445563108616,0.27220027939680436,1.2476637318235495,0.05803135713448715,0.1384025203456009,0.15536683795317566,1.5649811253730472,0.5557258861561076,1.1371950310241514,0.13824385144990567,0.12309428766715591,0.07939789547586942,0.09000117304571391,0.09000117304571391,0.0,-0.144598843504204,-0.072299421752102,-0.001367564249404857,2.507565123862718e-08,0.10697083982779103,0.4636473785735264,0,0.3725793019542197
6.8307199999998796,1.6677490138711988,0.8338745069355994,0.9984563739152805,0.23788538204608073,0.11894269102304036,0.001495863086295053,1.1774534104264849,0.4359459035102274,1.1298999193405663,0.3879709730117753,0.21569597880440008,-0.09184051503100031,1.37202130487179,0.4962837558522842,1.133356871305384,0.2631970423915363,0.16936140519488174,-0.0064376768624322435,0.09000117304571391,0.09000117304571391,0.0,-0.1442822311109006,-0.0721411155554503,-0.0013621629569990062,2.4590937538965673e-08,0.10667820842474862,0.4636473824078363,0,0.37147110252473275
6.834879999999879,1.6687374889275797,0.8343687444637898,0.9984625817143978,0.23723401353143866,0.11861700676571933,0.0014898717881441687,1.8489718056130882,0.9758373011705073,1.0366742736843386,0.15969608881708805,0.007205670004031509,-0.1671089719246811,1.610833044138666,0.7360784745976161,1.0846668181280323,0.2109780127816906,0.08848488681312282,-0.08652453094953821,0.09000117304571391,0.09000117304571391,0.0,-0.14396588141839156,-0.07198294070919578,-0.001356782755989828,2.411556272032566e-08,0.10638624229551316,0.46364738617834333,0,0.37036593756377173
6.839039999999879,1.6697232561332924,0.8348616280666462,0.9984687646491998,0.23658412937105008,0.11829206468552504,0.0014839043524687856,1.494338698501005,0.996955063701825,1.099867351410841,0.23558000045402444,-0.13456694007399722,-0.09952423853084068,1.5530750028733658,0.8662395611585769,1.092059948238291,0.22330283121777833,-0.02344116161468147,-0.09291037449320903,0.09000117304571391,0.09000117304571391,0.0,-0.14364979734134575,-0.07182489867067288,-0.0013514235648336773,2.3649347525421635e-08,0.10609494071488257,0.4636473898861091,0,0.3692638001560578
6.843199999999879,1.6707063216662998,0.8353531608331499,0.9984749228187199,0.23593572792178605,0.11796786396089302,0.001477960684833883,1.6543181688169455,0.3980960065788783,0.9475092388764798,0.10305632238670623,0.010410803524949108,-0.0532452321736926,1.603912316925928,0.6321860932475893,1.0196732719904578,0.16286584001066676,-0.006484186068351609,-0.07329116840634532,0.09000117304571391,0.09000117304571391,0.0,-0.14333398176602158,-0.07166699088301079,-0.0013460853024081388,2.3192116122344093e-08,0.10580430295284093,0.46364739353217765,0,0.36816468339396957
6.847359999999878,1.6716866916976747,0.8358433458488373,0.9984810563215998,0.23528880752998851,0.11764440376499426,0.001472040691176415,1.1825248638713748,0.4807872596145613,0.8941234464053329,0.27392272684256486,0.19614951349259074,0.07893162980704031,1.3937863612417243,0.5568941530680084,0.9570609253587344,0.21792163097287756,0.09455486623145866,0.0031618851079612126,0.09000117304571391,0.09000117304571391,0.0,-0.1430184375509706,-0.0715092187754853,-0.0013407678878028483,2.274369604332828e-08,0.10551432827461116,0.46364739711757563,0,0.36706858037759144
6.851519999999878,1.6726643723915564,0.8363321861957782,0.9984871652560906,0.23464336653158435,0.11732168326579218,0.001466144277804267,1.9153695788116907,0.9414072266269149,0.9143624027894116,0.018687845658988594,0.1291833185203213,0.09161087949447493,1.6546221949017068,0.7494220568671804,0.9359013737622679,0.11749769380199435,0.11187704489762797,0.04764013041848644,0.09000117304571391,0.09000117304571391,0.0,-0.14270316752699425,-0.07135158376349712,-0.0013354712402167384,2.2303918112505212e-08,0.1052250159407066,0.4636474006433126,0,0.3659754842147619
6.855679999999878,1.6736393699051073,0.8368196849525537,0.9984932497200547,0.23399940325219962,0.11699970162609981,0.0014602713513956077,1.3321493394697166,0.6445153120984312,1.4939671425501027,0.17021667841882898,0.07494470417178185,0.16123286728158984,1.4937384706817058,0.6971256181694842,1.2152746125145573,0.1434142024958175,0.09255495874779052,0.10390529490701308,0.09000117304571391,0.09000117304571391,0.0,-0.1423881744968869,-0.07119408724844345,-0.0013301952794974644,2.1872616393123826e-08,0.10493636520698257,0.4636474041103813,0,0.36488538802112275
6.859839999999878,1.674611690388471,0.8373058451942355,0.9984993098109672,0.23335691600727473,0.11667845800363737,0.0014544218189960578,1.6441863780414319,0.640190167341005,1.1232603187549197,0.22724799305759533,0.0006454955322976463,0.03516599275139715,1.569436981168491,0.6686601942713968,1.1693393526069527,0.1849243111858465,0.04595346329260472,0.06983498834566486,0.09000117304571391,0.09000117304571391,0.0,-0.14207346123635456,-0.07103673061817728,-0.0013249399257187194,2.1449628119528694e-08,0.10464837532468775,0.46364740751975797,0,0.3637982849201654
6.863999999999877,1.67558133998473,0.837790669992365,0.9985053456259173,0.232715903102176,0.116357951551088,0.0014485955880175457,1.4739698672851993,1.060774195019116,0.9445637838387629,0.06864414550895498,-0.007960660790298585,-0.09130187780434326,1.5218458513657722,0.8647046438223398,1.0567597953441403,0.12663907814560943,0.01839240566296948,-0.010581398626555898,0.09000117304571391,0.09000117304571391,0.0,-0.14175903049386623,-0.07087951524693312,-0.0013197050989704005,2.1034793632617746e-08,0.10436104554051483,0.46364741087240263,0,0.3627141680432779
6.868159999999877,1.6765483248298645,0.8382741624149322,0.99851135726161,0.23207636283230745,0.11603818141615373,0.0014427925662381016,2.1913619186687914,0.8413438769141895,1.1883813981680442,0.33778649863304,0.03436309138527474,-0.08601152524492978,1.8573103842571592,0.8530965959434186,1.1223930966781115,0.23257037481509965,0.025883958516100137,-0.04852261522371758,0.09000117304571391,0.09000117304571391,0.0,-0.1414448849907191,-0.07072244249535956,-0.0013144907201118657,2.062795633646892e-08,0.10407437509665093,0.46364741416925925,0,0.3616330305297915
6.872319999999877,1.6775126510527112,0.8387563255263556,0.9985173448143675,0.2314382934832227,0.11571914674161135,0.0014370126617984746,1.7594031543698783,0.6491846516283326,1.069178397771892,0.253291729954792,0.29891094049124767,-0.14743255950694886,1.8088825548828684,0.7517608449019545,1.095478326485626,0.24310703583966345,0.16241751635686213,-0.09778231866269703,0.09000117304571391,0.09000117304571391,0.0,-0.14113102742131745,-0.07056551371065872,-0.0013092967099212448,2.0228962623917855e-08,0.10378836323082777,0.4636474174112562,0,0.360554865527027
6.8764799999998765,1.6784743247749225,0.8392371623874613,0.9985233083801308,0.2308016933307353,0.11540084666536765,0.0014312557832023135,1.5791782560132204,0.5057727138797218,0.8678254162675352,0.23383566119802554,0.14396978727178172,-0.07950787438121383,1.6945149379541418,0.6290666154576913,0.9814850217500384,0.2385832603231836,0.15218295845887503,-0.08870273347421093,0.09000117304571391,0.09000117304571391,0.0,-0.14081746045345261,-0.07040873022672631,-0.0013041229897412868,1.9837661828244552e-08,0.10350300917637137,0.4636474205993063,0,0.3594796661903392
6.880639999999876,1.6794333521109268,0.8397166760554634,0.9985292480544613,0.23016656064102808,0.11508328032051404,0.0014255218393136432,1.839351576924139,0.41362388939354205,0.8732612556903576,0.32815654261773025,-0.03732894709565407,-0.02271093425699278,1.767617208160837,0.5212670903908849,0.927325723983052,0.28318088729193935,0.05696375452960497,-0.05599024987065105,0.09000117304571391,0.09000117304571391,0.0,-0.14050418672836973,-0.07025209336418486,-0.00129896948116343,1.94539061573833e-08,0.10321831216225144,0.4636474237343073,0,0.3584074256831624
6.884799999999876,1.6803897391678884,0.8401948695839442,0.9985351639325419,0.22953289367076216,0.11476644683538108,0.0014198107393556788,1.7390399061018917,0.824469985982521,0.9260195297777083,0.20473588196494574,0.1188281099968084,-0.017033033628500917,1.75375406525114,0.6731168673177481,0.9266384047312636,0.24402907987366537,0.0883495081078893,-0.037098450803875076,0.09000117304571391,0.09000117304571391,0.0,-0.1401912088609411,-0.07009560443047055,-0.0012938361059250478,1.9077550661027678e-08,0.10293427141313041,0.46364742681714183,0,0.3573381371770547
6.888959999999876,1.6813434920456682,0.8406717460228341,0.9985410561091791,0.22890069066718513,0.11445034533359257,0.0014141223929100548,2.005009356477525,0.7094420028336663,1.083194932445795,0.15439580971896968,0.027265689378747807,0.06401098066556558,1.8797047978896517,0.6913374106683976,1.0050511161118467,0.19912678286898894,0.057326069465493824,0.013348316678252755,0.09000117304571391,0.09000117304571391,0.0,-0.13987852943984075,-0.06993926471992037,-0.001288722786341786,1.8708453147569637e-08,0.10265088614941215,0.463647429848678,0,0.3562717938517417
6.893119999999875,1.6822946168367858,0.8411473084183929,0.9985469246788037,0.22826994986823862,0.11413497493411931,0.0014084567099142376,2.3358495447775236,1.0482820120732532,0.9656094996494478,0.24938634052558634,0.010855950044436138,0.058929056234387295,2.1082996363033875,0.8698363313722144,0.9854525121431144,0.22398562755084406,0.03335242315623716,0.03617926961280114,0.09000117304571391,0.09000117304571391,0.0,-0.13956615102793285,-0.06978307551396642,-0.0012836294446703774,1.83464741536713e-08,0.10236815558729034,0.46364743282976945,0,0.35520838889515965
6.897279999999875,1.6832431196263802,0.8416215598131901,0.9985527697354731,0.22764066950266404,0.11382033475133202,0.0014028136006616332,1.9736118036674868,0.7424017641529932,1.171849944046421,0.32885314450795705,-0.02288447235157995,-0.1983383756886401,2.0416389733210076,0.8060710629055465,1.0782405812836269,0.2763209105406871,0.004994317904944054,-0.08134676084371563,0.09000117304571391,0.09000117304571391,0.0,-0.13925407616212643,-0.06962703808106321,-0.0012785560039686623,1.7991476879090807e-08,0.10208607893879643,0.4636474357612555,0,0.3541479155034986
6.901439999999875,1.6841890064921723,0.8420945032460861,0.9985585913728723,0.22701284779010905,0.11350642389505453,0.001397192975798075,1.6050843678127467,1.0910040629439515,0.9684887956530284,0.15063686170137386,0.03091416566777394,-0.0681996669985015,1.8236726765952382,0.9486045598645984,1.0232221964520587,0.2131308561128419,0.017614765785803083,-0.07483622386439245,0.09000117304571391,0.09000117304571391,0.0,-0.13894230735376445,-0.06947115367688222,-0.0012735023870307236,1.7643327151319693e-08,0.10180465541184715,0.46364743864396163,0,0.3530903668812445
6.9055999999998745,1.6851322835044273,0.8425661417522137,0.9985643896843153,0.22638648294123231,0.11319324147061616,0.001391594746322786,1.4076637504654748,1.0323856367557567,0.6938673290982228,0.25039330624762723,0.0881224272306908,-0.06481694413336722,1.6161876067183794,0.9906793685957026,0.8584072440952452,0.2310416060363188,0.05267562276298301,-0.06963649290915475,0.09000117304571391,0.09000117304571391,0.0,-0.13863084708858625,-0.06931542354429313,-0.00126846851735332,1.7301893360717094e-08,0.10152388421029207,0.4636474414786995,0,0.35203573624122153
6.909759999999874,1.6860729567259183,0.8430364783629591,0.9985701647627468,0.22576157315780834,0.11288078657890417,0.0013860188235852748,1.6359506561987034,0.4218099138261104,1.1358945516294237,0.16994765942252782,0.11995863962078332,0.0033367668815357894,1.6264231053665819,0.7064905227218373,0.9971586994105831,0.20033052221924924,0.08614372061540314,-0.032634966852173625,0.09000117304571391,0.09000117304571391,0.0,-0.1383196978273316,-0.0691598489136658,-0.0012634543186061265,1.69670464114235e-08,0.10124376453396047,0.46364744426626736,0,0.35098401680463265
6.913919999999874,1.6870110322118883,0.8435055161059442,0.9985759167007439,0.2251381166328299,0.11256905831641495,0.0013804651192844495,1.420818875816769,0.5571031761112584,1.0731312199111545,0.23814030628335736,0.12862430060817107,0.05572281221483088,1.524116164781161,0.6320648471299157,1.035260276159576,0.21861367737042334,0.10665606997475403,0.012075337796582434,0.09000117304571391,0.09000117304571391,0.0,-0.13800886200516943,-0.06900443100258472,-0.001258459714742811,1.6638659688490963e-08,0.10096429557870795,0.4636474470074501,0,0.34993520180110166
6.918079999999874,1.6879465160100158,0.8439732580050079,0.9985816455905167,0.22451611155061268,0.11225805577530634,0.0013749335454673142,1.6427879754948371,0.8904721958425603,0.7877080947237852,0.10742627016151564,0.11161995466425668,0.13520724589552863,1.583676503157055,0.7615039588240726,0.9117639937928931,0.16295058752028668,0.10843428739270293,0.07348268993847724,0.09000117304571391,0.09000117304571391,0.0,-0.13769834203283682,-0.06884917101641841,-0.0012534846300053656,1.6316608994263725e-08,0.10068547653646291,0.4636474497030195,0,0.3488892844687123
6.922239999999873,1.6888794141603778,0.8444397070801889,0.9985873515239105,0.22389555608689524,0.11194777804344762,0.0013694240145275727,1.6433610459044061,0.6523708241733022,0.8443011189111751,0.23446515328677583,0.07404521014774446,-0.22646784307161702,1.6140057147788474,0.7070904328016272,0.8775608223734533,0.19926014594613406,0.09134144478254078,-0.07636981651280601,0.09000117304571391,0.09000117304571391,0.0,-0.1373881402959624,-0.0686940701479812,-0.0012485289889284405,1.6000772508241856e-08,0.1004073065952723,0.46364745235373467,0,0.3478462580540492
6.926399999999873,1.6898097326954151,0.8449048663477076,0.9985930345924072,0.2232764484089417,0.11163822420447085,0.0013639364392042854,1.3277104172864045,0.8771858823669076,0.7209310188719895,0.11678500903933609,0.3154981083258898,-0.10169676520058037,1.4711011852339222,0.7927952006749981,0.7990337732801868,0.15696369950032663,0.20358528085386066,-0.08926006011298294,0.09000117304571391,0.09000117304571391,0.0,-0.13707825915567157,-0.06853912957783578,-0.0012435927163436675,1.5691030747584166e-08,0.1001297849393474,0.46364745496034193,0,0.3468061158122365
6.930559999999873,1.690737477639897,0.8453687388199485,0.9985986948871263,0.22265878667564196,0.11132939333782098,0.0013584707325804556,2.643377414822611,0.9899360110791019,0.9883443304277721,0.2991396948409622,0.1901586256050919,-0.11566386878556806,2.0578710283058883,0.8917632601657242,0.8934505158052208,0.22740624289975328,0.19651199545369555,-0.10280490712645128,0.09000117304571391,0.09000117304571391,0.0,-0.1367687009484444,-0.0683843504742222,-0.0012386757373839931,1.5387266511277428e-08,0.09985291074910911,0.4636474575235753,0,0.3457688510069783
6.9347199999998725,1.6916626550108869,0.8458313275054434,0.9986043324988266,0.2220425690376124,0.1110212845188062,0.001353026808081651,1.2865758627911434,0.685603899307555,1.1099941154405644,0.08194773517240292,0.22663195938455144,0.10669473612835285,1.67238933812216,0.7891535928183507,1.0019451071015317,0.15428201014027262,0.21153744893357443,0.002241998518778101,0.09000117304571391,0.09000117304571391,0.0,-0.13645946798682934,-0.06822973399341467,-0.0012337779775950953,1.5089364846669842e-08,0.09957668320123314,0.4636474600441564,0,0.34473445691059523
6.938879999999872,1.692585270817709,0.8462926354088545,0.9986099475179078,0.22142779363729365,0.11071389681864682,0.0013476045794740949,0.9129220130102567,0.8821976474757561,1.0796017728851446,0.21809963012512298,0.11630426745177207,0.15123169045621632,1.2931037964054355,0.8359174771005693,1.0410882250174114,0.18628563528038639,0.1642652751062483,0.07687920291121889,0.09000117304571391,0.09000117304571391,0.0,-0.13615056255908836,-0.06807528127954418,-0.0012288993625117015,1.4797213010533356e-08,0.09930110146869445,0.46364746252279504,0,0.34370292680406384
6.943039999999872,1.6935053310619133,0.8467526655309566,0.9986155400344113,0.22081445860904977,0.11040722930452489,0.0013422039608645827,2.250665518432149,0.9173153720971154,0.43404825371903455,0.14986177885525997,0.21727300519328424,-0.03776616452113089,1.772204287599931,0.8770684943382948,0.7374873134334248,0.16748868596238647,0.19096835734515835,0.01866260154383015,0.09000117304571391,0.09000117304571391,0.0,-0.13584198692937666,-0.06792099346468833,-0.0012240398181963506,1.4510700405185859e-08,0.0990261647208116,0.46364746496018916,0,0.3426742539770541
6.947199999999872,1.6944228417372436,0.8472114208686218,0.9986211101380226,0.2202025620792667,0.11010128103963335,0.0013368248666981214,1.1058439430529976,0.7166075272220005,1.2332925184459176,0.33290811431176487,0.2431401751270866,-0.05608027925747706,1.4397133089165484,0.7973419072586246,0.9852750697194467,0.24950634768748262,0.21739000695955557,-0.01790093144802962,0.09000117304571391,0.09000117304571391,0.0,-0.13553374333835028,-0.06776687166917514,-0.001219199271030211,1.4229718560430087e-08,0.09875187212329109,0.463647467357025,0,0.3416484317279659
6.951359999999871,1.6953378088296038,0.8476689044148019,0.9986266579180716,0.21959210216644812,0.10979605108322406,0.001331467211756467,1.8293750129485828,0.611843835233767,0.7617726157960722,0.30204186093644203,0.014707985935508344,0.021304860652129033,1.6351759943593687,0.7046227611073022,0.8735657585762937,0.27535313713858683,0.11577553190035449,0.002100337753286248,0.09000117304571391,0.09000117304571391,0.0,-0.1352258340028129,-0.06761291700140645,-0.0012143776475032498,1.3954161080114155e-08,0.09847822283827075,0.4636474697139775,0,0.3406254533639666
6.955519999999871,1.696250238317026,0.848125119158513,0.9986321834635348,0.21898307698131272,0.10949153849065636,0.001326130911157513,2.1536496831965475,1.343479494226192,1.3389403033070988,0.1330914199969549,0.12058074542654319,-0.07499543567334879,1.894693798724638,1.0243060896316072,1.1061007274247625,0.2039882441945203,0.11832826926865787,-0.036648584310468864,0.09000117304571391,0.09000117304571391,0.0,-0.1349182611161101,-0.06745913055805505,-0.0012095748744320569,1.3683923609860703e-08,0.09820521602436338,0.46364747203171036,0,0.3396053122010268
6.959679999999871,1.697160136169638,0.848580068084819,0.9986376868630362,0.21837548462688994,0.10918774231344497,0.001320815880353778,1.96605537100321,0.8321949156686747,1.6096803959649009,0.13078738847773858,0.3591829651704892,0.021927168326685134,1.9306469130127815,0.9289952863154987,1.3579390505237745,0.1674911508671524,0.23920284318487908,-0.007055357253483551,0.09000117304571391,0.09000117304571391,0.0,-0.134611026848525,-0.0673055134242625,-0.0012047908789641825,1.3418903793175896e-08,0.09793285083669986,0.4636474743108761,0,0.33858800156395585
6.963839999999871,1.6980675083496322,0.8490337541748161,0.9986431682048492,0.2177693231986139,0.10888466159930694,0.0013155220351308893,1.833548032737474,1.4642614397847966,1.068184071075529,0.08366930722017943,0.04396006211023018,-0.0019247777066135573,1.8822719353318624,1.1967242954902282,1.213054729785197,0.12505081434715393,0.1412327061265364,-0.004105737166345935,0.09000117304571391,0.09000117304571391,0.0,-0.1343041333468188,-0.0671520666734094,-0.0012000255885824627,1.3159001235626132e-08,0.09766112642697176,0.4636474765521165,0,0.33757351478643827
6.96799999999987,1.698972360811234,0.849486180405617,0.9986486275768975,0.21716459078441924,0.10858229539220962,0.0013102492916060085,1.2067440532268365,0.5689768376337985,0.5605681772139859,0.43886920890851155,0.15501162755037678,-0.10695315501614434,1.5454177978361008,0.8831703031680205,0.8865839973839694,0.28112473055390375,0.14729925147373205,-0.05531567155535043,0.09000117304571391,0.09000117304571391,0.0,-0.13399758273516105,-0.06699879136758052,-0.0011952789310022676,1.2904117464721948e-08,0.09739004194347406,0.4636474787560627,0,0.3365618452110672
6.97215999999987,1.6998746995006708,0.8499373497503354,0.9986540650667568,0.21656128546483322,0.10828064273241661,0.001304997566226771,1.977123348329075,1.0914227044037685,0.4415330129691123,0.2493240827154896,0.012927534411763197,-0.11724828805695824,1.7617917919680104,0.9873249598203564,0.6638118336555325,0.26541339243666445,0.08006914940342717,-0.08642983790740943,0.09000117304571391,0.09000117304571391,0.0,-0.13369137711456464,-0.06684568855728232,-0.0011905508341754937,1.265415589875772e-08,0.09711959653114705,0.46364748092333524,0,0.3355529861893801
6.97631999999987,1.700774530356142,0.850387265178071,0.9986594807616559,0.21595940531306987,0.10797970265653493,0.0012997667757700935,2.116086153917399,0.4991844687603548,0.6867489724037512,0.20119951538149475,0.035719764991404196,0.02444696163305272,1.9393609380303827,0.7433258077761874,0.6753337320900755,0.23283127256218325,0.05779479460932491,-0.032113878824359454,0.09000117304571391,0.09000117304571391,0.0,-0.1333855185633887,-0.06669275928169435,-0.0011858412264016491,1.240902180902708e-08,0.0968497893316185,0.46364748305454434,0,0.3345469310818927
6.9804799999998695,1.7016718593077882,0.8508359296538941,0.9986648747484781,0.2153589483951223,0.10767947419756115,0.001294556837340629,1.9824334229990432,0.7742606983010738,1.4151372161000948,0.13812099335496933,-0.07661277066952686,0.15243176789732932,1.9611857233429968,0.7586348603479488,1.0455563410711615,0.18502357859764387,-0.00975773394453235,0.060802722983559016,0.09000117304571391,0.09000117304571391,0.0,-0.1330800091377365,-0.06654000456886824,-0.0011811500360109283,1.2168622267623911e-08,0.09658061948324514,0.46364748515029014,0,0.33354367325813183
6.984639999999869,1.7025666922776626,0.8512833461388313,0.998670247113763,0.21475991276985312,0.10737995638492656,0.0012893676683704651,1.0073307307190644,0.6779319461004482,0.7608364908861991,-0.01989001788618222,-0.011629619413451114,-0.05981452574566582,1.484211223028593,0.7182586926052525,0.9030709845388167,0.08207922420641997,-0.010714410066846208,3.379103843696902e-05,0.09000117304571391,0.09000117304571391,0.0,-0.1327748508711047,-0.06638742543555234,-0.0011764771921171351,1.1932866154649544e-08,0.09631208612115388,0.4636474872111627,0,0.3325432060966692
6.988799999999869,1.7034590351797003,0.8517295175898502,0.9986755979437072,0.21416229648908652,0.10708114824454326,0.0012841991866157287,2.010112933292053,0.815243939649449,1.5716013711009293,0.1606878281110431,0.1168801028477279,0.06607799278122911,1.7474984470966277,0.7669958021350151,1.2374785343146661,0.12211757136489709,0.05273802648486782,0.03293714892685318,0.09000117304571391,0.09000117304571391,0.0,-0.13247004577478122,-0.06623502288739061,-0.0011718226236595835,1.1701664072998517e-08,0.09604418837728279,0.4636474892377424,0,0.3315455229851543
6.992959999999869,1.7043488939196907,0.8521744469598453,0.9986809273241661,0.21356609759769843,0.10678304879884921,0.0012790513101571788,2.1688596266225053,0.20193091395080653,0.6326899082917257,0.05895838923920474,0.07750762504428485,0.1797885366061842,1.9583036653730954,0.48462162421223853,0.9354527552443443,0.09099962960160562,0.06463723008341334,0.1069251524541007,0.09000117304571391,0.09000117304571391,0.0,-0.13216559583813686,-0.06608279791906843,-0.0011671862599411838,1.1474928361262608e-08,0.0957769253804219,0.4636474912305998,0,0.3305506173203463
6.997119999999868,1.7052362743952478,0.8526181371976239,0.9986862353406553,0.21297131413370562,0.10648565706685281,0.0012739239573985157,2.3349928908790623,1.3866598237852812,0.7073759262234347,0.23866703511103923,0.13898432846091222,0.00017895196186160848,2.147147186645731,0.935936705734495,0.8214137540515429,0.16489497177895593,0.10152406906168496,0.05325255712811971,0.09000117304571391,0.09000117304571391,0.0,-0.13186150302848942,-0.06593075151424471,-0.0011625680307398604,1.1252573016916114e-08,0.09551029625625339,0.463647493190296,0,0.3295584825081463
7.001279999999868,1.7061211824957827,0.8530605912478914,0.9986915220783513,0.21237794412835528,0.10618897206417764,0.001268817047064296,2.027236010125847,0.4403156690858235,1.0003761303904821,0.1840677710838423,0.018043815179733122,0.03769394610569281,2.0875741571354203,0.6881605369236743,0.9109737624709016,0.17421942450376368,0.059651281494128454,0.04587543279416058,0.09000117304571391,0.09000117304571391,0.0,-0.13155776929139612,-0.06577888464569806,-0.0011579678658848718,1.1034513702317417e-08,0.09524430012739186,0.4636474951173829,0,0.328569111963629
7.005439999999868,1.7070036241024753,0.8535018120512377,0.9986967876220938,0.21178598560621334,0.10589299280310667,0.0012637304981995613,1.6088506152025626,1.0804046987054392,1.242206434198261,0.25914424834873256,0.16269212014594667,0.1025069320018354,1.84874964334957,0.8846224436772521,1.0768059551018625,0.2159096830989325,0.11179679996303983,0.07403006665872033,0.09000117304571391,0.09000117304571391,0.0,-0.1312543965508391,-0.06562719827541955,-0.0011533856955813987,1.082066769497418e-08,0.09497893611342414,0.46364749701240304,0,0.3275824991110734
7.0095999999998675,1.707883605088247,0.8539418025441236,0.9987020320563862,0.21119543658525208,0.10559771829262604,0.0012586642301681392,1.130431362148745,0.6363528158341227,0.8086011529958657,0.332210872360063,0.10847119806657449,-0.04452684929070779,1.4902772443831573,0.7607117927737793,0.9426090385580774,0.27367820913822943,0.10999796797138323,0.014770822330455496,0.09000117304571391,0.09000117304571391,0.0,-0.13095138670930478,-0.06547569335465239,-0.001148821450307788,1.0610953854349257e-08,0.09471420333094877,0.4636474988758901,0,0.32659863738399403
7.013759999999867,1.7087611313177344,0.8543805656588672,0.9987072554653973,0.21060629507693732,0.10530314753846866,0.0012536181626513429,1.4613141672889447,0.525494339271962,0.6821040097141602,0.3056977662029844,0.05250262134922311,-0.13406230874738026,1.476432353298519,0.6432112076079722,0.8120767027252462,0.2892014102166762,0.08097336093917144,-0.060043570008462555,0.09000117304571391,0.09000117304571391,0.0,-0.13064874164818419,-0.06532437082409209,-0.0011442750607124639,1.0405292599712552e-08,0.09445010089361522,0.4636475007083687,0,0.32561752022517026
7.017919999999867,1.7096362086472607,0.8548181043236304,0.9987124579329625,0.2100185590863139,0.10500927954315695,0.0012485922156471561,1.437680109944269,0.85430478993323,1.3549925308084,0.02483714009821303,-0.05347443767333754,0.03976988763996363,1.4571086919681187,0.7486507681445449,1.0836214579114247,0.15652122145482425,0.012547545465820039,-0.010298005043769856,0.09000117304571391,0.09000117304571391,0.0,-0.13034646322721127,-0.06517323161360564,-0.0011397464577246764,1.0203605876862468e-08,0.09418662791216274,0.46364750251035486,0,0.32463914108667763
7.022079999999867,1.7105088429248112,0.8552544214624056,0.9987176395425853,0.2094322266120936,0.1047161133060468,0.001243586309468907,1.7397075326722455,0.6331210927744111,1.1998190259816472,0.20339050066612155,0.21705360817486266,-0.0326753897810075,1.5988337226198643,0.691337101283672,1.1416530691521263,0.17967085194006063,0.11454031352898558,-0.021474674678991838,0.09000117304571391,0.09000117304571391,0.0,-0.13004455328561215,-0.06502227664280608,-0.0011352355727726714,1.0005817130384422e-08,0.09392378349445929,0.46364750428235596,0,0.323663493429916
7.026239999999866,1.711379039990006,0.855689519995003,0.9987228003774384,0.20884729564673815,0.10442364782336908,0.0012386003647430535,1.8737886974934614,0.8332683335974759,1.1409514969733507,0.2742653356436664,0.067394868717571,-0.10766799245511177,1.7368837506400854,0.7624432133627727,1.1410803184837002,0.22688862860724218,0.09129594491642108,-0.06552105954952828,0.09000117304571391,0.09000117304571391,0.0,-0.12974301364133073,-0.06487150682066536,-0.0011307423372529232,9.811851267575623e-09,0.09366156674553963,0.463647506024871,0,0.3226905707256397
7.030399999999866,1.712246805674075,0.8561234028370375,0.9987279405203652,0.20826376417654546,0.10413188208827273,0.0012336343024091847,2.0269375816261466,0.5132614143314612,0.7003252026558819,0.0497156978969687,0.3368614046198636,-0.22476046426639698,1.8820164262689247,0.6385529185376432,0.9202324120946657,0.13815805373104778,0.213252066452904,-0.1452416098559481,0.09000117304571391,0.09000117304571391,0.0,-0.12944184609185788,-0.06472092304592894,-0.001126266682961478,9.621634651509702e-09,0.0933999767676437,0.46364750773839053,0,0.32172036645398544
7.034559999999866,1.7131121457998322,0.8565560728999161,0.9987330600538806,0.2076816301817324,0.1038408150908662,0.0012286880437182052,2.3049800732991104,1.020263366980338,1.1780755319072067,0.24066225882895523,0.1215560347049329,0.04428728366429377,2.094001500985108,0.8296637220416583,1.0492468443587302,0.18953773815378866,0.16737373269262276,-0.04998529809338228,0.09000117304571391,0.09000117304571391,0.0,-0.12914105241388518,-0.06457052620694259,-0.001121808541884108,9.435095039282321e-09,0.09313901266025419,0.4636475094233971,0,0.32075287410450126
7.0387199999998655,1.713975066181651,0.8569875330908255,0.9987381590601733,0.20710089163651907,0.10355044581825953,0.0012237615102314212,1.3708268707356817,0.7977073687370512,0.8789341714830704,0.09753977863899366,0.13906774995526036,0.011255590268062601,1.7326134434959102,0.8139762835365099,0.9641132985071578,0.14285313383865858,0.15240277780792216,-0.019643353430515934,0.09000117304571391,0.09000117304571391,0.0,-0.12884063436381415,-0.06442031718190708,-0.0011173678465212352,9.252161592767326e-09,0.09287867352013432,0.46364751108036517,0,0.31978808717617363
7.042879999999865,1.7148355726254394,0.8574177863127197,0.9987432376211058,0.20652154650921076,0.10326077325460538,0.0012188546238182608,1.5309390383735524,1.159120667838619,1.0942905277936594,0.09286547529323837,0.12840220213042192,-0.09846733922630548,1.6319671636654283,0.986818432953493,1.028998769949653,0.11825849257150031,0.14017837830106528,-0.059413375571811596,0.09000117304571391,0.09000117304571391,0.0,-0.12854059367751758,-0.06427029683875879,-0.0011129445292500807,9.072764817381456e-09,0.09261895844136492,0.4636475127097613,0,0.31882599917745624
7.047039999999865,1.7156936709286155,0.8578468354643077,0.9987482958182169,0.20594359276228105,0.10297179638114053,0.0012139673066566548,1.463702434005791,0.5242487778888696,0.8188871673213592,0.03809220909383876,0.08650682727143141,-0.04854283211378203,1.547914885390669,0.7557112132372076,0.9238425175755739,0.07720279426595121,0.11290705268049125,-0.05493416145344467,0.09000117304571391,0.09000117304571391,0.0,-0.12824093207095644,-0.06412046603547822,-0.0011085385229698394,8.89683656477339e-09,0.09235986651538167,0.46364751431204426,0,0.3178666036262959
7.051199999999865,1.716549366880084,0.858274683440042,0.998753333732722,0.20536702835245232,0.10268351417622616,0.0012090994812307165,1.4234564107861432,0.33921057183050785,1.3023210440998632,0.18002933616045194,0.07870152413758877,-0.15543605301353144,1.4860608244343694,0.5476213975584443,1.1127614617241772,0.12784424983383952,0.09593986017471196,-0.10533973438439956,0.09000117304571391,0.09000117304571391,0.0,-0.12794165123994206,-0.06397082561997103,-0.0011041497607850925,8.72430998975933e-09,0.09210139683101164,0.4636475158876653,0,0.3169098940501598
7.055359999999864,1.7174026662602122,0.8587013331301061,0.9987583514455151,0.20479185123077706,0.10239592561538853,0.0012042510703297667,2.358647845130222,0.4142890195779881,0.7170029800919634,0.045488503867296304,0.21867840680687367,-0.02354156405487772,1.9224534840638727,0.4814098445130372,0.914831518685933,0.0874272339270126,0.15695304928876944,-0.06494252151332941,0.09000117304571391,0.09000117304571391,0.0,-0.12764275286032584,-0.06382137643016292,-0.001099778176009464,8.555119528790825e-09,0.09184354847450978,0.46364751743706795,0,0.3159558639860623
7.059519999999864,1.7182535748408068,0.8591267874204034,0.9987633490371695,0.20421805934271858,0.10210902967135929,0.0011994219970473186,1.856342419000168,1.1081288555963549,0.8709697691543985,0.24128154067790036,0.20071932277255283,-0.17539429666718823,1.8899003501302385,0.7951914941458738,0.8925352982040068,0.16386244072457043,0.1787043839346176,-0.12005374770473155,0.09000117304571391,0.09000117304571391,0.0,-0.1273442385881895,-0.06367211929409475,-0.0010954237022763758,8.389200880861972e-09,0.09158632052959519,0.46364751896068856,0,0.3150045069805906
7.063679999999864,1.719102098385091,0.8595510491925455,0.9987683265879393,0.20364565062823084,0.10182282531411542,0.0011946121847796216,2.051313875449908,1.0841068712375659,0.6361945990037665,0.34341260851004185,0.18573952401276744,-0.016907463944362065,1.9713244207208045,0.9400377526606555,0.7643277793977351,0.25271714998601486,0.182117890818799,-0.06838698391294094,0.09000117304571391,0.09000117304571391,0.0,-0.12704611006024968,-0.06352305503012484,-0.0010910862733288706,8.226490978534142e-09,0.09132971207748711,0.46364752045895613,0,0.31405581658993004
7.067839999999864,1.719948242647682,0.859974121323841,0.9987732841777611,0.20307462302183651,0.10153731151091826,0.0011898215572250768,1.7209103576238478,0.39844401555873293,1.003143671942528,0.29706558459170285,0.19421464590279192,0.02137303717825618,1.8467354994126581,0.6696423315181121,0.8837815502405718,0.27393900000006666,0.18755175658350323,-0.023367583254351575,0.09000117304571391,0.09000117304571391,0.0,-0.12674836889330054,-0.06337418444665027,-0.0010867658234512845,8.066927970672777e-09,0.0910737221969404,0.46364752193229253,0,0.3131097863798903
7.071999999999863,1.7207920133745682,0.8603960066872841,0.9987782218862544,0.2025049744527075,0.10125248722635374,0.001185050038381835,1.0629839973959614,1.1338688176573737,1.0016967393921545,0.30775529022870557,0.03811947186115164,0.06098265447770926,1.4554949433931432,0.9018370369653885,0.9428670987563467,0.2905770421119344,0.11336132313977998,0.01866428961558941,0.09000117304571391,0.09000117304571391,0.0,-0.12645101668526026,-0.06322550834263013,-0.0010824622869384836,7.910451183284656e-09,0.09081834996428126,0.4636475233811126,0,0.3121664099259293
7.076159999999863,1.721633416303088,0.860816708151544,0.9987831397927234,0.2019367028447408,0.1009683514223704,0.001180297552547644,1.5811249575242594,0.5457941450337009,1.2452991920110517,0.007503004947800845,0.12535324072090337,0.06489609726051143,1.5183264991921506,0.7240745815463165,1.0942201554987259,0.1490275528307348,0.11899547277655283,0.04181961731056124,0.09000117304571391,0.09000117304571391,0.0,-0.12615405501450733,-0.06307702750725366,-0.0010781755983130335,7.757001116589865e-09,0.09056359445344203,0.4636475248058243,0,0.3112256808131785
7.080319999999863,1.7224724571619072,0.8612362285809536,0.998788037976158,0.2013698061166376,0.1006849030583188,0.0011755640243187493,2.114624350700557,0.4655959053788053,0.8962145647193362,0.31475340944682495,0.20829763795562745,0.13072464112212198,1.8171336841786736,0.5952675982485972,0.9954876175467459,0.2321641873094366,0.16320305587368567,0.08639168343318324,0.09000117304571391,0.09000117304571391,0.0,-0.12585748544039332,-0.06292874272019666,-0.0010739056925430307,7.606519415802219e-09,0.09030945473599633,0.46364752620682875,0,0.3102875926364669
7.084479999999862,1.723309141670999,0.8616545708354995,0.9987929165152355,0.20080428218197965,0.10040214109098983,0.0011708493785879258,1.583014001646517,0.8376526602049359,1.2147493224804455,0.19600756059275137,-0.06693192257371464,0.03471407250893165,1.7004791628998959,0.7163232347125493,1.1051922920499444,0.21444005670405525,0.04784936085706711,0.06051603719543964,0.09000117304571391,0.09000117304571391,0.0,-0.12556130950354205,-0.06278065475177103,-0.0010696525048322636,7.458948834315006e-09,0.09005592988119365,0.46364752758452055,0,0.30935213900034436
7.088639999999862,1.724143475541621,0.8620717377708105,0.998797775488321,0.20024012894930482,0.10012006447465241,0.0011661535405433714,1.8994144428778648,0.35005907059799224,1.0387966658016603,0.18605764934182945,0.07948844032229033,0.13347790927904793,1.8003376497939496,0.5333521628050488,1.0722705150087946,0.19906763417408904,0.06451342104152785,0.09753540086042715,0.09000117304571391,0.09000117304571391,0.0,-0.12526552872529373,-0.06263276436264686,-0.0010654159703026222,7.31423323749832e-09,0.0898030189559936,0.4636475289392875,0,0.30841931351910634
7.092799999999862,1.7249754644762967,0.8624877322381483,0.9988026149734697,0.1996773443221847,0.09983867216109235,0.0011614764356688949,1.7295514473162303,0.9372054987248376,0.8732511579117037,0.1996483138537657,0.0898799001794097,0.05146972679104232,1.765359912947459,0.7354684720973457,0.9728673054699375,0.19907085922470763,0.07725860497426358,0.07411790298779507,0.09000117304571391,0.09000117304571391,0.0,-0.12497014460885991,-0.062485072304429956,-0.0010611960248534391,7.172317562964363e-09,0.08955072102510034,0.4636475302715112,0,0.30748910981681565
7.096959999999862,1.7258051141687938,0.8629025570843969,0.998807435048427,0.1991159261992976,0.0995579630996488,0.0011568179897405828,1.4065828371810978,0.8992963759962352,1.5562295523903449,0.20915523488675075,-0.015398217199536463,-0.04912031424315412,1.5864025874664318,0.8173513336765619,1.2644497779606074,0.20474415505152951,0.031036574903468082,0.012777976227463793,0.09000117304571391,0.09000117304571391,0.0,-0.12467515863855494,-0.06233757931927747,-0.0010569926042030596,7.033147811802329e-09,0.08929903515099612,0.46364753158156663,0,0.3065615215273257
7.101119999999861,1.7266324303041043,0.8633162151520521,0.9988122357906304,0.1985558724745045,0.09927793623725226,0.001152178128827397,1.5958888870581864,1.0809366264971458,1.1488525726548873,0.03205243087651807,0.06272195848408849,0.09543993811821613,1.5912123850921533,0.9492751716422575,1.2068491173358722,0.11845101951471916,0.04741227994352265,0.053988927786149304,0.09000117304571391,0.09000117304571391,0.0,-0.1243805722803098,-0.0621902861401549,-0.0010528056444265924,6.896671016440269e-09,0.08904796039397508,0.4636475328698228,0,0.3056365422943035
7.105279999999861,1.7274574185584248,0.8637287092792124,0.9988170172772107,0.197997181036923,0.0989985905184615,0.0011475567792895852,1.7085082934216607,0.8909368970575309,0.6951035444178706,0.35966532967075515,0.21090093136646804,-0.01871731281246577,1.6506105600535852,0.9205462168723163,0.9509338906068747,0.23841447490414866,0.12822151955293626,0.01760577794160623,0.09000117304571391,0.09000117304571391,0.0,-0.12408638698175928,-0.06204319349087964,-0.0010486350819599076,6.76283523012714e-09,0.08879749581217664,0.46364753413664234,0,0.30471416577125104
7.109439999999861,1.7282800845991373,0.8641400422995686,0.9988217795849932,0.19743984977100076,0.09871992488550038,0.0011429538677770596,1.8698159177225644,1.2208296428786887,0.5736725148973814,-0.028125987750513948,0.06426959089963794,-0.3017263817201348,1.76015696843306,1.070822855761557,0.761673174383613,0.1048262067444726,0.09666038917811794,-0.14213295954959082,0.09000117304571391,0.09000117304571391,0.0,-0.12379260417243582,-0.06189630208621791,-0.0010444808534965534,6.631589510571595e-09,0.0885476404616186,0.463647535382382,0,0.30379438562152744
7.1135999999998605,1.7291004340847898,0.8645502170423949,0.9988265227904983,0.19688387655658846,0.09844193827829423,0.001138369321228157,1.8528293992649176,1.0305757044374662,1.1909780692385268,0.09496017780764116,0.013400384961514245,-0.06674630826861697,1.8066926670270342,1.050726815709734,0.9761900392003214,0.09925897464636356,0.055062243461002365,-0.10456164398775858,0.09000117304571391,0.09000117304571391,0.0,-0.12349922526385743,-0.06174961263192871,-0.0010403428956701558,6.502883884005809e-09,0.0882983933962301,0.4636475366073926,0,0.30287719551836995
7.11775999999986,1.7299184726650774,0.8649592363325387,0.9988312469699436,0.19632925926901182,0.09816462963450591,0.001133803066869809,1.8550712589788916,0.5862034601842552,0.0438913174065898,0.17600486096688364,0.2587209428347552,0.006952436094117225,1.831248619223673,0.8190016472535935,0.5100484508131229,0.13751511361152677,0.15609586684483337,-0.04873259033824719,0.09000117304571391,0.09000117304571391,0.0,-0.12320625164950849,-0.061603125824754246,-0.001036221145699602,6.376669349421845e-09,0.08804975366788405,0.463647537812019,0,0.30196258914491536
7.12191999999986,1.7307342059808237,0.8653671029904119,0.9988359521992445,0.19577599577914423,0.09788799788957211,0.0011292550322149614,2.0863672159435036,1.2348832750148095,1.1333223096934286,0.064434952904492,0.13879065842467542,0.09818252685183632,1.9589445833381878,1.0272351042172165,0.8218938819093232,0.10056727646304182,0.14693832334389845,0.024752347322902688,0.09000117304571391,0.09000117304571391,0.0,-0.12291368470503466,-0.06145684235251733,-0.0010321155408582732,6.252897830729807e-09,0.08780172032642977,0.46364753899660044,0,0.301050560194221
7.12607999999986,1.7315476396639633,0.8657738198319817,0.9988406385540156,0.19522408395347826,0.09761204197673913,0.0011247251450622207,1.7987729140977928,0.8722131420089154,1.1231744348400345,0.24843363822888234,-0.05879755833468368,0.09119542702956496,1.8793741706959946,0.9496011648141507,0.972725788997946,0.17458329621944932,0.043879828874092384,0.058047250715644066,0.09000117304571391,0.09000117304571391,0.0,-0.12262152578875901,-0.061310762894379506,-0.0010280260189053847,6.131522194470278e-09,0.08755429241972512,0.4636475401614704,0,0.30014110236928404
7.130239999999859,1.7323587793375224,0.8661793896687612,0.9988453061095718,0.19467352165419505,0.09733676082709752,0.0011202133334937278,2.3354272851900904,0.5687958756493856,1.1023364170019703,0.16817852988288767,0.02830156612048884,-0.1637616437113682,2.1077538654650243,0.7592569611822416,1.037191371823908,0.17131407777022867,0.03501500469558366,-0.05283402427026614,0.09000117304571391,0.09000117304571391,0.0,-0.12232977624091573,-0.061164888120457866,-0.001023952517340717,6.012496200383829e-09,0.0873074689936682,0.46364754130695696,0,0.29923420938306317
7.134399999999859,1.7331676306156025,0.8665838153078013,0.9988499549409297,0.19412430673923692,0.09706215336961846,0.0011157195258760999,2.013987082816556,0.8084939430242013,0.7532378180466318,0.054306524797243766,0.09869193708454652,0.17314223209317556,2.0609816506027427,0.7840809312934304,0.895572442957166,0.11335796005712585,0.066917531397277,0.06028188475533876,0.09000117304571391,0.09000117304571391,0.0,-0.12203843738491471,-0.061019218692457355,-0.001019894974584554,5.895774507226907e-09,0.08706124909222944,0.46364754243338263,0,0.2983298749584968
7.138559999999859,1.7339741991033624,0.8669870995516812,0.9988545851228082,0.19357643706237473,0.09678821853118737,0.0011112436508564749,2.0566751686752065,0.438177813277383,0.7373224813133084,0.0929672631554747,0.04061464766212543,-0.0227557616819036,2.0590223870781412,0.6112103286278843,0.8163988241526038,0.1028569629462703,0.05429692954102875,0.018864210305877777,0.09000117304571391,0.09000117304571391,0.0,-0.1217475105263624,-0.0608737552631812,-0.0010158533285912381,5.781312636821974e-09,0.08681563175748258,0.4636475435410646,0,0.29742809282852345
7.1427199999998585,1.734778490397001,0.8673892451985005,0.9988591967296305,0.19302991047327925,0.09651495523663962,0.0011067856373643443,1.7685219511371297,0.3735978882419778,0.7493419524870646,0.164592874754586,0.3620007715682481,-0.07129110017691961,1.9141142309479906,0.49315591205771786,0.7827224587265865,0.13288131793509073,0.20788141111860098,-0.026603428861217113,0.09000117304571391,0.09000117304571391,0.0,-0.12145699695400597,-0.060728498477002985,-0.001011827518028436,5.669066975511481e-09,0.08657061602963631,0.46364754463031466,0,0.2965288567361005
7.146879999999858,1.735580510083741,0.8677902550418705,0.9988637898355247,0.1924847248175886,0.0962423624087943,0.0011023454146084368,1.8340634560384428,0.7771617173215519,1.193368909023502,0.14130140752756418,-0.026529310821421598,-0.12953823850617163,1.8743814469171391,0.6351057884160606,0.9877782276511239,0.13744627645886345,0.09061094560008692,-0.07763440141808438,0.09000117304571391,0.09000117304571391,0.0,-0.12116689793950314,-0.06058344896975157,-0.0010078174817467122,5.558994747129274e-09,0.08632620094706497,0.4636475457014396,0,0.29563216043422297
7.151039999999858,1.7363802637418118,0.8681901318709059,0.998868364514325,0.19194087793697667,0.09597043896848834,0.0010979229120758826,1.4946205617781911,0.7494042956548418,1.2674556296124904,0.30873159829322994,0.03937856168371819,-0.16952904779180233,1.6851418444270134,0.6923399661064171,1.1272659214872123,0.22243138806178858,0.06393153124785769,-0.12340817671898506,0.09000117304571391,0.09000117304571391,0.0,-0.12087721473740515,-0.060438607368702574,-0.0010038231586757713,5.451053982832959e-09,0.08608238554633935,0.46364754675474107,0,0.294737997685942
7.155199999999858,1.7371777569404334,0.8685888784702167,0.9988729208395731,0.1913983676692215,0.09569918383461075,0.0010935180595317137,2.060301350582999,1.1352164238898015,1.115961354767256,0.29185317153743895,0.3543291832356397,0.09754549189928222,1.873331151828035,0.9145183347831438,1.1218176706002274,0.25719407215784684,0.2090894750688021,-0.013532003507348053,0.09000117304571391,0.09000117304571391,0.0,-0.1205879485854609,-0.06029397429273045,-0.0009998444880416311,5.345203542102325e-09,0.08583916886225731,0.4636475477905156,0,0.2938463622643834
7.159359999999857,1.7379729952398013,0.8689864976199007,0.9988774588845191,0.19085719184827257,0.09542859592413629,0.0010891307870175453,1.1809710524146917,0.6682891557222449,1.2417648616682584,0.08059801065287789,0.15827455685302766,-0.08884247040152465,1.5273141183031047,0.791732543302986,1.1816080494425416,0.16880182398639146,0.18305317567120138,-0.051535223527404285,0.09000117304571391,0.09000117304571391,0.0,-0.12029910070513561,-0.060149550352567804,-0.0009958814092631942,5.2414030649518536e-09,0.0855965499278742,0.46364754880905484,0,0.2929572479527643
7.163519999999857,1.7387659841910692,0.8693829920955346,0.9988819787221226,0.19031734830431576,0.09515867415215788,0.0010847610248506494,1.9991791756190451,1.0313001630353282,0.9343295764638406,0.3277024022768367,0.1284597176462249,0.11179030503303215,1.7639310399753392,0.9117868576867498,1.0581999430363425,0.24849213074481286,0.1549734471494846,0.0299536861852082,0.09000117304571391,0.09000117304571391,0.0,-0.12001067230063284,-0.06000533615031642,-0.00099193386206267,5.1396129702414304e-09,0.08535452777453247,0.4636475498106456,0,0.2920706485444124
7.167679999999857,1.7395567293363352,0.8697783646681676,0.9988864804250543,0.1897788348638424,0.0948894174319212,0.0010804087036225768,1.5098919449935637,0.6754141766007384,0.692635952476585,0.1250312910577096,0.057732999476999204,-0.035392409219168905,1.637170209203134,0.7937200145236174,0.8753420364040901,0.18656145284315007,0.10584570163001476,-0.0028410909178091153,0.09000117304571391,0.09000117304571391,0.0,-0.11972266456037517,-0.059861332280187585,-0.0009880017864692357,5.039794435402797e-09,0.08511310143189202,0.46364755079556985,0,0.2911865578427814
7.1718399999998566,1.7403452362086256,0.8701726181043128,0.9988909640656969,0.1892416493497122,0.0946208246748561,0.0010760737541977297,2.2621486956506587,0.8465347800052557,0.7292881735949654,0.099306962233925,0.20594064318202265,-0.038613848954536414,1.9498704131573168,0.8205558636117369,0.802234307583609,0.14292447086458016,0.1560087876175758,-0.020984965667659696,0.09000117304571391,0.09000117304571391,0.0,-0.1194350786559204,-0.0597175393279602,-0.0009840851226085284,4.941909391853898e-09,0.08487226992795947,0.463647551764105,0,0.29030496966146935
7.175999999999856,1.7411315103318807,0.8705657551659404,0.9988954297161456,0.18870578958122067,0.09435289479061033,0.001071756107712897,1.4157025356627906,1.5861113003732132,1.0835363341942374,0.266101769260327,-0.04658268304606113,-0.11517346903381777,1.6833367418793534,1.2032402281266366,0.9426478625163757,0.20425454472473978,0.05560123892003208,-0.06813602761714711,0.09000117304571391,0.09000117304571391,0.0,-0.1191479157430152,-0.0595739578715076,-0.0009801838107056458,4.84592049495047e-09,0.08463203228911777,0.4636475527165237,0,0.289425877824234
7.180159999999856,1.7419155572209397,0.8709577786104699,0.9988998774482105,0.18817125337416207,0.09408562668708104,0.0010674556955766938,2.13268049084172,1.0333189661001676,0.8793730732641643,0.1834297551314783,0.12229001005135232,0.15806939899709666,1.9083949193375311,1.1185324066756415,0.9113388047693497,0.1930596456925661,0.08911497646995283,0.04495226118939116,0.09000117304571391,0.09000117304571391,0.0,-0.11886117696083198,-0.05943058848041599,-0.000976297791623568,4.751791131166304e-09,0.08439238754015513,0.4636475536530941,0,0.2885492761650105
7.184319999999856,1.7426973823815268,0.8713486911907634,0.9989043073334166,0.1876380385408957,0.09381901927044785,0.001063172449466782,2.0097208343608655,0.8858712160623817,1.3742133127030016,0.1977955847185196,0.0999798204570749,-0.22976169961929968,1.9594688562184215,1.0024078512612473,1.1423006804939508,0.19597484947096308,0.09468479034499898,-0.09204115191927441,0.09000117304571391,0.09000117304571391,0.0,-0.11857486343302348,-0.05928743171651174,-0.0009724270061182236,4.65948538005001e-09,0.08415333470429433,0.4636475545740801,0,0.287675158527926
7.188479999999855,1.7434769913102368,0.8717384956551184,0.9989087194430055,0.1871061428904075,0.09355307144520375,0.0010589063013302213,2.3985193788292247,1.4064012865939128,1.033990203732452,0.1581453393757572,0.093824745824422,0.010908546807278416,2.1793252931009515,1.2046026587447,1.088167496034537,0.17746371405478528,0.094201864413,-0.04063172688582726,0.09000117304571391,0.09000117304571391,0.0,-0.11828897626696039,-0.059144488133480194,-0.0009685713952691634,4.56896801740786e-09,0.08391487280322113,0.4636475554797408,0,0.2868035187673165
7.192639999999855,1.7442543894945217,0.8721271947472609,0.9989131138479362,0.18657556422837515,0.09328778211418758,0.0010546571833820136,1.7364796805065514,0.6181277515996038,1.0910806736093366,0.2922791403988658,0.033128395329731115,-0.2820368427147042,1.958509579773484,0.9114306539133354,1.089037795846296,0.23377754515271906,0.06335817974223193,-0.16147225428455872,0.09000117304571391,0.09000117304571391,0.0,-0.11800351655457242,-0.05900175827728621,-0.0009647309002690507,4.480204491915191e-09,0.083677000857113,0.46364755637033134,0,0.2859343507477412
7.196799999999855,1.745029582412677,0.8725147912063385,0.9989174906188867,0.1860463003572295,0.09302315017861475,0.0010504250281044862,1.909161587314425,1.2910935865425546,1.0405474194881754,0.2451689022129439,0.055787355253504076,0.11825789324648017,1.934344210325909,1.1013801313870875,1.0650391760891673,0.23993991013205146,0.05990099175813396,-0.02207454688411002,0.09000117304571391,0.09000117304571391,0.0,-0.11771848537190704,-0.05885924268595352,-0.0009609054628550058,4.393160927299897e-09,0.08343971788466731,0.46364755724610246,0,0.2850676483439985
7.200959999999855,1.7458025755338278,0.8729012877669139,0.9989218498262543,0.18551834907621767,0.09275917453810884,0.0010462097682449496,1.4273407205827702,0.6374435712591873,0.633459129695168,0.2614644329025567,-0.05716253839641383,-0.0373518806469717,1.681382476379085,0.869290654892632,0.8491675244380923,0.2508353010383042,0.000921665007683248,-0.029270993636512678,0.09000117304571391,0.09000117304571391,0.0,-0.11743388377943681,-0.058716941889718405,-0.0009570950245633321,4.30780409012748e-09,0.08320302290312939,0.46364755810730074,0,0.28420340544114053
7.205119999999854,1.7465733743179173,0.8732866871589586,0.9989261915401577,0.18499170818146526,0.09249585409073263,0.0010420113368163988,1.0360977107147988,0.798772081341685,1.150530928901858,0.09093676148791001,0.2240500322542132,-0.028877963691311105,1.3589262309375085,0.8344955380312231,0.9997898327934611,0.1701716675538725,0.11312271021146994,-0.028383377359839753,0.09000117304571391,0.09000117304571391,0.0,-0.11714971282247355,-0.058574856411236775,-0.0009532995275882018,4.224101395898041e-09,0.08296691492832067,0.46364755895416865,0,0.28334161593448737
7.209279999999854,1.7473419842156923,0.8736709921078462,0.9989305158304372,0.18446637546603642,0.09223318773301821,0.0010378296670946678,1.6322865814270173,1.1440373739990544,1.3037395591647953,-0.021443374989803754,0.04379337077726842,0.0841407665257098,1.495564445975422,0.9893627317976207,1.1519418877620005,0.07402609193509421,0.07700994797066663,0.02784526261401845,0.09000117304571391,0.09000117304571391,0.0,-0.11686597353062128,-0.05843298676531064,-0.0009495189139296324,4.142020881563636e-09,0.08273139297466597,0.4636475597869447,0,0.28248227372964185
7.213439999999854,1.7481084106686924,0.8740542053343462,0.9989348227666565,0.18394234871999643,0.09197117435999821,0.001033664692619127,1.8575081962029607,1.0024719571738674,0.5187941192315949,0.2516433514846673,0.009106381389084442,-0.04789554262594977,1.6770624478449794,0.9959361674916868,0.8352645299985404,0.16273525997275035,0.043163357781754196,-0.010298351545393483,0.09000117304571391,0.09000117304571391,0.0,-0.11658266691872543,-0.058291333459362715,-0.000945753126145088,4.061531194562518e-09,0.0824964560552213,0.4636475606058634,0,0.2816253727425027
7.2175999999998535,1.748872659109236,0.874436329554618,0.9989391124181031,0.18341962573047027,0.09170981286523514,0.0010295163471902527,1.8339136985047813,0.8217271197151097,1.126242422455463,0.24934996100170126,-0.027351071337899463,0.05908320834688085,1.7560091591601998,0.9087718635867199,0.9808800716637929,0.20538901422875058,0.008714403733554353,0.023585966371521525,0.09000117304571391,0.09000117304571391,0.0,-0.11629979398600532,-0.05814989699300266,-0.000942002106818377,3.982601598438485e-09,0.08226210318170071,0.4636475614111552,0,0.28077090689927947
7.221759999999853,1.7496347349604098,0.8748173674802049,0.99894338485379,0.18289820428170475,0.09144910214085238,0.0010253845648694083,1.6387271114180852,0.4807225112565434,1.0140248722141436,0.2771752492463689,0.20988141467210059,-0.011269189730914533,1.697944167084511,0.6951815416475546,0.9974289449699163,0.24111596472738378,0.10889927856351936,0.006314156256660526,0.09000117304571391,0.09000117304571391,0.0,-0.11601735571700394,-0.05800867785850197,-0.0009382657987764874,3.905201942343861e-09,0.08202833336450381,0.463647562203047,0,0.27991887013650496
7.225919999999853,1.7503946436360562,0.8751973218180281,0.9989476401424565,0.18237808215512671,0.09118904107756336,0.0010212692799777144,1.9057259431790214,1.4786251864077493,0.759542879200534,0.16206137346177701,-0.11043941561744007,0.18564260549068454,1.802175188709017,1.086679800498653,0.878870738212711,0.2008259804620767,-0.0010758400928573104,0.09579403652874899,0.09000117304571391,0.09000117304571391,0.0,-0.11573535308146926,-0.05786767654073463,-0.000934544145200009,3.829302651342109e-09,0.08179514561274234,0.4636475629817617,0,0.2790692564010482
7.230079999999853,1.751152390540762,0.875576195270381,0.9989518783525694,0.18185925712940176,0.09092962856470088,0.0010171704270944876,1.9324342490857411,1.1257704617924786,0.2931045054362589,0.13911619407750314,0.13665532362714805,0.07306628473013231,1.8675944179174364,1.1065098684981458,0.5861364181413997,0.17024916156700676,0.06767287397469875,0.0839895028102844,0.09000117304571391,0.09000117304571391,0.0,-0.11545378703391507,-0.057726893516957534,-0.0009308370893055338,3.7548747298858016e-09,0.0815625389342667,0.4636475637475186,0,0.2782220596501284
7.234239999999852,1.7519079810698475,0.8759539905349237,0.9989560995523238,0.18134172698049472,0.09067086349024736,0.00101308794105697,1.5145357513946636,1.0057144590546483,1.6398475025731232,0.2348664651170928,0.058214374261525835,0.07294151412895092,1.691551048467961,1.0562335907741254,1.113150007401753,0.20259266258390873,0.06244025958257113,0.07896749355805074,0.09000117304571391,0.09000117304571391,0.0,-0.11517265851478514,-0.05758632925739257,-0.0009271445746695806,3.6818897358000356e-09,0.0813305123356927,0.4636475645005333,0,0.2773772738513262
7.238399999999852,1.7526614206093547,0.8763307103046774,0.9989603038096444,0.18082548948172536,0.09041274474086268,0.0010090217569587046,1.6723762753061842,0.4402890381128533,0.5104782573294142,0.14486963187499163,0.08335020567113557,0.13876755266433866,1.6822649595740866,0.7484303205837222,0.8121001559391877,0.17368327353277435,0.07291783919330375,0.10809036994546352,0.09000117304571391,0.09000117304571391,0.0,-0.1148919684493735,-0.05744598422468675,-0.0009234665449110021,3.610319772825254e-09,0.08109906482242743,0.46364756524101786,0,0.2765348929825971
7.242559999999852,1.7534127145360374,0.8767063572680187,0.9989644911921867,0.18031054240382843,0.09015527120191422,0.001004971810149281,1.659310152563033,1.0801839791528478,0.6137417724254186,0.2996691878332926,0.041934740994627184,-0.06808015447104404,1.6714107975116266,0.9143972034766314,0.7127791979175602,0.23662062281916207,0.05718346580402374,0.019426641088681848,0.09000117304571391,0.09000117304571391,0.0,-0.11461171774888207,-0.057305858874441035,-0.0009198029441219897,3.540137486888656e-09,0.08086819539869555,0.4636475659691807,0,0.27569491103228266
7.2467199999998515,1.7541618682173499,0.8770809341086749,0.9989686617673377,0.17979688351500955,0.08989844175750478,0.0010009380362322451,1.3473046299897178,0.7237005854968446,1.2880127491222533,0.01417383915377357,0.17685480013687233,0.02721670555574776,1.5093851285739344,0.819416803122255,1.0004564414020252,0.12531453879023238,0.11634301660746435,0.02340160070332958,0.09000117304571391,0.09000117304571391,0.0,-0.11433190730987552,-0.05716595365493776,-0.0009161537164437301,3.471316050362114e-09,0.08063790306756502,0.46364756668522694,0,0.27485732199912327
7.250879999999851,1.7549088870114373,0.8774544435057187,0.9989728156022171,0.1792845105810031,0.08964225529050154,0.0009969203710647914,1.4192266208712392,1.0811040499934572,1.182372740597781,0.11074675460662732,0.032640801401188836,-0.09500696883753558,1.4645355489635379,0.9503313622536793,1.091217955896607,0.11805316942544604,0.07391418904338957,-0.03565262020951104,0.09000117304571391,0.09000117304571391,0.0,-0.11405253801501941,-0.057026269007509706,-0.0009125188060690693,3.403829151415576e-09,0.08040818683097281,0.4636475673893582,0,0.2740221198922681
7.255039999999851,1.7556537762671254,0.8778268881335627,0.9989769527636786,0.17877342136512714,0.08938671068256357,0.0009929187507574384,1.6226236907456126,0.9022118172431162,0.5164270517783908,0.2724450104037183,-0.01686211927801362,0.0683983555732176,1.544148518226471,0.9262362164816178,0.8039617145668015,0.19470333547717533,0.028514453581159567,0.015901608723978236,0.09000117304571391,0.09000117304571391,0.0,-0.11377361073253534,-0.05688680536626767,-0.0009088981578876899,3.3376509831426504e-09,0.08017904568975012,0.4636475680817727,0,0.2731892987312877
7.259199999999851,1.7563965413239102,0.8781982706619551,0.9989810733183105,0.17826361362834073,0.08913180681417036,0.0009889331116710283,1.4753035821394278,0.6953847648421437,1.5401407197247206,0.26423248165195407,0.03465181562708833,-0.026949464234367653,1.510276037256401,0.8108808063706768,1.171999573547858,0.22904371477168495,0.03165182818786637,-0.005164933540388472,0.09000117304571391,0.09000117304571391,0.0,-0.11349512631661851,-0.056747563158309255,-0.0009052917164199198,3.272756238123399e-09,0.07995047864364781,0.46364756876266544,0,0.2723588525461847
7.26335999999985,1.757137187511949,0.8785685937559745,0.9989851773324373,0.1777550851292992,0.0888775425646496,0.0009849633904181608,1.710592181944723,0.5961992456022865,1.21989397578648,0.2965894681425566,0.04270850740005876,-0.05756922643035182,1.6110523080231296,0.7036270031568356,1.1958278710909815,0.26286071213325163,0.03734922020299794,-0.03160587566941964,0.09000117304571391,0.09000117304571391,0.0,-0.11321708560753474,-0.05660854280376737,-0.0009016994268889172,3.2091200973790594e-09,0.07972248469136137,0.4636475694322281,0,0.2715307753774043
7.26751999999985,1.7578757201520507,0.8789378600760254,0.99898926487212,0.1772478336244093,0.08862391681220465,0.0009810095238601412,1.7778537665686969,1.1984917198088656,0.9948343956791965,0.14382178829456504,-0.053870771131992554,0.061339872306325385,1.6947537374901038,0.9509510807085723,1.095457946507288,0.20316236504296023,-0.008402099739429061,0.01455599656392946,0.09000117304571391,0.09000117304571391,0.0,-0.112939489431718,-0.056469744715859,-0.000898121234368653,3.1467182220738526e-09,0.07949506283055587,0.4636475700906493,0,0.27070506127584465
7.27167999999985,1.7586121445556668,0.8793060722778334,0.998993336003158,0.17674185686788377,0.08837092843394188,0.000977071449107531,2.5367538981375226,0.3261931754559113,1.0061242345133028,0.13074809918169192,0.07869028241155433,-0.06639784842684703,2.1160319131089365,0.6387328366891888,1.0506517263192257,0.1668390938650193,0.03446205440555236,-0.025611141003621704,0.09000117304571391,0.09000117304571391,0.0,-0.11266233860186797,-0.056331169300933986,-0.0008945570844284189,3.085526732712535e-09,0.07926821205789053,0.4636475707381143,0,0.26988170430286745
7.2758399999998495,1.7593464660248825,0.8796732330124413,0.9989973907910893,0.17623715261179562,0.08811857630589781,0.0009731491035179674,1.4523707514036643,1.2606594425115074,1.321913502317683,0.19803190035124027,0.11711309089751504,0.032390853084532704,1.7846079520085825,0.9499426299612596,1.186352450261699,0.18273973489372003,0.07648112429601082,0.0031141052905956706,0.09000117304571391,0.09000117304571391,0.0,-0.11238563391704798,-0.05619281695852399,-0.0008910069226013991,3.0255222264947563e-09,0.0790419313690432,0.4636475713748055,0,0.26906069853030756
7.279999999999849,1.7600786898524081,0.8800393449262041,0.9990014293011922,0.17573371860613185,0.08786685930306593,0.0009692424246962013,1.2846104085594972,0.8346741383526938,0.9882046527731695,0.08259449340318425,0.061765474045176974,-0.07236694937557113,1.534779980469409,0.8924355799056526,1.0871266670356832,0.1314691354951944,0.06934929666717707,-0.03463274878400223,0.09000117304571391,0.09000117304571391,0.0,-0.1121093761627831,-0.05605468808139155,-0.0008874706948153437,2.9666817415833145e-09,0.07881621975873462,0.4636475720009022,0,0.26824203804048263
7.284159999999849,1.76080882132157,0.880404410660785,0.9990054515984859,0.17523155259884687,0.08761577629942344,0.0009653513504923692,1.5599537652245918,0.32458104278723476,0.9168050782764768,0.21853208175285715,0.23263576244195905,0.12776000276703567,1.547822169275283,0.6089890982197039,1.0022323666532125,0.17471619668651275,0.15055662919492652,0.0456162113192026,0.09000117304571391,0.09000117304571391,0.0,-0.11183356611094447,-0.055916783055472236,-0.0008839483470749736,2.9089827586671857e-09,0.07859107622075245,0.46364757261658057,0,0.26742571692620315
7.288319999999849,1.761536865706303,0.8807684328531515,0.9990094577477318,0.17473065233591642,0.08736532616795821,0.0009614758190015612,2.047655052848305,0.9151144082264367,1.1470686075007817,0.036239939023100826,0.03901029966099189,-0.02244833866002641,1.7978169114775828,0.7621348815108111,1.074605744441431,0.105763495306887,0.09486470306985795,0.011138340550381081,0.09000117304571391,0.09000117304571391,0.0,-0.1115582045202752,-0.0557791022601376,-0.0008804398257859034,2.8524031906408103e-09,0.07836649974797535,0.4636475732220141,0,0.26661172929078103
7.292479999999848,1.7622628282711421,0.8811314141355711,0.9990134478134342,0.17423101556138915,0.08711550778069457,0.0009576157685620606,1.877640084456126,1.2196691130949986,0.7823533235666302,-0.0038135866878112046,0.06593926369704159,0.007370281870641809,1.8377217976908427,0.9910423612338756,0.9284935408363166,0.0506582126843971,0.08039874110231807,0.008907439184044595,0.09000117304571391,0.09000117304571391,0.0,-0.11128329213606203,-0.055641646068031014,-0.0008769450772228788,2.796921382994851e-09,0.07814248933239663,0.4636475738173732,0,0.2658000692480392
7.296639999999848,1.7629867142712148,0.8814933571356074,0.9990174218598414,0.1737326400174397,0.08686632000871986,0.0009537711377557674,2.142586859944671,0.5511970753316175,1.1051936593850606,0.23535771180090806,0.20039387078359733,0.002579075175530136,1.9906459167700246,0.7715361822956146,1.0168511347842777,0.1430358249235348,0.1390767073196979,0.005294648566698113,0.09000117304571391,0.09000117304571391,0.0,-0.1110088296907682,-0.0555044148453841,-0.0008734640480671991,2.7425160973582256e-09,0.07791904396514784,0.4636475744028255,0,0.2649907309223193
7.300799999999848,1.7637085289522332,0.8818542644761166,0.9990213799509473,0.1732355234444192,0.0866177617222096,0.0009499418654064263,1.929066209448956,1.2154450989347387,0.9160537757950511,0.11068585299802935,0.18308785107493697,-0.044438462720252335,1.9600873663133715,0.9938753404189502,0.9663583529560685,0.12613648149868095,0.16070625772002878,-0.019104093005741313,0.09000117304571391,0.09000117304571391,0.0,-0.11073481790338496,-0.05536740895169248,-0.0008699966854103839,2.6891665060446813e-09,0.07769616263652189,0.4636475749785359,0,0.26418370844849126
7.304959999999848,1.764428277550487,0.8822141387752435,0.9990253221504913,0.17273966358090817,0.08636983179045409,0.0009461278905778224,1.7436697507634626,0.9154537045716714,0.748584853157091,0.1408027441019897,0.023508081340349804,0.03233993062356928,1.852170407639811,0.9547133983575247,0.8575380484864136,0.1332292789366921,0.09186183031236272,0.0062765103135143385,0.09000117304571391,0.09000117304571391,0.0,-0.11046125748017177,-0.055230628740085885,-0.0008665429361153225,2.6368521726727376e-09,0.07747384433599647,0.4636475755446665,0,0.2633789959719612
7.309119999999847,1.7651459652928359,0.8825729826464179,0.9990292485219604,0.17224505816376665,0.08612252908188332,0.0009423291525746082,1.7421949272513102,0.2941819838039327,1.3592402580835534,-0.04009704529663097,0.032837982757635706,-0.07255908326504167,1.7970995968780992,0.6245129793058631,1.108242119100171,0.0460484447965113,0.061580383139166306,-0.0333170086935974,0.09000117304571391,0.09000117304571391,0.0,-0.11018814911443536,-0.05509407455721768,-0.0008631027476746237,2.5855530702312307e-09,0.07725208805225695,0.4636475761013767,0,0.2625765876486791
7.313279999999847,1.7658615973967033,0.8829307986983517,0.9990331591285894,0.17175170492818512,0.08587585246409256,0.0009385455909396102,1.618407834271494,0.7463215372795592,0.8056012801790666,0.2352013223443515,0.19240599231567557,-0.0920813073874567,1.708240881493756,0.6858183976526552,0.9567280560534606,0.14099532991856098,0.12694243363836036,-0.0626956755515439,0.09000117304571391,0.09000117304571391,0.0,-0.10991549348684365,-0.054957746743421826,-0.0008596760674653473,2.5352495457031683e-09,0.07703089277321921,0.4636475766488232,0,0.26177647764514655
7.317439999999847,1.766575179070069,0.8832875895350345,0.9990370540333621,0.17125960160773412,0.08562980080386706,0.0009347771454541927,1.7151183020650431,0.8839595159891097,0.9101077900465379,0.40043153055275427,0.1353524518121249,0.10128856434749339,1.7125118904572039,0.7851726950231425,0.9336290188407936,0.2710023404251765,0.13075139035104424,0.0189278471966311,0.09000117304571391,0.09000117304571391,0.0,-0.10964329126509775,-0.05482164563254888,-0.0008562628430722583,2.4859223329087863e-09,0.07681025748605216,0.4636475771871602,0,0.26097866013842513
7.3215999999998465,1.7672867155114624,0.8836433577557312,0.9990409332990127,0.17076874593441518,0.08538437296720759,0.0009310237561373064,2.082810345341885,0.5372283452997604,1.3238131996272962,0.23068184532923852,-0.03829797798106106,-0.07790121292088374,1.898142372695123,0.6611208892419129,1.1285630233235442,0.25139661964284327,0.045389928894290964,-0.030065202535088414,0.09000117304571391,0.09000117304571391,0.0,-0.10937154310445979,-0.054685771552229895,-0.0008528630226120821,2.4375525339470635e-09,0.07659018117720039,0.46364757771653925,0,0.26018312931614285
7.325759999999846,1.767996211909957,0.8839981059549785,0.9990447969880262,0.17027913563870967,0.08513956781935483,0.00092728536324318,2.177848739897659,0.6965476156796961,0.5545966638035795,0.034319822497413055,0.1789479937446135,-0.1512693278930097,2.0380710907089,0.6792066524130284,0.8412626855740647,0.14181766451348388,0.11218665114211,-0.09137794343720868,0.09000117304571391,0.09000117304571391,0.0,-0.10910024964774667,-0.054550124823873336,-0.0008494765539879016,2.3901216237942615e-09,0.07637066283240637,0.46364757823710945,0,0.25938987937650154
7.329919999999846,1.7687036734451638,0.8843518367225819,0.9990486451626398,0.16979076844962754,0.08489538422481377,0.000923561907262098,1.5953391609376644,0.4050961756315664,0.7121724675524777,0.0421763659195831,0.01816449838979743,-0.028513413222826363,1.8167903393108198,0.5421862874508668,0.7766569913523664,0.09172167595290152,0.06565767571156327,-0.059769466641698785,0.09000117304571391,0.09000117304571391,0.0,-0.10882941152532372,-0.05441470576266186,-0.0008461033856404215,2.343611416520952e-09,0.07615170143673254,0.46364757874901735,0,0.25859890452828366
7.334079999999846,1.7694091052872252,0.8847045526436126,0.9990524778848436,0.16930364209475615,0.08465182104737808,0.0009198533289180806,1.552538659243805,0.9536002259219194,1.3231798140054076,-0.06297253424505495,-0.09233153865134743,-0.036267101258728535,1.6845342711623248,0.7477027279388594,1.049845734701573,0.013133320740968967,-0.012672546918152191,-0.04751118280431436,0.09000117304571391,0.09000117304571391,0.0,-0.10855902935520556,-0.05427951467760278,-0.0008427434659094529,2.2980040955850043e-09,0.07593329597458323,0.4636475792524071,0,0.25781019899085883
7.338239999999845,1.7701125125968098,0.8850562562984049,0.9990562952163818,0.16881775430030874,0.08440887715015437,0.0009161595691691947,1.3608347257648954,1.015563607560158,1.2084446067168855,0.20196777575831174,0.10097893329168364,-0.03898097895350548,1.5231042355261604,0.8818445451919565,1.1290670986907048,0.10661763617477549,0.044400837613089925,-0.044159010840823104,0.09000117304571391,0.09000117304571391,0.0,-0.10828910374326411,-0.05414455187163206,-0.0008393967435713382,2.253282176242488e-09,0.07571544542972639,0.4636475797474205,0,0.2570237569941902
7.342399999999845,1.7708139005251065,0.8854069502625532,0.9990600972187536,0.16833310279117192,0.08416655139558596,0.0009124805692056732,1.8395572172749648,0.9946284333111818,1.1450613815369493,0.20983794618981838,0.09411462179091233,0.02443742390910538,1.6817696826654391,0.9384338857487302,1.1371151121276555,0.15808411386841079,0.06884505778423508,-0.009831987739758704,0.09000117304571391,0.09000117304571391,0.0,-0.10801963528311587,-0.05400981764155793,-0.0008360631675213585,2.2094285172842564e-09,0.07549814878531518,0.46364758023419683,0,0.25623957277884096
7.346559999999845,1.7715132742138187,0.8857566371069093,0.9990638839532138,0.16784968529095365,0.08392484264547682,0.0009088162704492683,1.5447718187096076,1.0206362805410731,0.8432472885453134,0.21521258373079036,-0.09895350199993204,-0.11329689013187655,1.6137174092250295,0.9793318566520931,0.9899438645450732,0.1866536997997635,-0.016014151579173946,-0.06173802552815754,0.09000117304571391,0.09000117304571391,0.0,-0.10775062455622325,-0.053875312278111626,-0.0008327426867763984,2.1664263102508932e-09,0.07528140502390948,0.4636475807128732,0,0.25545764059598036
7.3507199999998445,1.7722106387951604,0.8861053193975802,0.9990676554807744,0.16736749952203087,0.08368374976101543,0.0009051666145527008,1.6378876126923698,1.1238120568173822,1.070119241457694,0.0893852688155609,0.25597483747076194,-0.04212210126577703,1.625989780313456,1.0521034583226532,1.029944856500655,0.13745761498004158,0.12089077231139338,-0.05210212059227538,0.09000117304571391,0.09000117304571391,0.0,-0.10748207213253091,-0.05374103606626546,-0.0008294352505846966,2.1242590629379567e-09,0.07506521312749717,0.4636475811835844,0,0.2546779547073885
7.354879999999844,1.7729059993918503,0.8864529996959252,0.9990714118622052,0.16688654320559437,0.08344327160279719,0.0009015315433985913,2.076756583173652,1.3138820799756998,0.6971735373093426,0.0359106085377662,-0.22818824742919797,-0.11066643986556943,1.8514531316254244,1.1825195165668028,0.8633260606346986,0.08567958795356402,-0.0534054730142987,-0.08108013709926926,0.09000117304571391,0.09000117304571391,0.0,-0.1072139785697126,-0.0536069892848563,-0.0008261408085359274,2.0829106133530596e-09,0.07484957207751504,0.46364758164646297,0,0.2539005093854629
7.359039999999844,1.7735993611171075,0.8867996805585537,0.9990751531580347,0.16640681406169694,0.08320340703084847,0.0008979109990979291,1.6603117003379655,0.7110587558700919,0.8886928849986367,0.1609699095246114,0.17538974886352734,0.05619940586968522,1.756215655837855,0.9471514337215812,0.8761278930148936,0.12343310094818684,0.06059716857773327,-0.01309807210889847,0.09000117304571391,0.09000117304571391,0.0,-0.10694634441380729,-0.053473172206903646,-0.0008228593102432764,2.042365097836606e-09,0.07463448085486973,0.46364758210163926,0,0.253125298913223
7.363199999999844,1.7742907290746461,0.8871453645373231,0.9990788794285513,0.1659283098092987,0.08296415490464935,0.0008943049239899042,2.0159668926055625,1.0249311994025454,1.0913916380994337,0.26872544033654683,0.04302562022797503,0.057055384057423,1.8866532274874688,0.9861328819544254,0.9838796772014989,0.19549558089657526,0.051077274105529785,0.02210312683329585,0.09000117304571391,0.09000117304571391,0.0,-0.10667917019900086,-0.05333958509950043,-0.000819590705452857,2.0026069656532915e-09,0.07441993843995856,0.4636475825492414,0,0.2523523175843163
7.367359999999843,1.7749801083586725,0.8874900541793362,0.999082590733804,0.16545102816631346,0.08272551408315673,0.0008907132606412423,2.2732269215155987,1.2143712017581016,1.062725535614617,0.17993099634634502,0.06714803893114918,0.0697786491106631,2.0803157892723756,1.100392949262135,1.023447354137281,0.18831124818636388,0.059282640385620526,0.04639057093824066,0.09000117304571391,0.09000117304571391,0.0,-0.10641245644826286,-0.05320622822413143,-0.0008163349443676311,1.9636209724100654e-09,0.07420594381269019,0.4636475829893954,0,0.25158155970302193
7.371519999999843,1.7756675040538794,0.8878337520269397,0.9990862871336034,0.1649749668496524,0.0824874834248262,0.0008871359518442231,1.9761911180858593,0.8356464703344888,1.2707161190008263,0.29121827409760537,-0.08217068987208925,-0.07946173373442947,2.028858199627305,0.9678469699050923,1.1469178426904727,0.23987885365193742,-0.011447142884732227,-0.016361136487780568,0.09000117304571391,0.09000117304571391,0.0,-0.10614620367259442,-0.05307310183629721,-0.0008130919771156459,1.9253921573362102e-09,0.07399249595250479,0.4636475834222253,0,0.25081301958425617
7.375679999999843,1.776352921235443,0.8881764606177215,0.9990899686875226,0.1645001235752708,0.0822500617876354,0.0008835729406168943,2.0867039031808425,1.0521167130565678,0.9969507881704487,0.05764406111069098,0.1085318954741457,-0.1833905141698688,2.0579014459958094,1.0102078445835012,1.0715511178553465,0.1487289546730367,0.048693258288005796,-0.09952794894948047,0.09000117304571391,0.09000117304571391,0.0,-0.10588041237177159,-0.052940206185885796,-0.0008098617541803738,1.887905856903397e-09,0.07377959383839451,0.4636475838478529,0,0.25004669155357695
7.3798399999998425,1.7770363649690188,0.8885181824845094,0.9990936354548985,0.16402649605821185,0.08201324802910592,0.0008800241702014955,1.6480496764066146,1.135396391289859,1.0201628609466291,0.16501305998743182,0.12579289664028837,0.07468237450623408,1.853316569524108,1.0730652843186466,1.046011930798752,0.1565555486871633,0.08692809327053645,-0.012416538998310078,0.09000117304571391,0.09000117304571391,0.0,-0.1056150830343422,-0.0528075415171711,-0.0008066442260827871,1.8511476838801406e-09,0.07356723644892355,0.463647584266398,0,0.2492825699471873
7.383999999999842,1.7777178403107383,0.8888589201553692,0.9990972874948321,0.16355408201265023,0.08177704100632512,0.0008764895840642367,2.330208733493879,1.0719204990480786,0.9111391211914905,0.23277488364654886,0.24872967033336524,-0.06536755632109412,2.0922509929541695,1.0730105622547632,0.9784383053246013,0.19425671579512743,0.16766076134175817,-0.03873753901903595,0.09000117304571391,0.09000117304571391,0.0,-0.10535021613740808,-0.05267510806870404,-0.0008034393437049451,1.8151035390634848e-09,0.07335542276224792,0.46364758467797856,0,0.24852064911194005
7.388159999999842,1.7783973523072047,0.8891986761536024,0.99910092486619,0.1630828791519369,0.08154143957596845,0.0008729691258936648,1.9293292903928272,1.0969766388342828,1.0057787798803979,0.12834339452584687,0.11296268902804651,-0.061460440247005935,2.0110564324099496,1.085229629806993,0.9919823411703775,0.16107334874760995,0.13988129100692526,-0.05079147058740093,0.09000117304571391,0.09000117304571391,0.0,-0.10508581214683504,-0.05254290607341752,-0.0008002470580791548,1.7797595810625988e-09,0.07314415175613537,0.4636475850827104,0,0.2477609234053418
7.392319999999842,1.7790749059954907,0.8895374529977453,0.9991045476276049,0.16261288518864267,0.08130644259432133,0.0008694627395999977,1.7967124117538735,0.8105770366597047,1.0610419574639274,0.058655039455829866,0.12267208330612273,0.12174504273474744,1.9040045342314513,0.9481561866242112,1.0267652327713426,0.1100576762468622,0.13146007085951256,0.03576671813173492,0.09000117304571391,0.09000117304571391,0.0,-0.10482187151757033,-0.052410935758785165,-0.0007970673202835495,1.745102244497264e-09,0.07293342240798505,0.46364758548070756,0,0.24700338719555615
7.396479999999841,1.779750506403135,0.8898752532015675,0.999108155837477,0.16214409783460076,0.08107204891730038,0.0008659703693148031,1.379365172467875,1.044131605823918,1.0040607159998314,0.02308872364566239,0.26967197026485035,0.012599922360034986,1.6417289453461466,0.9967062880620374,1.0154382634903918,0.06670412901436296,0.2001675040841165,0.02454999511110022,0.09000117304571391,0.09000117304571391,0.0,-0.10455839469363981,-0.052279197346819906,-0.0007939000817656769,1.71111822689266e-09,0.07272323369484689,0.463647585872082,0,0.24624803486140678
7.400639999999841,1.7804241585481388,0.8902120792740694,0.9991117495539745,0.1616765148009492,0.0808382574004746,0.0008624919593893815,1.671614948103755,0.7123408924225705,1.2315756825437396,-0.04234657687951465,0.10192221705373504,0.08866554557835127,1.65658506883145,0.8547331565026863,1.1236932174743453,0.01170846208980562,0.15126230289881062,0.056454470962733,0.09000117304571391,0.09000117304571391,0.0,-0.10429538210771694,-0.05214769105385847,-0.0007907452941316581,1.6777944849023115e-09,0.07251358459344076,0.46364758625694397,0,0.24549486079238186
7.404799999999841,1.7810958674389645,0.8905479337194823,0.9991153288350345,0.16121013379817492,0.08060506689908746,0.0008590274543940291,1.765316849350709,0.5284930258190044,1.1396783542526303,0.17878754135485253,0.08573070228173287,0.05585378323290366,1.7113240169256119,0.6917894507806757,1.131800877169387,0.09503338523988761,0.1183443682662332,0.05672866686164788,0.09000117304571391,0.09000117304571391,0.0,-0.10403283418208192,-0.05201641709104096,-0.0007876029089346824,1.6451182213173347e-09,0.07230447408017593,0.46364758663540184,0,0.24474385938863585
7.408959999999841,1.781765638074532,0.890882819037266,0.9991188937383642,0.16074495253615423,0.08037247626807711,0.0008555767991181736,1.228150730711226,1.9716916587257658,1.1713627607318464,0.06994074952886004,0.15773666884526602,-0.05583649942528807,1.4698792177763447,1.3320770827243755,1.1514659486732388,0.08260877026873756,0.1382860169557275,0.0004575266971869105,0.09000117304571391,0.09000117304571391,0.0,-0.10377075132808505,-0.05188537566404253,-0.0007844728782124325,1.6130768841221735e-09,0.07209590113116976,0.46364758700756215,0,0.24399502506099285
7.41311999999984,1.7824334754442162,0.8912167377221081,0.9991224443214415,0.1602809687241951,0.08014048436209754,0.0008521399385682389,1.6879469361227917,0.6133472522186142,1.0478978480827634,0.18107181332199734,0.14369351833794153,0.04405824643912885,1.5792924369795434,0.9730063889038112,1.09977357955833,0.13125217613822943,0.14081035813679926,0.02188676222011816,0.09000117304571391,0.09000117304571391,0.0,-0.10350913394625089,-0.05175456697312544,-0.0007813551540624048,1.5816581715735835e-09,0.07188786472226666,0.46364758737352973,0,0.24324835223094954
7.41727999999984,1.7830993845278456,0.8915496922639228,0.9991259806415164,0.15981818007107926,0.07990909003553963,0.0008487168179673417,1.4484641388047856,1.3256190390722151,1.097393645866867,0.28584767533093874,0.0673330691442776,-0.16152600110516652,1.514471255870204,1.1494538304512794,1.098248764623547,0.20886286570798357,0.1047504355523053,-0.07035504930831286,0.09000117304571391,0.09000117304571391,0.0,-0.10324798242659622,-0.05162399121329811,-0.0007782496888584151,1.5508500153112216e-09,0.07168036382905688,0.46364758773340764,0,0.24250383533067732
7.42143999999984,1.7837633702957,0.89188168514785,0.9991295027556112,0.15935658428510294,0.07967829214255147,0.0008453073827540457,1.1177942115259383,0.662808835148569,1.1350293018087745,0.21253226397609926,0.16174281477757868,0.003298833641947472,1.3165730897778825,0.9064647933222899,1.1166450862133819,0.21018240134027757,0.13302878068171214,-0.03302031936927183,0.09000117304571391,0.09000117304571391,0.0,-0.1029872971488423,-0.05149364857442115,-0.0007751564349323375,1.5206405774640548e-09,0.07147339742689492,0.46364758808729717,0,0.24176146880302418
7.425599999999839,1.784425437708509,0.8922127188542545,0.999133010720522,0.15889617907411666,0.07944808953705833,0.0008419115785824548,1.6737638680475024,0.7772547402705888,0.6460384924840392,0.22169720978191934,0.12025532625264676,0.006982010756949743,1.4956323383825596,0.8421099294322432,0.8813534546265086,0.21582545189739025,0.1261912666655141,-0.013231340882299046,0.09000117304571391,0.09000117304571391,0.0,-0.10272707848198542,-0.05136353924099271,-0.0007720753450044444,1.4910182575302382e-09,0.0712669644909179,0.46364758843529796,0,0.24102124710151734
7.429759999999839,1.7850855917174488,0.8925427958587244,0.9991365045928191,0.15843696214556685,0.07921848107278343,0.0008385293513204855,1.6901942718999932,1.1107766452658254,1.0454620264682348,-0.03722610488746131,0.09181133651083798,-0.03387421835365936,1.5928368311225056,0.9766387123270895,0.9633377922212919,0.08951120601536922,0.10776290285223578,-0.02324406625835855,0.09000117304571391,0.09000117304571391,0.0,-0.10246732678472209,-0.051233663392361045,-0.0007690063718654824,1.4619716763881505e-09,0.0710610639960638,0.463647588777508,0,0.24028316469036504
7.433919999999839,1.7857438372641428,0.8928719186320714,0.9991399844288484,0.15797893120653572,0.07898946560326786,0.0008351606470495184,1.6658951101660213,0.753531087649085,1.1672083077878541,0.15569490356503407,-0.0865226790817214,-0.11315090834176263,1.6296929649482028,0.8649040879373805,1.065038778214328,0.12132834487128093,0.01028932459305517,-0.06802451046858508,0.09000117304571391,0.09000117304571391,0.0,-0.10220804240544767,-0.05110402120272384,-0.000765949468593174,1.4334896655263545e-09,0.07085569491708957,0.4636475891140237,0,0.23954721604445814
7.438079999999839,1.7864001792806585,0.8932000896403293,0.9991434502847321,0.15752208396378106,0.07876104198189053,0.0008318054120630982,1.5229286350826317,1.407087487005811,1.181247782866174,0.1232396549279679,-0.0568226323966146,-0.13713997610403647,1.5765660254016005,1.135881556933112,1.1228580720546462,0.12245814592943688,-0.02334167924427067,-0.10220541272873365,0.09000117304571391,0.09000117304571391,0.0,-0.10194922568246872,-0.05097461284123436,-0.0007629045884481283,1.4055612866385957e-09,0.07065085622858919,0.4636475894449398,0,0.23881339564937148
7.442239999999838,1.7870546226895077,0.8935273113447538,0.999146902216369,0.15706641812377528,0.07853320906188764,0.0008284635928661074,1.555941850184064,1.1437933164477536,0.7663527427978185,0.18689328351930837,-0.01658382068813459,-0.10215611343615431,1.5666440331468023,1.1398043988062982,0.944392127030561,0.15394692995490242,-0.02063665191365214,-0.1029962607122491,0.09000117304571391,0.09000117304571391,0.0,-0.10169087694389506,-0.05084543847194753,-0.0007598716846623373,1.3781757997879367e-09,0.07044654690501123,0.46364758977034937,0,0.23808169800136542
7.446399999999838,1.7877071724036442,0.8938535862018221,0.9991503402794364,0.1566119313927448,0.0783059656963724,0.0008251351361747847,2.0349995202458406,0.9096822776371929,1.0201970083975418,0.22923765125434137,0.0018320547937931836,0.11757673021655753,1.8013003066417723,1.0247462829688043,0.9825384338414399,0.1923351784979115,-0.00976167312176912,0.007862978707167392,0.09000117304571391,0.09000117304571391,0.0,-0.10143299650774518,-0.05071649825387259,-0.0007568507107624293,1.3513226780199602e-09,0.07024276592067669,0.4636475900903442,0,0.2373521176073869
7.450559999999838,1.7883578333264638,0.8941789166632319,0.9991537645293902,0.15615862147670898,0.07807931073835449,0.0008218199889154161,1.5370545332973917,0.3600811212818309,1.341747209657556,0.18950957736160476,0.018422497002692544,0.1121930871794078,1.6695707833888807,0.692447528971492,1.1623778788662877,0.19042341523869682,0.004251879238687845,0.06041314181593072,0.09000117304571391,0.09000117304571391,0.0,-0.10117558468205212,-0.05058779234102606,-0.0007538416206797501,1.3249916035671375e-09,0.07003951224979632,0.46364759040501424,0,0.23662464898507046
7.4547199999998375,1.7890066103518034,0.8945033051759017,0.9991571750214662,0.15570648608151877,0.07785324304075938,0.000818518098222582,1.3866391224781707,0.8156822934756607,0.9324721355347305,0.061246756382922055,0.04406901832302716,-0.19464834471812864,1.5282324609496691,0.7541591745943736,1.0470200193696921,0.12483534526424045,0.02332183893590205,-0.06781475735017337,0.09000117304571391,0.09000117304571391,0.0,-0.10091864176507681,-0.050459320882538405,-0.0007508443682182706,1.299172452073227e-09,0.06983678486648824,0.4636475907144482,0,0.23589928666273893
7.458879999999837,1.7896535083639404,0.8948267541819702,0.9991605718106805,0.1552555229128943,0.07762776145644715,0.0008152294114395908,2.100457856623958,0.9042825406787804,1.0562500577404808,0.07369173165015126,0.040588231170649476,-0.06099915302510237,1.814501509776447,0.8293072689876291,1.0515097467663594,0.09971389695519722,0.031502651910688774,-0.06513830606202609,0.09000117304571391,0.09000117304571391,0.0,-0.10066216804520028,-0.05033108402260014,-0.0007478589073775053,1.2738552902565868e-09,0.06963458274479489,0.4636475910187332,0,0.23517602517940392
7.463039999999837,1.7902985322375924,0.8951492661187962,0.999163954951831,0.15480572967646294,0.07740286483823147,0.0008119538761175737,1.6484754054566986,1.00564943958415,1.1267922927124658,0.0745099709178838,0.07418805885370182,0.007295444691527564,1.731643039734903,0.9176331201581333,1.0891661728170612,0.08674555548939782,0.05321627432556023,-0.02866255550267286,0.09000117304571391,0.09000117304571391,0.0,-0.10040616380103035,-0.05020308190051517,-0.000744885192462263,1.249030385844063e-09,0.06943290485870021,0.4636475913179549,0,0.2344548590847664
7.467199999999837,1.7909416868379164,0.8954708434189582,0.9991673244994977,0.15435710407779704,0.07717855203889852,0.0008086914400141569,1.573179393767684,0.8616660170116366,0.96728017722692,-0.012250137683170514,0.07866600675684161,0.10731758934538192,1.6523854456667801,0.8898138491932002,1.0284460106283715,0.03686086649882568,0.06543500132710706,0.039092321744013885,0.09000117304571391,0.09000117304571391,0.0,-0.10015062930140078,-0.05007531465070039,-0.0007419231780856437,1.224688195884588e-09,0.06923175018214653,0.46364759161219754,0,0.23373578293921726
7.471359999999836,1.79158297702051,0.895791488510255,0.9991706805080439,0.1539096438224516,0.0769548219112258,0.000805442051092086,1.9782638636367444,0.7961613065953236,1.0750446840677894,0.04655725404726084,0.044188046841257676,0.04219270004070868,1.8154234671548977,0.8430788391374389,1.0518329410097937,0.04185536439711592,0.054809650332528215,0.04087888441744568,0.09000117304571391,0.09000117304571391,0.0,-0.099895564805906,-0.049947782402953,-0.0007389728185295268,1.2008193525793049e-09,0.06903111768905149,0.463647591901544,0,0.2330187913138365
7.475519999999836,1.7922224076314102,0.8961112038157051,0.999174023031617,0.1534633466159996,0.0767316733079998,0.0008022056575205168,1.8239637428217588,0.8391766781851576,0.8241637614439998,-0.0010053472970781296,0.17602579632816484,0.11258125847739786,1.819691587104656,0.8414922316931001,0.9382321072580334,0.020421284456686343,0.11619286394303321,0.07615645881157845,0.09000117304571391,0.09000117304571391,0.0,-0.09964097056415283,-0.049820485282076415,-0.0007360340689235049,1.1774146756255363e-09,0.06883100635332448,0.4636475921860757,0,0.23230387879039419
7.479679999999836,1.7928599835070937,0.8964299917535469,0.9991773521241489,0.15301821016407074,0.07650910508203537,0.0007989822076714115,2.1654799008452423,1.016969203326205,0.8093356008299111,0.3111684672944771,0.1652167075565308,0.02950734863048292,1.9932344757372698,0.9295760575881451,0.8738437585918525,0.16621346780887333,0.14047746376084994,0.05310796931327628,0.09000117304571391,0.09000117304571391,0.0,-0.09938684681650845,-0.04969342340825422,-0.0007331068839645264,1.154465158959863e-09,0.06863141514888338,0.46364759246587284,0,0.23159103996134972
7.4838399999998355,1.7934957094744788,0.8967478547372394,0.9991806678393578,0.1525742321723867,0.07628711608619335,0.0007957716501212536,1.9616025352619721,0.477656239285726,0.8941624463276396,0.28954390226787763,0.16943696270568998,-0.1563861180606955,1.9780213619932336,0.7039646546369882,0.8836777811709536,0.22746931805814966,0.15531860753338936,-0.051536764147014184,0.09000117304571391,0.09000117304571391,0.0,-0.09913319379420804,-0.04956659689710402,-0.0007301912188813274,1.1319619724563366e-09,0.06843234304967089,0.46364759274101414,0,0.23088026942985093
7.487999999999835,1.7941295903509238,0.8970647951754619,0.999183970230748,0.15213141034679623,0.07606570517339811,0.00079257393364877,1.5414913445384737,0.6821829082978565,0.8014506978591477,0.10898049182911354,0.04972782963318076,0.10167531861597444,1.759980603608713,0.6931782121251892,0.8427753723837582,0.16793018215171338,0.1019767059120327,0.02495054005309472,0.09000117304571391,0.09000117304571391,0.0,-0.09888001171871386,-0.04944000585935693,-0.000727287029009756,1.1098964627755868e-09,0.06823378902967056,0.4636475930115771,0,0.2301715618097344
7.492159999999835,1.7947616309442294,0.8973808154721147,0.9991872593516115,0.15168974239331284,0.07584487119665642,0.0007893890072343826,1.0984906756921418,0.8413593700903804,0.5408265450918162,0.07063978968559392,0.05416551222960604,-0.04300295481752067,1.4293785931268934,0.7673806496535968,0.6917096277414692,0.1189769665305275,0.07895940887192497,-0.009130903658781029,0.09000117304571391,0.09000117304571391,0.0,-0.09862730080267734,-0.04931365040133867,-0.0007243942696880156,1.0882601371360285e-09,0.0680357520629232,0.4636475932776379,0,0.2294649117255238
7.496319999999835,1.7953918360526384,0.8976959180263192,0.9991905352550283,0.15124922601814844,0.07562461300907422,0.0007862168200601411,2.171094269474953,1.0304187134060445,0.9159393695347832,0.18816993369981877,-0.02706159940176041,0.10760593524216466,1.8006343233901427,0.898845388464856,0.8040489900126726,0.15293722149034056,0.02588179935918642,0.049660339007421464,0.09000117304571391,0.09000117304571391,0.0,-0.09837506124929918,-0.04918753062464959,-0.0007215128966870082,1.067044663526138e-09,0.06783823112354256,0.4636475935392714,0,0.22876031381242978
7.500479999999834,1.7960202104648373,0.8980101052324186,0.999193797993868,0.15080985892774967,0.07540492946387484,0.0007830573215078373,2.015267145016563,1.3838950335891291,1.1406309897869444,0.26870292071566526,0.07453237172648028,0.06594453511204741,1.9085122085528212,1.141529117494857,0.9724796818467709,0.21029422134249148,0.049969719867618,0.0577177266035014,0.09000117304571391,0.09000117304571391,0.0,-0.09812329325275715,-0.049061646626378574,-0.0007186428658924053,1.0462418791372653e-09,0.06764122518573146,0.4636475937965513,0,0.22805776271634842
7.504639999999834,1.7966467589599575,0.8983233794799788,0.9991970476207894,0.15037163882883242,0.07518581941441621,0.0007799104611584363,1.4611808887909583,0.8294417689996079,0.8126660843053134,0.2217530623030731,0.21477040855485097,-0.12562833700253465,1.6853048313070427,0.9859307692509355,0.8923111769016328,0.21593976432282644,0.1319779101616818,-0.03428756538519934,0.09000117304571391,0.09000117304571391,0.0,-0.09787199699852828,-0.04893599849926414,-0.0007157841329857267,1.0258437751511356e-09,0.06744473322379735,0.4636475940495501,0,0.22735725309385954
7.508799999999834,1.7972714863075758,0.8986357431537879,0.9992002841882427,0.1499345634284151,0.07496728171420755,0.000776776188792869,1.3235484324798497,1.2932719304647833,0.9785227338185034,0.0423501330417559,-0.1809642247936675,-0.10843854603877545,1.5045134355710377,1.1392269590544835,0.9351922059437807,0.12855596240304315,-0.024405286218699376,-0.07145271775339763,0.09000117304571391,0.09000117304571391,0.0,-0.09762117266253478,-0.04881058633126739,-0.0007129366544094389,1.005842497460274e-09,0.06724875421216768,0.46364759429833896,0,0.22665877961222647
7.5129599999998335,1.7978943972677168,0.8989471986338584,0.9992035077484693,0.14949863043385536,0.07474931521692768,0.0007736544543887643,1.7133039459252941,0.8668545945415269,0.9411240616883085,0.16149281704359233,0.08792056252096696,0.02527909156552249,1.6092458950311643,1.0032229416118472,0.9382115021878712,0.14509781405159627,0.031174154601265904,-0.02345223148694509,0.09000117304571391,0.09000117304571391,0.0,-0.09737082041242778,-0.04868541020621389,-0.0007101003864075171,9.862303470282163e-10,0.06705328712540579,0.46364759454298804,0,0.22596233694939313
7.517119999999833,1.7985154965908539,0.8992577482954269,0.9992067183535032,0.14906383755288158,0.07453191877644079,0.0007705452081212133,1.6348904326077265,0.49393201503326595,1.0580271769746008,0.2491411534071203,0.05006771078297516,0.0011047835394570548,1.6225851304994328,0.7486797048225055,0.998122987556089,0.1977951891607634,0.03982592097293423,-0.011421315270387481,0.09000117304571391,0.09000117304571391,0.0,-0.09712094040673414,-0.04856047020336707,-0.0007072752853480345,9.669997689673859e-10,0.0668583309382258,0.46364759478356615,0,0.2252679197939832
7.521279999999833,1.7991347890179106,0.8995673945089553,0.9992099160551713,0.14863018249362778,0.07431509124681389,0.0007674484003621782,1.927409319526797,0.8403125212474948,0.5617267431014539,0.18741122733710927,0.052324033971772786,-0.15215682371720654,1.7753891451351689,0.7946072160152975,0.779605232517394,0.19261482545122546,0.04529074275280673,-0.08173324435776956,0.09000117304571391,0.09000117304571391,0.0,-0.0968715327951783,-0.04843576639758915,-0.0007044613079396638,9.481433637313769e-10,0.06666388462550799,0.463647595020141,0,0.22457552284529808
7.525439999999833,1.7997522792802634,0.8998761396401317,0.999213100905095,0.14819766296466733,0.07409883148233366,0.000764363981678984,2.366923690794768,0.7261320747544954,1.0669780842075995,0.29277541835338633,0.08231840906024047,-0.04595579076298321,2.07176943686425,0.7605413381156472,0.9231985804520227,0.2427294410535268,0.06334445399546473,-0.06408622027699172,0.09000117304571391,0.09000117304571391,0.0,-0.09662259771911169,-0.048311298859555846,-0.0007016584111275877,9.296538594044043e-10,0.06646994716231391,0.46364759525277927,0,0.22388514081331437
7.529599999999832,1.8003679720997428,0.9001839860498714,0.9992162729546901,0.14776627667504477,0.07388313833752239,0.0007612919028332806,1.7867127132054657,0.7923001780835226,0.38025748229628475,0.13742887376378873,0.16844780546336827,-0.13839081228178288,1.9295249176403557,0.7767716460626437,0.6514389021648855,0.1900910747102258,0.11574553797272755,-0.10244493086664333,0.09000117304571391,0.09000117304571391,0.0,-0.09637413531098038,-0.04818706765549019,-0.0006988665516678258,9.115241450305088e-10,0.06627651752390112,0.46364759548154644,0,0.22319676841868233
7.533759999999832,1.8009818721886357,0.9004909360943179,0.9992194322551683,0.1473360213343099,0.07366801066715495,0.0007582321147817261,1.6903404370003168,0.5299718404425667,0.8489698915215125,0.065932943846968,0.11094170005536363,0.043227038884742996,1.810069374322838,0.6536003053328667,0.7502964450162695,0.1274275197839771,0.11356821216331177,-0.029981285553733344,0.09000117304571391,0.09000117304571391,0.0,-0.09612614569486128,-0.04806307284743064,-0.0006960856868781615,8.937472262158919e-10,0.06608359468573818,0.46364759570650693,0,0.2225104003927231
7.537919999999832,1.801593984249688,0.900796992124844,0.9992225788575377,0.1469068946525496,0.0734534473262748,0.0007551845686735981,1.7294754584113994,0.9840150060321304,0.9824593230525451,0.09835576668073406,0.020380572189101942,0.010593782193246724,1.7699766667022634,0.8188528449082167,0.8664031578332066,0.11277946891740054,0.06674659303531524,-0.010472652369841538,0.09000117304571391,0.09000117304571391,0.0,-0.0958786289863574,-0.0479393144931787,-0.0006933157739992942,8.763162584412348e-10,0.06589117762351922,0.4636475959277241,0,0.2218260314774262
7.542079999999832,1.8022043129761063,0.9011021564880531,0.9992257128126038,0.14647889434042025,0.07323944717021012,0.0007521492158510245,1.6363460829112904,1.15266903544709,1.1721237874043824,0.12580819498101317,0.15592868995741094,0.03239895260599047,1.7034211974898013,0.9860871000609739,1.0193334112841688,0.11973518703413703,0.1115738570090448,0.010763017587864585,0.09000117304571391,0.09000117304571391,0.0,-0.09563158529260041,-0.047815792646300204,-0.0006905567705177613,8.592245220844955e-10,0.06569926531317849,0.4636475961452602,0,0.22114365642544714
7.546239999999831,1.8028128630515612,0.9014064315257806,0.9992288341709697,0.14605201810917978,0.07302600905458989,0.0007491260078478838,1.6997936278446306,0.2651579034797903,0.9131666500873006,0.2282987705158862,0.0934847931428895,-0.006802273041184301,1.7020823281469928,0.6258113767357067,0.9662354433081068,0.1739686476638301,0.10278339876627793,0.001835296327703669,0.09000117304571391,0.09000117304571391,0.0,-0.09538501471257349,-0.047692507356286745,-0.0006878086340615162,8.424654349123235e-10,0.06550785673090487,0.46364759635917646,0,0.22046327000010413
7.550399999999831,1.803419639150189,0.9017098195750946,0.9992319429830381,0.1456262636707188,0.0728131318353594,0.0007461148963891682,1.7324498972847022,0.6849503836080882,1.834894961030189,0.16432463923690144,-0.07639601073614471,0.06170930303362191,1.7176091732853909,0.6552226261867771,1.4006993294814611,0.16863872362652743,0.013092803000970333,0.031914967348812606,0.09000117304571391,0.09000117304571391,0.0,-0.09513891733668656,-0.04756945866834328,-0.0006850713225093471,8.260325388968663e-10,0.06531695085315596,0.4636475965695332,0,0.2197848669753758
7.554559999999831,1.8040246459365958,0.9020123229682979,0.9992350392990106,0.14520162873759324,0.07260081436879662,0.0007431158333898358,1.8995087704080642,0.4622043242741735,0.696956729679413,0.2032405889173301,0.13298314700408057,0.07502908467312162,1.8089824067213254,0.5589901882648128,1.04898036834151,0.1862127090641892,0.07232702900744388,0.05288991649918196,0.09000117304571391,0.09000117304571391,0.0,-0.09489329324752688,-0.04744664662376344,-0.0006823447936722834,8.099194991752858e-10,0.06512654665667253,0.46364759677638956,0,0.21910844213589725
7.5587199999998305,1.8046278880658586,0.9023139440329293,0.9992381231688896,0.14477811102305393,0.07238905551152697,0.0007401287709550338,1.904701356072931,1.004493832058085,0.781902391364286,0.2481340163654877,-0.03019660828223314,-0.08079509728553495,1.8573598081286529,0.7816824539222836,0.9152728162649462,0.21661864498232353,0.021007136052014395,-0.014596405820756624,0.09000117304571391,0.09000117304571391,0.0,-0.09464814251911391,-0.047324071259556955,-0.0006796290057236036,7.941201007539606e-10,0.06493664311849229,0.46364759697980384,0,0.21843399027695787
7.56287999999983,1.8052293701835298,0.9026146850917649,0.9992411946424786,0.14435570824107935,0.07217785412053968,0.0007371536613785066,1.6149972910532477,0.4201935590510424,0.8013213605304303,0.1508271730833024,-0.05810216000604132,-0.15994228998042037,1.7364907130600828,0.6008148252359201,0.8579641260420334,0.18365823042781512,-0.01863816732462234,-0.08750543072817564,0.09000117304571391,0.09000117304571391,0.0,-0.09440346521775705,-0.04720173260887853,-0.0006769239168805761,7.78628255187259e-10,0.06474723921596415,0.46364759717983334,0,0.217761506204497
7.56703999999983,1.8058290969256399,0.9029145484628199,0.9992442537693834,0.14393441810640464,0.07196720905320232,0.0007341904571423633,1.5111233689923533,0.8134943112525551,0.9005628731295874,0.21487171659465787,0.23251565233482674,0.02581619884073609,1.6242536296719188,0.7076406582351566,0.8793168694054514,0.1986673459624337,0.10645338293044082,-0.03055124468354024,0.09000117304571391,0.09000117304571391,0.0,-0.09415926140163156,-0.04707963070081578,-0.0006742294858348005,7.63437992814695e-10,0.0645583339267618,0.4636475973765343,0,0.21709098473510086
7.57119999999983,1.8064270729187004,0.9032135364593502,0.9992473005990122,0.14351423833455262,0.07175711916727631,0.0007312391109150036,1.7960910330030213,1.3187064563251016,0.7194773554326178,0.17805995249223447,0.08396710157372636,0.03636461419151648,1.7105445931560932,1.01335334046763,0.7994718394855981,0.18802844378330358,0.0947990572391445,0.0028022912477412734,0.09000117304571391,0.09000117304571391,0.0,-0.09391553112088846,-0.04695776556044423,-0.0006715456708988538,7.485434561039494e-10,0.06436992622889748,0.4636475975699622,0,0.21642242069599885
7.575359999999829,1.8070233027797082,0.9035116513898541,0.999250335180577,0.14309516664186417,0.07154758332093208,0.0007282995755526364,1.956024767236539,0.9646532015016517,0.9374083434596662,0.08113356071814487,0.12193256884096462,0.17255230618153217,1.8334552376797033,0.9892560509992296,0.8687990659756859,0.1345473104593404,0.10860228395408379,0.08809653568554096,0.09000117304571391,0.09000117304571391,0.0,-0.09367227441808534,-0.04683613720904267,-0.0006688724309707249,7.339388990979378e-10,0.0641820151007356,0.46364759776017145,0,0.21575580892505927
7.579519999999829,1.807617791116148,0.903808895558074,0.9992533575630941,0.14267720074552684,0.07133860037276342,0.0007253718040967807,1.7623424459926136,0.7010767856202064,0.9430639967258374,-0.04666877279211973,0.017480593598189487,-0.06391145153551109,1.7978023890148145,0.8452008043423165,0.9057980687569557,0.04341498197877668,0.0630263834539856,0.012606332472134517,0.09000117304571391,0.09000117304571391,0.0,-0.09342949132754874,-0.04671474566377437,-0.0006662097248949679,7.196186899139018e-10,0.06399459952100596,0.4636475979472156,0,0.21509114427078627
7.583679999999829,1.8082105425259962,0.9041052712629981,0.9992563677953848,0.14226033836360624,0.07113016918180312,0.0007224557497744033,1.4942032248588475,0.9217186387921718,1.3084313744186251,0.055146098675930885,0.1022626393103196,0.030439097906332542,1.6461150429381308,0.8836729634524342,1.107181596863085,0.04944416282549618,0.08264049092614359,0.021163149777411912,0.09000117304571391,0.09000117304571391,0.0,-0.09318718187612551,-0.04659359093806276,-0.0006635575118927066,7.055773064418394e-10,0.06380767846881746,0.46364759813114736,0,0.2144284215923151
7.5878399999998285,1.8088015615977258,0.9044007807988629,0.9992593659260764,0.14184457721507418,0.07092228860753709,0.0007195513659962784,1.8798476358366218,1.0186396367902115,0.7292013234472146,0.054689293895556615,-0.032912010424786906,0.022389969324073725,1.7630975258010868,0.9510902036173297,0.9182365340155363,0.05168233158040496,0.024191205140951556,0.02122434125237064,0.09000117304571391,0.09000117304571391,0.0,-0.0929453460830802,-0.0464726730415401,-0.0006609157509221207,6.918093341937212e-10,0.0636212509236711,0.46364759831201846,0,0.21376763575940763
7.591999999999828,1.8093908529103084,0.9046954264551542,0.9992623520036029,0.1414299150198373,0.07071495750991864,0.0007166586063580238,1.6902361282484877,0.6020921465027564,1.0195703362645157,0.14689980414571352,-0.00308233025324732,-0.00011510353109176526,1.72697369357683,0.7765818804288858,0.968903178237834,0.09840548353543944,0.010768407449847901,0.010905347482958827,0.09000117304571391,0.09000117304571391,0.0,-0.09270398395967083,-0.046351991979835416,-0.0006582844016432151,6.783094541258665e-10,0.06343531586547302,0.4636475984898799,0,0.213108781652449
7.596159999999828,1.80997842103322,0.90498921051661,0.9992653260762056,0.14101634949876735,0.07050817474938367,0.0007137774246371056,1.7865183501874875,0.32344494156793535,1.3266694636023435,0.10742669655656747,0.018554026431671256,-0.011680011249694231,1.756968685965225,0.5500489587715001,1.1477645609242733,0.10349106637621959,0.014599768865019052,-0.000400611274459987,0.09000117304571391,0.09000117304571391,0.0,-0.09246309550990123,-0.046231547754950614,-0.0006556634234580454,6.65072464305709e-10,0.06324987227454773,0.4636475986647817,0,0.21245185416244217
7.600319999999828,1.8105642705264438,0.9052821352632219,0.9992682881919338,0.14060387837372862,0.07030193918686431,0.0007109077747938342,1.7311746486813824,0.9723789836857462,1.0292085510661775,0.12468687918038196,0.07206256400608549,-0.09245629430958971,1.744331406858825,0.7613659507306201,1.0882928061730923,0.11381115901565843,0.04374282812447755,-0.04612741093432786,0.09000117304571391,0.09000117304571391,0.0,-0.09222268073020451,-0.046111340365102255,-0.0006530527760471457,6.520932574384874e-10,0.06306491913165085,0.46364759883677314,0,0.21179684819100364
7.604479999999827,1.8111484059404754,0.9055742029702377,0.9992712383986462,0.14019249936760642,0.07009624968380321,0.0007080496109701567,2.1595729911915056,0.3677990357900446,1.1071581605488396,0.2396496630755301,0.22891867586762393,-0.04174198170993793,1.9524534150340411,0.5650576541362106,1.0976384061034907,0.17679638904676503,0.13546749658960092,-0.043748815584760764,0.09000117304571391,0.09000117304571391,0.0,-0.09198273960955405,-0.04599136980477703,-0.0006504524193721934,6.393668235083788e-10,0.06288045541798185,0.46364759900590263,0,0.2111437586503587
7.608639999999827,1.8117308318163268,0.9058654159081634,0.9992741767440108,0.13978221020433518,0.06989110510216759,0.000705202887488387,1.7940430746257732,0.783017330752667,0.9403099106685854,0.14693777996745505,0.07683108211173954,-0.11896271946338118,1.8735527640371668,0.6741996503573459,1.0187261099513056,0.16186833334771777,0.10575571166932857,-0.08158726828169033,0.09000117304571391,0.09000117304571391,0.0,-0.09174327212946787,-0.045871636064733934,-0.0006478623133574163,6.268882483235085e-10,0.06269648011519674,0.4636475991722178,0,0.2104925804633366
7.612799999999827,1.8123115526855307,0.9061557763427653,0.999277103275506,0.13937300860892654,0.06968650430446327,0.0007023675588513088,1.4159202304670355,1.0300631059369314,1.0881283842628156,-0.025156479641218643,0.05677471892685995,-0.054716755882064844,1.6446815636202259,0.8522538222855492,1.0533152680965674,0.06808257009481827,0.08037195983274568,-0.06880026923406234,0.09000117304571391,0.09000117304571391,0.0,-0.0915042782643336,-0.0457521391321668,-0.0006452824181054301,6.146527183395696e-10,0.06251299220542068,0.46364759933576555,0,0.2098433085633652
7.6169599999998265,1.8128905730701452,0.9064452865350726,0.9992800180404215,0.13896489230749623,0.06948244615374811,0.0006995435797413854,1.9516556044867603,1.3455999486608103,1.060566554578421,-0.05996881478244673,-0.1199010846729751,0.10215541300858416,1.7980469701798787,1.098682686375801,1.0571531839069979,0.0035979531024311457,-0.02058815678568657,0.01679090798154186,0.09000117304571391,0.09000117304571391,0.0,-0.09126575798098568,-0.04563287899049284,-0.0006427126938995686,6.026555105816232e-10,0.06232999067126026,0.46364759949659184,0,0.20919593789446642
7.621119999999826,1.813467897482759,0.9067339487413795,0.9992829210858591,0.1385578590272924,0.0692789295136462,0.0006967309050198917,2.385692071057336,0.5939379410508441,0.9576527739103025,0.2894975854217647,0.04565976188006434,0.047147418417338126,2.0924761273864463,0.8464005889780989,1.0075002944404519,0.14636205699115204,0.013091145801996431,0.03199293264272894,0.09000117304571391,0.09000117304571391,0.0,-0.09102771123935088,-0.04551385561967544,-0.0006401531014203874,5.908919931561145e-10,0.062147474495815994,0.46364759965474195,0,0.20855046341125033
7.625279999999826,1.8140435304264952,0.9070217652132476,0.999285812458733,0.1381519064967216,0.0690759532483608,0.0006939294897252492,1.8584072559823153,0.9316111198795922,0.755067811638472,-0.006176492317136489,-0.005952987622360975,-0.005643798406960935,1.975428153583788,0.8889936688336019,0.8812705045318088,0.06964732616457996,0.0037625431980478326,0.013197737313038298,0.09000117304571391,0.09000117304571391,0.0,-0.09079013799202601,-0.045395068996013005,-0.0006376036011061475,5.793576268946595e-10,0.06196544266269443,0.46364759981026044,0,0.2079068800789102
7.629439999999826,1.8146174763950176,0.9073087381975088,0.9992886922057709,0.1377470324453763,0.06887351622268816,0.0006911392890739138,1.726407778305474,0.23576705430928835,1.3068288668991703,0.07976080742559939,0.1322836501930459,0.03717178010410745,1.8510838592556238,0.5626512516286101,1.0941293713236595,0.07386884441673096,0.06786347618232158,0.025475790745961197,0.09000117304571391,0.09000117304571391,0.0,-0.0905530381846032,-0.0452765190923016,-0.0006350641536892426,5.680479550737076e-10,0.06178389415602027,0.4636475999631911,0,0.20726518287321669
7.633599999999825,1.8151897398725345,0.9075948699362673,0.9992915603735144,0.1373432346040612,0.0686716173020306,0.0006883602584591269,1.5944206534622143,0.5526614703759687,1.2741678215765981,0.1663428929378882,0.16616663677085292,-0.03449833309096544,1.7230961223238856,0.558003381252775,1.1840785010603538,0.12025690277921033,0.11630271077763106,-0.004699923334573707,0.09000117304571391,0.09000117304571391,0.0,-0.09031641175567501,-0.045158205877837504,-0.000632534720091778,5.569586107643822e-10,0.06160282796044836,0.46364760011357703,0,0.20662536678051222
7.637759999999825,1.8157603253338046,0.9078801626669023,0.9992944170083204,0.13694051070481938,0.06847025535240969,0.0006855923534500344,1.971151046756024,0.8425441064834274,1.2481668014187555,0.18486579733205838,0.08021668630512661,0.05310975116760572,1.8475103084101048,0.7004427294012412,1.2162326400710333,0.15232995645463548,0.09819176173809717,0.02464664420058677,0.09000117304571391,0.09000117304571391,0.0,-0.09008025863673252,-0.04504012931836626,-0.0006300152615349871,5.460853135685074e-10,0.06142224306117556,0.4636476002614605,0,0.2059874267977054
7.641919999999825,1.816329237244142,0.908164618622071,0.9992972621563613,0.136538858480959,0.0682694292404795,0.0006828355297903858,1.591298794549291,0.8664121517570675,0.8706263939961163,0.17878441358660369,-0.08464873481497982,0.28610280402705796,1.7197756763690544,0.7832513385972717,1.0440229495209987,0.16504996369752983,0.007358509763240578,0.15498998041171436,0.09000117304571391,0.09000117304571391,0.0,-0.08984457875249119,-0.044922289376245594,-0.0006275057391135551,5.35423861047727e-10,0.061242138443952585,0.46364760040688324,0,0.20535135793226506
7.646079999999825,1.8168964800594214,0.9084482400297107,0.9993000958636254,0.13613827566707865,0.06806913783353932,0.0006800897433989855,1.7201483242856908,1.0719860933700975,1.6040294324256663,-0.00208565925341056,0.061551652490023395,-0.17569573604850935,1.7199579426772693,0.9277522582181135,1.323666026522723,0.08135924526085384,0.032770522952251496,-0.01098514071510491,0.09000117304571391,0.09000117304571391,0.0,-0.08960937202068242,-0.04480468601034121,-0.0006250061141182071,5.24970136928073e-10,0.061062513095095625,0.46364760054988613,0,0.20471715520221417
7.650239999999824,1.8174620582260843,0.9087310291130422,0.9993029181759187,0.13573875999909338,0.06786937999954669,0.0006773549503688384,2.098692566238997,0.8314996213580308,1.3414654091513043,0.3412601775245214,0.014998937151542137,0.04143960853857716,1.9100390818126123,0.8796571958885456,1.332652998795948,0.21063629041102544,0.023533762320310035,0.014760722837876895,0.09000117304571391,0.09000117304571391,0.0,-0.0893746383524866,-0.0446873191762433,-0.0006225163481451243,5.147201027122414e-10,0.060883366001498025,0.4636476006905094,0,0.2040848136361235
7.654399999999824,1.8180259761811437,0.9090129880905718,0.9993057291388644,0.1353403092142592,0.0676701546071296,0.0006746311069657745,2.232474774114523,0.6373880790560058,0.974663232116206,0.26429790980063717,0.02653000626316155,0.11550999330022699,2.071809329053248,0.7585753898760964,1.153895092787835,0.23726513253516676,0.0253846090561468,0.06550159059727026,0.09000117304571391,0.09000117304571391,0.0,-0.08914037765200422,-0.04457018882600211,-0.0006200364028844389,5.046698004246235e-10,0.06070469615064149,0.46364760082879275,0,0.20345432827310586
7.658559999999824,1.8185882383521903,0.9092941191760952,0.9993085287979045,0.13494292105119973,0.06747146052559987,0.0006719181696280151,2.0633140620334713,0.8724798133771888,1.4701974349169393,0.01755860198683018,-0.11449475794433335,0.12939574195307926,2.067598388580355,0.8152903856352925,1.3123165322841874,0.12731480413345536,-0.044609943914880525,0.09796593345187132,0.09000117304571391,0.09000117304571391,0.0,-0.08890658981690253,-0.04445329490845126,-0.0006175662400151457,4.9481534426937e-10,0.06052650253060775,0.46364760096477503,0,0.20282569416280935
7.6627199999998235,1.8191488491573984,0.9095744245786992,0.9993113171983002,0.1345465932499299,0.06727329662496495,0.0006692160949661498,1.6537915276409527,0.6137738167215402,0.4198141269678419,0.13871198948145855,0.06380088503016619,0.030304076700468557,1.8609804969868875,0.7146635815578839,0.8661226098221894,0.13305229629641785,0.009498854575163126,0.06390186255961086,0.09000117304571391,0.09000117304571391,0.0,-0.08867327473820796,-0.04433663736910398,-0.0006151058215280256,4.85152926173875e-10,0.060348784130089636,0.46364760109849457,0,0.2021989063654108
7.666879999999823,1.8197078130055313,0.9098539065027657,0.9993140943851326,0.13415132355188084,0.06707566177594042,0.0006665248397617841,1.9566624328683049,0.9683944776166142,1.2104260186286717,0.32946644134114567,-0.04739967618618525,-0.012222207618158403,1.9095082284926164,0.841432177831908,1.038251143620886,0.23085567512454863,-0.018928840790446003,0.025920683932596368,0.09000117304571391,0.09000117304571391,0.0,-0.08844043230020471,-0.044220216150102354,-0.0006126551096212228,4.756788102338448e-10,0.06017153993840223,0.46364760122998905,0,0.20157395995160957
7.671039999999823,1.8202651342959477,0.9101325671479739,0.9993168604033034,0.13375710969992505,0.06687855484996252,0.000663844360966588,1.5594980074123364,1.0025055632779027,0.9072670323301831,0.19202576859007142,0.038058050507003297,0.021455791278911458,1.7348999894923776,0.9220497071050768,0.9728025214363462,0.21148517278078646,0.009296591784190561,0.023821908095883335,0.09000117304571391,0.09000117304571391,0.0,-0.08820806238076151,-0.044104031190380755,-0.0006102140663813214,4.663893396502843e-10,0.059994768945494006,0.46364760135929545,0,0.20095085000262056
7.675199999999823,1.8208208174186078,0.9104104087093039,0.9993196152975354,0.13336394943840024,0.06668197471920012,0.0006611746157027393,1.4522436239907546,0.5763862963563753,0.6122224404344105,0.14570305575289735,-0.08409967275747732,-0.021443241895706153,1.5938720663099917,0.7490403914091507,0.7924659971428327,0.17899292882538062,-0.03726733649857658,0.0008841664036421182,0.09000117304571391,0.09000117304571391,0.0,-0.08797616485133752,-0.04398808242566876,-0.0006077826542130187,4.5728092354464425e-10,0.05981847014195779,0.4636476014864502,0,0.20032957161016743
7.679359999999822,1.8213748667540792,0.9106874333770396,0.999322359112374,0.13297184051313313,0.06648592025656656,0.0006585155612614793,1.83542466165428,0.6859625746004595,0.877840924319504,0.05165132428200159,-0.04539523000486735,-0.07809739326597234,1.7147579911728799,0.7174063650980899,0.8349914871741909,0.11508808755729591,-0.04120778242553537,-0.03853873205240205,0.09000117304571391,0.09000117304571391,0.0,-0.08774473957688178,-0.04387236978844089,-0.0006053608357347033,4.4835003730528915e-10,0.059642642519041514,0.46364760161148905,0,0.19971011987647563
7.683519999999822,1.8219272866735436,0.9109636433367718,0.9993250918921869,0.1325807806714637,0.06629039033573185,0.0006558671551022177,1.44483415052837,0.7334583427302288,1.432401280668428,0.28754877982309796,-0.014625252433157168,0.0031063809331031405,1.5803946932337098,0.7254018859503031,1.1337067554175624,0.2001446943976215,-0.027841194052706998,-0.017588989082618387,0.09000117304571391,0.09000117304571391,0.0,-0.08751378641605312,-0.04375689320802656,-0.0006029485735666181,4.395932283118462e-10,0.05946728506865906,0.4636476017344473,0,0.1990924899142654
7.687679999999822,1.822478081538803,0.9112390407694015,0.9993278136811654,0.1321907676622685,0.06609538383113425,0.0006532293548524177,1.6291511746711516,0.7623783142490567,0.5147268111744454,0.054865165789896406,0.20671670675661863,-0.08196545348215896,1.6048871840098287,0.7443204727324103,0.8240420927223711,0.12761475201103814,0.08935102608250282,-0.04983392164018228,0.09000117304571391,0.09000117304571391,0.0,-0.08728330522122657,-0.043641652610613285,-0.0006005458305466953,4.3100711324626493e-10,0.05929239678340087,0.4636476018553595,0,0.19847667684674447
7.6918399999998215,1.8230272557022864,0.9115136278511432,0.999330524523325,0.13180179923598398,0.06590089961799199,0.0006506021183066496,1.3892438875414013,1.2387566716401068,1.8887226756019198,0.19970238637354426,0.15190594762398538,-0.12935754716218698,1.497479997230621,0.9918583373199422,1.3561201591536416,0.1633677302463089,0.12045841515838228,-0.08929485185491844,0.09000117304571391,0.09000117304571391,0.0,-0.08705329583849969,-0.043526647919249845,-0.0005981525696258012,4.2258837258501015e-10,0.05911797665654443,0.46364760197425975,0,0.1978626758076009
7.695999999999821,1.8235748135070557,0.9117874067535279,0.9993332244625059,0.13141387314462977,0.06570693657231488,0.0006479854034260626,1.7824141562166185,1.2692274502823135,0.5021444434640125,0.1718147493218981,-0.06197107135381322,0.06503974071054973,1.640307761869985,1.1304150706799194,0.9292610823651027,0.1669552021415688,0.029671742902695246,-0.011885459335035474,0.09000117304571391,0.09000117304571391,0.0,-0.08682375810769932,-0.04341187905384966,-0.0005957687537626517,4.1433374923293754e-10,0.05894402368206484,0.4636476020911815,0,0.19725048194099576
7.700159999999821,1.8241207592868134,0.9120603796434067,0.999335913542374,0.1310269871418319,0.06551349357091595,0.0006453791683382762,1.5112994544550884,0.5999247148761722,1.0694671984692092,0.05032705000339163,0.07489785300852525,0.10457799213286205,1.5759080430952614,0.8653233022346609,0.9995827775565469,0.10833178093742254,0.05163940809168252,0.046273001808079674,0.09000117304571391,0.09000117304571391,0.0,-0.0865946918626016,-0.0432973459313008,-0.0005933943464609022,4.0624005339134663e-10,0.05877053685464512,0.46364760220615764,0,0.19664009040155572
7.704319999999821,1.8246650973659087,0.9123325486829543,0.9993385918064213,0.13064113898284518,0.06532056949142259,0.0006427833713350549,1.82694500252423,0.8845160458098513,1.5737066931826744,0.20728264924867207,0.03197103621959211,0.13748558874363884,1.70185942886149,0.8749865916859785,1.286933592601893,0.15779725404091646,0.041669664165527746,0.09241498463664617,0.09000117304571391,0.09000117304571391,0.0,-0.08636609693093916,-0.04318304846546958,-0.0005910293108087115,3.9830415111421925e-10,0.05859751516968652,0.4636476023192206,0,0.19603149635436495
7.70847999999982,1.8252078320593443,0.9126039160296722,0.9993412592979666,0.13025632642457557,0.06512816321228779,0.0006401979708739908,2.1271849476160436,0.7730904190389601,1.2001233509216347,0.10542161126448177,0.05154747436180388,0.10273469428029834,1.914744789321488,0.8241457646274731,1.2437416647089214,0.13144401477061854,0.04624488759779613,0.09751877358940014,0.09000117304571391,0.09000117304571391,0.0,-0.08613797313419386,-0.04306898656709693,-0.0005886736105499284,3.9052297523968435e-10,0.05842495762331857,0.46364760243040215,0,0.1954246949749583
7.71263999999982,1.8257489676727843,0.9128744838363921,0.9993439160601565,0.1298725472256033,0.06493627361280165,0.0006376229255756768,1.67647939775461,0.7238575679546595,0.6549111573591799,0.07692177370991651,0.1606183830139235,0.04617419147335197,1.7957692761850101,0.7743359215404868,0.9494181631093869,0.10473701149822866,0.10300336559250996,0.07193082066733436,0.09000117304571391,0.09000117304571391,0.0,-0.08591032028813811,-0.042955160144069054,-0.0005863272092310706,3.828935155901836e-10,0.058252863212409356,0.4636476025397337,0,0.1948196814493125
7.71679999999982,1.8262885085025602,0.9131442542512801,0.9993465621359657,0.1294897991462038,0.0647448995731019,0.0006350581942245187,1.678380265432254,0.45456112030997686,0.9375514154033745,0.01918088594934618,0.1825458839862273,0.08616329353972947,1.7371139387095071,0.6148265083021391,0.9436645989254046,0.06191939574741306,0.14251234839158322,0.0787213098431225,0.09000117304571391,0.09000117304571391,0.0,-0.0856831382025216,-0.0428415691012608,-0.0005839900706306684,3.754128168481119e-10,0.05808123093457526,0.4636476026472459,0,0.1942164509738388
7.7209599999998195,1.8268264588356784,0.9134132294178392,0.9993491975681981,0.12910807994837004,0.06455403997418502,0.0006325037357676617,1.6544220797008098,0.8012808551418541,0.8517501048071559,0.017978763311694318,0.0418628358862866,0.11752814478888911,1.6958044696555254,0.7081418342034445,0.8979505095576321,0.040123174675688884,0.09230256274075799,0.09843683591883498,0.09000117304571391,0.09000117304571391,0.0,-0.0854564266809712,-0.0427282133404856,-0.0005816621587615939,3.680779899836467e-10,0.05791005978819093,0.4636476027529692,0,0.19361499875537527
7.725119999999819,1.8273628229498278,0.9136814114749139,0.9993518223994868,0.12872738739583514,0.06436369369791757,0.0006299595093139936,2.1204186520274804,1.301648880891958,1.3316143075193076,0.07784480888775361,0.08044797361925118,-0.15092333621879378,1.9082752864225234,1.0050661250418076,1.1144721079213609,0.05953963186803969,0.0867198287619424,-0.026506646785693616,0.09000117304571391,0.09000117304571391,0.0,-0.08523018552163936,-0.04261509276081968,-0.0005793434376592226,3.608861929886445e-10,0.05773934877239917,0.4636476028569332,0,0.19301532001117802
7.729279999999819,1.8278976051133864,0.9139488025566932,0.9993544366722957,0.12834771925409236,0.06417385962704618,0.0006274254741339671,1.7814540631972158,1.1771035493000968,1.126038810562484,0.03546372193380437,0.13577033026467808,0.011012446678553356,1.8449371398662966,1.0913687180308436,1.1202798500616327,0.047700852842067036,0.11110793343656132,-0.008424747422531423,0.09000117304571391,0.09000117304571391,0.0,-0.08500441451657031,-0.04250220725828516,-0.0005770338715972694,3.5383464206027074e-10,0.0575690968871205,0.46364760295916724,0,0.19241740996891352
7.733439999999819,1.8284308095854298,0.9142154047927149,0.9993570404289193,0.1279690732904177,0.06398453664520885,0.0006249015896585589,1.8873937200985096,1.0557791037919384,0.7594738026151602,0.20654018319107792,0.05553645758704144,-0.03411100349934771,1.8665948187769064,1.0736891473115702,0.9398040125671291,0.12735359197836413,0.08333958867964901,-0.021583997291920044,0.09000117304571391,0.09000117304571391,0.0,-0.08477911345245565,-0.04238955672622782,-0.0005747334247688638,3.469206130294787e-10,0.05739930313306292,0.4636476030597001,0,0.19182126386664972
7.737599999999818,1.8289624406157377,0.9144812203078688,0.9993596337114837,0.12759144727388946,0.06379572363694473,0.000622387815479539,1.741491310812067,1.023183745148401,0.8922841525106935,-0.0704372174016771,-0.030770748386112018,0.2365314329198013,1.8038952953512994,1.0483709653642315,0.9165355297790337,0.028656770086185886,0.026832757573323988,0.10755276032957763,0.09000117304571391,0.09000117304571391,0.0,-0.08455428210989352,-0.04227714105494676,-0.0005724420618233093,3.401414240341243e-10,0.05722996651173117,0.46364760315856013,0,0.19122687695284837
7.741759999999818,1.8294925024448019,0.9147462512224009,0.9993622165619477,0.12721483897541072,0.06360741948770536,0.0006198841113475115,2.259833522097223,1.2515242160492275,1.0236571441326534,0.19563645544050282,-0.1516459326061298,0.04374643805936027,2.032275476660406,1.1496344169781578,0.970187208090238,0.11167462070590907,-0.06279129723522771,0.07607189798659085,0.09000117304571391,0.09000117304571391,0.0,-0.08432992026414432,-0.04216496013207216,-0.0005701597473336544,3.3349445599887864e-10,0.0570610860254364,0.4636476032557751,0,0.1906342444863559
7.745919999999818,1.830020999303834,0.915010499651917,0.9993647890221026,0.12683924616772882,0.06341962308386441,0.000617390437172203,1.4255287879861036,1.218680136271897,1.1998440727519561,0.21348459584610333,0.09782547473543302,-0.14124159290514934,1.7293417080753875,1.1843610129208955,1.0847220435539917,0.1626790176435345,0.017613071267435196,-0.031885514293704065,0.09000117304571391,0.09000117304571391,0.0,-0.08410602768471087,-0.042053013842355436,-0.0005678864460121934,3.269771309562715e-10,0.056892660677305334,0.4636476033513724,0,0.1900433617363953
7.750079999999818,1.8305479354147736,0.9152739677073868,0.9993673511335734,0.1264646666254565,0.06323233331272825,0.0006149067530217816,1.7077426180569428,0.4971985257150651,0.731690431652956,0.1356706626780202,-0.06894553135409896,0.008966169290359158,1.718823680284924,0.8406331774089068,0.908223356328057,0.1494278882337605,-0.026440224494454264,-0.011914123518251265,0.09000117304571391,0.09000117304571391,0.0,-0.08388260413566673,-0.041941302067833364,-0.0005656221227124691,3.20586930350568e-10,0.056724689471289634,0.463647603445379,0,0.189454223982557
7.754239999999817,1.8310733149902947,0.9155366574951473,0.9993699029378198,0.1260910981250918,0.0630455490625459,0.0006124330191222352,1.871539595510715,0.7811405146751812,1.2236616406525955,0.0504485080920946,0.011712808249420316,0.04298925262082323,1.795288614986725,0.8109112033228701,1.0660341682553323,0.09947473777134684,-0.0075639082606386515,0.015511886628193722,0.09000117304571391,0.09000117304571391,0.0,-0.08365964937545012,-0.04182982468772506,-0.0005633667426454378,3.1432137365857364e-10,0.05655717141217498,0.4636476035378213,0,0.18886682651479061
7.758399999999817,1.8315971422338158,0.9157985711169079,0.9993724444761358,0.12571853844503872,0.06285926922251936,0.0006099691958558291,1.4730979075738162,0.9845427408036268,0.8150457878903623,0.2162575866020167,0.1102966517563976,0.027220848852178188,1.6346402804126667,0.8979566864893316,0.9405943441353913,0.15811633514743972,0.05179849950528673,0.021604221064841944,0.09000117304571391,0.09000117304571391,0.0,-0.08343716315740662,-0.04171858157870331,-0.0005611202707396235,3.081780423945063e-10,0.05639010550559022,0.46364760362872537,0,0.1882811646333951
7.762559999999817,1.8321194213395058,0.9160597106697529,0.9993749757896515,0.12534698536562552,0.06267349268281276,0.0006075152437622059,2.1235559991766157,1.4486519793413124,1.1905784450862222,0.2156968761454521,0.11701155070370067,-0.1370333776666109,1.8795501486251345,1.173551469354619,1.0653039655933436,0.18692964314557892,0.08444781201296157,-0.05811177269899231,0.09000117304571391,0.09000117304571391,0.0,-0.08321514522894169,-0.041607572614470845,-0.0005588826724984672,3.021545518668475e-10,0.05622349075801611,0.4636476037181168,0,0.1876972336490112
7.766719999999816,1.8326401564922938,0.9163200782461469,0.9993774969193329,0.12497643666912693,0.062488218334563465,0.0006050711235359682,1.9508657792023008,0.7698078974499019,0.8777301499981022,0.24384363265341477,-0.07061663201716226,0.02737791963153826,1.9157161723822815,0.9715294813499543,0.9715726849991659,0.21513210423390575,0.007164163462734555,-0.0153697393666277,0.09000117304571391,0.09000117304571391,0.0,-0.08299359533270462,-0.04149679766635231,-0.0005566539131469737,2.962485689756804e-10,0.056057326176794584,0.46364760380602077,0,0.1871150288826109
7.770879999999816,1.8331593518678762,0.9165796759339381,0.999380007905983,0.12460689013978096,0.06230344506989048,0.0006026367960277483,1.6352401867836468,1.0747483190550977,0.574881530313287,0.1641205488311473,0.15521134519069285,-0.12824976913521707,1.7758188663399428,1.0234622212230728,0.7729581806857719,0.18901247445827707,0.08129191786037093,-0.07209327273946657,0.09000117304571391,0.09000117304571391,0.0,-0.08277251320552778,-0.04138625660276389,-0.0005544339584890611,2.9045780862134905e-10,0.05589161077013714,0.463647603892462,0,0.18653454566548952
7.775039999999816,1.8336770116327255,0.9168385058163627,0.9993825087902424,0.1242383435638105,0.06211917178190525,0.0006002122222417493,2.350543460384685,0.999454859497562,0.8793424273017265,0.09163710554324947,0.09401506142252278,0.1152399091664018,2.063376236659156,1.0116545273607072,0.8263902159972393,0.14011504940796515,0.08736109536202183,0.021815249066674744,0.09000117304571391,0.09000117304571391,0.0,-0.08255189857950368,-0.04127594928975184,-0.000552222773947124,2.8478002913323125e-10,0.05572634354713395,0.46364760397746485,0,0.1859557793392553
7.779199999999816,1.834193139944098,0.917096569972049,0.9993849996125896,0.12387079472944024,0.06193539736472012,0.0005977973633373001,1.4339654763280134,1.129898995070166,0.8104100343643703,0.009075177636067008,0.10946216644844617,0.08280247035123692,1.7486860025023803,1.0710060208426893,0.8185708698956412,0.07427931980408467,0.09804762027306489,0.05296379680963109,0.09000117304571391,0.09000117304571391,0.0,-0.0823317511809245,-0.04116587559046225,-0.0005500203255261334,2.792130272085668e-10,0.05556152351776208,0.46364760406105326,0,0.18537872525582144
7.783359999999815,1.8347077409500436,0.9173538704750218,0.9993874804133422,0.12350424142691808,0.06175212071345904,0.0005953921806263449,2.5287226818044064,0.9667229170559108,0.7170556609007439,0.06995520900120272,0.022785020477844593,-0.10697578318184713,2.138856876643282,1.0189116969014558,0.7675906082392651,0.07136195521165596,0.06014922651671911,-0.02726488684862684,0.09000117304571391,0.09000117304571391,0.0,-0.08211207073157287,-0.041056035365786434,-0.0005478265790673704,2.7375464787188105e-10,0.055397149692894485,0.46364760414325074,0,0.18480337877739517
7.787519999999815,1.8352208187894126,0.9176104093947063,0.9993899512326572,0.12313868144853124,0.06156934072426562,0.0005929966355740846,1.1116416340924227,1.0130169776204316,1.3064751912554518,0.1667616744696095,0.11404825054175272,0.26570062697064234,1.6255882416514416,1.0162022336870604,1.037588999434961,0.11938518980194088,0.08674878209148779,0.11935333702976213,0.09000117304571391,0.09000117304571391,0.0,-0.08189285694755497,-0.04094642847377748,-0.0005456415007848523,2.684027741891298e-10,0.05523322108430805,0.46364760422408047,0,0.18422973527646955
7.791679999999815,1.8357323775918652,0.9178661887959326,0.9993924121105313,0.12277411258862704,0.06138705629431352,0.0005906106897973626,2.161217246112041,1.1602650239795738,1.1443872479557546,-0.0928605692285135,-0.0074082040993006595,-0.12796555609067042,1.8932137128118531,1.0882202664613014,1.0907212775127315,0.013098869588255516,0.03917701276226831,-0.0036032290758512215,0.09000117304571391,0.09000117304571391,0.0,-0.08167410954027052,-0.04083705477013526,-0.0005434650567325713,2.631553332270023e-10,0.0550697367046923,0.46364760430356516,0,0.18365779013581304
7.7958399999998145,1.8362424214778803,0.9181212107389402,0.9993948630868024,0.12241053264362985,0.06120526632181492,0.0005882343050652942,1.55365544456239,0.8472288839978219,0.7625295314261757,0.07097301747036729,-0.07123730327554417,0.01416994708514329,1.7235794144623389,0.9675744682918569,0.9266526230265827,0.04222937427000814,-0.015903309572163814,0.00526202799628459,0.09000117304571391,0.09000117304571391,0.0,-0.08145582821588737,-0.040727914107943686,-0.0005412972133409183,2.58010294869236e-10,0.05490669556765748,0.46364760438172725,0,0.18308753874846032
7.799999999999814,1.836750954558764,0.918375477279382,0.9993973042011495,0.1220479394120601,0.06102396970603005,0.0005858674432976222,1.8494366037477266,1.179437568590323,0.8944138073981829,0.0714862454597413,0.012191344853038605,0.13797544145078408,1.78665688176439,1.073532389032586,0.9108198837909532,0.0571912421398534,-0.0016319980733225535,0.07165386994498234,0.09000117304571391,0.09000117304571391,0.0,-0.08123801267588451,-0.04061900633794226,-0.0005391379372051783,2.5296566289810173e-10,0.05474409668774295,0.4636476044585887,0,0.18251897651770188
7.804159999999814,1.8372579809366578,0.9186289904683289,0.9993997354930935,0.12168633069455113,0.06084316534727557,0.0005835100665639932,2.1787269732908894,0.9915120944130129,0.5432525347156325,0.15330082447534013,0.04117130480619979,-0.08155895705311918,1.9830125529545193,1.0326077156839855,0.7268655702063692,0.10571078207415588,0.01956843351390153,-0.005699220374341606,0.09000117304571391,0.09000117304571391,0.0,-0.08102066261641955,-0.040510331308209774,-0.0005369871946591881,2.4801948024959735e-10,0.05458193908042503,0.4636476045341712,0,0.18195209885707497
7.808319999999814,1.8377635047045489,0.9188817523522744,0.999402157001998,0.12132570429386862,0.06066285214693431,0.000581162137084971,1.268190078059487,1.1716504317683283,1.0825199352197061,0.08400150871535361,-0.1609942131472139,-0.05192718728946037,1.625772432100836,1.1017967627015635,0.9045867482477835,0.09418539040426052,-0.07146072350268708,-0.028576503933235582,0.09000117304571391,0.09000117304571391,0.0,-0.08080377772908554,-0.04040188886454277,-0.0005348449526326824,2.431698288654872e-10,0.054420221762125354,0.463647604608496,0,0.18138690119035317
7.812479999999813,1.8382675299462776,0.9191337649731388,0.9994045687670697,0.12096605801492684,0.06048302900746342,0.0005788236172295357,1.870233995488056,1.0558695511127179,0.7502448479990304,0.3014881768495468,0.02395070414570953,-0.00048363676529193374,1.7486317631927129,1.0788838473970732,0.8274137418245947,0.19794269370526013,-0.02433576280597646,-0.01454612818263764,0.09000117304571391,0.09000117304571391,0.0,-0.08058735770049263,-0.04029367885024632,-0.0005327111779050305,2.384148310071006e-10,0.05425894375021865,0.46364760468158406,0,0.1808233789515363
7.816639999999813,1.8387700607365476,0.9193850303682738,0.9994069708273594,0.12060738966480675,0.06030369483240337,0.000576494469515613,1.8224746871926232,0.51569240408769,0.9610362423371015,0.06916173390023231,-0.003550468563002923,-0.015383645805231149,1.7856969583492854,0.7972774155394845,0.8941941150643667,0.13386720555146822,-0.014240445828590539,-0.015054027488546387,0.09000117304571391,0.09000117304571391,0.0,-0.0803714022124907,-0.04018570110624535,-0.0005305858375345739,2.337526415855582e-10,0.05409810406304067,0.4636476047534559,0,0.18026152758484074
7.820799999999813,1.8392711011409342,0.9196355505704671,0.999409363221762,0.12024969705277312,0.06012484852638656,0.0005741746566089111,2.199858984678258,1.4826254515944288,1.1000059476187776,0.22106991384774785,0.28503657432772844,0.04178789370505374,1.9932407002793417,1.140548457164826,0.9971880031080396,0.1774573600494694,0.13568659786912676,0.01354889975148452,0.09000117304571391,0.09000117304571391,0.0,-0.08015591094217839,-0.040077955471089194,-0.0005284688985397043,2.2918145404133716e-10,0.05393770171989602,0.4636476048241318,0,0.17970134254468878
7.8249599999998125,1.8397706552158937,0.9198853276079468,0.9994117459890175,0.1198929779902916,0.0599464889951458,0.0005718641413229918,1.511144457653532,1.2919816803315989,0.6830624420998193,0.3942485620500055,-0.04922004382448205,-0.17250170676506546,1.7530106988108618,1.2161645573579247,0.8397645314722647,0.28513332788817236,0.04285793116540259,-0.0796113872809062,0.09000117304571391,0.09000117304571391,0.0,-0.07994088356180534,-0.03997044178090267,-0.0005263603281143643,2.2469949495738046e-10,0.05377773574106583,0.46364760489363166,0,0.179142819295699
7.829119999999812,1.840268727008773,0.9201343635043865,0.9994141191677117,0.11953723029104621,0.059768615145523105,0.0005695628866185091,1.6894889551601837,1.4067136166658905,0.7089888080688027,0.29415061631918904,-0.05759959923073177,-0.021774543117098394,1.7218629044383482,1.3113211862222178,0.7743292108647848,0.2888253051924082,-0.007639125268094273,-0.05009398999152003,0.09000117304571391,0.09000117304571391,0.0,-0.07972631973920885,-0.039863159869604425,-0.0005242600937371321,2.2030502552898816e-10,0.05361820514781554,0.46364760496197505,0,0.1785859533126752
7.833279999999812,1.8407653205578187,0.9203826602789094,0.9994164827962767,0.11918245177095507,0.059591225885477536,0.0005672708556019555,1.7943119973629167,1.2099415889930114,1.0656149341085672,0.04601896680027388,-0.00650181118171754,0.1157737569245598,1.7581827686076086,1.2606179239658368,0.9202161000119228,0.167873968850181,-0.007440467823058845,0.03226033628140906,0.09000117304571391,0.09000117304571391,0.0,-0.07951221913750284,-0.03975610956875142,-0.0005221681628522984,2.1599634229876306e-10,0.053459108962402344,0.4636476050291812,0,0.17803074008059627
7.837439999999812,1.8412604398921861,0.9206302199460931,0.9994188369129914,0.11882864024818739,0.05941432012409369,0.0005649880115257709,2.153897524199336,1.0578809740341473,1.165982145628794,0.239312073384288,0.020761013873355834,-0.024501965419334058,1.9565399027930737,1.15929108675721,1.0430492704308052,0.20396098598247794,0.0067190050032310275,0.0041755319546970295,0.09000117304571391,0.09000117304571391,0.0,-0.07929858141497989,-0.039649290707489945,-0.000520084503085366,2.1177177474852586e-10,0.05330044620808262,0.46364760509526903,0,0.17747717509460623
7.841599999999811,1.8417540890319495,0.9208770445159747,0.9994211815559821,0.11847579354318084,0.05923789677159042,0.0005627143177875202,1.914073884430165,0.8598790970582426,0.998145935691501,0.11210418960605313,0.16609655856947625,0.09126969183991723,1.9355411153455795,1.0099288954078907,1.020787471112147,0.15739152860289862,0.08619436936565865,0.047551650190867226,0.09000117304571391,0.09000117304571391,0.0,-0.07908540622586896,-0.03954270311293448,-0.0005180090821379664,2.076296840952729e-10,0.05314221590911961,0.46364760516025716,0,0.17692525386000257
7.845759999999811,1.8422462719881105,0.9211231359940553,0.9994235167632235,0.11812390947865585,0.059061954739327925,0.0005604497379295527,2.002703564735558,0.47903541938650807,1.292740174160565,0.06020307249943747,0.04666026725147056,-0.13269364516747115,1.9692476047543612,0.7445757025985836,1.1564898839392301,0.10900830493705596,0.06632977449449062,-0.042635068871804564,0.09000117304571391,0.09000117304571391,0.0,-0.07887269321938309,-0.039436346609691544,-0.0005159418678966077,2.0356845991359728e-10,0.05298441709079043,0.4636476052241639,0,0.17637497189222678
7.849919999999811,1.842736992762609,0.9213684963813045,0.9994258425725386,0.11777298587963379,0.058886492939816897,0.0005581942356381296,2.2535102395381674,1.1419307604475186,1.2188026004652908,0.26955199747340736,-0.0830144375131634,0.15708206389005286,2.111940297610252,0.9430836211964136,1.1879742264984468,0.18988244955834951,-0.008465870857254181,0.05681540008622822,0.09000117304571391,0.09000117304571391,0.0,-0.07866044204069064,-0.03933022102034532,-0.0005138828283275903,1.9958653093690853e-10,0.05282704877939362,0.4636476052870072,0,0.17582632471685275
7.8540799999998105,1.8432262553483316,0.9216131276741658,0.9994281590216001,0.1174230205734512,0.0587115102867256,0.0005559477747430995,1.9025423300194293,1.0250324783608373,1.5536513442867246,0.1419064646913186,0.024827926285985596,-0.01312701904970917,2.0075353850014603,0.9841111150187796,1.370786831860555,0.16571715042028054,0.0077699736941554045,0.022429775178415625,0.09000117304571391,0.09000117304571391,0.0,-0.07844865233039072,-0.03922432616519536,-0.0005118319315857542,1.9568234964136082e-10,0.05267011000225613,0.46364760534880484,0,0.17527930786957635
7.85823999999981,1.8437140637291223,0.9218570318645611,0.9994304661479302,0.11707401138977619,0.058537005694888095,0.0005537103192170248,1.7206938960621172,1.315660848625825,0.9474541992420077,-0.03747358938806486,0.04329593585584579,0.2007832448829293,1.86403689897405,1.1499782993872116,1.1595384643498186,0.06307233065955364,0.02555796227659573,0.11001421970530754,0.09000117304571391,0.09000117304571391,0.0,-0.07823732372462963,-0.039118661862314816,-0.0005097891458023104,1.9185440119116223e-10,0.052513599787740485,0.4636476054095741,0,0.17473391689620454
7.86239999999981,1.8442004218797916,0.9221002109398958,0.9994327639889018,0.11672595616062424,0.05836297808031212,0.0005514818331752422,1.9722519780944547,0.22371665409954167,0.9204518534141847,0.23435048259171148,-0.13100571540679307,-0.045359953386008935,1.9186326916280563,0.6865687667492714,1.0398985933679963,0.14867463589917185,-0.052838675497351155,0.03259919269393386,0.09000117304571391,0.09000117304571391,0.0,-0.07802645585543125,-0.039013227927715624,-0.0005077544394074263,1.881012023601145e-10,0.05235751716525186,0.4636476054693322,0,0.1741901473526443
7.86655999999981,1.8446853337661264,0.9223426668830632,0.9994350525817388,0.11637885272037286,0.05818942636018643,0.0005492622808745652,2.2258063650869806,0.8923616201116861,0.897628630436323,0.07670709748561304,0.1712394212180878,0.0631307703924432,2.0723819075744436,0.7898213339010592,0.9688934464052521,0.11236790452269335,0.05989410254006028,0.0480938920744301,0.09000117304571391,0.09000117304571391,0.0,-0.07781604835017242,-0.03890802417508621,-0.0005057277808113033,1.8442129544126761e-10,0.05220186116524494,0.4636476055280959,0,0.17364799480489213
7.870719999999809,1.8451688033449005,0.9225844016724503,0.9994373319635168,0.11603269890577823,0.05801634945288912,0.0005470516267133219,1.2468496626960452,1.000803853844122,0.5667239945058804,-0.07461009891944585,0.20562373016483465,-0.03299221609420787,1.6594539459508704,0.8957423095199343,0.7677377368828971,0.019311936971393488,0.13248612723109907,0.007337990181062873,0.09000117304571391,0.09000117304571391,0.0,-0.07760610083244782,-0.03880305041622391,-0.0005037091386196776,1.8081325075286226e-10,0.05204663081923103,0.4636476055858818,0,0.17310745482902198
7.874879999999809,1.8456508345638838,0.9228254172819419,0.9994396021711636,0.11568749255598836,0.05784374627799418,0.0005448498352304973,1.6388429804088114,0.848626122641333,1.3009095749790487,-0.050536406300997885,0.034713782559658755,0.26103507664637665,1.6490444634287496,0.8722552296654359,1.0348701205543467,-0.016213008582084364,0.08401991317951053,0.13427204444928018,0.09000117304571391,0.09000117304571391,0.0,-0.07739661292122507,-0.038698306460612536,-0.0005016984815287349,1.7727566789130106e-10,0.051891825159784605,0.46364760564270613,0,0.17256852301117526
7.879039999999809,1.8461314313618529,0.9230657156809264,0.9994418632414598,0.1153432315125597,0.05767161575627985,0.000542656871105283,2.29336204787895,0.843674860492793,1.1608939325419863,0.23748494764262368,0.14149854095046663,0.004457891655794258,1.9717023216330507,0.8582608924483859,1.0978910447976544,0.11033334955424431,0.11192152971890955,0.06991945115870932,0.09000117304571391,0.09000117304571391,0.0,-0.07718758423160266,-0.03859379211580133,-0.0004996957784338613,1.738071721942979e-10,0.05173744322055024,0.46364760569858493,0,0.17203119494754862
7.883199999999809,1.8466105976686007,0.9233052988343003,0.9994441152110396,0.11499991361947068,0.05749995680973534,0.0005404726991562191,1.0649466867871116,0.7793358356363765,0.9478992328542355,0.14369497288808925,0.0841965672838336,0.018609704165610728,1.5186185085620856,0.8189721857354304,1.0229323581696055,0.12630615627390218,0.0984226235036198,0.04447882057959555,0.09000117304571391,0.09000117304571391,0.0,-0.07697901437428564,-0.03848950718714282,-0.0004977009983245539,1.7040642129912516e-10,0.051583484036249155,0.46364760575353386,0,0.17149546624438342
7.887359999999808,1.8470883374049472,0.9235441687024736,0.999446358116391,0.1146575367231374,0.0573287683615687,0.0005382972843407406,1.7957237589604038,0.9543720232387801,1.1275754008804186,0.05556297397319595,0.2080130885844022,0.03944122427426345,1.6572872018855593,0.8871064861277881,1.0753365442388767,0.09163163471866506,0.15283914962067588,0.04201041091555654,0.09000117304571391,0.09000117304571391,0.0,-0.07677090295613026,-0.03838545147806513,-0.0004957141101790048,1.6707209176839208e-10,0.05142994664268595,0.4636476058075685,0,0.17096133251795387
7.891519999999808,1.8475646544827489,0.9237823272413744,0.9994485919938567,0.11431609867242704,0.05715804933621352,0.0005361305917552006,1.618865860723277,0.7454964517407767,1.198293604058686,0.19415328104261312,-0.014549968120465814,0.08318202789255937,1.6384810994214798,0.8162698586710692,1.136989231717921,0.1424032342296662,0.0693264026991485,0.062458478048002426,0.09000117304571391,0.09000117304571391,0.0,-0.07656324957972649,-0.038281624789863244,-0.0004937350831795994,1.638028862807217e-10,0.051276830076755,0.46364760586070397,0,0.17042878939455597
7.895679999999808,1.84803955280491,0.924019776402455,0.9994508168796343,0.11397559731867302,0.05698779865933651,0.0005339725866339538,1.5709284790692228,1.1599721330603963,0.5674356058891441,0.1300777598346252,0.0037562967039762238,-0.032570794569117476,1.6049749136175768,0.9881317098599169,0.8521414861800843,0.13622247691743652,0.03630707208548088,0.014565673536853039,0.09000117304571391,0.09000117304571391,0.0,-0.07635605384394276,-0.03817802692197138,-0.0004917638866078341,1.6059754000164683e-10,0.05112413337644706,0.4636476059129553,0,0.1698978325104954
7.8998399999998075,1.848513036265392,0.924256518132696,0.9994530328097775,0.11363603051568795,0.056818015257843975,0.0005318232343488767,1.4536231115525715,1.1991898018737213,0.7521066442470272,0.02796004027387937,0.011487978875967995,0.10281547194016978,1.5293551796509512,1.0936868904680948,0.8023356950430657,0.08254532764320877,0.02353220412229886,0.0594174174442522,0.09000117304571391,0.09000117304571391,0.0,-0.07614931534329508,-0.03807465767164754,-0.0004898004900601481,1.5745480434015524e-10,0.0509718555808554,0.46364760596433713,0,0.16936845751207688
7.903999999999807,1.8489851087492246,0.9244925543746123,0.9994552398201959,0.11329739611977913,0.05664869805988956,0.0005296825004080495,1.9327639276355313,0.5883558696227458,0.9757951709898441,0.11963875162963725,0.23029051815262,-0.02255693211876392,1.731312772196512,0.8414973606986783,0.889019463560855,0.10034408645447386,0.12664851529773435,0.018563137962549055,0.09000117304571391,0.09000117304571391,0.0,-0.07594303366870522,-0.03797151683435261,-0.0004878448629148319,1.5437346241920144e-10,0.05081999573018241,0.463647606014864,0,0.16884066005559176
7.908159999999807,1.8494557741325153,0.9247278870662576,0.9994574379466561,0.11295969198976095,0.05647984599488048,0.0005275503504565823,1.857625360667386,0.4819181521148373,1.0123418137273847,0.02867389426982174,-0.09352257861923574,0.14509544469716187,1.7945295677835582,0.6615128302931728,0.9509844668032856,0.06452482066983503,0.015560433016938421,0.08125817636143035,0.09000117304571391,0.09000117304571391,0.0,-0.0757372084068702,-0.0378686042034351,-0.0004858969747610314,1.5135231460650199e-10,0.0506685528657456,0.4636476060645501,0,0.16831443580730696
7.912319999999807,1.849925036282461,0.9249625181412305,0.9994596272247822,0.11262291598696997,0.056311457993484984,0.000525426750275721,2.028888153231164,0.946816903796233,1.1729371911985158,0.09698060645284215,0.007366484964092632,-0.02276680678577167,1.9119134176062353,0.8041822725269678,1.0619151595632335,0.08017346845585013,0.011422152084897224,0.029188992712803803,0.09000117304571391,0.09000117304571391,0.0,-0.07553183914102063,-0.037765919570510315,-0.00048395679561491923,1.4839019070883636e-10,0.050517526029984064,0.4636476061134094,0,0.16778978044345244
7.916479999999806,1.8503928990573582,0.9251964495286791,0.9994618076900563,0.1122870659752767,0.05614353298763835,0.0005233116657809898,1.8560447526681714,0.8907193405083239,1.3983221530735226,0.2611458439597261,-0.012836450374387236,0.170138634724793,1.8845227704775664,0.8474250877861399,1.2304745330410563,0.1702150685568081,-0.0008859924623167007,0.09982822669422428,0.09000117304571391,0.09000117304571391,0.0,-0.07532692545018341,-0.037663462725091704,-0.0004820242952798476,1.454859366402941e-10,0.05036691426646428,0.46364760616145567,0,0.1672666896502103
7.920639999999806,1.8508593663066126,0.9254296831533063,0.999463979377819,0.1119521398211006,0.0559760699105503,0.0005212050630230466,1.752689210196305,0.8982733676301349,0.7045956727675038,0.08638925244910507,0.12031582252502976,-0.09910524701271421,1.8187850616965606,0.8730986190055816,0.9673252263006218,0.12816003592509947,0.060292781440131296,0.0004034280093251839,0.09000117304571391,0.09000117304571391,0.0,-0.0751224669097263,-0.03756123345486315,-0.0004800994436682678,1.426384230219653e-10,0.050216716619886345,0.4636476062087025,0,0.16674515912370244
7.924799999999806,1.851324441870752,0.925662220935376,0.9994661423232697,0.11161813539342276,0.05580906769671138,0.0005191069081871875,2.0969228541818747,0.9049246742942386,0.9230007670070601,0.051604605294700415,0.02041543466637563,-0.05680152445787816,1.9579626991651862,0.8890538824556067,0.9450453061877868,0.0901474084118102,0.04057323216197146,-0.02856332985656219,0.09000117304571391,0.09000117304571391,0.0,-0.07491846309158265,-0.037459231545791324,-0.0004781822109104837,1.398465453184492e-10,0.05006693213609002,0.4636476062551631,0,0.16622518456997806
7.9289599999998055,1.8517881295814345,0.9258940647907172,0.999468296561468,0.11128505056379767,0.055642525281898836,0.0005170171675923875,1.9423822535569035,1.0583749957937898,0.5741366337704421,0.23847525796711894,-0.04019148420045651,-0.030139061434638157,1.950669626486869,0.9736325281142567,0.7595254611618578,0.16370677871798464,-4.499425580885665e-05,-0.029242897505541664,0.09000117304571391,0.09000117304571391,0.0,-0.0747149135634072,-0.0373574567817036,-0.0004762725673566489,1.371092183549937e-10,0.0499175598620603,0.4636476063008506,0,0.16570676170500293
7.933119999999805,1.852250433261461,0.9261252166307306,0.9994704421273334,0.11095288320636845,0.055476441603184226,0.0005149358076903332,2.1629774484841913,1.2024071132159921,1.334764173623752,0.057241852671210694,0.05078537192369503,-0.1009948031043213,2.0569449031898794,1.0881249677681457,1.0469384764046161,0.11008746871172041,0.02636988588790446,-0.06497002557288716,0.09000117304571391,0.09000117304571391,0.0,-0.07451181788965505,-0.037255908944827526,-0.000474370483364594,1.3442537773940107e-10,0.04976859884593362,0.4636476063457779,0,0.1651898862546462
7.937279999999805,1.8527113567247855,0.9263556783623927,0.9994725790556461,0.11062163119787771,0.055310815598938856,0.0005128627950653456,1.8380332386582756,0.8771486724373092,0.9114570523978804,0.10745062619661443,0.06507195853089852,0.04712335356512191,1.9477105469922027,0.9827716232393698,0.9792951874298804,0.10900303551011849,0.04527046817944219,-0.009101617037898156,0.09000117304571391,0.09000117304571391,0.0,-0.07430917563073783,-0.037154587815368914,-0.0004724759291940745,1.3179398196075995e-10,0.049620048137003415,0.46364760638995756,0,0.1646745539546693
7.941439999999805,1.8531709037765258,0.9265854518882629,0.9994747073810479,0.1102912924176818,0.0551456462088409,0.0005107980964347655,1.9596536675363716,0.9634443427241657,1.6320257844528716,-0.019192175573706158,0.1609390651136995,-0.05337355008446936,1.9536424628224525,0.9734409908006124,1.3055555114535573,0.04482171978599695,0.1038693540359893,-0.03194324983988127,0.09000117304571391,0.09000117304571391,0.0,-0.07410698634399643,-0.037053493171998214,-0.00047058887565028153,1.2921400788769604e-10,0.04947190678572608,0.4636476064334021,0,0.16416076055071238
7.945599999999804,1.8536290782129747,0.9268145391064874,0.9994768271380423,0.10996186474776111,0.054980932373880555,0.0005087416786465987,1.866205214554753,0.8785789931753037,0.8335897745139477,0.16042266425254237,-0.045219802877384564,0.005273606548089016,1.9102572549399444,0.9259143772013956,1.0695826325788338,0.10244476067260071,0.029764721865738114,-0.014454294806005852,0.09000117304571391,0.09000117304571391,0.0,-0.07390524958264322,-0.03695262479132161,-0.0004687092933372424,1.2668445406861253e-10,0.0493241738437262,0.4636476064761237,0,0.16364850179828358
7.949759999999804,1.8540858838216112,0.9270429419108056,0.9994789383609951,0.10963334607273471,0.05481667303636736,0.0005066935086803489,1.6687195537115989,1.0603466528230947,1.1686405182609427,0.11856950266786356,0.10691118870506841,0.12667802908160178,1.7897327685194133,0.9933540225629237,1.1193756346433172,0.1107786210491985,0.06823939847636745,0.05616079890620744,0.09000117304571391,0.09000117304571391,0.0,-0.07370396489684158,-0.03685198244842079,-0.00046683715297974205,1.2420433127958022e-10,0.04917684836380254,0.4636476065181344,0,0.1631377734627455
7.953919999999804,1.8545413243811106,0.9272706621905553,0.9994810410841353,0.10930573427987061,0.05465286713993531,0.0005046535536464261,1.8960561640936524,0.5954636070415615,0.3025188836893685,0.030982684436097363,0.1840290091643725,0.08188010258696436,1.8429610008427324,0.7947903621283589,0.7111117832240468,0.07023785062418739,0.125378333907708,0.06905161166039132,0.09000117304571391,0.09000117304571391,0.0,-0.07350313183275509,-0.03675156591637754,-0.00046497242563916033,1.217726800027429e-10,0.04902992939993324,0.4636476065594461,0,0.16262857131930403
7.9580799999998035,1.854995403661357,0.9274977018306785,0.9994831353415552,0.10897902725909986,0.05448951362954993,0.0005026217807847374,1.80249174477389,0.7215811587518602,0.48190118792334413,0.029372436055315462,-0.04368712992156393,-0.002916969025196786,1.8227880918272328,0.7580927231866433,0.5964997763116732,0.04937097036764586,0.041653175295242095,0.032609434702244956,0.09000117304571391,0.09000117304571391,0.0,-0.07330274993362729,-0.036651374966813643,-0.0004631150822874603,1.193885527977234e-10,0.048883416007281605,0.4636476066000703,0,0.16212089115299474
7.962239999999803,1.855448125423453,0.9277240627117265,0.9994852211672113,0.10865322290302619,0.054326611451513095,0.0005005981574650149,1.6311251335878993,0.8469317619280944,0.9047167516492484,0.007129745004529023,0.17201451434100076,-0.029469403171586615,1.7269698224283,0.8028696082037504,0.7505486920601893,0.02838710975745954,0.10732614425642703,0.0017822695103291146,0.09000117304571391,0.09000117304571391,0.0,-0.07310281873883118,-0.03655140936941559,-0.00046126509402235954,1.1705102491622932e-10,0.04873730724220117,0.4636476066400186,0,0.1616147287586714
7.966399999999803,1.855899493419732,0.927949746709866,0.9994872985949246,0.1083283191069397,0.05416415955346985,0.0004985826511862068,2.0100067707280584,1.3846131762075768,1.5766471192370912,0.0508230318414951,0.15930571799742432,-0.13868423538471022,1.8685958816880268,1.0940768042288114,1.163316095508909,0.039654538548280105,0.13331740157703734,-0.06885956349970121,0.09000117304571391,0.09000117304571391,0.0,-0.07290333778462812,-0.03645166889231406,-0.0004594224321760815,1.1475918434378952e-10,0.04859160216224123,0.4636476066793021,0,0.16111007994099288
7.970559999999803,1.8563495113937687,0.9281747556968843,0.9994893676583811,0.1080043137688273,0.05400215688441365,0.0004965752295755012,1.3625945313510273,0.9074485345893095,0.8345359776667959,0.1881175379650983,0.16708320399620208,-0.032760364071440784,1.61598312186793,1.0011095186990104,0.9988556387570163,0.11379138990085537,0.14989664827941598,-0.05083314558404731,0.09000117304571391,0.09000117304571391,0.0,-0.07270430660375185,-0.036352153301875925,-0.0004575870679960946,1.125121434739676e-10,0.04844629982615205,0.4636476067179319,0,0.160606940514411
7.974719999999802,1.8567981830803912,0.9283990915401956,0.9994914283911328,0.10768120478938492,0.05384060239469246,0.0004945758603886122,1.6304977117541024,0.8690793274020527,1.0784220204397834,0.1364638879731744,0.191956303282487,-0.05494430800298118,1.623523447639372,0.9354923780440715,1.0385251003131404,0.12556454450857546,0.1711087385364442,-0.052886786228604626,0.09000117304571391,0.09000117304571391,0.0,-0.07250572472584713,-0.03625286236292356,-0.00045575897307445707,1.1030902551656577e-10,0.04830139929389009,0.46364760675591893,0,0.16010530630315717
7.978879999999802,1.8572455122056915,0.9286227561028457,0.9994934808265974,0.10735899007202793,0.05367949503601396,0.0004925845115083087,1.1841291361401307,1.1188191305731214,0.5692352829762608,0.15507945939874976,0.026184649607237185,0.01591476042287803,1.4041467805614356,1.0272114166619761,0.8039095042931901,0.1398380419111301,0.09869625337715354,-0.018247236389178183,0.09000117304571391,0.09000117304571391,0.0,-0.07230759167694675,-0.036153795838473377,-0.000453938118814719,1.0814897574285089e-10,0.04815689962662299,0.4636476067932738,0,0.1596051731412308
7.983039999999802,1.8576915024870368,0.9288457512435184,0.9994955249980597,0.10703766752290365,0.05351883376145183,0.0004906011509451642,1.4921028173830968,1.077222111494063,0.9070773855912347,0.12817133350309762,0.019464824259257607,0.062311895800826814,1.448391261966727,1.0522577700901776,0.8556240439224538,0.13436371559761323,0.05900396500148022,0.02189728364379939,0.09000117304571391,0.09000117304571391,0.0,-0.07210990698001699,-0.03605495349000849,-0.0004521244771821852,1.0603115045482216e-10,0.04801279988673491,0.46364760683000716,0,0.15910653687238585
7.987199999999802,1.8581361576330824,0.9290680788165412,0.9994975609386715,0.10671723505090176,0.05335861752545088,0.0004886257468351627,1.6604788774961379,0.7277153006909591,1.130990871200283,-0.022678074776903742,0.11421517170983228,-0.15575111158410465,1.5543899207142522,0.8902214432738544,0.9929844406156677,0.05559483391792264,0.08679133456761097,-0.06644141969001537,0.09000117304571391,0.09000117304571391,0.0,-0.07191267015496944,-0.03595633507748472,-0.0004503180196360631,1.0395472673541152e-10,0.04786909913783141,0.46364760686612927,0,0.15860939335011787
7.991359999999801,1.858579481343781,0.9292897406718905,0.9994995886814525,0.10639769056766447,0.05319884528383224,0.0004866582674417543,2.010127365360753,1.2385940268661224,0.8704426665815255,0.0010354144470445248,0.22271994469947431,0.06599587020728635,1.782263279695905,1.0648736998826742,0.9318490515776051,0.028658081943250195,0.15461419254587766,0.00020824826630468283,0.09000117304571391,0.09000117304571391,0.0,-0.07171588071813781,-0.035857940359068904,-0.0004485187184141491,1.0191889760913243e-10,0.047725796444744305,0.4636476069016503,0,0.1581137384376519
7.995519999999801,1.8590214773103961,0.9295107386551981,0.9995016082592907,0.10607903198759905,0.053039515993799524,0.00048469868115258723,1.9475560920429804,0.8156800619889706,1.12104795604691,0.26478259155195294,-0.1282159792960937,-0.08671762311694467,1.8654604386302858,0.9400094290782205,1.0262692934906523,0.14725528398173185,0.012747246011227401,-0.04317021639942667,0.09000117304571391,0.09000117304571391,0.0,-0.07151953818303755,-0.035759769091518775,-0.0004467265453585575,9.992287101018299e-11,0.047582890873536766,0.46364760693658025,0,0.15761956800792898
7.999679999999801,1.8594621492155123,0.9297310746077562,0.9995036197049427,0.10576125722788705,0.05288062861394353,0.00048274695648111294,1.109475994130263,0.6520758136496608,0.6580068243611507,0.12801812403063248,0.12883588717986294,0.052174551322538364,1.4877303222891054,0.7963098279758419,0.8422429262711512,0.13709846986818247,0.07018476041122035,0.005014068267025432,0.09000117304571391,0.09000117304571391,0.0,-0.07132364205984304,-0.03566182102992152,-0.0004449414725582299,9.796587204205512e-11,0.047440381491508025,0.46364760697092894,0,0.15712687794359362
8.003839999999801,1.8599015007330477,0.9299507503665239,0.9995056230510346,0.10544436420849589,0.05272218210424794,0.00048080306206551833,1.6174269113632014,0.7389223715640523,0.8872038471809268,0.15662014208049815,0.15468482877755368,-0.03630547938446502,1.5529044617488181,0.7679365945352611,0.8646487747751331,0.1472561728199338,0.11283502564613265,-0.01592568621104595,0.09000117304571391,0.09000117304571391,0.0,-0.07112819185582667,-0.03556409592791333,-0.0004431634722438496,9.604713578066639e-11,0.04729826736719828,0.4636476070047061,0,0.1566356641369805
8.007999999999802,1.8603395355282653,0.9301697677641326,0.9995076183300624,0.10512835085218837,0.052564175426094185,0.00047886696666806747,1.7093105257732042,1.3047955581732995,0.8320632356412193,-0.024780232184048026,-0.27266304953271175,0.04931394265577416,1.631056411442638,1.0358037630191421,0.8484594694284504,0.061554121404345435,-0.0803996120908835,0.01615109243119475,0.09000117304571391,0.09000117304571391,0.0,-0.07093318707515686,-0.03546659353757843,-0.0004413925168965918,9.416591616593501e-11,0.047156547570393254,0.4636476070379212,0,0.15614592249010137
8.012159999999803,1.8607762572577842,0.9303881286288921,0.9995096055743923,0.1048132150845333,0.05240660754226665,0.000476938639174048,1.4956961817173369,0.6977952253145914,1.0003692265175013,0.006882230163410413,0.1512326673363852,0.028884860277039435,1.5633905189423731,0.8671125120110811,0.9244751693667346,0.03381069989850336,0.03500573155187738,0.022671635959912645,0.09000117304571391,0.09000117304571391,0.0,-0.07073862721880272,-0.03536931360940136,-0.00043962857882178094,9.232148073311588e-11,0.047015221172128904,0.4636476070705836,0,0.15565764891463266
8.016319999999803,1.8612116695695922,0.9306058347847961,0.9995115848162615,0.10449895483391634,0.05224947741695817,0.00047501804859243987,2.099561411955607,0.9821570000319738,0.9659712200649822,0.3024943875679472,0.09133833952616405,0.2054633171541418,1.832108579264335,0.924825546618777,0.94565184427427,0.16828804229376,0.06316627296772048,0.11357423451684041,0.09000117304571391,0.09000117304571391,0.0,-0.07054451178497306,-0.03527225589248653,-0.000437871630684983,9.051311352958371e-11,0.046874287244696174,0.46364760710270253,0,0.1551708393319015
8.020479999999804,1.861645776103057,0.9308228880515285,0.9995135560877784,0.10418556803154913,0.052092784015774565,0.0004731051640543907,1.8800645634476125,0.12845856244616605,1.3556960509426368,0.12873968372779507,0.08431643061496176,-0.13563014758479267,1.856353867694516,0.5268130820484317,1.1503944393863033,0.14890780862297387,0.07315127934912614,-0.010881826898310515,0.09000117304571391,0.09000117304571391,0.0,-0.07035084026880792,-0.03517542013440396,-0.000436121644978911,8.874010824655184e-11,0.04673374486164537,0.463647607134287,0,0.15468548967287318
8.024639999999804,1.8620785804889382,0.9310392902444691,0.9995155194209234,0.10387305261147961,0.051936526305739805,0.00047119995481389163,2.761454792312621,0.6724065019225232,0.6530959958983102,0.05255634948805471,0.03231780054194477,0.04706372981650488,2.3090196275951578,0.5996782433375399,0.901839134502866,0.10090726707970445,0.052634984681214865,0.018325012057862716,0.09000117304571391,0.09000117304571391,0.0,-0.07015761216260391,-0.035078806081301955,-0.0004343785945595173,8.700177727494078e-11,0.046593593097790736,0.46364760716534587,0,0.1542015958781374
8.028799999999805,1.862510086349399,0.9312550431746995,0.9995174748475495,0.10356140651060153,0.051780703255300764,0.0004693023902462112,1.6442288486619354,0.7931774874980386,1.2051765055300134,0.15130872185276523,0.13172935389422413,-0.1729556577048315,1.9769339782479285,0.6967039133367617,1.0531504418206692,0.12626140358975213,0.09184019038827156,-0.07741941577144883,0.09000117304571391,0.09000117304571391,0.0,-0.06996482695561229,-0.034982413477806146,-0.00043264245232706926,8.529743957996707e-11,0.0464538310292148,0.46364760719588793,0,0.15371915389789545
8.032959999999806,1.8629402972980185,0.9314701486490092,0.9995194223993822,0.10325062766866468,0.05162531383433234,0.00046741243984767586,2.049885074012185,0.5503422934739464,0.8574481685469855,0.16557656706197232,0.05498757309030748,-0.04280881954986908,2.01375437395834,0.6236370038754832,0.9552101251228815,0.14594391844398263,0.07315077814159153,-0.06070798445314978,0.09000117304571391,0.09000117304571391,0.0,-0.06977248413426448,-0.03488624206713224,-0.000430913191120396,8.362643545511939e-11,0.04631445773327288,0.4636476072259218,0,0.15323815969194707
8.037119999999806,1.863369216939803,0.9316846084699015,0.9995213621080207,0.10294071402828428,0.05147035701414214,0.0004655300732358934,1.2772096189110398,0.8695689835477436,0.5644338775163766,0.19624805928783245,0.09877542222342237,-0.0552613230701927,1.6458859160168744,0.7468100388190851,0.7597054108834417,0.1706680493011793,0.08602195033485734,-0.058507171906036055,0.09000117304571391,0.09000117304571391,0.0,-0.06958058318239804,-0.03479029159119902,-0.00042919078414622915,8.198811447024374e-11,0.04617547228859743,0.4636476072554559,0,0.1527586092296761
8.041279999999807,1.8637968488711987,0.9318984244355993,0.999523294004938,0.10263166353494943,0.051315831767474715,0.0004636552601481802,1.6134984399779668,0.8143173183754312,0.6809341054032556,0.17603341101086675,0.11026961628179185,-0.16620283226878818,1.6300591112103648,0.7807934319427161,0.7199732657688168,0.1728621092330313,0.09818107719367762,-0.11223072835888269,0.09000117304571391,0.09000117304571391,0.0,-0.06938912358062715,-0.03469456179031358,-0.0004274752045531928,8.038183777225864e-11,0.046036873775102044,0.4636476072844985,0,0.1522804984900384
8.045439999999807,1.864223196680103,0.9321115983400515,0.9995252181214815,0.10232347413703409,0.051161737068517045,0.00046178797044173973,1.829177924436694,1.171617294691675,1.1472891045413665,0.16100526346184457,-0.04457243108019419,-0.08106175703140127,1.7299558868889224,0.9761147356871855,0.933466011642423,0.16641058560411967,0.027127471482893198,-0.09686098162580957,0.09000117304571391,0.09000117304571391,0.0,-0.06919810480720956,-0.03459905240360478,-0.0004257664255398882,7.880697784773403e-11,0.04589866127398601,0.4636476073130579,0,0.1518038234615474
8.049599999999808,1.8646482639458772,0.9323241319729386,0.9995271344888736,0.10201614378580462,0.05100807189290231,0.00045992817409345153,2.4258816946096196,1.2428322999675327,1.0917051835081217,0.1886409554198296,0.06673626128715196,0.03952570657092692,2.0783154997897983,1.1096144294196437,1.0126696849974095,0.1777784161606309,0.046815970047410685,-0.02904556480254509,0.09000117304571391,0.09000117304571391,0.0,-0.06900752633731072,-0.03450376316865536,-0.0004240644205703967,7.726292256751698e-11,0.045760833867738195,0.463647607341142,0,0.15132858014226117
8.053759999999809,1.8650720542393582,0.9325360271196791,0.999529043138212,0.10170967043543021,0.050854835217715104,0.00045807584119869914,2.1604837624587256,0.33397552673190223,0.5198206497706594,0.20587658729035146,0.11905270071806884,-0.03190935997179384,2.119828175500553,0.7220380991768168,0.7661769141116054,0.19194490504949538,0.08248615393239825,-0.031230257088479346,0.09000117304571391,0.09000117304571391,0.0,-0.06881738764365686,-0.03440869382182843,-0.0004223691630550221,7.574906888237198e-11,0.045623390640141356,0.4636476073687588,0,0.15085476453976865
8.05791999999981,1.8654945711228705,0.9327472855614353,0.9995309441004702,0.10140405204299073,0.050702026021495365,0.00045623094197156305,1.7685258702521085,0.7422456266973818,1.078568534500526,0.10242579243852208,0.03126001898802607,-0.010877843871688738,1.9443891621936396,0.7322073141582411,0.9223522503902581,0.14644343075790703,0.05673697460523485,-0.021038872960411723,0.09000117304571391,0.09000117304571391,0.0,-0.06862768819611972,-0.03431384409805986,-0.0004206806265654602,7.426483077303119e-11,0.045486330676276054,0.4636476073959161,0,0.1503823726711763
8.06207999999981,1.8659158181502393,0.9329579090751197,0.9995328374064982,0.10109928656848628,0.05054964328424314,0.00045439344674410155,0.9894610133172901,0.5624129621249854,1.1446766725423148,0.24077232234080187,0.08959289021044237,0.04365934319905916,1.4674201144048633,0.6474934499156796,1.0336065642945826,0.19316460316030423,0.0740527139159023,0.011432577786046694,0.09000117304571391,0.09000117304571391,0.0,-0.06843842746215636,-0.03421921373107818,-0.0004189987849435499,7.280962657187431e-11,0.045349653062524704,0.46364760742262145,0,0.14991140056309385
8.06623999999981,1.8663357988668012,0.9331678994334006,0.9995347230870231,0.1007953719748449,0.05039768598742245,0.00045256332596519555,1.8017590018441072,0.6697855041483869,0.971725222077449,0.05695629595388543,0.1427515869687721,-0.07563080372752749,1.634709756109304,0.6589338968177321,1.0025076477417199,0.12536198821465874,0.10967454528216242,-0.03185189191710531,0.09000117304571391,0.09000117304571391,0.0,-0.06824960490617979,-0.034124802453089895,-0.00041732361187493054,7.138289066489258e-11,0.04521335688657539,0.46364760744888245,0,0.14944184425162188
8.070399999999811,1.8667545168094177,0.9333772584047089,0.9995366011726489,0.10049230622793286,0.05024615311396643,0.00045074055020117036,1.6575747807613415,1.5791572923921837,1.053365845145861,0.25127156346145385,0.08205086381261524,0.07473836054259195,1.646667200072733,1.1192230576458015,1.0280917958206794,0.18728256251474104,0.09569118703817481,0.021801906285925727,0.09000117304571391,0.09000117304571391,0.0,-0.06806121999042627,-0.03403060999521314,-0.0004156550812109631,6.998406824044057e-11,0.04507744123742603,0.46364760747470646,0,0.148973699782337
8.074559999999812,1.8671719755064868,0.9335859877532434,0.9995384716938578,0.1001900872965615,0.05009504364828075,0.0004489250901350521,2.1054105621439696,0.34083926781558027,1.2060881873457643,0.05686183433866728,0.16389394926563544,-0.10474371801561783,1.8761605264684689,0.7303677306953869,1.116874304842597,0.12200151870583796,0.1292496413068636,-0.041910764279575914,0.09000117304571391,0.09000117304571391,0.0,-0.06787327217432643,-0.03393663608716321,-0.0004139931670774815,6.86126140513909e-11,0.04494190520538798,0.46364760750010076,0,0.1485069632102786
8.078719999999812,1.8675881784779556,0.9337940892389778,0.9995403346810101,0.09988871315249649,0.049944356576248246,0.00044711691656538203,1.351910745189309,0.8220475185800986,1.267508261628706,-0.067769976560879,0.18487179129874998,0.032966834852318834,1.6138916121669296,0.7765925109137229,1.1922609299725846,0.026837321862600873,0.15719332848068188,-0.004487633215485548,0.09000117304571391,0.09000117304571391,0.0,-0.067685760914838,-0.033842880457419,-0.00041233784334136466,6.726799179621154e-11,0.04480674788208994,0.4636476075250725,0,0.14804163059993522
8.082879999999813,1.8680031292353325,0.9340015646176663,0.9995421901643451,0.0995881817704659,0.04979409088523295,0.00044531600040726175,1.7914320140334665,0.9715785659424426,1.0981094984518187,0.010493911585640031,0.19511105048895264,-0.1804906164030247,1.7026839371100917,0.8744939813231309,1.1448086056304505,0.019121225759733445,0.17554718844631992,-0.09222084008699138,0.09000117304571391,0.09000117304571391,0.0,-0.0674986856665652,-0.0337493428332826,-0.00041068908436046577,6.594967797284079e-11,0.04467196836048168,0.4636476075496287,0,0.1475776980252302
8.087039999999813,1.8684168312816998,0.9342084156408499,0.9995440381739813,0.0992884911281676,0.0496442455640838,0.0004435223126902845,1.9079147345205087,0.7394867711898003,0.8668718721283328,0.06047733457847678,0.02710145262154606,-0.13052201850888803,1.805429455498817,0.807047642459815,1.005566503784431,0.03840581692462209,0.10044875078662961,-0.1112207662810909,0.09000117304571391,0.09000117304571391,0.0,-0.06731204588134362,-0.03365602294067181,-0.00040904686445085133,6.465715964228846e-11,0.044537565734837595,0.46364760757377627,0,0.14711516156950857
8.091199999999814,1.8688292881117259,0.9344146440558629,0.999545878739917,0.09898963920627857,0.049494819603139284,0.00044173582455863417,1.8285581188249223,0.8491248378103647,1.2599033951242915,0.07240199704925239,0.07294407979816536,0.042990556290997406,1.8171455558171647,0.8282394805116743,1.1328258590135698,0.054914755443941206,0.08610944782610791,-0.03398588343305504,0.09000117304571391,0.09000117304571391,0.0,-0.06712584100889363,-0.033562920504446814,-0.0004074111578877997,6.338993192265775e-11,0.04440353910076052,0.46364760759752205,0,0.1466540173255224
8.095359999999815,1.869240503211678,0.934620251605839,0.9995477118920306,0.09869162398846137,0.04934581199423069,0.00043995650727127357,2.1088984745178525,0.9615846958294451,0.8953699872160523,0.08856877749522879,-0.0002615163890588648,-0.048555732006767535,1.9632097530080148,0.8949110199700518,1.0139954809886782,0.07102998120198668,0.043630234112587984,-0.04137276365472065,0.09000117304571391,0.09000117304571391,0.0,-0.0669400704962988,-0.0334700352481494,-0.0004057819392280569,6.214750089949235e-11,0.044269887555185114,0.4636476076208727,0,0.1461942613954174
8.099519999999815,1.8696504800594336,0.9348252400297168,0.9995495376600815,0.09839444346137287,0.049197221730686434,0.00043818433220068356,2.2229025472829864,1.0263996121901815,1.447587626946191,0.003599192276190724,0.01925886212643045,-0.12836328943201925,2.0930661513006794,0.9606963988032221,1.230526828841308,0.03698340056073101,0.03139573469956727,-0.08449352500136856,0.09000117304571391,0.09000117304571391,0.0,-0.06675473378812471,-0.03337736689406236,-0.00040415918299057806,6.092938091761383e-11,0.0441366101963815,0.4636476076438348,0,0.14573588989071923
8.103679999999816,1.8700592221244947,0.9350296110622474,0.9995513560737099,0.09809809561467239,0.049049047807336196,0.0004364192708330208,2.1421781231196966,0.8209443633133452,0.8914707999318521,0.07741898013975328,0.01587083249179235,0.09561111739464798,2.1177849606622687,0.89085320687171,1.0611958535478114,0.05650111601957705,0.023253041774187543,0.005286003267853669,0.09000117304571391,0.09000117304571391,0.0,-0.0665698303269662,-0.0332849151634831,-0.000402542863871698,5.973510016593417e-11,0.0440037061239589,0.4636476076664148,0,0.14527889893231863
8.107839999999817,1.870466732867999,0.9352333664339995,0.9995531671624381,0.09780257844102767,0.04890128922051384,0.00043466129476730104,1.4641126650037086,1.0916521735982185,0.732444008673437,0.18629749495050862,0.0964523360558952,0.17967650519470404,1.7913331921303102,0.9914562722967785,0.897191165617886,0.12068897999573536,0.05909841648052364,0.09255999068631653,0.09000117304571391,0.09000117304571391,0.0,-0.06638535955271166,-0.03319267977635583,-0.0004009329567467965,5.856419097985293e-11,0.04387117443886879,0.46364760768861907,0,0.14482328465045827
8.111999999999817,1.8708730157427327,0.9354365078713663,0.9995549709556703,0.09750788993612389,0.048753944968061944,0.00043291037571465497,1.7948338886629027,0.6719969407199107,1.7547828761171864,0.09943550014975795,0.09070801026802952,0.18940176899854627,1.793289697612961,0.831913265818199,1.3263867892460819,0.11039548639583817,0.07479314586897032,0.1410625673889029,0.09000117304571391,0.09000117304571391,0.0,-0.06620132090319686,-0.03310066045159843,-0.00039932943635070744,5.7416196094686203e-11,0.04373901424340845,0.4636476077104539,0,0.1443690431847181
8.116159999999818,1.8712780741931438,0.9356390370965719,0.9995567674826932,0.09721402809866989,0.04860701404933494,0.0004311664854988619,1.8023463946300915,0.6016346236386105,0.6557618927804382,0.13490872338093196,0.018042600286943513,0.09515826539216282,1.798100680594149,0.7168096551170049,0.9912665264398955,0.12170574782218518,0.046520712476690255,0.11861741906086713,0.09000117304571391,0.09000117304571391,0.0,-0.06601771381389698,-0.03300885690694849,-0.0003977322778138117,5.629067038460224e-11,0.04360722464122428,0.4636476077319253,0,0.1439161706840014
8.120319999999818,1.8716819116553538,0.9358409558276769,0.9995585567726767,0.0969209909304058,0.0484604954652029,0.0004294295960546643,1.7845430803105355,0.801050145868099,1.3024236241624836,0.04834148883440019,0.00922625010431763,0.02165117522192902,1.7914225038717795,0.7589493022658649,1.146892108173426,0.08494685956473212,0.028057638784828958,0.07022621591222605,0.09000117304571391,0.09000117304571391,0.0,-0.06583453771783218,-0.03291726885891609,-0.0003961414560218566,5.518717201763779e-11,0.04347580473731494,0.4636476077530395,0,0.14346466330652116
8.124479999999819,1.872084531557171,0.9360422657785855,0.9995603388546743,0.09662877643611104,0.04831438821805552,0.0004276996794287449,1.8192918746516555,0.6958362844662219,0.6351960222657004,0.24906114978424065,0.0037776187998649832,0.08360909853137213,1.8058761828061813,0.7273989812852576,0.891213803686922,0.16662874563903368,0.016509547755770286,0.0771983010999466,0.09000117304571391,0.09000117304571391,0.0,-0.06565179204622151,-0.03282589602311076,-0.0003945569463658864,5.410527607433047e-11,0.04334475363803489,0.4636476077738023,0,0.14301451721978498
8.12863999999982,1.8724859373181026,0.9362429686590513,0.9995621137576234,0.09633738262360944,0.04816869131180472,0.00042597670777760037,1.804721135022136,1.529366016447994,0.44149592400357196,0.09724183623844178,-0.18620053004912468,0.13041406044085094,1.805502095907945,1.1280025092480968,0.6666247470775484,0.1313699927098788,-0.08564528423962357,0.1029504056286185,0.09000117304571391,0.09000117304571391,0.0,-0.06546947622753382,-0.03273473811376691,-0.0003929787238882241,5.304455360145927e-11,0.04321407045109722,0.46364760779421965,0,0.14256572860058206
8.13279999999982,1.8728861323493684,0.9364430661746842,0.9995638815103458,0.0960468075037786,0.0480234037518893,0.00042426065336895674,1.8679154654816417,1.0972116785969204,1.0153047477078827,-0.052841063615666276,0.1394640585820221,0.194181615754874,1.836599213895689,1.1128974739009232,0.8413717051320864,0.039322250023634035,0.02664770935879261,0.1482592898476487,0.09000117304571391,0.09000117304571391,0.0,-0.06528758968867604,-0.03264379484433802,-0.00039140676413915404,5.20045944456056e-11,0.043083754285577196,0.46364760781429726,0,0.1421182936349676
8.13695999999982,1.8732851200539125,0.9366425600269562,0.9995656421415482,0.0957570490905541,0.04787852454527705,0.0004225514885795877,2.0552897470861824,1.1476938970298325,0.681543474206979,0.06590932640291003,-0.0367860421799793,-0.34833646993688383,1.9460824702019477,1.1302203111973559,0.7607322403597092,0.05291704015133446,-0.005496005629002355,-0.10015048858425198,0.09000117304571391,0.09000117304571391,0.0,-0.06510613185393724,-0.03255306592696862,-0.0003898410423229036,5.098499230213695e-11,0.04295380425191494,0.46364760783404074,0,0.14167220851824971
8.141119999999821,1.8736829038264164,0.9368414519132082,0.9995673956798228,0.09546810540093817,0.047734052700469085,0.00042084918589677133,1.9311062971126605,0.39462040867325243,1.2757160561787728,0.01007068928302271,0.04609410026742595,0.08810927142842659,1.9386151530984508,0.762511959655219,1.0184110526254506,0.031531469043617914,0.01987612715693232,-0.006049986853101382,0.09000117304571391,0.09000117304571391,0.0,-0.06492510214564248,-0.03246255107282124,-0.0003882815342614119,4.998534972970776e-11,0.04282421946191872,0.4636476078534557,0,0.14122746945497458
8.145279999999822,1.8740794870533124,0.9370397435266562,0.9995691421536474,0.09517997445500564,0.04758998722750282,0.0004191537179156435,1.8463043020285155,0.9107889929777183,1.1593372826546133,0.10620441310237948,-0.03123794047390488,-0.11781420400525841,1.8926815122557343,0.8365881911213291,1.0886295301611046,0.06812817929991188,-0.006471616445676744,-0.061649186413460094,0.09000117304571391,0.09000117304571391,0.0,-0.06474449998405876,-0.03237224999202938,-0.0003867282154335586,4.90052764941735e-11,0.04269499902876797,0.4636476078725476,0,0.14078407265891235
8.149439999999823,1.8744748731127954,0.9372374365563977,0.9995708815913864,0.09489265427591036,0.04744632713795518,0.00041746505734060427,1.7775231993010259,1.1750555264596922,1.0510859616969146,0.12680860113136483,-0.08796130371027205,-0.014100399261033911,1.835366142859808,1.0056410565643326,1.0698272613068365,0.09706327962726133,-0.04710849269422472,-0.037448211270778214,0.09000117304571391,0.09000117304571391,0.0,-0.06456432478730101,-0.032282162393650504,-0.0003851810616176763,4.804438874054772e-11,0.042566142067016144,0.4636476078913218,0,0.1403420143530427
8.153599999999823,1.8748690653748366,0.9374345326874183,0.9995726140212905,0.09460614288989187,0.047303071444945936,0.00041578317698402577,1.9129401408356232,0.5329702533475746,0.7778994591651722,0.21146106506886542,-0.1745963310694464,0.17244461437802794,1.8745928874778897,0.7689392291532617,0.9242194276183517,0.15455780489412307,-0.11086204051873465,0.06775867225333382,0.09000117304571391,0.09000117304571391,0.0,-0.06438457597155867,-0.03219228798577933,-0.00038364004857229287,4.710231274231691e-11,0.04243764769259374,0.46364760790978365,0,0.13990129076954028
8.157759999999824,1.8752620672011961,0.9376310336005981,0.9995743394714979,0.09432043832628129,0.04716021916314064,0.000414108049766324,1.98814527583603,0.8244833043990852,0.745362746988936,0.05729438450916795,0.025529783574406162,-0.010177058645062577,1.9314899331136663,0.7967648466756332,0.8347686287952442,0.10550618917648832,-0.04271814311384715,0.028814534832205804,0.09000117304571391,0.09000117304571391,0.0,-0.06420525295100182,-0.03210262647550091,-0.00038210515235838675,4.617868122498281e-11,0.042309515022811016,0.46364760792793824,0,0.13946189814976045
8.161919999999824,1.8756538819454358,0.9378269409727179,0.9995760579700342,0.09403553861750745,0.047017769308753725,0.0004124396487146362,1.8029154416132704,0.7004834830156709,0.9047359603859546,0.02456794207149661,0.12272458870855613,0.0035341330659637593,1.867254709220294,0.7488794608117436,0.8697606381220713,0.06416666353225323,0.03965310631203735,0.01593407014172854,0.09000117304571391,0.09000117304571391,0.0,-0.06402635513758018,-0.03201317756879009,-0.00038057634891304395,4.5273134303391136e-11,0.042181743176360836,0.46364760794579074,0,0.13902383274422517
8.166079999999825,1.8760445129529322,0.9380222564764661,0.9995777695448133,0.09375144179910407,0.04687572089955203,0.00041077794696331964,1.7445577456566899,1.0608736065875621,1.1750925886267505,0.16464318178623383,-0.10005256738725454,-0.08707169006897394,1.8062476026796228,0.9046708282119806,1.0222478594926234,0.11450389941086592,-0.030295500392449843,-0.03566614813080908,0.09000117304571391,0.09000117304571391,0.0,-0.06384788194157018,-0.03192394097078509,-0.00037905361426429445,4.438531578705959e-11,0.0420543312733216,0.4636476079633462,0,0.13858709081260792
8.170239999999826,1.8764339635608893,0.9382169817804447,0.9995794742236372,0.0934681459097144,0.0467340729548572,0.0004091229177535372,2.0238762076622465,0.47600433124978075,0.8435155738328872,0.040468403181213315,0.03807123577053269,-0.10959879246270364,1.9151478969674878,0.6904155023342075,0.9326525838567225,0.07734863657146157,0.0030491777449942158,-0.07266628739467884,0.09000117304571391,0.09000117304571391,0.0,-0.06366983277105398,-0.03183491638552699,-0.0003775369247466158,4.351488104729333e-11,0.04192727843515984,0.46364760798060956,0,0.13815166862371994
8.174399999999826,1.8768222370983523,0.9384111185491761,0.9995811720341974,0.09318564899109832,0.04659282449554916,0.0004074745344319381,1.67983025683786,0.7572023201811622,1.095808107574262,0.22110516153174978,0.04439674987369764,0.029461285006711257,1.7979479893307457,0.7239009204677227,1.0142931245955658,0.148897096637335,0.02410598673048832,-0.021781458138484137,0.09000117304571391,0.09000117304571391,0.0,-0.0634922070324665,-0.03174610351623325,-0.00037602625657459014,4.2661491236291224e-11,0.041800583784732975,0.46364760799758564,0,0.13771756245549482
8.178559999999827,1.8772093368862195,0.9386046684431097,0.9995828630040743,0.09290394908813693,0.046451974544068464,0.00040583277045113156,1.6328065550823678,0.2563254684689439,1.0999905833750514,0.09280583221400124,0.11544163393508892,-0.03808375471203497,1.7155680064305359,0.4903522596096475,1.057062353710962,0.12140495418617561,0.06869966213810967,-0.029505137342363118,0.09000117304571391,0.09000117304571391,0.0,-0.06331500413007421,-0.031657502065037105,-0.0003745215861648257,4.1824810396699034e-11,0.04167424644629186,0.46364760801427923,0,0.13728476859497485
8.182719999999827,1.8775952662372564,0.9387976331186282,0.9995845471607383,0.09262304424883945,0.046311522124419725,0.0004041975993688076,2.2707819285853774,1.6244091775189,1.0322029876715975,0.15278421332767728,-0.05706963378601745,0.0779194179853735,1.9934971875970882,1.0572706541723704,1.0447937789960946,0.1368289464942212,0.0054849193361518975,0.024579100389210098,0.09000117304571391,0.09000117304571391,0.0,-0.0631382234665224,-0.0315691117332612,-0.00037302288992345197,4.10045137308374e-11,0.04154826554548353,0.46364760803069505,0,0.1368532833382957
8.186879999999828,1.877980028456108,0.938990014228054,0.9995862245315502,0.09234293252434785,0.04617146626217392,0.00040256899484775323,1.6343761919984598,0.942494118107623,0.9953155006970292,0.03403622463283305,0.1511820338146861,-0.0940830984027427,1.814004751098416,1.000195346643774,1.0198590692420024,0.08554500121846959,0.07865620936153152,-0.034968343778252864,0.09000117304571391,0.09000117304571391,0.0,-0.06296186444242086,-0.03148093222121043,-0.00037153014456837476,4.0200282020864424e-11,0.04142264020935357,0.4636476080468377,0,0.13642310299067234
8.191039999999829,1.8783636268393118,0.9391818134196559,0.9995878951437612,0.09206361196894311,0.046031805984471555,0.00040094693065450995,2.0657778067424917,1.2585846414594895,1.433329680145809,-0.06996257369052916,-0.05546624950915156,-0.11090505516528569,1.9397470527233696,1.1292750272628869,1.2263669275011237,0.008026128872342065,0.01227994693159835,-0.07309476655815349,0.09000117304571391,0.09000117304571391,0.0,-0.0627859264565705,-0.03139296322828525,-0.0003700433264887629,3.9411800226635695e-11,0.041297369566348795,0.4636476080627117,0,0.13599422386638438
8.19519999999983,1.878746064675312,0.939373032337656,0.999589559024514,0.09178508064005064,0.04589254032002532,0.00039933138066071226,1.6026945768162113,1.1399894023866546,1.475070513044587,0.03151703210533402,0.1182073222145741,0.05583375537756656,1.7712836417592284,1.1348790579169317,1.3508385817683186,0.01994750623679269,0.06480394418097764,-0.009594953861950823,0.09000117304571391,0.09000117304571391,0.0,-0.06261040890619027,-0.031305204453095134,-0.0003685624127088157,3.8638758172413135e-11,0.04117245274631971,0.4636476080783216,0,0.13556664228876097
8.19935999999983,1.8791273452444714,0.9395636726222357,0.9995912162008425,0.09150733659824477,0.045753668299122384,0.00039772231884042025,2.3455551868282867,0.6063379098636001,1.4637859804363695,0.13415038926208647,0.1709706732219841,0.029120768894037103,2.058702804792129,0.87096216963191,1.407372703304,0.07687664695601416,0.11702934725282158,0.010211695014817782,0.09000117304571391,0.09000117304571391,0.0,-0.06243531118650303,-0.031217655593251514,-0.00036708737992699274,3.7880855053555704e-11,0.041047888880522826,0.4636476080936718,0,0.13514035459016657
8.20351999999983,1.879507471819085,0.9397537359095425,0.9995928666996727,0.09123037790725483,0.045615188953627414,0.00039611971927143165,2.0283478610311163,1.157457790594397,1.3192001270731633,0.10659093917182592,0.3445440608839962,0.22184497562963074,2.0437444517131667,1.014927601658515,1.3637461686376147,0.09287380412671321,0.23126491760874127,0.11652479600108227,0.09000117304571391,0.09000117304571391,0.0,-0.06226063269096194,-0.03113031634548097,-0.00036561820505144095,3.713779752652849e-11,0.04092367710162309,0.4636476081087665,0,0.1347153571119863
8.207679999999831,1.8798864476633932,0.9399432238316966,0.9995945105478233,0.09095420263397049,0.04547710131698524,0.0003945235561343708,1.8966187462244528,0.8156974550842576,1.3185407957238335,0.028661106052186212,0.125970487215612,-0.02100814799179223,1.970240428751049,0.9155741868873097,1.3410983499946403,0.060653746373254075,0.1781254849667962,0.048305434795831936,0.09000117304571391,0.09000117304571391,0.0,-0.06208637281158458,-0.03104318640579229,-0.00036415486520165945,3.6409294590570807e-11,0.04079981654369639,0.46364760812361,0,0.13429164620461062
8.211839999999832,1.880264276033595,0.9401321380167975,0.9995961477720054,0.09067880884844556,0.04533940442422278,0.0003929338037118095,1.9288633135116877,0.8963060644962368,0.7358028705031947,0.02466654674558079,0.16024799707179266,0.032319177822717676,1.94960491702905,0.9062726988096775,1.0385138879959162,0.04168647706421334,0.16947793716356419,0.0401737206381609,0.09000117304571391,0.09000117304571391,0.0,-0.06191253093832491,-0.030956265469162456,-0.00036269733728182393,3.5695059191866696e-11,0.040676306342231565,0.46364760813820655,0,0.13386921822742137
8.215999999999832,1.8806409601778613,0.9403204800889307,0.9995977783988237,0.09040419462390453,0.045202097311952266,0.0003913504363890788,1.546674766157924,0.8863852436010146,0.9129419451474372,0.2811672866395015,0.11106635018259738,0.1561991444153729,1.7487227398268261,0.8965606903007551,0.9760518362298983,0.16097978452009892,0.13987030354259636,0.09822292160084502,0.09000117304571391,0.09000117304571391,0.0,-0.061739106459727494,-0.030869553229863747,-0.00036124559862363097,3.499481457674521e-11,0.04055314563413294,0.4636476081525602,0,0.13344806954877642
8.220159999999833,1.8810165033363477,0.9405082516681739,0.9995994024547764,0.09013035803674625,0.045065179018373126,0.00038977342865250655,1.558794902623546,1.2635966723707561,0.9352793684801728,0.06875605614325984,-0.03504478359624399,-0.12581122448072812,1.6539007081910968,1.0800093242399815,0.9554046399745649,0.11477506351295805,0.051959125015580226,-0.014263830685009986,0.09000117304571391,0.09000117304571391,0.0,-0.061566098762513316,-0.030783049381256658,-0.00035979962656028917,3.430828636605036e-11,0.04043033355772238,0.463647608166675,0,0.13302819654599518
8.224319999999834,1.8813909087412084,0.9406954543706042,0.9996010199662559,0.08985729716654949,0.04492864858327474,0.0003882027550893455,1.682000049518333,1.2384880892555878,0.9776707767184243,0.16933405976104876,0.1079578521773866,0.027992304258723906,1.6683037394439733,1.159474858736303,0.9665969787828435,0.1415923276420768,0.07971744572679497,0.006432889566572476,0.09000117304571391,0.09000117304571391,0.0,-0.06139350723191375,-0.030696753615956876,-0.0003583593983204328,3.3635205531219975e-11,0.04030786925274158,0.46364760818055495,0,0.1326095956053436
8.228479999999834,1.8817641796166087,0.9408820898083043,0.9996026309595493,0.08958501009607699,0.04479250504803849,0.0003866383903881766,1.7932177196202275,0.8199259094113421,1.221091652415869,0.09818248860592546,0.11362970855325316,-0.04558531531593442,1.7309660529904,0.9899336238462283,1.093751545602616,0.11977831612812774,0.09702276683695642,-0.019700454791177616,0.09000117304571391,0.09000117304571391,0.0,-0.061221331251363004,-0.030610665625681502,-0.00035692489145712817,3.297530988232515e-11,0.0401857518603541,0.4636476081942039,0,0.13219226312201965
8.232639999999835,1.882136319178739,0.9410681595893695,0.9996042354608382,0.08931349491128093,0.044656747455640466,0.00038508030933756163,1.7826526684240835,1.298798631006154,1.0504753364594304,0.22430913699919028,0.09402298140072796,-0.15109295233430264,1.7572757087961461,1.14456421929862,1.0717977701378014,0.17231114519489715,0.09534730582545088,-0.08485979473302563,0.09000117304571391,0.09000117304571391,0.0,-0.06104957020293897,-0.030524785101469484,-0.00035549608342153255,3.232834203653236e-11,0.04006398052314762,0.4636476082076258,0,0.1317761955001379
8.236799999999835,1.8825073306358278,0.9412536653179139,0.9996058334962,0.08904274970130645,0.044521374850653224,0.0003835284868263993,1.9921548277242305,1.0728161477025349,0.92237370521353,-0.025363730954148775,-0.05017971524621213,0.026353557885470242,1.874665178209435,1.1085849973829545,0.9971402274616845,0.072994840566069,0.022742991644855118,-0.029606796532157576,0.09000117304571391,0.09000117304571391,0.0,-0.06087822346694913,-0.030439111733474564,-0.0003540729518848149,3.169404979011337e-11,0.039942554385135845,0.4636476082208243,0,0.13136138915271522
8.240959999999836,1.882877217188155,0.9414386085940775,0.9996074250916077,0.08877277255849692,0.04438638627924846,0.00038198289784298833,1.9985850837116081,1.2955101410520145,0.7586216388079666,0.17162050953669628,-0.006269778871174803,-0.03582799746111662,1.9369827814787552,1.202038573451329,0.8778040679477355,0.12238900794621234,0.006922321643617686,-0.032392450542245335,0.09000117304571391,0.09000117304571391,0.0,-0.060707290422371246,-0.030353645211185623,-0.00035265547452565044,3.107218352889258e-11,0.03982147259176062,0.4636476082338032,0,0.13094784050165542
8.245119999999837,1.883245982028065,0.9416229910140325,0.9996090102729305,0.08850356157839745,0.044251780789198725,0.00038044351747495845,1.5892103800305346,1.0061343727642056,1.76279953742679,0.07684751558269991,0.03404284981866131,-0.09995539414974774,1.7632543121147917,1.1041556757978572,1.3201006408589953,0.09946524166740578,0.020593659365614594,-0.06643393371021304,0.09000117304571391,0.09000117304571391,0.0,-0.060536770446332405,-0.030268385223166203,-0.00035124362913830677,3.0462499096807014e-11,0.03970073428989384,0.4636476082465661,0,0.13053554597773492
8.249279999999837,1.8836136283399807,0.9418068141699903,0.9996105890659343,0.08823511485976053,0.044117557429880265,0.0003789103209087805,1.9575632927812598,1.145865904365511,0.691601880577329,0.11097627210537253,-0.09631029782441958,-0.0737670950341173,1.8606415348953296,1.1248101003477913,1.0056952915638175,0.10495779202395555,-0.03753397392481317,-0.07099544504774162,0.09000117304571391,0.09000117304571391,0.0,-0.06036666291487025,-0.030183331457435125,-0.0003498373937410595,2.986476061796519e-11,0.039580338627839565,0.46364760825911666,0,0.130124502020587
8.253439999999838,1.8839801593004164,0.9419900796502082,0.9996121614962818,0.0879674305045485,0.04398371525227425,0.00037738328342878496,1.561775695892835,1.1157362256417975,0.7714720511307787,-0.03238912147308555,0.22020853028409448,0.06969215961883019,1.7111398807895977,1.1207297453609941,0.8887266425999836,0.03594445210331969,0.09198504877586071,-0.0004935847990155942,0.09000117304571391,0.09000117304571391,0.0,-0.06019696720219861,-0.030098483601099305,-0.0003484367461495173,2.927873358100376e-11,0.039460284755335695,0.4636476082714584,0,0.12971470507868763
8.257599999999838,1.8843455780779912,0.9421727890389956,0.9996137275895336,0.08770050661793907,0.043850253308969536,0.00037586238041797314,1.4339472370105228,0.6036629218084353,0.7764796152543212,0.09164157263438549,-0.11159736588032208,-0.046012345552107245,1.5727323196636143,0.8619619598745788,0.8325070101159373,0.06374684038286925,-0.01044886388826873,-0.023428431175739665,0.09000117304571391,0.09000117304571391,0.0,-0.06002768268125494,-0.03001384134062747,-0.00034704166451238216,2.8704189707938595e-11,0.03934057182355605,0.46364760828359475,0,0.12930615160934003
8.261759999999839,1.8847098878334425,0.9423549439167213,0.9996152873711476,0.08743434130832864,0.04371717065416432,0.00037434758735660267,1.6364320854560754,1.3809836112947256,0.6854964260715807,0.05465418281024577,0.033807895241072514,-0.013613371155608858,1.6046973138192104,1.1215463662911267,0.7589709843455062,0.05872678964780108,0.011854871645345403,-0.01785334400722497,0.09000117304571391,0.09000117304571391,0.0,-0.05985880872350008,-0.02992940436175004,-0.00034565212688510475,2.814090383747517e-11,0.0392211989851121,0.46364760829552915,0,0.1288988380786598
8.26591999999984,1.8850730917196397,0.9425365458598198,0.9996168408664802,0.08716893268733635,0.04358446634366817,0.0003728388798225503,0.9188707469370416,0.9788292257388297,0.9490429887776235,0.1851611528818234,0.1300347215572189,-0.08523726797520535,1.2621653974974119,1.0504564181277887,0.8538310270911388,0.12143755354911842,0.07134482165743278,-0.051541734306257164,0.09000117304571391,0.09000117304571391,0.0,-0.05969034469903864,-0.02984517234951932,-0.0003442681115518086,2.7588653754442543e-11,0.0391021653940548,0.463647608307265,0,0.12849276096155982
8.27007999999984,1.885435192881597,0.9427175964407986,0.9996183881007864,0.08690427886980774,0.04345213943490387,0.0003713362334903259,1.7304982256638395,1.2674828588888898,1.0267108903876654,0.07930463018545786,-0.10361182030404892,-0.12171069267729387,1.4964989236765844,1.1587559415112718,0.9400203012727065,0.10091058478091249,-0.01626363801373226,-0.08724080481078415,0.09000117304571391,0.09000117304571391,0.0,-0.059522289976525505,-0.029761144988262753,-0.0003428895968127831,2.7047227043404243e-11,0.03898347020587627,0.4636476083188055,0,0.12808791674173522
8.27423999999984,1.885796194456488,0.942898097228244,0.9996199290992203,0.08664037797381875,0.043320188986909376,0.00036983962413097835,1.4918002796589465,0.7743188511325673,0.7026176425819857,0.10189704634718802,0.0326312458253894,0.008755076599354655,1.4943612556061987,0.9666025360859406,0.8213355327241952,0.10152688198394055,0.008200958813204833,-0.03925463957434156,0.09000117304571391,0.09000117304571391,0.0,-0.05935464392328618,-0.02967732196164309,-0.0003415165609854836,2.6516409249897128e-11,0.03886511257751156,0.463647608330154,0,0.12768430191164842
8.278399999999841,1.8861560995736575,0.9430780497868287,0.9996214638868353,0.08637722812067922,0.04318861406033961,0.000368349027611979,2.021912389900164,0.7648354684116274,1.1089562012162089,0.1353760003252614,0.011378784758772777,0.06860968442326049,1.7584234979393638,0.8657416843678236,0.9652910137919916,0.11777345111382884,0.00958461996913375,0.014464795863323575,0.09000117304571391,0.09000117304571391,0.0,-0.0591874059051164,-0.0295937029525582,-0.00034014898261970107,2.599599600217498e-11,0.03874709166734029,0.46364760834131363,0,0.1272819129725143
8.282559999999842,1.8865149113546364,0.9432574556773182,0.9996229924885849,0.08611482743493724,0.04305741371746862,0.0003668644198962433,1.6111366184389182,1.0488918196450674,1.2671327080224923,0.08706642109472855,-0.037492256500708775,0.06547928357225609,1.684961077303275,0.957239405169388,1.1163523693126276,0.10196311928086058,-0.013640364856082186,0.038910322851005236,0.09000117304571391,0.09000117304571391,0.0,-0.059020575286830024,-0.029510287643415012,-0.0003387868403921417,2.548578103095613e-11,0.038629406635188504,0.4636476083522876,0,0.12688074643428449
8.286719999999843,1.8868726329131547,0.9434363164565773,0.9996245149293226,0.08585317404438128,0.04292658702219064,0.0003653857770415528,1.5401494848602924,0.5623636426520948,0.6918381079152622,0.09392827088539339,0.1669231339932314,-0.008414117988417427,1.6127486961880895,0.7601467058339121,0.9040748477553168,0.09839802616110027,0.07626929765926069,0.015212281682088822,0.09000117304571391,0.09000117304571391,0.0,-0.058854151431524476,-0.029427075715762238,-0.00033743011267941907,2.4985564057085085e-11,0.03851205664232996,0.46364760836307894,0,0.12648079881563298
8.290879999999843,1.887229267355155,0.9436146336775775,0.9996260312338026,0.08559226608004528,0.04279613304002264,0.00036391307520180984,1.784002265395265,1.3509255085579046,1.0029113922512591,0.09215441627275725,-0.13723862429328834,-0.059293868634041146,1.698568062122936,1.0552539632307816,0.9533709412822402,0.0954187161702244,-0.030074027108698186,-0.022256822673848212,0.09000117304571391,0.09000117304571391,0.0,-0.05868813370144921,-0.029344066850724604,-0.0003360787783076495,2.449515057202701e-11,0.03839504085148805,0.46364760837369073,0,0.12608206664394025
8.295039999999844,1.887584817778806,0.943792408889403,0.9996275414266802,0.08533210167621018,0.04266605083810509,0.00036244629062509164,1.9036918266688787,0.9602749770666008,1.4146880047373567,0.22771763492121694,0.04339691741055016,-0.13219421781029284,1.8016046566399924,1.007854854270961,1.1837569304117608,0.1617372149269078,0.006279569261745247,-0.0768287506673755,0.09000117304571391,0.09000117304571391,0.0,-0.05852252145716433,-0.029261260728582164,-0.0003347328162335297,2.4014350340336167e-11,0.038278358426837,0.46364760838412594,0,0.12568454645527896
8.299199999999844,1.887939287274516,0.943969643637258,0.9996290455325121,0.08507267897040902,0.04253633948520451,0.00036098539965311456,1.8976678427226832,0.7799231372225413,1.409732023112309,0.20465830478614805,-0.012304693001692173,-0.13752958332401946,1.8500637075368762,0.8938621582336823,1.2964595193783666,0.18266496774944768,-0.0031800693211749393,-0.10694394632295269,0.09000117304571391,0.09000117304571391,0.0,-0.05835731405819508,-0.02917865702909754,-0.00033339220511732575,2.3542972487553827e-11,0.038162008534003644,0.4636476083943875,0,0.12528823479439827
8.303359999999845,1.888292678924947,0.9441463394624735,0.9996305435757568,0.08481399610342921,0.042406998051714606,0.0003595303787224117,1.7433997533525278,0.4815303773961165,1.5343254411375433,0.016340590077729977,-0.018536401809459438,-0.012645285522869396,1.7967658963929714,0.6876549199653446,1.4153659511457366,0.09906894739991932,-0.010901784520361849,-0.058891025843984035,0.09000117304571391,0.09000117304571391,0.0,-0.05819251086293889,-0.029096255431469445,-0.0003320569240724718,2.3080834146387425e-11,0.03804599034006882,0.46364760840447833,0,0.12489312821470858
8.307519999999846,1.8886449958050275,0.9443224979025138,0.999632035580775,0.0845560512193153,0.04227802560965765,0.00035808120436242884,2.3653405549709325,1.0153729127023217,0.8756279720201346,0.035701495944388546,-0.03399941029445904,0.0987897408847269,2.0811314285744618,0.8514447816294947,1.145698347602487,0.06740551600187843,-0.02210766571492194,0.02009167208438983,0.09000117304571391,0.09000117304571391,0.0,-0.05802811122835816,-0.02901405561417908,-0.0003307269521324748,2.2627753677569934e-11,0.037930303013568714,0.4636476084144012,0,0.12449922327826682
8.311679999999846,1.8889962409819665,0.9444981204909833,0.9996335215718299,0.08429884246537292,0.04214942123268646,0.0003566378531958355,1.9170456906006268,0.884914182449834,0.8882472664665684,0.006139706095924957,0.129731010561373,-0.04663547624883669,1.9990995237817926,0.8684506388270576,1.016875110617748,0.03709293601402213,0.05327983391121821,-0.013799210856482011,0.09000117304571391,0.09000117304571391,0.0,-0.05786411451031437,-0.028932057255157184,-0.0003294022683586644,2.2183556994740986e-11,0.03781494572449634,0.463647608424159,0,0.124106516555761
8.315839999999847,1.8893464175152672,0.9446732087576336,0.999635001573088,0.08404236799217144,0.04202118399608572,0.000355200301938373,1.4598714832444482,0.5691741632707259,1.2318034018047015,0.0243389926134299,0.20252788184920983,0.04892584305956376,1.72953376774525,0.7192323194730419,1.1244431705875433,0.030037320136343665,0.1275286264515262,0.01724863838760319,0.09000117304571391,0.09000117304571391,0.0,-0.057700520063688754,-0.028850260031844377,-0.0003280828520553652,2.1748066849099652e-11,0.03769991764430296,0.4636476084337544,0,0.12371500462649468
8.319999999999848,1.8896955284567403,0.9448477642283701,0.9996364756086189,0.08378662595354608,0.04189331297677304,0.0003537685273978098,2.2677904828320643,1.0633547338075557,1.189449444722279,0.13001733113310276,0.03421139395487221,-0.11837327006687877,1.9989357490250799,0.8913675129151654,1.1567003579402921,0.08029739575090737,0.08067423209851199,-0.050461490017406276,0.09000117304571391,0.09000117304571391,0.0,-0.05753732724186145,-0.028768663620930723,-0.00032676868245030445,2.1321114125076184e-11,0.037585217945899196,0.46364760844319014,0,0.12332468407837245
8.324159999999848,1.8900435768505177,0.9450217884252589,0.9996379437023959,0.08353161450660222,0.04176580725330111,0.0003523425064742326,1.3581177622593408,0.517141557059299,0.6244236806676766,0.017270431724658447,-0.026314777408859992,0.19217540610842976,1.6785593404061798,0.7041975010963125,0.8909599953727572,0.0482364821398644,0.02703332058507652,0.06988869202388118,0.09000117304571391,0.09000117304571391,0.0,-0.05737453539736617,-0.028687267698683086,-0.00032545973890944877,2.0902529610380076e-11,0.037470845803656616,0.4636476084524689,0,0.12293555150788416
8.328319999999849,1.8903905657330666,0.9451952828665333,0.9996394058782966,0.08327733181171695,0.04163866590585848,0.0003509222161594507,2.2354728074804933,0.6288911433502484,1.1670782259512813,0.20650173522954463,0.1460279753335213,-0.10395049844729137,1.9574483977122457,0.6668478420366881,1.028804716598552,0.12788349006562363,0.08637261268612548,-0.016965835826502178,0.09000117304571391,0.09000117304571391,0.0,-0.05721214388158363,-0.028606071940791816,-0.00032415600093833787,2.049215237103313e-11,0.03735680039340879,0.4636476084615932,0,0.12254760352008966
8.33247999999985,1.8907364981332022,0.9453682490666011,0.999640862160103,0.08302377603254196,0.04151188801627098,0.0003495076335363889,2.1129343195049,0.826667670568364,0.8600141748298878,0.02246238924873064,0.17671011883015034,0.07901654978253433,2.035239012285242,0.7471275863960336,0.9445719656778194,0.07525443165560151,0.13097788409730385,0.031332264410174705,0.09000117304571391,0.09000117304571391,0.0,-0.057050152044540975,-0.028525076022270487,-0.0003228574479692441,2.008982144887697e-11,0.037243080892452554,0.4636476084705657,0,0.12216083672860423
8.33663999999985,1.8910813770721022,0.9455406885360511,0.999642312571502,0.0827709453360072,0.0413854726680036,0.00034809873577934617,1.5011608598429598,1.1885375899646595,1.4104706016951487,0.16133536171981372,-0.006510364147915226,-0.143314985490221,1.7685336788955852,0.9678220857010746,1.1772269846379344,0.11737234465095091,0.062266538156831946,-0.056235908626462716,0.09000117304571391,0.09000117304571391,0.0,-0.056888559235566766,-0.028444279617783383,-0.00032156405979018223,1.9695377261441898e-11,0.03712968647954941,0.4636476084793889,0,0.12177524775558242
8.34079999999985,1.8914252055633203,0.9457126027816601,0.999643757136086,0.08251883789232191,0.041259418946160954,0.00034669550015249445,1.8945758295552417,1.1096803879172648,0.7273754249989764,0.10498279698841458,-0.06370470817204471,-0.0030535279459929492,1.8317733433336436,1.038620105562364,0.9522907163266444,0.11149284660695052,-0.0008937616408845761,-0.02917237485915283,0.09000117304571391,0.09000117304571391,0.0,-0.05672736480277063,-0.028363682401385315,-0.0003202758159043936,1.930866646521768e-11,0.03701661633492643,0.4636476084880653,0,0.12139083323170313
8.344959999999851,1.8917679866127994,0.9458839933063997,0.9996451958773527,0.0822674518749777,0.04113372593748885,0.0003452979040110598,1.75272245723614,0.9330635436254923,1.6316613001261953,0.0566349486833759,0.003105523354528586,-0.05633207646264275,1.7923657613841892,0.9858478787014493,1.2918624702473622,0.08377159096744763,0.0009453426005121497,-0.042210610014594405,0.09000117304571391,0.09000117304571391,0.0,-0.05656656809316349,-0.028283284046581744,-0.00031899269617285974,1.8929537448395046e-11,0.03690386964027749,0.4636476084965973,0,0.12100758979615452
8.349119999999852,1.892109723218886,0.946054861609443,0.999646628818706,0.0820167854607513,0.04100839273037565,0.0003439059247997659,1.817669184123027,0.9349862279828671,1.0059368872000019,0.12873475423157565,-0.027992889292081033,-0.04053307041980689,1.805284590501571,0.9603600669563501,1.148813989339912,0.10664643516735021,-0.01428833458444794,-0.04166957786975952,0.09000117304571391,0.09000117304571391,0.0,-0.0564061684527781,-0.02820308422638905,-0.00031771468049504397,1.8557843628351532e-11,0.036791445578764376,0.4636476085049873,0,0.12062551409661855
8.353279999999852,1.892450418372343,0.9462252091861715,0.9996480559834563,0.08176683682970665,0.04088341841485332,0.0003425195400526671,2.361422112184781,0.6295466878351537,0.9654907107879045,0.07983214118176954,0.0004073665950889496,-0.07788419550132387,2.083524812521301,0.7949522338852528,1.0569899603344068,0.09250960998946378,-0.007097235407426189,-0.06020248200875607,0.09000117304571391,0.09000117304571391,0.0,-0.0562461652266828,-0.0281230826133414,-0.0003164417487028057,1.819343677372175e-11,0.03667934333501793,0.4636476085132377,0,0.12024460278925563
8.357439999999853,1.8927900750563647,0.9463950375281823,0.9996494773948205,0.081517604165197,0.0407588020825985,0.0003411387273934134,1.4918107234915199,0.21294482187409736,0.6384487789871172,0.18359187745848338,0.1860346186549099,-0.011999115085540711,1.7880476512792312,0.5043326173751438,0.8476916443915571,0.13700725685699527,0.08887187843960855,-0.03618143116598744,0.09000117304571391,0.09000117304571391,0.0,-0.056086557759102235,-0.028043278879551117,-0.0003151738807752368,1.7836176155441525e-11,0.03656756209513902,0.46364760852135084,0,0.11986485253868896
8.361599999999854,1.8931286962465892,0.9465643481232946,0.9996508930759227,0.08126908565386659,0.040634542826933295,0.00033976346453459247,1.6703901929140956,1.1041016638627477,1.0179469475268577,0.0016289298478483621,0.09937635822804383,0.13507868955080793,1.7292217106074714,0.8044279303643442,0.9331007356367469,0.06921919745930662,0.09417492585894413,0.049779749399368016,0.09000117304571391,0.09000117304571391,0.0,-0.05592734539300351,-0.027963672696501754,-0.00031391105683999435,1.748592202003973e-11,0.03645610104669937,0.46364760852932896,0,0.11948626001798988
8.365759999999854,1.8934662849111128,0.9467331424555564,0.9996523030497947,0.08102127948565394,0.04051063974282697,0.0003383937292770784,2.3018731158429193,0.9784974122271298,0.8241223342531027,0.06293043845506802,0.16734639086371383,0.1043264762033415,2.015681300090821,0.8918120678974318,0.8788288878599879,0.06656266209734558,0.1307064828714009,0.07651134575751152,0.09000117304571391,0.09000117304571391,0.0,-0.05576852747053712,-0.02788426373526856,-0.00031265325706754713,1.7142535101841767e-11,0.036344959378742825,0.46364760853717435,0,0.11910882190866226
8.369919999999855,1.8938028440105037,0.9469014220052518,0.999653707339376,0.08077418385379337,0.040387091926896684,0.0003370294995098546,1.8521520650044638,1.1407519133034283,0.8089458701359586,0.13949072352766878,-0.0803349550878199,0.02557761614461316,1.9342066082362885,1.0161165314915708,0.8439395890353036,0.10257324230159835,0.025250570995665054,0.051288954392212496,0.09000117304571391,0.09000117304571391,0.0,-0.05561010333305105,-0.027805051666525527,-0.0003114004616721752,1.680588193018642e-11,0.036234136281786206,0.4636476085448892,0,0.11873253490062682
8.374079999999855,1.8941383764978155,0.9470691882489077,0.9996551059675144,0.08052779695481647,0.04026389847740824,0.0003356707532097793,1.2929908814479472,1.0698667056706728,0.7467590035899839,0.1968770043345507,-0.017753058755970517,0.10372634783368245,1.6140061786004534,1.042956175385018,0.7955646946791796,0.1485543952682016,0.0032194452904065183,0.07734532964422859,0.09000117304571391,0.09000117304571391,0.0,-0.05545207232078364,-0.02772603616039182,-0.0003101526510200536,1.6475833319697942e-11,0.036123630947820125,0.4636476085524756,0,0.11835739569220624
8.378239999999856,1.894472885318601,0.9472364426593005,0.9996564989569662,0.08028211698855484,0.04014105849427742,0.0003343174684409423,1.4461391239657226,1.4634235951495729,1.229812832667474,0.023687474998999952,0.08043147588054927,0.032691242821203746,1.5301210457873005,1.2533614635680634,1.0127594466034406,0.08598472555949406,0.04117573722874995,0.05519066231443806,0.09000117304571391,0.09000117304571391,0.0,-0.05529443377319804,-0.02764721688659902,-0.0003089098053093303,1.6152256676528205e-11,0.03601344257031,0.4636476085599358,0,0.11798340099010952
8.382399999999857,1.8948063734109266,0.9474031867054633,0.9996578863303969,0.08003714215814142,0.04001857107907071,0.0003329696233553151,1.9275073942749705,0.6999680932330983,1.426221072026256,0.09813148760644601,0.12441903623273315,-0.06126728516023188,1.7290205770331182,0.9769210040412588,1.219365746532593,0.09231426058860322,0.08216214859305827,-0.0030444166013262374,0.09000117304571391,0.09000117304571391,0.0,-0.055137187028996115,-0.027568593514498058,-0.00030767190532005485,1.5835026029265568e-11,0.03590357034419685,0.4636476085672719,0,0.11761054750941638
8.386559999999857,1.895138843705385,0.9475694218526926,0.999659268110381,0.07979287067001185,0.03989643533500593,0.0003316271961903227,1.8788120197437645,1.328106040824551,1.2458056627023004,0.15998826675969283,0.17617257504228429,0.177549675472346,1.8042486545517882,1.1528816460155322,1.232956453992681,0.1268503685636533,0.1295304646132588,0.08663223395817533,0.09000117304571391,0.09000117304571391,0.0,-0.054980331425811435,-0.027490165712905718,-0.00030643893123890524,1.552401594215908e-11,0.035794013465898,0.4636476085744859,0,0.11723883197356229
8.390719999999858,1.8954702991251098,0.9477351495625549,0.9996606443194029,0.07954930073390701,0.039774650366953504,0.0003302901652712944,1.818718052281843,1.1834810684472303,1.1212861190175714,0.02202837926853666,0.03191092402233096,0.10063088953323646,1.8115293352840898,1.1682484377898228,1.177329326902152,0.07441615890831545,0.08049005821074792,0.09386508012819758,0.09000117304571391,0.09000117304571391,0.0,-0.0548238663004367,-0.02741193315021835,-0.0003052108639432121,1.5219105410624464e-11,0.035684771133307994,0.4636476085815799,0,0.11686825111432311
8.394879999999858,1.8958007425857883,0.9479003712928942,0.9996620149798572,0.07930643056287467,0.03965321528143734,0.00032895850900852594,1.7681337839070814,1.2247005331587208,1.8877021861118224,0.11577186149904231,0.14370324028053505,-0.0800502981820702,1.7900722243710547,1.1967753731728696,1.532353069234188,0.09501138449892359,0.11132609193326301,0.007474275322684114,0.09000117304571391,0.09000117304571391,0.0,-0.05466779098894434,-0.02733389549447217,-0.0003039876840401892,1.49201756456608e-11,0.035575842545799465,0.4636476085885558,0,0.11649880167179948
8.399039999999859,1.8961301769956769,0.9480650884978384,0.9996633801140484,0.07906425837327069,0.039532129186635345,0.00032763220589843053,2.0197554825333333,1.0177073440813833,0.8234325488386419,-0.009686242412863644,-0.018175650143359895,0.00931443570692091,1.9048963385544977,1.1072022983018066,1.177908468983555,0.04217641270185864,0.0465846983465055,0.007794703789160548,0.09000117304571391,0.09000117304571391,0.0,-0.0545121048267006,-0.0272560524133503,-0.0003027693721881883,1.4627110353837607e-11,0.035467226904223756,0.46364760859541565,0,0.11613048039440113
8.40319999999986,1.8964586052556134,0.9482293026278067,0.9996647397441922,0.07882278238476005,0.039411391192380026,0.0003263112345232517,2.2174531461657567,1.2049622172561705,1.2878516491180991,0.007872963225052723,0.06755548552499152,-0.10469851758024362,2.0611937412007517,1.156224152946426,1.2326650607175338,0.024817144479755363,0.05673329355568213,-0.04940744585646864,0.09000117304571391,0.09000117304571391,0.0,-0.05435680714816554,-0.02717840357408277,-0.00030155590931186995,1.4339793101730855e-11,0.03535892341091153,0.46364760860216137,0,0.11576328403883177
8.40735999999986,1.8967860302590314,0.9483930151295157,0.9996660938924153,0.07858200082031884,0.03929100041015942,0.00032499557354996215,1.9764731965263103,0.6279322136588443,0.9629425688961795,0.14901940029464683,0.05932414106785666,0.09443072251521813,2.019143399591044,0.8921980392415771,1.097996922948416,0.08663742836107625,0.057951536730122974,0.02318408513910598,0.09000117304571391,0.09000117304571391,0.0,-0.05420189728690658,-0.02710094864345329,-0.00030034727638969744,1.40581101614773e-11,0.03525093126967348,0.46364760860879484,0,0.11539720937007389
8.41151999999986,1.897112454891974,0.948556227445987,0.9996674425807559,0.07834191190623613,0.039170955953118064,0.00032368520172997993,2.0770783055000237,0.7757100398088383,0.8509476616393785,0.052984650212920884,0.2156339535910299,-0.07922845285370256,2.048221052100202,0.8344013419640227,0.9743066624042058,0.07001147768544061,0.1369724821516139,-0.028444397907610348,0.09000117304571391,0.09000117304571391,0.0,-0.05404737457593295,-0.027023687287966475,-0.00029914345434785185,1.3781954709109207e-11,0.03514324968580115,0.4636476086153179,0,0.11503225316137296
8.415679999999861,1.8974378820331077,0.9487189410165539,0.9996687858311638,0.07810251387211446,0.03905125693605723,0.0003223800978994087,2.07465148233074,0.6546886675955033,0.9326542808816558,0.2384399458752519,0.1267770034300126,0.01699160695731597,2.0619333483196,0.7448080882986768,0.9535171109260727,0.15375909471784574,0.13156353402179027,-0.006493208150116271,0.09000117304571391,0.09000117304571391,0.0,-0.053893238347389016,-0.026946619173694508,-0.00029794442416798163,1.35112164337127e-11,0.035035877866067405,0.46364760862173243,0,0.11466841219422223
8.419839999999862,1.8977623145537363,0.9488811572768682,0.9996701236655012,0.07786380495087163,0.03893190247543581,0.0003210802409787211,1.5270717047175522,0.876855256276669,0.7433860121281577,-0.11791598637319008,0.028930421574500403,0.0038612276037913486,1.794254225846618,0.8108921292008608,0.8484575090579639,0.017600508915694105,0.08056201210814226,-0.0010217452812717512,0.09000117304571391,0.09000117304571391,0.0,-0.05373948793288871,-0.026869743966444357,-0.0002967501671023742,1.3245788832015953e-11,0.034928815018727064,0.4636476086280402,0,0.1143056832583468
8.423999999999863,1.8980857553178145,0.9490428776589073,0.9996714561055428,0.0776257833787411,0.03881289168937055,0.0003197856099716771,1.9930554281619195,1.1090833881178417,0.49941156309776324,-0.08162000743399334,-0.19173011114706248,-0.047875448368870636,1.8934859746674453,0.9595913088483624,0.673833304628508,-0.03177442240189422,-0.05569003223397435,-0.024825716940603235,0.09000117304571391,0.09000117304571391,0.0,-0.05358612266310195,-0.026793061331550974,-0.0002955606642472794,1.298556869234694e-11,0.03482206035351737,0.46364760863424304,0,0.1139440631516888
8.428159999999863,1.8984082071819615,0.9492041035909807,0.9996727831729759,0.07738844739527409,0.038694223697637045,0.00031849618396588385,1.7492989245851394,0.8085499289854455,0.8120548114795494,0.1787005557780141,0.22185498811554427,0.1230975981769479,1.82176334287819,0.88453159676381,0.7432005531276058,0.0733485047588799,0.08278446650488243,0.04937244754463576,0.09000117304571391,0.09000117304571391,0.0,-0.053433141867981704,-0.026716570933990852,-0.0002943758969715831,1.2730454448833546e-11,0.03471561308165863,0.46364760864034266,0,0.11358354868039197
8.432319999999864,1.8987296729954755,0.9493648364977377,0.9996741048894014,0.07715179524334081,0.03857589762167041,0.00031721194213166535,2.3556997105064923,1.0849966621153633,1.4755308126499143,0.07963198740447631,-0.16707696967128388,0.045247000405879464,2.0889015659155508,0.9844178723919819,1.1094639124899166,0.07616730059450906,-0.04206075017474224,0.047794342071670395,0.09000117304571391,0.09000117304571391,0.0,-0.05328054487720585,-0.026640272438602924,-0.0002931958465972181,1.24803453585036e-11,0.03460947241585481,0.46364760864634075,0,0.11322413665878525
8.436479999999865,1.8990501556003467,0.9495250778001734,0.9996754212763336,0.07691582516912977,0.038457912584564886,0.00031593286372224135,2.087116150479771,1.253477019998773,1.4577635349715037,-0.07130148694160442,0.23832843168328138,-0.025920535404079594,2.087861323069337,1.1194444138646067,1.2835635063967237,0.002066144652659114,0.09841943617728809,0.01033605207531886,0.09000117304571391,0.09000117304571391,0.0,-0.05312833101922895,-0.026564165509614476,-0.00029202049450691376,1.2235143865392475e-11,0.034503637570293746,0.46364760865223903,0,0.11286582390936865
8.440639999999865,1.8993696578312724,0.9496848289156362,0.9996767323552006,0.07668053542215109,0.03834026771107554,0.00031465892807343,1.7854766926481924,0.7260413171028428,1.3837645448361533,0.21495555021954565,-0.02960514501942421,0.03587876464572068,1.9371144420791417,0.9226790053880208,1.3337381249185274,0.10828139317594448,0.03418906691312479,0.02369654973077933,0.09000117304571391,0.09000117304571391,0.0,-0.05297649962247172,-0.02648824981123586,-0.0002908498223593678,1.1994754007039307e-11,0.03439810776064791,0.46364760865803917,0,0.1125086072627964
8.444799999999866,1.8996881825156693,0.9498440912578346,0.9996780381473448,0.07644592425523486,0.03822296212761743,0.0003133901146024866,2.0441466146093212,1.1289325464924624,1.0349097158639247,0.0020442855715983588,0.03931124654757324,-0.10468011269724696,1.9906363569136374,1.0258872083964543,1.1841037799935734,0.054771716264085654,0.037604300547719585,-0.04033077435709189,0.09000117304571391,0.09000117304571391,0.0,-0.0528250500141593,-0.02641252500707965,-0.00028968381144839784,1.1759079229956336e-11,0.03429288220407447,0.4636476086637428,0,0.1121524835578627
8.448959999999866,1.900005732473688,0.950002866236844,0.9996793386740231,0.07621198992453436,0.03810599496226718,0.0003121264028095939,2.03774228914693,1.5052183226617846,1.0190334306866866,0.08122572549117604,0.05184198495464385,0.10161140787443905,2.01435954798365,1.265663409791647,1.1017777131669284,0.06754110485314642,0.044981725235659416,0.031153358985763678,0.09000117304571391,0.09000117304571391,0.0,-0.05267398152118977,-0.026336990760594883,-0.0002885224435592924,1.1528028236257482e-11,0.03418796011921602,0.46364760866935156,0,0.11179744964148566
8.453119999999867,1.9003223105182279,0.9501611552591139,0.9996806339564076,0.0759787306895256,0.0379893653447628,0.00031086777227579246,1.731027825753191,0.6892173092597731,1.398760364379855,-0.15994580991923898,0.18127906746393788,0.059924607918918564,1.8723597074442277,0.9778128905006261,1.250394491717182,-0.04651756076733274,0.1133575421163725,0.046146184753859634,0.09000117304571391,0.09000117304571391,0.0,-0.052523293470041615,-0.026261646735020808,-0.0002873657004357148,1.1301512355857497e-11,0.03408334072620088,0.463647608674867,0,0.11144350236869144
8.457279999999868,1.9006379194549488,0.9503189597274744,0.9996819240155854,0.07574614481300736,0.03787307240650368,0.00030961420266313307,2.045906763999839,0.9502917491362867,1.0198536385092039,0.001957974208490046,-0.005388925973942291,0.02360360776231435,1.9591380108971392,0.9640408974449175,1.135172747111926,-0.022036827918467106,0.054001997370847245,0.03429914715022436,0.09000117304571391,0.09000117304571391,0.0,-0.052372985186146026,-0.026186492593073013,-0.00028621356388745496,1.1079440069235211e-11,0.03397902324664319,0.4636476086802906,0,0.11109063860259975
8.461439999999868,1.9009525620822867,0.9504762810411433,0.9996832088725592,0.07551423056110373,0.03775711528055187,0.00030836567371436474,2.1418431293214044,0.9724339618183461,1.1973597642415053,-0.022366127447689135,0.006105145064270186,-0.12339244995010666,2.0504455562951103,0.9682502980262041,1.1660108689309903,-0.022311377647330505,0.030003195786092104,-0.044936043048597184,0.09000117304571391,0.09000117304571391,0.0,-0.052223055994755685,-0.026111527997377842,-0.00028506601557725807,1.086172675882418e-11,0.033875006903643604,0.463647608685624,0,0.11073885521440754
8.465599999999869,1.901266241191467,0.9506331205957335,0.9996844885482478,0.07528298620326317,0.03764149310163158,0.0003071221652535444,2.050826734739979,0.8639502211674102,0.8468727257022441,0.06911722395605864,0.0011129592590276849,0.06847298749964326,2.0507803276512946,0.9161032274292337,1.0065815122679183,0.023196249561411423,0.014895049183662598,0.01198899009806943,0.09000117304571391,0.09000117304571391,0.0,-0.05207350522042442,-0.02603675261021221,-0.0002839230375565841,1.0648285706920194e-11,0.03377129092178932,0.46364760869086863,0,0.11038814908337383
8.46975999999987,1.901578959566518,0.950789479783259,0.999685763063486,0.07505241001225955,0.03752620500612978,0.0003058836571843631,1.6161540394310987,1.4048993998180095,0.9414460835712575,0.26207555067251237,-0.11957402548405596,-0.026208089654411095,1.8340110672281325,1.1602555745102245,0.97395934566608,0.14174767194508658,-0.052115003884277186,-0.00735502261367553,0.09000117304571391,0.09000117304571391,0.0,-0.0519243321872348,-0.0259621660936174,-0.0002827846118392649,1.0439031921307725e-11,0.03366787452715448,0.463647608696026,0,0.11003851709680407
8.47391999999987,1.9018907199842854,0.9509453599921427,0.9996870324390256,0.07482250026419253,0.037411250132096265,0.00030465012949031653,1.7219725440997948,1.1386522667806793,0.6125322363658441,0.0854058038857418,0.19419297222362117,0.02531112365669257,1.7781694868788638,1.1498577464212887,0.7932956059814613,0.11318431734408023,0.0709937881657206,0.009121343174989636,0.09000117304571391,0.09000117304571391,0.0,-0.05177553621859815,-0.025887768109299075,-0.0002816507205092558,1.023388682363071e-11,0.03356475694730029,0.46364760870109756,0,0.10968995615003498
8.47807999999987,1.9022015252144457,0.9511007626072229,0.9996882966955348,0.07459325523848846,0.03729662761924423,0.00030342156223435744,1.855557973208027,1.2709997370571537,1.1790670198572955,0.028626981045957275,0.03163260276053239,-0.04849880408035621,1.816923658111946,1.2104944206350317,0.9860837607421962,0.07098642827721034,0.05177909082309625,-0.019985323120364665,0.09000117304571391,0.09000117304571391,0.0,-0.051627116637695925,-0.025813558318847962,-0.00028052134550746394,1.003276671579013e-11,0.03346193741127539,0.46364760870608474,0,0.10934246314641845
8.482239999999871,1.9025113780195204,0.9512556890097602,0.9996895558535996,0.07436467321789972,0.03718233660894986,0.000302197935559499,1.9289693173447182,1.022144286305667,1.2263651089647598,0.13173311581176939,-0.014144347964789576,-0.15941504216821178,1.873219370481887,1.1162892136512337,1.1058936028692854,0.10227059670533914,0.018534053702226758,-0.0892418204955837,0.09000117304571391,0.09000117304571391,0.0,-0.051479072766959344,-0.025739536383479672,-0.0002793964692745937,9.83559366648818e-12,0.03335941514961588,0.4636476087109889,0,0.10899603499730665
8.486399999999872,1.902820281154889,0.9514101405774446,0.9996908099337234,0.07413675248850603,0.037068376244253014,0.00030097922968667153,1.7848693980135084,0.5202684314919219,1.1645252622518283,0.07246972505820069,-0.06683823789037541,0.09008704517095757,1.8291942165462522,0.8181364012853998,1.135397167507347,0.08750881432712358,-0.024517330863649794,0.00043698633370915535,0.09000117304571391,0.09000117304571391,0.0,-0.05133140392829669,-0.025665701964148344,-0.0002782760740038803,9.64228985227009e-12,0.033257189394345556,0.46364760871581145,0,0.1086506686220365
8.490559999999872,1.9031282373688045,0.9515641186844023,0.9996920589563272,0.07390949133971496,0.03695474566985748,0.0002997654249157591,2.120818816280621,1.030799356286046,0.949664472385361,0.014871674314258523,0.06652750030436962,0.030138388779516436,1.9750403940264227,0.9246086376173303,1.0425910841537351,0.05076005944208467,0.020568687279982525,0.015825816482618868,0.09000117304571391,0.09000117304571391,0.0,-0.05118410944353485,-0.025592054721767427,-0.0002771601418552613,9.452783054717738e-12,0.033155259378976246,0.46364760872055377,0,0.1083063609479135
8.494719999999873,1.9034352494024056,0.9517176247012028,0.9996933029417506,0.07368288806426053,0.036841444032130265,0.0002985565016257026,1.883988404616835,1.3704999368195632,1.5285416345712854,0.14266814980514095,-0.01019089377886643,-0.14178969924277462,1.9298120357882234,1.1475364558641359,1.2852763899034114,0.09597350222411316,0.005072920521721392,-0.06371645905393888,0.09000117304571391,0.09000117304571391,0.0,-0.05103718863368531,-0.025518594316842655,-0.0002760486554914676,9.266994143479861e-12,0.033053624338507566,0.46364760872521715,0,0.10796310891019696
8.498879999999874,1.9037413199897315,0.9518706599948658,0.9996945419102518,0.07345694095820489,0.036728470479102444,0.0002973524402724038,1.8151346664266852,0.6897227972048074,0.7473804803101982,0.1614386935921998,0.06695831034949706,-0.013760026107074495,1.8728079415260785,0.9187659999667268,1.0162969863250015,0.12889179692322383,0.03586469186982738,-0.039191306647580464,0.09000117304571391,0.09000117304571391,0.0,-0.05089064081949199,-0.025445320409745995,-0.00027494159722367515,9.084851634468868e-12,0.03295228350942725,0.46364760872980293,0,0.10762090945208404
8.503039999999874,1.9040464518577354,0.9520232259288677,0.9996957758820075,0.07323164832093776,0.03661582416046888,0.0002961532213901291,2.011905767648658,1.0808809502637695,1.1353077107840672,0.05184214342158462,-0.027518820452372625,-0.0014357030073133615,1.9424671612570958,0.9997669537889243,1.0758007856927534,0.08964911273675952,0.004377682636729751,-0.020599895163932146,0.09000117304571391,0.09000117304571391,0.0,-0.05074446532112456,-0.02537223266056228,-0.0002738389496536812,8.906285091171444e-12,0.032851236129711144,0.46364760873431243,0,0.10727975952469479
8.507199999999875,1.9043506477262986,0.9521753238631493,0.9996970048771141,0.07300700845517706,0.03650350422758853,0.00029495882559031264,2.1338355016498287,0.8467603963447522,0.936601927981309,0.0797737556455892,0.11155846571911646,0.020192949550693375,2.038319961731527,0.9234944944927703,1.0062429661119174,0.08405615995204628,0.05803251134853896,-0.0004862045279924776,0.09000117304571391,0.09000117304571391,0.0,-0.050598661458619965,-0.025299330729309982,-0.00027274069535431476,8.73122321308263e-12,0.03275048143882335,0.4636476087387469,0,0.10693965608705584
8.511359999999875,1.9046539103082443,0.9523269551541221,0.9996982289155872,0.07278301966696785,0.03639150983348392,0.0002937692335616234,1.959237345730694,0.6532264290344523,0.8995779663492359,0.020970969472243153,0.040635053850911894,-0.03452506152559886,1.9988223516672297,0.7884441949772362,0.9528378016874073,0.05221356340892607,0.04880372356032695,-0.017451989224364604,0.09000117304571391,0.09000117304571391,0.0,-0.05045322855136192,-0.02522661427568096,-0.0002716468170842737,8.559598431037993e-12,0.032650018677716094,0.46364760874310756,0,0.10660059610608563
8.515519999999876,1.9049562423093513,0.9524781211546757,0.9996994480173625,0.07255968026568327,0.036279840132841634,0.00029258442606919005,2.347565172020918,1.0735206391708734,0.9991683449240099,0.047918223353697886,0.020843235369425415,-0.14786038481617883,2.1732963305271187,0.9310274634495556,0.9756967986944921,0.049845055007716625,0.0349703690017881,-0.08310294889271179,0.09000117304571391,0.09000117304571391,0.0,-0.05030816591852211,-0.025154082959261054,-0.0002705572975752854,8.39134226598579e-12,0.032549847088829825,0.4636476087473957,0,0.1062625765565784
8.519679999999877,1.9052576464283681,0.9526288232141841,0.9997006622022957,0.07233698856402382,0.03616849428201191,0.0002914043839547025,1.6760309088569025,0.6131172602883752,0.9324992046146376,0.07221317766547689,0.05409932628733041,0.17788954398719034,1.9248103480996077,0.7721819453526914,0.9544695013779516,0.06102445947249567,0.044878368595252814,0.046512567713718596,0.09000117304571391,0.09000117304571391,0.0,-0.0501634728787535,-0.02508173643937675,-0.00026947211953277407,8.226389947266976e-12,0.03244996591609313,0.46364760875161243,0,0.10592559442118918
8.523839999999877,1.9055581253570266,0.9527790626785133,0.999701871490163,0.07211494287801777,0.036057471439008885,0.00029022908813645465,1.6653264679651072,0.8467358184235416,1.2053099153649711,0.09084132901234393,-0.02540927440250257,0.029417378969512426,1.7952555117937308,0.8094051986992381,1.0799528153562339,0.07594436493579763,0.010390256264818726,0.037886998123122295,0.09000117304571391,0.09000117304571391,0.0,-0.05001914875052488,-0.02500957437526244,-0.0002683912659577818,8.064675782861291e-12,0.03235037440492278,0.463647608755759,0,0.10558964669041776
8.527999999999878,1.9058576817800559,0.9529288408900279,0.9997030759006613,0.07189354152702032,0.03594677076351016,0.00028905851960813237,1.7752758423892252,0.8406175686694792,0.9343893100284599,0.16112648672455193,0.16494715738513335,-0.08812331492969241,1.7856015923678945,0.8253532832403627,1.0069867254315252,0.11808920000032569,0.08833397881439514,-0.025098193072321057,0.09000117304571391,0.09000117304571391,0.0,-0.04987519285181402,-0.02493759642590701,-0.00026731471961320805,7.906136395625427e-12,0.03225107180222354,0.46364760875983657,0,0.10525473036259367
8.532159999999879,1.9061563183751964,0.9530781591875982,0.999704275453409,0.07167278283371394,0.03583639141685697,0.00028789265943977084,1.6749336462215514,1.0201394444395961,1.1403344606037242,-0.05952420467435794,0.10634248797670001,0.025762227875476027,1.7301427664497175,0.9229691389805005,1.0737157300761921,0.02942360981530715,0.09722992753307842,3.099190911040259e-05,0.09000117304571391,0.09000117304571391,0.0,-0.04973160450044217,-0.024865802250221086,-0.0002662424637734065,7.750709565854551e-12,0.03215205735638821,0.4636476087638463,0,0.1049208424438602
8.53631999999988,1.9064540378132135,0.9532270189066068,0.9997054701679455,0.07145266512410735,0.035726332562053674,0.0002867314887755895,1.9324284968853804,0.9817088477813907,0.9898918823008505,0.11997538562527357,0.0919476491157401,-0.06990848293991743,1.8315360592640988,0.9525300504945811,1.0316574021879696,0.07495008809703879,0.09487875893608341,-0.03473720610809173,0.09000117304571391,0.09000117304571391,0.0,-0.04958838301376747,-0.024794191506883737,-0.00026517448126274815,7.598335040341852e-12,0.03205333031729735,0.4636476087677893,0,0.1045879799481593
8.54047999999988,1.9067508427579116,0.9533754213789558,0.9997066600637323,0.07123318672753581,0.03561659336376791,0.00028557498883586684,1.3014939193753317,0.9258491103644412,0.9787205953758922,0.04376432631809747,-0.004904247158522293,-0.054624261303247296,1.566601305951922,0.9391800266242002,1.0050741952867241,0.05984144912660932,0.04459282188209598,-0.04428700290854816,0.09000117304571391,0.09000117304571391,0.0,-0.04944552770891231,-0.024722763854456153,-0.00026411075541872466,7.448952161350747e-12,0.031954889936319265,0.4636476087716667,0,0.10425613989721595
8.54463999999988,1.9070467358661478,0.9535233679330739,0.9997078451601528,0.07101434597666048,0.03550717298833024,0.0002844231409147548,1.5485634399615231,0.3081948045939923,0.7900620170092509,-0.030039449625748366,0.23967624331542597,-0.05927898677341181,1.5575203548858083,0.6241832337603558,0.8974438089785644,0.014623379514963482,0.14129796458521782,-0.05202531149867681,0.09000117304571391,0.09000117304571391,0.0,-0.04930303790277729,-0.024651518951388646,-0.0002630512693446805,7.302500068879766e-12,0.03185673546630978,0.4636476087754796,0,0.10392531932052247
8.548799999999881,1.9073417197878455,0.9536708598939228,0.9997090254765126,0.07079614120746762,0.03539807060373381,0.00028327592638126395,1.8086047359963588,1.244334828136124,0.7977951552161526,0.010134286111648745,0.022179206193376797,0.07749510470060947,1.683085286192415,0.9343095350981182,0.8477798293629384,0.01242490940618194,0.08173055932444721,0.012795371292116865,0.09000117304571391,0.09000117304571391,0.0,-0.049160912911734495,-0.024580456455867247,-0.00026199600633815593,7.1589247406889035e-12,0.031758866161612054,0.46364760877922906,0,0.10359551525532366
8.552959999999882,1.9076357971660092,0.9538178985830046,0.9997102010320404,0.07057857075926921,0.035289285379634605,0.00028213332667841067,1.9744354438936662,0.8179160822451295,0.7119957475113059,-0.0002391821832271046,0.11271024280297577,-0.16785192669638896,1.8287628343441784,0.8763483827265367,0.7795367667760281,0.005647421038765804,0.0962786254298265,-0.07706261871201758,0.09000117304571391,0.09000117304571391,0.0,-0.04901915205238935,-0.024509576026194677,-0.0002609449497851333,7.0181686345249765e-12,0.03166128127805652,0.4636476087829161,0,0.10326672474660015
8.557119999999882,1.907928970636737,0.9539644853183685,0.9997113718458877,0.07036163297470034,0.03518081648735017,0.00028099532332283804,1.5062268419251308,1.2639871276893395,0.7213947574991767,0.1838748480599932,0.13704849925549284,-0.06068438613695668,1.667875735139352,1.070455754546981,0.7503406636610516,0.09441332883377106,0.11655038333552699,-0.06961029339800981,0.09000117304571391,0.09000117304571391,0.0,-0.04887775464052602,-0.02443887732026301,-0.0002598980830539504,6.8801779992433405e-12,0.03156398007296033,0.4636476087865418,0,0.10293894484705426
8.561279999999883,1.908221242829236,0.954110621414618,0.9997125379371289,0.07014532619972098,0.03507266309986049,0.00027986189790485324,1.9617116368017267,0.8106259478246901,1.4923217003614262,-0.024659753223095035,-0.057298134030809696,-0.08157000136361041,1.814745782731652,0.9404182859849818,1.1211661604852554,0.03424382733988606,0.030391488342726165,-0.07532477732186581,0.09000117304571391,0.09000117304571391,0.0,-0.04873671999218965,-0.024368359996094824,-0.0002588553894959677,6.744895428138497e-12,0.03146696180512748,0.4636476087901072,0,0.10261217261709339
8.565439999999883,1.9085126163658344,0.9542563081829172,0.9997136993247626,0.06992964878361328,0.03496482439180664,0.0002787330320884952,2.1428969894130048,1.0212269210316018,1.610772095883799,0.18574501628373494,-0.08202591452963756,-0.08258973643938314,1.9792115511418729,0.9806522180775343,1.36579949030248,0.109251637980354,-0.025646835899488324,-0.0783414905932799,0.09000117304571391,0.09000117304571391,0.0,-0.04859604742273846,-0.02429802371136923,-0.0002578168528745749,6.6122700133972035e-12,0.031370225734848226,0.4636476087936132,0,0.10228640512481554
8.569599999999884,1.9088030938619969,0.9544015469309984,0.999714856027711,0.06971459907898281,0.034857299539491404,0.0002776087076097971,1.8929194935869482,0.8744511570297017,1.350533832709196,0.0031136336873977682,0.007946575907233903,0.07068708064549208,1.9360711722765653,0.9275678875448801,1.358313639620907,0.05629642736400656,-0.0090515796629723,-0.0038645656417556195,0.09000117304571391,0.09000117304571391,0.0,-0.04845573624781957,-0.024227868123909785,-0.00025678245661759237,6.482249239426613e-12,0.03127377112389909,0.4636476087970609,0,0.10196163944599275
8.573759999999885,1.9090926779263375,0.9545463389631688,0.9997160080648205,0.06950017544175571,0.034750087720877856,0.0002764889062781399,2.378668500346048,0.7033192595833967,1.2422149954559292,0.24478874825269484,0.2005396922204879,-0.06148010545328168,2.1578819225109487,0.8158580679489129,1.3001369820308695,0.15060954680894484,0.09623704358006156,-0.03331956841344872,0.09000117304571391,0.09000117304571391,0.0,-0.04831578578242085,-0.024157892891210425,-0.0002557521843523647,6.354781174522858e-12,0.03117759723554227,0.46364760880045125,0,0.10163787266405667
8.577919999999885,1.909381371160634,0.954690685580317,0.9997171554548621,0.06928637623117992,0.03464318811558996,0.0002753736099754223,2.1631728769615757,1.510623862060965,0.9936908110455834,-0.005750603556479925,-0.03241901903513014,0.20258975528758577,2.1605145843147175,1.1631781061988888,1.1473327143572587,0.07286807502176569,0.03205659380737345,0.08482128652342032,0.09000117304571391,0.09000117304571391,0.0,-0.048176195341632866,-0.024088097670816433,-0.00025472601990709316,6.229818342262904e-12,0.031081703334525534,0.46364760880378514,0,0.10131510187008244
8.582079999999886,1.9096691761598417,0.9548345880799208,0.9997182982165315,0.06907319980982303,0.034536599904911515,0.00027426280065520815,1.6415813585427577,1.1968182471877353,0.46914212488436335,0.05339975638316251,0.0742108631639537,0.07232286513596604,1.901155545866928,1.1801539469270366,0.8083834925570358,0.06306989862311717,0.052564411074315864,0.07838577626835129,0.09000117304571391,0.09000117304571391,0.0,-0.048036964240449204,-0.024018482120224602,-0.0002537039470979967,6.107309248859616e-12,0.030986088687081755,0.46364760880706357,0,0.10099332416277304
8.586239999999886,1.9099560955121064,0.9549780477560532,0.9997194363684495,0.06886064454357117,0.034430322271785586,0.0002731564603427299,2.018183073339862,1.3041982683215205,0.9423767532506864,0.04894145184565815,0.08194891644762017,-0.0007278511072542544,1.9597730201559365,1.2423480802565663,0.8753803388027194,0.05548013014241678,0.06694066521780838,0.038453109506582,0.09000117304571391,0.09000117304571391,0.0,-0.04789809179324564,-0.02394904589662282,-0.00025268594962289366,5.987205942958935e-12,0.03089075256092839,0.46364760881028744,0,0.10067253664844486
8.590399999999887,1.9102421317987799,0.9551210658993899,0.9997205699291626,0.06864870880162996,0.03432435440081498,0.00027205457113539455,1.6241882921649735,0.8281979496577256,0.5270920759837581,0.1565181666018693,0.1160403322643687,-0.0013032883012196366,1.7923050048473577,1.0355095802575036,0.7012330961784569,0.10544274613454406,0.09239960315777516,0.017598118835266484,0.09000117304571391,0.09000117304571391,0.0,-0.04775957731486272,-0.02387978865743136,-0.00025167201159696046,5.869460856644557e-12,0.03079569422526747,0.4636476088134577,0,0.10035273644101086
8.594559999999888,1.9105272875944321,0.9552636437972161,0.9997216989171426,0.06843739095652099,0.034218695478260494,0.00027095711520098227,2.127615620154562,-0.032602696653664776,0.9279044449326298,0.07595219025610733,0.2046927268271505,-0.02814491789937572,1.9601203267702751,0.5018723329404317,0.8145111830923716,0.09084861059601917,0.14824551155511684,-0.0049661105100106675,0.09000117304571391,0.09000117304571391,0.0,-0.04762142011955123,-0.023810710059775614,-0.00025066211680513373,5.754030083166011e-12,0.030700912950784764,0.46364760881657513,0,0.10003392066196617
8.598719999999888,1.9108115654668658,0.9554057827334329,0.9997228233507874,0.06822668938408268,0.03411334469204134,0.00026986407477903754,1.7631822155170342,0.42698687565851356,0.849432645924302,0.17820710027228553,0.039926803939547874,0.135705833016718,1.8620192949604548,0.46451300684796243,0.8322544639072376,0.13512989604878725,0.09366996727082223,0.06534121539652607,0.09000117304571391,0.09000117304571391,0.0,-0.047483619521519804,-0.023741809760759902,-0.0002496562493442887,5.640865301351225e-12,0.030606408009649595,0.46364760881964073,0,0.0997160864403724
8.602879999999889,1.9110949679771303,0.9555474839885651,0.9997239432484215,0.0680166024634689,0.03400830123173445,0.00026877543217954797,1.701624702424551,0.8336453648113217,1.0839950047710112,-8.343231323704181e-05,0.12882726254831514,-0.05904262580722074,1.7818208881837692,0.6493508007257989,0.9580036498298355,0.06744274321465592,0.11072949298342806,0.003176063246758134,0.09000117304571391,0.09000117304571391,0.0,-0.047346174835056015,-0.023673087417528008,-0.0002486543934107335,5.529923615600623e-12,0.03051217867551441,0.4636476088226553,0,0.09939923091284183
8.60703999999989,1.911377497679535,0.9556887488397675,0.9997250586282956,0.06780712857714707,0.03390356428857354,0.0002676911697824909,2.0546983905474288,1.2546192645920229,1.3187803434081709,0.15806347504277674,0.09768544706890521,-0.011242662493788597,1.9185892171802428,0.9521931424525751,1.1383702305483892,0.1132757837780139,0.10387578176917316,-0.0035966469014172943,0.09000117304571391,0.09000117304571391,0.0,-0.047209085374112586,-0.023604542687056293,-0.00024765653308703823,5.421161373653923e-12,0.030418224223514152,0.46364760882561973,0,0.09908335122352241
8.61119999999989,1.9116591571216637,0.9558295785608318,0.9997261695085875,0.06759826611089799,0.033799133055448995,0.00026661127003829905,1.7890467692273708,1.354949750189054,0.9823000866565537,0.07726258862580969,0.05345970397569378,0.06891245811375722,1.8539771151238746,1.1536857709186805,1.0604781746362013,0.09559631743754902,0.0785210987394955,0.03228195071184911,0.09000117304571391,0.09000117304571391,0.0,-0.04707235045274863,-0.023536175226374315,-0.0002466626525565389,5.314535238809885e-12,0.0303245439302659,0.46364760882853484,0,0.09876844452408198
8.61535999999989,1.911939948844388,0.955969974422194,0.999727275907402,0.06739001345381378,0.03369500672690689,0.0002655357154674243,2.382940107643397,1.5504876520995343,1.0597968998172131,0.07262017887983163,-0.010122565643312709,0.10627507348146045,2.1186136445884958,1.3520696441835347,1.0603568961116139,0.0839731916112917,0.03362278867834003,0.07008418415829347,0.09000117304571391,0.09000117304571391,0.0,-0.04693596938492997,-0.023467984692464985,-0.00024567273610433585,5.210004113814956e-12,0.03023113707386825,0.46364760883140144,0,0.09845450797369279
8.619519999999891,1.9122198753818809,0.9561099376909404,0.9997283778427714,0.06718236899829678,0.03359118449914839,0.000264464488659871,2.145756503943136,0.9145438523203366,0.42190960496574936,-0.09526051369495579,0.2048502406587856,0.09465619203650914,2.131989034292128,1.133729987613126,0.741327723847723,-0.006550201918555156,0.11912054068504031,0.08137871020774143,0.09000117304571391,0.09000117304571391,0.0,-0.04679994148422195,-0.023399970742110976,-0.00024468676811829383,5.107525245581866e-12,0.03013800293390073,0.46364760883422035,0,0.09814153873901689
8.623679999999892,1.9124989392616312,0.9562494696308156,0.9997294753326559,0.06697533114005969,0.03348766557002984,0.000263397572274786,1.6439759046353994,0.9660830070162071,1.404132042444426,0.09261004845062577,0.061340572145177956,0.10191004802104969,1.8881729871422324,1.0500334433342515,1.0729460579027972,0.04239544132014654,0.08997819697089793,0.09185133561150374,0.09000117304571391,0.09000117304571391,0.0,-0.046664266064658316,-0.023332133032329158,-0.00024370473309004025,5.007059910332222e-12,0.030045140791423564,0.46364760883699235,0,0.0978295339941895
8.627839999999892,1.9127771430044567,0.9563885715022283,0.9997305683949436,0.06676889827812194,0.03338444913906097,0.00026233494903996546,2.281370692426539,1.4353736645793838,1.1783826512353126,0.06558569508432215,0.06997931597190793,-0.04758502826068106,2.084910599471798,1.2428500524191848,1.1255677316064863,0.05418528745847188,0.08082289177741303,0.021365658411008733,0.09000117304571391,0.09000117304571391,0.0,-0.0465289424397933,-0.02326447121989665,-0.00024272661529470925,4.908568623384507e-12,0.029952549928976713,0.46364760883971823,0,0.09751849092080463
8.631999999999893,1.9130544891245185,0.9565272445622592,0.9997316570474508,0.06656306881481029,0.033281534407405146,0.0002612766017527861,1.786121958103103,0.5389731430067983,0.863230545940912,0.0348880291274341,-0.11922755110974043,-0.0749730684287386,1.9355872357673523,0.8906580066787358,0.9942397097622435,0.0443062908743125,-0.018864564135040153,-0.0260034319872256,0.09000117304571391,0.09000117304571391,0.0,-0.046393969923463424,-0.023196984961731712,-0.000241752399326368,4.812012907384419e-12,0.029860229630579577,0.46364760884239875,0,0.09720840670789888
8.636159999999894,1.9133309801293341,0.9566654900646671,0.9997327413079228,0.06635784115575606,0.03317892057787803,0.0002602225132787998,2.129586207932422,1.0571605746675488,0.7250321958631373,0.10706693261378354,-0.04410533197961835,0.0011993747535468636,2.0328107038214402,0.9738191531665907,0.8596371787815392,0.07571704129885369,-0.031692593671143486,-0.012699522941207205,0.09000117304571391,0.09000117304571391,0.0,-0.04625934782915994,-0.02312967391457997,-0.00024078206988551116,4.717353400862488e-12,0.029768179181730164,0.46364760884503464,0,0.09689927855193681
8.640319999999894,1.913606618519792,0.956803309259896,0.9997338211940334,0.06615321370989502,0.03307660685494751,0.000259172666551311,1.9105170304163075,0.9377223388252144,0.9423372406830661,0.046261349823432205,0.09481239654187519,0.06492749540600024,1.9717611211997668,0.9559689040333188,0.9011226682742984,0.06008346688672491,0.030973070543032943,0.0261895355514958,0.09000117304571391,0.09000117304571391,0.0,-0.046125075470683896,-0.023062537735341948,-0.00023981561156588994,4.624554463627999e-12,0.029676397869404715,0.4636476088476267,0,0.09659110365679484
8.644479999999895,1.9138814067901648,0.9569407033950824,0.9997348967233858,0.06594918488946461,0.032974592444732304,0.00025812704457180103,1.7878780237598404,0.4450531845899277,1.0612644097572879,-0.01557457474575226,0.07413441100577514,-0.22716592363113614,1.8797866320072625,0.7006622419203277,0.9807217898460232,0.021903030637298482,0.05227434459733697,-0.10029347031195891,0.09000117304571391,0.09000117304571391,0.0,-0.045991152161732635,-0.022995576080866317,-0.00023885300896192996,4.5335774589038835e-12,0.02958488498205684,0.4636476088501756,0,0.09628387923374612
8.648639999999896,1.9141553474281232,0.9570776737140616,0.9997359679135125,0.0657457531100028,0.0328728765550014,0.00025708563040988824,2.365101413998806,0.8909495206863403,0.9175467759539202,0.05812544664465817,-0.013326304905351354,-0.09154141065211205,2.1225691976517918,0.7957799796251953,0.9489435606081195,0.0395890586997066,0.019244955939748454,-0.0959772608039071,0.09000117304571391,0.09000117304571391,0.0,-0.04585757721580633,-0.022928788607903164,-0.00023789424699065362,4.444389190513799e-12,0.02949363980961687,0.4636476088526821,0,0.09597760250144553
8.652799999999896,1.9144284429147496,0.9572142214573748,0.9997370347818758,0.06554291679034749,0.032771458395173744,0.00025604840720197785,1.9451577011436956,0.8183814407443392,0.820322341804901,0.027262114523935094,0.026456644138132753,-0.003349616125612363,2.033917568185165,0.8071360854546231,0.8846251611153992,0.034072708846862095,0.022759909003252546,-0.04970640858329241,0.09000117304571391,0.09000117304571391,0.0,-0.04572434994664923,-0.022862174973324614,-0.00023693931035791908,4.356952937577253e-12,0.029402661643491368,0.4636476088551469,0,0.09567227068591393
8.656959999999897,1.9147006957245523,0.9573503478622761,0.9997380973458682,0.06534067435263388,0.03267033717631694,0.00025501535815210653,1.8791718557219137,0.9125747311463042,0.7642367652673852,-0.0595953324384991,-0.016717354285574373,0.10391409166975,1.9564190739826428,0.859821058920683,0.8246463766224157,-0.012467496678170658,0.003175543810931808,0.027037483360849893,0.09000117304571391,0.09000117304571391,0.0,-0.04559146966815694,-0.02279573483407847,-0.00023598818409384598,4.27123507408741e-12,0.029311949776562325,0.46364760885757067,0,0.09536788102052238
8.661119999999897,1.9149721083254785,0.9574860541627392,0.999739155622812,0.0651390242222924,0.0325695121111462,0.00025398646653060103,1.6601857812592027,1.0328854723249952,1.0348704539070925,0.09144799556351467,-0.05668048652329953,-0.21191722457128226,1.8084916870355678,0.9462381489334092,0.9293191478090498,0.03894355476284559,-0.027501659925179063,-0.09244533390971764,0.09000117304571391,0.09000117304571391,0.0,-0.04545893569385548,-0.02272946784692774,-0.00023504085291197016,4.187201439806093e-12,0.02922150350318628,0.4636476088599541,0,0.09506443074597784
8.665279999999898,1.9152426831789287,0.9576213415894643,0.9997402096299607,0.06493796482804869,0.03246898241402434,0.0002529617156753608,2.494758969148528,1.3210693680253451,1.0332207076791786,0.15614932750880373,-0.02632491392893096,0.23585584234653187,2.151955131041658,1.1336009794924122,0.9817607382885415,0.09743568222410982,-0.026602352395028533,0.0719197562820542,0.09000117304571391,0.09000117304571391,0.0,-0.045326747337662926,-0.022663373668831463,-0.0002340973020655921,4.104818995158236e-12,0.02913132211919387,0.4636476088622979,0,0.09476191711030701
8.669439999999899,1.91551242273977,0.957756211369885,0.9997412593844981,0.06473749460192056,0.03236874730096028,0.00025194108898958295,2.3937293213272373,1.2925151992520123,1.3960258772225687,0.011935737422359254,0.08669006383232528,0.21305327245823955,2.2728685634010652,1.2132421761668675,1.1893394293161565,0.0547780112985646,0.02875662374027847,0.14243990997303096,0.09000117304571391,0.09000117304571391,0.0,-0.045194903913476164,-0.022597451956738082,-0.0002331575163863407,4.024055260900324e-12,0.029041404921888943,0.46364760886460266,0,0.09446033736884114
8.6735999999999,1.91578132945635,0.957890664728175,0.9997423049035395,0.06453761197921651,0.032268805989608254,0.0002509245699435103,1.995692797919932,0.36481478917836885,0.7594027641585892,0.07939295568484564,0.07088878602015417,-0.06083704677929226,2.1344431427335677,0.7891688624068397,0.9742410103531275,0.06743656902773852,0.05036336390788508,0.04107342902772092,0.09000117304571391,0.09000117304571391,0.0,-0.04506340473518419,-0.022531702367592096,-0.00023222148124727544,3.944880813512184e-12,0.02895175121004776,0.46364760886686907,0,0.09415968878420095
8.6777599999999,1.9160494057705104,0.9580247028852552,0.9997433462041315,0.06433831539853431,0.032169157699267155,0.00024991214207215995,2.4034662131997226,1.0702023282021573,1.1884438031395743,0.022924790415155903,0.38456181385548394,0.03842101352295036,2.2690050044600207,0.9304859650010608,1.0814241031381877,0.04481755716265523,0.21815005861953923,0.0396113519721427,0.09000117304571391,0.09000117304571391,0.0,-0.04493224911689572,-0.02246612455844786,-0.00023128918160144978,3.867260124552018e-12,0.0288623602839183,0.4636476088690978,0,0.09385996862628096
8.6819199999999,1.916316654117601,0.9581583270588006,0.9997443833032522,0.0641396033017586,0.0320698016508793,0.0002489037889770628,1.8575724031760699,1.0226942687540443,0.8752916149380014,0.011444163880640054,0.1929647582441898,0.31041840008283433,2.063310307917683,0.9769924819296494,0.9790013697271771,0.02780623534575107,0.20538652165996837,0.1753380460895814,0.09000117304571391,0.09000117304571391,0.0,-0.0448014363727392,-0.0224007181863696,-0.00023036060273084178,3.79116502145807e-12,0.028773231445219365,0.4636476088712894,0,0.09356117417223432
8.686079999999901,1.916583076926493,0.9582915384632466,0.9997454162178119,0.06394147413405933,0.031970737067029666,0.00024789949432484353,2.1975726366982444,1.0037063895110307,1.0041400807075633,0.16288733209523654,0.05405482726512606,-0.01601368146422327,2.1307821756492147,0.9904609811976183,0.9915376698414284,0.09487512539686371,0.13024673931451347,0.07963754313736719,0.09000117304571391,0.09000117304571391,0.0,-0.044670965816876435,-0.022335482908438217,-0.00022943573003384983,3.716565458493484e-12,0.0286843639971398,0.4636476088734446,0,0.09326330270645772
8.690239999999902,1.9168486766195927,0.9584243383097963,0.9997464449646529,0.06374392634389016,0.03187196317194508,0.00024689924184674437,1.750717597348559,0.8672896931964007,0.8829763203218349,0.12362432597780977,0.12682541106165562,-0.05853864088897857,1.9410048064160736,0.9291379404632548,0.9371351133325287,0.10903419486772119,0.12869401243924022,0.010252203260390193,0.09000117304571391,0.09000117304571391,0.0,-0.04454083676362297,-0.022270418381811485,-0.00022851454881211986,3.643432535002024e-12,0.028595757244337706,0.4636476088755639,0,0.09296635152057593
8.694399999999902,1.917113455612855,0.9585567278064275,0.9997474695605502,0.06354695838298635,0.031773479191493176,0.0002459030153390072,1.8057395026059608,1.107347745078223,1.1065030420576316,0.050646853341135306,0.07486726502293892,0.024665396106398226,1.8734761242669336,1.0184003682014318,1.021870143492612,0.08004991819784804,0.1015164114183633,0.018141944739987814,0.09000117304571391,0.09000117304571391,0.0,-0.044411048527461944,-0.022205524263730972,-0.00022759704437796545,3.5717365350889825e-12,0.028507410492939617,0.46364760887764794,0,0.09267031791342649
8.698559999999903,1.9173774163157982,0.9586887081578991,0.9997484900222112,0.06335056870636259,0.031675284353181295,0.0002449107986628111,1.529511112773381,1.1372002219548392,0.9765557816055939,-0.15133716790322455,-0.04963126031765255,-0.10055002248471022,1.7011784515053086,1.0776983392124648,0.999004272710036,-0.03659856145674461,0.025738558245942744,-0.04156590354391285,0.09000117304571391,0.09000117304571391,0.0,-0.04428160042305787,-0.022140800211528935,-0.00022668320226920257,3.5014494169085894e-12,0.028419323050539576,0.4636476088796973,0,0.09237519919104421
8.702719999999903,1.9176405611315162,0.9588202805657581,0.9997495063662768,0.0631547557723108,0.0315773778861554,0.00024392257574330233,1.169828950717631,1.003709611562979,1.5757527989021765,-0.2738773448556202,-0.006136473900406253,-0.1784411113981586,1.4349322145956511,1.0406903405841756,1.2870107393860273,-0.15613083110611928,0.009973000876649657,-0.10966783089311116,0.09000117304571391,0.09000117304571391,0.0,-0.04415249176516331,-0.022076245882581655,-0.0002257730080363128,3.4325432817501518e-12,0.028331494226198208,0.4636476088817126,0,0.09208099266664617
8.706879999999904,1.9179028924566928,0.9589514462283464,0.9997505186093208,0.06295951804239833,0.031479759021199163,0.00024293833056953496,2.0232206304066542,1.556376718825948,0.9087716831250235,0.0848049838590229,0.09864446029268714,0.16742933894971873,1.7292569146679482,1.298741914559816,1.0982367386616498,-0.0356705174665919,0.054495997073881086,0.028898615219097066,0.09000117304571391,0.09000117304571391,0.0,-0.044023721868525656,-0.022011860934262828,-0.00022486644724310897,3.3649923841386857e-12,0.028243923330441817,0.4636476088836943,0,0.09178769566061667
8.711039999999905,1.9181644126816155,0.9590822063408078,0.9997515267678508,0.06276485398146649,0.03138242699073324,0.0002419580471944025,1.8269660268088468,1.1179124794203865,0.9891883491410709,0.14627847730469362,0.0963823573693641,-0.046751097472843804,1.7784170009070666,1.2085261253078814,1.0436129001600747,0.05500793316676763,0.07557056804219099,-0.008132944664146546,0.09000117304571391,0.09000117304571391,0.0,-0.04389529004832812,-0.02194764502416406,-0.000223963505467401,3.298769973548892e-12,0.02815660967526165,0.463647608885643,0,0.09149530550049143
8.715199999999905,1.918425124190189,0.9592125620950945,0.9997525308583081,0.06257076205762734,0.03128538102881367,0.00024098170973454558,1.6093294971687055,1.5318052134760016,0.6368559371263425,0.22747449703706313,0.023145946495090775,-0.04738124300908637,1.6943452759173132,1.370215044781864,0.8401345418870506,0.14119664778817773,0.0498567043504435,-0.02848599688317073,0.09000117304571391,0.09000117304571391,0.0,-0.043767195619776184,-0.021883597809888092,-0.00022306416840874792,3.233850184709094e-12,0.028069552574112762,0.4636476088875593,0,0.09120381952094267
8.719359999999906,1.9186850293599484,0.9593425146799742,0.999753530897068,0.06237724074226213,0.031188620371131064,0.0002400093023698461,1.8497021396524391,1.1208044133265709,1.037374008379667,-0.015929703612524798,0.09580124958464079,0.06453318276600747,1.7719915689717534,1.245706626871482,0.938889838477622,0.06268805264220476,0.07312451473838998,0.01803878678077505,0.09000117304571391,0.09000117304571391,0.0,-0.04363943789811092,-0.02181971894905546,-0.00022216842188945633,3.1702055133062554e-12,0.027982751341913137,0.46364760888944373,0,0.09091323506376427
8.723519999999906,1.9189441305620736,0.9594720652810368,0.9997545269004402,0.062184288510019746,0.031092144255009873,0.00023904080934288372,1.8687712013696185,1.462466213528729,0.9741610451506382,0.07391754239794993,-0.07355653119104823,0.0291799170830031,1.8205361643298281,1.353935138105016,0.9565882665744667,0.0681310890363915,-0.00030114330822699886,0.02270246592790475,0.09000117304571391,0.09000117304571391,0.0,-0.043512016199157136,-0.021756008099578568,-0.00022127625153432436,3.1078104110642205e-12,0.027896205295042893,0.4636476088912968,0,0.0906235494778555
8.727679999999907,1.919202430161402,0.959601215080701,0.9997555188846692,0.06199190383881284,0.03099595191940642,0.0002380762149597474,2.108408953661119,1.6285735144472602,0.6826269724149846,0.05930954305619311,0.10846481116763663,-0.03890268043314821,1.9645959909404722,1.4914820419796595,0.8195248987096257,0.06465589980558746,0.053983382403319104,-0.00815035460900664,0.09000117304571391,0.09000117304571391,0.0,-0.04338492983848201,-0.021692464919241004,-0.00022038764341315333,3.0466437771722278e-12,0.027809913751343014,0.463647608893119,0,0.090334760119207
8.731839999999908,1.9194599305164428,0.9597299652582214,0.9997565068659341,0.061800085209817474,0.030900042604908737,0.00023711550358815816,2.058234502877687,1.0990073391630348,0.9275565724167686,0.05418187723368224,0.15839153208286133,0.044341604349075414,2.011529878672279,1.2955714565596927,0.8736328120665783,0.05880418218957032,0.106150700362653,0.01852919957025329,0.09000117304571391,0.09000117304571391,0.0,-0.04325817813226358,-0.02162908906613179,-0.00021950258329314848,2.986678407879527e-12,0.027723876030114628,0.4636476088949109,0,0.0900468643508846
8.735999999999908,1.9197166339793905,0.9598583169896953,0.9997574908603494,0.06160883110746917,0.030804415553734584,0.00023615865965872812,1.3430097180601224,0.9611073287608751,1.0269199406319358,-0.04717909883256063,-0.08662683748824129,-0.1004595033084427,1.6771670429914571,1.1281549454512394,0.9500695029785887,0.005793484296928861,0.01070012024123012,-0.041441667647281806,0.09000117304571391,0.09000117304571391,0.0,-0.043131760396556376,-0.021565880198278188,-0.00021862105728109882,2.9278930685274475e-12,0.027638091452117784,0.463647608896673,0,0.08975985954301485
8.740159999999909,1.9199725428961383,0.9599862714480691,0.9997584708839646,0.061418140019462004,0.030709070009731002,0.0002352056676635199,1.561181064143299,0.726330191766598,0.5982926721251185,-0.11877667408337869,0.11436148390079093,-0.0050276099442964324,1.6189279199643425,0.9274779766261887,0.7741683335730891,-0.05731548774013457,0.06235528755133222,-0.023316238435655154,0.09000117304571391,0.09000117304571391,0.0,-0.04300567594794606,-0.02150283797397303,-0.0002177430511825294,2.8702632639988482e-12,0.027552559339570622,0.4636476088984058,0,0.08947374307276927
8.74431999999991,1.9202276596062915,0.9601138298031457,0.9997594469527653,0.061228010436745015,0.030614005218372507,0.0002342565121572681,1.1826236470566327,1.1929306932148367,0.8101783805892959,0.02389668822740664,0.03179458931857527,-0.10093081046550555,1.4008219510042415,1.0602734691175584,0.7919638870910697,-0.01648192461142111,0.04652639518954247,-0.062220100048827755,0.09000117304571391,0.09000117304571391,0.0,-0.04287992410302885,-0.021439962051514425,-0.00021686855125096626,2.8137670322836916e-12,0.027467279016148156,0.4636476089001097,0,0.08918851232434959
8.74847999999991,1.9204819864431812,0.9602409932215906,0.9997604190826727,0.061038440853520705,0.030519220426760352,0.00023331117775552204,1.8263461201052882,0.7905664537489674,0.23250645571003326,0.018491586499151377,0.2758525688177261,0.01686810416817716,1.6136252759419236,0.9259913382132618,0.5122661581713261,0.0010983633065474304,0.16141583288786612,-0.022592777476932512,0.09000117304571391,0.09000117304571391,0.0,-0.04275450417863852,-0.02137725208931926,-0.00021599754354742278,2.758379514589151e-12,0.027382249806981337,0.4636476089017853,0,0.0889041646889726
8.75263999999991,1.920735525733878,0.960367762866939,0.999761387289544,0.06084942976724271,0.030424714883621355,0.00023236964913542161,1.590343417028057,0.6892098716179487,0.8272768256816162,0.08872248956323958,-0.00985203378159727,-0.08059295688102502,1.6021688003453514,0.807577668691817,0.6696059020117351,0.044867997156136576,0.07617147303479553,-0.051510686270737106,0.09000117304571391,0.09000117304571391,0.0,-0.042629415491966915,-0.021314707745983458,-0.00021513001415457,2.7040820365143003e-12,0.02729747103865606,0.463647608903433,0,0.08862069756485487
8.756799999999911,1.9209882797992057,0.9604941398996029,0.9997623515891734,0.06066097567861287,0.030330487839306437,0.00023143191103558135,2.2585913668110695,1.4779401036839497,1.056323475127566,0.08182289520850872,0.003631879879834675,0.06191157877668198,1.9305546290719917,1.142771065372673,0.8630964141903912,0.06345706603311457,0.039937991835655,0.005075244547742651,0.09000117304571391,0.09000117304571391,0.0,-0.04250465736057779,-0.021252328680288896,-0.00021426594960574435,2.650852076960259e-12,0.027212942039212012,0.4636476089050533,0,0.08833810835719724
8.760959999999912,1.921240250953754,0.960620125476877,0.9997633119972911,0.06047307709157833,0.030236538545789164,0.00023049794825421907,1.495140549580168,1.1235072609128236,0.8341486966628234,0.05353479159971995,0.030990269375842865,-0.00117270717019673,1.712956691074395,1.133203493961738,0.848620397822481,0.05811297842134972,0.03546145319071728,0.0017188691491342807,0.09000117304571391,0.09000117304571391,0.0,-0.04238022910199257,-0.021190114550996286,-0.00021340533581609277,2.598668660926121e-12,0.027128662138141448,0.46364760890664664,0,0.08805639447817049
8.765119999999913,1.921491441505893,0.9607457207529465,0.9997642685295646,0.0602857325133303,0.03014286625666515,0.00022956774565167413,1.9322368745246818,0.7896425593053256,0.8984141751432198,0.010613988111640889,-0.07170395983289207,0.01503568961627059,1.8226199669631864,0.9612717754850344,0.8735492899642705,0.03457185610051607,-0.018256273399155795,0.008193106292252061,0.09000117304571391,0.09000117304571391,0.0,-0.04225613003423817,-0.021128065017119085,-0.00021254815936626434,2.547511586459968e-12,0.027044630666388306,0.46364760890821344,0,0.08777555334689964
8.769279999999913,1.921741853757786,0.960870926878893,0.9997652212015985,0.06009894045430059,0.030049470227150293,0.00022864128814767192,2.013482810173138,0.990193142290461,1.013221203232976,-0.03492659787592947,0.11927602250817121,-0.09827067571065015,1.9179808170377737,0.97598138142001,0.9431823723776197,-0.0005283665862202009,0.050198386278701004,-0.04529574580728484,0.09000117304571391,0.09000117304571391,0.0,-0.04213235947554009,-0.021066179737770044,-0.00021169440664839184,2.4973596503555943e-12,0.02696084695634697,0.4636476089097542,0,0.08749558238944913
8.773439999999914,1.9219914900054034,0.9609957450027017,0.9997661700289349,0.0599126994281594,0.0299563497140797,0.00022771856072205333,2.3730734110623244,1.4360307265517285,1.1308123821691796,0.0025604310917037576,-0.049560933369251166,-0.0038390299182681042,2.1455359113346115,1.2059055669305834,1.0369895770100526,0.0008777581549478106,0.0006236840124399954,-0.024027592881733208,0.09000117304571391,0.09000117304571391,0.0,-0.04200891674454958,-0.02100445837227479,-0.0002108440640802632,2.448193230447822e-12,0.026877310341861204,0.4636476089112693,0,0.08721647903880735
8.777599999999914,1.9222403525385359,0.9611201762692679,0.9997671150270533,0.05972700795181219,0.029863503975906095,0.00022679954841465467,2.0026538672665004,1.1522813894403243,0.8064462632739289,0.109899370173244,0.08365757982041977,-0.024977166971706218,2.074322802679009,1.1792677219281633,0.9216659292031394,0.05522497771627286,0.04184025435605653,-0.025259188652402585,0.09000117304571391,0.09000117304571391,0.0,-0.04188580115992961,-0.020942900579964806,-0.00020999711810598687,2.3999948828707687e-12,0.026794020158222857,0.46364760891275925,0,0.08693824073487227
8.781759999999915,1.9224884436408083,0.9612442218204041,0.9997680562113713,0.059541864545398254,0.029770932272699127,0.00022588423632520063,2.3393347417005104,1.2737647179507763,1.1376166615161454,-0.02045021829979113,-0.025787327588673116,-0.11152506113804785,2.2067877036542733,1.226462836709381,1.0294108845514993,0.017578351574649913,0.008226771035671975,-0.06840918496408264,0.09000117304571391,0.09000117304571391,0.0,-0.041763012041009545,-0.020881506020504773,-0.00020915355530374364,2.3527440895718555e-12,0.02671097574217094,0.46364760891422435,0,0.08666086492443562
8.785919999999916,1.9227357655896928,0.9613678827948464,0.9997689935972447,0.0593572677322866,0.0296786338661433,0.0002249726096127174,1.5478473899667478,1.1148572377332404,0.7344782868424342,0.07956787146566106,0.05642754880025066,0.029024351030000225,1.877478913292506,1.170776927289965,0.8820016210659337,0.048339039348838646,0.03217820463451652,-0.019087675885814413,0.09000117304571391,0.09000117304571391,0.0,-0.04164054870726451,-0.020820274353632255,-0.0002083133622797005,2.306422264852109e-12,0.026628176431890235,0.4636476089156651,0,0.08638434906116808
8.790079999999916,1.9229823206565224,0.9614911603282612,0.9997699271999676,0.05917321603907395,0.029586608019536977,0.00022406465349540308,2.2378645162711877,1.13535620133911,1.1864803814240497,0.3435301673749977,0.060907502836068994,0.24955367890652055,2.0583865780056527,1.1531937663218816,1.0347613236494257,0.19696938160088498,0.046173640834771525,0.1156353750158402,0.09000117304571391,0.09000117304571391,0.0,-0.041518410478435436,-0.020759205239217718,-0.00020747652577576196,2.2610110952999667e-12,0.02654562156701014,0.46364760891708184,0,0.08610869060560457
8.794239999999917,1.923228111106504,0.961614055553252,0.9997708570347729,0.05898970799558234,0.02949485399779117,0.00022316035325003678,2.3434821624624,0.5644710059263581,0.9442036576499612,-0.05769311961643614,0.06855625323112424,-0.10421558625552549,2.200817282685721,0.8589715207619485,0.9892650995932857,0.06921325443473049,0.05704654370387513,0.005720113481431441,0.09000117304571391,0.09000117304571391,0.0,-0.0413965966745424,-0.0206982983372712,-0.00020664303245639874,2.2164937914263535e-12,0.02646331048860357,0.463647608918475,0,0.0858338870251292
8.798399999999917,1.9234731391987325,0.9617365695993663,0.9997717831168321,0.058806742134856566,0.029403371067428283,0.00022225969421229755,1.8532754198140597,1.3156854409387533,1.0896923271169097,-0.007965535153378375,0.1649145644538914,0.10955001755816983,2.0270255123541845,1.087676369988029,1.0397075326972216,0.03151300802467308,0.11016786658137002,0.057505444121262184,0.09000117304571391,0.09000117304571391,0.0,-0.04127510661632587,-0.020637553308162936,-0.00020581286901606613,2.1728522440352665e-12,0.026381242539185824,0.463647608919845,0,0.0855599357939595
8.802559999999918,1.923717407186204,0.961858703593102,0.9997727054612562,0.05862431699315985,0.029312158496579924,0.0002213626617766204,1.2788625053325045,0.7844929265250347,1.2852791866998958,-0.021332820366504697,-0.005213682556471356,-0.055569103991143294,1.6528942386107413,0.9360705774479654,1.162377916085311,0.0051720091284372565,0.05301579048690088,0.0017350707318004896,0.09000117304571391,0.09000117304571391,0.0,-0.04115393962440504,-0.02057696981220252,-0.00020498602228695548,2.130068377966629e-12,0.026299417062713062,0.4636476089211922,0,0.08528683439313244
8.806719999999919,1.923960917315829,0.9619804586579145,0.9997736240830953,0.05844243110997302,0.02922121555498651,0.00022046924139561364,1.7786350572245306,0.6578482267914797,0.6303637765147783,-0.005647608051762995,0.135418296851548,-0.029500543625478867,1.7157523305179556,0.7972375179395205,0.8963058250816189,0.00046030390757294606,0.09498276408069321,-0.013910460738971208,0.09000117304571391,0.09000117304571391,0.0,-0.04103309502014617,-0.020516547510073084,-0.0002041624792399931,2.0881262167464986e-12,0.026217833404581347,0.463647608922517,0,0.08501458031048853
8.81087999999992,1.9242036718284456,0.9621018359142228,0.9997745389973394,0.058261083027990074,0.029130541513995037,0.00021957941857944104,1.8761458848452417,0.4532501509858059,0.5733315127696399,0.2051049613507661,0.2616302309094233,-0.027679650897015587,1.796376432084259,0.6257866516817051,0.7347576108833552,0.10296682403463116,0.1777952810516355,-0.020205069060896825,0.09000117304571391,0.09000117304571391,0.0,-0.04091257212492788,-0.02045628606246394,-0.00020334222666458415,2.047008751575829e-12,0.026136490911625183,0.46364760892381973,0,0.08474317104065776
8.81503999999992,1.9244456729588337,0.9622228364794169,0.9997754502189181,0.05808027129311677,0.029040135646558385,0.00021869317889659922,1.881595082663571,0.917861009886908,1.3880831228406185,0.22362699706041236,0.15717317425815366,0.13037559429378967,1.8394527548275241,0.7721526790686256,1.0616960060377139,0.16268165460656084,0.16753898236888673,0.05512847166481905,0.09000117304571391,0.09000117304571391,0.0,-0.04079237026079571,-0.020396185130397856,-0.00020252525170403842,2.0067005391611934e-12,0.026055388932116463,0.46364760892510076,0,0.08447260408504387
8.81919999999992,1.9246869229357273,0.9623434614678636,0.9997763577627014,0.057899994454466544,0.028949997227233272,0.00021781050797239465,2.0040628020414437,1.28973200886816,1.1626507585216763,0.08221937110097355,-0.2179497017723965,0.03183783467650671,1.9219288199689268,1.0304910766566313,1.112241235867848,0.12299622910268573,-0.024430570801791042,0.04303968167681983,0.09000117304571391,0.09000117304571391,0.0,-0.04067248874994124,-0.02033624437497062,-0.00020171154121472455,1.9671855311831937e-12,0.025974526815763038,0.4636476089263605,0,0.08420287695180999
8.823359999999921,1.9249274239818288,0.9624637119909144,0.9997772616434992,0.057720251064358595,0.028860125532179298,0.0002169313914901293,1.9781846957075797,0.8262170967815838,1.0008204326822296,-0.00045385380618659377,0.04430831875540444,0.0007795042715405535,1.95005619770464,0.928446359755087,1.0565321966488348,0.06128379017695614,0.009192818545747205,0.02166192844027683,0.09000117304571391,0.09000117304571391,0.0,-0.04055292691524977,-0.020276463457624884,-0.00020090108230116292,1.928447376809446e-12,0.025893903913707564,0.46364760892759926,0,0.08393398715586298
8.827519999999922,1.9251671783138218,0.9625835891569109,0.9997781618760625,0.05754103967831366,0.02877051983915683,0.00021605581519006602,2.5288946687207057,0.5739494134212763,1.19554225627256,0.11879736678656994,0.24346746606740916,0.08136825510563762,2.2397262023839395,0.7517022133679995,1.1262077863489977,0.0902178410470576,0.1261217941000865,0.05134607206393612,0.09000117304571391,0.09000117304571391,0.0,-0.04043368407967256,-0.02021684203983628,-0.00020009386210318749,1.890471655619245e-12,0.02581351957852598,0.4636476089288174,0,0.0836659322188393
8.831679999999922,1.9254061881423845,0.9627030940711923,0.9997790584750827,0.05736235885505243,0.028681179427526213,0.00021518376486927103,1.8636993346907382,0.45039123127000946,1.5760541433572026,0.09925321190216323,0.011178441013653846,0.13269870843577938,2.051916749874692,0.6010680345575529,1.3514089684244166,0.09465378837752667,0.06857581408347382,0.09257191375314221,0.09000117304571391,0.09000117304571391,0.0,-0.04031475956677427,-0.020157379783387136,-0.0001992898677966123,1.853242830729553e-12,0.025733373164226414,0.4636476089300153,0,0.08339870966908963
8.835839999999923,1.9256444556722032,0.9628222278361016,0.9997799514551927,0.05718420715649171,0.028592103578245855,0.0002143152263814224,1.581332378419758,0.8109637130240149,0.2024159972762577,0.2897334862903272,0.1991669774560163,0.11753645680986578,1.8172254459286734,0.7064324148089587,0.7771496074467489,0.19144188006435348,0.13347319508434502,0.10471972791298442,0.09000117304571391,0.09000117304571391,0.0,-0.04019615270042588,-0.02009807635021294,-0.00019848908670098237,1.8167461948049476e-12,0.025653464026247748,0.4636476089311932,0,0.08313231704166414
8.839999999999923,1.9258819831019856,0.9629409915509928,0.9997808408309662,0.057006583147741825,0.028503291573870913,0.00021345018563621103,2.380712209542398,0.9459012324787677,0.4864865041169716,0.21377190953581066,0.13305516307506565,-0.0676866190982068,2.0994180701314407,0.8264445096742044,0.6316750897089899,0.20228808623657402,0.13362027342005084,0.018597771931595477,0.09000117304571391,0.09000117304571391,0.0,-0.040077862805031714,-0.020038931402515857,-0.0001976915058522318,1.7809674552838138e-12,0.02557379152145834,0.4636476089323516,0,0.08286675187829746
8.844159999999924,1.9261187726244735,0.9630593863122368,0.9997817266169187,0.056829485397103106,0.028414742698551553,0.0002125886286005113,1.6031599694187435,0.9971577241180289,0.8263581544112873,0.08225794517650269,0.37815277455436236,0.07744168007228462,1.8514576281830797,0.9125891518176454,0.7291798903808995,0.1418061888636383,0.25572970477299245,0.04761706333370594,0.09000117304571391,0.09000117304571391,0.0,-0.03995988920522199,-0.019979944602610995,-0.0001968971127519482,1.7458918331020495e-12,0.025494355008154588,0.46364760893349066,0,0.0826020117273942
8.848319999999925,1.9263548264264572,0.9631774132132286,0.9997826088275074,0.05665291247606366,0.02832645623803183,0.00021173054129640996,1.8215816743277047,1.142542854545373,0.9388096816598234,0.04785956241109166,-0.08131288932216596,0.01842739388611607,1.8366206146818151,1.0273989169910172,0.8340341417520206,0.0940570521346763,0.08702169837005662,0.03323546917226453,0.09000117304571391,0.09000117304571391,0.0,-0.03984223122629371,-0.019921115613146856,-0.0001961058947268587,1.711507081501871e-12,0.025415153846059718,0.46364760893461077,0,0.08233809414401358
8.852479999999925,1.9265901466887876,0.9632950733443938,0.9997834874771315,0.056476862959295306,0.028238431479647653,0.00021087590980194552,2.1932282808134915,0.6372004063241941,1.223946871460445,0.0780694050304071,0.1666471553643175,0.07406634828006,2.0150889088382473,0.832643352718288,1.0291475232353362,0.08626445148481907,0.1269253849967532,0.05353656289503782,0.09000117304571391,0.09000117304571391,0.0,-0.03972488819379648,-0.01986244409689824,-0.0001953178392500866,1.677798750431702e-12,0.025336187396322284,0.4636476089357123,0,0.08207499668985503
8.856639999999926,1.9268247355863903,0.9634123677931952,0.9997843625801326,0.05630133542465124,0.02815066771232562,0.00021002472025046483,1.6953889999764582,0.2594684832631755,0.8433679504913723,0.07812316302558961,-0.00781562215483652,0.080823806638926,1.8553991950980848,0.5460362843126826,0.9364248084673039,0.0822020785992473,0.05925895465376295,0.06705321466340261,0.09000117304571391,0.09000117304571391,0.0,-0.03960785943386627,-0.019803929716933136,-0.00019453293372797902,1.6447526759718497e-12,0.025257455021514857,0.4636476089367954,0,0.08181271693324307
8.860799999999927,1.9270585952882786,0.9635292976441393,0.9997852341507943,0.0561263284531623,0.02806316422658115,0.00020917695883088537,1.6912691767292432,0.05559758389497116,1.681660882948045,-0.04262532385987711,-0.23048743632282145,-0.16306914257677443,1.7732449597258908,0.30033434657420865,1.3087082031772883,0.0195166414870351,-0.08571661439512526,-0.04766711512637109,0.09000117304571391,0.09000117304571391,0.0,-0.03949114427302508,-0.01974557213651254,-0.0001937511656075262,1.612357612826126e-12,0.02517895608563258,0.46364760893786056,0,0.08155125244911263
8.864959999999927,1.9272917279575663,0.9636458639787832,0.9997861022033434,0.05595184062903412,0.02797592031451706,0.00020833261178752077,1.8244945672584905,1.2123102347961936,1.2880912174289383,0.17402012924105353,0.07879116769115467,0.05030047856718576,1.799231782750477,0.7564929277785793,1.2985030025799393,0.09690090502877541,-0.0036522273208018704,0.0018811607125906204,0.09000117304571391,0.09000117304571391,0.0,-0.03937474203819401,-0.019687371019097004,-0.00019297252259119755,1.5805996116737525e-12,0.02510068995409178,0.463647608938908,0,0.08129060081899442
8.869119999999928,1.9275241357514814,0.9637620678757407,0.9997869667519493,0.05577787053964415,0.027888935269822075,0.0002074916654190038,1.7725547862354103,1.4152030020605328,0.6816939696315132,0.14473352671926715,0.11928624152944804,0.025604774932301448,1.786195255669545,1.0860996494463937,0.9901463451614935,0.12027738361445149,0.05830762341992367,0.014261724550127662,0.09000117304571391,0.09000117304571391,0.0,-0.03925865205681332,-0.01962932602840666,-0.00019219699231701843,1.5494654528498255e-12,0.02502265599372861,0.463647608939938,0,0.08103075963099997
8.873279999999928,1.9277558208213794,0.9638779104106897,0.9997878278107246,0.05560441677553826,0.02780220838776913,0.00020665410607851199,1.8164896510988149,1.3166146589354542,0.8670931875846282,0.1948098636152486,0.14338376268055472,-0.12733934117219656,1.8017472203704086,1.2016568137775665,0.9283537299535236,0.1578484385175583,0.10093040193361759,-0.056379132579256704,0.09000117304571391,0.09000117304571391,0.0,-0.03914287365696274,-0.01957143682848137,-0.00019142456225181774,1.518945057074942e-12,0.024944853572797628,0.46364760894095086,0,0.08077172647980664
8.877439999999929,1.9279867853127561,0.9639933926563781,0.9997886853937253,0.05543147793042682,0.02771573896521341,0.0002058199201745147,1.7596580054278632,0.4820847548067046,0.9564267437539777,0.08266319035431373,-0.18757623364348142,0.05073113248869144,1.7808746706754879,0.8414758666502827,0.9424953162025022,0.12006095040395072,-0.043434597392385046,-0.002524863249183309,0.09000117304571391,0.09000117304571391,0.0,-0.03902740616694714,-0.01951370308347357,-0.0001906552203337396,1.489024364147325e-12,0.024867282060970188,0.46364760894194684,0,0.08051349896664328
8.88159999999993,1.9282170313652611,0.9641085156826306,0.9997895395149511,0.055259052601182475,0.027629526300591237,0.0002049890941687562,1.5894621823133612,1.1579864532972537,0.7351089416923513,-0.0759052876524656,0.06951784051360292,0.19106230478638087,1.6850087349563951,0.9998773670041005,0.8391988357696758,0.022317010751788793,0.013324258282821059,0.09389379437303445,0.09000117304571391,0.09000117304571391,0.0,-0.038912248915737024,-0.019456124457868512,-0.00018988895422464508,1.4596928745191345e-12,0.024789940829333154,0.4636476089429263,0,0.08025607469927525
8.88575999999993,1.9284465611127104,0.9642232805563552,0.9997903901883451,0.055087139387836145,0.027543569693918073,0.00020416161457740038,1.8043104089660496,1.0371770744155873,0.7903799691272224,0.07080570425894689,0.1101915342228326,0.004563091389930441,1.7448073897464926,1.018756357267448,0.8147989508299601,0.046698096797352644,0.061905387821113475,0.049042356203327295,0.09000117304571391,0.09000117304571391,0.0,-0.03879740123255428,-0.01939870061627714,-0.0001891257516310347,1.4309383995225458e-12,0.024712829250387355,0.4636476089438894,0,0.07999945129199014
8.88991999999993,1.9286753766831002,0.9643376883415501,0.9997912374277951,0.054915736893574735,0.027457868446787367,0.00020333746797084905,2.1308330755838605,1.240787229258086,0.9226731110531649,0.020497117792550666,0.06603080491550495,0.009767852422696602,1.9378661133088415,1.129909529586269,0.8687574322786253,0.03333673420094732,0.06452535699703686,0.029249114045475026,0.09000117304571391,0.09000117304571391,0.0,-0.03868286244741956,-0.01934143122370978,-0.0001883656006259701,1.4027499875979145e-12,0.0246359466980463,0.4636476089448365,0,0.07974362636558244
8.894079999999931,1.92890348019862,0.96445174009931,0.9997920812471325,0.054744843724736536,0.027372421862368268,0.00020251664097217255,1.8180850701436775,0.8018231425728491,0.9257831928192348,-0.023262524606675036,0.041095359244312346,0.003927250756435857,1.8779268753138623,0.965950532127846,0.8972789302843575,0.004796880540371893,0.05232396252155861,0.016565697801839734,0.09000117304571391,0.09000117304571391,0.0,-0.03856863189084529,-0.019284315945422646,-0.00018760848890114333,1.3751166118502952e-12,0.024559292547634518,0.4636476089457678,0,0.07948859754733892
8.898239999999932,1.929130873775665,0.9645654368878325,0.9997929216601336,0.05457445849080797,0.027287229245403985,0.00020169912025871757,1.8238092071746432,1.1496423784120648,1.403881623077897,-0.002381948013331664,0.07999146098703305,0.12151181440092905,1.850863224990098,1.05796322556637,1.150833965847647,0.0009594211243900701,0.06658628849388551,0.07028068687710126,0.09000117304571391,0.09000117304571391,0.0,-0.03845470889342073,-0.019227354446710365,-0.00018685440451580678,1.3480265138277013e-12,0.02448286617588598,0.4636476089466836,0,0.0792343624710249
8.902399999999933,1.92935755952485,0.964678779762425,0.9997937586805192,0.054404579804422,0.027202289902211,0.00020088489256052164,2.026575998118925,0.6643945042899618,0.45418644021945553,0.07832342799197685,0.0893456951128878,0.0006595034588223395,1.9388833773399539,0.8613634350090712,0.8025078520106619,0.03981640941453893,0.07724922828779908,0.03492062036516573,0.09000117304571391,0.09000117304571391,0.0,-0.03834109278689403,-0.019170546393447015,-0.00018610333547009774,1.3214696509677975e-12,0.02440666696094297,0.4636476089475842,0,0.07898091877686819
8.906559999999933,1.9295835395510224,0.9647917697755112,0.9997945923219553,0.054235206281352116,0.027117603140676058,0.0002000739446605834,2.212331920068728,0.6093526791659096,0.8210606418109714,-0.007686366098985438,-0.008342408296224686,0.14301777832634402,2.0755939876340825,0.7353383629444133,0.8120831019222435,0.015869525966570028,0.03473716446398901,0.08836009435916181,0.09000117304571391,0.09000117304571391,0.0,-0.038227782903116875,-0.019113891451558437,-0.00018535526981245689,1.295435450874293e-12,0.024330694282354178,0.46364760894846985,0,0.07872826411154536
8.910719999999934,1.9298088159532745,0.9649044079766372,0.9997954225980528,0.05406633654051063,0.027033168270255314,0.00019926626339461593,2.1957629916523578,1.3251253843286321,0.8407238692627143,0.046939849057024155,0.1326603722228626,-0.02180999087410665,2.1357756183299776,1.0305110002497146,0.8263589345643052,0.03204976897076066,0.08413974161222615,0.03298749024870776,0.09000117304571391,0.09000117304571391,0.0,-0.03811477857448457,-0.019057389287242286,-0.00018461019553320896,1.2699137701233094e-12,0.02425494752107335,0.4636476089493407,0,0.07847639612816715
8.914879999999934,1.9300333908249576,0.9650166954124788,0.999796249522368,0.05389796920394522,0.02694898460197261,0.00019846183565129876,2.0174366132613897,1.0819308163840589,1.4136858185994388,0.06650002184531963,0.07376995217732513,0.09317348018249515,2.0767436296785626,1.056374858509658,1.120219985997135,0.04926122352421731,0.07888288948426214,0.06322017498172841,0.09000117304571391,0.09000117304571391,0.0,-0.03800207913416315,-0.019001039567081573,-0.00018386810099323679,1.244894679777175e-12,0.024179426059457852,0.4636476089501971,0,0.07822531248626331
8.919039999999935,1.9302572662536945,0.9651286331268473,0.9997970731084029,0.05373010289683449,0.026865051448417245,0.00019766064837071188,1.533520374398357,1.001913720943231,0.7269357755230561,-0.04717384627931256,0.13317679613482533,-0.05763352180476485,1.8050305572820422,1.0294204008878587,0.9234547513499655,0.0008206597474250414,0.10627236822682222,0.003042133527492361,0.09000117304571391,0.09000117304571391,0.0,-0.037889683915675,-0.0189448419578375,-0.00018312897417605012,1.2203669703625406e-12,0.024104129281266956,0.46364760895103924,0,0.0779750108517684
8.923199999999936,1.9304804443213923,0.9652402221606962,0.9997978933696052,0.053562736247485275,0.026781368123742638,0.00019686268854589466,1.8257393886992674,0.9848932775298934,0.4854049310035575,-0.1069384181031813,0.0023732553696157004,0.04478317411711115,1.8151641312939157,1.0071610422219548,0.7045204113723531,-0.05374544274335242,0.05453223484979227,0.023675456872100414,0.09000117304571391,0.09000117304571391,0.0,-0.037777592253018466,-0.018888796126509233,-0.00018239280332963065,1.1963229554745602e-12,0.024029056571660386,0.46364760895186735,0,0.07772548889700753
8.927359999999936,1.9307029271042562,0.9653514635521281,0.9997987103193686,0.05339586788732946,0.02669793394366473,0.00019606794322173001,1.9531612260086917,1.1086554824866517,1.3057532100483862,0.025122960936644907,-0.09792818214824955,-0.06537375207497008,1.8842150143088985,1.0577047036677392,1.0050041256833222,-0.013890745298671922,-0.02140879127878735,-0.020402692494170326,0.09000117304571391,0.09000117304571391,0.0,-0.03766580348110865,-0.018832901740554325,-0.00018165957675359435,1.1727511591275165e-12,0.023954207317196868,0.4636476089526817,0,0.07747674430068077
8.931519999999937,1.9309247166728016,0.9654623583364008,0.9997995239710332,0.05322949645091892,0.02661474822545946,0.0001952763994947185,1.9102889988794103,0.6309976149213647,1.0560909717633764,0.03926699156600971,-0.019584744486995775,0.0683138900858589,1.897333842385539,0.8443078356405904,1.0306904027150938,0.0126947519937104,-0.02068822016816703,0.023754889546607368,0.09000117304571391,0.09000117304571391,0.0,-0.03755431693504238,-0.01877715846752119,-0.00018092928290694215,1.1496437616603795e-12,0.023879580905832285,0.4636476089534825,0,0.07722877474784966
8.935679999999937,1.931145815091868,0.965572907545934,0.9998003343378854,0.05306362057592361,0.026531810287961807,0.00019448804451228845,1.7983868016216442,1.340575118098363,1.068942553957317,0.043743906719711775,0.04276102120987007,-0.16922117628347522,1.847951825843163,1.0925332936070973,1.0494670901771204,0.027635448591778983,0.011319672145777929,-0.07383599762079142,0.09000117304571391,0.09000117304571391,0.0,-0.03744313195064522,-0.01872156597532261,-0.00018020190998071855,1.126990608238121e-12,0.023805176726918315,0.46364760895427,0,0.07698157792992222
8.939839999999938,1.9313662244206309,0.9656831122103154,0.9998011414331582,0.0528982389031273,0.02644911945156365,0.0001937028654739136,2.383822098788542,0.8098700539934838,0.430777112138082,0.20200847268778876,0.03278694156114284,0.0755214931490515,2.11630999872961,0.951269626463977,0.7402739125464406,0.11523637915456954,0.021217818685271755,0.0012860641405114458,0.09000117304571391,0.09000117304571391,0.0,-0.037332247864377915,-0.018666123932188958,-0.00017947744643310472,1.1047838458856653e-12,0.023730994171200816,0.46364760895504437,0,0.07673515154463834
8.943999999999939,1.931585946712616,0.965792973356308,0.9998019452700317,0.05273335007642374,0.02636667503821187,0.00019292084962997265,1.8632165615755172,0.8030937561280596,1.3642311536303589,-0.003998434495036646,-0.0003418546828338788,0.010533456845004414,1.9897558686166696,0.8771785422307672,1.0522771308922514,0.054339828540842156,0.011113091314783205,0.006715827493201685,0.09000117304571391,0.09000117304571391,0.0,-0.037221664013135466,-0.018610832006567733,-0.00017875588077658042,1.0830139970003512e-12,0.02365703263081813,0.46364760895580587,0,0.07648949329605564
8.94815999999994,1.931804984015711,0.9659024920078555,0.9998027458616329,0.052568952742813674,0.026284476371406837,0.00019214198428153426,2.1132105496114213,0.84879928143569,0.8559483532160593,0.13296704915396446,-0.0420787357588612,-0.2252190709433481,2.0517592176331294,0.8629016753366773,0.9536432202411077,0.094332612743905,-0.015712447886378402,-0.10938156334388516,0.09000117304571391,0.09000117304571391,0.0,-0.03711137973447377,-0.018555689867236887,-0.0001780372013644193,1.0616728533338964e-12,0.023583291499299604,0.46364760895655466,0,0.07624460089453479
8.95231999999994,1.9320233383721794,0.9660116691860897,0.9998035432210362,0.052405045552400886,0.026202522776200443,0.00019136625678098644,2.016318247530145,1.2345601804846664,0.6868279154597461,-0.10237678794478997,0.10836684034170559,-0.10519195187669247,2.0338260750908828,1.0489591395114466,0.82001407057113,-0.004264942925522078,0.04621777457797646,-0.106885985581142,0.09000117304571391,0.09000117304571391,0.0,-0.037001394366622725,-0.018500697183311363,-0.00017732139703320073,1.0407514535364267e-12,0.023509770171563943,0.463647608957291,0,0.07600047205672486
8.95647999999994,1.9322410118186728,0.9661205059093364,0.9998043373612634,0.052241627158388225,0.026120813579194112,0.00019059365453000444,1.7488978246222224,1.2143413591942847,0.8233458923643919,-0.01376204245830178,-0.04462230377361834,-0.1721159340483539,1.8913321683274071,1.1315586157840491,0.8213213487767135,-0.009415297905717612,0.0007928428058977164,-0.13917949412539266,0.09000117304571391,0.09000117304571391,0.0,-0.036891707248178404,-0.018445853624089202,-0.0001766084561410407,1.0202432352648343e-12,0.023436468043917497,0.4636476089580151,0,0.07575710450554948
8.960639999999941,1.932458006386244,0.966229003193122,0.9998051282952841,0.0520786962170749,0.02603934810853745,0.00018982416498155498,2.53951910216641,0.9693634345012583,0.9091311960161526,0.09951232028913637,-0.0592265862986355,0.09660154196572718,2.2156362917842833,1.050338633205604,0.8654290789082526,0.04545596086734458,-0.030142296137515016,-0.021911682952738248,0.09000117304571391,0.09000117304571391,0.0,-0.03678231771854333,-0.018391158859271665,-0.00017589836731618947,1.000137978453661e-12,0.02336338451405281,0.46364760895872714,0,0.07551449597019186
8.964799999999942,1.93267432410036,0.96633716205018,0.999805916036016,0.05191625138785195,0.025958125693925974,0.00018905777563872557,1.7190437758384092,0.8426720621156569,1.0515920392397993,-0.05183890999355555,0.07553643257670223,0.04078575270969947,1.9672283258524477,0.9466619542808842,0.9585963296071093,-0.0029882803667502867,0.0222353453736366,0.009608681456288428,0.09000117304571391,0.09000117304571391,0.0,-0.036673225117725985,-0.018336612558862993,-0.000175191119458364,9.804284914020067e-13,0.023290518981046886,0.46364760895942736,0,0.07527264418608041
8.968959999999942,1.9328899669809152,0.9664449834904576,0.9998067005963246,0.05175429133319853,0.025877145666599266,0.0001882944740536224,1.9402689899148529,1.4503381894474208,0.732282406056393,0.10838543083894683,0.19265151925926674,-0.1071183285539894,1.9539743092025579,1.1989046256000642,0.8452158644064051,0.05249842799320872,0.10727879571419553,-0.0491720338640413,0.09000117304571391,0.09000117304571391,0.0,-0.036564428786246536,-0.018282214393123268,-0.0001744867010975683,9.611063210336884e-13,0.023217870845359458,0.4636476089601159,0,0.07503154689487466
8.973119999999943,1.933104937042243,0.9665524685211215,0.9998074819890239,0.051592814718678666,0.025796407359339333,0.0001875342478288593,1.2765119121134554,0.9740280477134391,0.8594649931373447,0.15931008924413145,-0.09701514634739994,-0.05134695795041005,1.6155702718483933,1.0862626857375675,0.8522338179845377,0.10563710978539873,0.005283699993780895,-0.050302479407280436,0.09000117304571391,0.09000117304571391,0.0,-0.036455928065256646,-0.018227964032628323,-0.00017378510103593936,9.421644652530532e-13,0.023145439508831446,0.463647608960793,0,0.07479120184445079
8.977279999999944,1.9333192362931304,0.9666596181465652,0.9998082602268765,0.051431820212937414,0.025715910106468707,0.00018677708461643664,1.4823660915019787,0.5890174919215163,1.6638231004203827,0.22947480025239847,-0.1263031089416296,0.03428502137739162,1.5494453487201731,0.8373737808264996,1.2581056145618998,0.16716420936402593,-0.0604427438163188,-0.008093205014216504,0.09000117304571391,0.09000117304571391,0.0,-0.03634772229665917,-0.018173861148329584,-0.00017308630813490835,9.23595953565323e-13,0.0230732243746833,0.4636476089614588,0,0.07455160678888698
8.981439999999944,1.9335328667368292,0.9667664333684146,0.9998090353225937,0.05127130648769659,0.025635653243848294,0.0001860229721174699,1.889114701078954,0.9285414017483528,1.380648276587695,0.0937950543964853,0.012214360901155349,0.09050750635294481,1.7194774705226232,0.8829833479160911,1.319566215154496,0.13049499726531116,-0.02398092190265637,0.04112433485542404,0.09000117304571391,0.09000117304571391,0.0,-0.03623981082280045,-0.018119905411400225,-0.00017239031120878196,9.053924434973755e-13,0.023001224847513206,0.46364760896211354,0,0.07431275948844952
8.985599999999945,1.93374583037107,0.966872915185535,0.9998098072888357,0.05111127221775177,0.025555636108875884,0.000185271898082358,2.1352838466166717,0.892079499757254,0.9742340322457791,0.1757123751436328,0.06079526204895423,-0.09945306875077993,1.9277501679082953,0.8876570680213733,1.1466913213588645,0.15256075748305137,0.018820958959152145,-0.02938309784196156,0.09000117304571391,0.09000117304571391,0.0,-0.03613219298680359,-0.018066096493401795,-0.00017169709923924568,8.875490699232594e-13,0.022929440333295543,0.46364760896275736,0,0.07407465770957822
8.989759999999945,1.933958129188074,0.966979064594037,0.999810576138212,0.05095171608096792,0.02547585804048396,0.0001845238503101095,2.652038272208821,1.0740400399309264,1.0153559346129875,-0.06762175929674764,-0.017160017549603654,-0.07811321440493478,2.2897593721330365,0.980813245634244,1.0808603416732983,0.042130091733420146,0.0012752480821710292,-0.05379596675257711,0.09000117304571391,0.09000117304571391,0.0,-0.03602486813236769,-0.018012434066183844,-0.00017100666105510738,8.700571552754856e-13,0.022857870239379116,0.46364760896339047,0,0.07383729922487214
8.993919999999946,1.9341697651745668,0.9670848825872834,0.9998113418832814,0.05079263675827585,0.025396318379137924,0.0001837788166489357,1.9562789944610743,0.44690514952381943,0.9882743088837594,0.14670729909378355,-0.05151990239022459,-0.17301754458121857,2.123322825581393,0.7137495702009666,1.034206918218809,0.09401343862392825,-0.025728907359294773,-0.11345310833729896,0.09000117304571391,0.09000117304571391,0.0,-0.035917835603780396,-0.017958917801890198,-0.0001703189857606382,8.52908197433967e-13,0.022786513974485494,0.4636476089640131,0,0.07360068181307557
8.998079999999947,1.9343807403117905,0.9671903701558953,0.9998121045365521,0.05063403293366858,0.02531701646683429,0.0001830367849951083,2.0724611778679733,1.2137270363625074,0.7996357831632576,-0.0362864875105032,-0.12474135897225763,-0.012517240638438563,2.0978158308461983,0.963481099872307,0.9168938816026653,0.029035364169461217,-0.07463082809242237,-0.06309155919596796,0.09000117304571391,0.09000117304571391,0.0,-0.03581109474625159,-0.017905547373125795,-0.000169634062308564,8.360972514492699e-13,0.022715370948707354,0.4636476089646253,0,0.07336480325906303
9.002239999999947,1.9345910565755164,0.9672955282877582,0.9998128641104825,0.05047590329419644,0.02523795164709822,0.00018229774329357393,2.6086130373431833,0.30579415380653485,0.6400798421814555,-0.038021540525043813,-0.06720395515311714,0.1020981954554791,2.3531379570534177,0.6344930903802274,0.7786980573084544,-0.004023519474570396,-0.07084476353466218,0.01912195244747118,0.09000117304571391,0.09000117304571391,0.0,-0.0357046449052848,-0.0178523224526424,-0.00016895187992840637,8.196169876209444e-13,0.02264444057350656,0.4636476089652274,0,0.07312966135382591
9.006399999999948,1.934800715936058,0.967400357968029,0.9998136206174806,0.05031824652996463,0.025159123264982316,0.00018156167953677782,1.9661077813365493,1.0706552270396867,1.1294402002240855,-0.08328275047411068,0.11091197493676308,0.11022897502231697,2.1594471362166416,0.8528084254498354,0.9543002789449029,-0.04374469063654786,0.019771448065396845,0.06494717028038802,0.09000117304571391,0.09000117304571391,0.0,-0.035598485427224075,-0.017799242713612037,-0.00016827242748530282,8.034616594305947e-13,0.022573722261712663,0.4636476089658194,0,0.07289525389445782
9.010559999999948,1.9350097203582837,0.9675048601791418,0.9998143740699046,0.05016106133412866,0.02508053066706433,0.00018082858176619063,1.793363324049263,1.0585439809389865,1.513675702248435,0.18894721688768495,0.20011449800623757,-0.06291796137679402,1.976796314274655,0.9560931010494742,1.2338618842483708,0.07227810947685089,0.11030365258871792,0.0006155374551727543,0.09000117304571391,0.09000117304571391,0.0,-0.03549261565905312,-0.01774630782952656,-0.00016759569433602366,7.876242302826805e-13,0.02250321542752113,0.4636476089664016,0,0.07266157868414044
9.014719999999949,1.935218071801629,0.9676090359008145,0.9998151244800633,0.05000434640289052,0.02500217320144526,0.0001800984380702301,2.059582064752048,0.9698009125518363,1.2918322270679705,0.10860333925859586,0.05286680872870546,0.027028597846018874,2.018415455080514,0.9630593186189765,1.2629014607953581,0.09053721645200104,0.08050487003582393,0.014887455012874015,0.09000117304571391,0.09000117304571391,0.0,-0.03538703494840803,-0.017693517474204015,-0.000166921669688458,7.720984063218698e-13,0.022432919486491593,0.4636476089669741,0,0.07242863353212939
9.01887999999995,1.9354257722201103,0.9677128861100551,0.9998158718602157,0.04984810043549484,0.02492405021774742,0.00017937123658486642,1.7942055266559367,0.7418830950629842,0.7176042263790421,0.05053095904577284,0.06488600206754477,0.1309143533745905,1.9064131620379245,0.8526061514075383,0.9905228650863331,0.07095153757127437,0.07196015375311969,0.07215339138548028,0.09000117304571391,0.09000117304571391,0.0,-0.03528174264380378,-0.01764087132190189,-0.00016625034260161413,7.568789589523259e-13,0.022362833855546133,0.46364760896753704,0,0.07219641625373947
9.02303999999995,1.9356328235623361,0.9678164117811681,0.9998166162225719,0.04969232213422415,0.024846161067112075,0.00017864696549425204,2.093393699082249,1.5056654948279578,0.6771626434624096,0.03274004003266119,0.05480836627887581,0.16960098885102262,1.9999719680047556,1.1792554343883737,0.8341939437767055,0.05226621605106386,0.06288447376944473,0.12057422169952864,0.09000117304571391,0.09000117304571391,0.0,-0.03517673809400555,-0.017588369047002776,-0.00016558170252104583,7.419591105397876e-13,0.022292957952967332,0.46364760896809065,0,0.07196492467033168
9.02719999999995,1.935839227771521,0.9679196138857605,0.9998173575792928,0.049537010204396686,0.024768505102198343,0.00017792561302907735,2.0242805438436187,1.2638656369424681,1.2183563245351474,0.06921893858383621,0.14528110888667867,-0.07826239329166335,2.0122712240303673,1.2218629784692911,1.0261156038273267,0.06034497951780391,0.1042360663654739,0.020896964554055108,0.09000117304571391,0.09000117304571391,0.0,-0.03507202064889632,-0.01753601032444816,-0.00016491573874509132,7.273320028201727e-13,0.02222329119839684,0.46364760896863505,0,0.07173415660929794
9.031359999999951,1.9360449867854976,0.9680224933927488,0.9998180959424906,0.04938216335436065,0.024691081677180326,0.0001772071674671955,2.164600922467753,0.6372514939465157,0.7794691341933382,0.11362024726944828,-0.032800621375675146,-0.06351431980091594,2.0886733582331245,0.9294845974285911,0.9026589727758232,0.08703101346270618,0.035882105370797036,-0.021513693997901887,0.09000117304571391,0.09000117304571391,0.0,-0.03496758965884847,-0.017483794829424235,-0.0001642524407461292,7.129928188826591e-13,0.022153833012833364,0.4636476089691704,0,0.0715041099040475
9.035519999999952,1.936250102536729,0.9681250512683645,0.9998188313242287,0.04922778029549105,0.024613890147745524,0.00017649161713284805,1.977014228929894,0.5304039187817896,1.0917054368813854,0.07872725914461831,-0.036905840196251295,-0.10661013586010736,2.033007395218353,0.7298647052489603,0.9969625915129947,0.08257550777333726,-0.0005085457512038576,-0.06444585828376825,0.09000117304571391,0.09000117304571391,0.0,-0.03486344447484303,-0.017431722237421517,-0.0001635917977432362,6.989370686036647e-13,0.02208458281863095,0.4636476089696968,0,0.07127478239399299
9.039679999999953,1.9364545769523214,0.9682272884761607,0.999819563736522,0.04907385974218605,0.024536929871093027,0.00017577895039774563,2.3729840425431035,0.7081241855678502,0.4683744012308748,0.058515444441206876,0.019569153760565085,-0.06871349031701014,2.2031208377897187,0.7190341820945069,0.7325233916559512,0.07005199065323307,0.00992063975923669,-0.06730841445013654,0.09000117304571391,0.09000117304571391,0.0,-0.034759584448696076,-0.017379792224348038,-0.00016293379934436607,6.851583435850563e-13,0.02201554003949731,0.46364760897021445,0,0.07104617192453605
9.043839999999953,1.9366584119540375,0.9683292059770188,0.9998202931913374,0.04892040041186246,0.02446020020593123,0.0001750691556794178,1.6402952126432586,0.9022895492358323,1.1908840983746163,0.07805942275790242,-0.09241416769014603,0.11403151118946622,1.9218674920197543,0.8104704391525748,0.9619439377976804,0.07355327651407248,-0.04100457587587656,0.023444579995483734,0.09000117304571391,0.09000117304571391,0.0,-0.034656008932964624,-0.017328004466482312,-0.0001622784349055034,6.716513579595958e-13,0.021946704100491973,0.4636476089707235,0,0.07081827634705323
9.047999999999954,1.9368616094583082,0.9684308047291541,0.9998210197005933,0.04876740102495146,0.02438370051247573,0.00017436222144225565,2.0827942900572882,0.7928182505200753,0.6259254090351443,-0.07489475309175819,0.1302234839937277,0.10655942389741567,2.002178062861416,0.8019158572364431,0.7941540904804022,-0.0015385972747282597,0.044225912892443445,0.06493520868028956,0.09000117304571391,0.09000117304571391,0.0,-0.03455271728074527,-0.017276358640372635,-0.00016162569406575646,6.584093054573219e-13,0.021878074428024426,0.4636476089712241,0,0.07059109351888218
9.052159999999954,1.9370641713762453,0.9685320856881227,0.9998217432761608,0.04861486030489535,0.024307430152447674,0.0001736581361963099,1.8450770710031525,0.7244878224026626,1.354080109698598,-0.14114747998722596,-0.13312547005053824,-0.029200422752213684,1.9233341756373574,0.7629248109421898,1.0740592608722095,-0.07195470594226605,-0.04463558599487278,0.018364478109891117,0.09000117304571391,0.09000117304571391,0.0,-0.03444970884600744,-0.01722485442300372,-0.00016097556642743398,6.454280890538635e-13,0.02180965044985243,0.4636476089717163,0,0.07036462130330745
9.056319999999955,1.9372660996136541,0.9686330498068271,0.9998224639298628,0.04846277697814277,0.024231388489071384,0.00017295688849745908,1.8761999869196193,0.7023021800761644,0.7566951408994351,-0.0665340013568694,0.18920289966300724,-0.09114597458012083,1.899627682439884,0.7330058596829294,0.915184720590033,-0.06891761961236745,0.07262842902352838,-0.03605745832380637,0.09000117304571391,0.09000117304571391,0.0,-0.03434698298328526,-0.01717349149164263,-0.00016032804155637818,6.327028846794737e-13,0.021741431595080123,0.46364760897220036,0,0.07013885756954669
9.060479999999956,1.9374673960710465,0.9687336980355232,0.9998231816734752,0.04831114977414529,0.024155574887072644,0.00017225846694751579,1.7809487458580957,1.2212715848581785,0.2582006964953668,0.148421386062,0.012310097806700435,0.02188735175896442,1.8405970692501394,0.9771678458574401,0.5867336099527256,0.03926993181113146,0.042423929182155415,-0.007076063344027516,0.09000117304571391,0.09000117304571391,0.0,-0.034244539048117695,-0.017122269524058847,-0.00015968310919646836,6.202291986311077e-13,0.02167341729415631,0.4636476089726764,0,0.06991380019273602
9.064639999999956,1.937668062643652,0.968834031321826,0.9998238965187259,0.048159977425352135,0.024079988712676068,0.00017156286019350423,1.9071010563959603,1.1597735435312992,1.375778596300985,0.1603599932915693,0.003380544630617273,-0.08770896771400742,1.8741845112014035,1.0684804131975654,0.9810808105920901,0.09911533707497396,0.022227096856358975,-0.04816546308651103,0.09000117304571391,0.09000117304571391,0.0,-0.034142376396312846,-0.017071188198156423,-0.00015904075884227889,6.079999268315103e-13,0.021605606978872424,0.46364760897314444,0,0.06968944705391723
9.068799999999957,1.937868101221432,0.968934050610716,0.9998246084772965,0.04800925866720802,0.02400462933360401,0.0001708700569286618,2.0176363552075003,1.39613800658218,1.161167864000197,0.1911683067341271,-0.33161289798211685,-0.12205675178199096,1.946307694287285,1.2316216775680493,1.07087262631477,0.1457933481081224,-0.15463182642809042,-0.08554074490117577,0.09000117304571391,0.09000117304571391,0.0,-0.03404049438492221,-0.017020247192461105,-0.00015840098048834313,5.960122111314447e-13,0.021538000082361022,0.46364760897360474,0,0.06946579604002248
9.072959999999958,1.938067513689091,0.9690337568445455,0.999825317560821,0.047858992238146845,0.023929496119073423,0.00017018004589035678,2.2138005845363034,0.7724985335541258,1.2180940201631167,0.020157968858858753,0.015411847420447086,0.1638292004714637,2.0800988493939774,1.0020886403773988,1.144824961636486,0.0825460320245812,-0.06947245068610051,0.03920123762201055,0.09000117304571391,0.09000117304571391,0.0,-0.033938892371291524,-0.016969446185645762,-0.00015776376377446989,5.842611530093401e-13,0.021470596039093626,0.4636476089740574,0,0.06924284504386151
9.077119999999958,1.9382663019260893,0.9691331509630446,0.9998260237808871,0.04770917687958946,0.02385458843979473,0.00016949281586156175,2.0595107866842053,1.1840884310538005,0.7340159523176277,0.07189984154162368,-0.05950367725386022,0.08694688322411685,2.0699531800578783,1.092967425182586,0.9395997832687176,0.077725369055112,-0.06515314355938408,0.06241998198931898,0.09000117304571391,0.09000117304571391,0.0,-0.03383756971371413,-0.016918784856857064,-0.00015712909852050327,5.727401398680688e-13,0.021403394284879147,0.46364760897450247,0,0.06902059196410718
9.081279999999959,1.9384644678066556,0.9692322339033278,0.9998267271490358,0.04755981133593862,0.02377990566796931,0.00016880835567008524,1.9475471765806982,1.087027783537222,1.2621837270142888,-0.03343716704535338,0.02371345087189908,-0.11398472932010183,2.0086784194311926,1.0900467973063714,1.1006570101792235,0.022802277763695866,-0.020682844934595355,-0.025810841047055322,0.09000117304571391,0.09000117304571391,0.0,-0.03373652577122986,-0.01686826288561493,-0.00015649697462023673,5.614472531878479e-13,0.021336394256861957,0.4636476089749402,0,0.06879903470528156
9.08543999999996,1.9386620131997996,0.9693310065998998,0.9998274276767616,0.0474108943545748,0.0237054471772874,0.00016812665418823743,1.7293005781300048,0.9886934946025031,0.8416770302199102,-0.03140991820735491,0.10865075100460209,-0.04858656164043103,1.8689222924722524,1.039594029467999,0.9710641255240768,-0.004338986357151374,0.04464772779654256,-0.03718578423417698,0.09000117304571391,0.09000117304571391,0.0,-0.03363575990363757,-0.016817879951818784,-0.00015586738204207936,5.503752887042724e-13,0.021269595393520004,0.4636476089753706,0,0.0685781711777421
9.08959999999996,1.938858939969324,0.969429469984662,0.999828125375513,0.04726242468585204,0.02363121234292602,0.00016744770033254162,2.011412121309039,1.0816363978896433,0.7641499328913695,0.0008702040363292862,-0.07893147062074356,-0.004147524179545813,1.9401695484948087,1.060453531825127,0.8675960644021801,-0.001510911224172466,-0.018191381238055648,-0.020240728370496838,0.09000117304571391,0.09000117304571391,0.0,-0.03353527147140051,-0.016767635735700254,-0.00015524031061555136,5.395220320639205e-13,0.021202997134662935,0.4636476089757939,0,0.0683579992976679
9.09375999999996,1.9390552499738367,0.9695276249869184,0.9998288202566925,0.04711440108309405,0.023557200541547026,0.00016677148306426743,1.636604738668905,0.8542413247574088,1.1816350443449404,-0.022237967016494213,0.018865963458181752,0.11256670297334645,1.7883379222707732,0.957384855638162,1.0248520393827336,-0.011467864666191749,0.0005129935436548527,0.04608137259304481,0.09000117304571391,0.09000117304571391,0.0,-0.033435059835765515,-0.016717529917882758,-0.00015461575035253985,5.288822127537391e-13,0.021136598921430272,0.4636476089762101,0,0.06813851698704582
9.097919999999961,1.939250945066764,0.969625472533382,0.9998295123316566,0.046966822302589965,0.023483411151294983,0.00016609799138868255,1.3691851763017548,0.9378385623774728,0.9840909701819487,0.08717109505686611,0.004973742375905255,0.10074783676187486,1.5789405127144858,0.947621325896512,1.0046798558551986,0.03756492515923334,0.003027534309796634,0.07385168344069028,0.09000117304571391,0.09000117304571391,0.0,-0.03333512435877552,-0.01666756217938776,-0.0001539936912341274,5.184531955172014e-13,0.02107040019628957,0.4636476089766194,0,0.06791972217365659
9.102079999999962,1.9394460270963625,0.9697230135481812,0.9998302016117164,0.04681968710358992,0.02340984355179496,0.00016542721435516638,1.4788918298456106,0.6914188564302111,1.0017045173223935,-0.01666728471829678,0.042210670122307246,0.05299242410165933,1.5288809663122684,0.8196057142695118,1.0033012355906858,0.010374111900481753,0.022799835158020587,0.06397773541675947,0.09000117304571391,0.09000117304571391,0.0,-0.033235464403281914,-0.016617732201640957,-0.00015337412342509595,5.082294993897019e-13,0.021004400403034515,0.46364760897702184,0,0.06770161279106093
9.106239999999962,1.9396404979057305,0.9698202489528652,0.9998308881081375,0.046672994248300695,0.023336497124150347,0.00016475914105641728,1.8810906749404126,0.9298287509189519,1.2487622187127814,0.08798457771206228,-0.15598386312626691,0.022657875499337853,1.7051703759137566,0.8743936135345496,1.1260811848881023,0.049614179195305246,-0.06660536108363153,0.04302598224347228,0.09000117304571391,0.09000117304571391,0.0,-0.033136079332636084,-0.016568039666318042,-0.00015275703695367005,4.982063022207667e-13,0.020938598986782964,0.46364760897741764,0,0.06748418677858636
9.110399999999963,1.9398343593328216,0.9699171796664108,0.9998315718321401,0.046526742501882566,0.023263371250941283,0.00016409376062902423,2.1459443392587745,1.2463050690393993,0.4872611423711175,0.008684308702767367,0.07639714312916854,-0.10117607382814071,1.9255778442986626,1.0605104062017185,0.8064563346829198,0.02946955561351414,0.005098964763221754,-0.029106437539729683,0.09000117304571391,0.09000117304571391,0.0,-0.03303696851123604,-0.01651848425561802,-0.0001521424220327724,4.883811929351587e-13,0.020872995393975288,0.4636476089778068,0,0.06726744208131281
9.114559999999964,1.9400276132104568,0.9700138066052284,0.9998322527948995,0.04638093063244392,0.02319046531622196,0.000163431062252697,2.3284652556491237,1.8484301021390852,0.9061328243926612,-0.19737970035015162,-0.07452484314551035,0.024299185386078788,2.126613508410617,1.4543222797410091,0.8563458591921075,-0.08378825987035012,-0.0354394948505887,-0.002426551675775876,0.09000117304571391,0.09000117304571391,0.0,-0.032938131304325366,-0.016469065652162683,-0.00015153026873976783,4.787494965483073e-13,0.02080758907237234,0.4636476089781895,0,0.06705137665005871
9.118719999999964,1.9402202613663362,0.9701101306831681,0.999832931007546,0.04623555741103669,0.023117778705518344,0.00016277103515080507,1.9728582925635283,0.6138532396607661,0.36934854570842424,-0.06914228657177263,-0.07141992439129541,-0.08115078535682689,2.0495908261711477,1.0339332354891215,0.6126749955265741,-0.07637750911187341,-0.053383325263875604,-0.0417798345147505,0.09000117304571391,0.09000117304571391,0.0,-0.03283956707757775,-0.016419783538788875,-0.0001509205673377184,4.693074877891468e-13,0.020742379471053392,0.4636476089785659,0,0.06683598844136808
9.122879999999965,1.9404123056230513,0.9702061528115257,0.9998336064811651,0.04609062161165356,0.02304531080582678,0.0001621136685895882,1.5629423423908593,1.301622741361227,1.013954059402549,-0.07970786522681703,0.06005821828253616,0.007667215683023896,1.8060972295671076,1.167905004740557,0.8133341634865279,-0.07796584857219617,0.0032225682143859798,-0.017482847017349822,0.09000117304571391,0.09000117304571391,0.0,-0.03274127519764339,-0.016370637598821694,-0.0001503133080622128,4.600512223539727e-13,0.02067736604041452,0.463647608978936,0,0.0666212754174964
9.127039999999965,1.9406037477980982,0.9703018738990491,0.999834279226798,0.045946122011222855,0.022973061005611427,0.0001614589518782745,2.322738894242059,1.391064864928371,1.2601307769520744,-0.15291142670876465,0.23906672211299723,-0.07151710966506515,2.0641042746255254,1.2799827361643787,1.0365866209837133,-0.11574583051864573,0.12161618544327724,-0.044389686986377026,0.09000117304571391,0.09000117304571391,0.0,-0.03264325503216167,-0.016321627516080836,-0.00014970848122878395,4.5097734031215225e-13,0.020612548232166628,0.4636476089792999,0,0.06640723554639644
9.131199999999966,1.9407945897038883,0.9703972948519441,0.9998349492554413,0.045802057389603405,0.022901028694801703,0.00016080687436872528,1.8425759390782483,1.2922484612535459,1.0132668570118313,0.26578763964030283,-0.15547847809963258,-0.11560463006401926,1.9538911604569358,1.2857922756691504,1.024685672396048,0.07510554731732992,-0.016904682636806532,-0.0797766300823169,0.09000117304571391,0.09000117304571391,0.0,-0.03254550594913193,-0.016272752974565964,-0.0001491060771264904,4.420827739195883e-13,0.02054792549933329,0.4636476089796578,0,0.06619386680170558
9.135359999999967,1.9409848331477615,0.9704924165738807,0.9998356165780473,0.04565842652958203,0.022829213264791016,0.00016015742545554543,2.1996095156704794,0.8766188241978405,1.4163321976245602,0.1075988275389218,0.17775164289667877,-0.1433135000899472,2.076976128357974,1.0815707805795147,1.2202131393218258,0.09122102526738775,0.08119210182719722,-0.11132542965119901,0.09000117304571391,0.09000117304571391,0.0,-0.0324480273175667,-0.01622401365878335,-0.0001485060861253347,4.3336321374667066e-13,0.02048349729624917,0.4636476089800097,0,0.06598116716273175
9.139519999999967,1.9411744799319985,0.9705872399659993,0.9998362812055247,0.04551522821686832,0.02275761410843416,0.00015951059457573172,1.867397060077106,1.2494047020188535,0.5847106617393985,-0.07324332614329271,0.058015493956620805,0.19390847517597634,1.9720328609883138,1.1656097215960701,0.9028624840780356,0.008962212808018058,0.06954020313376486,0.04045144942878567,0.09000117304571391,0.09000117304571391,0.0,-0.03235081850750429,-0.016175409253752146,-0.00014790849867692883,4.2481581118920384e-13,0.020419263078557993,0.46364760898035573,0,0.06576913461443915
9.143679999999968,1.9413635318538323,0.9706817659269161,0.999836943148738,0.045372461240089326,0.022686230620044663,0.0001588663712083134,2.1784405955057973,1.3021965158146174,0.9684174143275471,0.09031436238763729,0.06538645006828045,0.03268290378485205,2.0754254720388636,1.2340393927523274,0.9357086933309429,0.04989840230400018,0.06779230733949389,0.036420575945674105,0.09000117304571391,0.09000117304571391,0.0,-0.0322538788892727,-0.01612693944463635,-0.0001473133052080762,4.164370602769189e-13,0.020355222303210414,0.463647608980696,0,0.06555776714743589
9.147839999999968,1.9415519907054606,0.9707759953527303,0.9998376024185084,0.045230124390787364,0.022615062195393682,0.00015822474487446337,1.8769521722902722,1.052079565814107,1.1729239119256734,-0.0369632821038862,0.07879643958189356,0.14715133087226456,1.9761105684697822,1.143222358429084,1.0546240406204292,0.006464621929781038,0.07316956194165171,0.09177521468371894,0.09000117304571391,0.09000117304571391,0.0,-0.03215720783446342,-0.01607860391723171,-0.00014672049622818867,4.0822382024590064e-13,0.02029137442846239,0.46364760898103063,0,0.06534706275795937
9.151999999999969,1.9417398582740582,0.9708699291370291,0.9998382590256131,0.04508821646341376,0.02254410823170688,0.000157585705137113,1.3228111247138652,0.5087462608687316,1.1152232904154398,0.11819214062238587,0.07385577388372101,-0.03501911448641313,1.6497019631008492,0.8261338722154594,1.0848511507833336,0.06239251547023136,0.07332776863419145,0.02843426589036927,0.09000117304571391,0.09000117304571391,0.0,-0.032060804715195734,-0.016030402357597867,-0.0001461300621157834,4.001710512672395e-13,0.020227718913873028,0.4636476089813597,0,0.06513701944786339
9.15615999999997,1.9419271363417887,0.9709635681708944,0.9998389129807864,0.04494673625532563,0.022473368127662815,0.00015694924160152338,2.433580414106162,1.2617732928743992,0.9150118675236325,0.04046899000068057,0.038619554153203055,0.027233206001226275,2.041730061696909,1.0440367583665444,0.9999874147086383,0.051810289353743835,0.056072101676581186,0.02761756697143567,0.09000117304571391,0.09000117304571391,0.0,-0.03196466890455618,-0.01598233445227809,-0.0001455419936539083,3.9227831509465177e-13,0.02016425522030276,0.4636476089816833,0,0.06492763522460414
9.16031999999997,1.942113826685817,0.9710569133429084,0.9998395642947194,0.04480568256678088,0.02240284128339044,0.0001563153439135773,1.9816514272882337,1.1645662477555374,1.1782177224113743,-0.15056546615946628,0.010949166063095723,0.058219214635410084,2.0113785972051668,1.1043261922331389,1.0892256561454945,-0.05005939975173708,0.03299814912944718,0.04255765586567597,0.09000117304571391,0.09000117304571391,0.0,-0.03186879977629006,-0.01593439988814503,-0.00014495628128221075,3.84540535379263e-13,0.02010098280991131,0.46364760898200147,0,0.06471890810122714
9.16447999999997,1.9422999310783209,0.9711499655391604,0.9998402129780601,0.044665054200934445,0.022332527100467223,0.0001556840017611824,2.002487324584663,0.8745615646725599,0.20838894215644455,0.025633123079672734,0.1050541809244701,-0.24179589815353936,2.0069863622994495,0.9896599239167803,0.6482973551789193,-0.012288891649392288,0.06943334309875603,-0.09919129993408676,0.09000117304571391,0.09000117304571391,0.0,-0.03177319670524109,-0.015886598352620546,-0.0001443729156316982,3.769551739466359e-13,0.020037901146155855,0.4636476089823144,0,0.06451083609635308
9.168639999999971,1.9424854512865035,0.9712427256432518,0.9998408590414137,0.04452484996383275,0.022262424981916374,0.00015505520487347626,2.1362238378687763,0.6527684467650461,0.9731503155370909,0.1095139341083112,0.006791347425778194,0.03809485211055747,2.071834666913154,0.8212272593842213,0.810804961160918,0.04818317844274665,0.03748855701528961,-0.030372591066823138,0.09000117304571391,0.09000117304571391,0.0,-0.031677859066615244,-0.015838929533307622,-0.00014379188731156612,3.695181861519903e-13,0.019975009693788834,0.4636476089826221,0,0.06430341723416533
9.172799999999972,1.9426703890726051,0.9713351945363026,0.999841502495343,0.0443850686644112,0.0221925343322056,0.00015442894302091325,1.793246327938507,0.9643336771878603,0.905570978352417,0.013354336608214161,-0.020706202873402125,-0.057265144358657295,1.932567278289623,0.892739747271418,0.8580707477659748,0.030312435343057765,0.007747742092299185,-0.044406037510965946,0.09000117304571391,0.09000117304571391,0.0,-0.03158278623684764,-0.01579139311842382,-0.00014321318723078751,3.622289374517168e-13,0.019912307918856342,0.4636476089829247,0,0.06409664954439563
9.176959999999973,1.9428547461939154,0.9714273730969577,0.999842143350368,0.04424570911448809,0.022122854557244043,0.0001538052060140008,1.8903109490338548,1.1345275117996731,0.9571183895210701,0.17623951196977364,-0.19259568961421036,-0.14252257888452272,1.911805229277334,1.013234018193502,0.9072983274853993,0.10334441163328828,-0.09206984532874846,-0.0932217329861919,0.09000117304571391,0.09000117304571391,0.0,-0.03148797759308056,-0.01574398879654028,-0.00014263680595693316,3.5508364112705887e-13,0.01984979528869591,0.4636476089832222,0,0.06389053106231092
9.181119999999973,1.9430385244027852,0.9715192622013926,0.9998427816169668,0.04410677012876066,0.02205338506438033,0.00015318398370469885,1.9859088697715466,0.8209951903565071,1.0687938268820687,0.18364723436493618,-0.13998793943139948,0.0030175293713218133,1.949239603130006,0.9168227008372805,0.9880538482768011,0.1434646399294018,-0.11632038225200406,-0.04528360109483601,0.09000117304571391,0.09000117304571391,0.0,-0.03139343251328219,-0.015696716256641097,-0.0001420627343580172,3.48078322150467e-13,0.019787471271934556,0.4636476089835148,0,0.06368505982869985
9.185279999999974,1.9432217254466386,0.9716108627233193,0.9998434173055751,0.04396825052480071,0.021984125262400355,0.00015256526598518487,1.7489739377958544,0.8578904442685393,1.2196637135142208,0.07252455093621338,0.06529618426016603,-0.011283404146987953,1.8492560455564138,0.8874909191432397,1.1038378172866607,0.10808208182554159,-0.025016343647260224,-0.028711150471302484,0.09000117304571391,0.09000117304571391,0.0,-0.03129915037615166,-0.01564957518807583,-0.00014149096317548867,3.4121168689755683e-13,0.019725335338486798,0.46364760898380253,0,0.06348023388985975
9.189439999999975,1.9434043510679846,0.9717021755339923,0.9998440504265868,0.043830149123050575,0.021915074561525288,0.0001519490427883475,1.855324019706074,0.694530751110604,1.0796569148465343,0.1612558043821914,-0.05252676258312658,-0.018364799840849478,1.8526248851128209,0.7909003764247065,1.091709519154813,0.13495277262026026,-0.03883983681549834,-0.0237889337307133,0.09000117304571391,0.09000117304571391,0.0,-0.03120513056123772,-0.01560256528061886,-0.00014092148323840135,3.344796191091843e-13,0.01966338695955279,0.46364760898408547,0,0.06327605129758311
9.193599999999975,1.9435864030044296,0.9717932015022148,0.9998446809903537,0.04369246474681861,0.021846232373409304,0.00015133530408742554,1.9071580923667701,1.3570594622672272,1.2601085235970224,-0.044611889492112186,0.04947462743040851,0.002009238459317947,1.8797984027183454,1.0740872340235903,1.1759126647507072,0.04550706724838369,0.005096712384128079,-0.010067269716747856,0.09000117304571391,0.09000117304571391,0.0,-0.03111137244916476,-0.01555568622458238,-0.0001403542854640804,3.27881448434558e-13,0.01960162560761635,0.4636476089843637,0,0.06307251010914373
9.197759999999976,1.943767882988689,0.9718839414943445,0.9998453090071866,0.04355519622227374,0.02177759811113687,0.0001507240398956217,1.5162238443959326,1.183535955159062,1.5685229539466592,0.10782978189989906,0.01634755659481277,0.1955393083425598,1.6982324631115928,1.1288478949788476,1.372626566471236,0.07685636040533016,0.009984733162513663,0.09306244519296387,0.09000117304571391,0.09000117304571391,0.0,-0.0310178754211103,-0.01550893771055515,-0.00013978936085878857,3.2141337025133046e-13,0.019540050756442787,0.4636476089846373,0,0.06286960838728409
9.201919999999976,1.9439487927485992,0.9719743963742996,0.9998459344873544,0.043418342378442214,0.021709171189221107,0.00015011524026571868,2.287462050366808,0.995390354065394,1.6949004943713284,-0.009918944037731754,-0.043155755673731824,0.14526856740691535,1.9928300456124963,1.0620291263576285,1.5340673843777894,0.03381235599875812,-0.016917936507420937,0.1194292912118115,0.09000117304571391,0.09000117304571391,0.0,-0.030924638859244263,-0.015462319429622132,-0.0001392267003042215,3.150714005801566e-13,0.019478661881077063,0.46364760898490637,0,0.0626673442002016
9.206079999999977,1.9441291340071292,0.9720645670035646,0.9998465574410847,0.0432819020472025,0.02164095102360125,0.00014950889529060719,1.844276182632243,1.4950184077975683,0.9920235588072014,0.1468808533378962,0.07941282347893794,-0.020405004886524844,1.918856351756821,1.2786921278293406,1.2629989702174016,0.09093116549802324,0.031166963865968872,0.04964928956059856,0.09000117304571391,0.09000117304571391,0.0,-0.030831662146527244,-0.015415831073263622,-0.00013866629477167817,3.088549352101448e-13,0.019417458457841742,0.46364760898517093,0,0.06246571562153554
9.210239999999978,1.9443089084823928,0.9721544542411964,0.9998471778785644,0.04314587406328106,0.02157293703164053,0.00014890499510288244,2.0608187538376592,1.3167300759188105,1.1518570717300805,0.004649832601167123,-0.09022506548869985,-0.009076081757548734,1.9898460765631616,1.2975224162295405,1.2074098907576636,0.04882555605099845,-0.028902779324530926,0.019556852021769,0.09000117304571391,0.09000117304571391,0.0,-0.03073894466682918,-0.01536947233341459,-0.00013810813532272748,3.0276089647828766e-13,0.019356439964335025,0.4636476089854311,0,0.06226472073035361
9.214399999999978,1.9444881178876605,0.9722440589438303,0.9998477958099389,0.04301025726424757,0.021505128632123786,0.00014830352987446897,2.7671484531984367,0.9704342772687843,0.9533187761724168,0.0717089837224667,0.026472133391113564,0.004964417366576455,2.3786509368618107,1.1340297228913971,1.0803744472710362,0.060708070484721446,-0.0005474586945301291,0.011508595485899378,0.09000117304571391,0.09000117304571391,0.0,-0.03064648580483445,-0.015323242902417225,-0.00013755221300278868,2.96787051663691e-13,0.019295605879428683,0.46364760898568697,0,0.06206435761113876
9.218559999999979,1.944666763931371,0.9723333819656855,0.9998484112453131,0.042875050490510616,0.021437525245255308,0.00014770448981667514,1.843410353927162,1.038451430547542,0.8375773655866094,-0.16272364097145492,0.002873616631815762,-0.20250925656481825,2.110688131570341,1.0862477784695534,0.9585533243775617,-0.05084536617871829,0.0002523851634944307,-0.09564544483991134,0.09000117304571391,0.09000117304571391,0.0,-0.030554284946053625,-0.015277142473026813,-0.00013699851884146485,2.9093159051651743e-13,0.019234955683266088,0.46364760898593854,0,0.06186462435377606
9.22271999999998,1.9448448483171432,0.9724224241585716,0.9998490241947513,0.04274025258531329,0.021370126292656645,0.00014710786518025223,1.1638007517575713,1.0752617062136933,0.7766693954852659,0.01750937862856434,-0.024132040811087406,-0.1218011567517913,1.6372753453467088,1.0807046147786148,0.8673569371628073,-0.017206345731374896,-0.012007149487401284,-0.10881434320206866,0.09000117304571391,0.09000117304571391,0.0,-0.03046234147683516,-0.01523117073841758,-0.00013644704406704606,2.851908323542866e-13,0.01917448885726021,0.46364760898618596,0,0.061665519053539515
9.22687999999998,1.9450223727437879,0.9725111863718939,0.9998496346682774,0.04260586239472878,0.02130293119736439,0.00014651364625456375,1.8492673951597869,1.2907680265710029,0.5450919830656458,-0.10533234383461426,-0.0456116234068943,0.16272413967202465,1.7430544004337523,1.1856434191986407,0.7065619026404588,-0.0615690268002672,-0.029047393699492385,0.026343160497202717,0.09000117304571391,0.09000117304571391,0.0,-0.030370654784484266,-0.015185327392242133,-0.00013589777989333823,2.7956293683575847e-13,0.019114204884091657,0.46364760898642926,0,0.0614670398110787
9.23103999999998,1.9451993389053197,0.9725996694526599,0.9998502426758747,0.042471878767655416,0.021235939383827708,0.00014592182336761267,2.516493308901846,1.3596051036037373,0.842043725485873,-0.18776892185710342,-0.010194508639376001,-0.12946593859049643,2.129388698146577,1.2726040464435193,0.774034083859604,-0.12465380263059495,-0.019512540591233033,-0.05136252068023585,0.09000117304571391,0.09000117304571391,0.0,-0.030279224257167836,-0.015139612128583918,-0.0001353507174129111,2.7404628990092253e-13,0.01905410324770658,0.4636476089866685,0,0.06126918473240554
9.235199999999981,1.9453757484909688,0.9726878742454844,0.9998508482274868,0.04233830055581218,0.02116915027790609,0.0001453323868865554,2.0596814170464603,0.72337957631076,1.2866950678885263,0.056567969741102925,-0.11036227535745491,0.10209156980083754,2.094651007682312,0.9977578841346828,1.0305809224381013,-0.033466992569081075,-0.0646749562872645,0.025156728540872732,0.09000117304571391,0.09000117304571391,0.0,-0.030188049283819227,-0.015094024641909613,-0.0001348058479183538,2.686380028516024e-13,0.018994183433314608,0.46364760898690377,0,0.061071951928881485
9.239359999999982,1.9455516031851927,0.9727758015925964,0.9998514513330169,0.042205126613734566,0.021102563306867283,0.00014474532721686287,1.911845202968588,1.1624197871638415,0.9244095719632313,0.06743896410959938,-0.0416398930902222,-0.04291705913216443,2.003388042014828,1.0800044000054638,0.9774061329117607,0.01652523912881184,-0.05365026765128439,-0.009306099802771193,0.09000117304571391,0.09000117304571391,0.0,-0.030097129254363822,-0.015048564627181911,-0.0001342631625820183,2.6333732522810024e-13,0.018934444927386905,0.4636476089871351,0,0.06087533951720399
9.243519999999982,1.9457269046676875,0.9728634523338437,0.9998520520023285,0.0420723557987695,0.02103617789938475,0.00014416063480279754,1.3803550247266336,1.2488498685539566,0.6865658895968256,0.23285815074725608,-0.11768650210983445,0.16603945349042856,1.692352734136408,1.1641823107558202,0.8323290633346989,0.12409014540441883,-0.08507741580174571,0.07848528198370819,0.09000117304571391,0.09000117304571391,0.0,-0.03000646355941007,-0.015003231779705035,-0.00013372265277727523,2.581411062430056e-13,0.01887488721765406,0.46364760898736257,0,0.06067934561939397
9.247679999999983,1.9459016546134003,0.9729508273067001,0.9998526502452457,0.04193998697107162,0.02096999348553581,0.00014357830012658122,1.754262284244795,1.647653649531929,0.43503335328593673,0.089273943332548,0.047047512599306326,-0.04720677979836145,1.7234941255365612,1.4060191269634574,0.6335807067867684,0.1064458099033683,-0.018978341697619534,0.015422610591505518,0.09000117304571391,0.09000117304571391,0.0,-0.02991605159068869,-0.014958025795344346,-0.000133184309972428,2.5304707661322287e-13,0.018815509793104195,0.4636476089875863,0,0.06048396836278208
9.251839999999984,1.9460758546925403,0.9730379273462701,0.9998532460715528,0.04180801899359762,0.02090400949679881,0.0001429983137079778,1.7889968762625317,0.8312819476132318,1.108373212290379,-0.005036537924662715,-0.11145362822231243,0.08431325351758465,1.7562358748817264,1.1184131082542268,0.8711562978670633,0.050523531615038225,-0.06444697051224663,0.04955248847444539,0.09000117304571391,0.09000117304571391,0.0,-0.02982589274063699,-0.014912946370318494,-0.00013264812530303744,2.480534078078138e-13,0.018756312143980762,0.46364760898780627,0,0.060289205879996054
9.255999999999984,1.9462495065705907,0.9731247532852954,0.9998538394909949,0.04167645073210245,0.020838225366051226,0.00014242066610567497,1.755972090032328,1.0153084654188442,1.3315532917251234,0.20612625243911298,0.15973091829572147,-0.005809248426457596,1.756532969298296,1.0671915400090601,1.101344015822927,0.12819372432157625,0.04799355293637503,0.022797181615942363,0.09000117304571391,0.09000117304571391,0.0,-0.02973598640251718,-0.01486799320125859,-0.00013211409042793816,2.431584916719189e-13,0.01869729376178058,0.4636476089880226,0,0.06009505630894781
9.260159999999985,1.9464226119083203,0.9732113059541602,0.9998544305132779,0.04154528105513493,0.020772640527567464,0.00014184534791510055,1.719814685289884,0.7983710687364858,0.9450913415665558,-0.0911183008344748,0.025835241754522287,0.0012824605639513431,1.737983953488062,0.9328328843414717,1.0232199475173984,0.018596683273148035,0.03704829298422817,0.011707151387046123,0.09000117304571391,0.09000117304571391,0.0,-0.02964633197064187,-0.014823165985320935,-0.00013158219656746932,2.383594424599373e-13,0.01863845413925188,0.4636476089882353,0,0.059901517792820054
9.264319999999985,1.9465951723617956,0.9732975861808978,0.9998550191480686,0.04141450883403245,0.020707254417016225,0.00014127234977023349,1.5516551567006702,1.0849752635351264,1.2930911925849011,0.08588038331988568,-0.013400624730668585,0.06747312447163116,1.6449962950307568,1.0088786004760215,1.158299221813253,0.05251548297861554,0.011185224697538366,0.03890319984168995,0.09000117304571391,0.09000117304571391,0.0,-0.029556928840279065,-0.014778464420139532,-0.00013105243525207276,2.3365551118845896e-13,0.01857979277039215,0.4636476089884445,0,0.05970858848005311
9.268479999999986,1.946767189582391,0.9733835947911955,0.9998556054049951,0.04128413294291612,0.02064206647145806,0.00014070166234230141,2.058475102946281,0.382551331393745,1.2274251297817091,-0.038144541848829955,-0.029717047679623847,0.04019469456651158,1.8516590078098367,0.6956479329331439,1.1929459170318433,0.007309055158653716,-0.00885953915772029,0.03971536313911385,0.09000117304571391,0.09000117304571391,0.0,-0.029467776407129068,-0.014733888203564534,-0.00013052479810945399,2.2904424169760756e-13,0.018521309150445964,0.4636476089886502,0,0.05951626652433298
9.272639999999987,1.9469386652168021,0.9734693326084011,0.9998561892936465,0.04115415225868804,0.02057707612934402,0.00014013327633937464,2.6193098413586764,1.0939932127787022,1.6634782247315885,-0.056182572871234335,0.15562374583442617,-0.004960215730916103,2.235373406847988,0.8951471327159429,1.4282056692053853,-0.024658090328099798,0.07333331138804912,0.01708092623951891,0.09000117304571391,0.09000117304571391,0.0,-0.029378874068297936,-0.014689437034148968,-0.00012999927654399322,2.2452301812866428e-13,0.01846300277590328,0.4636476089888525,0,0.05932455008457725
9.276799999999987,1.9471096009070563,0.9735548004535282,0.9998567708235736,0.041024565661024553,0.020512282830512277,0.0001395671825072812,1.220233694531609,1.05682179749354,1.141417747920872,0.12247099205086041,0.08175198721217544,-0.11689277456060596,1.7280516354023403,0.9761562399653859,1.2845672380031288,0.048679678031827656,0.07725274702915248,-0.0502194174768994,0.09000117304571391,0.09000117304571391,0.0,-0.02929022122156129,-0.014645110610780644,-0.00012947586216475277,2.2009192033105047e-13,0.01840487314449709,0.4636476089890514,0,0.05913343732492263
9.280959999999988,1.9472799982905244,0.9736399991452622,0.9998573500042888,0.04089537203237254,0.02044768601618627,0.00013900337162874244,1.8035553068197534,0.8153853754926879,0.7057026184859608,0.11417150071662574,0.08290747684991814,-0.07595777754952804,1.766042277790485,0.8959412638260477,0.9949722553520032,0.0810343505339664,0.08049521749067493,-0.0627829029695702,0.09000117304571391,0.09000117304571391,0.0,-0.029201817265589333,-0.014600908632794667,-0.00012895454667939145,2.1574751878252484e-13,0.01834691975520142,0.463647608989247,0,0.058942926414712035
9.285119999999988,1.9474498589999325,0.9737249294999663,0.999857926845266,0.04076657025794483,0.020383285128972414,0.00013844183452296332,1.72895459569204,0.5695144288941494,1.5496473274966704,-0.08423354875859529,-0.029967086987561706,-0.12519750906257726,1.7473238748852522,0.7326627935989729,1.2720521359343613,-0.002022255203044348,0.025481704653747,-0.09344303554787525,0.09000117304571391,0.09000117304571391,0.0,-0.029113661599958457,-0.014556830799979228,-0.00012843532157357494,2.114894865007475e-13,0.018289142108229288,0.46364760898943935,0,0.05875301552848172
9.289279999999989,1.947619184663373,0.9738095923316865,0.9998585013559411,0.04063815922571549,0.020319079612857744,0.0001378825620465433,1.9376329862243455,0.9365078809066388,0.729786981722566,-0.03320902776768469,0.021321095264377254,0.04305865544706004,1.8424093006351785,0.8346300127248707,1.0010061542606206,-0.016946342462554262,0.023929716468831245,-0.02559962340317834,0.09000117304571391,0.09000117304571391,0.0,-0.029025753625162784,-0.014512876812581392,-0.00012791817853898316,2.0731557832637737e-13,0.01823153970503065,0.4636476089896285,0,0.05856370284594836
9.29343999999999,1.9477879769043165,0.9738939884521582,0.9998590735457124,0.04051013782641516,0.02025506891320758,0.00013732554509258965,1.6038856759304638,1.1170414747232027,1.047119244574029,0.060072687834495445,-0.020159626239886742,-0.09069410130801975,1.7232698826139032,0.9757966024176042,1.023873459595796,0.021984287912718278,0.001496484425937556,-0.057699650094073573,0.09000117304571391,0.09000117304571391,0.0,-0.028938092742518698,-0.014469046371259349,-0.00012740310947431026,2.0322328390096313e-13,0.018174112048290315,0.4636476089898145,0,0.05837498655199634
9.29759999999999,1.9479562373416228,0.9739781186708114,0.9998596434239398,0.04038250495352671,0.020191252476763354,0.00013677077458989218,1.5157395849089803,0.867580031475023,1.0172563194078292,0.04413010436146638,-0.16868454827875026,-0.014233404910896977,1.619595092646186,0.9213348909211119,1.0205351631033424,0.033045324311839916,-0.08271290729028803,-0.035933233023072546,0.09000117304571391,0.09000117304571391,0.0,-0.028850678354283135,-0.014425339177141568,-0.00012689010595083702,1.9921204193466948e-13,0.01811685864192593,0.4636476089899974,0,0.058186864836664916
9.301759999999991,1.9481239675895532,0.9740619837947766,0.9998602109999462,0.04025525950328044,0.02012762975164022,0.00013621824150422955,1.7445279111020695,1.2575555391273734,0.5821848098447642,0.07788519755245707,0.06147361698629929,-0.13827813294589714,1.6822250967153893,1.0895748215992493,0.8010700188489143,0.05511537990644502,-0.010335821356511047,-0.08744255607693735,0.09000117304571391,0.09000117304571391,0.0,-0.0287635098637722,-0.0143817549318861,-0.0001263791597471911,1.95280184003798e-13,0.018059778991085913,0.46364760899017726,0,0.057999335895135
9.305919999999992,1.948291169257781,0.9741455846288904,0.9998607762830163,0.04012840037464881,0.020064200187324403,0.0001356679368375312,2.1956419964025757,1.3435187065215382,0.2856981481763654,0.03781590213247228,-0.12224699819177268,-0.06445144657903762,1.9390159541019105,1.216293243201702,0.5432452137111141,0.04639032391628454,-0.06579012555517919,-0.07536840885571212,0.09000117304571391,0.09000117304571391,0.0,-0.028676586674944896,-0.014338293337472448,-0.00012587026263617587,1.9142548811771872e-13,0.01800287260214723,0.4636476089903541,0,0.05781239792771703
9.310079999999992,1.948457843951403,0.9742289219757015,0.9998613392823981,0.04000192646934286,0.02000096323467143,0.0001351198516278828,1.6387218461089097,1.0645839765444085,0.6087053561122853,0.14602033050004465,-0.1467859162811347,0.17901578392192555,1.7891714365951437,1.140132540140504,0.5763472525269647,0.09575669828775035,-0.10642818741374997,0.05221038034418682,0.09000117304571391,0.09000117304571391,0.0,-0.028589908192842045,-0.014294954096421023,-0.00012536340659927364,1.8764684328111664e-13,0.017946138982713494,0.46364760899052804,0,0.05762604913983779
9.314239999999993,1.9486239932709524,0.9743119966354762,0.999861900007302,0.03987583669180686,0.01993791834590343,0.00013457397694863058,2.0538818591771073,1.0744658337725401,1.4708735475865935,0.017218494144816188,-0.035872323605702916,0.15926651239192588,1.9215668927277796,1.1072234137819383,1.0239468841750996,0.05525274999460653,-0.07081804769695178,0.10623408383947296,0.09000117304571391,0.09000117304571391,0.0,-0.028503473823490957,-0.014251736911745479,-0.0001248585833993045,1.8394300010694383e-13,0.017889577641612794,0.46364760899069907,0,0.05744028774202752
9.318399999999993,1.9487896188124074,0.9743948094062037,0.9998624584669017,0.039750129949213286,0.019875064974606643,0.00013403030390930868,2.0779040107891955,0.6962782938938082,0.8608741593749476,-0.11966146688701285,0.0736026335078857,-0.05154268570664292,1.9994877914910483,0.9018999130794961,0.9423019266657982,-0.03225958538367416,0.001939145045070415,0.027474429521946273,0.09000117304571391,0.09000117304571391,0.0,-0.02841728297348918,-0.01420864148674459,-0.0001243557850084334,1.8031125223350522e-13,0.017833188088895516,0.46364760899086727,0,0.05725511194990799
9.322559999999994,1.9489547221672052,0.9744773610836026,0.9998630146703336,0.03962480515145962,0.01981240257572981,0.00013348882365475165,1.696340018489953,1.086714851433312,1.1021271218590576,-0.1255046142581911,-0.005591501713744101,0.16973271912153357,1.8476511560877034,0.9942988039975418,1.022568458251111,-0.07907727401115706,-0.0026713270348496087,0.09870193873124579,0.09000117304571391,0.09000117304571391,0.0,-0.028331335050763892,-0.014165667525381946,-0.00012385500318082927,1.7675232814812444e-13,0.017776969835832518,0.46364760899103263,0,0.057070519984178836
9.326719999999995,1.9491193049222517,0.9745596524611259,0.9998635686266976,0.03949986121116193,0.019749930605580966,0.0001329495273659847,2.4179612518456506,0.33459115139283313,1.106056795333141,-0.14544931895193514,-0.12449590111953684,-0.0755916451148719,2.1325069864598025,0.6641826916907002,1.0641556881476149,-0.11193309220987792,-0.06419039660767759,0.011707873701122107,0.09000117304571391,0.09000117304571391,0.0,-0.02824562946383538,-0.01412281473191769,-0.00012335623009484251,1.732631226475113e-13,0.017720922394912783,0.4636476089911953,0,0.056886510070605655
9.330879999999995,1.9492833686599336,0.9746416843299668,0.999864120345057,0.03937529704365153,0.019687648521825765,0.00013241240625846032,1.8961094760674395,1.83801502806386,0.9727625383725141,0.050966074053749574,0.2391018870306973,-0.07799975237155221,2.0144122310408052,1.2516041013355528,1.0182951225926562,-0.030323723867774266,0.08757932993394583,-0.032604579255765376,0.09000117304571391,0.09000117304571391,0.0,-0.028160165622362482,-0.014080082811181241,-0.00012285945771215963,1.6984277701941114e-13,0.017665045279841522,0.4636476089913552,0,0.05670308044000686
9.335039999999996,1.9494469149581293,0.9747234574790646,0.9998646698344386,0.03925111156696939,0.019625555783484697,0.0001318774515829398,1.3447873680990443,0.5632593680173013,0.9015357350101912,0.1337833527186899,-0.04924170838878565,0.15349880619913284,1.6798728795616231,0.9073254657462544,0.9602348129741469,0.05195963415526476,0.018711599532906877,0.05998891706885517,0.09000117304571391,0.09000117304571391,0.0,-0.02807494293683349,-0.014037471468416746,-0.00012236467788455494,1.6649016801830622e-13,0.017609338005537947,0.46364760899151247,0,0.05652022932824121
9.339199999999996,1.9496099453902203,0.9748049726951101,0.9998652171038328,0.039127303701861835,0.019563651850930917,0.00013134465462594726,1.641424494773812,0.8859026854707797,0.9977941784715227,0.20341525818008727,0.2878134275382807,0.17225969405838104,1.661072447675443,0.8972114383660372,0.9793733671667734,0.12722974176495566,0.15378906692811928,0.11596639146093837,0.09000117304571391,0.09000117304571391,0.0,-0.027989960818577256,-0.013994980409288628,-0.00012187188288931717,1.632026523532665e-13,0.017553800088133197,0.4636476089916671,0,0.05633795497619549
9.343359999999997,1.9497724615251026,0.9748862307625513,0.9998657621621941,0.03900387237177616,0.01950193618588808,0.0001308140067080031,1.5372844603469005,1.6132023239300617,0.9831625080019768,0.038446499632792654,-0.010901863052598989,-0.007406293117123466,1.5992571136802045,1.2551890902464804,0.9812512787194329,0.08305620054992309,0.07151447617269217,0.054903658815635165,0.09000117304571391,0.09000117304571391,0.0,-0.027905218680095184,-0.013952609340047592,-0.00012138106478840277,1.5998168393638854e-13,0.017498431044968343,0.46364760899181917,0,0.056156255629771265
9.347519999999998,1.949934464927198,0.974967232463599,0.9998663050184408,0.03888081650285493,0.019440408251427465,0.00013028549918448805,1.640244443989206,0.7311023809124368,0.7011181137574162,0.0752866361413222,0.17479777014105555,-0.08879086948602444,1.61990790263777,0.9935057493987814,0.8409977619381888,0.07905508010753597,0.12309814359567936,-0.016794174769925667,0.09000117304571391,0.09000117304571391,0.0,-0.027820715934538123,-0.013910357967269062,-0.0001208922155351887,1.5682313249798784e-13,0.0174432303945921,0.4636476089919687,0,0.05597512953987301
9.351679999999998,1.9500959571564642,0.9750479785782321,0.9998668456814551,0.0387581350239324,0.0193790675119662,0.00012975912344610264,1.9978308899595518,0.7735686156830105,1.1265183792123517,0.24151681207882297,0.03173798289889166,-0.0749527232309483,1.8093746574863816,0.8836012043046125,0.9836060224637382,0.1601463307201335,0.07764187775707086,-0.04676093292790969,0.09000117304571391,0.09000117304571391,0.0,-0.02773645199603801,-0.013868225998019006,-0.00012040532740281295,1.5372701457139337e-13,0.017388197656758878,0.46364760899211577,0,0.055794574962395455
9.355839999999999,1.9502569397684082,0.9751284698842041,0.9998673841600839,0.03863582686652961,0.019317913433264805,0.0001292348709175382,1.9192620851982245,1.0594244658713456,1.4849878390862938,-0.015987705310510705,-0.04347889667348681,0.08408922455524048,1.8642872110926394,0.9714230633050853,1.2344750631161017,0.07145358154489466,0.017362003079638963,0.018790027558271583,0.09000117304571391,0.09000117304571391,0.0,-0.027652426279933043,-0.013826213139966521,-0.00011992039255716617,1.506919506444888e-13,0.01733333235242673,0.4636476089922604,0,0.05561459015821037
9.36,1.950417414314095,0.9752087071570475,0.9998679204631383,0.0385138909648485,0.01925694548242425,0.0001287127330578837,1.9505812119337238,0.8268121943282889,0.6846504399720567,5.391135073870568e-05,0.1060641575188634,0.12263334156034605,1.9074337462619535,0.8993374127352219,0.9598135504513228,0.0363262932664373,0.06161822281563547,0.07091058948719807,0.09000117304571391,0.09000117304571391,0.0,-0.027568638202030732,-0.013784319101015366,-0.00011943740327106185,1.4771655707182563e-13,0.017278634003754987,0.4636476089924026,0,0.05543517339315522
9.36416,1.9505773823401609,0.9752886911700804,0.999868454599394,0.03839232625576914,0.01919616312788457,0.00012819270136019234,2.0168169627208608,1.053197725784086,0.5322640366191651,-0.1414867469914329,0.2163798041712109,-0.020681877582253164,1.9618302255306024,0.9767179569719159,0.7459937480796813,-0.05179659790576365,0.139350996748731,0.02465668022254502,0.09000117304571391,0.09000117304571391,0.0,-0.027485087179473844,-0.013742543589736922,-0.0001189563517107324,1.4480014203067953e-13,0.01722410213410247,0.4636476089925424,0,0.05525632293801972
9.36832,1.9507368453888227,0.9753684226944114,0.9998689865775913,0.0382711316788433,0.01913556583942165,0.0001276747673519176,2.017440013437822,0.6336877842294043,0.8182609042895528,0.1315019072964081,-0.0883431889762828,-0.10472530093269664,1.989908872319099,0.8050184493062232,0.7819104134100916,0.0399161442055975,0.024686473386493914,-0.04022178703466443,0.09000117304571391,0.09000117304571391,0.0,-0.027401772630110566,-0.013700886315055283,-0.00011847723014999886,1.41941665720298e-13,0.017169736268025163,0.4636476089926799,0,0.0550780370685339
9.372480000000001,1.9508958049978906,0.9754479024989453,0.9998695164064354,0.03815030617629072,0.01907515308814536,0.000127158922594464,2.0272874868360966,0.91916169773088,1.08603947578786,0.09171371455921298,-0.007235808250182361,-0.002505691838491129,2.00879071015056,0.862074336839369,0.9339716976730078,0.06508691575907803,0.009441478813697397,-0.021287632709746356,0.09000117304571391,0.09000117304571391,0.0,-0.02731869397282609,-0.013659346986413044,-0.000118000030970938,1.39139220461524e-13,0.017115535931274194,0.46364760899281515,0,0.05490031406535549
9.376640000000002,1.951054262700778,0.975527131350389,0.9998700440945966,0.038029848692993924,0.019014924346496962,0.00012664515868269398,2.111473087029381,1.2151330574501336,1.0678570753376009,0.01037872687945109,0.14786690272639608,-0.0534195642954442,2.060155362692105,1.0389134039477126,1.000804681056905,0.037179447966735925,0.0788004384932605,-0.03757697302833221,0.09000117304571391,0.09000117304571391,0.0,-0.027235850627446934,-0.013617925313723467,-0.00011752474645037724,1.36391852414779e-13,0.01706150065079369,0.4636476089929481,0,0.05472315221405748
9.380800000000002,1.9512122200265134,0.9756061100132567,0.9998705696507101,0.0379097581764935,0.01895487908824675,0.00012613346724540562,2.0800608378150485,1.0404150148187845,1.3366208047850812,0.024204628412372975,0.08489689980636471,0.06052512638052008,2.0701581736945363,1.0398406837231364,1.1688390132558122,0.03089038199476054,0.08190561789529165,0.012415065714917321,0.09000117304571391,0.09000117304571391,0.0,-0.027153242014645113,-0.013576621007322556,-0.00011705136897406556,1.3369839077088333e-13,0.01700762995471864,0.4636476089930789,0,0.054546549805115925
9.384960000000003,1.9513696784997507,0.9756848392498754,0.9998710930833765,0.037790033576983746,0.018895016788491873,0.0001256238399448368,1.5677232260700737,1.0100206200022996,0.5720666829762742,0.08795895988836272,0.05559339855987108,0.10898205644150637,1.8191196222926962,1.0250454613233828,0.8706767835401453,0.05966811381848955,0.06904667840420033,0.06000390640977747,0.09000117304571391,0.09000117304571391,0.0,-0.02707086755616296,-0.01353543377808148,-0.00011657989093025395,1.310589440146376e-13,0.01695392337237284,0.46364760899320745,0,0.05437050513389737
9.389120000000004,1.951526639640781,0.9757633198203906,0.9998716144011618,0.03767067384730738,0.01883533692365369,0.00012511626847666566,2.1497245854987046,0.9596351261005411,0.4190846154083151,0.06725870464410028,-0.08932712510971648,-0.01784853320599072,1.9845640552436623,0.9921546185057953,0.6448406915073708,0.06358707744155227,-0.010409129365116739,0.02094973000306273,0.09000117304571391,0.09000117304571391,0.0,-0.02698872667461047,-0.013494363337305235,-0.00011611030471002913,1.2847079083088049e-13,0.016900380434266705,0.4636476089933339,0,0.05419501650064659
9.393280000000004,1.9516831049655434,0.9758415524827717,0.9998721336125975,0.03755167794295113,0.018775838971475566,0.00012461074456997457,2.170947906717534,0.8139995823952832,0.9561611969554681,0.012136225902543804,-0.08075631925703966,-0.22116170607246965,2.0777826272845,0.9029090076034625,0.8000440526295292,0.03781729840178371,-0.04611896472279461,-0.1005424092771347,0.09000117304571391,0.09000117304571391,0.0,-0.02690681879358317,-0.013453409396791585,-0.00011564260292181632,1.2593395834081215e-13,0.016847000672095172,0.46364760899345825,0,0.05402008221047424
9.397440000000005,1.9518390759856352,0.9759195379928176,0.9998726507261808,0.03743304482204081,0.018716522411020405,0.00012410725998635334,1.83376164649577,0.8340039119724344,1.2762886392840276,-0.10835336415435302,-0.013971902967851349,0.04951789478784329,1.955545452400069,0.8684273754511562,1.0382724376063737,-0.03544855568088897,-0.030268184362768867,-0.025408071852000506,0.09000117304571391,0.09000117304571391,0.0,-0.026825143337459306,-0.013412571668729653,-0.00011517677785695304,1.2344637843686148e-13,0.016793783618735562,0.46364760899358054,0,0.0538457005733449
9.401600000000006,1.9519945542083241,0.9759972771041621,0.9998731657503747,0.03731477344533722,0.01865738672266861,0.0001236058065211914,1.9580183988315707,0.9609731092588316,1.031247547950376,0.0877401625651388,-0.14527248241957363,-0.11237055326361377,1.9569645350729508,0.914398781739937,1.0345266929401173,0.02609215986963901,-0.08778909909435034,-0.06911301015716617,0.09000117304571391,0.09000117304571391,0.0,-0.026743699731838336,-0.013371849865919168,-0.00011471282213153353,1.210090987334141e-13,0.016740728808245585,0.4636476089937008,0,0.05367186990406418
9.405760000000006,1.9521495411365584,0.9760747705682792,0.999873678693608,0.0371968627762303,0.01859843138811515,0.00012310637600235067,2.509510122545694,0.9359930406813506,1.308691316512691,0.07738934750289636,-0.2279069284100693,0.11334335906163086,2.233401942447577,0.9247201120398462,1.1718466231628812,0.05184343906088387,-0.15692040775366242,0.02212798042586844,0.09000117304571391,0.09000117304571391,0.0,-0.02666248740301766,-0.01333124370150883,-0.00011425072825940101,1.1861986748010129e-13,0.01668783577586104,0.463647608993819,0,0.0534985885222671
9.409920000000007,1.952304038268978,0.976152019134489,0.9998741895642759,0.03707931178073537,0.018539655890367684,0.00012260896029054474,2.195918996122336,0.8180903102326555,0.9732690426138563,0.1589528204033639,-0.1238167441137672,-0.0483067320363488,2.2149902791677345,0.8711449904557194,1.0724560900311657,0.10565336593908264,-0.13943819820348083,-0.013144147808495231,0.09000117304571391,0.09000117304571391,0.0,-0.026581505778430922,-0.013290752889215461,-0.00011379048886631744,1.1627755880173858e-13,0.01663510405799383,0.46364760899393526,0,0.05332585475240531
9.414080000000007,1.952458047099926,0.976229023549963,0.9998746983707395,0.03696211942748763,0.018481059713743815,0.0001221135512788988,2.6825848788393696,0.9566158724888557,1.401237092095695,-0.10671618560807634,0.10019004507804902,0.04684861014516391,2.448570780431789,0.9140894983766926,1.2369463980431317,-0.0014294885731699497,-0.01967616850938018,0.016818294762088452,0.09000117304571391,0.09000117304571391,0.0,-0.026500754286445397,-0.013250377143222698,-0.00011333209647645948,1.139809158713435e-13,0.016582533192229708,0.4636476089940496,0,0.05315366692373505
9.418240000000008,1.9526115691194583,0.9763057845597292,0.9998752051213265,0.03684528468773744,0.01842264234386872,0.00012162014089333855,1.9111617822973186,0.870496194324764,0.675456537422805,-0.07225470551796423,0.01159156181655864,-0.07878339176061189,2.1797123641785627,0.8923163877146124,0.9560342401144507,-0.036900559559699564,-0.003917505549750584,-0.031249816149556183,0.09000117304571391,0.09000117304571391,0.0,-0.026420232356158924,-0.013210116178079462,-0.00011287554383367419,1.117300041648151e-13,0.016530122717326158,0.463647608994162,0,0.05298202337030541
9.422400000000009,1.9527646058133556,0.9763823029066778,0.999875709824331,0.03672880653534651,0.018364403267673256,0.00012112872109167943,1.557983737796654,0.8138554600712111,1.1355936015541563,-0.02975034266354367,-0.0042946922722860575,-0.0737001500700504,1.8687804274688755,0.853076623211956,1.045662550192046,-0.03265603737867623,-0.004193194459390653,-0.052793014308998396,0.09000117304571391,0.09000117304571391,0.0,-0.026339939417838243,-0.013169969708919121,-0.00011242082347413704,1.0952346864132215e-13,0.016477872173210412,0.4636476089942726,0,0.05281092243094568
9.42656000000001,1.952917158663134,0.976458579331567,0.9998762124880138,0.03661268394678221,0.018306341973391104,0.00012063928386449827,1.5327415533525564,1.0115164069336358,0.7947080358258248,0.12267353330026454,0.05874585369497383,0.2041573049946197,1.7010147442743473,0.9324208277637975,0.9206083531337458,0.04454301634961285,0.026784566931966538,0.07558159287888226,0.09000117304571391,0.09000117304571391,0.0,-0.026259874902716335,-0.013129937451358167,-0.0001119679282614455,1.0736063178044904e-13,0.016425781100977234,0.4636476089943813,0,0.05264036244925322
9.43072000000001,1.9530692291460552,0.9765346145730276,0.9998767131206023,0.036496915901112766,0.018248457950556383,0.00012015182123373344,2.4008594181828853,0.7498843950151138,0.21216619547298166,0.2282218659378496,-0.011497281340717268,-0.2377996457080579,2.051417018724401,0.8411262912637335,0.5658882338009724,0.13620455589560104,0.008188870978235478,-0.08134533280515614,0.09000117304571391,0.09000117304571391,0.0,-0.026180038242789416,-0.013090019121394708,-0.00011151685074543946,1.0524115482198796e-13,0.01637384904288673,0.4636476089944882,0,0.05247034177358174
9.43488000000001,1.9532208187351385,0.9766104093675693,0.9998772117302909,0.036381501380003296,0.018190750690001648,0.00011966632525399651,1.894343063249479,1.023909563498104,0.13990208021168504,0.15015581728826202,-0.09841582447180966,-0.01730964102690296,1.973190681094756,0.9323140759774657,0.35285645753111783,0.14345841920045602,-0.044900675414062986,-0.04946857833115596,0.09000117304571391,0.09000117304571391,0.0,-0.026100428871362186,-0.013050214435681093,-0.00011106758369696149,1.0316209282827344e-13,0.016322075542362344,0.46364760899459334,0,0.05230085875702842
9.439040000000011,1.9533719288991707,0.9766859644495853,0.9998777083252409,0.03626643936770957,0.018133219683854784,0.00011918278801165109,2.008175241550663,1.3461848653414623,0.7729215567576836,0.14713459694133282,-0.20427683129976837,0.07022264059558146,1.990989682257579,1.1388284802272397,0.563039160463235,0.1450844868664366,-0.12506101525010033,0.009815028541967898,0.09000117304571391,0.09000117304571391,0.0,-0.026021046222310606,-0.013010523111155303,-0.0001106201200017707,1.0112474888803433e-13,0.01627046014398848,0.4636476089946967,0,0.05213191175742274
9.443200000000012,1.9535225611027167,0.9767612805513584,0.999878202913581,0.03615172885107484,0.01807586442553742,0.00011870120162432418,2.246113537825894,0.41353704195123575,1.0125398244233765,0.09992496720258648,-0.15375206404166392,-0.1807746086048201,2.118762795136242,0.7758577998564,0.7874156640380082,0.12175806531023083,-0.13936325627749688,-0.08500221245612617,0.09000117304571391,0.09000117304571391,0.0,-0.025941889730626708,-0.012970944865313354,-0.00011017445233995319,9.912769287746386e-14,0.01621900239350861,0.46364760899479834,0,0.05196349913731404
9.447360000000012,1.9536727168061314,0.9768363584030657,0.999878695503407,0.036037368819524414,0.018018684409762207,0.00011822155824174472,1.707976684672834,1.1025466559816994,0.6185258050903714,0.020977792070068772,-0.0048440036051987725,-0.15633527482660367,1.913410215786547,0.9391940805725834,0.7026442487914419,0.0715103799909161,-0.07194011694219149,-0.12060111837444572,0.09000117304571391,0.09000117304571391,0.0,-0.025862958832429755,-0.012931479416214878,-0.00010973057372101535,9.717020973465865e-14,0.016167701837823102,0.4636476089948983,0,0.05179561926395916
9.451520000000013,1.953822397465569,0.9769111987327845,0.9998791861027823,0.03592335826506019,0.017961679132530096,0.0001177438500443841,1.524909322148437,1.2420034442197005,1.2909618799191414,0.03340151886456388,0.17716273640994784,0.14756306510581804,1.7192263975043587,1.0909693781204686,0.9971128770724016,0.05251951228230335,0.05259369362463962,0.014055679811606112,0.09000117304571391,0.09000117304571391,0.0,-0.02578425296444241,-0.012892126482221204,-0.00010928847684270435,9.5251941928667e-14,0.0161165580249869,0.46364760899499663,0,0.05162827050931121
9.455680000000013,1.9539716045329951,0.9769858022664976,0.9998796747197375,0.035809696182257364,0.017904848091128682,0.00011726806924471924,1.7165144863961257,1.0531224083643007,1.050458351679323,0.07189879572746571,-0.015141633799983366,-0.06131282143571165,1.7180196999171085,1.072013932626864,1.0236576334856164,0.06233796061812596,0.01882731286872476,-0.023226917245235845,0.09000117304571391,0.09000117304571391,0.0,-0.025705771564749583,-0.012852885782374791,-0.0001088481546257685,9.336993513645151e-14,0.016065570504207666,0.4636476089950933,0,0.05146145125000668
9.459840000000014,1.9541203394561961,0.9770601697280981,0.9998801613622712,0.035696381568257975,0.017848190784128987,0.00011679420808632643,1.9712026025174378,1.1194376898334335,1.2172748422813642,-0.08496114155201354,-0.05122179567297848,0.1209019897729495,1.8444366832536248,1.095619110020939,1.1207184352760813,-0.011531569259731787,-0.015955603937047504,0.04913127008806093,0.09000117304571391,0.09000117304571391,0.0,-0.025627514072061194,-0.012813757036030597,-0.00010840960000078578,9.152618164344543e-14,0.016014738825843373,0.4636476089951883,0,0.051295159867354306
9.464000000000015,1.954268603678791,0.9771343018393955,0.9998806460383497,0.035583413422767544,0.017791706711383772,0.00011632225884381581,2.0299614838100943,0.7984297115764446,1.1382815479197712,0.019778548710960433,0.28329943921877243,0.006127421318968034,1.937242399577692,0.9476108560172605,1.1295114576772396,0.0036988141498248985,0.1340036783243497,0.028306076057455706,0.09000117304571391,0.09000117304571391,0.0,-0.02554947992636393,-0.012774739963181965,-0.00010797280590849702,8.971820814541345e-14,0.015964062541400356,0.4636476089952818,0,0.05112939474732234
9.468160000000015,1.9544163986402412,0.9772081993201206,0.9998811287559073,0.03547079074804898,0.01773539537402449,0.00011585221382278519,1.5957963763136378,0.6468115381824413,0.938134906878,0.13115086890127345,-0.13002340538949128,0.09651681747702225,1.7667901933831993,0.7969374537699055,1.034021355456995,0.06722208517982707,0.0025809557467237005,0.0630032418553066,0.09000117304571391,0.09000117304571391,0.0,-0.025471668568183795,-0.012735834284091897,-0.00010753776540722425,8.794685965840904e-14,0.015913541203530994,0.4636476089953737,0,0.05096415428052769
9.472320000000016,1.9545637257758617,0.9772818628879308,0.9998816095228463,0.03535851254891957,0.017679256274459786,0.00011538406535931466,2.2645522907073676,1.2914542499250394,0.8046405284745701,-0.16705459231405234,0.017812922909081857,-0.14397096331542727,2.015328002269165,1.044239109858091,0.9190310291133116,-0.05025988488933811,0.008874971818301568,-0.04102244924050207,0.09000117304571391,0.09000117304571391,0.0,-0.025394079439558667,-0.012697039719779334,-0.00010710447145936619,8.621047702228782e-14,0.01586317436603185,0.4636476089954641,0,0.050799436862222706
9.476480000000016,1.9547105865168315,0.9773552932584157,0.9998820883470373,0.03524657783274393,0.017623288916371965,0.00011491780582037807,1.9678044140993005,0.7354025810131578,1.1921365110319577,-0.06287585154830963,0.1782050247464032,-0.020179370771375157,1.9914354446680795,0.8901907461701394,1.0555453759327114,-0.05673485898524499,0.0928557258699995,-0.03140394988214363,0.09000117304571391,0.09000117304571391,0.0,-0.025316711983087242,-0.012658355991543621,-0.0001066729170384836,8.450753676758718e-14,0.01581296158384119,0.46364760899555296,0,0.050635240892284314
9.480640000000017,1.9548569822902042,0.9774284911451021,0.999882565236319,0.035134985609430895,0.017567492804715448,0.00011445342760377805,2.0978238802209126,1.1652013926860958,1.0266969524048162,0.010366772081749104,0.002870904991115404,-0.04482657784808775,2.0446501929597165,1.0277034784270558,1.0410271846974206,-0.0223341196359368,0.048103137172596254,-0.03785493164248507,0.09000117304571391,0.09000117304571391,0.0,-0.025239565642473732,-0.012619782821236866,-0.0001062430952367176,8.28379710489662e-14,0.01576290241303703,0.4636476089956404,0,0.050471564775201795
9.484800000000018,1.9550029145189185,0.9775014572594592,0.9998830401984987,0.03502373489142816,0.01751186744571408,0.00011399092313763382,1.8701746897816993,0.8546020436492892,1.0436051518801768,0.060175550791932486,0.0322386268839108,0.15192774266885908,1.957538484886302,0.941218108006011,1.0426322141029232,0.017905190610450275,0.04041095167592247,0.057013445918979735,0.09000117304571391,0.09000117304571391,0.0,-0.025162639862324768,-0.012581319931162384,-0.00010581499905128514,8.120105205436402e-14,0.015712996410834974,0.4636476089957263,0,0.05030840692006517
9.488960000000018,1.955148384621809,0.9775741923109045,0.9998835132413524,0.03491282469371779,0.017456412346858893,0.00011353028488079894,2.2479330962923267,0.8363735181021683,1.3810812990835246,-0.125464139205393,-0.008995171984047381,-0.05109849149705791,2.102477958159434,0.8887764476343262,1.211752324262352,-0.05429792066235018,0.015673582253224492,0.0032131079882975473,0.09000117304571391,0.09000117304571391,0.0,-0.02508593408837377,-0.012542967044186885,-0.00010538862181282035,7.959710976714064e-14,0.015663243135586112,0.46364760899581087,0,0.050145765740553
9.493120000000019,1.9552933940136166,0.9776466970068083,0.9998839843726246,0.03480225403381074,0.01740112701690537,0.00011307150532143147,2.15118403079125,1.3600714603454644,1.0916778662670057,-0.19426752006370887,0.03990702937767014,0.03736707962619417,2.12642792804752,1.1245098914956009,1.1517917575096432,-0.12459281796259498,0.027964661863624726,0.02039367980344684,0.09000117304571391,0.09000117304571391,0.0,0.0,0.0,5.0,6.780142553570995e-05,0.015613346778721254,0.4549349253698552,0,1.988248364392974
9.49728000000002,1.9554383782968003,0.9777191891484002,0.9999712609778751,0.03479622796410594,0.01739811398205297,0.02094638526013057,1.790768083792538,0.36854394844079685,0.708766546618399,0.1651069321220845,-0.028765749675211918,-0.04543913675659468,1.9589381008822202,0.7464616889792767,0.9301625772731813,0.020706794780276913,-0.00034440353754240996,-0.003400564581408573,0.09000117304571391,0.09000117304571391,0.0,0.0,0.0,0.5161664043254692,0.00016947493791513995,0.015586165252970817,0.4462222417438995,0,1.9883084332390197
9.50144000000002,1.955583337348274,0.977791668674137,1.0000674836166181,0.034790172353684805,0.017395086176842402,0.02309343329829364,2.0145923086176776,0.821491979729909,1.4708099393107177,0.13222737709482035,-0.013000815624575945,0.21493150096070482,1.987040722474312,0.7839486710289917,1.2009347164243152,0.07641225563238424,-0.005879845448369886,0.10689411381566977,0.09000117304571391,0.09000117304571391,0.0,0.0,0.0,0.5072757811280473,0.00028805055332999617,0.015569744404502869,0.43750955811794384,0,1.988367605777497
9.50560000000002,1.9557282711470234,0.9778641355735117,1.0001724963640084,0.034784111699870016,0.017392055849935008,0.025203059373644372,1.5768769516809968,1.0785885563489006,1.5442176974213435,0.1286874650215501,-0.014346548706847137,-0.035779094055511156,1.782224420131147,0.9312404424700799,1.3725010636385495,0.10216810204360313,-0.009923900734786752,0.03706970304067645,0.09000117304571391,0.09000117304571391,0.0,0.0,0.0,0.49850871534040136,0.00041503816048792927,0.015558113054962335,0.42879687449198817,0,1.9884258990399866
9.509760000000021,1.9558731796707118,0.9779365898353559,1.000286145463382,0.03477804568521556,0.01738902284260778,0.027275783849651864,2.0177940926668816,0.7657088106182194,1.1910959344162317,0.17997190298102098,0.08922922712445544,-0.14416199500752513,1.900385734654686,0.8486595800084982,1.2814964508359212,0.14082771087939963,0.039397449024829626,-0.05308926525686255,0.09000117304571391,0.09000117304571391,0.0,0.0,0.0,0.48986358344291736,0.0005461875383450828,0.01554828601048876,0.4200841908660325,0,1.9884833299215166
9.513920000000022,1.9560180628958872,0.9780090314479436,1.0004082792976967,0.03477197404206862,0.01738598702103431,0.029312120235552915,1.945284865681001,0.9927092970273287,1.2040869999929236,-0.054544129408127924,0.0029859537000818843,0.0076938751243577075,1.922721856633433,0.9206910345617889,1.2428042325995716,0.04330215696754976,0.021493419441438257,-0.021281104322757285,0.09000117304571391,0.09000117304571391,0.0,0.0,0.0,0.48133878295816246,0.0006793684142567437,0.015538771125887144,0.4113715072400768,0,1.988539915177457
9.518080000000023,1.9561629207981694,0.9780814603990847,1.000538748361382,0.0347658965477327,0.01738294827386635,0.031312575284439814,2.060890052929337,1.2111301710160034,1.1424187277309417,0.029345388681023394,-0.0780245601879013,0.1474242402116367,1.9918680705999157,1.0657510551475087,1.1929159038589514,0.03627108416299309,-0.0286000335609802,0.06378779305704095,0.09000117304571391,0.09000117304571391,0.0,0.0,0.0,0.4729327321416328,0.0008135104938699069,0.015528822835605511,0.40265882361412114,0,1.988595671420605
9.522240000000023,1.9563077533524187,0.9781538766762093,1.000677405232583,0.03475981301983132,0.01737990650991566,0.03327764908828752,1.22484562367969,0.6670487876876356,0.9154255156840297,0.19589937821741177,0.010668001525005643,0.0017970485648598072,1.6087588822804109,0.8664186638686028,1.0541712993897643,0.1161051334964972,-0.008652730149868998,0.03337649654049965,0.09000117304571391,0.09000117304571391,0.0,0.0,0.0,0.4646438696857299,0.0009480734768331036,0.015518068918148106,0.39394613998816547,0,1.9886506151184637
9.526400000000024,1.956452560532885,0.9782262802664425,1.0008241045457924,0.03475372331195837,0.017376861655979185,0.035207835170213156,1.8474877355869208,1.186650697514717,1.2104225154838044,0.034106547769987804,-0.02766580203155589,0.0569309163985085,1.7281946447256133,1.0264778559525165,1.1324130308074603,0.07572431735193903,-0.017426457345841462,0.04677966290622731,0.09000117304571391,0.09000117304571391,0.0,0.0,0.0,0.45647065443058443,0.0010827820653652406,0.015506323877259363,0.3852334563622098,0,1.9887047625907002
9.530560000000024,1.956597342313342,0.978298671156671,1.0009787029648516,0.03474762730966282,0.01737381365483141,0.037103620574221896,1.9425296013143112,1.511691891729399,1.2641801284535361,0.025929805362714088,0.12876918507064927,-0.03551020416970642,1.8354168881360562,1.2693564381027,1.1982224240523562,0.05115141360449375,0.05550197319978026,0.0062253790169753695,0.09000117304571391,0.09000117304571391,0.0,0.0,0.0,0.44841156508700086,0.0012174934692090042,0.015493495631558194,0.3765207727362541,0,1.988758130006781
9.534720000000025,1.9567420986672037,0.9783710493336019,1.0011410591563212,0.03474152492678738,0.01737076246339369,0.0389654859526955,1.4977538403127637,0.446236677318812,0.6005820021235164,0.15524361395530323,0.05639748025050656,0.0607474559282635,1.6669072599026453,0.8579083286596653,0.8995228451509765,0.10253870604207897,0.055841192030547875,0.03422288760714385,0.09000117304571391,0.09000117304571391,0.0,0.0,0.0,0.44046509996406685,0.0013521311587364783,0.01547953885846785,0.36780808911029844,0,1.9888107333837788
9.538880000000026,1.9568868295676294,0.9784434147838147,1.0013110337632039,0.03473541610216084,0.01736770805108042,0.04079390565182443,2.1920696446683205,0.6307276885421644,0.6710770815523821,-0.17685929492676883,-0.056764944132104166,0.07445913119800304,1.9291239961806557,0.7441975191377199,0.7854529596113959,-0.037013197144740835,-5.541249993007446e-05,0.05447211691177554,0.09000117304571391,0.09000117304571391,0.0,0.0,0.0,0.43262977670787206,0.001486651742095496,0.015464431665364889,0.35909540548434277,0,1.9888625885843443
9.543040000000026,1.9570315349876153,0.9785157674938076,1.001488489379017,0.0347293007966311,0.01736465039831555,0.04258934779518759,1.873316944880204,0.925025655185116,0.8076063053846992,0.06915081880427223,0.05072368041172889,0.06620055263103058,1.90136292768433,0.834718280309586,0.7966660055652482,0.016535174500155545,0.025367415217199707,0.06104586438929692,0.09000117304571391,0.09000117304571391,0.0,0.0,0.0,0.4249041320425918,0.00162102840434541,0.015448163924406944,0.3503827218583871,0,1.9889137113148363
9.547200000000027,1.9571762149000753,0.9785881074500377,1.0016732905222072,0.03472317899041784,0.01736158949520892,0.04435227436562353,1.3343653921601342,1.0993298586125708,1.3697726250673459,-0.059135832578076614,-0.005292329120193787,0.11412497056212156,1.6177374099399933,0.9670156393374337,1.0834586464715665,-0.021400494791420914,0.00969034437041743,0.08857051080289047,0.09000117304571391,0.09000117304571391,0.0,0.0,0.0,0.41728672151973,0.001755242627560614,0.015430731439265072,0.3416700382324314,0,1.9889641171236083
9.551360000000027,1.9573208692779118,0.9786604346389559,1.0018653036108969,0.03471705068075974,0.01735852534037987,0.04608314128554057,1.751027385219725,0.7942217082138298,0.5793393948885098,0.032983600082668776,0.01636504665527698,0.10798970664805999,1.6844514630060223,0.8806514494199511,0.831618154837266,0.006015122428692264,0.01305325918994115,0.09921828862806562,0.09000117304571391,0.09000117304571391,0.0,0.0,0.0,0.4097761192734077,0.0018892800513945424,0.015412133027868558,0.33295735460647574,0,1.9890138213994435
9.555520000000028,1.9574654980940778,0.9787327490470389,1.0020643969379626,0.03471091587982939,0.017355457939914696,0.04778239849578545,2.228401287825686,0.3979219885116403,0.8322513139629579,0.1270790151921851,0.09406686562101804,0.14099309020012557,1.9566934982108348,0.6394807770665905,0.8322264255228131,0.06702214947289449,0.05269915522141081,0.12086025409940782,0.09000117304571391,0.09000117304571391,0.0,0.0,0.0,0.4023709177767935,0.0020231284038536414,0.015392369063210572,0.32424467098052007,0,1.9890628393701315
9.559680000000029,1.9576101013216314,0.9788050506608157,1.002270440646434,0.034704774612889046,0.017352387306444523,0.04945049003315398,1.8690753869202716,0.8196474902399997,0.48645091628275805,0.026633951962001873,0.15640149393172056,0.09391819521847376,1.912940042263337,0.7298918504981642,0.6595314885362803,0.0464387720812302,0.10399285264402257,0.10744380199429845,0.09000117304571391,0.09000117304571391,0.0,0.0,0.0,0.3950697276073928,0.002156776467158769,0.015371440743233253,0.3155319873545644,0,1.9891111861011872
9.56384000000003,1.957754678933784,0.978877339466892,1.0024833067052117,0.03469862691666154,0.01734931345833077,0.05108785410664555,2.3206458237866845,0.6295863483955959,0.8114869697506097,0.09384832787761838,0.15360736234708322,-0.08318559549386695,2.116989645532175,0.6800567163855166,0.7353377970106854,0.07078589560231656,0.12936432915840027,0.01188733395518174,0.09000117304571391,0.09000117304571391,0.0,0.0,0.0,0.3878711772135156,0.002290213561135093,0.01534934972529612,0.3068193037286087,0,1.989158876494701
9.56800000000003,1.957899230903942,0.978949615451971,1.0027028688850972,0.034692472837892264,0.017346236418946132,0.05269492317251994,1.8165429632464813,1.2258691629680847,1.2054707036321521,0.04474703911569264,0.10738006935538791,-0.053297117604988654,1.9668577166259846,0.953190716974175,0.9702950345747513,0.057555570056541605,0.11808002408489753,-0.019907799384966975,0.09000117304571391,0.09000117304571391,0.0,0.0,0.0,0.38077391268557187,0.00242342928535303,0.015326097942974595,0.29810662010265304,0,1.9892059252883183
9.57216000000003,1.9580437572057423,0.9790218786028712,1.0029290027351314,0.0346863124320802,0.0173431562160401,0.054272124008220644,1.9680443364155094,1.0017519779588484,1.012941774420037,0.006856597423558208,0.05084629074549613,0.013606112802180166,1.9674662483846344,0.9775781497954142,0.9916453350266861,0.03175155268098006,0.08412908597875395,-0.002350850318456028,0.09000117304571391,0.09000117304571391,0.0,0.0,0.0,0.37377659753092585,0.00255641339063321,0.01530168751405742,0.28939393647669737,0,1.9892523470543446
9.576320000000031,1.9581882578130854,0.9790941289065427,1.0031615855592364,0.034680145762358096,0.017340072881179048,0.05581987778521565,2.0919929725591047,1.4880083622478129,0.7742564725239194,0.05650401681280311,0.06292204985768052,0.19264827119164538,2.029846673636757,1.23292853026034,0.8833478282855053,0.04476808007966572,0.07312952324751366,0.0962215356304568,0.09000117304571391,0.09000117304571391,0.0,0.0,0.0,0.3668779124521102,0.0026891557152234026,0.015276120694172977,0.2806812528507417,0,1.989298156198966
9.580480000000032,1.9583327327001625,0.9791663663500813,1.0034004963931564,0.03467397289850387,0.017336986449251936,0.057338600140799306,2.2098938088405573,1.100389170151052,0.7669573302269861,-0.08811677518678723,0.027625405553880423,0.1521330964104877,2.119688039070536,1.1667154244888607,0.8254672079710357,-0.021578467290173653,0.05036033197827686,0.12464940972716525,0.09000117304571391,0.09000117304571391,0.0,0.0,0.0,0.36007655512819864,0.0028216461533026463,0.0152493998532558,0.271968569224786,0,1.9893433669615905
9.584640000000032,1.9584771818414795,0.9792385909207397,1.0036456159816936,0.034667793916067544,0.017333896958033772,0.058828701248892785,2.0352477227269845,1.103893710025694,1.1956199930900213,-0.0016004076018312913,0.16094498849616726,0.022634758033297946,2.07746424565051,1.1356383439146585,1.010590722978117,-0.01172747706090602,0.10590746698945808,0.07487346326583315,0.09000117304571391,0.09000117304571391,0.0,0.0,0.0,0.3533712399999925,0.002953874639641214,0.015221527463455425,0.26325588559883034,0,1.9893879934142937
9.588800000000033,1.958621605211878,0.979310802605939,1.0038968267562347,0.03466160889559951,0.017330804447799754,0.06029058588987892,1.9196628878094568,0.7094599412265167,1.2649188999478758,0.07083248413318326,0.11342902960608289,0.06829549549874252,1.998710306563722,0.9227830024163228,1.1378976495214261,0.029299809645844523,0.10922878950158904,0.07206296918070691,0.09000117304571391,0.09000117304571391,0.0,0.0,0.0,0.3467606980571081,0.0030858311423316532,0.015192506092785687,0.25454320197287467,0,1.9894320494613738
9.592960000000033,1.9587660027865528,0.9793830013932764,1.0041540128125659,0.034655417921968024,0.017327708960984012,0.061724653519495666,2.200455554599885,0.9868209835396834,1.4191393690737957,-0.0004203175548281521,-0.1106329130747555,0.04216005173418838,2.0995837783460036,0.9545739419630987,1.278607050021695,0.014292442599229706,-0.0014641216094951805,0.057651452907023545,0.09000117304571391,0.09000117304571391,0.0,0.0,0.0,0.34024367662847305,0.0032175056595492714,0.015162338401660855,0.24583051834691896,0,1.9894755488390086
9.597120000000034,1.9589103745410683,0.9794551872705342,1.0044170598889692,0.034649221083754955,0.017324610541877478,0.06313129833681562,2.717534925691162,1.479268200294145,0.7355702246959018,0.13185301821320117,0.15318397699828046,0.007514248319485613,2.4088389678863518,1.2172418248546617,1.007097182122145,0.07256450032297938,0.07658861147231599,0.03416549547730807,0.09000117304571391,0.09000117304571391,0.0,0.0,0.0,0.3338189391760303,0.0033488882183218874,0.01513102714088943,0.23711783472096326,0,1.989518505115008
9.601280000000035,1.9590547204513713,0.9795273602256857,1.0046858553445999,0.03464301847272038,0.01732150923636019,0.06451090935133612,1.9222380173130087,0.6525440218107261,1.292592344052176,-0.09778437609198284,0.011026920616594712,0.07535672040258054,2.1653311224510587,0.9349107496897395,1.1500017337711208,-0.012321829873562682,0.044368699880339035,0.05560803950282058,0.09000117304571391,0.09000117304571391,0.0,0.0,0.0,0.3274852650905919,0.003479968874299319,0.015098575150409018,0.22840515109500756,0,1.9895609316886622
9.605440000000035,1.9591990404938018,0.9795995202469009,1.004960288138138,0.034636810183327725,0.017318405091663863,0.06586387044919753,2.3799010809782857,1.602788262563584,0.8148819676611012,-0.08277719628716024,0.022087110615223983,0.10720467484942761,2.272444912166009,1.268899916790805,0.9826598933291204,-0.04729648839388161,0.03332710779294583,0.08265082589269736,0.09000117304571391,0.09000117304571391,0.0,0.0,0.0,0.32124144949113725,0.0036107377120182978,0.015064985358402156,0.21969246746905186,0,1.9896028417906788
9.609600000000036,1.959343334645103,0.9796716673225515,1.0052402488067154,0.034630596312322244,0.017315298156161122,0.06719056045855158,2.031584739459009,0.4282278238744377,1.1553464270250287,0.026876701197021256,-0.030819286509082767,-0.09414417086690448,2.1520700113634623,0.8484936272172954,1.0688059502505347,-0.010680191929875302,0.0013817373274639607,-0.004484622458163488,0.09000117304571391,0.09000117304571391,0.0,0.0,0.0,0.3150863030247839,0.0037411848454110487,0.015030260780611478,0.21097978384309615,0,1.989644248483206
9.613760000000036,1.9594876028824295,0.9797438014412148,1.0055256294451074,0.03462437695835646,0.01731218847917823,0.06849135321408838,1.7844718097834036,1.3176553299247107,0.9296753339172337,0.09670575804221312,-0.035157661458557476,-0.06285091446903794,1.9684692680598488,1.0830036843454909,0.999108452297237,0.04310948947594958,-0.016428700522011917,-0.033429312978407524,0.09000117304571391,0.09000117304571391,0.0,0.0,0.0,0.30901865167236264,0.003871300418432002,0.014994404519762049,0.20226710021714045,0,1.9896851646599383
9.617920000000037,1.959631845183353,0.9798159225916765,1.0058163236851938,0.034618152221657095,0.017309076110828547,0.06976661762075032,2.2880195628366238,0.26856909151162045,0.9802914783814367,0.026466172905067142,-0.16301230122886012,-0.04446512302043562,2.1283017579128334,0.6754420229409674,0.9896074209894717,0.03476122566023197,-0.08990097895115465,-0.038981845277629684,0.09000117304571391,0.09000117304571391,0.0,0.0,0.0,0.3030373365536194,0.004001074605740141,0.014957419765043594,0.19355441659118475,0,1.9897256030463009
9.622080000000038,1.9597760615258686,0.9798880307629343,1.0061122266756797,0.034611922203728544,0.017305961101864272,0.07101671771663527,1.0751465659660622,1.1969736834021956,0.42506051384762933,-0.13635078725408578,-0.05349437373211366,0.23359562267055756,1.601433114076304,0.9361003712880832,0.7078161109372437,-0.050748847562366514,-0.07176513354333473,0.09718278086566934,0.09000117304571391,0.09000117304571391,0.0,0.0,0.0,0.297141213736543,0.00413049761340599,0.01491930979162789,0.18484173296522904,0,1.98976557619971
9.626240000000038,1.959920251888398,0.979960125944199,1.006413235062076,0.03460568700708884,0.01730284350354442,0.07224201273510937,1.9854704244891337,1.244656236219004,0.9316631682824483,0.13746137638080397,-0.06064555117791428,0.26918107472482544,1.79374092258845,1.0902519884595867,0.8203015837103574,0.0430795925560413,-0.06508405409896581,0.1829358236855688,0.09000117304571391,0.09000117304571391,0.0,0.0,0.0,0.29132915404804977,0.004259559679627959,0.014880077960208129,0.17612904933927334,0,1.9898050965099041
9.630400000000039,1.960064416249794,0.980032208124897,1.006719246966935,0.03459944673503421,0.017299723367517107,0.07344285716613766,1.5243569481511525,1.0795200365934554,0.4992562655004944,0.09672925433013224,-0.11895399973598268,-0.03873859598265794,1.6592477485863695,1.084638385378881,0.6596939421397773,0.07013939249640769,-0.09195249666152787,0.07315179422226446,0.09000117304571391,0.09000117304571391,0.0,0.0,0.0,0.2856000428886024,0.00438825107545055,0.014839727716552762,0.16741636571331764,0,1.989844176199346
9.63456000000004,1.9602085545893415,0.9801042772946708,1.0070301619703386,0.034593201491429124,0.017296600745714562,0.0746196008168509,1.3821265339103435,0.5176025383984563,0.9764046708216255,0.1611022672072301,0.08947804668504236,0.17127591188184754,1.5210192556313131,0.8013023963785377,0.8184060416915716,0.1161124312973575,-0.0011481392805187231,0.12303936474439711,0.09000117304571391,0.09000117304571391,0.0,0.0,0.0,0.2799527800471357,0.004516562105480857,0.01479826259106945,0.15870368208736194,0,1.9898828273236877
9.63872000000004,1.9603526668867604,0.9801763334433802,1.007345881090636,0.03458695138051888,0.01729347569025944,0.07577258887135153,1.7420452216101272,1.0873063429908407,0.9838109188888676,-0.015547708186494542,0.09104347087117996,-0.00918518597667628,1.631501699783737,0.9444953958572025,0.9010893902764233,0.05016898210817366,0.045106648159041585,0.05748491344309289,0.09000117304571391,0.09000117304571391,0.0,0.0,0.0,0.27438627951907735,0.004644483108601707,0.014755686198376288,0.14999099846140623,0,1.9899210617723015
9.64288000000004,1.9604967531222053,0.9802483765611026,1.0076663067654266,0.03458069650676232,0.01729034825338116,0.07690216194977287,2.274601622757593,1.134105589931211,1.4026747992411597,0.15738223328314677,0.10420713752628995,0.01662321871479895,1.9533835224585903,1.039518142815481,1.151919538111889,0.10376363041283747,0.0748573159660376,0.03736552033764755,0.09000117304571391,0.09000117304571391,0.0,0.0,0.0,0.26889946932811887,0.004772004458680679,0.014712002236878349,0.14127831483545053,0,1.989958891268868
9.647040000000041,1.9606408132762665,0.9803204066381332,1.0079913428327874,0.03457443697468241,0.017287218487341206,0.07800865616660807,2.083568048838521,1.3107154500223435,1.4298621837692562,0.11833031511653266,-0.1091902726616386,0.09034075764459974,2.0187215200057356,1.1748923777524871,1.291078111024055,0.1116712342710024,-0.01753755481256748,0.06510038935391303,0.09000117304571391,0.09000117304571391,0.0,0.0,0.0,0.2634912913470374,0.004899116565274761,0.014667214488348113,0.13256563120949483,0,1.989996327372021
9.651200000000042,1.9607848473299696,0.9803924236649848,1.0083208945127387,0.03456817288873275,0.017284086444366374,0.07909240318830578,2.0817349862021404,1.0357313107766908,1.098331882115251,-0.04068196208339582,0.11107415122098394,0.0747335668076526,2.0501439451621573,1.105542444972001,1.1948582273299027,0.035567654211878734,0.04649874086281197,0.07033187455432197,0.09000117304571391,0.09000117304571391,0.0,0.0,0.0,0.2581607011239945,0.0050258098743305776,0.014621326817508652,0.12385294758353914,0,1.9900333814760502
9.655360000000043,1.9609288552647746,0.9804644276323873,1.0086548683889476,0.03456190435317832,0.01728095217658916,0.08015373029015553,1.7621915270190245,0.9819408757229522,1.0528861637251914,0.1159033116986338,-0.01805712979800343,0.3211047523700807,1.9064090161353124,1.043703994940403,1.1245371041491508,0.07466313622507452,0.013860559021177181,0.19665743491965032,0.09000117304571391,0.09000117304571391,0.0,0.0,0.0,0.2529066677091896,0.005152074868880217,0.01457434317161861,0.11514026395758345,0,1.9900700648116516
9.659520000000043,1.9610728370625745,0.9805364185312873,1.0089931723906662,0.034555631471988965,0.017277815735994483,0.08119296041246492,2.1669583896066555,0.8220794831527314,0.955185329901806,-0.041809783052883964,-0.0772784869741168,0.07494250842558942,2.0365992179848624,0.9327294553933863,1.0400143883070152,0.016119154799633856,-0.031705134469327656,0.13653955537398113,0.09000117304571391,0.09000117304571391,0.0,0.0,0.0,0.24772817348315818,0.005277902069732739,0.014526267580058223,0.10642758033162776,0,1.9901063884467276
9.663680000000044,1.9612167927056943,0.9806083963528471,1.0093357157748997,0.03454935434874428,0.01727467717437214,0.08221041221603546,2.105807805997557,0.8732560643096569,1.0106878233547363,-0.039678483939710636,0.08480366730460613,0.2659053862580397,2.071122275633313,0.9031691431489808,1.0259020956445724,-0.012165306767029808,0.026344522229160634,0.2021183772816768,0.09000117304571391,0.09000117304571391,0.0,0.0,0.0,0.24262421398928996,0.005403282036161435,0.014477104153915685,0.09771489670567207,0,1.9901423632872348
9.667840000000044,1.9613607221768883,0.9806803610884441,1.0096824091088037,0.03454307308654866,0.01727153654327433,0.08320640013695497,2.2046461134209054,0.5717372224757677,0.6377057879087955,0.1919491860922499,0.027682479759758863,0.11727096321013951,2.1382849664612382,0.7375088189002054,0.8320425273001352,0.08959572105952811,0.026832367523171155,0.16095906107761124,0.09000117304571391,0.09000117304571391,0.0,0.0,0.0,0.2375937977658728,0.005528205366586925,0.01442685708557328,0.08900221307971638,0,1.9901780000780758
9.672000000000045,1.961504625459338,0.980752312729669,1.0100331642523066,0.03453678778795552,0.01726839389397776,0.0841812344407042,2.4261177295443948,1.1737415016866235,1.1625820086116798,-0.011438067547296704,-0.11855737785682534,0.1506104253099152,2.282178109254193,0.955380804366237,0.9976261838255511,0.03978827968856413,-0.045462490073896494,0.15658473825129812,0.09000117304571391,0.09000117304571391,0.0,0.0,0.0,0.2326359461825876,0.005652662699256156,0.014375530648292766,0.0802895294537607,0,1.9902133094040322
9.676160000000046,1.9616485025366501,0.9808242512683251,1.010387894340955,0.03453049855489979,0.017265249277449896,0.08513522127559645,1.4936289506205758,0.6966703959489775,1.2295214417350824,0.2102237382637945,0.028895349217176215,0.0780277986405373,1.8883352994929017,0.8260841549514094,1.1137351521522725,0.12498156167333008,-0.008415092342017531,0.1185513087572684,0.09000117304571391,0.09000117304571391,0.0,0.0,0.0,0.2277496932767582,0.005776644712917357,0.014323129195799568,0.071576845827805,0,1.9902483016907357
9.680320000000046,1.9617923533928527,0.9808961766964264,1.0107465137689782,0.03452420548863776,0.01726210274431888,0.08606866272554878,2.1211992258647583,1.1107550630509269,1.1885504339589401,0.02661078723544557,-0.026403381290973853,0.12795751987579668,2.004825122389275,0.9683663410900043,1.1514096453599794,0.07537905073706021,-0.01724381845174221,0.12316684385691579,0.09000117304571391,0.09000117304571391,0.0,0.0,0.0,0.22293408559385675,0.005900142127491011,0.01426965716186538,0.06286416220184932,0,1.9902829872056818
9.684480000000047,1.9619361780123932,0.9809680890061966,1.0111089381725706,0.03451790868969356,0.01725895434484678,0.08698185686220256,1.715795576258047,1.2792160022774648,1.080966902956695,0.23237792433323212,-0.06481333559377563,0.046937878616781746,1.8607910379169657,1.1236579645383387,1.1162868305306488,0.15417052465195638,-0.04075027265406824,0.08437451087801648,0.09000117304571391,0.09000117304571391,0.0,0.0,0.0,0.21818818202799456,0.006023145704736865,0.014215119059888828,0.05415147857589363,0,1.9903173760592707
9.688640000000047,1.962079976380134,0.981039988190067,1.0114750844133888,0.03451160825781174,0.01725580412890587,0.0878750977963927,2.0960475051571525,1.142277460393688,0.8985836611129981,-0.001674273524487041,0.009348384081492595,0.06004206701598322,1.9784176296929905,1.13298631831088,1.0075574216673613,0.07616462708887971,-0.015238309206385109,0.07278037463445294,0.09000117304571391,0.09000117304571391,0.0,0.0,0.0,0.2135110536654003,0.006145646248917022,0.01415951948247388,0.04543879494993794,0,1.99035147820589
9.692800000000048,1.9622237484813503,0.9811118742406751,1.0118448705622596,0.0345053042919152,0.0172526521459576,0.0887486757289781,1.8508863754344997,0.6946962446522384,1.5519664690515933,0.0008183214938921671,0.06805307883975006,-0.03463511350734261,1.9146528376439005,0.9139809214320073,1.2796909778042787,0.03848408560739249,0.025845025765859567,0.02039556700457902,0.09000117304571391,0.09000117304571391,0.0,0.0,0.0,0.2089017836298248,0.006267634607455125,0.014102863101005758,0.03672611132398225,0,1.9903853034450225
9.696960000000049,1.9623674943017255,0.9811837471508628,1.0122182158830972,0.03449899689006798,0.01724949844503399,0.08960287700104079,1.8727870874633155,1.7104421489579096,0.6306608941957079,0.11822124326659186,0.017968177480287586,0.2467371919901576,1.8939647315853378,1.312253761863554,0.9556824649706188,0.07874894489965266,0.022253233670467592,0.13457878539235588,0.09000117304571391,0.09000117304571391,0.0,0.0,0.0,0.204359466929882,0.00638910167159166,0.014045154665224085,0.028013427698026557,0,1.990418861422387
9.70112000000005,1.9625112138273482,0.9812556069136741,1.0125950408170283,0.034492686149442564,0.017246343074721282,0.09043798414346153,2.041614868243363,0.9637224032656149,1.1780667881485716,-0.0081074401019929,0.16721381203845284,-0.03983286605822155,1.9677720271340535,1.1383329453226545,1.0667936709425658,0.036260443327504985,0.09496382885941074,0.0472208983442738,0.09000117304571391,0.09000117304571391,0.0,0.0,0.0,0.19988321030747547,0.00651003837703537,0.013986399002793061,0.019300744072070865,0,1.9904521616311055
9.70528000000005,1.9626549070447077,0.9813274535223538,1.0129752669667196,0.03448637216629111,0.017243186083145554,0.0912542759258761,1.9614826926689701,0.9356611845836912,0.6408853586225381,0.19346930745038593,-0.04343277977263615,0.1149988967984798,1.9650307808658347,1.0369043245818268,0.854075663463112,0.11434779826527273,0.02624716929845603,0.08113700220924033,0.09000117304571391,0.09000117304571391,0.0,0.0,0.0,0.19547213208903058,0.006630435704610801,0.013926601018868508,0.010588060446115172,0,1.9904852134128965
9.70944000000005,1.9627985739406908,0.9813992869703454,1.0133588170809071,0.03448005503592032,0.01724002751796016,0.09205202740502352,2.2608993698560633,0.802537857364314,1.296813554697147,-0.0011462053427482438,0.10339569790994263,0.058867741352652894,2.1129656828512497,0.9199347230044822,1.0755683330377412,0.05616522619327293,0.06471457577189443,0.0708776146543798,0.09000117304571391,0.09000117304571391,0.0,0.0,0.0,0.19112536203847208,0.006750284680901958,0.013865765695661584,0.00187537682015948,0,1.9905180259592923
9.713600000000051,1.962942214502577,0.9814711072512885,1.013745615039126,0.03447373485266963,0.017236867426334814,0.09283150997249327,2.07268373332579,1.1683464300427624,1.2318428977168872,-0.0693825239802349,0.044926597534728635,0.047180495404323716,2.0926813232547254,1.044235031505767,1.1538044203476743,-0.00718274996352238,0.05517252308619095,0.05923378094255172,0.09000117304571391,0.09000117304571391,0.0,0.0,0.0,0.18684204121066816,0.006869576378892088,0.013803898091999053,-0.006837306805796212,0,1.9905506083128792
9.717760000000052,1.9630858287180348,0.9815429143590174,1.0141355858366339,0.034467411709892315,0.017233705854946157,0.09359299140187279,1.7664252605575879,1.1673474523790632,0.6785098342016274,0.07623154361798695,-0.06725657385509722,0.049752831740207296,1.9297088388912087,1.1056512510333771,0.9162570191073828,0.03486979844971924,-0.005572264591200538,0.05462217241793209,0.09000117304571391,0.09000117304571391,0.0,0.0,0.0,0.1826213218094152,0.006988301918599559,0.01374100334287995,-0.015549990431751905,0,1.9905829693685602
9.721920000000052,1.9632294165751178,0.9816147082875589,1.014528655569531,0.03446108569993934,0.01723054284996967,0.09433673589531401,1.8536978382868519,0.5103819780107828,1.1784412104738233,-0.07577255274931219,-0.20405402145822488,0.022993241428505604,1.8915466110365933,0.8075880436736446,1.0473977045833889,-0.021121815147006038,-0.10481052276284843,0.03932428004929836,0.09000117304571391,0.09000117304571391,0.0,0.0,0.0,0.17846236704419532,0.00710645246770983,0.013677086659028587,-0.024262674057707597,0,1.990615117874834
9.726080000000053,1.9633729780622602,0.9816864890311301,1.0149247514200705,0.034454756914145616,0.017227378457072808,0.09506300412951343,1.6140828249728432,1.1422664782081093,0.8551511423890819,0.24644018056436096,0.10874484692901162,0.12782369214615058,1.7533263146581772,0.975155584424451,0.9515362423543834,0.11218536149609938,0.0020518471990296997,0.08486920376929216,0.09000117304571391,0.09000117304571391,0.0,0.0,0.0,0.1743643509902032,0.007224019242203498,0.013612153326443732,-0.03297535768366329,0,1.9906470624350963
9.730240000000054,1.963516513168272,0.981758256584136,1.0153238016421586,0.03444842544281856,0.01722421272140928,0.09577205330111885,1.95369642805615,1.4502958167596343,0.9533455083921071,-0.16331865525978254,0.10756546386534308,0.3216438431405271,1.8531724590870597,1.2129532049297158,0.9531093460227614,-0.025252673040838804,0.05458720166734256,0.20350671826148478,0.09000117304571391,0.09000117304571391,0.0,0.0,0.0,0.17032645845036815,0.007340993506980406,0.013546208705943934,-0.04168804130961898,0,1.9906788115089533
9.734400000000054,1.9636600218823355,0.9818300109411677,1.0157257355470402,0.03444209137522857,0.017221045687614286,0.0964641371715707,1.9156654775976683,0.9250714345853205,0.6979579441351906,0.052669905270226705,-0.11322381554623548,0.10510284155844372,1.8845288788591978,1.068773927622107,0.8257504610231946,0.013741446220250829,-0.02888662125869443,0.15431563915101393,0.09000117304571391,0.09000117304571391,0.0,0.0,0.0,0.1663478848189524,0.007457366576479784,0.013479258232708891,-0.05040072493557467,0,1.9907103734135563
9.738560000000055,1.9638035041940005,0.9819017520970003,1.016130483489171,0.03443575479960147,0.017217877399800734,0.09713950611138432,1.920522110562651,1.0868598393024778,0.7086657373512608,0.11928959664972864,0.06667464212631222,-0.043647541670412696,1.9027728744003918,1.0779543015306523,0.7671156866589184,0.06698530675321872,0.019556164473110895,0.05573504733074036,0.09000117304571391,0.09000117304571391,0.0,0.0,0.0,0.16242783594523197,0.007573129815296394,0.013411307415816807,-0.059113408561530356,0,1.9907417563249432
9.742720000000055,1.9639469600931803,0.9819734800465901,1.0165379768522704,0.03442941580311247,0.017214707901556235,0.09779840714387297,1.6796028553195765,0.8222212657758521,0.14402258224377118,-0.08801907923731228,0.13735221860579236,0.17086263598123946,1.7910038351622497,0.9503714001285852,0.45591944328995637,-0.01079982344229822,0.07858256371841683,0.11363786271186573,0.09000117304571391,0.09000117304571391,0.0,0.0,0.0,0.1585655280013314,0.00768827463879268,0.013342361837777683,-0.06782609218748605,0,1.9907729682793998
9.746880000000056,1.9640903895701465,0.9820451947850732,1.016948148035555,0.034423074471881816,0.017211537235940908,0.0984410839883286,1.7745270833460725,1.041005594393357,1.2123962293983614,-0.023708137782773912,0.10576273008466316,0.12615428854512878,1.7827151951817353,0.9959086838282906,0.8344261065562104,-0.01685091474909132,0.09237816978366108,0.11961661579923294,0.09000117304571391,0.09000117304571391,0.0,0.0,0.0,0.154760187350373,0.007802792513706867,0.013272427154062497,-0.07653877581344173,0,1.9908040171748287
9.751040000000057,1.9642337926155256,0.9821168963077628,1.0173609304401496,0.03441673089097169,0.017208365445485846,0.09906777710266133,2.3464658364326123,1.103345506305377,0.7779563334488497,0.18966337912418058,0.08400968973593105,0.12053547187618517,2.064988731355477,1.0498034310571225,0.8064412005505192,0.08650053087982774,0.0877874394884362,0.12023686283765442,0.09000117304571391,0.09000117304571391,0.0,0.0,0.0,0.1510110504155846,0.007916674958757001,0.013201509092628232,-0.08525145943939742,0,1.99083491077213
9.755200000000057,1.9643771692202938,0.9821885846101469,1.0177762584556727,0.03441038514438445,0.017205192572192225,0.09967872372550125,1.6402165979830028,1.0654263231821388,0.9352756524777047,0.1428055202066588,-0.025018477699090803,0.12702267125087321,1.8528985172280477,1.0575640669411321,0.8711238435479225,0.11378700639707379,0.030854024104116456,0.12347928369472701,0.09000117304571391,0.09000117304571391,0.0,0.0,0.0,0.14731736355315506,0.008029913545240894,0.013129613453438715,-0.09396414306535311,0,1.9908656566965914
9.759360000000058,1.9645205193757733,0.9822602596878867,1.0181940674469967,0.03440403731506197,0.017202018657530984,0.10027415791777781,2.1312982290897735,1.1472499196215684,1.2005342186009813,0.005583286698742966,0.08314270846538432,0.057076598200143415,1.9921119098145212,1.1025802421281747,1.035948394029777,0.05970385894914112,0.05714559074727027,0.0910802610965254,0.09000117304571391,0.09000117304571391,0.0,0.0,0.0,0.14367838292435364,0.008142499897631945,0.013056746107981259,-0.1026768266913088,0,1.9908962624392863
9.763520000000058,1.964663843073627,0.9823319215368135,1.018614293741179,0.034397687484886044,0.017198843742443022,0.10085431060377344,1.8430207797699274,0.9902205495750317,1.1885476019210255,0.055196755783898495,0.10760008130725615,0.13564842555241413,1.917678559814486,1.0466226113282462,1.1125291240920494,0.05819558609156443,0.0827558761348856,0.1143647447188665,0.09000117304571391,0.09000117304571391,0.0,0.0,0.0,0.14009337437033892,0.00825442569417081,0.01298291299877905,-0.11138951031726449,0,1.9909267353584792
9.767680000000059,1.9648071403058547,0.9824035701529273,1.019036874614561,0.03439133573467975,0.017195667867339875,0.10141940961166217,1.3946604368575706,1.1366718422809996,0.8780428422922211,0.043923492829054556,0.15055360004119053,0.16666082693597584,1.6562569011781845,1.0919617513578643,0.9956297189501758,0.051203228865847654,0.11629105566273666,0.1411215916680037,0.09000117304571391,0.09000117304571391,0.0,0.0,0.0,0.13656161328902477,0.00836568266745288,0.012908120138899321,-0.12010219394322018,0,1.990957082681038
9.77184000000006,1.9649504110647888,0.9824752055323944,1.019461748280034,0.034384982144209646,0.017192491072104823,0.10196967971354164,2.210131826254769,1.0366825139228806,0.9722239976379925,-0.02975750300952284,-0.0869623017012911,0.05063282222701536,1.933136606914347,1.064142160111387,0.9840310578218546,0.010601965316596181,0.014055495553200112,0.09634050816011572,0.09000117304571391,0.09000117304571391,0.0,0.0,0.0,0.13308238451272653,0.00847626260501156,0.01283237361145724,-0.12881487756917587,0,1.9909873115038526
9.77600000000006,1.9650936553430896,0.9825468276715448,1.0198888538744715,0.03437862679218878,0.01718931339609439,0.10250534266496127,1.8485478194905145,0.9645000987566776,1.0005976884347962,0.0058523416164999,-0.005353432745356334,0.3291739145004025,1.8908547491993177,1.0143083972573963,0.9929992917806874,0.0077681587518867844,0.004785002321937106,0.21267953043233084,0.09000117304571391,0.09000117304571391,0.0,0.0,0.0,0.1296549821868052,0.008586157349897271,0.01275567956911554,-0.13752756119513157,0,1.991017428795254
9.78016000000006,1.9652368731337406,0.9826184365668703,1.0203181314463212,0.03437226975628041,0.017186134878140205,0.10302661724395058,2.1847209850800864,0.5749530831267458,0.5855060093602438,-0.08784617395444608,-0.11187767903784347,0.07888966911983317,2.0376090787220256,0.7943947320856042,0.7894140341937566,-0.04093337376430684,-0.053427603416528406,0.14572255650627797,0.09000117304571391,0.09000117304571391,0.0,0.0,0.0,0.12627870965167087,0.008695358801252193,0.012678044233579896,-0.14624024482108727,0,1.991047441396443
9.784320000000061,1.9653800644300452,0.9826900322150226,1.020749521943361,0.03436591111310232,0.01718295555655116,0.10353371928956129,1.6859845972922909,0.8575263537671874,1.2307926648151604,-0.03955503618420149,-0.017747679521058296,0.12254708870139479,1.8617129568309625,0.8259255686250283,1.0103608041872512,-0.040654272110120834,-0.036310504222418764,0.13439030096763016,0.09000117304571391,0.09000117304571391,0.0,0.0,0.0,0.12295287932387305,0.008803858914880672,0.012599473895090002,-0.15495292844704298,0,1.9910773560229167
9.788480000000062,1.965523229225621,0.9827616146128105,1.0211829672006107,0.034359550938231814,0.017179775469115907,0.10402686173991905,1.986009163165059,0.9991803789542887,0.5800712704900196,0.017342844945763592,0.19686144530313648,0.10974603746708002,1.9238991220017723,0.9129617470056545,0.7954418824952416,-0.01219778498241161,0.08117664510261587,0.12178723570423737,0.09000117304571391,0.09000117304571391,0.0,0.0,0.0,0.11967681258120338,0.008911649703815309,0.012519974911906413,-0.16366561207299868,0,1.9911071792658992
9.792640000000063,1.965666367514397,0.9828331837571985,1.0216184099284016,0.03435318930621118,0.01717659465310559,0.1045062546698014,1.9880082318938814,0.9914982079086636,0.44455840236282407,-0.030639218319359042,0.20169157470289564,0.2084261392226298,1.955889920687902,0.9526508518263458,0.6204308311473788,-0.02118835621817067,0.14103585844382158,0.16528207374304157,0.09000117304571391,0.09000117304571391,0.0,0.0,0.0,0.11644983964668382,0.009018723238878621,0.012439553709793105,-0.17237829569895438,0,1.9911369175937743
9.796800000000063,1.9658094792906078,0.9829047396453039,1.0220557937006005,0.03434682629055364,0.01717341314527682,0.10497210532773679,2.135393978629069,0.6945982946657494,0.8992150686627625,-0.0800412761105366,-0.09960889035901738,-0.011243879686355221,2.0454771906970066,0.8234151171127434,0.7597993822182163,-0.0508363156130301,0.0209533483987452,0.07805531413534206,0.09000117304571391,0.09000117304571391,0.0,0.0,0.0,0.11327129947615089,0.009125071649240321,0.012358216781495793,-0.18109097932491008,0,1.9911665773535154
9.800960000000064,1.96595256454879,0.982976282274395,1.0224950629429865,0.03434046196374976,0.01717023098187488,0.10542461817263965,2.0058741767186095,1.094231373071133,0.9000699380730532,0.0628304796137109,0.026629177966529544,0.13378732303126636,2.0258071001289126,0.9588823009397822,0.8302129223779102,0.005505136703325077,0.022938423296293038,0.10639524621692,0.09000117304571391,0.09000117304571391,0.0,0.0,0.0,0.11014053964602094,0.009230687122970128,0.012275970686216012,-0.1898036629508658,0,1.9911961647721201
9.805120000000064,1.9660956232837787,0.9830478116418894,1.0229361629217781,0.03433409639727425,0.017167048198637125,0.10586399490998179,2.080783103041456,1.3744963128999008,0.73184761121598,0.07790296621147955,-0.0015922176307859165,0.13349063014633264,2.053457798678573,1.1666877558773536,0.7813074453745001,0.041566468288499865,0.011226447774595959,0.11984010218367241,0.09000117304571391,0.09000117304571391,0.0,0.0,0.0,0.10705691624273883,0.009335561907586089,0.012192822049080954,-0.1985163465768215,0,1.9912256859580393
9.809280000000065,1.966238655490702,0.983119327745351,1.0233790397323095,0.03432772966159307,0.017163864830796537,0.10629043452750697,1.6751498464793768,1.413380670132149,1.1578027254313117,-0.028520910552741016,0.03489389103717895,0.07282999742142288,1.8642417642272042,1.2901071970307845,0.9697081695973286,0.006569809903023999,0.023693592099121346,0.09683553282175499,0.09000117304571391,0.09000117304571391,0.0,0.0,0.0,0.10401979375370102,0.009439688310598382,0.012108777560609112,-0.2072290302027772,0,1.9912551469026087
9.813440000000066,1.9663816611649778,0.9831908305824889,1.023823640287853,0.034321361826170974,0.017160680913085487,0.10670413333049461,2.1214511014215285,1.5070528514249943,1.1499601620161015,0.20171625962483686,0.21320517266559907,0.230894876344243,1.993267420140082,1.399025538430916,1.060314807915356,0.10431155911238976,0.11817973044366,0.16427679327649547,0.09000117304571391,0.09000117304571391,0.0,0.0,0.0,0.10102854495987479,0.009543058700048563,0.012023843976171716,-0.2159417138287329,0,1.9912845534814738
9.817600000000066,1.966524640302309,0.9832623201511544,1.0242699123085888,0.034314992959479186,0.017157496479739593,0.1071052849765793,2.1876000093736003,1.1618564972993397,1.254856684694345,0.22221894680346213,-0.28159600694805553,-0.010186290035591045,2.090898520033934,1.2798540716204327,1.1575658367242772,0.16266315398329503,-0.08188683526520577,0.07709666071066033,0.09000117304571391,0.09000117304571391,0.0,0.0,0.0,0.09808255082840589,0.009645665505044216,0.011938028115449997,-0.2246543974546886,0,1.9913139114560168
9.821760000000067,1.9666675928986797,0.9833337964493398,1.0247178043107144,0.03430862312900347,0.017154311564501735,0.10749408051012599,1.7197804380614532,0.8959803538511665,0.6434755767922589,-0.0946565964712996,-0.20490633071912423,0.04318976553754014,1.9051389397623113,1.087489636705158,0.9006076066834936,0.034529156732150054,-0.1440182827846348,0.05982619825830705,0.09000117304571391,0.09000117304571391,0.0,0.0,0.0,0.09518120040864259,0.009747501216288984,0.011851336861888299,-0.2333670810806443,0,1.9913432264747772
9.825920000000067,1.9668105189503515,0.9834052594751758,1.0251672655956985,0.03430225240125234,0.01715112620062617,0.10787070839617478,1.855265156925122,0.9916029661834018,1.2253318928281234,-0.041427510857934294,0.03316052061507927,0.14594712601847343,1.8801160564228063,1.0396140828323686,1.0632753510230264,-0.0036967979983878177,-0.05518991224081296,0.10299499438980927,0.09000117304571391,0.09000117304571391,0.0,0.0,0.0,0.09232389072816233,0.009848558386607921,0.011763777162143055,-0.2420797647066,0,1.9913725040748704
9.830080000000068,1.9669534184538588,0.9834767092269294,1.0256182462396732,0.03429588084176552,0.01714794042088276,0.1082353545539552,2.2186803394670433,0.8275916681540314,1.0680705284621788,0.06511200566257017,-0.10625061360325537,0.17952074144255473,2.049536413176338,0.9333816574248129,1.0660439213324449,0.03050362619476242,-0.08132464858130105,0.14243096551657808,0.09000117304571391,0.09000117304571391,0.0,0.0,0.0,0.08951002668987229,0.009948829631468169,0.01167535602552764,-0.2507924483325557,0,1.991401749683399
9.834240000000069,1.9670962914060053,0.9835481457030026,1.0260706970829647,0.03428950851512255,0.017144754257561276,0.10858820238997406,2.147172861650582,1.2675077873525447,0.655537733387854,-0.07449907636809484,0.08975835806090257,-0.07264020212619236,2.0981996035169477,1.100634225311818,0.8606368461072686,-0.021624994329061065,0.003979861409924813,0.034918393389634296,0.09000117304571391,0.09000117304571391,0.0,0.0,0.0,0.0867390209708313,0.010048307629494883,0.011586080523453172,-0.2595051319585114,0,1.9914309686188634
9.83840000000007,1.9672391378038592,0.9836195689019296,1.0265245697197591,0.03428313548495162,0.01714156774247581,0.10892943283068415,1.7160285249188385,0.8470882492295164,0.46388035604673505,0.1611315849420717,-0.21547772765893136,0.1625356095266163,1.9074471212458053,0.9734112892410506,0.6625948632979747,0.06946162885922225,-0.10574140812564228,0.09825281583726458,0.09000117304571391,0.09000117304571391,0.0,0.0,0.0,0.08401029392301396,0.010146985122982405,0.011495957788865226,-0.26821781558446706,0,1.991460166092565
9.84256000000007,1.9673819576447507,0.9836909788223753,1.0269798164879038,0.034276761813938426,0.017138380906969213,0.10925922435474128,1.7154545116635305,1.6391966961758566,1.4054279453662426,-0.03957607696568905,-0.10977650742149546,0.32738232391329736,1.8113674331313143,1.3060796554728002,1.034696561492339,0.014816450582713083,-0.10743936576028298,0.21327725772579087,0.09000117304571391,0.09000117304571391,0.0,0.0,0.0,0.08132327347409679,0.010244854918400628,0.01140499501567653,-0.27693049921042273,0,1.9914893472100024
9.84672000000007,1.9675247509262666,0.9837623754631333,1.0274363904588406,0.034270387563835276,0.017135193781917638,0.10957775302484997,2.1904223058317074,0.6424266560853926,1.9181364059871417,-0.061847341817579664,-0.03952220048905332,0.284174227702441,2.0007686496810333,0.9741661566876337,1.4770121174183308,-0.023399196591396467,-0.07341292559004405,0.2495012691465825,0.09000117304571391,0.09000117304571391,0.0,0.0,0.0,0.07867739503040966,0.010341909886896528,0.011313199458195655,-0.2856431828363784,0,1.9915185169722645
9.850880000000071,1.9676675176462477,0.9838337588231238,1.0278942454276707,0.03426401279547021,0.017132006397735104,0.10988519251920636,1.9591411262274285,1.4265571259550143,1.2201814580018218,0.024757193583621336,0.15594937337329434,0.10937261789575063,1.9800069675250596,1.2006888613162505,1.3488233902214495,0.00025440668781825633,0.04140537693185345,0.17900939703960655,0.09000117304571391,0.09000117304571391,0.0,0.0,0.0,0.07607210138034631,0.010438142964790826,0.011220578430551735,-0.2943558664623341,0,1.9915476802774146
9.855040000000072,1.9678102578027843,0.9839051289013921,1.0283533359033479,0.03425763756875622,0.01712881878437811,0.1101817141625402,1.9161283813062588,0.8737003114594812,0.8141888197696057,0.06886508859152235,0.16679953086136867,0.12373804951804468,1.948211860805908,1.0375393772052652,1.0817596038023343,0.03388410800235543,0.1040267536337159,0.15144055571787027,0.09000117304571391,0.09000117304571391,0.0,0.0,0.0,0.0735068426003796,0.010533547154069742,0.01112713930611526,-0.30306855008828976,0,1.9915768419218682
9.859200000000072,1.967952971394212,0.983976485697106,1.028813617099001,0.034251261942700624,0.017125630971350312,0.1104674869567665,1.9270609021817495,1.2564340174305686,0.8535025342419451,0.1997500288125464,-0.033249310066523846,0.04530515968567375,1.9380505536782529,1.1469187242728376,0.9677236591303966,0.11736136858860699,0.03556443381926771,0.09840180604579789,0.09000117304571391,0.09000117304571391,0.0,0.0,0.0,0.07098107595962028,0.010628115522871812,0.011032889516914923,-0.31178123371424543,0,1.9916060066017642
9.863360000000073,1.9680956584191096,0.9840478292095548,1.029275044922381,0.03424488597541435,0.017122442987707175,0.11074267761124079,1.8318515646957891,1.0274294248072149,0.9770859880270568,0.10340914806490815,-0.02179526355993936,-0.052013748566881346,1.8851659871468978,1.087128227827396,0.9722960542928042,0.11010579015188311,0.006732980747170218,0.02351509993444923,0.09000117304571391,0.09000117304571391,0.0,0.0,0.0,0.06849426582891371,0.01072184120596975,0.010937836553050636,-0.3204939173402011,0,1.991635178914329
9.867520000000074,1.9682383188762935,0.9841191594381468,1.0297375759664338,0.03423850972412142,0.01711925486206071,0.11100745057263653,1.5038552232082019,1.0747481997698756,0.5986107369035207,-0.0430798036486452,-0.03715127145401044,0.09576476488813171,1.6944188300764926,1.0808598724241432,0.7856508654098706,0.033283409126693586,-0.014734547967966229,0.05920411987812472,0.09000117304571391,0.09000117304571391,0.0,0.0,0.0,0.06604588358849256,0.010814717405247275,0.01084198796210267,-0.3292066009661568,0,1.9916643633592304
9.871680000000074,1.968380952764815,0.9841904763824075,1.030201167499994,0.03423213324516841,0.017116066622584206,0.11126196805443865,1.4800959921092405,0.5634908187182737,1.0687288288013193,0.0791686594331458,-0.020184700373705504,-0.07385917535914664,1.5874189643007457,0.8221305531105522,0.9270384655133677,0.0569999285545673,-0.01784943244224854,-0.0074452368018638184,0.09000117304571391,0.09000117304571391,0.0,0.0,0.0,0.06363540753825148,0.010906737390170928,0.010745351348536998,-0.33791928459211246,0,1.9916935643399243
9.875840000000075,1.9685235600839568,0.9842617800419784,1.0306657774586025,0.03422575659403388,0.01711287829701694,0.11150639006606394,1.6590742375229093,1.0632928980009184,1.1031166056975235,0.09165982161791461,0.031779743165607395,-0.16357688154605776,1.6234381358769823,0.9427792267960614,1.0147375305147543,0.07414311292009208,0.00710009078991847,-0.08501924833995098,0.09000117304571391,0.09000117304571391,0.0,0.0,0.0,0.061262322808297354,0.010997894498256805,0.01064793437310687,-0.34663196821806813,0,1.9917227861649947
9.880000000000075,1.968666140833229,0.9843330704166146,1.0311313644354425,0.03421937982533793,0.017109689912668966,0.11174087444160932,1.6092290221956806,1.0493199213572735,1.0824876677985216,0.20949183742786928,0.07776265510131028,0.07952626374540483,1.6167686746849326,0.9962125356488435,1.0487774812166863,0.14206935446847066,0.04219989776671185,-0.0022741001041217852,0.09000117304571391,0.09000117304571391,0.0,0.0,0.0,0.058926121270633736,0.011088182135532181,0.010549744752250637,-0.3553446518440238,0,1.991752033049483
9.884160000000076,1.968808695012366,0.984404347506183,1.0315978876723935,0.034213002992851696,0.017106501496425848,0.11196557686823252,1.7649981064050615,1.0738820806002727,1.0993865183163973,-0.03889896876460011,-0.021174584087758123,0.2844233408125162,1.6908039437643447,1.0350038652679034,1.0746743279301345,0.051392557280045305,0.0104897034255247,0.1408727108298452,0.09000117304571391,0.09000117304571391,0.0,0.0,0.0,0.056626301453054695,0.011177593776992015,0.010450790257485892,-0.3640573354699795,0,1.9917813091162069
9.888320000000077,1.9689512226213224,0.9844756113106612,1.0320653070512025,0.03420662614950684,0.01710331307475342,0.11218065091417435,2.038410441754886,0.612303533405989,1.1636667325856627,0.07556093019508969,0.057912520791000205,0.2517990610267174,1.8647665126305444,0.8237709056358268,1.1196932262445856,0.0636084065043142,0.03433858723984563,0.19712767688222219,0.09000117304571391,0.09000117304571391,0.0,0.0,0.0,0.05436236845311487,0.011266122967050275,0.01035107871479992,-0.37277001909593516,0,1.9918106183970754
9.892480000000077,1.96909372366027,0.984546861830135,1.0325335830847708,0.03420024934740508,0.01710012467370254,0.1123862480564227,1.4926043089822463,0.929711104604826,0.7946421638636598,0.010537121213298133,0.016765181228417855,0.19642883518754983,1.678705100506336,0.8767751922369548,0.9575754128614549,0.03689488684438635,0.026238340376383625,0.19609258396336926,0.09000117304571391,0.09000117304571391,0.0,0.0,0.0,0.052133833853033495,0.011353763319986053,0.010250618004036562,-0.38148270272189083,0,1.9918399648343865
9.896640000000078,1.9692361981295943,0.9846180990647971,1.0330026769085543,0.034193872637827666,0.017096936318913833,0.11258251770802198,1.7208429725880101,1.365623525668878,1.5385473656315471,0.09495407358390853,0.06215653733497914,0.13348104288673673,1.699970984783525,1.1213325257473574,1.2483432188892265,0.06632867471628999,0.04397285088652261,0.1647294575035743,0.09000117304571391,0.09000117304571391,0.0,0.0,0.0,0.04994021563639284,0.011440508520384474,0.010149416058279445,-0.3901953863478465,0,1.9918693522821216
9.900800000000078,1.9693786460298912,0.9846893230149456,1.0334725502720752,0.034187496071244855,0.017093748035622428,0.11276960724503549,1.9299169184765768,1.3031228699231634,0.4759986844787347,0.1036764542109982,0.12238085775884845,0.18243938071325128,1.815161906935751,1.2124821729091673,0.8625455455124255,0.08466250383843346,0.08381886304502585,0.17332858738337054,0.09000117304571391,0.09000117304571391,0.0,0.0,0.0,0.04778103810599582,0.011526352323572322,0.010047480863231699,-0.3989080699738022,0,1.991898784507228
9.904960000000079,1.9695210673619634,0.9847605336809817,1.0339431655305467,0.03418111969732536,0.01709055984866268,0.11294766203316528,1.8745424291554076,0.8948203488660337,1.0165846209224365,0.0710411244547978,-0.005571281385783632,0.10767080074356913,1.845000815493034,1.0536368139426433,0.9397900880666914,0.07762743161078615,0.039435327245533607,0.14051599743023027,0.09000117304571391,0.09000117304571391,0.0,0.0,0.0,0.04565583180117333,0.011611288556048377,0.009944820456592158,-0.40762075359975786,0,1.991928265190889
9.90912000000008,1.9696634621268174,0.9848317310634087,1.034414485636605,0.03417474356494574,0.01708737178247287,0.11311682545402735,1.7499417483055157,1.20745653348818,1.1288842242077692,0.10883723283647678,0.008260278477687129,0.032342801926113496,1.797698185328142,1.1305653865662257,1.0344072285430854,0.09265798110619741,0.02363084329619587,0.08572605951398297,0.09000117304571391,0.09000117304571391,0.0,0.0,0.0,0.043564133418610373,0.01169531111590843,0.009841442927428081,-0.41633343722571353,0,1.9919577979297876
9.91328000000008,1.9698058303256598,0.9849029151628299,1.0348864741321513,0.03416836772219981,0.017084183861099906,0.11327723893109637,1.4299926435183083,1.0026981003022641,0.9998905909459411,0.00026139461926762836,-0.008815036278854837,0.09642756287066627,1.6138447832986194,1.066612470853669,1.0173496149473236,0.045793294984819426,0.007430565416535145,0.09089330780049788,0.09000117304571391,0.09000117304571391,0.0,0.0,0.0,0.04150548573220564,0.011778413973264939,0.009737356415544452,-0.4250461208516692,0,1.9919873862373567
9.91744000000008,1.9699481719598948,0.9849740859799474,1.0353590951402984,0.03416199221640795,0.017080996108203975,0.11342904195531621,2.1055625373663216,0.06461681491869797,0.9651934362227383,0.1967957214226505,0.02165080563506559,0.043732073354080137,1.8601153102003691,0.5656544974779586,0.9913640938347267,0.12182352400294144,0.013658401805791975,0.06636760641403373,0.09000117304571391,0.09000117304571391,0.0,0.0,0.0,0.03947943751453137,0.011860591170661301,0.0096325691108499,-0.4337588044776249,0,1.99201703354502
9.921600000000081,1.9700904870311202,0.9850452435155601,1.035832313357425,0.03415561709412639,0.017077808547063197,0.11357237211038257,1.8747260665727907,1.5388962164192486,1.4249225752976082,-0.13277913113429493,0.02348277750199036,0.1736932933511444,1.8671440522587703,1.0523317375284313,1.208506879881798,-0.005191454436490022,0.018220468776506914,0.12039166216326787,0.09000117304571391,0.09000117304571391,0.0,0.0,0.0,0.03748554345990135,0.011941836823480715,0.009527089252719261,-0.44247148810358056,0,1.9920467432034217
9.925760000000082,1.970232775541125,0.9851163877705625,1.0363060940453321,0.03414924240115649,0.017074621200578247,0.11370736509770439,1.6585201344619545,0.8563282257184698,0.7498880630696036,0.1165914501731128,0.024731341597739,-0.011389095857189072,1.7630736196763335,0.9543795881163781,0.9791713402835986,0.05546172193626395,0.021697849825136194,0.05414092571487177,0.09000117304571391,0.09000117304571391,0.0,0.0,0.0,0.0355233641071237,0.012022145120349595,0.009420925129352858,-0.45118417172953623,0,1.9920765184836466
9.929920000000083,1.9703750374918858,0.9851875187459429,1.036780403023503,0.03414286818255388,0.01707143409127694,0.11383415476104274,1.7517558328165148,0.9408195291526084,0.9144543549242659,0.11257492161532898,0.012391490949589929,-0.0063694611429569725,1.7576496286569359,0.9476235799356764,0.9467987947818914,0.08361603037890217,0.017842375674961893,0.02405870148673423,0.09000117304571391,0.09000117304571391,0.0,0.0,0.0,0.033592465765152235,0.012101510323535507,0.009314085077132498,-0.4598968553554919,0,1.9921063625784268
9.934080000000083,1.9705172728855636,0.9852586364427818,1.0372552066614649,0.03413649448263763,0.017068247241318814,0.11395287311083899,1.4104978919394124,0.9189000394409103,1.0685097484450035,-0.04019639711393741,-0.12099032744596383,0.18313475094848702,1.5839892169165595,0.933009863449787,1.0080361240859352,0.020999779936846145,-0.05152235179609815,0.10354526659606593,0.09000117304571391,0.09000117304571391,0.0,0.0,0.0,0.03169242043693393,0.01217992676933961,0.00920657747997427,-0.4686095389814476,0,1.992136278603339
9.938240000000084,1.9706594817245011,0.9853297408622506,1.0377304718712492,0.0341301213449993,0.01706506067249965,0.11406365034822492,1.8321202891794464,0.4166487315024796,0.6200552221831401,0.008201075779266858,-0.00621722678612948,0.12733433134803185,1.7080714604810374,0.6748129847762054,0.8143086472383798,0.015604687201669966,-0.02898432960062787,0.11503567515618733,0.09000117304571391,0.09000117304571391,0.0,0.0,0.0,0.02982280574744539,0.012257388868483574,0.009098410768678164,-0.47732222260740326,0,1.9921662695979905
9.942400000000085,1.9708016640112198,0.9854008320056099,1.0382061660999522,0.03412374881251198,0.01706187440625599,0.11416661488873192,2.0952715920814913,1.7075463405245443,0.9226603833880027,0.04044119533322968,0.02800409326540871,0.061008971592590465,1.90175997603111,1.1912439134118884,0.8686116914901083,0.02724056172219543,9.452766420501479e-05,0.08825605260763704,0.09000117304571391,0.09000117304571391,0.0,0.0,0.0,0.027983204870362488,0.012333891106490923,0.008989593420274555,-0.48603490623335893,0,1.992196338527194
9.946560000000085,1.970943819748417,0.9854719098742085,1.0386822573223926,0.0341173769273392,0.0170586884636696,0.11426189338569358,2.2975208763268493,1.3482853256441971,0.9221383423655194,-0.07557474388969973,0.03319635213624485,-0.0048011260251281385,2.0994867771963577,1.2698331477328308,0.8953650469382515,-0.02453313845031072,0.0174213823676275,0.041905720988337954,0.09000117304571391,0.09000117304571391,0.0,0.0,0.0,0.026173206455503473,0.012409428044062804,0.008880133957367618,-0.4947475898593146,0,1.99222648828213
9.950720000000086,1.9710859489389627,0.9855429744694814,1.039158714033865,0.034111005730943875,0.017055502865471937,0.11434961075334493,1.8788343664292309,0.8237612201633192,1.4892559920266293,0.14942518987297726,-0.23921434585355775,-0.04656825519344876,1.9894705994037802,1.0462969142361342,1.192216395214537,0.06206390002797573,-0.11107746549834834,-0.0016431065882616595,0.09000117304571391,0.09000117304571391,0.0,0.0,0.0,0.024392404559616998,0.012483994317448146,0.00877004094747569,-0.5034602734852703,0,1.9922567216814995
9.954880000000086,1.9712280515858964,0.9856140257929482,1.0396355052429884,0.03410463526409705,0.017052317632048525,0.11442989018963208,1.4190581023493571,1.3087226623159582,1.318381648784326,0.05897471774646845,0.14706251492649272,0.12936382877257,1.7043839439499036,1.1778155187423127,1.2555692299729282,0.060077698279057186,0.018933644275965646,0.06373074157340275,0.09000117304571391,0.09000117304571391,0.0,0.0,0.0,0.022640398575387688,0.01255758463880817,0.008659323002368642,-0.512172957111226,0,1.9922870414726626
9.959040000000087,1.9713701276924251,0.9856850638462126,1.0401126004646497,0.03409826556688671,0.017049132783443353,0.11450285319872476,1.8067463818470744,0.8202321419017294,1.246406318114675,-0.04691485179308781,-0.19023707071914941,0.11246620371276234,1.755468038986621,0.9986247690530542,1.2512214498624197,0.006712645853934362,-0.08521927128566185,0.08818502730050569,0.09000117304571391,0.09000117304571391,0.0,0.0,0.0,0.020916793162508995,0.012630193796575243,0.008547988777402303,-0.5208856407371817,0,1.992317450332768
9.963200000000088,1.9715121772619197,0.9857560886309599,1.0405899697130383,0.03409189667872642,0.01704594833936321,0.11456861961324047,1.8210539859232768,0.5909988639621213,1.2883304057252927,0.0640979035678346,0.07600152485811357,0.09304361837820753,1.7883961831509223,0.7949676274349804,1.2699685613490537,0.03473324538847649,-0.004899193385955481,0.09116896186031168,0.09000117304571391,0.09000117304571391,0.0,0.0,0.0,0.019221198179545762,0.01270181665580604,0.008436046970849983,-0.5295983243631374,0,1.9923479508698712
9.967360000000088,1.971654200297913,0.9858271001489565,1.0410675834947725,0.03408552863836394,0.01704276431918197,0.11462730761618325,1.796167703343766,0.7494046621721147,0.8141973237862181,0.0643547067416127,-0.110030068396088,0.05433913726071593,1.7924170185890491,0.7719569491347387,1.0421923134065365,0.04898188378193219,-0.05744948729419546,0.07297938596633653,0.09000117304571391,0.09000117304571391,0.0,0.0,0.0,0.017553228617446626,0.012772448158528977,0.008323506323231134,-0.538311007989093,0,1.9923785456240377
9.971520000000089,1.9717961968040958,0.9858980984020479,1.0415454128021167,0.034079161483889765,0.017039580741944883,0.11467903376260413,1.8301405565826565,0.5186493545395823,1.1830291442238137,0.0715600884539988,0.010348117389122929,0.13584248412039546,1.8114264164659273,0.6453228006595849,1.112895497143195,0.06098021469713846,-0.023505764396756997,0.10381336104106181,0.09000117304571391,0.09000117304571391,0.0,0.0,0.0,0.01591250453192794,0.012842083324085918,0.008210375616637209,-0.5470236916150487,0,1.9924092370684379
9.97568000000009,1.9719381667843157,0.9859690833921578,1.0420234291062873,0.034072795252745564,0.017036397626372782,0.11472391300097827,2.377450664983976,1.1447792298453778,1.2956101768020951,0.12774764011250717,-0.06900083511433137,0.21085903245747384,2.0947063795368823,0.8949115106750808,1.2046927900660667,0.0952411780185594,-0.046500525709793385,0.15728419598209595,0.09000117304571391,0.09000117304571391,0.0,0.0,0.0,0.014298650978581462,0.012910717249468108,0.008096663674054747,-0.5557363752410044,0,1.9924400276104295
9.97984000000009,1.972080110242573,0.9860400551212865,1.042501604350847,0.03406642998173256,0.01703321499086628,0.11476205869431028,1.8914951687251613,0.8540409052737978,0.541680604928609,0.20707674510676752,-0.08024515351791617,0.1134268740230981,1.9935291806317708,0.8743086610617268,0.8734171778339461,0.15157741051531629,-0.06320078221956217,0.13574533912076497,0.09000117304571391,0.09000117304571391,0.0,0.0,0.0,0.012711297947717415,0.012978345109646308,0.007982379358685752,-0.5644490588669601,0,1.9924709195926265
9.98400000000009,1.9722220271830189,0.9861110135915094,1.0429799109451845,0.03406006570701985,0.017030032853509926,0.11479358264096645,1.6459294027797249,1.1127588140820739,1.2152113152831263,0.10381263330502313,0.13398134435722875,0.05765675372323546,1.8199424129695376,0.9938144596360247,1.044437675790013,0.1278777514399202,0.035196764369884295,0.09617079318631365,0.09000117304571391,0.09000117304571391,0.0,0.0,0.0,0.011150080301511711,0.01304496215789513,0.007867531573265404,-0.5731617424929157,0,1.9925019152939591
9.988160000000091,1.9723639176099528,0.9861819588049764,1.0434583217580813,0.034053702464152624,0.017026851232076312,0.1148185950952436,1.9303512576948985,0.8787449803354536,1.1253664852889471,0.02762719784790235,-0.07251963359814279,-0.02401804261559913,1.8752045683755276,0.9361268834541601,1.084852693376813,0.07800089926663918,-0.0180810913386881,0.03608244649151016,0.09000117304571391,0.09000117304571391,0.0,0.0,0.0,0.009614637709611629,0.013110563726111517,0.0077521292593771395,-0.5818744261188714,0,1.9925330169307207
9.992320000000092,1.9725057815278197,0.9862528907639099,1.0439368101113633,0.03404734028806029,0.017023670144030147,0.11483720478766779,1.6726825440255717,1.0179669786996963,1.6489257593295372,0.0007000805472981569,0.03123426563543348,-0.004746512731803376,1.7739430135410523,0.9771130100657478,1.3668835352834423,0.039635121114366394,0.0063138029569306635,0.01555784958731811,0.09000117304571391,0.09000117304571391,0.0,0.0,0.0,0.008104614587050418,0.01317514522512737,0.007636181396765175,-0.5905871097448271,0,1.9925642266576005
9.996480000000092,1.9726476189412074,0.9863238094706037,1.0444153497736344,0.034040979213064586,0.017020489606532293,0.11484951894503286,1.858934095211212,1.5062666790128754,0.994245900701092,0.1472874642002016,-0.25266017499031923,0.16131427783574798,1.8167450944160297,1.2411679638845399,1.1808974462536939,0.09365074049873882,-0.12312892214403177,0.08851964118788777,0.09000117304571391,0.09000117304571391,0.0,0.0,0.0,0.006619660033835795,0.013238702145016297,0.007519697002644493,-0.5992997933707828,0,1.9925955465687102
10.000640000000093,1.9727894298548445,0.9863947149274223,1.0448939149540935,0.03403461927288753,0.017017309636443764,0.1148556433101854,1.6089880911393117,1.2402292562444805,0.793078939186699,-0.11016313072757772,0.01482952724489484,0.10839779308906591,1.7126351738012509,1.2407289972750548,0.9872114743977662,-0.007844493228559079,-0.05394156879587222,0.0982020348075339,0.09000117304571391,0.09000117304571391,0.0,0.0,0.0,0.005159427773220926,0.013301230055394435,0.007402685131008361,-0.6080124769967384,0,1.9926269786985944
10.004800000000094,1.9729312142735973,0.9864656071367987,1.0453724802964333,0.03402826050065933,0.017014130250329666,0.11485568216155088,1.5701067342877228,0.7696405984200505,0.6130754106568652,-0.01821007718139995,0.10847544047245727,0.11603146493119665,1.6413321260419798,1.0054068331980108,0.8003833891794476,-0.013048629234724643,0.027397896137046924,0.10652773959895978,0.09000117304571391,0.09000117304571391,0.0,0.0,0.0,0.003723576091652414,0.013362724605715363,0.0072851548719334224,-0.6167251606226941,0,1.9926585250232285
10.008960000000094,1.9730729722024678,0.9865364861012339,1.0458510208728182,0.034021902928926255,0.017010951464463128,0.11484973833240766,2.0300154326902433,0.7600157562022072,1.043883182095391,0.07091426888741659,-0.07158971916095869,0.32635740087315634,1.8358239499505438,0.8825613904408045,0.9228122836211619,0.02895092950469529,-0.022434526837843607,0.21715927831608708,0.09000117304571391,0.09000117304571391,0.0,0.0,0.0,0.0023117677806153147,0.013423181525559052,0.007167115350882415,-0.6254378442486498,0,1.992690187461011
10.013120000000095,1.9732147036465915,0.9866073518232957,1.0463295121779428,0.034015546589658344,0.017007773294829172,0.11483791322991699,1.4696668009219649,1.368421091642962,1.26317004212015,-0.031912959672351374,-0.1767965137896978,0.16700531686347858,1.6526783374219718,1.1251261950899907,1.0933414361642664,-0.0023917658365383565,-0.09926225430465535,0.19183285224105476,0.09000117304571391,0.09000117304571391,0.0,0.0,0.0,0.0009236700771694806,0.013482596624914855,0.007048575728004555,-0.6341505278746055,0,1.9927219678737365
10.017280000000095,1.9733564086112343,0.9866782043056171,1.0468079301231674,0.03400919151425709,0.017004595757128545,0.11482030685390332,1.433053463191881,0.8902202569436276,1.5122919081891353,0.10943379732420984,0.10872886379818628,-0.019608693391112014,1.5430922255811648,1.0078988204209505,1.30277869379592,0.05339702442873989,0.004198150256266691,0.08618545929123896,0.09000117304571391,0.09000117304571391,0.0,0.0,0.0,-0.0004410453931846803,0.01354096579445849,0.006929545197433651,-0.6428632115005611,0,1.9927538680675623
10.021440000000096,1.9734980871017909,0.9867490435508954,1.0472862510307315,0.034002837733563024,0.017001418866781512,0.11479701781539471,1.8073137274596687,1.2984422212225843,0.8088629381852758,0.07770920736382389,-0.03508748648783395,0.051435866451339046,1.6753665757163352,1.1531010154697658,1.0559248992937085,0.06549510004441979,-0.016135774328490823,0.06854632612797651,0.09000117304571391,0.09000117304571391,0.0,0.0,0.0,-0.0017827026730176665,0.013598285005823031,0.006810032986583985,-0.6515758951265168,0,1.9927858897939614
10.025600000000097,1.9736397391237819,0.9868198695618909,1.0477644516280438,0.03399648527786324,0.01699824263893162,0.11476814335492594,1.8292803780991262,0.6320809433589739,0.9727799785400392,-0.039854660334240705,-0.0062918578960965005,0.3287653078217646,1.752240956530791,0.8925738396112737,1.015035896093518,0.013163957792366492,-0.011018701411092093,0.19853496215716676,0.09000117304571391,0.09000117304571391,0.0,0.0,0.0,-0.003101621530568921,0.013654550311863842,0.006690048355444025,-0.6602885787524725,0,1.992818034750665
10.029760000000097,1.9737813646828524,0.9868906823414262,1.0482425090420462,0.0339901341768988,0.0169950670884494,0.11473377936059959,2.2901156278826984,1.2493596487455978,1.2670487955730985,0.0015344365494512693,-0.12574037351879364,0.12754343240686153,2.021185212840615,1.0707081196705823,1.1413103777580906,0.007366636089948405,-0.06857184249858067,0.16257163396408875,0.09000117304571391,0.09000117304571391,0.0,0.0,0.0,-0.004398117513080668,0.01370975784691749,0.006569600595868006,-0.6690012623784282,0,1.992850304582591
10.033920000000098,1.9739229637847684,0.9869614818923842,1.0487204007936541,0.0339837844598721,0.01699189222993605,0.11469402038592308,2.0407846171308663,0.6274396204018002,0.8966279845809708,0.052572548508649855,-0.10820359802543594,0.056646791355822235,2.0310931927784193,0.8488463745211133,1.0190850831238463,0.030547899564304103,-0.08870570293025744,0.10971675565527857,0.09000117304571391,0.09000117304571391,0.0,0.0,0.0,-0.005672502003991997,0.013763903827054561,0.006448699030865429,-0.6777139460043838,0,1.9928827008827645
10.038080000000098,1.9740645364354161,0.9870322682177081,1.0491981047922683,0.03397743615545415,0.016988718077727075,0.1146489596674054,2.0421359743019054,1.4829909375690984,1.4814211452992447,0.0028683708196210016,0.027288015183583383,0.1376767488972947,2.036620548319172,1.1659783675622444,1.250543201584067,0.0167477101083427,-0.03000261795262998,0.12346004885853043,0.09000117304571391,0.09000117304571391,0.0,0.0,0.0,-0.006925082275008654,0.013816984550326402,0.006327353013888551,-0.6864266296303395,0,1.9929152251932252
10.042240000000099,1.9742060826407986,0.9871030413203993,1.0496755993303597,0.03397108929179172,0.01698554464589586,0.1145986891419349,2.0057629602956544,0.9605121012941198,1.0270077544165814,-0.07158948066014165,0.05407214600838395,0.20995592554874504,2.021043339217374,1.0633580126692048,1.1392107794646122,-0.027754161100668247,0.011189121139754832,0.16662386560322226,0.09000117304571391,0.09000117304571391,0.0,0.0,0.0,-0.008156161540528784,0.013868996397005763,0.006205571928117893,-0.6951393132562952,0,1.9929478790059214
10.0464000000001,1.974347602407034,0.987173801203517,1.050152863078126,0.033964743896514486,0.016982371948257243,0.11454329946392829,1.8279673620948709,0.9023106550020427,0.8391127501595232,0.1536987200834899,0.10207643302911942,0.016716547358312753,1.9248244181004865,0.9830440253228546,0.9891955528075581,0.06260983611653448,0.05734706116574377,0.091142225006916,0.09000117304571391,0.09000117304571391,0.0,0.0,0.0,-0.009366039009719107,0.013919935829821293,0.006083365185745819,-0.7038519968822509,0,1.9929806637635965
10.0505600000001,1.9744890957403538,0.9872445478701769,1.0506298750782188,0.03395839999674206,0.01697919999837103,0.11448288002226069,1.7521023063007162,0.7719734656662692,1.384904697514068,0.05710857917428261,0.10884823920937743,0.027018596748533172,1.838580758958841,0.8777345396669756,1.1871082893107026,0.059945535064710745,0.08267604198142348,0.05947048924760929,0.09000117304571391,0.09000117304571391,0.0,0.0,0.0,-0.010555009939231641,0.013969799394185923,0.005960742227258262,-0.7125646805082065,0,1.9930135808606615
10.054720000000101,1.9746305626471,0.98731528132355,1.0511066147405395,0.03395205761909091,0.016976028809545456,0.11441751895697405,1.4269696830908878,1.3479444961612483,1.0954634887431636,0.18193753348322966,0.00272147665904565,0.12358895813431384,1.6331519313009006,1.1128473220013237,1.1415432314463545,0.12037319386238612,0.0432552966004824,0.09108215999570433,0.09000117304571391,0.09000117304571391,0.0,0.0,0.0,-0.011723365683778686,0.014018583718419068,0.005837712520714618,-0.7212773641341622,0,1.993046631644058
10.058880000000102,1.9747720031337235,0.9873860015668617,1.0515830618371051,0.03394571678968128,0.01697285839484064,0.11434730317577269,2.4102437105678955,0.803241983662837,0.45421096518184667,0.004635777603870836,-0.06622972926862142,0.15800961734195737,2.021712457474773,0.9579059042535872,0.7982009106593914,0.06272511016454962,-0.012044612364779068,0.12455769528519277,0.09000117304571391,0.09000117304571391,0.0,0.0,0.0,-0.012871393747556803,0.014066285513962676,0.005714285561025878,-0.7299900477601179,0,1.9930798174141073
10.063040000000102,1.9749134172067824,0.9874567086033912,1.0520591964969814,0.03393937753414393,0.016969688767071965,0.11427231837030259,1.7516115298155557,1.0531862851785196,1.046797457230426,0.0001330277589603815,0.09199929396774142,0.2386308882618946,1.8866603125407182,1.005737750314749,0.9229960669631945,0.031465660990030744,0.04014713968951238,0.18216487891225766,0.09000117304571391,0.09000117304571391,0.0,0.0,0.0,-0.013999377833523008,0.014112901575591074,0.005590470869231042,-0.7387027313860736,0,1.9931131394253525
10.067200000000103,1.975054804872939,0.9875274024364695,1.0525349992012825,0.03393303987762689,0.016966519938813446,0.11419264903222338,1.6728761599956374,0.2609479900753685,1.3198649451535902,-0.05090796612182682,-0.0939317279718345,0.1859854147014664,1.7796593452110168,0.633141561502761,1.1218208149137692,-0.008990769913618225,-0.026536657267561305,0.18374431587514697,0.09000117304571391,0.09000117304571391,0.0,0.0,0.0,-0.015107597893300961,0.014158428781614614,0.005466277991771884,-0.7474154150120292,0,1.9931465988873855
10.071360000000103,1.975196166138959,0.9875980830694795,1.053010450778237,0.0339267038448021,0.01696335192240105,0.1141083784690702,2.0794743313139428,1.2539278969659238,0.7775866817182236,0.033647758595735384,0.03235545222492782,0.14177365477378628,1.9296375563373172,0.9436055100981149,0.9499963145949857,0.012982702803881035,0.0033198602832831808,0.16271840641863813,0.09000117304571391,0.09000117304571391,0.0,0.0,0.0,-0.016196330175576257,0.014202864094077106,0.005341716499766089,-0.7561280986379849,0,1.9931801969656664
10.075520000000104,1.9753375010117085,0.9876687505058542,1.0534855323983199,0.03392036945987193,0.016960184729935966,0.11401958881991188,2.2825447762716142,0.5057110211957507,1.0573554267925946,-0.07045270746892976,-0.0011015927062270683,0.08304321100188197,2.105946966344844,0.7246522057458766,1.0038493871234335,-0.028667230177774936,0.0014481473086290124,0.12286776796223861,0.09000117304571391,0.09000117304571391,0.0,0.0,0.0,-0.01726584727468844,0.01424620455894701,0.005216795988278848,-0.7648407822639406,0,1.993213934782329
10.079680000000105,1.9754788094981526,0.9877394047490763,1.0539602255694482,0.03391403674657572,0.01695701837328786,0.11392636107080469,2.035678090726308,1.1281102041992803,1.0306020568892686,0.1518677363132929,0.03581052908558634,0.07463318272463804,2.071127379236667,0.9264593995402038,1.0173810098644143,0.06184742195227521,0.018200868366219248,0.09881808591863245,0.09000117304571391,0.09000117304571391,0.0,0.0,0.0,-0.018316418177921567,0.014288447306302385,0.005091526075592945,-0.7735534658898963,0,1.9932478134169787
10.083840000000105,1.9756200916053535,0.9878100458026767,1.05443451213224,0.03390770572819614,0.01695385286409807,0.11382877507004673,2.06812841464601,0.8404882332723426,0.5899379447465525,-0.020645150679582627,0.08844084557090331,0.03494060139889374,2.0695850158382174,0.8836561541895641,0.8037288670624197,0.020567373003333056,0.053804421446418345,0.06702510991968796,0.09000117304571391,0.09000117304571391,0.0,0.0,0.0,-0.019348308311916085,0.014329589550509583,0.004965916402477384,-0.7822661495158519,0,1.9932818339074758
10.088000000000106,1.9757613473404683,0.9878806736702341,1.054908374255337,0.033901376427565556,0.016950688213782778,0.11372690954323712,2.068483579282353,0.7543448942304768,0.8991754908195816,0.1076961576614231,0.036910519257889296,0.009529725729008717,2.069258012004878,0.8190759051652576,0.8514732665787537,0.06426213280436834,0.04559271762486813,0.03799346038274697,0.09000117304571391,0.09000117304571391,0.0,0.0,0.0,-0.02036177958991242,0.014369628590395655,0.004839976631454633,-0.7909788331418076,0,1.9933159972507124
10.092160000000106,1.9759025767107476,0.9879512883553738,1.0553817944307875,0.03389504886707227,0.016947524433536136,0.11362084210813604,1.5604917804912453,1.2564378972571721,1.029245254766652,0.022231525557049187,0.06395053767317291,0.15213665993555275,1.8149186303207268,1.037891010483907,0.9406779204348044,0.04274308560371009,0.055715980726799993,0.0945884678153821,0.09000117304571391,0.09000117304571391,0.0,0.0,0.0,-0.021357090456401773,0.014408561809414496,0.00471371644606652,-0.7996915167677633,0,1.9933503044033758
10.096320000000107,1.9760437797235337,0.9880218898617669,1.055854755469493,0.03388872306866673,0.016944361534333364,0.11351064928933673,1.9426357127105855,1.1274348032676764,1.2898739947332158,-0.046555894550547934,0.20754512888813131,0.1340603563120788,1.878680941341001,1.0830951549540564,1.1155567718758126,-0.0017617436594427516,0.13165273300626482,0.11454828454713326,0.09000117304571391,0.09000117304571391,0.0,0.0,0.0,-0.022334495933029996,0.014446386675806666,0.004587145550138829,-0.808404200393719,0,1.9933847562827014
10.100480000000108,1.9761849563862581,0.9880924781931291,1.0563272404967128,0.033882399053867585,0.016941199526933792,0.11339640653274409,2.468743744983776,0.7509488631099648,1.3281436527634878,0.12882644935780313,-0.03801108514541399,0.16093849066627722,2.173983904586842,0.9169415945962763,1.2221879141269745,0.06377537660570794,0.046364449091770635,0.13703509885185208,0.09000117304571391,0.09000117304571391,0.0,0.0,0.0,-0.023294247662974055,0.014483100742752929,0.004460273667044668,-0.8171168840196746,0,1.9934193537672176
10.104640000000108,1.9763261067064406,0.9881630533532203,1.0567992329476288,0.03387607684376779,0.016938038421883895,0.11327818821986638,1.180142670635413,1.055437660681628,1.4922187150341502,0.06307432440345509,-0.07175498147007991,0.02301689622569364,1.6771879237429315,0.9860412693374072,1.3572522455451088,0.06323363574887629,-0.0126496478540319,0.08043385357388198,0.09000117304571391,0.09000117304571391,0.0,0.0,0.0,-0.02423659395442823,0.014518701648521447,0.004333110538966647,-0.8258295676456303,0,1.9934540976974768
10.108800000000109,1.9764672306916866,0.9882336153458433,1.0572707165629702,0.03386975645904051,0.016934878229520254,0.11315606768192346,1.9247221148114426,1.3864686177944967,1.237277451455731,-0.10567830845554393,0.15554400322731407,0.1005805034221434,1.8007358876872421,1.1865804817265848,1.2974729186202112,-0.02070381045843918,0.07181667230356106,0.09064767745816021,0.09000117304571391,0.09000117304571391,0.0,0.0,0.0,-0.025161779824910135,0.014553187116608655,0.004205665926157936,-0.834542251271586,0,1.9934889888767806
10.11296000000011,1.9766083283496865,0.9883041641748432,1.0577416753846942,0.03386343791994505,0.016931718959972523,0.1130301172137685,0.9459424898987081,1.5575282373503856,1.0997570184086056,0.001268333043394597,0.05816093850779586,0.02951109112220035,1.3733370030734906,1.3721766883270266,1.198675979394682,-0.010275757287911245,0.06558590443717303,0.05959660039284622,0.09000117304571391,0.09000117304571391,0.0,0.0,0.0,-0.02607004704253274,0.014586554955873817,0.004077949606202233,-0.8432549348975417,0,1.9935240280718896
10.11712000000011,1.9767493996882128,0.9883746998441064,1.058212093751726,0.03385712124633265,0.016928560623166326,0.11290040808763549,2.450470162045579,1.0290129664460752,1.0853085929404234,-0.0022838173727882938,-0.0423593859771764,0.016638997952755558,1.9119041772110064,1.200504388735743,1.142026736111766,-0.005226159000943178,0.011587026230529155,0.037815408793909884,0.09000117304571391,0.09000117304571391,0.0,0.0,0.0,-0.026961634170445115,0.014618803060667193,0.003949971373272727,-0.8519676185234973,0,1.9935592160137277
10.12128000000011,1.9768904447151197,0.9884452223575598,1.058681956295754,0.03385080645765226,0.01692540322882613,0.11276701056669959,1.6286907336656922,0.9738302392057454,1.3535792139112108,0.13746453247249235,0.1389907424770146,0.12236675821225047,1.7705797347976315,1.0874546637159357,1.248060166084297,0.06690876760220625,0.0753580522888383,0.07951278293993892,0.09000117304571391,0.09000117304571391,0.0,0.0,0.0,-0.027836776606310287,0.014649929410951865,0.0038217410373900746,-0.860680302149453,0,1.993594553398074
10.125440000000111,1.9770314634383404,0.9885157317191702,1.0591512479370808,0.03384449357295618,0.01692224678647809,0.11262999391847087,1.9570237806857118,0.9824840045728431,1.3438360464827308,-0.03700924904408814,-0.08222730595993415,0.10452240178944078,1.8637253922196417,1.0347988832734816,1.296166535042064,0.015289149070437375,-0.004056393444908183,0.09184528745653439,0.09000117304571391,0.09000117304571391,0.0,0.0,0.0,-0.028695706625587625,0.014679932072419221,0.0036932684236794812,-0.8693929857754087,0,1.9936300408862455
10.129600000000112,1.9771724558658859,0.9885862279329429,1.0596199538805309,0.03383818261090571,0.016919091305452855,0.11248942642800558,1.6444004026695325,1.5349040028386889,0.9807770299235252,0.004924071769232385,0.1381855633711202,0.1973053042730829,1.7540703201311407,1.285142087299136,1.1388803659602147,0.010724917028951697,0.06718876374735915,0.14437567305161744,0.09000117304571391,0.09000117304571391,0.0,0.0,0.0,-0.02953865342049089,0.014708809196598019,0.0035645633716269117,-0.8781056694013644,0,1.9936656791057696
10.133760000000112,1.9773134220058433,0.9886567110029216,1.06008805961141,0.033831873589776656,0.016915936794888328,0.11234537541095312,2.2756692648420813,1.2095874342791746,1.4291038630116055,-0.0021147747461584196,0.22265739280955665,0.10665646317102381,2.0148690175598203,1.2478269268960487,1.2842150420924123,0.004318461057761358,0.14511801271132257,0.1259731459023584,0.09000117304571391,0.09000117304571391,0.0,0.0,0.0,-0.0303658431410338,0.014736559020957102,0.0034356357343344997,-0.88681835302732,0,1.9937014686510472
10.137920000000113,1.9774543618663745,0.9887271809331872,1.06055555089152,0.03382556652746482,0.01691278326373241,0.11219790722642979,1.976117995011427,0.7894665527957458,0.758235830259707,-0.03153261785472107,-0.12454473774632727,0.033222375239041355,1.9954284733681282,1.0183859751314273,1.0212898352054491,-0.014001556695647226,0.009586442920469956,0.08009511727731776,0.09000117304571391,0.09000117304571391,0.0,0.0,0.0,-0.031177498934314152,0.014763179869001709,0.003306495377775211,-0.8955310366532757,0,1.9937374100840066
10.142080000000114,1.977595275455714,0.988797637727857,1.0610224137552273,0.033819261441491395,0.016909630720745698,0.1120470872897269,2.1080987331856376,0.8774447152884555,1.4387477134350921,0.07878537012973513,-1.890957115210576e-05,0.17360463709340698,2.051928689328682,0.9479145767443912,1.230382901349722,0.03218095612140328,0.004660757843261891,0.1267894231975237,0.09000117304571391,0.09000117304571391,0.0,0.0,0.0,-0.03197384098417172,0.014788670150363387,0.0031771521800468046,-0.9042437202792314,0,1.9937735039347457
10.146240000000114,1.9777361627821681,0.9888680813910841,1.061488634505581,0.0338129583490083,0.01690647917450415,0.11189298008485146,1.674525045636469,1.0497110097342026,1.4433432750217257,0.18826659477289787,0.19443458105101186,0.1288685359996587,1.8636154958975886,0.999218627753338,1.337130865476389,0.11036753279532921,0.09919705160698332,0.12867305303479887,0.09000117304571391,0.09000117304571391,0.0,0.0,0.0,-0.032755086549079326,0.014813028360883518,0.0030476160306251573,-0.9129564039051871,0,1.9938097507021684
10.150400000000115,1.9778770238541132,0.9889385119270566,1.0619541997104847,0.03380665726680346,0.01690332863340173,0.11173564917690708,1.6932805935808193,1.1123845543706898,1.1554380599895446,0.20321638429748418,0.09592640792813796,0.1641103184754617,1.7788697436025684,1.0560012353939494,1.246623395840571,0.15668666852113455,0.09788490856067308,0.14693766166934932,0.09000117304571391,0.09000117304571391,0.0,0.0,0.0,-0.033521450000402464,0.014836253082690412,0.002917896829617006,-0.9216690875311427,0,1.9938461508546086
10.154560000000115,1.9780178586799937,0.9890089293399968,1.0624190961989193,0.03380035821130598,0.01690017910565299,0.11157515722431326,1.9177248577344919,0.6304223847929099,1.0747647413541963,0.13035841911040952,-0.14525974874203199,0.24198189716276913,1.8485704038761044,0.8429060727092528,1.1611968226892377,0.14304826978716303,-0.023372129613597047,0.19414530355306883,0.09000117304571391,0.09000117304571391,0.0,0.0,0.0,-0.03427314286081423,0.01485834298427001,0.0027880044870121517,-0.9303817711570984,0,1.9938827048304462
10.158720000000116,1.9781586672683211,0.9890793336341606,1.0628833110572145,0.03379406119859133,0.016897030599295666,0.11141156599086267,2.1863942036512207,0.9871034215751072,1.2312158655986318,0.1791722385096569,0.07221294156461049,0.009600309730069811,2.0178581121667887,0.9151571529077959,1.1962269788830102,0.1607370027652148,0.02383924132549065,0.10179978786438203,0.09000117304571391,0.09000117304571391,0.0,0.0,0.0,-0.03501037384008149,0.014879296820530146,0.0026579489219351916,-0.9390944547830541,0,1.9939194130387128
10.162880000000117,1.9782994496276727,0.9891497248138363,1.0633468316253711,0.03378776624438637,0.016893883122193185,0.11124493635762732,1.6743743454358315,0.5125989111826406,1.2218211468129248,-0.11593805686677253,0.26743994006877775,0.051053032356889,1.8458741238735188,0.7144322871938745,1.2091308262227198,0.021721704507595422,0.14523704659435377,0.07623950603432127,0.09000117304571391,0.09000117304571391,0.0,0.0,0.0,-0.035733348872924564,0.014899113432858418,0.0025277400618968324,-0.9478071384090098,0,1.993956275859691
10.167040000000117,1.9784402057666897,0.9892201028833448,1.0638096454934325,0.03378147336407438,0.01689073668203719,0.11107532833470483,2.2141208347882624,1.3477971300715677,1.1943981135173665,0.03812353332386982,-0.11062677705302323,0.18623364344478177,2.0300788752492505,1.0308896235968696,1.2021531137142996,0.030150795408475952,0.017040949385373722,0.13056291314746976,0.09000117304571391,0.09000117304571391,0.0,0.0,0.0,-0.036442271154673966,0.014917791749173594,0.0023973878420448336,-0.9565198220349654,0,1.993993293645501
10.171200000000118,1.978580935694076,0.989290467847038,1.0642717404979025,0.03377518257270002,0.01688759128635001,0.11090280107281425,2.153381089977499,1.4962748133716572,0.6739649679498154,0.08938477633841244,0.25342454471059755,0.1320921536249092,2.091915676494384,1.2641119054611316,0.9383300517070177,0.06028650106735043,0.1355471028676725,0.1313471355007353,0.09000117304571391,0.09000117304571391,0.0,0.0,0.0,-0.03713734117642997,0.014935330783970628,0.0022669022044146405,-0.9652325056609211,0,1.9940304667206812
10.175360000000119,1.9787216394185967,0.9893608197092983,1.064733104718214,0.03376889388497419,0.016884446942487096,0.11072741287474328,1.847801914379474,1.2175338531929525,0.6228920344999238,0.017811472285112966,-0.15532399578296435,0.12197827127610125,1.9698941523061393,1.2405013799858893,0.780861720669917,0.03904318998275357,-0.010781490737967445,0.12706067367867668,0.09000117304571391,0.09000117304571391,0.0,0.0,0.0,-0.0378187567618643,0.01495172963835921,0.0021362930971797643,-0.9739451892868768,0,1.994067795382759
10.17952000000012,1.978862316949077,0.9894311584745386,1.0651937264732416,0.033762607315278866,0.016881303657639433,0.11054922120664024,2.4035257328992863,0.986001994446561,0.8703956105453048,0.04471838515581979,0.10216287112139967,0.10584677619139998,2.186807285622537,1.1134633624878258,0.8258505573196914,0.04125737952802734,0.045221700373874414,0.11592280177279617,0.09000117304571391,0.09000117304571391,0.0,0.0,0.0,-0.038486713100100434,0.014966987500095903,0.002005570473901963,-0.9826578729128325,0,1.9941052799028132
10.18368000000012,1.9790029682944008,0.9895014841472004,1.065653594317863,0.033756322877671836,0.016878161438835918,0.11036828270916699,1.3110438742240054,1.1639644560699616,1.1981569791408904,-0.1455758030432492,0.0703686855930553,-0.00637346270791278,1.7486165023421698,1.1388612611848927,1.0119933968710173,-0.052072242696680565,0.057488873416386144,0.05464783749637603,0.09000117304571391,0.09000117304571391,0.0,0.0,0.0,-0.03914140278194195,0.01498110364360984,0.0018747442927812667,-0.9913705565387881,0,1.9941429205260257
10.18784000000012,1.9791435934635087,0.9895717967317543,1.0661126970395651,0.033750040585891435,0.016875020292945717,0.11018465320849898,1.7377225353462584,1.0113243682829345,0.8448699190592666,0.07672095412128291,-0.15497710722087532,0.15957817682680103,1.7433291395947446,1.0747700959093747,0.928763013283533,0.012258591744234939,-0.04898127054695369,0.10681452038383232,0.09000117304571391,0.09000117304571391,0.0,0.0,0.0,-0.039783015832176805,0.014994077430021974,0.0017438245159059245,-1.000083240164744,0,1.9941807174722295
10.192000000000121,1.9792841924653977,0.9896420962326988,1.0665710236550952,0.03374376045336116,0.01687188022668058,0.10999838772718869,1.994930334190037,1.2513205685988285,1.256989998784527,-0.019437403158870777,0.021084555141760258,0.07175294016117728,1.869091208993788,1.163090839912662,1.09302771439335,-0.0036550593032774626,-0.014153344769717077,0.08944581933932548,0.09000117304571391,0.09000117304571391,0.0,0.0,0.0,-0.04041173974415557,0.015005908307157907,0.0016128211085023173,-1.0087959237906996,0,1.9942186709364418
10.196160000000122,1.9794247653091193,0.9897123826545596,1.0670285634071572,0.033737482493194255,0.016868741246597128,0.10980954049488306,1.584104985079561,0.9720265368284637,0.8435531767190362,0.014567509902463381,0.03500075515296318,0.10092052014327806,1.726625105892897,1.0676303754558256,0.9684988897600666,0.006078682911427824,0.010313091055995217,0.09504868841283219,0.09000117304571391,0.09000117304571391,0.0,0.0,0.0,-0.041027759511939266,0.015016595809554263,0.0014817440381848788,-1.0175086074166553,0,1.9942567810893945
10.200320000000122,1.9795653120037784,0.9897826560018892,1.0674853057611526,0.03373120671819824,0.01686560335909912,0.10961816495890507,1.8880340246760408,0.9789381136764543,0.7794996235487702,-0.06549261503788663,0.0351565408014142,0.12480475226965125,1.8071943070493508,1.023356915484079,0.8742564521269109,-0.029623067707817013,0.022652945868547106,0.11044039877350124,0.09000117304571391,0.09000117304571391,0.0,0.0,0.0,-0.041631257663649,0.015026139558458633,0.0013506032742061007,-1.026221291042611,0,1.9942950480780548
10.204480000000123,1.979705832558532,0.989852916279266,1.067941240401964,0.03372493314087934,0.01686246657043967,0.10942431379469436,1.7472420393752248,1.2267671956977553,1.3990005847117235,-0.01729454847459347,0.011153439326310957,0.15508939258097776,1.7771808873571289,1.1250856302375836,1.1369552391719164,-0.023029640484867595,0.017407626455815648,0.13253727553559339,0.09000117304571391,0.09000117304571391,0.0,0.0,0.0,-0.04222241429366508,0.015034539261823082,0.00121940878670667,-1.0349339746685666,0,1.9943334720261336
10.208640000000123,1.979846326982588,0.989923163491294,1.068396357230781,0.03371866177344695,0.016859330886723475,0.10922803891611188,2.121634404616754,1.1555577466816231,0.9332173968544424,0.030611598785885645,-0.11193652129993972,0.04032637625167003,1.9494747795869047,1.1400883515700113,1.0351681423366597,0.0032816782636930285,-0.04690736537184358,0.08673955421127043,0.09000117304571391,0.09000117304571391,0.0,0.0,0.0,-0.04280140709345803,0.015041794714291214,0.0010881705459657935,-1.0436466582945223,0,1.9943720530345936
10.212800000000124,1.9799867952852037,0.9899933976426019,1.0688506463619711,0.03371239262781792,0.01685619631390896,0.10902939148561404,1.893528152825965,1.3031549954911315,1.4518357055521673,0.1790743033680961,0.19786384561783435,0.0549397223896599,1.9218739214643714,1.2220350317979667,1.2436190812675814,0.09098527106017042,0.07514225678919277,0.0708567357584043,0.09000117304571391,0.09000117304571391,0.0,0.0,0.0,-0.04336841138404379,0.015047861064119573,0.0009577133529102202,-1.0522510872685211,0,1.9944107911821416
10.216960000000125,1.9801272374756855,0.9900636187378428,1.069304098119989,0.0337061257156209,0.01685306285781045,0.10882842192428989,2.056684341058891,0.6728233476347288,0.9404780870647556,0.07276529114360897,0.007322423415337892,0.24208031954358677,1.9894313435104212,0.9474413054338594,1.0925506453952778,0.08191528554477347,0.040886442135559566,0.15613904677472681,0.09000117304571391,0.09000117304571391,0.0,0.0,0.0,-0.04392360014642871,0.015052725171187926,0.0008287092449713603,-1.0607135186440992,0,1.9944496865257182
10.221120000000125,1.9802676535633863,0.9901338267816931,1.0697567030363297,0.03369986104820053,0.016849930524100266,0.10862517992176947,1.6385825029288688,0.8412141737589774,1.306570047980801,0.030201462396945634,-0.12792114883476094,0.1571280010621187,1.8140674101339394,0.8940607385743722,1.1998890004595169,0.05600214989994417,-0.0434173879808953,0.15647261791952913,0.09000117304571391,0.09000117304571391,0.0,0.0,0.0,-0.04446714405196356,0.015056408383515586,0.0007014817974519205,-1.0690363149603745,0,1.9944887391009773
10.225280000000126,1.9804080435577056,0.9902040217788528,1.0702084518465214,0.03369359863662167,0.016846799318310835,0.10841971444600383,1.9145493842560344,1.1173362124400752,1.091609645664808,0.0051617310479540116,0.15147047787281792,0.17628964093159416,1.864320328358959,1.0060163610179826,1.1461148252849978,0.03034872155121015,0.053403910931961694,0.1665805702436867,0.09000117304571391,0.09000117304571391,0.0,0.0,0.0,-0.044999211493035485,0.01505894828445593,0.0005761801689958565,-1.0772217994439357,0,1.9945279489227605
10.229440000000126,1.9805484074680877,0.9902742037340438,1.0706593354871585,0.03368733849167348,0.01684366924583674,0.10821207375291539,2.1423037058715884,0.8270103397450295,0.9418052278924479,0.0034380679203569464,-0.12325010417461515,-0.04560515257872674,2.0033208496233517,0.9162554680329228,1.043864177290983,0.017021941492984208,-0.03478046250873637,0.06029080217231651,0.09000117304571391,0.09000117304571391,0.0,0.0,0.0,-0.04551996861259833,0.015060389596582359,0.00045286615070729626,-1.0852722566630015,0,1.9945673159855581
10.233600000000127,1.9806887453040205,0.9903443726520103,1.071109345092975,0.03368108062387351,0.016840540311936755,0.1080023053959233,2.2067170792354442,0.8970337801909325,0.8662152748116836,0.16755586692986474,0.06381932036736349,0.231532971321267,2.105367605704225,0.9067758379631745,0.9555200732196505,0.09290114495803845,0.01518339437206482,0.1458968785110966,0.09000117304571391,0.09000117304571391,0.0,0.0,0.0,-0.0460295793331808,0.01506077966333607,0.0003315577154253419,-1.0931899331706982,0,1.99460684026397
10.237760000000128,1.9808290570750349,0.9904145285375174,1.0715584719939555,0.03367482504347175,0.016837412521735876,0.10779045623534625,1.3637804112842071,1.0826129156218371,1.216061845771428,-0.030090719286937885,-0.05062226141561922,0.045126921960904384,1.7345056696236132,0.9945901959655161,1.0858854123612158,0.031683219661912385,-0.017658284510771154,0.09611119996029069,0.09000117304571391,0.09000117304571391,0.0,0.0,0.0,-0.04652820538622654,0.015060166218956141,0.00021225081549451925,-1.1009770381376294,0,1.994646521713155
10.241920000000128,1.9809693427907034,0.9904846713953517,1.0720067077124875,0.03366857176045456,0.01683428588022728,0.10757657244768114,1.9264133908877308,0.5271155089708401,1.2055661279291026,0.07624611034944631,-0.06803698891985518,0.027937099944397303,1.830619327783568,0.7607073481169787,1.1457856141535534,0.054026742711963636,-0.04249905284498096,0.06159662922717682,0.09000117304571391,0.09000117304571391,0.0,0.0,0.0,-0.0470160063413384,0.015058596301940442,9.493030328314141e-05,-1.1086357439739227,0,1.9946863602692717
10.246080000000129,1.981109602460639,0.9905548012303195,1.072454043960549,0.033662320784548595,0.016831160392274298,0.10736069953475806,2.5723684559553734,0.8024907138487329,1.4883413182264067,0.032383503851194886,-0.04625390787049703,0.09037964588437622,2.201566474274062,0.7815033546977165,1.3172537685928123,0.0431895443511851,-0.04449073627461822,0.07602556020414676,0.09000117304571391,0.09000117304571391,0.0,0.0,0.0,-0.047493139633070836,0.015056115739652513,-2.042458834546394e-05,-1.1161681869409237,0,1.9947263558499169
10.25024000000013,1.9812498360944941,0.9906249180472471,1.0729004726369356,0.03365607212522468,0.01682803606261234,0.107142882332782,2.273103309803911,0.8867858840404395,1.366086536185473,0.12154158825636613,0.13531198657732854,0.13919020808088245,2.2375879157875342,0.8344274468441627,1.3419608078342753,0.08249508845536851,0.04508860962267149,0.10721813482124325,0.09000117304571391,0.09000117304571391,0.0,0.0,0.0,-0.047959760590188194,0.015052768917875325,-0.00013383748693122425,-1.1235764677527125,0,1.994766508354551
10.25440000000013,1.9813900437019596,0.9906950218509798,1.073345985824524,0.03364982579170161,0.016824912895850804,0.10692316502125075,1.5786470680830937,1.0792506196526375,1.1143700911986767,-0.0360396257158128,0.10177759138101876,0.04732431096580171,1.908039382488688,0.95705093022575,1.2282623642187844,0.022531920789709493,0.07415582452668276,0.07723943700824915,0.09000117304571391,0.09000117304571391,0.0,0.0,0.0,-0.048416022462469566,0.01504859869220783,-0.00024533348327443916,-1.13086265216761,0,1.994806817664921
10.25856000000013,1.9815302252927636,0.9907651126463818,1.073790575787573,0.033643581792949934,0.016821790896474967,0.10670159113175942,2.4239444796661163,0.7872243012793859,0.9177151474065383,0.13575149926431737,0.09156698875205348,0.1724208129858963,2.1662791630301665,0.8723258079196013,1.0733455571064465,0.07852728889606021,0.08337774315183699,0.12465859168859908,0.09000117304571391,0.09000117304571391,0.0,0.0,0.0,-0.048862076448266345,0.015043646369749804,-0.00035493841647799267,-1.1380287715698425,0,1.9948472836454747
10.262720000000131,1.9816703808766707,0.9908351904383353,1.0742342349690592,0.03363734013769564,0.01681867006884782,0.10647820355668838,2.343387492780078,1.2964687738035268,0.5124727729758369,0.10075993924365659,0.19678191325217675,0.2052568670459669,2.2550416119314685,1.0848102420014192,0.7933336486255333,0.09086016588601818,0.1397443738910476,0.16424094414055493,0.09000117304571391,0.09000117304571391,0.0,0.0,0.0,-0.049298071720885184,0.015037951725296985,-0.00046267850122246523,-1.1450768235415265,0,1.994887906143768
10.266880000000132,1.981810510463481,0.9909052552317404,1.07467695598805,0.03363110083442386,0.01681555041721193,0.1062530445577796,1.8821003142111379,1.1202537227512293,0.8962354394131279,0.05118895943589628,-0.04122207828592574,0.06670589956535125,2.0686753993723888,1.1024471230571131,0.8449232121225893,0.07075090474218643,0.04896817105545335,0.1158635060898087,0.09000117304571391,0.09000117304571391,0.0,0.0,0.0,-0.04972415545529274,0.01503155303415846,-0.0005685801272358518,-1.1520087724251364,0,1.994928684990865
10.271040000000133,1.9819506140630283,0.9909753070315142,1.075118731637111,0.033624863891382445,0.016812431945691222,0.10602615577459995,2.438648043653883,1.2796380047218148,1.1279666484623698,-0.21948783247646933,0.00015712812856110217,0.11296847555162301,2.2532083078139875,1.1910441734370152,0.9866824629766928,-0.07460267948244671,0.024545176434477678,0.11413683307485292,0.09000117304571391,0.09000117304571391,0.0,0.0,0.0,-0.05014047285449996,0.015024487112654625,-0.0006726697458794608,-1.1588265498766124,0,1.9949696200017326
10.275200000000133,1.9820906916851808,0.9910453458425904,1.0755595548797479,0.03361862931658557,0.016809314658292784,0.10579757823289287,2.2169116752313225,0.6947738130257746,1.58507426186586,-0.08400437661381771,-0.021886059417528598,0.14840486609899403,2.234884606681815,0.942860794829117,1.286190708844998,-0.07910857305821838,0.0009494900687182829,0.131518026859676,0.09000117304571391,0.09000117304571391,0.0,0.0,0.0,-0.050547167174767926,0.015016789361828558,-0.0007749738012543586,-1.165532055409264,0,1.9950107109756283
10.279360000000134,1.9822307433398383,0.9911153716699191,1.0759994188478845,0.03361239711781722,0.01680619855890861,0.1055673523528234,2.0613284924059627,0.9707554530270127,1.2518552402419052,-0.0827296331713194,-0.02389969079946821,0.2327879515672966,2.14793405821875,0.9567590822619249,1.2695071507816065,-0.08130275290003242,-0.011701332269855874,0.18203863915299673,0.09000117304571391,0.09000117304571391,0.0,0.0,0.0,-0.05094437975198712,0.01500849381214214,-0.0008755186844768192,-1.1721271569286251,0,1.9950519576964798
10.283520000000134,1.9823707690369325,0.9911853845184663,1.0764383168393725,0.033606167302634715,0.016803083651317358,0.10533551795711159,2.4320861961846614,1.1373127748346037,1.6886599954443757,0.24734323298837585,0.18284666084801401,0.07280848807531352,2.290526401503188,1.0474181022994937,1.479237851379328,0.08308613262239811,0.08527431040677151,0.12747588942117288,0.09000117304571391,0.09000117304571391,0.0,0.0,0.0,-0.05133225002580666,0.014999633168048416,-0.0009743307003959278,-1.178613691258406,0,1.995093359933261
10.287680000000135,1.9825107687864258,0.9912553843932129,1.0768762423155354,0.03359993987837208,0.01679996993918604,0.10510211427906374,2.270261649001596,0.7309741479971136,1.423398472399515,-0.00750867442997806,0.07212947643123944,0.2267751694304868,2.280377285944956,0.8893426767571417,1.4517894677400567,0.03826559359491784,0.0793092102001039,0.17711396541928523,0.09000117304571391,0.09000117304571391,0.0,0.0,0.0,-0.051710915564718796,0.01499023885189281,-0.0010714360413413065,-1.184993464657696,0,1.9951349174403588
10.291840000000136,1.9826507425983098,0.9913253712991549,1.0773131888987457,0.03359371485214348,0.01679685742607174,0.10486717997049746,2.0756040465891945,0.8704134557613209,1.3535135860357386,0.0009724205363472183,-0.02065607415576244,-0.012530853863972083,2.1779908279397406,0.8798361798437918,1.4026259950218027,0.019827209138118657,0.028751115678661596,0.081717247754734,0.09000117304571391,0.09000117304571391,0.0,0.0,0.0,-0.052080512090816655,0.014980341046877137,-0.0011668607651487597,-1.1912682533295593,0,1.9951766299579348
10.296000000000136,1.982790690482605,0.9913953452413025,1.0777491503700356,0.03358749223084653,0.016793746115423266,0.10463075310956199,1.5871198534673894,1.1417461480467215,1.502226681804434,-0.06463407475250119,-0.0008014880342996737,0.08791750023654668,1.8824150732063476,1.0107891748560043,1.452610076629924,-0.02158257980046153,0.015012779336986476,0.08473262819178273,0.09000117304571391,0.09000117304571391,0.0,0.0,0.0,-0.05244117350422306,0.014969968738961743,-0.0012606307760438399,-1.1974398039211664,0,1.9952184972122826
10.300160000000137,1.9829306124493598,0.9914653062246799,1.0781841206667375,0.03358127202116561,0.016790636010582807,0.10439287120845508,2.040027752479336,1.3133590091780099,1.144708404350739,0.016977515656018016,0.1307847745429635,0.2602334858317805,1.9612556469161238,1.1623468223569104,1.2991982109766786,-0.001256024855089985,0.07357195194043913,0.1725454193595979,0.09000117304571391,0.09000117304571391,0.0,0.0,0.0,-0.05279303190590484,0.014959149757652364,-0.0013527718076316339,-1.2035098340156052,0,1.995260518916176
10.304320000000137,1.9830705085086497,0.9915352542543249,1.0786180938801586,0.033575054229575095,0.016787527114787548,0.10415357122104331,1.9035395165165474,0.6517514170163954,1.3716353317079926,0.047382307482779565,0.009511129129752337,0.14869275624744221,1.9324960037158023,0.9070661913352375,1.3357268723677254,0.022929218518872776,0.04113132080681888,0.16046792756275427,0.09000117304571391,0.09000117304571391,0.0,0.0,0.0,-0.05313621762229381,0.01494791081565465,-0.0014433094075773515,-1.2094800326155073,0,1.9953026947692123
10.308480000000138,1.9832103786705761,0.9916051893352881,1.0790510642532851,0.03356883886234256,0.01678441943117128,0.10391288955037815,2.348324032715797,1.1373283857313394,1.0834699323587462,0.004417940502087804,0.02481019514317365,0.029106623867578132,2.1404218555643757,1.0222501205549872,1.2096587698796843,0.013800546335801146,0.03315630863009746,0.09403030824868176,0.09000117304571391,0.09000117304571391,0.0,0.0,0.0,-0.05347085922765038,0.014936277547397627,-0.00153226892373238,-1.2153520606186272,0,1.9953450244581505
10.312640000000139,1.983350222945266,0.991675111472633,1.0794830261785189,0.03356262592553198,0.01678131296276599,0.10367086205611736,1.9579563818887957,1.1676654783013922,1.2194805303843441,-0.009973514889131369,-0.07440994742054757,0.2072616978599121,2.049168178222059,1.0948034364257153,1.2150014742984578,0.0013952922126590206,-0.020326615758926674,0.1503227795034545,0.09000117304571391,0.09000117304571391,0.0,0.0,0.0,-0.0537970835680176,0.014924274546437272,-0.0016196754915475235,-1.221127551285507,0,1.9953875076572432
10.31680000000014,1.9834900413428702,0.9917450206714351,1.0799139741954433,0.03355641542500683,0.016778207712503414,0.10342752406184495,2.0259720273813686,0.5536351290807424,1.0337441564324883,0.18662480836012124,-0.13241587860517307,0.26113722811278905,2.0379588105866566,0.8239403416140599,1.1249141694986162,0.09366356770154204,-0.0764923867746186,0.2059803310768652,0.09000117304571391,0.09000117304571391,0.0,0.0,0.0,-0.054115015782915166,0.014911925401756392,-0.0017055540226604436,-1.2268081106993607,0,1.9954301440285622
10.32096000000014,1.9836298338735636,0.9918149169367818,1.0803439029886195,0.03355020736643313,0.016775103683216566,0.10318291036229933,1.9004905355004085,1.1689335993822232,0.7362980606211929,0.11268567019770756,0.14723503775627944,0.24072635967199663,1.969459425957911,0.9967455959753727,0.9311046740390615,0.1025329584110594,0.03537297331643395,0.2230748835263861,0.09000117304571391,0.09000117304571391,0.0,0.0,0.0,-0.05442477932755069,0.014899252732979894,-0.0017899291945687279,-1.2323953182183043,0,1.9954729332223184
10.32512000000014,1.983769600547544,0.991884800273772,1.0807728073854133,0.03354400175528257,0.016772000877641285,0.10293705523050732,1.7719164150419124,0.7991718082438254,0.75694807412674,-0.06079149035741089,-0.0683685424281453,-0.022265195742490904,1.8705621352007726,0.8978138415605484,0.8439801328816448,0.01989953834229104,-0.01587882304925431,0.09980102453231794,0.09000117304571391,0.09000117304571391,0.0,0.0,0.0,-0.054726495996405555,0.014886278224526185,-0.0018728254413139145,-1.237890726920062,0,1.9955158748771773
10.329280000000141,1.9839093413750308,0.9919546706875154,1.08120068235385,0.033537798596835415,0.016768899298417708,0.1026899924248184,1.5532411802464696,0.6662292458522845,1.3606928717467712,0.12700497216572085,-0.041993687856746495,0.1420524768064898,1.7121622137639205,0.7819321448341363,1.1026359400960652,0.07411384050368783,-0.02872651927426345,0.12075235199184585,0.09000117304571391,0.09000117304571391,0.0,0.0,0.0,-0.055020285943059855,0.014873022658716376,-0.0019542669451103256,-1.2432958640392724,0,1.995558968620568
10.333440000000142,1.984049056366265,0.9920245281831325,1.0816275230004995,0.033531597896183526,0.016765798948091763,0.10244175519585487,2.193950125448625,1.0709151248754367,0.9012662822986619,0.027820024135887918,-0.0041762246981261915,-0.016783479633549328,1.953118115023045,0.9264164971785904,1.001915321268646,0.05062885007622008,-0.01622531217992641,0.05173920986726319,0.09000117304571391,0.09000117304571391,0.0,0.0,0.0,-0.05530626770288327,0.014859505947863649,-0.0020342776288583427,-1.2486122313975165,0,1.995602214068985
10.337600000000142,1.9841887455315075,0.9920943727657537,1.0820533245683885,0.03352539965823326,0.01676269982911663,0.10219237629336607,1.725568477640266,1.0920442057672317,1.1954013604042262,0.1790794343401953,-0.012297456482489661,0.23015508850594285,1.839715341578012,1.009205045628263,1.0991392590188898,0.11428934775010482,-0.013835387302306509,0.14052779831062284,0.09000117304571391,0.09000117304571391,0.0,0.0,0.0,-0.05558455821388936,0.01484574716536545,-0.002112881149486113,-1.2538413058261924,0,1.9956456108282898
10.341760000000143,1.9843284088810396,0.9921642044405198,1.0824780824349427,0.03351920388770834,0.01675960194385417,0.10194188797299414,2.43082737297478,1.2325779739911058,0.9367269089356521,-0.0382253591666545,-0.10890233618415177,0.118890237399203,2.1351952430620935,1.120666674896599,1.0181804681572204,0.03839895752561583,-0.061418424274555336,0.1291178062177135,0.09000117304571391,0.09000117304571391,0.0,0.0,0.0,-0.05585527283767405,0.014831764575821482,-0.0021901008920672226,-1.2589845395823513,0,1.995689158494002
10.345920000000143,1.984468046425161,0.9922340232125805,1.082901792109955,0.033513010589152716,0.016756505294576358,0.10169032200295114,2.0319692579587705,0.9780395301254841,1.3002371836532935,0.01928158490105323,0.1162974177483278,0.08380419484428467,2.0836219147775807,1.0495941196266034,1.1593838513978252,0.028706160789409303,0.02737047050709979,0.10706902511786891,0.09000117304571391,0.09000117304571391,0.0,0.0,0.0,-0.05611852538022466,0.014817575664200498,-0.0022659599646649336,-1.2640433607576154,0,1.995732856651585
10.350080000000144,1.9846076581741898,0.9923038290870949,1.0833244492335825,0.03350681976693334,0.01675340988346667,0.10143770967060807,2.7503468910369127,0.5857761659039765,0.9128099063378943,-0.12898217670479709,0.031645148469646445,0.17140036216561033,2.41672072671631,0.8177485668968493,1.0364514938083982,-0.050097905016471315,0.029099447395454333,0.13931108153965957,0.09000117304571391,0.09000117304571391,0.0,0.0,0.0,-0.05637442811174248,0.0148031971640791,-0.002340481193856431,-1.2690191736802896,0,1.995776704876733
10.354240000000145,1.9847472441384617,0.9923736220692309,1.08374604957437,0.033500631425242976,0.016750315712621488,0.1011840817889999,1.3588692199037187,0.8333323743438823,0.8897572692963808,-0.013626174753746376,0.09550917728633591,0.12455463161523816,1.8877596603057292,0.8257385897342773,0.9633638068180312,-0.03207178008536414,0.0626108001733486,0.13126940440110216,0.09000117304571391,0.09000117304571391,0.0,0.0,0.0,-0.0566230917880442,0.014788645084975523,-0.0024136871208930693,-1.2739133593107848,0,1.995820702735645
10.358400000000145,1.9848868043283288,0.9924434021641644,1.0841665890273002,0.03349444556810286,0.01674722278405143,0.10092946870323995,1.9532114914013177,0.7851090981964937,0.6050169313599179,0.12128359048969475,0.06732876631567804,0.20904475029054223,1.9207369255909092,0.8055637298925707,0.784623508583332,0.04525705045693029,0.06490776225634486,0.1697481843220524,0.09000117304571391,0.09000117304571391,0.0,0.0,0.0,-0.05686462566862288,0.014773934738801474,-0.0024855999984550346,-1.2787272756304582,0,1.995864849785298
10.362560000000146,1.9850263387541593,0.9925131693770797,1.0845860636118705,0.03348826219936545,0.016744131099682726,0.1006739002968577,2.493295900512682,0.9522078797736624,0.8412789558999813,0.01206968169696887,0.0862366806283338,0.1326331202711049,2.207044100739798,0.8790661215680382,0.8132285612067441,0.029349900453367814,0.07560893454921999,0.15068358475107227,0.09000117304571391,0.09000117304571391,0.0,0.0,0.0,-0.057099137537781175,0.014759080765454858,-0.002556241787961161,-1.2834622580239863,0,1.9959091455737166
10.366720000000146,1.9851658474263374,0.9925829237131687,1.0850044694701957,0.03348208132271707,0.016741040661358536,0.1004174059980472,1.941155973998307,1.5270927175623985,0.8478793544755692,-0.02657159023086747,-0.13405786877755224,-0.004696160959695522,2.0740448584719906,1.2028067739609078,0.8305438390438448,0.0004552035176429031,-0.03000746307536657,0.07328897776561433,0.09000117304571391,0.09000117304571391,0.0,0.0,0.0,-0.057326733723278844,0.0147440971575761,-0.002625634157396772,-1.2881196196553726,0,1.9959535896402325
10.370880000000147,1.985305330355261,0.9926526651776305,1.0854218028651366,0.03347590294168049,0.016737951470840246,0.10016001478583636,1.8872140568424656,0.8295657174796097,1.0249031347697006,0.13112494374432024,0.04309432279967421,0.1251358671960509,1.9808997401084725,1.0162728211743028,0.9279839458327794,0.06633288100810858,0.006754039209435027,0.09977652263860094,0.09000117304571391,0.09000117304571391,0.0,0.0,0.0,-0.05754751911548439,0.01472899728449049,-0.0026937984796244806,-1.2927006518377002,0,1.9959981815157442
10.375040000000148,1.9854447875513428,0.9927223937756714,1.0858380601784539,0.033469727059617566,0.016734863529808783,0.09990175519617514,2.2803486420760954,1.1118934022557092,1.203229956430967,0.2522580765401596,0.11054417374727564,0.047159798240117325,2.1311509419631514,1.0643142303028135,1.0657076696219103,0.1592999176831004,0.05839203482399546,0.0731342428439691,0.09000117304571391,0.09000117304571391,0.0,0.0,0.0,-0.05776159718660401,0.014713793915358861,-0.0027607558311448614,-1.2972066243967317,0,1.9960429207229702
10.379200000000148,1.9855842190250084,0.9927921095125042,1.0862532379089869,0.03346355367973173,0.016731776839865865,0.09964265532794235,1.9550235196523773,0.8358931845730665,1.3462889478694524,-0.018229129127789602,0.06866426060170448,0.037169510882241255,2.0430475385519653,0.950244046205298,1.2060762773300837,0.07080820918202829,0.06395184042083463,0.055782286610869584,0.09000117304571391,0.09000117304571391,0.0,0.0,0.0,-0.05796907000870288,0.014698499241558402,-0.0028265269912757024,-1.3016387860284573,0,1.9960878067766972
10.383360000000149,1.985723624786696,0.992861812393348,1.0866673326708571,0.033457382805070546,0.016728691402535273,0.09938274284887594,2.3549264331354967,0.6290845729994075,1.0220765131538285,0.20304830122897316,-0.10409197204325824,0.1257700847117885,2.199410826524453,0.7894472334337359,1.1143361313476898,0.13724495631018524,-0.020866836933390486,0.09104793551403378,0.09000117304571391,0.09000117304571391,0.0,0.0,0.0,-0.058170038272441826,0.014683124898315386,-0.002891132441720374,-1.305998364650695,0,1.9961328391840232
10.38752000000015,1.9858630048468566,0.9929315024234283,1.0870803411916965,0.03345121443852818,0.01672560721926409,0.09912204500142406,1.6839235796293877,1.0084867392314438,1.6520718601561986,0.03839981066976922,-0.08123100891349613,0.1075655961427531,1.9417438032232883,0.898798804977862,1.383430405239992,0.08766677559636764,-0.05068157266204595,0.09982819607318402,0.09000117304571391,0.09000117304571391,0.0,0.0,0.0,-0.058364601305247454,0.014667681985611008,-0.0029545923664974568,-1.310286567748839,0,1.9961780174445982
10.39168000000015,1.986002359215952,0.993001179607976,1.0874922603108987,0.033445048582847824,0.016722524291423912,0.098860588608519,1.9686334684466513,1.0158867279972368,1.036480813187239,0.07424585828659863,-0.14251052753307727,0.1902101237406834,1.9553434218256625,0.9570472738133868,1.210349193505034,0.0808761033521469,-0.09664102418681692,0.14483039554337604,0.09000117304571391,0.09000117304571391,0.0,0.0,0.0,-0.058552857088698285,0.014652181088381332,-0.0030169266522054017,-1.3145045827158557,0,1.996223341050859
10.39584000000015,1.9861416879044544,0.9930708439522272,1.0879030869778958,0.03343888524062414,0.01671944262031207,0.09859840007927755,2.4690611373935134,0.8624147783666513,1.239385755785111,0.023141044439373558,-0.06793181072084127,0.279138349091147,2.2122521687153824,0.9095894387342435,1.225448388443923,0.05289620430259512,-0.08246665617135907,0.21192241675486373,0.09000117304571391,0.09000117304571391,0.0,0.0,0.0,-0.05873490227705258,0.014636632296031925,-0.003078154888597474,-1.318653577186622,0,1.9962688094882577
10.400000000000151,1.9862809909228474,0.9931404954614237,1.0883128182504567,0.033432724414305615,0.016716362207152807,0.09833550541462278,1.6758624666838158,1.9778313425863323,0.8797458646837245,-0.0027546360108901824,-0.036664489492135605,0.1254680078676446,1.9440473386074457,1.443642018220711,1.0528559535011945,0.025312912718697036,-0.059767389274624425,0.16856794591704333,0.09000117304571391,0.09000117304571391,0.0,0.0,0.0,-0.058910832213708186,0.014621045221287383,-0.003138296369443658,-1.3227346993666989,0,1.9963144222354916
10.404160000000152,1.9864202682816232,0.9932101341408116,1.0887214512930101,0.03342656610619692,0.01671328305309846,0.09807193021283615,1.893229158644529,1.0697421761576222,0.5978925028331015,0.012308224136007666,0.20883220133807578,-0.05087887927708136,1.918664149794227,1.2571237396513637,0.8252671933809003,0.018495961670667794,0.07456622474672374,0.057908728452243326,0.09000117304571391,0.09000117304571391,0.0,0.0,0.0,-0.05908074094965776,0.014605429018395562,-0.0031973700936575667,-1.3267490783556364,0,1.9963601787647214
10.408320000000153,1.9865595199912836,0.9932797599956418,1.0891289833749893,0.03342041031846121,0.016710205159230607,0.09780769967503136,2.3297962206794285,0.9269369322122443,1.017862624481152,-0.11944686057037684,-0.08085980698763494,0.06504378878279574,2.123983925013665,1.0918588925729256,0.9217020143690342,-0.050134305407168005,-0.002681570852601569,0.061250497536152186,0.09000117304571391,0.09000117304571391,0.0,0.0,0.0,-0.05924472125880409,0.014589792400705926,-0.003255394766667681,-1.3306978244648973,0,1.996406078541791
10.412480000000153,1.9866987460623382,0.9933493730311691,1.0895354118692,0.03341425705312244,0.01670712852656122,0.09754283861056325,1.6666480794660288,0.9190057360049083,1.2963319096913666,-0.006383673448369938,0.1668785034301775,0.2546690136707514,1.89529978852026,1.0057766777219497,1.1095497377827872,-0.028388892036504257,0.08282303715509223,0.1577309297066794,0.09000117304571391,0.09000117304571391,0.0,0.0,0.0,-0.05940286465633726,0.01457414365764101,-0.00331238880201343,-1.3345820295304907,0,1.9964521210264414
10.416640000000154,1.9868379465053052,0.9934189732526526,1.0899407342502099,0.03340810631206757,0.016704053156033787,0.0972773714423589,2.0035469356128877,1.0979674061848423,1.1688788608447176,-0.028822498487815665,0.027890491593821218,0.09118008071730864,1.949364490926307,1.0519306039306469,1.139405951760894,-0.028760189282482928,0.05540573634795163,0.1236974543057313,0.09000117304571391,0.09000117304571391,0.0,0.0,0.0,-0.05955526141397216,0.014558490671079609,-0.00336837032314782,-1.3384027672204042,0,1.9964983056725192
10.420800000000154,1.9869771213307095,0.9934885606653547,1.0903449480927607,0.033401958097048844,0.016700979048524422,0.09701132221218414,1.7456427208107774,1.1555901832568778,1.2594148190461982,-0.07786808478944757,0.029727043704512162,0.16813676125927302,1.847340576456014,1.1038236169441156,1.199759678374693,-0.05348384481820798,0.042247502956878756,0.14652317662977282,0.09000117304571391,0.09000117304571391,0.0,0.0,0.0,-0.05970200057717562,0.01454284093116982,-0.0034233571654293674,-1.342161093336919,0,1.9965446319281825
10.424960000000155,1.9871162705490832,0.9935581352745416,1.0907480510702017,0.033395812409685914,0.016697906204842957,0.09674471458583701,1.6646655922052622,0.9281173088860497,1.5244275392347335,0.07947898592259899,0.11038666030562065,0.05573219740753539,1.756167436103915,1.0161991555681449,1.3622112971673377,0.012837087801343893,0.07615831704034466,0.10137624496895098,0.09000117304571391,0.09000117304571391,0.0,0.0,0.0,-0.059843169980749455,0.014527201551589706,-0.003477366878287161,-1.3458580461138963,0,1.9965910992361033
10.429120000000156,1.9872553941709643,0.9936276970854822,1.0911500409529444,0.03338966925146806,0.01669483462573403,0.09647757185827516,2.5382575813718584,1.0861044218243534,1.2061546176280686,0.01944788590996852,0.13635489430047704,0.09848711763255927,2.1472574134112237,1.0514371930791537,1.284387396647459,0.016632050843060995,0.10562717887079938,0.09960445601046596,0.09000117304571391,0.09000117304571391,0.0,0.0,0.0,-0.05997885626533278,0.014511579284272928,-0.0035304167275438184,-1.3494946465091144,0,1.9966377070336638
10.433280000000156,1.9873944922068967,0.9936972461034483,1.091550915606939,0.03338352862375628,0.01669176431187814,0.09620991695867338,2.029475821518076,0.7373483708725598,0.970981173919593,0.15920839943157028,0.08634973890311898,0.04537299923568244,2.0886965036799805,0.8945696779132514,1.1277777681754422,0.08812192284014655,0.09623548393536693,0.07186642156831537,0.09000117304571391,0.09000117304571391,0.0,0.0,0.0,-0.060109144892471544,0.014495980533616176,-0.003582523697882075,-1.3530718984917447,0,1.9966844547531513
10.437440000000157,1.987533564667429,0.9937667823337145,1.09195067299217,0.033377390527785426,0.016688695263892713,0.09594177245541725,1.8331080520184178,1.0367972770255593,0.9220978757317959,0.11152196767985509,0.04850148660405937,0.14485618956744,1.961133076594424,0.9657868385957289,1.0252387976262547,0.09952003239906838,0.07165787580691306,0.10781893489919642,0.09000117304571391,0.09000117304571391,0.0,0.0,0.0,-0.06023412016017771,0.014480411370184961,-0.003633704495441565,-1.3565907893250402,0,1.9967313418219488
10.441600000000157,1.9876726115631151,0.9938363057815576,1.0923493111611742,0.03337125496466625,0.016685627482333126,0.0956731605610307,1.6449205873217227,0.738910365558491,0.8822570329544146,-0.05071553980191695,-0.0690583113902552,0.13462612087562423,1.8029200518582584,0.8522048714067446,0.9540263339723452,0.023969759102355062,0.0005893710840994154,0.12150893875167118,0.09000117304571391,0.09000117304571391,0.0,0.0,0.0,-0.060353865218336356,0.014464877543933743,-0.0036839755505332235,-1.360052289844323,0,1.99677836766272
10.445760000000158,1.9878116329045126,0.9939058164522563,1.0927468282575785,0.033365121935387466,0.016682560967693733,0.09540410313703843,2.3135124791765898,1.1033737243707884,1.470015756777633,0.10658154660728916,0.030034280058414308,0.26451082059773745,2.058441420928184,0.9778538604248108,1.2125746713454517,0.06532035778995975,0.01514907373200904,0.19307740590300318,0.09000117304571391,0.09000117304571391,0.0,0.0,0.0,-0.060468462084603825,0.014449384496956087,-0.0037333530204595143,-1.3634573547303452,0,1.9968255316935934
10.449920000000159,1.9879506287021826,0.9939753143510913,1.0931432225146567,0.03335899144081775,0.016679495720408874,0.09513462169876093,1.6554270264688136,0.8398503344855817,1.4179413524988413,0.20235799256777773,0.14199188510288985,0.2951899451834064,1.8573501859274104,0.9091469836157292,1.315874906499345,0.1348480588858195,0.07831576487404084,0.24341981324108164,0.09000117304571391,0.09000117304571391,0.0,0.0,0.0,-0.06057799165758432,0.014433937375780035,-0.0037818527924294116,-1.3668069227781008,0,1.9968728333283414
10.45408000000016,1.9880895989666898,0.9940447994833449,1.0935384922539069,0.03335286348170774,0.01667643174085387,0.09486473742005348,1.7668616829890893,1.35252361410963,1.0833283627106811,-0.01752624392399193,0.013645502833808311,-0.06201607736447627,1.8120700918109733,1.1308670398084875,1.1994712325406969,0.058072197092932584,0.04586159348362821,0.0906171613185445,0.09000117304571391,0.09000117304571391,0.0,0.0,0.0,-0.06068253373305971,0.01441854104322354,-0.003829490486557781,-1.370101917161164,0,1.9969202719765553
10.45824000000016,1.988228543708601,0.9941142718543005,1.0939326358836485,0.033346738058692,0.016673369029346,0.09459447113797659,2.1585689065187577,1.0957029435406966,1.1291322927866105,-0.053311242024433804,-0.10742131766844022,0.020036760780868204,1.9852106016362039,1.1130622004744797,1.164343083337065,0.0025974029873976016,-0.031197072678618203,0.05526560759204893,0.09000117304571391,0.09000117304571391,0.0,0.0,0.0,-0.06078216701792766,0.014403200089824323,-0.0038762814589394703,-1.3733432456916304,0,1.9969678470438172
10.46240000000016,1.9883674629384855,0.9941837314692428,1.0943256518976376,0.03334061517229096,0.01667030758614548,0.09432384335740714,2.078302824686508,1.4405795176456193,0.9980438942035005,0.17943499491321102,-0.024131657534342627,0.1576561648355792,2.0321304277396606,1.2767729230864509,1.0815197002321948,0.09108008571339415,-0.02764816758931958,0.10671643646698904,0.09000117304571391,0.09000117304571391,0.0,0.0,0.0,-0.060876969143981774,0.014387918844858204,-0.003922240804789026,-1.3765318010757321,0,1.9970155579318705
10.466560000000161,1.9885063566669143,0.9942531783334572,1.0947175388737027,0.0333344948229128,0.0166672474114564,0.09405287425559122,1.3497962208313266,1.153672574336914,1.3206252502652105,0.08952467569021601,0.03470542563249707,0.083330746341999,1.691145480446653,1.2152950117925079,1.201246849502962,0.08995528382540893,0.0030735178394851,0.09532532771100365,0.09000117304571391,0.09000117304571391,0.0,0.0,0.0,-0.06096701668367566,0.014372701386959473,-0.00396738336163756,-1.3796684611651988,0,1.9970634040387838
10.470720000000162,1.9886452249044595,0.9943226124522297,1.095108295472397,0.03332837701085534,0.01666418850542767,0.0937815836866302,2.2529463621000505,0.8413125315692881,0.9394653358500763,0.059854993972064036,0.024510424594469032,0.12325859500913967,1.972173726642416,1.0283514358932853,1.0706123577196638,0.0752063719531712,0.014127099149846679,0.10846189954503196,0.09000117304571391,0.09000117304571391,0.0,0.0,0.0,-0.06105238516166506,0.01435755155435657,-0.004011723712578853,-1.3827540892044368,0,1.997111384759113
10.474880000000162,1.9887840676616941,0.9943920338308471,1.0954979204356716,0.03332226173630791,0.016661130868153955,0.09350999118591764,1.6417859921852314,0.8923501742331658,1.603108635833561,0.015598419562075836,-0.114977512996493,0.022781132459077785,1.807009735117299,0.960110811399915,1.3369117667508814,0.04552962738432682,-0.05046881999954481,0.065550186657826,0.09000117304571391,0.09000117304571391,0.0,0.0,0.0,-0.06113314907111078,0.01434247295473589,-0.004055276189557279,-1.385789534073595,0,1.997159499484062
10.479040000000163,1.9889228849491913,0.9944614424745957,1.0958864125855654,0.03331614899935317,0.016658074499676587,0.09323811597450739,1.523946066267217,0.8147881220388473,1.7333322330314274,0.05290679875282278,0.08066946845354593,0.04765651783895547,1.665585464427088,0.8876165501246007,1.535223862043264,0.04945822337744134,0.014942799613251958,0.05662179036201839,0.09000117304571391,0.09000117304571391,0.0,0.0,0.0,-0.061209381885333036,0.014327468974746165,-0.004098054876690663,-1.388775630527586,0,1.9972077476016352
10.483200000000163,1.9890616767775244,0.9945308383887622,1.096273770822913,0.033310038799968925,0.016655019399984462,0.09296597696343199,1.720910526102462,1.2129875345806802,1.8503762760588476,-0.08601087970645611,0.1756827869245154,0.19567057805280397,1.6930672641686364,1.050670211850097,1.6932094696733089,-0.017201110689123472,0.09507284228421371,0.12603811795614905,0.09000117304571391,0.09000117304571391,0.0,0.0,0.0,-0.061281156072298504,0.01431254278915556,-0.004140073613621648,-1.39171319943113,0,1.9972561284967922
10.487360000000164,1.9892004431572663,0.9946002215786331,1.0966599941260713,0.03330393113802987,0.016651965569014934,0.09269359275795992,1.656422435662845,1.0914653366688498,1.4390622681837244,-0.06935898132813167,-0.10700306584416497,0.16164249809519815,1.6746003173307065,1.0708453528718012,1.5664708300698547,-0.043271178193424235,-0.005883137931385115,0.14358422336416596,0.09000117304571391,0.09000117304571391,0.0,-0.055915048802391995,-2.0279575244012493,-0.0613485431072372,0.014297697369673172,-0.00418134599889156,-1.3946030479898877,0,1.9973046415515976
10.491520000000165,1.9893382133516133,0.9946343844535844,1.0970450815496622,0.033064846643299416,0.008199089988316149,0.09242098166179914,1.6873136720769246,1.2571501211703517,0.9186066423478154,-0.0950278999490079,0.042686732042520374,0.2341990374092423,1.6807589750793597,1.1640969182897165,1.2430202478146657,-0.06892825373313306,0.014027663004185,0.1894061720013891,0.09000117304571391,0.09000117304571391,0.0,-0.05557388371075754,-2.0110588435648316,-0.06141161348638169,0.013945547051656852,-0.0025652862290541896,-1.3974459603098728,0,1.9973181310377628
10.495680000000165,1.9894749934981766,0.9946336268578517,1.0974290322963538,0.03282723517518126,-0.0001818229758480637,0.09214817920597758,1.693287675967679,1.0818532864290342,1.0508335470627677,0.1766758317953016,-0.11039012569962992,0.2127837926085353,1.687391574648562,1.1227525234340778,1.1473693268309815,0.05353068561977093,-0.05182995303560103,0.20052123133237876,0.09000117304571391,0.09000117304571391,0.0,-0.055234679345899915,-1.9942693981401525,-0.06147050716946467,0.01343679009445208,-0.00013246619152479443,-1.4002427075754167,0,1.9972968944475014
10.499840000000166,1.989610789682649,0.9945982466681298,1.09781184559521,0.03259108427336877,-0.008491245533252692,0.09187519172549447,2.1472278882417184,1.2030179686353468,1.0544639197109993,-0.07364343985635755,0.013684222626880913,-0.13181786534536616,1.9171587502778082,1.1629229686599403,1.1006428367419876,-0.00955650857441381,-0.023259470521805756,0.033872446733514076,0.09000117304571391,0.09000117304571391,0.0,-0.05489741683281607,-1.977588540071046,-0.06152524722422992,0.01286142373997225,0.002696808610924124,-1.4029940482619407,0,1.9972412273441715
10.504000000000167,1.9897456079395797,0.9945285398177431,1.0981935207019202,0.03235638166339234,-0.016729644092809436,0.09160202561047055,2.003699389211193,1.0291117419961104,0.9190367365797372,-0.014317151535583779,-0.14668323775662723,-0.06028564116224859,1.960399817713552,1.095718930783814,1.0097133521702186,-0.01189885687164232,-0.08862198644096733,-0.013310527156878894,0.09000117304571391,0.09000117304571391,0.0,-0.05456207761781787,-1.9610156309780598,-0.0615758570194892,0.012264103857601162,0.005712369813070494,-1.4057007283452378,0,1.9971514233855925
10.508160000000167,1.9898794542534763,0.9944248003201722,1.0985740568999836,0.03212311533517698,-0.024897479417021126,0.09132868753520233,1.6931987078604065,1.3558521944874633,1.14443098969501,-0.011469042037370945,-0.1938579433609413,0.2503248673571822,1.8267736811392343,1.2253926886199056,1.077593152217207,-0.011752910753774154,-0.14533217055398057,0.1187931494088045,0.09000117304571391,0.09000117304571391,0.0,-0.05422864362687993,-1.9445500418726145,-0.061622361145460824,0.011666824572269988,0.008809121374483279,-1.4083634815073225,0,1.99702777434669
10.512320000000168,1.9900123345601886,0.9942873202915402,1.0989534535027328,0.031891273610950545,-0.03299520687168331,0.09105518465981666,1.8023233239556578,1.1756576645129322,0.5874852363918244,0.22871119274032237,-0.04334085848369809,0.0985927176612578,1.8150251537925786,1.200443677926579,0.8327420738108112,0.1079301619784595,-0.09866918605212034,0.10809844593440493,0.09000117304571391,0.09000117304571391,0.0,-0.053897097402598695,-1.9281911526799975,-0.06166478622859822,0.011080257882641678,0.011934507011603184,-1.4109830293389072,0,1.9968705701410832
10.516480000000168,1.9901442547485053,0.9941163899717504,1.099331709856006,0.0316608451960381,-0.04102327674955358,0.09078152478558267,1.8899249406395415,0.9934060971869442,0.973030248267738,0.04796485721313906,0.09218327483970423,0.1139728559033954,1.8525750388019102,1.0971235258563823,0.903123726249351,0.07809465135757818,-0.007269446869690018,0.11126447922445457,0.09000117304571391,0.09000117304571391,0.0,-0.053567422208485455,-1.9119383516112336,-0.06170316156154254,0.010509423272606504,0.015062243775228508,-1.4135600815385623,0,1.9966800988413103
10.520640000000169,1.9902752206618775,0.993912297744089,1.0997088253412306,0.03143181920932166,-0.04898213463875329,0.09050771645386961,1.7768710602243125,1.2276514706469992,1.333779015038382,-0.10673291767055483,-0.0062272886405744035,0.13556860815144137,1.814499205300446,1.162384675635894,1.1187350083061478,-0.01367591183785243,-0.011180119227474757,0.12406633130962325,0.09000117304571391,0.09000117304571391,0.0,-0.05323960209079025,-1.8957910344452422,-0.06173751950885176,0.009956522318197058,0.018179188717545723,-1.4160953361086142,0,1.9964566466975242
10.52480000000017,1.990405238100184,0.9936753301532326,1.1000847993786822,0.031204185193579523,-0.056872221805532,0.0902337689883766,1.9379421310484581,1.2272459735468735,1.1084187463283104,0.07182858047439396,-0.15101083600723178,0.04647875834718259,1.8763704243528194,1.1945099011144222,1.113674034013845,0.02931559388191245,-0.08503939862480636,0.0850109237144885,0.09000117304571391,0.09000117304571391,0.0,-0.05291362190140515,-1.8797486037800453,-0.06176789568566071,0.00942235579205877,0.02127877211451207,-1.4185894795478362,0,1.99620049815461
10.52896000000017,1.9905343128214696,0.9934057719217095,1.1004596314307151,0.030977933108548204,-0.06469397556552667,0.08995969248790144,1.9901979901031073,1.0037761246149817,1.1091770089973456,0.0036888488110037726,-0.14354390169136616,0.15391559333720367,1.9332932735487802,1.0988505100610733,1.1117450333948067,0.01621674553466983,-0.11784561838247735,0.1197457153131316,0.09000117304571391,0.09000117304571391,0.0,-0.05258946728572403,-1.8638104683048433,-0.06179432893918896,0.008907032017880328,0.024357713971188272,-1.4210431870409834,0,1.9959119358677773
10.53312000000017,1.9906624505435988,0.9931039059649378,1.1008333210048034,0.030753053310976858,-0.0724478296252218,0.08968549778119432,1.6316077647757465,1.18265748478556,1.4133791413271055,0.05893453069255722,-0.15863327363631347,0.010824723656125523,1.7825710993190764,1.1404317546192886,1.2625871797963695,0.0375204506218365,-0.14166200934864867,0.06506780909523657,0.09000117304571391,0.09000117304571391,0.0,-0.05226712464415766,-1.8479760421323754,-0.06181686117617158,0.008410320852279697,0.027414382170038644,-1.4234571226452222,0,1.9955912407167653
10.537280000000171,1.9907896569457915,0.9927700134050071,1.1012058676562888,0.030529536526212236,-0.08013421438334849,0.0894111963564885,2.2249161664169876,1.155526060807273,0.7450754625863908,0.10583904021800841,-0.030555227523811027,0.10418352443742374,2.0039683496649037,1.1479237433356524,1.0040434419814466,0.07096403683290156,-0.09009897827368694,0.08508314579697769,0.09000117304571391,0.09000117304571391,0.0,-0.05194658107687747,-1.8322447442075211,-0.061835537089491854,0.007931830483941308,0.03044797144000748,-1.4258319394735048,0,1.9952386918188296
10.541440000000172,1.990915937670022,0.9924043735833877,1.1015772709907765,0.030307373815330337,-0.08775355718865888,0.08913680027703762,2.1653857181029723,1.2682351070655193,1.3209404485414753,0.08476061574469337,0.016012050651699333,0.28443902814076216,2.084854338141303,1.2081214509452791,1.1630855014952803,0.07792148651257398,-0.04083890151057421,0.1848859204221584,0.09000117304571391,0.09000117304571391,0.0,-0.051627824319348294,-1.816615997804931,-0.061850403825894795,0.007471095645624461,0.03345809273437812,-1.4281682798749384,0,1.9948545665406916
10.545600000000173,1.991041298322276,0.9920072640727409,1.1019475306661581,0.03008655654093853,-0.09530628255524776,0.08886232209161626,2.2458372384528564,0.3830682077463038,0.569927565206535,0.12820395920520578,-0.025632540497472114,0.13040660864191922,2.165613987057321,0.7955437185497729,0.8667714343503659,0.10286150531547282,-0.03707254668819379,0.15870294631088594,0.09000117304571391,0.09000117304571391,0.0,-0.05131084267515675,-1.8010892301078487,-0.06186151063465095,0.007027621537260505,0.03644456781142967,-1.4304667756121936,0,1.9944391405096273
10.549760000000173,1.991165744473667,0.9915789606879937,1.1023166463942677,0.02986707633381823,-0.10279281233933402,0.08858777474630193,1.6168521429846607,1.2528586037943903,1.2745100314989413,0.1377592523586028,-0.12099336435763752,-0.13258881618876622,1.891516345585029,1.0239586574768211,1.070368114208668,0.1200267198347227,-0.08189286035355799,0.012927118094211477,0.09000117304571391,0.09000117304571391,0.0,-0.05099562495008798,-1.7856638718672257,-0.06186890851896065,0.006600905609402435,0.03940732641543061,-1.4327280480360038,0,1.993992687623863
10.553920000000174,1.9912892816614243,0.9911197374968158,1.1026846179421907,0.02964892506175014,-0.11021356588268803,0.0883131715015449,2.1860467697541353,1.1212845762099344,0.70110446578401,-0.044580664810687676,-0.15350344384327408,0.06012670026428685,2.0386915743826517,1.0723109815636684,0.885860875416723,0.037405521207627884,-0.12152410303438073,0.035510499121297626,0.09000117304571391,0.09000117304571391,0.0,-0.05068216039087672,-1.7703393571228982,-0.06187264990638708,0.0061904482816352285,0.042346354757508954,-1.4349527082567997,0,1.9935154800623998
10.558080000000174,1.9914119153897627,0.9906298668296154,1.1030514451332605,0.02943209480122352,-0.11756896012809136,0.0880385258567176,2.330022769416236,0.9004591018905835,1.306303804108386,0.010105971486847203,-0.017552838220551828,0.15612169971200512,2.184379125526392,0.9863543707486044,1.0964097695985955,0.024288859850312525,-0.07293067421516111,0.09592416632165314,0.09000117304571391,0.09000117304571391,0.0,-0.05037043862939166,-1.7551151229832114,-0.06187278835144466,0.0057957581331182974,0.04526166964697223,-1.4371413573135232,0,1.9930077882943946
10.562240000000175,1.9915336511306472,0.9901096192891492,1.1034171278477731,0.029216577812288348,-0.12485940971189693,0.08776385148303148,2.1410331827059568,0.7843234633304587,1.3263874157994149,0.027200647997589086,-0.16487914028641565,0.1210865524565706,2.1627624816204047,0.8850020310731493,1.211650246197369,0.025718476953511933,-0.12249162686214497,0.10937515726485707,0.09000117304571391,0.09000117304571391,0.0,-0.05006044963279938,-1.7399906094496296,-0.06186937826702105,0.005416354333655683,0.048153305449105746,-1.4392945863396707,0,1.9924698810881818
10.566400000000176,1.991654494324466,0.9895592637598237,1.1037816660234603,0.029002366516524294,-0.1320853270381235,0.08748916216490042,2.073254107021222,0.6901937477163487,0.6761051011576535,-0.026561379294137922,-0.0897461927603613,0.21053426814938747,2.1179522211634065,0.7874179466753068,0.9443127584071219,-0.00032197285787014906,-0.11001094074417954,0.15950247897592218,0.09000117304571391,0.09000117304571391,0.0,-0.04975218366046942,-1.724965259276369,-0.06186247469264722,0.005051767699280877,0.05102130745808528,-1.4414129767266053,0,1.9919020255200135
10.570560000000176,1.991774450380624,0.9889790674167495,1.104145059655749,0.02878945347793173,-0.1392471223378124,0.08721447174930042,2.3197944976185387,0.7897868986796163,1.5331277182262468,0.033889388981205464,-0.05057853382571614,0.09649164366058756,2.218945389731701,0.7885021665256431,1.2389243462877757,0.01671948621217582,-0.0826686602725549,0.1283434802452091,0.09000117304571391,0.09000117304571391,0.0,-0.04944563122581604,-1.7100385178619195,-0.06185213309095422,0.004701541064139365,0.053865728479813205,-1.4434971002841852,0,1.991304486982577
10.574720000000177,1.9918935246780678,0.9883692957345964,1.1045073087978425,0.028577831386473292,-0.14634520371671844,0.0869397941024432,1.6071221244655687,0.23589953652317008,0.9618277242526054,0.13220045468416405,-0.26160771396064764,0.08428679618452234,1.9133050444061488,0.5116602041153067,1.1005492576674036,0.07416627329759051,-0.17566370515326313,0.10639138394711106,0.09000117304571391,0.09000117304571391,0.0,-0.049140783064477944,-1.6952098331609673,-0.061838409175831444,0.004365229314363913,0.056686627022453924,-1.4455475193987515,0,1.9906775291933323
10.578880000000177,1.992011722565751,0.987730212496289,1.1048684135606466,0.028367493043956776,-0.15337997719378757,0.08666514307295031,1.6599334684672986,0.8167755714775371,0.887714861354638,0.08980257095867916,-0.04963046647569283,0.05583053419153974,1.7868046628288965,0.6641254176207954,0.9942468185048059,0.08179463378101272,-0.11680223432484367,0.08105533341747641,0.09000117304571391,0.09000117304571391,0.0,-0.0488376301057468,-1.6804786556177245,-0.06182135876275058,0.004042399256611045,0.05948406629381646,-1.447564787188516,0,1.9900214142027157
10.583040000000178,1.9921290493630508,0.9870620798015707,1.1052283741125664,0.028158431351962818,-0.16035184673239267,0.08639053246073038,1.9713895219428295,1.1001511525675511,1.1855991694523624,0.08622089895171867,-0.29593640989538794,0.05981535239459447,1.8792763155461925,0.8815350217456576,1.0900490293065772,0.08468326639751385,-0.21079343378113244,0.07030103340254819,0.09000117304571391,0.09000117304571391,0.0,-0.048536163449498126,-1.6658444381100141,-0.061801037645180135,0.003732629407435419,0.062258113605333495,-1.449549447656394,0,1.9893364024022233
10.587200000000179,1.9922455103601404,0.9863651580754629,1.1055871906791945,0.027950639301528822,-0.16726121426585952,0.08611597599077522,2.252851273564606,1.3366130556903757,1.525845607670631,-0.05153800974256232,0.08596112415267351,0.02877436083395111,2.065957896128445,1.1092634631105744,1.3080108446556944,0.017213623700658376,-0.06601418809148084,0.049238939731524614,0.09000117304571391,0.09000117304571391,0.0,-0.048236374345533684,-1.6513066359083037,-0.061777501487749964,0.0034355097464502963,0.06500883998261081,-1.4515020358403214,0,1.9886227525324103
10.59136000000018,1.9923611108183252,0.9856397060766358,1.1059448635429079,0.027744109964339146,-0.1741084797185126,0.08584148729118712,2.8129059216898264,0.9372795241582892,1.2656370269261308,0.17119571846638335,-0.18460156392363178,0.21338687706170684,2.439792092447152,1.0228949117175614,1.2872679125299182,0.0947359192798359,-0.12942943989647399,0.13109335724895912,0.09000117304571391,0.09000117304571391,0.0,-0.04793825417641028,-1.6368647066405202,-0.061750805737718184,0.003150641454626552,0.06773631988258351,-1.4534230779610993,0,1.9878807216908163
10.59552000000018,1.9924758559703468,0.9848859809057059,1.1063013930423862,0.02753883648519575,-0.18089404102318005,0.08556707987481092,1.6997152795525705,1.1898367503102605,1.070234627397158,-0.05590871397851093,-0.31218083277271746,0.0810391513407917,2.069632704938681,1.1057253202776398,1.1789176850619183,0.019189500752747203,-0.22447095211701207,0.10637012014303773,0.09000117304571391,0.09000117304571391,0.0,-0.047641794442264705,-1.6225181102662947,-0.06172100554858789,0.0028776366482990683,0.07044063096729872,-1.4553130915678032,0,1.9871105653398309
10.59968000000018,1.9925897510206618,0.9841042380134729,1.1066567795720692,0.027334812075578023,-0.18761829413591474,0.08529276712394067,1.7004468133828237,1.4391599241043167,0.9789346700913572,0.07842444294823636,-0.08051417563442716,0.09355291624573202,1.8852010842083458,1.2722835060416842,1.0791197624475612,0.048424347606778606,-0.15539535392730838,0.09977149069403238,0.09000117304571391,0.09000117304571391,0.0,-0.047346986749029575,-1.6082663090553075,-0.061688155719123894,0.0026161181140702226,0.07312185390930913,-1.4571725856808009,0,1.9863125373145125
10.603840000000181,1.9927028011456958,0.9832947312091042,1.1070110235815593,0.027132030008121016,-0.1942816330485105,0.08501856227762336,1.66846364376493,1.020073814824112,1.0120197831398157,-0.005106653115062514,-0.18698376114639784,0.11252157911990543,1.7768215557335556,1.1457941555935163,1.0458037899725672,0.02102273288961563,-0.1741594843432898,0.10593169780020245,0.09000117304571391,0.09000117304571391,0.0,-0.047053822796624165,-1.594108767570387,-0.061652310639038255,0.002365719047119857,0.07578007221611688,-1.459002060932413,0,1.9854868898303664
10.608000000000182,1.9928150114940786,0.9824577126682739,1.1073641255749809,0.026930483611879007,-0.20088444979927478,0.0847444784211791,1.9647723793653813,0.5416550429239015,0.9530299845015848,0.03912312060842403,-0.2180919263022746,0.1331684456040642,1.8708808369502827,0.8432738575904903,0.9996931213685348,0.029504733437183416,-0.19954195879962955,0.11959793945278444,0.09000117304571391,0.09000117304571391,0.0,-0.04676229437043631,-1.5800449526536569,-0.06161352424564859,0.0021260827941018173,0.07841537206731965,-1.4608020097052594,0,1.9846338734910887
10.612160000000182,1.992926387186863,0.9815934329412638,1.1077160861103041,0.026730166268248184,-0.20742713448241826,0.08447052847759226,1.6630461660049678,1.02584616229762,1.1154455479234862,-0.1663504350380073,-0.23713106277165372,0.05764469507877687,1.7666178610846455,0.934075106754798,1.0576901861699406,-0.06928447556425942,-0.22172159176635797,0.08855687766950036,0.09000117304571391,0.09000117304571391,0.0,-0.046472393333213985,-1.5660743334172371,-0.06157184998790316,0.0018968626011462853,0.08102784216120457,-1.4625729162683265,0,1.9837537372962841
10.616320000000183,1.9930369333177274,0.9807021409610289,1.1080669057986394,0.026531071407451808,-0.21391007525635475,0.08419672520048953,2.014296838889481,1.2018906482362928,0.8874829713662888,-0.10053941022271853,-0.3269158019186592,0.3448553015285747,1.8902497027280656,1.0673101557419011,0.9733035247124224,-0.08478427953270197,-0.27689866068521807,0.21628194913986343,0.09000117304571391,0.09000117304571391,0.0,-0.04618411161790238,-1.5521963812327337,-0.06152734079522598,0.0016777213671642093,0.0836175735690752,-1.4643152569107933,0,1.9828467286491567
10.620480000000184,1.993146654953167,0.9797840840512326,1.108416585303508,0.026333192505504126,-0.2203336583511234,0.08392308116847082,1.4680875561517635,1.34229969186711,1.0930017631360731,-0.11532526046962259,-0.2232836115596899,-0.024168361336632013,1.6789260779542052,1.20434634219229,1.033105015154095,-0.10018541758701663,-0.2519782789208529,0.09520516740678048,0.09000117304571391,0.09000117304571391,0.0,-0.045897441222177184,-1.5384105697260377,-0.061480049053338925,0.001468331402493043,0.08618465959635838,-1.4660295000736538,0,1.9819130933641815
10.624640000000184,1.9932555571326735,0.9788395079342529,1.1087651253400936,0.026136523081578784,-0.22669826807512816,0.08364960878058358,2.655517692584589,0.7217585791124803,1.003745560129192,0.044262611262400775,-0.3053682892173399,-0.18371549892042854,2.1673199156477105,0.9624209200522802,1.0180441672419867,-0.027553158793262374,-0.28203258228371536,-0.044818136757782054,0.09000117304571391,0.09000117304571391,0.0,-0.04561237420318009,-1.5247163747709191,-0.06143002658344188,0.0012683741928463956,0.08872919564991977,-1.46771610647917,0,1.980953075674756
10.628800000000185,1.9933636448689058,0.977868656739164,1.1091125266744801,0.025941056695724427,-0.23300428682132718,0.0833763202527744,2.167570403576182,0.6295750515867145,1.352887620971101,-0.08160920998433693,-0.11320540560194406,0.02844418353773976,2.167274975704889,0.7957663792513444,1.1855285296737852,-0.05436573431488107,-0.20060448136437561,-0.008734737471383551,0.09000117304571391,0.09000117304571391,0.0,-0.04532890267288482,-1.5111132744848392,-0.06137732462583273,0.001077540168496679,0.09125127911120286,-1.469375529258193,0,1.9799669182408346
10.632960000000185,1.9934709231478511,0.9768717730096932,1.1094587901228767,0.02574678694687735,-0.23925209507299142,0.08310322761517099,1.6194051867830201,0.9833222845564591,0.9869191981515403,-0.02115916184637071,-0.17719094211397932,0.13715583933954356,1.8932947853679087,0.889183156882804,1.0865086373816812,-0.038989879622774934,-0.19181527811309496,0.06377659647683682,0.09000117304571391,0.09000117304571391,0.0,-0.04504701879462985,-1.497600749225698,-0.061321993826910115,0.00089552847860437,0.09375100921490068,-1.471008214075387,0,1.978954862156548
10.637120000000186,1.9935773969289807,0.9758490977121552,1.1098039165508353,0.02555370747112625,-0.245442071409125,0.08283034271007227,2.402042377193922,1.3200764123814168,0.7438059770443624,0.2111374679308422,-0.2742262273078577,-0.03487759052891881,2.148111155234328,1.1040703403638135,0.9150837061807229,0.08612788874246566,-0.23682521821024563,0.013810821508691546,0.09000117304571391,0.09000117304571391,0.0,-0.04476671477975057,-1.4841782815881326,-0.06126408422806995,0.0007220467706012634,0.09622848693291777,-1.4726145992523891,0,1.9779171469578078
10.641280000000187,1.9936830711453981,0.9748008702433651,1.1101479068724627,0.025361811940194816,-0.2515745925096167,0.0825576771905469,1.7949621760249956,1.7681272957160745,1.8920732793085908,-0.009665711700443808,-0.11014756724559671,0.1600007748726802,1.9715146403026749,1.4358811214816904,1.4039187880070387,0.037972648572904576,-0.17674517469600162,0.08657820735547377,0.09000117304571391,0.09000117304571391,0.0,-0.04448798288452507,-1.4708453564019295,-0.0612036452590729,0.0005568109745344241,0.09868381486340354,-1.4741951158889384,0,1.9768540106298962
10.645440000000187,1.993787950703982,0.973727328438531,1.1104907620496274,0.025171094060112316,-0.25765003316018903,0.08228524251954393,1.736459152334417,0.7794000321686391,0.9279942479825439,0.063842623746833,-0.21513794864590238,0.0845865394970924,1.8541181366859631,1.107194453920428,1.166130610453705,0.050860606010852016,-0.19880080118916313,0.08486836368726741,0.09000117304571391,0.09000117304571391,0.0,-0.044210815407755046,-1.4576014607298826,-0.06114072573032708,0.00039954509227808606,0.10111709712465489,-1.4757501879820114,0,1.9757656896150446
10.649600000000188,1.9938920404855238,0.9726287085791261,1.1108324830911667,0.024981547570045236,-0.2636687662571892,0.08201304996945448,2.15651793234009,0.7274492190175403,1.2357097876569003,-0.20552935856571397,-0.18477855258436127,0.01519746373429165,2.0048920208253542,0.9169412992487042,1.2009526467431713,-0.0770128095292571,-0.19489392450894902,0.049868825776984455,0.09000117304571391,0.09000117304571391,0.0,-0.04393520468834145,-1.4444460838652033,-0.06107537383050887,0.00024998099152177047,0.10352843925369401,-1.477280232542993,0,1.9746524188199979
10.653760000000188,1.9939953453448624,0.9715052454007417,1.111173071052092,0.024793166241269454,-0.269631162812259,0.08174111062204574,2.1688459475860973,1.0228102966116366,1.6077501130708727,-0.06481627825146433,-0.3850146189614707,0.27687141781304087,2.086735979029528,0.9690817137001897,1.404929165918317,-0.0712343746622038,-0.29282431929122393,0.1638100054071964,0.09000117304571391,0.09000117304571391,0.0,-0.04366114310381752,-1.4313787173312604,-0.06100763712289825,0.00010785820444487754,0.10591794810933397,-1.478785659712915,0,1.9735144316235649
10.657920000000189,1.9940978701110135,0.9703571721009212,1.111512527032795,0.024605943876261416,-0.2755375919569232,0.08146943536872527,2.4198777469987873,0.37523223833310604,1.5534912104165985,0.19320236638162738,-0.4994233439871334,0.040937777193162675,2.253710956066635,0.6711205131140981,1.4792960942680886,0.06101198488417057,-0.39922574988313586,0.1025177564977109,0.09000117304571391,0.09000117304571391,0.0,-0.04338862306823667,-1.4183988548795932,-0.06093756254363791,-2.7076269011198093e-05,0.10828573177955356,-1.4802668728757966,0,1.9723519598841601
10.66208000000019,1.9941996195872964,0.9691847203469749,1.111850852178258,0.024419874307896074,-0.28138842094711536,0.0811980349110866,1.374621294922438,0.766522229411379,0.5523289391911683,0.1111724403937865,-0.23518808682374087,0.01441758281086862,1.8143912731191378,0.7183397555111479,1.0158364425577289,0.08605842032003735,-0.32053569904706636,0.058269376593681484,0.09000117304571391,0.09000117304571391,0.0,-0.04311763703101846,-1.405505992488117,-0.06086519640299298,-0.0001550681533598139,0.11063189949300582,-1.481724268770117,0,1.971165233947328
10.66624000000019,1.994300598551458,0.9679881202837763,1.112188047677265,0.02423495139873481,-0.2871840151676632,0.08092691976168874,2.247112105014354,0.645750875214423,1.371361960607297,0.11017338686058144,-0.20040184594445942,0.09678290746728338,2.0309836310019245,0.6816352496837129,1.1938029866162876,0.09823142539009586,-0.2639732383302465,0.07752770761704751,0.09000117304571391,0.09000117304571391,0.0,-0.04284817747525706,-1.39269962836145,-0.06079058438469387,-0.00027635608536077396,0.11295656153449186,-1.4831582375984484,0,1.96995448265326
10.67040000000019,1.994400811755793,0.9667676005415399,1.1125241147616194,0.024051169040394636,-0.2929247381367584,0.08065610024504748,1.8967492946383513,0.9773889890764093,0.9820644816094346,0.20768115574088777,-0.10283461570534386,-0.10996217164203288,1.964298549173098,0.8293064747880299,1.0877035475986014,0.1524420525765172,-0.18638527667790689,-0.016211600288735764,0.09000117304571391,0.09000117304571391,0.0,-0.0425802369168817,-1.3799792629279057,-0.06071377154871199,-0.00039117179747090317,0.11525982916423835,-1.4845691631352835,0,1.9687199333442935
10.674560000000191,1.9945002639272638,0.9655233882435799,1.1128590547053643,0.023868521152985718,-0.2986109515104121,0.08038558649879854,1.7243617224742633,0.7701150261642687,0.9211880022776919,0.026181564410587558,-0.31128394809655424,0.1116849547037807,1.8443818139927235,0.7990688119172704,1.00467764170727,0.08984869772066649,-0.25168144030916517,0.04737723900038297,0.09000117304571391,0.09000117304571391,0.0,-0.04231380790360122,-1.3673443988396743,-0.06063480233233737,-0.0004997402970370762,0.11754181454081988,-1.4859574228330843,0,1.967461811872402
10.678720000000192,1.9945989597676164,0.964255709014051,1.1131928688240103,0.02368700168461,-0.30424301508692037,0.08011538847501737,1.615921730183754,0.4308550739738968,1.0821223082982254,-0.10325963934450022,-0.378773204489319,0.35088204483882557,1.7299340359533582,0.614177358648632,1.0441325314096097,-0.006038960951208349,-0.3180222381531282,0.19805716252495625,0.09000117304571391,0.09000117304571391,0.0,-0.042048883014060026,-1.3547945409713824,-0.06055372055469416,-0.0006022800413138113,0.11980263064757611,-1.4873233879265826,0,1.966180342606672
10.682880000000193,1.9946969039534952,0.9629647869856705,1.113525558473767,0.023506604610913067,-0.3098212868113428,0.0798455159416619,1.7497214043845366,1.405214451011907,0.665589634630986,0.0181349862735534,-0.24591996200074467,0.17054162759757832,1.7398664649152151,1.0091963954164063,0.8552139239572112,0.005620424084949106,-0.285082730613192,0.18393179344126062,0.09000117304571391,0.09000117304571391,0.0,-0.04178545485677827,-1.3423291964179924,-0.06047056941827894,-0.0006990031083864852,0.1220423912223773,-1.4886674235353616,0,1.9648757484407635
10.687040000000193,1.9947941011365564,0.9616508448074205,1.1138571250507843,0.023327323934684105,-0.31534612277999946,0.07957597848413409,2.058091479922307,1.125748771848515,1.2164751010601191,0.02123599230943009,-0.20020053160207268,0.11143684031850842,1.8990241888568002,1.067062062802208,1.0360797666828658,0.013994877503472544,-0.2450872524749239,0.1472365502651241,0.09000117304571391,0.09000117304571391,0.0,-0.04152351606983823,-1.3299478744950357,-0.06038539151500838,-0.0007901153640801128,0.12426121069059723,-1.4899898887647443,0,1.9635482508003614
10.691200000000194,1.9948905559435792,0.9603141036522329,1.1141875699903965,0.023149153685495572,-0.32081787724500244,0.07930678550692712,1.9285382358701944,0.6170464283314353,1.0431342249443152,-0.014863325694226447,-0.3969113642944627,0.17499008561570883,1.913750706058043,0.8412325425211611,1.0399712833996724,-0.0005297254867684674,-0.32436027176597365,0.1609846304955871,0.09000117304571391,0.09000117304571391,0.0,-0.04126305931992803,-1.3176500867350835,-0.06029822882908059,-0.0008758166249332032,0.12645920410115988,-1.4912911368050197,0,1.962198069650609
10.695360000000194,1.9949862729765766,0.9589547832246546,1.114516894766377,0.022972087919380723,-0.3262369026188114,0.07903794623535872,1.332826614056554,1.2231114937147354,1.1002624095474736,0.061461465168549945,-0.2188438039353311,0.09163192168693168,1.6234140729649804,1.0317254877704807,1.0703079301184457,0.029673397969811995,-0.2744871800279333,0.12627904153644146,0.09000117304571391,0.09000117304571391,0.0,-0.041004077302239,-1.305435346888905,-0.06020912274199408,-0.0009563008173144292,0.12863648706552758,-1.4925715150290324,0,1.9608254235035307
10.699520000000195,1.995081256812904,0.9575731017684928,1.1148451008901994,0.02279612071854144,-0.3316035494788376,0.07876946971737073,2.085592623741619,1.2577047862357933,1.2846210666819784,-0.10418653125703571,-0.30017823409672106,0.08522515006040178,1.8542906215983175,1.1440992288604925,1.1776421166633146,-0.03760579644319283,-0.2906356471805283,0.10630634991405959,0.09000117304571391,0.09000117304571391,0.0,-0.04074656273950666,-1.2933031709214742,-0.06011811403823181,-0.001031756132759941,0.13079317569950893,-1.4938313650881625,0,1.9594305294254395
10.703680000000196,1.9951755120053667,0.9561692760744425,1.115172189910305,0.022621246191086495,-0.33691816657207846,0.07850136482538256,2.0208554097988936,0.8162806652630237,0.9047715753264571,0.1199387478607847,-0.445144633066532,0.32686052548730166,1.9378239426483295,0.9792667912431753,1.0418852952942192,0.041015840400728774,-0.3702969259552683,0.21632970907807997,0.09000117304571391,0.09000117304571391,0.0,-0.04049050838169145,-1.2812530770118045,-0.060025242909470755,-0.001102365179606882,0.13292938656776376,-1.4950710230067226,0,1.9580136030443283
10.707840000000196,1.9952690430823283,0.9547435214876933,1.115498163411381,0.022447458470794497,-0.34218110081980124,0.07823364025819624,1.5305611000556438,0.7001847684034186,1.3657701550778665,-0.03167966312541886,-0.3409545173375646,-0.054377141821436464,1.7341246917919941,0.8390220783616426,1.2037166935272396,0.004233719827071764,-0.35919872258222063,0.08108744971050232,0.09000117304571391,0.09000117304571391,0.0,-0.04023590700619339,-1.2692845855505213,-0.05993054896095307,-0.0011683051309987233,0.13504523663089182,-1.4962908192747981,0,1.9565748585572478
10.712000000000197,1.9953618545478153,0.9532960519155171,1.1158230230136432,0.022274751716896714,-0.34739269732226935,0.07796630454293663,1.8430349515902826,1.240411922970853,0.9482871518121825,0.11271632139035218,-0.39590346472632565,0.08313875418042352,1.788815430322308,1.0388997950088066,1.07617281573389,0.05827580830717448,-0.37920922325189227,0.08223114114238828,0.09000117304571391,0.09000117304571391,0.0,-0.03998275141656931,-1.2573972191385903,-0.0598340712161709,-0.001229747869337198,0.1371408431949939,-1.497491078939557,0,1.955114508737671
10.716160000000198,1.9954539508816231,0.9518270798348358,1.1161467703721308,0.022103120113883604,-0.3525532993635176,0.07769936603702744,1.8196997219447906,0.4828215191636355,0.8428682471625489,-0.10155490208154352,-0.2528243014115356,0.17018751493852308,1.8040462550374379,0.7603359120937468,0.9598729371502399,-0.021482198154881626,-0.31843545398325185,0.1261781332708739,0.09000117304571391,0.09000117304571391,0.0,-0.039731034443065784,-1.2455905025842071,-0.05973584812371363,-0.0012868601272533057,0.13921632386360017,-1.4986721216950516,0,1.9536327649428369
10.720320000000198,1.9955453365394202,0.9503368162997684,1.1164694071760066,0.02193255787132547,-0.35766324841617086,0.0774328329301882,2.0868779463722755,1.065107089341548,1.2514099194759183,0.16672657767564417,-0.29178615865911106,-0.03077653989095472,1.9458123796666411,0.9121214401031295,1.1055804444019686,0.07188243582454529,-0.3073789245098562,0.047234633311174806,0.09000117304571391,0.09000117304571391,0.0,-0.03948074894186925,-1.2338639629019137,-0.05963591756243014,-0.0013398036251704866,0.141271796491863,-1.4998342619705411,0,1.9521298371210842
10.724480000000199,1.9956360159528523,0.9488254709491588,1.1167909351478669,0.021763059223710763,-0.3627228841463159,0.0771667132464541,1.473358474765658,0.8834355047710218,1.5157764813510424,-0.022551752524160893,-0.4578758062599553,0.2573736286183559,1.709536101355497,0.8968310317853335,1.3112162487538974,0.024244825022683714,-0.3850836745703275,0.15248980812124913,0.09000117304571391,0.09000117304571391,0.0,-0.03923188779521017,-1.2222171293099842,-0.05953431684768451,-0.001388735205530963,0.1433073791429178,-1.5009778090173562,0,1.9506059338191661
10.7286400000002,1.9957259935296452,0.9472932520140821,1.1171113560430594,0.02159461843029691,-0.36773254441842096,0.07690101484620987,1.4835965247243497,0.49697139911575283,1.2537865924859557,0.03127830186602287,-0.14606599903140738,0.046500065985918035,1.5966282437375778,0.696599374324565,1.2825980591560373,0.028504608643068526,-0.2678836843693073,0.09934707451331476,0.09000117304571391,0.09000117304571391,0.0,-0.03898444391082528,-1.2106495332272544,-0.05943108273742337,-0.0014338069637558249,0.145323190046318,-1.5021030669943312,0,1.9490612621895467
10.7328000000002,1.9958152736537076,0.9457403663253309,1.1174306716490103,0.021427229774974854,-0.37269256530030054,0.07663574542823424,2.3354532071971454,1.106704129239462,0.7610605268370334,0.08438225678400123,-0.3267232621298313,0.18906754977223778,1.9662204748315542,0.9009780634761562,1.0222193362921845,0.056888570362266556,-0.29875033044522287,0.14399108545856998,0.09000117304571391,0.09000117304571391,0.0,-0.03873841022216739,-1.1991607082717497,-0.05932625143826892,-0.0014751663760079296,0.14731934755845383,-1.5032103350518258,0,1.947496027997685
10.7369600000002,1.9959038606852333,0.9441670193208803,1.1177488837845593,0.021260887566143003,-0.37760328106813446,0.07637091253175166,1.9741366733615104,1.266030101516925,1.400428790945035,0.0983170040167557,-0.30335766691173893,0.17162893277234764,1.9703834998447756,1.082880281722022,1.2116828234600578,0.07742037585472442,-0.30327512276773794,0.1582265009667023,0.09000117304571391,0.09000117304571391,0.0,-0.03849377968797358,-1.187750190258114,-0.0592198586122793,-0.0015129564238262885,0.1492959701248704,-1.5042999074143628,0,1.9459104356292989
10.741120000000201,1.9959917589608025,0.9425734150533323,1.118065994299303,0.02109558613659213,-0.38246502421153555,0.07610652353848496,2.105808942253129,1.1142801504061797,1.1637510459716938,0.10073601636232167,-0.37966824564367285,-0.018545968205720575,2.0383063125017804,1.0977947336936087,1.1876774722589736,0.08926142578564643,-0.3433886110508066,0.07011699127526429,0.09000117304571391,0.09000117304571391,0.0,-0.03825054529215311,-1.1764175171937388,-0.05911193938223741,-0.0015473157156990058,0.151253176244402,-1.5053720734619005,0,1.944304688097613
10.745280000000202,1.9960789727934833,0.9409597561973378,1.1183820050729476,0.020931319843398872,-0.3872781254386613,0.07584258567471266,1.8932267721014968,0.8346844570716977,1.3055435233550283,-0.06499555082154777,-0.3409831480900076,-0.03874706456706488,1.9656323527079835,0.9655326767337882,1.2465310756702583,0.011174184349135075,-0.344185107596288,0.015525625452278128,0.09000117304571391,0.09000117304571391,0.0,-0.03800870004388892,-1.1651622292770045,-0.0590025283386757,-0.0015783786056409543,0.153191084435043,-1.506427117809765,0,1.9426789870505874
10.749440000000202,1.9961655064729327,0.9393262440569988,1.1186969180146698,0.020768083067826112,-0.39204291368137817,0.07557910601332099,1.590414332923117,1.3436872182953628,1.0219458104869008,-0.01200240247444255,-0.552995703631334,0.10063973865247541,1.7779965570398566,1.1534680559477377,1.134446482386487,-0.0007994381135483812,-0.4513068870238368,0.05794110401691486,0.09000117304571391,0.09000117304571391,0.0,-0.03776823697741819,-1.1539838688940076,-0.05889165954607212,-0.0016062753088417277,0.15510981320148104,-1.5074653203872639,0,1.9410335327781303
10.753600000000203,1.9962513642654962,0.9376730785732469,1.1190107350624858,0.020605870215230745,-0.3967597161004722,0.07531609147585185,1.7692366392376342,1.0417281902172844,1.0971652141358557,0.036795511390372626,-0.36770225948155716,0.015807805772107532,1.7736934260940893,1.0968382402240404,1.1158371544906993,0.017824616180412867,-0.4122550415916342,0.037508332529749125,0.09000117304571391,0.09000117304571391,0.0,-0.03752914915181223,-1.1428819806154769,-0.05877936654907151,-0.0016311320144477728,0.15700948100421924,-1.5084869565150025,0,1.9393685242192915
10.757760000000204,1.9963365504143087,0.9360004583312015,1.1193234581826297,0.020444675714978152,-0.40142885809090684,0.07505354883454463,1.802140291053252,0.46961081606333843,0.6226231272967055,0.025265493549185447,-0.517878671705079,0.08167690218323563,1.7879704094201512,0.7821487149464317,0.8693983094122928,0.021159765044901097,-0.4678241343363119,0.05875592356191154,0.09000117304571391,0.09000117304571391,0.0,-0.03729142965107658,-1.131856111193991,-0.0586656823785181,-0.001653070995541694,0.15889020623021838,-1.5094922969809257,0,1.937684158969438
10.761920000000204,1.9964210691393935,0.9343085805675051,1.1196350893689395,0.020284494020361414,-0.4060506632871282,0.07479148471437091,2.5919137612496566,1.138358277707224,0.7274196394832939,-0.05449803431975563,-0.3361052039465949,0.08440801785788705,2.1898350050778714,0.9595619381352594,0.7985823444124809,-0.016976109322214952,-0.40439569048319507,0.07215866207747941,0.09000117304571391,0.09000117304571391,0.0,-0.03705507158403726,-1.1209058095596776,-0.05855063955858347,-0.0016722107163811692,0.16075210716499275,-1.5104816081151025,0,1.9359806332874097
10.766080000000205,1.9965049246377624,0.9325976411776367,1.1199456306422522,0.020125319608525608,-0.41062545356841235,0.07452990559505579,1.8751312183471265,0.24191406505812973,1.3158891850610885,0.07501280554279036,-0.47460928564315086,0.04123601250573719,2.0326367574247834,0.5997507136637056,1.0573251001683883,0.029097379620342805,-0.4418576072586301,0.05672533973152865,0.09000117304571391,0.09000117304571391,0.0,-0.03682006808433345,-1.1100306268178106,-0.058434270111994924,-0.0016886659369581263,0.16259530196609523,-1.5114551518632793,0,1.9342581421026563
10.770240000000205,1.9965881210835141,0.9308678347232022,1.1202550840498067,0.01996714698039621,-0.41515354906426116,0.07426881781309226,1.8465118035735992,0.6816718498379841,1.063019255315911,0.0341921720356914,-0.3911598965384823,0.17811992198631527,1.9396451225115108,0.6399029787041104,1.0605430906268283,0.031151256422687533,-0.41878390971861257,0.11722791931129795,0.09000117304571391,0.09000117304571391,0.0,-0.03658641231030304,-1.0992301162451086,-0.058316605567213686,-0.001702547814938405,0.16441990863793127,-1.5124131858592178,0,1.932516879022357
10.774400000000206,1.9966706626279334,0.9291193544392029,1.1205634516646557,0.019809970660611635,-0.41963526815984153,0.07400822756373938,2.1600211692882403,1.0249932097348446,0.8219370844786337,0.001947153621819818,-0.22867293589079704,0.1530449186935135,2.0498382277531424,0.8319800383953241,0.9415564823277283,0.01679642015335029,-0.3260883071144436,0.1352613367266068,0.09000117304571391,0.09000117304571391,0.0,-0.036354097444867714,-1.0885038332856833,-0.05819767696414124,-0.001713964005040589,0.16622604500784385,-1.5133559634958402,0,1.930757036338518
10.778560000000207,1.9967525533995893,0.9273523922412801,1.1208707355850849,0.019653785197459455,-0.4240709275014658,0.07374814090300895,1.5921968161026752,0.6004437574419181,1.2154110649379328,-0.04232980397100314,-0.3981297695796783,0.1636304186941506,1.820926313983155,0.715386401831577,1.07882648465497,-0.012781735492248014,-0.36413472440937994,0.14922854100674807,0.09000117304571391,0.09000117304571391,0.0,-0.036123116695738505,-1.0778513355476127,-0.058077514860278234,-0.0017230187559119233,0.16801382870341233,-1.5142837339951993,0,1.928978805035051
10.782720000000207,1.9968337975044343,0.9255671387329379,1.1211769379340417,0.01949858516281467,-0.4284608420021155,0.07348856374963789,2.3538255521781775,0.580431181220695,1.2123763366766225,0.04318637768264706,-0.4760731077170747,0.17307501356751087,2.0874683042812414,0.6469233982286865,1.1459630767967348,0.01576812962396447,-0.4228708274637982,0.1607941298263837,0.09000117304571391,0.09000117304571391,0.0,-0.035893463295300645,-1.0672721827992735,-0.05795614933754939,-0.0017298130045582598,0.16978337713091246,-1.515196742477295,0,1.9271823747948327
10.786880000000208,1.9969143990259013,0.9237637832127421,1.1214820608585712,0.01934436515208096,-0.4328053248470071,0.07322950188704253,1.8566579850269573,1.214108530637124,1.3844761014416573,0.22217645563823185,-0.37453842677421745,0.03658678302234556,1.9725228727388708,0.9297450375609729,1.265296588460812,0.1193328795609162,-0.4006951573184634,0.09906821358696911,0.09000117304571391,0.09000117304571391,0.0,-0.03566513050039103,-1.0567659369646898,-0.05783361000787135,-0.0017344444683837436,0.17153480745488633,-1.5160952300277541,0,1.9253679340067422
10.791040000000208,1.996994362025002,0.9219425136814955,1.1217861065292598,0.019191119784135128,-0.43710468749919534,0.07297096096525912,2.3428613710971136,1.303090409835021,0.8054193301575887,0.06474294699407103,-0.33313561054464474,0.12590477854049298,2.157829398153479,1.1157302064118366,1.035616885343205,0.09203113976630262,-0.3682576889723171,0.11235699886644226,0.09000117304571391,0.09000117304571391,0.0,-0.03543811159260987,-1.0463321621206756,-0.05770992601917024,-0.0017370077348946823,0.17326823657877266,-1.5169794337643951,0,1.9235356697726806
10.795200000000209,1.9970736905404238,0.9201035168493904,1.1220890771396885,0.019038843701272182,-0.44135923970522,0.07271294650286801,1.8815434607132195,0.9705441441274453,1.246947724776405,-0.06982644731103888,-0.3312534641623392,0.0356584097109593,2.0195383824336566,1.042451497007668,1.1413580912253976,0.011534260942878136,-0.3518424896018186,0.07394581108726156,0.09000117304571391,0.09000117304571391,0.0,-0.035212399877883924,-1.0359704244911747,-0.05758512606206678,-0.0017375943491218819,0.17498378112655122,-1.5178495869026916,0,1.9216857679145662
10.79936000000021,1.9971523885886286,0.9182469781431372,1.1223909749058922,0.018887531569154015,-0.4455692895007856,0.07245546388889776,1.5163571304964851,0.5099754170946099,1.0330750024935722,-0.03967106108324297,-0.4511786649450241,0.1413221238402939,1.7678614922467484,0.7752762468867641,1.0875091248230373,-0.013955222159607955,-0.4038864430952217,0.10792307785533027,0.09000117304571391,0.09000117304571391,0.0,-0.03498798868709845,-1.0256802924443567,-0.05745923837508743,-0.001736292898813442,0.17668155742535574,-1.5187059188201573,0,1.9198184129813123
10.80352000000021,1.9972304601639486,0.9163730817130685,1.1226918020658285,0.01873717807675691,-0.4497351432164833,0.07219851838471492,2.3738399880448955,0.30532697703754885,1.2693086240246763,0.10941629639680053,-0.39777046997218735,0.049046767777183295,2.0710820220794965,0.5394743753195773,1.1785123548974341,0.04798282559557388,-0.40246505114292075,0.0783961364226653,0.09000117304571391,0.09000117304571391,0.0,-0.0347648713754465,-1.0154613364877638,-0.05733229075161067,-0.0017331890974505062,0.17836168148901255,-1.5195486551196684,0,1.917933788255782
10.807680000000211,1.9973079092386832,0.9144820104402204,1.122991560878853,0.018587777936323095,-0.4538571054835473,0.07194211512589149,1.508772383051334,1.0172765665991301,1.2716869810184384,-0.0023616662946926888,-0.5764744848408987,0.19436703937032535,1.7899179339475524,0.7771860481848211,1.2255044862648343,0.023016554389032214,-0.4924801959801847,0.13642776351619768,0.09000117304571391,0.09000117304571391,0.0,-0.03454304132263251,-1.0053131292632225,-0.05720431054469799,-0.0017283658651358787,0.1800242690024643,-1.52037801769174,0,1.9160320757617213
10.811840000000212,1.997384739763197,0.9125739459433885,1.1232902536252032,0.018439325883312572,-0.4579354792396439,0.07168625912405836,1.6731640451830851,0.8225757944532819,1.3760045886086634,0.12218999145774222,-0.6357627140893223,0.07068403902144044,1.7317943000458258,0.798564209294783,1.3009031103390614,0.07260854432186285,-0.5666791411511426,0.10332015287156308,0.09000117304571391,0.09000117304571391,0.0,-0.034322491933289984,-0.9952352455435453,-0.057075324673872385,-0.001721903407405521,0.181669435307038,-1.5211942247757748,0,1.9141134562706714
10.816000000000212,1.997460955666015,0.9106490685861606,1.1235878826054895,0.018291816676354176,-0.4619705657346998,0.07143095526873602,1.9539787612917403,1.1368553548532332,1.2685036740360403,-0.1280623482446105,-0.4373878992672464,0.1856431386312366,1.842622539348732,0.9668054106675311,1.2850899808105016,-0.028108301379323884,-0.5034917610841309,0.14414795950916143,0.09000117304571391,0.09000117304571391,0.0,-0.034103216636223246,-0.9852272622265372,-0.056945359630209746,-0.0017138792920119174,0.18329729538652134,-1.5219974910203014,0,1.9121781093088597
10.820160000000213,1.99753656085392,0.9087075574839241,1.1238844501401943,0.018145245097200606,-0.4659626645367581,0.07117620832914937,1.8692928408111655,0.11538090095415343,0.7585441268525094,-0.06031303528557925,-0.4878208006382343,0.05070189992045761,1.855832603093701,0.5400778867921324,1.0219177575956115,-0.0442931129885115,-0.4982258587255546,0.09794550859272282,0.09000117304571391,0.09000117304571391,0.0,-0.033885208885144937,-0.9752887583317587,-0.056814441482949785,-0.0017043685237263073,0.18490796385400957,-1.5227880275422179,0,1.9102262131640677
10.824320000000213,1.9976115592120478,0.9067495905108496,1.1241799585691779,0.01799960595068107,-0.46991207353787295,0.07092202295601945,1.8952199326811159,0.554811621764739,0.9220422178004892,0.05424866968215422,-0.4184509123696892,0.16806181942247853,1.875640149889989,0.5465787283098676,0.9723288900050645,0.004600873603710707,-0.4603806301237283,0.13298114940909142,0.09000117304571391,0.09000117304571391,0.0,-0.03366846215813122,-0.9654193149942689,-0.056682595883990716,-0.0016934436172074143,0.18650155493949017,-1.5235660419850576,0,1.9082579448924775
10.828480000000214,1.9976859546039838,0.9047753443068495,1.1244744102511919,0.017854894064656776,-0.4738190889600293,0.07066840368334101,1.749955593299396,0.9589145642045335,1.0693238429094851,0.11658496507777809,-0.519080375240538,0.10825404057005908,1.813038418970456,0.7516744328593096,1.021052426299692,0.06109855789860825,-0.4919257884593621,0.12051537966941304,0.09000117304571391,0.09000117304571391,0.0,-0.033452969957824444,-0.9556185154606974,-0.05654984807475821,-0.0016811746679816608,0.18807818247813055,-1.5243317385762938,0,1.9062734803254955
10.832640000000215,1.9977597508718588,0.9027849942845115,1.1247678075634007,0.017711104289976007,-0.477684005361097,0.0704153549301353,2.109208319932992,0.8090208756728829,1.5440825630108792,0.10642723974980306,-0.5005599291231935,0.10631445777942589,1.961346836277965,0.7793100965616362,1.282791929443255,0.08374614010357545,-0.49777670492409715,0.11358704678483272,0.09000117304571391,0.09000117304571391,0.0,-0.03323872581174303,-0.9458859450835794,-0.05641622289095927,-0.0016676294215802767,0.1896379598992382,-1.5250853181836967,0,1.904272994076554
10.836800000000215,1.997832951836444,0.9007787146360081,1.1250601529009099,0.017568231500428282,-0.4815071156408118,0.07016288100218664,1.8932141437062577,0.22688476900182075,1.377431336065265,-0.007793431619121011,-0.5445942538893261,-0.14876080492634125,1.9272644156507477,0.5019649190093797,1.3298045452562075,0.03768768590359211,-0.5231500760692664,-0.01837232435058434,0.09000117304571391,0.09000117304571391,0.0,-0.03302572327162903,-0.9362211913169505,-0.05628174476928216,-0.001652873340877242,0.19118100021586273,-1.525826978370763,0,1.902256659547889
10.840960000000216,1.997905561297247,0.8987566783399799,1.1253514486763005,0.017426270592701493,-0.4852887110467867,0.06991098609375448,2.111963040679482,1.0959511683624554,1.5902670913552215,-0.11443718809674752,-0.464292438731608,0.12025479644305492,2.0193774165505807,0.798001596874719,1.4602875072324193,-0.038567920057862956,-0.49618284157143605,0.05105744664876546,0.09000117304571391,0.09000117304571391,0.0,-0.03281395591407778,-0.9266238437110609,-0.05614643775069539,-0.0016369696716706488,0.19270741601501104,-1.5265569134512271,0,1.9002246489372987
10.845120000000216,1.9979775830326068,0.8967190571683942,1.1256416973191725,0.01728521648633657,-0.4890290811805512,0.06965967428927484,2.0586015300782536,0.5771842260691582,0.848371620425759,-0.11925937393751121,-0.4784032378378536,0.009972396364313615,2.0387420519622323,0.6866003339411328,1.1543459931768136,-0.07908168301020696,-0.4892331278361524,0.030532491809990882,0.09000117304571391,0.09000117304571391,0.0,-0.03260341734020592,-0.9170934939059947,-0.056010325488258905,-0.0016199795065501366,0.194217319448448,-1.5272753145426758,0,1.8981771332448734
10.849280000000217,1.9980490207997887,0.8946660216933792,1.1259309012756935,0.017145064123683676,-0.4927285140036111,0.06940894956503184,2.151443881206222,1.2407049274079198,1.4831740338584554,-0.050403025586283165,-0.596895059312326,0.18443658753682074,2.0949880556012466,0.962418834749539,1.3191466079278773,-0.06432932937755062,-0.5449089496665085,0.10715219004395207,0.09000117304571391,0.09000117304571391,0.0,-0.0323941011757465,-0.9076297356284712,-0.05587343125110872,-0.0016019618470913166,0.19571082222405511,-1.5279823696192751,0,1.8961142822797066
10.853440000000218,1.9981198783350798,0.892597741294031,1.1262190630081552,0.017005808469858,-0.49638729584354346,0.06915881579081525,2.2526237790473913,0.6788772043388338,0.4268505347453566,-0.008757812021795822,-0.507963529330481,0.17710753098270166,2.173791035704441,0.819592833834242,0.8733614557781283,-0.03762002923872322,-0.5280483144507783,0.14176487029168516,0.09000117304571391,0.09000117304571391,0.0,-0.03218600107114392,-0.8982321646843464,-0.05573577792995754,-0.001582973664417637,0.19718803559772402,-1.5286782635636287,0,1.8940362646665816
10.857600000000218,1.9981901593538827,0.8905143841631973,1.1265061849945368,0.016867444512695163,-0.5000057114001067,0.06890927673155758,1.3593643559783137,1.4922885247953213,1.2666579968246443,0.060885164934231586,-0.4043375243780656,-0.046118191893124716,1.7666998628295634,1.1551071645343867,1.0699169034832108,0.01103648986160713,-0.4675415651710838,0.047667265321192705,0.09000117304571391,0.09000117304571391,0.0,-0.031979110701435096,-0.8889003789547214,-0.0555973880428306,-0.0015630699581692293,0.1986490703657582,-1.5293631782177792,0,1.8919432478526343
10.861760000000219,1.9982598675508105,0.8884161173142332,1.1267922697280741,0.016729967262706997,-0.5035840437513818,0.06866033604894926,1.9607026110403003,1.2664203487194206,1.2209990786935732,0.033267176419240735,-0.5020348560207649,0.16218760529557147,1.8637718228603486,1.209724200139241,1.14579720881521,0.022134237481290175,-0.48665284835279166,0.10452820840065509,0.09000117304571391,0.09000117304571391,0.0,-0.031773423766130036,-0.8796339783892477,-0.055458283739324654,-0.0015423038139173945,0.2000940368577616,-1.5300372924333676,0,1.8898353981139924
10.86592000000022,1.9983290065997816,0.8863031065877335,1.1270773197168367,0.01659337175303772,-0.5071225743599297,0.06841199730303807,2.348213257272382,0.6801328157455725,1.628378274859124,0.17845852907911033,-0.5109487189242863,0.1441850929115691,2.1063673687230677,0.9438663826133225,1.3873918134911722,0.10016605582655765,-0.5008855545509301,0.12397232633509289,0.09000117304571391,0.09000117304571391,0.0,-0.03156893398973394,-0.8704325650013296,-0.05531848680681162,-0.001520726459062177,0.20152304492999046,-1.5307007821209653,0,1.8877128805623906
10.87008000000022,1.9983975801541125,0.8841755166582378,1.127361337483311,0.01645765303941774,-0.5106215830789761,0.06816426395380458,2.384368724315199,0.9619070619475929,1.582967201846858,0.0793963320154802,-0.6012575229574402,0.22373799681045975,2.2455348593727655,0.9516404223839416,1.4856460781233152,0.08991452078523691,-0.5530711744711826,0.17392888612458637,0.09000117304571391,0.09000117304571391,0.0,-0.031365635120879434,-0.8612957428622341,-0.05517801867516625,-0.0014983873172508134,0.202936203959149,-1.5313538202985908,0,1.8855758591517642
10.87424000000022,1.998465591846613,0.8820335110409102,1.127644325563989,0.016322806200120825,-0.5140813481586142,0.0679171393627194,1.5773765441136622,0.8271210567105669,0.616436305868334,0.049021634615357024,-0.4490733219412637,-0.013108552928797479,1.911554301655253,0.8884503978565081,1.0510082235090004,0.06883994737322158,-0.5032854995623935,0.0802397991674134,0.09000117304571391,0.09000117304571391,0.0,-0.031163520933382385,-0.8522231180949582,-0.05503690042087028,-0.0014753340613521345,0.20433362283660672,-1.5319965771394264,0,1.8834244966848146
10.878400000000221,1.9985330452896792,0.8798772520981935,1.1279262865089652,0.01618882633591667,-0.5175021462520272,0.0676706267942849,2.3023514197061905,0.25911238744889986,1.08830113485968,0.020156365755513817,-0.6037152628180097,-0.02678543892748625,2.1069964910783376,0.5725238748970217,1.0695998120145622,0.04499598337511582,-0.5547423055079935,0.026452831667733254,0.09000117304571391,0.09000117304571391,0.0,-0.030962585225374165,-0.8432142988689284,-0.05489515277327456,-0.0014516126650235342,0.20571540996301935,-1.5326292200187461,0,1.881258954819555
10.882560000000222,1.9985999440753877,0.8777069010464362,1.1282072228815383,0.01605570857002671,-0.5208842524217316,0.06742472941755209,2.1535341447899548,0.8780665186455132,1.20510476655504,0.11255698119422601,-0.4328681944232571,-0.07545769711379385,2.130499784522944,0.7244006761844443,1.1371978141718337,0.0787598025539709,-0.4955895636942423,-0.025229912932339556,0.09000117304571391,0.09000117304571391,0.0,-0.030762821819822594,-0.8342688953939243,-0.05475279611874284,-0.001427267452904077,0.20708167324333443,-1.5332519135600695,0,1.8790793940758288
10.886720000000222,1.998666291775588,0.8755226179624952,1.12848713725782,0.015923448048077504,-0.5242279401458382,0.06717945030762151,1.8742700423964167,0.6683510440758003,1.7099019661084398,-0.008168444125398376,-0.5640425989903843,0.27754775001818865,2.002365732292408,0.6952041500619524,1.4241302927883566,0.03549265222134828,-0.5307129468393424,0.1265704134522388,0.09000117304571391,0.09000117304571391,0.0,-0.03056422456419796,-0.8253865199138695,-0.05460985050588352,-0.0014023411494681302,0.2084325200821638,-1.5338648196805535,0,1.876885973841805
10.890880000000223,1.9987320919419966,0.8733245617903105,1.1287660322263497,0.01579203993805508,-0.5275334813243284,0.06693479244712339,2.3485046815432438,0.5569837164705549,0.7154943506614642,0.17377625787148038,-0.4348460221777855,-0.03867259612668093,2.1757985187103452,0.6251910770570442,1.069727529273738,0.10489481166163664,-0.4840252442613862,0.04366901193248364,0.09000117304571391,0.09000117304571391,0.0,-0.030366787330779986,-0.8165667867015587,-0.05446633564994402,-0.001376874926572332,0.2097680573795059,-1.5344680976356346,0,1.8746788523804496
10.895040000000224,1.9987973481062893,0.8711128903474549,1.129043910387715,0.015661479430257676,-0.5308011462853522,0.06669075872768039,2.9228088570418875,1.2471569386122245,0.8740734619809434,0.08431709830837367,-0.4158659288337474,0.01635831821669957,2.549484678511148,0.9353148069513353,0.9719323648296255,0.09442150963661021,-0.4506404044856793,0.030393609064925706,0.09000117304571391,0.09000117304571391,0.0,-0.030170504016216487,-0.807809312051541,-0.05432227093743719,-0.0013509084497284776,0.21108839152680242,-1.535061904062934,0,1.8724581868359707
10.899200000000224,1.9988620637801946,0.8688877603316568,1.1293207743541789,0.01553176173724988,-0.5340312037915356,0.06644735195135212,2.444133226276832,1.1787577213450409,1.1161745496483944,0.010756000395583328,-0.5453134939374666,0.00812460089627342,2.4968302209021096,1.0559067835066098,1.0440725919793916,0.052770318569883415,-0.49943843759408496,0.018670795158885162,0.09000117304571391,0.09000117304571391,0.0,-0.02997536854236451,-0.7991137142747955,-0.054177675431642036,-0.0013244799231334923,0.21239362840331258,-1.5356463930254385,0,1.8702241332402407
10.903360000000225,1.9989262424555856,0.8666493273272972,1.1295966267493125,0.015402882093812853,-0.5372239210463067,0.0662045748320573,2.285936020899474,-0.004296978286348896,1.2017853625962518,0.10906423481610798,-0.6707331953733394,0.08129504469662402,2.3916082575829614,0.5244078322122514,1.1230995769722218,0.0810281243945282,-0.5876972876404438,0.049784286410657685,0.09000117304571391,0.09000117304571391,0.0,-0.029781374855100594,-0.7904796136928434,-0.05403256787641203,-0.0012976261334882728,0.21368387337279143,-1.5362217160539668,0,1.8679768465191935
10.907520000000225,1.9989898876045726,0.8643977458118794,1.1298714702076333,0.015274835756899042,-0.5403795637002383,0.06596242999698092,2.405646483715673,0.9808724951376034,0.9158753946322475,-0.17131828077060476,-0.5951337777993994,-0.01587047391173574,2.398270691281161,0.7514100069826934,1.0194533100241654,-0.044917090986686094,-0.593583699466351,0.016824360205844956,0.09000117304571391,0.09000117304571391,0.0,-0.029588516925267823,-0.781906632630341,-0.053886966700640915,-0.0012703824926342873,0.2149592312804578,-1.536788022188937,0,1.8657164804991964
10.911680000000226,1.9990530026795958,0.8621331691624736,1.1301453073742498,0.015147618005582505,-0.5434983958573976,0.06572091998796327,1.6751151253424008,0.6195918136342774,1.2376893922699692,-0.12145396173891171,-0.7610302543105579,0.0329276128000873,2.0364354441720756,0.6839186495265545,1.1286421577730932,-0.08328489180153029,-0.6780571342303502,0.024494591515967043,0.09000117304571391,0.09000117304571391,0.0,-0.029396788748447936,-0.7733943954096729,-0.05374089002317439,-0.0012427830790384823,0.21621980645023764,-1.5373454580214425,0,1.8634431879133961
10.915840000000227,1.9991155911135168,0.8598557496621332,1.1304181409045118,0.015021224141009688,-0.5465806800817127,0.06548004726286913,1.8870027837819747,0.8400507626051341,1.2239257275164945,0.006033978385091064,-0.5864312060497399,0.0792004112764019,1.9617317491901463,0.7607702288133296,1.176449367493866,-0.03917469496619277,-0.6342647678980712,0.051832675272713256,0.09000117304571391,0.09000117304571391,0.0,-0.029206184344732777,-0.764942528344668,-0.05359435565774057,-0.0012148606781550997,0.21746570268227045,-1.537894167733651,0,1.861157120408043
10.920000000000227,1.99917765631971,0.8575656385062859,1.1306899734636657,0.014895649486350675,-0.5496266774033514,0.06523981419693677,2.5235501009030323,0.9019808195068373,1.380971492682409,0.028860661097484176,-0.5117279872317965,0.026978403770356735,2.2427043994249063,0.830315461712113,1.2787689562064382,-0.00492755232970423,-0.5746048066141525,0.0389355807990201,0.09000117304571391,0.09000117304571391,0.0,-0.02901669775870902,-0.7565506597334295,-0.05344738111597114,-0.0011866468216922045,0.21869702325066667,-1.538434293138536,0,1.8588584285487857
10.924160000000228,1.9992392016921547,0.8552629858090979,1.1309608077265163,0.014770889386749985,-0.5526366473251071,0.06500022308411481,2.1005783252547894,1.4971939361298787,1.378138804678715,-0.01570483616477776,-0.34341524818159075,0.17585444608393547,2.171608027588565,1.163050016038226,1.3288200162988395,-0.01047195759970101,-0.4614022568163817,0.1075457032689617,0.09000117304571391,0.09000117304571391,0.0,-0.028828323059870573,-0.7482184198533866,-0.05329998361279159,-0.001158171825810649,0.21991387090150324,-1.5389659737189512,0,1.8565472618269456
10.928320000000229,1.9993002306055268,0.8529479406098112,1.131230646377093,0.014646939209275138,-0.5556108478288021,0.06476127613837694,1.8602976855271582,1.449629608960548,0.9539871015421194,-0.04424210983046426,-0.5569107228069423,0.03075772610353044,2.015859155897087,1.3051857296258986,1.1414656829659737,-0.02759530575077691,-0.5102418224201284,0.06878553786049103,0.09000117304571391,0.09000117304571391,0.0,-0.0286410543420689,-0.7399454409527906,-0.05315218007033162,-0.0011294648282825749,0.22111634785104783,-1.5394893466660624,0,1.8542237686657612
10.93248000000023,1.9993607464152887,0.8506206508790541,1.1314994921083221,0.014523794342866995,-0.5585495353816913,0.06452297549502062,2.3151301174531187,0.651935182232021,0.994498318174811,-0.09393485720895656,-0.5156108164191612,0.030491407280894264,2.165300295395546,0.9774871136972765,1.0680434022613272,-0.06025419935158308,-0.5146975586089023,0.050117503425651834,0.09000117304571391,0.09000117304571391,0.0,-0.028454885723924732,-0.7317313572458177,-0.05300398712227983,-0.0011005538246352878,0.2223045557841986,-1.5400045469171422,0,1.8518880964266111
10.93664000000023,1.9994207524577816,0.8482812635251255,1.1317673476217052,0.014401450198287832,-0.5614529649428818,0.06428532321194771,2.516984631022747,0.9860323768622719,0.7684453718477905,-0.11849449747695782,-0.5479687962804578,0.06992387595222119,2.3408994704567303,0.9806239651268195,0.9183887643208654,-0.08985696307629856,-0.5332155451627089,0.059522201255660066,0.09000117304571391,0.09000117304571391,0.0,-0.02826981134859865,-0.7235758049055092,-0.05285542111804048,-0.0010714657033064961,0.2234785958531311,-1.5405117071927419,0,1.8495403914152095
10.94080000000023,1.9994802520503152,0.8459299244002515,1.1320342156270007,0.014279902208069848,-0.564321389969759,0.06404832127092817,2.151431086021169,0.8751317914655348,0.8749929837942629,0.05814103620589002,-0.5325951097176337,0.07560599121790762,2.2462867836751923,0.9267726957549679,0.8968483331164634,-0.016780821172922015,-0.5345103851039511,0.06732050403431686,0.09000117304571391,0.09000117304571391,0.0,-0.028085825383774903,-0.715478422057005,-0.05270649812669209,-0.0010422262798357603,0.2246385686761418,-1.5410109580332498,0,1.8471807988877769
10.944960000000231,1.9995392484912589,0.8435667783068164,1.1323000988419125,0.014159145826463182,-0.5671550624244192,0.06381197157884716,2.147348350132444,0.7171179652242319,1.536392369380592,-0.11246464115001409,-0.44247503257586895,0.1876325613403505,2.196584397681353,0.8210247359383546,1.2170145627559141,-0.0653120328248462,-0.48907930199875205,0.12772558132863762,0.09000117304571391,0.09000117304571391,0.0,-0.027902922021859008,-0.7074388487707488,-0.05255723394096162,-0.001012860330116658,0.22578457433667887,-1.541502427834845,0,1.8448094630571858
10.949120000000232,1.9995977450601312,0.841191969003566,1.132564999991783,0.014039176529382554,-0.569954232780108,0.06357627596893574,1.8005367538848136,1.0622778496595424,0.8581529682224074,-0.2520554092711675,-0.5161134608619494,-0.06677089768830093,1.99803291985841,0.9405830523502282,1.0374430720606067,-0.15837525191334714,-0.5043123764445598,0.030153574612265702,0.09000117304571391,0.09000117304571391,0.0,-0.02772109547953367,-0.6994567270563103,-0.05240764408164211,-0.0009833916227336142,0.22691671238255084,-1.5419862428848585,0,1.842426527099079
10.953280000000232,1.999655745017691,0.838805639211784,1.1328289218092913,0.013919989814355212,-0.5727191500276683,0.06334123620198316,1.3777993949910812,1.0754201720431242,1.437802653331769,0.13483280700294833,-0.4151600741957634,0.04592332816067102,1.6881921943316731,1.0071427986941324,1.2377219708278315,-0.011755686315966282,-0.4615517283720204,0.03765881391085352,0.09000117304571391,0.09000117304571391,0.0,-0.027540339998383366,-0.6915317008550028,-0.052257743801170264,-0.0009538429504064674,0.2280350818253052,-1.5424625273965495,0,1.8400321331579654
10.957440000000233,1.9997132516060263,0.8364079306214424,1.133091867034156,0.013801581200465709,-0.5754500616819892,0.06310685396753422,2.3157406184350187,0.7429345460811704,1.3022703734913883,-0.055734536961497716,-0.518238056894882,0.1295905346088304,2.0018547391492723,0.8739623903505048,1.2702649910842188,-0.03367869169611395,-0.4915678634196196,0.08418487744683464,0.09000117304571391,0.09000117304571391,0.0,-0.027360649844129364,-0.6836634160341846,-0.05210754808786061,-0.0009242361605659972,0.22913978113976852,-1.5429314035433088,0,1.837626422353288
10.961600000000233,1.9997702680486442,0.8339989838973237,1.1333538384128439,0.013683946228303299,-0.5781472137884659,0.06287313088506895,1.5750460916207785,1.2372758575048357,1.476056957452723,-0.0017645515408415604,-0.5941203244687507,-0.044749258899015,1.7884434058149492,1.0543891163059902,1.3730706467600275,-0.017554040428174048,-0.5443776913662718,0.019096344977940362,0.09000117304571391,0.09000117304571391,0.0,-0.02718201930725365,-0.6758515203787558,-0.051957071669084975,-0.0008945921850820664,0.23023090826374032,-1.5433929914922957,0,1.835209534785466
10.965760000000234,1.9998267975505606,0.8315789386851177,1.133614838698282,0.013567080459906187,-0.5808108509294556,0.06264006850516891,2.2740972507667214,0.45415467946215354,0.6105790949563019,0.13785216288787425,-0.25027534407842694,-0.019598736427237223,2.0315599691204294,0.7537498632280079,0.9917783145766792,0.06037280974692843,-0.39865845969710745,-2.9478848400668828e-05,0.09000117304571391,0.09000117304571391,0.0,-0.02700444270266116,-0.6680956635859396,-0.05180632901617738,-0.0008649310691665828,0.2313085605978325,-1.543847409437521,0,1.8327816095419132
10.969920000000235,1.9998828432983886,0.8291479336174896,1.1338748706495765,0.013450979478706599,-0.5834412162307442,0.06240766831066294,2.4528914147550114,0.6411108634223631,0.9968855120624931,-0.16995107824174577,-0.5183989708696903,-0.17978786426817528,2.2418746792865663,0.6963527720725813,0.9939591493539955,-0.05454954809414439,-0.45921908783981874,-0.09045196911677227,0.09000117304571391,0.09000117304571391,0.0,-0.026827914369555103,-0.6603954972579007,-0.05165533434721614,-0.0008352719994722295,0.23237283500544828,-1.5442947736323827,0,1.830342784703028
10.974080000000235,1.9999384084604281,0.8267061063201229,1.1341339370317338,0.013335638889475827,-0.5860385513680136,0.06217593171776115,2.4637563094843107,0.6471307103190198,1.3450807415980188,0.010049248302834065,-0.4160964308906409,0.07795094943702069,2.352837761212122,0.6708790876789014,1.1696850473837022,-0.022163919372791527,-0.4391796660384396,-0.006506144566474964,0.09000117304571391,0.09000117304571391,0.0,-0.026652428671739732,-0.6527506748938008,-0.05150410163110142,-0.0008056333314074306,0.23342382781289364,-1.5447351984216655,0,1.8278931973481605
10.978240000000236,1.9999934961867543,0.8242535934177341,1.1343920406153887,0.013221054318267424,-0.5886030965733072,0.06194486007717179,1.904719183273154,1.2420165056112944,0.8735140472963268,-0.15037484811094332,-0.6196701493624788,-0.04435726726211718,2.1284643796156426,0.9551655381732108,1.0215051777864157,-0.0871355263375445,-0.5306831893459033,-0.02541232158624183,0.09000117304571391,0.09000117304571391,0.0,-0.026477979997388677,-0.6451608518847141,-0.051352644591220215,-0.0007760326156882318,0.23446163480961324,-1.545168796273011,0,1.8254329835615517
10.982400000000236,2.0000481096093057,0.8217905305400611,1.1346491841765354,0.013107221412360814,-0.5911350906415045,0.06171445467520253,2.3683346200338464,0.20993489779378938,0.869472729739827,0.026848947756349002,-0.5474404637403084,0.06340250155183122,2.2484568851324,0.5814102263483664,0.9456206135954429,-0.030084126265379024,-0.5409280072404622,0.018581502767963262,0.09000117304571391,0.09000117304571391,0.0,-0.026304562759026564,-0.6376256855049889,-0.051200976709125406,-0.0007464866241464201,0.235486351248547,-1.5455956778078683,0,1.8229622784382469
10.986560000000237,2.000102251841973,0.8193170523278245,1.134905370496264,0.012994135840204403,-0.5936347709367903,0.06148471673484629,1.6907813369002784,0.2933276568947111,1.5921233100761993,0.025644743286797417,-0.5182851767431947,-0.02495323093721946,1.9696700557378712,0.4362919340153136,1.2688255107208395,-0.0029477494041600934,-0.5310632129671932,-0.0036288075243989804,0.09000117304571391,0.09000117304571391,0.0,-0.026132171393617395,-0.6301448349063601,-0.051049111227800203,-0.0007170113748131471,0.23649807184659946,-1.5460159518319347,0,1.8204812160899853
10.990720000000238,2.000155925980687,0.8168332924386614,1.1351606023605008,0.012881793291357756,-0.5961023733991286,0.06125564741685312,2.301522079445243,1.7395784708913062,1.7782268171584188,0.06249041815449222,-0.5406484357623705,0.18859306504605172,2.1357276714023854,1.086819456849645,1.523921328453022,0.030102083852253936,-0.5356954166853465,0.09279107624811682,0.09000117304571391,0.09000117304571391,0.0,-0.025960800362438977,-0.622717961110218,-0.05089706115536363,-0.00068762215629703,0.23749689078521716,-1.5464297253650918,0,1.8179899296510615
10.994880000000238,2.0002091351035056,0.8143393835530334,1.135414882559754,0.012770189476433741,-0.5985381325507342,0.06102724782078635,1.5039996795279995,0.8619615920958323,1.1721944704813823,0.009667963524994407,-0.6116301587371729,0.10207386436821667,1.8198796604702936,0.9731205115827214,1.3482687044164632,0.019743796445184765,-0.5754531236938275,0.09697244253471606,0.09000117304571391,0.09000117304571391,0.0,-0.025790444150849908,-0.6153447270010279,-0.050744839269004416,-0.0006583335514746857,0.23848290171106834,-1.5468371036708495,0,1.8154885512841612
10.999040000000239,2.0002618822707015,0.8118354573801061,1.1356682138888627,0.012659320127041067,-0.6009422815025447,0.06079951898606214,2.334534303565003,0.5749245051336229,1.2663406691914993,-0.12045325450904015,-0.6089185109575099,0.13433435612900588,2.0769586847440555,0.7727572092085102,1.3075837024303523,-0.049692155652989005,-0.5941166420314364,0.115565724138237,0.09000117304571391,0.09000117304571391,0.0,-0.025621097268697796,-0.6080247973189703,-0.0505924581172158,-0.0006291594605117216,0.23945619773681984,-1.5472381902853016,0,1.8129772121861738
11.00320000000024,2.00031417052485,0.8093216446636032,1.1359205991467503,0.012549180995724576,-0.6033150519606916,0.06057246189297929,2.0944493026816096,0.9766433347389086,1.4603777915946954,0.10429435107136119,-0.8193642060610526,0.19779241439670026,2.0859222751796205,0.8729992229480785,1.3843931641880418,0.02669988019699111,-0.7075809303939236,0.15669999554671243,0.09000117304571391,0.09000117304571391,0.0,-0.025452754250193207,-0.6007578386525587,-0.05043993002439587,-0.0006001131232317581,0.24041687144200646,-1.5476330870456056,0,1.8104560425939746
11.00736000000024,2.0003660028909165,0.8067980751876326,1.1361720411361824,0.012439767855905493,-0.6056566742329671,0.06034607746372957,2.2835686600236156,0.6504687347377319,1.7874301015136447,-0.025786401706538977,-0.5830642659361275,-0.03172687405214282,2.184692004133827,0.7605226834928365,1.5858489798979194,0.0010426472706543811,-0.6467819761236243,0.06224965212134572,0.09000117304571391,0.09000117304571391,0.0,-0.025285409653569277,-0.5935435194326166,-0.050287267093322624,-0.0005712071408504989,0.2413650148739872,-1.5480218941179902,0,1.8079251717901856
11.01152000000024,2.000417382376341,0.8042648777824856,1.13642254266353,0.012331076501822536,-0.6079673772352945,0.060120366563397414,2.082195977123361,1.2650950572830488,0.5943927804708449,0.06852623347807077,-0.6945219332520226,0.08578924496303564,2.1335860777292233,1.0113690969197262,1.0902935541625147,0.034649457213574514,-0.6712649475522188,0.07345413764296492,0.09000117304571391,0.09000117304571391,0.0,-0.025119058061168296,-0.5863815099233443,-0.050134481209352516,-0.0005424534970910408,0.24230071954898547,-1.5484047100253013,0,1.8053847281089055
11.015680000000241,2.0004683119711264,0.8017221803304098,1.136672106538534,0.012223102748472122,-0.6102473884981875,0.059895330000941695,1.9491707555318791,0.8826817845447785,1.0515357364178026,0.06775363115207482,-0.5664903079276106,0.07323783208917017,2.0415174185795397,0.9458486858259676,1.071066893782519,0.051503886280416876,-0.6200522537147176,0.07325601437907793,0.09000117304571391,0.09000117304571391,0.0,-0.02495369407952832,-0.5792714822169891,-0.04998158404249259,-0.0005138635786968318,0.24322407645320682,-1.5487816316740937,0,1.8028348389414197
11.019840000000242,2.0005187946479244,0.7991701097713547,1.1369207355740762,0.01211584243154765,-0.6124969341732147,0.05967096853016852,1.4653756327316108,1.0809572371626623,1.1210641704248463,-0.05091859343652462,-0.6811747502682551,0.19095246096765253,1.753337488643331,1.0119875909384022,1.0964620033735804,-0.0001353439558165714,-0.6508537002504449,0.13260357895553607,0.09000117304571391,0.09000117304571391,0.0,-0.024789312339255794,-0.5722131102257149,-0.049828587051408746,-0.0004854481953582945,0.2441351760440325,-1.5491527543812733,0,1.8002756307418792
11.024000000000242,2.000568833362122,0.7966087921086903,1.1371684325859541,0.012009291407378773,-0.6147162390394564,0.05944728285068685,1.7678900972333316,0.3135868063346528,0.8645427664786284,0.10777463528150256,-0.6222017801958954,0.12512372226414187,1.7608380555620569,0.6614906464221818,0.9807617322094132,0.05381625636282745,-0.6377299490651226,0.1285196404543231,0.09000117304571391,0.09000117304571391,0.0,-0.02462590749553964,-0.5652060696737609,-0.04967550148659208,-0.0004572175990681144,0.24503410825128322,-1.5495181719003028,0,1.7977072290329552
11.028160000000243,2.0006184310519255,0.7940383524148988,1.1374152003926576,0.01190344555286799,-0.6169055265099538,0.05922427360885062,2.2876995048325885,0.9443156289299293,0.48624503856453927,-0.004717951120483305,-0.6129585531611006,0.23957005832888417,2.0242630259938537,0.80163243812594,0.7339979177807355,0.02437388642523216,-0.6264312468573686,0.1841848698719424,0.09000117304571391,0.09000117304571391,0.0,-0.02446347422674062,-0.5582500380921402,-0.049522338392894605,-0.000429181502921019,0.2459209624785491,-1.5498779764469712,0,1.7951297584114698
11.032320000000244,2.0006675906384483,0.7914589148372398,1.1376610418151523,0.011798300765432562,-0.6190650186381627,0.059001941398689715,1.9544665945498374,0.6882878105747429,1.0049992837830977,-0.020533153724556108,-0.5299466894037208,0.13773524865669035,1.9893212043828155,0.7438582716235026,0.869787914636098,0.002119963777389403,-0.5787789212994191,0.16051478621836834,0.09000117304571391,0.09000117304571391,0.0,-0.02430200723597293,-0.5513446948088239,-0.04936910861336008,-0.0004013490993710655,0.24679582760458457,-1.5502322587247404,0,1.7925433425539963
11.036480000000244,2.000716315025794,0.7888706026033883,1.137905959676664,0.011693852962939321,-0.6211949361243903,0.05878028676282471,1.8890873987149839,1.198757149378611,0.9512192240908388,0.0019849670906004323,-0.6603388904535091,-0.08889020833638378,1.9392068927140755,0.9699395926018712,0.9103199576742508,0.002454513793680041,-0.6206041350309226,0.035488035733742034,0.09000117304571391,0.09000117304571391,0.0,-0.024141501249693602,-0.5444897209440251,-0.04921582279135536,-0.00037372907796268107,0.24765879198476132,-1.5505811079496716,0,1.7899481042224386
11.040640000000245,2.0007646071011425,0.7862735380270456,1.1381499568024698,0.011590098083644803,-0.6232954983222377,0.05855931019337216,1.7582361661951116,0.7935592262276876,0.9821834687514326,0.0662393644200408,-0.7624856318633553,-0.11451238988549545,1.848858179643966,0.8801641928398471,0.9460129805589593,0.0342752614633256,-0.692480920720514,-0.03899621800149045,0.09000117304571391,0.09000117304571391,0.0,-0.023981951018642228,-0.5376847994007579,-0.049062491374423894,-0.00034632964254788093,0.24850994345257973,-1.550924611874941,0,1.787344165269581
11.044800000000246,2.000812469734835,0.7836678425135246,1.1383930360196899,0.011487032086130946,-0.6253669232450273,0.05833901213283342,1.8780278774492225,0.8553624117040486,0.8006411825651554,0.07009148743602735,-0.4912780334987007,-0.07782241399971022,1.863588533372826,0.8667439632198407,0.8731649336605773,0.052415510956424924,-0.593180278681498,-0.05876154118657346,0.09000117304571391,0.09000117304571391,0.0,-0.023823351317712713,-0.5309296148592135,-0.048909124616868055,-0.0003191585280040741,0.24934936932123247,-1.5512628568149505,0,1.7847316466446133
11.048960000000246,2.0008599057804566,0.781053636565307,1.1386352001570856,0.011384650949240805,-0.6274094275722298,0.05811939297497219,1.9512649670992026,0.7405457653442649,1.096500103196478,0.029803172853049446,-0.6639771565197838,-0.10259328210743822,1.9074881025445822,0.8022657109117051,0.9846204953111393,0.041712286793255976,-0.6299122893896139,-0.08058090995386077,0.09000117304571391,0.09000117304571391,0.0,-0.02366569694475486,-0.5242238537684392,-0.04875573258255572,-0.00029222301646589005,0.25017715638521976,-1.5515959276690403,0,1.7821106683986316
11.053120000000247,2.0009069180749233,0.7784310397875742,1.1388764520448593,0.011282950672018736,-0.6294232266558812,0.05790045306567998,2.3181866866833825,1.589577232029507,1.0050318858789125,-0.13429863647824716,-0.5364540676498425,0.06161596815010666,2.112560667339518,1.1948143847965622,0.9949541481618356,-0.04615502953010337,-0.584734074982092,-0.00932583424569084,0.09000117304571391,0.09000117304571391,0.0,-0.02350898272236856,-0.5175672043390593,-0.04860232514773752,-0.00026552995308253826,0.2509933909220118,-1.5519239079448097,0,1.779481349690109
11.057280000000247,2.0009535094385633,0.7758001708937118,1.1391167945144587,0.011181927273642572,-0.6314085345269917,0.05768219270382927,2.1623628572850038,0.4713176758878747,0.9127894328328648,-0.06741197257764017,-0.6951865763712625,0.10586065460906535,2.1373213372551243,0.8316169040331728,0.9540916241271492,-0.056513541792296985,-0.6408688644474582,0.048153535642405765,0.09000117304571391,0.09000117304571391,0.0,-0.023353203496278334,-0.5109593565368242,-0.04844891200430304,-0.00023908576131535965,0.2517981586937562,-1.5522468797810536,0,1.776843808790345
11.061440000000248,2.0009996826752023,0.773161147710787,1.1393562303983842,0.011081576793362087,-0.6333655639019511,0.057464612142112625,2.40237259678713,0.730220193485191,0.9134857185272206,-0.024299118402070233,-0.556161773597131,0.024676318343195842,2.2697980825217106,0.7797624779719011,0.9338396591215645,-0.04031331405968614,-0.5992126811040037,0.03644243790343461,0.09000117304571391,0.09000117304571391,0.0,-0.023198354136271762,-0.5044000020738884,-0.0482955026619781,-0.0002128964577861573,0.25259154494902897,-1.552564923970319,0,1.774198163088887
11.065600000000249,2.0010454405722458,0.7705140871849999,1.1395947625300002,0.01098189529043303,-0.6352945261889194,0.05724771158787219,1.8173517889248167,0.4828081941112618,1.2857095722612273,-0.1430619101733525,-0.6446860534015452,0.12306487166912732,2.043272249093482,0.6299455439692122,1.1100317013702474,-0.09074050253473967,-0.623491910297208,0.08039622144539645,0.09000117304571391,0.09000117304571391,0.0,-0.023044429535428044,-0.497888834402733,-0.048142106451601774,-0.00018696766668931827,0.25337363442462396,-1.5528781199810902,0,1.7715445290989247
11.06976000000025,2.0010907859007627,0.7678591053871073,1.1398323937433499,0.010882878844053862,-0.6371956314942152,0.05703149120391498,2.324204682806037,1.2171667705912284,0.7486838596125522,0.046214877490135496,-0.6526430460307031,0.3049459305411196,2.1838365147529033,0.922204366275955,0.9299896702207247,-0.022251084231231694,-0.6388245959194425,0.1925895833669435,0.09000117304571391,0.09000117304571391,0.0,-0.02289142461084245,-0.491425548707926,-0.047988732527772554,-0.0001613046337785929,0.25414451134738125,-1.5531865459796075,0,1.7688830224626615
11.07392000000025,2.0011357214155683,0.7651963175178211,1.1400691268729721,0.010784523553298994,-0.6390690886286908,0.05681595110931667,2.062906975936545,1.1965506874109393,0.9187354461763323,-0.03390879677500493,-0.6984179348943905,0.10011360122658378,2.1233001716227653,1.0579294289608208,0.9245716102879046,-0.027983888228402105,-0.6699019404481462,0.1459259753720737,0.09000117304571391,0.09000117304571391,0.0,-0.022739334302854457,-0.4850098418994564,-0.047835389871076495,-0.00013591223994092138,0.25490425943605055,-1.553490278851325,0,1.7662137579566575
11.07808000000025,2.001180249855306,0.7625258379131791,1.1403049647537231,0.010686825537054738,-0.6409151051141007,0.056601091380215574,1.7147774251826136,0.9841793427564116,1.1600473544801189,-0.07438676879220418,-0.6298209494995255,0.047045936302028135,1.9188806994190881,1.0197443808975126,1.0424099485783012,-0.05093326728705548,-0.6501142112926456,0.09602862222361654,0.09000117304571391,0.09000117304571391,0.0,-0.022588153575343863,-0.4786414126044418,-0.04768208729096629,-0.00011079501436736019,0.255652961903188,-1.553789394222015,0,1.7635368494971486
11.082240000000251,2.001224373942531,0.7598477800498896,1.1405399102206006,0.010589780933953533,-0.6427338871894567,0.0563869120505941,1.8872691380657172,0.7080065175377347,1.4670494500638596,-0.3297229702817872,-0.5025107131590442,0.1171698314200407,1.9023894373645645,0.8628313546270073,1.2549757100605428,-0.19057666464621556,-0.577906000752209,0.10692027947609155,0.09000117304571391,0.09000117304571391,0.0,-0.02243787741602733,-0.4723199611608371,-0.04752883342865116,-8.595714733260786e-05,0.2563907014570843,-1.5540839664785229,0,1.7608524101453396
11.086400000000252,2.0012680963837903,0.7571622565506505,1.1407739661085716,0.010493385902306461,-0.6445256398173779,0.05617341311304767,2.0940123070353347,0.43602102646920027,0.8751056414514872,-0.1421622650857272,-0.6979945701475501,0.09792839604051606,1.997905749157844,0.6479731016291118,1.0652424017683921,-0.16600205484659292,-0.6387629423897007,0.10209028158061022,0.09000117304571391,0.09000117304571391,0.0,-0.022288500835471677,-0.4660451896087672,-0.047375636759354744,-6.140250259380904e-05,0.25711756030372224,-1.5543740687891807,0,1.758160552112668
11.090560000000252,2.0013114198697073,0.7544693791894403,1.1410071352524032,0.010397636620039391,-0.646290566690424,0.05596059451954362,1.8526567393874647,0.9882478238596183,1.103405914135027,0.019429861710415816,-0.5382331972427141,0.14343475382848248,1.9253212811720757,0.8169949514150525,1.0846223118496472,-0.07360556891731776,-0.5892820100273688,0.12297781806612658,0.09000117304571391,0.09000117304571391,0.0,-0.02214001886824447,-0.45981680168450456,-0.04722250559522434,-3.7134629417965156e-05,0.2578336201487612,-1.5546597731238825,0,1.75546138676605
11.094720000000253,2.00135434707506,0.7517692588967844,1.1412394204864955,0.010302529284623848,-0.6480288702374242,0.055748456182167595,1.9776144500247863,1.2487704274605957,1.2726857093442032,-0.036519595163984724,-0.6544120008041703,-0.14486673287249002,1.9513925224992446,1.0315257751116944,1.1783530086304257,-0.05518548910710267,-0.6224305379352381,-0.01044679285813469,0.09000117304571391,0.09000117304571391,0.0,-0.021992426571499402,-0.4536345028121771,-0.04706944808675145,-1.3156774249395981e-05,0.2585389621995485,-1.5549411502738284,0,1.7527550246330923
11.098880000000253,2.0013968806588642,0.7490620057649936,1.14147082464472,0.01020806011301332,-0.6497407516297906,0.05553699797386333,2.077880940304597,0.5877539016812894,0.6496119799831206,-0.10019252457869511,-0.7575843975439961,0.06920752333498523,2.014428543747494,0.808062142075921,0.9141240464786314,-0.07736145532904516,-0.6905577739960712,0.02874902728151226,0.09000117304571391,0.09000117304571391,0.0,-0.021845719026339933,-0.4474980000964097,-0.046916472226982614,1.052810797460391e-05,0.2592336671671539,-1.5552182698709436,0,1.7500415754072838
11.103040000000254,2.0014390232644543,0.7463477290533777,1.1417013505602582,0.01011422534157341,-0.651426410787821,0.055326219729154476,1.991419716368662,1.4419274109045996,1.5088227277299084,0.055253439325955486,-0.564461888368296,-0.02294165090947175,2.003037825046719,1.12382651737593,1.2114291357104274,-0.010548213015875003,-0.6281765122324887,0.003241093157656735,0.09000117304571391,0.09000117304571391,0.0,-0.021699891336618208,-0.441407002314941,-0.04676358585210394,3.3917342848713145e-05,0.2599178152684267,-1.5554912004069756,0,1.7473211479531585
11.107200000000255,2.001480777519563,0.7436265371934319,1.141931001065445,0.010021021226016532,-0.6530860463869891,0.05511612124486337,1.884328731737034,1.4962089418517701,1.1741879659829557,0.07067292713836042,-0.5829186872471473,-0.15707110208181801,1.9438300039330214,1.3088087196513651,1.1924825999474826,0.029788575776601097,-0.6059535326316078,-0.07739184179479901,0.09000117304571391,0.09000117304571391,0.0,-0.02155493862944286,-0.43536121991174714,-0.046610796645241676,5.7008525857158504e-05,0.26059148622807404,-1.5557600092522765,0,1.7445938503114362
11.111360000000255,2.0015221460364017,0.7408985377939976,1.1421597789916151,0.009928444041334044,-0.6547198558642249,0.054906702280813464,2.1843848093531,0.6159288983639901,1.1555838259941746,0.05627555854025124,-0.7382776254589899,-0.04897480414397578,2.064226733852034,0.9608286959790885,1.1739316100793251,0.042745521031565016,-0.6722664411446205,-0.0634358857105456,0.09000117304571391,0.09000117304571391,0.0,-0.021410856055045925,-0.42936036498907226,-0.046458112138348356,7.979951205433867e-05,0.26125475928075825,-1.5560247626742758,0,1.741859789704135
11.115520000000256,2.0015631314117424,0.7381638376463968,1.1423876871689507,0.00983649008172848,-0.6563280354241812,0.05469796256052337,1.9025696978589028,0.3510158834576824,1.2194551629187262,0.030001354488587394,-0.8919168302076537,0.05324888791796218,1.9834606629532006,0.6540644504973985,1.1968035459899424,0.03580862171224261,-0.7828416209746835,-0.004660904907072717,0.09000117304571391,0.09000117304571391,0.0,-0.021267638787077145,-0.42340415129985853,-0.04630553971409643,0.00010228840605958336,0.2619077131732129,-1.5562855258556474,0,1.7391190725396588
11.119680000000256,2.0016037362269947,0.7354225427295407,1.1426147284263335,0.00974515566054411,-0.657910780045485,0.054489901771892404,1.9166057024510257,0.5752610530717632,1.0766269616002142,-0.2262539805103836,-0.6017779160328389,-0.00679813944240916,1.949562510967746,0.6134117845242453,1.1366992444179742,-0.09539717530193512,-0.692929476399112,-0.005234838787998513,0.09000117304571391,0.09000117304571391,0.0,-0.0211252820214011,-0.417492294241006,-0.046153086608635874,0.0001244735523572872,0.26255042616637475,-1.5565423629121768,0,1.7363718044178595
11.123840000000257,2.0016439630482874,0.7326747582150116,1.1428409055911997,0.009654437110202084,-0.6594682834869801,0.05428251956787421,1.7954795807463582,0.7559738252026926,1.1900318655602697,0.10745977287259129,-0.5824287079804097,0.028251132901718164,1.8727426902970215,0.6834845076022842,1.163424136545084,0.006398451779800223,-0.6387151175561826,0.011771990291046912,0.09000117304571391,0.09000117304571391,0.0,-0.020983780977459073,-0.411624510845217,-0.04600075991414754,0.00014635352589518284,0.263182976037532,-1.556795336910334,0,1.7336180901350755
11.128000000000258,2.001683814426546,0.7299205884721202,1.143066221489396,0.009564330782129439,-0.6610007382939519,0.05407581556713904,2.2610616289823477,0.6053987058660587,1.3471051858293048,0.04589236927503646,-0.6574464443963288,0.015722117822469975,2.067000937189558,0.643075280518905,1.2552992914855532,0.025851735597223476,-0.6488920320285599,0.013437408650904103,0.09000117304571391,0.09000117304571391,0.0,-0.020843130897066176,-0.40580051977441745,-0.0458485665801209,0.00016792712297102578,0.263805440082486,-1.5570445098845556,0,1.7308580336891426
11.132160000000258,2.001723292897574,0.7271601370729354,1.1432906789450408,0.009474833046692725,-0.6625083358043433,0.05386978935473035,2.261194559180093,0.6377791488762088,1.0323834342066178,-0.048292172653446555,-0.7967070026817729,0.10033924390495683,2.1639979151367843,0.6387696107780462,1.144048644013498,-0.010856960677010828,-0.7225787372033151,0.05681625999177212,0.09000117304571391,0.09000117304571391,0.0,-0.02070332704555925,-0.4000200413109085,-0.045696513416564666,0.00018919335240093085,0.2644178951177271,-1.5572899428542415,0,1.7280917382843788
11.136320000000259,2.0017624009821287,0.7243935067972898,1.1435142807803853,0.00938594029312639,-0.6639912661549491,0.053664440482707305,2.3164350079177547,0.2757623578686396,0.9746217480108057,-0.08870923449465114,-0.6025441697829647,0.01729670850069845,2.2400327482773665,0.4560109958880601,1.0593701152682493,-0.0496495874802867,-0.6629663238181006,0.036997385000249655,0.09000117304571391,0.09000117304571391,0.0,-0.020564364710379618,-0.3942827973523384,-0.045544607095515194,0.0002101514269604769,0.26502041748262095,-1.5575316958404715,0,1.7253193063365497
11.14048000000026,2.0018011411860015,0.721620799637758,1.1437370298156802,0.009297648929466676,-0.665449718287607,0.05345976847078055,1.9707024460970624,0.9764126482067835,1.1604085600774467,0.0845040431615065,-0.7833232673735104,-0.02646125455170583,2.1055424240385774,0.7145866257600867,1.1098358746117385,0.016963993852609494,-0.7233543378012541,0.004854488348248592,0.09000117304571391,0.09000117304571391,0.0,-0.020426239201792176,-0.388588511401307,-0.04539285415362204,0.00023080075509256608,0.26561308304160786,-1.557769827882446,0,1.7225408394778008
11.14464000000026,2.001839516000095,0.7188421168046107,1.1439589288690424,0.009209955382482078,-0.6668838799553616,0.053255772806936635,1.6027447208021741,0.6186478038336563,1.0385374134785443,-0.08058114951140372,-0.7161759701995531,0.026649026674687087,1.8539724679768708,0.665128610936855,1.0742397284688765,-0.031812107365506395,-0.7205794986140481,0.016637924441711593,0.09000117304571391,0.09000117304571391,0.0,-0.02028894585275007,-0.3829369085608205,-0.04524126099388587,0.00025114093287347124,0.26619596718640987,-1.5580043970536543,0,1.71975643856157
11.14880000000026,2.001877527900502,0.7160575587307415,1.144179980756326,0.009122856097603979,-0.6682939377286249,0.05305245294805467,1.8248939691823867,0.5487234388136529,1.2356728487421351,0.22895367184996573,-0.7193200643901965,-0.03145801310889642,1.839908873280841,0.6054307686154734,1.1548922469246392,0.09872661783758073,-0.7207783829156702,-0.007532198188164837,0.09000117304571391,0.09000117304571391,0.0,-0.02015248001918681,-0.3773277155242707,-0.045089833887831554,0.00027117173623018506,0.2667691448382491,-1.5582354604777775,0,1.7169662036674727
11.152960000000261,2.0019151793485803,0.7132672250765694,1.1444001882909949,0.00903634753885565,-0.6696800770013114,0.05284980832051331,1.7699882048709235,0.43054314093558654,1.3354659143319938,0.019409783555674416,-0.6226862274698889,0.2063186780484853,1.8049895499735786,0.5166930175181543,1.2456103228964968,0.058530707936780155,-0.672919395666972,0.09897475672769564,0.09000117304571391,0.09000117304571391,0.0,-0.020016837078597208,-0.3717606605708401,-0.04493857897768916,0.00029089311340193516,0.2673326904500718,-1.558463074344327,0,1.7141702341061646
11.157120000000262,2.0019524727910336,0.7104712147349154,1.144619554283998,0.008950426188786758,-0.6710424819969689,0.05264783832078821,1.995988177208138,0.669403742688375,0.9723140664670581,0.10295826650902672,-0.5175233243283975,-0.06619085389247822,1.900703680922491,0.5919743421264014,1.1088237566690549,0.08106350531445862,-0.5958693183235649,0.015849834591563857,0.09000117304571391,0.09000117304571391,0.0,-0.019882012432038434,-0.3662354735550015,-0.04478750227815459,0.00031030517764018954,0.2678866780087823,-1.5586872939240268,0,1.7113686284241743
11.161280000000263,2.001989410659985,0.7076696258358534,1.1448380815436483,0.008865088548399156,-0.6723813357748815,0.052446542316041546,2.2009322372353024,0.6464603959504979,1.2943532637602666,0.005427080809749011,-0.9077093083262578,0.14357116868584038,2.0508314760932183,0.6173313490128444,1.2018882783465255,0.04318858635564568,-0.7525423756075589,0.07977635837187477,0.09000117304571391,0.09000117304571391,0.0,-0.019748001502070005,-0.3607518859023,-0.04463660967922786,0.00032940820013853986,0.268431181037481,-1.5589081735839407,0,1.7085614844087182
11.165440000000263,2.002025995373056,0.704862555751536,1.1450557728755013,0.008780331137080846,-0.6736968202361691,0.052245919644699136,2.0999670317689665,0.8529786963588062,1.3897989597588583,0.07067005985849659,-0.6793330895954083,-0.02406260503749095,2.0755463889824397,0.7337465226686951,1.295794788053306,0.05702394427443423,-0.7173099648347677,0.027909866311556612,0.09000117304571391,0.09000117304571391,0.0,-0.019614799734112544,-0.35530963059890874,-0.0444859069467054,0.0003482026031879739,0.26896627259770967,-1.5591257668023497,0,1.7057488990924834
11.169600000000264,2.0020622293334416,0.702050101100995,1.145272631082239,0.00869615049253391,-0.6749891161298588,0.05204596961702503,2.0242323322812488,0.7169567564693983,1.084664485095787,-0.010744036425046552,-0.6378121788773223,-0.0034905384062371564,2.0498667518175573,0.7240269024640038,1.1902205300435191,0.023097390443188804,-0.6785331937204926,0.012389069304271038,0.09000117304571391,0.09000117304571391,0.0,-0.01948240259566969,-0.3499084421870382,-0.044335399725244945,0.0003666889535498863,0.26949202529170074,-1.5593401261833844,0,1.702930968758391
11.173760000000264,2.002098114929986,0.699232357754916,1.1454886589635542,0.008612543170705285,-0.6762584030589512,0.05184669151568276,1.6537164883390492,0.3320340781494637,1.4239568206507316,-0.09217300611882777,-0.7777348086851116,-0.04832081580521208,1.8515976993420695,0.5264114366465776,1.3069896543774657,-0.03480378264967869,-0.7287792201673663,-0.017889552209410915,0.09000117304571391,0.09000117304571391,0.0,-0.01935080557640404,-0.3445480567554051,-0.04418509353994218,0.0003848679560414311,0.2700085112646313,-1.5595513034714155,0,1.700107788944331
11.177920000000265,2.00213365453726,0.696409420840389,1.1457038593160387,0.008529505745716865,-0.6775048594864616,0.051648084596289466,2.278727046347384,0.5544257997074504,1.3535211116128325,-0.13878418526641872,-0.6757921613247612,0.38628220611945596,2.0648787131069684,0.5390155240618256,1.3310591316672755,-0.08775789869662386,-0.7034132209218243,0.18418617531697784,0.09000117304571391,0.09000117304571391,0.0,-0.019220004188213093,-0.3392282119332004,-0.04403499379855563,0.0004027404473270807,0.2705158022068804,-1.5597593495652071,0,1.6972794544478764
11.182080000000266,2.002168850515634,0.693581384745633,1.1459182349330719,0.008447034809794888,-0.6787286627414486,0.05145014808796023,1.8577200874999953,0.44327144394022794,1.2725064719114165,-0.04497471660380892,-0.6989525418176986,0.07965256010717561,1.9612041061117664,0.4896903863243703,1.3019495591826098,-0.06622551502791259,-0.7018434682499067,0.13120859525269177,0.09000117304571391,0.09000117304571391,0.0,-0.019089993964663328,-0.3339486468822179,-0.043885105792668855,0.00042030738991038005,0.2710139693562891,-1.5599643145318358,0,1.694446059330969
11.186240000000266,2.0022037052113557,0.6907483431246955,1.1461317886047129,0.00836512697320134,-0.679929989025026,0.05125288119384704,1.599230669374172,0.08311201388817369,0.8206196382560894,0.06674575261865635,-0.688674723468768,-0.030879130903473585,1.780352418929341,0.28496657859172214,1.0612176299467833,0.0008599327746825659,-0.695570987425534,0.04987360935724862,0.09000117304571391,0.09000117304571391,0.0,-0.018960770462134575,-0.32870910228927674,-0.043735434699713804,0.0004375698663208274,0.27150308350042324,-1.5601662476203804,0,1.6916076969245821
11.190400000000267,2.002238220956623,0.6879103889021273,1.1463445231175948,0.008283778864160202,-0.6811090134163541,0.051056283091668785,1.9967069424762505,0.5302439833180588,0.8941565971046225,-0.01368811335582796,-0.723484125025864,-0.08742729825267406,1.888503202661191,0.40610400983854755,0.9775053680357347,-0.006643431420539287,-0.7104097792621518,-0.01937860319846556,0.09000117304571391,0.09000117304571391,0.0,-0.018832329258185242,-0.3235093203597952,-0.04358598558543014,0.00045452907348915515,0.27198321497883743,-1.5603651972753858,0,1.68876445983336
11.194560000000267,2.0022724000696597,0.6850676142776331,1.1465564412548208,0.008202987128790171,-0.6822659098786189,0.05086035293423045,2.178613351882728,0.7576213780329133,0.8026336788756459,-0.0318610720768218,-0.5113370515640602,0.08623274927818562,2.0334930624684566,0.5808029587938139,0.8902480686505735,-0.018781945159006597,-0.6115455278729682,0.03322449440852428,0.09000117304571391,0.09000117304571391,0.0,-0.018704665952695335,-0.31834904480920145,-0.04343676340483371,0.0004711863173072486,0.2724544336853405,-1.5605612111501044,0,1.6859164399402302
11.198720000000268,2.002306244854789,0.6822201107306957,1.1467675457958622,0.00812274843103225,-0.683400851264988,0.05066508984993776,1.3353979015764048,0.6105888981467049,0.6378720281050811,0.018160156792928123,-0.43695293143320824,0.17784414699613027,1.6844785157068072,0.5947876709829134,0.7644289877869944,-0.0003834595382474431,-0.5244447857125393,0.10514291684595463,0.09000117304571391,0.09000117304571391,0.0,-0.018577776166872208,-0.31322802085699264,-0.04328777300426004,0.00048754300736621783,0.2729168090702612,-1.5607543361195189,0,1.683063728410995
11.202880000000269,2.002339757602508,0.6793679690251767,1.1469778395164592,0.008043059452581137,-0.6845140093245542,0.05047049294330279,1.2936081098413583,0.9134956224582809,1.1169495610075861,-0.17331271130877007,-0.6061126645414748,0.1775621679238133,1.4886799736078482,0.7528853272673156,0.9410600400089172,-0.08677996271228772,-0.5663059008954037,0.14184090456087325,0.09000117304571391,0.09000117304571391,0.0,-0.018451655544393587,-0.30814599521788155,-0.04313901912341514,0.0005036006518684121,0.27337041014271457,-1.5609446182931501,0,1.6802064156988947
11.20704000000027,2.002372940589561,0.6765112792138923,1.1471873251885234,0.007963916892811505,-0.6856055547082555,0.05027656129544048,1.6558416450997524,0.9801810297211991,1.3370609650056149,0.08778494108731048,-0.5771594750905732,0.10720485688173378,1.5724440157040187,0.8653357389403862,1.1392858104743138,0.0007574542403896036,-0.5724267338720845,0.1247395629440413,0.09000117304571391,0.09000117304571391,0.0,-0.018326299749771464,-0.30310271609644723,-0.04299050639657692,0.000519360852707316,0.273815305472867,-1.561132103027654,0,1.6773445915491503
11.21120000000027,2.0024057960790143,0.673650130643164,1.1473960055800423,0.007885317468710754,-0.686675656974784,0.05008329396455966,1.7714466256701322,0.2571230922731282,0.8062022973261996,0.0046048714345589565,-0.5628698253649101,-0.13089115154385755,1.6719549901028197,0.5600569991728357,0.9724697727665503,0.003306534696008701,-0.5688954035149197,-0.00320339844663461,0.09000117304571391,0.09000117304571391,0.0,-0.018201704469921694,-0.29809793317769917,-0.04284223935444384,0.0005348253007121265,0.27425156319420174,-1.5613168349392097,0,1.6744783450034788
11.21536000000027,2.002438326320326,0.6707846119573454,1.1476038834549858,0.007807257914804891,-0.687724484596469,0.049890689986445795,1.7654647064809468,0.2730349542544874,1.7469806169947906,0.09581621722988437,-0.7062264551883807,0.12333413672481888,1.7189088004817457,0.4150757363159113,1.3599873703415155,0.05003489243691059,-0.6378880083452315,0.05994936352216665,0.09000117304571391,0.09000117304571391,0.0,-0.018077865412527455,-0.2931313976214629,-0.04269422242599011,0.0005499957710504522,0.27467925100578205,-1.5614988579157043,0,1.671607764404587
11.219520000000271,2.002470533549422,0.667914811103324,1.1478109615732146,0.007729734983090903,-0.688752204965146,0.04969874837493552,2.3262475341874325,1.0940213738771147,1.2039241404730006,0.011044193410528612,-0.8283220286143651,-0.009316443918733167,2.0226057521276926,0.7528292804260854,1.2819359450172891,0.03036732669965895,-0.7325447374961591,0.025003735356899714,0.09000117304571391,0.09000117304571391,0.0,-0.017954778307180473,-0.2882028620545001,-0.042546459939685144,0.0005648741187864036,0.2750984361745129,-1.5616782151287154,0,1.6687329374006399
11.223680000000272,2.002502419988768,0.6650408153349989,1.1480172426903912,0.00765274544296403,-0.6897589843980079,0.04950746812238558,1.914013595342521,0.6750574817981444,0.9258405791172077,-0.026250819748186667,-0.7746688979765004,0.22702395048160862,1.9682533193739462,0.7123335128810104,1.1043587897325948,0.0025396116769838134,-0.7545488397242432,0.12560844186583583,0.09000117304571391,0.09000117304571391,0.0,-0.017832438905026872,-0.28331208056334845,-0.04239895612557426,0.0005794622745881712,0.2755091855374011,-1.5618549490452969,0,1.6658539509497068
11.227840000000272,2.0025339878474395,0.6621627112177346,1.1482227295578917,0.0075762860811462015,-0.6907449881434345,0.04931684820013256,1.7012184195944178,0.6625167637755843,0.820469460395004,-0.04151184624977934,-0.7201560163378528,0.009551447961316198,1.8346477878132907,0.6859271801842438,0.9624314370542006,-0.01954596786927461,-0.7374959943640426,0.06786059853142258,0.09000117304571391,0.09000117304571391,0.0,-0.017710842977984184,-0.27845880868682027,-0.0422517151165103,0.0005937622405811842,0.2759115655038127,-1.562029101439569,0,1.6629708913241796
11.232000000000273,2.0025652393211963,0.6592805846327896,1.1484274249227207,0.007500353701617417,-0.6917103803868043,0.049126887558946994,2.08687584082423,0.23087912047960385,1.2692699613626492,0.1314603261525869,-0.7541049391944906,0.014753481191533128,1.961037166559169,0.4568315457740871,1.115882178474281,0.05587364682837743,-0.7458455434952207,0.04196180179825686,0.09000117304571391,0.09000117304571391,0.0,-0.017589986319668204,-0.2736428034092213,-0.0421047409498177,0.0006077760863434695,0.276305642057727,-1.5622007134041191,0,1.6600838441151726
11.236160000000273,2.0025961765925526,0.6563945207817218,1.1486313315274268,0.0074249451255429455,-0.6926553242562875,0.04893758512948003,2.1803520249234034,0.7910502160741695,1.0351977562287773,-0.2059292059280676,-0.5408216668694379,0.09184218477019293,2.0702688434114984,0.6228198041945218,1.0757315492109867,-0.07551098767783611,-0.6440573563429891,0.06636152477650865,0.09000117304571391,0.09000117304571391,0.0,-0.01746986474461005,-0.2688638231530147,-0.04195803756896321,0.0006215059450377775,0.27669148075998845,-1.562369825361212,0,1.6571928942368943
11.240320000000274,2.0026268018308495,0.6535046041907692,1.1488344521100213,0.007350057191203475,-0.6935799818286199,0.048748939822702606,2.0801987681979655,0.9777147309082733,0.7677096367148502,0.2267535349838674,-0.6207134024991936,0.13286098811286406,2.075705442642699,0.7989804337749427,0.9219955661790759,0.07563722439383797,-0.6332276943398425,0.09923117491203061,0.09000117304571391,0.09000117304571391,0.0,-0.017350474088969017,-0.2641216277712439,-0.04181160882480381,0.0006349540096773687,0.27706914675055455,-1.562536477073816,0,1.6542981259309983
11.244480000000275,2.002657117192324,0.6506109187152073,1.1490367894038978,0.007275686753921987,-0.6944845141348559,0.04856095053033895,2.2766781960279,1.0800202790819875,1.1249448886471112,-0.137965945715492,-0.868916607055293,0.097563765202506,2.175905154103773,0.9376958636389274,1.0236757595429833,-0.030618700861984604,-0.7514714963743515,0.0978291291361093,0.09000117304571391,0.09000117304571391,0.0,-0.017231810208893427,-0.2594159785412158,-0.04166545847748193,0.0006481225295210275,0.27743870475073973,-1.5627007076564488,0,1.651399622770908
11.248640000000275,2.0026871248201825,0.6477135475436818,1.149238346137753,0.007201830685997161,-0.6953690811661049,0.04837361612529168,1.9320903697725569,0.25713546783392155,1.0133767213922449,0.07784841579733759,-0.8775935162712497,-0.04955309054722091,2.0541584784380023,0.5955859325396992,1.0184229013281425,0.023367424899975668,-0.8147158007670023,0.024242697643020207,0.09000117304571391,0.09000117304571391,0.0,-0.017113868982942856,-0.2547466381564498,-0.041519590197256595,0.0006610138065946214,0.2778002190654558,-1.5628625555858413,0,1.6484974676661215
11.252800000000276,2.0027168268446687,0.6448125732025183,1.1494391250355116,0.00712848587662638,-0.6962338418792449,0.04818693546206291,1.7636717041091763,0.24611615907639178,1.3312664317511127,0.09769134805143691,-0.5818987252800669,0.19171887120085182,1.9091145240205096,0.4196384558758728,1.1752457608907647,0.06135635238924736,-0.6984125044925501,0.10790488444758072,0.09000117304571391,0.09000117304571391,0.0,-0.016996646309166592,-0.2501133707199925,-0.041374007566622656,0.0006736301923334059,0.2781537535854477,-1.5630220587114285,0,1.6455917428664888
11.256960000000277,2.0027462253831345,0.6419080775600073,1.1496391288162497,0.007055649231840623,-0.6970789542026181,0.048000907377166106,2.113275954693103,1.2440668048023014,0.9879833781902025,0.16412366191127706,-0.7308520637284456,-0.008503387837255606,2.0115372128581352,0.8303383884470522,1.0815967131374673,0.11313135033788559,-0.7146976215451388,0.049159676141913064,0.09000117304571391,0.09000117304571391,0.0,-0.016880138107096675,-0.24551594173738622,-0.041228714081581075,0.0006859740843441892,0.27849937178952455,-1.5631792542656646,0,1.6426825299664694
11.261120000000277,2.0027753225401113,0.6390001418306669,1.1498383601941229,0.006983317674430753,-0.697904575041707,0.04781553068953205,1.9748838993298872,0.9183055129561045,1.2116017192317152,0.025120627224489895,-0.7698633397225112,0.1405348067975285,1.993261949662505,0.8727221206344112,1.1468936729493024,0.06942018266684132,-0.7426845662688045,0.09424575725795432,0.09000117304571391,0.09000117304571391,0.0,-0.016764340317391484,-0.2409541181094037,-0.04108371315269921,0.0006980479232816585,0.27883713674678623,-1.5633341788741697,0,1.6397699099093637
11.265280000000278,2.002804120407377,0.6360888465794803,1.1500368218782933,0.006911488143875013,-0.6987108602847895,0.047630804200910024,1.553723012918586,0.5627567334897815,0.922447990321395,0.08752405463300134,-0.9104556850086907,-0.02556208387878242,1.7736728078236328,0.7158444097670852,1.0346162159529382,0.07781956245051572,-0.8269791636043553,0.03429023352299867,0.09000117304571391,0.09000117304571391,0.0,-0.01664924890062268,-0.23642766812432714,-0.040939008106389674,0.0007098541898360828,0.2791671111188449,-1.5634868685657086,0,1.636853962991523
11.269440000000278,2.0028326210640284,0.6331742717261112,1.1502345165728611,0.006840157596271286,-0.6994979648085716,0.04744672669626306,1.7873815899582897,0.5330909875907796,1.5377789179932764,-0.03662628939570664,-0.6570811015104613,-0.06277307850823957,1.7804511862312462,0.6231010462215884,1.286069614068021,0.020568844878730955,-0.7426833653412751,-0.013798801716307402,0.09000117304571391,0.09000117304571391,0.0,-0.016534859838626813,-0.23193636145255847,-0.040794602187692874,0.0007213954018300438,0.27948935716204026,-1.5636373587820045,0,1.6339347688665367
11.273600000000279,2.002860826576546,0.6302564965490953,1.1504314469767951,0.006769323004263449,-0.700266042483807,0.047263296944151226,1.495122439209676,1.2847964780712275,0.8510530218729253,-0.026198580704058363,-0.9326386810249053,0.11708290998565506,1.6377304382157263,0.952014749458362,1.0688033518225593,-0.0028668659788866515,-0.8382347274902465,0.05088894332435133,0.09000117304571391,0.09000117304571391,0.0,-0.016421169133078315,-0.22747996913757174,-0.040650498559213794,0.0007326741114195405,0.27980393672965087,-1.5637856843873912,0,1.631012406549394
11.27776000000028,2.0028887389988665,0.6273355996900083,1.1506276157838664,0.006698981356973391,-0.7010152461808873,0.04708051369711874,1.7378582572671024,1.0634391607442206,1.2167915401367206,-0.15456518927973062,-0.6479022776878658,0.1198013035827159,1.6874738993831035,1.00638083380274,1.1430465254015187,-0.07887081152525426,-0.7434253887421441,0.08588855472204557,0.09000117304571391,0.09000117304571391,0.0,-0.01630817280684069,-0.22305826359047454,-0.040506700304767884,0.0007436929023977673,0.2801109112740986,-1.5639318796783062,0,1.6280869544206256
11.28192000000028,2.0029163603724496,0.6244116591576108,1.1508230256825833,0.006629129659927139,-0.7017457277754194,0.04689837569206556,1.494554664120133,0.39127192368842934,1.1052809237980308,-0.004228002679680299,-0.8604345396185362,-0.07697417908006954,1.5910051663445564,0.6970329105982478,1.12400163738022,-0.04204880430001031,-0.8021700428007923,0.005294122723630436,0.09000117304571391,0.09000117304571391,0.0,-0.01619586690275298,-0.21867101858187565,-0.04036321042939814,0.000754454387596913,0.2804103418491476,-1.5640759783926264,0,1.6251584902304204
11.28608000000028,2.0029436927263453,0.62148475233197,1.1510176793561275,0.006559764934985766,-0.7024576381537773,0.04671688165061829,2.284958641465963,0.3409788513673045,1.3189194078175175,0.04866007659660382,-0.6522379131618017,-0.10501899862225988,1.938089345142815,0.5176471425473356,1.221243127184015,0.0026392740346265456,-0.7274005800102685,-0.04970012172051435,0.09000117304571391,0.09000117304571391,0.0,-0.016084247483911216,-0.21431800923543864,-0.040220031860891875,0.0007649612063865278,0.28070228911209716,-1.5642180137188508,0,1.622227091102721
11.290240000000281,2.0029707380772632,0.618554955968559,1.1512115794822921,0.0064908842202748614,-0.7031511272186349,0.04653603027949443,2.523042908415813,0.590901680444467,1.1016122826997634,0.11347900396562542,-0.6057220155310898,-0.03955601513738701,2.2308059476014455,0.5530161399492909,1.161346401207649,0.0581988976054543,-0.6670980128716222,-0.045498428029271454,0.09000117304571391,0.09000117304571391,0.0,-0.01597331063395032,-0.2099990120209856,-0.04007716745130291,0.0007752160222648423,0.28098681332596814,-1.564358018305131,0,1.6192928335392955
11.294400000000282,2.0029974984296386,0.615622346202332,1.1514047287334208,0.006422484570112573,-0.70382634389448,0.04635582027085969,1.8720635564371353,0.4859727827075039,1.3983241686367094,0.06516830710469472,-0.5588638768832385,0.14709441096329118,2.051568749166965,0.5183308583506143,1.2801419019676195,0.06122190778369785,-0.612644914861575,0.05126328139670351,0.09000117304571391,0.09000117304571391,0.0,-0.0158630524562567,-0.20571380474704282,-0.039934619977836594,0.0007852215205400287,0.28126397436168343,-1.5644960242681527,0,1.616355793423786
11.298560000000283,2.003023975775701,0.6126869985517774,1.1515971297763488,0.006354563054940664,-0.7044834361331036,0.046176250302681285,1.9909176690593335,0.4372092041716936,1.1815488825600253,-0.08441940740291423,-0.9207773518195397,0.11484663188518446,2.021067334365957,0.4758552685275051,1.2310839461830685,-0.011656539622244494,-0.7671698502341519,0.08287481899086223,0.09000117304571391,0.09000117304571391,0.0,-0.01575346907489065,-0.20146216655432614,-0.03979239214438074,0.0007949804060995128,0.2815338317002414,-1.5646320632018709,0,1.6134160460257359
11.302720000000283,2.0030501720955396,0.609748987922948,1.151788785272345,0.006287116761251483,-0.7051225509190715,0.04599731903907427,2.194760011057254,0.739039101386979,1.0347377260392159,-0.028157073735203347,-0.7791841601087446,0.17450361803867576,2.107857296506636,0.6058278233322582,1.1332720717174014,-0.020374219531807704,-0.7729248165835114,0.12885304728373143,0.09000117304571391,0.09000117304571391,0.0,-0.015644556633371047,-0.19724387790888187,-0.03965048658261325,0.000804495401263441,0.2817964444348825,-1.564766166186101,0,1.6104736660045964
11.306880000000284,2.003076089357171,0.6068083886134681,1.151979697877056,0.00622014279151974,-0.7057438342751745,0.0458190251306429,2.111077941877151,0.6457425389578483,1.2550305812548566,0.030962182101412963,-0.7860392377443859,-0.02542984608309977,2.109532637287232,0.624151799167003,1.1940987349178123,0.005004539541614148,-0.7800954350370364,0.051986045522609235,0.09000117304571391,0.09000117304571391,0.0,-0.015536311295382936,-0.19305872059424423,-0.03950890585332831,0.0008137692437211649,0.2820518712732501,-1.5648983637949683,0,1.6075287274137038
11.311040000000284,2.003101729516605,0.6038652743165187,1.152169870240451,0.006153638264131094,-0.7063474312678539,0.045641367214815924,1.727686629973347,0.3201003681756496,0.8450738252008427,0.05638810553493234,-0.6583997362854038,0.1461253396729221,1.9187228794621518,0.4707555912171597,1.0198886279450414,0.03135073554115454,-0.7197782488534009,0.09863916325179072,0.09000117304571391,0.09000117304571391,0.0,-0.01542872924441668,-0.18890647770624058,-0.039367652447338586,0.0008228046845471552,0.2823001705395426,-1.5650286861052176,0,1.604581303704244
11.315200000000285,2.0031270945179105,0.6009197181247995,1.1523593050067684,0.006087600313311998,-0.7069334860126127,0.04546434391617779,2.2150140639750435,-0.14955803681651958,1.2554403846580549,-0.02916535888345699,-0.6919971995775507,0.08857302579266237,2.0668099035599754,0.15915650622920588,1.1378500007217118,0.00108615288489685,-0.7065644517917725,0.0937909789270649,0.09000117304571391,0.09000117304571391,0.0,-0.015321806684048077,-0.1847869336443555,-0.039226728787023435,0.0008316044862943607,0.28254140017665996,-1.5651571627043865,0,1.6016314677291867
11.319360000000286,2.0031521862932817,0.5979717925344686,1.1525480048144634,0.006022026089058137,-0.7075021416793983,0.045287953846792836,2.0518889552845327,0.8000839319479476,1.1328072263858924,-0.04616802118389113,-0.699166648319898,-0.011659822948155603,2.0592526784097482,0.47817039664095806,1.1353047175233388,-0.022240530017146223,-0.7028366671550949,0.0408841507634682,0.09000117304571391,0.09000117304571391,0.0,-0.015215539837149185,-0.1806998741061714,-0.03908613722702578,0.0008401714211622118,0.28277561774834226,-1.5652838226988428,0,1.5986792917472028
11.323520000000286,2.003177006763103,0.5950215694490605,1.1527359722961572,0.005956912757065924,-0.7080535404979694,0.045112195606526205,2.0103153557219167,0.05794250821332758,0.8364232554794959,-0.17318670833403552,-0.8252747197879442,0.08780536919129954,2.0344237402972807,0.2663373113026099,0.9860443633148581,-0.09784291325672387,-0.7642146169546957,0.06442079732200638,0.09000117304571391,0.09000117304571391,0.0,-0.015109924946381048,-0.17664508607975526,-0.038945880055593934,0.0008485082692378464,0.2830028804413014,-1.5654086947216903,0,1.5957248474265562
11.327680000000287,2.003201557836014,0.5920691201833803,1.1529232100785878,0.0058922574986617,-0.7085878237632383,0.044937067783358695,2.964360984463868,0.8165348503027494,1.189960081715918,-0.029860539822594498,-0.7437719109925199,0.05797427641990326,2.499337688177136,0.5398935277229905,1.0881240686651836,-0.0643021146252478,-0.7542930974593419,0.06127755443713694,0.09000117304571391,0.09000117304571391,0.0,-0.015004958274045483,-0.17262235783719881,-0.03880595949592844,0.0008566178168074515,0.28322324506734475,-1.5655318069405437,0,1.5927682058489756
11.331840000000287,2.0032258414089754,0.5891145154673778,1.1531097207825616,0.005828057510731337,-0.7091051318405928,0.04476256895369561,2.4210207189342903,1.0312838489908214,1.1878150958596654,-0.07556998839657775,-0.7175089060242595,0.09922669833897582,2.46002084241053,0.7841000483801579,1.1381774071970563,-0.06963252440765078,-0.73605682178353,0.07989450145725296,0.09000117304571391,0.09000117304571391,0.0,-0.014900636101936406,-0.16863147892771102,-0.03866637770710485,0.0008645028547358629,0.28343676806549156,-1.5656531870651758,0,1.5898094375135041
11.336000000000288,2.0032498593673322,0.5861578254499978,1.153295507022906,0.00576431000565022,-0.7096056041711968,0.04458869768267127,1.5964902898022209,0.726198690216312,1.0428640359146495,0.08983886889158249,-0.7915095062953423,-0.23914533550894918,2.02843581671913,0.7535030936081237,1.090022256681855,0.010366600734798451,-0.7639941683884351,-0.07942104098785202,0.09000117304571391,0.09000117304571391,0.0,-0.014796954731190718,-0.16467224017111226,-0.03852713678457184,0.0008721661769122303,0.283643505504082,-1.5657728623550373,0,1.5868486123403267
11.340160000000289,2.003273613584879,0.5831991197030092,1.1534805714084246,0.005701012211213637,-0.71008937927727,0.0444154525244511,1.955789403991054,0.24491823586344807,1.1257417354473886,-0.003967389546299186,-0.7509505266155946,0.40574778540727335,1.992105605407945,0.497644780509809,1.1087255999123369,0.002356436712109364,-0.7572951882170122,0.1634158669046664,0.09000117304571391,0.09000117304571391,0.0,-0.014693910482352707,-0.16074443365088342,-0.038388238762364524,0.0008796105787598573,0.2838435130828783,-1.5658908596266543,0,1.5838857996745768
11.34432000000029,2.003297105923923,0.5802384672248119,1.1536649165418518,0.005638161370566678,-0.7105565947673453,0.04424283202252396,1.7380126396297928,0.5027931717103643,1.2048043836164097,0.0752073154097136,-0.923778721475314,0.05024189062633318,1.865214974594567,0.4982977945617145,1.1568708138167938,0.038199699165785056,-0.840629814114721,0.10652450329203368,0.09000117304571391,0.09000117304571391,0.0,-0.014591499695010536,-0.15684785270676116,-0.03824968561318323,0.0008868388558080477,0.284036846135158,-1.5660072052609024,0,1.5809210682901185
11.34848000000029,2.0033203382353486,0.5772759364442223,1.1538485450198102,0.0055757547421354334,-0.7110073873415017,0.044070834709993845,1.8398449814821776,0.5992303305247568,1.0809724482163077,0.0165888241191592,-0.7181543063353419,-0.10915486996291465,1.8525637919572486,0.5472718679749851,1.1186954112579577,0.027642230605553136,-0.7798034210050316,-0.001950652554776262,0.09000117304571391,0.09000117304571391,0.0,-0.014489718728501595,-0.1529822919300925,-0.03811147925018671,0.0008938538023241919,0.28422355962979906,-1.5661219252101615,0,1.577954486393313
11.35264000000029,2.00334331235868,0.5743115952242365,1.1540314594327679,0.005513789599555038,-0.7114418927965838,0.043899459109863634,2.1568763667606996,0.23537494688364008,1.1918777756614267,-0.12790963775334452,-0.63844634603754,-0.040140733766879086,2.0044557975390775,0.3899928170951387,1.1552043306441695,-0.049949244265463884,-0.7089136935095061,-0.021387841371840726,0.09000117304571391,0.09000117304571391,0.0,-0.014388563960265752,-0.14914754715403866,-0.0379736215268634,0.0009006582100035453,0.2844037081733582,-1.5662350450053522,0,1.5749861216267553
11.356800000000291,2.003366030122145,0.5713455108657723,1.1542136623649983,0.005452263231604372,-0.7118602460313874,0.04372870373531897,1.8883310892015268,0.6212247772783532,1.1419025690522153,0.011857499755066076,-0.6502676972650439,-0.025136371437286135,1.946416685808165,0.5042583818167228,1.1485009942372963,-0.018757364916235024,-0.6798370156962654,-0.02322358652298273,0.09000117304571391,0.09000117304571391,0.0,-0.014288031788046121,-0.14534341545037988,-0.03783611423968716,0.0009072548667164242,0.2845773460121396,-1.5663465897628568,0,1.5720160410729989
11.360960000000292,2.003388493342737,0.5683777501113897,1.15439515639454,0.005391172942131375,-0.7122625810518372,0.04355856709000065,1.4103780800061936,0.4088067011067868,1.8072354432981235,-0.02214808177393365,-0.8709861083882027,0.07912974661550917,1.678348267315105,0.4547219067371308,1.4780381278659767,-0.0207903889974476,-0.7761970150113141,0.027604153214863692,0.09000117304571391,0.09000117304571391,0.0,-0.014188118627387405,-0.14156969511978268,-0.037698959127569015,0.0009136465553085268,0.28474452703425673,-1.5664565841913254,0,1.5690443112582504
11.365120000000292,2.0034107038262787,0.5654083791489891,1.1545759440931578,0.005330516049988593,-0.7126490309761294,0.04338904766827892,1.7690591683728387,0.4434410159721173,1.2134834471085159,0.021629052385405682,-0.7985608901697561,0.1801523336746992,1.723749939125043,0.44742057135743196,1.3461334041235467,0.00012872377001973295,-0.7874603921712366,0.10398568875011406,0.09000117304571391,0.09000117304571391,0.0,-0.014088820913621831,-0.1378261856871743,-0.03756215787344927,0.000919836052455508,0.28490530477168585,-1.5665650525983703,0,1.5660709981560492
11.369280000000293,2.003432663367483,0.5624374636154897,1.1547560280263058,0.005270289888960238,-0.7130197280398619,0.04322014395552073,2.1356489041368474,0.906105223835926,1.1387289957429443,0.1131473975673878,-0.5205852489149247,-0.03317706380178711,1.9299378061653845,0.6756840712817135,1.242361999725517,0.056554383170698226,-0.6544083201369275,0.03480798988700222,0.09000117304571391,0.09000117304571391,0.0,-0.01399013510022195,-0.1341126878945298,-0.03742571210589493,0.0009258261275675284,0.28505973240231053,-1.5666720188971495,0,1.5630961671909234
11.373440000000294,2.003454373750015,0.559465068600485,1.1549354107530907,0.00521049180769592,-0.7133748036011388,0.043051854428349905,2.052953385499941,0.29162137294359664,0.9557851325315657,0.06641183312012951,-0.6746328053490215,-0.08583472972968215,1.9915837770085907,0.4822472261121084,1.0988918088776223,0.061874025048315066,-0.6647154838239069,-0.024919896590247473,0.09000117304571391,0.09000117304571391,0.0,-0.013892057659717273,-0.13042900369438826,-0.03728962339856093,0.0009316195417442439,0.2852078627519591,-1.5667775066128424,0,1.5601198832420258
11.377600000000294,2.003475836746555,0.556491258649878,1.1551140948262362,0.0051511191696403625,-0.7137143881456544,0.04288417755490922,2.435449750155956,0.27449683870511715,1.3679574714310598,0.11705930793425681,-0.8299325175728972,-0.054825442091610936,2.213763817162607,0.37664402005525777,1.233313142739273,0.08923825644997706,-0.7471580480122506,-0.04018576445036804,0.09000117304571391,0.09000117304571391,0.0,-0.01379458508311505,-0.12677493624270464,-0.03715389327243385,0.0009372190467770854,0.285349748296433,-1.566881538889018,0,1.557142210646747
11.381760000000295,2.003497054118859,0.5535160977694957,1.1552920827920492,0.005092169352965337,-0.7140386112917518,0.04271711179511266,2.540205796521394,0.7165838309213565,0.9598348206431689,-0.06766729468774586,-0.8413420912248287,-0.07595845414174553,2.376846611545837,0.5448662309471645,1.0964136620888134,0.010667410017896088,-0.7941929745936166,-0.05787048029992347,0.09000117304571391,0.09000117304571391,0.0,-0.013697713880389437,-0.12315028989339027,-0.037018523196370084,0.0009426273841982187,0.28548544116352714,-1.5669841384938985,0,1.5541632132043097
11.385920000000295,2.0035180276178193,0.5505396494286813,1.1554693771903863,0.005033639750499376,-0.7143476017954653,0.04255065560089511,2.066555192342537,0.31998559184901687,1.0930632497937758,0.061410143947908474,-0.8332737066566387,-0.07298050059805491,2.2218262364810086,0.4306916349363372,1.0945876416704565,0.03614396600176559,-0.8139626953702637,-0.06590848188754961,0.09000117304571391,0.09000117304571391,0.0,-0.013601440579473939,-0.11955487019091016,-0.03688351458763567,0.0009478472843739112,0.2856149931350419,-1.5670853278265193,0,1.5511829541793414
11.390080000000296,2.003538758983526,0.5475619765638665,1.1556459805546215,0.004975527769661489,-0.7146414875555352,0.04238480741645939,1.9757462630069185,0.8006678035398371,1.593856899950715,0.09761197265373743,-0.8447848058919035,0.01316899541708533,2.098987837732343,0.6139257825793608,1.3442531401013857,0.06673946495854877,-0.8296613593479811,-0.02636736675532115,0.09000117304571391,0.09000117304571391,0.0,-0.013505761727177145,-0.11598848386456839,-0.03674886881309067,0.0009528814656418156,0.2857384556487863,-1.5671851289227876,0,1.548201496305428
11.394240000000297,2.0035592499453276,0.5445831415821232,1.1558218954116153,0.004917830832390887,-0.7149203956184059,0.04221956567851796,2.0485295123540097,0.3568697701767183,1.080066685211585,-0.06880718928510907,-0.9738085973160704,-0.12053138097153729,2.073616221459533,0.4833702318755666,1.2119082767736031,-0.0015139350366031737,-0.9016044768392902,-0.073883084732097,0.09000117304571391,0.09000117304571391,0.0,-0.013410673888388673,-0.112450938820849,-0.03661458719037772,0.0009577326334898005,0.2858558798005735,-1.5672835634614415,0,1.545218901788642
11.398400000000297,2.0035795022218905,0.5416032063646932,1.1559971242816842,0.004860546375079834,-0.7151844521831952,0.04205492881652929,2.264906653724653,0.613456885187218,0.9320373278738973,-0.04077178135786013,-0.7053544118532201,0.07373774122795278,2.1691791814536843,0.5469476913162895,1.0721241999678643,-0.02172188428854899,-0.8036550782540869,-7.427176310467504e-05,0.09000117304571391,0.09000117304571391,0.0,-0.013316173646353062,-0.10894204413872788,-0.03648067098825766,0.0009624034797755679,0.28596731634620676,-1.5673806527699101,0,1.5422352323110573
11.402560000000298,2.003599517521259,0.5386222322704988,1.1561716696785715,0.0048036718485051704,-0.7154337826066497,0.04189089525293249,2.0937988442778086,0.6066629779951944,2.2667577156466994,0.05764194044465885,-0.607747418521091,-0.03771033251294992,2.1316084918103426,0.5755414638453348,1.6693717585973262,0.017900682572683582,-0.7056215945966079,-0.019311949989885967,0.09000117304571391,0.09000117304571391,0.0,-0.013222257602302275,-0.10546161006165278,-0.03634712142737509,0.0009668966819853732,0.2860728157034582,-1.5674764178300775,0,1.5392505490342379
11.406720000000298,2.0036192975409164,0.5356402801396318,1.1563455341094189,0.004747204717761205,-0.7156685114080719,0.041727463403378386,2.583259120310773,0.5021414654219026,0.8705092690383516,0.03682565406716624,-0.7509118226138347,-0.05207688703089373,2.35751384481705,0.537278726815212,1.2698275602419251,0.027226337603449145,-0.7280957718999975,-0.03615145555308105,0.09000117304571391,0.09000117304571391,0.0,-0.013128922376157055,-0.10200944799206524,-0.03621393968145467,0.0009712149025308779,0.28617242795403797,-1.5675708792839516,0,1.5362649126027088
11.410880000000299,2.0036388439678423,0.5326574102968226,1.1565187200747395,0.004691142462189501,-0.7158887622742275,0.04156463167695515,2.2255258439208117,0.2743356171684775,0.785712183147313,-0.014557417728341994,-0.7909761897776946,-0.01526604726900057,2.291489671152809,0.40416038838207624,1.0277335252852269,0.005842172466787047,-0.7596587927952252,-0.02513025328768071,0.09000117304571391,0.09000117304571391,0.0,-0.013036164605304068,-0.09858537048472882,-0.036081126878715786,0.0009753607880820712,0.28626620284555504,-1.5676640574392393,0,1.5332783831474062
11.4150400000003,2.0036581584785726,0.5296736825548882,1.1566912300683911,0.004635482575313591,-0.7160946580642311,0.04140239847640778,1.8974207920276271,0.40802394023595484,1.76476758420052,-0.05197744864356724,-0.8675418474939747,0.03253528926621017,2.0943457390213087,0.40428736161729645,1.396323612941503,-0.023725812336407595,-0.8134164983484189,0.0035890247022910492,0.09000117304571391,0.09000117304571391,0.0,-0.012943980945081979,-0.09518919124024872,-0.03594868410093588,0.0009793369689363013,0.28635418979347005,-1.5677559722748307,0,1.5302910202891071
11.4192000000003,2.003677242739259,0.5266891562181615,1.156863066577551,0.004580222564771502,-0.7162863208144081,0.04124076219836106,1.7698553687296361,0.5362653720467301,0.641654880329252,0.24496945901187037,-0.8328146359975157,-0.005766914727171425,1.9326092130595796,0.46854602419989977,1.0189736064881236,0.10993123704495979,-0.8235778789827952,-0.001874828941211599,0.09000117304571391,0.09000117304571391,0.0,-0.012852368069268415,-0.09182072509953398,-0.035816612386366325,0.000983146058421345,0.28643643788303863,-1.567846643446191,0,1.5273028831418403
11.4233600000003,2.003696098405727,0.5237038900858985,1.1570342320826907,0.004525359952246083,-0.7164638717431381,0.041079721233530035,1.851835348242308,0.01811629552937377,0.9698689448087586,-0.0447029064517674,-0.669163788333275,0.015831076383851263,1.8921306113668634,0.24193656897187135,0.9944545224613484,0.03172168516897459,-0.746574099732502,0.006658558939046481,0.09000117304571391,0.09000117304571391,0.0,-0.01276132266907017,-0.08847978803642276,-0.03568491272858823,0.0009867906523310455,0.2865129958712468,-1.567936090290666,0,1.5243140303162759
11.427520000000301,2.0037147271235325,0.5207179424556665,1.157204729057553,0.004470892273399374,-0.7166274312556716,0.0409192739669349,2.2468966652088964,0.4693514322970079,1.1208377058844248,-0.0037165143385470755,-0.7819331984042911,-0.10006561222126611,2.0695079059163133,0.3540200145773618,1.0574379263890465,0.014237867226384572,-0.7646461066346367,-0.04624538906573304,0.09000117304571391,0.09000117304571391,0.0,-0.01267084145318094,-0.08516619715178297,-0.035553586078577504,0.000990273328393407,0.2865839121887376,-1.568024331832698,0,1.5213245199230951
11.431680000000302,2.0037331305280235,0.5177313711267126,1.1573745599691283,0.004416817077806582,-0.7167771189489266,0.040759418778106904,2.080172621622581,0.20875656398222026,1.3235671895084375,0.07367814404524531,-0.6157170977466229,0.1241661596469995,2.074994112622199,0.2801070480754012,1.190763430933983,0.04370136243929439,-0.6904069872472307,0.038589452666404254,0.09000117304571391,0.09000117304571391,0.0,-0.012580921148694845,-0.08187977066812713,-0.03542263334527754,0.000993596645769554,0.28664923494172856,-1.5681113867889567,0,1.518334409576341
11.435840000000303,2.003751310244394,0.5147442334033115,1.1575437272776337,0.004363131928886089,-0.7169130536162659,0.04060015404129157,1.8045201651451954,0.45262113556369227,0.7623337447071047,0.02858583049962577,-0.7452766049041591,-0.19481838962781994,1.9398143596736022,0.3648161193815852,0.976139261339018,0.036310100523164635,-0.7183066401831631,-0.07756485509370901,0.09000117304571391,0.09000117304571391,0.0,-0.012491558499454356,-0.07862032792207163,-0.03529205539574534,0.0009967631445818343,0.2867090119139214,-1.5681972735733853,0,1.5153437563967498
11.440000000000303,2.0037692678877432,0.5117565860980938,1.1577122334364904,0.004309834403836184,-0.7170353532522478,0.04044147812565088,2.1514164660330355,0.4571121502985692,1.1176842006070171,0.10051410974189531,-0.6375786843180569,-0.17956214820494348,2.0458262693922884,0.4096382549419407,1.0465400503053524,0.06825920931904864,-0.6777648046943566,-0.12894785472673576,0.09000117304571391,0.09000117304571391,0.0,-0.012402750267175983,-0.07538768935869733,-0.03516185305636932,0.0009997753454714922,0.2867632905684021,-1.568282010302164,0,1.5123526170150607
11.444160000000304,2.003787005063133,0.5087684855353548,1.1578800808923049,0.004256922093566965,-0.7171441350573559,0.04028338939546016,1.7639701882225698,0.06199834617796096,1.4323301040056644,-0.08247272367998872,-0.582536983910701,-0.03820803241883657,1.9047231837040783,0.23460491154822205,1.2393588195810188,-0.006360490477087576,-0.6304952874089559,-0.08383112176894626,0.09000117304571391,0.09000117304571391,0.0,-0.012314493231294514,-0.07218167652631946,-0.03503202711387679,0.0010026357491836853,0.2868121180495328,-1.568365614798591,0,1.5093610475753094
11.448320000000304,2.003804523365644,0.5057799875543435,1.1580472720848478,0.004204392602632719,-0.717239515442712,0.040125886210300325,1.6058216128217853,0.597353591983019,1.1359020994875497,0.04618219956509996,-0.5731524731438038,-0.08813915207104558,1.7553684842489248,0.41478859403239915,1.1874469235918403,0.01888815775708736,-0.6013199765568498,-0.08623242771545488,0.09000117304571391,0.09000117304571391,0.0,-0.012226784188164936,-0.06900211206813833,-0.03490257831505994,0.0010053468361788935,0.28685554118483564,-1.568448104597883,0,1.5063691037380984
11.452480000000305,2.003821824380432,0.5027911475125321,1.1582138094470364,0.004152243549167503,-0.7173216100347568,0.03996896692525096,2.21204138503317,0.45690889609620977,1.356672107997379,0.12322792166659194,-0.6475476819418899,0.22100785155464103,1.9839645776680275,0.4345024723558636,1.272519699802878,0.07098550040541016,-0.6245813174443456,0.06769984876220664,0.09000117304571391,0.09000117304571391,0.0,-0.012139619951760256,-0.06584881971857248,-0.034773507368642737,0.0010079110662706986,0.28689360648686607,-1.5685294969518975,0,1.5033768406838508
11.456640000000306,2.0038389096827856,0.4998020202888657,1.158379695404916,0.00410047256481765,-0.7173905336799192,0.039812629891075334,2.822376580016217,0.8875360860736681,1.1202880887382312,0.12664568690307965,-0.6878243270673582,0.10515596418751502,2.4034395731493894,0.6595897786778941,1.196621842964316,0.09895234578700861,-0.6552293803192561,0.08628482240382901,0.09000117304571391,0.09000117304571391,0.0,-0.012052997352659028,-0.06272162429540451,-0.03464481494501204,0.001010330878288201,0.28692636015507944,-1.568609808833776,0,1.5003843131160441
11.460800000000306,2.00385578083818,0.49681266028699383,1.1585449323776427,0.004049077294678367,-0.7174464004492561,0.03965687345440613,1.4431222232157608,0.5673062430771878,1.3409761598856333,-0.1688237657669661,-0.6442518872877177,0.061318737050155545,1.9229249198611689,0.6121090110945943,1.2689274462922129,-0.035827359876102846,-0.6505448837471324,0.07385455680666139,0.09000117304571391,0.09000117304571391,0.0,-0.011966913239384123,-0.05962035169468649,-0.03451650167787579,0.0010126086897628032,0.28695384807768776,-1.568689056942512,0,1.4973915752644242
11.464960000000307,2.0038724394023353,0.493823121438481,1.1587095227774673,0.003998055397224599,-0.7174893236430745,0.03950169595792405,2.2239665696064064,0.3030970023219778,1.240229910074072,-0.07417073889153708,-0.5220986508216046,-0.010594949149760856,2.073292888756547,0.45651502601395494,1.2545585927690925,-0.05466504185695137,-0.5863932689867073,0.030600165487898682,0.09000117304571391,0.09000117304571391,0.0,-0.011881364476962813,-0.05654482888423584,-0.034388568163784605,0.001014746896637418,0.286976115833508,-1.5687672577074423,0,1.4943986808882013
11.469120000000308,2.0038888869212697,0.49083345720599963,1.1588734690097195,0.003947404544247768,-0.7175194157955295,0.03934709574053793,2.2119953728790818,0.08858583461524877,1.1839154804828071,-0.008416323459497202,-0.5768982099872021,-0.030903049666929937,2.142628439101672,0.27134825433691556,1.219172409820347,-0.03194919150053614,-0.5818050644773288,-0.00021720979423503267,0.09000117304571391,0.09000117304571391,0.0,-0.011796347947409299,-0.05349488389764834,-0.034261014964008185,0.0010167478729986817,0.28699320869380185,-1.568844427292666,0,1.4914056832792255
11.473280000000308,2.0039051249313564,0.487843720586503,1.1590367734727927,0.0038971224207903525,-0.7175367886792005,0.03919307113755688,2.0671241655469386,0.12290305285439823,1.2213404299004247,-0.030670043759367455,-0.710530295594438,0.06934802198823077,2.1048103991192653,0.19564782327149374,1.2204015329091586,-0.030548982507108174,-0.646683916680001,0.034149352383476946,0.09000117304571391,0.09000117304571391,0.0,-0.011711860549994162,-0.050470345828502294,-0.03413384260406144,0.0010186139708303833,0.28700517162410655,-1.568920581601389,0,1.4884126352651461
11.477440000000309,2.0039211549593774,0.4848539641143795,1.1591994385581297,0.0038472067250792143,-0.7175415533096461,0.039039620480863985,2.013081704368026,0.2896692085540609,1.371178019828448,0.0030812692128143813,-0.7501835816741744,0.04583983422539982,2.058952572809288,0.24109748759886854,1.2958881474746535,-0.014098553236250283,-0.6977894323436962,0.03904634118191958,0.09000117304571391,0.09000117304571391,0.0,-0.011627899200230586,-0.047471044824226816,-0.0340070515753714,0.0010203475197875004,0.28701204928605706,-1.568995736280198,0,1.4854195892125477
11.48160000000031,2.0039369785225793,0.4818642398645881,1.1593614666502092,0.003797655168463019,-0.7175338199499371,0.038886742099082786,1.461676948197124,0.7671567725981189,1.203137012654887,0.11906372424479454,-0.9252582997912483,0.013611011505635998,1.7605587014125204,0.5022056795142825,1.249540897466686,0.05224746645413931,-0.8112105432192094,0.026014913523946227,0.09000117304571391,0.09000117304571391,0.0,-0.01154446083121177,-0.04449681208027001,-0.03388064233480759,0.0010219508269905691,0.28701388603919975,-1.5690699067232643,0,1.4824265970300732
11.48576000000031,2.0039525971287264,0.4788745994557749,1.1595228601265333,0.0037484654753439503,-0.7175136981151672,0.03873443431774538,1.4082182116160793,0.5300359633310485,1.2263004525584136,-0.053493171985121664,-0.814333806064792,0.008386070431392938,1.5842746199550508,0.5144273074059426,1.237938959522997,-0.0005647228572937175,-0.8128113327627773,0.016718689597257377,0.09000117304571391,0.09000117304571391,0.0,-0.011461542391741807,-0.04154747983403384,-0.03375461530656673,0.0010234261768384558,0.287010725942797,-1.5691431080764764,0,1.4794337101715227
11.48992000000031,2.003968012276156,0.4758850940533709,1.1596836213576143,0.0036996353831170842,-0.7174812965769414,0.0385826954594524,1.9945686636177244,0.014690556703611357,1.1447466207523034,-0.1177482295055308,-0.7098614989517783,-0.017006040192812225,1.7891777748221,0.2630787179036002,1.191306949207333,-0.058271400341498705,-0.7612343363060493,-0.00022963087724147953,0.09000117304571391,0.09000117304571391,0.0,-0.011379140848099656,-0.0386228813592191,-0.03362897088149386,0.0010247758308407641,0.2870026127576234,-1.5692153552415076,0,1.4764409796389384
11.494080000000311,2.0039832254538315,0.47289577437267155,1.1598437527069645,0.0036511626421022883,-0.7174367233678444,0.03843152384403549,2.1125647319713385,0.732501857362849,0.9577412686513862,-0.18464695805159614,-0.7521274642620288,0.2114905497511962,1.9504907005677303,0.4962297326220133,1.0749646652418932,-0.12204952969868797,-0.7569524053336704,0.10451266897201306,0.09000117304571391,0.09000117304571391,0.0,-0.01129725318238353,-0.03572285095951,-0.03350370941918518,0.0010260020274668962,0.28698958994775337,-1.5692866628798139,0,1.4734484559856675
11.498240000000312,2.003998238141396,0.46990669068189705,1.160003256531084,0.003603045015482895,-0.717380085785884,0.038280917788710726,1.9573496722371673,0.6425557282447704,0.3550193646308213,0.12014133282656167,-0.6262246405625718,0.18854869240680866,1.9541701464622228,0.5680905290432636,0.7153802691085961,-0.000979977251833318,-0.6912620902693054,0.14598859815523005,0.09000117304571391,0.09000117304571391,0.0,-0.011215876393633025,-0.03284722396330886,-0.03337883124667118,0.0010271069820130636,0.2869717006823398,-1.5693570454165673,0,1.4704561893194097
11.502400000000312,2.0040130518092263,0.4669178928052349,1.1601621351794518,0.0035552802792395747,-0.7173114903989163,0.038130875608237205,1.3738877619645358,-0.2146415273970793,0.9558654014756645,0.12222152247748792,-0.7155294187989746,0.13973491275453778,1.6642789796254192,0.17523101191504697,0.8359148809927662,0.06067601268319017,-0.7035233599723945,0.1429975795161193,0.09000117304571391,0.09000117304571391,0.0,-0.011135007496814005,-0.029995836717704005,-0.033254336661164896,0.0010280928864852248,0.286948987837384,-1.5694265170445243,0,1.4674642293052442
11.506560000000313,2.004027667918485,0.46392943012586385,1.1603203909945146,0.0035078662220883214,-0.7172310430490474,0.03798139561506395,1.7693771361881527,0.37248648772365583,0.8940220285350168,-0.04736695300260231,-0.696679814336874,0.2517203075157095,1.7167307867693091,0.2724119448469328,0.8654922424130503,0.0064136569361201,-0.7005292342232451,0.1974432814525401,0.09000117304571391,0.09000117304571391,0.0,-0.011054643523726803,-0.027168526582099783,-0.033130225928535234,0.0010289619094982659,0.28692149399749767,-1.5694950917278303,0,1.4644726251686395
11.510720000000314,2.0040420879211744,0.46094135158895966,1.1604780263116792,0.0034608006454145334,-0.7171388488570114,0.03783247611948283,1.5044037903740644,0.3997951582544669,0.7939212930888498,-0.09168096556639217,-0.6851552472024756,0.02214411955816393,1.6103764103657707,0.3346805495551191,0.8297536864278174,-0.04325308568517914,-0.6934248511812853,0.1091508013229288,0.09000117304571391,0.09000117304571391,0.0,-0.010974781521776701,-0.02436513192353562,-0.03300649928563115,0.0010297161961898122,0.2868892614576549,-1.5695627832057615,0,1.461481425698445
11.514880000000314,2.004056313260188,0.45795370570468247,1.1606350434593031,0.0034140813632121013,-0.7170350122265313,0.037684115429771486,1.780538033105113,0.8730235741289294,0.9439336308147498,-0.1244930112976131,-0.6113315895725817,-0.048527933465552384,1.6952005946498792,0.6025843214812845,0.8867449191762146,-0.08440833546704321,-0.6524048718219222,0.02964918260515876,0.09000117304571391,0.09000117304571391,0.0,-0.010895418555095196,-0.02158549210985261,-0.032883156939400054,0.0010303578681493692,0.2868523322249373,-1.5696296049964054,0,1.4584906792498646
11.519040000000315,2.004070345369363,0.45496654055114644,1.1607914447586878,0.0033677062020177097,-0.7169196368486533,0.03753631185233974,1.7741166964432975,0.6314594496065251,1.080752977032359,0.11005925450046332,-0.7084914859693375,0.20161546728700427,1.7348886776970516,0.6155475840835459,0.9841691983018775,0.012543799072735588,-0.6800301816705139,0.1158433109756271,0.09000117304571391,0.09000117304571391,0.0,-0.010816551703523983,-0.018829447504977503,-0.03276019906900235,0.0010308890233607267,0.2868107480202684,-1.56969557040028,0,1.4555004337474133
11.523200000000315,2.004084185673533,0.4519799037773712,1.1609472325240706,0.0033216730008492593,-0.7167928257060642,0.037389063691866814,1.4328899512994582,0.7344594614560368,1.1661238840804822,0.13204089752643308,-0.709647607647944,0.23904238071100448,1.5841631553659965,0.6735296375076857,1.0756442543458085,0.07165342138255804,-0.6954760420894961,0.17780100666326584,0.09000117304571391,0.09000117304571391,0.0,-0.010738178063094371,-0.016096839462372392,-0.032637625824934124,0.0010313117361583348,0.2867645502801416,-1.569760692503894,0,1.4525107366878531
11.527360000000316,2.0040978355885795,0.44899384260621544,1.1611024090626183,0.0032759796111421803,-0.716654681077383,0.03724236925144198,1.925376846981766,0.1767859418228815,1.015247221188465,-0.1303530744220495,-0.6577790360465762,0.18947370920663173,1.7545007759071174,0.4237862144095307,1.0458394596246277,-0.029104989875767373,-0.6766597386162201,0.18361512465077182,0.09000117304571391,0.09000117304571391,0.0,-0.010660294745437848,-0.013387510319748275,-0.03251543732986037,0.0010316280571964615,0.28671378015833804,-1.5698249841832492,0,1.4495216351431146
11.531520000000317,2.0041112965214825,0.4460084038372928,1.1612569766744212,0.003230623896688094,-0.7165053045414331,0.03709622683270146,1.8141373705796708,0.8815379510413843,1.100415200441864,0.10306219431722097,-0.799810855985616,0.04936177850545543,1.7845340388313806,0.65100174060557,1.073231369331741,0.03688267194827918,-0.738245720801729,0.11602277177919543,0.09000117304571391,0.09000117304571391,0.0,-0.01058289887869292,-0.010701303393762185,-0.03239363367987955,0.0010318400134308946,0.2866584785276364,-1.569888458107283,0,1.4465331757632
11.535680000000317,2.0041245698703722,0.44302363384986987,1.1614109376524877,0.0031856037335695865,-0.7163447969814946,0.03695063473595969,2.619656863302472,0.23833613452374727,1.3664691480518776,0.08163342615620107,-0.8355948411789108,0.004162925113820874,2.202271023615883,0.44292903222117685,1.219860952673789,0.05928709460122618,-0.7873925927276446,0.06010804045001892,0.09000117304571391,0.09000117304571391,0.0,-0.010505987605846406,-0.008038062973412696,-0.032272214944506716,0.0010319496081119266,0.28659868598151417,-1.5699511267412558,0,1.4435454047790663
11.539840000000318,2.004137657024581,0.44003957860574683,1.161564294282739,0.0031409170101017905,-0.7161732585895295,0.036805591260340574,1.89631824665355,0.42782330113304723,1.0456828160401632,0.046016522086028966,-0.5865460480656639,0.07525814462960345,2.049387542528851,0.43415542897900333,1.1329271788035276,0.052972285561895024,-0.6866776630649213,0.06769245840099893,0.09000117304571391,0.09000117304571391,0.0,-0.010429558086494288,-0.005397634315876809,-0.03215118116687132,0.0010319588207897178,0.28653444283583995,-1.570013002350083,0,1.4405583680054945
11.544000000000318,2.0041505593646924,0.4370562836521202,1.1617170488440054,0.003096561626766524,-0.7159907888703937,0.03666109470390747,1.74413421374401,0.3464741957839922,1.4353694271996038,0.08239959983944461,-0.5902732234190702,0.1346151968529613,1.896929650427715,0.3890857962123549,1.2844311486660311,0.0679150884758957,-0.6381683471722135,0.10079678449912774,0.09000117304571391,0.09000117304571391,0.0,-0.010353607495182986,-0.0027798636392286635,-0.03203053236498593,0.0010318696073295004,0.2864657891305581,-1.57007409700161,0,1.4375721108439377
11.548160000000319,2.004163278262593,0.4340737941244284,1.1618692036080212,0.0030525354961532408,-0.7157974866460186,0.03651714336378769,2.447768332991714,0.1852608066420392,1.3606038651251553,0.0472427169130385,-0.7982430802507852,0.11559604142646429,2.172451607913227,0.2855125568905822,1.3227594248072243,0.05734065238030904,-0.7186782776304085,0.10773939501914057,0.09000117304571391,0.09000117304571391,0.0,-0.010278133022528387,-0.00018459811877624688,-0.03191026853152035,0.001031683899938142,0.28639276463136354,-1.570134422569837,0,1.434586678285356
11.55232000000032,2.004175815081522,0.43109215474918017,1.1620207608394224,0.0030088365428952166,-0.7155934500595804,0.036373735536297684,2.3618607389412434,0.6221429196792777,0.665414255024024,-0.004913528242866072,-0.6834791999810278,0.02912692016848283,2.2671450701765017,0.45240786727632065,0.9941433345471481,0.027279544014681908,-0.700787807878553,0.06819236023500179,0.09000117304571391,0.09000117304571391,0.0,-0.010203131874197628,0.0023883141201477276,-0.031790389634859556,0.0010314036071999376,0.28631540883136974,-1.5701939907380862,0,1.431602114913031
11.55648000000032,2.00418817117612,0.428111409846765,1.1621717227957435,0.00296546270360988,-0.7153787765796401,0.036230869517063564,2.177513431182192,0.09989043546086424,1.046078836076923,0.1784391717855675,-0.6738001470033358,0.06172529307232688,2.222699684508985,0.2747454729320187,1.020239620055008,0.1028916416611484,-0.6874269687404537,0.06506285508952275,0.09000117304571391,0.09000117304571391,0.0,-0.01012860127138627,0.004939024006739512,-0.03167089561909464,0.001031030614122556,0.28623376095276665,-1.57025281300212,0,1.4286184649053633
11.56064000000032,2.004200347892482,0.4251316033342472,1.162322091727415,0.0029224119268370565,-0.7151535630042668,0.03608854360114139,2.4514877290765917,0.23049680954281562,1.2850815500970545,-0.06135961857123561,-0.8343840387860062,0.02461616290046132,2.3369681514274294,0.2508845050152082,1.1527132776151248,0.020550569845050874,-0.7604960043284936,0.045015963685445415,0.09000117304571391,0.09000117304571391,0.0,-0.010054538451082447,0.007467681530043402,-0.031551786404869914,0.0010305667821919327,0.2861478599484707,-1.5703109006732077,0,1.4256357720386568
11.564800000000321,2.0042123465682025,0.42215277872814244,1.1624718698777614,0.002879682172976019,-0.7149179054651404,0.03594675608313365,1.9984853138776824,0.6391915905861658,1.0654544707902276,-0.005133413068339161,-0.6470924184707729,0.1290144565757055,2.167714345877313,0.44369509606349344,1.1093513169191473,0.007393300235034452,-0.7039286415690434,0.08715072297884202,0.09000117304571391,0.09000117304571391,0.0,-0.009980940664619836,0.009974435745250698,-0.031433061889376473,0.0010300139494354306,0.28605774450376714,-1.5703682648811397,0,1.4226540796898801
11.568960000000322,2.0042241685324282,0.41917497914717733,1.1626210594830002,0.0028372714142284724,-0.7146718994316292,0.03580550525730558,1.9647887373546729,0.8367720086967108,1.2526101289646774,0.12524815804616168,-0.7275638216582312,0.02803524583264497,2.066510638675262,0.6387227542043487,1.18103875835939,0.06631102107675049,-0.7156306856587573,0.05821201290997535,0.09000117304571391,0.09000117304571391,0.0,-0.009907805179436773,0.01245943477841105,-0.03131472194784457,0.001029373930494297,0.28596345303794257,-1.5704249165771942,0,1.4196734308394148
11.573120000000323,2.0042358151059054,0.41619824731503213,1.1627696627722406,0.0027951776345341156,-0.7144156397148494,0.03566478941769497,1.9672945160246271,0.8646064940988359,1.6330201623820368,-0.03675184693862269,-0.9234059919687703,0.08301412654166608,2.016826386751649,0.7497445852234947,1.4072058755243435,0.014331099741813994,-0.8190424952375516,0.07032997475716908,0.09000117304571391,0.09000117304571391,0.0,-0.009835129277629683,0.014922825831697129,-0.03119676643247074,0.0010286485167030524,0.28586502370591005,-1.570480866537054,0,1.4166938680737884
11.577280000000323,2.004247287601028,0.4132226255630667,1.1629176819674831,0.0027533988295121432,-0.7141492204717047,0.035524606858226185,2.2968976436505173,0.3961796105537107,1.558775306579693,-0.070966759986104,-0.9909371496498911,0.14389980036901542,2.1567169049552843,0.5708984199922488,1.4832905921656503,-0.0285714251698651,-0.9049387186859635,0.10728659295677519,0.09000117304571391,0.09000117304571391,0.0,-0.009762910256214983,0.017364755189538394,-0.03107919517412605,0.0010278394761770735,0.2857624943998257,-1.5705361253636756,0,1.413715433588386
11.581440000000324,2.004258587321888,0.41024815583302965,1.1630651192836199,0.002711933006401563,-0.7138727352089006,0.03538495587281686,2.364134151228322,0.2033827799351833,1.4265052932034408,-0.08414814524770248,-0.7020895246104732,0.022062699064591382,2.260252555896409,0.3856771855086405,1.454944067980798,-0.05664574005233596,-0.8032785111447684,0.06437578768703281,0.09000117304571391,0.09000117304571391,0.0,-0.00969114542760539,0.019785368223171895,-0.030962007982355877,0.0010269485539074169,0.2856559027506963,-1.570590703490111,0,1.4107381691901486
11.585600000000325,2.0042697155643214,0.40727487967975073,1.1632119769284344,0.0026707781839994454,-0.7135862767869421,0.035245834755484345,1.7893240943547513,0.07062819778940393,1.4903295042888032,0.08394455782329503,-0.7486687295016137,0.02877221172766714,2.024959460975296,0.2265937939209102,1.4726975239576747,0.013722670033437282,-0.7762252206402268,0.04626620950112582,0.09000117304571391,0.09000117304571391,0.0,-0.009619832118803427,0.022184809396703864,-0.030845204645379987,0.001025977471862138,0.28554528612997965,-1.5706446111822834,0,1.4077621163002545
11.589760000000325,2.0042806736159573,0.40430283827381697,1.1633582571026029,0.0026299323926024442,-0.7132899374241066,0.03510724180045191,2.0462275946932036,0.6037051202743131,1.0419025874218288,-0.0263872214894096,-0.8123630704149376,-0.023763668110078025,2.03553831951827,0.41346299171533185,1.2572485719605047,-0.006102519671472049,-0.7945742410826049,0.010794873856605013,0.09000117304571391,0.09000117304571391,0.0,-0.009548967671662877,0.02456322227126373,-0.030728784931377595,0.0010249279290944085,0.28543068165117513,-1.5706978585417162,0,1.4047873159567834
11.593920000000326,2.0042914627562656,0.40133207240423197,1.1635039619996956,0.0025893936739471443,-0.7129838087004015,0.03496917530224932,1.6536509904056476,0.4019202557491413,1.2502773380564043,0.1544136142080431,-0.7223756991455753,0.012791923627767147,1.8449123677095591,0.4061884833437728,1.2537896073960804,0.074525533432703,-0.7582203263467158,0.011747908759904797,0.09000117304571391,0.09000117304571391,0.0,-0.009478549442936749,0.026920749511634146,-0.030612748588277144,0.0010238016018569323,0.2853121261714075,-1.5707504555082186,0,1.401813808817365
11.598080000000326,2.0043020842566035,0.3983626224810591,1.163649093806178,0.0025491600811501283,-0.712667981561494,0.03483163355581415,1.702612069191621,0.6110515891672823,1.147407669439996,0.12274507144361728,-0.9780224046164822,-0.010281851919727768,1.7740164772325933,0.5065865760274433,1.2005753840487254,0.09865705169540404,-0.8678016688413485,0.001274904486906687,0.09000117304571391,0.09000117304571391,0.0,-0.0094085748036834,0.02925753289054689,-0.030497095343973796,0.0010226001437220198,0.28518965629300136,-1.5708024118625257,0,1.3988416351618105
11.602240000000327,2.0043125393802645,0.39539452853804813,1.1637936547014138,0.0025092296786504323,-0.712342546322626,0.034694614856591866,2.1897119969057584,0.6004887977728512,1.0874190562149282,0.0015937311781153217,-0.7769004148532042,-0.054193713661362136,1.9818711095807895,0.551921184979275,1.143883053370259,0.0498196479720662,-0.8217660283015997,-0.026141577404552897,0.09000117304571391,0.09000117304571391,0.0,-0.009339041140382899,0.03157371329416736,-0.030381824907832672,0.0010213251857077226,0.2850633083650478,-1.5708537372288962,0,1.395870834894729
11.606400000000328,2.0043228293825237,0.392427830235246,1.1639376468576665,0.0024696005421472734,-0.7120075926725051,0.03455811750062943,2.724455308767282,-0.24719701423289436,0.8567966222224579,-0.07810833841118806,-0.7006783123273667,-0.06096018327597561,2.353006418420912,0.1508990976351493,1.000212608049134,-0.0143650830342738,-0.7612273096735006,-0.04430575150312709,0.09000117304571391,0.09000117304571391,0.0,-0.00926994585327429,0.03386943072727866,-0.030266936969840785,0.0010199783364083456,0.2849331184849626,-1.5709044410776662,0,1.392901447548127
11.610560000000328,2.004332955510684,0.38946256686159114,1.1640810724401027,0.0024302707585446255,-0.711663209677177,0.0344221397846723,1.6228066001488965,0.48517515834213354,1.1849433485334706,0.0010705152810917818,-0.7593127496482578,0.0667327953010866,1.9879045914948055,0.3164600534816606,1.0927165609763443,-0.007112343498757266,-0.7602388096893942,0.011933556941700497,0.09000117304571391,0.09000117304571391,0.0,-0.009201286357042742,0.03614482431858668,-0.03015243120125563,0.001018561182131045,0.28479912250003636,-1.5709545327277623,0,1.3899335122839913
11.614720000000329,2.0043429190041255,0.38649877733749166,1.1642239336067954,0.002391238425892854,-0.7113094857838751,0.034286680006258397,1.8913862419935503,-0.01551240491415734,1.089065525962434,-0.03338164205041058,-0.7223762200150571,0.010233124830230658,1.9395753907343023,0.14896823813197577,1.0909109308122773,-0.020284846099159284,-0.7409533152199025,0.011743019679387852,0.09000117304571391,0.09000117304571391,0.0,-0.009133060081721964,0.03840003232572009,-0.030038307255683877,0.0010170752870369585,0.2846613560089764,-1.5710040213491723,0,1.3869670678968578
11.61888000000033,2.0043527210943477,0.3835365002173881,1.164366232508728,0.002352501653326514,-0.7109465088248512,0.0341517364638074,2.271509673131828,0.43284656734878957,1.0986741933461706,0.005356507563135961,-0.8264498287942503,0.14855728802006019,2.105555102993212,0.28918848226089894,1.095100590192457,-0.0070364100515960745,-0.7827751395866406,0.08063235561989408,0.09000117304571391,0.09000117304571391,0.0,-0.009065264470389177,0.040635192140141996,-0.029924564769092832,0.0010155221932858763,0.28451985436344046,-1.5710529159653754,0,1.3840021528163624
11.62304000000033,2.0043623630050185,0.38057577369229983,1.1645079712897977,0.0023140585610116797,-0.7105743660211863,0.03401730745670978,1.886851778811664,0.35538188381792923,1.0988777975816737,0.08699206933280916,-0.5456856681240998,0.2711425226410523,1.996383189193135,0.3211499053566741,1.0975539158344159,0.03980943759099781,-0.6638942922370906,0.1755256976357733,0.09000117304571391,0.09000117304571391,0.0,-0.008997896981348128,0.0428504402923946,-0.029811203359393357,0.001013903421186694,0.28437465266956224,-1.5711012254557337,0,1.3810388051097788
11.62720000000033,2.004371845952019,0.37761663559235575,1.1646491520868203,0.0022759072800841037,-0.7101931439865802,0.033883391285417376,2.0931293460397815,0.25755887871782535,1.474508137751811,0.03193737499904478,-0.8970003603180832,0.06154737904697258,2.044822674244725,0.28748850827737227,1.2861622044693808,0.03621009331204924,-0.7805746681850323,0.11829226372858116,0.09000117304571391,0.09000117304571391,0.0,-0.008930955086893353,0.04504591245768319,-0.029698222628377458,0.00101222046935057,0.28422578578946917,-1.5711489585578422,0,1.378077062484537
11.631360000000331,2.0043811711434882,0.3746591233893094,1.164789777029535,0.002238045952592452,-0.7098029287311187,0.03374998625152564,2.055297591797233,0.34160208805802816,0.9584716498641144,0.024230889728439987,-0.6720408021133519,-0.039697448231280394,2.050109598798183,0.3131469000189354,1.1222303987987114,0.030705493246096026,-0.7258571623585972,0.040108506840996455,0.09000117304571391,0.09000117304571391,0.0,-0.00886443627292758,0.04722174345997909,-0.029585622160449132,0.0010104748148482595,0.28407328834279133,-1.5711961238698418,0,1.375116962290729
11.635520000000332,2.0043903397798695,0.3717032741990385,1.1649298482406094,0.0022004727314430656,-0.709403805665025,0.033617090657861,2.111360525129196,0.34679893030102593,0.7243997895953669,-0.08159354428928746,-0.6158211299947567,0.08307520107238281,2.080565431897383,0.32869206957475516,0.9234850477901311,-0.025270242790536374,-0.6707543278963827,0.061616316348374826,0.09000117304571391,0.09000117304571391,0.0,-0.00879833804007588,0.04937806727731231,-0.02947340152413566,0.0010086679133715225,0.283917194708163,-1.571242729852694,0,1.3721585415235995
11.639680000000332,2.0043993530539543,0.36874912478402855,1.1650693678356452,0.002163185780340006,-0.7089958596023886,0.03348470280856165,2.198817256630633,0.5322107433610167,0.8437534363323262,-0.0700335095337786,-0.7995612851983394,-0.024694434013817844,2.1395455647458035,0.42878998557611886,0.8835675064856651,-0.047197350244458716,-0.7352549576650698,0.018377004807592974,0.09000117304571391,0.09000117304571391,0.0,-0.008732657902448602,0.05151501704761641,-0.029361560272104237,0.001006801199396916,0.283757539024716,-1.571288784832418,0,1.369201836826017
11.643840000000333,2.004408212150928,0.3657967115558416,1.1652083379231832,0.0021261832737301894,-0.7085791747648716,0.0333528210091582,2.2862939796265547,0.5215551935853832,0.8145606369204694,0.012695530990608618,-0.7550244823156398,-0.035705604371775994,2.2129486037524884,0.473601504790175,0.8489899456107101,-0.017927126783100756,-0.7445109768865665,-0.008960593091696292,0.09000117304571391,0.09000117304571391,0.0,-0.008667393388327192,0.05363272507255634,-0.02925009794075023,0.0010048760863533668,0.2835943551935649,-1.5713342970022899,0,1.3662468844909348
11.648000000000334,2.0044169182484146,0.36284607057756907,1.165346760604711,0.002089463396745598,-0.7081538347853992,0.033221443566655656,1.5396341379885499,0.636918612867207,1.275992883249804,-0.04523380307619401,-0.9253134051653324,0.06584075862075389,1.8761936331488975,0.5533348456685697,1.0626295850402325,-0.03208781905832176,-0.8340682810839436,0.02928358899622674,0.09000117304571391,0.09000117304571391,0.0,-0.008602542039995536,0.05573132282265569,-0.029139014052354306,0.0010028939667923176,0.28342767687928383,-1.5713792744250084,0,1.3632937204638336
11.652160000000334,2.0044254725165196,0.3598972375662698,1.1654846379746677,0.002053024345146123,-0.7077199227118292,0.033090568789606374,2.1587908833087,0.3475030030920465,1.1531047721255416,-0.03021088092124508,-0.6007973017932028,0.019417786139113304,2.017429505676891,0.4491672448031485,1.1079078770951614,-0.03023959602705373,-0.7171599984658031,0.024506637344918675,0.09000117304571391,0.09000117304571391,0.0,-0.008538101413142964,0.05781094094297212,-0.029028308113176776,0.0010008562125603938,0.2832575375113766,-1.571423725034822,0,1.360342380345149
11.656320000000335,2.004433876117875,0.3569502478953923,1.165621972120452,0.002016864325264838,-0.7072775210105988,0.03296019498819068,2.09036091039067,0.1919439622510524,1.3183559291797713,0.2856335887370735,-0.6653249954189406,0.11828003262032351,2.0544890341847792,0.31916988389584644,1.2133792696887657,0.12805844120667462,-0.6912154770402349,0.07144747792760865,0.09000117304571391,0.09000117304571391,0.0,-0.008474069077121723,0.05987170925729379,-0.02891797961540113,0.0009987641749750718,0.2830839702857375,-1.5714676566396235,0,1.3573928993926858
11.660480000000335,2.004442130207683,0.3540051365971825,1.1657587651224282,0.0019809815539521265,-0.7068267115703545,0.03283032047428917,1.9967420831076772,-0.07004216291662446,0.9762809885581912,0.04981320371497308,-0.6855947811622196,-0.10507490160377525,2.0257190248452135,0.12313455044067781,1.0946112827250667,0.08881568242018092,-0.6881317213027145,-0.017458966114066617,0.09000117304571391,0.09000117304571391,0.0,-0.008410442615418841,0.06191375677288247,-0.028808028036727773,0.0009966191850024507,0.2829070081661046,-1.5715110769230083,0,1.3544453125240155
11.664640000000336,2.00445023593376,0.35106193836507604,1.1658950190539346,0.0019453742585177917,-0.7063675757055619,0.03270094356155657,2.0687452887596867,0.6174446129996227,1.2068523390006662,0.16125245207901268,-0.7389312292184878,0.040786975492562876,2.0475681442998273,0.3687557189971694,1.1508172922217208,0.1248919050813707,-0.7133521399383631,0.011727483258978712,0.09000117304571391,0.09000117304571391,0.0,-0.008347219624631235,0.06393721168619693,-0.028698452841037114,0.0009944225534368337,0.2827266838855057,-1.5715539934463003,0,1.3514996543188584
11.668800000000337,2.0044581944365794,0.34812068755607567,1.1660307359812907,0.0019100406766773667,-0.7059001941600931,0.03257206256549262,1.8746572585779022,0.5726429122351728,1.235612556602654,-0.11698369384643575,-0.8715789041430794,-0.16448172332796732,1.9608688872510065,0.46888702645208336,1.1928725866642835,0.003624134540679013,-0.7920432651672413,-0.07597448824305604,0.09000117304571391,0.09000117304571391,0.0,-0.008284397715150191,0.06594220138638485,-0.028589253478626342,0.0009921755710826565,0.28254302994769587,-1.5715964136505434,0,1.348555959021454
11.672960000000337,2.0044660068493148,0.345181418193114,1.1661659179638053,0.001874979056495518,-0.7054246471107994,0.032443675803511735,2.3272139501500453,-0.0814696574706813,1.2741176000838845,0.017496410898571874,-0.6221545577123153,0.1518332592562419,2.144081148596066,0.19241146888060265,1.2338109504076862,0.010187036193900136,-0.707445826885646,0.038164957287186954,0.09000117304571391,0.09000117304571391,0.0,-0.008221974510563477,0.06792885246146119,-0.028480429386232853,0.0009898795089379794,0.28235607862858747,-1.5716383448584608,0,1.345614260542912
11.677120000000338,2.004473674297883,0.34224416396740126,1.1663005670537845,0.0018401876563318795,-0.7049410141710587,0.03231578159501247,1.5878478553118578,0.3093546243885033,1.163087228006355,0.10469496810248458,-0.5802550306459903,0.1590983453768848,1.866179933204243,0.24967551212652547,1.1987779264561844,0.05668436764728773,-0.6431665256031964,0.09938738153477351,0.09000117304571391,0.09000117304571391,0.0,-0.00815994764791193,0.06989729070225903,-0.02837197998748578,0.0009875356183798767,0.2821658619776717,-1.5716797942763825,0,1.3426745924635528
11.681280000000339,2.004481197900986,0.3393089582407583,1.1664346852965406,0.0018056647447857596,-0.7044493743943065,0.03218837826144483,2.1254580081087333,0.5168792505604347,0.8360025569793281,0.039213794250721946,-0.753288048313924,-0.016221298239171095,1.995902732360988,0.3817123660744526,1.0173547570974726,0.04776562501728241,-0.6981876341988326,0.04120878747569321,0.09000117304571391,0.09000117304571391,0.0,-0.008098314777518588,0.07184764110682096,-0.02826390469357329,0.0009851451313511003,0.28197241181943333,-1.57172076899614,0,1.339736988035232
11.685440000000339,2.004488578770155,0.3363758340479352,1.1665682747304005,0.001771408600641504,-0.7039498062775499,0.032061464126374666,1.8619068826001124,0.5008954121395104,1.6260869058958525,0.10959626929238203,-0.7312428617966539,0.06627026888779133,1.929130918243124,0.4397837057968056,1.3218605627288873,0.07911390507070805,-0.7146874437850302,0.05487683271689082,0.09000117304571391,0.09000117304571391,0.0,-0.008037073563031311,0.0737800278861942,-0.028156202902626548,0.0009827092605481608,0.28177575975475716,-1.5717612759969313,0,1.336801480183648
11.68960000000034,2.004495818009792,0.33344482409891496,1.1667013373867152,0.0017374175128136245,-0.7034423877648559,0.03193503751555044,1.565849426402016,0.09736379004031653,0.8470413899062088,0.020025026813612835,-0.6652761320804805,0.13711974263672727,1.7475294061724347,0.26718699486310904,1.0847339189890712,0.04951341440704111,-0.6896954914193366,0.09548327033960043,0.09000117304571391,0.09000117304571391,0.0,-0.007976221681251476,0.0756945744685329,-0.028048874001243784,0.0009802291996104874,0.2815759371623269,-1.5718013221471532,0,1.333868101510639
11.69376000000034,2.0045029167172097,0.3305159607812032,1.1668338752898693,0.0017036897802925888,-0.702927196250825,0.03180909675696349,1.561838285622651,0.0789109165996717,1.1170530787029749,0.03227286977345416,-0.5832763304782145,-0.19319466199318186,1.6547496550089753,0.17183430915164893,1.1004922080579878,0.040902971164215644,-0.6364295714298278,-0.04899221259030674,0.09000117304571391,0.09000117304571391,0.0,-0.007915756821962208,0.07759140350331872,-0.027941917363876856,0.0009777061233107297,0.2813729752000157,-1.5718409142062062,0,1.3309368842964635
11.697920000000341,2.0045098759826767,0.32758927616210304,1.1669658904572897,0.0016702237120912707,-0.7024043085840458,0.03168364018091059,1.6433788081366159,-0.41161936279367944,1.1763058650544789,-0.07476034843550868,-0.7505630074378136,-0.019627457516485147,1.6489091657710209,-0.12145748162763471,1.1383588464330634,-0.01716801176269012,-0.6936222305536595,-0.03436167894913426,0.09000117304571391,0.09000117304571391,0.0,-0.007855676687970135,0.0794706368667728,-0.027835332353072867,0.0009751411877460352,0.2811669048062705,-1.5718800588262674,0,1.3280078605020664
11.702080000000342,2.0045166968894566,0.32466480199097586,1.1670973848994566,0.001637017627191174,-0.7018738010705277,0.03155866612005547,1.5491671758424688,0.08411022374126684,0.916966941216381,-0.05852758877493826,-0.7991366346231549,0.04821275868220545,1.5989149545873174,-0.02033593748176828,1.0277624073833294,-0.03746885249833961,-0.7456196611376301,0.006544428098368694,0.09000117304571391,0.09000117304571391,0.0,-0.007795978995147118,0.08133239566632144,-0.027729118320358792,0.0009725355305301605,0.28095775670148715,-1.5719187625540354,0,1.3250810617713307
11.706240000000342,2.00452338051385,0.3217425697014879,1.1672283606199128,0.0016040698544884321,-0.7013357494771153,0.03143417290948632,1.1971855496933195,0.4061943169154581,1.6835180898129845,-0.1202483782515287,-0.7477591141376303,0.04323953416083222,1.3977977758232494,0.1913755748093278,1.355733789523615,-0.07906868794140712,-0.7460726455814983,0.0253631080485584,0.09000117304571391,0.09000117304571391,0.0,-0.007736661472258061,0.08317680024464602,-0.027623274606057957,0.0009698902709860994,0.28074556138937884,-1.5719570318324465,0,1.3221565194333174
11.710400000000343,2.0045299279252364,0.3188226104138425,1.1673588196152742,0.0015713787327404742,-0.7007902290348863,0.031310158886774006,2.055612939780505,0.30932525349878176,1.3604897913236778,-0.15418332303058632,-0.8810204432537114,-0.09278402083366537,1.7263883329159762,0.24851818752879312,1.357917598389098,-0.11617348395734174,-0.8132709958300028,-0.03310797886680328,0.09000117304571391,0.09000117304571391,0.0,-0.007677721861002206,0.08500397018492434,-0.027517800539534204,0.0009672065103393403,0.2805303491583365,-1.5719948730023623,0,1.319234264504488
11.714560000000343,2.0045363401861134,0.31590495493699866,1.167488763875241,0.0015389426105124684,-0.7002373144425266,0.03118662239202901,1.8438825496124178,0.4964688188512324,1.268483215663032,0.274252159064002,-0.7225056481536357,-0.1525054796457395,1.7857078924137229,0.37099103769872055,1.312884156162567,0.07844096595027847,-0.7672162424949391,-0.09355973090100078,0.09000117304571391,0.09000117304571391,0.0,-0.007619157915412584,0.08681402431491136,-0.027412695439864992,0.0009644853319114832,0.2803121500827823,-1.5720322923042298,0,1.316314327690916
11.718720000000344,2.004542618352139,0.31298963377087496,1.1676181953826075,0.001506759846126222,-0.6996770798696894,0.031063561767955484,2.2463562529017738,0.06906736402770355,0.9309709934323289,-0.04080064700215904,-0.5893011048762058,-0.09681028712041036,2.0159508694142576,0.21880096667289364,1.121724220826194,0.018617407060904638,-0.6780814069374076,-0.09551227055872749,0.09000117304571391,0.09000117304571391,0.0,-0.0075609674029657285,0.08860708071167167,-0.027307958615659905,0.0009617278013146228,0.28009099402451476,-1.5720692958797144,0,1.3133967393904815
11.722880000000345,2.0045487634721706,0.31007667710854026,1.1677471161132738,0.0014748288076044055,-0.6991095989603348,0.030940975359905854,1.7253733675851384,0.8240824801215547,0.8685093047910437,0.06736250539704167,-0.6995698915142822,0.13826137174023564,1.8708009729468638,0.5199896425743231,0.9954029946171974,0.04261384707470963,-0.6882322373292586,0.02115569312014101,0.09000117304571391,0.09000117304571391,0.0,-0.007503148102698331,0.09038325670611713,-0.027203589365092623,0.0009589349666451683,0.2798669106340469,-1.5721058897733058,0,1.310481529695055
11.727040000000345,2.0045547765883067,0.30716611483839007,1.1678755280362567,0.0014431478726225824,-0.698534944836049,0.030818861515935096,1.393615163780039,0.3009070897412183,1.0915097020916578,0.021182873189962058,-0.6759152498610547,0.11572167449414902,1.63224906315759,0.40903878915278274,1.0436968474369372,0.031767916795015616,-0.6810359546685234,0.06885150790483893,0.09000117304571391,0.09000117304571391,0.0,-0.007445697807598859,0.09214266888776756,-0.027099586977003737,0.000956107858679,0.27963992935193693,-1.5721420799338977,0,1.3075687283926645
11.731200000000346,2.0045606587359255,0.3042579765463095,1.168003433113702,0.0014117154284512237,-0.697953190099346,0.030697218586850306,1.9136481260907852,0.26966450965708166,1.0386398838488193,-0.1704739357294134,-0.8950810640733948,-0.12048970382037223,1.7725947430797184,0.3374884479948489,1.0409180819386104,-0.06874392238279974,-0.7878122878673401,-0.025983333058927593,0.09000117304571391,0.09000117304571391,0.0,-0.007388614321869307,0.09388543310781894,-0.02699595073072189,0.0009532474910651273,0.27941007941011103,-1.5721778722163415,0,1.304658364969653
11.735360000000346,2.004566410943725,0.30135229151782217,1.1681308333008946,0.0013805298719090908,-0.6973644068369536,0.030576044926260832,2.1661486061390307,0.49387705615244126,0.9221035955452495,-0.14040670020571996,-0.9445330954155567,-0.07424336928340865,1.96908265455122,0.4137192408330781,0.9813557481610797,-0.10469954352138088,-0.8661606318532556,-0.050189538090264996,0.09000117304571391,0.09000117304571391,0.0,-0.00733189546267409,0.09561166448564129,-0.026892679895670082,0.0009503548605207526,0.2791773898331796,-1.5722132723829745,0,1.3017504686128172
11.739520000000347,2.004572034233764,0.298449088740226,1.1682577305462722,0.001349589609309284,-0.6967686666230749,0.030455338890629905,2.269706200643418,0.5665185962028279,0.9958889752841755,0.01477171231305489,-0.8102143134201707,0.11315788404633147,2.119427154702735,0.48843402720335877,0.9888576811000866,-0.04492288288539864,-0.8378360315789061,0.03154460700675705,0.09000117304571391,0.09000117304571391,0.0,-0.0072755390601808925,0.09732147741176811,-0.026789773732684,0.0009474309470255397,0.27894188943974507,-1.5722482861051228,0,1.2988450682115364
11.743680000000348,2.004577529621499,0.295548396904715,1.168384126791436,0.001318893056405079,-0.6961660405226359,0.0303350988393206,1.9094015733769532,0.17413243092847328,1.3113550160570397,-0.14635135919898484,-0.6118663975080426,0.07877651264911019,2.0141087782106433,0.33000871158429756,1.1502707540172714,-0.09577026042085342,-0.72503210922223,0.05597692545213592,0.09000117304571391,0.09000117304571391,0.0,-0.007219542955675994,0.09901498555249888,-0.026687231493406807,0.0009444767140150988,0.27870360684370316,-1.57228291896458,0,1.295942192359888
11.747840000000348,2.0045828981158254,0.29265024440848786,1.1685100239711639,0.0012884386383435757,-0.6955565990945135,0.03021532313464418,1.833037472644502,-0.24912919030960623,1.5497346163831056,-0.04505649866628353,-0.4443250602485779,0.3219525346119066,1.9234765274039232,0.03951143928840357,1.3506739334166635,-0.06964018085947073,-0.5846553644677616,0.18952419893441827,0.09000117304571391,0.09000117304571391,0.0,-0.007163905003526662,0.10069230185462241,-0.026585052420966926,0.0009414931085755408,0.27846257045553646,-1.5723171764550612,0,1.2930418693587458
11.752000000000349,2.0045881407191155,0.2897546593568431,1.1686354240134218,0.0012582247896111265,-0.6949404123947449,0.03009601014190544,1.4158843219997075,0.5616996117711277,1.678437529930844,0.028434075732395474,-0.7118310391624055,-0.0077038746176991725,1.6697353035197655,0.29912724698420845,1.5145418311122993,-0.020267278692811027,-0.6475884769118574,0.09100464440366358,0.09000117304571391,0.09000117304571391,0.0,-0.007108623070152271,0.10235353854919338,-0.02648323574980123,0.0009384810616365456,0.2782188084836008,-1.5723510639836336,0,1.2901441272178713
11.75616000000035,2.004593258427257,0.28686166956526093,1.1687603288393777,0.0012282499539830126,-0.6943175499797196,0.02997715822944869,1.7663974247572216,0.24411982046599373,0.89844455416342,0.054851902668191274,-0.6972301422117724,0.08840980163449613,1.7181821119321534,0.2701730148827195,1.2066741534353997,0.016815783801635804,-0.6724467498280516,0.08904281589418851,0.09000117304571391,0.09000117304571391,0.0,-0.00705369503384898,0.10399880715692444,-0.026381780706548327,0.0009354414881642872,0.27797234893540457,-1.5723845868721227,0,1.2872489936579847
11.76032000000035,2.0045982522296923,0.28397130256147196,1.168884740363414,0.0011985125844738106,-0.6936880809093501,0.02985876576869979,2.2292135322025275,-0.09415744776740875,1.6608877643973017,-0.05818240204393776,-0.6568548415576753,-0.10677183087157967,1.973580612586676,0.08663817253629814,1.4335596193169036,-0.020790202034564192,-0.6642562208108875,-0.007680824012005998,0.09000117304571391,0.09000117304571391,0.0,-0.0069991187850418825,0.10562821849091941,-0.026280686509659534,0.0009323752873540844,0.2777232196188799,-1.5724177503584966,0,1.2843564961128289
11.76448000000035,2.004603123109456,0.2810835855875127,1.1690086604931398,0.0011690111432866692,-0.69305207375023,0.02974083113420976,2.6131072622700358,0.3852003359251375,1.3104396556413924,-0.2403904839139044,-0.7232640576444992,-0.00695448030482591,2.292847048036358,0.2344148725519639,1.371984954439499,-0.12992270646793688,-0.6927453171687988,-0.007627169108970794,0.09000117304571391,0.09000117304571391,0.0,-0.006944892226537585,0.10724188266219792,-0.026179952369650997,0.0009292833428223093,0.27747144814364816,-1.5724505595982268,0,1.2814666617312165
11.768640000000351,2.0046078720432132,0.2781985456017678,1.1691320911294052,0.0011397441017614962,-0.6924095965787697,0.0296233527036971,2.2535163695077767,-0.08605547120429125,0.8679894573168574,0.02042352469674216,-0.8032787604278464,0.1268962703565055,2.2732230069616297,0.07250541044141551,1.1202467464048227,-0.05432312500173576,-0.7474032904032492,0.06004586749865628,0.09000117304571391,0.09000117304571391,0.0,-0.006891013272707495,0.10883990908320418,-0.026079577489570696,0.0009261665227973219,0.2772170619222768,-1.5724830196656265,0,1.2785795173790657
11.772800000000352,2.004612500001298,0.2753162092809998,1.169255034166314,0.0011107099403265116,-0.6917607169843162,0.02950632885808805,1.826322563585814,0.009383512081884593,1.305999362144187,0.018333855860384902,-0.8074543314033233,0.01396115229752554,2.049808660111001,0.03926381708100753,1.2131530510173258,-0.018416713624278533,-0.7770782933520358,0.03717083266896782,0.09000117304571391,0.09000117304571391,0.0,-0.006837479849739071,0.11042240647293067,-0.025979561065038403,0.0009230256803101629,0.27696008817153034,-1.572515135555168,0,1.2756950896414219
11.776960000000352,2.0046170079477497,0.27243660302236544,1.1693774914912372,0.0010819071484487158,-0.6911055020722522,0.029389757981556578,2.5088014667569896,0.6641538962907002,1.0904035601265438,-0.0035787076809969728,-0.7739130529479746,0.021082524794297695,2.2793005031379443,0.35010317702682464,1.15182289313473,-0.010840712662518917,-0.7753344600308278,0.028360549900530097,0.09000117304571391,0.09000117304571391,0.0,-0.006784289895673572,0.11198948285949029,-0.02587990228449978,0.0009198616533844595,0.2767005539136128,-1.5725469121827775,0,1.2728134048244684
11.781120000000353,2.004621396840352,0.2695597529454193,1.169499464984827,0.001053334224584166,-0.6904440184670837,0.029273638461563133,2.396088654666361,0.008329544920602727,1.3019787791836241,-0.1631091004018785,-0.6689949149447096,0.21405228108726954,2.3373576265764155,0.17782168075185456,1.2273469857212373,-0.08768287601755893,-0.7217874393260262,0.12125399593814329,0.09000117304571391,0.09000117304571391,0.0,-0.006731441360657757,0.11354124558644108,-0.0257806003292671,0.0009166752652254129,0.2764384859774045,-1.5725783543871088,0,1.2699344889575217
11.785280000000354,2.0046256676306693,0.2666856848941047,1.1696209565210307,0.0010249896761271684,-0.6897763323155011,0.02915796868889311,1.6373976104243617,0.0912939894718596,1.790384172974297,-0.004698947521906577,-0.7352167963224172,0.20915207380475542,1.987364170003648,0.13302636065305296,1.5093035078175019,-0.04678435253356999,-0.7277129504389958,0.1656982507777734,0.09000117304571391,0.09000117304571391,0.0,-0.0066789322063402195,0.11507780131474354,-0.025681654374416468,0.0009134673244075707,0.2761739109996908,-1.5726094669307964,0,1.2670583677950176
11.789440000000354,2.0046298212640834,0.2638144244387321,1.1697419679671044,0.0009968720193619517,-0.6891025092894315,0.029042747057691394,1.6380436634780962,0.17654529997597676,1.31604731383801,0.16148204351715179,-0.7307548076583706,0.022762925778023285,1.8130369618384925,0.15326448809348364,1.412721583523411,0.05752231741669808,-0.7284172145414313,0.09415377055080085,0.09000117304571391,0.09000117304571391,0.0,-0.0066267604054803635,0.11659925602889798,-0.025583063587546195,0.00091023862506198,0.2759068554263844,-1.5726402545016878,0,1.26418506681848
11.793600000000355,2.004633858679831,0.26094599687794434,1.1698625011836272,0.0009689797794159368,-0.6884226145890657,0.028927971965502033,1.5938679829276938,-0.10346325386187882,1.0845365288028905,-0.18330257447441875,-0.498073982946205,-0.15812008191580065,1.7030696533597955,0.023863749108504285,1.2482967898638917,-0.06286444140458464,-0.6136968559683342,-0.03144546675073608,0.09000117304571391,0.09000117304571391,0.0,-0.006574923943054111,0.11810571503924616,-0.025484827130529353,0.0009069899470628565,0.2756373455137399,-1.5726707217140559,0,1.2613146112384825
11.797760000000356,2.00463778081104,0.2580804272406699,1.169982558024516,0.0009413114902083649,-0.6877367129458746,0.028813641813300383,2.2338302134848784,0.12520922260477252,1.4732862243866915,0.02094389445196353,-0.8275340793621248,0.1149498337190469,1.9684966301796607,0.07281511165101365,1.3610316712828736,-0.020686787592520316,-0.7201995283251185,0.04198444165167219,0.09000117304571391,0.09000117304571391,0.0,-0.006523420815436298,0.11959728298749317,-0.025386944158916,0.0009037220562124381,0.2753654073295625,-1.5727008731097913,0,1.2584470259965927
11.801920000000356,2.0046415885847666,0.2552177402880632,1.170102140337039,0.0009138656944023023,-0.6870448686256023,0.028699755005527676,2.2019204115245437,0.19189543883150567,1.0606371945614324,-0.09950202419024415,-0.6401349055538419,0.0353904484687792,2.0850035149434687,0.1310236013355948,1.2109059193928156,-0.060244204401229864,-0.6796697694034164,0.03869874630640082,0.09000117304571391,0.09000117304571391,0.0,-0.006472249030223143,0.12107406384967567,-0.025289413821761544,0.0009004357044249801,0.27509106675440875,-1.572730713159575,0,1.2555823357673077
11.806080000000357,2.0046452829220307,0.252357960515433,1.1702212499618312,0.0008866409433573523,-0.6863471454312471,0.028586309950126117,1.8091235691814682,0.13691683830286328,1.364716700772495,0.03881339332027295,-0.8129412744649788,-0.10263118195167603,1.9471429077451896,0.1322782830487103,1.2875984638964577,-0.010993619708803776,-0.7457758516542277,-0.03173954501651515,0.09000117304571391,0.09000117304571391,0.0,-0.006421406606696118,0.12253616094149544,-0.02519223526252551,0.0008971316299099941,0.27481434948278116,-1.5727602462640315,0,1.2527205649599737
11.810240000000357,2.004648864737852,0.24950111215415793,1.1703398887329086,0.0008596357970804046,-0.6856436067060184,0.028473305058570167,1.949197883297022,0.03592465422912669,1.0148437589137884,-0.028449037603191875,-0.7255258578986505,0.16114515334666052,1.9481101011204787,0.08259053196713435,1.1515551250770468,-0.019174167710097608,-0.735080062697158,0.06433221766148502,0.09000117304571391,0.09000117304571391,0.0,-0.00637089157500301,0.12398367692035062,-0.0250954076193302,0.0008938105573539051,0.27453528102431496,-1.5727894767548645,0,1.2498617377206986
11.814400000000358,2.004652334941286,0.24664721917359006,1.1704580584776831,0.0008328488241797661,-0.6849343153362868,0.02836073874589659,1.7337453860190228,0.03316947278250146,1.849187670242412,0.030803391235205386,-0.8036349875002629,0.019817975590956008,1.8409904946122255,0.05620741640667143,1.5004177106491872,0.005724430393562737,-0.7690152227587531,0.04197672740912905,0.09000117304571391,0.09000117304571391,0.0,-0.00632070197683485,0.12541671379176078,-0.02499893002393526,0.0008904731981010658,0.2742538867049594,-1.5728184088959714,0,1.2470058779342457
11.818560000000359,2.0046556944354603,0.2437963052829463,1.1705757610169778,0.000806278601816442,-0.6842193337545046,0.028248609430738657,2.5593282191982896,-0.012134765420082932,1.1603747483051945,0.22057590352857312,-0.6598261578284267,0.024576983731287264,2.2006215771104727,0.02066128458217625,1.330444664631404,0.1139047062420075,-0.71339700864845,0.033424533329935,0.09000117304571391,0.09000117304571391,0.0,-0.006270835865462331,0.12683537291110425,-0.024902801603492952,0.000887120250333225,0.27397019166815073,-1.5728470468845424,0,1.244153009225921
11.82272000000036,2.004658944117609,0.24094839393318745,1.1706929981650418,0.0007799237156552361,-0.6834987239421206,0.028136915535352875,2.4789183289522487,0.04842335935204509,1.8740251131583516,-0.06573423719919759,-0.6227985255553676,-0.03754742838600393,2.3396353871780176,0.033245802486059614,1.6021588537405744,0.02399475906929338,-0.6674732144800788,-0.001219627044661862,0.09000117304571391,0.09000117304571391,0.0,-0.006221291304488529,0.12823975498942608,-0.024807021479738775,0.0008837523992474199,0.27368422087597977,-1.5728753948521395,0,1.241303154963445
11.82688000000036,2.0046620848791084,0.2381035083188855,1.1708097717295654,0.000753782759821022,-0.682772547432469,0.028025655485649052,2.3050211654494137,0.30862679903504053,1.2669019207532277,-0.15280936805755949,-0.5140504313090384,-0.032591940787776476,2.322010641320815,0.1698670569651693,1.4344593662161365,-0.06461056779513047,-0.5898287966646939,-0.01647833768927143,0.09000117304571391,0.09000117304571391,0.0,-0.006172066369166349,0.12962996009551953,-0.024711588769036077,0.0008803703172335047,0.2733959991103514,-1.5729034568657587,0,1.238456338258815
11.83104000000036,2.0046651176055117,0.2352616713800786,1.1709260835116955,0.000727854336849495,-0.6820408653136494,0.02791482771121996,1.3490021292370429,-0.4506444937669781,1.02837379586082,0.024953629000372634,-0.8008013902920141,-0.18341320749116435,1.835552454498878,-0.14205869580020977,1.231033200534045,-0.020303022859922446,-0.6953055373545622,-0.10039438933303495,0.09000117304571391,0.09000117304571391,0.0,-0.00612315914557914,0.13100608766165056,-0.024616502583277425,0.0008769746640496395,0.2731055509741387,-1.5729312369288748,0,1.2356125819701527
11.835200000000361,2.004668043176585,0.2324229058041145,1.1710419353060513,0.0007021370576413133,-0.6813037382313828,0.027804430645367174,2.203274034311835,0.22636794044578268,1.5394554270022125,-0.10500327710096766,-0.6168084544265927,0.07715505363819614,2.0191966585615115,0.04087288923634653,1.3854071156081376,-0.062284596306197246,-0.6554044657194243,-0.011709595332462783,0.09000117304571391,0.09000117304571391,0.0,-0.006074567731103238,0.13236823648630636,-0.024521762029503485,0.0008735660869967213,0.27281290089232924,-1.5729587389824684,0,1.2327719087035423
11.839360000000362,2.004670862466341,0.22958723402748177,1.1711573289007393,0.0006766295414142841,-0.6805612263918551,0.0276944627251284,1.9316354907926847,0.20111358411975966,0.7031147303034497,-0.245645003017672,-0.6206103245348271,-0.10327327149629328,1.974906008312582,0.11970347321391582,1.0440420447527639,-0.15466509011102836,-0.6379935920131068,-0.057822894717986746,0.09000117304571391,0.09000117304571391,0.0,-0.0060262902335876944,0.13371650473823293,-0.024427366209949064,0.0008701452210912226,0.2725180731131651,-1.572985966906037,0,1.2299343408148553
11.843520000000362,2.0046735763430727,0.22675467823762951,1.1712722660773698,0.0006513304156589434,-0.6798133895645436,0.02758492239130443,2.275804497309612,0.14366812970792678,0.7560561090884765,0.07565943260364104,-0.6953021482530514,0.07500500688115153,2.1255155932735534,0.13023772225252694,0.9002029163881833,-0.039933737958456006,-0.6656639328521776,0.008656406139477974,0.09000117304571391,0.09000117304571391,0.0,-0.005978324771815924,0.13505098996059606,-0.0243333142229457,0.0008667126892370682,0.27222109170927666,-1.573012924518589,0,1.2270999004115655
11.847680000000363,2.00467618566939,0.22392526037477525,1.1713867486110718,0.000626238316092188,-0.6790602870850253,0.027475808088482292,2.182888517848358,0.05410663376298264,1.6910368656664745,-0.10651047025153551,-0.7170336213978774,0.1959677810146251,2.153979545069598,0.09067888261368566,1.2960335567477657,-0.0725575193366374,-0.6906946245588252,0.10204786453130324,0.09000117304571391,0.09000117304571391,0.0,-0.005930669475754295,0.13637178907440228,-0.024239605162113598,0.0008632691023960239,0.27192198057880923,-1.5730396155796216,0,1.2242686093545492
11.851840000000363,2.0046786913022507,0.2210990021337012,1.1715007782705096,0.000601351886609844,-0.6783019778577707,0.027367118265061597,1.7764438132398712,0.4867181904595628,1.1847070625836444,0.02470583684945809,-0.8908683308154279,0.10022930253578607,1.9652597329908537,0.28684761131453806,1.2405776642067208,-0.02359942937993308,-0.7904242414986783,0.10130241786247679,0.09000117304571391,0.09000117304571391,0.0,-0.005883322485303518,0.13767899838268138,-0.02414623811705016,0.0008598150597562528,0.2716207634465432,-1.573066043790082,0,1.2214404892598776
11.856000000000364,2.0046810940929976,0.21827592496553905,1.1716143568178983,0.0005766697792444183,-0.6775385203589193,0.02725885137327796,1.9403677762045908,0.26492175633135334,0.5308951358368368,0.039983434863758285,-0.7197934291212277,-0.10697849882119836,1.9528951728026536,0.2743866502804705,0.8855089832076112,0.008943807957838421,-0.7547619893210876,-0.0028542085132582645,0.09000117304571391,0.09000117304571391,0.0,-0.005836281952042657,0.13897271357393337,-0.024053212173592076,0.0008563511489002831,0.27131746386500805,-1.5730922127933147,0,1.2186155615005945
11.860160000000365,2.00468339488739,0.21545605007954305,1.17172748600902,0.0005521906541155567,-0.67676997263904,0.027151005869225156,2.1827369305409112,-0.15082255677112794,1.1904092482501234,-0.1111495868659548,-0.7237685060655056,0.09010078114789347,2.0675856509899826,0.060271873046838044,1.0381479750403906,-0.050700393190681085,-0.7384109131781467,0.04394489702911436,0.09000117304571391,0.09000117304571391,0.0,-0.005789546037553508,0.14025302972622566,-0.023960526413435615,0.0008528779459704417,0.2710121052155894,-1.5731181261759906,0,1.2157938472084837
11.864320000000365,2.0046855945256374,0.2126393984448519,1.1718401675932404,0.0005279131793874635,-0.6759963923258748,0.027043580212878806,1.9020198380446527,0.8066279999175633,0.7753989574555156,0.11324566004281666,-0.8005239085592838,-0.09344255108778739,1.9850393484791495,0.43179048483519533,0.9065776873887533,0.030197169144045088,-0.7696520029650606,-0.024940789822423596,0.09000117304571391,0.09000117304571391,0.0,-0.005743112913880914,0.1415200413104487,-0.023868179914612292,0.000849396015833619,0.27070471070962954,-1.5731437874690233,0,1.2129753672758272
11.868480000000366,2.0046876938424343,0.20982599079223913,1.1719524033135242,0.0005038360312243805,-0.6752178366270668,0.026936572868117948,1.8163372586333661,0.22386153979695683,0.7470605725910735,-0.0234622925230626,-0.8322060418842384,0.0787964767273613,1.9006379071264887,0.32609304737372574,0.8269812558198781,0.0035704454039241842,-0.8006626648033882,0.02723486952362271,0.09000117304571391,0.09000117304571391,0.0,-0.0056969807639939765,0.14277384219475797,-0.023776171751965794,0.000845905912244509,0.270395303389522,-1.573169200148469,0,1.210160142357147
11.872640000000366,2.0046896936669913,0.20701584761585218,1.1720641949064523,0.00047995789374412134,-0.67443436233287,0.026829982302744488,1.569590636484541,0.08816606559178354,0.8378222419574775,0.01657622648270474,-0.6146193490317072,0.026997051468393974,1.7351469066812955,0.2058486678822586,0.8324585415604941,0.00984492044490801,-0.7072522036006567,0.02684491272402386,0.09000117304571391,0.09000117304571391,0.0,-0.005651147780964445,0.1440145256471037,-0.023684500996345267,0.0008424081780069726,0.27008390612979905,-1.5731943676364122,0,1.2073481928709417
11.876800000000367,2.0046915948230706,0.20420898917494032,1.1721755441022377,0.00045627745897501,-0.673646025818848,0.02672380698850596,1.7391602469550913,0.028827933737954142,0.8315318645754544,-0.1490507743197704,-0.7113126724680203,0.1588890354333131,1.7368426053218158,0.11585633491627785,0.8323264405054227,-0.06912235200970157,-0.7086967388835549,0.0924933989496176,0.09000117304571391,0.09000117304571391,0.0,-0.005605612168854938,0.14524218434033598,-0.02359316671572348,0.0008389033451342656,0.26977054163821357,-1.573219293301837,0,1.2045395390014069
11.880960000000368,2.0046933981290156,0.20140543549557136,1.1722864526247423,0.00043279342680909664,-0.6728528830485505,0.026618045401113517,2.277976460154152,0.583196969136303,1.2340501593852176,0.05370464876523997,-0.6763325456606213,0.13537259498158538,2.007524994006895,0.3481219412550975,1.033474178421793,-0.007702568063055378,-0.6919257766765738,0.1132107455178588,0.09000117304571391,0.09000117304571391,0.0,-0.005560372141041547,0.14645691035486563,-0.023502167974819133,0.0008353919350071528,0.2694552324568138,-1.5732439804614833,0,1.2017342007001472
11.885120000000368,2.0046951043977863,0.19860520637233728,1.1723969221914934,0.00040950450496234417,-0.6720549895761776,0.026512696020261337,2.2863639509204265,0.32185344442238356,0.26710783647996783,0.19599528287614365,-0.7407553774120995,0.09507464456040766,2.147355411553992,0.33344471163138983,0.6504830825074099,0.09349696526909827,-0.7153528068949572,0.10429522254553666,0.09000117304571391,0.09000117304571391,0.0,-0.005515425922170017,0.14765879518250746,-0.02341150383514609,0.0008318744585316185,0.26913800096301216,-1.5732684323806903,0,1.1989321976878768
11.889280000000369,2.00469671443699,0.19580832137004883,1.1725069545137004,0.00038640940892664287,-0.6712524005492284,0.026407757329645773,1.1192412484871825,-0.5019259402781251,0.9779386536546095,0.161798312187759,-0.674271932955968,-0.09916683066958858,1.6336289187831425,-0.08564941594792495,0.8140075567472003,0.12704356860587965,-0.6945793224366501,0.0022591793729755494,0.09000117304571391,0.09000117304571391,0.0,-0.005470771746478791,0.14884792973023253,-0.023321173355491054,0.0008283514162938401,0.26881886937064753,-1.5732926522742248,0,1.1961335494561083
11.89344000000037,2.004698229048915,0.1930147998254191,1.1726165512962712,0.0003635068619287945,-0.6704451707111325,0.02630322781698241,2.303178681501085,0.08028879160846027,1.2179294199583317,-0.1516233202546575,-0.521445505144614,-0.08932868560569508,1.968092294821584,-0.003765387665749722,1.0157842313773102,-0.011878529565298156,-0.607232431047536,-0.04291229164767191,0.09000117304571391,0.09000117304571391,0.0,-0.005426407858899849,0.15002440432349995,-0.023231175591535855,0.0008248232987144654,0.2684978597310416,-1.5733166433070973,0,1.193338275268832
11.89760000000037,2.00469964903056,0.19022466084873632,1.1727257142378296,0.0003407955948848903,-0.6696333544038672,0.02619910597402458,2.3795378658197706,0.20547411574809615,1.322909074540092,-0.01681258149331999,-0.8055775332474475,-0.10867119721929006,2.1737834770803315,0.09917943304313993,1.1691218731060076,-0.014579578355143612,-0.7059992873074231,-0.0753566927627001,0.09000117304571391,0.09000117304571391,0.0,-0.0053823325138083146,0.15118830871024302,-0.023141509596549217,0.000821290586200715,0.268174993934049,-1.5733404085953637,0,1.1905463941641823
11.90176000000037,2.00470097517367,0.18743792332552567,1.172834445030732,0.0003182743463598819,-0.6688170055705571,0.02609539029657891,2.202081950610541,0.4310819937328039,1.0057780559550928,-0.13605112967118602,-0.7198969345668169,0.021270780888228476,2.1876506327184235,0.2636353929146018,1.087493348572702,-0.07564572712910099,-0.7128134098528919,-0.02718590533112124,0.09000117304571391,0.09000117304571391,0.0,-0.005338543976550741,0.1523397320642248,-0.023052174421438115,0.0008177537492976781,0.2678502937091005,-1.5733639512069144,0,1.187757924956095
11.905920000000371,2.0047022082647636,0.18465460591820043,1.1729427453610841,0.0002959418625207666,-0.6679961777580598,0.02599207928452054,1.71017568792576,0.25184182418357415,1.625150597648548,-0.10019654818284926,-0.7298370243767693,0.07906324396434541,1.9487011894972504,0.256220315565784,1.356491254832504,-0.08781195669046701,-0.721242052417802,0.0254172652604495,0.09000117304571391,0.09000117304571391,0.0,-0.005295040521339376,0.1534787629881902,-0.02296316911415648,0.0008142132488370493,0.2675237806262408,-1.57338727416225,0,1.1849728862359539
11.910080000000372,2.004703349085168,0.18187472706770236,1.1730506169087582,0.00027379689709852874,-0.6671709241195365,0.025889171441810768,2.182165605174316,0.5795981388014451,0.9563592326125779,-0.06151658642352433,-0.6705907172160179,0.04749759250093305,2.065307975204379,0.41651408531140344,1.1565212089797738,-0.07509722388915573,-0.6946715965095536,0.03646968817451136,0.09000117304571391,0.09000117304571391,0.0,-0.005251820433420958,0.15460548951788367,-0.022874492720611247,0.00081066953608558,0.2671954760971599,-1.5734103804352455,0,1.1821912963742254
11.914240000000373,2.0047043984110484,0.1790983049951315,1.1731580613474104,0.00025183821134102893,-0.6663412974170065,0.025786665276510735,1.7241565382842305,0.7519190944968294,1.0662279074717904,0.14230430774332836,-0.5784044406619469,0.09446848190498816,1.8950267116181125,0.5830145789140799,1.1115708865450713,0.033179351554213914,-0.6359234556187267,0.06524012390089409,0.09000117304571391,0.09000117304571391,0.0,-0.005208882007398876,0.15571999912543744,-0.022786144284714274,0.0008071230528906689,0.26686540137621817,-1.5734332729538998,0,1.1794131735220832
11.918400000000373,2.00470535701344,0.1763253577033653,1.173265080344497,0.00023006457397286762,-0.6655073500238857,0.02568455930079486,2.4503017650374046,0.7272331570623608,1.2293798611635498,-0.004118558421823245,-0.7708089433411893,-0.013735402796642707,2.1726600113187255,0.6535199396086255,1.170447992636628,0.014314510458905376,-0.7025510195198672,0.025582555945605732,0.09000117304571391,0.09000117304571391,0.0,-0.005166223547905217,0.15682237872276894,-0.022698122847577606,0.00080357423182522,0.2665335775614658,-1.5734559546010758,0,1.1766385356130233
11.922560000000374,2.0047062256582784,0.17355590297866733,1.1733716755612928,0.00020847476115243264,-0.6646691339275107,0.025582852030967555,2.126308650612421,0.5743412071445912,0.6339169445270586,0.0891784513958837,-0.603319287837653,-0.12892919757006305,2.1496696110286906,0.6126734476118232,0.9019108146888621,0.05168599822211873,-0.6521312172281029,-0.051792996892966056,0.09000117304571391,0.09000117304571391,0.0,-0.005123843368990444,0.15791271466456225,-0.022610427449062,0.0008000234963306083,0.26620002559565525,-1.573478428215226,0,1.1738674003644682
11.926720000000374,2.00470700510643,0.17078995839228545,1.1734778486529074,0.00018706755643147527,-0.66382670073165,0.025481541987473346,1.974467186917248,0.2461094881380112,0.9432198380569541,-0.08465109834115678,-0.5194278494963394,0.1340701393201636,2.0618901606343076,0.4283082413501721,0.9228441155887991,-0.016021578064440295,-0.5856597896981394,0.04130065940169124,0.09000117304571391,0.09000117304571391,0.0,-0.005081739794795452,0.1589910927528626,-0.02252305712654583,0.0007964712608584285,0.2658647662672493,-1.5735006965911076,0,1.1710997852793583
11.930880000000375,2.0047076961137247,0.16802754130203965,1.1735836012683027,0.00016584175071187066,-0.6629801016589943,0.02538062769491205,1.8478804849646449,0.09783104998335079,1.1883404335673091,0.09728368321159563,-0.5510677572056866,0.10360807542692264,1.9550853922726534,0.2619192639574977,1.0558104288307792,0.040998964138930324,-0.5674695588038637,0.07206827561896186,0.09000117304571391,0.09000117304571391,0.0,-0.005039911159155184,0.16005759823922383,-0.022436010915831736,0.0007929179310102908,0.2655278202114211,-1.5735227624804846,0,1.1683357076477372
11.935040000000376,2.004708299430984,0.1652686688538995,1.1736889350503112,0.0001447961422040149,-0.6621293875536387,0.025280107682050124,2.1494842880575393,0.2213061263843002,1.3232042603508885,-0.02797843965666052,-0.7085561064641667,0.0840138192313011,2.0522267673338312,0.24013716027804013,1.1896851655920173,0.007110335137251145,-0.637294748349768,0.07746153831147101,0.09000117304571391,0.09000117304571391,0.0,-0.004998355805629291,0.1611123158287895,-0.022349287851413435,0.0007893639036760817,0.2651892079110496,-1.5735446285928203,0,1.165575184548323
11.939200000000376,2.0047088158040522,0.16251335798355138,1.1737938516356523,0.00012392953638508186,-0.6612746088835452,0.02517998048183077,2.133812950253601,0.43699313577493376,0.6569104185326329,-0.049932900294217805,-0.5987737129302683,0.18702994558257424,2.092916057903542,0.33732012609285533,0.9236827439653793,-0.021161054423416214,-0.6175714671953904,0.1324007033150414,0.09000117304571391,0.09000117304571391,0.0,-0.004957072086890916,0.16215532968384938,-0.0222628869656723,0.0007858095671706923,0.26484894969770884,-1.573566297595957,0,1.1628182328500716
11.943360000000377,2.004709245973827,0.15976162541795558,1.1738983526549498,0.00010324074595981216,-0.660415815742991,0.02508024463138732,1.6803056795182947,0.48411453120981257,1.2441131424203382,-0.07749337463341897,-0.6556963452935981,-0.002157919076025066,1.8864470641750801,0.4093541452496773,1.0838961134514082,-0.04945183139550906,-0.6364481317867335,0.0649297529738155,0.09000117304571391,0.09000117304571391,0.0,-0.004916058365611802,0.16318672342612528,-0.022176807289356365,0.0007822553013695184,0.2645070657526506,-1.5735877721167848,0,1.160064869213729
11.947520000000377,2.004709590676289,0.15701348767689305,1.17400243973275,8.272859081760115e-05,-0.6595530578550064,0.024980898672054525,1.9839790190812838,0.30440469750055515,1.646876138487114,-0.1795523215826201,-0.6500164279090024,-0.08817497407378262,1.9348393994212354,0.3555260960796722,1.3652070971691639,-0.11407971017707291,-0.6429546104114304,-0.01182108047332993,0.09000117304571391,0.09000117304571391,0.0,-0.004875313013637588,0.16420658014163036,-0.022091047852274767,0.0007787014778419748,0.26416357610778235,-1.5736090547419002,0,1.1573151100933727
11.951680000000378,2.0047098506425303,0.15426896107450225,1.174106114487539,6.239189799301109e-05,-0.6586863845737906,0.02488194114937692,1.9986925437347207,0.33239779461376107,1.4844107006152742,-0.037588029632589226,-0.7453526931626897,-0.022028287127038786,1.9666878735935591,0.3424099227939562,1.424762904767627,-0.07566432235794303,-0.693402374383969,-0.016438358718088963,0.09000117304571391,0.09000117304571391,0.0,-0.004834834412445007,0.16521498238265386,-0.02200560768292334,0.0007751484599837484,0.26381850064663825,-1.573630148018253,0,1.1545689717379461
11.955840000000379,2.004710026598787,0.1515280617208059,1.1742093785317604,4.2229501624364976e-05,-0.6578158448871195,0.024783370613118593,2.286971739223153,0.39987887017584767,0.8627578910826814,0.14108729434868827,-0.6314083539244976,-0.10866891170234126,2.1271250322702198,0.36983018717264293,1.1435317243455827,0.03292494886794549,-0.6617840240150201,-0.06316667496613339,0.09000117304571391,0.09000117304571391,0.0,-0.004794620952958146,0.16621201217167925,-0.021920485808108972,0.0007715966031472128,0.2634718591053449,-1.5736510544537834,0,1.1518264701927785
11.96000000000038,2.004710119266466,0.14879080552322785,1.1743122334718323,2.224024291309455e-05,-0.6569414874187361,0.024685185617274483,2.6090939457729383,0.3072423745901278,1.3411417383100723,-0.02366530601437537,-0.6440507933543063,0.21771606198008853,2.3680620175664333,0.33719703641711224,1.2427910726426763,0.005412821763246317,-0.6533034034815868,0.07720119728000557,0.09000117304571391,0.09000117304571391,0.0,-0.0047546710351502935,0.1671977510046716,-0.0218356812538575,0.0007680462547704354,0.263123671073581,-1.5736717765180481,0,1.1490876213010985
11.96416000000038,2.0047101293621745,0.14605720818809984,1.174414680908166,2.4229700847355548e-06,-0.6560633604307261,0.02458738472007781,2.2683361439276246,-0.19804115636285832,1.2565067941586825,0.10856362169617381,-0.5620443372749263,0.0763170726104397,2.318423698080229,0.06840522454624313,1.2498073719760263,0.05721915922556742,-0.6077113019421957,0.07694897312579381,0.09000117304571391,0.09000117304571391,0.0,-0.004714983068286762,0.16817227985426775,-0.021751193045253553,0.0007644977545047391,0.26277395599553177,-1.5736923166428365,0,1.1463524407055365
11.96832000000038,2.004710057597751,0.14332728522215868,1.1745167224351827,-1.7223461651099422e-05,-0.6551815118258796,0.024489966484008106,1.453478809551117,0.4666847196231074,1.2191458552027779,0.14770261301879983,-0.5236282204606534,-0.15850299778933297,1.8862515724854745,0.26645729974609544,1.234146351355092,0.10286189691831482,-0.5650366674754186,-0.04058593059337044,0.09000117304571391,0.09000117304571391,0.0,-0.004675555470954192,0.1691356791725478,-0.021667020206279655,0.0007609514343407754,0.26242273317083675,-1.5737126772227767,0,1.143620943849618
11.972480000000381,2.0047099046802916,0.14060105193403352,1.1746183596413318,-3.6700190140882325e-05,-0.6542959891500403,0.024392929475799775,1.8036698841053522,0.15553021881708645,1.2981001231632001,0.0872100826118122,-0.7684213696510953,-0.020864115395516726,1.8451425498001788,0.20939240766631217,1.266079748813863,0.09455378052023311,-0.6656190577295298,-0.03046701346401102,0.09000117304571391,0.09000117304571391,0.0,-0.004636386671089864,0.17008802889542252,-0.021583161759654634,0.0007574076187329246,0.26207002175553284,-1.5737328606159324,0,1.1408931459792446
11.976640000000382,2.004709671312182,0.13787852343572338,1.1747195941091086,-5.600834632746277e-05,-0.6534068395944358,0.024296272266451358,1.9798473866442494,0.3475246891167616,1.014002573670159,0.04785070717476008,-0.5760803997748245,0.1745193113264291,1.9125942371821865,0.2772587726689326,1.1404037982055915,0.07178306120294903,-0.6196476718963995,0.071337078685433,0.09000117304571391,0.09000117304571391,0.0,-0.004597475105583111,0.17102940844414083,-0.021499616728170676,0.0007538666247219407,0.2617158407629907,-1.573752869144388,0,1.1381690621441698
11.980800000000382,2.004709358191122,0.13515971464406504,1.1748204274150722,-7.514905428871062e-05,-0.6525141099980009,0.02419999343122903,1.942345425757539,0.21389237529323774,1.3566986717762968,-0.15294515470964654,-0.6099354096487037,0.04737624935592871,1.927154111770431,0.24430534639271526,1.248650467187129,-0.04162142498099801,-0.6142457934808715,0.059753707177297596,0.09000117304571391,0.09000117304571391,0.0,-0.004558819220089793,0.17195989673012324,-0.021416384133250074,0.0007503287620564366,0.26136020906484636,-1.5737727050948267,0,1.135448707199461
11.984960000000383,2.0047089660101585,0.13244464028219138,1.1749208611298625,-9.412343127539482e-05,-0.6516178468496792,0.024104091549676143,1.9336969900871739,0.3924186333772321,1.168878280485919,-0.12785423714795943,-0.7793796951968821,-0.17726071550878422,1.9301577638325234,0.3167421113267265,1.208394360705822,-0.08381882345261531,-0.6968849293104349,-0.05837395997301271,0.09000117304571391,0.09000117304571391,0.0,-0.004520417469916067,0.17287957215713234,-0.021333462995638958,0.0007467943333130129,0.2610031453919268,-1.573792370719097,0,1.1327320958069538
11.989120000000383,2.0047084954577095,0.12973331488098006,1.1750208968182192,-0.00011293258775275597,-0.6507180962907156,0.024008565205619725,1.7167762584348656,-0.015459206594420905,0.9562808946962196,-0.02166570919182503,-0.716240101897367,0.08581893722348014,1.8234194838841091,0.14914765187788354,1.082514750559591,-0.052279797036297516,-0.7057355100368489,0.013527596913726903,0.09000117304571391,0.09000117304571391,0.0,-0.004482268318764449,0.1737885126244132,-0.0212508523361032,0.0007432636340142352,0.26064466833516986,-1.5738118682347717,0,1.1300192424366982
11.993280000000384,2.0047079472175953,0.12702575278049283,1.1751205360389991,-0.0001315776274368614,-0.6498149041169349,0.023913412987174056,1.593063221873838,0.06095797854930787,0.9595785669432867,0.036155528434958346,-0.4838786011784323,0.1648294219481617,1.7083130593833955,0.10404406868618911,1.0213896098499615,-0.007161882288238248,-0.5940153608265081,0.08870196163682079,0.09000117304571391,0.09000117304571391,0.0,-0.004444370239616704,0.17468679553070054,-0.021168551174626946,0.0007397369527457995,0.26028479634653867,-1.5738311998256962,0,1.1273101613683905
11.997440000000385,2.0047073219690645,0.12432196813140532,1.1752197803451938,-0.00015005964733464815,-0.6489083157810016,0.023818633486747467,1.9295395447018089,0.21186203276042226,1.3843373068186862,0.045317647515940924,-0.7089801475695852,-0.03811699253948999,1.8190200270964316,0.15647772718834077,1.2027858809454923,0.02007580267933468,-0.6508076463708976,0.02570203917845508,0.09000117304571391,0.09000117304571391,0.0,-0.004406721713906906,0.17557449777598988,-0.021086558530465274,0.0007362145712717818,0.25992354773993065,-1.5738503676425293,0,1.1246048666928032
12.001600000000385,2.004706620386824,0.12162197489642751,1.175318631283948,-0.00016837973778052894,-0.6479983763946735,0.02372422530104892,2.32287897111235,0.2337036559972896,1.105926930181323,-0.002671042176105887,-0.7021386459855008,-0.04199482140611875,2.070947325386794,0.19362819887752863,1.1542687929476534,0.008772967610310689,-0.6752172038717023,-0.008340721733128978,0.09000117304571391,0.09000117304571391,0.0,-0.004369321232618282,0.17645169576598918,-0.021004873423267678,0.0007326967646488108,0.25956094069208097,-1.573869373803274,0,1.121903372313198
12.005760000000386,2.0047058431410636,0.11892578685171487,1.1754170903965777,-0.00018653898247757814,-0.6470851307310339,0.02363018703108975,1.7484709700124232,0.5942576359220766,1.100150079534861,-0.032501989042027855,-0.5874028668679793,-0.02459217367249512,1.9096390848129823,0.39272280857101616,1.1271575515268144,-0.011764176959386877,-0.6307716525617975,-0.016294703667950303,0.09000117304571391,0.09000117304571391,0.0,-0.004332167294814875,0.17731846541401697,-0.020923494872063117,0.0007291838013380437,0.2591969932434602,-1.5738882203938007,0,1.119205691946734
12.009920000000387,2.0047049908974865,0.11623341758827022,1.1755151592185868,-0.00020453845853260404,-0.6461686232267165,0.02353651728218962,2.141952177268577,-0.14415931939747012,1.1937001683781197,0.23716324072869002,-0.761538430325051,-0.03973238602597113,2.0262905932365354,0.12269442475128624,1.160347734430973,0.11266246956373305,-0.696346104268897,-0.028517431127048784,0.09000117304571391,0.09000117304571391,0.0,-0.004295258408523543,0.17817488214472377,-0.02084242189531274,0.0007256759433164886,0.25883172329916704,-1.5739069094683604,0,1.116511839125867
12.014080000000387,2.0047040643173344,0.11354488051333642,1.1756128392796867,-0.0002223792364949073,-0.6452488979841131,0.023443214663982193,2.3079211102083086,0.3594889124187458,0.8102621402389271,0.25967215823942685,-0.5629573130391958,-0.011067275814776706,2.167649028237064,0.23992263824734852,0.9852795814901741,0.18563125558529056,-0.6297792610924293,-0.01984803839316162,0.09000117304571391,0.09000117304571391,0.0,-0.004258593090334033,0.17902102089718452,-0.02076165351203324,0.0007221734461864949,0.2584651486298154,-1.573925443050091,0,1.1138218271997369
12.018240000000388,2.004703064057416,0.11086018885177988,1.1757101321038135,-0.00024006238039337753,-0.6443259987735677,0.02335027779041602,2.093185604828704,-0.28643270882228394,1.0548013053758236,0.0326283111618948,-0.7235016941008674,-0.050846847468731256,2.1304844865068935,-0.02476473398793858,1.0199340683853704,0.10922367577677188,-0.6760800394185865,-0.03481578683435277,0.09000117304571391,0.09000117304571391,0.0,-0.00422216986585398,0.17985695612725006,-0.02068118874099624,0.0007186765592839986,0.2580972868724156,-1.5739438231315153,0,1.1111356693355472
12.022400000000388,2.0047019907701333,0.10817935564746504,1.1758070392091458,-0.00025758894777549464,-0.6433999690355602,0.02325770527975874,1.9368117675581646,0.1072513162920128,0.9662909500460902,-0.07899280188780528,-0.47555474642758166,0.1213257825726553,2.033481609158049,0.04025362188401657,0.9933637748308963,0.015540964617990672,-0.5751315585698231,0.04358789816591449,0.09000117304571391,0.09000117304571391,0.0,-0.0041859872688810775,0.1806827618116178,-0.020601026600781502,0.0007151855257848584,0.25772815553125134,-1.573962051675029,0,1.1084533785199362
12.026560000000389,2.0047008451035095,0.10550239376461974,1.1759035621081233,-0.00027495998974288663,-0.6424708518828721,0.02316549575460093,2.7286637929426707,0.2504152182775261,1.482521914792843,-0.025512356009276062,-0.6812408578474276,-0.044141776764315896,2.3810230585417673,0.14391899909281647,1.23785447299435,-0.004289663240995865,-0.62821286665217,-0.0002804208661992308,0.09000117304571391,0.09000117304571391,0.0,-0.0041500438420711315,0.18149851144945472,-0.020521166110472777,0.0007117005828102665,0.25735777197874976,-1.5739801306133832,0,1.105774967560339
12.03072000000039,2.0046996277012137,0.10282931588919164,1.1759997023074644,-0.00029217655098967696,-0.6415386901027446,0.023073647841857066,1.6247420306884766,0.8195382537472669,0.6991195354206575,0.24233881757067788,-0.6839455875166329,0.1036474247160317,2.003381878424545,0.4803071194056514,0.9686978284203545,0.1187355885225246,-0.6543216914506769,0.05215269940632208,0.09000117304571391,0.09000117304571391,0.0,-0.00411433813589585,0.1823042780666997,-0.020441606288856398,0.0007082219615304995,0.256986153456348,-1.5739980618501577,0,1.1031004490863388
12.03488000000039,2.0046983392025894,0.10016013453019573,1.1760954613081842,-0.0003092396698364964,-0.6406035261590174,0.022982160172769713,1.9054434379772045,-0.17615353085341467,1.108615211377105,0.16153587992071386,-0.7231336605978074,0.06609699744041661,1.9547476362739082,0.15056791679524872,1.0387951649921976,0.14029000426944152,-0.6886333837425507,0.059034427605879514,0.09000117304571391,0.09000117304571391,0.0,-0.004078868710165794,0.1831001342178109,-0.02036234615511638,0.0007047498872677355,0.2566133170753528,-1.5740158472602264,0,1.100429835551013
12.03904000000039,2.00469698024268,0.09749486202105298,1.176190840605613,-0.0003261503782708458,-0.6396654021942606,0.02289103138291078,2.5328044064420023,0.9349412864873073,1.4078381750888622,0.07128876161356071,-0.5866044372762564,0.12667651056602794,2.243928942460465,0.5415383024182326,1.2235827596676552,0.10550644545690023,-0.6368235413264273,0.0928396970682725,0.09000117304571391,0.09000117304571391,0.0,-0.004043634132347216,0.18388615198987224,-0.020283384729103307,0.0007012845795966462,0.256239279817796,-1.5740334886902159,0,1.097763139232265
12.043200000000391,2.004695551452255,0.09483351052092012,1.1762858416894137,-0.00034290970198045176,-0.6387243600318873,0.022800260112181555,2.2887470942816943,0.4913305630915855,0.7316856941053884,-0.05249251280821929,-0.6558550148738281,-0.05004847633485621,2.266230687099829,0.5150684949858353,0.9775265876144915,0.02577754247393502,-0.6456518562155561,0.021451806288605792,0.09000117304571391,0.09000117304571391,0.0,-0.004008632978656663,0.1846624030044659,-0.02020472103053282,0.0006978262524444576,0.2558640585372842,-1.5740509879589564,0,1.0951003722341537
12.047360000000392,2.0046940534578366,0.09217609201601072,1.1763804660436006,-0.0003595186603911874,-0.6377804411782577,0.022709845004816057,2.2421581885413446,-0.1085886061690416,1.2889611757519934,0.10296390922233063,-0.59239918691222,0.07005695986769694,2.254409034659455,0.20200256791168664,1.1333913008400078,0.0640756724400415,-0.6186253140584675,0.04598041095998346,0.09000117304571391,0.09000117304571391,0.0,-0.00397386383366018,0.1854289584212614,-0.020126354079680844,0.0006943751141890637,0.2554876699598435,-1.5740683468579246,0,1.0924415464882082
12.051520000000393,2.0046924868817255,0.08952261832090752,1.1764747151465564,-0.0003759782667033296,-0.6368336868247684,0.02261978470938142,2.039095482465078,-0.2721439021980328,1.2898507400330277,-0.024147827775244535,-0.7385115072934376,0.0008734733340131674,2.146700085579531,-0.03661118085405927,1.211624794228304,0.02018092004635107,-0.6780253553910434,0.023015264955719098,0.09000117304571391,0.09000117304571391,0.0,-0.003939325289871603,0.1861858889402268,-0.020048282897224032,0.0006909313677558643,0.25511013068475885,-1.5740855671516802,0,1.0897866737547384
12.055680000000393,2.004690852342026,0.08687310107986615,1.1765685904710514,-0.0003922895279261456,-0.6358841378499304,0.022530077878778875,2.306936184440932,-0.15582128434024514,1.3236269297113523,0.08688068994969739,-0.7011079803792086,0.029394422225000494,2.227000604638003,-0.09767672997664048,1.267688381318715,0.05321924715154846,-0.6889021071826237,0.025917821183842463,0.09000117304571391,0.09000117304571391,0.0,-0.003905015947991829,0.1869332648053419,-0.01997050650450781,0.0006874952107136238,0.25473145718540857,-1.5741026505782951,0,1.0871357656241345
12.059840000000394,2.004689150452672,0.08422755176811018,1.1766620934842609,-0.0004084534449134828,-0.6349318348214313,0.02244072317024357,2.5125932905166857,-0.09597027640568216,1.0954389309244974,-0.1359897520614379,-0.5957329511704414,-0.0007466341906863759,2.3695162507764747,-0.09806297589187774,1.181558675848328,-0.041449835522944074,-0.6421420015673563,0.013655712364927559,0.09000117304571391,0.09000117304571391,0.0,-0.0038709344171485175,0.18767115580693328,-0.019893023923386932,0.0006840668353688413,0.25435166581009355,-1.5741195988497751,0,1.0844888335181582
12.064000000000394,2.004687381823454,0.08158598169311773,1.1767552256477831,-0.000424471012400361,-0.6339768179981871,0.022351719245344962,1.5454404745310113,0.4338020279665056,1.3604125380978132,-0.09240518122843674,-0.6921876061996016,-0.08948238755729541,1.9572815416005696,0.16643245573611026,1.2708003104783516,-0.06747504362851173,-0.6666509771961807,-0.03770129470374014,0.09000117304571391,0.09000117304571391,0.0,-0.0038370793147083446,0.18839963128401638,-0.01981583417627937,0.0006806464288585705,0.25397077278286107,-1.5741364136524756,0,1.0818458886912266
12.068160000000395,2.004685547060041,0.07894840199589948,1.1768479884176581,-0.00044034321903878553,-0.6330191273323823,0.022263064769986986,2.2677599749091657,0.0104748323996256,0.7074762707686655,-0.16059794794490223,-0.5619703969720293,-0.09440109151302871,2.1121885665567652,0.0872823710540406,0.9889385146996538,-0.11387416369406665,-0.6136924721817808,-0.06629637458737161,0.09000117304571391,0.09000117304571391,0.0,-0.003803449265446965,0.1891187601282489,-0.019738936286648676,0.0006772341732419215,0.25358879420432434,-1.5741530966475097,0,1.0792069422316861
12.072320000000396,2.0046836467640103,0.07631482365226824,1.1769403832443848,-0.00045607104743010645,-0.6320588024714943,0.022174758414406106,2.34847381526603,0.13366948995249,1.0879223746664153,-0.10924473132353323,-0.6309947800465588,0.10786584807527413,2.230105462929508,0.10916279357163189,1.0386558715547864,-0.11148496217540103,-0.6218565122766687,0.020592600222877816,0.09000117304571391,0.09000117304571391,0.0,-0.0037700429030706343,0.18982861078586444,-0.019662329277988333,0.0006738302455908267,0.25320574605247614,-1.57416964947115,0,1.0765720050630794
12.076480000000396,2.004681681532868,0.07368525747410029,1.1770324115729396,-0.0004716554741637224,-0.6310958827603073,0.02208679885317355,2.237779141800493,-0.39407661243602266,1.226791623749151,-0.12334334324731194,-0.7515026044501598,-0.09704374771981412,2.233685311068736,-0.1440248718913781,1.1325243926370019,-0.11717565377234182,-0.6860281387452222,-0.03878383705196071,0.09000117304571391,0.09000117304571391,0.0,-0.0037368588683177606,0.19052925126046572,-0.01958601217537298,0.0006704348180786809,0.25282164418349806,-1.574186073735224,0,1.0739410879454026
12.080640000000397,2.004679651960077,0.07105971411058815,1.1771240748427945,-0.0004870974698478756,-0.6301304072429146,0.021999184765191068,2.3077300930217293,0.017268650238937235,0.8526593474593341,-0.08203223020290135,-0.671832967547277,-0.07543021431556272,2.2705385477771607,-0.06477529974315505,0.9924333375376531,-0.10006407096918685,-0.6784869030104453,-0.05725782323982945,0.09000117304571391,0.09000117304571391,0.0,-0.003703895810479636,0.19122074911636466,-0.019509984004229944,0.0006670480580686659,0.25243650433256465,-1.5742023710275035,0,1.071314201476355
12.084800000000397,2.0046775586350805,0.06843820404948521,1.1772153744879348,-0.0005023979991467876,-0.6291624146647057,0.021911914833691693,2.5980457474280696,-0.017023447134677516,1.456370144396738,0.0718296801934451,-0.7073885509503086,0.07486765360845511,2.434444615709323,-0.042373083290261564,1.2245595753028637,-0.014499755250964547,-0.6916393473129667,0.009342016660446144,0.09000117304571391,0.09000117304571391,0.0,-0.0036711523867847947,0.19190317148075242,-0.019434243791034478,0.0006636701282000012,0.25205034211464217,-1.5742185429120856,0,1.0686913560925808
12.088960000000398,2.004675402143327,0.06582073761834212,1.1773063119368774,-0.0005175580208152332,-0.6281919434743434,0.021824987746237607,1.573933958195405,0.02599496320464547,1.013101346237274,0.07386745294751533,-0.529244473404337,0.1904822508425668,2.0043377549240575,-0.009290811282767406,1.1192238778540895,0.02927081358976623,-0.6097711737611115,0.10052600475199593,0.09000117304571391,0.09000117304571391,0.0,-0.003638627261782033,0.19257658504662611,-0.019358790563150097,0.000660301186473187,0.25166317302528285,-1.5742345909297708,0,1.066072562070901
12.093120000000399,2.0046731830662945,0.06320732498573492,1.1773968886126887,-0.0005325784877305446,-0.6272190318257282,0.021738402194718575,1.9061478760118415,0.0891786709145225,1.5728931188155024,-0.09565401274284947,-0.7476876343005008,-0.06970930789705618,1.9550436393382458,0.038388452947895405,1.345917224286175,-0.03340888499755569,-0.6782409950568472,0.015157311278661266,0.09000117304571391,0.09000117304571391,0.0,-0.0036063191084336923,0.19324105607540476,-0.019283623348882617,0.000656941386334402,0.25127501244141426,-1.574250516598432,0,1.0634578295295403
12.0972800000004,2.0046709019815157,0.06059797616248513,1.1774871059330025,-0.0005474603469291758,-0.6262437175799508,0.021652156875350125,1.6665622311079058,-0.34070966408710057,0.799853788874175,0.05530080439884053,-0.3954024311554106,0.1573120124067176,1.8109150410908381,-0.15198628218982752,1.0732086718578457,0.011372820918747866,-0.5365521080207901,0.08633041548282924,0.09000117304571391,0.09000117304571391,0.0,-0.0035742266070716714,0.1938966503999784,-0.01920874117774822,0.0006535908767579851,0.25088587562212394,-1.5742663214133785,0,1.0608471684293417
12.1014400000004,2.0046685594626004,0.05799270100287167,1.1775769653100387,-0.0005622045396389162,-0.6252660383072303,0.0215662504886706,2.3430753883990247,-0.11855537168486106,1.3357643370281032,-0.05833110425487869,-0.7859602866154658,-0.022469417258481915,2.076875974005626,-0.13690577149080052,1.2044412597828202,-0.022687297777610797,-0.6610459943188928,0.03210390605373441,0.09000117304571391,0.09000117304571391,0.0,-0.003542348445634912,0.19454343342669933,-0.019134143080313984,0.0006502498023283232,0.2504957777094384,-1.5742820068477155,0,1.0582405885749775
12.1056000000004,2.0046661560792614,0.05539150920583482,1.1776664681506201,-0.0005768120013120995,-0.6242860312888443,0.021480681739538713,1.8099080799576608,-0.20041018033754218,0.7905003765441896,-0.06770823652927314,-0.5027154116041652,0.03268614400844417,1.9432499617051047,-0.16970551510843246,0.9975359168391701,-0.04549973175890731,-0.5811881383714398,0.03239066347407559,0.09000117304571391,0.09000117304571391,0.0,-0.0035106833201212773,0.19518147013876752,-0.019059828087823416,0.00064691830332043,0.2501047337290983,-1.574297574352695,0,1.0556380996161483
12.109760000000401,2.0046636923973375,0.05279441031617214,1.1777556158561915,-0.0005912836616606944,-0.6233037335190433,0.021395449337132718,2.1895277588662365,0.11892754363210983,0.33833420697559435,-0.02122945130090854,-0.6783957158528934,-0.048366885759075495,2.066346721380874,-0.026798148870678325,0.6678315589107514,-0.033507708164333655,-0.6297186312611188,-0.008805883681278931,0.09000117304571391,0.09000117304571391,0.0,-0.003479229933970574,0.1958108250985593,-0.018985795233320002,0.000643596515778974,0.24971275859132813,-1.5743130253580635,0,1.0530397110487766
12.113920000000402,2.004661168978818,0.05020141372572649,1.1778444098228371,-0.0006056204446888271,-0.6223191817069549,0.021310551994944818,2.152356294102604,0.36156837320318697,1.1262076372375578,0.0517222049420261,-0.5891537203950344,0.021277847998279004,2.1094593601167277,0.16616199776936014,0.8970665019836395,0.009260546098063422,-0.6092419177468184,0.0065037469514731905,0.09000117304571391,0.09000117304571391,0.0,-0.00344798699830204,0.1964315624500672,-0.018912043550846414,0.0006402845715964148,0.24931986709160148,-1.5743283612724024,0,1.0504454322161918
12.118080000000402,2.004658586381865,0.047612528674566175,1.1779328514412988,-0.000619823268726296,-0.621332412278476,0.02122598843077885,1.9476870475877834,0.362163760508888,1.3447071195196538,0.11256832209339558,-0.6971060887513122,0.10463902574015646,2.0288061009290272,0.2627141354926976,1.1211078788637119,0.06096059857470411,-0.6530939500576489,0.055425843851639976,0.09000117304571391,0.09000117304571391,0.0,-0.003416953231296478,0.19704374592177754,-0.018838572075497842,0.0006369825985899115,0.24892607391140142,-1.574343583483464,0,1.0478552723103072
12.122240000000403,2.004655945160838,0.0450277642521572,1.1780209420969936,-0.0006338930464595109,-0.6203434613781539,0.021141757366747706,1.870832978869836,-0.11987334220571952,0.7885433405135758,0.06679884441729847,-0.7370071259159574,0.004064879771044732,1.9499571088367682,0.06988375189291929,0.9548320373329039,0.06400691399819053,-0.6945574875831879,0.029604431577022045,0.09000117304571391,0.09000117304571391,0.0,-0.0033861273595025936,0.19764743882901947,-0.018765379843689478,0.0006336907205774626,0.2485313936189763,-1.5743586933585014,0,1.0452692403727888
12.126400000000404,2.0046532458663173,0.04244712939852781,1.1781086831700323,-0.000647830684967879,-0.6193523648710547,0.021057857529269596,1.876956172208346,0.2531232927204045,1.638392096767049,0.2060168466574246,-0.7383357152051971,0.001817766681155724,1.9138850115234323,0.15996833655523462,1.2966199649637378,0.1348235464672589,-0.7160826080587713,0.016033206422306864,0.09000117304571391,0.09000117304571391,0.0,-0.003355508115936776,0.19824270407717948,-0.018692465893424548,0.0006304090574520356,0.2481358406700908,-1.574373692244593,0,1.0426873452962175
12.130560000000404,2.004650489045127,0.03987063290542523,1.1781960760352368,-0.0006616370857522723,-0.6183591583446191,0.020974287649063138,2.3356503067910497,0.07434233433694756,1.1153115256749317,-0.02859296238182746,-0.6893338082409269,-0.02787095610932184,2.124712185782709,0.11572021180188669,1.2059054799348963,0.05262189973280506,-0.7023588014767144,-0.005422772422823675,0.09000117304571391,0.09000117304571391,0.0,-0.003325094242029946,0.1988296041631048,-0.01861982926392071,0.0006271377252556488,0.24773942940877208,-1.574388581468962,0,1.0401095958252426
12.134720000000405,2.004647675240357,0.03729828341746477,1.1782831220621581,-0.0006753131447716087,-0.61736387711051,0.020891046461143974,1.627157338026441,0.042695567134859246,1.036020585098483,-0.051684841488570915,-0.665843111103278,-0.08433554252863315,1.875823424597232,0.07782051689035918,1.1207859998051763,0.0006447991577110282,-0.6831765746833615,-0.044668082982523616,0.09000117304571391,0.09000117304571391,0.0,-0.003294884485513388,0.19940820117886604,-0.01854746899544911,0.0006238768362512368,0.24734217406805176,-1.5744033623392906,0,1.0375360005577283
12.138880000000405,2.004644804991388,0.03473008943327125,1.178369822615095,-0.0006888597524706241,-0.6163665562064449,0.020808132704822003,1.9798318334815674,0.4354067714785668,1.560152041252817,0.05519090000898946,-0.6890480840125071,0.038375110481300816,1.927942486396435,0.25518226481684403,1.340552826658878,0.028234551630988165,-0.6857842072617197,-0.003590592954662956,0.09000117304571391,0.09000117304571391,0.0,-0.0032648776025791058,0.19997855681371113,-0.018475384130672012,0.0006206264989946158,0.2469440887707029,-1.5744180361440292,0,1.0349665679458906
12.143040000000406,2.004641878833914,0.03216605930661284,1.1784561790531103,-0.0007022777938166468,-0.6153672303980182,0.020725545123692995,3.000245711026496,-0.14081283981414644,1.7652740317557607,0.052473132162126575,-0.5472722569385551,0.1562504714975293,2.4642109665798833,0.05604402956286754,1.553241494365321,0.04024561520066972,-0.6167286590094071,0.0762731924046209,0.09000117304571391,0.09000117304571391,0.0,-0.0032350723559795977,0.20054073235602665,-0.018403573712557797,0.0006173868184040916,0.24654518752997245,-1.5744326041527006,0,1.0324013062974313
12.147200000000407,2.0046388972999627,0.029606201247527365,1.1785421927300503,-0.0007155681483284544,-0.6143659341805151,0.02064328246563886,1.9737610342227372,0.47154902088298156,1.087272976341064,-0.030204944194099876,-0.5714372245660679,-0.07675723490436874,2.218919910210439,0.2626084318634997,1.320094976481588,0.004944481070120777,-0.5929183391362731,-0.0005469613868330731,0.09000117304571391,0.09000117304571391,0.0,-0.00320546751569102,0.20109478869744413,-0.018332036786358336,0.0006141578958299139,0.2461454842503097,-1.5744470676161988,0,1.0298402237766582
12.151360000000407,2.0046358609179205,0.027050523323441086,1.178627864994562,-0.0007287316901078937,-0.6133627017807072,0.02056134348281961,1.9528968453011557,0.2908539384724942,1.447608074529966,0.06512236633682227,-0.6145685758882956,-0.0941589681669432,2.0860430243027355,0.27545171933233664,1.3836570853460781,0.03452209056284202,-0.603079124545096,-0.04759483756914295,0.09000117304571391,0.09000117304571391,0.0,-0.0031760618591497847,0.2016407863334273,-0.018260772398808398,0.000610939829122537,0.24574499272808895,-1.5744614277670834,0,1.0272833284056035
12.155520000000408,2.004632770212554,0.024499033460280067,1.1787131971901106,-0.0007417692878724868,-0.6123575671586446,0.020479726931668638,2.0022189187421695,0.2617896945259056,0.9626938349182449,-0.06924182287095709,-0.8001022041361957,-0.05858849746317979,2.043985715423751,0.2669549401819927,1.1730498119509867,-0.01704137202531883,-0.7008655261070552,-0.05268699929629931,0.09000117304571391,0.09000117304571391,0.0,-0.0031468541710617014,0.2021787853670729,-0.01818977959775049,0.0006077327126996354,0.24534372665232923,-1.5744756858198699,0,1.024730628065131
12.159680000000408,2.0046296257050336,0.0219517394435741,1.1787981906549976,-0.000754681804987242,-0.6113505640094321,0.020398431572889515,2.1846340150102246,-0.5639285074155576,1.48890465622137,-0.06607932511082198,-0.7587680228552393,0.10111896923919592,2.114174150615246,-0.15007159761900568,1.3311891098832733,-0.04191509140762289,-0.7294358491175734,0.02452296923560753,0.09000117304571391,0.09000117304571391,0.0,-0.0031178432432106785,0.2027088455112085,-0.01811905743325773,0.0006045366376118907,0.24494169960540838,-1.574489842971313,0,1.022182130496037
12.163840000000409,2.004626427912952,0.019408648919553288,1.1788828467223786,-0.0007674700994956663,-0.6103417257649942,0.02031745617144807,1.5907362973961645,0.06901858802900895,1.1999396043437889,-0.0007702731547039464,-0.5470038584707928,0.07862522246060352,1.852450427491065,-0.0416630184441803,1.2657267235748337,-0.021570529970486828,-0.6380898599266595,0.051692428055038826,0.09000117304571391,0.09000117304571391,0.0,-0.003089027873839083,0.2032310260904986,-0.01804860495661824,0.0006013516916080557,0.2445389250637728,-1.5745039004006887,0,1.019637843300146
12.16800000000041,2.004623177350352,0.01686976939623732,1.178967166720281,-0.0007801350241481954,-0.6093310855958325,0.02023679949656863,1.1744236783558843,0.3568888636706498,0.9453048903203493,0.05027785516706216,-0.7236524941637432,-0.13751293331333805,1.5135366340192782,0.1561106202741613,1.1052269088752633,0.014469705420463493,-0.6809065356525716,-0.04259376236284318,0.09000117304571391,0.09000117304571391,0.0,-0.003060406869380199,0.20374538604409187,-0.0179784212208155,0.0005981779591993793,0.2441354163986436,-1.5745178592700682,0,1.0170977739413956
12.17216000000041,2.0046198745277417,0.014335108244517449,1.1790511519716216,-0.0007926774264378439,-0.6083186764127692,0.020156460321728253,2.4784112089429096,0.19025730046465614,0.8026605137559665,-0.03058910499483414,-0.5680860081797859,0.18087537689751707,1.9959159789714205,0.17200210039645775,0.9543180550556555,-0.0075424365364537855,-0.6242647297811016,0.06900849757815818,0.09000117304571391,0.09000117304571391,0.0,-0.0030319790421292196,0.20425198392848865,-0.017908505280795753,0.0005950155217219635,0.2437311868767174,-1.5745317207245904,0,1.0145619297469155
12.17632000000041,2.0046165199521226,0.011804672699231286,1.1791348037942242,-0.0008050981486261476,-0.6073045308686791,0.020076437424649814,1.8974244845174288,0.4638699091564301,1.3357964610123298,-0.032742587597761025,-0.6669649387414083,-0.051435184805101494,1.946600419764269,0.31654953077558057,1.1449531321889441,-0.01965085003009369,-0.6450116876192254,0.008703748772361623,0.09000117304571391,0.09000117304571391,0.0,-0.0030037432121883256,0.20475087791913538,-0.017838856192879518,0.0005918644573993084,0.2433262496608632,-1.5745454858927277,0,1.0120303179081012
12.180480000000411,2.004613114127007,0.009278469860230395,1.1792181235008379,-0.0008173980277772112,-0.6062886813602139,0.019996729587297455,1.8843707859170724,-0.24003145897804673,1.248050447021521,0.03361312949575045,-0.7531808383724605,-0.09146202033656808,1.915554412922735,0.036688221042583624,1.1963135427516964,0.0072993144039214435,-0.6989326029498835,-0.04198342064991212,0.09000117304571391,0.09000117304571391,0.0,-0.0029756982059925786,0.2052421258133068,-0.017769473015670126,0.00058872484140305,0.2429206178108147,-1.5745591558865497,0,1.0095029454816777
12.184640000000412,2.0046096575524412,0.006756506693440759,1.179301112399154,-0.0008295778957856113,-0.6052711600295126,0.019917335595868262,2.0025212266566492,0.6262728945791928,1.2416714320366213,0.12228603389527001,-0.6191487760102052,0.20052507542277354,1.9592937213343071,0.33019497728498975,1.2194097061984182,0.06433255724065311,-0.6581347494004626,0.07934421918130148,0.09000117304571391,0.09000117304571391,0.0,-0.002947842857400095,0.2057257850323544,-0.01770035480903759,0.0005855967459132442,0.24251430428385862,-1.5745727318019802,0,1.006979819390758
12.188800000000413,2.004606150725027,0.004238790031916162,1.1793837717918239,-0.0008416385794088429,-0.6042519987659033,0.019838254240788125,1.9588136038916157,-0.12217713774655584,0.8947619670471252,-0.09940453026632963,-0.7380130955965578,-0.02894874372113168,1.958847221856907,0.10247010115818912,1.057023478308,-0.01767992162436867,-0.6977767562477336,0.025144107131056758,0.09000117304571391,0.09000117304571391,0.0,-0.0029201760066449502,0.2062019126241761,-0.017631500635026554,0.0005824802401772013,0.24210732193551837,-1.5745862147190517,0,1.0044609464258927
12.192960000000413,2.0046025941379426,0.0017253265768845277,1.1794661029764768,-0.0008535809002953988,-0.6032312292075922,0.019759484316703754,2.0884225664396787,-0.5928410787392794,1.03190801954018,-0.04724368516258895,-0.6600482303680372,0.05612490108928345,2.023536312918486,-0.24656306984031495,1.0445824033514324,-0.03187211583820853,-0.6789944795205591,0.040588278849387004,0.09000117304571391,0.09000117304571391,0.0,-0.0028926965012134017,0.20667056526515903,-0.017562909557267706,0.0005793753905679833,0.24169968352023352,-1.5745996057021558,0,1.0019463332461163
12.197120000000414,2.0045989882809634,-0.0007838771012127423,1.1795481072457372,-0.0008654056750165008,-0.6022088827433448,0.019681024622477124,2.810767733732992,-0.27089414072997614,1.3773150009361217,0.0028634189656590995,-0.563514875263536,0.06156305441513674,2.417162676821971,-0.2599012663784905,1.21107839409892,-0.014116624986594809,-0.6210715110374995,0.05140403363514923,0.09000117304571391,0.09000117304571391,0.0,-0.0028654031947963512,0.20713179926341074,-0.017494580641458105,0.000576282260641334,0.24129140169203522,-1.5746129058002885,0,0.9994359863799805
12.201280000000414,2.004595333640484,-0.003288814561688377,1.1796297858872422,-0.0008771137150934629,-0.6011849905141523,0.01960287396117793,1.9590478641627918,0.2704409999103592,1.104479060874949,0.06442095532502799,-0.5050493821265075,-0.001930993346223927,2.1882375631700905,0.004222180661383787,1.1577742457946063,0.024423662754980778,-0.562630715463828,0.024604988446213148,0.09000117304571391,0.09000117304571391,0.0,-0.0028382949483790696,0.20758567055959343,-0.01742651295498611,0.000573200911192423,0.24088248900521686,-1.574626116047292,0,0.9969299122265874
12.205440000000415,2.004591630699538,-0.0057894794925837665,1.1797111401836593,-0.0008887058270295945,-0.6001595834148935,0.019525031140077462,1.4769450842106542,-0.33306597058185167,1.2543681117552623,0.09214784965788159,-0.622268600493489,0.10388166794313763,1.8327796757603882,-0.1657196070269044,1.2062881971250048,0.05748107595829755,-0.5919403265043358,0.06410766437105027,0.09000117304571391,0.09000117304571391,0.0,-0.002811370629407608,0.20803223473075805,-0.017358705567411717,0.0005701314003109452,0.24047295791500128,-1.5746392374620934,0,0.9944281170566104
12.209600000000416,2.00458787993782,-0.00828586570965035,1.1797921714127035,-0.0009001828123386272,-0.5991326920959802,0.019447494970640543,1.9970559328258306,0.18220447610081233,1.2892518757410685,0.010241235392915247,-0.6995422514186018,0.07798717965408343,1.9149398667248905,0.0067880525365617145,1.2479321621311827,0.034051013070201044,-0.6448741492210011,0.07136672477388516,0.09000117304571391,0.09000117304571391,0.0,-0.0027846291118092284,0.2084715469916717,-0.017291157549877298,0.0005670737834357576,0.24006282077820323,-1.5746522710489381,0,0.9919306070133107
12.213760000000416,2.004584081831705,-0.010777967155337834,1.1798728808471557,-0.0009115454675732263,-0.5981043469649961,0.019370264268519868,2.3572042465185126,0.14874499379604933,0.9334432011493772,-0.046401487759590035,-0.6905478186217786,0.0399445521045101,2.135978137306825,0.07632998825044728,1.0907697842179656,-0.0059295213418154216,-0.6671267785252288,0.05507116962071008,0.09000117304571391,0.09000117304571391,0.0,-0.0027580692764407246,0.20890366219738388,-0.017223867976229768,0.000564028113408702,0.23965208985388778,-1.5746652177976206,0,0.9894373881135473
12.217920000000417,2.0045802368542702,-0.013265777897789186,1.179953269754879,-0.0009227945843553664,-0.5970745781883243,0.01929333785354558,1.7119038341812414,-0.19677104508446847,1.0345252019910156,0.21555518237437715,-0.5217654211901406,-0.01801229019748268,1.9243870387290118,-0.06130828543715467,1.0626096550792161,0.10447556630461934,-0.59417213462583,0.018524218465472916,0.09000117304571391,0.09000117304571391,0.0,-0.0027316900106818445,0.20932863484553055,-0.01715683592157602,0.0005609944405272295,0.23924077730402482,-1.574678078683711,0,0.9869484662487789
12.222080000000417,2.0045763454753143,-0.015749292129842368,1.180033339398836,-0.000933930949405013,-0.5960434156927634,0.019216714549720883,2.0117930993931665,-0.10244369818235277,0.9483741794579148,-0.03661587981811066,-0.5973321925252812,-0.12749894838474582,1.9680137762430532,-0.08312139084000846,1.0052245116930878,0.034296844017964255,-0.5944644644654102,-0.05379902394278782,0.09000117304571391,0.09000117304571391,0.0,-0.0027054902080278194,0.20974651907848396,-0.017090060462975343,0.0005579728125962466,0.23882889519413902,-1.5746908546687772,0,0.98446384718606
12.226240000000418,2.0045724081613785,-0.018228504168038766,1.1801130910371078,-0.0009449553445671008,-0.5950108891671355,0.019140393185214728,2.119063319711436,0.13819410792332518,1.0992424350971008,0.04395170307008506,-0.49666378028168556,-0.03569321004629397,2.043633112297472,0.026503970527209087,1.052162191903348,0.03811914286393628,-0.54514221352039,-0.04585390240404538,0.09000117304571391,0.09000117304571391,0.0,-0.002679468769178649,0.21015736868556512,-0.01702354068034817,0.000554963274979654,0.23841645549395624,-1.5747035467006063,0,0.9819835365690299
12.230400000000419,2.0045684253757665,-0.020703408451638275,1.1801925259229094,-0.0009558685468430526,-0.5939770280638824,0.019064372592350668,2.2025427393466854,-0.12697399098687678,1.4999531249069085,0.06127343117597119,-0.6582666886724816,-0.019745755897660564,2.12321732859682,-0.05160615499844414,1.2760201141616565,0.0492890489188999,-0.6012667385530898,-0.03299044159235794,0.09000117304571391,0.09000117304571391,0.0,-0.002653624600777167,0.21056123710525998,-0.016957275654817208,0.0005519658706500882,0.23800347007804534,-1.574716155713418,0,0.9795075399188958
12.23456000000042,2.004564397578565,-0.023173999541640997,1.1802716453046076,-0.0009666713284170325,-0.5929418616006529,0.018988651607602602,1.6237095019195318,0.3427485073315719,1.168452103074185,0.05957284013507644,-0.40947124039798727,0.02360192027995729,1.8735845786673295,0.1447206604422549,1.222285379794165,0.05407017044388474,-0.5046181950418337,-0.0051462989508093155,0.09000117304571391,0.09000117304571391,0.0,-0.0026279566162839335,0.21095817742755163,-0.016891264469827694,0.0005489806402386102,0.23758995072645644,-1.574728682628078,0,0.9770358626354083
12.23872000000042,2.004560325226662,-0.025640272119815493,1.1803504504257392,-0.0009773644566858464,-0.5919054187618789,0.018913229071585817,1.6977302538230727,-0.27010216769355944,1.3524748963323168,-0.11477394656219804,-0.5182613100429605,0.0817279500985891,1.7854173102663866,-0.06377137328049762,1.2875502789355595,-0.030269451949631612,-0.5115598105018099,0.03865160892164473,0.09000117304571391,0.09000117304571391,0.0,-0.0026024637349283653,0.2113482423959907,-0.016825506211414112,0.0005460076220831643,0.23717590912535474,-1.5747411283523074,0,0.9745685099978305
12.24288000000042,2.0045562087737694,-0.028102220987733587,1.180428942525027,-0.0009879486942844665,-0.5908677283003422,0.018838103829046892,2.201238817622364,-0.028035893827960408,1.4056309845995705,0.011907554075172317,-0.6459648250778574,0.056900126791557815,1.9933555549335746,-0.04724784323593181,1.346710013355526,-0.009094172686444909,-0.5783345673468544,0.04767626670314836,0.09000117304571391,0.09000117304571391,0.0,-0.0025771448830110757,0.2117314844099324,-0.016759999967182693,0.0005430468522767441,0.23676135686765065,-1.5747534937808871,0,0.9721054871659016
12.247040000000421,2.0045520486704396,-0.030559841065811635,1.1805071228363972,-0.000998424799116981,-0.5898288187387313,0.01876327472885779,2.1799540658063474,-0.030231317754475313,1.0306123281424782,-0.017097214953279653,-0.6569625864733334,-0.02814706616530018,2.086620087281012,-0.04010787036935771,1.1886011320553445,-0.01287058248022213,-0.6167078880825412,0.009424079254438823,0.09000117304571391,0.09000117304571391,0.0,-0.0025519989926415026,0.21210795552640693,-0.016694744826789662,0.0005400983647140887,0.23634630545362562,-1.574765779795861,0,0.9696467991807933
12.251200000000422,2.004547845364088,-0.03301312739235826,1.1805849925889973,-0.0010087935243822802,-0.5887887183711894,0.018688740624007966,2.61911152532475,-0.6847784752991166,1.4394216614797495,-0.0142632746003294,-0.5038488723015769,0.08831376803113927,2.3528397011513675,-0.3634976397158178,1.3141968116174236,-0.013487954624554661,-0.5593408428507977,0.04887845928583073,0.09000117304571391,0.09000117304571391,0.0,-0.002527025002826302,0.21247770746284977,-0.01662973988242089,0.0005371621911381419,0.23593076629155454,-1.574777987266734,0,0.967192450966059
12.255360000000422,2.004543599299011,-0.035462075122628466,1.1806625530072123,-0.0010190556186042744,-0.5877474552648501,0.018614500371594407,1.63426125339577,0.1584561177754205,0.7310782389001698,-0.002050078497699895,-0.3927580569872356,0.08840028888784332,1.9935421799100657,-0.10333590856567715,1.0228172648760816,-0.00824817357514858,-0.47515871522816616,0.06866090909834799,0.09000117304571391,0.09000117304571391,0.0,-0.0025022218579925795,0.21284079159866542,-0.016564984228416235,0.000534238361185114,0.23551475069832367,-1.5747901170506684,0,0.9647424473285784
12.259520000000423,2.004539310916404,-0.03790667952788416,1.1807398053106823,-0.001029211825655957,-0.5867050572613658,0.018540552832813206,2.3193068848410885,-0.14694804065778605,1.301186913436228,-0.06191199801166409,-0.5703290537872804,0.05020332119385197,2.1562973292433014,-0.12632999370852224,1.1621099490349853,-0.03473645318609045,-0.5220424594362151,0.058716586658132154,0.09000117304571391,0.09000117304571391,0.0,-0.002477588509289346,0.21319725897775665,-0.016500476960892366,0.000531326902429729,0.2350982699000451,-1.5748021699926762,0,0.9622967929594941
12.263680000000424,2.004534980654384,-0.04034693599446093,1.1808167507143197,-0.0010392628847888843,-0.5856615519784251,0.01846689687295276,1.6605109610077187,-0.25221866906476575,1.0064865876950118,-0.10515680811695254,-0.5825918746597004,-0.20943250950837003,1.908183054324555,-0.19048734128663392,1.0838613542659605,-0.07047179440496905,-0.552142664679118,-0.07523905557140478,0.09000117304571391,0.09000117304571391,0.0,-0.002453123913966101,0.2135471603102067,-0.01643621717886372,0.000528427840428977,0.2346813350326668,-1.5748141469258083,0,0.9598554924351433
12.267840000000424,2.004530608948006,-0.04278284002284119,1.1808933904283254,-0.001049209530660066,-0.5846169668112615,0.01839353136138214,2.3682590316249574,-0.16624790223361907,1.1168284608127843,0.07331524431785963,-0.46637471254399293,0.06465293841935366,2.1383785848701695,-0.17933860229479703,1.100479585509057,0.0005330981165831536,-0.5087331767242425,-0.005288091494662722,0.09000117304571391,0.09000117304571391,0.0,-0.002428827035605874,0.21389054597487567,-0.01637220398279647,0.0005255411987653415,0.23426395714257955,-1.5748260486713415,0,0.9574185502179816
12.272000000000425,2.0045261962292837,-0.04521438722673349,1.1809697256582068,-0.0010590524933598209,-0.5835713289341515,0.01832045517154558,1.0811659487690233,-0.03359321642978924,1.489652181860925,0.006154198732267194,-0.40115168653573996,-0.07424918058902952,1.6097772191023065,-0.10730112003594909,1.294915220792464,0.0035598774400921202,-0.4540613559542473,-0.04026910823606733,0.09000117304571391,0.09000117304571391,0.0,-0.002404696843502922,0.21422746602109433,-0.016308436475942295,0.0005226669990891161,0.23384614718721936,-1.574837876038961,0,0.9549859706575025
12.276160000000425,2.004521742927207,-0.047641573332158085,1.1810457576047941,-0.0010687924984370371,-0.5825246653019039,0.018247667180951267,1.9028247627710557,0.13942053290518258,1.3059236737918598,-0.13281378966127463,-0.5277848030594994,-0.06861634087861641,1.7560272810705646,0.01496347853434101,1.3002784634944848,-0.06485304842655994,-0.4908331070744724,-0.05523869811530414,0.09000117304571391,0.09000117304571391,0.0,-0.0023807323133227826,0.2145579701709538,-0.01624491376374837,0.0005198052611604362,0.23342791603566632,-1.5748496298269417,0,0.9525577579911483
12.280320000000426,2.0045172494677614,-0.050064394176538664,1.1811214874642573,-0.0010784302669271794,-0.5814770026513395,0.018175166271162675,2.323827452793387,0.07529152727075522,1.3806239237015692,-0.0671973067989638,-0.5391954980500681,-0.04954423503595578,2.0397917832435293,0.04400685124579948,1.340348290742841,-0.06612676304939256,-0.5152214005341688,-0.05219252153050695,0.09000117304571391,0.09000117304571391,0.0,-0.0023569324266939145,0.21488210782101103,-0.01618163495347978,0.0005169560028902167,0.2330092744692399,-1.574861310822325,0,0.9501339163452186
12.284480000000427,2.0045127162739473,-0.05248284570780017,1.181196916428123,-0.0010879665153785897,-0.580428367502762,0.018102951327791363,2.4576674240109377,-0.1360483370778423,1.2448296270696544,-0.020651008138747956,-0.5669213871653033,0.08418534463019237,2.248688377556583,-0.04720210372145775,1.2927627926747318,-0.042816399538159064,-0.5406252874691782,0.016276623371659082,0.09000117304571391,0.09000117304571391,0.0,-0.0023332961710124025,0.21519992804507093,-0.016118599155339558,0.0005141192403805327,0.23259023318209035,-1.5748729198010942,0,0.9477144497357675
12.288640000000427,2.004508143765798,-0.05489692398347275,1.1812720456832917,-0.0010974019558779731,-0.5793787861614178,0.018031021240485112,2.149084007704855,-0.11362480993680171,0.8633861856154641,0.010865318913754975,-0.5336365466976503,0.08001019142340113,2.198909509191897,-0.08152527006890285,1.0782385749478707,-0.016658876920303253,-0.5364582088420896,0.04781645119961524,0.09000117304571391,0.09000117304571391,0.0,-0.0023098225401020096,0.2155114795953178,-0.01605580548123635,0.0005112949879644813,0.2321708027817858,-1.5748844575283454,0,0.9452993620694998
12.292800000000428,2.0045035323603977,-0.0573066251698017,1.1813468764120538,-0.0011067372960786278,-0.5783282847189484,0.017959374902921175,2.220968033367437,0.212098491029834,1.1124906938111863,-0.09525685964059048,-0.5613377876416557,0.15578578978589747,2.2097411623927914,0.06412050997716706,1.0956890692605736,-0.056129909117404383,-0.5486132537118247,0.10171473172770444,0.09000117304571391,0.09000117304571391,0.0,-0.002286510533377925,0.21581681090484162,-0.01599325304590385,0.0005084832582449093,0.23175099378989658,-1.574895924758457,0,0.9428886571446584
12.296960000000428,2.004498882471901,-0.05971194554086351,1.1814214097921072,-0.0011159732392251865,-0.5772768890548333,0.017888011212794833,1.7707289054563624,-0.2659390837381087,0.6919759581271676,-0.011908671154738112,-0.6286662474715934,0.11463243196048022,1.9902073695284397,-0.10221950772862495,0.8940680825310253,-0.03410736056471809,-0.5884885658218525,0.10819117489712746,0.09000117304571391,0.09000117304571391,0.0,-0.002263359156078474,0.21611597008979677,-0.015930940966096138,0.0005056840621329201,0.23133081664257518,-1.5749073222352568,0,0.9404823386519052
12.301120000000429,2.00449419451155,-0.062112881477687766,1.1814956469965732,-0.0011251104841793222,-0.5762246248378223,0.01781692907181126,1.9572469795170684,0.011554326623416121,1.1133669519836351,-0.10895776127389017,-0.6416526890985357,-0.008591470367474194,1.973500235331511,-0.046668089734650614,1.0037025071330554,-0.07148950633468368,-0.6142611505574971,0.04917005057001652,0.09000117304571391,0.09000117304571391,0.0,-0.002240367419925171,0.21640900495092497,-0.015868868360851093,0.0005028974088856718,0.23091028169113276,-1.5749186506921842,0,0.9380804101751985
12.30528000000043,2.004489468887694,-0.0645094294673851,1.1815695891940134,-0.001134149725448198,-0.5751715175273604,0.017746127385676297,1.86952022723875,-0.1481056763979356,1.2682827048465781,-0.03947942192238409,-0.5537788071171367,0.07373859214170142,1.921428545603764,-0.09854017680650617,1.1361480909633064,-0.05604330578429855,-0.5836679651840392,0.061327994942517595,0.09000117304571391,0.09000117304571391,0.0,-0.002217534341430674,0.21669596297572702,-0.01580703435154035,0.0005001233061429219,0.23048939920261202,-1.5749299108524522,0,0.9356828751926629
12.30944000000043,2.0044847060058055,-0.06690158610228095,1.1816432375484471,-0.001143091653205862,-0.5741175923750029,0.01767560506408696,1.918605375562561,-0.2833096564307439,1.2484041203350913,-0.0719376349383232,-0.5843852452232372,-0.07642361578424982,1.9198668376581156,-0.192142994741372,1.1921173693445133,-0.06376106347178495,-0.5834106536180939,-0.007268323285370362,0.09000117304571391,0.09000117304571391,0.0,-0.0021948589440542537,0.21697689134063747,-0.015745438062347628,0.0004973617599640778,0.2300681793603563,-1.5749411034292053,0,0.9332897370774524
12.31360000000043,2.0044799062685,-0.06928934807905521,1.1817165932193667,-0.001151936953323622,-0.5730628744258215,0.017605361020719967,2.0067804185497184,-0.2917611736678415,0.979238591620786,0.14492580223261614,-0.5424936053925571,-0.08903450944076191,1.9636257397995762,-0.24308288246668622,1.085492126805624,0.04053917022382703,-0.5621227653940275,-0.0485429361868413,0.09000117304571391,0.09000117304571391,0.0,-0.002172340256296688,0.21725183691283456,-0.015684078619249198,0.0004946127748633529,0.22964663226457532,-1.5749522291256763,0,0.9309009990986102
12.317760000000431,2.0044750700755527,-0.0716727121978877,1.1817896573617552,-0.001160686307392475,-0.5720073885198008,0.017535394173224465,1.7281514760593868,0.16514849127876982,1.2438364844368313,-0.030919412201116683,-0.4488946632496851,0.06060040081520043,1.8458235598971007,-0.0398992879364704,1.1647917995942265,0.004376325603042904,-0.5049095739996103,0.005858796733965964,0.09000117304571391,0.09000117304571391,0.0,-0.0021499773123585357,0.2175208462520002,-0.015622955151132614,0.0004918763538451344,0.22922476793290683,-1.5749632886353384,0,0.9285166644219204
12.321920000000432,2.0044701978239163,-0.07405167536160949,1.181862431126102,-0.0011693403927482764,-0.5709511592932278,0.017465703443210086,2.044998181478547,-0.36693958252296455,1.360274322852363,0.012437932301361365,-0.5469146183530921,0.18148066980718489,1.9454377245111272,-0.20455983666008645,1.2629119008584713,0.008603965864335676,-0.5256466379449001,0.0936598229573424,0.09000117304571391,0.09000117304571391,0.0,-0.0021277691525858,0.2177839656124606,-0.015562066788563034,0.0004891524984387335,0.22880259630097535,-1.5749742826420572,0,0.9261367361107552
12.326080000000433,2.0044652899077393,-0.07642623457485978,1.1819349156584196,-0.0011778998824987646,-0.5698942111800708,0.01739628775624009,2.287911587566658,0.13526098159838357,1.2744503919145054,0.06398304339220078,-0.4274188331874007,0.04110146183005392,2.116811045483946,-0.03553777810787216,1.2687657622952984,0.03585234052247416,-0.47571691533908944,0.06784304953877589,0.09000117304571391,0.09000117304571391,0.0,-0.0021057148226327842,0.21804124094517185,-0.015501412665329728,0.0004864412087319522,0.22838012722294698,-1.5749852118202383,0,0.9237612171269156
12.330240000000433,2.004460346718383,-0.07879638694324874,1.1820071121002604,-0.001186365445547087,-0.5688365684133497,0.01732714604181809,1.8795170844637004,-0.6413042177182527,1.0332691378711818,0.0864396897149757,-0.6964765379976798,0.10481765333273745,1.9983424435555979,-0.3398747687207222,1.1512335074807931,0.06102400892197542,-0.5856589629001714,0.08647819220642669,0.09000117304571391,0.09000117304571391,0.0,-0.0020838133739068654,0.218292717899499,-0.015440991916998797,0.0004837424834046052,0.2279573704720806,-1.5749960768349742,0,0.9213901103314673
12.334400000000434,2.0044553686444386,-0.08116212967252581,1.182079021588733,-0.0011947377466171815,-0.5677782550264981,0.017258277233380758,2.238112342207441,-0.28331749313190147,1.1981721036706554,-0.1659422345607517,-0.5720859573358328,0.20685403311433673,2.1178832097436087,-0.3127860218233823,1.1751335049733522,-0.0521051625271308,-0.5786980548698625,0.14660043132702752,0.09000117304571391,0.09000117304571391,0.0,-0.0020620638635862566,0.21853844182494497,-0.01538080368203136,0.0004810563197611962,0.22753433574127568,-1.5750068783421873,0,0.9190234184855701
12.338560000000435,2.0044503560717457,-0.0835234600677538,1.1821506452565174,-0.001203017446279222,-0.5667192948547175,0.017189680268285833,1.919774343281532,-0.06706880305804576,1.2257606643992833,0.13328233804399656,-0.6130936289453542,-0.1381360556320108,2.0191060401985075,-0.19120317330362374,1.2001601678389942,0.03989077797632716,-0.5948053304364351,0.004227393260324871,0.09000117304571391,0.09000117304571391,0.0,-0.0020404653539959263,0.2187784577735289,-0.015320847100763285,0.0004783827137629575,0.22711103264361693,-1.575017616988772,0,0.9166611442513019
12.342720000000435,2.0044453093834083,-0.08588037553248846,1.1822219842318833,-0.0012112052009724628,-0.5656597115363201,0.017121354087804408,2.078553302151116,0.34406858181128974,1.4056191006875487,-0.019800965686435575,-0.6039906164266173,0.10725903295057236,2.048789160462155,0.07517689186898736,1.30311385644711,0.009924314837915685,-0.5978226230034752,0.05588624634700466,0.09000117304571391,0.09000117304571391,0.0,-0.0020190169134798232,0.21901281050109922,-0.015261121316737555,0.0004757216600596864,0.22668747071291473,-1.575028293412733,0,0.9143032901924776
12.346880000000436,2.004440228959812,-0.08823287356796375,1.1822930396387046,-0.0012193016630317112,-0.5645995285140666,0.017053297637107594,2.380340871284598,0.06859352725964443,1.7682235795687724,-0.050923776302818864,-0.5325853408616983,0.03466014452554597,2.2144600682141773,0.07077526998489962,1.5357444265262188,-0.01984780493608378,-0.5641832481532015,0.04510057338762522,0.09000117304571391,0.09000117304571391,0.0,-0.0019977176155632896,0.21924154446950916,-0.015201625475042169,0.0004730731520205302,0.22626365940424292,-1.5750389082433236,0,0.9119498587754619
12.351040000000436,2.0044351151786426,-0.09058095177228247,1.1823638125964766,-0.0012273074807103049,-0.5635387690364929,0.016985509865260123,2.219702313099452,-0.49989394876896676,1.1065147761704128,-0.05795848811740708,-0.4988982011306766,0.0380197403295057,2.2169598705440903,-0.21560237308407093,1.3212054726736644,-0.03851371675125176,-0.5308973553691662,0.041659229350014856,0.09000117304571391,0.09000117304571391,0.0,-0.00197656653939739,0.21946470384858263,-0.015142358724069452,0.00047043718176456654,0.22583960809447265,-1.5750494621011786,0,0.9096008523699765
12.355200000000437,2.0044299684149003,-0.0929246078396126,1.1824343042203316,-0.0012352232982049372,-0.5624774561592288,0.01691798972520656,2.0249222748366953,0.22461915773090851,1.2526231202662128,0.11569159663571212,-0.381198064995872,-0.13347354162119085,2.1211804593481642,0.0037176159710159695,1.28663582199294,0.03853325568912565,-0.45558803163384703,-0.04571636048086426,0.09000117304571391,0.09000117304571391,0.0,-0.0019555627695622816,0.21968233251760516,-0.015083320213854043,0.00046781374019070916,0.22541532608280299,-1.5750599555984484,0,0.9072562732499023
12.359360000000438,2.004424789040918,-0.09526383955938889,1.1825045156210556,-0.0012430497556796584,-0.5614156127463091,0.01685073617376449,2.1928842939359807,0.46554064283204355,1.083236473186425,0.23922369923272882,-0.6780695426182465,0.022393983205607097,2.157530083022247,0.23322007341047654,1.1849809780573692,0.13904532276604478,-0.5658900533084713,-0.01150923575666958,0.09000117304571391,0.09000117304571391,0.0,-0.0019347053956561937,0.21989447406719476,-0.015024509097832164,0.0004652028170070915,0.2249908225912881,-1.5750703893389288,0,0.9049161235940764
12.363520000000438,2.0044195774263796,-0.09759864481552004,1.182574447905104,-0.001250787489288158,-0.5603532614714765,0.016783748171610286,2.6264403526520126,0.0013314161203465125,1.0109051904997814,0.03521495473904942,-0.5434084870674927,0.06665977245672271,2.392061779473696,0.11614275525534469,1.098081078068626,0.08712026008053719,-0.55412513532225,0.0273002776029985,0.09000117304571391,0.09000117304571391,0.0,-0.001913993513595105,0.22010117180165822,-0.014965924530965402,0.0004626044007602315,0.22456610676536137,-1.5750807639181896,0,0.9025804054870821
12.367680000000439,2.0044143339383327,-0.09992902158560119,1.1826441021746175,-0.001258437131201459,-0.5592904248194736,0.016717024683272706,1.7094177625759908,-0.33725313525393186,1.1253940387066617,-0.08186529830115957,-0.7020456599053204,-0.06258937033023695,2.0505647822593307,-0.11201887615887579,1.1116079456718013,0.0026068167968025793,-0.6279417824440803,-0.017821623322035393,0.09000117304571391,0.09000117304571391,0.0,-0.00189342622349191,0.2203024687400188,-0.01490756567149934,0.0004600184788627517,0.2241411876743556,-1.5750910799237003,0,0.9002491209200358
12.37184000000044,2.004409058941209,-0.10225496794013172,1.1827134795274388,-0.001265999309626771,-0.5582271250873304,0.016650564677119135,2.4623491979791723,-0.08982608340779312,0.7767413894832857,0.053522158604599926,-0.545798644927147,-0.06874920439929935,2.256571748451172,-0.10205978280308271,0.9440286508679583,0.02779564179229436,-0.5858113670819152,-0.04295655993323414,0.09000117304571391,0.09000117304571391,0.0,-0.0018730026318101163,0.22049840761822215,-0.014849431679729241,0.00045744503762187286,0.22371607431202023,-1.575101337934955,0,0.8979222717913669
12.37600000000044,2.004403752796839,-0.10457648204173857,1.1827825810571277,-0.0012734746488353094,-0.5571633843856414,0.016584367125346954,1.4366594679003541,-0.4445638596411345,1.2988855755791142,-0.08495511492399639,-0.37891322976017805,-0.03661848680264844,1.8464327912204812,-0.27410367237746114,1.1213821673484572,-0.028391984276370855,-0.4817379475005025,-0.03918034512321296,0.09000117304571391,0.09000117304571391,0.0,-0.0018527218496709077,0.22068903089118996,-0.01479152171847492,0.00045488406226619775,0.22329077559703558,-1.575111538523594,0,0.8955998599075924
12.38016000000044,2.0043984158644674,-0.10689356214440454,1.1828514078529777,-0.0012808637691830592,-0.5560992246398334,0.01651843100397294,2.4474191138266237,-0.1264023792767514,0.8891513092286085,0.00993497868851826,-0.5071955865163957,-0.12104934577985046,2.146950994948986,-0.201309176617953,1.0050122786719644,-0.009313931272901532,-0.4933917774639809,-0.07960209764785812,0.09000117304571391,0.09000117304571391,0.0,-0.0018325829935100873,0.2208743807338076,-0.014733834953128772,0.0004523355369728516,0.22286530037352298,-1.5751216822535254,0,0.8932818869840877
12.384320000000441,2.004393048500771,-0.10920620659270217,1.1829199610000312,-0.0012881672871342686,-0.5550346675914286,0.016452755292822398,1.6569542084208628,-0.3730583548858586,0.6101123139753738,-0.03542961748536595,-0.37783036275593196,0.09530717392581203,1.9018756691949557,-0.2879738310743661,0.8077588762346868,-0.022460899218390753,-0.43418203320884197,0.007309024509149869,0.09000117304571391,0.09000117304571391,0.0,-0.0018125851850945111,0.22105449904352303,-0.014676370551489515,0.0004497994448938574,0.2224396574115525,-1.5751317696810418,0,0.8909683546458507
12.388480000000442,2.004387651059874,-0.11151441382103257,1.1829882415790958,-0.0012953858152850066,-0.5539697347992962,0.016387338975518966,1.7257953077964958,-0.4909531087872629,1.650947954097945,0.051457448494635974,-0.5992699190215925,0.024057316887741362,1.8139400598997628,-0.3907104833445371,1.2294096451036272,0.015083277806300605,-0.5171341821185345,0.015542072135490657,0.09000117304571391,0.09000117304571391,0.0,-0.0017927275517524667,0.2212294274413985,-0.014619127684023708,0.00044727576818198787,0.2220138554076468,-1.575141801354938,0,0.8886592644282609
12.392640000000442,2.004382223893364,-0.11381818235286964,1.1830562506667603,-0.001302519962387677,-0.5529044476408987,0.016322181039473402,2.185926102848871,0.21715864141414723,1.7647742337903254,0.1665884127985358,-0.38094093565045084,-0.04675446284887515,2.000283280520907,-0.08756455107941706,1.4969981876709535,0.09029860915309199,-0.44878776949758065,-0.015481970422237411,0.09000117304571391,0.09000117304571391,0.0,-0.0017730092251068566,0.22139920727455897,-0.014562105523913682,0.000444764488015794,0.2215879029852823,-1.575151777816625,0,0.8863546177778344
12.396800000000443,2.0043767673503083,-0.11611751080000934,1.1831239893354097,-0.0013095703333702454,-0.5518388273135274,0.01625728047587203,2.26527214332208,0.03988871048882023,1.2489340357106045,-0.020861740909767473,-0.7612920409026827,0.0687975551085736,2.1327354255920374,-0.025421778958299966,1.373108410561572,0.035085584776495655,-0.6044019205234366,0.02620147738511821,0.09000117304571391,0.09000117304571391,0.0,-0.0017534293428009998,0.22156387961714785,-0.014505303246034634,0.00044226558462512604,0.2211618086953866,-1.575161699600243,0,0.8840544160529723
12.400960000000444,2.0043712817772694,-0.11841239786182406,1.1831914586532417,-0.0013165375293626564,-0.550772894835533,0.016192636279669537,2.0733544491259117,-0.04430127882492951,0.8447076583996906,0.09519535151127137,-0.5015730668066262,-0.022539849653811995,2.10324272985233,-0.03590601191406719,1.1088579017042306,0.06503831404284674,-0.5524682611064269,0.0016190312947584298,0.09000117304571391,0.09000117304571391,0.0,-0.0017339870470187528,0.22172348527278518,-0.014448720028926845,0.00043977903731514376,0.22073558101683305,-1.5751715672327726,0,0.8817586605247043
12.405120000000444,2.0043657675183204,-0.12070284232452216,1.1832586596842816,-0.001323422147717075,-0.5497066710475457,0.016128247449573446,2.0147914318400804,-0.12997023528243268,1.1063852632475533,-0.0782595228099676,-0.47823141489324483,-0.07382951400147668,2.058852577774853,-0.08393498931334746,1.1074674266067739,-0.00606933738371993,-0.5146332937042921,-0.03582377462607787,0.09000117304571391,0.09000117304571391,0.0,-0.0017146814851410125,0.22187806477553407,-0.01439235505270453,0.00043730482449055527,0.22030922835693212,-1.5751813812341433,0,0.8794673523774289
12.409280000000445,2.004360224915062,-0.12298884306041254,1.1833255934883984,-0.001330224782030862,-0.5486401766136896,0.016064112988037373,1.7529849601400342,-0.057843833392578245,0.8656937655959918,-0.14036430928908689,-0.6336107049299612,0.08323945004178954,1.905625067934231,-0.07220774145476856,0.9867509620196417,-0.07339717897181344,-0.5738158568879573,0.024218516829209752,0.09000117304571391,0.09000117304571391,0.0,-0.0016955118099756506,0.22202765839231609,-0.01433620750059908,0.0004348429236792519,0.21988275905191962,-1.575191142117342,0,0.8771804927096463
12.413440000000445,2.004354654306636,-0.12527039902717416,1.1833922611213203,-0.0013369460221705001,-0.5475734320227876,0.016000231901247764,2.124063298014053,0.04922793312833115,1.478554333823994,0.06838357759092353,-0.33128438568954666,-0.027503778682654,2.014988084288915,-0.01217925169101848,1.2325982539893243,-0.002581721835444846,-0.45201970121188634,-0.0013372298378950672,0.09000117304571391,0.09000117304571391,0.0,-0.0016764771789181503,0.2221723061241001,-0.014280276558150895,0.0004323933115550791,0.21945618136744177,-1.5752008503885173,0,0.8748980825346869
12.417600000000446,2.0043490560297434,-0.12754750926713065,1.18345866363465,-0.0013435864542920167,-0.5465064575895597,0.015936603199114042,1.4767088696706763,0.014660916320528655,1.5277897023259346,0.1895134247387416,-0.5463414108227942,0.13069030823923466,1.746238112780365,0.00010444099608553081,1.3804681654685118,0.09382861473507358,-0.4990759959429472,0.06452880362486016,0.09000117304571391,0.09000117304571391,0.0,-0.0016575767543941604,0.2223120477077415,-0.014224561413255496,0.00042995596396082597,0.21902950349903696,-1.5752105065470856,0,0.8726201227814363
12.421760000000447,2.0043434304186567,-0.12982017290652986,1.1835248020758802,-0.001350146660863248,-0.5454392734558131,0.0158732258952585,2.081147215375132,-0.11379418466361134,1.3855288593264354,0.032239493456702344,-0.5722186565641024,-0.007423195442919833,1.91376349004408,-0.058036379081488794,1.3829819543522115,0.062352688046187786,-0.5353964113303298,0.029112019262561843,0.09000117304571391,0.09000117304571391,0.0,-0.0016388097038750366,0.22244692261766108,-0.01416906125663768,0.00042753085593048986,0.2186027335726149,-1.5752201110858313,0,0.8703466142950533
12.425920000000447,2.004337777805237,-0.1320883891548283,1.1835906774884093,-0.00135662722068616,-0.5443718995916247,0.01581009900700422,2.2543976338832317,-0.08902878518857434,0.6332436569917147,-0.22214992828776137,-0.7098381750019933,0.24999741642941273,2.0836194026937394,-0.07501084727918753,1.0086288428072834,-0.07916999239554276,-0.6218341294728287,0.13891738426464842,0.09000117304571391,0.09000117304571391,0.0,-0.0016201751996794368,0.22257697006758703,-0.01411377528168474,0.00042511796171116484,0.21817587964493232,-1.5752296644910089,0,0.868077557837684
12.430080000000448,2.00433209851895,-0.13435215730398045,1.1836562909115567,-0.0013630287089183401,-0.5433043557965158,0.015747221555363695,1.92134736963005,-0.19166462322502179,1.3739220308228948,0.039179643556717256,-0.6711947249780051,-0.25463794909478793,2.002563891196938,-0.13473412017946945,1.190748716966747,-0.02007391800707107,-0.6467501706136692,-0.05800990192569019,0.09000117304571391,0.09000117304571391,0.0,-0.001601672419416316,0.22270222901171077,-0.014058702684064742,0.00042271725478451616,0.21774894970406555,-1.5752391672424417,0,0.8658129540891717
12.434240000000448,2.004326392886879,-0.13661147672773305,1.1837216433805777,-0.0013693516970963249,-0.542236661700621,0.015684592565028983,1.339751328255545,0.1573227820464545,0.9331563050339216,-0.008666389560345858,-0.5722853067896315,-0.08426842654398425,1.671135102110272,0.010103946028163866,1.0617760918103571,-0.014446011667644287,-0.6085166925313719,-0.07145444412144844,0.09000117304571391,0.09000117304571391,0.0,-0.0015833005449311737,0.2228227381472916,-0.01400384266198594,0.0004203287078875595,0.2173219516698805,-1.5752486198136197,0,0.8635528036477599
12.438400000000449,2.0043206612337405,-0.13886634688092409,1.1837867359266792,-0.001375596753154537,-0.5411688367658456,0.015622211064360798,2.2400208123542433,0.03204080981526175,1.400645668125958,-0.12707713374205293,-0.48984339584826764,-0.032461855404787084,1.955317778999993,0.020051096549998235,1.2311439084512215,-0.07083021114542519,-0.5479495439521374,-0.05108405997105314,0.09000117304571391,0.09000117304571391,0.0,-0.0015650587633895601,0.22293853591507595,-0.01394919441602864,0.0004179522930336731,0.21689489339449916,-1.5752580226717952,0,0.8612971070307928
12.44256000000045,2.0043149038819013,-0.14111676729878667,1.1838515695770349,-0.0013817644414487271,-0.5401009002870206,0.015560076085378282,1.878951386908457,-0.15202780053913198,1.1343211013949346,0.02455147221708779,-0.4945150433706204,-0.13007352232440453,1.9171845785741144,-0.06701913898264973,1.1824622824908317,-0.022887573465656827,-0.5207520033095441,-0.09105660515240062,0.09000117304571391,0.09000117304571391,0.0,-0.0015469462668651684,0.22304966050191066,-0.013894757150047114,0.000415587981532637,0.21646778266276354,-1.575267376278077,0,0.8590458646754096
12.44672000000045,2.0043091211513895,-0.1433627375962577,1.1839161453548004,-0.0013878553227776966,-0.5390328713930466,0.015498186663745007,2.264171542266632,0.08326376539997751,0.9874537785529585,-0.013957320354161579,-0.5432647013971761,0.0396512890929651,2.090650049630298,0.006993509006374783,1.0850387339770533,-0.017745996025020097,-0.5320641121168426,-0.025516041250211476,0.09000117304571391,0.09000117304571391,0.0,-0.0015289622514991388,0.22315614984197396,-0.013840530069718422,0.0004132357440104011,0.21604062719269618,-1.5752766810875243,0,0.856799076939234
12.450880000000451,2.004303313359913,-0.14560425746729116,1.1839804642791285,-0.0013938699544015114,-0.5379647690480306,0.015436541838760988,1.7250826410096858,-0.48265685750327697,1.4990090140699106,-0.16084751782036666,-0.5340716149088227,-0.20810495786939917,1.9075306700895815,-0.2389483789968654,1.2915939116153683,-0.08998047573160646,-0.5319016972862526,-0.11679549543974657,0.09000117304571391,0.09000117304571391,0.0,-0.0015111059192249691,0.22325804161795548,-0.013786512383656524,0.00041089555042901117,0.2156134346359579,-1.5752859375492374,0,0.8545567441010602
12.455040000000452,2.004297480822871,-0.14784132668417624,1.184044527365184,-0.0013998088900668954,-0.5368966120524188,0.01537514065335007,2.185163972192862,-0.4118006073915502,1.4273736222554936,-0.09914433418268798,-0.5242010267612527,0.011685054139442897,2.0461437173108377,-0.326467754497445,1.359509403376303,-0.0948843467664284,-0.5272205369133491,-0.05274700273881458,0.09000117304571391,0.09000117304571391,0.0,-0.0014933764758598548,0.22335537326357868,-0.013732703302816424,0.0004085673701052012,0.21518621257830292,-1.5752951461064482,0,0.8523188663615326
12.459200000000452,2.004291623853371,-0.15007394509686006,1.1841083356241593,-0.0014056726800246693,-0.535828419044117,0.015313982154049778,2.3602333502211352,-0.47359990907651106,0.39401246209334506,0.19682606903079788,-0.5657665155593304,0.0766777658269099,2.2035997457217302,-0.40121128868739137,0.8769127281315069,0.051134131902509775,-0.5466596114615188,0.012407198365643558,0.09000117304571391,0.09000117304571391,0.0,-0.0014757731321873085,0.2234481819640428,-0.013679102040967131,0.0004062511717295217,0.21475896854003046,-1.5753043071966082,0,0.8500854438438225
12.463360000000453,2.004285742762242,-0.1523021126322751,1.1841718900632885,-0.0014114618710516912,-0.5347602084996094,0.015253065390999158,1.8349047988580307,-0.3299138773444552,1.1021188323218878,-0.05175899887595621,-0.474071092284003,-0.05140475252066984,2.0191431328811307,-0.3665484449678196,0.9894099648133386,-0.0008336838802846929,-0.510222484276714,-0.01926826680788678,0.09000117304571391,0.09000117304571391,0.0,-0.0014582951039722606,0.22353650465876773,-0.013625707814095098,0.0004039469233847429,0.21433170997643408,-1.5753134212514763,0,0.8478564765942976
12.467520000000453,2.004279837858048,-0.1545258292936712,1.184235191685863,-0.0014171770064728576,-0.5336919987350639,0.01519238941792912,2.2522430182094952,-0.40604202801623823,1.422049415936882,0.07681449690828963,-0.5260087074891621,-0.08821372010924042,2.13585301462329,-0.3873905525900134,1.2055486735255678,0.03868936115995214,-0.5176544518974528,-0.053466221968626486,0.09000117304571391,0.09000117304571391,0.0,-0.0014409416111203625,0.22362037804179213,-0.013572519840876561,0.0004016545925636378,0.2139044442782474,-1.5753224886972044,0,0.8456319645831909
12.471680000000454,2.0042739094471056,-0.1567450951599522,1.184298241491247,-0.0014228186261795936,-0.5326238079074371,0.015131953292150797,2.081945525737856,0.050935533302705754,0.8548054566865256,0.05886314208657083,-0.6119052796578593,0.04503581636857982,2.109023021780851,-0.169497332796965,1.0302681413879755,0.04795984732096634,-0.5647040339936352,-0.004152946125192848,0.09000117304571391,0.09000117304571391,0.0,-0.001423711878547105,0.22369983856426068,-0.013519537342936962,0.0003993741461869713,0.21347717877208766,-1.5753315099544214,0,0.8434119077052609
12.475840000000455,2.0042679578334948,-0.15895991038501706,1.184361040474891,-0.00142838726665196,-0.5315556540155665,0.015071756074542798,2.130988092663031,0.14713205551345043,1.2249324310213976,-0.1012741078757906,-0.5590159011443855,0.05592022461060979,2.119796050518314,-0.01234484763093309,1.1277192607091826,-0.02712206751150674,-0.5610487753394076,0.025254752351533707,0.09000117304571391,0.09000117304571391,0.0,-0.0014066051359789681,0.2237749224354193,-0.013466759543826111,0.0003971055506206972,0.21304992072089607,-1.575340485438317,0,0.8411963057804492
12.480000000000455,2.004261983319074,-0.16117027519710564,1.1844235896283475,-0.0014338834609799271,-0.5304875549012585,0.015011796829542727,2.6018899023530047,-0.34127834545235425,1.0981881065904158,0.041491644081215195,-0.4822995791983206,0.0758771861008746,2.360932140569948,-0.17781682815753874,1.1131106441466871,0.007425972287697173,-0.5217942217215219,0.050877773441284524,0.09000117304571391,0.09000117304571391,0.0,-0.0013896206166843844,0.22384566562430908,-0.013414185670131619,0.0003948487716926907,0.21262267732437531,-1.575349415558723,0,0.8389851585545347
12.484160000000456,2.004255986203495,-0.16337618989814884,1.1844858899392856,-0.0014393077388793521,-0.5294195282503693,0.014952074625134046,2.204184921457756,0.032677391394454525,1.2410610587816049,-0.025560207664112312,-0.5805305006318804,0.17252867147709466,2.282504438683782,-0.07377546465097591,1.1774466688720893,-0.009146265701043968,-0.5512871509005358,0.11118216209571015,0.09000117304571391,0.09000117304571391,0.0,-0.0013727575598391642,0.22391210386125204,-0.013361814950668224,0.00039260377471016315,0.2121954557194243,-1.575358300720194,0,0.8367784656997804
12.488320000000456,2.004249966784217,-0.16557765486312334,1.1845479423915057,-0.001444660626717811,-0.5283515915938779,0.01489258853283632,2.0134465704693074,-0.15329575451754338,1.2680512858296722,-0.17471073102511298,-0.43255773987863955,0.06844790798875977,2.147610763956942,-0.11443681953886811,1.2228906828456734,-0.09217531723459865,-0.4914751682399508,0.09044197646331897,0.09000117304571391,0.09000117304571391,0.0,-0.0013560152081899361,0.22397427263934033,-0.01330964661694941,0.00039037052447525936,0.21176826298057022,-1.5753671413220858,0,0.8345762268155786
12.492480000000457,2.0042439253565187,-0.16777467053941064,1.1846097479649544,-0.001449942647530686,-0.5272837623089528,0.014833337627693458,2.398035879960256,-0.12468601400877088,1.561587763704133,-0.015489122193658368,-0.49520037644286297,-0.08598454353324501,2.272794072470215,-0.12059221324611817,1.392063474218287,-0.05442138704654833,-0.4929901838098964,0.0018907917204017436,0.09000117304571391,0.09000117304571391,0.0,-0.0013393928093498294,0.22403220721598427,-0.013257679903232018,0.00038814898530148184,0.21134110612039764,-1.5753759377586347,0,0.8323784414290897
12.496640000000458,2.004237862213514,-0.16996723744616068,1.184671307635739,-0.0014551543210426473,-0.526216057620012,0.01477432098826179,1.9502775104281151,-0.06589875946777947,1.3641842453276571,0.13838732305326532,-0.5422189481673318,-0.10298270205938279,2.1118201482322507,-0.0943745619187153,1.3779079971134547,0.042561105840843425,-0.5168038747034641,-0.04983407084102962,0.09000117304571391,0.09000117304571391,0.0,-0.0013228896151712835,0.22408594261446413,-0.013205914046132583,0.0003859391210293319,0.21091399208997497,-1.5753846904190334,0,0.8301851089958776
12.500800000000458,2.0042317776461656,-0.17215535617365973,1.1847326223761414,-0.0014602961636865162,-0.5251484945997748,0.0147155376965997,1.3880464721802581,0.37874917679692977,1.4639150723707908,-0.1227034759325452,-0.5656516105214644,0.13647389574798718,1.7496727019195522,0.1410145405208697,1.4211979491207527,-0.039904802837035305,-0.5414464218200961,0.04236996559949876,0.09000117304571391,0.09000117304571391,0.0,-0.001306504882401215,0.22413551362511286,-0.013154348284670589,0.0003837408950418008,0.21048692777927805,-1.575393399687506,0,0.8279962289005405
12.504960000000459,2.0042256719432965,-0.17433902738270268,1.1847936931546341,-0.001465368688624851,-0.524081090170309,0.01465698683825709,2.2146541242366946,-0.09611602018956109,1.1431590667005378,-0.10201255481894908,-0.5259670819159509,-0.1487277193372108,1.9819543695731223,0.021352773574399554,1.281869575741909,-0.07089985940317112,-0.5333081406335725,-0.05430273824172078,0.09000117304571391,0.09000117304571391,0.0,-0.0012902378716259312,0.2241809548071968,-0.013102981860740132,0.0003815542702792207,0.21005992001761117,-1.5754020659433834,0,0.8258118004573374
12.50912000000046,2.0042195453916056,-0.17651825180396963,1.1848545209358936,-0.0014703724057671332,-0.5230138611040697,0.01459866750226286,1.8921638263143008,-0.3183637781726856,1.1444108437704221,-0.09469835050091258,-0.5212411097860291,0.07338099612288683,1.9368614121648022,-0.14959181748457887,1.2132925637988865,-0.08275543263056816,-0.527385178231891,0.009201309446961521,0.09000117304571391,0.09000117304571391,0.0,-0.0012740878479254097,0.22422230049000125,-0.013051814018726217,0.00037937920925434595,0.20963297557402527,-1.5754106895611752,0,0.8236318229108098
12.51328000000046,2.0042133982756813,-0.17869303023740685,1.184915106680815,-0.0014753078217896714,-0.5219468240249318,0.014540578781113984,1.977849305604244,-0.44599523812942093,0.6897480612746358,-0.2047900170691035,-0.5399882543791336,-0.15314094371227605,1.9569284329286234,-0.29891915396268315,0.9511976655854818,-0.14316122722713276,-0.5334973126171756,-0.07174076756291421,0.09000117304571391,0.09000117304571391,0.0,-0.0012580540813149628,0.22425958477450458,-0.013000844005333856,0.0003772156740669624,0.20920610115773342,-1.5754192709106427,0,0.8214562954363999
12.51744000000046,2.004207230878014,-0.18086336355161192,1.1849754513465265,-0.0014801754401573433,-0.520879995409216,0.014482719770765283,1.7836527308089654,0.016459868322946686,0.6597364073147325,-0.012613034322847914,-0.41149868183619936,-0.10655293718293066,1.8702626848630852,-0.1420857049352303,0.805243697411665,-0.07767921972780914,-0.4713692503002857,-0.08930208234179905,0.09000117304571391,0.09000117304571391,0.0,-0.001242135845690149,0.22429284153484796,-0.012950071069844887,0.00037506362641765936,0.20877930341852374,-1.5754278103568689,0,0.819285217141064
12.521600000000461,2.0042010434790094,-0.1830292526832232,1.185035555886404,-0.001484975761140932,-0.5198133915867081,0.014425089570618077,2.079629153571683,0.06036137545562234,0.7112946240404727,-0.026389322771552367,-0.4139408230598345,0.08671771983375709,1.9748918237070467,-0.04172324496211117,0.7584494570136073,-0.051714658369401395,-0.4419316945794777,-0.0015839471507811656,0.09000117304571391,0.09000117304571391,0.0,-0.001226332419053156,0.2243221044194298,-0.012899494464589628,0.0003729230276219513,0.2083525889471695,-1.5754363082603287,0,0.8171185870638815
12.525760000000462,2.004194836357002,-0.18519069863631352,1.1850954212500853,-0.0014897092818354034,-0.518747028741672,0.014367687283506975,2.139246133677129,0.07351970982334591,1.3603770363805059,-0.018835342704809906,-0.6713622933430177,0.12283861295161992,2.05703164224716,0.014501690500239296,1.0596727084172213,-0.03560909998626801,-0.5561830592467333,0.060740060758230074,0.09000117304571391,0.09000117304571391,0.0,-0.0012106430841675258,0.2243474068528103,-0.012849113443706477,0.00037079383862413136,0.20792596427583676,-1.575444764976957,0,0.814956404176661
12.529920000000462,2.004188609788268,-0.18734770248178792,1.185155048383484,-0.0014943764961809027,-0.5176809229138555,0.014310512015691678,2.2708025624539983,-0.21771310011954523,1.8871375011294222,0.007599443312019586,-0.5180256193925682,0.056524624691337996,2.1639336333285617,-0.10268654863615305,1.4735278900597673,-0.013636626201927987,-0.5362697882568687,0.058908834885224096,0.09000117304571391,0.09000117304571391,0.0,-0.0011950671277165706,0.22436878203676291,-0.012798927264681709,0.0003686760200104494,0.20749943587848935,-1.5754531808582168,0,0.8127986673845399
12.534080000000463,2.004182364047039,-0.1895002653567858,1.1852144382288043,-0.001498977894980241,-0.51661508999949,0.01425356287684249,2.460069244698853,0.010250207878227835,0.8747698363838996,0.00010996260361043758,-0.6291002319882951,0.14731700825366137,2.3120037437404437,-0.04752629880058662,1.1744514677615314,-0.00676603999817376,-0.5824826355663042,0.10292490563733862,0.09000117304571391,0.09000117304571391,0.0,-0.0011796038407437042,0.22438626295191877,-0.012748935186681465,0.00036656953202230964,0.20707301017129087,-1.5754615562511651,0,0.8106453755265816
12.538240000000464,2.004176099405514,-0.19164838846408697,1.1852735917245545,-0.0015035139659182104,-0.5155495457522836,0.014196838980032659,2.0721270490618764,-0.32733338870045525,1.5457710190208427,0.010866615386283739,-0.530294228055423,0.016423734562041607,2.192086056246532,-0.18853703666711322,1.3601479983033495,0.0021760352784920504,-0.5553154586887755,0.05968191387459056,0.09000117304571391,0.09000117304571391,0.0,-0.0011642525186657663,0.2243998823588802,-0.01269913647187669,0.00036447433456909177,0.20664669351300463,-1.5754698914985181,0,0.8084965273763689
12.542400000000464,2.0041698161338743,-0.193792073071522,1.1853325098055616,-0.0015079851935809472,-0.5144843057844085,0.014140339441725283,2.277174691543114,-0.4392343940054979,0.6956233671404407,0.1426586123714367,-0.523671041125567,0.024679514028032937,2.234929362790112,-0.3149773009657798,1.0279328229220899,0.07160642825846501,-0.5392015521759099,0.041962955510216886,0.09000117304571391,0.09000117304571391,0.0,-0.0011490124608584456,0.22440967279992663,-0.012649530385058796,0.00036239038724064036,0.2062204922053907,-1.5754781869387164,0,0.8063521216425913
12.546560000000465,2.004163514500293,-0.19593132051138648,1.1853911934029857,-0.0015123920594735654,-0.5134193855674806,0.014084063381761748,2.279988560927851,0.009899617750592477,1.0934135517264416,-0.05714464846465065,-0.6622335959366472,0.09409756323225388,2.257341338698564,-0.15391526805977143,1.0608681734318475,0.006796400603262798,-0.6000975124699022,0.06860021872357175,0.09000117304571391,0.09000117304571391,0.0,-0.0011338829708826652,0.22441566660008327,-0.012600116193682266,0.0003603176493196358,0.20579441249360053,-1.5754864429059874,0,0.8042121569696306
12.550720000000466,2.0041571947709516,-0.19806613217985955,1.185449643444333,-0.0015167350420387234,-0.5123548004335343,0.014028009923349963,1.8790069568175094,-0.32694483666466684,1.7608333675311338,-0.06268823058714867,-0.4538052864421191,0.056458460533249655,2.0680424467385174,-0.2413774689176017,1.4109734885901353,-0.02858389874012359,-0.5258529123459911,0.06234347597570101,0.09000117304571391,0.09000117304571391,0.0,-0.0011188633567114077,0.2244178958688352,-0.012550893166836455,0.00035825607979374935,0.20536846056656888,-1.575494659730408,0,0.8020766319381404
12.554880000000466,2.004150857210049,-0.20019650953642618,1.1855078608534706,-0.0015210146166761342,-0.5112905655759897,0.013972178193056975,1.9084293620440307,-0.7348864111047173,1.4665557832092717,0.0022718292154024124,-0.41744643365491385,0.06277052229219834,1.9882398561038483,-0.4890047880014635,1.4388961813164225,-0.013323063586655285,-0.4711189192769825,0.062270574791365996,0.09000117304571391,0.09000117304571391,0.0,-0.0011039529298872458,0.22441639250115042,-0.012501860577426582,0.0003562056373672269,0.20494264255740327,-1.575502837737966,0,0.7999455450656229
12.559040000000467,2.0041445020798165,-0.20232245410330374,1.1855658465506405,-0.0015252312557585566,-0.5102266960506144,0.01391656732079235,2.3719621834086286,-0.13711171491113958,1.1801373357660596,-0.04037636309866974,-0.5867370927509437,0.16539767460799915,2.180020032672551,-0.3142780340415897,1.3098585130705311,-0.026996793934008684,-0.5280315972220766,0.11404734413493503,0.09000117304571391,0.09000117304571391,0.0,-0.0010891510066036295,0.22441118817904204,-0.01245301769986383,0.00035416628047282975,0.20451696454377108,-1.5755109772506204,0,0.7978188948070015
12.563200000000467,2.0041381296405305,-0.2044439674648724,1.185623601452473,-0.0015293854286522882,-0.5091632067764787,0.01386117643980129,1.8775022333563478,-0.24795010473924015,1.075873947061315,-0.10885278579888796,-0.5871843946676863,-0.07119868565304568,2.0285315396100607,-0.28233626468823064,1.1927170217166825,-0.06740702024169892,-0.5569632647612918,0.021186076501444915,0.09000117304571391,0.09000117304571391,0.0,-0.0010744569068628597,0.22440231437286662,-0.012404363811817337,0.0003521379672828956,0.20409143254828377,-1.5755190785863606,0,0.7956966795551885
12.567360000000468,2.004131740150523,-0.2065610512671095,1.1856811264720006,-0.0015334776017341424,-0.5081001125369049,0.01380600468665036,1.5910554536365367,0.057160302293601084,1.3752638820539917,-0.18317887006416664,-0.4541116679139722,0.12119245031714927,1.8094102249633743,-0.11353094039192667,1.2842433423281192,-0.12566842316313082,-0.5051614133026991,0.07140582597201656,0.09000117304571391,0.09000117304571391,0.0,-0.0010598699547020264,0.22438980234262584,-0.012355898192544804,0.0003501206557204867,0.2036660525388791,-1.5755271420592654,0,0.7935788976416503
12.571520000000469,2.0041253338661966,-0.20867370721702788,1.1857384225186725,-0.0015375082384093625,-0.5070374279804096,0.01375105120122021,2.14157544444574,-0.14754016629234198,1.4291711519062502,0.009952851084748911,-0.5373750613925617,-0.04904928914980419,1.9755160674242997,-0.13165379655848594,1.3566073679976707,-0.05796588133945708,-0.5211311797455672,0.010643666839185445,0.09000117304571391,0.09000117304571391,0.0,-0.0010453894784193925,0.22437368313938189,-0.012307620125072818,0.00034811430347028537,0.20324083042920044,-1.5755351679795595,0,0.7914655473369674
12.57568000000047,2.0041189110420334,-0.21078193708211806,1.185795490498367,-0.0015414777991304724,-0.5059751676216412,0.013696315126689187,1.9214194207819004,-0.43543487269980746,1.3128353363745646,0.07543773865757628,-0.3926306769826186,-0.1258068350638421,1.9486241193748963,-0.28436462387195394,1.3344589857936864,0.008801675765229423,-0.4561663754678617,-0.057387468810238554,0.09000117304571391,0.09000117304571391,0.0,-0.0010310148097314792,0.2243539876061913,-0.012259528893672128,0.0003461188679891127,0.20281577207897383,-1.5755431566536717,0,0.7893566268513923
12.57984000000047,2.0041124719306107,-0.21288574268979435,1.1858523313134066,-0.00154538674141261,-0.5049133458423112,0.013641795609527453,2.0021677285276165,0.03543838609011607,1.0327256611859066,0.11760718697926682,-0.4205094258505217,0.05695122211780339,1.975641163618459,-0.12533523999483984,1.183709026238728,0.06307943713944356,-0.43847887697346927,-0.00039721411084061263,0.09000117304571391,0.09000117304571391,0.0,-0.0010167452850678564,0.22433074638032924,-0.01221162378603665,0.00034413430651667484,0.20239088329438276,-1.5755511083842892,0,0.7872521343353998
12.58400000000047,2.0041060167826115,-0.21498512592684485,1.1859089458625711,-0.0015492355198542507,-0.503851976892117,0.013587491799482024,1.8342240897717128,-0.008714146855546195,1.558268055710862,0.07547197224684668,-0.5583239467448231,0.03404286423676853,1.9050873702229238,-0.06818677143557136,1.3710626018598706,0.06987423399931261,-0.49762608191204044,0.016516853698897924,0.09000117304571391,0.09000117304571391,0.0,-0.0010025802445151693,0.2243039898934317,-0.01216390409204237,0.00034216057608539287,0.20196616982844015,-1.5755590234704135,0,0.7851520678802386
12.588160000000471,2.004099545846836,-0.21708008873888512,1.185965335041111,-0.0015530245861535223,-0.502791074889663,0.013533402849566995,1.8754120782059347,-0.5962425988404445,1.4436472400241787,-0.21553735686508715,-0.3840651836931833,0.07109935557359885,1.8898017883049427,-0.3330184021652562,1.4075046724229077,-0.07309370829638452,-0.4402866838082006,0.04315116288547006,0.09000117304571391,0.09000117304571391,0.0,-0.0009885190316147358,0.22427374837361902,-0.012116369104001552,0.00034019763353035153,0.20154163738135822,-1.5755669022074135,0,0.7830564255184748
12.592320000000472,2.0040930593702146,-0.21917063312981583,1.1860214997407612,-0.001556754389123674,-0.5017306538233719,0.013479527916052671,2.1198163793041,0.057986492953399915,1.433977222943157,0.08368306383814367,-0.6122678845481248,0.09700260869388473,2.004984773287006,-0.1387871926998255,1.4209427883696664,0.005274249004418135,-0.5260379926256461,0.07012496493744763,0.09000117304571391,0.09000117304571391,0.0,-0.0009745609946573393,0.22424005184650064,-0.012069018116703308,0.0003382454354995464,0.2011172916009158,-1.5755747448870794,0,0.7809652052245339
12.596480000000472,2.00408655759782,-0.22125676116128412,1.1860774408497547,-0.0015604253747139346,-0.500670727552392,0.013425866158454506,2.2515471685574884,-0.4146963155339686,1.2316793821258814,-0.02159007117356274,-0.41899399258430575,0.054411994186826865,2.1282224213459244,-0.27761782012954733,1.3264235202235735,-0.007979160284980245,-0.47125341485045524,0.06198868561853658,0.09000117304571391,0.09000117304571391,0.0,-0.0009607054849854082,0.22420293013645165,-0.012021850427668436,0.00033630393846289657,0.20069313808282332,-1.5755825517976747,0,0.7788784049152382
12.600640000000473,2.004080040772878,-0.2233384749521487,1.1861331592528361,-0.0015640379860232874,-0.499611309807498,0.013372416739521033,2.2391143775867928,-0.16629200990374612,0.6861882309054936,0.17274000948748153,-0.5665499729057085,-0.10541541962314188,2.184028156757492,-0.22313342766990588,1.0060829639599005,0.08251929758455832,-0.5184704381106889,-0.022101479251523715,0.09000117304571391,0.09000117304571391,0.0,-0.0009469518585008677,0.22416241286783944,-0.01197486533676237,0.0003343730987220634,0.2002691823710856,-1.5755903232239878,0,0.7767960224503403
12.604800000000473,2.0040735091367807,-0.22541577667794865,1.1861886558312746,-0.0015675926633205261,-0.498552414191987,0.013319178825223337,2.3322465148448055,-0.2463726279647157,1.5559436559638078,0.0324900235312291,-0.3452351117558663,0.20101531712738216,2.2582052440132623,-0.2354745941330831,1.2814349694604033,0.05784793282566143,-0.4302652117925551,0.08958408101491928,0.09000117304571391,0.09000117304571391,0.0,-0.0009332994746087224,0.22411852946636024,-0.011928062146235145,0.0003324528724192228,0.1998454299583619,-1.5755980594473826,0,0.7747180556330542
12.608960000000474,2.0040669629290973,-0.22748866857037603,1.1862439314628777,-0.001571089844059901,-0.49749405418256704,0.013266151584744392,2.2273116278154608,0.031520041309241464,1.4853428937259754,0.006983183632360744,-0.4745713983282355,0.03796020028003149,2.242772675196516,-0.10296438979722405,1.3834696926240995,0.032452163434839615,-0.4515081378884492,0.0635936507678844,0.09000117304571391,0.09000117304571391,0.0,-0.0009197476966560539,0.22407130916048712,-0.011881440160761376,0.00033054321554613626,0.19942188628632418,-1.5756057607458485,0,0.77264450221058
12.613120000000475,2.004060402387585,-0.22955715291675202,1.1862989870220046,-0.0015745299628985901,-0.49643624313024043,0.013213334190468235,2.5479318991210644,-0.43723986702726886,0.9810001267866999,0.1202781560929514,-0.5558823225533038,0.14858078319079426,2.3956034490856224,-0.27126109541203125,1.182541730601383,0.0769117739374814,-0.5034919549481127,0.10579641726263175,0.09000117304571391,0.09000117304571391,0.0,-0.0009062958913021659,0.22402078098211997,-0.011834998688122739,0.0003286440839528566,0.19899855674601227,-1.5756134273940494,0,0.7705753598746286
12.617280000000475,2.0040538277482027,-0.23162123205950694,1.1863538233795794,-0.0015779134517115378,-0.4953789942611829,0.013160725817966241,2.3048495708827303,-0.6165873334131896,1.5282267805472949,0.044188619448480404,-0.7005514493184614,0.026497178419201087,2.3503181594161475,-0.4453850472614707,1.3554431368107327,0.06037272726663822,-0.6013889025203765,0.0655032464130296,0.09000117304571391,0.09000117304571391,0.0,-0.0008929434298129337,0.22396697376857422,-0.011788737037536544,0.0003267554333566345,0.19857544667818766,-1.5756210596633722,0,0.7685106262619391
12.621440000000476,2.004047239245121,-0.23368090839566366,1.1864084414031044,-0.0015812407396116836,-0.4943223206776145,0.013108325645990413,1.9855628703396504,-0.34835807494223636,1.080263182995006,0.1557832922456254,-0.46037902201351394,-0.05515302561173533,2.1682634289501266,-0.39783082726647445,1.2177358272774055,0.10737866689818053,-0.5297533309132486,0.005514786899705223,0.09000117304571391,0.09000117304571391,0.0,-0.0008796896865764874,0.2239099161633462,-0.011742654521834109,0.00032487721934980687,0.19815256137368426,-1.575628657821974,0,0.7664502989547954
12.625600000000476,2.0040406371107338,-0.23573618437632476,1.186462841956673,-0.0015845122529639997,-0.4932662353586662,0.013056132856457544,2.1273086017720577,-0.03566108232157897,1.0838869409610998,0.030017604197141258,-0.5433831312957523,-0.023942995399908094,2.147848195735724,-0.21787618974292378,1.1507595963761355,0.06868807776257367,-0.5353421218861382,-0.008707145653595998,0.09000117304571391,0.09000117304571391,0.0,-0.0008665340399692202,0.2238496366172532,-0.011696750455148182,0.00032300939740824826,0.19772990607375715,-1.5756362221348295,0,0.7643943754815374
12.629760000000477,2.0040340215756696,-0.23778706250616327,1.1865170259009832,-0.0015877284154031304,-0.4922107511612419,0.013004146634443048,2.4372387909920885,0.23077238368787317,0.9328094959223465,-0.25231517542941984,-0.5332856572114915,0.09244253648981597,2.2920203828587016,0.005341733078855314,1.0419757677415549,-0.09163563348944159,-0.5341771447089464,0.041635753184711584,0.09000117304571391,0.09000117304571391,0.0,-0.0008534758717259313,0.22378616339006108,-0.011651024155090589,0.00032115192289934884,0.19730748597042924,-1.5756437528637768,0,0.7623428533170696
12.633920000000478,2.0040273928688035,-0.2398335453429169,1.1865709940933504,-0.0015908896478484022,-0.49115588082087264,0.012952366168165676,1.628479936637761,0.1418205582140905,1.366718917943911,-0.22291825875198695,-0.4445932103472864,0.16933021179104266,1.9597800467870612,0.07265638228481008,1.2047002680478742,-0.15639998119129178,-0.4889209227781263,0.10621967276141007,0.09000117304571391,0.09000117304571391,0.0,-0.0008405145678062821,0.2237195245513648,-0.011605474940867375,0.0003193047510900246,0.19688530620683548,-1.5756512502675626,0,0.7602957298833657
12.638080000000478,2.004020751217268,-0.24187563549688593,1.1866247473877212,-0.0015939963685224392,-0.4901016369525667,0.012900790648980118,2.0597950670244076,-0.018923959575569943,1.5125523769404732,-0.13460447754251953,-0.51799856088066,0.03743723546756658,2.00950795746394,0.025787825495040297,1.3587078563111445,-0.1453469188874722,-0.5033025228017843,0.07110618215866689,0.09000117304571391,0.09000117304571391,0.0,-0.0008276495175514316,0.2236497479820092,-0.011560102135028762,0.00031746783715412124,0.1964633718775647,-1.5756587146018874,0,0.7582530025499694
12.642240000000479,2.004014096846464,-0.2439133356304345,1.1866782866346852,-0.0015970489929662576,-0.48904803205165337,0.012849419271362265,2.233442518360212,0.03741204626786515,1.1599652430290393,0.07997281946293555,-0.4628693550612667,-0.1150623223685428,2.1216435648454572,0.03063561516425628,1.2590974149698195,-0.032902851365123574,-0.48229645570095353,-0.022726976412769856,0.09000117304571391,0.09000117304571391,0.0,-0.0008148801136946995,0.22357686137492339,-0.011514905061797774,0.0003156411361799208,0.1960416880289996,-1.575666146119449,0,0.7562146686344933
12.64640000000048,2.004007429980072,-0.24594664845749542,1.186731612681489,-0.0016000479340543994,-0.4879950784946227,0.012798251232901478,1.7463280931047556,0.14978486578942218,0.7643529424106232,0.10702823753879047,-0.5855847123293528,0.050605653832571845,1.9342052521243718,0.0889914620686132,1.0118279881101424,0.03732599112454216,-0.5331583846680668,0.01344750930649167,0.09000117304571391,0.09000117304571391,0.0,-0.0008022057532280141,0.22350089223681513,-0.011469883048177733,0.0003138246031777258,0.19562025965965418,-1.5756735450699857,0,0.7541807254031113
12.65056000000048,2.004000750840064,-0.24797557674307857,1.1867847263720486,-0.001602993602013672,-0.4869427885399576,0.012747285734288188,1.6512755057545498,-0.4426610298802195,1.4060674708553453,0.12497883687000268,-0.4393053256804187,0.07099135784472763,1.792997785820775,-0.17775533435541685,1.2090985221147943,0.08141879763472093,-0.4847530687827053,0.04203592343989687,0.09000117304571391,0.09000117304571391,0.0,-0.000789625836130659,0.22342186788879892,-0.011425035423349696,0.000312018193086615,0.19519909172050925,-1.5756809117003194,0,0.7521511700710511
12.65472000000048,2.003994059646712,-0.2500001233027826,1.1868376285469624,-0.001605886404436582,-0.48589117432896295,0.012696521979304057,1.852923637720052,-0.6916789254466813,1.1982476160986562,-0.12868668010199003,-0.3971838083791308,0.07112215328556135,1.8226932107654754,-0.43554730697387456,1.2038203682950894,-0.023497504655167607,-0.4407575980217806,0.05684495122346618,0.09000117304571391,0.09000117304571391,0.0,-0.000777139766020887,0.22333981546820425,-0.011380361519567124,0.0003102218607817518,0.19477818911534567,-1.5756882462543975,0,0.75012599980308
12.658880000000481,2.0039873566186026,-0.25202029100231005,1.1868903200435241,-0.0016087267462974828,-0.4848402478865865,0.012645959174808352,2.4125968982872337,0.048315841050936614,1.3586355191151571,0.14620374954081114,-0.6013538115560682,-0.18365640985351894,2.117953337356451,-0.19486457275390037,1.2808481475538358,0.06131560361313727,-0.520359179157172,-0.06392912664261813,0.09000117304571391,0.09000117304571391,0.0,-0.0007647469505949185,0.22325476192894356,-0.011335860670697306,0.0003084355610812801,0.1943575567010752,-1.5756955489733335,0,0.7481052117139902
12.663040000000482,2.0039806419726442,-0.254036082756986,1.1869428016957355,-0.0016115150299705428,-0.4837900211222378,0.012595596530730419,2.1827208358436576,-0.31047379307002115,1.0571421878213527,0.11148047316424266,-0.6452442580688817,-0.1224272246300801,2.1505696623757298,-0.25401469831893464,1.1687385636267562,0.08627633699303737,-0.581535298977444,-0.09298516601164157,0.09000117304571391,0.09000117304571391,0.0,-0.0007524468003552438,0.22316673404354048,-0.011291532213542378,0.00030665924875266574,0.19393719928806974,-1.5757028200954486,0,0.7460888028690776
12.667200000000483,2.003973915924081,-0.2560475015312802,1.1869950743343192,-0.0016142516552424095,-0.48274050583059835,0.012545433260056667,2.506035720789126,-0.09459475220060864,1.2826421718534005,0.06550843521364715,-0.4567549912399501,0.019327407950566197,2.3284405402734065,-0.1752555658123274,1.2257319133185633,0.07632373581765971,-0.5182304000345743,-0.03709960993300145,0.09000117304571391,0.09000117304571391,0.0,-0.0007402387301175856,0.2230757584034514,-0.011247375487236748,0.0003048928785195909,0.19351712164048768,-1.5757100598563107,0,0.7440767702846206
12.671360000000483,2.0039671786865,-0.25805455033833197,1.187047138786731,-0.0016169370193311495,-0.4816917136924297,0.012495468578820003,2.1553699642331887,-0.48277324238466446,0.6229853882520097,0.011343668653945769,-0.5247515015504198,-0.21757748419941664,2.241927327783945,-0.3301094820267253,0.9239044302572983,0.04398591547731766,-0.5207893620668472,-0.1285541032137302,0.09000117304571391,0.09000117304571391,0.0,-0.0007281221573117464,0.22298186142094056,-0.011203389833070926,0.0003031364050679269,0.19309732847659894,-1.575717268488775,0,0.7420691109283525
12.675520000000484,2.0039604304718464,-0.26005723223947935,1.187098995877173,-0.0016195715168980994,-0.4806436562753732,0.01244570170609007,2.1564450499962335,-0.09406536455782552,1.3660412979995655,0.06802502490653956,-0.3432969422366119,0.05174543123095338,2.1993279079240473,-0.21280081547496607,1.1450829948905716,0.055606219978462226,-0.4315754748996591,-0.03813118149716872,0.09000117304571391,0.09000117304571391,0.0,-0.000716096503702079,0.22288506932956853,-0.011159574594957145,0.00030138978305241566,0.1926778244691072,-1.5757244462230215,0,0.7400658217199327
12.679680000000484,2.0039536714904296,-0.2620555503437908,1.1871506464266062,-0.0016221555400668833,-0.47959634503474746,0.012396131863961475,1.5469128672366508,-0.1590395813940246,0.9186695589896294,-0.0619815118372154,-0.5670837872293086,-0.008940350516448136,1.8729876258044833,-0.18710027073088817,1.0318560819576397,-0.00352787743469438,-0.4988734347451488,-0.02353042680490269,0.09000117304571391,0.09000117304571391,0.0,-0.000704161193902281,0.22278540818580617,-0.011115929119468002,0.0002996529671023073,0.19225861424547058,-1.575731593286594,0,0.7380668995314136
12.683840000000485,2.003946901950936,-0.26404950780760056,1.1872020912527625,-0.0016246894784362341,-0.4785497913143385,0.012346758277541885,2.0961228398422858,-0.6914321784550517,1.0242710236154169,-0.24097011501456048,-0.3452910655009754,0.09662502728104808,1.9840566548557896,-0.4399902871993188,1.0282647000159353,-0.12274900583687302,-0.4209677905711382,0.03643235499181781,0.09000117304571391,0.09000117304571391,0.0,-0.0006923156560265649,0.22268290387001155,-0.011072452754804257,0.0002979259118275759,0.1918397023882198,-1.5757387099044375,0,0.736072341187704
12.688000000000486,2.00394012206044,-0.26603910783404716,1.187253331170158,-0.0016271737190955236,-0.4775040063471852,0.012297580174944424,2.145330844607914,-0.9788402058031415,1.0454667277946714,-0.036715863193456065,-0.6778380012824989,0.10816746360671717,2.064617087423434,-0.710828127531345,1.0370918953373218,-0.07905375823026577,-0.5497580863831619,0.07177799286408715,0.09000117304571391,0.09000117304571391,0.0,-0.0006805593219142677,0.22257758208719503,-0.011029144852329302,0.00029620857182480984,0.19142109343527441,-1.5757457962989352,0,0.7340821434670307
12.692160000000486,2.0039333320244124,-0.26802435367261535,1.187304366990105,-0.001629608646641223,-0.47645900125636137,0.01224859678727366,1.9152288825246695,-0.3470474424862114,1.086943323820984,0.007243401109068568,-0.5368408404223675,-0.037686987689977414,1.9899374154389093,-0.5300542521852094,1.061939378569516,-0.036107720711011045,-0.5421465656731985,0.017144831463797,0.09000117304571391,0.09000117304571391,0.0,-0.0006688916264991048,0.22246946836885761,-0.01098600476553832,0.0002945009016826179,0.19100279188025743,-1.5757528526899445,0,0.7320963031013944
12.696320000000487,2.0039265320467323,-0.27000524861868097,1.1873551995207243,-0.0016319946431907295,-0.47541478705574935,0.012199807348615884,2.2594465882834807,-0.2984408686393155,1.7274505942965168,0.13588155810027203,-0.4012357602400699,0.03128984262935286,2.1249768321703697,-0.41508127600760897,1.3947642912655562,0.049724575645081266,-0.4713262781264972,0.024425132156428057,0.09000117304571391,0.09000117304571391,0.0,-0.0006573120082468383,0.22235858807333542,-0.0109430318498807,0.00029280285598733006,0.19058480217280693,-1.5757598792948335,0,0.7301148167770247
12.700480000000487,2.003919722329697,-0.27198179601305933,1.1874058295669578,-0.001634332088398011,-0.474371374650812,0.012151211096030127,2.0848817323438706,-0.08969847400851264,1.1960603738201414,-0.11279726072631381,-0.3533464275611157,-0.15039831764928388,2.1046932677956307,-0.25312236361306184,1.2950982347384437,-0.030987944316713145,-0.41243276931880835,-0.0630315416598882,0.09000117304571391,0.09000117304571391,0.0,-0.0006458199089519863,0.2222449663872168,-0.010900225463866889,0.00029111438932832867,0.1901671287188867,-1.5757668763285162,0,0.7281376811348313
12.704640000000488,2.0039129030740326,-0.27395399924155667,1.187456257930581,-0.0016366213594683988,-0.4733287748393582,0.012102807269534561,2.0277804611080152,-0.6936230543291741,1.066040092009006,-0.17608603789310154,-0.5421564144661436,0.22384172909832806,2.0658718341319013,-0.4745039312104157,1.1810329888498614,-0.10437480213683731,-0.47706016179072586,0.08046173432829198,0.09000117304571391,0.09000117304571391,0.0,-0.0006344147737480372,0.22212862832686875,-0.010857584967822694,0.0002894354563032927,0.18974977588109407,-1.5757738440034867,0,0.7261648927708502
12.708800000000489,2.003906074478903,-0.2759218617345246,1.1875064854102146,-0.0016388628311734164,-0.47228699831230136,0.012054595112098108,1.6417635473214247,-0.16621392878828783,1.7405137241238753,0.18406943031025677,-0.6245768044377891,-0.049380835864177845,1.8541982106797623,-0.3216581307599494,1.4606750191513478,0.03952660763549427,-0.5497240607795274,0.015328338731285708,0.09000117304571391,0.09000117304571391,0.0,-0.0006230960511176636,0.22200959873831105,-0.010815109724567049,0.0002877660115232963,0.18933274797896604,-1.5757807825298538,0,0.72419644823669
12.71296000000049,2.00389923674192,-0.277885386966418,1.1875565128013381,-0.0016410568758656473,-0.4712460556544184,0.012006573869629193,1.7479033409332745,-0.44035763939404116,0.62621898397087,0.1137108387555723,-0.4573078310556959,-0.04623897125661266,1.8012869489683363,-0.38196171632719284,1.043344663654114,0.07642081206504683,-0.50264977653688,-0.015296018857320707,0.09000117304571391,0.09000117304571391,0.0,-0.0006118631924750388,0.22188790229976385,-0.010772799099663506,0.0002861060096178476,0.18891604928928368,-1.5757876921153746,0,0.7222323440399722
12.71712000000049,2.003892390059155,-0.27984457845535593,1.1876063408963005,-0.0016432038634918544,-0.47020595734509724,0.011958742790963433,1.7807540097168677,-1.0067723567040858,1.1968182840456136,0.09022323878325172,-0.4960888241071987,0.13346268628603372,1.79120889974611,-0.6954022351264137,1.1203614187835151,0.08288724783689456,-0.4998620046337211,0.058461948063157215,0.09000117304571391,0.09000117304571391,0.0,-0.0006007156530309578,0.2217635635216889,-0.010730652460387388,0.0002844554052400209,0.18849968404637407,-1.5757945729654879,0,0.7202725766447695
12.72128000000049,2.0038855346251485,-0.28179943976268546,1.1876559704843332,-0.0016453041616097017,-0.46916671375908375,0.011911101127855697,2.0509398384090205,-0.18331320568879833,1.413971780711642,-0.04821392117548812,-0.6740727526764667,0.1796980393294384,1.9209752354659377,-0.4407574959173687,1.267541555024907,0.017666022528552785,-0.5863277078847748,0.11948861601297836,0.09000117304571391,0.09000117304571391,0.0,-0.0005896528911620929,0.22163660674806085,-0.010688669176831228,0.000282814153070979,0.18808365644241035,-1.5758014252833465,0,0.7183171424720416
12.725440000000491,2.0038786706329175,-0.2837499744925489,1.1877054023515623,-0.0016473581354018408,-0.4681283351672233,0.011863648134967469,1.4000853881448179,-0.47596253806589056,1.1130468487609457,-0.10741539318551636,-0.7850164624764622,-0.17206440906534975,1.6603021992818952,-0.4599934768089535,1.1899360162648778,-0.044363382499436284,-0.685466035823105,-0.026646412994351953,0.09000117304571391,0.09000117304571391,0.0,-0.0005786743679928679,0.2215070561576431,-0.010646848621086093,0.0002811822078244981,0.18766797062771026,-1.5758082492698495,0,0.7163660379000668
12.729600000000492,2.003871798273969,-0.2856961862914539,1.18775463728102,-0.001649366147688249,-0.46709083173719596,0.011816383069857685,1.9363738976562974,0.15915154354117778,1.4484816689573279,0.049820880870530035,-0.41115943397648896,0.07460506290586072,1.798443873649803,-0.15127396451432906,1.3193655951640475,0.0025941507480522225,-0.5473057745878697,0.024084869339255084,0.09000117304571391,0.09000117304571391,0.0,-0.0005677795486880295,0.22137493576499878,-0.010605190167705204,0.00027955952425192147,0.18725263071103232,-1.5758150451236739,0,0.714419259264871
12.733760000000492,2.0038649177383068,-0.2876380788478466,1.1878036760526574,-0.0016513285589439502,-0.46605421353424764,0.0117693051929716,1.9939616010149415,-0.041318734418484965,0.983079196816722,-0.12597055015593742,-0.5233150746483146,0.056586636348520875,1.895939260250858,-0.09738640389643942,1.1513400027377705,-0.06031913692906655,-0.53418501210377,0.03924633096198192,0.09000117304571391,0.09000117304571391,0.0,-0.0005569679007526068,0.2212402694212383,-0.010563693193954768,0.00027794605714607894,0.18683764075987003,-1.5758218130413058,0,0.7124768028606541
12.737920000000493,2.003858029214443,-0.28957565589168793,1.1878525194433558,-0.0016532457273096453,-0.4650184905219172,0.011722413767628632,1.5266892428008814,-0.05748519870887722,0.9897456014138521,-0.06843950044156447,-0.4195336359921845,0.04566839367234858,1.7111680439183226,-0.0783093973084488,1.0706363414027629,-0.06376735796532164,-0.4762620250600752,0.042610265385608186,0.09000117304571391,0.09000117304571391,0.0,-0.0005462388953235949,0.22110308081546415,-0.010522357078566247,0.00027634176134605964,0.18642300480074453,-1.575828553217071,0,0.710538664940212
12.742080000000493,2.003851132889407,-0.29150892119403277,1.1879011682269391,-0.0016551180086077188,-0.46398367256275724,0.01167570806001538,2.5076149186597085,-0.315479646829979,0.7945305166781667,-0.008755159652823141,-0.6624118611392682,-0.044201684743601886,2.1093784893410645,-0.198275003864728,0.9324899014571422,-0.03609427562120731,-0.5688322635900882,-0.0009549283979026227,0.09000117304571391,0.09000117304571391,0.0,-0.000535592006752717,0.22096339347514926,-0.010481181203268852,0.0002747465917412274,0.18600872681949485,-1.5758352658431651,0,0.7086048417153584
12.746240000000494,2.0038442289487555,-0.29343787856661213,1.1879496231741857,-0.0016569457563565047,-0.4629497694190532,0.011629187339172248,1.7942830440652924,-0.38568549662379203,0.7917682434171958,-0.18253965372773562,-0.40497069598377805,0.05605412080039744,1.9514493732750622,-0.29282470661968646,0.8622461199876401,-0.10954253751140976,-0.4865187778593493,0.026852912861602376,0.09000117304571391,0.09000117304571391,0.0,-0.0005250267124022449,0.22082123076823001,-0.010440164951970844,0.00027316050327528423,0.18559481076156698,-1.5758419511096837,0,0.7066753293573395
12.750400000000495,2.0038373175765813,-0.29536253186141853,1.1879978850528399,-0.0016587293217836922,-0.4619167907535327,0.01158285087698353,1.8044189855326014,-0.12599013369308665,0.6159861113380425,0.0010888293855440534,-0.3203124335020958,-0.11266747482062064,1.8779355625447434,-0.2100746183296815,0.738881438338472,-0.05430473703596651,-0.40240443356825606,-0.04356717130302707,0.09000117304571391,0.09000117304571391,0.0,-0.0005145424928682742,0.22067661590301046,-0.01039930771058066,0.0002715834509502533,0.18518126053230016,-1.575848609204651,0,0.7047501239972497
12.754560000000495,2.0038303989555235,-0.29728288497029387,1.1880459546276239,-0.0016604690538406595,-0.4608847461300754,0.011536697948168185,1.8891421974823552,-0.26946453662641884,0.9663411628653488,-0.0641686561749911,-0.4721680007067576,0.10677698361340869,1.8834044817872455,-0.24075218466014764,0.8528365822307169,-0.05875152178944933,-0.4372356381706596,0.030827405001058957,0.09000117304571391,0.09000117304571391,0.0,-0.0005041388315625965,0.2205295719295648,-0.010358608867469886,0.00027001538983029735,0.18476807999721195,-1.575855240314049,0,0.7028292217264422
12.758720000000496,2.0038234732667766,-0.2991989418245206,1.18809383266025,-0.0016621652992150583,-0.4598536450144163,0.011490727830268669,1.6824382994579339,-0.5620401497765515,1.1105927159963271,-0.06908871233574941,-0.6877442647081522,-0.0526180604853132,1.7827761500936736,-0.4028298262420392,0.9816085675111116,-0.0638561002926842,-0.5620302213091874,-0.011639511104256277,0.09000117304571391,0.09000117304571391,0.0,-0.0004938152153634275,0.22038012174125143,-0.010318067813509253,0.0002684562750457576,0.18435527298228155,-1.5758618446218462,0,0.7009126185969371
12.762880000000496,2.0038165406901003,-0.3011107063944158,1.1881415199094318,-0.0016638184023461066,-0.45882349677484224,0.011444939803639703,2.1643322307307975,-0.5357295133331577,1.2637629313163539,-0.0018988147761227526,-0.5629556772751118,-0.07050570898756026,1.9735536128062183,-0.4704512450126984,1.1225399268984835,-0.03321894127992108,-0.562630486522586,-0.040517291677682525,0.09000117304571391,0.09000117304571391,0.0,-0.00048357113419772403,0.22022828807478567,-0.010277683941676247,0.00026690606179659076,0.1839428432742304,-1.5758684223100246,0,0.6990003106218265
12.767040000000497,2.0038096014038276,-0.30301818268892783,1.1881890171308962,-0.001665428705438134,-0.4577943106828881,0.011399333151438555,1.7534313343960544,0.08673245484421055,1.005752227871459,0.0520744052490902,-0.2961512871099521,0.02507616877914727,1.8636004305400644,-0.19247268328178221,1.0641993135608199,0.008852965075417473,-0.4288304404023375,-0.008636280066777644,0.09000117304571391,0.09000117304571391,0.0,-0.00047340608040866324,0.22007409351197305,-0.010237456646875566,0.0002653647053558962,0.18353079462080207,-1.5758749735586082,0,0.6970922937756773
12.771200000000498,2.0038026555848756,-0.3049213747552363,1.1882363250773946,-0.0016669965484714866,-0.4567660959140249,0.011353907159616186,1.826220689377676,-0.5166896567556254,1.3683236388605358,0.13757031575705078,-0.45931932838899064,0.014986771693312622,1.8451973690299595,-0.35553888643261117,1.216294290398173,0.0727570023013374,-0.44403596776137577,0.003407405394756302,0.09000117304571391,0.09000117304571391,0.0,-0.0004633195502612769,0.2199175604804826,-0.01019738532682981,0.00026383216107388614,0.18311913073103947,-1.5758814985456897,0,0.6951885639949298
12.775360000000498,2.0037957034087537,-0.30682028667835437,1.1882834444987151,-0.0016685222692197012,-0.45573886154834425,0.011308661116904565,1.834060196067315,-0.5000500438750447,1.0849302964964422,-0.20211793413108328,-0.5226264015460912,-0.13628269068027316,1.8392087606837364,-0.42888273884927014,1.1503269323045338,-0.06488189162532859,-0.48322288191224017,-0.06595849496379708,0.09000117304571391,0.09000117304571391,0.0,-0.00045331104245591343,0.21975871125435686,-0.010157469381259408,0.00026230838438076034,0.18270785527556055,-1.575887997447457,0,0.6932891171782958
12.779520000000499,2.0037887450495733,-0.3087149225807345,1.1883303761416935,-0.0016700062032604802,-0.4547126165712408,0.011263594314807513,1.8186203468332043,-0.40486785238005346,1.5046000689887757,0.14703430257545483,-0.21378993608118152,-0.018340108188604286,1.8292209845497804,-0.4173202804841231,1.3274286201970675,0.04070307976440046,-0.34829473805295363,-0.04253096983138066,0.09000117304571391,0.09000117304571391,0.0,-0.00044338005899202627,0.21959756795580598,-0.010117708211916605,0.00026079333079029245,0.1822969718868325,-1.5758944704382194,0,0.6913939491871511
12.7836800000005,2.0037817806800566,-0.31060528662187653,1.1883771207502252,-0.0016714486839902595,-0.4536873698740862,0.011218706047591306,1.5335723822078977,-0.6282451708265626,1.500185868836532,0.020733230456891197,-0.47952880806936987,0.06271633409889286,1.6814388685211743,-0.5237821887663916,1.4139397494586161,0.030176363800752604,-0.41362391012284744,0.009678232667757284,0.09000117304571391,0.09000117304571391,0.0,-0.00043352610475004636,0.21943415255550947,-0.010078101223476098,0.00025928695590288453,0.18188648415944358,-1.5759009176904342,0,0.6895030558459273
12.7878400000005,2.003774810471546,-0.3124913829979386,1.1884236790652762,-0.00167285004263703,-0.45266313025490174,0.011173995612271661,1.3749726754708367,-0.3858844968654596,1.2959302326590612,-0.0206624203003901,-0.4858677827243128,0.12610908843318877,1.528161961595976,-0.4558452287490281,1.355197266901373,0.004129690389228932,-0.44865451844744036,0.06750231926042427,0.09000117304571391,0.09000117304571391,0.0,-0.00042374868750026315,0.21926848687393585,-0.010038647821858343,0.0002577892154087253,0.1814763956503736,-1.5759073393747312,0,0.6876164329424996
12.7920000000005,2.0037678345940115,-0.3143732159413512,1.1884700518248954,-0.0016742106082731905,-0.45163990641902496,0.011129462308607604,2.2330034867767865,0.5378002287053387,1.1198502888415742,-0.11874306765607452,-0.5615525491342378,0.20860345939272773,1.880339000604601,0.03981466047413615,1.2379559732462093,-0.05649410760428277,-0.5042406259758218,0.13806641685083795,0.09000117304571391,0.09000117304571391,0.0,-0.0004140473179117081,0.21910059258207681,-0.00999934741618836,0.0002563000650909092,0.18106670987926243,-1.5759137356599384,0,0.6857340762285723
12.796160000000501,2.0037608532160625,-0.3162507897204336,1.1885162397642248,-0.0016755307078284338,-0.4506177069797729,0.01108510543908725,2.057635655277703,-0.8675435729708514,1.3650537602940611,0.04810214014582627,-0.44687438521867445,0.1014178493356578,1.9690893074384928,-0.4147997381243312,1.3017161537271145,-0.004533404211849829,-0.47582711029269054,0.12000825725543465,0.09000117304571391,0.09000117304571391,0.0,-0.00040442150977498337,0.21893049120234498,-0.009960199417119696,0.0002548194608284484,0.18065743032867693,-1.5759201067131066,0,0.683855981420062
12.800320000000502,2.0037538665049537,-0.3181241086390132,1.188562243615512,-0.0016768106661035544,-0.449596540459101,0.011040924308920553,2.027597580193895,0.142304821335135,1.0732965442607738,-0.13114172992683132,-0.589427039683977,-0.03480245271407058,1.9980715723606013,-0.13747179843531612,1.1874337305297502,-0.06806513068529013,-0.5315392255171042,0.041955029036475154,0.09000117304571391,0.09000117304571391,0.0,-0.00039487077958369216,0.21875820410995483,-0.009921203238151426,0.00025334735859904316,0.180248560444376,-1.5759264526995334,0,0.6819821441974769
12.804480000000503,2.003746874626596,-0.31999317703604757,1.1886080641081205,-0.0016780508057825081,-0.44857641528825626,0.010996918226026548,2.501524727276784,-0.4579045884254617,0.9002670447555989,0.045309191261895726,-0.4682259848809589,0.12293092010476277,2.24989556218232,-0.29866614744029124,1.044103550170975,-0.011215805437831442,-0.4990137600706239,0.08268819482362204,0.09000117304571391,0.09000117304571391,0.0,-0.00038539464697077194,0.21858375253334528,-0.009882358293950733,0.0002518837144819795,0.17984010363557396,-1.5759327737827875,0,0.6801125602062943
12.808640000000503,2.003739877745565,-0.32185799928524933,1.1886537019685415,-0.0016792514474462852,-0.44755733980842766,0.010953086501027587,2.0191473115912575,-0.3649276980332614,1.1573327547612258,0.17438762083400713,-0.2617317285587137,0.0047806059639031425,2.134883093913916,-0.3323435605324206,1.1007277966364146,0.0813093250578954,-0.3795321552685344,0.044264301958358614,0.09000117304571391,0.09000117304571391,0.0,-0.0003759926345038725,0.21840715755529894,-0.009843664002739456,0.0002504284846606865,0.179432063275202,-1.5759390701247322,0,0.6782472250573351
12.812800000000504,2.0037328760251083,-0.32371857979471347,1.188699157920405,-0.0016804129095859242,-0.44653932227139204,0.010909428447233617,2.1215592976662263,-0.24489473621595098,1.1476386338181817,-0.1999112441913598,-0.6579254258793211,-0.029479735663649108,2.127806684983673,-0.28998770166487253,1.124121184681544,-0.05995228762722467,-0.5183746404507484,0.007897944168618623,0.09000117304571391,0.09000117304571391,0.0,-0.00036666426705239197,0.21822844011406417,-0.009805119783762,0.0002489816254252548,0.17902444270016843,-1.5759453418855485,0,0.6763861343271357
12.816960000000504,2.003725869627156,-0.32557492300654745,1.188744432684491,-0.001681535508612886,-0.4455223708401548,0.010865943380637053,2.103871536522879,-0.23019808732853614,1.1566809987741906,-0.3493283559757151,-0.4954955323708032,-0.021296326116296997,2.115112828014272,-0.2611234099005243,1.1403568418030432,-0.20485143250828325,-0.5067838859272544,-0.006609799199421581,0.09000117304571391,0.09000117304571391,0.0,-0.0003574090730787188,0.2180476210036253,-0.009766725059242844,0.0002475430931754009,0.1786172452116165,-1.5759515892237579,0,0.6745292835583173
12.821120000000505,2.003718858712327,-0.3274270333965041,1.1887895269787405,-0.0016826195588748004,-0.4445064935895888,0.010822630619899447,1.6727568568034414,-0.7970916199504279,0.7956821446477489,-0.06050222895612367,-0.42981368375485124,-0.06150898164973351,1.893804968009298,-0.530006617883969,0.967890425033549,-0.13223593425973665,-0.46765334011280546,-0.0346716167083045,0.09000117304571391,0.09000117304571391,0.0,-0.0003482265831508038,0.21786472087568498,-0.009728479253137495,0.00024611284442252273,0.17821047407518142,-1.5759578122962452,0,0.6726766682599522
12.825280000000506,2.003711843439941,-0.32927491547361687,1.188834441518267,-0.0016836653726650117,-0.4434916985070652,0.010779489486343385,1.9964095059476015,-0.13322947722856354,1.1501393159077984,-0.08171571938858191,-0.4958129223871731,-0.06606663218213453,1.9449375326002876,-0.3326473547763752,1.0588780092610324,-0.10675978120846073,-0.481343189089852,-0.05002099806354894,0.09000117304571391,0.09000117304571391,0.0,-0.0003391163312329577,0.21767976023935154,-0.009690381791806972,0.00024469083579249564,0.17780413252124477,-1.5759640112582805,0,0.6708282839079278
12.829440000000506,2.0037048239680235,-0.33111857377983805,1.1888791770153668,-0.0016846732602374982,-0.4424779934930845,0.010736519303941561,2.1884338810499657,0.1009312631465169,1.7382838429277592,0.03948430201944497,-0.5120298771961183,0.06032139011520974,2.066770243252889,-0.11692153463591835,1.3987102100801538,-0.03398674535903319,-0.49595584016367883,0.005593623515093063,0.09000117304571391,0.09000117304571391,0.0,-0.00033007785383982894,0.21749275946312707,-0.009652432103623425,0.00024327702402771024,0.177398223745188,-1.5759701862635407,0,0.6689841259453078
12.833600000000507,2.003697800453316,-0.3329580128896793,1.1889237341795307,-0.0016856435298182604,-0.44146538636189936,0.0106937193993075,2.442030940333118,-0.7473685194238201,0.6364750228504811,0.022556557948421478,-0.4946511804937468,-0.03985733287248207,2.254447942517959,-0.43317845722898163,1.0175034736065902,-0.004664648581422465,-0.49522733365396615,-0.016692809189884555,0.09000117304571391,0.09000117304571391,0.0,-0.00032111069004439347,0.21730373877486686,-0.009614629619216983,0.00024187136598941169,0.17699275090764371,-1.5759763374641318,0,0.6671441897826912
12.837760000000507,2.003690773051284,-0.3347932374098549,1.1889681137174544,-0.001686576487616738,-0.4404538848421374,0.010651089101685234,2.2870643467167557,0.08168281539720684,0.8291843881625076,0.037817244030493004,-0.3400831804966488,0.0985863133169219,2.2708345236311613,-0.1764521222058332,0.9235465072148407,0.01681783789196346,-0.41740509556415595,0.04149838319702907,0.09000117304571391,0.09000117304571391,0.0,-0.00031221438212779805,0.21711271826350564,-0.009576973771294843,0.00024047381866010937,0.17658771713474586,-1.5759824650106096,0,0.6653084707985678
12.841920000000508,2.0036837419161264,-0.3366242519789275,1.18901231633305,-0.0016874724378399303,-0.43944349657741594,0.010608627742939771,2.0111462303538366,-0.15019301606974444,0.872854739164117,-0.1019226031120181,-0.4237635744091265,-0.02517347112795951,2.1407766413115135,-0.16420447240166594,0.8981482281537979,-0.04258206456221254,-0.4202612320999848,0.008012966714725355,0.09000117304571391,0.09000117304571391,0.0,-0.00030338847494683656,0.21691971787923625,-0.009539463994888121,0.0002390843391454003,0.17618312551837773,-1.5759885690520001,0,0.6634769643396724
12.846080000000509,2.003676707200782,-0.33845106126695645,1.1890563427274563,-0.001688331682703875,-0.43843422912695607,0.010566334657546516,2.1345961141184056,-0.4336821999205951,1.1534734989065103,-0.03034502760683063,-0.43997758760535427,-0.11430242046867851,2.1376239791986067,-0.29986282198215125,1.0255750471052958,-0.0368304897212567,-0.42893549009261944,-0.05320549003972602,0.09000117304571391,0.09000117304571391,0.0,-0.0002946325159419467,0.21672475743470598,-0.009502099726956786,0.000237702884676068,0.17577897911641865,-1.575994649735821,0,0.6616496657213358
12.85024000000051,2.003669669056938,-0.3402736699751489,1.1891001935990504,-0.0016891545224451579,-0.437426089966191,0.010524209182582307,1.5402919963025792,-0.3812891262364405,1.1564127241258337,-0.11125528443106872,-0.3535077571664779,0.11997119671958029,1.8387219638583734,-0.34131294902817716,1.0912422046625196,-0.07382832710646609,-0.3906882513041346,0.03439743879613239,0.09000117304571391,0.09000117304571391,0.0,-0.00028594605514520267,0.21652785660616247,-0.009464880406849993,0.00023632941261019755,0.17537528095298918,-1.5760007072081013,0,0.6598265702278321
12.85440000000051,2.003662627635041,-0.34209208283551296,1.1891438696434575,-0.001689941255332448,-0.43641908648736943,0.010482250657714558,1.8314018636870961,-0.4518971507497869,1.0772311848839233,0.06906019961446956,-0.5651907304230754,-0.0037201176978252527,1.835205412954703,-0.3977828138794137,1.0842307863448617,-0.0023485852424533532,-0.4772503857343492,0.014414357538237322,0.09000117304571391,0.09000117304571391,0.0,-0.0002773286460441022,0.2163290349335869,-0.009427805475696889,0.00023496388043527097,0.17497203401869424,-1.5760067416134012,0,0.6580076731127265
12.85856000000051,2.0036555830843006,-0.34390630461051364,1.1891873715535626,-0.0016906921776816295,-0.4354132260001584,0.010440458425192973,2.2278876105424024,-0.6106936984047941,1.262986860094825,0.1289443795808995,-0.544476443433542,-0.02932763676957765,2.031817054459819,-0.5053731433492543,1.17354967911695,0.0634845392388538,-0.5104252947883633,-0.007745076451034778,0.09000117304571391,0.09000117304571391,0.0,-0.0002687798436658002,0.2161283118223789,-0.009390874377080395,0.00023360624576946205,0.17456924127086518,-1.5760127530948318,0,0.656192969599217
12.862720000000511,2.003648535552701,-0.3457163400927313,1.1892307000195201,-0.001691407583862945,-0.434408515732238,0.01039883182983838,2.00204789635952,-0.9310719787848099,1.3049870273653024,0.10720435466788251,-0.3549737948773621,0.21859292998159235,2.0171557493216086,-0.71896413363878,1.2397233751462613,0.08510109391226776,-0.4325851526063006,0.10568099967635286,0.09000117304571391,0.09000117304571391,0.0,-0.0002602992067223678,0.2159257065434942,-0.009354086556213871,0.0002322564663641439,0.17416690563379983,-1.5760187417940748,0,0.654382454880477
12.866880000000512,2.003641485187008,-0.3475221941045225,1.189273855728766,-0.0016920877663170741,-0.4334049628298956,0.010357370219035069,2.1877374455768894,0.3338938377675778,1.0563595873434184,-0.08209668887660586,-0.4550160115399939,-0.09477340644989803,2.1022767315362603,-0.1934749173052201,1.1478434504797541,0.0016575533794782622,-0.4434545448327948,0.005284748405155385,0.09000117304571391,0.09000117304571391,0.0,-0.0002518862961233652,0.21572123823497524,-0.009317441461256772,0.00023091450010512412,0.17376502999900137,-1.576024707851401,0,0.6525761241199918
12.871040000000512,2.0036344321327766,-0.3493238714976834,1.1893168393660274,-0.0016927330155650077,-0.43240257435861357,0.010316072942717603,2.432941760645247,-0.8409870461775582,0.8511807207529549,-0.07715657053852691,-0.4894329809390093,-0.1079397834941782,2.2674501535311693,-0.518253952939281,0.9992837490283382,-0.037300670073975195,-0.4662321913450841,-0.05047924562580391,0.09000117304571391,0.09000117304571391,0.0,-0.00024354067541084616,0.21551492590193289,-0.009280938541635891,0.00022958030501446346,0.1733636172254151,-1.5760306514056894,0,0.6507739724518968
12.875200000000513,2.003627376534359,-0.3511213771531153,1.1893596516133331,-0.0016933436202197323,-0.43140135730365625,0.010274939353364612,2.3639064763980193,-0.5134108738529175,1.0471307661304965,0.10375649396681533,-0.4493690713817949,0.07165604600900242,2.3158949686665653,-0.5167676953205959,1.0233573069449973,0.0331379784525811,-0.4574933847845719,0.010257429723967771,0.09000117304571391,0.09000117304571391,0.0,-0.00023526191055340097,0.21530678841845574,-0.009244577249359731,0.0002282538392521145,0.17296267013966446,-1.5760365725944454,0,0.64897599498131
12.879360000000514,2.0036203185349133,-0.352914715980493,1.1894022931500248,-0.00169391986699705,-0.43040131857064884,0.010233968805987169,1.9701195756745389,-0.21299887124047248,0.9682524613094511,-0.040463491601005264,-0.3086814332913672,-0.008658615141448493,2.1429206320167475,-0.36552421097359017,0.9957875410960817,-0.003630297370054823,-0.3826137305139678,0.00029466528729758405,0.09000117304571391,0.09000117304571391,0.0,-0.00022704957059555388,0.21509684452749078,-0.009208357038195121,0.00022693506111775527,0.1725621915362846,-1.5760424715538193,0,0.6471821867846629
12.883520000000514,2.00361325827641,-0.3547038929179353,1.1894447646527668,-0.0016944620407290999,-0.4294024649861566,0.010193160658120539,2.4000320289183175,-0.7302116317509058,1.4249163657776271,-0.00366132503097272,-0.4421466079689942,0.10603110021378404,2.2714694780338007,-0.5487915206859714,1.2105739616357756,-0.003147604969976705,-0.4117054208967891,0.053894791710337495,0.09000117304571391,0.09000117304571391,0.0,-0.00021890322681084864,0.2148851128421152,-0.009172277364126173,0.00022562392905195607,0.17216218417795504,-1.5760483484186236,0,0.64539254291003
12.887680000000515,2.003606195899642,-0.35648891293167806,1.1894870667955577,-0.0016949704243743465,-0.42840480329825803,0.010152514269814042,1.327985746318499,-0.06103673120505737,1.3941611855884855,-0.04475102116852534,-0.5661886537386218,0.12125232084190422,1.7996281235303473,-0.30608891030061475,1.3026199758374903,-0.02404002469245646,-0.48867678110631363,0.08809033994582449,0.09000117304571391,0.09000117304571391,0.0,-0.0002108224533508003,0.21467161184643757,-0.009136337685600474,0.00022432040163781558,0.17176265079573075,-1.5760542033223515,0,0.6436070583774552
12.891840000000515,2.003599131544229,-0.35826978101574936,1.1895292002497395,-0.001695445299030268,-0.4274083401771144,0.01011202900361989,1.763895164571042,-0.5045784748714457,1.232223385144698,0.17409730081654057,-0.44349882979736427,0.16504385152616796,1.7821231322301196,-0.40625863700872966,1.2677637582038956,0.07519824343455177,-0.46556618024196295,0.12690649668633947,0.09000117304571391,0.09000117304571391,0.0,-0.00020280682661148828,0.2144563598961804,-0.00910053746249083,0.0002230244376021976,0.17136359408927132,-1.5760600363971935,0,0.6418257281792753
12.896000000000516,2.0035920653486294,-0.3600465021916474,1.1895711656840087,-0.0016958869439433982,-0.42641308221553614,0.010071704224586347,2.636355122499249,-0.9755909434115717,1.1021448215338676,-0.06288990715780804,-0.5112219607042945,0.08003220350470473,2.209113037311566,-0.6919932885091142,1.1851208922577208,0.006768068046148473,-0.48782010290834155,0.10284887095910351,0.09000117304571391,0.09000117304571391,0.0,-0.00019485592566855685,0.21423937521958525,-0.009064876156981275,0.00022173599581722607,0.17096501672706904,-1.5760658477740548,0,0.640048547280442
12.900160000000517,2.003584997450144,-0.3618190815080205,1.1896129637644264,-0.0016962956365211797,-0.4254190359295455,0.010031539300247182,1.307233658339936,-0.3667278572023921,0.9524744879935176,0.009312664722848996,-0.5464956467688347,0.025745636699299315,1.7581864895532744,-0.5304963551766507,1.0688496185602274,0.00800051302311182,-0.5164985827466598,0.06429920663679145,0.09000117304571391,0.09000117304571391,0.0,-0.00018696933207126192,0.21402067591810692,-0.009029353233384878,0.00022045503530162327,0.17056692134667528,-1.5760716375825725,0,0.6382755106188419
12.904320000000517,2.0035779279849257,-0.3635875240403494,1.1896545951544288,-0.0016966716523429525,-0.42442620775893547,0.009991533600611932,1.9103476169379057,-0.33229163587903215,1.523779574641382,-0.0900807120176851,-0.5029975536447682,0.02456566011940509,1.8340820049038746,-0.4324410249990283,1.2963692501974358,-0.041635914309270244,-0.5086929474002475,0.044254963595260245,0.09000117304571391,0.09000117304571391,0.0,-0.00017914663006396827,0.2138002799677512,-0.008993968157960879,0.00021918151522193883,0.17016931055492562,-1.5760774059511315,0,0.6365066131056117
12.908480000000518,2.0035708570879875,-0.365351834890632,1.189696060514838,-0.0016970152651718618,-0.42343460406782346,0.009951686498156845,1.8371921058533904,-0.5637499716581741,1.1714913942807694,-0.08125729330902166,-0.38041424557484743,-0.08854767188994273,1.835468299786056,-0.4988889761443031,1.2337448486535874,-0.06155728124482833,-0.4439326648196556,-0.021934377881400444,0.09000117304571391,0.09000117304571391,0.0,-0.00017138740616624718,0.21357820521875814,-0.00895872039937367,0.00021791539489367262,0.16977218692816298,-1.5760831530068817,0,0.6347418496254555
12.912640000000518,2.0035637848932084,-0.36711201918707037,1.1897373605038704,-0.0016973267469650101,-0.42244423114520535,0.009911997367813997,1.5613532729780768,-0.25600331164241946,1.869836371314959,-0.1825659778837169,-0.2926263954039829,-0.10842370990122634,1.6980300539100746,-0.37805417836225536,1.5515690317983513,-0.12249508519815569,-0.3677700646486005,-0.06492776912030784,0.09000117304571391,0.09000117304571391,0.0,-0.00016369124939392835,0.21335446939785285,-0.008923609427439742,0.00021665663378251496,0.16937555301246005,-1.5760888788757532,0,0.6329812150369549
12.916800000000519,2.003556711533342,-0.36886808208375993,1.1897784957771493,-0.0016976063678845283,-0.42145509520550023,0.009872465586965565,2.4324464562883428,-0.6253387658083671,0.9045909726039368,0.0992121933022433,-0.5004564488720453,0.05605644979830345,2.065448075123204,-0.5027409563869183,1.2281926310072169,-0.010849019202794213,-0.4332300815836773,-0.0047127870428094265,0.09000117304571391,0.09000117304571391,0.0,-0.00015605775148059978,0.21312909010761305,-0.008888634715083221,0.00021540519150551585,0.16897941132383945,-1.5760945836824727,0,0.6312247041728807
12.92096000000052,2.0035496371400243,-0.3706200287603812,1.1898194669877136,-0.0016978543963095637,-0.42046720238909746,0.009833090535429998,1.9620113789488713,-0.47763695499168624,1.390990016261297,0.04285560201713695,-0.4414675490795549,0.015786494351808247,2.0138178675600047,-0.4911103077523368,1.309624853109015,0.016131644613707686,-0.43576725763081736,0.005749584985872629,0.09000117304571391,0.09000117304571391,0.0,-0.00014848650645770366,0.2129020848282429,-0.008853795736442266,0.00021416102783200622,0.16858376434849315,-1.5761002675505793,0,0.6294723118404999
12.92512000000052,2.003542561843779,-0.37236786442189324,1.189860274786028,-0.0016980710988465139,-0.4194805587628957,0.009793871595456048,2.0558858046419726,-0.6064042781424116,1.1460849331967173,-0.009617844022838891,-0.4206234923853214,-0.05427031686250924,2.0348326998798036,-0.5496357457300158,1.2277410831808322,0.0029824296879594862,-0.4268685619902209,-0.024359941646808297,0.09000117304571391,0.09000117304571391,0.0,-0.0001409771104476927,0.21267347091812117,-0.008819091968182091,0.00021292410268459593,0.168188614543,-1.5761059306024392,0,0.6277240328218817
12.92928000000052,2.0035354857740275,-0.37411159429823004,1.1899009198199935,-0.0016982567403383954,-0.4184951703208397,0.009754808151711343,1.927115698904426,-0.3150499739642328,1.0831917120792547,-0.026645311173590758,-0.48804645805230773,0.14509492493373216,1.9809165835296285,-0.43335894934896885,1.1557667114160188,-0.011136829858143916,-0.4561992889694681,0.06058165699938357,0.09000117304571391,0.09000117304571391,0.0,-0.000133529162740436,0.21244326561397653,-0.008784522888241941,0.00021169437614051962,0.16779396433454183,-1.5761115729592616,0,0.6259798618742011
12.933440000000521,2.003528409059095,-0.3758512236439986,1.189941402734957,-0.0016984115838786916,-0.4175110429844559,0.009715899591276172,1.7484404117584214,-0.03541537435578601,0.7319256047798982,0.23460103688852735,-0.26678139652839183,-0.04624350054370638,1.8651645615640569,-0.23494130920028974,0.9437476188629026,0.11184748316255676,-0.36052424130919675,0.006881775018763696,0.09000117304571391,0.09000117304571391,0.0,-0.00012614226451840684,0.21221148603272233,-0.008750087977576392,0.00021047180843209693,0.1673998161211187,-1.5761171947411134,0,0.6242397937300397
12.937600000000522,2.0035213318262164,-0.37758675773817935,1.1899817241737223,-0.0016985358908198863,-0.4165281826033799,0.009677145303630053,1.8309037418808347,0.06415383118278689,1.1801864094326964,-0.025568586498641802,-0.45480621341376604,0.14259919112200609,1.847981762872498,-0.08633897825335801,1.0622647388401447,0.042651630153691125,-0.40701079732924317,0.07498758061123187,0.09000117304571391,0.09000117304571391,0.0,-0.00011881601929079975,0.21197814917120905,-0.008715786718475303,0.00020925635994779632,0.16700617227176182,-1.5761227960669335,0,0.6225038230976847
12.941760000000523,2.0035142542015465,-0.37931820188382886,1.1900218847765582,-0.0016986299207837996,-0.41554659495588525,0.009638544680645234,1.6708792312278402,-0.7418943607080313,0.33378459489813495,-0.01660086368462032,-0.4268794596301618,0.12009836765354048,1.759394245403,-0.4150108625990661,0.6982696052049213,0.013261448868625715,-0.4161220919561782,0.09742720755191502,0.09000117304571391,0.09000117304571391,0.0,-0.00011155003332853066,0.2117432719076361,-0.00868161859502016,0.00020804799123330252,0.16661303512674586,-1.576128377054548,0,0.6207719446614263
12.945920000000523,2.0035071763101646,-0.3810455614077847,1.1900618851812106,-0.001698693931673734,-0.4145662857494051,0.009600097116578372,1.858507947678048,-0.3755023325879937,1.312682682024028,0.05780856529388202,-0.4333769320430944,-0.05725771309291519,1.809072137305873,-0.39615838269545656,1.0053617886831172,0.03548066574307209,-0.42443578699395795,0.01988302996181385,0.09000117304571391,0.09000117304571391,0.0,-0.00010434391503038676,0.21150687100200294,-0.00864758309397004,0.00020684666299205845,0.16622040699779947,-1.576133937820684,0,0.6190441530818511
12.950080000000524,2.0035000982760827,-0.38276884166037245,1.1901017260229108,-0.001698728179683974,-0.4135872606210526,0.009561802008058446,2.0069231026514545,-0.6020060238030082,0.6128836206627687,0.11382294844673597,-0.4270134587098153,0.0643006819308336,1.9082354087906197,-0.4999718779283325,0.8092538093341525,0.07481223419425949,-0.4256962331765125,0.04203733555081115,0.09000117304571391,0.09000117304571391,0.0,-9.7197275143636e-05,0.21126896309677745,-0.00861367970350857,0.00020565233608613664,0.16582829016831452,-1.576139478480984,0,0.6173204429961364
12.954240000000524,2.003493020222252,-0.3844880480151147,1.1901414079343862,-0.0016987329193102003,-0.4126095251381378,0.009523658754079947,2.060127988471837,-0.433940776736614,1.4836503235288092,-0.01465449385706284,-0.28098578253714834,-0.016117139502651166,1.98415445182795,-0.4675410578090063,1.1464214695675,0.02904057625754052,-0.3529895052281374,0.01382584718657467,0.09000117304571391,0.09000117304571391,0.0,-9.01097267711308e-05,0.21102956471809975,-0.00857990791412861,0.000204464971537003,0.16543668689355412,-1.576144999150019,0,0.6156008090183386
12.958400000000525,2.0034859422705713,-0.38620318586844254,1.1901809315458696,-0.0016987084033599311,-0.41163308479867905,0.009485666755992345,2.172065393460978,0.007471621916314675,0.9462943579760585,0.0190821733150594,-0.3586477904034818,0.18014094448182885,2.0781515586027672,-0.23077817508551196,1.0467317709765758,0.02375875309410334,-0.35543165877807903,0.09669883415761094,0.09000117304571391,0.09000117304571391,0.0,-8.308088559236433e-05,0.2107886922760267,-0.008546267217806172,0.000203284530526244,0.16504559940085886,-1.5761504999413032,0,0.6138852457396825
12.962560000000526,2.003478864541892,-0.38791426063940887,1.190220297485109,-0.001698654882963878,-0.41065794503191355,0.009447825417493052,1.9592870928139268,-0.37446583584852516,1.6610218128649523,-0.0685564323201195,-0.3403192814460487,0.008624947035120593,2.0185782054663486,-0.30333174104500354,1.3538986118784195,-0.02350217345942157,-0.3474552587761578,0.05286859698729759,0.09000117304571391,0.09000117304571391,0.0,-7.61103692291736e-05,0.2105463620655269,-0.00851275710867093,0.0002021109743960254,0.16465502988985206,-1.576155980967307,0,0.6121737477288471
12.966720000000526,2.0034717871560273,-0.38962127776940386,1.1902595063773782,-0.0016985726075846562,-0.409684111198803,0.009410134144617516,2.2620895788545337,-0.4224471711306428,1.7790058304051426,-0.08533788919029264,-0.360647654854441,0.07577806123975137,2.14015943757946,-0.36364084550718406,1.566613946377526,-0.0550612510549731,-0.3538490037367248,0.0637764047823864,0.09000117304571391,0.09000117304571391,0.0,-6.919779789380139e-05,0.21030259026704967,-0.008479377083250375,0.0002009442646499312,0.16426498053264357,-1.5761614423394699,0,0.6104663095322495
12.970880000000527,2.003464710231756,-0.3913242427218728,1.1902985588454853,-0.0016984618250281901,-0.408711588592537,0.009372592345728363,2.158660886940923,-0.3415959733124917,0.4353131650925821,0.0121677284078818,-0.5721511581182542,0.037504328194159255,2.1494352352039496,-0.35380916859573247,1.0010347488896605,-0.021275538053449478,-0.46257466346056014,0.05011240255444706,0.09000117304571391,0.09000117304571391,0.0,-6.234279375460193e-05,0.21005739294731063,-0.008446126639429598,0.00019978436295340572,0.1638754534740322,-1.5761668841682142,0,0.608762925674327
12.975040000000527,2.0034576338868333,-0.39302316098203544,1.1903374555097832,-0.0016983227814524725,-0.40774038243903254,0.009335199431508847,1.8161708112975716,0.0021722332855901305,0.9651355275091553,0.004228678377919414,-0.3539807881173521,0.16725621279098007,1.98280958421713,-0.17655263393591128,0.9834316515357165,-0.008571920286581557,-0.4080983402605612,0.10921703886128149,0.09000117304571391,0.09000117304571391,0.0,-5.554498158410158e-05,0.20981078606018544,-0.008413005277335274,0.00019863123113452998,0.163486450831707,-1.5761723065629574,0,0.6070635906578165
12.979200000000528,2.003450558237994,-0.39471803805660804,1.1903761969881788,-0.0016981557213790188,-0.40677049789742986,0.009297954814952613,1.8169879177736281,-0.3206262764541838,1.2799530887834287,0.011276754604504866,-0.39200525614476395,0.08630576335719817,1.8999206716263126,-0.24940638356811534,1.1318741061565245,0.0015311512113365476,-0.39978322336934635,0.09769188752459393,0.09000117304571391,0.09000117304571391,0.0,-4.880398833865315e-05,0.20956278544728568,-0.008380012498723138,0.00019748483118435883,0.16309797469644674,-1.576177709632125,0,0.6053682989640323
12.983360000000529,2.003443483400962,-0.39640887947352715,1.1904147838961427,-0.0016979608877025678,-0.4058019400605851,0.009260857911356038,1.8472070604807647,-0.8478103354967481,0.9928057660859166,0.0519656673530021,-0.2811710453321396,0.13116834678124922,1.8736710616017604,-0.5491987816819137,1.0626121201669703,0.02699649859040405,-0.33980807234299343,0.11426889878870246,0.09000117304571391,0.09000117304571391,0.0,-4.211944316509682e-05,0.20931340683853683,-0.008347147807648468,0.00019634512525741328,0.1627100271323187,-1.5761830934831633,0,0.6036770450531421
12.98752000000053,2.0034364094904547,-0.39809569078167534,1.190453216846719,-0.0016977385217008022,-0.40483471395556087,0.009223908138307745,2.620430502063724,-0.4173892749952257,1.109528393443072,0.11177328272340348,-0.4863315801852118,7.952015764472672e-05,2.2472870396550277,-0.4843068107722258,1.0860710810003322,0.07007802215313567,-0.4120270154725365,0.05702259985729924,0.09000117304571391,0.09000117304571391,0.0,-3.549097740742106e-05,0.20906266585286426,-0.008314410709639376,0.0001952120756721439,0.16232261017687555,-1.5761884582225512,0,0.6019898233644407
12.99168000000053,2.003429336620192,-0.39977847755060913,1.1904914964505344,-0.0016974888630440974,-0.4038688245441131,0.00918710491568161,2.1669120728475804,0.0009108702801864932,0.9199263829129765,-0.040896358934883796,-0.4850488236550371,0.007509661574507161,2.2070135757597957,-0.2427041909480633,1.0030136320032976,0.014768549768303997,-0.4481829219039165,0.03205640134302266,0.09000117304571391,0.09000117304571391,0.0,-2.8918224613423086e-05,0.2088105779995768,-0.008281800712580827,0.00019408564491141595,0.16193572584135169,-1.5761938039558123,0,0.6003066283166207
12.99584000000053,2.003422264902901,-0.40145724537028904,1.1905296233158078,-0.0016972121498052906,-0.40290427672317247,0.009150447665626012,2.372350172358164,-0.9300086056975126,0.982134488751699,-0.06132225022767502,-0.33833491961400985,-0.10451633098517718,2.2895539025318934,-0.587065149150481,0.9923570958101482,-0.022512271251257175,-0.3931627428183329,-0.03649648578247414,0.09000117304571391,0.09000117304571391,0.0,-2.240082075532189e-05,0.20855715867793567,-0.00824931732567371,0.00019296579562294987,0.1615493761108573,-1.5761991307875276,0,0.5986274543080433
13.000000000000531,2.0034151944503242,-0.4031319998508112,1.19056759804836,-0.0016969086184703667,-0.40194107532532675,0.009113935812557507,2.647864928865637,-0.20475913504154705,1.3367664604206082,-0.033527155658946046,-0.5115409067076665,0.0009030092840750219,2.4686410566806476,-0.3969740083012616,1.1645660760044332,-0.027475283918489486,-0.45207921633011855,-0.01780377453536737,0.09000117304571391,0.09000117304571391,0.0,-1.5938403808962026e-05,0.2083024231787548,-0.008216960060746563,0.0001918524906195318,0.16116356294457201,-1.5762044388213465,0,0.5969522957170053
13.004160000000532,2.0034081253732245,-0.4048027466221416,1.1906054212516233,-0.001696578503947386,-0.4009792251192966,0.009077568783148995,1.9906507190114817,-0.646415044218539,1.5087936447225767,0.030763268293533232,-0.40185737463878257,0.036371667929128715,2.2297077499451823,-0.5225338540288482,1.3367575514749002,0.0010535824704158915,-0.4261393394619835,0.00945821041877459,0.09000117304571391,0.09000117304571391,0.0,-9.530613760035198e-06,0.20804638668482878,-0.008184728431001168,0.00019074569287940736,0.16077828827593693,-1.5762097281599987,0,0.5952811469020044
13.008320000000532,2.0034010577813928,-0.40646949133385163,1.1906430935266497,-0.0016962220395754343,-0.4000187308104093,0.009041346006323095,1.6008686288823357,-0.013469193123644307,1.3587608240111626,-0.02875729487253396,-0.401173204950916,0.08897807896121512,1.9152248664190392,-0.2688334199191629,1.3479433819517486,-0.01427867994791424,-0.41316264201190334,0.04970907514709322,0.09000117304571391,0.09000117304571391,0.0,-3.177093038191775e-06,0.20778906427136223,-0.008152621951467515,0.00018964536554678913,0.1603935540128452,-1.5762149989053056,0,0.5936140022020036
13.012480000000533,2.0033939917836547,-0.40813223965485607,1.1906806154721215,-0.0016958394571353781,-0.39905959704106997,0.009005266913243664,1.9973524409031513,-0.23633830246726092,1.3529066956768294,-0.1993587177566232,-0.17673871382921255,-0.08818690242681287,1.955875760619229,-0.2529534337784394,1.3502415569086756,-0.10738030287274383,-0.29487512596687515,-0.019186599599539722,0.09000117304571391,0.09000117304571391,0.0,3.122513475852483e-06,0.20753047090704269,-0.008120640139245995,0.00018855147193197762,0.16000936203783167,-1.5762202511581913,0,0.5919508559366923
13.016640000000534,2.003386927487876,-0.4097909972731529,1.1907179876843603,-0.0016954309868606444,-0.39810182839122893,0.008969330937306287,1.9272961748223156,-0.7445209222441005,1.0417936208817593,0.1422062848042767,-0.3093592330291666,-0.14247014914224182,1.9418805345204875,-0.4993844990494668,1.19571983405358,0.01788658344714131,-0.30191280933143944,-0.08117499799767418,0.09000117304571391,0.09000117304571391,0.0,9.368559512954247e-06,0.20727062145425978,-0.008088782513536015,0.0001874639755113244,0.15962571420826122,-1.5762254850186943,0,0.5902917024067468
13.020800000000534,2.00337986500097,-0.41144576989556475,1.1907552107573358,-0.0016949968574435702,-0.39714542937884695,0.008933537514128677,2.306839917735671,-0.376492664695095,0.858097347435282,-0.13722580598727097,-0.420148723458825,-0.04212121536918793,2.124076578336759,-0.4388136185925274,1.0268197041778415,-0.05928660002026959,-0.3600617467587902,-0.06217320108349131,0.09000117304571391,0.09000117304571391,0.0,1.5561396126966606e-05,0.20700953067050265,-0.008057048594593788,0.00018638283992793847,0.15924261235651577,-1.5762307005859781,0,0.5886365358940868
13.024960000000535,2.003372804428903,-0.4130965632474829,1.1907922852826756,-0.0016945372960471157,-0.396190404460355,0.008897886081545363,1.9380437344052117,-0.553343168389866,0.9796679358465858,0.10372528674940157,-0.5849881323486811,-0.14771143043406265,2.03127560096757,-0.4972968463288839,1.0029361992820673,0.02172769873032204,-0.4720810949579391,-0.10491024661445038,0.09000117304571391,0.09000117304571391,0.0,2.170137254298198e-05,0.20674721320815626,-0.008025437905471014,0.00018530802899162575,0.15886005829017996,-1.5762358979583417,0,0.5869853506621329
13.029120000000535,2.003365745876702,-0.41474338307261255,1.190829211849674,-0.0016940525283130408,-0.3952367580311144,0.00886237607959519,1.9886516126534237,-0.44428916243886996,1.127304917114327,0.10826740164297971,-0.38570189321660264,0.08812191147544665,2.010189849228441,-0.4715960695926082,1.0653031292516206,0.0643440190755874,-0.42832606597297634,-0.007641879687918426,0.09000117304571391,0.09000117304571391,0.0,2.7788835509716045e-05,0.20648368361574165,-0.007993949970546352,0.00018423950667923283,0.15847805379222585,-1.5762410772332307,0,0.5853381409560592
13.033280000000536,2.0033586894484587,-0.41638623513272033,1.190865991045301,-0.0016935427783727748,-0.39428449442587166,0.008827006950514927,2.1966091452437304,-1.1817895599772905,0.7596548030052843,0.11567148175905036,-0.35482930755160813,0.1606860978269698,2.103641747643604,-0.8274356983866514,0.9128099637037265,0.08983491008063585,-0.3916403780452386,0.07703355638842453,0.09000117304571391,0.09000117304571391,0.0,3.3824129934246095e-05,0.20621895633835718,-0.007962584315765527,0.00018317723713453412,0.15809660062119618,-1.5762462385072473,0,0.5836949010030463
13.037440000000537,2.0033516352473386,-0.4180251252073837,1.1909026234542124,-0.0016930082688556382,-0.39333361791921095,0.008791778138731846,1.5002426147544314,-0.6942797473691746,1.3572484225050248,0.05694143382719937,-0.5113270716958177,0.00999619888328402,1.8020569232017833,-0.7619220779169702,1.1350525268977345,0.07313651238294228,-0.45063874941754334,0.04379226450633949,0.09000117304571391,0.09000117304571391,0.0,3.9807598876237874e-05,0.2059530457186025,-0.007931340469738861,0.0001821211846684468,0.15771570051138678,-1.576251381876161,0,0.5820556250125314
13.041600000000537,2.003344583375585,-0.41966005909374204,1.1909391096587576,-0.0016924492208970844,-0.39238413272600287,0.008756689090851753,2.157082070331025,-0.8824988262416278,1.4102436556137636,0.053550252944353,-0.3725784187415028,-0.032127970496910435,1.9796844204529216,-0.8229870593482665,1.272583881431388,0.06283666215062396,-0.4112234904463646,0.005505336516719562,0.09000117304571391,0.09000117304571391,0.0,4.5739582900328635e-05,0.20568596599680977,-0.007900217962057879,0.00018107131375939345,0.1573353551730271,-1.5762565074349186,0,0.5804203071764558
13.045760000000538,2.003337533934526,-0.4212910426062498,1.1909754502389895,-0.0016918658541496363,-0.3914360430018517,0.00872173925565405,2.350908060357072,-0.36292146342000126,1.2065645467519053,0.008071684675805237,-0.3088352873994503,0.1408268350414567,2.165317069586363,-0.5935943016173071,1.23986741181312,0.03476398328685531,-0.3596074529804248,0.07279969619132876,0.09000117304571391,0.09000117304571391,0.0,5.162042071086377e-05,0.20541773131186403,-0.00786921632460496,0.0001800275890531199,0.15695556629246035,-1.5762616152776543,0,0.5787889416695127
13.049920000000538,2.003330487024581,-0.4229180815764312,1.1910116457726732,-0.001691258386791174,-0.39048935284353903,0.008686928084081313,1.5122453747622262,-0.00954862480401436,1.2255440142730147,0.02103333181899107,-0.420413590990458,0.14337714617715072,1.8388193300776967,-0.30244299978024297,1.2330050410258813,0.02841449114866354,-0.38944145939575975,0.10750309158558982,0.09000117304571391,0.09000117304571391,0.0,5.745044893217975e-05,0.2051483557021333,-0.007838335090725318,0.00017898997536281312,0.15657633553232192,-1.5762667054976993,0,0.5771615226493908
13.054080000000539,2.0033234427452666,-0.4245411818526373,1.191047696835295,-0.001690627035534135,-0.3895440662894635,0.008652255029232338,1.8832613413370034,-0.0969566168244046,1.713824129326348,-0.0717514341887744,-0.1902452681296703,-0.04838761590668599,1.8608912293161024,-0.20009637802125602,1.4733179809207346,-0.02157720405720321,-0.28874874778936266,0.029242642134985328,0.09000117304571391,0.09000117304571391,0.0,6.323000210238213e-05,0.2048778531055443,-0.0078075737961096695,0.00017795843766912152,0.15619766453171674,-1.576271778187592,0,0.5755380442570182
13.05824000000054,2.0033164011952014,-0.4261603492998043,1.1910836040000714,-0.0016899720156347351,-0.3886001873200795,0.008617719546351498,2.3089067827814387,0.23719643449064431,1.0263990980927147,-0.023734448092198334,-0.4166800552332897,-0.08128460185695117,2.0848541604116764,0.017686212125618,1.249685970038979,-0.02332229292165077,-0.35261308938878133,-0.025834769579504608,0.09000117304571391,0.09000117304571391,0.0,6.895941309502948e-05,0.20460623736089,-0.007776931977537836,0.00017693294112013265,0.1558195549063956,-1.5762768334390869,0,0.5739185006168016
13.06240000000054,2.0033093624721143,-0.427775589799214,1.1911193678379581,-0.0016892935409004298,-0.387657719858331,0.008583321092823342,1.866914288896446,-0.6920981434648525,1.0712523537997156,0.04493086518190527,-0.4618609693979282,0.0767819546016414,1.9759759865332185,-0.33817289469455425,1.1606280657417951,0.010880690251411184,-0.40660257119765103,0.02525152486780877,0.09000117304571391,0.09000117304571391,0.0,7.46390120440585e-05,0.20433352220769596,-0.0077464091741884095,0.00017591345103161655,0.15544200824893015,-1.5762818713431648,0,0.5723028858368677
13.06656000000054,2.003302326672849,-0.429386909248256,1.1911549889176587,-0.0016885918237018512,-0.38671666777008457,0.008549059128161772,2.1225627087957952,-1.0741399801162261,1.0793085775464641,-0.06134016178178313,-0.24263102041911963,-0.06794316050535316,2.0491408881539686,-0.7066656799055373,1.119826684935346,-0.024311764370372975,-0.3249027501561777,-0.021461082642008873,0.09000117304571391,0.09000117304571391,0.0,8.026912783387673e-05,0.20405972128774497,-0.007716004926596576,0.00017489993288653417,0.15506502612888695,-1.5762868919900415,0,0.5706911940092986
13.070720000000541,2.0032952938933697,-0.4309943135601917,1.1911904678056338,-0.0016878670749785323,-0.3857770348645569,0.008514933114003498,1.9411690520324791,-0.5841182861704134,1.0212832799936207,-0.15713794414884658,-0.3258707317452713,0.026027294115210244,1.9948276297706409,-0.6460705717486452,1.0706080796920967,-0.0908401984133412,-0.3245958944930365,0.00244798998815009,0.09000117304571391,0.09000117304571391,0.0,8.585008702517629e-05,0.20378484814462583,-0.007685718777536071,0.0001738923523353906,0.15468861009299992,-1.5762918954691774,0,0.5690834192103691
13.074880000000542,2.0032882642287686,-0.4325978086639198,1.191225805066109,-0.0016871195042491027,-0.3848388248947433,0.008480942514097872,1.8995142570979537,0.002627026347494732,1.22964439845599,0.0719098406015159,-0.35728672107808335,-0.05023573199018831,1.9473198981434912,-0.32246208344599947,1.1500220546877589,-0.009500254572408353,-0.34011985986129384,-0.02350180006952953,0.09000117304571391,0.09000117304571391,0.0,9.13822140622242e-05,0.20350891622547584,-0.00765555027076216,0.00017289067519607622,0.15431276166534239,-1.5762968818692864,0,0.5674795555007792
13.079040000000543,2.0032812377732703,-0.4341974005037441,1.1912610012610854,-0.0016863493196206188,-0.3839020415578389,0.00844708679430194,1.942053521440298,-0.5893278435294987,1.0296475249848693,-0.085486700364895,-0.2555273137345222,0.018223120256157445,1.9445081308509,-0.456429720007516,1.0898711331987863,-0.04713652597986045,-0.2971559447674673,-0.0022968272168592467,0.09000117304571391,0.09000117304571391,0.0,9.686583169453986e-05,0.20323193888085378,-0.007625498952748978,0.00017189486745359367,0.15393748234749727,-1.5763018512783447,0,0.5658795969258867
13.083200000000543,2.003274214620238,-0.4357930950391427,1.1912960569503461,-0.0016855567277961317,-0.38296668849566023,0.008413365422568259,2.0005698060662476,-0.38071193056079466,1.2615125356553145,0.0008986409303115481,-0.24921319102598777,0.0036875007312453262,1.9725398783116308,-0.4190906727156249,1.1757007180850447,-0.022472123715505055,-0.2722158233937793,0.0006888445588350078,0.09000117304571391,0.09000117304571391,0.0,0.00010230126075761771,0.20295392936536372,-0.0075955643710054754,0.00017090489526012557,0.15356277361872644,-1.5763068037835997,0,0.564283537515938
13.087360000000544,2.003267194862179,-0.4373848982445388,1.1913309726914667,-0.0016847419340831654,-0.38203276929506375,0.008379777868939746,1.7828099152991144,-0.5474946593203536,1.0085296071968521,0.05522200624710621,-0.45358776589114036,-0.056769479096671654,1.8777887161922382,-0.4842361604210297,1.0919968827113573,0.01623203933541172,-0.3633005599924792,-0.028502433504459558,0.09000117304571391,0.09000117304571391,0.0,0.00010768881995320721,0.20267490083881368,-0.007565746074956067,0.0001699207249349781,0.15318863693613932,-1.5763117394715784,0,0.5626913712862954
13.091520000000544,2.0032601785907524,-0.4389728161090736,1.191365749039823,-0.0016839051424031078,-0.38110028748835967,0.00834632360554085,1.9125846913167417,-0.4804344487519065,1.4920107816954364,0.04923185465025517,-0.2936416225033214,0.05274014733259622,1.8952888557204575,-0.48294729866590175,1.2921163726675442,0.0329665722639066,-0.3278722636838379,0.012092789253668605,0.09000117304571391,0.09000117304571391,0.0,0.00011302882584309296,0.20239486636620196,-0.007536043615967304,0.00016894232296437074,0.1528150737348595,-1.5763166584280968,0,0.5611030922376656
13.095680000000545,2.003253165896772,-0.44055685463638083,1.1914003865486005,-0.0016830465553006237,-0.38016924655372525,0.008313002106568596,2.080609694580167,-0.4683928731557483,1.5389954606754563,-0.050424819705441146,-0.1951319481219434,-0.20482849868873887,1.9878469495634188,-0.47607543019281323,1.415130855958791,-0.009329541827749706,-0.2617138238323782,-0.09599289806274608,0.09000117304571391,0.09000117304571391,0.0,0.00011832159391262287,0.20211383891871904,-0.0075064565471603326,0.00016796965600103612,0.1524420854281912,-1.5763215607382672,0,0.5595186943563235
13.099840000000546,2.0032461568702136,-0.44213701984436254,1.1914348857688017,-0.0016821663739486313,-0.3792396499156139,0.008279812848284444,1.8327530024902996,-0.5647720584373708,1.4791863940140613,-0.053019481960409814,-0.382806137919746,0.2155011094467693,1.9101901668159633,-0.5212217405854997,1.4476070533164658,-0.0319194357478269,-0.3216992721725758,0.05985723483151734,0.09000117304571391,0.09000117304571391,0.0,0.00012356743664117178,0.20183183137405747,-0.007476984423008516,0.0001670026908645846,0.152069673407784,-1.576326446486507,0,0.5579381716143362
13.104000000000546,2.003239151600221,-0.44371331776496736,1.1914692472492558,-0.0016812647981613172,-0.37831150094516264,0.00824675530900781,2.082925882314585,-0.4952603175924756,1.7218250118982206,-0.051220974473495495,-0.3225751307724661,-0.020230294521558,1.9964538009669135,-0.5089129009571483,1.584673327900395,-0.042100690535782664,-0.3216050261997629,0.021042383939404316,0.09000117304571391,0.09000117304571391,0.0,0.00012876666541968788,0.2015488565172575,-0.007447626799790462,0.0001660413945407544,0.15169783904379672,-1.576331315756547,0,0.5563615179697853
13.108160000000547,2.003232150175111,-0.44528575444396984,1.191503471536627,-0.0016803420263991574,-0.3773848029605961,0.008213828969107715,2.3437178957573517,-0.5672253892779375,0.9355133653119794,0.10342389757915976,-0.2692346159185735,0.04881208282104969,2.1703031887597026,-0.5386292771879445,1.2601916171378587,0.030752437522177514,-0.2955559479692918,0.034307431992394236,0.09000117304571391,0.09000117304571391,0.0,0.00013391958926300138,0.2012649270413408,-0.007418383236044317,0.00016508573418152434,0.1513265836850603,-1.5763361686314394,0,0.5547887273669853
13.112320000000548,2.0032251526823788,-0.44685433594075163,1.191537559175423,-0.0016793982557792993,-0.3764595592276273,0.0081810333109925,1.6575432277003141,-0.7208736763279402,1.054901810992299,0.11971215724131434,-0.5408138672636343,0.055235282452089925,1.9141693253900378,-0.6308787377299243,1.157659543128673,0.07488646587427042,-0.41763614822450845,0.04506919677147616,0.09000117304571391,0.09000117304571391,0.0,0.0001390265158729082,0.20098005554735754,-0.007389253291524206,0.00016413567710466106,0.1509559086592393,-1.5763410051935653,0,0.5532197937367037
13.116480000000548,2.0032181592087035,-0.44841906832808437,1.1915715107080025,-0.001678433682081511,-0.3755357729598582,0.008148367819103955,2.190142115551538,-0.09714411912704629,1.2534972442660475,0.1343030373180903,-0.38670686278514727,-0.022156573859514337,2.05243640151442,-0.3648141438491817,1.205532976281572,0.10487775959183705,-0.40115833882602964,0.01146206065148582,0.09000117304571391,0.09000117304571391,0.0,0.0001440877505639853,0.20069425454577206,-0.007360236527438439,0.00016319119079384663,0.15058581527299264,-1.5763458255246432,0,0.551654710996377
13.120640000000549,2.0032111698399544,-0.44997995769191423,1.1916053266745854,-0.0016774484997586047,-0.37461344731917423,0.008115831979910414,2.2169852993648806,-0.827640997467606,1.1252002581334901,-0.019093711349757125,-0.5111808784813792,0.14166829865180244,2.134670983209345,-0.5972950525072422,1.1656603979922333,0.04352711113426569,-0.4556808280960612,0.07671217045545271,0.09000117304571391,0.09000117304571391,0.0,0.00014910359711272367,0.20040753645624576,-0.007331332507330791,0.00016225224289817346,0.1502163048121331,-1.5763506297057364,0,0.5500934730503262
13.12480000000055,2.0032041846611963,-0.45153701013114816,1.19163900761326,-0.0016764429019433158,-0.37369258541613964,0.00808342528189618,2.6946633895465304,-0.5994546814833364,0.6996030527503347,-0.1103007739203521,-0.44361739963882385,0.1466331017866682,2.4144415113458844,-0.5992990339233053,0.9329328253466377,-0.033294681808216264,-0.44895722099647384,0.11197175208079539,0.09000117304571391,0.09000117304571391,0.0,0.0001540743571107981,0.20011991360902603,-0.007302540796036983,0.00016131880123197565,0.14984737854178595,-1.5763554178172603,0,0.548536073789969
13.12896000000055,2.0031972037566943,-0.45309023175744145,1.1916725540599915,-0.001675417080457875,-0.37277319031038664,0.008051147215555339,2.1568265973240894,-0.5651008289489902,1.61968225245303,-0.003806794917795953,-0.4840761656532023,0.026452927590869913,2.2856251471491973,-0.583208896002089,1.2763677600531196,-0.01894378355622513,-0.46538951034692305,0.06902821117029811,0.09000117304571391,0.09000117304571391,0.0,0.0001590003308146442,0.19983139824457274,-0.007273860960351167,0.00016039083377436232,0.14947903770654616,-1.5763601899389907,0,0.5469825070940337
13.13312000000055,2.0031902272099202,-0.4546396286949873,1.1917059665486307,-0.001674371225820037,-0.371855265011006,0.008018997273382737,2.023880087753144,-0.2565049583786353,1.1287756269255484,-0.0461414082130524,-0.5420880044759837,0.07288778749409829,2.1546549709856992,-0.4209836622918219,1.2027204753121523,-0.03261676911847226,-0.5030155078389574,0.07181839352566907,0.09000117304571391,0.09000117304571391,0.0,0.00016388181607127333,0.1995420025151099,-0.007245292568195227,0.00015946830866918972,0.14911128353063519,-1.5763649461500704,0,0.5454327668287675
13.137280000000551,2.003183255103557,-0.45618520708030785,1.191739245610922,-0.0016733055272535814,-0.370938812476931,0.007986974949868492,2.099413637500401,-0.16631627741962118,1.66092749304966,0.13652366312144562,-0.4027806360848482,-0.06282850168884145,2.1273167188355586,-0.2944860972119413,1.431696624649106,0.052502367579567354,-0.45283842404150276,0.004447964981671277,0.09000117304571391,0.09000117304571391,0.0,0.00016871910959530409,0.19925173848441613,-0.007216835189712938,0.00015855119422444487,0.14874411721805592,-1.5763696865290169,0,0.543886846848146
13.141440000000552,2.003176287519504,-0.4577269730620467,1.1917723917765115,-0.0016722201726934892,-0.37002383561732194,0.00795507974148788,1.6152133441622785,-0.454399716286351,1.360001366764497,-0.048892974588458135,-0.4379170625348354,-0.09014866641113972,1.8711602968757817,-0.37535625414661034,1.3956629627331982,0.0015492355826442184,-0.4447181901195741,-0.043794102897969624,0.09000117304571391,0.09000117304571391,0.0,0.00017351250589522308,0.19896061812879173,-0.00718848839643995,0.000157639458912281,0.14837753995274733,-1.5763744111537292,0,0.5423447409940803
13.145600000000552,2.003169324538884,-0.45926493280076314,1.1918054055729561,-0.0016711153487955891,-0.36911033729194664,0.007923311146694714,1.7504328628091115,-0.5898671178652822,0.6597584251592586,0.0008050213192957803,-0.2946460829783958,-0.027817846931117843,1.8107976058471373,-0.4832264059145347,1.0276483289006626,0.0010827528876465793,-0.3695169090703,-0.036117016352108476,0.09000117304571391,0.09000117304571391,0.0,0.00017826229769506282,0.1986686533375469,-0.007160251761756081,0.00015673307136858822,0.1480115528987378,-1.5763791201014958,0,0.5408064430966218
13.149760000000553,2.0031623662420466,-0.46079909246872797,1.1918382875257307,-0.0016699912409444463,-0.3681983203115584,0.007891668665912881,1.6838322316512793,-0.6129712297586698,1.5596017277248737,0.03837830741374656,-0.3971819293689802,0.05146116643473314,1.7473938642399875,-0.5489271908477025,1.293735255688324,0.019724216588302014,-0.382704157489905,0.00792260782255312,0.09000117304571391,0.09000117304571391,0.0,0.00018296877592907483,0.19837585591333096,-0.007132124860482314,0.0001558320003925461,0.14764615720029717,-1.5763838134490007,0,0.539271946974167
13.153920000000554,2.0031554127085744,-0.46232945824972077,1.1918710381582371,-0.001668848033261266,-0.36728778743827273,0.007860151801529465,2.043873580200505,-0.48004343423416374,1.1880158040142583,-0.2620188170430498,-0.077288666071883,0.17877057051824774,1.8950903120804024,-0.5146482530986557,1.2412461184501908,-0.1208921028687889,-0.22873481434609438,0.09358050542767964,0.09000117304571391,0.09000117304571391,0.0,0.00018763222995034703,0.19808223757321097,-0.00710410726933311,0.00015493621494623875,0.14728135398208847,-1.5763884912723307,0,0.5377412464336588
13.158080000000554,2.0031484640172885,-0.4638560363388288,1.1919036579918116,-0.0016676859086109284,-0.366378741385939,0.00782876005788607,1.7575310274481128,-0.9003551201288376,1.3281301036082007,0.13534231130997013,-0.3968853199255144,0.025642796911067453,1.8265910471220776,-0.7083299043714495,1.2847416355791428,0.007289556016526591,-0.3127950435623079,0.0598178015493902,0.09000117304571391,0.09000117304571391,0.0,0.00019225294709802367,0.19778780994847078,-0.007076198566299201,0.00015404568415439943,0.1469171443493178,-1.5763931536469822,0,0.5362143352707879
13.162240000000555,2.0031415202462526,-0.46537883294224763,1.1919361475457335,-0.0016665050486108209,-0.3654711848205131,0.007797492941272684,1.658412803012734,-0.2041215465209138,1.2289648357272058,0.0857486503707345,-0.40718370317317004,0.017442003171239676,1.7426790225870947,-0.45707066150783715,1.2568882754537423,0.04655271881773901,-0.3592457272056249,0.03904073007352751,0.09000117304571391,0.09000117304571391,0.0,0.00019683121333337675,0.19749258458590535,-0.0070483983313134185,0.00015316037730390508,0.1465535293878839,-1.5763978006478678,0,0.5346912072701915
13.166400000000555,2.003134581472779,-0.46689785427708275,1.1919685073372333,-0.0016653056336370176,-0.3645651203604243,0.007766349959918786,1.9793222065261906,-0.5559109708366925,1.311443722232677,0.017631654096583103,-0.5054482279360005,0.16629481400637305,1.8610383162978734,-0.507543178657941,1.2845127664227503,0.03239575952022829,-0.4321677655625201,0.10242043340177374,0.09000117304571391,0.09000117304571391,0.0,0.00020136731259351925,0.1971965729477837,-0.007020706146061859,0.00015228026384360059,0.14619051016452644,-1.576402432349323,0,0.5331718562056517
13.170560000000556,2.0031276477734337,-0.4684131065711533,1.1920007378814998,-0.0016640878428331497,-0.36366055057694213,0.007735330623985207,1.9737173359988323,-0.0038478823483281133,1.423874675403836,-0.10891769005331965,-0.44702199088953326,-0.21675805927490868,1.9171512753917204,-0.2566229762199463,1.3537426210156387,-0.03787032906477139,-0.4390276986124631,-0.05655954189614941,0.09000117304571391,0.09000117304571391,0.0,0.00020586152721352923,0.19689978641277273,-0.006993121593151817,0.00015140531338377733,0.14582808772697325,-1.5764070488251127,0,0.5316562758402906
13.174720000000557,2.0031207192240417,-0.46992459606279724,1.1920328396916897,-0.0016628518541175119,-0.3627574779945392,0.0077044344455595,1.849301976716537,-0.9822153125071164,0.926222422557299,0.07923966116786131,-0.24329737009371502,-0.11330667930525652,1.883390093534148,-0.6199304748407201,1.1397442664417712,0.021097392371444635,-0.3410780708394432,-0.08512701538377125,0.09000117304571391,0.09000117304571391,0.0,0.00021031413749366843,0.19660223627622264,-0.0069656442576329775,0.00015053549569582215,0.14546626310408672,-1.5764116501484375,0,0.5301444599267658
13.178880000000557,2.003113795899691,-0.47143232900067744,1.192064813278934,-0.00166159784419197,-0.36185590509125276,0.007673660938644954,1.4534594210042127,-1.2955762985802677,0.9096370069685945,-0.058851267539266644,-0.45331848158593524,-0.030080858091191272,1.6682984128446325,-0.9587026275445973,1.02462601518272,-0.01842605295751607,-0.39641032636866813,-0.057393947669718136,0.09000117304571391,0.09000117304571391,0.0,0.00021472542276335148,0.19630393375077448,-0.006938273725524871,0.00014967078071152128,0.14510503730600927,-1.57641623639194,0,0.5286364022074636
13.183040000000558,2.0031068778747385,-0.4729363116435901,1.1920966591523472,-0.001660325988546432,-0.3609558342990432,0.007643009619155753,1.9833181863258251,0.2356190291327656,1.2523115674039798,0.13975824508791915,-0.3891162860363046,0.1619682663262003,1.82610024443407,-0.3623434421465098,1.1388066481169474,0.06111400955500641,-0.39245140069207235,0.052573973619804905,0.09000117304571391,0.09000117304571391,0.0,0.0002190956600939013,0.1960048899669684,-0.006911009585123869,0.0001488111385231671,0.14474441132430774,-1.5764208076277118,0,0.5271320964146895
13.187200000000558,2.0030999652228156,-0.4744365502602741,1.1921283778190344,-0.0016590364614686795,-0.3600572680041504,0.007612480004906692,1.8659042836056077,-0.10197537448584876,1.1196429960156544,0.02773547405260495,-0.22810682526051146,-0.012016046976585194,1.8460609762928921,-0.23263402940949007,1.129200650175799,0.04406876621754274,-0.3093339847536961,0.019823783758221594,0.09000117304571391,0.09000117304571391,0.0,0.00022342512472022956,0.1957051159737474,-0.006883851425529969,0.0001479565393828434,0.14438438613211685,-1.576425363927298,0,0.5256315362708595
13.191360000000559,2.003093058016832,-0.4759330511292218,1.1921599697840994,-0.0016577294360524389,-0.35916020854744724,0.0075820716156090266,2.174117696687701,-0.6783335877918881,1.6434354102890079,-0.02436663650192741,-0.2712237304280561,-0.15200618553523754,2.0100405610022483,-0.4560531213030422,1.3860053289480694,0.010042569597459305,-0.28929247240145967,-0.06601712243281636,0.09000117304571391,0.09000117304571391,0.0,0.00022771409067735317,0.19540462273869463,-0.006856798837953149,0.000147106953701772,0.14402496268428164,-1.5764299053617052,0,0.5241347154886886
13.19552000000056,2.003086156328981,-0.47742582053849175,1.192191435550653,-0.0016564050842027974,-0.3582646582247922,0.00755178397286087,1.9076726820238776,-0.13129363813118977,1.1074769960462805,-0.046842262625715204,-0.323460292445997,0.012341806471220197,1.9587579056662627,-0.29434487019049055,1.2467659849264177,-0.01812261649640242,-0.30590538863741046,-0.027371992178643,0.09000117304571391,0.09000117304571391,0.0,0.00023196283015455236,0.19510342114907442,-0.006829851415096146,0.00014626235205013674,0.14366614191749924,-1.5764344320014063,0,0.5226416277713775
13.19968000000056,2.003079260230745,-0.4789148647855225,1.1922227756198203,-0.0016550635766443074,-0.3573706192873775,0.007521616600140193,2.0904964097453327,-0.7723233933157287,1.0906487648138963,0.21908155793728404,-0.3618905057353584,-0.03789945782513947,2.0250843823689495,-0.5340902366351765,1.1686271135098574,0.10016638344103075,-0.3338758445218447,-0.03247196898612331,0.09000117304571391,0.09000117304571391,0.0,0.00023617161349003988,0.19480152201180556,-0.006803008750963627,0.0001454227051565815,0.14330792475045928,-1.5764389439163464,0,0.5211522668127988
13.203840000000561,2.0030723697928994,-0.4804001901769478,1.1922539904907485,-0.0016537050829291083,-0.3564780939420771,0.007491569022798616,2.074766825133304,-1.0520221851368414,1.3083209331699295,-0.01675887648306466,-0.32107261282708094,0.15955366900303095,2.049890715811537,-0.7937291137416578,1.2388057035856996,0.04189280778740088,-0.32677449392829067,0.06408837568216322,0.09000117304571391,0.09000117304571391,0.0,0.0002403407098074792,0.19449893605450475,-0.006776270441741495,0.0001445879839076033,0.14295031208398384,-1.5764434411759494,0,0.5196666262976811
13.208000000000562,2.0030654850855183,-0.4818818030284136,1.1922850806606153,-0.0016523297714423962,-0.35558708435178993,0.007461640768051521,2.2040530116697052,-0.17522341997054802,1.8132195487125276,0.11429657977200373,-0.583364778258986,0.07524666506946198,2.127209745258266,-0.4856856568613436,1.5261729840406966,0.07853761921266979,-0.4548915432833811,0.06974971926386822,0.09000117304571391,0.09000117304571391,0.0,0.0002444703861561935,0.19419567392540993,-0.0067496360845371965,0.00014375815934733298,0.14259330480116592,-1.576447923849123,0,0.5181846999017922
13.212160000000562,2.003058606177979,-0.483359709664396,1.192316046624636,-0.0016509378094114696,-0.3546975926357838,0.007431831364973424,2.0784197305982106,0.09885557077183071,1.417825882993526,-0.1226291359135803,-0.4436302811343776,0.04128326523483904,2.1025596973379512,-0.1943354122566048,1.4720859524342143,-0.022208800071809684,-0.4484338902244242,0.054840773176244494,0.09000117304571391,0.09000117304571391,0.0,0.00024856090814723763,0.19389174619442595,-0.006723105278471874,0.0001429332026768068,0.14223690376750753,-1.5764523920042643,0,0.5167064812921199
13.216320000000563,2.003051733138967,-0.48483391641802115,1.1923468888760715,-0.0016495293629121245,-0.3538096208700343,0.0074021403444888,1.807999759254925,-0.11894815633170536,1.0848991372547712,-0.0846207322629225,0.005255191630684386,-0.16517615546020895,1.955102236113899,-0.15663149267687107,1.278146389242201,-0.05368853126152321,-0.22105746031067935,-0.0552090658301953,0.09000117304571391,0.09000117304571391,0.0,0.0002526125399489559,0.19358716335315806,-0.006696677623848353,0.0001421130852535211,0.14188110983105653,-1.5764568457092663,0,0.5152319641270533
13.220480000000563,2.00304486603648,-0.486304429630886,1.1923776079062356,-0.0016481045968750633,-0.35292317108756355,0.0073725672393663635,1.8253503957974517,-0.3739530608825047,0.7973724830790387,-0.1436526165303318,-0.4791390806510534,-0.04376233366209924,1.889926639402058,-0.2662905486265562,1.0376655277882267,-0.09867666672308124,-0.3500068402883072,-0.049717338346095166,0.09000117304571391,0.09000117304571391,0.0,0.000256625543854647,0.19328193581596043,-0.006670352722601441,0.00014129777859113647,0.14152592382254275,-1.5764612850315225,0,0.5137611420565598
13.224640000000564,2.003038004937834,-0.4877712556528809,1.1924082042045032,-0.0016466636750941035,-0.35203824527877453,0.007343111584211519,2.210340009508631,-0.7622209096009909,1.4210945861155095,-0.017984641722733063,-0.2527526737960386,-0.15880501152840318,2.0500982053167482,-0.5147848878866264,1.2290524855830025,-0.058358082685385136,-0.3014002598355243,-0.10428082928906023,0.09000117304571391,0.09000117304571391,0.0,0.00026060018049118205,0.19297607391959792,-0.0066441301785354345,0.0001404872543587771,0.1411713465555129,-1.5764657100379327,0,0.5122940087223636
13.228800000000565,2.003031149909666,-0.4892344008420133,1.1924386782583176,-0.0016452067602335126,-0.35115484539178643,0.007313772915457767,2.161194676481839,-0.34111138213970416,1.2784166805753192,-0.03294987267493713,-0.20336323239050122,-0.057657334977955894,2.1055771240010923,-0.4283723388394061,1.2536145897507012,-0.044905728735415394,-0.25121982455828956,-0.08077339539181022,0.09000117304571391,0.09000117304571391,0.0,0.00026453670945596327,0.1926695879249396,-0.0066180095964913956,0.0001396814843804115,0.14081737882646517,-1.5764701207949081,0,0.5108305577581213
13.232960000000565,2.0030243010179416,-0.49069387156423316,1.1924690305531982,-0.001643734013832688,-0.35027297333276297,0.00728455077136162,2.0955912625470887,-0.8011251145395621,2.0090074699758294,-0.10760599237639865,-0.3944029715989483,-0.02927058929125416,2.100361157973202,-0.6155723477775416,1.631255109007773,-0.07666147707033391,-0.3224819712196728,-0.05486914416089218,0.09000117304571391,0.09000117304571391,0.0,0.00026843538802968393,0.1923624880160879,-0.006591990583225172,0.00013888044063472838,0.1404640214149821,-1.576474517368377,0,0.5093707827895958
13.237120000000566,2.0030174583279567,-0.49214967419325917,1.192499261572748,-0.0016422455963161957,-0.3493926309662441,0.0072554446919938535,2.0434962310581595,-0.7096624588122948,1.5010281529352771,0.16588564080619114,-0.29411530017630744,0.09588189151507688,2.072273145426993,-0.6632300894224802,1.566340122134546,0.0446871899577131,-0.30816751351794375,0.02051072850246763,0.09000117304571391,0.09000117304571391,0.0,0.0002722964724537996,0.19205478430191503,-0.006566072747003025,0.00013808409525422173,0.1401112750838634,-1.5764788998237897,0,0.5079146774348304
13.241280000000566,2.003010621904344,-0.49360181511040696,1.1925293717986616,-0.0016407416669984838,-0.3485138201154711,0.007226454219232422,1.1931242059443656,-0.23081264005618507,1.4980079810628797,0.041912088146064785,-0.3377915261154486,-0.09783906656092713,1.6327812284428458,-0.4477229264529062,1.5319695826870043,0.042564776458645384,-0.3220202731664595,-0.03842177969273533,0.09000117304571391,0.09000117304571391,0.0,0.00027612021707118127,0.1917464868160499,-0.006540255697410111,0.00013729242052486988,0.13975914057925737,-1.576483268226124,0,0.5064622353043197
13.245440000000567,2.0030037918110772,-0.49505030070441824,1.1925593617107315,-0.001639222384092175,-0.3476365425627116,0.007197578896756219,1.8417985699087502,0.15982175697887413,1.363995269998303,-0.06151670715848191,-0.3756636532398564,-0.11364933393753648,1.7371645772647268,-0.14472962167522005,1.4477432761530202,-0.010031141181260165,-0.34791591857180204,-0.07526742048338173,0.09000117304571391,0.09000117304571391,0.0,0.00027990687496263307,0.19143760551756228,-0.0065145390455866245,0.00013650538888544062,0.13940761863079165,-1.5764876226398898,0,0.5050134500011801
13.249600000000568,2.002996968111474,-0.49649513737129153,1.1925892317868567,-0.0016376879047137023,-0.3467608000495816,0.007168818270037819,1.940257100493944,-0.3310673415751344,1.199720493669599,0.07804046052520262,-0.36373062331281836,0.06183276100303302,1.8388740105499837,-0.23865672774919772,1.3238592531964928,0.034273751707181346,-0.35563323215559456,-0.006963385692965783,0.09000117304571391,0.09000117304571391,0.0,0.0002836566977289473,0.19112815029116625,-0.006488922404036299,0.00013572297292708616,0.13905670995170294,-1.576491963129134,0,0.5035683151213196
13.253760000000568,2.0029901508682038,-0.4979363315141139,1.1926189825030498,-0.0016361383848898503,-0.3458865942773665,0.007140171886337017,1.7508568118600016,-0.9400870633015997,1.5796712428017652,-0.11779572938089902,-0.31301476981902676,0.018913849647533364,1.7946213348936628,-0.5900294918407272,1.451805203226422,-0.04249716946048361,-0.3335446668289452,0.006538593928752674,0.09000117304571391,0.09000117304571391,0.0,0.00028736993484461534,0.19081813094790645,-0.0064634053870767025,0.00013494514539297487,0.138706415238966,-1.5764962897574466,0,0.5021268242536049
13.257920000000569,2.002983340143289,-0.49937388954289447,1.1926486143334443,-0.001634573979566989,-0.3450139269073392,0.0071116392946925545,1.889689102916163,-0.9364004490322364,1.6524321199388976,-0.046062231430792556,-0.30417357112570487,0.031213505037566553,1.8420599741553898,-0.763850544091607,1.5521844642450322,-0.04423048247537243,-0.3186312756894231,0.019126623431001192,0.09000117304571391,0.09000117304571391,0.0,0.0002910468349357491,0.1905075572258994,-0.00643798761043423,0.00013417187917725713,0.13835673517342195,-1.5765006025879638,0,0.5006889709800277
13.26208000000057,2.0029765359981115,-0.500807817874399,1.1926781277503022,-0.0016329948426149759,-0.3441427995610745,0.007083220045915447,1.710128561685334,-0.47567393686226966,1.089758396166485,-0.21564787062759785,-0.32518228136376515,-0.022918766215992797,1.7756453465308832,-0.6204366524146269,1.320921244510441,-0.13018934658387607,-0.3218781003989599,-0.0022398201293702793,0.09000117304571391,0.09000117304571391,0.0,0.00029468764492117513,0.19019643879000658,-0.006412668691266086,0.00013340314732489538,0.1380076704199052,-1.5765049016833743,0,0.4992547488758702
13.26624000000057,2.0029697384934164,-0.5022381229319856,1.1927075232240214,-0.0016314011268346372,-0.3432732138207655,0.007054913692582273,1.273524678898734,-0.4756336065125446,0.9023966409010749,-0.028214695054224095,-0.47519678528464077,-0.022915137617585485,1.5245215891279587,-0.5490241480745556,1.1116098004562132,-0.0786198761448898,-0.3977407953592437,-0.013272980648756214,0.09000117304571391,0.09000117304571391,0.0,0.00029829261000755263,0.18988478523321983,-0.006387448248182256,0.00013263892303108654,0.13765922162737002,-1.5765091871059234,0,0.4978241515098686
13.27040000000057,2.0029629476893165,-0.5036648111454419,1.1927368012231423,-0.001629792983965266,-0.34240517122953323,0.0070267197890283885,1.944330458590337,0.08196240939254407,0.6892774628024257,0.023947298143237605,-0.3501291387996322,0.03885218348673304,1.7344789318520517,-0.23425645796745478,0.9005197496581452,-0.027420124379117148,-0.3730986976866738,0.013622017769936387,0.09000117304571391,0.09000117304571391,0.0,0.0003018619741123824,0.18957260607639048,-0.006362325901053321,0.00013187917964054368,0.1373113894290161,-1.5765134589174175,0,0.49639717244437603
13.274560000000571,2.002956163645297,-0.5050878889508241,1.1927659622143563,-0.0016281705646903546,-0.3415386732917379,0.0069986378913418894,1.6237949489357795,-0.33389271636169593,0.9271966931441107,-0.048929893025225206,-0.24740464206270718,0.029894021681442014,1.6790354490740622,-0.2845902490879698,0.9139206852967916,-0.03868136924549476,-0.31008167514411134,0.02170960192818843,0.09000117304571391,0.09000117304571391,0.0,0.0003053959794321157,0.1892599107691897,-0.006337301271888467,0.00013112389064701108,0.13696417444241338,-1.576517717179229,0,0.4949738052355232
13.278720000000572,2.0029493864202195,-0.5065073627902962,1.192795006662512,-0.0016265340186451232,-0.34067372147328573,0.0069706675573539744,2.0291843928367927,-0.037801465625994124,0.8894239266048263,0.0296497789833927,-0.06740788160041833,0.01869684954382316,1.8541735178196725,-0.16133536736489018,0.901712337228607,-0.00426822066849109,-0.18826481497209036,0.019571698684040562,0.09000117304571391,0.09000117304571391,0.0,0.00030889486707911347,0.18894670869032115,-0.006312373983360257,0.00013037302969254598,0.13661757726962573,-1.5765219619523012,0,0.4935540434333786
13.282880000000572,2.002942616072326,-0.5079232391119709,1.192823935030623,-0.0016248834944213942,-0.3398103172019345,0.006942808346635428,1.9562307162361772,-1.1054440686288638,1.0474050908959818,-0.10185163793222188,-0.4833366031784338,0.014388554607860184,1.9049922297190551,-0.6344023751360816,0.974589726997683,-0.053653284102984075,-0.33543337079003793,0.016948878065342902,0.09000117304571391,0.09000117304571391,0.0,0.0003123588764362482,0.1886330091478965,-0.0062875436601089844,0.00012962657056719322,0.13627159849733406,-1.576526193297152,0,0.49213788058210717
13.287040000000573,2.0029358526592445,-0.5093355243697526,1.192852747779875,-0.0016232191395751496,-0.338948461867598,0.00691505982048767,2.0882048433743794,-0.21921800462340607,1.0347017650299724,-0.05006782884186687,-0.5169437285941662,0.15104023233178007,1.9964963356556444,-0.42788244246794505,1.0049597691581367,-0.0521765555956973,-0.4262106281532202,0.08425369310308166,0.09000117304571391,0.09000117304571391,0.0,0.00031578824536596757,0.1883188213801844,-0.006262809928123468,0.00012888448720830057,0.13592623869695877,-1.5765304112738785,0,0.49072531022012766
13.291200000000574,2.0029290962379918,-0.5107442250231803,1.192881445369633,-0.0016215411006332177,-0.3380881568226468,0.006887421541936413,1.7049359943369269,-0.38907417142548245,1.354456515683296,-0.04841281810089501,-0.5076196992281432,0.024033741016997616,1.8506139346572703,-0.40953442033607257,1.1797589201672685,-0.05053876175486254,-0.46664513212645764,0.05494447881306944,0.09000117304571391,0.09000117304571391,0.0,0.00031918321041980204,0.18800415455572161,-0.006238172414762367,0.00012814675369986694,0.13558149842478096,-1.5765346159421623,0,0.4893163258802688
13.295360000000574,2.002922346864979,-0.5121493475372728,1.1929100282574485,-0.0016198495230990823,-0.33722940338220814,0.00685989307572519,2.0394088798338936,-0.500572328739554,0.8036665560367241,0.1235227532111235,-0.37190759361417197,-0.013594992423021639,1.9452705532686403,-0.45582765874006215,0.9916822209993247,0.036047525718692526,-0.41923905504078385,0.02049074319966496,0.09000117304571391,0.09000117304571391,0.0,0.0003225440066204196,0.18768901777406477,-0.006213630748775508,0.00012741334427198694,0.13523737822206322,-1.5765388073612723,0,0.487910921089924
13.299520000000575,2.0029156045960144,-0.5135508983823748,1.1929384968990664,-0.0016181445514595978,-0.33637220282446323,0.00683247398830884,1.4329373799396237,-0.4489759465456739,1.3440549394210877,-0.021668951261441832,-0.27084620767329315,-0.060085232457914,1.6890559831746452,-0.45296391482477966,1.1677456317558461,0.006869664098289351,-0.345625333983348,-0.019581172448585326,0.09000117304571391,0.09000117304571391,0.0,0.00032587086767113353,0.18737342006601043,-0.006189184560539365,0.00012668423330026329,0.13489387861516933,-1.5765429855900703,0,0.48650908937120535
13.303680000000575,2.0029088694863093,-0.5149488840340037,1.1929668517484324,-0.0016164263291908291,-0.335516556390943,0.006805163847845964,2.181013143801521,-0.6693926156548926,1.1958913423110287,-0.05312822279811601,-0.24598274720348334,-0.008666208675917036,1.934927312981832,-0.5616902019656104,1.181799961337432,-0.023035132588884465,-0.29639448278078945,-0.013789157075459324,0.09000117304571391,0.09000117304571391,0.0,0.0003291640257379563,0.18705737039408243,-0.006164833481864869,0.0001259593953052666,0.13455100011568327,-1.5765471506870146,0,0.4851108242410957
13.307840000000576,2.0029021415904813,-0.5163433109726988,1.1929950932576998,-0.0016146949987647964,-0.3346624652868219,0.00677796222419227,1.8344498392663553,0.14426970743710454,0.5280783299523885,0.012427110981002843,-0.23814983698142883,0.07189790756466087,1.884714690158177,-0.20920222200079364,0.8550863611167149,-0.005772257131811831,-0.2665209948017225,0.02796973641569825,0.09000117304571391,0.09000117304571391,0.0,0.0003324237114451598,0.18674087765302116,-0.006140577145590381,0.00012523880495189408,0.13420874322052762,-1.5765513027101639,0,0.48371611921160024
13.312000000000577,2.002895420962558,-0.5177341856838705,1.193023221877237,-0.0016129507016562372,-0.33380993068120923,0.006750868688895504,1.892272476840458,-0.28559965832523404,0.7265674932637564,0.1380697840293724,-0.27241025115273154,0.06632697938770098,1.888779452248036,-0.2479675452118605,0.790963696932409,0.06679603116106211,-0.2697224623590058,0.04728493043915908,0.09000117304571391,0.09000117304571391,0.0,0.00033565015451267983,0.18642395067027395,-0.006116415186672542,0.00012452243704863753,0.13386710841208088,-1.5765554417171819,0,0.4823249677898959
13.316160000000577,2.0028887076559814,-0.5191215146576516,1.1930512380556335,-0.001611193578346707,-0.3329589537074387,0.006723882815185927,2.3332256071126887,-0.31710927620406515,0.9093752162795944,-0.07459446147174563,-0.48661859421022235,0.0598872398540067,2.11085010973789,-0.2835520190568348,0.8502949384150446,-0.0037095457554434962,-0.37768926540429876,0.05354223873691188,0.09000117304571391,0.09000117304571391,0.0,0.0003388435826832642,0.18610659820621955,-0.006092347240496208,0.00012381026654733452,0.13352609615829403,-1.576559567765341,0,0.48093736347848093
13.320320000000578,2.0028820017236133,-0.5205053043887489,1.1930791422397085,-0.0016094237683331521,-0.3321095354633567,0.006697004177973797,2.3315652198160115,-0.6599274215186925,1.2363156286394723,0.13478068807583585,-0.4549693729246482,-0.0170323566899234,2.2214891339447362,-0.47268928266244853,1.0432717308797985,0.06572634847871787,-0.41603315896082044,0.018657117349661412,0.09000117304571391,0.09000117304571391,0.0,0.00034200422257293743,0.18578882895476723,-0.006068372945034154,0.00012310226854226106,0.13318570691280662,-1.5765636809115264,0,0.47955329977532163
13.324480000000579,2.0028753032177375,-0.5218855613762973,1.193106934874516,-0.0016076414101329317,-0.3312616770116077,0.00667023235383788,2.4053457110460923,-0.8244097018716758,1.564547867285833,-0.1931714725918976,-0.447510143709041,-0.13660323063857321,2.3130161161954153,-0.6494832373858175,1.3036290197055085,-0.0633204624236231,-0.43154081239095776,-0.05882067014393161,0.09000117304571391,0.09000117304571391,0.0,0.0003451322994535008,0.1854706515437976,-0.00604449193851583,0.0001223984182696148,0.13284594111506176,-1.5765677812122403,0,0.47817277017399945
13.32864000000058,2.0028686121900656,-0.5232622921237136,1.1931346164033536,-0.001605846641289746,-0.3304153793799182,0.0066435669210236185,1.5913442433119376,-0.34480278807002895,0.7394867885810693,-0.030810288665618888,-0.3887498902508272,-0.10662749626998551,1.9521106020248065,-0.49795101065917463,1.0213328576496885,-0.046854283186368896,-0.40940689146428666,-0.08304951887485444,0.09000117304571391,0.09000117304571391,0.0,0.00034822803682063846,0.18515207453539062,-0.006020703861586402,0.00012169869110694847,0.13250679919042038,-1.576571868723605,0,0.476795768163856
13.33280000000058,2.002861928691739,-0.5246355031385527,1.193162187267768,-0.0016040395983813627,-0.3295706435613793,0.006617007459432397,1.9436067905819434,-0.8549492593506047,1.4838757969689507,-0.06479279134972478,-0.43122424475405524,-0.02311028490190259,1.94772310040558,-0.6773510515680322,1.2525602673926333,-0.055452494281195884,-0.4196003223797983,-0.05345502345549137,0.09000117304571391,0.09000117304571391,0.0,0.0003512916576727215,0.1848331064265889,-0.00599700835561736,0.00012100306257227342,0.13216828155027496,-1.5765759435013675,0,0.47542228723013674
13.33696000000058,2.0028552527733345,-0.526005200932364,1.1931896479075623,-0.0016022204170220088,-0.3287274705147257,0.006590553550617765,1.635593554551177,-0.36846291250612256,1.313343631804379,-0.1857583773678185,-0.21632624457044913,0.0018178444466429942,1.7912692926045115,-0.5233557721852791,1.2829571661807921,-0.12036690419719911,-0.3174957915467742,-0.026307862703501328,0.09000117304571391,0.09000117304571391,0.0,0.0003543233825830535,0.1845137556493608,-0.005973405063367677,0.0001203115083240144,0.13183038859216223,-1.576580005600903,0,0.4740523208541344
13.341120000000581,2.0028485844848682,-0.52737139202055,1.193216998760803,-0.0016003892318727962,-0.3278858611646153,0.006564204777778962,2.2805948549292903,-0.9110751598275773,1.1776356634672478,-0.06098873010522778,-0.24497956694088002,0.1117806541916893,2.0358082065392873,-0.7177282522569457,1.230529534113779,-0.09047173446551639,-0.28099092745621207,0.04207565497028294,0.09000117304571391,0.09000117304571391,0.0,0.0003573234316191884,0.18419403057147288,-0.005949893629218644,0.00011962400415981033,0.13149312069987523,-1.5765840550772183,0,0.4726858625133304
13.345280000000582,2.002841923875799,-0.5287340829222246,1.193244240263827,-0.0015985461766441448,-0.3270458164019048,0.006537960725753429,1.979309601972689,-0.47956132907023713,1.348880282481626,0.07145748190321062,-0.32384998163496986,-0.08927844773368368,2.0077072411127412,-0.5993190131273036,1.2895206427181094,-0.009566881143383936,-0.30131635427050707,-0.023882856677865143,0.09000117304571391,0.09000117304571391,0.0,0.0003602920228430711,0.18387393949656294,-0.005926473699195165,0.00011894052601630177,0.13115647824357474,-1.5765880919849564,0,0.47132290568153534
13.349440000000582,2.002835270995032,-0.5300932801600743,1.1932713728512478,-0.0015966913841044545,-0.32620733708392424,0.006511820981009258,2.2417508907659256,-1.053191211581208,1.2711148177491154,-0.17338304407175167,-0.311494735618203,0.16776053980423047,2.1243707448987554,-0.826907829043772,1.280665468813503,-0.09178804833714874,-0.3056159631633912,0.07244091321495924,0.09000117304571391,0.09000117304571391,0.0,0.0003632293738033464,0.1835534906647467,-0.00590314491991625,0.00011826104996814465,0.13082046157989963,-1.576592116378399,0,0.4699634438290287
13.353600000000583,2.002828625890923,-0.5314489902602191,1.193298396955963,-0.0015948249860825558,-0.3253704240347502,0.006485785131642039,2.37764438000001,-0.7563519427010663,0.9386906646845763,0.009506039117318852,-0.2787159757971256,-0.09510564016971906,2.251028931030687,-0.7922100398205649,1.1094766856120306,-0.04106286766452389,-0.2917221729498878,-0.0107584804415786,0.09000117304571391,0.09000117304571391,0.0,0.0003661356998215541,0.18323269225290728,-0.005879906940112159,0.00011758555222791984,0.13048507105207696,-1.5765961283114704,0,0.46860747042269707
13.357760000000583,2.0028219886112835,-0.5328012197520753,1.1933253130091603,-0.001592947113477299,-0.3245350780454763,0.006459852767365309,2.076365640224602,-0.45188402899078944,0.608673861755913,-0.24725215018766036,-0.2623084486307103,0.04987615318817773,2.1631819302097823,-0.6225915520400465,0.8591753993977914,-0.14421358474951654,-0.27638964068556215,0.019608267764735385,0.09000117304571391,0.09000117304571391,0.0,0.0003690112154839903,0.1829115523752508,-0.00585675940957623,0.0001169140091450287,0.13015030699003083,-1.5766001278377422,0,0.467254978926171
13.361920000000584,2.002815359203382,-0.5341499751682189,1.1933521214403249,-0.0015910578962609245,-0.3237012998744823,0.006434023479505455,1.9881589390865506,0.08395552679173457,0.9343422682893809,0.09600912460584188,-0.395865055287873,0.02530476022343507,2.0758699164727745,-0.27013705119792164,0.8968119786835776,-0.02460342158983798,-0.335833683376269,0.022463027275037795,0.09000117304571391,0.09000117304571391,0.0,0.0003718561337832534,0.18259007908343738,-0.005833701979184178,0.00011624639720527786,0.12981616971049081,-1.5766041150104346,0,0.4659059627999617
13.366080000000585,2.002808737713951,-0.535495263044251,1.1933788226772457,-0.0015891574634860097,-0.3228690902477018,0.006408296860996514,2.4645763650540125,-0.10408186999194197,1.455364760567294,0.08081840715346356,-0.20129028705964525,-0.0017621434931760467,2.270394548472291,-0.1875279777272207,1.1760872394240414,0.02781810735393305,-0.26808919776375884,0.01101240296845899,0.09000117304571391,0.09000117304571391,0.0,0.0003746706663277496,0.18226828036735343,-0.0058107343017701,0.00011558269303017603,0.1294826595170997,-1.576608089882422,0,0.4645604155015951
13.370240000000585,2.0028021241891873,-0.536837089918663,1.1934054171460222,-0.0015872459432915368,-0.322038449858887,0.006382672506371278,1.9668829920290718,-0.6018217561969617,1.1917299614659163,0.13163399624751845,-0.4388835631184303,-0.04199443086348604,2.1189089899213887,-0.39559175381986017,1.183819802718427,0.0804172921197294,-0.3529355634508116,-0.014737519121562301,0.09000117304571391,0.09000117304571391,0.0,0.00037745502419349016,0.18194616415519071,-0.005787856030863431,0.00011492287337618433,0.12914977670052025,-1.576612052506235,0,0.46321833048574657
13.374400000000586,2.0027955186747586,-0.5381754623327041,1.1934319052710711,-0.0015853234629054128,-0.3212093793698731,0.00635715001175774,1.4611620997972268,-0.8357958097687765,1.0356870031944077,0.07995056862229283,-0.19306240257724677,-0.11135178031293827,1.7901964927131335,-0.616098631366464,1.1095206227333771,0.08054190851762422,-0.272910606647602,-0.0629734560936697,0.09000117304571391,0.09000117304571391,0.0,0.0003802094159963349,0.1816237383140077,-0.005765066821777791,0.00011426691513463576,0.12881752153854142,-1.5766160029340643,0,0.46187970120437283
13.378560000000586,2.0027889212158057,-0.5395103868302492,1.1934582874751332,-0.0015833901486550178,-0.3203818794108397,0.006331728974870952,1.5475520548299695,-0.627639275383946,1.238336267638265,-0.04353780423724958,-0.27602559518395575,-0.04653385658143607,1.6687822086283657,-0.6224436764812304,1.1738334024389376,0.018418573612485882,-0.27421923766925,-0.055160984507780605,0.09000117304571391,0.09000117304571391,0.0,0.00038293405002525925,0.1813010106500239,-0.005742366331203955,0.00011361479533046487,0.12848589429618398,-1.5766199412177642,0,0.46054452110684446
13.382720000000587,2.0027823318569475,-0.5408418699576683,1.193484564179279,-0.001581446125968862,-0.31955595058057146,0.006306408995006611,1.8202900699751154,-0.40393125079044945,0.8005518906058977,-0.09219058677427489,-0.29448294683722676,0.08998723390142074,1.7443456494301708,-0.51379879837703,0.9873784256055611,-0.03697687096449511,-0.2841825498365272,0.016817076183777365,0.09000117304571391,0.09000117304571391,0.0,0.00038562913252899057,0.18097798890913075,-0.005719754216587318,0.00011296649112200152,0.12815489522580514,-1.576623867408855,0,0.4592127836400757
13.386880000000588,2.0027757506422836,-0.5421699182636962,1.1935107358029167,-0.0015794915193853808,-0.3187315934467163,0.006281189673037198,1.919992548784699,-0.25330650237427954,1.3559097579106305,-0.006855554473485321,-0.3701877249450348,-0.08354141497563558,1.832155424928041,-0.38432293430270664,1.171472381402779,-0.02160852296537003,-0.32615687982335784,-0.0331030976098748,0.09000117304571391,0.09000117304571391,0.0,0.00038829486920831944,0.18065468077713442,-0.005697230137216749,0.00011232197979993636,0.12782452456720272,-1.5766277815585275,0,0.45788448224865436
13.391040000000588,2.002769177615398,-0.5434945382993047,1.1935368027637976,-0.0015775264525555077,-0.3179088085460422,0.006256070611403652,2.48147662247154,-1.127295785447707,1.2522735916495253,-0.09934304585089182,-0.21612591795125255,-0.01703655375223967,2.15661323416836,-0.7562649886789693,1.2118380639798816,-0.060133019838986224,-0.27071845407381345,-0.025045650328355457,0.09000117304571391,0.09000117304571391,0.0,0.0003909314641441339,0.18033109388032142,-0.005674793753817554,0.00011168123878709823,0.1274947825477185,-1.5766316837176448,0,0.4565596103749703
13.395200000000589,2.002762612819364,-0.5448157366175743,1.193562765478023,-0.0015755510482497134,-0.3170875963846919,0.00623105141410868,1.857253355823631,-0.48368995248866337,1.5196682535765529,-0.039495896833024687,-0.2551656121385107,0.10557383553850216,2.0068486666844927,-0.6205067862491042,1.3659730090657896,-0.0496315079737622,-0.2627093606142907,0.04116656285747668,0.09000117304571391,0.09000117304571391,0.0,0.00039353912022087887,0.1800072357856517,-0.005652444727714784,0.00011104424563772506,0.12716566938234095,-1.576635573936747,0,0.4552381614593422
13.39936000000059,2.0027560562967457,-0.5461335197735678,1.1935886243600509,-0.0015735654283632768,-0.31626795743843655,0.006206131686713576,1.9942504198428344,-0.6090552357813618,1.0017768780562701,-0.02311986184478245,-0.2870764063172821,0.09134697258093366,2.0005023289742767,-0.6153791454162698,1.184061581510272,-0.036840190517308476,-0.2743604966257064,0.06664430308908971,0.09000117304571391,0.09000117304571391,0.0,0.0003961180389090522,0.17968311400121817,-0.00563018272234974,0.00011041097803680377,0.12683718527380705,-1.5766394522660527,0,0.45392012894014483
13.40352000000059,2.0027495080896043,-0.547447894324205,1.1936143798227021,-0.0015715697139224616,-0.3154498921529273,0.006181311036328759,2.3881334598327206,-0.24947984947923812,1.0149045510348391,0.04455972456234001,-0.46684624548329506,0.006719416004211719,2.194412578399527,-0.43340025082538586,1.0994960503278552,0.004196615157959607,-0.36949130535490904,0.036593594745265814,0.09000117304571391,0.09000117304571391,0.0,0.0003986684206891073,0.1793587359767097,-0.005608007402016939,0.00010978141379932975,0.1265093304127039,-1.5766433187554634,0,0.4526055062539335
13.40768000000059,2.0027429682394997,-0.5487588668281381,1.1936400322771672,-0.0015695640250889225,-0.3146334009439448,0.0061565890716095,2.0733976930965854,-0.616825442157389,0.9176935283848073,-0.039878194118441124,-0.5218550631318107,0.1681430705043363,2.1338217969064233,-0.5261999764731442,1.0089426798347274,-0.01805600068572144,-0.44546959624364785,0.1026340175709278,0.09000117304571391,0.09000117304571391,0.0,0.00040119046462044504,0.17903410910365902,-0.005585918432524619,0.00010915553086977611,0.1261821049775691,-1.5766471734545653,0,0.4512942868355685
13.411840000000591,2.0027364367874947,-0.5500664438456283,1.193665582133012,-0.001567548481165906,-0.3138184841976478,0.0061319654027489736,1.8540591779884739,0.16217472754539908,1.3719187449947763,0.07922460420574529,-0.28699536224452044,0.10406022235236023,1.9941020648291419,-0.182605791499756,1.190649128515689,0.031179053271113602,-0.36574162143581307,0.1036192079384969,0.09000117304571391,0.09000117304571391,0.0,0.00040368436876531567,0.17870924071590732,-0.005563915480572192,0.00010853330732140515,0.12585550913499083,-1.5766510164126335,0,0.4499864641183384
13.416000000000592,2.002729913774159,-0.5513706319384234,1.1936910297981849,-0.001565523200602683,-0.31300514227081927,0.0061074396414738654,1.403777110627912,-0.8040777763991466,1.9785122006237854,-0.08233592007886655,-0.3170813189884751,-0.1599765146306969,1.6987632534655883,-0.494007899920496,1.5842519979624112,-0.025115741813064748,-0.3403339902557026,-0.027472661547567657,0.09000117304571391,0.09000117304571391,0.0,0.00040615032954386494,0.1783841380899085,-0.005541998214624928,0.00010791472135577866,0.12552954303970704,-1.5766548476786344,0,0.4486820315340824
13.420160000000593,2.0027233992395717,-0.5526714376696363,1.1937163756790226,-0.0015634883010016668,-0.31219337549111176,0.006083011401036355,2.066475016892582,-0.40637331392777454,0.7850186406223962,0.12018932553048631,-0.37216289174266537,-0.1050071017442327,1.8828716561923668,-0.4509638552743725,1.184410420972868,0.04754785390447922,-0.35635527032107245,-0.06580506100592576,0.09000117304571391,0.09000117304571391,0.0,0.0004085885427994344,0.17805880844508803,-0.005520166304077916,0.00010729975130181418,0.12520420683470426,-1.5766586673012282,0,0.4473809825133108
13.424320000000593,2.0027168932233255,-0.5539688676036251,1.1937416201802569,-0.001561443899121088,-0.3113831841572904,0.006058680296209558,1.5620935886309018,-0.4249891478188971,1.6178259550574954,-0.010855744961990507,-0.4287755587571011,0.01651510638402998,1.722457669343585,-0.4388694285691683,1.4011539418783332,0.01841172092495199,-0.39195103057580044,-0.02386652961290298,0.09000117304571391,0.09000117304571391,0.0,0.0004109992027265981,0.17773325894436376,-0.005498419419916564,0.0001066883756155811,0.12487950065131533,-1.5766624753287726,0,0.4460833104853259
13.428480000000594,2.00271039576453,-0.5552629283058729,1.1937667637050204,-0.001559390110882137,-0.3105745685394743,0.006034445943280269,1.8728415591817276,-0.7480507363656386,0.8280772821505898,-0.07810697699305884,-0.2515616757522372,-0.15618596678186547,1.797486587947298,-0.5939863010121288,1.1142869425190702,-0.02906327105182533,-0.3213738917420837,-0.09011532614586597,0.09000117304571391,0.09000117304571391,0.0,0.0004133825025085698,0.17740749669423894,-0.005476757233879893,0.00010608057287945878,0.12455542460931679,-1.576666271809325,0,0.44478900887834066
13.432640000000594,2.0027039069018158,-0.5565536263428703,1.193791806654854,-0.0015573270513734464,-0.3097675288793771,0.006010307960045141,1.2909899901890394,-0.36130746846293876,0.9578136065804598,0.2241771071062268,-0.3183043306895557,-0.10023266893544684,1.5446989433987968,-0.4783079480532221,1.0358396378191224,0.0985424530610757,-0.3195374664771031,-0.09466328879638929,0.09000117304571391,0.09000117304571391,0.0,0.00041573863388619497,0.17708152874548555,-0.0054551794199770715,0.00010547632180158717,0.12423197881702558,-1.5766700567906455,0,0.44349807111959694
13.436800000000595,2.002697426673337,-0.5578409682819976,1.1938167494297116,-0.001555254834857368,-0.3089620653905446,0.005986265965800576,2.4175323922711747,-1.0675385562462623,0.7827950633706464,-0.11657222102522367,-0.26276940377438285,0.04445801501734691,1.9808784166160887,-0.7734740307952885,0.9094070464096673,-0.008572195950101351,-0.2911076368402264,-0.024628352302316633,0.09000117304571391,0.09000117304571391,0.0,0.00041806778758185113,0.17675536209318676,-0.005433685652153488,0.00010487560121504434,0.12390916337139496,-1.5766738303202,0,0.44221049063548284
13.440960000000596,2.0026909551167753,-0.5591249606914084,1.1938415924279673,-0.0015531735747744799,-0.3081581782585923,0.005962319581342336,1.7225888045405349,-0.8687849051673626,1.573841096416156,-0.1467320607538402,-0.17257015289710773,0.05724086429788882,1.8514266299673123,-0.821490019925298,1.2417470670016784,-0.07765539592041407,-0.23139251529409188,0.016643907588077014,0.09000117304571391,0.09000117304571391,0.0,0.00042037015329634067,0.17642900367736736,-0.005412275606661313,0.00010427839007726719,0.12358697835810992,-1.576677592445162,0,0.4409262608516485
13.445120000000596,2.002684492269343,-0.5604056101399144,1.1938663360464212,-0.0015510833837481066,-0.3073558676414399,0.005938468428955272,2.0475700106847734,-0.7237179859363606,1.3637484009823522,0.09165370551808517,-0.3887651402456672,-0.1275633992307582,1.9496895373444563,-0.773412170383615,1.3024822412022987,0.0073693995656633655,-0.309957474153608,-0.05496086413402631,0.09000117304571391,0.09000117304571391,0.0,0.000422645919277884,0.17610246038319943,-0.005390948960368104,0.00010368466746958522,0.12326542385168178,-1.5766813432124165,0,0.4396453751931214
13.449280000000597,2.0026780381677862,-0.5616829231968709,1.1938909806803062,-0.0015489843735906317,-0.306555133669545,0.005914712132410133,2.290750491499108,-0.46486576188432005,1.228293568963499,-0.12256242495568224,-0.4196551550758561,-0.16766833207194196,2.1199678551340235,-0.6200106207951144,1.2650393958972161,-0.057771118033939375,-0.36434576724250645,-0.11167051364114527,0.09000117304571391,0.09000117304571391,0.0,0.0004248952729599691,0.17577573904131405,-0.005369705391844313,0.00010309441259643586,0.12294449991554236,-1.5766850826685623,0,0.43836782708442085
13.453440000000597,2.002671592848389,-0.5629569064320631,1.1939155267232935,-0.0015468766553071512,-0.30575597644613567,0.0058910503169557985,2.3514768600598552,-0.255618109513053,1.0542188280577873,-0.004934067011691224,-0.29981160212221286,0.06214775207672337,2.2357129698280125,-0.4384370751935341,1.1597572552836362,-0.030997733190030668,-0.3312843999453649,-0.02494224151586446,0.09000117304571391,0.09000117304571391,0.0,0.0004271184003168398,0.17544884642832903,-0.005348544580740754,0.00010250760478489442,0.12262420660213744,-1.5766888108599137,0,0.43709360994967084
13.457600000000598,2.002665156346976,-0.5642275664155941,1.193939974567499,-0.0015447603391018098,-0.3049583960474401,0.00586748260931415,2.1325560144071503,-0.5652093681418091,1.641549086222481,-0.01711740251740244,-0.34713562974233053,-0.008285247331166208,2.1840984662511413,-0.5025462954266747,1.4006377629509237,-0.024202549546936975,-0.3391346309600082,-0.015871406415026497,0.09000117304571391,0.09000117304571391,0.0,0.0004293154860734493,0.17512178926705657,-0.005327466207806598,0.00010192422348395642,0.12230454395301943,-1.5766925278325046,0,0.4358227172127123
13.461760000000599,2.002658728698916,-0.5654949097177729,1.1939643246034892,-0.0015426355343832608,-0.3041623925229158,0.005844008637674844,2.1884492996490934,-0.6230679555108628,1.4434054217749788,-0.05317114836187259,-0.4107994036265269,-0.022360030819383384,2.1861626818733257,-0.5636638437320659,1.4219751560160538,-0.03837866286577803,-0.3742776643761523,-0.019005961062689054,0.09000117304571391,0.09000117304571391,0.0,0.0004314867145577021,0.1747945742268181,-0.005306469954907349,0.0001013442482637186,0.12198551199893964,-1.5766962336320898,0,0.434555142297215
13.4659200000006,2.0026523099391254,-0.5667589429090041,1.1939885772202878,-0.0015405023497665723,-0.30336796589547754,0.005820628031690022,2.322682266029446,-1.1171522224926536,1.204635479976898,-0.1091345400989418,-0.29104631068088077,-0.07486797126712987,2.254196137252392,-0.8410172254304082,1.3131476215221742,-0.07361006978854848,-0.33269066459744606,-0.04671584043401888,0.09000117304571391,0.09000117304571391,0.0,0.00043363226798708585,0.1744672079239752,-0.005285555505685352,0.00010076765881528461,0.12166711075993988,-1.576699928304148,0,0.43329087862678717
13.4700800000006,2.002645900102071,-0.5680196725596779,1.1940127328053813,-0.0015383608930822719,-0.3025751161617221,0.005797340422466285,2.085157284850153,-0.2698283164254322,1.2968663753650336,-0.19043177504733022,-0.38124994050956196,-0.018531016950251406,2.1692793350210375,-0.5562126227163858,1.3049689075008837,-0.13196505811154544,-0.35655372460951956,-0.03289784831148389,0.09000117304571391,0.09000117304571391,0.0,0.00043575232796098625,0.17413969692208597,-0.005264722544508913,0.00010019443494961465,0.1213493402454433,-1.5767036118938849,0,0.43202991962508547
13.4742400000006,2.0026394992217735,-0.5692771052400618,1.1940367917447254,-0.0015362112713791696,-0.30178384329215335,0.00577414544256101,1.9510502727451904,-0.3655359318259046,1.2927305558394786,-0.16622049412953116,-0.16382571875840965,0.23633389172054342,2.059817423217429,-0.4612141526000339,1.2993414255338667,-0.14903296936778354,-0.2599823788940874,0.10159891060524608,0.09000117304571391,0.09000117304571391,0.0,0.00043784707503056715,0.1738120477323304,-0.005243970757345645,9.962455659706039e-05,0.12103220045434482,-1.5767072844462346,0,0.43077225871592323
13.478400000000601,2.0026331073318113,-0.5705312475201927,1.1940607544227504,-0.0015340535909289718,-0.3009941472314046,0.005751042725975074,2.0376491666846857,-0.05991279321831244,1.1467757656997883,0.013982077665960558,-0.08781215947430246,-0.1701540378742763,2.0487618454089658,-0.26074404723266487,1.222703260243122,-0.06735472917354712,-0.17355453973025245,-0.03409075000694558,0.09000117304571391,0.09000117304571391,0.0,0.00043991668848171375,0.1734842668138834,-0.005223299830710924,9.905800380685499e-05,0.12071569137510074,-1.576710946005863,0,0.42951788932337814
13.482560000000602,2.0026267244653226,-0.5717821059697696,1.1940846212223677,-0.0015318879572317984,-0.30020602789845996,0.005728031908149921,1.7987916930405312,-0.795421136406723,1.1716201133426252,-0.052793487250742996,-0.5695344225456137,0.10538479061743358,1.9236663225621635,-0.5292717999079726,1.197380111002888,-0.060609450866652606,-0.37110962602910713,0.03583794718981142,0.09000117304571391,0.09000117304571391,0.0,0.00044196134654542847,0.1731563605740738,-0.005202709452968902,9.849475674643615e-05,0.12039981298581792,-1.5767145966171694,0,0.428266804871899
13.486720000000602,2.00262035065501,-0.5730296871580483,1.1941083925249758,-0.0015297144750208188,-0.29941948518687445,0.0057051126259592645,2.3674132688226286,-0.3241577857268908,0.88358471269759,0.21062550817441072,-0.24002042579218072,0.17050891716122368,2.1459813579581084,-0.4272149788171944,1.040834875247984,0.0748164999860421,-0.3044262402277764,0.10316212543129766,0.09000117304571391,0.09000117304571391,0.0,0.00044398122596682596,0.17282833536891973,-0.0051821993134958146,9.793479570085879e-05,0.1200845652543423,-1.5767182363242895,0,0.42701899878641125
13.490880000000603,2.0026139859331424,-0.5742739976537358,1.1941320687104662,-0.0015275332482686866,-0.2986345189649921,0.005682284517704207,1.506983812386611,-0.3255723297737132,0.98299686881106,0.034698509050972784,-0.3847822692549699,-0.1588069949359499,1.8265500155947059,-0.3771958096948177,1.0115835393286337,0.054889941015982976,-0.3433822461294552,-0.027029573746118876,0.09000117304571391,0.09000117304571391,0.0,0.000445976503284826,0.17250019750350376,-0.005161769102911468,9.737810107184863e-05,0.11976994813834682,-1.5767218651710977,0,0.425774464492422
13.495040000000603,2.0026076303315583,-0.5755150440248864,1.194155650157229,-0.0015253443801886337,-0.29785112907616224,0.00565954722310747,1.7344960757897332,-1.3597337666198364,0.6643877032388529,-0.046680824580066026,-0.23193316097962546,-0.08450101121682405,1.7804238275084887,-0.8689544825332657,0.8378081315769508,0.0048223516815909685,-0.2874701649726385,-0.056097929355320604,0.09000117304571391,0.09000117304571391,0.0,0.000447947353119235,0.17217195323192191,-0.005141418512883047,9.682465337776745e-05,0.1194559615854187,-1.576725483201209,0,0.42453319541612394
13.499200000000604,2.0026012838816696,-0.5767528328387987,1.1941791372421595,-0.001523147973242706,-0.297069315338956,0.005636900383308396,1.729598481634794,-0.0483276674628913,1.0901510768409997,-0.06122416401552826,-0.18006672982486838,-0.06921447814204965,1.7548833043500571,-0.45901290162440406,0.9638372127350074,-0.028124509484738085,-0.23231578856463148,-0.06256249520316118,0.09000117304571391,0.09000117304571391,0.0,0.0004498939494495496,0.17184360875819493,-0.005121147236570783,9.627443325259097e-05,0.11914260553314623,-1.5767290904579816,0,0.42329518498449814
13.503360000000605,2.002594946614465,-0.5779873706619129,1.1942025303406631,-0.0015209441291446646,-0.2962890775473787,0.005614343640856109,2.2213161841122884,-0.5255597382067921,1.378617362041418,-0.007187138455566088,-0.1886917593477221,0.02318599182222971,1.988086827786426,-0.49268012847933035,1.1712806202290067,-0.017065126036997384,-0.2100884597609449,-0.02075361728092154,0.09000117304571391,0.09000117304571391,0.0,0.000451816464756945,0.17151517023600538,-0.005100954967789926,9.572742144545334e-05,0.11882987990920478,-1.576732686984519,0,0.4220604266254165
13.507520000000605,2.002588618560511,-0.579218664059709,1.194225829826662,-0.001518732948866463,-0.2955104154710838,0.005591876639706166,2.2741873608734187,-0.6663604361334637,0.7134336903316023,0.011977275830381483,-0.4211311644972753,0.03120603522320118,2.131162996775912,-0.5803983443025057,0.942419510883819,-0.002059212716959662,-0.3151606170269535,0.004909504816892797,0.09000117304571391,0.09000117304571391,0.0,0.0004537150710900188,0.1711866437693973,-0.005080841401883408,9.51835988197996e-05,0.11851778463144255,-1.5767362728236731,0,0.420828913767743
13.511680000000606,2.0025822997499585,-0.5804467195966073,1.1942490360726004,-0.0015165145326402785,-0.2947333288555831,0.005569499025213596,1.6926969781418413,-0.71704960192911,0.8946058407983569,-0.18058588213526355,-0.2929369276691579,0.02953959640606525,1.9115518279004995,-0.6493339706683039,0.9185738503258911,-0.09156211079410066,-0.3041747049649043,0.017190489299553097,0.09000117304571391,0.09000117304571391,0.0,0.00045558993877932354,0.17085803541310218,-0.005060806235526322,9.464294635311984e-05,0.11820631960796543,-1.5767398480180448,0,0.4196006398414339
13.515840000000606,2.002575990212542,-0.5816715438358675,1.1942721494494508,-0.0015142889799659015,-0.2939578174224561,0.0055472104441267175,2.0245643925771204,-1.034376507367803,0.9863175692048466,0.09294842608343765,-0.3212300952932269,-0.09509791648129466,1.9682525445367978,-0.8425269337461104,0.9522474080318761,0.0005306208838320432,-0.312292043515891,-0.0384777735694284,0.09000117304571391,0.09000117304571391,0.0,0.0004574412377166188,0.1705293511724928,-0.0050408491661014035,9.410544513601848e-05,0.11789548473722143,-1.5767434126099875,0,0.41837559827763743
13.520000000000607,2.002569689977585,-0.5828931433394907,1.19429517032672,-0.0015120563896127907,-0.293183880869559,0.005525010544583605,2.15837472567777,-0.9166700144466815,0.9833589440330801,0.019175601375346983,-0.30316037639466764,-0.01349942291616385,2.0633537834165208,-0.8802301219681113,0.9677749464543463,0.010364856606856977,-0.3074554584295942,-0.025812828184555676,0.09000117304571391,0.09000117304571391,0.0,0.0004592691362833496,0.17020059700449863,-0.005020969892785873,9.357107637194997e-05,0.11758527990808457,-1.5767469666416092,0,0.41715378250879215
13.524160000000608,2.0025633990740035,-0.5841115246681209,1.1943180990724538,-0.0015098168596265915,-0.2924115188712304,0.00550289897610399,1.7106831738383237,-0.31553762579079425,1.6910959923782773,0.13742042169981633,-0.3266865917461343,0.02402596958416254,1.8873008981564436,-0.5985597205199934,1.329489745692264,0.07433800592265585,-0.3169257993190315,-0.000531917457050036,0.09000117304571391,0.09000117304571391,0.0,0.00046107380177454844,0.1698717788172408,-0.005001168115285712,9.303982137636371e-05,0.11727570499993799,-1.5767505101547736,0,0.41593518596872525
13.528320000000608,2.0025571175303063,-0.585326694380948,1.1943409360532438,-0.0015075704873338854,-0.2916407310784978,0.005480875389586463,2.3606538156220855,-0.939097681569159,0.9692338886514432,-0.05537416858896952,-0.13901396428599538,-0.049529286968174414,2.1238640033359197,-0.7691210233638293,1.1492570006792369,0.010206270258607972,-0.22759928414695071,-0.025375529681140842,0.09000117304571391,0.09000117304571391,0.0,0.00046285540103757237,0.16954290247089565,-0.0049814435347076864,9.251166157598484e-05,0.1169667598827569,-1.5767540431911036,0,0.4147198020927491
13.532480000000609,2.002550845374601,-0.5865386590356116,1.1943636816342325,-0.0015053173693442788,-0.2908715171192807,0.00545893943730203,1.1776929826954634,-0.636918238294466,1.133394698322532,-0.07683266486358341,-0.14891567320116952,0.09711456541292945,1.6506131511757303,-0.7033290160997562,1.1415268483345422,-0.033831108266861525,-0.1879883918844165,0.036287528187678775,0.09000117304571391,0.09000117304571391,0.0,0.00046461409918663365,0.16921397377775904,-0.004961795853363156,9.198657850862478e-05,0.11665844441719053,-1.5767575657919823,0,0.41350762431775745
13.53664000000061,2.0025445826345942,-0.5877474251881057,1.1943863361791196,-0.0015030576015578432,-0.2901038765985936,0.005437090772888508,2.454264961289657,-0.5893546580612483,0.8501577774671443,0.023507018725757157,-0.2075883802577304,-0.06844152208901995,2.052494064886352,-0.6467733897569706,0.9956978392498055,-0.005401899538726763,-0.1975118897345576,-0.016032584971913535,0.09000117304571391,0.09000117304571391,0.0,0.00046635006088205193,0.16888499850257732,-0.004942224774999556,9.146455382218439e-05,0.1163507584546438,-1.5767610779985557,0,0.41229864608232053
13.54080000000061,2.0025383293375976,-0.5889529993926839,1.194408900050167,-0.001500791279167225,-0.2893378090987469,0.005415329051343935,2.336964035044708,-1.0840899577232128,0.6850794751908593,0.06155788055578871,-0.274407386560491,0.0009173180947998141,2.1948602506649633,-0.8660057367030074,0.8403888143132969,0.0275103925382962,-0.23583764803598956,-0.007761942006137313,0.09000117304571391,0.09000117304571391,0.0,0.0004680634492587347,0.16855598236293357,-0.004922730003747548,9.094556927435425e-05,0.11604370183735833,-1.5767645798517342,0,0.41109286082677976
13.54496000000061,2.002532085510528,-0.5901553882017653,1.1944313736082046,-0.0014985184966642181,-0.28857331417954685,0.005393653929024388,1.8740754616420177,-0.19336589754360994,0.7036150507514456,-0.041952808721560216,-0.27694252559362215,0.07965354274807479,2.0343770017997986,-0.5302583970947918,0.772166634781401,-0.006568091399351351,-0.2557843093424913,0.035948731217445816,0.09000117304571391,0.09000117304571391,0.0,0.0004697544267779738,0.16822693102936703,-0.004903311245420667,9.04296067317431e-05,0.11573727439849293,-1.5767680713921954,0,0.40989026199334105
13.549120000000611,2.0025258511799118,-0.5913545981658423,1.1944537572126364,-0.001496239347842785,-0.28781039137849435,0.005372065063636358,1.6599319047689203,-0.6927324476817991,0.8729192695313739,0.02485944237689717,-0.13630698950003436,0.0048613031636963655,1.8472034510464361,-0.6117826275216749,0.8225538657776637,0.009186449336241064,-0.1948254026878994,0.020360251284754886,0.09000117304571391,0.09000117304571391,0.0,0.0004714231547973298,0.16789785012597447,-0.004883968206891506,8.991664816940145e-05,0.11543147596220357,-1.5767715526603852,0,0.4086908430261677
13.553280000000612,2.0025196263718876,-0.5925506358333881,1.1944760512214456,-0.001493953925803869,-0.28704904021098154,0.005350562114231791,1.6181254612844833,-0.3592193081392936,1.12359214500747,0.03206959751436766,-0.3686190986140657,0.0035644568038759755,1.7327304470524383,-0.4862649584133442,0.9730823365509056,0.02019860039957982,-0.2821723024462897,0.012054460627356359,0.09000117304571391,0.09000117304571391,0.0,0.00047306979356752073,0.1675687452303708,-0.0048647005963224944,8.940667567024488e-05,0.11512630634372267,-1.5767750236965203,0,0.40749459737147237
13.557440000000613,2.0025134111122087,-0.5937435077507651,1.1944982559912007,-0.0014916623229602169,-0.28628926017048817,0.005329144741202088,2.347293603572059,-0.6668493547980798,1.0708397189897947,0.20947410627383595,-0.3932145573908142,-0.14046885936598874,2.040450603091899,-0.5773761975297671,1.0216696602993243,0.11550831022643918,-0.33773322797271865,-0.06425495302727377,0.09000117304571391,0.09000117304571391,0.0,0.00047469450265721306,0.1672396218743457,-0.004845508122754905,8.889967142433356e-05,0.11482176534943814,-1.57677848454059,0,0.4063015184776079
13.561600000000613,2.002507205426246,-0.594933220462135,1.1945203718770603,-0.00148936463103943,-0.2855310507287754,0.00530781260627388,1.648749314053784,-0.5708145855909846,1.363660632693804,-0.19744072482142153,-0.3007341003422964,-0.14207662571357668,1.8441872844799148,-0.5747215709961985,1.192372418868787,-0.04130093942930808,-0.3188959949551929,-0.10335051951725109,0.09000117304571391,0.09000117304571391,0.0,0.0004762974405229021,0.16691048554382593,-0.0048263904961248355,8.839561772853226e-05,0.11451785277697148,-1.5767819352323587,0,0.4051115997951582
13.565760000000614,2.0025010093389914,-0.5961197805093688,1.194542399232779,-0.0014870609410888075,-0.28477441133607956,0.005286565372504709,2.236675987788033,-0.7493207244689855,1.1945500885866147,-0.17043782132761268,-0.2918309291238548,-0.016512002958961165,2.04007897135226,-0.6626298819949503,1.1934259484919016,-0.10542571414542888,-0.30511868315454865,-0.05946752621347322,0.09000117304571391,0.09000117304571391,0.0,0.00047787876407790787,0.1665813416794265,-0.004807347427921705,8.789449698589852e-05,0.11421456841525578,-1.5767853758113664,0,0.403924834777027
13.569920000000614,2.00249482287506,-0.5973031944319576,1.1945643384107136,-0.001484751343481981,-0.28401934142130364,0.005265402704275985,2.048216301901303,-0.4468577517075232,1.006102567185521,-0.025892307324060424,-0.25598843465901666,0.05372392723669644,2.0440938605489305,-0.5552755351387038,1.0998744840825427,-0.06567478760369579,-0.2801818141705149,-0.002779428457571545,0.09000117304571391,0.09000117304571391,0.0,0.00047943863039996617,0.16625219567657545,-0.004788378630777891,8.739629170462317e-05,0.11391191204461285,-1.5767888063169317,0,0.40274121687852726
13.574080000000615,2.0024886460586937,-0.598483468766925,1.1945861897618273,-0.0014824359279184342,-0.28326584039220803,0.005244324267287659,2.2612226587349125,-0.6115199686370495,1.1167983846794123,0.020138428788609615,-0.28990257937088953,0.004822372733653136,2.1527014379976,-0.5840026559255157,1.1083466941425448,-0.022663873433116804,-0.28430996038189493,0.0009676406720454838,0.09000117304571391,0.09000117304571391,0.0,0.0004809771943773498,0.1659230528859056,-0.004769483817842892,8.690098449819358e-05,0.11360988343682998,-1.576792226788154,0,0.40156073955746874
13.578240000000616,2.0024824789137625,-0.59966061004874,1.1946079536356962,-0.0014801147834328288,-0.28251390763559964,0.005223329728555455,1.9818520153957875,-0.7659579689216512,1.4378619049384895,0.15139359852012252,-0.31046545859831826,0.06773760713354275,2.0675903511074867,-0.6756274575934824,1.2732475295199333,0.06438947508650479,-0.29733178591535947,0.03433298839551954,0.09000117304571391,0.09000117304571391,0.0,0.0004824946108430259,0.16559391861364803,-0.004750662704082979,8.64085580841272e-05,0.11330848235523625,-1.576795637263914,0,0.40038339627424496
13.582400000000616,2.002476321463769,-0.6008346248092297,1.1946296303805146,-0.0014777879983954361,-0.28176354251751934,0.005202418756402762,2.2524661582540157,-0.9821282110396974,0.7942821466666488,-0.02345689785559722,-0.2283454156742239,0.0346587344968045,2.15998096051176,-0.8293538738607662,1.0338349620233818,0.020374862616660473,-0.26335126444730006,0.03382924359689298,0.09000117304571391,0.09000117304571391,0.0,0.00048399103307612736,0.1652647981215455,-0.004731915005443184,8.591899528382949e-05,0.11300770855477799,-1.5767990377828767,0,0.3992091804919199
13.586560000000617,2.0024701737318504,-0.6020055195774939,1.1946512203431,-0.00147545566051881,-0.2810147443834297,0.005181591020455987,2.1229474993279545,-0.41284632990227516,1.4915708536491579,-0.16102956528635962,-0.3710178010243792,-0.046423494420150924,2.1411291610546135,-0.6218674242471927,1.262610762386192,-0.07037685001323218,-0.31788416381016504,-0.006874316084593898,0.09000117304571391,0.09000117304571391,0.0,0.0004854666136537506,0.16493569662762064,-0.004713240438220773,8.543227902172629e-05,0.11270756178209426,-1.5768024283834923,0,0.3980380856763134
13.590720000000617,2.0024640357407804,-0.6031733008798206,1.1946727238688983,-0.0014731178568609107,-0.2802675125583993,0.0051608461916425015,1.7796534343734616,-0.2847607399371034,1.3199899865800153,0.0342186258620182,-0.09672986515905593,-0.010174577468982534,1.9604600337349483,-0.4535136949171011,1.2912786183089826,-0.018129896383438447,-0.2069478341387202,-0.008045869847958843,0.09000117304571391,0.09000117304571391,0.0,0.0004869215044487345,0.1646066193060911,-0.004694638720578421,8.494839232476377e-05,0.11240804177559124,-1.5768058091039987,0,0.39687010529608585
13.594880000000618,2.002457907512973,-0.604337975239601,1.1946941413019907,-0.0014707746738282347,-0.27952184634728755,0.005140183942182314,1.7046590141316162,-0.9782785447511151,1.1649538764368195,0.15973613037221285,-0.2536123669849095,-0.002779130554527028,1.8328897975931377,-0.7164257622490137,1.2281092217403438,0.07087966953522037,-0.2310156619748813,-0.005239174948585059,0.09000117304571391,0.09000117304571391,0.0,0.0004883558559855947,0.16427757128787235,-0.004676109571706194,8.44673183220765e-05,0.11210914826551657,-1.576809179982423,0,0.3957052328228225
13.599040000000619,2.0024517890704847,-0.6054995491772465,1.1947154729850973,-0.0014684261971816286,-0.27877774503492714,0.005119603945583231,2.559219142587787,-0.4339873381392172,0.8843955768804597,0.06364701466777056,-0.38429893526425585,-0.0018886006622564335,2.1961916557962264,-0.5760063967378629,1.0562470951073775,0.06739878160791873,-0.30644909666269704,-0.004058962314483612,0.09000117304571391,0.09000117304571391,0.0,0.0004897698180788175,0.1639485576606543,-0.004657652711623345,8.398904024417526e-05,0.11181088097403291,-1.5768125410565832,0,0.39454346173111676
13.60320000000062,2.002445680435018,-0.606658029210106,1.1947367192595832,-0.0014660725120394387,-0.2780352078863062,0.005099105876636837,2.0660988385025227,-0.7723432051772592,0.5054268828081857,0.03040167902588467,-0.1744900859981327,-0.0929766736259478,2.1312076090628365,-0.6745397351056595,0.7806397360312264,0.048884504456085,-0.2401770386798242,-0.048507418259792545,0.09000117304571391,0.09000117304571391,0.0,0.0004911635394027401,0.16361958346951266,-0.004639267861407833,8.35135414224865e-05,0.1115132396152912,-1.5768158923640898,0,0.393384785498652
13.60736000000062,2.0024395816279226,-0.6078134218523842,1.1947578804654642,-0.0014637137028824549,-0.277294234146748,0.005078689411413527,1.868263235462316,-0.7484993138450367,0.8407950620719642,-0.11365888562775406,-0.3167209738811061,0.04241373454064013,1.999498201734299,-0.7121804979109653,0.810804986939294,-0.032870414672998075,-0.2776336573702295,-0.0025466354398518297,0.09000117304571391,0.09000117304571391,0.0,0.0004925371679163413,0.16329065371688056,-0.004620954743426456,8.304080528860665e-05,0.11121622389550317,-1.5768192339423475,0,0.3922291976062843
13.61152000000062,2.002433492670199,-0.6089657336150596,1.1947789569414111,-0.0014613498535570799,-0.2765548230420902,0.005058354227256581,1.9633409057400257,-0.35437068344465256,1.1245127379344921,-0.043297700194196286,-0.23101205032935201,0.1486494150194076,1.9813312208517302,-0.5337549790169442,0.9679708378345664,-0.039034525581750516,-0.2536556611024637,0.07275620498040275,0.09000117304571391,0.09000117304571391,0.0,0.0004938908506470713,0.16296177336284057,-0.004602713080923179,8.257081537387705e-05,0.11091983351301357,-1.576822565828557,0,0.3910766915381229
13.615680000000621,2.0024274135825024,-0.6101149710058048,1.194799949024756,-0.001458981047279399,-0.27581697377886366,0.00503810000277796,1.6386388162037766,-0.7920122040019679,1.3229504856613346,-0.03208773046137421,-0.27157363865543904,-0.13275312984671234,1.8099155155106206,-0.6634511830159759,1.1451849225090383,-0.035386794650333266,-0.2621715693565364,-0.02897528453681316,0.09000117304571391,0.09000117304571391,0.0,0.0004952247332602896,0.16263294732563138,-0.004584542598248614,8.210355530885219e-05,0.11062406815837186,-1.576825888059717,0,0.3899272607816105
13.619840000000622,2.0024213443851413,-0.6112611405289068,1.194820857051497,-0.0014566073666410428,-0.275080685544468,0.005017926417853133,1.8159862282111647,-0.49175371510518984,0.5180270492779412,-0.05035116351899716,-0.355620520109927,-0.017592573523327378,1.8128466302553945,-0.5783410363210586,0.8315649411980017,-0.043081931292830306,-0.30883795110389684,-0.02325382320903604,0.09000117304571391,0.09000117304571391,0.0,0.0004965389615533538,0.1623041804817822,-0.004566443020876023,8.163900882238683e-05,0.11032892751440335,-1.576829200672625,0,0.3887808988276029
13.624000000000622,2.0024152850980848,-0.6124042486851874,1.1948416813563039,-0.0014542288936088214,-0.2743459575073476,0.004997833153615862,1.7129057961888332,-1.316634891907966,1.076962621071071,-0.0709237766936882,-0.32750563145702427,0.1457204090872108,1.762726947314084,-0.9481764239373086,0.9545679827842811,-0.05649754779935271,-0.31716495311791015,0.06151565940583814,0.09000117304571391,0.09000117304571391,0.0,0.0004978336791017397,0.16197547766624676,-0.004548414075417288,8.117715974176545e-05,0.11003441125627982,-1.5768325037038795,0,0.3876375991704481
13.628160000000623,2.0024092357409615,-0.6135443019719256,1.1948624222725224,-0.0014518457095341669,-0.273612788817166,0.004977819892452913,1.7268596490502583,-0.8087140954610997,0.7355721826133028,-0.01586004754114289,-0.28340845563196343,0.0681537740504791,1.7447610831653986,-0.879032886808332,0.8452101474605549,-0.036673968664877,-0.3007112046964075,0.06491155495117394,0.09000117304571391,0.09000117304571391,0.0,0.0004991090298210963,0.16164684367296545,-0.004530455489210564,8.07179919914009e-05,0.10974051905158988,-1.5768357971898816,0,0.38649735530806373
13.632320000000623,2.002403196333065,-0.6146813068827797,1.1948830801321808,-0.0014494578951518974,-0.27288117860497885,0.004957886318000474,1.9015634035170677,-0.10904103845725599,0.4098566542720057,-0.024490516038215383,-0.25681015868833773,-0.19810234491432555,1.823111100049246,-0.49456735496520676,0.6271195191975821,-0.0299574747028131,-0.2779832429808141,-0.06716125410691258,0.09000117304571391,0.09000117304571391,0.0,0.0005003651556138109,0.16131828325494868,-0.004512566991191628,8.026148959291268e-05,0.10944725056040852,-1.5768390811668362,0,0.3853601607420149
13.636480000000624,2.0023971668933545,-0.6158152699077105,1.194903655265994,-0.0014470655305887866,-0.2721511259834057,0.004938032115136972,1.9905441100119197,-0.8372334712036891,1.3251659004513792,-0.0316148348972404,-0.2790920384450221,0.0883849039874951,1.9067635213713898,-0.666484302476404,0.9763311605588739,-0.031027749838004565,-0.2780623701971811,0.010732593403434913,0.09000117304571391,0.09000117304571391,0.0,0.000501602198289661,0.1609898011244657,-0.004494748310626146,7.980763666400541e-05,0.10915460543536651,-1.5768423556707543,0,0.38422600897759085
13.640640000000625,2.002391147440457,-0.6169461975329055,1.1949241480033688,-0.0014446686953641283,-0.27142263004680117,0.00491825696998114,1.543908902170678,-0.38022087812193806,1.0434448015467466,0.0008091356734647136,-0.20428146941620076,-0.09805464012725842,1.7253342045161155,-0.52377593181865,1.0096841533037155,-0.014557821851534241,-0.24096260395937233,-0.04348741395821331,0.09000117304571391,0.09000117304571391,0.0,0.0005028202987091323,0.16066140195355705,-0.004476999178193886,7.93564174182487e-05,0.10886258332171908,-1.5768456207374535,0,0.3830948935238808
13.644800000000625,2.002385137992672,-0.6180740962407031,1.19494455867241,-0.0014422674683938698,-0.27069568987142417,0.004898560569885627,2.6043328176013483,-0.6844536011824156,0.892633038440243,-0.1260162440615965,-0.4101417167456599,-0.12725040820713543,2.1645766307500813,-0.6049717682068507,0.950893900710012,-0.06983706375572221,-0.32419761742514924,-0.08574872422018058,0.09000117304571391,0.09000117304571391,0.0,0.0005040195963528569,0.16033309037417154,-0.0044593193260053406,7.890781616466292e-05,0.10857118385741424,-1.5768488764025606,0,0.381966807893849
13.648960000000626,2.0023791385679717,-0.6191989725095182,1.1949648875999241,-0.0014398619279965376,-0.2699703045156062,0.004878942603430446,2.2523350652312977,-0.34812113717285137,1.3269494880530865,-0.119143360584031,-0.3206259125522618,-0.006538493952108101,2.2082078981770468,-0.47721267624927877,1.1389101577436698,-0.09412682306887901,-0.32186946298684777,-0.045875463711783346,0.09000117304571391,0.09000117304571391,0.0,0.0005052002301738552,0.16000487097830585,-0.0044417084865475374,7.84618173067996e-05,0.1082804066731606,-1.576852122701512,0,0.3808417456044094
13.653120000000627,2.0023731491840056,-0.6203208328137678,1.1949851351114258,-0.0014374521518956097,-0.269246473019919,0.004859402760420911,2.3748703849609276,-0.026198459281851605,1.1597737066383642,-0.03907870806665124,-0.3647982600475697,0.02287853608017241,2.2914593927222873,-0.25246145091259775,1.1493885590954538,-0.0667830007346914,-0.3432016003987717,-0.01097116437278244,0.09000117304571391,0.09000117304571391,0.0,0.0005063623381678611,0.15967674831840994,-0.004424166393554047,7.801840534233737e-05,0.10799025139249478,-1.5768553596695565,0,0.37971970017650003
13.657280000000627,2.0023671698581005,-0.6214396836237984,1.195005301531142,-0.0014350382172236777,-0.26852419440734066,0.004839940731881913,2.071130768082718,-1.0004072163030284,0.6730650351554524,-0.1146283090574669,-0.15786408879427047,-0.06727821723902745,2.1810554024327766,-0.626767920134768,0.9110839410197816,-0.09084074885615862,-0.2505446672408349,-0.039320007791602586,0.09000117304571391,0.09000117304571391,0.0,0.0005075060577985563,0.15934872690774204,-0.0044066927820209795,7.757756486249126e-05,0.10770071763184835,-1.5768585873417555,0,0.378600665135155
13.661440000000628,2.002361200607265,-0.6225555314058127,1.1950253871820171,-0.0014326202005248362,-0.26780346768342,0.0048205562100521095,2.0695722203904414,-0.7832142074514892,1.4644239240954557,-0.0070830011456024106,-0.2362010609248393,0.0202039818416729,2.1252976819977754,-0.7054834190189587,1.1878004173632446,-0.04867061779156586,-0.24338860901410012,-0.009845094165790519,0.09000117304571391,0.09000117304571391,0.0,0.000508631525139999,0.1590208112203484,-0.004389287387580428,7.71392805517627e-05,0.10741180500061412,-1.5768618057529857,0,0.37748463400957805
13.665600000000628,2.002355241448191,-0.6236683826217978,1.1950453923857187,-0.0014301981777606425,-0.26708429183644117,0.004801248888380778,1.7280415813813093,-0.592336417992181,1.1458525670246806,0.005710438864437181,-0.2749178035150165,-0.004146251341014796,1.9266800441046272,-0.6494829490406919,1.1668190693546145,-0.022115708398838224,-0.25818891212454065,-0.007714779963260504,0.09000117304571391,0.09000117304571391,0.0,0.0005097388759428131,0.15869300569157885,-0.0043719499471570125,7.670353718705096e-05,0.1071235131012123,-1.576865014937939,0,0.3763716003332137
13.669760000000629,2.0023492923972563,-0.6247782437294545,1.1950653174626418,-0.0014277722243116332,-0.2663666658375858,0.004782018461521889,1.917482824097193,-0.5105802488734549,1.166916376204742,0.09938709781227416,-0.29710277630510706,-0.021631368698239648,1.9222887278391272,-0.5806484141811561,1.1668228556145894,0.03832219103581869,-0.27772891064736016,-0.014732178481461852,0.09000117304571391,0.09000117304571391,0.0,0.0005108282443491668,0.15836531471822912,-0.004354680198555484,7.627031963744733e-05,0.10683584152915601,-1.5768682149311257,0,0.37526155764381863
13.67392000000063,2.0023433534705273,-0.6258851211821257,1.195085162731914,-0.0014253424149841942,-0.2656505886410946,0.004762864625329908,2.1992040528273047,-0.09353753784020546,0.911993332207722,0.2143243311017111,-0.32027062420306335,0.04637906587999799,2.061193806186424,-0.33775649653959355,1.0395044789989079,0.12646116775109578,-0.29862415319187735,0.015001557956569008,0.09000117304571391,0.09000117304571391,0.0,0.0005118997646003614,0.15803774265868342,-0.004337477880475418,7.583961286318096e-05,0.10654878987311622,-1.5768714057668745,0,0.374154499483532
13.67808000000063,2.0023374246837604,-0.6269890214287275,1.1951049285114008,-0.001422908824010313,-0.26493605918442853,0.004743787076855574,2.2526780856590753,-0.5352759803836952,1.2405377560836155,-0.11241698176076631,-0.24178453536414063,0.020003366309293013,2.1567023439841235,-0.43701989391691554,1.1400648165010951,0.0075748579229080945,-0.27051162070002055,0.01717237765716804,0.09000117304571391,0.09000117304571391,0.0,0.0005129535695387495,0.15771029383343216,-0.004320342733168343,7.541140191563203e-05,0.10626235771498663,-1.5768745874793344,0,0.37305041939894545
13.68224000000063,2.002331506052406,-0.6280899509136793,1.1951246151177106,-0.0014204715250535726,-0.2642230763884274,0.004724785514338904,2.3960759750190745,-0.7583420831274507,1.4241141747032156,-0.04378720744179001,-0.3514034642718348,0.1643633674701876,2.276300198348744,-0.5984156917809788,1.2824336710631918,-0.01831443266873975,-0.31020907090355704,0.09060611972988077,0.09000117304571391,0.09000117304571391,0.0,0.0005139897910320787,0.1573829725251089,-0.004303274497169402,7.498567193660362e-05,0.1059765446299477,-1.5768777601024764,0,0.3719493109411716
13.686400000000631,2.0023255975916094,-0.6291879160768353,1.195144222866199,-0.001418030591213376,-0.26351163915746845,0.004705859637207488,1.9818270129814601,-0.34585992306892166,0.5748767878229489,-0.09379885715306982,-0.11313475917173207,-0.08243204291430498,2.128867334914577,-0.47237138881878465,0.9284796775689592,-0.05647914162719296,-0.2116693105032673,0.003686757053186154,0.09000117304571391,0.09000117304571391,0.0,0.0005150085606126726,0.15705578297879608,-0.004286272914380853,7.456240815758691e-05,0.10569135018653043,-1.5768809236700945,0,0.3708511676659133
13.690560000000632,2.0023196993162133,-0.6302829233534171,1.1951637520709744,-0.001415586095026505,-0.2628017463796236,0.004687009146070305,1.8424735318553738,-0.1837804750416998,0.6642957416903781,-0.0600849593633535,-0.1447209827451355,0.06325139547241157,1.9855431518871614,-0.32837485704412117,0.7965171099803674,-0.05813636897907596,-0.17823352518858257,0.03361532791216537,0.09000117304571391,0.09000117304571391,0.0,0.0005160100088342522,0.15672872940232996,-0.0042693377276596944,7.414159589951804e-05,0.10540677394667973,-1.576884078215807,0,0.3697559831335308
13.694720000000633,2.0023138112407612,-0.6313749791739455,1.1951832030449023,-0.001413138108471359,-0.2620933969268154,0.004668233742713202,2.2036408526796625,-0.5854532411967149,1.8204843032306584,-0.18875901385389782,-0.32401521993732796,-0.01603318633238146,2.094202122789018,-0.45758956935329753,1.3084738109137348,-0.12402000372551214,-0.25122125857278044,0.00913676151046634,0.09000117304571391,0.09000117304571391,0.0,0.0005169942650553256,0.1564018159664473,-0.004252468680832358,7.372322057230115e-05,0.10512281546581724,-1.576887223773058,0,0.3686637509091091
13.698880000000633,2.0023079333794986,-0.6324640899641745,1.195202576099611,-0.0014106867029730942,-0.2613865896549721,0.004649533130094378,1.6081808533424458,-0.5449799163998329,1.4616530050122818,-0.08059013942036963,-0.29012059400135853,-0.10162986771883886,1.8510209234809192,-0.5018898956886071,1.3848522107402286,-0.10252975064168232,-0.27014004043360856,-0.0458154021802691,0.09000117304571391,0.09000117304571391,0.0,0.0005179614582918688,0.1560750468050387,-0.0042356655187093285,7.330726767396231e-05,0.1048394742929038,-1.576890360375119,0,0.3675744645625246
13.703040000000634,2.002302065746376,-0.6335502621450252,1.1952218715454959,-0.0014082319494052083,-0.260681323404182,0.00463090701233976,2.2497623960028763,-0.9473249399482269,0.9422721685565255,-0.02234512470684636,-0.2851601410776261,-0.07810438085002008,2.0503479526181514,-0.7252034488943049,1.1633966312879787,-0.06243290254960463,-0.27775041432208625,-0.061954664285584264,0.09000117304571391,0.09000117304571391,0.0,0.0005189117163602046,0.1557484260155635,-0.004218927987313988,7.289372279038514e-05,0.10455674997050152,-1.5768934880550896,0,0.3664881176685107
13.707200000000634,2.002296208355051,-0.6346335021325203,1.195241089691724,-0.0014057739180946963,-0.25997759699884565,0.004612355094737453,2.4769996788470956,-0.7076442764428683,1.4596928496947572,-0.10639999685407285,-0.3252416836691225,0.10627104077720305,2.2634547686085256,-0.7171017722843682,1.3117668057337357,-0.08406564571553612,-0.30075288019861157,0.022651705401648136,0.09000117304571391,0.09000117304571391,0.0,0.0005198451667296831,0.1554219576590371,-0.0042022558330412525,7.248257159458608e-05,0.1042746420348353,-1.5768966068458992,0,0.3654047038067231
13.711360000000635,2.002290361218889,-0.6357138163377196,1.1952602308462397,-0.0014033126788236506,-0.2592754092478282,0.004593877083735689,1.738995623965575,-0.74636553100727,1.4743674186980515,0.1526602469056012,-0.41876059352682715,-0.017809701288425545,2.0015401407646043,-0.7326051989598185,1.393031452269144,0.033760201582711404,-0.3595892124681145,0.0023053446403086984,0.09000117304571391,0.09000117304571391,0.0,0.0005207619358795087,0.1550956457604471,-0.004185648803741077,7.207379984647968e-05,0.10399315001585399,-1.5768997167803083,0,0.36432421656180447
13.715520000000636,2.002284524350969,-0.6367912111666555,1.1952792953157685,-0.001400848300833541,-0.25857475894461013,0.004575472686936271,2.076505234181596,-0.3478726602997798,0.9911919065561655,0.17362081049929828,-0.48327287513203815,-0.02810368893727342,2.0393852954151503,-0.5412429673717606,1.1920506319066728,0.10322132603963878,-0.42068437520656504,-0.01300263335517905,0.09000117304571391,0.09000117304571391,0.0,0.0005216621490821225,0.15476949430890252,-0.004169106648091937,7.166739339233957e-05,0.1037122734372912,-1.5769028178909095,0,0.3632466495234484
13.719680000000636,2.002278697764082,-0.6378656930202699,1.195298283405823,-0.0013983808528303956,-0.2578756448674369,0.004557141613090607,2.160567516003526,-0.13847363735495732,1.006721402923386,-0.08058812647811481,-0.25662662697819877,-0.15035968627448648,2.0998086854026,-0.340390926933799,1.0990729025571369,0.011783869044363446,-0.3378644289658632,-0.08211750624184479,0.09000117304571391,0.09000117304571391,0.0,0.0005225459314698398,0.15444350725794387,-0.004152629116043145,7.126333816394753e-05,0.10343201181672557,-1.576905910210129,0,0.3621719962864625
13.723840000000637,2.0022728814707365,-0.6389372682943509,1.1953171954207067,-0.001395910402985536,-0.2571780657794677,0.004538883572093947,2.6113805237311594,-0.5063372577688041,1.396343904917101,-0.026251691236030418,-0.24075619990256905,0.02518681469844946,2.355543069446761,-0.4238658848219409,1.2477622740471586,-0.006985248258456705,-0.28938126072273407,-0.028184824741751935,0.09000117304571391,0.09000117304571391,0.0,0.000523413406964217,0.15411768852564056,-0.004136215957973508,7.086162017843866e-05,0.10315236466564072,-1.5769089937702279,0,0.3611002504508317
13.728000000000637,2.0022670754831577,-0.6400059433794715,1.195336031663519,-0.0013934370189407717,-0.25648202042892343,0.004520698274983074,1.5918049456517118,-1.2823972448910403,1.2148863348746886,-0.07167691569248069,-0.27538993109371157,0.19095107599814892,1.9735201236586943,-0.8537101136346006,1.231721216596215,-0.039589602047251635,-0.2825123857847838,0.081383766314027,0.09000117304571391,0.09000117304571391,0.0,0.0005242646989147902,0.1537920419951161,-0.004119866925560656,7.046222553763588e-05,0.10287333148948472,-1.576912068603303,0,0.36003140562177954
13.732160000000638,2.002261279813292,-0.6410717246609267,1.1953547924361605,-0.001390960767810933,-0.2557875075492326,0.00450258543393043,1.674270230833,-0.20773301562906527,1.0625425706658749,-0.04645610820684877,-0.23758124219764643,0.010050637312375741,1.823796076099588,-0.5312112492373499,1.1471505676070255,-0.042839795349713126,-0.2600291316635198,0.04622531476875348,0.09000117304571391,0.09000117304571391,0.0,0.0005250999298833489,0.1534665715143788,-0.0041035817713680235,7.006514042763435e-05,0.10259491178772912,-1.5769151347412884,0,0.35896545540983016
13.736320000000639,2.002255494472808,-0.6421346185186733,1.1953734780393366,-0.0013884817161873,-0.2550945258591778,0.00448454476223991,2.207682729812293,-1.1630222214753152,1.3809039154071021,-0.011710042344102032,-0.15491986747170494,0.0365074324685492,2.0157172910213648,-0.8474435790687589,1.264104666905593,-0.027064559089287097,-0.20738803487957327,0.041436565029376905,0.09000117304571391,0.09000117304571391,0.0,0.0005259192214277682,0.15314128089684886,-0.0040873602488588345,6.967035111833192e-05,0.10231710505392769,-1.576918192215957,0,0.3579023934308695
13.74048000000064,2.002249719473099,-0.6431946313272693,1.195392088772563,-0.0013859999301419328,-0.25440307406304014,0.004466575974342649,2.337956656805134,-0.7514695589187892,1.1596408426876161,-0.01995264926479374,-0.32900339689967545,-0.1202335967500865,2.1767974624787105,-0.8001430112609013,1.2116231979056,-0.02338145922157643,-0.26684334104901686,-0.03999233053015765,0.09000117304571391,0.09000117304571391,0.0,0.0005267226947411889,0.15281617392151092,-0.004071202112410095,6.927784396274826e-05,0.10203991077577473,-1.5769212410589206,0,0.35684221330620464
13.74464000000064,2.0022439548252855,-0.6442517694558141,1.1954106249341705,-0.0013835154752293356,-0.25371315085074264,0.0044486787857927115,1.7184392870649536,-0.5773118598284146,1.1060137150355143,0.1266000494739607,-0.09505729897460591,-0.009284192352579022,1.9478796379353618,-0.6889247374083151,1.1587983054478568,0.051048609428090294,-0.180410894751022,-0.024591579202101154,0.09000117304571391,0.09000117304571391,0.0,0.0005275104695809428,0.15249125433312127,-0.004055107117326588,6.888760539678147e-05,0.10176332843516281,-1.5769242813016322,0,0.35578490866262447
13.74880000000064,2.0022382005402166,-0.6453060392678891,1.195429086821309,-0.001381028416492583,-0.25302475489799303,0.004430852913262769,1.7604438240628526,-0.3225510984758701,1.2293967721790338,-0.027314397203393112,-0.21492874602015083,0.09462758827738546,1.854102814832713,-0.5061851489643198,1.194295244225699,0.012252672596862664,-0.19634570203855914,0.034823439776261386,0.09000117304571391,0.09000117304571391,0.0,0.00052828266597659,0.15216652584241552,-0.004039075020283191,6.849962193829974e-05,0.10148735750824031,-1.576927312975387,0,0.35473047313245815
13.752960000000641,2.002232456628473,-0.6463574471214992,1.195447474729953,-0.001378538818462328,-0.25233788486642544,0.004413098074537877,2.0531294633694803,-0.23792191217529352,0.9109473545060764,-0.0035531875712944217,-0.24067607721033488,-0.04981207394707783,1.9536114139990457,-0.37255395839872024,1.0525162482174824,0.0037387735918676577,-0.2176878582888075,-0.0077481872399973815,0.09000117304571391,0.09000117304571391,0.0,0.0005290394020904298,0.15184199212637006,-0.004023105578269348,6.811388018725432e-05,0.10121199746546848,-1.5769303361113225,0,0.3536789003536338
13.757120000000642,2.0022267231003683,-0.6474059993690148,1.1954657889549052,-0.001376046745164725,-0.2516525394037411,0.004395413988513722,2.3187319277941425,-0.3941826789247867,1.1595133563813402,0.011622568838362825,-0.24938600646842396,0.05673572623033659,2.1361995817866775,-0.3838868681831476,1.1061327429144963,0.007112124822407959,-0.23368755029310403,0.024882369425093413,0.09000117304571391,0.09000117304571391,0.0,0.0005297807961386009,0.151517656828411,-0.004007198549457757,6.773036682462014e-05,0.10093724777167809,-1.5769333507404215,0,0.3526301839697368
13.761280000000642,2.0022209999659513,-0.6484517023571141,1.1954840297898017,-0.0013735522601213438,-0.2509687171438481,0.0043778003751912,1.906801114622327,-0.7837805836053618,1.2287867678529818,0.19869844038373743,-0.2782692331322185,-0.15666065928660378,2.021911319849552,-0.5844155310961168,1.1671342123181356,0.10323447246828048,-0.25587213651565105,-0.06561223808853626,0.09000117304571391,0.09000117304571391,0.0,0.000530506965320891,0.1511935235587304,-0.003991353693004827,6.73490686122363e-05,0.10066310788612574,-1.5769363568935113,0,0.35158431763006615
13.765440000000643,2.0022152872350083,-0.6494945624267267,1.195502197527117,-0.0013710554263535444,-0.25028641670699964,0.004360256955671844,1.4471756979889474,-0.3171799007101969,1.5272541474500703,-0.15236134523566613,-0.39108044422711924,0.11291959024459831,1.734223405865642,-0.45160939395020044,1.3474305501197272,-0.024944162979693377,-0.32341374370445025,0.024132301759001426,0.09000117304571391,0.09000117304571391,0.0,0.0005312180260320229,0.15086959589428284,-0.003975570769064692,6.696997239231492e-05,0.10038957726254966,-1.5769393546012662,0,0.35054129498969233
13.769600000000644,2.002209584917065,-0.6505345859129764,1.1955202924581676,-0.0013685563063859686,-0.2496056366999324,0.004342783452153194,2.3597394863374914,-0.32141620578333935,0.7469457996510931,-0.0931610143155677,-0.2643363433287921,-0.011037540027275312,2.046791196165058,-0.3870631433324473,1.0471607857490686,-0.0586372137177227,-0.2931851719250977,0.006659979071350909,0.09000117304571391,0.09000117304571391,0.0,0.0005319140940733828,0.150545877379209,-0.003959849538589012,6.659306508685808e-05,0.10011665534922529,-1.5769423438942078,0,0.34950110970951287
13.773760000000644,2.002203893021389,-0.6515717791451264,1.1955383148731173,-0.0013660549622491495,-0.24892637571600315,0.004325379587925017,1.9933918581871568,-0.676323870264105,1.4917199078905494,-0.1397990340147022,-0.2586312064893861,0.1665150743315248,2.019800632561925,-0.5322345433052226,1.2697889966087303,-0.09933649023121492,-0.2753973332157623,0.08696558091505625,0.09000117304571391,0.09000117304571391,0.0,0.0005325952844372935,0.15022237152494056,-0.003944189763340308,6.621833369728136e-05,0.09984434158902032,-1.5769453248027068,0,0.34846375545630814
13.777920000000645,2.002198211556991,-0.6526061484465236,1.1955562650609814,-0.0013635514554830174,-0.24824863233532465,0.004308045087365453,1.567168701355373,-0.8246647454629477,0.5894469893681763,-0.082586979705465,-0.21225919669062493,0.022216750724403926,1.793310198324564,-0.6788942974651577,0.9296609647451646,-0.09119224577727875,-0.2432967222470427,0.05386335628364333,0.09000117304571391,0.09000117304571391,0.0,0.000533261711304796,0.14989908181057177,-0.0039285912061194465,6.584576530389245e-05,0.09957263541944958,-1.576948297356983,0,0.34742922590279635
13.782080000000645,2.002192540532628,-0.653637700134544,1.1955741433096312,-0.0013610458471404146,-0.24757240512490022,0.0042907796759362165,2.195364288167205,-0.6092403755876381,1.127098820613936,-0.020145518310924038,-0.03396286557319017,0.04637130689108168,1.9942994626148933,-0.6441372011271739,1.0284778393890495,-0.056302408363785784,-0.13878252090517984,0.050062912674927934,0.09000117304571391,0.09000117304571391,0.0,0.0005339134880434277,0.14957601168280482,-0.003913053630565464,6.547534706534806e-05,0.09930153627272914,-1.5769512615871077,0,0.34639751472768815
13.786240000000646,2.002186879956804,-0.6546664405205389,1.1955919499057985,-0.0013585381977906184,-0.24689769263875835,0.004273583080178651,1.8906733050160205,0.11880460936114845,0.8439211627637269,0.11979845200550374,-0.1137380981310061,-0.05857927491477677,1.9427343602557658,-0.26289938522507345,0.9360770607590437,0.03196550183565531,-0.12536943750780613,-0.004585075517040234,0.09000117304571391,0.09000117304571391,0.0,0.0005345507278468483,0.14925316455653664,-0.003897576801383057,6.510706621807582e-05,0.09903104357583051,-1.576954217523004,0,0.3453686156157403
13.790400000000647,2.0021812298377726,-0.6556923759097809,1.1956096851350806,-0.0013560285675201964,-0.2462244934180848,0.004256455027708839,2.032027446048512,-0.6463216421553944,0.9771359895548382,-0.305722812640318,-0.259467716403002,-0.03463460805196432,1.9867465003581697,-0.45515313740655994,0.9565342806005576,-0.1372738988609138,-0.19228717695950792,-0.01937091932970775,0.09000117304571391,0.09000117304571391,0.0,0.0005351735426642086,0.1489305438145912,-0.0038821604841423954,6.474091007617507e-05,0.09876115675053403,-1.5769571651944476,0,0.34434252225780937
13.794560000000647,2.0021755901835396,-0.6567155126014116,1.195627349281944,-0.0013535170159383236,-0.2455528059913559,0.004239395247213518,1.7230730479327787,-0.7026487363740205,1.4667478547794,0.05240305583831473,-0.22568487454293798,-0.025066618719636297,1.8550192394017775,-0.5793716103880739,1.2115935835179954,-0.04355996549340362,-0.20921292052430815,-0.0227393692688531,0.09000117304571391,0.09000117304571391,0.0,0.0005357820438388877,0.148608152808468,-0.0038668044452924606,6.437686603073085e-05,0.09849187521348227,-1.5769601046310686,0,0.3433192283509044
13.798720000000648,2.0021699610018637,-0.6577358568883885,1.1956449426297293,-0.0013510036021794364,-0.24488262887446857,0.004222403468445964,2.310146500146824,-0.4100581937782891,1.5119196044489835,0.021532182180469525,-0.21068178957566622,-0.2493216661944718,2.082631236114871,-0.4951527950472248,1.3612393260837126,-0.011208123176215863,-0.2095309794187253,-0.1356373018919753,0.09000117304571391,0.09000117304571391,0.0,0.0005363763423206643,0.14828599485807537,-0.003851508451960174,6.401492154930823e-05,0.09822319837623272,-1.576963035862352,0,0.34229872759823926
13.802880000000648,2.0021643423002597,-0.6587534150574338,1.1956624654606551,-0.0013484883849050008,-0.2442139605708715,0.004205479422222734,1.9759778474787029,-1.277038595199289,0.9271609996599036,0.08621236409315364,-0.22952635282834696,-0.04316058741424939,2.0294814667435848,-0.8865783926784191,1.1441082373817573,0.03828828515294106,-0.2196148088692232,-0.08983027485482657,0.09000117304571391,0.09000117304571391,0.0,0.0005369565478085922,0.1479640732522664,-0.003836272272177251,6.365506417572433e-05,0.09795512564531042,-1.576965958917639,0,0.3412810137092844
13.807040000000649,2.002158734086,-0.6597681933889825,1.1956799180558235,-0.001345971422308851,-0.24354679957169395,0.004188622840419412,1.7213646334880581,-0.7938885005296703,1.0014556119316116,0.15944705140348261,-0.31635350650957755,0.04683360016690069,1.8757529510813282,-0.8408897170788594,1.0728774048916805,0.09866191439811473,-0.2685006442041067,-0.021057941733521407,0.09000117304571391,0.09000117304571391,0.0,0.0005375227696036841,0.1476423912489474,-0.0038210956755360126,6.329728152927503e-05,0.09768765642225992,-1.5769688738261278,0,0.34026608039981776
13.81120000000065,2.0021531363661165,-0.660780198157132,1.1956973006952234,-0.0013434527721189738,-0.24288114435587427,0.004171833455963691,2.5861165524440977,-0.4518720469620644,1.1136277847758183,-0.1043302083290436,-0.20167762976462927,0.06959767486350005,2.2307216346101737,-0.6467975361901424,1.0933971606558464,-0.0022998738780678745,-0.23514499903472402,0.0244950914750341,0.09000117304571391,0.09000117304571391,0.0,0.0005380751163936311,0.1473209520751338,-0.003805978431705527,6.294156130433264e-05,0.09742079010369711,-1.5769717806168746,0,0.3392539213919761
13.81536000000065,2.0021475491474017,-0.6617894356295915,1.1957146136577352,-0.0013409324916001907,-0.24221699339028788,0.004155111002834571,2.2923051015253746,-1.3460885156378217,1.5857710149288393,0.10646557139509052,-0.22238862887500407,-0.020218403996414683,2.261735187410429,-0.9969112745199338,1.339545826717861,0.05210323698435357,-0.22838610854571118,0.00197423993982923,0.09000117304571391,0.09000117304571391,0.0,0.0005386136962510267,0.1469997589274339,-0.0037909203115131136,6.258789127001356e-05,0.09715452608136067,-1.5769746793187946,0,0.3382445304143043
13.81952000000065,2.002141972436412,-0.6627959120676327,1.1957318572211355,-0.0013384106375568434,-0.24155434512987334,0.004138455216057104,1.9799188101036536,-1.2105929135645994,0.992158135927359,0.042076851209216726,-0.18684892265774142,-0.10308081994318916,2.120912228798392,-1.1041440404805074,1.16563456375264,0.0472429083030353,-0.20674943274055735,-0.05026690060010252,0.09000117304571391,0.09000117304571391,0.0,0.0005391386164176424,0.14667881497205232,-0.0037759210867441585,6.223625926983373e-05,0.09688886374216293,-1.5769775699606632,0,0.3372379012018057
13.823680000000651,2.002136406239469,-0.66379963372604,1.195749031662101,-0.0013358872663363803,-0.24089319801775844,0.004121865831697961,1.9989271689274877,-0.9847420431029206,0.9270855309639231,0.013025877965631849,-0.2782378862969729,0.11993883824431953,2.05994520064006,-1.0450214387063257,1.0466084944781169,0.03049147975632751,-0.24224591371614093,0.034513941155659415,0.09000117304571391,0.09000117304571391,0.0,0.0005396499830882572,0.1463581233449543,-0.003760980529941279,6.188665322121958e-05,0.09662380246824068,-1.5769804525711169,0,0.33623402749599085
13.827840000000652,2.0021308505626614,-0.6648006068530624,1.1957661372562127,-0.001333362433833839,-0.24023355048538536,0.004105342586861832,1.6949817492599457,-0.17509995796460193,1.2484026055846895,-0.19324418753287043,-0.27650297177714045,-0.1600736526128473,1.8770589057210667,-0.6106308500085823,1.1471731884652654,-0.08132687935301997,-0.2588333258741272,-0.062370674616499616,0.09000117304571391,0.09000117304571391,0.0,0.0005401479024777374,0.14603768715229742,-0.0037460984146311382,6.153906111469089e-05,0.09635934163700545,-1.5769833271786537,0,0.33523290304492614
13.832000000000653,2.002125305411847,-0.6657988376903651,1.1957831742779614,-0.0013308361954918854,-0.23957540095263424,0.004088885219686878,1.7652378779964437,0.055518908655416865,1.267595467166814,-0.03539087115146084,-0.16361118235790115,0.0027122629274522183,1.8210735799798614,-0.2778919622413386,1.2073907018183896,-0.05816109824722626,-0.21106176517431166,-0.029780440507282655,0.09000117304571391,0.09000117304571391,0.0,0.0005406324797508485,0.14571750947049034,-0.0037312745153377756,6.11934710138611e-05,0.09609548062119347,-1.5769861938116354,0,0.33423452160328176
13.836160000000653,2.002119770792654,-0.6667943324729815,1.1958001430007503,-0.001328308606305308,-0.2389187478279463,0.004072493469340142,1.980134875941725,-0.6456117522769736,1.525685032056646,-0.06822632317832843,-0.41634492772068554,0.015935315402114167,1.9004628845871903,-0.46262011960402016,1.3665739241959056,-0.06292974239303636,-0.3138325859500281,-0.007254864496380934,0.09000117304571391,0.09000117304571391,0.0,0.0005411038192335402,0.14539759334625163,-0.0037165086069534115,6.084987105485917e-05,0.09583221878891525,-1.5769890524982868,0,0.33323887693237947
13.840320000000654,2.002114246710484,-0.6677870974292667,1.1958170436969005,-0.001325779720824632,-0.23826358950844667,0.004056167076015591,1.3855828743580108,-1.081167443037841,1.0821716563231742,0.05365574359563599,-0.25960772356604256,-0.06177062964299899,1.6431311330990372,-0.772440070206909,1.2242431294788994,-0.004766644163573483,-0.28576959420277837,-0.034898944605060864,0.09000117304571391,0.09000117304571391,0.0,0.0005415620250525709,0.1450779417971499,-0.0037018004658206267,6.050824944572066e-05,0.09556955550370488,-1.5769919032666981,0,0.3322459628002393
13.844480000000654,2.0021087331705125,-0.6687771387808503,1.1958338766376544,-0.0013232495931570667,-0.2376099243800651,0.004039905780927614,1.3802245330688572,-0.44123228028520567,1.2689834616915627,0.07712623209860762,-0.22570841718239443,0.08365635405254702,1.5118374613418735,-0.6073060964323161,1.246786561774431,0.035670815934264834,-0.25441002966157106,0.024875835096461726,0.09000117304571391,0.09000117304571391,0.0,0.0005420072004927745,0.14475855781145042,-0.0036871498686761664,6.016859446621993e-05,0.09530749012456895,-1.576994746144825,0,0.3312557729816264
13.848640000000655,2.002103230177692,-0.6697644627425906,1.1958506420931807,-0.001320718276970131,-0.23695775081765705,0.004023709326308975,2.156799531119605,-0.7503386653659759,0.9849717970747103,-0.05317063818373914,-0.07162146513793763,-0.08338917865147079,1.8342115965802757,-0.6789729028648906,1.1157042448706125,-0.008350235537882712,-0.16276272642169684,-0.029415419016971218,0.09000117304571391,0.09000117304571391,0.0,0.0005424394475669423,0.14443944434849587,-0.0036725565933047807,5.9830894467429244e-05,0.09504602200603504,-1.5769975811604897,0,0.3302683012580969
13.852800000000656,2.0020977377367526,-0.6707490755225286,1.1958673403325781,-0.0013181858254970697,-0.23630706718512343,0.004007577455405994,2.16520615003971,-0.8754476600239248,2.059256160573371,0.021680495191925848,-0.23620388910680826,0.1250266953789315,1.9997565714807215,-0.7777029377524128,1.587744934788434,0.006525091429410793,-0.199486174189321,0.04872007506202591,0.09000117304571391,0.09000117304571391,0.0,0.0005428588687243028,0.14412060433887425,-0.003658020418338362,5.94951378707909e-05,0.09478515049820015,-1.5770004083413822,0,0.3292835414180437
13.856960000000656,2.0020922558522045,-0.6717309833218433,1.19588397162388,-0.0013156522915351476,-0.23565787183552928,0.003991509912474589,2.1301377776733172,-0.3208033319956618,1.1741203709765393,-0.024778951861577303,-0.2593251712509283,-0.01765147438399396,2.064897209631283,-0.5497900256868087,1.3808940271655077,-0.009443343470611168,-0.22906566407026052,0.015065803393552193,0.09000117304571391,0.09000117304571391,0.0,0.0005432655651393778,0.14380204068469415,-0.0036435411234827866,5.916131316832608e-05,0.09452487494677841,-1.577003227715061,0,0.3283014872567409
13.861120000000657,2.0020867845283403,-0.6727101923348068,1.1959005362340582,-0.0013131177274510772,-0.23501016311122158,0.003975506442775397,1.3785490567981975,-0.5587027251174319,1.1432668580994974,0.04142244929722857,-0.2401382726614756,0.20322153325453404,1.7218042113762708,-0.5547470327766351,1.2625022021253924,0.01611930504964411,-0.23406541875588513,0.10878186105096715,0.09000117304571391,0.09000117304571391,0.0,0.0005436596371367706,0.1434837562595398,-0.003629118488888722,5.882940892200471e-05,0.09426519469314867,-1.5770060393089536,0,0.327322132576389
13.865280000000658,2.0020813237692354,-0.6736867087487399,1.1959170344290273,-0.001310582185184671,-0.23436393934394703,0.003959566792571484,1.9287716878963375,-0.5018956555337888,0.9239726867931802,0.05157953400229553,-0.3668397286026338,-0.07376124439952347,1.825397032792104,-0.5290859525474902,1.0930807208437043,0.03367838873350878,-0.2995005481940382,0.01797086016410746,0.09000117304571391,0.09000117304571391,0.0,0.0005440411850447398,0.14316575390890746,-0.003614752295805452,5.849941376306047e-05,0.09400610907440182,-1.577008843150358,0,0.32634547118615853
13.869440000000658,2.002075873578751,-0.6746605387439689,1.1959334664736487,-0.0013080457162489385,-0.23371919885496803,0.003943690709123328,1.9485175325647477,-0.8327151773226066,1.1745082528424033,0.14855322824813535,-0.21263439273851856,-0.09138427763760242,1.8872675710125055,-0.6813457011043518,1.1336055861553538,0.09089669212810451,-0.25571808409589414,-0.036991176261622016,0.09000117304571391,0.09000117304571391,0.0,0.0005444103079110638,0.1428480364502151,-0.0036004423261658813,5.817131639196522e-05,0.09374761742338755,-1.577011639266443,0,0.325371496902234
13.873600000000659,2.0020704339605357,-0.6756316884937822,1.1959498326317348,-0.0013055083717355325,-0.23307593995517858,0.003927877940685576,1.6010815652369228,-0.7525957606956902,1.503601071092419,0.08554002034648675,-0.25087955908898735,0.05247098093981974,1.7443496744546996,-0.7174942057709931,1.318715277684472,0.08860906195245993,-0.2527441871736555,0.00762747529728785,0.09000117304571391,0.09000117304571391,0.0,0.0005447671045696752,0.1425306066732397,-0.003586188362598497,5.7845105577683734e-05,0.09348971906876108,-1.57701442768425,0,0.32440020354785637
13.87776000000066,2.002065004918026,-0.6766001641643873,1.1959661331660536,-0.00130297020231575,-0.23243416094521835,0.003912128236503713,2.028013477641174,-0.4427978735349023,1.3668926027542596,-0.04173595334459712,-0.22075033275074446,-0.02769869227034489,1.8860979898137022,-0.5806048391932794,1.342748203726409,0.022849425892467988,-0.2359956147094359,-0.010773289764351712,0.09000117304571391,0.09000117304571391,0.0,0.0005451116732118752,0.14221346733991408,-0.0035719901892960725,5.75207701574333e-05,0.0932324133350291,-1.5770172084306924,0,0.3234315849533665
13.88192000000066,2.00205958645445,-0.6775659719148689,1.195982368338332,-0.0013004312582433181,-0.23179386011558753,0.003896441346807135,1.700975450033277,-0.9309840451400082,1.4275904407782583,-0.0360315917199888,-0.11318337134948678,0.037626730374320974,1.793460722027842,-0.7560322597405047,1.3852497984767909,-0.00670375406882195,-0.17462250807661475,0.012644648068626066,0.09000117304571391,0.09000117304571391,0.0,0.0005454441109566605,0.14189662118487206,-0.003557847590316923,5.719829903634953e-05,0.09297569954259602,-1.5770199815325578,0,0.32246563495624664
13.88608000000066,2.0020541785728274,-0.6785291178971471,1.1959985384092604,-0.00129789158935897,-0.23115503574675944,0.003880817022809301,1.9871004225839506,-0.16871220194110736,0.8363466946333662,0.014947758640871556,-0.25193794447851975,0.07888632708080849,1.8903141500861376,-0.46289219533815523,1.1109584178846137,0.003576363456644224,-0.2132509144542189,0.04579442291450004,0.09000117304571391,0.09000117304571391,0.0,0.0005457645149178009,0.1415800709155134,-0.0035437603513076323,5.6877681186743776e-05,0.09271957700780932,-1.5770227470165084,0,0.3215023474011622
13.890240000000661,2.002048781275973,-0.6794896082559359,1.1960146436384966,-0.0012953512450905745,-0.23051768610929274,0.0038652550167006705,2.1230541399831306,-0.2832622910220876,0.9891525230319734,-0.06578015317941405,-0.24845922186460442,0.0705834679877575,2.006548149652038,-0.37359360939792474,1.0502005488497623,-0.03071126067376102,-0.23045120687377868,0.05861089633682206,0.09000117304571391,0.09000117304571391,0.0,0.0005460729809197047,0.14126381921206904,-0.0035297282580184844,5.6558905648033905e-05,0.09246404504300487,-1.577025504909081,0,0.32054171614000326
13.894400000000662,2.0020433945664964,-0.6804474491287023,1.1960306842846702,-0.0012928102744586129,-0.22988180946394343,0.0038497550816478984,1.4888590777169362,-0.5768604580912164,1.165336520644853,-0.17661076750693327,-0.2043192689299705,-0.04405603773620602,1.747333142259642,-0.47565458684299206,1.107677611576496,-0.10389034288923175,-0.21683269214461118,0.007328984800333877,0.09000117304571391,0.09000117304571391,0.0,0.0005463696049919494,0.14094786872793413,-0.0035157510978126687,5.624196152595152e-05,0.09220910295655191,-1.5770282552366894,0,0.31958373503192505
13.898560000000662,2.0020380184468043,-0.6814026466456263,1.196046660605386,-0.00129026872607543,-0.2292474040617754,0.0038343169717866736,1.9373564086742827,-0.4352803590315669,1.037764496061885,-0.03395209749462701,-0.40922050759259926,0.05732793062001814,1.842275672327192,-0.45631818997847,1.0728398775272387,-0.06901539556361971,-0.31309467733671603,0.03229039887140218,0.09000117304571391,0.09000117304571391,0.0,0.0005466544820855908,0.14063222208989457,-0.0035018286581817264,5.592683799264063e-05,0.09195475005289765,-1.5770309980256239,0,0.3186283979433882
13.902720000000663,2.0020326529191035,-0.6823552069295608,1.1960625728572285,-0.001287726648149832,-0.22861446814427003,0.003818940442220821,1.6103238308588856,-0.6575832448402922,0.388354725525596,-0.1208460523236134,-0.30016851473925976,0.032636650961802474,1.7260461217659673,-0.5575782291129044,0.7306607373108015,-0.09461463393947783,-0.30578538892273793,0.03229897176141262,0.09000117304571391,0.09000117304571391,0.0,0.0005469277062844463,0.14031688189803326,-0.0034879607280405775,5.561352428609941e-05,0.09170098563261148,-1.5770337333020525,0,0.3176756987481988
13.906880000000664,2.0020272979854012,-0.6833051360959917,1.196078421295766,-0.0012851840884908034,-0.22798299994343607,0.0038036252490159135,2.2646821549809375,-0.46056989688941335,1.4096506619869302,-0.11279358513303797,-0.13688409549719205,-0.0978379212253173,1.9951332794125884,-0.5093587641547392,1.0699551426459528,-0.10369299993030544,-0.22102577698792647,-0.03189169806772179,0.09000117304571391,0.09000117304571391,0.0,0.0005471893714447205,0.1400018507262784,-0.0034741470964564803,5.5302009709490224e-05,0.09144780899242913,-1.5770364610920222,0,0.31672563132754733
13.911040000000664,2.0020219536475077,-0.6842524402529997,1.1960942061755544,-0.0012826410945085567,-0.2273529976819173,0.0037883711491982653,1.814727135161949,-0.4845161816866057,0.9238035383910039,0.030732340848608094,-0.23621184601652478,0.007706060933330576,1.9049923267196711,-0.4974290385095876,0.9968950156565637,-0.03622901361387818,-0.22841316604303855,-0.012417248871733864,0.09000117304571391,0.09000117304571391,0.0,0.0005474395705522724,0.13968713112220377,-0.003460387553944051,5.4992283630903084e-05,0.09119521942529621,-1.5770391814214588,0,0.31577818957004816
13.915200000000665,2.0020166199070357,-0.6851971255012209,1.1961099277501408,-0.0012800977132182614,-0.22672445957310097,0.0037731779007485018,2.0009879267484276,0.16774527154518404,1.0718997458635353,0.04200632951702043,-0.1559428095076194,-0.08825418503572233,1.9530791640581608,-0.16516119785548447,1.034214660509337,0.0024058657254674037,-0.19236898960348708,-0.050485232440387995,0.09000117304571391,0.09000117304571391,0.0,0.0005476783967901353,0.13937272560757769,-0.003446681891194221,5.468433548284134e-05,0.09094321622041167,-1.5770418943161688,0,0.31483336737177753
13.919360000000665,2.0020112967654056,-0.6861391979338094,1.1961255862720683,-0.0012775539912393216,-0.2260973838212239,0.003758045262600401,2.5061949329930084,-0.4698046556637011,1.4623291516132078,0.013035983765264584,-0.28818323719584604,-0.12762684222127646,2.2296671590315356,-0.31808414999444573,1.248009481484682,0.008140679598981109,-0.2404244503030054,-0.08907024543931835,0.09000117304571391,0.09000117304571391,0.0,0.0005479059413990338,0.1390586366782715,-0.0034330299003692607,5.437815476240336e-05,0.09069179866327075,-1.5770445998018394,0,0.3138911586363117
13.923520000000666,2.002005984223844,-0.6870786636363989,1.1961411819928793,-0.0012750099748035698,-0.22547176862147897,0.0037429729946343946,1.8961261729885552,-1.2388802174351634,1.0660482243506453,-0.025626522464643763,-0.027759166929529816,0.18083703407569782,2.0628419706092807,-0.7785470602911769,1.157404802995979,-0.009193213566361153,-0.13377120658838354,0.045343172164606274,0.09000117304571391,0.09000117304571391,0.0,0.0005481222962403242,0.13874486680443493,-0.003419431373831744,5.4073731030060225e-05,0.09044096603570781,-1.5770472979040395,0,0.31295155727476476
13.927680000000667,2.0020006822833865,-0.6880155286870661,1.1961567151631196,-0.0012724657097527789,-0.22484761216012078,0.0037279608576763234,2.1743607919907015,-0.310543165213873,1.5661437299407506,-0.10642144160558767,-0.09581935724017485,0.05343221275403093,2.118380768105189,-0.5447427327755487,1.3618869284088662,-0.05778185049022631,-0.11403154398590501,0.05002940623835951,0.09000117304571391,0.09000117304571391,0.0,0.0005483275518713459,0.13843141843088635,-0.0034058861050112136,5.3771053909865223e-05,0.09019071761593883,-1.5770499886482205,0,0.3120145572058255
13.931840000000667,2.00199539094488,-0.6889497991562934,1.1961721860323424,-0.0012699212415441933,-0.2242249126145698,0.0037130086134925856,1.6003009786322657,-0.6662656071167044,1.0316880719674746,0.06325953090240775,-0.1951745076789581,0.044442620588430584,1.8594703162364228,-0.6059115222401712,1.1968761193657107,0.0020145789966802318,-0.15433594778158005,0.04796225165401431,0.09000117304571391,0.09000117304571391,0.0,0.0005485217986120556,0.13811829397712921,-0.003392393888202682,5.347011308875298e-05,0.0899410526786035,-1.5770526720597169,0,0.31108015235579417
13.936000000000668,2.001990110208983,-0.689881481106933,1.1961875948491123,-0.001267376615251615,-0.22360366815351632,0.0036981160247861666,1.9929268201919657,-0.6630872054751199,1.2404567162242786,-0.06792796122496494,-0.2161381655568171,0.10632731690223053,1.9260579405283151,-0.6349503761014006,1.218887824668544,-0.032820771822688374,-0.18472771044700437,0.07716788264938007,0.09000117304571391,0.09000117304571391,0.0,0.0005487051261162412,0.13780549583752927,-0.0033789545183644364,5.3170898316311414e-05,0.08969197049480705,-1.5770553481637473,0,0.3101483366586188
13.940160000000668,2.001984840076168,-0.6908105805941707,1.196202941861009,-0.0012648318755682758,-0.2229838769370235,0.0036832828551934546,2.0009204354627013,-0.9770720289520045,1.0363709595342843,-0.015011152063995184,-0.25246054354329484,-0.024860988172538758,1.9634585240573212,-0.8065390159277576,1.1275765657761314,-0.02393391736970041,-0.21844129669471865,0.026082577783025702,0.09000117304571391,0.09000117304571391,0.0,0.0005488776233697483,0.1374930263814918,-0.0033655677913435444,5.287339940439128e-05,0.0894434703321618,-1.5770580169854151,0,0.309219104055931
13.944320000000669,2.001979580546723,-0.6917371036654899,1.196218227314631,-0.0012622870668097148,-0.2223655371166301,0.003668508869280174,1.8301768943658054,-0.7646830656398913,0.971561103685399,-0.030958198006645263,0.11448849617853091,-0.02361336097959667,1.8967532727056289,-0.7853741040786828,1.0495193491247947,-0.027872727063472682,-0.05128177574954523,0.000891001957835725,0.09000117304571391,0.09000117304571391,0.0,0.0005490393786886992,0.13718088795358646,-0.0033522335034594977,5.257760622662193e-05,0.08919555145482841,-1.577060678549709,0,0.30829244849708154
13.94848000000067,2.001974331620753,-0.6926610563606376,1.1962334514556,-0.0012597422329166641,-0.22174864683545206,0.0036537938325390124,1.8600675753750078,-1.0768051927604034,1.430235439564852,-0.11035486787575614,-0.093859877393699,-0.11221854132496949,1.8781812054817264,-0.9312886581037096,1.2396460227372357,-0.06938406902661483,-0.07172923945297414,-0.055356314178863164,0.09000117304571391,0.09000117304571391,0.0,0.000549190480359567,0.13686908287393923,-0.0033389514523715514,5.228350871794655e-05,0.08894821312355697,-1.577063332881504,0,0.30736836393917516
13.95264000000067,2.00196909329818,-0.6935824447115887,1.196248614528564,-0.0012571974174552646,-0.221133204228283,0.0036391375113836687,1.8855131353910004,-0.8108553369531939,1.2537512581912384,0.01731779608511002,-0.21463333874103568,0.08313076407517443,1.8818814981628278,-0.871519250896153,1.2468731630195928,-0.025200060539833896,-0.14237154944033562,0.01315023819157063,0.09000117304571391,0.09000117304571391,0.0,0.0005493310155689855,0.13655761343809086,-0.003325721435807033,5.1991096874609196e-05,0.08870145459572747,-1.577065980005562,0,0.30644684434710506
13.956800000000671,2.0019638655787486,-0.6945012747425124,1.1962637167772021,-0.0012546526636217426,-0.22051920742169487,0.003624539673148175,2.011290516775574,-0.9436992207008241,1.347917215928067,0.18822107822869144,-0.17313074721637348,0.08665552139352313,1.946975889628296,-0.9079712925868234,1.297575092074786,0.08270747685956346,-0.1570544681746036,0.050400851074452066,0.09000117304571391,0.09000117304571391,0.0,0.0005494610710429313,0.13624648191738997,-0.003312543252855675,5.1700360753534944e-05,0.08845527512539028,-1.5770686199465322,0,0.3055278836935873
13.960960000000671,2.0019586484620224,-0.695417552469738,1.1962787584442274,-0.0012521080142444204,-0.2199066545341371,0.0036100000860808464,1.745906402721621,-1.015083633189583,1.2885596435222189,0.16774385461268046,-0.17025073392545567,-0.0010954049600041915,1.846788593755408,-0.9618832204624137,1.2930659338848676,0.12524319536724743,-0.16322309651668113,0.024219618748379433,0.09000117304571391,0.09000117304571391,0.0,0.0005495807332593404,0.13593569055895843,-0.003299416703126272,5.141129047192714e-05,0.08820967396330621,-1.5770712527289528,0,0.3046114759591946
13.965120000000672,2.00195344194739,-0.6963312839017215,1.1962937397713913,-0.0012495635117848408,-0.21929554367603596,0.003595518519341732,2.3645300432833873,-1.00272802650981,1.182331742094421,-0.10123669317832824,-0.4428769140218326,-0.05496443794433702,2.1054524104427497,-0.9832268827099593,1.2375837574088313,0.01199927493080082,-0.3031271602698389,-0.015376339572046725,0.09000117304571391,0.09000117304571391,0.0,0.0005496900873774775,0.13562524158608585,-0.00328634158718567,5.112387620712986e-05,0.08796465035698636,-1.5770738783772504,0,0.3036976151323893
13.969280000000673,2.001948246034064,-0.6972424750390127,1.196308660999487,-0.001247019198343352,-0.21868587294989209,0.0035810947429982354,2.138297591244272,-0.8744949264935931,0.9258210571606715,-0.11110830645340507,-0.18154017045410736,-0.08979763240068031,2.121643721557564,-0.9292389587496652,1.0815132182810925,-0.049350900381048064,-0.24175639721139885,-0.052471156514500815,0.09000117304571391,0.09000117304571391,0.0,0.0005497892189464137,0.13531513719824922,-0.003273317705928246,5.083810819573856e-05,0.0877202035507316,-1.5770764969157418,0,0.30278629520955663
13.973440000000673,2.0019430607210817,-0.6981511318742226,1.196323522368354,-0.0012444751156575717,-0.21807764045037797,0.0035667285280234057,1.4587697265801451,-0.5944893505530208,1.4110061356097328,0.03634410636924842,-0.2670556664906396,0.1294560005837866,1.790276885179285,-0.762418328972886,1.246531883241814,-0.0061265566130593654,-0.2539001514937889,0.03817498632796759,0.09000117304571391,0.09000117304571391,0.0,0.0005498782126217832,0.13500537957129427,-0.00326034486165676,5.055397673375764e-05,0.08747633278567178,-1.5770791083686337,0,0.3018775101950371
13.977600000000674,2.0019378860073105,-0.6990572603919911,1.1963383241168801,-0.0012419313051062002,-0.2174708442644347,0.003552419646289662,1.9969126782057736,-0.7323321846246145,1.4971663523409822,0.031196008632953826,-0.33646458062223783,0.06118027644604386,1.893661644476994,-0.7480755193855981,1.3719769283403644,0.012277463326672854,-0.29487099077054857,0.050251460345969064,0.09000117304571391,0.09000117304571391,0.0,0.0005499571519496098,0.13469597085761653,-0.003247422856596474,5.027147217623942e-05,0.08723303729980472,-1.5770817127600247,0,0.30097125410115866
13.981760000000675,2.001932721891445,-0.6999608665689552,1.1963530664830075,-0.0012393878077137299,-0.21686548247136783,0.0035381678705687686,2.0267693315744686,-0.23263576585567275,1.1202633131603215,0.20423722844300018,-0.29229234923211106,-0.0806052032612596,1.9606407550732987,-0.49096113816875037,1.2459511318795953,0.10847195100455308,-0.29303235661178123,-0.015374761876482722,0.09000117304571391,0.09000117304571391,0.0,0.0005500261208612853,0.1343869131862897,-0.003234551494617181,4.999058493640488e-05,0.08699031632803485,-1.5770843101139045,0,0.30006752094826816
13.985920000000675,2.001927568372011,-0.7008619563737174,1.1963677497037348,-0.0012368446641489266,-0.2162615531429429,0.003523972974524588,1.6614249383971573,-0.5677078503598547,0.570706697134682,-0.05345271194943139,-0.13581976912056679,-0.0005174335683225889,1.8109194982053989,-0.529618884843189,0.9083235177314061,0.0275558931844892,-0.21378584860433852,-0.008141539862383642,0.09000117304571391,0.09000117304571391,0.0,0.0005500852019624252,0.13407820866324766,-0.003221730579748002,4.971130548583752e-05,0.08674816910221161,-1.5770869004541554,0,0.2991663047647633
13.990080000000676,2.001922425447366,-0.7017605357668152,1.1963823740151212,-0.0012343019147304406,-0.21565905434347993,0.0035098347327120805,2.037412046500873,-1.2929672005931647,0.992034380348401,0.144398960755357,-0.25768452614493176,0.0012523807132806923,1.9244669846170035,-0.9118356049289769,0.9501819461777664,0.08631531146369446,-0.23513403462572421,-0.0033521178803733944,0.09000117304571391,0.09000117304571391,0.0,0.000550134478027397,0.13376985937152053,-0.0032089599168292193,4.943362435372726e-05,0.08650659485116766,-1.577089483804553,0,0.2982675995871229
13.994240000000676,2.001917293115702,-0.70265661070069,1.1963969396522902,-0.0012317595994261886,-0.21505798412994703,0.003495752920573518,1.959830768554196,-0.5952768963094377,0.9529961646878213,-0.18213518711838259,-0.37954840317351546,0.1754140372136929,1.941771838388235,-0.7543441135732961,0.9519549233188229,-0.04863816938107741,-0.3070298006225976,0.08554248030209081,0.09000117304571391,0.09000117304571391,0.0,0.0005501740305016841,0.1334618673712572,-0.003196239311737771,4.915753212692228e-05,0.08626559280075652,-1.5770920601887668,0,0.2973713994599376
13.998400000000677,2.0019121713750443,-0.7035501871196569,1.1964114468494338,-0.0012292177578589751,-0.21445834055205393,0.003481727314433835,1.7142649538666364,-0.6839038701568528,0.5603741687629453,0.04720566211027758,-0.28602087131341336,0.08132266272048247,1.8281154404914448,-0.7197185301134118,0.7563317061925516,-0.0009387334368177095,-0.29647087117729454,0.0830715107075926,0.09000117304571391,0.09000117304571391,0.0,0.0005502039412103631,0.13315423469990872,-0.003183568570970909,4.8883019449088064e-05,0.0860251621738903,-1.5770946296303603,0,0.2964776984359404
14.002560000000678,2.0019070602232554,-0.704441270959875,1.196425895839815,-0.0012266764293049942,-0.21386012165234458,0.003467757691497648,1.692618921175137,-0.3692948588107891,0.949217760611882,-0.08246002353634334,-0.0668575173943459,0.07099851701481437,1.7601954510203177,-0.5446448162820792,0.8529244513128514,-0.04204650549391868,-0.1809517577843034,0.07670240041131143,0.09000117304571391,0.09000117304571391,0.0,0.0005502242906469607,0.1328469633724118,-0.0031709475014426707,4.8610077020899516e-05,0.08578530219057694,-1.5770971921527925,0,0.29558649057603603
14.006720000000678,2.001901959658036,-0.7053298681493179,1.1964402868557729,-0.001224135652699462,-0.2132633254662892,0.0034538438298471934,2.087700763560158,-0.9583100406529304,1.753331066764072,0.0569638200466622,-0.3997011103509307,0.12641780734273356,1.9240680316417376,-0.7523115206887429,1.3033977399908434,0.0078612497689041,-0.2903937313339191,0.10120350214209328,0.09000117304571391,0.09000117304571391,0.0,0.0005502351590400863,0.13254005538147984,-0.003158375911350573,4.833869559927456e-05,0.08554601206795734,-1.5770997477794182,0,0.2946977699493302
14.010880000000679,2.001896869676925,-0.7062159846077444,1.1964546201287247,-0.0012215954666378015,-0.2126679500223749,0.003439985508436589,2.2378715194131926,-0.5492745409211812,0.9103596367735244,0.13301364226582932,-0.2475606511261498,-0.11907406390674213,2.0812478561531367,-0.6513078052289705,1.1066275158657957,0.0708043531143209,-0.26836627554369946,-0.008559763266742793,0.09000117304571391,0.09000117304571391,0.0,0.0005502366263525457,0.1322335126974133,-0.003145853609117396,4.806886599703431e-05,0.08530729102034194,-1.5771022965334882,0,0.2938115306331594
14.01504000000068,2.001891790277303,-0.7070996262466702,1.196468895889171,-0.0012190559093768322,-0.21207399334219706,0.0034261825070905404,1.9487442167086684,-0.44875936288048723,1.450632267867734,-0.15348420387243314,-0.02018709321328188,0.02429922905475767,2.0146772030896716,-0.5500753693078587,1.2786829462991698,-0.04196822550041153,-0.1437088206898012,0.007816865921597969,0.09000117304571391,0.09000117304571391,0.0,0.0005502287718525552,0.1319273372687122,-0.0031333804042572074,4.780057908278569e-05,0.08506913825924743,-1.5771048384381507,0,0.2929277667131184
14.01920000000068,2.001886721456391,-0.7079807989693392,1.196483114366698,-0.0012165170188377448,-0.21148145344054833,0.0034124346064994533,2.048732805499875,-0.5590656937424225,1.1321246915424807,-0.012162410300687473,-0.32868205787161314,0.004325554236461246,2.0316794869091623,-0.5552544816311593,1.205412549358657,-0.02684689110535728,-0.23606912314840203,0.0057065017259620415,0.09000117304571391,0.09000117304571391,0.0,0.0005502116743259129,0.13162153102172663,-0.003120956106959002,4.7533825780525916e-05,0.08483155299343276,-1.5771073735164514,0,0.2920464722830893
14.02336000000068,2.001881663211255,-0.7088595086706955,1.1964972757899823,-0.0012139788326081915,-0.21089032832550889,0.003398741588216257,2.0293872219623585,-0.7328206505679475,1.3526716379174237,0.014502262182549824,-0.4292326941341965,0.028242780634788398,2.030564321782276,-0.644932714626595,1.2791025724160574,-0.006568816049095053,-0.33210265405453226,0.016634606305789442,0.09000117304571391,0.09000117304571391,0.0,0.000550185411860719,0.13131609586121662,-0.0031085805278831934,4.726859706931443e-05,0.08459453442893528,-1.577109901791334,0,0.29116764144526924
14.027520000000681,2.001876615538805,-0.709735761237356,1.1965113803867933,-0.0012114413879452726,-0.2103006159985344,0.0033851032346540843,1.4135457815495789,-0.5008708614088442,0.8802973501853597,-0.04225039597546186,-0.41392569737259205,0.14722232758180628,1.7219638059690556,-0.5737624562620111,1.0800028228663956,-0.02486482789163857,-0.3726613357623831,0.08219224344253107,0.09000117304571391,0.09000117304571391,0.0,0.0005501500620595473,0.13101103367032418,-0.0030962534785999446,4.700488398278564e-05,0.08435808176910642,-1.5771124232856413,0,0.2902912683101979
14.031680000000682,2.0018715784357974,-0.7106095625475833,1.196525428383998,-0.001208904721777638,-0.20971231445454414,0.0033715193290821386,2.8535242466118738,-1.1147801584144221,1.3311694548882917,0.007709462337439198,-0.2378011261738216,0.14180522817232852,2.287768030184147,-0.8447716670295182,1.2058828621860718,-0.008603981121717697,-0.3043000604173726,0.11198769562064093,0.09000117304571391,0.09000117304571391,0.0,0.0005501057024660102,0.13070634631070632,-0.0030839747718146675,4.6742677608759516e-05,0.0841221942146471,-1.5771149380221159,0,0.28941734699678445
14.035840000000682,2.001866551898836,-0.7114809184712584,1.196539420007563,-0.00120636887070581,-0.2091254216820084,0.00335798965562058,1.6434844228712229,-1.2692163432346062,0.9183725607048733,-0.07034042388414935,-0.19679619719004318,-0.07345277541009669,1.965476637733334,-1.0574072961530316,1.0619732734506122,-0.04005756901020643,-0.2500786838502759,0.019109355674461943,0.09000117304571391,0.09000117304571391,0.0,0.0005500524094945725,0.13040203562272162,-0.003071744219880811,4.648196908923603e-05,0.08388687096364292,-1.5771174460234,0,0.2885458716323347
14.040000000000683,2.0018615359243737,-0.7123498348698544,1.1965533554825598,-0.0012038338710069663,-0.20853993566303528,0.0033445139992416984,1.801926423748619,-0.7615968533222264,1.2585890602989418,-0.011335321894328586,-0.2252871578451917,0.08130887581085318,1.8836766106140377,-0.9099699637482574,1.1604515705272902,-0.02560281457136116,-0.23702662068734417,0.05024949694816066,0.09000117304571391,0.09000117304571391,0.0,0.0005499902594976289,0.13009810342561734,-0.0030595616369489056,4.622274961972506e-05,0.08365211121159918,-1.5771199473120372,0,0.287676836352577
14.044160000000684,2.0018565305087126,-0.7132163175964105,1.196567235033167,-0.0012012997586352742,-0.2079558543734565,0.003331092145762042,2.1128011608296915,-0.5005247365178891,1.7501104987526337,0.10229962711313094,-0.2097616853233007,-0.07727069886056906,1.9984527641228633,-0.7056828423232058,1.4551222890848374,0.03858311264929356,-0.22240581576137172,-0.012468216612122583,0.09000117304571391,0.09000117304571391,0.0,0.0005499193283371624,0.12979455151760994,-0.003047426837267178,4.5965010449086486e-05,0.08341791415147548,-1.5771224419104715,0,0.286810235301689
14.048320000000684,2.0018515356480076,-0.7140803724955059,1.1965810588826749,-0.001198766569224011,-0.2073731757829131,0.0033177238818416664,2.2261611509198023,-0.5153923557133844,1.4644303215228336,-0.028784217257326033,-0.21772927236002054,0.0768198205942542,2.1122481665698736,-0.6109893230477044,1.4599355142311685,0.005150910852495286,-0.219978871082465,0.032477437870480755,0.09000117304571391,0.09000117304571391,0.0,0.0005498396909555158,0.1294913816760193,-0.003035339636261066,4.5708742879312804e-05,0.08318427897372016,-1.5771249298410492,0,0.2859460626323227
14.052480000000685,2.0018465513382657,-0.7149420054032348,1.1965948272534872,-0.001196234338089469,-0.20679189785494015,0.0033044089949789,1.5648514083582041,-0.6610971420301672,1.9128410829583042,-0.0517774957851894,-0.2246056763854335,0.06588780883817794,1.8384388466795463,-0.6365096122711121,1.6865277297381343,-0.023591084172745514,-0.22284213523906868,0.049556876114288016,0.09000117304571391,0.09000117304571391,0.0,0.0005497514222289656,0.1291885956575104,-0.00302329984926019,4.545393826488783e-05,0.08295120486630458,-1.5771274111260192,0,0.28508431250563027
14.056640000000685,2.001841577575348,-0.7158012221471809,1.196608540367127,-0.0011937031002313065,-0.20621201854705098,0.0032911472735103887,1.5819191063209,-0.5428383810335425,1.3904428715428865,-0.09929637533104514,-0.0415116771539496,0.04487266983929916,1.7099694595558326,-0.5897604838935381,1.5385767349240522,-0.06086746728726701,-0.13180402030056504,0.04713223103962718,0.09000117304571391,0.09000117304571391,0.0,0.0005496545965393801,0.12888619519817485,-0.003011307293433874,4.5200588012679103e-05,0.08271869101475693,-1.5771298857875333,0,0.28422497909128863
14.060800000000686,2.0018366143549717,-0.7166580285463926,1.1966221984442378,-0.001191172890334681,-0.20563353581082064,0.0032779385066030956,1.8793211822982783,-0.6694882699942419,1.041023798681666,-0.01158425715429916,-0.1612060609143185,-0.04985060332754574,1.7946223298370596,-0.6299614381127021,1.2896942849796038,-0.036189967698410076,-0.14592646158939312,-0.0019240229520019305,0.09000117304571391,0.09000117304571391,0.0,0.0005495492875589379,0.12858418201355948,-0.0029993617854492654,4.494868358169385e-05,0.08248673660219595,-1.5771323538476472,0,0.2833680565675247
14.064960000000687,2.00183166167271,-0.7175124304113591,1.1966358017045888,-0.0011886437427732798,-0.20505644759196934,0.0032647824842560627,2.0638144861054566,-0.5217132685177888,1.0994966572698839,0.12067914158655793,-0.11696323028760597,0.03093447748788714,1.9294708012083859,-0.5760802953239528,1.194660822630059,0.042474742943835644,-0.13124505552315374,0.013378158243383944,0.09000117304571391,0.09000117304571391,0.0,0.0005494355684623029,0.1282825577991224,-0.0029874631436197004,4.4698216482623045e-05,0.08225534080936447,-1.5771348153283204,0,0.28251353912113897
14.069120000000687,2.001826719523995,-0.718364433543986,1.1966493503670776,-0.0011861156916114645,-0.20448075183044404,0.0032516789972931925,2.166777340434164,-0.5155482626826015,1.0779276932896849,0.08147390844488453,-0.08747887136249262,-0.1420684673976551,2.048295010491879,-0.5459965655197233,1.1359980714440296,0.06206041795711908,-0.10900097080969569,-0.0643970428151391,0.09000117304571391,0.09000117304571391,0.0,0.0005493135121392373,0.12798132422999547,-0.0029756111866329985,4.4449178277426175e-05,0.08202450281466242,-1.5771372702514175,0,0.2816614209475302
14.073280000000688,2.0018217879041176,-0.7192140437375715,1.1966628446497334,-0.0011835887706055294,-0.20390644646050093,0.003238627837361386,2.207874694291544,-0.485380345295401,0.9966154725174916,0.09211656635959811,-0.20840570588798626,-0.039415388447382016,2.1282784778867643,-0.5161216148121582,1.0662247417592854,0.07664945783428355,-0.15864612203571557,-0.05235401552282901,0.09000117304571391,0.09000117304571391,0.0,0.000549183190765818,0.12768048296133405,-0.0029638057335607936,4.4201560579151145e-05,0.08179422179417996,-1.5771397186387082,0,0.28081169625071856
14.077440000000689,2.001816866808229,-0.7200612667767831,1.1966762847697205,-0.0011810630132067475,-0.20333352941078656,0.0032256287969285773,2.10414039298585,0.16335805520136637,1.234231970786451,-0.056307530453854844,-0.1948125258812984,-0.07283419249788196,2.1160928051220056,-0.1767837437320702,1.150078151368806,0.009863746150100852,-0.17599892868534148,-0.06264687224600703,0.09000117304571391,0.09000117304571391,0.0,0.0005490446766584544,0.12738003562850736,-0.0029520466045103687,4.395535505146567e-05,0.08156449692173012,-1.577142160511868,0,0.27996435924336915
14.08160000000069,2.0018119562313434,-0.7209061084376348,1.1966896709433426,-0.001178538452560855,-0.20276199860441796,0.003212681669279098,2.1018660797100024,-1.3943818405835584,1.678693647280121,0.11064296974652087,-0.2661075004639366,0.0075102625312113685,2.109209231835291,-0.7861456951758218,1.4144060399979097,0.060364803510135345,-0.22062092768651484,-0.027967353294705028,0.09000117304571391,0.09000117304571391,0.0,0.0005488980405623,0.1270799838471287,-0.0029403336204218127,4.3710553408800516e-05,0.0813353273688813,-1.5771445958924795,0,0.2791194041468148
14.08576000000069,2.001807056168337,-0.7217485744874642,1.1967030033860446,-0.0011760151215146678,-0.2021918519590628,0.003199786248509889,1.9489361051124703,-0.6544420499743311,1.1388304996130656,-0.06602109787120039,-0.0723096167031308,0.17721287851382797,2.0289343631199976,-0.7204444563221867,1.276983577021868,-0.002886471440956726,-0.14594418560612193,0.07526457035349408,0.09000117304571391,0.09000117304571391,0.0,0.0005487433540011331,0.12678032921313953,-0.002928666602436165,4.3467147415326733e-05,0.08110671230498943,-1.5771470248020314,0,0.27827682519107877
14.08992000000069,2.001802166613951,-0.7225886706849102,1.1967162823124176,-0.001173493052612907,-0.20162308738701917,0.003186942329529311,1.7375125001432785,-0.5427547046290232,0.7795589303380703,0.012403022791857732,-0.2626599292511972,-0.07406689374552232,1.8832458384189936,-0.6321451079231454,1.0281142142862603,0.005407350395678512,-0.20408022069322193,0.00036878731145071307,0.09000117304571391,0.09000117304571391,0.0,0.0005485806869252557,0.1264810733031606,-0.002917045372760753,4.322512888534263e-05,0.08087865089723006,-1.5771494472619205,0,0.2774366166148971
14.094080000000691,2.0017972875627925,-0.7234264027798906,1.196729507936201,-0.0011709722781048227,-0.2010557027952937,0.003174149708052391,2.5952626046101472,-1.079067759407285,1.2120212892534301,0.16691199770955478,-0.16729519409814092,-0.004913980296204223,2.239605123115641,-0.8559580114298997,1.1200584222455492,0.08675174355025353,-0.1854586362651668,-0.0020820989694482657,0.09000117304571391,0.09000117304571391,0.0,0.0005484101096334768,0.12618221767430998,-0.002905469754252186,4.298448968239459e-05,0.08065114231063003,-1.5771518632934518,0,0.2765987726657406
14.098240000000692,2.0017924190093344,-0.7242617765135809,1.1967426804702868,-0.00116845282994281,-0.20048969608568068,0.00316140818059779,1.7316546891733087,-0.554552066737296,1.2678967572045265,0.03183370749237619,-0.3245963607192837,0.00869480259993434,1.9856919338644285,-0.7059299438658068,1.1939963112606553,0.05959969089205648,-0.2541228501771245,0.003496986188264331,0.09000117304571391,0.09000117304571391,0.0,0.0005482316917038155,0.125883763864715,-0.002893939570212164,4.274522171933096e-05,0.08042418570809914,-1.5771542729178383,0,0.27576328759983637
14.102400000000692,2.0017875609479185,-0.7250947976183928,1.1967558001267222,-0.0011659347397854783,-0.19992506515483888,0.003148717544485614,2.152884230626735,-0.44338807350568205,1.2062135273284018,-0.13702579140191096,-0.14399296166683445,0.05583892270547055,2.0690055746894704,-0.5749575464034868,1.200221604066147,-0.039341027980185496,-0.19864485404333576,0.02944536815033336,0.09000117304571391,0.09000117304571391,0.0,0.000548045501991723,0.1255857133933307,-0.002882454645039327,4.25073169580001e-05,0.08019778025046129,-1.5771566761562026,0,0.27493015568218904
14.106560000000693,2.001782713372756,-0.7259254718179526,1.1967688671167132,-0.0011634180390007304,-0.1993618078943691,0.0031360775978325345,1.7539012375463683,-0.5578428009441034,1.1038443611361781,-0.008407381314551937,-0.09344207482422298,0.09282252222232082,1.9114348282014109,-0.5665940004595459,1.1522262576723878,-0.024411899663202556,-0.14624745981793247,0.06070611532646568,0.09000117304571391,0.09000117304571391,0.0,0.0005478516092701524,0.12528806776018553,-0.0028710148029555457,4.227076740870606e-05,0.07997192509648565,-1.577159073029577,0,0.2740993711866022
14.110720000000693,2.001777876277928,-0.7267538048270813,1.196781881650628,-0.0011609027586661704,-0.19879992219089082,0.003123488139552189,2.0259827049472756,-0.47749862648618047,1.621739062887447,-0.08752784887842056,-0.17017083223322083,0.04367015834355426,1.9685267307030607,-0.5224016612302225,1.387076047341982,-0.055589800956521905,-0.15723592742524098,0.05254072182118223,0.09000117304571391,0.09000117304571391,0.0,0.0005476500815872693,0.12499082844662784,-0.002859619869940792,4.203556513008502e-05,0.07974661940291752,-1.5771614635589037,0,0.2732709283956985
14.114880000000694,2.0017730496573884,-0.7275798023517734,1.1967948439380003,-0.001158388929572189,-0.19823940592611758,0.0031109489693475533,2.3265482508084903,-0.5158730437563047,1.323059928963483,-0.07719449084374597,-0.1602249317028774,0.14237015606904982,2.147378754988214,-0.5194719778769626,1.3553632145129924,-0.06606440727524425,-0.15805327982009826,0.0976667735104094,0.09000117304571391,0.09000117304571391,0.0,0.0005474409866925711,0.12469399691530514,-0.0028482696720330946,4.180170222869807e-05,0.07952186232450884,-1.577163847765036,0,0.27244482160094025
14.119040000000695,2.0017682335049627,-0.7284034700891773,1.1968077541875324,-0.0011558765822232734,-0.19768025697693273,0.0030984598877103722,2.2088372458765915,-0.22638981781475032,2.0876177880845868,0.057332154452631574,-0.1002501954808153,-0.07672060181845039,2.1782266211250834,-0.3731386456439434,1.7213367591127835,-0.003865020262245584,-0.12853941245305334,0.010142614216248173,0.09000117304571391,0.09000117304571391,0.0,0.000547224392036002,0.1243975746102507,-0.0028369640357648676,4.1569170858767165e-05,0.07929765301404859,-1.577166225668738,0,0.2716210451026498
14.123200000000695,2.001763427814351,-0.7292248137275751,1.1968206126070986,-0.0011533657468393184,-0.19712247321546453,0.0030860206959187663,1.9857312400104816,-1.2959932899112032,1.3192784025453554,0.020007276202403595,-0.11564439674426719,-0.017442432235207927,2.0820196929862504,-0.8348144638717283,1.5202691449955281,0.007831657859553507,-0.12137077508163206,-0.003964205814615549,0.09000117304571391,0.09000117304571391,0.0,0.000547000364339164,0.12410156295729097,-0.002825702788814761,4.1337963222050976e-05,0.07907399062239308,-1.5771685972906857,0,0.2707995932100286
14.127360000000696,2.001758632579129,-0.7300438389463633,1.1968334194037487,-0.0011508564533587251,-0.1965660525091597,0.003073631196032171,2.1912292632506216,-0.7259530924251061,1.1499597891776892,0.04361381509381337,-0.07363835757115775,0.035062154567092406,2.136716096801631,-0.7805372016284154,1.335185660929237,0.025653598370342867,-0.09701736087192855,0.015134487604214226,0.09000117304571391,0.09000117304571391,0.0,0.0005467689700214403,0.12380596336375899,-0.0028144857593764595,4.11080715673781e-05,0.07885087429849569,-1.5771709626514674,0,0.26998046024117744
14.131520000000696,2.001753847792748,-0.7308605514160335,1.1968461747837107,-0.0011483487314397228,-0.19601099272085817,0.003061291190888868,2.3549636612736125,-0.6976766402906249,0.9883203085314995,-0.07202545463707738,-0.25764754486513125,-0.0743648513580233,2.245693026242954,-0.73964244702152,1.161595418554457,-0.023867693540904903,-0.17722288865302263,-0.02938718077934992,0.09000117304571391,0.09000117304571391,0.0,0.000546530274985157,0.12351077721900888,-0.0028033127761680175,4.0879488190391595e-05,0.07862830318943675,-1.577173321771584,0,0.26916364052311487
14.135680000000697,2.0017490734485377,-0.7316749567981538,1.1968588789523944,-0.0011458426104625854,-0.19545729170886553,0.0030490004841034752,1.8822601900165457,-0.2194772119224262,1.4819344369845486,-0.0804097320183444,-0.15582412443422275,0.09483991527407268,2.06380809353453,-0.47987999677888854,1.321963427794476,-0.05274980832063322,-0.1666703228710512,0.03320204709379576,0.09000117304571391,0.09000117304571391,0.0,0.0005462843448282,0.12321600589445086,-0.0027921836684411828,4.065220543321663e-05,0.07840627644045306,-1.5771756746714498,0,0.26834912839179625
14.139840000000698,2.0017443095397063,-0.7324870607453496,1.1968715321143946,-0.0011433381195309618,-0.19490494732702537,0.003036758880064417,2.181774989795467,-0.8200010696496566,0.9607596767277238,0.023038947534712126,-0.27773252196184084,-0.1188018316343216,2.1228390027692314,-0.6505211744012543,1.1411128280920915,-0.014242544517896409,-0.22191272098375536,-0.043226622046477245,0.09000117304571391,0.09000117304571391,0.0,0.0005460312446291787,0.12292165074337169,-0.0027810982664190614,4.04262156842402e-05,0.07818479319496693,-1.5771780213713926,0,0.26753691819213254
14.144000000000698,2.001739556059342,-0.7332968689012863,1.1968841344734942,-0.0011408352874741,-0.19435395742479258,0.0030245661839295866,2.1846550266232287,-0.7517029893577891,0.9699517547908406,-0.007051532534633884,-0.2549715822372193,0.1839668019074738,2.1537314608613096,-0.701643875272469,1.0559126525583549,-0.010013077229934437,-0.23807849173802445,0.07087811560749896,0.09000117304571391,0.09000117304571391,0.0,0.0005457710389460929,0.12262771310161108,-0.002770056400878438,4.020151137781206e-05,0.07796385259461552,-1.5771803618916547,0,0.26672700427800805
14.148160000000699,2.001734813000413,-0.73410438690065,1.1968966862326675,-0.0011383341428490774,-0.19380431984730345,0.0030124222016237124,1.8239118628775657,-1.1644307443236155,1.4684952221814904,-0.00522660829434441,-0.07271009035378038,-0.04220294860268169,1.9888083976586834,-0.9331927519885416,1.2621191633805073,-0.007579225199179814,-0.15493895386631548,0.014287179566512114,0.09000117304571391,0.09000117304571391,0.0,0.0005455037922428982,0.12233419428706271,-0.0027590579031590966,3.9978084993866026e-05,0.07774345377927946,-1.577182696252393,0,0.26591938101229873
14.1523200000007,2.0017300803557716,-0.7349096203691311,1.1969091875940836,-0.0011358347139412514,-0.19325603243544812,0.003000326739835708,2.7104369857878345,-0.9239414646851997,0.9865200799660052,0.07240706774228564,-0.165739371540457,-0.15740704222849933,2.349777034400544,-0.9289109873044594,1.123990142792873,0.033039422254877646,-0.16071802779737088,-0.0714776296985783,0.09000117304571391,0.09000117304571391,0.0,0.0005452295680332675,0.12204109560040421,-0.0027481026053873224,3.9755929057859265e-05,0.07752359588711165,-1.5771850244736794,0,0.26511404276688966
14.1564800000007,2.0017253581181516,-0.7357125749234058,1.1969216387591086,-0.0011333370287682797,-0.19270909302593983,0.002988279606015087,1.85482097703775,-0.8176378337040574,1.570533666370827,0.10588568477183953,-0.19206303071452951,-0.16589275517208701,2.1025154650984166,-0.8736740415755748,1.3469198367345128,0.06960998793229191,-0.17594413795339103,-0.11861162779610887,0.09000117304571391,0.09000117304571391,0.0,0.000544948429948114,0.1217484183247059,-0.0027371903398433813,3.953503614017852e-05,0.07730427805456555,-1.5771873465755017,0,0.26431098392269226
14.1606400000007,2.001720646280172,-0.73651325617112,1.1969340399283102,-0.0011308411150796887,-0.1921634994513859,0.002976280608371045,2.356803716495873,-1.2815850744491626,1.438762577826969,-0.04161892535637099,-0.1892939373915028,0.12933017182162168,2.229575149663186,-1.0780273913249103,1.3931116008530326,0.013836451869396953,-0.18201565501096814,0.004983782282600381,0.09000117304571391,0.09000117304571391,0.0,0.000544660440665846,0.12145616372600088,-0.002726320940254533,3.931539885613714e-05,0.0770854994164235,-1.5771896625777637,0,0.2635101988696614
14.164800000000701,2.0017159448343373,-0.7373116697108715,1.1969463913014595,-0.0011283470003609017,-0.19161924954035617,0.0029643295558660883,1.5751207138005354,-0.5589327631641239,0.951849819571933,-0.18067283796969463,-0.13406184181591232,-0.0835454897323654,1.9019674927507109,-0.8187556285928328,1.172304137921743,-0.08337439495847107,-0.15787882397758957,-0.039413486784608785,0.09000117304571391,0.09000117304571391,0.0,0.0005443656631938416,0.12116433305294799,-0.0027154942403078315,3.909700986541467e-05,0.07686725910582454,-1.5771919725002859,0,0.2627116820068125
14.168960000000702,2.001711253773038,-0.7381078211321942,1.1969586930775353,-0.0011258547118319251,-0.19107634111745309,0.002952426258215933,1.9460153148196466,-0.7410321144712132,0.6832777502911461,-0.1044028210724047,-0.22535145420289138,-0.07882968403614851,1.9237760282637089,-0.7803611926697684,0.9276224861090056,-0.0945946143531853,-0.19202408105651497,-0.0586033197926958,0.09000117304571391,0.09000117304571391,0.0,0.0005440641593712492,0.12087292753734885,-0.002704710074728304,3.887986187224463e-05,0.07664955625429237,-1.5771942763628057,0,0.26191542774223736
14.173120000000702,2.0017065730885526,-0.7389017160155417,1.1969709454547266,-0.0011233642764522738,-0.19053477200337934,0.002940570525884874,2.0659092136254325,-1.0551850756250842,1.4803304028310125,-0.013618988257721518,-0.16994696789253605,0.027074853428959753,1.9948165887409606,-0.9181301515545126,1.2040348300860912,-0.05473722582645971,-0.1802129885861534,-0.014905719570609573,0.09000117304571391,0.09000117304571391,0.0,0.0005437559909360688,0.12058194839413205,-0.002693968278861269,3.86639476247509e-05,0.07643238999176291,-1.5771965741849785,0,0.2611214304931207
14.177280000000703,2.001701902773049,-0.7396933599322708,1.1969831486304352,-0.001120875720921448,-0.1899945400150057,0.0029287621700828945,1.6921766676500607,-1.1748597039232993,0.9938336971428929,-0.14709078806884632,-0.2337250375605513,0.019785386865131517,1.8431884536344034,-1.0469836487045636,1.0989735267561604,-0.10085410637199467,-0.20658898263743738,0.0026390882686001603,0.09000117304571391,0.09000117304571391,0.0,0.0005434412190968084,0.12029139682128315,-0.002683268688039144,3.844925991473067e-05,0.07621575944661149,-1.5771988659863772,0,0.26032968468575624
14.181440000000704,2.0016972428185835,-0.7404827584446269,1.19699530280128,-0.0011183890716811964,-0.18945564296543918,0.0029170010027654175,1.9662734175228833,-1.1131334524620828,0.8949081289655183,-0.06645455103628631,-0.08337626094644308,0.036250863590418556,1.9045930179527144,-1.0802335911065453,0.9970141311337058,-0.08338948262531858,-0.14443396321793794,0.019764757011373205,0.09000117304571391,0.09000117304571391,0.0,0.000543119905172999,0.12000127400041688,-0.002672611139302148,3.8235791577320065e-05,0.07599966374568029,-1.5772011517864932,0,0.25954018475556173
14.185600000000704,2.0016925932171046,-0.7412699171057272,1.1970074081630993,-0.001115904354915108,-0.18891807866408866,0.0029052868366259386,1.4866901070521403,-0.9545167934450838,1.2306241898782426,-0.21289093606246934,-0.2637613206606278,0.04833102970474416,1.6951963043260325,-1.0179232338008828,1.113921596332367,-0.14835937945428948,-0.20394317871966613,0.03391431191655975,0.09000117304571391,0.09000117304571391,0.0,0.0005427921093115015,0.11971158109628066,-0.002661995469269247,3.802353549111511e-05,0.075784102014305,-1.577203431604737,0,0.258752925147095
14.189760000000705,2.0016879539604524,-0.7420548414595469,1.1970194649109538,-0.0011134215965535536,-0.1883818449167328,0.0028936194850974336,2.2126517859239536,-0.8981721591415783,1.0669306026693883,0.0284455288817574,-0.06513979437321732,-0.0769378422970554,1.9539865528829634,-0.9581836945013191,1.090266785612154,-0.05983408464426837,-0.13390262742458853,-0.022006378722875156,0.09000117304571391,0.09000117304571391,0.0,0.000542457891553588,0.11942231925748731,-0.002651421516071683,3.78124845774774e-05,0.07556907337634182,-1.5772057054604383,0,0.25796790031406835
14.193920000000706,2.0016833250403594,-0.7428375370409035,1.1970314732391303,-0.0011109408222741803,-0.18784693952558457,0.0028819987623457926,1.97506977180484,-0.46827300049757903,1.215089650545748,0.06632789719865434,-0.051201571876497654,0.1522502112011087,1.9646662682242997,-0.7133327892372608,1.152995923152352,0.0032396719431591232,-0.09189763359042148,0.06503593765762757,0.09000117304571391,0.09000117304571391,0.0,0.000542117312048443,0.11913348961617942,-0.0026408891178657697,3.7602631800292256e-05,0.0753545769541939,-1.5772079733728468,0,0.2571851047193639
14.198080000000706,2.001678706448453,-0.7436180093754425,1.197043433341144,-0.0011084620575015152,-0.1873133602893575,0.0028704244832694313,1.6890839308699037,-1.1734028868152613,0.9119015929200833,0.03986095245240925,0.003960760029657645,0.17909173637947973,1.8269558537995585,-0.9433624824097685,1.0328181980604987,0.02165711152619422,-0.04413646164326356,0.12271938254493578,0.09000117304571391,0.09000117304571391,0.0,0.0005417704295555253,0.1188450932884424,-0.0026303981134827414,3.7393970166132224e-05,0.0751406118688377,-1.5772102353611324,0,0.2564045328350476
14.202240000000707,2.0016740981762555,-0.7443962639796231,1.197055345409742,-0.0011059853274128094,-0.18678110500332995,0.0028588964634961734,2.052447450980248,-0.9820697728900563,1.4676826531133504,0.1690239416070773,-0.1310431089529552,-0.023812851609126197,1.940055023013587,-0.9629887476134054,1.250203037302241,0.09522152757075973,-0.0876884418992378,0.04989597509314802,0.09000117304571391,0.09000117304571391,0.0,0.0005414173033669954,0.11855713137412927,-0.0026199483426522334,3.7186492723389385e-05,0.07492717723984918,-1.5772124914443855,0,0.255626179142384
14.206400000000707,2.001669500215185,-0.745172306360704,1.197067209636906,-0.0011035106569358705,-0.18625017145941028,0.0028474145193792388,1.833990717835098,-0.5746610701761553,1.2853122579905136,0.06290050281989329,-0.0765008891400986,-0.10852160055649963,1.8871545092334523,-0.7689818713520278,1.2675345159336033,0.07831789218188964,-0.0818260391700124,-0.030429941818926446,0.09000117304571391,0.09000117304571391,0.0,0.0005410579918109656,0.11826960495727412,-0.0026095396453697742,3.698019256247805e-05,0.07471427218542977,-1.5772147416416176,0,0.25485003813184975
14.210560000000708,2.001664912556557,-0.7459461420167298,1.197079026213856,-0.0011010380707531333,-0.18572055744620017,0.002835978467995825,1.6546669217686505,-0.7094900172930997,1.813540860999808,-0.03545955006519608,-0.19943581202705893,0.12406777501332168,1.770834949962746,-0.7396520552348107,1.5407976008673987,0.021621034513911168,-0.1398028398605263,0.04775417961688801,0.09000117304571391,0.09000117304571391,0.0,0.000540692553105071,0.11798251510607854,-0.0025991718627614603,3.677506281534708e-05,0.07450189582243211,-1.577216985971762,0,0.2540761043031476
14.214720000000709,2.001660335191585,-0.7467177764365176,1.1970907953310523,-0.00109856759330217,-0.185192260749058,0.002824588127142139,1.818508189129761,-0.5826688679561133,1.154701312981215,0.1087876548530744,-0.3457449986378741,-0.08556326456201298,1.7948991346049892,-0.661880958767186,1.3475689254136556,0.06473893687526593,-0.24157974308640587,-0.018962988433661218,0.09000117304571391,0.09000117304571391,0.0,0.0005403210449281314,0.11769586287295086,-0.0025888448358095846,3.65710966553257e-05,0.0742900472663856,-1.5772192244536738,0,0.25330437216521967
14.21888000000071,2.0016557681113816,-0.7474872150996432,1.1971025171781995,-0.0010960992487779873,-0.18466527915016215,0.0028132433153337014,2.4783333921489,-1.3272238794603741,1.1802852756232576,0.06897951745642289,-0.3144580336420952,-0.056727415428095486,2.136764609348413,-0.9952107422774545,1.2638081284168194,0.06681651648265617,-0.27820469445137924,-0.03793406572306694,0.09000117304571391,0.09000117304571391,0.0,0.0005399435248467132,0.11740964929465342,-0.0025785584068585016,3.6368287296802194e-05,0.07407872563152179,-1.5772214571061307,0,0.25253483623626094
14.22304000000071,2.00165121130696,-0.748254463476429,1.1971141919442487,-0.0010936330611335452,-0.18413961042857357,0.002801943851799387,2.042122674706179,-0.7090837155187242,1.3456711960934808,0.0004411121743210602,-0.05458547008719991,0.01862466082446578,2.089443894570008,-0.852260849805715,1.3047790722111983,0.033634361010609765,-0.16540593743396384,-0.009705620691514923,0.09000117304571391,0.09000117304571391,0.0,0.0005395600494588933,0.11712387539266333,-0.0025683124185550844,3.6166627995157916e-05,0.07386793003079964,-1.577223683947833,0,0.25176749104373164
14.22720000000071,2.001646664769235,-0.7490195270279302,1.1971258198174006,-0.001091169054083842,-0.18361525236029697,0.00279068955647988,1.980148328571221,-0.21078729943021268,0.9164251358741109,-0.07845048853241346,-0.18264051068547935,0.1164243981853219,2.0346337486878965,-0.5319005593072116,1.1108419223788417,-0.023159000933490676,-0.17349971725078933,0.0531702927049359,0.09000117304571391,0.09000117304571391,0.0,0.0005391706756757283,0.11683854217273226,-0.0025581067136425644,3.5966112046120585e-05,0.07365765957593035,-1.5772259049974044,0,0.25100233112437054
14.231360000000711,2.001642128489022,-0.7497824112059233,1.197137400985109,-0.00108870725110466,-0.1830922027183436,0.002779480250027003,2.155139967289354,-0.3387323292297601,1.8439900720658349,-0.1417378611576373,-0.22542474042217264,0.07713919700852438,2.0945918780433677,-0.4357833160717043,1.4775816002568831,-0.08195396603054904,-0.1997730866910032,0.06514092273279716,0.09000117304571391,0.09000117304571391,0.0,0.0005387754594380089,0.11655365062567519,-0.0025479411364670423,3.5766732785897076e-05,0.07344791337740234,-1.577228120273392,0,0.2502393510242068
14.235520000000712,2.001637602457041,-0.7505431214528933,1.1971489356340832,-0.0010862476754366578,-0.182570459272791,0.002768315753796766,1.8214566498887146,-0.9961328616793407,1.4848308252529405,-0.12035989620210444,-0.30322596567851196,0.07078063362626633,1.957772050128028,-0.7165922440342412,1.4813534826089818,-0.10117491028767986,-0.25171748680705597,0.06796163373015415,0.09000117304571391,0.09000117304571391,0.0,0.0005383744569977299,0.11626920172693067,-0.002537815531276112,3.5568483590638856e-05,0.07323869054450571,-1.5772303297942674,0,0.24947854529857247
14.239680000000712,2.0016330866639156,-0.7513016632020217,1.1971604239502909,-0.0010837903500841221,-0.18205001979084448,0.0027571958898494854,2.4361427788018766,-0.9586691481970737,0.8830206710787939,0.10734179214804139,-0.16375358422920466,0.005572993533420227,2.1971836615262084,-0.8379734767662349,1.1821943552798098,0.003247110637798114,-0.20750842347386983,0.03683208509447306,0.09000117304571391,0.09000117304571391,0.0,0.0005379677232069456,0.11598519643686933,-0.002527729742868046,3.5371357876593564e-05,0.07302999018535677,-1.5772325335784263,0,0.24871990851211442
14.243840000000713,2.001628581100175,-0.7520580418771755,1.1971718661189614,-0.0010813352978208493,-0.18153088203689727,0.002746120480947228,2.0045046277732217,-0.6885557471602616,1.371955609826146,-0.02133790062380121,-0.18877740456391648,-0.0484387554645513,2.1007976450743557,-0.7636582087730689,1.2769751229942654,-0.00867401241287933,-0.1971868363167516,-0.005588132943639905,0.09000117304571391,0.09000117304571391,0.0,0.0005375553136541473,0.11570163570110259,-0.0025176836170287802,3.517534909922185e-05,0.07282181140692229,-1.5772347316441895,0,0.24796343523880568
14.248000000000713,2.0016240857562533,-0.7528122628928946,1.1971832623245886,-0.0010788825411871242,-0.18101304377258937,0.002735089350549407,2.261802003185627,-0.7402218315027099,1.2337890616233549,-0.029222263459714386,-0.21025229154952277,0.04030869989450913,2.1812394598205125,-0.7523778590938529,1.2554654291725116,-0.01860567946128483,-0.20338968807258115,0.017454410694915764,0.09000117304571391,0.09000117304571391,0.0,0.0005371372829540062,0.11541852045015044,-0.0025076769998994084,3.498045075356574e-05,0.07261415331504342,-1.5772369240098032,0,0.24720912006195725
14.252160000000714,2.001619600622493,-0.7535643316543815,1.1971946127509336,-0.0010764321024938257,-0.18049650275686782,0.0027241023228110513,1.286792015012482,-0.9049728209655853,1.128164343985284,0.07944371981001641,-0.1355294918413506,-0.05501046666519316,1.7341755778855263,-0.8289575036229189,1.1917009611292253,0.02999983726039937,-0.16984936486279048,-0.01943959475222273,0.09000117304571391,0.09000117304571391,0.0,0.000536713685387,0.11513585160001794,-0.002497709738412509,3.478665637377906e-05,0.07240701501445973,-1.577239110693439,0,0.2464569575742289
14.256320000000715,2.0016151256891437,-0.75431425355749,1.1972059175810277,-0.0010739840038238658,-0.17998125674604457,0.002713159222579224,1.4767060931230078,-0.5093999816143056,1.5045490653557285,-0.022789048492127616,-0.07796097368133262,0.18345292061932994,1.605390247702724,-0.6693382821717265,1.348508238598696,0.004275023137906165,-0.12409420187064653,0.082253586226493,0.09000117304571391,0.09000117304571391,0.0,0.0005362845748985243,0.11485363005197041,-0.002487781679658959,3.459395953283301e-05,0.07220039560883282,-1.5772412917131946,0,0.24570694237764026
14.260480000000715,2.001610660946364,-0.7550620339887144,1.1972171769971751,-0.0010715382670336319,-0.17946730349385528,0.0027022598753920794,1.8100757442085318,-1.0115948109641701,0.9495245901738426,0.16859826574277595,-0.15183650394098963,-0.015226122651924908,1.7080839940051538,-0.8407849734635353,1.14898170917578,0.08696164732874295,-0.13785949946821482,0.03363702271348769,0.09000117304571391,0.09000117304571391,0.0,0.0005358500053119519,0.11457185669273617,-0.002477892671751948,3.440235384226071e-05,0.07199429420076979,-1.5772434670870947,0,0.2449590690835816
14.264640000000716,2.0016062063842237,-0.755807678325179,1.1972283911809563,-0.0010690949137535412,-0.1789546407515172,0.002691404107474366,1.7641135574713238,-0.6804637921131156,1.3489063907886651,0.12316515332793894,-0.10028901340780785,-0.08443362616085283,1.736355228568257,-0.7608323406235155,1.248769246500907,0.10511838491805876,-0.11884516045167298,-0.02511043395760814,0.09000117304571391,0.09000117304571391,0.0,0.0005354100294723959,0.11429053239470971,-0.0024680425631944565,3.4211832952105586e-05,0.07178870989184664,-1.5772456368330905,0,0.2442133323128239
14.268800000000716,2.0016017619927013,-0.7565511919346282,1.1972395603132302,-0.0010666539653921628,-0.1784432662677863,0.0026805917457355167,2.015410834742139,-1.1458059655586295,1.2587402750719079,0.06236496761793165,-0.2170039681833593,-0.012272495681348182,1.8760138949365321,-0.9537724791872229,1.2537297294788556,0.08413231506914069,-0.16826914464595122,-0.018896812515298025,0.09000117304571391,0.09000117304571391,0.0,0.0005349647007421281,0.11400965801594132,-0.0024582312031014193,3.402239055026461e-05,0.0715836417826314,-1.5772478009690603,0,0.24346972669552946
14.272960000000717,2.0015973277616883,-0.7572925801754157,1.1972506845741375,-0.001064215443134107,-0.17793317778901435,0.0026698226177668395,2.0938148081214427,-0.8454458091315787,0.913630253997118,-0.13288834951411657,-0.23357107918473555,-0.12714754621438348,1.9846397378594258,-0.9000951273519763,1.0834125003934743,-0.024492114566816516,-0.20047348510846436,-0.07270352146856542,0.09000117304571391,0.09000117304571391,0.0,0.0005345140715038274,0.1137292344001804,-0.0024484584409942157,3.383402036278287e-05,0.071379088972707,-1.5772499595128102,0,0.2427282468712617
14.277120000000718,2.0015929036809887,-0.7580318483964957,1.1972617641431036,-0.0010617793679441525,-0.17742437305920586,0.002659096551839547,1.8204414400671876,-0.979859588613971,1.0679121770456355,0.08857585811650016,-0.21352438414072888,0.042186870068861695,1.9027246717336455,-0.9404245821350355,1.075750519203679,0.031555463088804594,-0.20577605201065244,-0.015526044231983158,0.09000117304571391,0.09000117304571391,0.0,0.0005340581938002064,0.11344926237729303,-0.0024387241274511726,3.364671615336746e-05,0.07117505056069429,-1.5772521124820749,0,0.2419888874889947
14.281280000000718,2.0015884897403198,-0.7587690019374127,1.1972727991988408,-0.0010593457605687058,-0.17691684982007325,0.00264841337690012,2.056848899592532,-0.7616618681543429,1.589884901575894,-0.12614539859522025,-0.18931626678599314,0.02952876203268628,1.9795264520668743,-0.8514387172744674,1.332881697463628,-0.047749691729424906,-0.19611879094330376,0.007493517207053259,0.09000117304571391,0.09000117304571391,0.0,0.0005335971197610186,0.11316974276287822,-0.002429028113046709,3.346047172301031e-05,0.07097152564427436,-1.5772542598945165,0,0.24125164320712292
14.285440000000719,2.0015840859293133,-0.7595040461282923,1.1972837899193516,-0.0010569146415354838,-0.1764106058110937,0.0026377729225700182,2.3756976295887187,-0.9480540112998334,1.1268769761892516,0.12354319834210706,-0.12893947359261604,0.08903911761775006,2.1778724010395476,-0.9000168391161126,1.2300628861583414,0.037586829984325075,-0.16176004580914158,0.048361077709005225,0.09000117304571391,0.09000117304571391,0.0,0.0005331309007472647,0.11289067635884631,-0.0024193702492146738,3.327528091009382e-05,0.07076851332021128,-1.5772564017677269,0,0.24051650869347044
14.28960000000072,2.0015796922375166,-0.760236986289832,1.1972947364819313,-0.0010544860311567583,-0.17590563876956344,0.002627175019141886,2.611105894433158,-0.3359423823678927,1.0586071845452127,-0.08912196842297787,0.02766572876235901,0.0024417960996715123,2.3943053678327515,-0.6179184444749546,1.1443386642742943,-0.025066887251409743,-0.06690312957989024,0.025524672845868356,0.09000117304571391,0.09000117304571391,0.0,0.0005326595877773138,0.11261206395319595,-0.00240975038782933,3.309113758994222e-05,0.07056601268437415,-1.5772585381192263,0,0.23978347862529986
14.29376000000072,2.0015753086543935,-0.7609678277332931,1.1973056390631711,-0.0010520599495308283,-0.17540194643065307,0.002616619497577407,2.111511273555533,-0.07892393806521447,0.6250748278411292,-0.04752360531044891,-0.27309638006242165,-0.028466366339710013,2.2528082500380924,-0.3489862165198863,0.8846447761837477,-0.03665727788279758,-0.16961903916711296,-0.001887105721508507,0.09000117304571391,0.09000117304571391,0.0,0.000532183231739963,0.1123339063203257,-0.0024001683816417003,3.290803567451501e-05,0.07036402283175935,-1.5772606689664652,0,0.23905254768932116
14.29792000000072,2.0015709351693247,-0.7616965757604909,1.1973164978389608,-0.0010496364165426006,-0.17489952652746157,0.002606106189503454,2.1763101530907707,-0.7205369219870609,1.7484472195349814,0.08021087859814308,-0.2866745308024653,0.17902900735710445,2.2147252345428043,-0.5353597182889651,1.3169229993480454,0.021898195881523273,-0.228488173194666,0.08924124037482384,0.09000117304571391,0.09000117304571391,0.0,0.0005317018829660977,0.11205620422097207,-0.002390624083860534,3.27259691123075e-05,0.07016254285651233,-1.5772627943268236,0,0.23832371058170018
14.302080000000721,2.0015665717716087,-0.762423235663787,1.1973273129844908,-0.0010472154518659574,-0.17439837679107048,0.002595634927209876,1.700538436354259,-0.47207159171196106,1.7555129738855617,-0.12268797342750246,-0.12977929444581116,0.07788134871609376,1.957372500604626,-0.5039857225441017,1.5363834195973147,-0.05012145706169709,-0.17886441169882375,0.08338266190649384,0.09000117304571391,0.09000117304571391,0.0,0.0005312155918692028,0.11177895840230767,-0.002381117347731977,3.254493188802114e-05,0.06996157185194937,-1.577264914217612,0,0.23759696200806726
14.306240000000722,2.001562218450463,-0.7631478127260811,1.197338084674256,-0.0010447970749634533,-0.17389849495059775,0.0025852055436491037,2.2904974849659774,-0.4337251545208627,1.2481865330805555,0.22703310741867244,-0.21428949524769278,0.05490879107180177,2.124408431485009,-0.4692991217074831,1.3923952987603399,0.0889740277255346,-0.197315700393575,0.07004652803451855,0.09000117304571391,0.09000117304571391,0.0,0.0005307244080895702,0.11150216959825343,-0.0023716480278312465,3.23649180226206e-05,0.0697611089105794,-1.5772670286560715,0,0.2368722966835251
14.310400000000723,2.001557875195025,-0.763870312220803,1.1973488130820578,-0.0010423813050895782,-0.17339987873325033,0.002574817872430359,2.3485574632854247,-1.1997722971837121,1.1020515039847603,-0.015612304848647535,-0.086996219681296,-0.07207152691897102,2.2364516895017705,-0.8347195053744869,1.247072345531746,0.03685739712593302,-0.14325218927951686,-0.0014277510218018517,0.09000117304571391,0.09000117304571391,0.0,0.0005302283809204195,0.11122583852941731,-0.002362215978574096,3.218592157290803e-05,0.06956115312412514,-1.577269137659374,0,0.23614970933265655
14.314560000000723,2.001553541994353,-0.7645907394119046,1.197359498381007,-0.0010399681612922437,-0.17290252586437685,0.002564471747820072,1.8007486907612222,-1.3049671675798113,1.2571475173459161,-0.01628197845912087,-0.07521454043126068,-0.11345558556189014,2.0185639164261455,-1.070003061378648,1.251874365328874,0.009982815193429594,-0.1092423850095426,-0.057601688927515785,0.09000117304571391,0.09000117304571391,0.0,0.0005297275595209567,0.11094996590303297,-0.002352821055722005,3.200793663119526e-05,0.06936170358354446,-1.577271241244623,0,0.2354291946895328
14.318720000000724,2.001549218837426,-0.7653090995538526,1.1973701407435267,-0.0010375576624133825,-0.1724064340675207,0.0025541670047360154,1.763441467904124,0.06730399607309268,1.284627323723376,0.08371497581761687,-0.2637151570994632,-0.06296221383805457,1.8911742021773061,-0.501891109501062,1.2681208593987705,0.04724302472752933,-0.18598069739101314,-0.06063995550416133,0.09000117304571391,0.09000117304571391,0.0,0.0005292219927019834,0.11067455241348623,-0.002343463114893649,3.1830957325179014e-05,0.06916275937905147,-1.5772733394288538,0,0.23471074749772017
14.322880000000724,2.0015449057131467,-0.7660253978916213,1.1973807403413548,-0.0010351498270904389,-0.17191160106447087,0.002543903478747642,1.7862411412022574,-1.0700174584857889,0.9595797756977174,0.13416216363218988,-0.3713683601462069,-0.1143847837714336,1.838984962609714,-0.7867329654098141,1.1136107209538564,0.09119143282676379,-0.27757088509962097,-0.08773946232576191,0.09000117304571391,0.09000117304571391,0.0,0.0005287117289250083,0.11039959874193406,-0.002334142012641739,3.165497781777486e-05,0.06896431960013749,-1.5772754322290337,0,0.23399436251028796
14.327040000000725,2.0015406026103393,-0.766739639660685,1.1973912973455467,-0.0010327446737578643,-0.17141802457531427,0.0025336810060719653,2.0141760919454557,-0.6165167556423391,1.2752387778934338,-0.02535376137610592,-0.19288225021998173,0.04892844651976943,1.9265277994610401,-0.7020250296791285,1.194527962019715,0.03351225575668108,-0.2351498729159351,-0.019564208045982592,0.09000117304571391,0.09000117304571391,0.0,0.000528196816301358,0.11012510555672422,-0.00232485760581984,3.147999230690795e-05,0.06876638333559171,-1.5772775196620623,0,0.23328003448981527
14.331200000000726,2.0015363095177534,-0.767451830087012,1.1974018119264782,-0.0010303422206486158,-0.17092570231848653,0.0025234994235720353,1.7912285395251843,-1.0589190095042231,1.6213792738444968,-0.25593130251898755,-0.1698362708824731,-0.1531224361677711,1.8583441350168877,-0.8808285093092999,1.4076387380896043,-0.11082649695583233,-0.20214246189447782,-0.08663456877834942,0.09000117304571391,0.09000117304571391,0.0,0.0005276773023773413,0.10985107351344242,-0.0023156097520180396,3.130599502527866e-05,0.06856894967352187,-1.5772796017447723,0,0.23256775820839753
14.335360000000726,2.0015320264240626,-0.7681619743870571,1.197412284253848,-0.0010279424857965477,-0.17043463201082235,0.0025133585687536347,1.5912137694941626,-0.45779353186163757,1.3639944018269488,0.07418506841927636,0.0008477829575732898,0.0988176938378928,1.7249297470316032,-0.6693063098729488,1.3860222070071209,-0.01754457328731031,-0.10065415842485011,0.005885185591971688,0.09000117304571391,0.09000117304571391,0.0,0.0005271532349887106,0.109577503254905,-0.002306398309357433,3.113298023994426e-05,0.06837201770137463,-1.5772816784939294,0,0.2318575284476535
14.339520000000727,2.0015277533178666,-0.7688700777677555,1.1974227144966803,-0.001025545487035245,-0.16994481136760603,0.0025032582797628196,1.5886880290323684,-0.8177391340538066,1.501159507466172,-0.06133355744886304,-0.23233745222743496,0.28955222918311296,1.6566797271734772,-0.7440065316525362,1.4441939525949994,-0.0391306935387417,-0.1667201546226241,0.14768638091728845,0.09000117304571391,0.09000117304571391,0.0,0.000526624660977415,0.10930439541120612,-0.002297223136498128,3.096094225251226e-05,0.06817558650595586,-1.5772837499262327,0,0.2311493399987317
14.343680000000727,2.0015234901876915,-0.7695761454265164,1.1974331028233276,-0.0010231512420022016,-0.1694562381026218,0.0024931983953834437,2.074617676896722,0.028440907596374077,1.571088687738257,-0.042260121105082954,-0.07851457366496667,0.12925970754621777,1.8655639142368245,-0.35794118641278455,1.5079103945816525,-0.040785368123740236,-0.12239627080883703,0.1387963643599839,0.09000117304571391,0.09000117304571391,0.0,0.0005260916272591229,0.10903175060003162,-0.002288084092433052,3.0789875398576943e-05,0.06797965517345081,-1.577285816058315,0,0.23044318766231625
14.347840000000728,2.001519237021991,-0.7702801825512172,1.1974434494014736,-0.0010207597681385506,-0.16896890992820274,0.0024831787550355006,1.8865791231631894,-0.6246966606655868,1.0623582468306372,-0.0277455988752099,-0.1985263868999964,0.060664721298178174,1.8760145045599592,-0.49173281761763293,1.2852574829376011,-0.03453022284347764,-0.16089000199906708,0.09968788087922074,0.09000117304571391,0.09000117304571391,0.0,0.0005255541801813752,0.10875956942659992,-0.0022789810371378026,3.06197740476658e-05,0.06778422278944404,-1.5772878769067435,0,0.22973906624863324
14.352000000000729,2.0015149938091463,-0.7709821943201975,1.1974537543981352,-0.0010183710826914684,-0.16848282455527996,0.002473199198770802,2.464527922145682,-0.6116136367192897,1.176350992156259,-0.043804053342052965,-0.3701775595667758,-0.07200423132124724,2.1701840421569325,-0.5524431949090404,1.2306528680080058,-0.039080881230891755,-0.2659193257670377,0.01425708139025633,0.09000117304571391,0.09000117304571391,0.0,0.0005250123661640991,0.10848785248381598,-0.00226991383050912,3.0450632602904937e-05,0.06758928843893919,-1.5772899324880203,0,0.22903697057745617
14.35616000000073,2.0015107605374682,-0.7716821859022535,1.1974640179796654,-0.0010159852027139102,-0.1679979796934313,0.0024632595672730673,1.6316308228941407,-0.49041021966214726,0.9987647475640266,0.08967039032757196,-0.42315519333171037,0.17893461980979244,1.9010911426730217,-0.5223067199052635,1.115078856565481,0.02482161091932463,-0.34438476893121367,0.0968292835307,0.09000117304571391,0.09000117304571391,0.0,0.0005244662308438153,0.10821660035221231,-0.002260882333441726,3.0282445501047462e-05,0.06739485120637859,-1.5772919828185814,0,0.22833689547811184
14.36032000000073,2.001506537195197,-0.7723801624566323,1.1974742403117564,-0.00101360214506791,-0.16751437305093006,0.0024533597018535354,1.8211755479286864,-0.18027326875762795,0.7739366472838982,-0.12511930841144056,-0.2020512030150529,-0.0033422087440245075,1.8608725983356433,-0.35170925814041587,0.9444975039226872,-0.050166547436174644,-0.2725555742685006,0.04718710907947426,0.09000117304571391,0.09000117304571391,0.0,0.000523915819713706,0.10794581360031752,-0.002251886407409323,3.011520721203672e-05,0.06720091017566288,-1.577294027914799,0,0.22763883578948554
14.36448000000073,2.0015023237705036,-0.7730761291330273,1.1974844215594416,-0.0010112219264252146,-0.16703200233479232,0.002443499444448296,1.7231609223526028,-0.9557119877981672,1.3654077018850173,-0.03768462719359232,-0.20046156072791177,0.17029295195568794,1.7919368390004633,-0.6541317375140848,1.1553082980602203,-0.043650010020624345,-0.2365449964076049,0.10943155021985793,0.09000117304571391,0.09000117304571391,0.0,0.0005233611783371189,0.10767549278443705,-0.0022429259140442324,2.99489122387867e-05,0.0670074644301702,-1.5772960677929797,0,0.22694278636002632
14.368640000000731,2.00149812025149,-0.7737700910715724,1.1974945618870982,-0.0010088445632670257,-0.16655086525082513,0.002433678637617388,1.720826925916566,-0.33025987081703295,1.0577944623682374,0.03681163936421892,-0.10590853973050549,-0.10633168318000737,1.7564580964002943,-0.4924140060343811,1.1063292095952093,-0.003493764215461252,-0.17114786609996951,0.0017183110848695048,0.09000117304571391,0.09000117304571391,0.0,0.0005228023512778251,0.10740563844902223,-0.0022340007157865775,2.9783555117323348e-05,0.06681451305277547,-1.577298102469367,0,0.2262487420477519
14.372800000000732,2.0014939266261904,-0.7744620534028377,1.1975046614584506,-0.0010064700718882009,-0.16607095950367315,0.0024238971245412284,1.7368153318082964,-1.0441392506128617,0.7935550407973591,0.009906995139074623,-0.07759114147196315,-0.00942339854251532,1.7466569806042977,-0.7684430231775787,0.949919888153052,0.003303036904797832,-0.12382404277782222,-0.0036364080621251148,0.09000117304571391,0.09000117304571391,0.0,0.0005222393831675418,0.10713625112655834,-0.0022251106756787653,2.9619130416153654e-05,0.06662205512586938,-1.57730013196014,0,0.22555669772025352
14.376960000000732,2.001489742882572,-0.7751520212478247,1.1975147204365715,-0.0010040984683970047,-0.16559228279686578,0.0024141547490178304,2.487005108291755,-0.8545316072824212,1.1921823377054848,-0.06134348758437538,-0.12339086063660581,-0.030754027356389768,2.1167091020565625,-0.8117456921316669,1.0709884992109548,-0.029241938496233962,-0.12306648930847765,-0.017029293351842445,0.09000117304571391,0.09000117304571391,0.0,0.0005216723184919836,0.1068673313377203,-0.002216255656730979,2.9455632736182867e-05,0.06643008973137723,-1.5773021562814145,0,0.22486664825470062
14.381120000000733,2.001485569008536,-0.7758399997179616,1.197524738983886,-0.0010017297687157519,-0.16511483283286363,0.0024044513554627527,1.6200651155430963,-0.19126489656029455,0.8312445406391173,-0.069993680821805,-0.30838121064611296,0.19570390062374776,1.8682388497706932,-0.5021423774918585,0.9515214065275529,-0.050000376314251964,-0.21571150573420397,0.08956132487515381,0.09000117304571391,0.09000117304571391,0.0,0.000521101201162521,0.1065988795914748,-0.002207435523212181,2.929305671069652e-05,0.06623861595077775,-1.5773041754492427,0,0.22417858853784514
14.385280000000733,2.001481404991917,-0.7765259939150995,1.197534717262173,-0.0009993639885832347,-0.16463860731310453,0.0023947867889035582,1.8331200871588205,-0.6516548622857005,0.9144376910038862,0.0556177003364856,-0.1354753936427663,0.15961452759553268,1.8507955446151347,-0.5771828840297047,0.9333096760279147,0.002494794596132546,-0.17490951785076186,0.1253560609161461,0.09000117304571391,0.09000117304571391,0.0,0.0005205260749427442,0.10633089638523635,-0.002198650139589267,2.9131397005031588e-05,0.06604763286512161,-1.5773061894796145,0,0.22349251346602567
14.389440000000734,2.0014772508204857,-0.777210008931508,1.1975446554325688,-0.0009970011435553713,-0.16416360393804902,0.002385160894978816,2.2974436952734,-0.4213856584976079,1.317917276361126,-0.06673503619205337,-0.2860958285698139,-0.1237677098576754,2.073983862621536,-0.4998781141286298,1.1253586912330744,-0.03207924115044333,-0.23056188572684067,0.0008307999208126597,0.09000117304571391,0.09000117304571391,0.0,0.0005199469830201248,0.10606338220486333,-0.0021898993705337187,2.8970648316439855e-05,0.06585713955504988,-1.577308198388457,0,0.22280841794517137
14.393600000000735,2.001473106481948,-0.7778920498498715,1.1975545536555685,-0.0009946412490076416,-0.1636898204072256,0.002375573519936988,1.9105089793183694,-0.9861731204530768,1.1574961455079515,-0.12323982339874545,-0.19547503859942553,-0.06347998348819896,1.9919890682455546,-0.7434349423751739,1.1412964335530111,-0.07771449310256134,-0.21333813149875672,-0.03171804201906269,0.09000117304571391,0.09000117304571391,0.0,0.0005193639688604742,0.10579633752460021,-0.002181183081784952,2.881080537369648e-05,0.06566713510081221,-1.5773102021916348,0,0.2221262968908063
14.397760000000735,2.0014689719639476,-0.7785721217432852,1.1975644120910294,-0.0009922843201339586,-0.1632172544192765,0.0023660245106317634,2.574653102117151,-0.8450611755097611,0.880139382608387,0.06686312873144903,-0.09983516471637996,-0.03130191004450035,2.283462974000172,-0.7944583655065469,1.0106515497734048,-0.004828248534939364,-0.1556605097520047,-0.031787059923453535,0.09000117304571391,0.09000117304571391,0.0,0.0005187770747107508,0.10552976280755477,-0.0021725011393029566,2.8651862937286617e-05,0.06547761858228515,-1.577312200904951,0,0.22144614522805248
14.401920000000736,2.0014648472540646,-0.7792502296752518,1.1975742308981732,-0.0009899303719517808,-0.16274590367200129,0.0023565137145209005,2.171306999124179,-0.7019382844068491,2.183370103372608,0.005029538657939843,-0.32367707575636884,-0.03958941570141636,2.2273954308253403,-0.7488699687991285,1.5969374310661464,-0.00026916269994235807,-0.24011370455212744,-0.036045117805353744,0.09000117304571391,0.09000117304571391,0.0,0.0005181863435219309,0.10526365850537389,-0.0021638534097032994,2.849381579863696e-05,0.06528858907898998,-1.577314194544147,0,0.2207679578916338
14.406080000000737,2.0014607323398175,-0.7799263786996785,1.1975840102355884,-0.0009875794192992105,-0.16227576586240183,0.0023470409796632775,1.6050084977248447,-0.9502361440965765,0.4214484451512477,0.022256662915271522,-0.05146937043430329,-0.06713966617140744,1.9162445858562722,-0.8496592409158271,1.009046627067774,0.010663649399505502,-0.14689962094133013,-0.05234194083325043,0.09000117304571391,0.09000117304571391,0.0,0.0005175918174527006,0.10499802505866779,-0.00215523975983678,2.833665878046002e-05,0.06510004567011064,-1.5773161831249025,0,0.22009172982587882
14.410240000000737,2.001456627208664,-0.7806005738608732,1.197593750261233,-0.0009852314768383278,-0.16180683868672563,0.002337606154717684,1.8339493431334464,-0.47469465172266473,1.1684123248865572,-0.03796730653357721,-0.2882333846526834,0.06613488092811637,1.8750179253770227,-0.6627726330466042,1.0888672351570028,-0.013892806285112738,-0.21813759536079091,0.00732866580565232,0.09000117304571391,0.09000117304571391,0.0,0.000516993538295579,0.10473286289679284,-0.0021466600574386024,2.8180386736425996e-05,0.0649119874345114,-1.5773181666628369,0,0.21941745598472442
14.414400000000738,2.001452531848001,-0.781272820193542,1.197603451132437,-0.0009828865590567467,-0.1613391198405099,0.0023282090889389226,2.4981340703123154,-0.41620236421622314,1.1237976609428497,-0.09704824335065482,-0.20376201094329538,0.08609134045739969,2.186378841301873,-0.5399089866100286,1.1065127161635324,-0.05562904021150684,-0.21124196663321307,0.04624518320131462,0.09000117304571391,0.09000117304571391,0.0,0.0005163915474760269,0.1044681724381692,-0.002138114170280349,2.8024994550833326e-05,0.06472441345075444,-1.5773201451735082,0,0.21874513133171825
14.418560000000738,2.001448446245167,-0.7819431227227863,1.1976131130059045,-0.000980544680269177,-0.1608726070186243,0.0023188496321774133,2.0603895836349433,-1.0215414751751504,1.6665010096947408,-0.051545961722446854,-0.07158524320813611,-0.06810547591506523,2.123275784791009,-0.7808789120783114,1.3863696277224513,-0.05342813891664805,-0.14074179743269966,-0.01116502217039337,0.09000117304571391,0.09000117304571391,0.0,0.0005157858866934061,0.10420395409022437,-0.002129601967246833,2.7870477138296798e-05,0.06453732279711724,-1.5773221186724145,0,0.2180747508400217
14.422720000000739,2.001444370387439,-0.7826114864641002,1.1976227360377165,-0.0009782058546163135,-0.1604072979153142,0.0023095276348743432,2.244555772479334,-0.6963507626354666,1.0528141836682168,-0.16143100344483252,-0.031135499011986145,0.10903644088158979,2.1835807966449647,-0.7386780245879897,1.2198160856932923,-0.10739435923505879,-0.08641794823252763,0.04906196710778857,0.09000117304571391,0.09000117304571391,0.0,0.0005151765970656296,0.10394020824960443,-0.002121123317060398,2.7716829443950518e-05,0.0643507145516099,-1.5773240871749934,0,0.21740630949241235
14.42688000000074,2.001440304262039,-0.7832779164233679,1.1976323203833334,-0.0009758700960672891,-0.1599431902242426,0.0023002429480621345,1.8307050234896534,-0.7867123148780709,1.383912694714708,-0.12642178379611832,-0.21906598397210444,0.048161199398992265,2.006877199220972,-0.7631521985576336,1.3019665220358445,-0.11676838585449822,-0.15223252428711204,0.04822231866908508,0.09000117304571391,0.09000117304571391,0.0,0.0005145637189138794,0.10367693530206462,-0.002112678089357105,2.7564046443236032e-05,0.06416458779199219,-1.5773260506966233,0,0.21673980228128648
14.43104000000074,2.0014362478561285,-0.7839424175968618,1.1976418661975974,-0.0009735374184230256,-0.159480281638533,0.002290995423360401,2.3933716603281834,-0.5289475723799639,1.2710561761210513,0.1135432975008496,-0.3175306743243652,-0.10843031307189963,2.2003632399552235,-0.6467101016779456,1.2862858918730031,-0.0015979207283934895,-0.2341976120646125,-0.030233888985285236,0.09000117304571391,0.09000117304571391,0.0,0.0005139472930445223,0.1034141356227875,-0.0021042661542670406,2.7412123141247858e-05,0.06397894159579068,-1.5773280092526227,0,0.21607522420866102
14.43520000000074,2.0014322011568146,-0.7846049949712401,1.1976513736347347,-0.0009712078353142415,-0.15901856985081045,0.0022817849129736704,1.726422684951663,-0.6703122127518666,1.172185154755391,0.0318275163136718,-0.23843590254807154,0.0406768464466938,1.9634573227429113,-0.6590091208939705,1.2293191990025107,0.014402762643981552,-0.2354227115850323,0.005280676059978515,0.09000117304571391,0.09000117304571391,0.0,0.0005133273594663066,0.10315180957622055,-0.0020958873824216562,2.726105457297259e-05,0.06379377504031547,-1.577329962858251,0,0.21541257028617594
14.439360000000741,2.001428164151147,-0.7852656535235453,1.1976608428483584,-0.0009688813602048051,-0.15855805255324368,0.0022726112696890917,2.648258741050599,-0.7760259984741029,1.2648606761252343,-0.01745013571350311,-0.15626500626482806,-0.054346984248624046,2.3058284149108066,-0.7178447792225536,1.2469790025797356,-0.0024289404266714474,-0.19518822937610433,-0.025421994095272377,0.09000117304571391,0.09000117304571391,0.0,0.0005127039582443803,0.10288995751639468,-0.002087541644746919,2.7110835802879092e-05,0.06360908720267702,-1.577331911528708,0,0.21475183553509572
14.443520000000742,2.0014241368261203,-0.7859243982212019,1.1976702739914704,-0.000966558006391529,-0.1580987274375857,0.002263474346874988,1.860888535129963,-0.24728222489569873,0.6470359067906685,-0.2191045631490711,-0.10766677077614206,0.1281081880393515,2.0829001957088384,-0.48278475128315995,0.947270457535038,-0.11102468599306978,-0.15114544922053624,0.05097762514261141,0.09000117304571391,0.09000117304571391,0.0,0.0005120771290723937,0.10262857978686923,-0.0020792288128983153,2.696146192492118e-05,0.06342487715980265,-1.5773338552791365,0,0.21409301498631123
14.447680000000743,2.0014201191686745,-0.7865812340220153,1.197679667216464,-0.0009642377870057469,-0.15764059219521473,0.0022543739984775897,2.201293631223268,-0.1613381189862647,1.3011239431840589,-0.12276595611564876,-0.11609502479966227,0.10049832281210573,2.1418429966163024,-0.322301713487478,1.1244089485013926,-0.11718514408234049,-0.1331159661455128,0.07562013935471407,0.09000117304571391,0.09000117304571391,0.0,0.0005114469110576621,0.10236767672078351,-0.0020709487586263297,2.6812928062348034e-05,0.063241143988453,-1.5773357941246196,0,0.21343610368034127
14.451840000000743,2.001416111165695,-0.7872361658741702,1.1976890226751267,-0.0009619207150157857,-0.15718364451717473,0.0022453100790204186,1.3458908389952218,-1.3472970009026302,1.1115907971690366,-0.13090900071478315,-0.042016808919247015,0.1254412638527474,1.7435903536244872,-0.8348955350941334,1.1182594152265004,-0.124667625605714,-0.08679721799071624,0.10114399101408338,0.09000117304571391,0.09000117304571391,0.0,0.0005108133435756286,0.10210724864096227,-0.002062701354853298,2.6665229367273848e-05,0.06305788676523841,-1.5773377280801828,0,0.21278109666733389
14.456000000000744,2.001412112804015,-0.7878891987162294,1.1976983405186417,-0.0009596068032258764,-0.1567278820942158,0.002236282443599238,1.7935444755205894,-1.2148159120077646,1.1041057974152066,0.010111132276229298,-0.17499765663423683,-0.020200540456695074,1.7685892854173393,-1.025224629376552,1.1111418298888318,-0.057522688701993084,-0.12980639583833198,0.03983557961462013,0.09000117304571391,0.09000117304571391,0.0,0.0005101764652005651,0.10184729586007463,-0.0020544864741835357,2.6518361020824525e-05,0.06287510456663505,-1.577339657160794,0,0.2121279890070676
14.460160000000744,2.001408124070414,-0.7885403374771329,1.1977076208975912,-0.0009572960642795206,-0.15627330261683356,0.0022272909478831065,2.282861184466992,-0.33521654971026693,1.4255093471854634,0.003207877135296686,-0.21649433334260926,0.08582614276348136,2.0257352597034055,-0.680668234040654,1.268505942031933,-0.02704293843772852,-0.1721009634176977,0.06300206131393633,0.09000117304571391,0.09000117304571391,0.0,0.0005095363147735392,0.1015878186807399,-0.0020463039904071983,2.6372318232673043e-05,0.06269279646900106,-1.5773415813813634,0,0.21147677576895216
14.464320000000745,2.0014041449516196,-0.7891895870761967,1.1977168639619584,-0.0009549885106584062,-0.15581990377530844,0.0022183354481092577,1.7203420879567473,-0.5909731875223458,0.9897504323267354,0.00739878111532772,-0.25220245665558966,-0.0925557195395574,1.8730537734328288,-0.6363449478620484,1.1289346852509905,-0.010712551943782806,-0.21200668364032146,-0.015229374150913426,0.09000117304571391,0.09000117304571391,0.0,0.0005088929303331143,0.1013288173953128,-0.0020381537774387514,2.6227096241193696e-05,0.06251096154859229,-1.5773435007567442,0,0.2108274520320298
14.468480000000746,2.0014001754343083,-0.7898369524231122,1.1977260698611296,-0.0009526841546857795,-0.1553676832597455,0.0022094158010823746,2.0538327867440365,-1.1571779895374008,1.4412841158721448,-0.07404525411069283,-0.1847437933482783,-0.011012185862293326,1.9632893225759755,-0.8971502331236297,1.285087756736153,-0.04179277828167571,-0.1979643333887435,-0.012676534724730891,0.09000117304571391,0.09000117304571391,0.0,0.0005082463499693683,0.10107029228636355,-0.0020300357095371334,2.608269031297254e-05,0.06232959888157827,-1.5773454153017326,0,0.21018001288497554
14.472640000000746,2.001396215505106,-0.7904824384179461,1.197735238743897,-0.0009503830085262569,-0.15491663876011266,0.0022005318641729267,2.5997126985402796,-1.0988319458121443,1.3619660913473217,-0.1025275828408143,-0.3274396427899467,-0.10999855747305501,2.2812937474463797,-0.9986734652138907,1.3233000701239899,-0.07289577993871572,-0.26274200032980016,-0.062005416362003386,0.09000117304571391,0.09000117304571391,0.0,0.0005075966113959971,0.10081224362651708,-0.0020219496619549374,2.593909574276707e-05,0.06214870754405776,-1.577347325031068,0,0.20953445342609792
14.476800000000747,2.0013922651505887,-0.7911260499511389,1.197744370758461,-0.0009480850841874207,-0.15446676796627917,0.002191683495312848,1.8470463278707205,-0.36286128584479943,1.130147536556391,0.10335063154342326,-0.3238608247786004,0.022520248319638003,2.064382688939406,-0.6814367715843727,1.226770507894152,0.014868205949974468,-0.29318976799270235,-0.020332054245893478,0.09000117304571391,0.09000117304571391,0.0,0.000506943751949425,0.10055467167845217,-0.0020138955098762106,2.579630785330709e-05,0.061968286612074285,-1.5773492299594336,0,0.20889076876333945
14.480960000000747,2.0013883243572823,-0.7917677919035058,1.1977534660524318,-0.0009457903935214171,-0.15401806856805447,0.0021828705529955833,1.7276337872218517,-0.7561878729240004,0.8653250849451241,-0.026556309310554103,-0.1992459092586944,0.056585317143384196,1.8959501564110117,-0.719226795094559,1.0461617260697385,-0.005606308171085367,-0.24645269067487188,0.018716482835442444,0.09000117304571391,0.09000117304571391,0.0,0.0005062878092297631,0.1002975766952755,-0.002005873129278468,2.565432199500797e-05,0.06178833516163161,-1.5773511301014569,0,0.20824895401427657
14.485120000000748,2.001384393111665,-0.7924076691462358,1.197762524772833,-0.000943498948223884,-0.15357053825522524,0.0021740928962726024,2.2954533405972093,-0.6481705900478172,1.1361012826978805,0.2577278743746821,-0.17029528077921552,-0.07175020685986412,2.0962413100021955,-0.6840543681338397,1.0909826231915272,0.1257075846200011,-0.2074347103056113,-0.026380188341387556,0.09000117304571391,0.09000117304571391,0.0,0.0005056288198175616,0.10004095892030757,-0.0019978823965123467,2.551313354618559e-05,0.061608852268708936,-1.5773530254717092,0,0.20760900430611987
14.489280000000749,2.0013804714001653,-0.7930456865408925,1.1977715470661028,-0.0009412107598382254,-0.1531241747175934,0.0021653503847516293,2.073019819402301,-0.9178252976213076,1.304713541176928,0.015942575760225862,-0.27646026514352134,-0.003555189339227548,2.0846623437794993,-0.8015173460107194,1.1978424990399659,0.07141801622207272,-0.24153531074102516,-0.015121078156845316,0.09000117304571391,0.09000117304571391,0.0,0.0005049668207692303,0.09978481858734989,-0.001989923188522433,2.537273791244023e-05,0.06142983700927607,-1.5773549160847062,0,0.20697091477571386
14.49344000000075,2.001376559209166,-0.7936818489394134,1.1977805330780968,-0.0009389258397536539,-0.1526789756450131,0.0021566428785939574,1.7752777135264142,-0.9341229877099413,0.8192155301618891,-0.03299820723860089,-0.1348266357255916,-0.10839311329896638,1.9298998910515301,-0.8681022632683509,1.0083023427417577,0.01889797178715213,-0.18783533601776226,-0.062439733725800826,0.09000117304571391,0.09000117304571391,0.0,0.0005043018481202853,0.09952915592063177,-0.001981995382426256,2.5233130526889184e-05,0.06125128845930842,-1.5773568019549087,0,0.20633468056953683
14.49760000000075,2.0013726565250027,-0.794316161184111,1.1977894829540907,-0.0009366441992094707,-0.15223493872742774,0.0021479702385135456,1.684661619046307,-0.7072735534770631,1.0402462291222894,0.2152819097778632,-0.19784881923210035,-0.05462500359234204,1.807726946119506,-0.7880999533620869,1.024160205181047,0.11701629979610385,-0.19204776584321195,-0.05820308127700695,0.09000117304571391,0.09000117304571391,0.0,0.0005036339381668212,0.09927397113486375,-0.0019740988563769542,2.5094306849556812e-05,0.06107320569480194,-1.5773586830967221,0,0.2057002968437005
14.50176000000075,2.001368763333964,-0.7949486281076731,1.1977983968387815,-0.0009343658492940039,-0.15179206165490705,0.002139332325772492,2.006584038035284,-0.5871573245914955,1.1587857348404427,-0.2583162725120789,-0.014461050196427017,-0.17275859227218035,1.9066199142855853,-0.6876570108822433,1.0911149967672231,-0.07078033466119482,-0.10341029466864464,-0.11567428441516185,0.09000117304571391,0.09000117304571391,0.0,0.0005029631270380571,0.09901926443561249,-0.001966233488286926,2.4956262367416485e-05,0.0608955877917879,-1.5773605595244973,0,0.20506775876394917
14.505920000000751,2.0013648796222934,-0.7955792545331635,1.1978072748762907,-0.0009320908009453295,-0.15135034211768225,0.002130729002181819,1.8793687214153572,-0.3735711228720162,1.4742409218517638,0.09781234853174806,-0.1907448898818988,-0.07720131741563468,1.8931988466418341,-0.5310098777485427,1.2825205440612735,0.01289328387593126,-0.14646380934371975,-0.09667122171205689,0.09000117304571391,0.09000117304571391,0.0,0.0005022894500540474,0.09876503601892705,-0.001958399156903332,2.4818992594414213e-05,0.06071843382634746,-1.5773624312525307,0,0.20443706150565916
14.510080000000752,2.0013610053761894,-0.7962080452740226,1.197816117210166,-0.0009298190649546671,-0.1509097778061831,0.0021221601300978263,2.2684869807540444,-0.4618245772506209,1.4427142122486227,0.02551606067240322,-0.09142399513529567,-0.01364946009095163,2.0808983695422496,-0.4966068329411461,1.36258969717628,0.01932065645408801,-0.11898093085667541,-0.05496781195823895,0.09000117304571391,0.09000117304571391,0.0,0.0005016129430075969,0.09851128607166032,-0.0019505957413877596,2.4682493070921974e-05,0.060541742874626235,-1.5773642982950646,0,0.20380820025383814
14.514240000000752,2.0013571405818062,-0.7968350051340687,1.1978249239833845,-0.0009275506519644346,-0.15047036641107336,0.0021136255724201356,1.925460737776969,-0.6945427422474328,0.6907917419734086,0.15561418352307685,-0.2521696709084096,0.10691612332315248,2.0035013684481693,-0.5961014777493207,1.0269091416238305,0.087829188881382,-0.18518233585894622,0.02560772602847805,0.09000117304571391,0.09000117304571391,0.0,0.0005009336408814576,0.09825801477163021,-0.0019428231217512113,2.4546759363992807e-05,0.06036551401284876,-1.5773661606662872,0,0.20318117020312373
14.518400000000753,2.0013532852252545,-0.797460138907499,1.1978336953383535,-0.0009252855724716473,-0.1500321056232858,0.002105125192587977,1.9281458882688323,-1.0690637545507014,1.5474498692412884,0.1794788460148069,-0.16361161065869734,-0.04809091902562924,1.9661958095347327,-0.8329264270450286,1.287084174533335,0.13393776115367562,-0.17430509012295403,-0.01174384467879693,0.09000117304571391,0.09000117304571391,0.0,0.0005002515784883969,0.09800522228746045,-0.0019350811775770919,2.4411787066945845e-05,0.06018974631733265,-1.5773680183803331,0,0.20255596655778266
14.522560000000754,2.0013494392926012,-0.7980834513788909,1.1978424314169143,-0.0009230238368286503,-0.14959499313405775,0.00209665885458177,2.089234046210912,-0.4614518329978572,1.7610770278159698,-0.009097073249587743,-0.20939059629252138,0.039671895328335795,2.0276953651803913,-0.6476219225455246,1.5241650062208427,0.06315171630319588,-0.19191023828207304,0.014647419106840295,0.09000117304571391,0.09000117304571391,0.0,0.0004995667906847042,0.09775290877884885,-0.001927369789952723,2.427757179913791e-05,0.06001443886450285,-1.5773698714512836,0,0.2019325845317091
14.526720000000754,2.001345602769871,-0.7987049473232033,1.1978511323603431,-0.0009207654552429603,-0.1491590266349654,0.0020882264229166283,1.9681657569388615,-0.5850658727718852,0.9744208333666131,0.1497029610476391,-0.3177592044543035,-0.11203648052282517,1.9982424564318286,-0.6170039677421046,1.249058100280968,0.10597263615172972,-0.2550296186415015,-0.04967691701285427,0.09000117304571391,0.09000117304571391,0.0,0.0004988793119422917,0.09750107439646194,-0.0019196888395518145,2.4144109206010105e-05,0.05983959073090565,-1.5773717198931665,0,0.20131101934842366
14.530880000000755,2.001341775643047,-0.7993246315057781,1.1978597983093542,-0.0009185104377788902,-0.14872420381795895,0.0020798277626439517,2.4663749594742703,-0.6239647714762422,1.449029366292936,-0.07081191272436306,-0.09723449251361829,-0.05431442906228151,2.232165210693248,-0.6206866879283864,1.348931302152933,0.017344664865734764,-0.1761302776763149,-0.05158281827654213,0.09000117304571391,0.09000117304571391,0.0,0.000498189176133859,0.09724971928214998,-0.001912038207923475,2.4011394958929837e-05,0.05966520099322257,-1.577373563719957,0,0.2006912662410715
14.535040000000755,2.0013379578980706,-0.7999425086823423,1.1978684294041015,-0.0009162587943600693,-0.14829052237539633,0.0020714627393475355,2.239713735019354,-0.6015103175515989,1.3281183041261788,0.08524379269611002,-0.22576515949464265,0.14493107095880425,2.236115629654007,-0.6115697972084164,1.3388264589113554,0.05186719198182259,-0.20005802475532541,0.04649373818709451,0.09000117304571391,0.09000117304571391,0.0,0.0004974964176013032,0.09699884356894861,-0.001904417777071869,2.387942475472252e-05,0.05949126872828425,-1.5773754029455778,0,0.20007332045242063
14.539200000000756,2.0013341495208423,-0.8005585835990093,1.1978770257841813,-0.000914010534767511,-0.14785798000007738,0.0020631312191414846,1.8985927650583596,-0.6575928718947055,1.1119341860508036,-0.06195759925384717,-0.13439357886815903,0.08275050874741774,2.06722280084331,-0.6348607447427558,1.2255517891739152,-0.004958726780444691,-0.16744473926994052,0.06416987458245883,0.09000117304571391,0.09000117304571391,0.0,0.0004968010696589666,0.09674844738124111,-0.001896827429248708,2.374819431595899e-05,0.05931779301308408,-1.5773772375838986,0,0.19945717723485998
14.543360000000757,2.001330350497223,-0.8011728609922814,1.197885587588634,-0.0009117656686439163,-0.14742657438527706,0.002054833068669006,1.4386787127127314,-0.15446751093437372,1.3099834929726588,-0.11048618546552928,-0.03540773664599241,0.17015657845839854,1.7527164653801874,-0.39473654127410546,1.2681193571665732,-0.0576747746596166,-0.10041150380196665,0.11850059981220158,0.09000117304571391,0.09000117304571391,0.0,0.0004961031658751085,0.09649853083459986,-0.0018892670473875835,2.3617699390371573e-05,0.05914477292479173,-1.5773790676487376,0,0.19884283185039753
14.547520000000757,2.0013265608130335,-0.8017853455890512,1.197894114955947,-0.0009095242054926381,-0.14699630322477955,0.0020465681550993764,1.6913820678880933,-0.9386642952457473,1.2604369269796698,-0.08083692451999526,-0.16591803696148322,-0.0629204688408501,1.721881520621973,-0.6670485813979792,1.264148900609972,-0.06964943520408354,-0.13352008925153963,0.0269914452009575,0.09000117304571391,0.09000117304571391,0.0,0.0004954027396444523,0.09624909403610893,-0.0018817365148971268,2.3487935750883498e-05,0.05897220754076668,-1.5773808931538607,0,0.19823027957065817
14.551680000000758,2.0013227804540556,-0.802396042106605,1.1979026080240558,-0.0009072861546784265,-0.14656716421291074,0.002038336346125755,1.8717800665290756,-0.7925963614327126,1.0632843773622918,0.03358794509986941,0.0043455626556861415,-0.11972024195637383,1.7969028878669244,-0.729814909594994,1.163465047984302,-0.01860638892164061,-0.0643083981105489,-0.04579202798554564,0.09000117304571391,0.09000117304571391,0.0,0.0004946998237598428,0.09600013708436644,-0.001874235715239328,2.3358899195612713e-05,0.058800095938571606,-1.5773827141129821,0,0.19761951567688102
14.555840000000758,2.001319009406033,-0.803004955252624,1.1979110669303472,-0.0009050515254299581,-0.14613915504457098,0.0020301375099648048,1.8452757480805817,-0.9635937280943021,0.9355782249454563,0.06870619105451324,-0.29582984631377196,-0.010026706226209882,1.8212329110002532,-0.8473233456621747,1.0495004108357742,0.024877145596624385,-0.17905729790887814,-0.028500327244573263,0.09000117304571391,0.09000117304571391,0.0,0.0004939944510527613,0.09575166006948677,-0.0018667645327915452,2.3230585547486416e-05,0.058628437195985456,-1.577384530539765,0,0.1970105354599173
14.560000000000759,2.001315247654671,-0.8036120897251877,1.1979194918116611,-0.0009028203268396964,-0.14571227341526757,0.002021971515352663,2.4310850399031687,-0.9024088660794137,1.132584353392178,-0.05083859726817558,-0.28733928784789264,0.20593744355416113,2.126056868899963,-0.8754646349762182,1.0914708966497284,-0.012672385144597868,-0.2329575369890059,0.08890105114567266,0.09000117304571391,0.09000117304571391,0.0,0.0004932866539654277,0.09550366307310315,-0.0018593228522119955,2.310299065420687e-05,0.05845723039101658,-1.5773863424478207,0,0.196403334220228
14.56416000000076,2.001311495185638,-0.8042174502127758,1.1979278828042925,-0.000900592567865535,-0.14528651702114753,0.0020138382315435807,2.114230314945401,-0.8346512186142554,1.005694243720904,-0.02587297854093258,-0.0017661630293065167,-0.21050974786793353,2.120090918654588,-0.8550614639587644,1.0481449894936028,-0.019860637190593992,-0.1173049092882039,-0.06120528554252848,0.09000117304571391,0.09000117304571391,0.0,0.0004925764647638611,0.09525614616858363,-0.0018519105584457341,2.2976110388023346e-05,0.05828647460191588,-1.5773881498507103,0,0.19579790726788074
14.56832000000076,2.001307751984566,-0.8048210413942718,1.197936240043994,-0.0008983682573315525,-0.14486188355902918,0.0020057375283085675,1.7534590846360893,-1.0962061841740853,1.3234997833920743,-0.29635475203982037,-0.12617906484989025,0.09392666366124014,1.9361560131150912,-0.9758979120511623,1.186019507758255,-0.15808337974667758,-0.12176459750291756,0.01643260169872007,0.09000117304571391,0.09000117304571391,0.0,0.0004918639155374351,0.09500910942119456,-0.0018445275371590086,2.2849940645602572e-05,0.05811616890718963,-1.577389952761944,0,0.19519424992254694
14.57248000000076,2.0013040180370494,-0.8054228679389652,1.197944563665977,-0.0008961474039287695,-0.14443837072643326,0.0019976692759321683,1.7664973747192922,-0.4644180049938321,1.4765352819710436,0.040845661206617485,-0.2168251360753759,0.12616665064450444,1.851410923913052,-0.7206065522778032,1.3315425648650379,-0.058852482484874125,-0.16872002153982596,0.07094920954555387,0.09000117304571391,0.09000117304571391,0.0,0.0004911490381984344,0.09476255288772917,-0.0018371736738898893,2.2724477347920863e-05,0.05794631238561215,-1.5773917511949813,0,0.19459235751349935
14.576640000000761,2.0013002933286486,-0.8060229345065553,1.1979528538049153,-0.0008939300162159068,-0.1440159762216155,0.001989633345212848,1.994130952692756,-0.8323206828769261,1.47201499798918,0.10784426222718002,-0.12232625903065283,-0.10254609733203768,1.9229948496909453,-0.7767194105115685,1.4015655199711894,0.025158500906240323,-0.14524907059240236,-0.015329818971520831,0.09000117304571391,0.09000117304571391,0.0,0.0004904318640537139,0.09451647661715179,-0.0018298488555521363,2.2599716440187912e-05,0.05777690411623865,-1.577393545163232,0,0.19399222537960825
14.580800000000762,2.0012965778448875,-0.8066212457471535,1.1979611105949464,-0.0008917161026219281,-0.14359469774359646,0.001981629607457051,3.1120777263316137,-0.9763424961598552,1.1699584157198146,-0.006673347522043693,-0.2100743886343429,0.07096226281870838,2.5175297937135115,-0.8769693379996909,1.2859076788510218,0.009693966032518922,-0.17763873691333396,0.02793945290427122,0.09000117304571391,0.09000117304571391,0.0,0.000489712424873108,0.09427088065017353,-0.0018225529685169835,2.2475653891419083e-05,0.057607943178417595,-1.5773953346800553,0,0.19339384886933886
14.584960000000763,2.0012928715712563,-0.8072178063012877,1.1979693341696733,-0.0008895056714441308,-0.14317453299219327,0.001973657934481275,1.9540668093772111,-0.8713236075391919,1.0347483125964618,0.043417902403264694,-0.171458467067275,-0.03179225503036534,2.23588497618509,-0.8745030089172571,1.1602607574176993,0.026404961272711868,-0.17457446583692526,-0.0022332686671908283,0.09000117304571391,0.09000117304571391,0.0,0.0004889907513926802,0.09402576501962967,-0.0018152859003298417,2.235228569471812e-05,0.057439428651803306,-1.577397119758761,0,0.19279722334074742
14.589120000000763,2.0012891744932113,-0.8078126207999046,1.1979775246621676,-0.000887298730852474,-0.14275547966804975,0.0019657181986070305,1.6975180529873974,-0.4384386079457912,1.0321572752796526,-0.002195382074913798,-0.08828645035133573,0.113392187725471,1.9666945334579005,-0.6566503103714918,1.0964445288360956,0.011456326649570412,-0.13195526117297535,0.05530450333083775,0.09000117304571391,0.09000117304571391,0.0,0.00048826687459619256,0.09378112975032243,-0.0018080475386480933,2.2229607866690733e-05,0.0572713596163682,-1.5773989004126097,0,0.19220234416147833
14.593280000000764,2.0012854865961742,-0.808405693864374,1.1979856822049704,-0.0008850952888885645,-0.14233753547266711,0.0019578102726601656,2.6165333927017547,-1.0488698327962378,1.337117640886286,-0.06476080304853649,-0.13026270552368507,-0.07158696399264412,2.2914823117940175,-0.8530336994516569,1.2166326755749575,-0.02592709572925488,-0.13113761423560902,-0.007558705958087141,0.09000117304571391,0.09000117304571391,0.0,0.0004875408255016031,0.09353697485929197,-0.001800837771460605,2.2107616447454108e-05,0.057103735152415125,-1.577400676654812,0,0.19160920670875994
14.597440000000764,2.001281807865535,-0.8089970301064925,1.1979938069300953,-0.0008828953534655344,-0.14192069810843363,0.0019499340299693015,1.7473348668182087,-1.0009555474222835,1.0938866512189422,0.0044079164046444365,-0.30827150550880145,0.06579348031736557,2.0194132942601146,-0.9276367411620957,1.1553961366214986,-0.010446236289906628,-0.21974761433339562,0.028880153433589625,0.09000117304571391,0.09000117304571391,0.0,0.0004868126340913212,0.09329330035576644,-0.0017936564873078853,2.1986307500789544e-05,0.05693655434058939,-1.5774024484985303,0,0.1910178063694011
14.601600000000765,2.0012781382866502,-0.8095866341284869,1.1980018989690302,-0.0008806989323723751,-0.14150496527865447,0.0019420893443633704,1.8300804428143387,-0.30265307322077806,1.051888962388637,0.09378907893398185,-0.19271981822150996,0.0742427338210911,1.9249390703408626,-0.6155423514222867,1.1037963678696108,0.042410961196136535,-0.20577098871862828,0.05150087429973907,0.09000117304571391,0.09000117304571391,0.0,0.00048608233102157656,0.09305010624116578,-0.0017865035752887481,2.186567711346962e-05,0.056769816261890815,-1.5774042159568773,0,0.19042813853978746
14.605760000000766,2.001274477844845,-0.8101745105230185,1.1980099584527393,-0.0008785060332711482,-0.14109033468758153,0.001934276090169111,1.686408421882458,-0.7982071896878862,1.3603233253054179,-0.02362303347363523,-0.21413163083899428,-0.06141749529950057,1.8056227004871195,-0.7073224377549698,1.2319330007545468,0.009514209548287507,-0.2094692418478461,-0.004521084112104173,0.09000117304571391,0.09000117304571391,0.0,0.00048534994612611164,0.0928073925093727,-0.0017793789246386338,2.1745721395602552e-05,0.05660351999768569,-1.5774059790429178,0,0.18984019862587703
14.609920000000766,2.001270826525413,-0.810760663873187,1.198017985511665,-0.0008763166637004311,-0.1406768040404422,0.001926494142210315,1.6635218918907289,-0.7470142170625341,1.0604226886598511,0.011626156022708813,-0.17905669360080287,0.08744113500487119,1.7345964599964756,-0.7275409533328387,1.1463590852287198,0.010100707015425982,-0.1943055585641758,0.041182156383823644,0.09000117304571391,0.09000117304571391,0.0,0.000484615509270199,0.09256515914652308,-0.0017722824251632779,2.1626436480217617e-05,0.0564376646297185,-1.5774077377696678,0,0.18925398204319657
14.614080000000767,2.0012671843136167,-0.8113450987525348,1.198025980275731,-0.000874130831075204,-0.1402643710434688,0.0019187433758052785,2.079400831552788,-0.7146973482987777,1.3930263837529437,-0.07474749067089624,-0.1163593047859785,0.11742717893560843,1.9068448360779071,-0.7213611890049868,1.2699394312382057,-0.031957403537026356,-0.15528736655516473,0.07895090148182937,0.09000117304571391,0.09000117304571391,0.0,0.00048387904992274453,0.09232340613127704,-0.0017652139674595455,2.1507818523215193e-05,0.056272249240123695,-1.5774094921500956,0,0.18866948421683705
14.618240000000768,2.001263551194689,-0.8119278197250511,1.1980339428743425,-0.0008719485426885198,-0.1398530334039272,0.0019110236667633214,2.71597208956364,-1.0464217165178245,0.9869916944721633,0.05710460090728251,-0.07281594615981059,-0.04270193513372557,2.311532072768519,-0.8840457213893108,1.128375442399167,0.01296594487531141,-0.11379777535027409,0.017806140287002496,0.09000117304571391,0.09000117304571391,0.0,0.0004831405975832966,0.09208213343482341,-0.0017581734418519014,2.138986370309666e-05,0.056107272911437314,-1.5774112421971211,0,0.18808670058144944
14.622400000000768,2.0012599271538316,-0.8125088313451767,1.19804187343639,-0.0008697698057113938,-0.13944278883014521,0.0019033348913857606,1.8852989375882223,-0.7725372539762165,1.1736583477454716,0.03729221318699019,-0.23198666927529515,-0.09253073651134411,2.098491197074886,-0.8287742419200049,1.1508240472912377,0.024594879859013385,-0.17239949568738852,-0.037017012095013194,0.09000117304571391,0.09000117304571391,0.0,0.0004824001813541481,0.09184134102093738,-0.001751160739467265,2.127256822099653e-05,0.05594273472660839,-1.5774129879236172,0,0.18750562658124015
14.626560000000769,2.0012563121762184,-0.8130881381578081,1.1980497720902503,-0.0008675946271944773,-0.13903363503154068,0.0018956769264623962,2.2187039858414193,-0.8817604120532088,1.2659333170301499,0.05434797839404714,-0.1302157649534552,0.20664526925933788,2.158710896532623,-0.8555403341111947,1.2088108480737543,0.03974760597729306,-0.15044897951655908,0.08405598262443018,0.09000117304571391,0.09000117304571391,0.0,0.00048165783015339777,0.0916010288459852,-0.0017441757518139936,2.1155928300445268e-05,0.05577863376901041,-1.5774147293424086,0,0.18692625766996648
14.63072000000077,2.001252706246993,-0.8136657446983024,1.198057638963789,-0.0008654230140688424,-0.13862556971864984,0.0018880496492697226,1.9785485676330716,-0.6001646758875262,1.4597626449958296,0.17461583751497978,-0.06422355421203575,0.04122975288400669,2.0689927724407684,-0.7279861537095801,1.334373621704149,0.10664167837129103,-0.1064509971329735,0.06295216531441834,0.09000117304571391,0.09000117304571391,0.0,0.0004809135729284544,0.09136119685903527,-0.0017372183707878774,2.1039940187219107e-05,0.05561496912245262,-1.5774164664662729,0,0.18634858931093212
14.63488000000077,2.0012491093512716,-0.8142416554924823,1.1980654741843622,-0.0008632549731458765,-0.13821859060315492,0.0018804529375691765,1.3435982911456148,-0.5610647111625902,1.9169685127151737,0.031226523318795586,-0.19098563304918242,0.10311496382774242,1.7063556527378219,-0.6449212249514122,1.6258882745137244,0.06882034108693504,-0.14884946900493873,0.08367797043186533,0.09000117304571391,0.09000117304571391,0.0,0.0004801674378002421,0.09112184500202358,-0.001730288488892306,2.0924600149409937e-05,0.05545173987119119,-1.577418199307941,0,0.18577261697698194
14.63904000000077,2.001245521474142,-0.8148158750566402,1.1980732778788188,-0.000861090511120744,-0.13781269539791127,0.001872886669604421,1.7374849139686255,-0.5882341838640603,0.7601321680478423,0.009659028440150501,-0.00011245759301814484,-0.017354214568802342,1.7219406784678133,-0.6165773171244008,1.1929666529681804,0.039201738629449014,-0.07459844112645272,0.03384821598041439,0.09000117304571391,0.09000117304571391,0.0,0.00047941945355906446,0.09088297320949096,-0.0017233859986024195,2.080990447686619e-05,0.0552889450999403,-1.577419927880097,0,0.18519833615049752
14.643200000000771,2.0012419426006645,-0.8153884078975443,1.1980810501735026,-0.0008589296345696134,-0.13740788181697544,0.0018653507241012724,2.0595033660931943,-1.252120729938827,1.549515978379759,-0.05578844875067054,-0.13516403751431566,-0.15599328560639825,1.890609149690952,-0.9346347955973127,1.3709202033935293,-0.008673711056852494,-0.10478716055010165,-0.06147114877112859,0.09000117304571391,0.09000117304571391,0.0,0.00047866964816829696,0.09064458140912274,-0.0017165107934406214,2.0695849481572945e-05,0.05512658389388322,-1.5774216521953783,0,0.18462574232339174
14.647360000000772,2.001238372715873,-0.8159592585124428,1.1980887911942537,-0.0008567723499531195,-0.1370041475756311,0.0018578449802632065,1.603988754963364,-0.47708708662376914,1.3624353476828612,-0.011992977637160025,-0.2878820803036959,-0.140790179068547,1.7472740641925328,-0.7064577540853282,1.3663846832915978,-0.011324874671210173,-0.19573228577337665,-0.10103259437345682,0.09000117304571391,0.09000117304571391,0.0,0.00047791804919050684,0.09040666952132603,-0.001709662766485381,2.0582431497264162e-05,0.05496465533868308,-1.5774233722663755,0,0.18405483099710382
14.651520000000772,2.0012348118047747,-0.8165284313890695,1.198096501066411,-0.0008546186636180506,-0.13660149039041666,0.0018503693177730144,1.459357131578661,-1.1429395110386014,0.9402588844482258,-0.10557622595894772,0.00487627855659073,0.045957398576166195,1.6030939877386148,-0.924692068569034,1.1534147139758255,-0.05844453091514666,-0.09518876188857588,-0.027701768198809276,0.09000117304571391,0.09000117304571391,0.0,0.0004771646848563086,0.09016923745960909,-0.0017028418120879248,2.046964687900785e-05,0.05480315852049378,-1.5774250881056335,0,0.18348559768259406
14.655680000000773,2.0012312598523505,-0.8170959310056493,1.1981041799148144,-0.0008524685817945802,-0.13619990797915144,0.0018429236167873267,1.4702578107826547,-0.5367676594707813,0.8927889110674045,-0.17678646662219127,-0.08752333733247827,0.017425338748643517,1.5363077086645103,-0.7309095917073053,1.023135380934736,-0.117824123813974,-0.09116603748149849,-0.00473140064378186,0.09000117304571391,0.09000117304571391,0.0,0.00047640958235410777,0.0899322851305332,-0.0016960478245958794,2.0357492003659824e-05,0.054642092525970645,-1.5774267997256515,0,0.18291803790033836
14.659840000000774,2.001227716843556,-0.8176617618309032,1.1981118278638059,-0.0008503221106006262,-0.13579939806096183,0.0018355077579364895,2.0316255441294957,-0.6202644833215685,0.6962141737024452,-0.0812186242813013,-0.15382638367161794,-0.03568356094596817,1.783800514536433,-0.675907544359149,0.859597536490605,-0.0992133521687381,-0.12185428240736206,-0.019853318769440416,0.09000117304571391,0.09000117304571391,0.0,0.0004756527691115711,0.08969581243377134,-0.0016892806985720965,2.02459632693025e-05,0.054481456442281036,-1.577428507138882,0,0.1823521471803228
14.664000000000774,2.001224182763323,-0.8182259283240545,1.1981194450372323,-0.0008481792560408698,-0.1353999583563075,0.001828121622323479,2.2733996060472847,-0.9399101588351293,1.040642382354205,-0.07647978283640969,-0.15864346558586637,0.13371038696287846,2.028444321851169,-0.8082402266446077,0.9503997216205129,-0.08780538078986616,-0.14046102028203442,0.056735207075811804,0.09000117304571391,0.09000117304571391,0.0,0.0004748942719402774,0.08945981926216734,-0.0016825403294425008,2.0135057095303863e-05,0.05432124935711485,-1.5774302103577331,0,0.18178792106203806
14.668160000000775,2.0012206575965563,-0.8187884349348337,1.198127031558447,-0.0008460400240093376,-0.135001586587007,0.0018207650915201465,1.9359261010122595,-0.8113411478143462,0.9674767226628445,-0.0672038372087333,-0.33393286288783197,-0.1300393509562544,1.9820444422755044,-0.8104861533794877,0.9586691058455805,-0.07734256944687218,-0.23676439715804531,-0.03723745129058867,0.09000117304571391,0.09000117304571391,0.0,0.00047413411810412714,0.08922430550174121,-0.0016758266124325622,2.0024769921906784e-05,0.05416147035869492,-1.5774319093945668,0,0.18122535509447374
14.672320000000775,2.0012171413281385,-0.8193492861034848,1.1981345875503118,-0.0008439044202875331,-0.13460428047626372,0.0018134380475678857,1.3451276120753035,-0.7901218600516589,1.4946124392708708,0.10356311849802907,-0.1242926734400919,-0.07637295324448652,1.6637962154892083,-0.8005627031543082,1.226485779881054,0.013465645174728211,-0.18038484805035374,-0.056855871986636206,0.09000117304571391,0.09000117304571391,0.0,0.0004733723342504883,0.08898927103190885,-0.0016691394440704853,1.991509821052176e-05,0.05400211853578738,-1.5774336042617003,0,0.1806644448361124
14.676480000000776,2.001213633942928,-0.819908486260771,1.1981421131351992,-0.0008417724505470202,-0.1342080377486906,0.001806140372972041,2.1867082303288226,-0.43700978616467806,1.7733478748207725,0.004117194010109549,-0.2676462854574736,0.0003044150610241544,1.925264279722775,-0.6193417744233118,1.4999206743838374,0.008871788547730762,-0.22334775533771745,-0.027984728217101622,0.09000117304571391,0.09000117304571391,0.0,0.00047260894683676135,0.08875471572527388,-0.0016624787204825046,1.980603844344303e-05,0.053843192977711854,-1.5774352949714057,0,0.18010518585492408
14.680640000000777,2.00121013542576,-0.8204660398279807,1.1981496084349939,-0.0008396441203502305,-0.1338128561303361,0.0017988719507034314,2.1165595773414774,-0.9414068625886717,1.635694719841176,0.03517578863311762,-0.2438979838832544,0.027246154420095245,2.0209856857918296,-0.7808854306803291,1.5678656519083174,0.022380782707768585,-0.2328724955743296,-0.0005331856081408274,0.09000117304571391,0.09000117304571391,0.0,0.00047184398191598624,0.08852063944806132,-0.0016558443382529006,1.969758712367462e-05,0.05368469277435164,-1.5774369815359106,0,0.17954757372835958
14.684800000000777,2.001206645761447,-0.8210219512169337,1.1981570735710947,-0.0008375194351521621,-0.1334187333487079,0.0017916326641962837,1.9202690043187454,-0.3613752393629377,1.2389081849565773,-0.017809936301345457,-0.05473646420989621,0.07486226131237947,1.9705907005472703,-0.5712427878885621,1.4035392574426986,0.0017569558698465387,-0.14307628760236168,0.037674420316380804,0.09000117304571391,0.09000117304571391,0.0,0.00047107746599174874,0.0882870420596959,-0.0016492361948583336,1.958974077458243e-05,0.05352661701616365,-1.577438663967398,0,0.17899160404334513
14.688960000000778,2.001203164934779,-0.821576224829987,1.198164508664417,-0.0008353984002985177,-0.1330256671327987,0.0017844223973443203,2.3946640586691896,-0.48275361798794786,1.5876680008594506,0.0669511670366277,-0.06799610983945341,0.0303896099872424,2.1827698427116307,-0.5271371333032281,1.4956694267980686,0.034234884195359215,-0.10644515187854749,0.03340753466738474,0.09000117304571391,0.09000117304571391,0.0,0.0004703094247353772,0.08805392341334278,-0.0016426541878184877,1.948249594020342e-05,0.053368964794188484,-1.5774403422780066,0,0.17843727239627546
14.693120000000778,2.0011996929305247,-0.8221288650600417,1.1981719138353941,-0.0008332810210291865,-0.1326336552131097,0.001777241034500453,2.24950665123845,-0.7083130290854,0.6560623633196071,0.06274648856919463,-0.06881771961038059,0.058681761595005266,2.2162687704164186,-0.617869357841874,1.0759824466146373,0.04870736322909245,-0.08769634367857897,0.04586495803887432,0.09000117304571391,0.09000117304571391,0.0,0.0004695398840539088,0.08782128335553935,-0.001636098214914907,1.9375849184817208e-05,0.053211735200060145,-1.5774420164798308,0,0.17788457439300812
14.697280000000779,2.001196229733431,-0.8226798762905486,1.1981792892039795,-0.0008311673024772764,-0.13224269532167557,0.001770088460475528,1.6360978019694614,-0.7272636466613699,0.9036232060023819,0.15062110843453733,-0.17376210724983684,-0.0264583553649455,1.9264919560069809,-0.6729301446862257,0.9897458484041107,0.09992600653214853,-0.1300232221763036,0.010063371150795608,0.09000117304571391,0.09000117304571391,0.0,0.0004687688692347396,0.08758912172657607,-0.0016295681748388366,1.926979709301639e-05,0.05305492732601595,-1.5774436865849217,0,0.17733350564885653
14.70144000000078,2.0011927753282244,-0.8232292628955157,1.1981866348896484,-0.00082905724967171,-0.13185278519208776,0.0017629645605343723,2.0454623476012044,-1.2231718205877637,0.7673436091951462,-0.012790542540716626,-0.29080512810303116,0.02234158122358733,1.985951540158495,-0.9486612961427908,0.8785881556212705,0.04349809884255435,-0.20963599109316147,0.016916580601583263,0.09000117304571391,0.09000117304571391,0.0,0.0004679964058000865,0.08735743836044912,-0.001623063965913522,1.91643362693237e-05,0.05289854026490612,-1.5774453526052863,0,0.17678406178858366
14.70560000000078,2.0011893296996095,-0.8237770292395137,1.1981939510114001,-0.00082695086753626,-0.13146392255951828,0.0017558692203971523,1.6376680103063848,-0.8264640764801171,0.9957068623681276,-0.126944641092512,-0.07656711133385175,0.07163023358841886,1.8115432072438504,-0.8877221877224257,0.9372975279318674,-0.041669223092160916,-0.14258156749038647,0.04416864162079533,0.09000117304571391,0.09000117304571391,0.0,0.0004672225190795339,0.0871262330847069,-0.0016165854878109117,1.9059463338288074e-05,0.05274257311020329,-1.5774470145528878,0,0.1762362384463956
14.70976000000078,2.0011858928322726,-0.8243231796776834,1.1982012376877595,-0.0008248481608903657,-0.1310761051607438,0.0017488023262336287,2.46580427752802,-0.7418087030770001,0.6408488198487179,0.13691087946032515,-0.37144381955443767,-0.12184718175991556,2.1389629754132677,-0.8155381404326598,0.7888167171292375,0.047665081444723915,-0.2564577177418009,-0.03837484464216944,0.09000117304571391,0.09000117304571391,0.0,0.0004664472335677446,0.08689550572083043,-0.001610132639632774,1.8955174944482516e-05,0.052587024956012175,-1.5774486724396466,0,0.1756900312659346
14.713920000000781,2.001182464710879,-0.8248677185557425,1.198208495036779,-0.0008227491344526253,-0.13068933073416844,0.0017417637646653602,2.346940655019629,-0.5376253223671725,1.1811438088324173,0.09468107601874387,-0.21915025124143345,-0.07835460282252925,2.243149501867639,-0.6770353940498448,0.9848209234453923,0.07150788338209439,-0.2379115800941099,-0.05879032912993038,0.09000117304571391,0.09000117304571391,0.0,0.00046567057442032257,0.08666525608413345,-0.001603705321412562,1.885146775189752e-05,0.05243189489707886,-1.5774503262774398,0,0.17514543590027215
14.718080000000782,2.0011790453200757,-0.8254106502099918,1.1982157231760406,-0.0008206537928380555,-0.13030359701984676,0.0017347534227616524,1.7546569616011851,-1.0175691822490696,0.7079880015937676,-0.12215025875336824,-0.2103031646433115,0.003921615000708242,1.9986464078472106,-0.8477429923902526,0.8464121270498149,-0.025627742177953414,-0.22367787607041406,-0.02813309354517223,0.09000117304571391,0.09000117304571391,0.0,0.0004648925661714547,0.0864354839837157,-0.0015973034334802252,1.8748338444279076e-05,0.05227718202880015,-1.5774519760781014,0,0.17460244801190256
14.722240000000783,2.00117563464449,-0.8259519789673231,1.1982229222226575,-0.0008185621405606936,-0.12991890175950707,0.0017277711880382134,1.861685136718396,-0.6103871196319817,1.0636593224648314,-0.08928675091895966,0.03879876141147068,-0.16839108701630282,1.9299786727705412,-0.7289836689403658,0.9546873339138887,-0.05724771841032884,-0.09198796087714166,-0.09841541289549784,0.09000117304571391,0.09000117304571391,0.0,0.000464113233160475,0.08620618922273698,-0.0015909268764675412,1.8645783724887896e-05,0.05212288544723278,-1.5774536218534232,0,0.1740610632727354
14.726400000000783,2.001172232668732,-0.8264917091452255,1.198230092293276,-0.0008164741820344229,-0.1295352426965736,0.0017208169484556764,2.1987818651462403,-0.6636321991808005,1.0423462100433545,-0.06609591720471898,-0.2199996319333936,0.02213237349350969,2.064243227928667,-0.6967663359583194,0.998563043542374,-0.06097673348753077,-0.15537668986391415,-0.03796818838079953,0.09000117304571391,0.09000117304571391,0.0,0.00046333259974536893,0.08597737159831736,-0.001584575551527613,1.8543800316288042e-05,0.0519690042491026,-1.5774552636151538,0,0.17352127736408865
14.730560000000784,2.001168839377392,-0.827029845051793,1.1982372335040778,-0.0008143899215729074,-0.1291526175761891,0.0017138905924173353,2.3290275100065725,-0.34678808172926395,1.373921723398394,-0.020423432758449583,-0.17502075713279053,0.14371781816067103,2.196593662661643,-0.5221407845522239,1.1865420773902966,-0.0401838618357729,-0.16424223643396968,0.05375827996406028,0.09000117304571391,0.09000117304571391,0.0,0.000462550689874877,0.0857490309015444,-0.0015782493601266953,1.8442384960380736e-05,0.05181553753181357,-1.577456901375,0,0.17298308597668163
14.734720000000785,2.0011654547550446,-0.8275663909857315,1.198244345970781,-0.00081230936339131,-0.1287710241452373,0.001706992008767652,1.8131908962107666,-0.941544254942031,1.230406943203098,0.14304425492600847,-0.049372448803926966,-0.05347352721213921,2.005185893269437,-0.7319484865537456,1.208363069319308,0.05201047757398418,-0.10665179493965228,0.0004014572582789089,0.09000117304571391,0.09000117304571391,0.0,0.0004617675273015547,0.08552116691769374,-0.0015719482038353532,1.8341534418151587e-05,0.051662484393456796,-1.5774585351446262,0,0.17244648481062755
14.738880000000785,2.0011620787862463,-0.8281013512363663,1.1982514298086426,-0.0008102325116071223,-0.12839046015236466,0.0017001210867916856,2.146446530759362,-1.0597646046620037,1.6223199257596177,-0.012521028786974774,-0.1406154680975193,0.009542917192813867,2.0757906081991844,-0.8961501084218277,1.4153637922265332,0.020012789918126297,-0.124211903656663,0.005188440892688079,0.09000117304571391,0.09000117304571391,0.0,0.0004609831360092257,0.08529377942618338,-0.0015656719851898059,1.8241245469479663e-05,0.05150984393281941,-1.577460164935655,0,0.1719114695754261
14.743040000000786,2.001158711455537,-0.8286347300836496,1.1982584851324602,-0.0008081593702392132,-0.12801092334800204,0.001693277716210916,1.6651546306621032,-1.2237508638871437,1.1467841193146875,-0.010228733243531258,-0.10057643785591969,-0.06191580467008294,1.8704478564205613,-1.0601634117016674,1.2809437172211406,0.005189256900070574,-0.11170467050304962,-0.028563217020643888,0.09000117304571391,0.09000117304571391,0.0,0.0004601975393576311,0.0850668682006342,-0.0015594206066284018,1.8141514913322095e-05,0.051357615249393335,-1.5774617907596669,0,0.17137803598995605
14.747200000000786,2.0011553527474404,-0.8291665317981679,1.1982655120565735,-0.0008060899432104418,-0.12763241148438642,0.001686461787183489,2.0564988605708328,-0.8286388488932073,1.499442422549721,-0.1369734895559025,0.048821619206505795,0.08391403211476886,1.963190134161806,-0.9442984709530561,1.3903680511073164,-0.06606316396430363,-0.031207391793516587,0.028190622647488128,0.09000117304571391,0.09000117304571391,0.0,0.00045941076050899556,0.08484043300887767,-0.0015531939709239571,1.804233956739612e-05,0.05120579744338398,-1.5774634126282012,0,0.17084617978246774
14.751360000000787,2.0011520026464638,-0.8296967606411495,1.1982725106948664,-0.0008040242343484921,-0.12725492231558239,0.0016796731903027011,2.116817911666352,-1.675127386222023,0.7859462133305488,0.17014763499358504,-0.028036163078221266,0.16864523936516249,2.0403572327302575,-1.3097761497251899,1.0885036570403253,0.052876913950889545,-0.029721624680199555,0.09841997065804564,0.09000117304571391,0.09000117304571391,0.0,0.0004586228230694272,0.08461447361307012,-0.0015469919816174264,1.7943716267918947e-05,0.051054389615718954,-1.5774650305527556,0,0.17031589669057534
14.755520000000788,2.0011486611370994,-0.8302254208644725,1.1982794811607689,-0.0008019622473840351,-0.1268784535975032,0.0016729118165936224,1.7666013121546622,-1.4326314779237568,1.4615230045480523,-0.1625273772002808,-0.0473869054989037,-0.02149122795039416,1.9031399144873886,-1.3713043447382383,1.2749711543899125,-0.055104692163730144,-0.03802043825907869,0.03851314340455787,0.09000117304571391,0.09000117304571391,0.0,0.0004578337495921678,0.0843889897697539,-0.0015408145423820513,1.7845641869961915e-05,0.05090339086805657,-1.5774666445447865,0,0.1697871824612492
14.759680000000788,2.0011453282038247,-0.8307525167106722,1.1982864235672586,-0.0007999039859551281,-0.1265030030879316,0.0016661775575124162,1.556534523188533,-0.6032563092218404,1.0336726321851128,-0.045965432593672986,-0.04443594290790416,0.1382100819230684,1.7297399006853493,-0.9873680922517405,1.1546080808577142,-0.05087895345315277,-0.04088436131593279,0.08816140446079453,0.09000117304571391,0.09000117304571391,0.0,0.00045704356285906174,0.08416398122975821,-0.0015346615572421948,1.774811324682934e-05,0.05075280030279429,-1.5774682546157095,0,0.16926003285080807
14.763840000000789,2.0011420038311014,-0.8312780524129494,1.1982933380268626,-0.0007978494536062733,-0.12612856854654114,0.0016594703049447146,1.9426470358666599,-0.5785692570393499,1.2555906849523626,0.05053240755082555,-0.026278714574906548,-0.004672099324401737,1.8363002254941454,-0.7830203914009064,1.2050920590783798,-0.0002574015363184239,-0.0336217289799282,0.040939237689333066,0.09000117304571391,0.09000117304571391,0.0,0.0004562522858810017,0.0839394477385274,-0.001528532930578667,1.7651127290029528e-05,0.05060261702307722,-1.5774698607768993,0,0.16873444362491097
14.76800000000079,2.0011386880033775,-0.8318020321951782,1.1983002246516592,-0.0007957986537874746,-0.125755147734916,0.0016527899512040005,1.7099196560334384,-0.8311813823894795,1.523008258330153,-0.006129945361199374,-0.10625688690456525,0.13015454806427162,1.7730961598001296,-0.8073228784193616,1.3643226488911604,-0.003122850426516972,-0.06962534365562408,0.08575856989223411,0.09000117304571391,0.09000117304571391,0.0,0.00045545994082862883,0.08371538903596915,-0.0015224285671340612,1.7554680909540118e-05,0.050452840132806306,-1.57747146303969,0,0.16821041055854932
14.77216000000079,2.0011353807050862,-0.832324460271914,1.19830708355328,-0.00079375158985775,-0.12538273841657147,0.001646136389029958,2.2874017361252954,-0.4509943124371128,1.4352272539618562,0.25388826509434964,-0.174046237442676,0.162369241705095,2.0307809536117483,-0.6295185506829382,1.4001121949838349,0.12520921857669917,-0.12161871744297,0.12452824934652172,0.09000117304571391,0.09000117304571391,0.0,0.0004546665503142482,0.08349180485640828,-0.0015163483722322466,1.7458771033324367e-05,0.05030346873664652,-1.577473061415375,0,0.16768792943603905
14.77632000000079,2.001132081920648,-0.8328453408484013,1.1983139148429116,-0.0007917082650833028,-0.12501133835697475,0.0016395095115858747,2.0691652517764996,-0.8690236218176678,1.429034414168704,0.07951245946358221,-0.10725122780983688,-0.2063241966543,2.050138211938412,-0.7494961832941368,1.4141451053589003,0.10262483409905139,-0.11427160014404064,-0.04123585456399414,0.09000117304571391,0.09000117304571391,0.0,0.0004538721361090263,0.08326869492886252,-0.0015102922513560253,1.7363394607552604e-05,0.050154501940035165,-1.5774746559152073,0,0.16716699605101223
14.780480000000791,2.0011287916344704,-0.8333646781205829,1.1983207186312967,-0.0007896686826410368,-0.12464094532356448,0.0016329092124578864,1.9665290816757972,-0.7659932935241821,1.063796604573883,-0.029158467852955523,-0.19195572907459624,-0.0741468382518625,2.00827201952948,-0.7581439867837592,1.2388156159722827,0.036930806102222734,-0.15317091029415944,-0.0583796412652536,0.09000117304571391,0.09000117304571391,0.0,0.00045307672021095615,0.08304605897710393,-0.0015042601103659658,1.7268548596093897e-05,0.05000593884918985,-1.5774762465504002,0,0.1666476062064087
14.784640000000792,2.001125509830947,-0.8338824762751069,1.198327495028737,-0.0007876328456176221,-0.12427155708577005,0.001626335385653211,1.8370479267427553,-1.0944154738594234,1.288257428026254,-0.0705243188064249,-0.025694402254162182,-0.061011185965934786,1.922512587722307,-0.926335111288768,1.2634095974498172,-0.017030902254338218,-0.08964069611326031,-0.05951780318036743,0.09000117304571391,0.09000117304571391,0.0,0.00045228032463135327,0.08282389671934659,-0.0014982518557199028,1.7174229980538393e-05,0.04985777857111643,-1.5774778333321267,0,0.16612975571446817
14.788800000000792,2.001122236494459,-0.8343987394893362,1.1983342441450937,-0.00078560075700945,-0.12390317141503224,0.0016197879255975464,2.011890683596702,-0.8704108980932527,1.002117000440334,0.07873597506964303,-0.06405922304946665,-0.10343028536403447,1.9673660564633442,-0.8985048382313602,1.1325474355012746,0.03083349983381907,-0.07734034379202928,-0.08199867950815681,0.09000117304571391,0.09000117304571391,0.0,0.000451482970753011,0.08260220786878922,-0.0014922673936222505,1.708043576031338e-05,0.049710020213617034,-1.5774794162715202,0,0.1656134403967214
14.792960000000793,2.001118971609377,-0.8349134719313562,1.1983409660897901,-0.0007835724197252624,-0.12353578608482156,0.0016132667271359822,1.7030444435437924,-0.45751444247049927,1.1645788618579072,0.04438950823638382,-0.13428984534326424,-0.1195490631293598,1.8352966747824557,-0.6782867873235678,1.1483142772897486,0.03715601397456268,-0.10537204772523276,-0.10056136265295129,0.09000117304571391,0.09000117304571391,0.0,0.0004506846801846612,0.08238099213330308,-0.0014863066313123546,1.6987162952286703e-05,0.049562662885297794,-1.5774809953796745,0,0.16509865608398186
14.797120000000794,2.001115715160058,-0.835426677759984,1.1983476609718131,-0.0007815478365852208,-0.12316939887065798,0.0016067716855285368,1.9579857372574623,-1.065938189873858,0.7543745741680332,0.022914180187065855,-0.1283291252434648,0.06692747866196291,1.8966888951808967,-0.8723829436730032,0.951481485123603,0.03043519098662433,-0.11645404020690724,-0.017120381537650314,0.09000117304571391,0.09000117304571391,0.0,0.00044988547411957316,0.08216024921565426,-0.0014803694760009683,1.6894408590859705e-05,0.049415705695576614,-1.5774825706676439,0,0.16458539861633714
14.801280000000794,2.0011124671308482,-0.8359383611247763,1.198354328899715,-0.0007795270103226469,-0.12280400755012962,0.0016003026964501413,1.979240777634812,-1.0748269083405264,1.010086995913701,0.07976016475398959,-0.17227818668927208,-0.17204733321103763,1.9381307671582784,-0.9739652437491916,0.9804266359871034,0.05535692713026166,-0.1440896514428433,-0.09449644311667883,0.09000117304571391,0.09000117304571391,0.0,0.00044908537376256246,0.08193997881335174,-0.0014744558355167612,1.680216972773674e-05,0.049269147754690865,-1.5774841421464434,0,0.16407366384314045
14.805440000000795,2.0011092275060833,-0.8364485261660384,1.198360969981615,-0.0007775099435839857,-0.12243960990291218,0.0015938596559879241,2.1003435775803854,-0.48598809440061136,1.460443752324136,-0.026145956747675253,-0.20322208796452917,-0.006718842815136228,2.019183232107488,-0.7303969493494217,1.2204251015390175,0.01494368769352208,-0.17317179612918657,-0.05086496278413844,0.09000117304571391,0.09000117304571391,0.0,0.0004482844001160427,0.0817201806189767,-0.0014685656178839738,1.671044343191622e-05,0.049122988173704994,-1.5774857098270492,0,0.1635634476230018
14.809600000000795,2.0011059962700877,-0.8369571770148333,1.1983675843252009,-0.0007754966389296574,-0.12207620371078695,0.0015874424606402563,2.607168707784867,-1.3291972615242853,0.9712109035653017,0.20007725113463076,-0.3459237749245996,0.0942860492682862,2.3135960624123695,-1.0305203624201162,1.0960116789144094,0.10758364061158397,-0.2597504613180261,0.022033995777407656,0.09000117304571391,0.09000117304571391,0.0,0.000447482573979581,0.08150085432008458,-0.001462698731327078,1.661922678959044e-05,0.048977226064518084,-1.5774872737203982,0,0.16305474582377902
14.813760000000796,2.001102773407176,-0.8374643177929902,1.1983741720377314,-0.0007734870988349132,-0.12171378675765926,0.0015810510073157923,2.1198805463586794,-0.3745494389259312,1.151406767709726,-0.03673208552699254,-0.3992273836619336,-0.027550019923733248,2.216660006892006,-0.7033608841478631,1.1236513321512782,0.03569481041953435,-0.3293875391146047,-0.0022857592629419014,0.09000117304571391,0.09000117304571391,0.0,0.0004466799157355058,0.08128199959921373,-0.0014568550849179537,1.6528516904016092e-05,0.04883186053987121,-1.577488833837389,0,0.16254755432256907
14.817920000000797,2.0010995589016525,-0.8379699526131135,1.198380733226037,-0.0007714813256915832,-0.12135235682957683,0.0015746851933297727,2.13170046932818,-0.7014816044645198,1.046392407897714,0.02557857375598348,-0.12064920953275925,-0.04230158004071399,2.1742326408073653,-0.7026731918046148,1.0849325807923462,0.030736145937765337,-0.2245442562106362,-0.02192444216854562,0.09000117304571391,0.09000117304571391,0.0,0.0004458764462038122,0.08106361613389432,-0.0014510345872975278,1.6438310895180342e-05,0.048686890713354816,-1.577490390188881,0,0.16204186900569914
14.822080000000797,2.001096352737812,-0.8384740855785916,1.198387267996522,-0.0007694793218062614,-0.12099191171474823,0.0015683449164057123,2.1810145330326987,-0.8365390850932583,2.010637859782422,0.02066620956621038,-0.19748792785022481,-0.034575037042176675,2.177665256490488,-0.770018586612452,1.5477198447483091,0.026357203657294943,-0.21066089885711664,-0.02827870426666835,0.09000117304571391,0.09000117304571391,0.0,0.00044507218557330837,0.08084570359692447,-0.0014452371481776301,1.6348605900087406e-05,0.04854231569941614,-1.5774919427856962,0,0.16153768576871744
14.826240000000798,2.001093154899939,-0.8389767207836064,1.1983937764551664,-0.0007674810894029462,-0.12063244920356002,0.001562030074670799,2.4892983474634085,-0.43083368972069347,1.0101673684214354,-0.0027526721314063522,-0.17334028073566987,0.23766060219735474,2.333478125532661,-0.6007843890637179,1.2794355150033492,0.01186741378550548,-0.1919637412673792,0.10402826269732546,0.09000117304571391,0.09000117304571391,0.0,0.00044426715425607637,0.08062826165611217,-0.0014394626774916382,1.6259399072447093e-05,0.0483981346133663,-1.5774934916386174,0,0.16103500051638428
14.830400000000798,2.0010899653723113,-0.8394778623131423,1.1984002587075275,-0.000765486630622118,-0.12027396708859513,0.0015557405666548002,1.5831405880294875,-1.1383583135587032,0.9240722869458098,0.13493223186959993,-0.11079211157008044,-0.044656913906227,1.9585845734360763,-0.8698052225448426,1.1016578156038443,0.07348233703755423,-0.15154410478432512,0.030038333912980365,0.09000117304571391,0.09000117304571391,0.0,0.00044346137181817437,0.08041128997460495,-0.0014337110851849752,1.617068758279324e-05,0.048254346571387524,-1.57749503675839,0,0.16053380916266266
14.834560000000799,2.0010867841391966,-0.8399775142429949,1.1984067148587412,-0.0007634959475242746,-0.11991646316464973,0.0015494762912899318,1.7104676413963744,-0.809493282772573,1.2621318265469412,0.09429033568566386,0.09992044330494547,-0.04278616026759607,1.834720044125241,-0.8394421604375795,1.181807230191877,0.08410054007304882,-0.025269465754840553,-0.006503969176201809,0.09000117304571391,0.09000117304571391,0.0,0.00044265485826155125,0.08019478821063183,-0.0014279822816474393,1.6082468617908265e-05,0.04811095069054019,-1.5774965781557209,0,0.16003410763070933
14.8387200000008,2.0010836111848547,-0.8404756806397814,1.198413145013524,-0.0007615090420881228,-0.11955993522875129,0.0015432371479088352,2.283067885447158,-1.057645373512516,1.1951895049948424,0.04007387982294931,-0.06204615551021182,-0.15774447838652245,2.0589799118218797,-0.9486747139956385,1.1881704699543503,0.062351014140479985,-0.043479495143948936,-0.08216870825976609,0.09000117304571391,0.09000117304571391,0.0,0.00044184763338308924,0.07997875601788676,-0.001422276177932712,1.5994739381002248e-05,0.047967946088769864,-1.57749811584128,0,0.15953589185286507
14.8428800000008,2.0010804464935372,-0.8409723655609488,1.1984195492761751,-0.0007595259162114418,-0.119204381080175,0.0015370230362416893,1.8382852417582527,-0.6190525453311377,1.5493077831911837,0.11697282855450399,-0.0730042464589814,-0.10627709012515911,1.9488746619310622,-0.7840149603205817,1.368521713945555,0.08950005235613975,-0.05737905337352003,-0.09475680421130835,0.09000117304571391,0.09000117304571391,0.0,0.0004410397167741594,0.07976319304527074,-0.0014165926853360053,1.5907497091679046e-05,0.04782533188491421,-1.577499649825699,0,0.15903915777064573
14.847040000000801,2.0010772900494884,-0.841467573054784,1.1984259277505769,-0.0007575465717119483,-0.11884979852046129,0.001530833856415067,1.9295217752620584,-0.8417847629833202,1.1045585293752251,-0.022012238279795853,0.004699326011335603,0.006871999091894449,1.939152133672633,-0.8128910120582041,1.2365526456876825,0.0338302306987335,-0.026093500496105176,-0.043986193821612445,0.09000117304571391,0.09000117304571391,0.0,0.00044023112782017797,0.07954809893711481,-0.0014109317149703865,1.582073898584548e-05,0.04768310719870987,-1.5775011801195724,0,0.15854390133473242
14.851200000000802,2.0010741418369453,-0.8419613071604234,1.1984322805401975,-0.0007555710103281629,-0.11849618535343234,0.0015246695089525695,1.9528153870829243,-0.5382497870589403,1.2431854438875203,-0.10350548643434317,-0.20166396144355103,-0.07967601829021832,1.9457701472128268,-0.6759887009725074,1.2397047229152407,-0.03558838279668257,-0.11349819240510609,-0.06248060392259295,0.09000117304571391,0.09000117304571391,0.0,0.0004394218857001627,0.07933347333318977,-0.001405293178840964,1.5734462315578536e-05,0.047541271150799244,-1.5775027067334577,0,0.1580501185049621
14.855360000000802,2.0010710018401383,-0.8424535719078617,1.1984386077480924,-0.000753599233720279,-0.11814353938520872,0.0015185298947709676,1.848871681031035,-0.42879336382560446,1.3068582568993072,-0.048987548085122005,-0.11109368695844968,0.048824434401685816,1.8972179749145939,-0.5526210752143205,1.2733834224457763,-0.042109925351723206,-0.11195906192305999,-0.006791561739882536,0.09000117304571391,0.09000117304571391,0.0,0.00043861200938628744,0.07911931586860863,-0.0013996769894232012,1.5648664348950442e-05,0.047399822862737175,-1.5775042296778752,0,0.15755780525031818
14.859520000000803,2.0010678700432907,-0.8429443713179627,1.1984449094769056,-0.000751631243471032,-0.11779185842422628,0.0015124149151781352,1.9312182647286344,-0.7808594520991481,1.8597172978311705,0.0791863750838051,-0.2414789345705915,0.02452423157486546,1.9143826157160597,-0.6672442822589393,1.5666038707715295,0.018745578786652888,-0.17663745329986735,0.0096345932279816,0.09000117304571391,0.09000117304571391,0.0,0.0004378015180713365,0.07890562617421032,-0.0013940830588115702,1.5563342369848445e-05,0.04725876145699773,-1.577505748963308,0,0.15706695754892033
14.863680000000803,2.0010647464306195,-0.843433709402468,1.1984511858288718,-0.0007496670410847887,-0.11744114028125155,0.0015063244718744799,2.1524377703347435,-1.108674105745112,0.7873927772084621,0.007421165214945928,-0.07939090414431096,0.03879282091764,2.0334263812944466,-0.888128110768769,1.177072788515735,0.013523258161085867,-0.1276852107214681,0.02458251575422016,0.09000117304571391,0.09000117304571391,0.0,0.00043699043052730234,0.07869240387614201,-0.0013885113002214062,1.547849367815604e-05,0.04711808605698062,-1.5775072646002029,0,0.15657757138801537
14.867840000000804,2.001061630986336,-0.8439215901640071,1.1984574369058174,-0.0007477066279893082,-0.1170913827693988,0.0015002584669481422,1.804072565971218,-0.989524916397815,0.9345540844258822,-0.22664918212131133,-0.0885535005061609,-0.16389650255721064,1.9182766119843573,-0.9390114867074083,1.0554712753643156,-0.1066278704140791,-0.10808584587887973,-0.06985451477272223,0.09000117304571391,0.09000117304571391,0.0,0.00043617876531844616,0.07847964859629619,-0.0013829616267112118,1.539411558955634e-05,0.04697779578701783,-1.5775087765989697,0,0.156089642763967
14.872000000000805,2.0010585236946463,-0.8444080175961077,1.1984636628091627,-0.0007457500055366162,-0.11674258370414542,0.0014942168028755458,1.8367887276831072,-0.5870368936106687,1.6679242171744313,-0.12500187436053084,-0.12508096100049235,0.11137407202989273,1.877274092666944,-0.7632835362887853,1.3619334599932145,-0.11677215167021579,-0.11579167035345789,0.02085720440439862,0.09000117304571391,0.09000117304571391,0.0,0.00043536654080085415,0.07826735995216016,-0.0013774339518285014,1.531020543534769e-05,0.04683788977238003,-1.5775102849699822,0,0.1556031676822461
14.876160000000805,2.0010554245397505,-0.844892995683205,1.1984698636399231,-0.0007437971750038787,-0.11639474090334773,0.0014881993825192176,2.1927683904715964,-0.9468349192163108,1.0915795563863901,-0.01275634621459257,0.04337345823966704,0.01073323429575294,2.0349973807151187,-0.85497035621254,1.2267763374774667,-0.06499416147784265,-0.03619063692452827,0.01608616296282834,0.09000117304571391,0.09000117304571391,0.0,0.00043455377554988935,0.07805553755687955,-0.0013719281894009581,1.5226760562239417e-05,0.04669836713928292,-1.5775117897235775,0,0.1551181421574208
14.880320000000806,2.001052333505844,-0.8453765284006519,1.198476039498711,-0.0007418481375924968,-0.11604785218725673,0.0014822061091264822,1.7304832086124469,-0.8907761506191683,0.7462275987251445,-0.11631074421008558,-0.08340699585112468,-0.0800381480443552,1.8824956295869246,-0.8730465597843773,0.9863322021097508,-0.0903552422922715,-0.06000174031161455,-0.03200525984950619,0.09000117304571391,0.09000117304571391,0.0,0.0004337404877187915,0.07784418101937499,-0.0013664442537552664,1.5143778332524886e-05,0.04655922701489358,-1.5775132908700569,0,0.1546345622131463
14.884480000000806,2.001049250577117,-0.8458586197147291,1.1984821904857375,-0.0007399028944298729,-0.11570191537853328,0.001476236886327287,2.097199049749889,-1.2437691017798023,1.2212439237991584,-0.030422296933135303,0.10570109866075461,0.03528573408053636,1.989786116988166,-1.0581915850711683,1.1038634314406393,-0.060658232634982684,0.023327304432112696,0.0014765840399077572,0.09000117304571391,0.09000117304571391,0.0,0.0004329266954656854,0.07763328994413823,-0.0013609820595082726,1.5061256123870687e-05,0.04642046852733664,-1.5775147884196852,0,0.15415242388215528
14.888640000000807,2.001046175737756,-0.8463392735826551,1.198488316700813,-0.0007379614465693975,-0.11535692830226407,0.0014702916181328313,2.543714729032538,0.027275590311851672,1.392949603351239,-0.11721049280387187,-0.12477277412613419,-0.061123295427401934,2.266511358823341,-0.5157101969142451,1.2482811331261274,-0.08934143596296112,-0.05058278827913513,-0.029688335564365252,0.09000117304571391,0.09000117304571391,0.0,0.0004321124165256832,0.0774228639317234,-0.0013555415211433074,1.4979191329312965e-05,0.0462820908057006,-1.577516282382692,0,0.15367172320624706
14.892800000000808,2.0010431089719436,-0.8468184939525967,1.1984944182433501,-0.0007360237949922191,-0.1150128887859757,0.0014643702089360143,2.1446182760804127,-0.52680301344427,1.6735314765625906,0.03541664446345506,-0.08774300247725056,-0.10348377488045103,2.2056372496840813,-0.521439206898405,1.4606943943356148,-0.026787462666892862,-0.0691503206818626,-0.06675301468735705,0.09000117304571391,0.09000117304571391,0.0,0.0004312976686378944,0.07721290257832952,-0.0013501225542985355,1.4897581356960854e-05,0.046144092980043815,-1.5775177727692713,0,0.15319245623627806
14.896960000000808,2.0010400502638577,-0.8472962847636786,1.1985004952123648,-0.0007340899406072346,-0.11466979465965035,0.0014584725635065042,1.9310107940384675,-0.6314397676297745,1.4371289956975102,0.020626060592687002,-0.10005561809043906,0.1953517023537471,2.0683641495445424,-0.5766486563435012,1.4493178662617092,-0.0026739521275609677,-0.0844631938416508,0.06427762408197603,0.09000117304571391,0.09000117304571391,0.0,0.0004304824697593738,0.07700340547613138,-0.0013447250742750945,1.4816423629922474e-05,0.04600647418140055,-1.577519259589581,0,0.15271461903215106
14.901120000000809,2.001036999597673,-0.8477726499459941,1.1985065477064774,-0.000732159884250188,-0.11432764375574023,0.0014525985869920002,2.168602936805575,-0.6490083313923606,1.0922428183657253,-0.11764963411390487,-0.12868341667097027,0.1014292470820449,2.118239236198998,-0.613096413647466,1.2709894271653206,-0.06000990497401454,-0.10668795238244023,0.08255601731415958,0.09000117304571391,0.09000117304571391,0.0,0.0004296668372097711,0.07679437221307592,-0.0013393489968964384,1.4735715586527915e-05,0.045869233541787,-1.577520742853744,0,0.15223820766280538
14.90528000000081,2.001033956957562,-0.8482475934206157,1.1985125758239146,-0.0007302336266863333,-0.1139864339091827,0.001446748184915959,2.132545816708802,-0.5314898803586955,1.6092075684338307,-0.08629066927445195,-0.14454821684050587,-0.05506591985819074,2.1252145397740136,-0.5725935598397611,1.4399850408243016,-0.07381951325119833,-0.12545804627701282,0.01437324206070242,0.09000117304571391,0.09000117304571391,0.0,0.00042885078809789677,0.07658580237332019,-0.0013339942382994971,1.4655454679984396e-05,0.04573237019420722,-1.5775222225718482,0,0.15176321820620584
14.90944000000081,2.001030922327693,-0.8487211190996049,1.198518579662511,-0.0007283111686113198,-0.11364616295741375,0.0014409212631761436,1.8961246985772358,-0.5866185492378404,0.7868866685790853,0.13864351743574305,-0.12548407875051437,-0.04106242354981848,2.0109571538069893,-0.5798669264331062,1.1133454697304321,0.03203142938778703,-0.12558140169564364,-0.013145689369280223,0.09000117304571391,0.09000117304571391,0.0,0.00042803434017707064,0.07637769553670726,-0.0013286607149393375,1.4575638378094864e-05,0.04559588327265887,-1.5775236987539458,0,0.15128964674933307
14.91360000000081,2.001027895692232,-0.8491932308860232,1.1985245593197114,-0.000726392510648513,-0.11330682874038359,0.0014351177280431838,2.61849232406904,-0.8317775411722812,0.9586226597407397,0.047922453178437394,-0.13419717622896227,-0.04464461321742286,2.3148286991655835,-0.7061041687778901,1.0358913221232418,0.03996068141332275,-0.12938577489666334,-0.029469926341871577,0.09000117304571391,0.09000117304571391,0.0,0.0004272175101348672,0.07617005127941795,-0.001323348344022172,1.449626416372875e-05,0.045459771912139166,-1.5775251714100549,0,0.15081748938817233
14.917760000000811,2.001024877035343,-0.8496639326739422,1.1985305148925705,-0.0007244776533534419,-0.11296842910056946,0.0014293374861573298,2.161160765641675,-1.0756884449426711,1.4190462387517904,0.08161756368708498,-0.11571880326501618,0.007608536372234504,2.238163070477878,-0.8911394071467557,1.2274884994319906,0.06095416970793557,-0.1226385684074792,-0.011516005706845779,0.09000117304571391,0.09000117304571391,0.0,0.0004264003150885342,0.07596286917350051,-0.0013180570422263258,1.441732953423516e-05,0.04532403524865044,-1.5775266405501582,0,0.15034674222770342
14.921920000000812,2.0010218663411883,-0.8501332283484547,1.198536446477756,-0.0007225665972120152,-0.11263096188299057,0.0014235804445305047,2.0239625273929676,-0.9698594047944882,1.2578500676936597,0.12045542868782194,-0.04499814862724341,0.14036782602404027,2.1313104051460776,-0.9305950300091943,1.2429620854758008,0.09139277702318918,-0.08311247720538882,0.06411400090685138,0.09000117304571391,0.09000117304571391,0.0,0.00042558277173008726,0.07575614878714806,-0.0013127867269892611,1.4338832001580387e-05,0.04518867241920585,-1.5775281061842041,0,0.14987740138188993
14.926080000000812,2.001018863593927,-0.8506011217856848,1.1985423541715499,-0.0007206593426422991,-0.11229442493522171,0.0014178465105430592,1.6670412762399498,-0.832924595089219,0.8082925934119926,0.018202561285773754,0.040377311411976646,0.1318484992629466,1.8992102539970428,-0.8816759065073168,1.0258970672212495,0.05489793192864355,-0.021009549466709233,0.09868454946523612,0.09000117304571391,0.09000117304571391,0.0,0.0004247648969672661,0.07554988968476295,-0.0013075373165135715,1.4260769092138929e-05,0.045053682561835055,-1.5775295683221067,0,0.14940946297366847
14.930240000000813,2.001015868777719,-0.851067616852799,1.1985482380698496,-0.0007187558899936249,-0.11195881610740674,0.0014121355919404486,2.487913539033567,-0.6590313141289157,1.4421846751283403,0.17958436104142617,-0.17201893970615656,-0.1022650438095261,2.193939171458539,-0.7707111687618464,1.2338334476408181,0.11741335835443316,-0.09586890991759107,-0.0029178451138208022,0.09000117304571391,0.09000117304571391,0.0,0.00042394670706818603,0.07534409142691378,-0.0013023087284879543,1.418313834682918e-05,0.04491906481558966,-1.5775310269737455,0,0.14894292313493807
14.934400000000814,2.0010128818767208,-0.8515327174080167,1.1985540982681697,-0.0007168562395492601,-0.11162413325227218,0.001406447596835247,1.886179776229211,-0.8959969715267195,0.7068347013443221,0.012945817024498287,-0.1520786671813915,-0.02528852814562902,2.040084420925051,-0.833671331279464,0.970278787791507,0.06510275078379775,-0.12393881763807667,-0.01458276948307924,0.09000117304571391,0.09000117304571391,0.0,0.0004231282185157988,0.07513875357039979,-0.001297100881588401,1.4105937320714237e-05,0.044784818320548724,-1.5775324821489658,0,0.14847777800654924
14.938560000000814,2.0010099028750896,-0.8519964273006215,1.1985599348616436,-0.000714960391525519,-0.11129037422514057,0.0014007824337029095,1.6045837825305131,-0.7994759031111365,1.3963943043056886,-0.17458655011828453,-0.21773914372216435,-0.11872647017491332,1.8219664143627756,-0.8170270843015516,1.1830915713819616,-0.05400289507958164,-0.17044094787039737,-0.0661628856846231,0.09000117304571391,0.09000117304571391,0.0,0.0004223094475804398,0.07493387566831491,-0.0012919136944140085,1.4029163583066612e-05,0.04465094221782413,-1.5775339338575793,0,0.14801402373829323
14.942720000000815,2.001006931756981,-0.8524587503709713,1.1985657479450242,-0.0007130683460726547,-0.11095753688394358,0.0013951400113819928,1.9871574715690672,-0.4071809214461402,1.007939426730302,-0.029163096185815474,-0.19275248439352,0.04845500087193755,1.904501374304718,-0.6125026480999798,1.0956165089473042,-0.041071919953962865,-0.1813098813305506,-0.009558743470070564,0.09000117304571391,0.09000117304571391,0.0,0.00042149041053333265,0.07472945726989838,-0.0012867470857044804,1.3952814717267862e-05,0.04451743564956594,-1.5775353821093634,0,0.14755165648889132
14.946880000000816,2.001003968506551,-0.8529196904505097,1.198571537612687,-0.0007111801032748608,-0.1106256190892357,0.0013895202390734576,2.033075167163366,-0.8499061515106923,1.2653559634934006,-0.008868981957142792,-0.05222964500661755,-0.10503222088610792,1.9687717912981653,-0.7313147216760617,1.1802685032251583,-0.025486091789776514,-0.11676624173085351,-0.05706973453348072,0.09000117304571391,0.09000117304571391,0.0,0.0004206711234326409,0.07452549792091948,-0.0012816009754149735,1.3876888320849477e-05,0.04438429775896777,-1.577536826914062,0,0.1470906724259835
14.951040000000816,2.0010010131079543,-0.8533792513617773,1.19857730395863,-0.0007092956631511655,-0.11029461870420636,0.0013839230263354477,1.9814590056512167,-0.8592705423565731,1.6070214672158583,0.08518656958741846,-0.1830105315432101,-0.12446371227498668,1.975292432084709,-0.795674669668945,1.393389461125112,0.029958920248444612,-0.1496506023277877,-0.0909406116224982,0.09000117304571391,0.09000117304571391,0.0,0.00041985160190907505,0.0743219971634751,-0.0012764752825817228,1.3801382005388616e-05,0.04425152769027195,-1.5775382682813852,0,0.1466310677261177
14.955200000000817,2.0009980655453474,-0.8538374369184218,1.1985830470764762,-0.0007074150256572174,-0.10996453359469294,0.0013783482830870529,2.2260888120512288,-1.0870222821036686,0.7999700189450827,0.0897098062196413,0.04197866628152175,-0.038364577931647756,2.100879510755798,-0.941264262531387,1.0965951373437226,0.059570907660016395,-0.053337413717622,-0.06434195224475624,0.09000117304571391,0.09000117304571391,0.0,0.00041903186180684946,0.07411895453600054,-0.0012713699276785803,1.3726293396173652e-05,0.044119124588774664,-1.5775397062210101,0,0.14617283857473867
14.959360000000817,2.0009951258028864,-0.8542942509252102,1.1985887670594746,-0.0007055381906844019,-0.10963536162919366,0.001372795919602172,1.6722744460289318,-0.8029318436404623,1.3761535052423972,0.026238120207401846,-0.2886841801250303,0.027273704461287247,1.8866281553685025,-0.8726982643418616,1.2364335763297278,0.04309820874754872,-0.17064734906400217,-0.018814217405556815,0.09000117304571391,0.09000117304571391,0.0,0.00041821191875623096,0.07391636957344083,-0.001266284830697479,1.3651620132273427e-05,0.0439870876008311,-1.5775411407425801,0,0.14571598116617687
14.963520000000818,2.000992193864728,-0.8547496971780388,1.1985944640005017,-0.0007036651580607375,-0.10930710067887983,0.0013672658465114062,1.2526223969748176,-0.6448580462040533,1.4706865020573419,0.14019761767624558,-0.23415614150662678,0.13084107220916327,1.5699113470710027,-0.7592642941050629,1.3538330612493292,0.09217043719642325,-0.20206341139338027,0.056370608384386685,0.09000117304571391,0.09000117304571391,0.0,0.00041739178838704144,0.07371424180720851,-0.0012612199122212795,1.3577359866465829e-05,0.04385541587386052,-1.5775425718557055,0,0.1452604917036374
14.967680000000819,2.00098926971503,-0.8552037794639455,1.1986001379920634,-0.0007017959275508831,-0.10897974861760826,0.0013617579747994977,2.735682369723875,-0.854865929133652,1.4559839831009345,-0.06194904451253418,-0.04995604612121988,-0.06696803798683514,2.152676188908278,-0.8071702326194788,1.4047704947002269,0.015108415768469823,-0.1257574503516424,-0.005554943935260059,0.09000117304571391,0.09000117304571391,0.0,0.00041657148590076225,0.07351257076524823,-0.001256175093214928,1.350351026526938e-05,0.04372410855635121,-1.5775439995699636,0,0.14480636639918862
14.97184000000082,2.0009863533379515,-0.8556565015611203,1.198605789126296,-0.0006999304988579282,-0.10865330332193336,0.0013562722158036165,1.7469176104137567,-0.4819490812885633,0.6026238304811107,0.013866283314301332,-0.09754259018043152,-0.023604493827486053,1.9498214041800728,-0.6447599657003116,1.0036431274406044,0.015207558418935004,-0.1117966882920925,-0.014902898516277071,0.09000117304571391,0.09000117304571391,0.0,0.00041575102671149045,0.0733113559720478,-0.0012511502948159541,1.3430069008658561e-05,0.043593164797865465,-1.577545423894899,0,0.14435360147375098
14.97600000000082,2.000983444717653,-0.8561078672389166,1.1986114174949678,-0.0006980688716225117,-0.10832776267111928,0.0013508084812125132,2.0028848829564545,-0.9923132271362579,1.2459867933575821,0.008839224513891715,-0.17682597626183982,-0.15199593447268675,1.9763719570492104,-0.8189073814037807,1.1245012579398843,0.011996468033332004,-0.14403785249336062,-0.08380072547392942,0.09000117304571391,0.09000117304571391,0.0,0.00041493042580453853,0.07311059694870317,-0.0012461454385526323,1.3357033790170532e-05,0.043462583749044395,-1.5775468448400232,0,0.1439021931570857
14.98016000000082,2.0009805438382973,-0.8565578802578631,1.1986170231894806,-0.0006962110454246131,-0.10800312454715173,0.0013453666830648171,2.3192232751685116,-0.819249533773717,0.6525146257214118,-0.08932130300904995,-0.12250849601840287,0.032076545751294976,2.1476133570085536,-0.8193322609172475,0.8885704066202397,-0.038236409385684754,-0.13376172265571992,-0.02541233816259383,0.09000117304571391,0.09000117304571391,0.0,0.00041410969816344173,0.07291029321287598,-0.0012411604461344782,1.328440231666208e-05,0.043332364561612796,-1.5775482624148154,0,0.14345213768778356
14.984320000000821,2.000977650684048,-0.8570065443696745,1.1986226063008711,-0.0006943570197835657,-0.10767938683475,0.001339946733748121,2.3638042249809117,-0.8540669418744287,1.6727640536712707,-0.10310612706992939,-0.14854410561939319,-0.07982713686807086,2.255495736794892,-0.8370086156750995,1.2805079619376665,-0.07061458590359235,-0.14124630459191562,-0.05323294329828695,0.09000117304571391,0.09000117304571391,0.0,0.00041328885876996003,0.07271044427901899,-0.0012361952396704118,1.3212172308257313e-05,0.04320250638838393,-1.5775496766287225,0,0.14300343131325308
14.988480000000822,2.0009747652390724,-0.8574538633172636,1.1986281669198129,-0.0006925067941580676,-0.10735654742137801,0.0013345485459972427,2.2149360379610594,-1.0564027872652255,1.6929118714088955,0.02134101827827105,-0.07379476238727575,0.020322033818787204,2.2352593834554595,-0.9468607891707764,1.4867541053741464,-0.0243499326163182,-0.1074952612847862,-0.015995514534838527,0.09000117304571391,0.09000117304571391,0.0,0.00041246792239012773,0.07251104965817354,-0.0012312497418875976,1.3140341498365459e-05,0.043073008383264166,-1.5775510874911585,0,0.14255607028970943
14.992640000000822,2.0009718874875393,-0.8578998408347521,1.1986337051366167,-0.0006906603679470862,-0.10703460419725634,0.0013291720328915094,1.9161921866528298,-1.0011866500100688,1.4422471916839388,0.05855630749081806,-0.06461756542974134,-0.06424698241214977,2.0758442961448735,-0.9741605193846705,1.4643668037050037,0.017603557837437344,-0.08508931046811483,-0.040165506835037654,0.09000117304571391,0.09000117304571391,0.0,0.00041164690335986184,0.07231210885808786,-0.0012263238750659126,1.3068907633594494e-05,0.042943869701257645,-1.5775524950115056,0,0.14211005088216289
14.996800000000823,2.0009690174136208,-0.8583444806474828,1.1986392210412329,-0.0006888177404916542,-0.10671355505537355,0.0013238171078565463,2.3473053434442344,-0.9353499630716509,1.363031706448806,-0.10680318334682073,-0.07478730153426816,0.1268593577565314,2.2113540706608386,-0.9549111806812839,1.413961292378705,-0.044350872353228515,-0.07962371889773255,0.043873514952726914,0.09000117304571391,0.09000117304571391,0.0,0.00041082581643986805,0.07211362138338906,-0.0012214175623249755,1.2997868473399767e-05,0.04281508949847096,-1.577553899199114,0,0.1416653693644071
15.000960000000823,2.000966155001491,-0.8587877864720307,1.1986447147232524,-0.0006869789110731044,-0.10639339789149702,0.001318483684660639,2.0974618476763607,-0.9110870421998879,1.4131471886642113,0.06617721676459211,-0.06994178416104152,-0.020346629802350306,2.1545454654040963,-0.933143896690976,1.41351261545829,0.01059042469717092,-0.07496847711014629,0.0114304699648534,0.09000117304571391,0.09000117304571391,0.0,0.0004100046761746827,0.07191558673543424,-0.0012165307269876267,1.292722179032577e-05,0.04268666693211759,-1.5775553000633018,0,0.14122202201900763
15.005120000000824,2.000963300235329,-0.8592297620162148,1.1986501862719083,-0.0006851438789139747,-0.10607413060418422,0.0013131716774137743,1.4194218233379572,-0.9074760435949105,1.0029970992466812,0.13200667098975707,0.06555401975389699,-0.04759374284149454,1.7872547559475453,-0.920174033780935,1.2081534310870403,0.07048029737234093,-0.004430746953060626,-0.018289385116468323,0.09000117304571391,0.09000117304571391,0.0,0.00040918349646433235,0.07171800441242904,-0.0012116632925839232,1.2856965370010756e-05,0.04255860116052243,-1.5775566976133553,0,0.14078000513729017
15.009280000000825,2.000960453099316,-0.8596704109791098,1.1986556357760774,-0.000683312643180698,-0.10575575109479365,0.0013078810005666963,2.0672406271821027,-0.9201065024907917,1.3642963086276811,0.07531783872241,-0.0922043128082388,0.035815838326926495,1.927404654136399,-0.9203324270221153,1.2862994770498166,0.07369480312875279,-0.04813060276053002,0.00923161806262736,0.09000117304571391,0.09000117304571391,0.0,0.00040836229163274335,0.07152087390938572,-0.0012068151830693106,1.2787097010710478e-05,0.04243089134312619,-1.577558091858529,0,0.14033931501932914
15.013440000000825,2.000957613577637,-0.8601097370510576,1.1986610633242811,-0.0006814852029818399,-0.10543825726749588,0.0013026115689089902,1.9507092367682257,-1.3458573633617654,1.8837966158365047,0.06632930673905851,-0.2085421476443421,0.21926070067873377,1.9391952177568357,-1.1335322439512734,1.585507050115962,0.0699422259761707,-0.12803301209826842,0.11482567870901485,0.09000117304571391,0.09000117304571391,0.0,0.0004075410757867857,0.07132419471829526,-0.0012019863226151112,1.2717614523481123e-05,0.04230353664048986,-1.5775594828080464,0,0.13989994797393562
15.017600000000826,2.0009547816544813,-0.8605477439136796,1.1986664690046878,-0.0006796615573690073,-0.10512164702928384,0.0012973632975681129,2.234967956667578,-0.8845796946392424,1.4393842977782687,-0.055112375008712855,-0.15084855009068432,0.029323116443859428,2.0869691328363333,-1.0093675662210084,1.5125060281539056,0.00737095206942296,-0.13964205434406562,0.07189452044263515,0.09000117304571391,0.09000117304571391,0.0,0.00040671986260187886,0.07112796632808571,-0.0011971766358266954,1.2648515732147199e-05,0.042176536214298926,-1.5775608704710993,0,0.13946190031864572
15.021760000000826,2.0009519573140424,-0.8609844352398879,1.1986718529051128,-0.0006778417053386501,-0.10480591828998341,0.0012921361020074426,2.0206106452814976,-1.0385945746753285,1.1102593390985187,-0.006580508897979018,-0.12181365877175208,0.024500275377659305,2.053775616135178,-1.0242370559971656,1.3114309049428652,0.0004544467517933102,-0.12956913607195839,0.048163803976738855,0.09000117304571391,0.09000117304571391,0.0,0.0004058986661768986,0.0709321882246339,-0.0011923860471056303,1.2579798472973923e-05,0.04204988922736769,-1.577562254856848,0,0.13902516837970866
15.025920000000827,2.000949140540518,-0.8614198146938973,1.1986772151130212,-0.0006760256458303007,-0.10449106896226387,0.001286929898027046,2.2415161143873674,-1.2218949429372794,1.1867610427940105,0.13094077368766543,-0.1982490999484987,-0.09532903048236332,2.1479192361994706,-1.1234796117279218,1.2488969398895038,0.06583147812066244,-0.16396396453755496,-0.023631134038972105,0.09000117304571391,0.09000117304571391,0.0,0.00040507749996532305,0.07073685989072381,-0.0011876144817231952,1.2511460594936904e-05,0.04192359484364344,-1.577563635974422,0,0.13858974849207514
15.030080000000828,2.000946331318111,-0.8618538859312375,1.1986825557155285,-0.000674213377729267,-0.10417709696164852,0.001281744601759933,2.546070224780562,-0.9503519154864503,1.5411636358191187,0.0834332909661265,-0.252763446654088,0.09187382461770291,2.34717002328896,-1.0374407944653168,1.3952238809234068,0.0751275178961238,-0.20811678440803857,0.03389610771021681,0.09000117304571391,0.09000117304571391,0.0,0.0004042563776296929,0.07054198080632565,-0.0011828618651838702,1.2443499959362012e-05,0.041797652228210726,-1.5775650138329198,0,0.13815563699938516
15.034240000000828,2.0009435296310283,-0.8622866525987647,1.198687874799402,-0.0006724048998657651,-0.10386400020652423,0.0012765801296709964,2.37122060620032,-0.7883937772425963,0.8963768836714752,0.07719818369172164,-0.09085102605079724,0.21488121297788626,2.3593563874707764,-0.9131061863777636,1.1462443250008245,0.07600189852039112,-0.14868565179000368,0.12414305035010847,0.09000117304571391,0.09000117304571391,0.0,0.0004034353126141602,0.07034755044839405,-0.0011781281228009886,1.2375914439984511e-05,0.04167206054729532,-1.5775663884414086,0,0.13772283025395607
15.038400000000829,2.0009407354634825,-0.8627181183346737,1.1986931724510628,-0.0006706002110158326,-0.10355177661815174,0.0012714363985576785,1.9100731678432825,-0.532748801967549,1.1676506985724484,0.016041803691174264,-0.08759193648527322,0.007010804275539935,2.1347448067875514,-0.7231073350265675,1.156961606090073,0.04611873052492045,-0.11799185456127242,0.0658910797483492,0.09000117304571391,0.09000117304571391,0.0,0.00040261431814404315,0.07015356829093342,-0.0011734131807702528,1.2308701922862153e-05,0.04154681896826836,-1.5775677598089255,0,0.1372913246167709
15.04256000000083,2.0009379487996912,-0.8631482867685099,1.198698448756586,-0.0006687993099022446,-0.10324042412067577,0.001266313325546213,1.9409182722861755,-0.7450791562949876,1.1176341025272105,0.14920649260481547,-0.17526217935225988,0.015739179646228403,2.0381415245763574,-0.7344588161138547,1.1373327530365323,0.09717701580690376,-0.14620191049232867,0.039646592771805836,0.09000117304571391,0.09000117304571391,0.0,0.0004017934076532795,0.0699600338051167,-0.0011687169651048825,1.2241860306195747e-05,0.04142192665965039,-1.5775691279444766,0,0.13686111645746607
15.04672000000083,2.0009351696238777,-0.8635771615211812,1.198703703801703,-0.0006670021951936474,-0.1029299406411346,0.0012612108280922877,1.7128672535835534,-0.7972551340939301,1.0953559261211727,0.10910522358522125,-0.13448406416697758,0.14797713850641991,1.8757292309973954,-0.7661369295049705,1.116652799352583,0.10305268499613092,-0.1404437292373752,0.09334074960795602,0.09000117304571391,0.09000117304571391,0.0,0.000400972594143025,0.06976694645935105,-0.0011640394022807829,1.2175387500472991e-05,0.04129738279111524,-1.5775704928570373,0,0.13643220215431917
15.05088000000083,2.0009323979202716,-0.8640047462049707,1.198708937671803,-0.0006652088655063652,-0.10262032410946939,0.0012561288239789628,2.0978113384149264,-0.6294091546159657,1.2797401512737108,0.025226638056950905,0.006613271648426761,-0.023926026917081452,1.9868248767990546,-0.6977577409543638,1.1981473372885494,0.06387181274983793,-0.06720782485314832,0.0349619131657664,0.09000117304571391,0.09000117304571391,0.0,0.00040015189039471354,0.06957430571912954,-0.0011593804192412153,1.2109281428247958e-05,0.041173186533493986,-1.5775718545555533,0,0.13600457809423713
15.055040000000831,2.0009296336731075,-0.8644310444235479,1.1987141504519334,-0.0006634193194053194,-0.10231157245853412,0.0012510672313146918,2.7362788293508755,-0.8727563660972348,0.8995974594172059,0.06829166422992472,-0.1390946629419605,0.029392028696924862,2.3616982239206665,-0.785548459191528,1.0489319389430303,0.06652292300539253,-0.10272914930891709,0.03193925281826235,0.09000117304571391,0.09000117304571391,0.0,0.00039933130961145903,0.06938211104720346,-0.001154739942758943,1.2043540023888854e-05,0.04104933705877876,-1.5775732130489393,0,0.13557824067274396
15.059200000000832,2.0009268768666266,-0.8648560597719817,1.1987193422268023,-0.0006616335554022742,-0.1020036836241048,0.0012460259685338729,2.5217330274135783,-0.52143697292875,1.6406195061957856,-0.10104796405020307,-0.13822691809979584,-0.0012372029177719975,2.441504764306483,-0.6537787435285927,1.344778153085914,-0.016384184879256275,-0.12029899716930915,0.01493792700694526,0.09000117304571391,0.09000117304571391,0.0,0.0003985108645631491,0.0691903619035946,-0.00115011790050975,1.1978161233875619e-05,0.04092583354012658,-1.5775745683460805,0,0.1351531862939684
15.063360000000833,2.0009241274850766,-0.8652797958367521,1.1987245130807789,-0.0006598515719576451,-0.1016966555448887,0.0012410049543930132,1.639461280241051,-1.209924914986984,0.7995605266470738,0.059442046469432235,-0.030156147345421658,0.054616208321277844,2.040600849226035,-0.9319174063904206,1.0722805684735144,0.021619518031742682,-0.07573264278656551,0.03408037411010725,0.09000117304571391,0.09000117304571391,0.0,0.000397690567799506,0.06899905774560744,-0.0011455142197934164,1.1913143016632087e-05,0.04080267515186309,-1.5775759204558317,0,0.134729411370632
15.067520000000833,2.000921385512712,-0.8657022561957626,1.1987296630978954,-0.0006580733674814198,-0.10139048616253347,0.001236004107972188,1.903128763604232,-0.8704582215531768,1.0819661932887639,0.013687546461103997,-0.052135965418524714,-0.04455467381316601,1.971891425652831,-0.9012971459788512,1.077030306772498,0.018081264632563203,-0.06330073523893999,-0.005006384416672534,0.09000117304571391,0.09000117304571391,0.0,0.00039687043186358993,0.06880819802773441,-0.0011409288288207328,1.184848334231668e-05,0.04067986106948625,-1.577577269387018,0,0.1343069123240367
15.071680000000834,2.000918650933794,-0.8661234444183528,1.198734792361848,-0.0006562989403331882,-0.10108517342163668,0.00123102334867114,2.362415471972004,-0.9693287879814129,1.0216311784868441,0.15840808830234215,-0.19373179701946036,-0.15577589150387908,2.1674859620212272,-0.9357152520447194,1.0490063142108152,0.0880932200843757,-0.129059673223097,-0.08036637046825801,0.09000117304571391,0.09000117304571391,0.0,0.00039605046907785187,0.06861778220209572,-0.0011363616554344808,1.1784180192779313e-05,0.04055739046967012,-1.577578615148435,0,0.1338856855840522
15.075840000000834,2.0009159237325904,-0.8665433640653101,1.198739900955999,-0.0006545282888230651,-0.10078071526975353,0.0012260625962107205,2.2447945298723795,-1.6247742239496683,0.8113341523145737,0.07441658437292398,-0.03602492084884722,0.1070825016865476,2.2062956746184095,-1.2803231765254681,0.9303908813789171,0.08120607001162879,-0.08318004157553718,0.013546706092793853,0.09000117304571391,0.09000117304571391,0.0,0.00039523069218553404,0.06842780971786389,-0.001131812628396448,1.1720231561393818e-05,0.04043526253026826,-1.5775799577488483,0,0.13346572758910427
15.080000000000835,2.000913203893377,-0.8669620186888826,1.1987449889633766,-0.0006527614112099393,-0.10047710965740696,0.0012211217706289568,1.931555740230956,-0.9885459392126815,1.3258268538769844,-0.026179967420858843,-0.21071709652533932,0.059210472819198515,2.068869167095518,-1.1348720129329155,1.1282341315058797,0.027598910201969633,-0.1463579481983647,0.036692654591261246,0.09000117304571391,0.09000117304571391,0.0,0.0003944111130678677,0.06823828002181034,-0.0011272816763225725,1.165663545338774e-05,0.04031347643031745,-1.577581297196994,0,0.13304703478616184
15.084160000000836,2.0009104914004365,-0.8673794118327913,1.1987500564666778,-0.0006509983057050689,-0.1001743545380955,0.0012162007922815535,2.1791556834367314,-0.9595651734474389,0.6104793138845349,0.1395997929271115,-0.14202000475110882,0.04590342192023225,2.1243038813783977,-1.0475128464727086,0.8694479715685309,0.08343789426037772,-0.14414957824033253,0.04158880069418268,0.09000117304571391,0.09000117304571391,0.0,0.0003935917440259871,0.06804919255815764,-0.0011227687281139508,1.1593389885348813e-05,0.04019203135004114,-1.5775826335015792,0,0.13262960363072465
15.088320000000836,2.0009077862380598,-0.8677955470322426,1.1987551035482689,-0.000649238970470333,-0.0998724478683018,0.0012112995818406092,1.7625878530674965,-0.19817212275142992,1.0616521012027365,0.10340082410494456,-0.070593153741575,-0.07420372493290507,1.943658114564135,-0.6229843704278654,0.9653980149917192,0.09355861133137737,-0.10689650433384046,-0.016768988364089344,0.09000117304571391,0.09000117304571391,0.0,0.00039277259692602423,0.06786054676843153,-0.0011182737131750012,1.1530492885370826e-05,0.04007092647085289,-1.5775839666712814,0,0.13221343058681112
15.092480000000837,2.0009050883905446,-0.8682104278139405,1.1987601302901867,-0.0006474834036200482,-0.09957138760750159,0.0012064180602924283,2.4186752190438208,-0.37744367455958,1.9179179419090704,0.038632441062072725,0.022269369233938976,0.03993989290984488,2.181250096045579,-0.500165276671512,1.4417471938259934,0.06621878723680696,-0.042662273001706615,0.011833630418528264,0.09000117304571391,0.09000117304571391,0.0,0.00039195368405401483,0.0676723420917939,-0.0011137965607756189,1.1467942492829636e-05,0.03995016097535986,-1.5775852967147492,0,0.13179851212694546
15.096640000000837,2.000902397842198,-0.8686240576960996,1.1987651367741405,-0.000645731603219221,-0.0992711717181715,0.0012015561489379855,1.4772883366893939,-0.4395149162132513,1.456951185245737,0.03746826975236436,-0.06613015403745244,0.01718037533893039,1.829342363492693,-0.4699767030049596,1.4493850907500505,0.05177796562326022,-0.05464370518966583,0.014477741309464817,0.09000117304571391,0.09000117304571391,0.0,0.0003911350168330945,0.06748457796489507,-0.0011093372011246909,1.1405736758662156e-05,0.039829734047366123,-1.577586623640602,0,0.13138484473214534
15.100800000000838,2.000899714577334,-0.8690364401884572,1.198770123081513,-0.0006439835672871454,-0.09897179816579733,0.0011967137693888908,2.2626735754894076,-0.4072613632525468,1.4499886176519623,-0.027147875603128455,0.03143757505797064,0.05508350536878108,2.045954235365904,-0.43855177645959015,1.44980161519282,0.012464136816851944,-0.012295487525759968,0.03468922343964639,0.09000117304571391,0.09000117304571391,0.0,0.0003903166071054147,0.06729725382188628,-0.0011048955643052387,1.134387374485113e-05,0.039709644871875976,-1.5775879474574304,0,0.13097242489190944
15.104960000000839,2.000897038580277,-0.8694475787922858,1.1987750892933613,-0.0006422392937956601,-0.09867326491888237,0.0011918908435678557,1.4111256019977074,-1.414654793600401,1.738651120772554,0.11003749764414532,0.03894324959801873,0.055608936471721916,1.7287656823427537,-0.9265282459057242,1.5943447593789266,0.06060454334521857,0.012902963042932081,0.04480865148674798,0.09000117304571391,0.09000117304571391,0.0,0.0003894984664911843,0.06711036909453916,-0.0011004715802770838,1.1282351524562705e-05,0.039589892635097275,-1.5775892681737962,0,0.13056124910420455
15.10912000000084,2.0008943698353576,-0.8698574770004065,1.1987800354904183,-0.0006404987806700748,-0.09837556994895515,0.001187087293709083,2.1304242482413023,-0.7919554739443386,1.4527626066669508,0.10275339452956089,-0.25290227428012435,-0.08564682447380587,1.929812093429916,-0.8597674296657956,1.5233753840254372,0.0813909101183436,-0.11975086212966272,-0.02081205681683018,0.09000117304571391,0.09000117304571391,0.0,0.0003886806066021747,0.06692392321225818,-0.0010960651799503639,1.1221168182080123e-05,0.03947047652444463,-1.5775905857982324,0,0.1301513138754533
15.11328000000084,2.000891708326917,-0.8702661382972006,1.1987849617530948,-0.0006387620257892082,-0.0980787112305772,0.001182303042354213,1.7415485026906565,-1.405755698050894,1.5074040849158006,-0.011656224964686495,-0.2512287725893335,0.09360850227006513,1.8356551052875776,-1.1332876713977,1.5155838943519626,0.0346957677573082,-0.18560716220887433,0.036598295494385064,0.09000117304571391,0.09000117304571391,0.0,0.0003878630388277713,0.06673791560204007,-0.0010916762943348462,1.1160321812826092e-05,0.0393513957285426,-1.5775919003392438,0,0.12974261572052115
15.11744000000084,2.0008890540393045,-0.8706735661586229,1.1987898681614797,-0.0006370290269863165,-0.09778268674135097,0.0011775380123518282,1.5058884707986036,-0.7525611518692625,1.2500896212012014,0.011721637963929287,-0.32701760379445344,-0.08773935733489657,1.6707940981648084,-0.9436018706045209,1.3826521916750234,0.023096217641610736,-0.25633410618859126,-0.025460156191257223,0.09000117304571391,0.09000117304571391,0.0,0.0003870457743345287,0.06655234568859317,-0.0010873048545432598,1.1099810523229559e-05,0.03923264943722878,-1.5775932118053064,0,0.129335151162704
15.121600000000841,2.0008864069568792,-0.8710797640522142,1.1987947547953417,-0.0006352997820500242,-0.0974874944619273,0.0011727921268569058,2.218669248593897,-0.6383681396880878,1.2843741928082093,-0.11329244976938313,-0.13310177296224196,-0.07544538579536181,1.9444982323988786,-0.7912609175755827,1.3333540374611053,-0.044305752379551276,-0.19414858713298996,-0.04970770013258087,0.09000117304571391,0.09000117304571391,0.0,0.0003862288244936244,0.06636721289418976,-0.001082950791794623,1.1039632430530675e-05,0.03911423684155696,-1.5775945202048682,0,0.12892891673371537
15.125760000000842,2.0008837670640096,-0.8714847354371142,1.1987996217341306,-0.0006335742887234734,-0.09719313237601336,0.0011680653093303166,1.6255590825453423,-1.0319753263443867,1.6533395555791803,-0.09138336457868168,-0.18816185740806507,-0.097065302126394,1.7848347162040774,-0.912010165111866,1.4931483347017658,-0.06705549326286088,-0.19164241966364887,-0.07395667236965099,0.09000117304571391,0.09000117304571391,0.0,0.0003854122002394571,0.06618251663905295,-0.0010786140378459185,1.0979785662903279e-05,0.0389961571338002,-1.577595825546349,0,0.12852390897367352
15.129920000000842,2.0008811343450734,-0.8718884837640741,1.1988044690569786,-0.0006318525447061457,-0.0968995984703792,0.0011633574835364562,2.5329626485436454,-1.049639229837101,0.8775462542555159,0.09601950133059593,-0.11050964337074301,0.025063447542562196,2.15910252006779,-0.9810558969480582,1.1853950497015824,0.015007745235032085,-0.15089870947489578,-0.024420082926313456,0.09000117304571391,0.09000117304571391,0.0,0.0003845959127106041,0.065998256340942,-0.001074294524782582,1.0920268359199228e-05,0.03887840950745373,-1.57759712783814,0,0.12812012443108886
15.134080000000843,2.0008785087844583,-0.8722910124754694,1.1988092968427018,-0.000630134547653013,-0.09660689073486584,0.0011586685735417868,2.010705674238448,-0.9601713411318585,0.7827352638659376,-0.12570317116097318,-0.18846589218210777,-0.003890710282026832,2.0846424773957377,-0.9710051892554818,0.9840546424674513,-0.055760684260714365,-0.16981800046348444,-0.014347051808166672,0.09000117304571391,0.09000117304571391,0.0,0.00038377997282236834,0.06581443141548554,-0.0010699921850225048,1.0861078669048441e-05,0.03876099315723798,-1.5775984270886052,0,0.12771755966285095
15.138240000000843,2.0008758903665615,-0.8726923250053127,1.1988141051698005,-0.0006284202951754706,-0.09631500716239214,0.0011539985037133744,2.310535913105875,-1.0753500741166782,0.9856001864431282,-0.10471677148645105,-0.34931296212673313,-0.17442049010540214,2.1973754834001022,-1.0239041967861153,0.984464677522128,-0.08144504544884056,-0.25990300868440913,-0.09439362391082662,0.09000117304571391,0.09000117304571391,0.0,0.0003829643914802826,0.065631041276141,-0.0010657069504633404,1.0802214752761402e-05,0.03864390727910152,-1.5775997233060801,0,0.12731621123421583
15.142400000000844,2.0008732790757913,-0.8730924247792667,1.1988188941164617,-0.000626709784841379,-0.09602394574896171,0.00114934719872097,1.8655420311391697,-0.6120392854802352,1.2501549644850702,0.030259425780707522,-0.07868514435962466,0.0012222251412712525,2.0315194954714397,-0.8181338312298885,1.1173154064536321,-0.02565836858404905,-0.1686761093356316,-0.04716117428311633,0.09000117304571391,0.09000117304571391,0.0,0.00038214917915221284,0.06544808533410071,-0.0010614387544113802,1.0743674781336793e-05,0.038527151070223836,-1.577601016498873,0,0.12691607571879307
15.146560000000845,2.0008706748965657,-0.8734913152146571,1.1988236637605598,-0.0006250030141768891,-0.09573370449367029,0.0011447145835310117,1.833960296581972,-1.036306816871335,1.225848177053766,-0.09207417561886175,-0.15642482028194174,0.04898168564750103,1.9325465487739462,-0.9275476479516808,1.1716838945700263,-0.05864409218093648,-0.1623405622033446,0.0011623711512922554,0.09000117304571391,0.09000117304571391,0.0,0.00038133434650931526,0.06526556299846475,-0.0010571875298755092,1.0685456936135168e-05,0.038410723729018284,-1.577602306675264,0,0.12651714969853292
15.150720000000845,2.0008680778133128,-0.8738889997204851,1.1988284141796575,-0.0006232999806655972,-0.0954442813987124,0.0011401005834078075,1.5581818125724334,-1.0545078772263878,1.3853586809586933,0.12888406012461376,-0.09759565029052933,0.04948556398298436,1.7456287679182974,-0.9912322072235624,1.2786255020453465,0.03552546440404818,-0.1297029224099196,0.02542158097581835,0.09000117304571391,0.09000117304571391,0.0,0.0003805199044264805,0.06508347367625425,-0.0010529532097833805,1.0627559408944428e-05,0.038294624455134846,-1.5776035938435062,0,0.1261194297637133
15.154880000000846,2.000865487810472,-0.8742854816974408,1.198833145451007,-0.0006216006817476977,-0.09515567446938794,0.0011355051239137705,2.420854164143579,-0.38518427267507044,0.9705224147122586,-0.05421190552110093,-0.19422569666966727,-0.03377997092084697,2.0831322169963395,-0.6886094224401685,1.1245025683022687,-0.008753390657627475,-0.16126801141536987,-0.004669335786651975,0.09000117304571391,0.09000117304571391,0.0,0.00037970586291303544,0.06490181677231707,-0.0010487357276265895,1.0569980402228729e-05,0.0381788524494628,-1.5776048780118253,0,0.12572291251292692
15.159040000000847,2.0008629048724935,-0.8746807645379162,1.1988378576515526,-0.0006199051148235907,-0.09486788171410918,0.0011309281309069758,1.7006844403837262,-0.9174467184120141,1.0595563162632555,-0.03205691350975086,0.00666328282507872,-0.028939756572279478,1.8918376960521952,-0.8030150660697716,1.0919686810648102,-0.019788661160189402,-0.0776719150180538,-0.016748703570622973,0.09000117304571391,0.09000117304571391,0.0,0.0003788922326086058,0.06472059168955482,-0.0010445350176795038,1.0512718128569492e-05,0.03806340691413352,-1.577606159188419,0,0.1253275945530681
15.163200000000847,2.0008603289838383,-0.875074851626018,1.19884255085793,-0.0006182132772512575,-0.0945809011444068,0.0011263695305378134,2.091903447648149,-1.0105859213186679,1.4081382818884594,0.09458261148434957,-0.27923836636439114,0.03091826542094773,1.9920675854147574,-0.9073829075071373,1.2501201795597403,0.037926016951798716,-0.17836835437473836,0.006996815464756077,0.09000117304571391,0.09000117304571391,0.0,0.00037807902350075833,0.06453979782877545,-0.0010403510135054061,1.0455770810977567e-05,0.03794828705252306,-1.5776074373814586,0,0.12493347249931998
15.167360000000848,2.0008577601289783,-0.8754677463375802,1.1988472251464684,-0.0006165251663489792,-0.09429473077493664,0.001121829249251865,1.7887289116467064,-1.2103718962496883,1.3979733841086022,0.0074377017585468014,-0.22849470480842773,-0.14959283135686272,1.8904118502347675,-1.0593536264273709,1.3237377651451367,0.022898090511422293,-0.20398510629121416,-0.07181568031089557,0.09000117304571391,0.09000117304571391,0.0,0.00037726624599340947,0.06435943458865256,-0.0010361836494563459,1.0399136682538988e-05,0.03783349206925477,-1.577608712599088,0,0.12454054297514154
15.171520000000848,2.0008551982923977,-0.875859452040178,1.1988518805931925,-0.0006148407793936027,-0.09400936862348645,0.0011173072137865224,2.847161353501405,-0.7497816024497248,0.7592120755774623,-0.05729367303730234,-0.29489823398222825,0.046278115083225255,2.3686728374582966,-0.9051792605385296,1.041567229979041,-0.0165723413029908,-0.24922785012201595,-0.012777660013837943,0.09000117304571391,0.09000117304571391,0.0,0.0003764539098379731,0.06417950136605938,-0.0010320328604643061,1.0342813986639131e-05,0.03771902117020198,-1.5776099848494245,0,0.12414880261225426
15.175680000000849,2.000852643458591,-0.8762499720931405,1.1988565172738224,-0.000613160113623261,-0.09372481271098144,0.0011128033511684733,2.535708257673264,-1.156114588766285,1.5590712582637432,-0.005165510985993506,-0.3006563425161094,0.14578036259539515,2.452180306410718,-1.031274225139826,1.3006247002182116,-0.010549480506032884,-0.2748483452176513,0.06715670393931786,0.09000117304571391,0.09000117304571391,0.0,0.0003756420254157175,0.06399999755586794,-0.0010278985809750053,1.0286800976574769e-05,0.03760487356249047,-1.577611254140558,0,0.12375824805062915
15.17984000000085,2.000850095612065,-0.8766393098475633,1.1988611352637752,-0.00061148316623475,-0.09344106106149055,0.0011083175887156558,2.4503340105270928,-0.7109324308459969,0.7290668866173623,0.121016792569648,0.007243858107904441,0.18690312028942918,2.451507804884168,-0.8710880311814702,1.0152317987130774,0.0557311122665248,-0.13285295079226278,0.12642037859351074,0.09000117304571391,0.09000117304571391,0.0,0.0003748306022414588,0.06382092255085522,-0.001023780746020088,1.0231095915929957e-05,0.03749104845450088,-1.577612520480552,0,0.12336887593847386
15.18400000000085,2.0008475547373386,-0.8770274686463226,1.198865734638167,-0.00060980993438714,-0.09315811170223315,0.0011038498540347265,1.6400099343637071,-0.8036237937077134,1.610558436662111,-0.11879310008920335,-0.03494608822478742,-0.06195288376200118,2.04550740892282,-0.8374281829501669,1.3127711766853976,-0.03214680650271339,-0.08387898302276997,0.03188353729880688,0.09000117304571391,0.09000117304571391,0.0,0.0003740196504594248,0.06364227574214393,-0.0010196792912217862,1.0175697078091017e-05,0.03737754505587136,-1.577613783877443,0,0.12298068293221907
15.18816000000085,2.000845020818942,-0.8774144518240876,1.198870315471813,-0.0006081404151991539,-0.09287596266358392,0.0010994000750185,1.8533233154722026,-1.186618054103429,0.9241662418279395,-0.010631463446495123,0.014532286494628427,0.00862003437988302,1.9493920558119928,-1.0119963549538566,1.1184846543949816,-0.021463384854772952,-0.03418933153036932,0.019899870739926464,0.09000117304571391,0.09000117304571391,0.0,0.00037320917934694593,0.06346405651878803,-0.0010155941519409007,1.012060274657542e-05,0.03726436257749982,-1.5776150443392416,0,0.12259366569650573
15.192320000000851,2.000842493841418,-0.8778002627073338,1.198874877839229,-0.0006064746057527807,-0.09259461197907946,0.0010949681798469624,2.1918928156273516,-0.6775647859017949,1.6397645725379248,-0.022765128008134558,-0.159472419832945,-0.18128947659888253,2.0705967465849224,-0.8451108412149398,1.3787512668119106,-0.022097234708735685,-0.09638386549252559,-0.08072161244757192,0.09000117304571391,0.09000117304571391,0.0,0.0003723991990242691,0.0632862642679996,-0.0010115252639213085,1.0065811214518342e-05,0.03715150023154637,-1.5776163018739313,0,0.12220782090417176
15.196480000000852,2.0008399737893217,-0.8781849046143564,1.1988794218146333,-0.000604812503089764,-0.09231405768542397,0.0010905540969855846,1.8323490878960038,-0.6186024589898481,0.8765371721004322,0.01767650720353469,-0.1909590164563794,0.22579102348012153,1.9515076054400686,-0.7322523777620843,1.1281095861742843,-0.002015147122157789,-0.14360602799307995,0.07287947112732122,0.09000117304571391,0.09000117304571391,0.0,0.0003715897185307959,0.06310889837521555,-0.0010074725632939641,1.0011320785165845e-05,0.03703895723143566,-1.5776175564894699,0,0.12182314523623874
15.200640000000853,2.0008374606472206,-0.8785683808552834,1.1988839474719466,-0.0006031541042161069,-0.09203429782249464,0.00108615775518363,1.8894759974141142,-0.6722258107948846,1.1052129378304771,-0.09134023843528573,-0.1474031012134478,-0.15229905482832393,1.920302053156789,-0.7025450391468114,1.1163443636920347,-0.046994538040540816,-0.14561455664069065,-0.03971438012119177,0.09000117304571391,0.09000117304571391,0.0,0.00037078074753445125,0.0629319582240574,-0.0010034359863667205,9.957129771255224e-06,0.03692673279185921,-1.5776188081937883,0,0.12143963538189874
15.204800000000853,2.000834954399695,-0.8789506947320891,1.1988884548847945,-0.0006014994060994536,-0.09175533043334719,0.0010817790834733274,2.2757821096598816,-0.9495813281703767,1.3506057450794344,-0.07895194296278285,-0.0054380380910873105,-0.012735107800435994,2.097880675787116,-0.8260752785480939,1.233450560847983,-0.06312730185598905,-0.0759895166655833,-0.026397588397974327,0.09000117304571391,0.09000117304571391,0.0,0.0003699722952632716,0.06275544319634443,-0.0009994154696276658,9.903236495292227e-06,0.03681482612877757,-1.577620056994792,0,0.12105728803850098
15.208960000000854,2.000832455031338,-0.8793318495386067,1.1988929441265077,-0.000599848405670923,-0.0914771535642214,0.0010774180111690172,2.3135229078948356,-1.0362873942875437,1.026364178939565,-0.007370595797745676,0.006580787394775273,-0.15233417323493711,2.2056869346657524,-0.9311698860045767,1.1295895577543915,-0.03475460754450104,-0.03434109768071269,-0.08959227395003226,0.09000117304571391,0.09000117304571391,0.0,0.0003691643711463647,0.06257935267205361,-0.0009954109499626176,9.849639289349356e-06,0.03670323645942261,-1.57762130290036,0,0.1206760999115388
15.213120000000854,2.000829962526755,-0.8797118485605423,1.1988974152701237,-0.0005982010998242721,-0.09119976526454684,0.001073074467865435,1.4429687981108184,-0.7874316332120872,1.0552816028597367,0.015863797388702316,0.08069876713821247,-0.016926853111214155,1.8243546658370353,-0.8591326993096905,1.0923994738289164,-0.009035278611593046,0.02355450569713227,-0.053081905091289926,0.09000117304571391,0.09000117304571391,0.0,0.00036835698417250567,0.062403686029599864,-0.000991422364230785,9.7963364951875e-06,0.03659196300229975,-1.5776225459183457,0,0.12029606771463598
15.217280000000855,2.000827476870566,-0.8800906950754879,1.198901868388388,-0.000596557485417731,-0.09092316358694737,0.001068748383437734,2.0381142238750174,-0.7543318847026439,1.1018658282807816,0.06728675550836545,-0.07384807722202372,0.12207704916572865,1.9313761756026049,-0.8068842427612342,1.0973877530962346,0.028985992036675737,-0.02558184325955602,0.03394826211461674,0.09000117304571391,0.09000117304571391,0.0,0.000367550143531096,0.062228442645475585,-0.0009874496501241121,9.743326463990528e-06,0.03648100497718998,-1.5776237860565765,0,0.11991718816953378
15.221440000000856,2.000824998047402,-0.8804683923529347,1.1989063035537548,-0.000594917559273168,-0.09064734658724713,0.0010644396880379328,2.2334037147693886,-1.409900580014307,1.1442241898377632,-0.15052683546353574,-0.2145422833783146,-0.03435540023121365,2.082079540913793,-1.1088426432905578,1.1207353965592932,-0.06103480559358801,-0.1201602757457216,-0.0004663455119679425,0.09000117304571391,0.09000117304571391,0.0,0.0003667438581847098,0.06205362189469121,-0.000983492744673413,9.690607556446722e-06,0.0363703616051521,-1.5776250233228544,0,0.11953945800607722
15.225600000000856,2.00082252604191,-0.8808449436542867,1.1989107208383887,-0.0005932813181770345,-0.09037231232447483,0.0010601483120975606,1.3452680273467095,-1.033766837064863,1.3377848944346873,0.05441493250391378,-0.07696589202364566,0.09326614706844678,1.713782854096954,-1.0714650841127613,1.229454068585443,-0.0038194722303167205,-0.09818961084808253,0.04715679156620185,0.09000117304571391,0.09000117304571391,0.0,0.0003659381370825991,0.061879223150414636,-0.0009795515861765747,9.638178142632547e-06,0.03626003210852466,-1.5776262577249553,0,0.11916287396220208
15.229760000000857,2.000820060838748,-0.8812203522328736,1.198915120314165,-0.0005916487588804222,-0.09009805886086943,0.0010558741863223198,2.2437278754745074,-0.9425548383125552,1.2956147585401956,0.13467846937599165,-0.1860400451429462,-0.012190955994695902,1.9790396045557457,-1.0073950831135248,1.2625103816397338,0.06522628577492291,-0.142558274865249,0.01707225664931821,0.09000117304571391,0.09000117304571391,0.0,0.0003651329891606924,0.061705245784305224,-0.0009756261120635115,9.58603660200156e-06,0.0361500157109281,-1.5776274892706303,0,0.11878743278392116
15.233920000000857,2.000817602422589,-0.8815946213339648,1.1989195020526722,-0.0005900198780991185,-0.08982458426188444,0.0010516172416956196,1.5043759395671115,-0.24720546576573033,1.1812530452816628,-0.2052650194420736,-0.105214387115619,0.032041543302120994,1.7412786069717998,-0.6275149556416478,1.2219473333558977,-0.07053176205675876,-0.12333202815954607,0.024775677630208503,0.09000117304571391,0.09000117304571391,0.0,0.0003643284229136992,0.06153168916625984,-0.0009717162610378693,9.534181323395616e-06,0.03604031163726665,-1.5776287179676045,0,0.11841313122531125
15.238080000000858,2.0008151507781204,-0.8819677541947823,1.1989238661252117,-0.0005883946725154451,-0.08955188659619336,0.0010473774094731832,2.1171199536675154,-1.0306834520778165,1.150924655525057,0.00015452855002638947,0.08991703439334599,0.008934766374221042,1.9292011398226663,-0.8289155069344446,1.1864550964834062,-0.03466813444362726,-0.016477491496142815,0.016368200441747638,0.09000117304571391,0.09000117304571391,0.0,0.00036352444725001464,0.061358552664747074,-0.0009678219713703277,9.482610704740198e-06,0.03593091911373037,-1.5776299438235781,0,0.11803996604849926
15.242240000000859,2.0008127058900422,-0.8823397540445144,1.1989282126028,-0.0005867731387765353,-0.08927996393569364,0.0010431546211847641,2.0504118646230554,-0.9782557060543612,1.1823133450182925,-0.050611147841888866,-0.1741304057138951,0.05917208382011128,1.9897010807007405,-0.9039493850605647,1.1845064466850328,-0.04215779390357013,-0.09503065701670527,0.03816231291784071,0.09000117304571391,0.09000117304571391,0.0,0.0003627210706368144,0.061185835646446446,-0.0009639431817566073,9.431323153263942e-06,0.035821837367797024,-1.577631166846226,0,0.11766793402364928
15.24640000000086,2.0008102677430695,-0.882710624104329,1.1989325415561694,-0.0005851552734961719,-0.08900881435551224,0.0010389488086322899,2.358196021482231,-0.6194628946817602,0.9692589080189675,0.0006474663057765614,0.021356475881143297,-0.11489140126581993,2.1739517166581153,-0.7616594456034895,1.076643018610479,-0.02039261898923156,-0.03698048504021526,-0.03874818121804905,0.09000117304571391,0.09000117304571391,0.0,0.00036191830152706365,0.061013537476742874,-0.0009600798313214717,9.380317085294006e-06,0.035713065628234036,-1.5776323870431979,0,0.11729703192894855
15.25056000000086,2.000807836321931,-0.8830803675873874,1.198936853055769,-0.0005835410732548477,-0.08873843593400903,0.0010347599038880112,2.268851642030003,-0.8629785630036995,1.4383272335880024,-0.0017289311059652504,-0.06696238999196076,-0.10869525051938077,2.221400104013312,-0.8124584907428966,1.257262449316868,-0.011714338252530382,-0.05221107333152666,-0.07413811423201427,0.09000117304571391,0.09000117304571391,0.0,0.0003611161485734646,0.06084165751931267,-0.0009562318591943824,9.329590926175798e-06,0.03560460312510022,-1.5776336044221186,0,0.11692725655059436
15.25472000000086,2.00080541161137,-0.8834489876988573,1.198941147171766,-0.0005819305345989331,-0.08846882675278205,0.0010305878392943863,2.1493249606363887,-0.7615034213985139,1.3974044937422934,-0.03210283215114375,0.05874453900673009,0.0856276964732448,2.185295635624196,-0.7868580819771489,1.3275121637606095,-0.022090287544097226,0.0031006654271080675,0.0059228285235722895,0.09000117304571391,0.09000117304571391,0.0,0.00036031461977310743,0.060670195136297206,-0.0009523992047263318,9.279143110443926e-06,0.03549644908974764,-1.5776348189905882,0,0.11655860468278055
15.258880000000861,2.0008029935961447,-0.8838164876359267,1.198945423974047,-0.0005803236540434074,-0.08819998489667193,0.0010264325474630851,2.1985394927162605,-0.8352592810647796,1.4618247659147072,-0.027021890338656096,-0.11554952577970148,0.0716007751152345,2.1918622305221533,-0.8112999147439751,1.3948178590891263,-0.024930068579622124,-0.055950027573540305,0.03898509629924025,0.09000117304571391,0.09000117304571391,0.0,0.00035951372374982884,0.06049914968853026,-0.000948581807707345,9.228972081400401e-06,0.03538860275482348,-1.5776360307561816,0,0.1161910731276837
15.263040000000862,2.0008005822610277,-0.8841828705878174,1.1989496835322189,-0.0005787204280692486,-0.08793190845376543,0.001022293961273078,1.4051576929425775,-0.5334475707132189,1.08638240431441,0.022414782658915187,-0.06347167665638376,0.09864715845554263,1.798551910785042,-0.6725045056060306,1.2408031403407798,-0.0016606867974227222,-0.05937960000352793,0.06882015017041583,0.09000117304571391,0.09000117304571391,0.0,0.00035871346825790454,0.060328520535284424,-0.0009447796081563098,9.179076291471724e-06,0.035281063354271655,-1.5776372397264495,0,0.11582465869544971
15.267200000000862,2.0007981775908066,-0.8845481397357983,1.19895392591561,-0.0005771208531270555,-0.08766459551540005,0.0010181720138695953,2.109518510962878,-0.0073596015867885,1.3672377346481714,-0.06274323762093018,0.018439151308919086,-0.10301026301876394,1.9539067535553887,-0.3398893915644275,1.3038077022410943,-0.032135931574573964,-0.020309214899782612,-0.01739101350533184,0.09000117304571391,0.09000117304571391,0.0,0.0003579138616779131,0.06015830703428443,-0.0009409925458959611,9.129454201698022e-06,0.035173830123334554,-1.5776384459089179,0,0.11545935820418049
15.271360000000863,2.000795779570283,-0.884912298253199,1.198958151193271,-0.0005755249256344391,-0.08739804417616856,0.0010140666386648826,2.1284678584716543,-1.2144654581015695,1.49279854823401,0.06438706478780692,-0.06758526506213643,0.10665646001807168,2.041322355133805,-0.7773227856323872,1.398525166928947,0.016165352889439034,-0.044585853254661245,0.045164814735577825,0.09000117304571391,0.09000117304571391,0.0,0.0003571149121622734,0.05998850854198798,-0.0009372205616257328,9.080104282034415e-06,0.03506690229855479,-1.5776396493110878,0,0.11509516847992012
15.275520000000864,2.0007933881842748,-0.8852753493054236,1.1989623594339764,-0.0005739326419769726,-0.08713225253392236,0.0010099777693344573,1.5506603368367287,-1.3293300927274023,0.615868739509144,-0.06910864753548211,0.003827195458784474,-0.11947569705743717,1.7958450052346049,-1.0533222720597843,1.0069436813026509,-0.02686847137514815,-0.020415762632243966,-0.037486628867322735,0.09000117304571391,0.09000117304571391,0.0,0.0003563166274208522,0.05981912441343909,-0.0009334635956420676,9.031025011364408e-06,0.034960279117776785,-1.5776408499404364,0,0.11473208635664117
15.279680000000864,2.000791003417614,-0.8856372960499643,1.1989665507062257,-0.0005723439985100358,-0.0868672186897755,0.0010059053398187067,2.2235907261318753,-0.8851035569839748,1.251057235101007,0.12486622610611624,-0.09230384902286087,-0.03718315386318879,2.009981506277669,-0.9694044205148711,1.1289260350823103,0.04854230910348616,-0.056021609227002445,-0.03791603985949079,0.09000117304571391,0.09000117304571391,0.0,0.0003555190153619219,0.05965015400222817,-0.0009297215891247695,8.982214877167805e-06,0.03485395982014833,-1.5776420478044164,0,0.11437010867623142
15.283840000000865,2.0007886252551494,-0.8859981416364148,1.1989707250782438,-0.0005707589915579882,-0.08660294074810884,0.001001849284319138,1.3437103167333395,-1.0438581824861421,1.4164861844183971,0.12112652406994007,0.10062734324823769,-0.04100196146021867,1.6770941126568402,-1.0064246453292753,1.2726235024954653,0.0843856075195258,0.023314518923722955,-0.03977780674212802,0.09000117304571391,0.09000117304571391,0.0,0.00035472208366470735,0.05948159666066588,-0.0009259944828573083,8.933672375561731e-06,0.03474794364612224,-1.5776432429104563,0,0.11400923228847988
15.288000000000865,2.0007862536817433,-0.8863578892064838,1.1989748826179825,-0.0005691776174151226,-0.0863394168165735,0.0009978095372999499,1.9664864065914436,-0.7906055410711113,1.4153734516852594,0.012623299102308971,-0.16892802756156097,-0.0003744466210631068,1.8218188168543867,-0.8988662079219915,1.3439977676809745,0.04837627803404785,-0.07218882187619596,-0.01963172788658758,0.09000117304571391,0.09000117304571391,0.0,0.00035392584042078716,0.05931345173969005,-0.0009222822180848375,8.885396011167147e-06,0.034642229837457836,-1.5776444352659604,0,0.1136494540510634
15.292160000000866,2.000783888682275,-0.8867165418940093,1.198979023393122,-0.0005675998723439478,-0.08607664500609469,0.0009937860334860349,1.644204645692753,-0.8935805510585545,1.7024895584647028,-0.05489916132410079,-0.10396806005047529,-0.004546040393698042,1.732896031285375,-0.8964408297840464,1.5232378358514809,-0.0031257387068034516,-0.08748173564648325,-0.01262832444761723,0.09000117304571391,0.09000117304571391,0.0,0.00035313029285129107,0.05914571858893253,-0.0009185847365181885,8.837384297430572e-06,0.03453681763722245,-1.5776456248783093,0,0.11329077082953291
15.296320000000867,2.0007815302416394,-0.8870741028249712,1.1989831474710713,-0.0005660257525788146,-0.08581462343087526,0.0009897787078609528,1.4417452851790968,-0.5637997766533056,1.3618998321631475,-0.04531144295326452,-0.11181050436504003,-0.08390568768637299,1.5872251974954439,-0.7303518828591112,1.4423928087075826,-0.024611653733914864,-0.09899798231122718,-0.04808215433452391,0.09000117304571391,0.09000117304571391,0.0,0.00035233544858881416,0.0589783965566795,-0.0009149019799095277,8.78963575608841e-06,0.03443170628979293,-1.5776468117548592,0,0.11293317949729989
15.300480000000867,2.000779178344746,-0.8874305751175062,1.19898725491897,-0.0005644552543242012,-0.08555335020839949,0.000985787495666682,1.668015501185339,-0.9285027410663533,1.1789692258671316,0.08790155697507454,0.14060884842835145,-0.08546172615296174,1.6278046348286863,-0.829136180306289,1.310501177722664,0.03121101841733518,0.02076322038246657,-0.06665493629712882,0.09000117304571391,0.09000117304571391,0.0,0.0003515413154643579,0.058811484990098944,-0.0009112338902691908,8.742148917290556e-06,0.034326895040857106,-1.577647995902943,0,0.11257667693562233
15.304640000000868,2.000776832976522,-0.8877859618819205,1.1989913458036883,-0.000562888373753886,-0.08529282345943585,0.000981812332402478,2.1605483016686433,-1.046890569967275,1.5138593657444779,-0.3221640043800947,0.04436572679684174,0.13720416734188123,1.893508716956416,-0.9379227035036599,1.4124649497213144,-0.14478676269298882,0.03260337946653663,0.03628367831219041,0.09000117304571391,0.09000117304571391,0.0,0.00035074790043802925,0.058644983234933584,-0.0009075804094406713,8.694922319854797e-06,0.03422238313741509,-1.5776491773298695,0,0.11222126003359145
15.308800000000868,2.0007744941219094,-0.888140266220704,1.1989954201918291,-0.0005613251070145765,-0.08503304130804108,0.0009778531538254948,1.9630746861307717,-1.0410247590840274,1.1253192893883721,-0.03503927059981165,-0.1361077069082447,0.01136160108100586,1.9282193992700634,-0.9897569631408288,1.268913828644699,-0.08996408532627252,-0.052024906411208306,0.023782599638776974,0.09000117304571391,0.09000117304571391,0.0,0.00034995521109490663,0.058478890635835334,-0.0009039414801734758,8.647954510713064e-06,0.03411816982778074,-1.577650356042924,0,0.11186692568811765
15.312960000000869,2.000772161765867,-0.8884934912285438,1.1989994781497288,-0.0005597654502233041,-0.0847740018815629,0.0009739098959469322,1.8050946115088495,-0.6989135168203928,0.7618506708017834,0.09670091372936217,-0.16838000468272565,-0.1327451055220554,1.8668562558838435,-0.8446836894266682,1.0151033100521654,0.0038483792562616905,-0.1100704197293796,-0.05481477184163825,0.09000117304571391,0.09000117304571391,0.0,0.00034916325457662756,0.0583132065361652,-0.0009003170450575955,8.601244045190131e-06,0.034014254361582966,-1.5776515320493683,0,0.111513670803917
15.31712000000087,2.000769835893369,-0.8888456399923381,1.199003519743458,-0.0005582093994692722,-0.08451570331064348,0.0009699824950326026,2.2973278691454793,-0.5234145349217728,1.1310468086435903,0.040855850795367514,-0.21381421549444374,-0.002380179829020499,2.0821787242460807,-0.6844931318667494,1.0730711136577034,0.022989005028427326,-0.16119498497765586,-0.028693970115471777,0.09000117304571391,0.09000117304571391,0.0,0.00034837203822234695,0.05814793027806034,-0.000896707046953848,8.554789486813035e-06,0.03391063598976703,-1.5776527053564406,0,0.11116149229349748
15.32128000000087,2.0007675164894074,-0.8891967155912098,1.1990075450388231,-0.0005566569508130317,-0.08425814372922283,0.0009660708876017679,2.054090960960737,-0.9041976083382613,1.1756991811571562,-0.030388652474389283,-0.20098092241904444,-0.01723164185503399,2.0680712967124104,-0.7947654417726785,1.1243488661031944,-0.0036282086111646137,-0.180845074167295,-0.022406667490970488,0.09000117304571391,0.09000117304571391,0.0,0.00034758156914128403,0.057983061202608155,-0.0008931114289972078,8.508589407408369e-06,0.033807313964595895,-1.5776538759713559,0,0.11081038707714506
15.32544000000087,2.0007652035389896,-0.8895467210965204,1.1990115541013666,-0.0005551081002874396,-0.08400132127454119,0.0009621750104258905,1.7444775698215518,-1.0835547212145191,1.1707633620838216,-0.08660709887210216,-0.28117411624742394,0.07071678377196548,1.9060924762200109,-0.9397471478928484,1.1477038460473377,-0.04532753801421073,-0.23090141869261704,0.023996040221506806,0.09000117304571391,0.09000117304571391,0.0,0.0003467918542122781,0.057818598649699904,-0.0008895301343859658,8.462642387008392e-06,0.033704287539651365,-1.5776550439013057,0,0.11046035208291004
15.329600000000871,2.00076289702714,-0.8898956595718835,1.1990155469963688,-0.0005535628438986176,-0.08374523408714227,0.000958294800528312,1.5163265414237632,-1.264793258949142,1.3058915683439463,0.10891707580851222,-0.1321064373228665,-0.051801452691011725,1.711433937679381,-1.102547216154453,1.226690543285919,0.031490678027965624,-0.18152915471390543,-0.0136452659875798,0.09000117304571391,0.09000117304571391,0.0,0.00034600290051124173,0.0576545419579908,-0.0008859631065985659,8.416947013639534e-06,0.03360155596983534,-1.5776562091534587,0,0.1101113842465934
15.333760000000872,2.0007605969388997,-0.8902435340731789,1.1990195237888488,-0.0005520211776251305,-0.08348988031087656,0.0009544301951830068,1.5561580235146706,-0.9967325849333174,1.3521701773231247,-0.10474718761631807,-0.04436345731385952,-0.1500635673428414,1.6335778499361082,-1.049733568284308,1.2891175898852512,-0.03701718045544434,-0.11192922757493909,-0.08111452113149006,0.09000117304571391,0.09000117304571391,0.0,0.00034521471509765616,0.05749089046518102,-0.0008824102896111048,8.37150188341977e-06,0.03349911851137108,-1.5776573717349602,0,0.10976348051173275
15.337920000000873,2.0007583032593272,-0.890590347648566,1.199023484543565,-0.0005504830974180545,-0.08323525809290348,0.0009505811319124493,1.894727451593503,-0.9390731772861955,1.0131799246212985,-0.03983363363891717,-0.07253227547873876,0.13829300837346917,1.7640721811773534,-0.9945530187840408,1.1514337212214794,-0.03869248601911449,-0.09244709053472336,0.028936117126916173,0.09000117304571391,0.09000117304571391,0.0,0.0003444273043727256,0.057327643507762316,-0.0008788716270446465,8.32630560063033e-06,0.03339697442180424,-1.5776585316529328,0,0.10941663782958878
15.342080000000873,2.000756015973497,-0.8909361033384982,1.199027429325017,-0.0005489485992037185,-0.08298136558369461,0.0009467475484890033,2.708949473260064,-0.7071329488421566,1.924534463615367,-0.0632453475707159,-0.029255595126189707,-0.0012866529483776985,2.236386454716598,-0.8509021773782781,1.5379868793272014,-0.0512386408332512,-0.06068517149007423,0.01380101453247005,0.09000117304571391,0.09000117304571391,0.0,0.0003436406755756849,0.057164800421245554,-0.0008753470634515785,8.281356777234249e-06,0.0332951229600041,-1.5776596889144758,0,0.10907085315913126
15.346240000000874,2.000753735066502,-0.8912808041757359,1.1990313581974459,-0.0005474176788802122,-0.08272820093703595,0.0009429293829309649,1.9371718493368455,-0.9504775782239947,1.1268117389280714,-0.02054372422953135,-0.19067805083927034,0.21812563322639328,2.0867341035532982,-0.9010876527808788,1.3328497395977599,-0.035785258831155714,-0.12544566099654905,0.11613647982060744,0.09000117304571391,0.09000117304571391,0.0,0.0003428548350739879,0.05700236054001431,-0.0008718365432500881,8.236654033370512e-06,0.033193563386164554,-1.577660843526666,0,0.10872612346702527
15.350400000000874,2.0007514605234507,-0.891624453185361,1.1990352712248356,-0.0005458903323210174,-0.08247576231003083,0.0009391265735030726,1.7911727750296271,-1.1061162676451428,0.9857252864768835,0.05189437060076429,-0.10881490273012241,0.012955005771512157,1.9390578902288336,-1.0038294531089464,1.159310936445465,0.008731569291059648,-0.11726291240244212,0.06507820284364453,0.09000117304571391,0.09000117304571391,0.0,0.0003420697896452216,0.056840323197445364,-0.0008683400107261613,8.192195996916073e-06,0.033092294961805276,-1.5776619954965572,0,0.10838244572761747
15.354560000000875,2.00074919232947,-0.8919670533847905,1.1990391684709136,-0.0005443665553732989,-0.0822240478631023,0.0009353390587169804,2.467616719050135,-1.0614383182586853,1.277508494659359,-0.06291918443352854,-0.12093962286243415,-0.06362940212464287,2.203210802162823,-1.0328865409495382,1.2182757826913095,-0.027410908771699976,-0.11876384342338053,0.00189272548624829,0.09000117304571391,0.09000117304571391,0.0,0.00034128554583614883,0.056678687725922605,-0.0008648574108922617,8.147981303634209e-06,0.032991316949772684,-1.5776631448311809,0,0.10803981692292207
15.358720000000876,2.000746930469704,-0.8923086077837905,1.1990430499991525,-0.0005428463438588645,-0.0819730557599955,0.0009315667773281341,1.8371182200374891,-1.0729254870072809,0.8341098793014607,-0.011349759125066826,-0.11124202408504158,-0.1106530569447908,2.0201370733493524,-1.053138556721998,1.025960127359731,-0.018771248954302468,-0.11457912421356664,-0.05444013512004761,0.09000117304571391,0.09000117304571391,0.0,0.00034050211017621333,0.056517453456851025,-0.0008613886886353131,8.10400859709664e-06,0.03289062861424098,-1.5776642915375458,0,0.10769823404260703
15.362880000000876,2.000744674929314,-0.8926491193844895,1.1990469158727706,-0.000541329693574237,-0.08172278416777988,0.0009278096683362592,1.8513307815779738,-0.926023078010356,1.1673232160554923,-0.17644249277053017,-0.14732615274791977,-0.0028271671773751838,1.9353660365002432,-0.9898867108083577,1.0966363399621575,-0.09773406294967557,-0.13078281634256544,-0.028425141947063633,0.09000117304571391,0.09000117304571391,0.0,0.000339719488963591,0.05635661972056352,-0.0008579337895753786,8.060276528658828e-06,0.03279022922071306,-1.5776654356226383,0,0.10735769408398033
15.367040000000877,2.0007424256934794,-0.8929885911813931,1.199050766154733,-0.0005398166002916169,-0.08147323125685198,0.0009240676709822128,1.3368283227685505,-0.8400854404463763,1.1483935295276102,-0.16374554135731995,-0.03523454494837913,-0.05233113707880885,1.635751904113483,-0.9150598152207701,1.1224061609099223,-0.13049453325037327,-0.08229305876393046,-0.04023776148828821,0.09000117304571391,0.09000117304571391,0.0,0.00033893768847869364,0.05619618584654848,-0.0008544926587853016,8.01678375729926e-06,0.032690118036021565,-1.5776665770934224,0,0.10701819405197588
15.371200000000877,2.000740182747397,-0.8933270261613969,1.1990546009077527,-0.0005383070597589551,-0.08122439520093708,0.0009203407247502078,1.7301720984894762,-0.8227440259196896,0.7069905057028331,0.08195662349283221,-0.039118574585521176,-0.03320104346795522,1.6831331968895826,-0.8689829084635041,0.9146272039808435,-0.024315002877609265,-0.06057953451245568,-0.03712122885918203,0.09000117304571391,0.09000117304571391,0.0,0.00033815671519811844,0.05603615116325003,-0.0008510652422905655,7.973528949540967e-06,0.032590294328329675,-1.5776677159568395,0,0.10667973095913987
15.375360000000878,2.0007379460762817,-0.8936644273038015,1.1990584201942918,-0.0005368010676991343,-0.08097627417709187,0.0009166287693637599,2.4274357959582655,-0.34511280079109974,0.9865974762599631,-0.08397579543196891,-0.05097761861706736,-0.035342196943509506,2.0551151522581197,-0.6071516533076494,0.9505392170802688,-0.05419678010974309,-0.05509039539895662,-0.03617609273385617,0.09000117304571391,0.09000117304571391,0.0,0.00033737657536719455,0.05587651499829549,-0.0008476514857895974,7.930510779626703e-06,0.03249075736713214,-1.5776688522198092,0,0.1063423018256166
15.379520000000879,2.000735715665366,-0.8940007975803252,1.1990622240765616,-0.0005352986198109324,-0.08072886636570602,0.0009129317447869963,2.013010376154521,-1.7213160957413467,1.6964505939000987,-0.08625779886030759,-0.025408077954699466,-0.05218855505117719,2.033883310154056,-1.1642958324420032,1.3233902390004104,-0.07034750814174635,-0.03961955383122402,-0.04353922776685702,0.09000117304571391,0.09000117304571391,0.0,0.00033659727499953866,0.055717276678295735,-0.0008442513352976159,7.887727929437726e-06,0.03239150642325601,-1.577669985889229,0,0.1060059036791349
15.38368000000088,2.0007334914999,-0.8943361399551191,1.1990660126165251,-0.0005337997117699863,-0.08048216995050467,0.0009092495912232482,1.7929611097701024,-1.368833522132048,1.4702289905757389,0.23485795942841683,-0.15128443616645346,0.017531265992490906,1.913910169088219,-1.2668808094344828,1.396846333783904,0.08168405123989088,-0.09542865760394276,-0.0126361873719403,0.09000117304571391,0.09000117304571391,0.0,0.00033581882009056023,0.05555843552907261,-0.000840864737578299,7.845179088295741e-06,0.03229254076886154,-1.577671116971974,0,0.10567053355499394
15.38784000000088,2.0007312735651532,-0.8946704573847797,1.1990697858758965,-0.0005323043392288668,-0.08023618311854996,0.0009055822491118928,2.399886006275826,-0.9661446255494803,1.1074248410758627,0.002732271834536748,0.0741289246418757,0.0035357251760346656,2.156907626184355,-1.116355926446348,1.2521408275004184,0.0419945061230061,-0.010901444441178989,-0.004508513735109469,0.09000117304571391,0.09000117304571391,0.0,0.00033504121704535793,0.05539999087545916,-0.0008374916386492555,7.802862952875957e-06,0.03219385967744298,-1.5776722454748975,0,0.10533618849604957
15.39200000000088,2.000729061846412,-0.8950037528183641,1.1990735439161428,-0.0005308124978153704,-0.07999090406024345,0.0009019296591313501,1.5288550504429812,-1.3305048257370957,0.950344248696056,-0.014071654099600886,-0.2972597642253717,0.1493262525625315,1.8428462188856647,-1.2240522201362667,1.1015517864036084,0.014665116850872175,-0.15307469565570694,0.07203076918490184,0.09000117304571391,0.09000117304571391,0.0,0.0003342644713959168,0.05524194204163421,-0.0008341319852812187,7.760778227544043e-06,0.03209546242382938,-1.577673371404831,0,0.10500286555270003
15.396160000000881,2.0007268563289826,-0.895336029197403,1.1990772867984854,-0.0005293241831361563,-0.07974633096932703,0.0008982917621959263,2.323564424883716,-0.8588352820375555,0.5804348338127381,0.1106347800616486,-0.10475968520007617,0.05978140629782494,2.083439851825903,-1.0416598378983326,0.8411126197990146,0.06213940870721346,-0.12856190614489915,0.06657397845505761,0.09000117304571391,0.09000117304571391,0.0,0.0003334885890830233,0.05508428835070878,-0.0008307857247885379,7.718923623830151e-06,0.03199734828418526,-1.5776744947685843,0,0.10467056178287244
15.400320000000882,2.000724656998188,-0.895667289455915,1.1990810145838997,-0.0005278393907750414,-0.07950246204288564,0.0008946684994534349,1.8530666405186984,-1.0971893333740395,0.7598648199916551,-0.019967982413522156,-0.14127295272325768,-0.024143517875016795,1.9682113819060303,-1.0697194843738886,0.8004383529215557,0.020475211907499832,-0.1345961178840301,0.021019386071137104,0.09000117304571391,0.09000117304571391,0.0,0.0003327135762432043,0.05492702912516742,-0.0008274528039623223,7.677297860535073e-06,0.03189951653601142,-1.5776756155729457,0,0.10433927425200853
15.404480000000882,2.00072246383937,-0.8959975365204206,1.1990847273331176,-0.0005263581162921843,-0.07925929548134819,0.0008910598122873497,2.393666679241904,-0.9418138103592558,1.053964144429989,0.30785877546031326,-0.1762406390840695,-0.012069396975351724,2.1815818517092667,-1.0061320047472861,0.9271789079040188,0.1643857883174296,-0.15557102418373162,0.00400147739282494,0.09000117304571391,0.09000117304571391,0.0,0.0003319394383533784,0.054770163686561596,-0.0008241331703561314,7.635899663975683e-06,0.03180196645814556,-1.5776767338246813,0,0.10400900003305094
15.408640000000883,2.00072027683789,-0.8963267733099559,1.1990884251066272,-0.0005248803552268316,-0.07901682948848969,0.0008874656423135408,2.2816397105380553,-1.1030228930567076,0.889551523243856,0.021461716009621785,-0.10315345989010916,0.02498070991494529,2.231655600862088,-1.0547925573595704,0.9084175936631571,0.09318301020065722,-0.12942605143871463,0.014161706111878882,0.09000117304571391,0.09000117304571391,0.0,0.00033116618129926437,0.054613691355790805,-0.0008208267714339564,7.594727767592661e-06,0.03170469733076301,-1.5776778495305361,0,0.10367973620642897
15.412800000000884,2.0007180959791273,-0.8966550027360869,1.1990921079646746,-0.0005234061030956137,-0.07877506227143224,0.0008838859313805696,2.0981691874110204,-1.2058410412150506,1.012574916352598,0.06626478577242302,-0.2220601233856901,0.19896711212402662,2.1650518499453812,-1.1307809824434636,0.9609102774591428,0.07849417034407005,-0.17513726498968404,0.10681809675855924,0.09000117304571391,0.09000117304571391,0.0,0.00033039381073442556,0.05445761145290279,-0.0008175335550005573,7.553780912127433e-06,0.031607708435377316,-1.5776789626972336,0,0.10335147986004484
15.416960000000884,2.0007159212484797,-0.8969822277029229,1.1990957759672645,-0.0005219353553935107,-0.0785339920406469,0.0008803206215682316,2.0354296410747987,-0.8799594529515433,1.1746025129927335,0.009960827534974938,-0.07026311097057451,0.15702326154394539,2.100260571029078,-1.0055148898217754,1.0680844244803205,0.044225000129240834,-0.12257129362669907,0.13195106128639805,0.09000117304571391,0.09000117304571391,0.0,0.0003296223320798247,0.05430192329716088,-0.0008142534689906241,7.5130578455478e-06,0.031510999054840866,-1.577680073331476,0,0.10302422808925979
15.421120000000885,2.000713752631365,-0.8973084511071311,1.199099429174161,-0.0005204681075948205,-0.07829361700995514,0.0008767696551869366,1.5744887394302463,-0.9446625830798521,0.8170594686021203,0.05686769625721325,-0.16201126588293507,-0.05047310283267894,1.837488751035184,-0.9754252832795576,0.9424650086844187,0.05078993258155399,-0.14229167707504226,0.040846208744098264,0.09000117304571391,0.09000117304571391,0.0,0.00032885175073732887,0.054146626207218274,-0.0008109864614714432,7.472557322842748e-06,0.03141456847334552,-1.5776811814399438,0,0.10269797799687985
15.425280000000885,2.0007115901132186,-0.89763367583795,1.1991030676448893,-0.0005190043551532363,-0.07805393539652983,0.0008732329747770665,1.8572755189585513,-1.09569867851497,1.6259503785395402,-0.09559495336759932,-0.13183615901334078,0.17474346069956942,1.8471820463504887,-1.0358375321745548,1.284574090863778,-0.021723632845958244,-0.1368269125901237,0.10867424803788545,0.09000117304571391,0.09000117304571391,0.0,0.0003280820725176062,0.05399171950086473,-0.0008077324810739001,7.432278105943439e-06,0.03131841597642311,-1.577682287029297,0,0.1023727266931422
15.429440000000886,2.000709433679496,-0.8979579047772037,1.1991066914387356,-0.0005175440935001426,-0.077814945420897,0.0008697105231066112,2.1731349835698026,-0.8359646343342566,1.9146687658646426,-0.0005284536369216794,0.043604049315719845,-0.09983295878243312,2.0101591769469467,-0.9358091814837984,1.5994161735919257,-0.010877510101940924,-0.0465306612611378,0.00540249141134762,0.09000117304571391,0.09000117304571391,0.0,0.0003273133025712715,0.053837202495361336,-0.0008044914761397956,7.392218964046921e-06,0.031222540850946078,-1.577683390106174,0,0.10204847129570072
15.433600000000887,2.0007072833156707,-0.898281140799316,1.1991103006147488,-0.0005160873180473634,-0.07757664530693639,0.0008662022431722596,1.6816837401218474,-1.1762148116358353,0.6582079745385191,-0.0007397293529276269,-0.021396558803000676,-0.10843574832577683,1.8459173035990062,-1.056057319231516,1.1285811317982943,-0.0056564498801010355,-0.034380557563525364,-0.05208010979346806,0.09000117304571391,0.09000117304571391,0.0,0.00032654544645729726,0.05368307450713378,-0.0008012633953656898,7.352378673263088e-06,0.03112694238512784,-1.5776844906771923,0,0.10172520892961254
15.437760000000887,2.000705139007237,-0.8986033867713238,1.1991138952317413,-0.0005146340241854595,-0.0773390332818833,0.0008627080781978912,2.6891134858710206,-0.6167640283403386,0.7944720077057646,-0.055198106206946526,0.0993428700920358,-0.02181243508172765,2.2674065171527196,-0.8362009309735564,0.9614774660977411,-0.03043979184804651,0.03245404581825147,-0.0362767196079708,0.09000117304571391,0.09000117304571391,0.0,0.0003257785090741577,0.05352933485199993,-0.000798048188020403,7.312756016800982e-06,0.031031619868523395,-1.5776855887489483,0,0.1014029367273237
15.441920000000888,2.0007030007397066,-0.8989246455528919,1.1991174753482898,-0.0005131842072864794,-0.0771021075763293,0.0008592279716321085,1.5682702371558068,-0.6735399015978631,1.041159540319533,0.14814252507737763,-0.17142672448886453,0.09466560738072424,1.9181425351364172,-0.7552256873295577,1.0015159147579034,0.05839851151956585,-0.06954702192573803,0.02920901645815559,0.09000117304571391,0.09000117304571391,0.0,0.0003250124959421896,0.053375982845237535,-0.0007948458030923294,7.273349784553238e-06,0.030936572592029758,-1.5776866843280177,0,0.10108165182865507
15.446080000000888,2.000700868498612,-0.8992449199963262,1.1991210410227362,-0.0005117378627013658,-0.07686586642422297,0.0008557618671493428,2.112369895622079,-0.28821549707743455,0.9211242188293496,0.06619088672787854,-0.26195660021737566,-0.006130693915331629,2.015394845988756,-0.5222625743769878,0.961306595070971,0.062488271974597845,-0.16555294917684904,0.01161716322948989,0.09000117304571391,0.09000117304571391,0.0,0.00032424741234912896,0.05322301780127742,-0.0007916561897191119,7.234158773424201e-06,0.0308417998478863,-1.5776877774209555,0,0.10076135138078872
15.450240000000889,2.0006987422695044,-0.8995642129465882,1.1991245923131888,-0.0005102949857609242,-0.07663030806287159,0.0008523097086491785,1.8859059574932495,-1.3507804040668743,0.8125689796379425,-0.21605415679491757,-0.13282968581093435,-0.0011193821462043058,1.9501999709846536,-0.9368035703015597,0.8869339363090393,-0.07669861719471806,-0.14919261444090842,0.005481456589543927,0.09000117304571391,0.09000117304571391,0.0,0.00032348326292177035,0.05307043903409145,-0.0007884792978328187,7.195181787339338e-06,0.030747300929675286,-1.5776888680342958,0,0.10044203253825366
15.45440000000089,2.0006966220379554,-0.8998825272413088,1.199128129277523,-0.0005088555717785746,-0.0763954307329415,0.0008488714402529782,2.119995243770955,-1.340097151045148,1.0102946076130563,0.0635105068038438,-0.10924385249786411,0.15949912327685076,2.035228215227292,-1.1386808732454463,0.9489465228069652,-0.005314240453416913,-0.12899648026293714,0.08265637373644608,0.09000117304571391,0.09000117304571391,0.0,0.000322720052908326,0.05291824585699295,-0.0007853150770937506,7.1564176367192655e-06,0.030653075132322214,-1.577689956174552,0,0.10012369246291186
15.45856000000089,2.000694507789555,-0.9001998657108023,1.1991316519733828,-0.0005074196160477609,-0.0761612326784591,0.0008454470063049408,2.1215113077519714,-0.8780542517425368,1.2307167777447985,0.03377822662374553,-0.18779005903212187,0.08121678219400043,2.078440797371715,-1.0087577178981737,1.0900007651030812,0.014145638664190833,-0.157725336644653,0.08279515689639913,0.09000117304571391,0.09000117304571391,0.0,0.00032195778753791194,0.05276643758270405,-0.0007821634775342884,7.117865138766114e-06,0.030559121752096158,-1.5776910418482173,0,0.0998063283239443
15.46272000000089,2.000692399509914,-0.9005162311780808,1.1991351604581801,-0.0005059871138420286,-0.0759277121468117,0.0008420363513705014,2.1994323050299647,-1.026645366335618,1.68280111508523,0.18785753246143502,-0.2440659635278491,-0.127138464447395,2.1393275909541716,-1.018211148486273,1.3861408582505217,0.10125256558280518,-0.20000966294529846,-0.022261287117145603,0.09000117304571391,0.09000117304571391,0.0,0.00032119647137870337,0.05261501352347661,-0.0007790244489197093,7.0795231176248524e-06,0.03046544008661014,-1.577692125061764,0,0.09948993729783677
15.466880000000891,2.0006902971846623,-0.9008316264588673,1.1991386547890979,-0.0005045580604177773,-0.07569486738874778,0.0008386394202373793,2.443504727335173,-1.093370568337018,0.7884544527392323,-0.04002952283445863,-0.138078272741202,0.061380697257782856,2.291334459021685,-1.0560780892513086,1.0874226033822503,0.03089384899908673,-0.1692854046030438,0.018852269322938344,0.09000117304571391,0.09000117304571391,0.0,0.0003204361094063439,0.05246397299083905,-0.0007758979420345443,7.041390403936493e-06,0.030372029434821354,-1.5776932058216442,0,0.09917451656836614
15.471040000000892,2.0006882007994498,-0.9011460543616105,1.199142135023089,-0.0005031324510125612,-0.07546269665837842,0.0008352561579112555,2.100776277606622,-1.418491798314425,1.3749584622132223,-0.0814665875857627,0.040274984829551636,0.08034656655511233,2.1958841101608373,-1.2372049308069142,1.231360183808745,-0.025050014868800714,-0.06393111562503516,0.04934522467126098,0.09000117304571391,0.09000117304571391,0.0,0.00031967670657693766,0.052313315295877405,-0.0007727839069745419,7.003465834985377e-06,0.030278889097031567,-1.57769428413429,0,0.09886006332658619
15.475200000000893,2.000686110339946,-0.9014595176874988,1.199145601216879,-0.0005017102808451683,-0.07523119821317742,0.0008318865096185945,1.9888962683547327,-0.913972191903874,1.423282094725822,-0.04118476523067487,-0.11077898321344734,-0.08338043812993168,2.0923016932588308,-1.0758174421947013,1.327149274087172,-0.032450642134140444,-0.08700315802739175,-0.01711525028850117,0.09000117304571391,0.09000117304571391,0.0,0.0003189182676130997,0.0521630397491426,-0.0007696822948600321,6.965748254776199e-06,0.03018601837488734,-1.5776953600061128,0,0.09854657477081356
15.479360000000893,2.0006840257918412,-0.9017720192304737,1.1991490534269658,-0.0005002915451165925,-0.07500037031398195,0.0008285304208023182,1.7689736661267728,-0.38480850828658475,1.500551378161321,0.24565554227990732,0.10703314328711323,0.003072623855364498,1.9311462117722025,-0.7300870127268915,1.4138565583128804,0.10666246023470446,0.010723175625034907,-0.006362819853930048,0.09000117304571391,0.09000117304571391,0.0,0.0003181607970035136,0.05201314566071785,-0.0007665930565562335,6.92823651391467e-06,0.030093416571380267,-1.5776964334435037,0,0.09823404810661371
15.483520000000894,2.0006819471408455,-0.9020835617772445,1.1991524917096203,-0.0004988762390110056,-0.07477021122499283,0.0008251878371227998,1.982133093172159,-0.55846154193514,1.1728802518349952,-0.10913396204303877,-0.10257853348430798,-0.005665934018730819,1.956413702634315,-0.6444858346446395,1.293353728021605,-0.0015531651211384413,-0.04620994244987916,-0.005434605517358739,0.09000117304571391,0.09000117304571391,0.0,0.00031740429943038205,0.051863632340125865,-0.0007635161428887548,6.890929469378849e-06,0.030001082990847174,-1.5776975044528343,0,0.09792248054678696
15.487680000000895,2.0006798743726883,-0.9023941481073019,1.199155916120889,-0.0004974643576949497,-0.07454071921377525,0.0008218587044579614,1.9701876956757591,-0.8509404693380064,1.0367011905095858,0.09365108898244671,-0.004657585800435918,0.12101697534165103,1.9634955084560641,-0.7477250335654673,1.1652775876418777,0.0460806738011588,-0.025076147043360607,0.05768090902195761,0.09000117304571391,0.09000117304571391,0.0,0.00031664877976987334,0.051714499096449706,-0.0007604515055022769,6.853825984592823e-06,0.029909016938970318,-1.5776985730404558,0,0.0976118693113544
15.491840000000895,2.0006778074731204,-0.9027037809929321,1.1991593267165928,-0.0004960558963165268,-0.07431189255125897,0.0008185429688998165,2.3039260193999787,-0.7052848974976896,1.144714595784391,-0.13405945172809777,-0.24869903016583525,0.055720337617529425,2.1334354745478166,-0.7270232434208077,1.1551128000686426,-0.044539585261537624,-0.13625390234062665,0.05624127753718124,0.09000117304571391,0.09000117304571391,0.0,0.00031589424223676943,0.05156574523823981,-0.0007573990957943605,6.816924929647466e-06,0.029817217722777584,-1.5776996392126994,0,0.09730221162754404
15.496000000000896,2.000675746427912,-0.903012463199231,1.1991627235523292,-0.0004946508500081531,-0.0740837295117389,0.0008152405767554236,2.034546518636648,-0.8034832461573735,1.509164471312586,0.07326123931237949,-0.0816486274368542,0.10666964462086496,2.0841424309024386,-0.7654237949798948,1.3323639271523324,0.014475883622073957,-0.10886417188997122,0.08099821089438125,0.09000117304571391,0.09000117304571391,0.0,0.000315140691452878,0.051417370073688434,-0.0007543588651309522,6.780225180895777e-06,0.02972568465064264,-1.5777007029758767,0,0.09699350472977651
15.500160000000896,2.0006736912228544,-0.903320197484118,1.1991661066834731,-0.0004932492138848611,-0.07385622837287503,0.0008119514745469791,2.1206830748637744,-0.8035989168195057,1.603326887812505,0.15229938336817703,0.02566577781720987,-0.06912208343414859,2.1027299898200678,-0.7844584504808542,1.4677031925070718,0.08328122319169184,-0.04150609797064337,0.006110728501591654,0.09000117304571391,0.09000117304571391,0.0,0.0003143881318060735,0.051269372910536876,-0.0007513307657050624,6.743725621108231e-06,0.029634417032285042,-1.5777017643362794,0,0.09668574585965116
15.504320000000897,2.0006716418437582,-0.9036269865983501,1.1991694761651772,-0.0004918509830452721,-0.07362938741569264,0.0008086756090082762,1.8431874050265953,-1.23427337777778,1.552230690248346,-0.023135283906607323,-0.18113285834022927,0.09493331036369995,1.9729082392220783,-1.0097443333220621,1.5101649278442302,0.030330458388731822,-0.1120219201671718,0.05054688591587407,0.09000117304571391,0.09000117304571391,0.0,0.00031363656787775085,0.051121753056089375,-0.0007483147494705775,6.707425139387562e-06,0.029543414178770322,-1.5777028233001795,0,0.09637893226593193
15.508480000000898,2.0006695982764557,-0.9039328332855359,1.1991728320523733,-0.0004904561525707884,-0.07340320492458255,0.0008054129270856818,1.9098033313796383,-0.7147454028179487,1.3103525425197957,-0.1915498288413421,-0.11564913719560245,0.10791757409947017,1.9409562729232928,-0.8624826264616815,1.4104808252423569,-0.08028162811905426,-0.11418351726735715,0.07969841779763943,0.09000117304571391,0.09000117304571391,0.0,0.00031288600358747587,0.050974509817173747,-0.0007453107687861024,6.671322631309297e-06,0.02945267540251007,-1.5777038798738294,0,0.0960730612045336
15.512640000000898,2.000667560506799,-0.9042377402821496,1.199176174399773,-0.0004890647175283488,-0.0731776791873015,0.0008021633759363634,1.9920585954202739,-0.8622825889930749,1.1888558888256022,-0.05309666434960974,-0.05798743405158186,0.11076935367346602,1.9663970834123066,-0.8625035147069143,1.2998972332904397,-0.06656162176706805,-0.08594664546971413,0.09521745182332916,0.09000117304571391,0.09000117304571391,0.0,0.0003121364434753432,0.0508276425003156,-0.0007423187759899503,6.63541699846606e-06,0.029362200017262058,-1.5777049340634617,0,0.09576812993850747
15.516800000000899,2.0006655285206616,-0.9045417103175454,1.1991795032618686,-0.000487676672967841,-0.07295280849497182,0.0007989269029283385,2.038798664491,-0.5105908776697324,1.313355851683358,-0.1511577393939818,-0.13781150394109226,-0.040260668952337035,2.0022849049361877,-0.686831479060847,1.3065425286212802,-0.10930051003411134,-0.11182697016402414,0.02766353900933691,0.09000117304571391,0.09000117304571391,0.0,0.0003113878916335669,0.0506811504116457,-0.0007393387236163122,6.599707148790759e-06,0.029271987338130235,-1.5777059858752898,0,0.0954641357380274
15.5209600000009,2.000663502303937,-0.9048447461139707,1.1991828186929339,-0.00048629201392396586,-0.07272859114208147,0.0007957034556395794,1.9852235305513874,-0.964557319016363,0.76899080228241,0.040632732601429064,-0.00540734790161794,-0.05927344262564308,1.9938378939579853,-0.8257071122740962,1.0376380424045826,-0.03399761657998349,-0.05885345987188946,-0.015042309468288665,0.09000117304571391,0.09000117304571391,0.0,0.0003106403521334879,0.0505350328569138,-0.0007363705646120915,6.564191996363239e-06,0.029182036681564733,-1.5777070353155076,0,0.09516107588037581
15.5251200000009,2.0006614818425392,-0.905146850386581,1.199186120747025,-0.00048491073541632215,-0.07250502542648402,0.000792492981856228,2.2403141744833786,-0.7883346996373143,0.698846932966522,0.01851457584293218,-0.11533377753431737,0.11945551667366096,2.1171166497048746,-0.8072614051015832,0.8684887820936374,-0.00792807540482095,-0.0866717918281719,0.05210130211267757,0.09000117304571391,0.09000117304571391,0.0,0.000309893829453473,0.05038928914155627,-0.0007334142516977234,6.528870461320649e-06,0.029092347365361884,-1.5777080823902896,0,0.09485894764992954
15.5292800000009,2.000659467122404,-0.9054480258434535,1.1991894094779814,-0.0004835328324477088,-0.07228210964939845,0.0007892954295735126,2.1402931947761363,-1.1396651527185373,1.7245812555847944,-0.013206635070510798,-0.22110722132681482,-0.08714995802184916,2.1286772625460246,-0.9739258444111449,1.2963590409743813,-0.010397543627626465,-0.15371601212073135,-0.017179319288899184,0.09000117304571391,0.09000117304571391,0.0,0.00030914832719611057,0.05024391857060312,-0.0007304697382251894,6.493741470185592e-06,0.029002918708664137,-1.5777091271057913,0,0.094557748338146
15.533440000000901,2.000657458129487,-0.9057482751856011,1.1991926849394272,-0.00048215830000777204,-0.0720598421154092,0.0007861107469930438,2.1880389531321147,-0.5451002302366132,1.160704555875924,-0.013476205359795537,-0.13555158453882846,-0.19991237846765322,2.158332010260639,-0.7597942519652265,1.228114045573364,-0.012666181920055348,-0.14354250140969677,-0.108057317072503,0.09000117304571391,0.09000117304571391,0.0,0.0003084038497980225,0.05009892044885239,-0.0007275369777536718,6.4588039553150115e-06,0.028913750031960096,-1.5777101694681486,0,0.09425747524354892
15.537600000000902,2.000655454849766,-0.9060476011069863,1.199195947184771,-0.00048078713306952777,-0.07183822113246559,0.000782938882521891,1.858927259136667,-0.8664727505035962,1.0528622373330574,-0.1527540970711514,-0.014885074168676835,0.12870331378597252,2.008311228789,-0.8131670841529768,1.1407560986259608,-0.08338071699714235,-0.0783200097812819,0.009594117417033145,0.09000117304571391,0.09000117304571391,0.0,0.0003076604008200527,0.0499542940806704,-0.000724615923409709,6.424056855349647e-06,0.028824840657084367,-1.5777112094834784,0,0.09395812567171459
15.541760000000902,2.0006534572692383,-0.9063460062945359,1.1991991962672077,-0.00047941932659300896,-0.07161724501188206,0.000779779784774317,2.2753420366019226,-1.642441501557086,1.6195365367496988,-0.16195459139195348,-0.07103128509281706,0.041890442322991536,2.141492330539526,-1.227956821097464,1.380235905202686,-0.12299446914362616,-0.07516541371323038,0.02616991138323177,0.09000117304571391,0.09000117304571391,0.0,0.0003069179844431302,0.04981003877027293,-0.0007217065291728825,6.389499114736284e-06,0.028736189907217564,-1.5777122471578788,0,0.09365969693525752
15.545920000000903,2.000651465373924,-0.906643493428154,1.1992024322397183,-0.00047805487552267937,-0.07139691206833723,0.0007766334025681968,1.8724831645077715,-1.2705370413849866,1.3457316421036314,0.12895585227182343,-0.07331973540819604,-0.11406810540549779,2.007254221544128,-1.2493999020503523,1.3627451041925,0.002901103603369164,-0.07416097949285964,-0.04337769769916522,0.09000117304571391,0.09000117304571391,0.0,0.00030617660418591063,0.04966615382147213,-0.0007188087485954574,6.3551296840252365e-06,0.028647797106886107,-1.5777132824974287,0,0.09336218635381667
15.550080000000904,2.000649479149862,-0.9069400651807368,1.1992056551550723,-0.00047669377479019135,-0.07117722061987403,0.0007734996849267161,1.7650181053143539,-0.9148673006394578,0.9545558282783126,-0.001551485069998804,-0.20073135845238474,0.0020652992548675984,1.8861307693129463,-1.0825484347302534,1.15865167965773,0.0009020632407926889,-0.13760208801745943,-0.020550418088989372,0.09000117304571391,0.09000117304571391,0.0,0.00030543626440108313,0.04952263853785077,-0.0007159225363022434,6.3209475194943284e-06,0.028559661581962145,-1.577714315508188,0,0.09306559125404129
15.554240000000904,2.000647498583115,-0.9072357242181863,1.1992088650658268,-0.00047533601931090805,-0.07095816898789908,0.0007703785810738584,1.5067480096158636,-1.0216233250144333,1.0823088716758795,-0.10856867694527342,-0.278477416889908,0.23086625483605297,1.6962107374612727,-1.0526649122995722,1.120959898824462,-0.05374090992440989,-0.20791830398422206,0.1051599693147388,0.09000117304571391,0.09000117304571391,0.0,0.0003046969683516101,0.049379492222776294,-0.0007130478460683873,6.286951583678744e-06,0.02847178265966342,-1.5777153461961981,0,0.09276990896957692
15.558400000000905,2.0006455236597653,-0.9075304731994246,1.1992120620243287,-0.0004739816039884423,-0.0707397554971821,0.0007672700404378815,2.6548856732375583,-0.8003287080743616,1.5347075766309646,0.055276137150638095,0.10494955077909483,0.0732080445027333,2.175669144461065,-0.9262769438620254,1.3279903092681342,0.0011173993965492661,-0.05141236259013081,0.08851011653623705,0.09000117304571391,0.09000117304571391,0.0,0.00030395871992009533,0.04923671417936146,-0.0007101846325320723,6.2531408447505295e-06,0.02838415966855303,-1.5777163745674812,0,0.09247513684105126
15.562560000000905,2.0006435543659165,-0.9078243147764073,1.1992152460827148,-0.0004726305237120723,-0.07052197847585537,0.0007641740126476775,1.9393289615349212,-1.013819550147609,1.6022148466370085,-0.06821124242278966,0.0957653047608111,0.06852172416473284,2.0573568718109465,-0.969852281247858,1.465248147889648,-0.03419161516425624,0.023422380865154534,0.07797488060166449,0.09000117304571391,0.09000117304571391,0.0,0.00030322152296827015,0.04909430371042478,-0.0007073328501283277,6.21951427675394e-06,0.028296791938539272,-1.577717400628041,0,0.09218127221606034
15.566720000000906,2.000641590687694,-0.9081172515941383,1.1992184172929128,-0.0004712827733568261,-0.07030483625541345,0.0007610904475335449,2.048721978392524,-1.1755812624386448,1.2889281819497207,-0.00978623677053236,-0.1863139309212711,-0.025721690351355492,2.0530187227540586,-1.0731050817162744,1.377034003258753,-0.021852565448489188,-0.08174839178632462,0.025857949915267027,0.09000117304571391,0.09000117304571391,0.0,0.0003024853806951484,0.048952260118611535,-0.000704492453732873,6.1860708597254365e-06,0.02820967880087545,-1.577718424383863,0,0.0918883124491545
15.570880000000907,2.0006396326112452,-0.9084092862906828,1.1992215757066425,-0.00046993834778624125,-0.07008832717071237,0.0007580192951253123,1.8919799658990417,-0.4865480102531532,1.272625386327841,0.1041652160138309,-0.22933718864629962,0.025787649529283502,1.9727148495834663,-0.7802984644885388,1.324882696848828,0.04116196217495146,-0.15601021535064552,0.025777079920473133,0.09000117304571391,0.09000117304571391,0.0,0.00030175029691938463,0.04881058270635419,-0.0007016633984512784,6.1528095792204495e-06,0.028122819588159622,-1.5777194458409132,0,0.0915962549018242
15.575040000000907,2.0006376801227375,-0.9087004214971828,1.199224721375416,-0.00046859724184978,-0.06987244955996898,0.0007549605056513384,2.640204705192928,-0.18564920683945352,1.341889806565829,-0.0008808181710413007,0.008019055338594663,0.057927391305830994,2.3064634199941985,-0.48295321487057297,1.3335081415614494,0.019756702160272126,-0.0739004563886095,0.04123299480499887,0.09000117304571391,0.09000117304571391,0.0,0.0003010162752248132,0.04866927077599345,-0.0006988456391932877,6.119729426627842e-06,0.028036213634334395,-1.5777204650051402,0,0.09130509694248595
15.579200000000908,2.000635733208361,-0.9089906598378693,1.199227854350539,-0.00046725945038380613,-0.06965720176475984,0.0007519140295392436,2.01259132526209,-1.2018251267675906,1.5291980556922153,-0.15015380714278656,0.051347140360679874,-0.030482273753404076,2.15921457528286,-0.8422876154122146,1.4312904802824487,-0.06594479145026402,-0.011181362798581477,0.005661451025073227,0.09000117304571391,0.09000117304571391,0.0,0.00030028331874605476,0.0485283236294716,-0.0006960391315308321,6.086829399140536e-06,0.027949860274686544,-1.5777214818824734,0,0.09101483594646868
15.583360000000908,2.0006337918543267,-0.9092800039300777,1.1992309746831116,-0.00046592496821345385,-0.06944258213002133,0.0007488798174131134,2.2351109116426797,-1.137729780630524,1.4776766567989807,0.05330667331591305,0.06860265609749538,0.1192797292733363,2.1972757922483104,-0.9898692323686471,1.4547318623409284,-0.007115923801618651,0.029262602261327833,0.06252542036081445,0.09000117304571391,0.09000117304571391,0.0,0.00029955143145131966,0.04838774056872036,-0.0006932438306311768,6.054108499398905e-06,0.027863758845846857,-1.5777224964788241,0,0.09072546929599949
15.587520000000909,2.000631856046868,-0.9095684563842612,1.1992340824240286,-0.0004645937901491524,-0.0692285890040482,0.0007458578200951371,1.7300153312889681,-1.0647089158099112,0.9893307192070685,0.10425891903722719,-0.07936363471682999,0.21533339718389308,1.9638604807908293,-1.0274540515001394,1.2224764805971524,0.047923340165712515,-0.02534184250607536,0.13865071570372509,0.09000117304571391,0.09000117304571391,0.0,0.00029882061600469906,0.0482475208955683,-0.0006904596923284364,6.0215657360279185e-06,0.027777908685789797,-1.5777235088000854,0,0.09043699438018943
15.59168000000091,2.000629925772239,-0.9098560198040049,1.1992371776239812,-0.00046326591099205765,-0.06901522073849248,0.0007428479886027544,2.263069578295764,-0.6759134654597061,0.7351668378532257,-0.06771576588433637,0.003490427095964449,-0.04985914478108624,2.113326430460764,-0.8516724905485482,0.9787139929757088,-0.009962875378351388,-0.01167191037682025,0.04467266338257036,0.09000117304571391,0.09000117304571391,0.0,0.00029809087633088274,0.04810766391154092,-0.0006876866724850631,5.9892001228370214e-06,0.027692309133833075,-1.5777245188521318,0,0.0901494085950199
15.59584000000091,2.000628001016716,-0.9101426967860398,1.1992402603334569,-0.00046194132552879684,-0.06880247568836326,0.0007398502741485026,1.9444163852124963,-1.077812470447991,1.3531082972103485,0.07925432928593241,-0.09335406299046732,-0.25393413895416783,2.0290354909691537,-0.964937483987358,1.1653858623581126,0.034438844919322004,-0.052869664948013484,-0.10474292879530134,0.09000117304571391,0.09000117304571391,0.0,0.000297362215478338,0.04796816891819533,-0.0006849247269938427,5.957010679502214e-06,0.02760695953063742,-1.5777255266408203,0,0.08986270934332831
15.600000000000911,2.000626081766597,-0.9104284899202565,1.1992433306027408,-0.00046062002853511765,-0.06859035221202504,0.0007368646281398393,1.7456834575913875,-0.62248510562596,1.303717334648035,-0.10054030734910627,-0.22439845003640052,-0.035448570390437036,1.8871484903656492,-0.7941759458342094,1.234478953885364,-0.033099674094568154,-0.13847638283520472,-0.07015759780516927,0.09000117304571391,0.09000117304571391,0.0,0.0002966346366872764,0.0478290352167601,-0.0006821738119940661,5.924996431190835e-06,0.02752185921820613,-1.5777265321719895,0,0.08957689403479452
15.604160000000912,2.000624168008202,-0.9107134017897198,1.1992463884819164,-0.0004593020147750864,-0.06837884867119766,0.0007338910021780384,2.023152802688951,-0.962258424112476,1.1648529295438659,-0.02173572718252928,-0.1986967937585336,-0.06950031215725,1.9551045383244092,-0.8786317864999411,1.1995212787433536,-0.026528776828550343,-0.16851454012104813,-0.07001309147048733,0.09000117304571391,0.09000117304571391,0.0,0.0002959081431761491,0.047690262108630144,-0.0006794338838741905,5.893156408556099e-06,0.027437007539884817,-1.57772753545146,0,0.08929196008592633
15.608320000000912,2.000622259727873,-0.9109974349706821,1.1992494340208666,-0.00045798727900117674,-0.06816796343095402,0.0007309293480571244,2.1243667400763537,-1.1175823842541082,1.0364840816537781,0.10251625773701815,0.03974970012463211,-0.11298463083773788,2.039950064464215,-0.9980260046330152,1.1177669124004843,0.037980663838551025,-0.06443160701856758,-0.09167776971019102,0.09000117304571391,0.09000117304571391,0.0,0.0002951827381416468,0.04755184889484654,-0.0006767048992745079,5.861489647738478e-06,0.02735240384036084,-1.577728536485034,0,0.08900790492004589
15.612480000000913,2.000620356911973,-0.9112805920325976,1.199252467269274,-0.00045667581595435766,-0.06795769485972018,0.0007279796177627573,1.935057636995684,-1.2381845175378015,1.4411764143433967,0.1920243225230772,-0.41228271555127544,0.010459462076473237,1.9879020705679677,-1.1189636393008728,1.2794946712274096,0.11520957999097992,-0.2387380061702486,-0.04012976741224643,0.09000117304571391,0.09000117304571391,0.0,0.0002944584245447516,0.04741379487659117,-0.0006739868148756354,5.829995190376486e-06,0.02726804746566305,-1.5777295352784966,0,0.08872472596727546
15.616640000000913,2.000618459546888,-0.9115628755381362,1.1992554882766218,-0.00045536762036507304,-0.06774804132927323,0.0007250417634720287,2.013925377538231,-1.1998039637979914,0.9824413955332543,-0.04061639741399792,0.050595540632065936,0.02394684984675033,2.000830498051865,-1.159279948017895,1.1310162320022752,0.03679070803810434,-0.09369640254693085,-0.008320830275279365,0.09000117304571391,0.09000117304571391,0.0,0.00029373520553818916,0.047276099354773365,-0.0006712795874005166,5.798672083428924e-06,0.027183937763161206,-1.5777305318376147,0,0.08844242066452374
15.620800000000914,2.0006165676190255,-0.9118442880431976,1.199258497092195,-0.00045406268695244055,-0.06753900121474095,0.0007221157375532095,2.4082033116209685,-0.7660229557256216,1.5360590470664115,0.02447419077756357,-0.07931939312188663,0.10764996326277912,2.2045693026738435,-0.9628118062651201,1.3337635902682514,0.03128638442153072,-0.0874107847934989,0.05003813107691271,0.09000117304571391,0.09000117304571391,0.0,0.0002930130840389768,0.04713876163041783,-0.0006685831738305874,5.767519379270081e-06,0.02710007408156564,-1.5777315261681375,0,0.08816098645547148
15.624960000000915,2.0006146811148153,-0.9121248320969251,1.1992614937650805,-0.0004527610104252309,-0.06733057289459991,0.0007192014925646449,1.8863827863960336,-0.9435201989054602,1.4649769413948048,-0.11092062569773074,0.028819168222696992,0.031932353594915905,2.0452444755260575,-0.953105062982916,1.3994378269522718,-0.040466368765632046,-0.029717525205101424,0.04087840907716441,0.09000117304571391,0.09000117304571391,0.0,0.0002922920631558755,0.04700178100435806,-0.0006658975314084441,5.7365361355633594e-06,0.027016455770926713,-1.5777325182757966,0,0.08788042079055798
15.629120000000915,2.000612800020709,-0.9124045102417195,1.199264478344169,-0.00045146258548106686,-0.06712275475067477,0.0007162989812535862,1.4271953346127026,-1.1321313850549424,1.0869140913686417,-0.033336849262810934,0.053573110468663324,0.015243470011221534,1.7361452670580906,-1.0425077121425474,1.2432049325243972,-0.03643394837578396,0.011761814855067545,0.028324987089426046,0.09000117304571391,0.09000117304571391,0.0,0.0002915721457619374,0.04686515677751746,-0.0006632226176405049,5.705721415375455e-06,0.02693308218263438,-1.577733508166306,0,0.08760072112696674
15.633280000000916,2.0006109243231807,-0.9126833250132534,1.1992674508781547,-0.00045016740680740245,-0.06691554516813643,0.0007134081565550717,2.301265454296036,-0.6113712881509319,1.6765256467459417,-0.0378328501219984,-0.04596846785838665,0.07426390229851301,2.018630886106106,-0.8270326351316957,1.460020602534362,-0.037259402263226486,-0.016840566133773948,0.05234262134917692,0.09000117304571391,0.09000117304571391,0.0,0.00029085333470801043,0.04672888825070942,-0.0006605583898713356,5.675074287059301e-06,0.026849952669417625,-1.5777344958453619,0,0.08732188492861169
15.637440000000916,2.0006090540087262,-0.9129612789404847,1.1992704114155364,-0.0004488754690816134,-0.06670894253550108,0.0007105289715925399,1.711544626705523,-0.9691206516134188,1.6383321947983234,-0.17001942420206517,-0.16428373893681886,0.006755044310512135,1.8647318357498133,-0.8984197934555405,1.5491924546744653,-0.10356534558026777,-0.09033613428864755,0.0291872849619253,0.09000117304571391,0.09000117304571391,0.0,0.00029013563282273775,0.0465929747247584,-0.0006579048059274914,5.644593824200045e-06,0.02676706658534398,-1.5777354813186433,0,0.0870439096661233
15.641600000000917,2.0006071890638637,-0.9132383745456707,1.1992733600046184,-0.00044758676697108656,-0.06650294524462867,0.0007076613796757589,2.1566242082423983,-0.6393971381719434,1.338198932206629,0.051783770588252405,-0.02135451468659378,0.04555241448174141,2.010788392515488,-0.7689525363327637,1.4437885694943868,-0.026198497121243287,-0.05514470704664146,0.03755883813432403,0.09000117304571391,0.09000117304571391,0.0,0.0002894190431265069,0.046457415500460064,-0.0006552618234783379,5.614279105583157e-06,0.026684423285818964,-1.5777364645918115,0,0.08676679281683451
15.645760000000918,2.000605329475134,-0.9135146143443821,1.1992762966935113,-0.00044630129513241885,-0.0662975516907216,0.00070480533430144,1.6932210481150725,-1.3017431921129183,1.0762566780225975,-0.2610667427675446,-0.2466151536319201,0.0457975630822207,1.851461834498289,-1.0358648485362523,1.2601153418639526,-0.1447463958305607,-0.15072161048280788,0.041662139101393776,0.09000117304571391,0.09000117304571391,0.0,0.00028870356797609917,0.04632220987870242,-0.0006526294006798943,5.58412921536947e-06,0.026602022127585574,-1.5777374456705109,0,0.08649053186476685
15.649920000000918,2.0006034752291,-0.9137900008455168,1.1992792215301329,-0.0004450190482141797,-0.06609276027232289,0.0007019607891511694,2.208378694272414,-0.29249827918909166,1.0828321477727625,-0.060804917147904404,-0.01645562603366052,0.0883796749870917,2.029795686205415,-0.6642118804539019,1.1716552150518615,-0.10249096604756085,-0.08297641732569436,0.06555471542827317,0.09000117304571391,0.09000117304571391,0.0,0.0002879892103470489,0.04618735716026576,-0.0006500074957498212,5.5541432426395444e-06,0.026519862468723635,-1.5777384245603683,0,0.08621512430061655
15.654080000000919,2.0006016263123465,-0.9140645365513139,1.1992821345622082,-0.00044374002085433007,-0.06588856939131518,0.0006991276980910791,2.084836612932787,-1.475363929240486,0.8991870534623215,-0.041230192769614094,-0.24555322976380034,-0.05307769124806123,2.057232476612119,-1.0703046227905257,1.0353092792633418,-0.07268168074273718,-0.16411096325666005,0.006028932608503289,0.09000117304571391,0.09000117304571391,0.0,0.0002872759729791815,0.046052856646103896,-0.0006473960667552521,5.524320281704311e-06,0.026437943668649294,-1.5777394012669932,0,0.08594056762174046
15.65824000000092,2.000599782711481,-0.9143382239573677,1.1992850358372715,-0.000442464207681202,-0.06568497745291861,0.0006963060151724451,1.8529688587347257,-1.10307923257671,0.8269178014984591,0.01480328923097964,-0.10117155424917085,0.025543629635188025,1.9551290103860435,-1.0869017162181116,0.931164992431895,-0.02845512532119956,-0.1330658715469973,0.015890690909575605,0.09000117304571391,0.09000117304571391,0.0,0.0002865638583761697,0.04591870763709091,-0.0006447950726849749,5.494659432087796e-06,0.02635626508811433,-1.5777403757959783,0,0.08566685933214234
15.66240000000092,2.000597944413134,-0.9146110655526415,1.1992879254026658,-0.00044119160331448025,-0.0654819828656897,0.0006934956946277895,1.8634503687891617,-1.2674368822784352,1.295263462220767,0.0540836749223801,-0.26092298262956176,0.13873394483410098,1.9094012534494424,-1.1777137491651186,1.1135055472327475,0.012947035583886483,-0.19675812845815693,0.07720369007488267,0.09000117304571391,0.09000117304571391,0.0,0.0002858528692329858,0.04578490943424865,-0.0006422044717407332,5.465159798332381e-06,0.02627482608920558,-1.5777413481528986,0,0.08539399694245876
15.66656000000092,2.0005961114039574,-0.9148830638194811,1.1992908033055445,-0.0004399222023644024,-0.06527958404151932,0.0006906966908741107,1.833707225499496,-0.9967598924754218,1.6565658758170074,0.07225505738885737,-0.03746799954964619,0.16699131036941237,1.8717020936312885,-1.087314199108572,1.3853861400210739,0.04351305024043336,-0.11678082285263654,0.12243248839034787,0.09000117304571391,0.09000117304571391,0.0,0.0002851430077945007,0.04565146133854703,-0.0006396242230499215,5.435820490090591e-06,0.026193626035344288,-1.5777423183433126,0,0.08512197796994543
15.670720000000921,2.0005942836706265,-0.9151542212336297,1.1992936695928715,-0.00043865599943363165,-0.06507777939563149,0.0006879089585089713,2.017448290590536,-0.9210584582018561,1.0062644527396403,-0.02288428892663673,-0.09796700531556671,-0.07752861145192401,1.9445287336906025,-1.0043898442267754,1.1956625214248078,0.010260747447840812,-0.10693735173577666,0.02191888820442908,0.09000117304571391,0.09000117304571391,0.0,0.00028443427692433835,0.04551836265118503,-0.0006370542853852286,5.4066406218119e-06,0.026112664291285472,-1.5777432863727618,0,0.08485079993846296
15.674880000000922,2.0005924611998385,-0.9154245402642404,1.1992965243114229,-0.0004373929891146759,-0.06487656734658101,0.0006851324523119546,1.539153142531156,-0.8852147036541527,0.8507737551881585,0.20024389161472234,-0.09524900267434899,-0.08580112127615906,1.742253779766702,-0.944999767882393,1.0230378951078745,0.10563598762936965,-0.10099164359304731,-0.03223906984236761,0.09000117304571391,0.09000117304571391,0.0,0.00028372667903646517,0.04538561267323052,-0.000634494618236153,5.377619313113496e-06,0.026031940223117195,-1.5777442522467706,0,0.08458046037846349
15.679040000000922,2.0005906439783137,-0.9156940233738914,1.1992993675077863,-0.00043613316599175876,-0.0646759463162526,0.0006823671272415898,2.355617349418614,-1.372633726553161,1.0291604641810275,0.006211000896010187,-0.09222865937321274,0.025878921455443838,2.048954810072507,-1.159011671951921,1.026152623776403,0.054951460124839785,-0.09656289553215205,-0.0029789016350168372,0.09000117304571391,0.09000117304571391,0.0,0.00028302021630825054,0.0452532107061151,-0.0006319451805279785,5.348755688618893e-06,0.02595145319825999,-1.5777452159708465,0,0.08431095682697615
15.683200000000923,2.0005888319927942,-0.9159626730185991,1.1993021992283632,-0.0004348765246418028,-0.06447591472985802,0.0006796129384376836,1.5802270762001787,-0.9237212321003808,1.1628212772098774,0.20158294500283813,-0.14786009094537333,-0.14840706500437942,1.8150083654712956,-1.0416737597070622,1.094179038073788,0.12757714924203614,-0.12153050030841706,-0.07559405820930841,0.09000117304571391,0.09000117304571391,0.0,0.00028231489153581683,0.045121156051167094,-0.0006294059321209676,5.3200488776936565e-06,0.02587120258546602,-1.5777461775504802,0,0.08404228682759365
15.687360000000924,2.000587025230046,-0.9162304916478322,1.1993050195193684,-0.0004336230596318486,-0.06427647101593499,0.0006768698412173641,1.6444082957137052,-0.9365870076501313,0.8101537256774826,0.03910155403678707,-0.25832516483859075,0.11485196533950967,1.7297898809492884,-0.9896676350177985,0.9524033858457557,0.08266509255095973,-0.18959313890729382,0.01956739022943276,0.09000117304571391,0.09000117304571391,0.0,0.0002816107066377318,0.04498944800989246,-0.0006268768323158301,5.291498014853546e-06,0.025791187754818427,-1.577747136991146,0,0.08377444793045835
15.691520000000924,2.000585223676856,-0.9164974817045253,1.1993078284268313,-0.0004323727655227086,-0.0640776136063452,0.0006741377910773765,2.0770552376578895,-0.8408899652505537,0.9764168659956911,-0.11801474480842766,-0.0969605646605464,-0.12319025088657455,1.9031788410831452,-0.9154805667736987,0.9641532616381725,-0.01733454804998239,-0.14273820342493654,-0.051417538304225456,0.09000117304571391,0.09000117304571391,0.0,0.0002809076643648208,0.04485808588388185,-0.0006243578409245764,5.263102239248826e-06,0.02571140807773062,-1.5777480942983013,0,0.08350743769224839
15.695680000000925,2.000583427320036,-0.916763645625093,1.1993106259965967,-0.0004311256368654963,-0.06387934093627248,0.0006714167436918915,1.28420715328015,-1.0271977830896322,0.9732528235002667,0.08458094707507267,-0.26752685653181696,-0.04222195639410538,1.5938659573890646,-0.9718975177503418,0.9686135334953979,0.03296007240680025,-0.20458937016378217,-0.04597776057145603,0.09000117304571391,0.09000117304571391,0.0,0.0002802057665903545,0.044727068974984685,-0.0006218489180596773,5.234860695120805e-06,0.025631862926945533,-1.577749049477387,0,0.08324125367616363
15.699840000000925,2.0005816361464186,-0.9170289858394439,1.1993134122743254,-0.0004298816682052806,-0.06368165144422035,0.0006687066549112081,1.9411452693390956,-0.7748887839569372,1.2232637100738188,0.19094924671794178,-0.16933538337777387,0.02471725656051508,1.7679037604747303,-0.8737438390161727,1.095991556152152,0.11264265188356391,-0.1870348059717053,-0.010510374640247507,0.09000117304571391,0.09000117304571391,0.0,0.00027950501580591266,0.04459639658505604,-0.0006193500237083875,5.206772531317956e-06,0.025552551676534793,-1.5777500025338271,0,0.08297589345191207
15.704000000000926,2.0005798501428598,-0.9172935047709939,1.1993161873054952,-0.0004286408540785063,-0.06348454357201062,0.0006660074807622506,2.2144109765133817,-0.16601654358075746,0.9278969323122677,0.04484285051144423,-0.0020307950159369273,-0.15121890783430172,1.991252318568742,-0.5198809853937038,1.0116281105334801,0.07944246593269284,-0.09381260586229857,-0.08065054439731177,0.09000117304571391,0.09000117304571391,0.0,0.0002788054142669216,0.04446606801618391,-0.0006168611181624189,5.178836901584694e-06,0.02547347370189802,-1.5777509534730296,0,0.08271135459569591
15.708160000000927,2.000578069296239,-0.9175572048366805,1.1993189511354012,-0.00042740318901397545,-0.06328801576478106,0.000663319177447213,2.195930509882207,-0.9305337033483632,1.612167462691231,-0.029127395530225864,-0.14528180247487504,-0.009647745608231995,2.093531710027465,-0.725512894294647,1.3118810655081006,0.025430047281434703,-0.11930615245988427,-0.04474192807598026,0.09000117304571391,0.09000117304571391,0.0,0.00027810696377826257,0.0443360825705964,-0.0006143821620206054,5.151052964531112e-06,0.025394628379761967,-1.5777519023003859,0,0.08244763469019768
15.712320000000927,2.0005762935934577,-0.9178200884469763,1.1993217038091568,-0.000426168667534722,-0.06309206647098342,0.0006606417013422678,2.4016658822170927,-1.1708038961969662,0.7345580018864839,-0.029658440790856576,-0.05768491387413235,-0.19880848870684653,2.2475397950548954,-0.948283642366586,1.022800985401838,-0.002366218212008116,-0.08746651171610949,-0.12128806263390851,0.09000117304571391,0.09000117304571391,0.0,0.00027740966676312534,0.04420643955072889,-0.000611913115549056,5.123419883259364e-06,0.025316015088179763,-1.577752849021271,0,0.08218473132456647
15.716480000000928,2.0005745230214402,-0.9180821580059029,1.1993244453716942,-0.0004249372841554323,-0.06289669414238122,0.0006579750089988922,1.8603271080354273,-0.6215059336055022,1.519303024724714,0.1587838305039569,0.0080674804983316,-0.014506739670465545,2.054262013467076,-0.7848755064474578,1.2710240987399686,0.07771491962189857,-0.03980890866150294,-0.06732386651999434,0.09000117304571391,0.09000117304571391,0.0,0.0002767135254085469,0.04407713825907744,-0.0006094539395385019,5.095936825700501e-06,0.02523763320653003,-1.5777537936410437,0,0.08192264209440424
15.720640000000929,2.0005727575671344,-0.9183434159110447,1.1993271758677657,-0.00042370903338342697,-0.06270189723404812,0.0006553190571416307,1.8750137458360596,-0.6589818233389877,0.788111443894704,0.21718411715922123,0.034720660311627405,-0.05714975938191264,1.9650894349801433,-0.7218573611338067,1.0294455244708691,0.14692466740810536,-0.001685721475461882,-0.0622385045924225,0.09000117304571391,0.09000117304571391,0.0,0.0002760185414510184,0.04394817799847989,-0.0006070045950934584,5.068602964617227e-06,0.025159482115516173,-1.5777547361650464,0,0.08166136460175184
15.72480000000093,2.0005709972175105,-0.9186038645535629,1.1993298953419436,-0.00042248390972053477,-0.06250767420436515,0.0006526738026667634,1.9781711716216124,-0.9572541394680898,1.0280402394058124,-0.004593158828235046,-0.11951774964572195,-0.029453491157554187,1.971621558786297,-0.8398057019587094,1.0286812805297378,0.07083040928191728,-0.06073314213485972,-0.045689818091509474,0.09000117304571391,0.09000117304571391,0.0,0.0002753247170313915,0.043819558071915815,-0.0006045650429923762,5.041417477239937e-06,0.02508156119716541,-1.5777556765986054,0,0.08140089645507527
15.72896000000093,2.0005692419595618,-0.9188635063182088,1.1993326038386212,-0.00042126190766140516,-0.06231402351501875,0.0006500392026435835,2.235198132637327,-1.0748903950651258,1.280566941731031,0.04851352943088979,-0.13376069750457037,-0.04925412710891082,2.103512023458129,-0.9576284063411843,1.1545236743052438,0.05994908856054213,-0.09700448691375817,-0.047590876342129475,0.09000117304571391,0.09000117304571391,0.0,0.0002746320542678692,0.04369127778257384,-0.0006021352443308201,5.0143795454384315e-06,0.025003869834827955,-1.577756614947031,0,0.08114123526925193
15.73312000000093,2.0005674917803047,-0.919122343583338,1.199335301402014,-0.00042004302169359987,-0.06212094363099858,0.000647415214313078,1.7658855313680903,-0.965493125659541,1.2557542849320198,-0.0984825783004836,0.021897222664423614,-0.1466030027701583,1.9344929272349443,-0.9615155456495008,1.2048342817846978,-0.01990730232123759,-0.03743131765099449,-0.09686162143795239,0.09000117304571391,0.09000117304571391,0.0,0.000273940554828109,0.04356333643391884,-0.000599715160738304,4.987488355805093e-06,0.024926407413176123,-1.5777575512156172,0,0.08088237866555673
15.737280000000931,2.0005657466667786,-0.9193803787209238,1.1993379880761603,-0.00041882724629946745,-0.061928433020594975,0.0006448017950856041,1.8907410215181528,-1.774628612358177,1.4799134494368718,-0.15858366633675944,-0.06343359110625085,0.17195987876837202,1.9122871507413188,-1.3682087417595785,1.3427334490463516,-0.089396213691492,-0.05089576743978163,0.037538162762516925,0.09000117304571391,0.09000117304571391,0.0,0.0002732502207841288,0.04343573332949181,-0.0005973047537391092,4.960743099342234e-06,0.024849173318203407,-1.5777584854096423,0,0.08062432427164862
15.741440000000932,2.0005640066060453,-0.9196376140965713,1.199340663904921,-0.00041761457595445526,-0.061736490155397346,0.0006421989025413343,1.8428009925094186,-0.7351447456738428,1.3245422860590363,-0.024199916421680102,-0.20161670525354175,0.1557293366925532,1.8774917251739327,-1.0520947888970689,1.3339636027608608,-0.05606891112829039,-0.12474726386913679,0.09568854703028055,0.09000117304571391,0.09000117304571391,0.0,0.0002725610541852976,0.04330846777324433,-0.0005949039845394473,4.934142971656949e-06,0.02477216693722368,-1.5777594175343683,0,0.08036706972155655
15.745600000000932,2.0005622715851907,-0.9198940520695309,1.199343328931981,-0.0004164050051272012,-0.0615451135102911,0.0006396064944314994,2.2894063039969206,-0.9282826675649801,0.9328386455454107,-0.01966068505858218,-0.052098322287606455,-0.04912242850005379,2.0834105993466383,-0.9902970704176879,1.1332963689571542,-0.03767289222408853,-0.08802086185631444,0.023184189407147067,0.09000117304571391,0.09000117304571391,0.0,0.00027187305641649057,0.04318153906933861,-0.0005925128153131485,4.907687173054345e-06,0.02469538765887018,-1.5777603475950417,0,0.08011061265566574
15.749760000000933,2.000560541591323,-0.9201496949927119,1.1993459832008506,-0.0004151985282822997,-0.06135430156345543,0.0006370245286743346,1.7644135508999244,-0.9152344498144225,1.0425219773280487,-0.07853909096145177,-0.03088767668558471,-0.01646076847254617,1.9237461480136748,-0.9528300045741529,1.087873891773404,-0.05794185882225255,-0.0592058513078419,0.0035605528219188162,0.09000117304571391,0.09000117304571391,0.0,0.0002711862296943963,0.043054946522054244,-0.0005901312079213024,4.881374908048985e-06,0.024618834873094575,-1.5777612755968928,0,0.07985495072070425
15.753920000000933,2.0005588166115733,-0.9204045452126968,1.1993486267548645,-0.0004139951398768327,-0.0611640527963615,0.0006344529633563229,2.4221178942578416,-0.7904882224900015,0.9750338431553673,0.002489038630529759,-0.2081144802695502,-0.09987442818483987,2.1729414480984004,-0.872090674065405,1.0312441207428662,-0.028096908608476124,-0.13373504475921497,-0.047563109741973746,0.09000117304571391,0.09000117304571391,0.0,0.0002705005757856013,0.04292868943617602,-0.0005877591241270929,4.8552053858275555e-06,0.02454250797116611,-1.5777622015451362,0,0.07960008156972882
15.758080000000934,2.0005570966330968,-0.9206586050697542,1.1993512596371843,-0.0004127948343622423,-0.060974365693769045,0.0006318917567325674,1.588390888549665,-1.029959102660816,0.9989360878335677,0.036379614090283695,0.09660767572288609,-0.019382981788132844,1.8807360372061463,-0.9508258840782703,1.0150485108434677,0.004959108751594401,-0.018178277903910172,-0.03296932926290067,0.09000117304571391,0.09000117304571391,0.0,0.00026981609600570315,0.04280276711658024,-0.0005853965266679859,4.829177820127067e-06,0.02446640634567053,-1.577763125444971,0,0.07934600286211142
15.762240000000935,2.000555381643071,-0.920911876897853,1.1993538818907976,-0.00041159760618620717,-0.06078523874372463,0.0006293408672226906,2.064875043989736,-0.9473103401245416,0.9665806750592698,-0.004811438852920961,-0.03925822562860985,-0.20614440695056263,1.9727966761200644,-0.9491509371604474,0.9903843041651152,0.00014434283195292885,-0.028142930747421527,-0.11898067384385938,0.09000117304571391,0.09000117304571391,0.0,0.00026913279250211206,0.04267717886846199,-0.000583043377547025,4.80329142880643e-06,0.02439052939050916,-1.5777640473015806,0,0.0790927122635256
15.766400000000935,2.0005536716286967,-0.9211643630246762,1.1993564935585201,-0.0004104034497891734,-0.06059667043755903,0.0006268002534138414,2.346910503264302,-0.8795130370474628,1.4251598990896504,-0.07334332017408218,-0.05579274496274226,0.12011745543262434,2.1597022106570196,-0.9144479025630887,1.2080244691432451,-0.03590001417635913,-0.04179514812849125,0.0008010255619298707,0.09000117304571391,0.09000117304571391,0.0,0.00026845066654424,0.042551923997348945,-0.0005806996395313607,4.777545434348356e-06,0.024314876500897947,-1.5777649671201326,0,0.07884020744593263
15.770560000000936,2.0005519665771985,-0.921416065771634,1.1993590946829953,-0.0004092123596080102,-0.06040865926988454,0.0006242698740574825,2.953124141749389,-0.7098604249140088,1.3532980772187624,0.08239878646876224,-0.09393640263344764,-0.16242458060832102,2.5565895930663607,-0.8123487431541759,1.280324491077044,0.023492896593934248,-0.0675614198200178,-0.08082044376501128,0.09000117304571391,0.09000117304571391,0.0,0.00026776972001936363,0.04242700180906156,-0.0005783652750853945,4.7519390633880505e-06,0.024239447073366435,-1.5777658849057792,0,0.07858848608756791
15.774720000000936,2.0005502664758232,-0.9216669874538782,1.1993616853066955,-0.00040802433007343234,-0.060221203738592445,0.000621749688070602,2.3650201840875424,-0.6872657502374817,1.5053807485123194,-0.09406307287577272,-0.038219080712318,0.17737634115914636,2.4606081123663137,-0.7498850463020097,1.3932236178963093,-0.03537986246579421,-0.05328627165343421,0.04802790912732012,0.09000117304571391,0.09000117304571391,0.0,0.0002670899545781626,0.04230241160972682,-0.0005760402472281272,4.726471547010037e-06,0.02416424050575674,-1.577766800663657,0,0.07833754587292723
15.778880000000937,2.0005485713118416,-0.9219171303803151,1.1993642654719228,-0.00040683935561098314,-0.06003430234485043,0.0006192396545333417,1.6642150436178524,-1.1231531684541998,1.1814338625923049,0.1609838017980471,0.025713872541069514,-0.021673256646503335,2.0627430942444365,-0.9364693716067696,1.2872818205920014,0.061708779517862584,-0.013244832796413664,0.013353884668562322,0.09000117304571391,0.09000117304571391,0.0,0.00026641137163427525,0.04217815270573837,-0.0005737245188939771,4.701142120719398e-06,0.024089256197222526,-1.5777677143988873,0,0.07808738449275324
15.783040000000938,2.0005468810725473,-0.9221664968536196,1.199366835220809,-0.00040565743064201925,-0.05984795359310019,0.0006167397326893397,2.222317580088138,-0.8304230182577664,1.1725332854265227,0.15176122957393512,-0.15042815961058004,0.021554488124262146,2.1428465798261604,-0.8837586504750345,1.2299507658447335,0.10698548044499613,-0.08167798133243812,0.017846467918028564,0.09000117304571391,0.09000117304571391,0.0,0.000265733972791752,0.042054224403877,-0.0005714180529341134,4.675950024236823e-06,0.024014493548228023,-1.577768626116576,0,0.0778379996440217
15.787200000000938,2.0005451957452576,-0.9224150891702491,1.199369394595317,-0.00040447854958291433,-0.059662155991054504,0.0006142498819460164,2.377248413643534,-1.3789792866847541,1.6420094294804515,-0.08708121240545995,-0.20605252885333444,0.07007210871660358,2.2598689364136724,-1.1318006176897013,1.4361293277964426,0.00951937285293874,-0.14404936766656556,0.0436680148075844,0.09000117304571391,0.09000117304571391,0.0,0.0002650577594176017,0.04193062601132447,-0.0005691208129744701,4.650894501576808e-06,0.023939951960546935,-1.5777695358218136,0,0.07758938902992772
15.791360000000939,2.0005435153173123,-0.9226629096204562,1.1993719436372414,-0.0004033027068460437,-0.059476908049694306,0.0006117700618712928,2.405181494345579,-0.8726655339653466,1.2123219929514932,0.045906976993300916,-0.2156460292773683,0.06745842790795524,2.33262187631991,-1.002679181868141,1.3243627220276932,0.02763442126724655,-0.18014033642746807,0.05637134464356173,0.09000117304571391,0.09000117304571391,0.0,0.0002643827332831938,0.04180735683540979,-0.0005668327621347188,4.625974800900573e-06,0.023865630837261315,-1.5777704435196753,0,0.07734155035987245
15.79552000000094,2.0005418397760755,-0.9229099604883031,1.1993744823882089,-0.00040212989683809634,-0.05929220828326676,0.0006093002321956854,2.1063567336741054,-1.4523351908589575,1.1067334105654056,-0.08366147049791565,0.008996350721005415,-0.01625300349662408,2.219313518328413,-1.2274918655907805,1.2155110834623661,-0.02791506377042559,-0.08546633241557441,0.020859220133841706,0.09000117304571391,0.09000117304571391,0.0,0.0002637088954954036,0.04168441618394342,-0.0005645538640991232,4.601190174794789e-06,0.02379152958276063,-1.5777713492152212,0,0.07709448134944931
15.79968000000094,2.000540169108934,-0.9231562440516751,1.1993770108896789,-0.00040096011396284124,-0.059108055209281994,0.0006068403528098928,1.8242829586480447,-1.183595632711233,1.2700581298698173,-0.03455047250682315,0.0697580383890804,-0.12285270173974955,2.0217257056140627,-1.2053978674135424,1.2425287939204548,-0.03223985378480684,-0.008094826578480166,-0.050668078858616565,0.09000117304571391,0.09000117304571391,0.0,0.00026303624756502265,0.041561803365124106,-0.0005622840824773567,4.5765398798757275e-06,0.023717647602740612,-1.5777722529134963,0,0.07684817972043026
15.80384000000094,2.000538503303298,-0.9234017625822939,1.1993795291829445,-0.0003997933526194409,-0.058924447348510184,0.000604390383765063,1.9569401764713676,-0.79811179488168,1.4651944430456674,0.012458566948957478,-0.026601006265806006,-0.06025638525124898,1.9893571194347994,-1.0018072074268805,1.3537384332717393,-0.009277200505560891,-0.017396287653890397,-0.055744454864178415,0.09000117304571391,0.09000117304571391,0.0,0.00026236479097974965,0.041439517687499094,-0.0005600233812341759,4.552023176933866e-06,0.02364398430420213,-1.5777731546195302,0,0.07660264320075223
15.808000000000941,2.0005368423466012,-0.9236465183457313,1.1993820373091333,-0.0003986296072025446,-0.05874138322497886,0.0006019502852712868,1.1989927743499051,-0.5875808543573449,0.9712821124178265,-0.036167476582051036,-0.13149682855565314,-0.009326609212185488,1.5940927274800436,-0.7949649506143085,1.1624879228631273,-0.02201784971101139,-0.07429082710128157,-0.03240642920641511,0.09000117304571391,0.09000117304571391,0.0,0.00026169452677629395,0.04131755845987063,-0.0005577717242637448,4.527639331013961e-06,0.023570539095450066,-1.5777740543383378,0,0.07635786952450385
15.812160000000942,2.0005351862263008,-0.9238905136014228,1.199384535309207,-0.0003974688721041649,-0.058558861365970556,0.0005995200176978511,2.3779718126773917,-1.3361765701865755,0.7717032774230872,0.16088116979158565,-0.03823930638098851,0.18919636160776995,1.9863719011415573,-1.0656548191889323,0.9674871557576783,0.06965184987921386,-0.055913946864937614,0.07801188717474672,0.09000117304571391,0.09000117304571391,0.0,0.0002610254566092293,0.04119592499157686,-0.0005555290753909664,4.5033876110805e-06,0.023497311386092304,-1.577774952074919,0,0.07611385643191153
15.816320000000943,2.000533534929877,-0.9241337506026812,1.1993870232239636,-0.00039631114171109966,-0.05837688030201932,0.0005970995415734539,2.3129790775059047,-1.047906059915523,1.0425475552384293,-0.12362208946081514,-0.1572782136665194,-0.04469182777699083,2.149420570623269,-1.0571074125462296,1.0049252469219023,-0.026937274837186886,-0.10660734423402349,0.016512142856276127,0.09000117304571391,0.09000117304571391,0.0,0.0002603575814686356,0.041074616592291585,-0.000553295399443667,4.4792672903885655e-06,0.02342430058703851,-1.5777758478342583,0,0.075870601669326
15.820480000000943,2.0005318884448338,-0.92437623159671,1.199389501094037,-0.0003951564104076982,-0.05819543856690805,0.0005946888175820388,1.7019040995497938,-1.310119805699445,1.021175339621703,-0.0027523277062728117,-0.08296037183351164,0.028741491745905862,1.9256539973162716,-1.1837887472912496,1.0131098617832894,-0.015095654282503914,-0.09439466229873003,0.02278310727375251,0.09000117304571391,0.09000117304571391,0.0,0.00025969090296245744,0.04095363257209131,-0.0005510706603297265,4.455277646123915e-06,0.023351506110498986,-1.5777767416213258,0,0.07562810298920879
15.824640000000944,2.000530246758698,-0.924617958824617,1.1993919689598977,-0.0003940046725732837,-0.058014534697665585,0.0005922878065665441,2.5416871497560085,-0.881063835853422,1.3930784020215916,-0.08927626030387557,-0.04148409559105476,-0.031464775136452426,2.233488743406379,-1.0325093871761293,1.2030313081832715,-0.051965415060549226,-0.06845812347194027,-0.004319702638528824,0.09000117304571391,0.09000117304571391,0.0,0.00025902542203414523,0.04083297224141526,-0.0005488548227491085,4.431417959756435e-06,0.023278927369983528,-1.5777776334410765,0,0.07538635815011879
15.828800000000944,2.0005286098590203,-0.9248589345214276,1.1993944268618542,-0.0003928559225849189,-0.057834167234563916,0.0005898964695255635,1.7094422048639601,-1.375948036668964,1.0189995009830362,0.007581809906462679,-0.13658128602278305,-0.12848386579745635,1.9714764087386942,-1.2045151101617289,1.1107487292855087,-0.021633835256020327,-0.10255865318233257,-0.06728587088197328,0.09000117304571391,0.09000117304571391,0.0,0.000258361139817117,0.04071263491118576,-0.0005466478513411754,4.407687516676574e-06,0.023206563780300303,-1.577778523298451,0,0.07514536491669858
15.832960000000945,2.0005269777333754,-0.925099160916099,1.1993968748400525,-0.0003917101548166116,-0.05765433472111494,0.0005875147676135978,1.8578262762963502,-0.5208192509393305,1.4422179555524377,-0.1469903803317879,0.12904767015017654,-0.01833650047878195,1.9143437807647399,-0.8623955836954343,1.2764484336171331,-0.08380845076890275,0.01400032357123575,-0.04325242537104545,0.09000117304571391,0.09000117304571391,0.0,0.0002576980574212544,0.04059261989271498,-0.0005444497109001918,4.384085606179356e-06,0.02313441475755461,-1.5777794111983745,0,0.07490512105966098
15.837120000000946,2.0005253503693603,-0.9253386402315327,1.1993993129344782,-0.00039056736363940963,-0.057475035704067604,0.0005851426621403139,2.1354592503038075,-0.9970221523302147,1.083559847700868,0.3250353663882005,-0.10751030777381054,0.16060673663427766,2.0255786909041853,-0.9299342076936414,1.180338927247366,0.12079693265418948,-0.04637248902307165,0.05766445588184713,0.09000117304571391,0.09000117304571391,0.0,0.0002570361763607989,0.04047292649771829,-0.0005422603665914921,4.360611521457633e-06,0.02306247971914772,-1.5777802971457582,0,0.07466562435577556
15.841280000000946,2.000523727754596,-0.9255773746845886,1.1994017411849556,-0.00038942754341971274,-0.057296268733404966,0.0005827801145690171,2.1976067112255597,-1.0065594737712662,1.2501436983295626,0.02869256381201843,-0.02704682107566834,0.09189532247866507,2.1116541719850153,-0.9683033788410069,1.2154328407528596,0.07446816976563865,-0.03683334958009782,0.07482582539685066,0.09000117304571391,0.09000117304571391,0.0,0.0002563754974854983,0.04035355403838127,-0.0005400797830974642,4.337264559946106e-06,0.0229907580837757,-1.5777811811454983,0,0.0744268725878552
15.845440000000947,2.000522109876727,-0.9258153664860983,1.1994041596311493,-0.0003882906885220388,-0.05711803236234102,0.0005804270865185662,2.3522788866763182,-1.200085473282669,1.2190518658440608,-0.10554089273535186,-0.07813626584368986,-0.10279767996459882,2.231748026050424,-1.0843588660354524,1.2170302093058023,-0.015205055027861798,-0.057339392939031106,-0.014766435587917483,0.09000117304571391,0.09000117304571391,0.0,0.00025571602183506784,0.04023450182731966,-0.0005379079259025727,4.314044022954517e-06,0.02291924927142817,-1.5777820632024766,0,0.07418886354474258
15.849600000000947,2.0005204967234214,-0.9260526178408788,1.199406568312565,-0.000387156793308229,-0.05694032514731765,0.0005780835397600346,2.039126116066877,-1.0561098313842034,1.0752732790466442,-0.05992049776770623,-0.14170625875285117,-0.09238191094269144,2.1353116553566895,-1.070526578950131,1.145958453000994,-0.03783161625358965,-0.10063151833164694,-0.05349826024701156,0.09000117304571391,0.09000117304571391,0.0,0.00025505775042568616,0.04011576917764641,-0.0005357447604406726,4.290949215650244e-06,0.022847952703387103,-1.5777829433215602,0,0.07395159502129663
15.853760000000948,2.000518888282371,-0.9262891309477455,1.1994089672685493,-0.0003860258521375425,-0.05676314564800138,0.0005757494362168694,1.7024582867518268,-0.7750433081361243,1.260589427032644,-0.097365177079295,-0.15939354517482676,-0.0236569436387863,1.9186812215370788,-0.9231146501176974,1.2032248260023872,-0.0684582204541255,-0.12989323561043303,-0.03823792985259048,0.09000117304571391,0.09000117304571391,0.0,0.0002544006842499951,0.03999735540287812,-0.0005335902520963425,4.267979447049872e-06,0.022776867802225556,-1.5777838215076019,0,0.0737150648183792
15.857920000000949,2.00051728454129,-0.9265249079995258,1.199411356538291,-0.00038489785936675206,-0.05658649242728042,0.0005734247379650505,1.7606837955883095,-0.5092719490417212,0.6589519488705087,-0.1592575889704904,-0.10219221294528644,-0.009469310321431591,1.83934939736132,-0.7164034714365944,0.9310645042452476,-0.11348931819828405,-0.11579884308617848,-0.02367333929783735,0.09000117304571391,0.09000117304571391,0.0,0.0002537448244910483,0.03987925981700195,-0.0005314443664203861,4.24513403000524e-06,0.02270599399180645,-1.57778469776544,0,0.0734792707428416
15.86208000000095,2.0005156854879176,-0.9267599511830727,1.199413736160821,-0.0003837728093493469,-0.05641036405126151,0.00057110940723237,2.2074396227811297,-1.4116019654826482,1.0323162792125657,0.0799421632713547,0.04324229551292809,-0.07560705759322348,2.0235633931068455,-1.063917547000822,0.9815337070741254,-0.016800359592795536,-0.036333353842449664,-0.049573075842452734,0.09000117304571391,0.09000117304571391,0.0,0.00025309017188090987,0.039761481734488985,-0.0005293070691318332,4.222412281370145e-06,0.02263533069728132,-1.5777855720998986,0,0.07324421060751125
15.86624000000095,2.000514091110016,-0.926994262679278,1.1994161061750144,-0.0003826506964374094,-0.05623475908926671,0.0005688034063976797,1.5864209601421602,-0.8978900416908875,0.917830647675674,-0.06723123332437966,0.020214409444650784,-0.12926546035551614,1.804849713494118,-0.980860344943268,0.9494138806373994,-0.04222162598236251,-0.008179570803784451,-0.08990338148183383,0.09000117304571391,0.09000117304571391,0.0,0.0002524367273416113,0.039644020470254254,-0.0005271783263341052,4.1998135217146724e-06,0.02256487734508908,-1.5777864445157872,0,0.07300988223117826
15.87040000000095,2.00051250139537,-0.9272278446630856,1.1994184666195893,-0.0003815315149808199,-0.05605967611383029,0.000566506697989256,1.7303131933381615,-0.6874097885509303,1.1894686032153399,-0.13811788688102614,-0.055966507443070475,-0.15219598979272994,1.7672938404165466,-0.8342496234829386,1.0691263880185407,-0.0902548602628734,-0.031973118535903,-0.12105990389726266,0.09000117304571391,0.09000117304571391,0.0,0.00025178449198559616,0.03952687533983042,-0.0005250581038751707,4.1773370753605545e-06,0.02249463336295473,-1.5777873150179014,0,0.07277628343858174
15.874560000000951,2.00051091633179,-0.9274606993035052,1.199420817533109,-0.0003804152593264608,-0.055885113700695,0.0005642192446858453,2.47712126912905,-0.7792816637354264,1.0606295469905351,-0.06313659238885927,-0.008457811360619544,0.08349361564916385,2.1220810591953634,-0.8067832528328137,1.0650527488619619,-0.07662999492113717,-0.020023740472195805,-0.019361950393285258,0.09000117304571391,0.09000117304571391,0.0,0.0002511334664743182,0.0394100456590606,-0.0005229463682048926,4.1549822705635305e-06,0.022424598179888015,-1.5777881836110221,0,0.07254341206039691
15.878720000000952,2.000509335907107,-0.9276928287636252,1.199423158953981,-0.00037930192382009206,-0.05571107042880957,0.000561941009314086,1.7537523516452693,-0.8133802703387971,1.299462826456521,-0.06717110016937841,-0.17105000051004854,0.07040785518823409,1.9377731176983326,-0.8104366685229196,1.1824079522107576,-0.0712777884360661,-0.09596873396640831,0.02451803683271243,0.09000117304571391,0.09000117304571391,0.0,0.0002504836518731475,0.03929353074443223,-0.000520843085093336,4.1327484392466334e-06,0.022354771226182228,-1.5777890502999166,0,0.07231126593322137
15.882880000000952,2.000507760109179,-0.9279242352006266,1.1994254909204596,-0.0003781915028046655,-0.0555375448803248,0.0005596719548513192,2.3258953240490285,-1.4524782258938727,1.6484521962711702,-0.1929468635724517,-0.0654413970486686,0.004268531219512357,2.131435168588934,-1.1315977666137913,1.4154424115815682,-0.1318909018674323,-0.08084620819739041,0.014299478941876817,0.09000117304571391,0.09000117304571391,0.0,0.00024983504858251584,0.0391773299128233,-0.0005187482215576363,4.110634917211643e-06,0.022285151933412836,-1.5777899150893375,0,0.07207984289956201
15.887040000000953,2.000506188925885,-0.9281549207657958,1.1994278134706446,-0.0003770839906230923,-0.05536453564059076,0.0005574120444203612,2.1638596096385667,-0.8436279729485112,1.5912782233370226,-0.1398180095411682,-0.10731890908876149,0.1475218941992706,2.1473570518213942,-0.9878328492349218,1.5036675302555358,-0.1359757002806663,-0.09467022159494574,0.08131513276172678,0.09000117304571391,0.09000117304571391,0.0,0.00024918765783422416,0.039061442481729394,-0.0005166617437256235,4.088641043707953e-06,0.022215739734436232,-1.5777907779840241,0,0.07184914080782143
15.891200000000953,2.000504622345128,-0.9283848876045381,1.1994301266424834,-0.00037597938161477534,-0.05519204129815303,0.0005551612412931575,1.9509827980648768,-0.5136834296208337,1.4095194391333583,0.1107549312572527,-0.18021798486238172,0.047396318362231404,2.0493970678886324,-0.7511309088672433,1.4566917514119047,-0.011736642168291464,-0.13684280835096826,0.06419318279371172,0.09000117304571391,0.09000117304571391,0.0,0.0002485414801955795,0.03894586776911679,-0.0005145836185478543,4.066766161913167e-06,0.02214653406338836,-1.577791638988701,0,0.07161915751228476
15.895360000000954,2.000503060354836,-0.9286141378563912,1.1994324304737705,-0.0003748776701183754,-0.05502006044474953,0.0005529195088873263,1.8578539227962287,-1.4871105499602044,1.077220731747991,-0.03981907387218251,0.04948406927441842,-0.0979527208173153,1.9535413140629914,-1.1190231993779147,1.2667500443020703,-0.025767192267892324,-0.043573304614084915,-0.01696405728456336,0.09000117304571391,0.09000117304571391,0.0,0.0002478965164238563,0.03883060509348914,-0.0005125138127307556,4.045009618638774e-06,0.02207753435568338,-1.577792498108079,0,0.0713898908731063
15.899520000000955,2.000501502942959,-0.9288426736550384,1.1994347250021486,-0.00037377885047101627,-0.05484859167530715,0.0005506868107671383,1.844524885676442,-0.7762553847148542,1.2908107845817691,-0.08901575902616982,-0.226910207830557,-0.04748450718716221,1.8988449989895198,-0.9481110535744479,1.2786813820596954,-0.05633542723519216,-0.134175348659856,-0.03201347541970077,0.09000117304571391,0.09000117304571391,0.0,0.000247252767038844,0.03871565377384731,-0.0005104522931656317,4.023370764352344e-06,0.02200874004801237,-1.5777933553468555,0,0.07116133875629635
15.903680000000955,2.0004999500974714,-0.9290704971283215,1.1994370102651097,-0.00037268291700927114,-0.05467763358793845,0.0005484631106427171,1.8735512975076662,-1.1552135932240943,0.27867737873840515,0.11404408490977165,-0.2611358901908435,-0.12796583110194737,1.8864363365712327,-1.052207310703233,0.7784061346621944,0.028287126936911492,-0.1974633071175426,-0.07994359462985995,0.09000117304571391,0.09000117304571391,0.0,0.00024661023317819656,0.03860101312980958,-0.0005083990271448346,4.00184895299709e-06,0.021940150578341956,-1.5777942107097132,0,0.07093349903370767
15.907840000000956,2.000498401806371,-0.9292976103982545,1.1994392862999945,-0.0003715898640665849,-0.05450718478393794,0.000546248372368289,1.4278494222375808,-0.49405658674519043,1.503182321503037,0.17255000520565625,-0.09679994586336982,-0.01803683254914606,1.6574997835046208,-0.7733301804656683,1.1407620775430996,0.09982556525756732,-0.14675516560420288,-0.04913551034223803,0.09000117304571391,0.09000117304571391,0.0,0.00024596891488717703,0.0384866824814646,-0.0005063539815077451,3.980443542434579e-06,0.021871765385912935,-1.5777950642013214,0,0.07070636958302252
15.912000000000956,2.0004968580576796,-0.9295240155810369,1.1994415531439944,-0.00037049968597782315,-0.05433724386777894,0.0005440425599441096,2.3157516639076645,-0.888109697336851,1.064151728003058,-0.0802001530051678,-0.17809425395606587,-0.07585207576090784,1.9864608354131221,-0.8310906309625621,1.1022984249810617,0.011113071468907908,-0.16268330424469793,-0.0624095704895081,0.09000117304571391,0.09000117304571391,0.0,0.00024532881325592187,0.03837266114949146,-0.0005043171241399655,3.9591538937644935e-06,0.02180358391123892,-1.577795915826336,0,0.0704799482877392
15.916160000000957,2.000495318839442,-0.9297497147870666,1.1994438108341507,-0.0003694123770749147,-0.05416780944710996,0.0005418456375119947,2.3197492408091023,-0.7740619873568377,1.1204018343382214,-0.027645498993768957,-0.0636597488974786,-0.01639009303105818,2.1530492264019343,-0.8027084790763477,1.1113151101370964,-0.00795500847167788,-0.11310162674195406,-0.038895356217945126,0.09000117304571391,0.09000117304571391,0.0,0.00024468992871007355,0.03825894845517305,-0.0005022884220504506,3.9379793718634265e-06,0.021735605596104976,-1.5777967655893983,0,0.07025423303715873
15.920320000000958,2.0004937841397266,-0.929974710120953,1.1994460594073564,-0.00036832793168961776,-0.05399888013275102,0.0005396575693589806,2.111324843393546,-0.6854652290702316,0.8745430333264206,-0.01868291833009557,-0.04827581081886207,0.06809373224222047,2.1321483731454363,-0.7441865889026363,0.9930690984520554,-0.013553954492757354,-0.08062412833488897,0.014568035977896061,0.09000117304571391,0.09000117304571391,0.0,0.00024405226186524208,0.03814554372019538,-0.0005002678428693672,3.9169193451206504e-06,0.021667829883566164,-1.577797613495137,0,0.07002922172637209
15.924480000000958,2.000492253946626,-0.9301990036815309,1.199448298900356,-0.00036724634415272493,-0.05383045453869083,0.0005374783199146784,1.4084884073581447,-0.7658705679773712,1.6951836154894364,0.07462430095089971,-0.03206244671204818,0.08223507043559118,1.7704684618518254,-0.7550952604806259,1.3443015518040409,0.030568465493993505,-0.05642267918759751,0.04876494656009277,0.09000117304571391,0.09000117304571391,0.0,0.00024341581331350105,0.03803244626703492,-0.0004982553546372544,3.895973185463694e-06,0.021600256217946284,-1.5777984595481664,0,0.06980491225624641
15.928640000000959,2.000490728248256,-0.9304225975618728,1.1994505293497466,-0.00036616760879415824,-0.053662531282082315,0.0005353078537495301,2.127111170251321,-0.8305616205851772,1.6299197061743018,0.17964317350857015,-0.0850765779387255,-0.2437601938964882,1.9491652749561732,-0.7930055868346162,1.4866061309097494,0.10542770671503467,-0.07091059630672338,-0.09772769928813807,0.09000117304571391,0.09000117304571391,0.0,0.00024278058340943844,0.037919655418597806,-0.0004962509247368359,3.875140268370397e-06,0.021532884044836328,-1.5777993037530875,0,0.06958130253341216
15.93280000000096,2.0004892070327562,-0.9306454938493031,1.199452750791978,-0.00036509171994395553,-0.05349510898323969,0.0005331461355775448,1.7236259810100627,-1.0867217906556086,0.8202486011377326,0.05003062026648908,-0.01601203034970991,-0.13736908347431706,1.8364987824559584,-0.939900492795792,1.1531370913242718,0.07741033224379018,-0.042770391898201,-0.117599623442549,0.09000117304571391,0.09000117304571391,0.0,0.00024214657291155874,0.03780717049844669,-0.0004942545216057178,3.854419972688148e-06,0.02146571281109312,-1.577800146114488,0,0.0693583904702498
15.93696000000096,2.0004876902882898,-0.9308676946254099,1.1994549632633542,-0.0003640186719305844,-0.05332818626563458,0.0005309931302518238,2.2417272004625204,-0.8406833115386101,1.6517122962994515,0.06308504499185384,-0.0723584284375767,0.04363390831504533,2.0392452006011306,-0.8904417630798873,1.4025183382312447,0.07113406543049357,-0.05753762927899145,-0.03670389693948838,0.09000117304571391,0.09000117304571391,0.0,0.0002415137821273766,0.0376949908306001,-0.000492266113241858,3.833811680885206e-06,0.021398741964837886,-1.5778009866369416,0,0.06913617398487691
15.94112000000096,2.0004861780030434,-0.9310892019660594,1.1994571668000324,-0.00036294845908281786,-0.05316176175589299,0.0005288488027663808,1.7216711493961627,-0.9834737818669665,1.4552236142885273,-8.85619968504451e-05,-0.05224490108556966,0.18517689463579734,1.8804569523649493,-0.9370685279602704,1.429255302648825,0.034958097356378996,-0.05420082160586051,0.07480169337374673,0.09000117304571391,0.09000117304571391,0.0,0.00024088221155437448,0.03758311573986625,-0.0004902856676319077,3.813314778813903e-06,0.0213319709554549,-1.5778018253250088,0,0.06891465100113463
15.945280000000961,2.000484670165228,-0.9313100179414086,1.1994593614380251,-0.00036188107572894014,-0.052995834083790834,0.0005267131182561393,1.1824776823308696,-0.9696454892371742,1.3763830888943704,0.035383523399906885,-0.054636663901126904,-0.06739016781584489,1.5315361976739015,-0.9534714295358272,1.4026781269189528,0.035090133389606815,-0.05415410528170025,0.003969365481614924,0.09000117304571391,0.09000117304571391,0.0,0.0002402518614525494,0.03747154455158916,-0.0004883131531808835,3.7929286557664776e-06,0.021265399233589943,-1.577802662183237,0,0.06869381944857464
15.949440000000962,2.000483166763077,-0.9315301446159179,1.1994615472132002,-0.0003608165161977326,-0.05283040188225061,0.0005245860419951858,2.1110471927648686,-0.3227820273299332,1.359076310391014,-0.046645026099400265,-0.10354327725170964,-0.10632780620131806,1.8211977618815678,-0.6383375704330498,1.3806546825835944,-0.005306687688309894,-0.07889927017002898,-0.05065659567240134,0.09000117304571391,0.09000117304571391,0.0,0.00023962273248581483,0.037360276591554636,-0.0004863485387148333,3.772652704308303e-06,0.02119902625114884,-1.5778034972161603,0,0.06847367726244644
15.953600000000963,2.000481667784849,-0.9317495840483652,1.199463724161281,-0.0003597547748167876,-0.052665463787338426,0.0005224675393949426,2.2451277225103707,-0.8193157903691108,0.9969796588482469,0.013417790858465109,-0.16083394068053602,-0.09368884642582292,2.033191215744153,-0.7291625767547802,1.1886192190656832,0.00520908958267379,-0.11981325638370668,-0.07197916329231521,0.09000117304571391,0.09000117304571391,0.0,0.0002389948248670944,0.037249311186484474,-0.00048439179241264703,3.7524863205420465e-06,0.021132851461296166,-1.577804330428299,0,0.06825422238368353
15.957760000000963,2.000480173218824,-0.9319683382918579,1.1994658923178478,-0.00035869584591438484,-0.05250101843825895,0.0005203575760068499,1.9698005759700041,-0.1308563362245887,1.1590465065819535,-0.10001963983669247,-0.05381525073390174,-0.06079409326107007,2.001287135529882,-0.4301187201375782,1.1737078913953243,-0.04726447787224506,-0.0860894634008963,-0.06719777177877698,0.09000117304571391,0.09000117304571391,0.0,0.00023836813921322805,0.03713864766335484,-0.0004824428830904146,3.7324289038763542e-06,0.021066874318453548,-1.5778051618241602,0,0.06803545275889109
15.961920000000964,2.0004786830533083,-0.9321864093938469,1.1994680517183376,-0.00035763972381780483,-0.05233706447735325,0.0005182561175196678,1.3003335499911488,-0.8885783388518831,1.1250948587409693,0.07831477892250074,0.22318300083206166,0.0013436281152206428,1.6509678359434596,-0.6588873932630748,1.1494036024622232,0.01575482357655504,0.06846439644676834,-0.03282223835620778,0.09000117304571391,0.09000117304571391,0.0,0.00023774267547611763,0.03702828535010397,-0.00048050177977641524,3.712479857260938e-06,0.021001094278298424,-1.5778059914082385,0,0.06781736634033221
15.966080000000964,2.0004771972766298,-0.9324037993961389,1.199470202398045,-0.0003565864028560966,-0.052173600550093645,0.0005161631297585697,2.001814286649237,-1.131309602109197,0.7763651555687937,-0.1581690267858644,-0.17060429336699323,0.03928647020949251,1.8260649318467468,-0.8954559691568972,0.9629620647578564,-0.07138949894987709,-0.0513846304223511,0.003909637263211694,0.09000117304571391,0.09000117304571391,0.0,0.00023711843422508528,0.036918223575004044,-0.00047856845128477427,3.6926385867482096e-06,0.02093551079776237,-1.5778068191850145,0,0.06759996108591548
15.970240000000965,2.000475715877141,-0.9326205103349101,1.199472344392123,-0.00035553587735750157,-0.05201062530508122,0.0005140785786859898,2.0247475521833023,-0.6717480489399135,0.9833654509490277,0.09008630488561829,-0.06799426727403722,-0.03686484175526973,1.9255951862766876,-0.7837406849376937,0.9730869809112584,0.00925291807352516,-0.06025808909944132,-0.016358670366635724,0.09000117304571391,0.09000117304571391,0.0,0.00023649541557846387,0.03680846166720857,-0.0004766428666444717,3.6729045018138175e-06,0.020870123335029772,-1.5778076451589564,0,0.06738323495918137
15.974400000000966,2.0004742388432173,-0.9328365442407186,1.199474477735583,-0.0003544881416513298,-0.05184813739404103,0.0005120024304007027,2.596081394772954,-0.6297943643077126,1.2830296246139066,0.09724303264535332,-0.10249546542445823,0.14739800134611694,2.261044383048742,-0.7069799924788792,1.1283668929304487,0.05365676487603435,-0.08120217075955548,0.06558718020820282,0.09000117304571391,0.09000117304571391,0.0,0.0002358736200585022,0.03669899895633791,-0.00047472499531550855,3.653277015137315e-06,0.020804931349536204,-1.577808469334519,0,0.06716718592928964
15.978560000000966,2.000472766163259,-0.9330519031385178,1.1994766024632961,-0.0003534431900662737,-0.05168613547181905,0.0005099346511359825,1.7519701129206857,-1.0762543487929424,1.3037482807833993,0.15425089703966408,0.10392428325731665,0.0834697407172162,2.0068242558050193,-0.8914036081794788,1.2162304544760465,0.10407592902345764,0.011355477772423968,0.07547660507160965,0.09000117304571391,0.09000117304571391,0.0,0.00023525304752251104,0.03658983477275951,-0.00047281480633489317,3.633755542848619e-06,0.020739934301967,-1.577809291716144,0,0.06695181197100605
15.982720000000967,2.000471297825688,-0.9332665890476693,1.199478718609993,-0.0003524010169331755,-0.05152461819637795,0.0005078752072613396,2.0011835588160904,-0.7990228978514144,1.08686486541209,0.10986619992541659,-0.025366031803464407,0.13970641574599826,2.004230937495522,-0.8452654606077283,1.1518373496166887,0.10766735151275672,-0.00695800865676418,0.10758277051923071,0.09000117304571391,0.09000117304571391,0.0,0.00023463369865917027,0.036480968447440545,-0.0004709122693874897,3.6143395041010955e-06,0.02067513165425571,-1.5778101123082604,0,0.06673711106468956
15.986880000000967,2.0004698338189524,-0.933480603981956,1.1994808262102652,-0.0003513616165815599,-0.05136358422879351,0.000505824065279779,1.9290073906834164,-0.6051176037472001,1.2790250512675923,-0.07527014773911132,-0.1017044520725951,0.11631781692931399,1.9664624666544834,-0.7254015403166965,1.215674294646245,0.016023427312706017,-0.05425483499095338,0.11182157395026074,0.09000117304571391,0.09000117304571391,0.0,0.0002340155732787171,0.036372399312067843,-0.00046901735395266965,3.595028321560286e-06,0.020610522869582606,-1.5778109311152841,0,0.06652308119627916
15.991040000000968,2.000468374131522,-0.9336939499495945,1.1994829252985644,-0.0003503249833432912,-0.05120303223325052,0.0005037811918286438,2.089306168533076,-1.3858690154777913,1.1887396937056862,-0.09395596501833453,-0.05003216511639244,-0.07836331655899144,2.0276903822952157,-1.0557433636883473,1.2020426745289126,-0.03926253222022842,-0.05243288247641109,0.01728837409595013,0.09000117304571391,0.09000117304571391,0.0,0.000233398671594861,0.03626412669890046,-0.00046713002951914717,3.575821420929358e-06,0.020546107412373095,-1.5778117481416183,0,0.06630972035728108
15.995200000000969,2.0004669187518904,-0.9339066289532488,1.1994850159092048,-0.0003492911115508888,-0.051042960877039294,0.0005017465536795196,2.1756872053009984,-0.39193407612726927,1.4147295986323138,0.029584965606929626,-0.1107856982153475,0.18453924398293672,2.1017518541785747,-0.724064671110254,1.3087728022090697,-0.005078273934425133,-0.08152613568121007,0.10025825589710528,0.09000117304571391,0.09000117304571391,0.0,0.00023278299401172315,0.03615614994088946,-0.00046525026644299436,3.556718231055228e-06,0.020481884748296257,-1.577812563391653,0,0.0660970265447559
15.99936000000097,2.0004654676685756,-0.9341186429900428,1.199487098076362,-0.0003482599955367308,-0.050883368830551716,0.0004997201177345924,2.6673066595455546,-0.9995178123679237,1.3887835036980778,-0.04661927910779737,-0.0792094505942079,0.03347430802807931,2.384435575673505,-0.8619578470158065,1.3488480792903121,-0.025523040174883584,-0.08040427074734127,0.06699515171228701,0.09000117304571391,0.09000117304571391,0.0,0.000232168540482435,0.0360484683717444,-0.0004633780340241012,3.5377181841488422e-06,0.02041785434426332,-1.577813376869766,0,0.06588499776130528
16.003520000000968,2.000464020870119,-0.9343299940515731,1.1994891718340746,-0.00034723162963492995,-0.050724254767276974,0.0004977018510310341,2.7468171992348545,-0.8993168291613072,1.960220591460059,-0.010320232621390773,-0.14169845336029424,-0.00855634750102954,2.5656068801036986,-0.8809333649509947,1.654521203247638,-0.017645008532030132,-0.11054891458502521,0.02903827018806477,0.09000117304571391,0.09000117304571391,0.0,0.00023155531093614731,0.035941081325785953,-0.0004615133028600567,3.5188207155322475e-06,0.02035401566842601,-1.5778141885803219,0,0.06567363201505935
16.007680000000967,2.000462578345085,-0.9345406841239223,1.1994912372162443,-0.00034620600818143014,-0.050565617363797936,0.0004956917207355379,1.9997246375732391,-0.6294556746412993,1.3726028234706327,-0.12995476427674477,-0.22835736154907463,-0.1904364457607805,2.2823911438718327,-0.7556676016074989,1.5131646126380955,-0.0736229223571666,-0.16951058058914895,-0.08100925423055941,0.09000117304571391,0.09000117304571391,0.0,0.00023094330591987553,0.03583398813795867,-0.00045965604270976814,3.50002526349658e-06,0.02029036819017505,-1.5778149985276728,0,0.06546292731966384
16.011840000000966,2.000461140082062,-0.9347507151876714,1.1994932942566365,-0.000345183125511429,-0.05040745529978749,0.0004936896941477942,1.6333364330686706,-0.5845874127967539,0.9569147150829616,0.010587029168220696,-0.11159685540861479,-0.07081836297804195,1.9578830201688862,-0.6703587949263469,1.2348895316692488,-0.03236611717879604,-0.14038112737267724,-0.07642428947474336,0.09000117304571391,0.09000117304571391,0.0,0.00023033252510219228,0.03572718814395072,-0.0004578062239913266,3.4813312697547524e-06,0.020226911380138646,-1.577815806716158,0,0.0652528816942671
16.016000000000965,2.000459706069662,-0.9349600892179131,1.199495342988881,-0.00034416297596303474,-0.05024976725800435,0.000491695738697715,2.2074246387964513,-0.9540402869549849,0.6919318099483303,0.0036903606172429913,-0.2288235632193964,-0.005660744218569869,2.082664941675376,-0.8126770893269597,0.963392415726928,-0.015152890342663063,-0.1847808569654625,-0.03975765073009278,0.09000117304571391,0.09000117304571391,0.0,0.00022972296876909123,0.035620680680260405,-0.0004559638171428232,3.462738178948417e-06,0.0201636447101809,-1.5778166131501044,0,0.06504349316350701
16.020160000000963,2.000458276296521,-0.9351688081842643,1.1994973834464724,-0.0003431455538746905,-0.05009255192428862,0.0004897098219453147,1.5544794026675446,-1.1355003131112054,1.5039042752275995,-0.13343722440534383,0.013431830055866761,0.03712145824733616,1.8182894278558805,-0.9740624816484856,1.2337293810811765,-0.07356488473639336,-0.0859471889828056,-0.0013431277734508148,0.09000117304571391,0.09000117304571391,0.0,0.000229114636755576,0.03551446508388828,-0.0004541287926236831,3.444245438923491e-06,0.020100567653400136,-1.577817417833826,0,0.06483475975749851
16.024320000000962,2.0004568507512976,-0.9353768740508791,1.1994994156627707,-0.0003421308535870503,-0.049935807987558624,0.000487731911580574,1.9597861031933947,-1.1206433960339721,1.000279509369383,0.07755930247802421,-0.04341301905430728,0.19388048812710396,1.889200257588866,-1.0474450731449647,1.1174061930302035,0.0019005780557214695,-0.0642929676245648,0.0962006049817621,0.09000117304571391,0.09000117304571391,0.0,0.00022850752908661813,0.03540854069261708,-0.00045230112134433736,3.4258525005014373e-06,0.02003767968412741,-1.577818220771625,0,0.06462667951182068
16.02848000000096,2.000455429422675,-0.9355842887764616,1.1995014396710018,-0.000341118869442184,-0.049779534139806604,0.0004857619754215603,1.6794766570877457,-0.7962723026036351,0.6308733272691703,-0.19542813066592987,-0.043058361003662025,-0.02830377963993058,1.7839315098122437,-0.9219462746750797,0.8740763952175529,-0.0972343114368275,-0.05378076798886283,0.03448019804170193,0.09000117304571391,0.09000117304571391,0.0,0.00022790164597760092,0.03530290684497116,-0.00045048077359803726,3.40755881752645e-06,0.01997498027792493,-1.5778190219677901,0,0.06441925046750373
16.03264000000096,2.0004540122993593,-0.9357910543142787,1.1995034555042576,-0.00034010959578278097,-0.049623729076094546,0.0004837999814169277,2.2874933041474024,-1.2911452141477362,1.7238233931826015,0.08650369873659235,-0.03275234058305235,0.11436621853456616,2.0358960241222426,-1.1066167632932107,1.2991929805396298,-0.005457988972485583,-0.043118117934341026,0.07477303077654096,0.09000117304571391,0.09000117304571391,0.0,0.00022729698697896946,0.035197562880175934,-0.00044866772034520756,3.389363847064495e-06,0.019912468911584404,-1.5778198214265986,0,0.06421247067101633
16.03680000000096,2.0004525993700804,-0.9359971726121726,1.1995054631954978,-0.0003391030269549175,-0.04946839149455022,0.00048184589764314824,2.2107137084405593,-0.5689541066660582,0.9997150951041915,-0.059000727557779804,-0.12150045438723475,0.007696433230594486,2.1231832481207027,-0.8380346433812397,1.1494706303897682,-0.0321674385346108,-0.08218248373330064,0.0399504744384197,0.09000117304571391,0.09000117304571391,0.0,0.0002266935524725379,0.03509250813811718,-0.00044686193278844,3.3712670489499616e-06,0.019850145063125456,-1.5778206191523148,0,0.06400633817425294
16.040960000000958,2.0004511906235916,-0.9362026456125742,1.199507462777549,-0.0003380991573045894,-0.04931352009636336,0.00047989969230344124,1.5639953446861714,-0.5981759525346968,1.030367932359834,0.18142575388074902,-0.062410069660379465,0.09515340221072828,1.8439643366682643,-0.7182328502135219,1.0901176086513995,0.0738495696233147,-0.0725766511371449,0.06695005679940486,0.09000117304571391,0.09000117304571391,0.0,0.00022609134217562636,0.03498774195946057,-0.00044506338194614777,3.353267886264499e-06,0.019788008211794033,-1.5778214151491907,0,0.06380085103452085
16.045120000000956,2.00044978604867,-0.9364074752525149,1.1995094542831062,-0.0003370979811804776,-0.049159113585781386,0.00047796133372851715,2.319225916006919,-1.002661728592049,1.4564544846944332,-0.014960924252217485,0.11999359028073307,0.03339185654987368,2.0815664748535716,-0.8601997047893115,1.2733575524874732,0.02986296504646702,0.023700125431760057,0.050419154547275934,0.09000117304571391,0.09000117304571391,0.0,0.00022549035599552284,0.03488326368555769,-0.00044327203886740407,3.33536582502563e-06,0.019726057838060782,-1.577822209421466,0,0.0635960073145276
16.049280000000955,2.0004483856341158,-0.9366116634636403,1.1995114377447327,-0.00033609949293315336,-0.04900517067010548,0.00047603079037641927,2.1403641582588526,-1.3999691520205624,0.8681666902377704,-0.020097109718216887,-0.07534618638704,0.08728189143302906,2.1109234974611844,-1.1302455173813335,1.0709413720883734,0.005092465377494406,-0.02553104002952302,0.0685874300846253,0.09000117304571391,0.09000117304571391,0.0,0.00022489059381597832,0.034779072658565585,-0.00044148787506161427,3.317560334206165e-06,0.019664293423619437,-1.5778230019733683,0,0.06339180508236805
16.053440000000954,2.0004469893687538,-0.9368152121722224,1.199513413194861,-0.0003351036869151734,-0.0488516900596862,0.00047410803083057707,1.5038212296322202,-0.785371301824062,1.1486015415091306,0.11715798075166266,-0.07847872123317545,-0.08479661341322893,1.807610710403999,-0.9579678843939243,1.1095955966805593,0.0616422332914691,-0.0526484169422266,-0.008080805008574788,0.09000117304571391,0.09000117304571391,0.0,0.00022429205528325862,0.03467516822129922,-0.0004397108618586691,3.299850885724733e-06,0.019602714451385145,-1.577823792809113,0,0.06318824241151186
16.057600000000953,2.000445597241431,-0.9370181232991721,1.1995153806657934,-0.0003341105574820658,-0.04869867046791968,0.00047219302380052273,2.045072796862913,-1.5001843029684157,0.910941977245602,-0.01336582990629423,-0.039914524054798825,-0.0772276054909968,1.9263158951895822,-1.229162638498233,1.0101065855036517,0.024008147950193636,-0.04641229564826118,-0.04256312778153629,0.09000117304571391,0.09000117304571391,0.0,0.00022369474066149446,0.034571549717297506,-0.00043794097083795294,3.2822369542555563e-06,0.019541320405492855,-1.5778245819329033,0,0.06298531738079077
16.06176000000095,2.0004442092410186,-0.9372203987600523,1.1995173401897024,-0.00033312009898975244,-0.04854611061124362,0.0004702857381208166,1.8708749138615632,-0.7325577552628137,1.2685664531527578,0.0479019327441521,0.04444465779819414,0.16202403821637404,1.8986957085137555,-0.9807634018723609,1.139673326431899,0.035445117092142965,-0.0014110522715091167,0.060682283598699746,0.09000117304571391,0.09000117304571391,0.0,0.0002230986495503223,0.034468216490889464,-0.00043617817383033984,3.2647180176514178e-06,0.01948011077129574,-1.5778253693489301,0,0.06278302807438593
16.06592000000095,2.0004428253564113,-0.9374220404650903,1.1995192917986304,-0.00033213230579731484,-0.04839400920913293,0.00046838614274998035,2.3144082228156737,-0.6964767515236336,0.8276200502297277,-0.008553336376714302,0.0949809179686808,-0.13310083587794644,2.1065360221224387,-0.8384215586953333,0.9833669280152733,0.01395925630893526,0.04727346653698462,-0.035845449576069006,0.09000117304571391,0.09000117304571391,0.0,0.0002225037817393463,0.03436516788720691,-0.0004344224420635126,3.2472935566127387e-06,0.0194190850353635,-1.5778261550613724,0,0.062581372581815
16.07008000000095,2.0004414455765267,-0.9376230503191907,1.199521235524492,-0.00033114717226619903,-0.04824236498409534,0.00046649420677295967,2.162927461007003,-0.4242626814511168,1.4714203716586833,0.02488322493616552,-0.010479124133645566,-0.13506954891393133,2.1347849987644847,-0.6313607628736169,1.2271154725072682,0.01888863054703974,0.01827806011116401,-0.08513776541854119,0.09000117304571391,0.09000117304571391,0.0,0.00022191013720858257,0.034262403252090345,-0.0004326737480888291,3.2299630546873694e-06,0.019358242685480663,-1.5778269390743969,0,0.06238034899791969
16.074240000000948,2.0004400698903066,-0.9378234302219476,1.1995231713990728,-0.00033016469275941925,-0.04809117666166748,0.0004646098993956069,1.5785005902346425,-0.7821138376758312,0.8623793973040605,0.03763759422157029,-0.12528494336924303,-0.08830600186231312,1.8567172368250033,-0.7069990860859732,1.0445610379366774,0.0282379584586844,-0.05342603207283344,-0.08663954425701276,0.09000117304571391,0.09000117304571391,0.0,0.00022131771548705725,0.03415992193199449,-0.0004309320634307771,3.21272599843443e-06,0.019297583210644932,-1.5778277213921583,0,0.062179955422853414
16.078400000000947,2.0004386982867164,-0.9380231820676577,1.199525099454031,-0.00032918486164343385,-0.04794044297041124,0.00046273318994890416,1.9878119063828266,-0.766009182185559,1.5861874284483222,0.08721355242399086,-0.03627102225194868,0.2018325881887183,1.9224464813563213,-0.7365812065167155,1.3157973749867875,0.05791875518909676,-0.04426454755684385,0.05779642864191591,0.09000117304571391,0.09000117304571391,0.0,0.00022072651629376433,0.03405772327442849,-0.0004291973602983392,3.195581877144788e-06,0.01923710610106565,-1.5778285020187999,0,0.061980189962068034
16.082560000000946,2.0004373307547443,-0.9382223077453323,1.1995270197208971,-0.00032820767328735036,-0.04779016264190839,0.00046086404788607717,2.2157262185925926,-0.7719569989966815,1.036447430279217,-0.011851225790335172,-0.03110503953340256,-0.2725893583595065,2.0690640202065227,-0.7543345299372427,1.1755556500965705,0.022909261113835358,-0.03745384207743594,-0.10842361702147937,0.09000117304571391,0.09000117304571391,0.0,0.00022013653953810984,0.03395580662738082,-0.00042746961094581194,3.178530182858422e-06,0.019176810848161946,-1.5778292809584524,0,0.061781050726301925
16.086720000000945,2.0004359672834022,-0.9384208091387105,1.1995289322310754,-0.00032723312206212887,-0.04764033441075758,0.00045900244278240955,1.5647521841516334,-1.3030969335838665,1.0942157537893584,-0.08999915192457815,-0.13900125791637025,-0.007871172106683658,1.8167162292449355,-1.0290084572400955,1.134869993435364,-0.03298552521206427,-0.08833311016944233,-0.058746449665517286,0.09000117304571391,0.09000117304571391,0.0,0.00021954778489245816,0.03385417133975906,-0.0004257487876741391,3.1615704105425614e-06,0.019116696944561203,-1.577830058215235,0,0.06158253583156702
16.090880000000944,2.0004346078617257,-0.9386186881262713,1.1995308370158435,-0.0003262612023415667,-0.04749095701456946,0.0004571483443349997,1.8944716132041923,-0.9750769640783578,1.280936533054557,0.2114800586276561,-0.1905861885369696,0.02721036529435218,1.8560352068289145,-1.002439100776869,1.2079613493484307,0.08881370512001467,-0.1392829962802962,-0.015998207736180846,0.09000117304571391,0.09000117304571391,0.0,0.00021896025200563742,0.03375281676124245,-0.00042403486304641276,3.1447020579934086e-06,0.01905676388409733,-1.5778308337932547,0,0.061384643399136324
16.095040000000942,2.0004332524787736,-0.9388159465812461,1.1995327341063533,-0.0003252919085023931,-0.047342029193962486,0.0004553017223616211,1.9714495358151942,-0.7862124744842935,0.8314370263721411,0.02561630254887255,-0.09202813099066409,0.013882989368874846,1.9137963500265298,-0.8945164339426416,1.019724933185025,0.05727197333158243,-0.11530107455932496,-0.0008209464542919052,0.09000117304571391,0.09000117304571391,0.0,0.00021837394050293877,0.033651742242240865,-0.00042232780924736173,3.1279246257719926e-06,0.018997011161809046,-1.5778316076966075,0,0.06118737155553144
16.09920000000094,2.000431901123628,-0.9390125863716318,1.1995346235336317,-0.0003243252349243643,-0.04719354969255887,0.00045346254680230804,2.188642340694187,-0.6835142111185888,1.346754474283801,0.12115391599894797,0.17139593475729895,-0.10014370560702571,2.0514717488844743,-0.7886568139381175,1.1830336458719348,0.08993796296310498,0.02777253225841271,-0.050451805977190955,0.09000117304571391,0.09000117304571391,0.0,0.0002177888502000651,0.03355094713396076,-0.00042062759936837375,3.111237617155261e-06,0.018937438273938224,-1.5778323799293765,0,0.060990718432510006
16.10336000000094,2.0004305537853946,-0.9392086093602026,1.1995365053285805,-0.00032336117598946663,-0.04704551725698026,0.0004516307877155072,2.0039251842291312,-0.7559704782913299,1.3151622847257776,-0.0024368696064269637,-0.09615491053555367,0.05326437972919395,2.027692463351715,-0.7725142247742411,1.249210525499757,0.0440458646495321,-0.033794758220821675,0.0009922492915071294,0.09000117304571391,0.09000117304571391,0.0,0.00021720498067567828,0.03345043078847118,-0.0004189342056981286,3.094640538285204e-06,0.01887804471792818,-1.577833150495634,0,0.06079468216705309
16.10752000000094,2.0004292104532024,-0.9394040174045227,1.1995383795219774,-0.00032239972608290134,-0.04689793063684313,0.000449806415281429,2.4580751564189978,-0.8421997495921765,1.81769384467857,0.052397536403765654,-0.23513252617160338,-0.0003006896574115405,2.242996181898033,-0.8078468837740373,1.533454578470634,0.048040820676873736,-0.13428719801346456,0.0008070564040321861,0.09000117304571391,0.09000117304571391,0.0,0.0002166223314849033,0.033350192558449024,-0.0004172476014346297,3.078132898047762e-06,0.018818829992421925,-1.5778339193994402,0,0.060599260901353015
16.111680000000938,2.0004278711162042,-0.9395988123569592,1.1995402461444766,-0.00032144087959317915,-0.046750788584755294,0.00044798939979820266,1.8687910010503181,-1.1660986077226945,1.4388053214140044,0.11396209325642451,-0.05695351869556331,0.2539670588050198,2.056128295010933,-0.9870934026840511,1.4866587805085336,0.08086058663689388,-0.0957751296119579,0.12677039576903684,0.09000117304571391,0.09000117304571391,0.0,0.0002160409021593287,0.03325023179756553,-0.0004155677596183484,3.0617142080022524e-06,0.018759793597260557,-1.5778346866448438,0,0.06040445278280051
16.115840000000937,2.0004265357635753,-0.9397929960646938,1.1995421052266086,-0.00032048463091221527,-0.04660408985631072,0.00044617971168252736,2.3978004445329497,-1.068166100220286,1.1352765894421386,-0.011217075079164113,0.013279437121266259,0.013372899274963436,2.226944082902999,-1.0276025649019378,1.31099396553947,0.034513432832949185,-0.04131878218184998,0.06963455475688408,0.09000117304571391,0.09000117304571391,0.0,0.0002154606926349031,0.03315054786017822,-0.00041389465291871946,3.045383982329513e-06,0.018700935033481466,-1.577835452235882,0,0.06021025596397249
16.120000000000935,2.000425204384515,-0.9399865703697359,1.1995439567987813,-0.00031953097443364125,-0.04645783321008572,0.0004443773214711662,1.616709453043756,-1.1637535156039458,1.2195629867812705,-0.1042430316740361,0.017716075802831188,-0.004602369832195724,1.921605523120287,-1.09564286336824,1.265267465517009,-0.034782701650848756,-0.01145925346863917,0.03290458059988346,0.09000117304571391,0.09000117304571391,0.0,0.0002148817021830811,0.03305114010150359,-0.000412228254704994,3.02914173814993e-06,0.018642253803316626,-1.5778362161765798,0,0.06001666860261949
16.124160000000934,2.000423876968246,-0.9401795371089343,1.1995458008912805,-0.0003185799045555708,-0.04631201740763438,0.0004425821998180294,2.2506522519970673,-1.218225585873969,1.4482122087440759,-0.28084232209771,0.13639719250709556,0.09962021665072199,2.0855466717719886,-1.1566516373843927,1.35694935521047,-0.1576167254963952,0.06258317100868535,0.06576249378018095,0.09000117304571391,0.09000117304571391,0.0,0.00021430393026528483,0.03295200787741573,-0.00041056853840705835,3.0129869951428836e-06,0.01858374941019086,-1.5778369784709516,0,0.0598236888616536
16.128320000000933,2.000422553504014,-0.9403718981139905,1.19954763753427,-0.0003176314156798046,-0.04616664121348484,0.0004407943174938507,1.5790400094402655,-0.8304896561499683,1.0164358135272833,0.010486517917272845,-0.06939430575442537,0.015539158804216491,1.8323130037653095,-0.9937118615406384,1.1867229264962753,-0.07424700444615584,-0.0038015297034460346,0.040459845106758256,0.09000117304571391,0.09000117304571391,0.0,0.00021372737674729702,0.03285315054483276,-0.00040891547730259625,2.9969192755113095e-06,0.01852542135872022,-1.5778377391229998,0,0.059631314909135535
16.132480000000932,2.000421233981088,-0.9405636552114702,1.1995494667577924,-0.00031668550221014254,-0.046021703395133964,0.0004390136453868464,1.8238326536765541,-0.7433485143414365,0.8868659457728933,-0.021570406394167387,-0.006033924598322735,0.000523640253963853,1.8280288054808627,-0.868542194646586,1.0367928125143493,-0.048345752431671996,-0.004336620999104019,0.020789788053816705,0.09000117304571391,0.09000117304571391,0.0,0.00021315204104435453,0.03275456746135538,-0.0004072690449460946,2.980938104309903e-06,0.018467269154710104,-1.5778384981367153,0,0.05943954491826252
16.13664000000093,2.0004199183887605,-0.9407548102228163,1.1995512885917694,-0.0003157421585542577,-0.04587720272304352,0.00043724015450149985,1.6965756907512415,-0.5496059647258744,1.5278350903557718,0.13839321929062,0.14065355018475942,-0.12982377711440618,1.76258959691795,-0.708780018937714,1.2820474156590713,0.04481234419426969,0.06849841569312147,-0.054535168177653304,0.09000117304571391,0.09000117304571391,0.0,0.0002125779225481577,0.032656257985332435,-0.0004056292147425031,2.965043009246491e-06,0.01840929230515356,-1.5778392555160778,0,0.05924837706735613
16.14080000000093,2.0004186067163476,-0.9409453649643605,1.1995531030660025,-0.0003148013791237914,-0.04573313797063609,0.00043547381595915243,1.744872269666442,-1.3084932686833342,2.112651218393962,-0.16468038652140463,0.059848671037837475,0.2526531635874669,1.7533893469850792,-1.0085151695998427,1.697879420951932,-0.06043418843719214,0.06360324547517393,0.09962569252775863,0.09000117304571391,0.09000117304571391,0.0,0.00021200502062687003,0.03255822147603357,-0.0004039959605904096,2.9492335205613166e-06,0.018351490318229614,-1.5778400112650557,0,0.05905780953984971
16.14496000000093,2.000417298953188,-0.9411353212473368,1.1995549102101732,-0.0003138631583344479,-0.045589507914290284,0.0004337146009959374,2.2344328855671693,-1.1790742042074926,1.461815106147911,0.1502116680613638,-0.006052976656523684,0.08340987034042494,1.9942259515747445,-1.093809925273916,1.5800183743543288,0.04534008315167916,0.029479148023874528,0.0918686000303994,0.09000117304571391,0.09000117304571391,0.0,0.00021143333505301552,0.032460457293608275,-0.0004023692562421951,2.9335091709583203e-06,0.01829386270330148,-1.5778407653876059,0,0.0588678405242759
16.149120000000927,2.0004159950886438,-0.9413246808778923,1.199556710053844,-0.0003129274906043061,-0.045446311333336084,0.00043196248096335815,2.2350999387235735,-1.098713381489855,1.135204683185744,0.19374121702407615,0.13820093377975395,0.05705940057342298,2.115069570673656,-1.0959763079696114,1.3577270996385395,0.11858682727501688,0.08483043452743787,0.07446548054283066,0.09000117304571391,0.09000117304571391,0.0,0.0002108628653625207,0.03236296479883094,-0.00040074907573303914,2.917869495909227e-06,0.018236408970914733,-1.577841517887674,0,0.058678468214254806
16.153280000000926,2.0004146951121005,-0.9415134456571009,1.199558502626458,-0.0003119943703548027,-0.04530354701005131,0.0004302174273270761,1.9833898631766351,-0.9077731363406987,1.7923525016029056,-0.15675491319624518,-0.06851294477272686,0.04687508169270285,2.04890412030429,-1.0020165996254589,1.5751413183618788,-0.01972539343356633,0.008500089403923375,0.06020195565317504,0.09000117304571391,0.09000117304571391,0.0,0.00021029361064032288,0.032265743353540585,-0.0003991353927404078,2.9023140336192037e-06,0.01817912863279569,-1.5778422687691942,0,0.058489690808481196
16.157440000000925,2.000413399012967,-0.9417016173809745,1.19956028795734,-0.000311063792012608,-0.045161213729656195,0.0004284794116683844,1.6441454667854905,-0.8325618021795772,0.7784134104522897,-0.13638360902956087,-0.03749134563480693,-0.054596288587991815,1.846240406980496,-0.9173658258409318,1.176658715151595,-0.07906625082645212,-0.014574529182479527,0.0025772002478939085,0.09000117304571391,0.09000117304571391,0.0,0.00020972557037527524,0.03216879232017228,-0.0003975281816549067,2.8868423246381096e-06,0.01812202120184951,-1.57784301803609,0,0.058301506510712746
16.161600000000924,2.0004121067806753,-0.9418891978404758,1.199562066075697,-0.00031013575000793934,-0.045019310280309977,0.0004267484056811808,2.299625931110473,-0.3130068476017127,1.1637318101951948,-0.18872834771962962,0.004152489991903423,0.051521439022821,2.072544559922781,-0.6151733580058665,1.1703021931834976,-0.13425946307808062,-0.0052663907717125855,0.027114527878029808,0.09000117304571391,0.09000117304571391,0.0,0.000209158744247087,0.03207211106225022,-0.00039592741651275714,2.8714539120076907e-06,0.018065086192158582,-1.5778437656922735,0,0.05811391352975724
16.165760000000923,2.0004108184046805,-0.9420761888215303,1.1995638370106185,-0.00030921023877376294,-0.044877835453105384,0.0004250243811734488,2.554825500754163,-0.7196110467317905,1.130106897777269,0.02349497547250689,-0.16343668518087667,-0.01882640465391311,2.313737545655608,-0.6677327015162056,1.1501638711870261,-0.05552298108366691,-0.08442566003791412,0.004740669170738248,0.09000117304571391,0.09000117304571391,0.0,0.00020859313127097334,0.03197569894391923,-0.0003943330718524803,2.8561483415001247e-06,0.018008323118980568,-1.5778445117416453,0,0.05792691007946082
16.16992000000092,2.0004095338744605,-0.9422625921050389,1.199565600791077,-0.0003082872527485596,-0.04473678804206513,0.00042330731006513334,1.6913748569983589,-0.5065622758938062,1.4637633471394957,-0.1546852313730439,-0.09783374251425792,-0.20010238127337845,2.0022312238373043,-0.5873491813871569,1.3065483898325194,-0.10563546362762714,-0.09145142106763249,-0.09708756441525586,0.09000117304571391,0.09000117304571391,0.0,0.00020802873129396242,0.031879555330330836,-0.0003927451218608783,2.8409251611902282e-06,0.0179517314987468,-1.5778452561880953,0,0.057740494378695405
16.17408000000092,2.000408253179517,-0.9424484094668895,1.1995673574459287,-0.00030736678637285507,-0.04459616684413674,0.00042159716438956225,1.7682476659915793,-1.425112412299808,1.0080395657748344,0.05672945709255473,-0.058954965094665926,0.04316651800844553,1.8853573133387334,-1.006356642949803,1.15738067479147,-0.025189506570368937,-0.07647504013420348,-0.02648899641599583,0.09000117304571391,0.09000117304571391,0.0,0.00020746554328508434,0.031783679587334926,-0.000391163541229717,2.825783921941164e-06,0.01789531084906036,-1.5778459990355025,0,0.05755466465134688
16.17824000000092,2.000406976309375,-0.9426336426779695,1.1995691070039132,-0.000306448834092876,-0.044455970659188736,0.00041989391629132576,1.9065901111115313,-1.0827972163916095,0.963563742130036,0.052534790661132424,0.11286376988017918,0.11871436948001957,1.8960832789756257,-1.0443410512087896,1.0607184232913058,0.013596822325684406,0.01738405978619587,0.04579150971001762,0.09000117304571391,0.09000117304571391,0.0,0.00020690356661728492,0.03168807108181258,-0.00038958830451587905,2.810724176917592e-06,0.01783906068869443,-1.5778467402877343,0,0.057369419126302446
16.182400000000918,2.000405703253582,-0.9428182935041778,1.199570849493655,-0.0003055333903588631,-0.044316198290005375,0.000418197538026808,1.929213051860629,-0.897585795623179,0.4058050416654134,0.1714458849095401,-0.030225527526278877,0.07445681742922772,1.9130042521533785,-0.9710259062382507,0.7334122205436906,0.09287069792363299,-0.006109219117098695,0.06002481546775523,0.09000117304571391,0.09000117304571391,0.0,0.0002063428008543662,0.03159272918126067,-0.00038801938657037,2.795745481688976e-06,0.017782980537590365,-1.5778474799486477,0,0.057184756037439034
16.186560000000917,2.0004044340017084,-0.9430023637064373,1.1995725849436631,-0.0003046204496242728,-0.04417684854228316,0.0004165080019629554,2.3668798242046587,-1.044345291086049,0.5388214766742173,-0.29230519062191185,-0.11003818771116927,0.07293577137576482,2.1393367770382667,-1.0079143954432217,0.6362664633212837,-0.09947581737604065,-0.0583519480012376,0.06682947988208716,0.09000117304571391,0.09000117304571391,0.0,0.0002057832451095844,0.031497653254284955,-0.00038645676189780643,2.780847394440969e-06,0.017727069916856047,-1.5778482180220883,0,0.05700067362361059
16.190720000000915,2.0004031685433485,-0.9431858550407066,1.1995743133823322,-0.00030371000634765163,-0.04403792022462529,0.000414825280578658,2.235921933836531,-1.3142726547016872,0.9882780806374967,0.07781374482157477,0.04466995945005118,0.007859279318144908,2.187791362234361,-1.161001150872747,0.8122908657701717,-0.01059264353626308,-0.007619678083302968,0.03745224381951993,0.09000117304571391,0.09000117304571391,0.0,0.00020522489890055615,0.03140284267018477,-0.00038490040572726806,2.7660294757148854e-06,0.017671328348763962,-1.577848954511891,0,0.05681717012863636
16.194880000000914,2.0004019068681194,-0.9433687692579922,1.1995760348379425,-0.0003028020549909479,-0.04389941214853785,0.0004131493464617353,1.7089591187843016,-1.4188893799841429,0.9949789045450799,0.014804274616860067,0.047143258760179385,-0.22166402746859243,1.948402976299012,-1.2898499106369083,0.9031764819018472,0.0019628474829280922,0.020189715069789227,-0.09274955445252571,0.09000117304571391,0.09000117304571391,0.0,0.0002046677612943526,0.03130829679912531,-0.0003833502929447756,2.75129128861855e-06,0.017615755356749467,-1.5778496894218799,0,0.05663424380128873
16.199040000000913,2.0004006489656607,-0.9435511081043606,1.1995777493386606,-0.0003018965900213861,-0.04376132312842525,0.0004114801723103261,1.7681640297411416,-0.9231346289323684,0.8305375481451049,-0.04606207870214399,-0.09943142801316383,-0.08151299218068356,1.8581848213809373,-1.1066969265964492,0.8666869888499422,-0.021271126274393284,-0.03941681767171709,-0.08714486309074174,0.09000117304571391,0.09000117304571391,0.0,0.00020411183176240514,0.03121401501225672,-0.00038180639873580256,2.7366323985609672e-06,0.017560350465409012,-1.577850422755868,0,0.05645189289528093
16.203200000000912,2.000399394825636,-0.9437328733209506,1.1995794569125395,-0.00030099360590977856,-0.04362365198158522,0.00040981773093160553,2.2254498435401566,-0.6650566743897202,1.7471743305317298,0.02561989476034963,0.04307934784917717,0.028993712921735856,2.041872262475984,-0.885783976179107,1.3069967689096629,0.0026178661980762316,0.0017634037420614515,-0.028910839063548986,0.09000117304571391,0.09000117304571391,0.0,0.0002035571093255994,0.0311199966815124,-0.00038026869815893237,2.7220523734608872e-06,0.017505113200498253,-1.577851154517658,0,0.056270115669255126
16.20736000000091,2.0003981444377312,-0.9439140666439848,1.1995811575875197,-0.00030009309713239986,-0.04348639752820464,0.00040816199524230614,2.3656531630765407,-1.1759493208771108,0.9930681157711825,0.09708661017955693,0.09433073958636369,0.062206482309619865,2.2039654465617673,-1.0306714143861555,1.1501609328189757,0.0505526346848964,0.04753175978372191,0.016017134196585948,0.09000117304571391,0.09000117304571391,0.0,0.0002030035934091816,0.031026241179674438,-0.00037873716657486596,2.7075507834846824e-06,0.01745004308893027,-1.5778518847110412,0,0.056088910386770455
16.21152000000091,2.0003968977916555,-0.9440946898047822,1.199582851391429,-0.0002991950581692984,-0.043349558591355065,0.00040651293826742956,2.1373619269050166,-1.3897116341627758,0.9971833322401893,0.13210608997717319,-0.04386652700705312,-0.04855759816813688,2.170938918598707,-1.2102855041550964,1.0735705747670796,0.09088124382483626,0.0019473277613663172,-0.01651184953781134,0.09000117304571391,0.09000117304571391,0.0,0.00020245128320180064,0.03093274788043905,-0.00037721177943424926,2.6931272012513244e-06,0.01739513965877379,-1.5778526133397988,0,0.05590827531629088
16.21568000000091,2.000395654877141,-0.9442747445297697,1.1995845383519839,-0.00029829948350527946,-0.04321313399698801,0.0004048705331398338,1.922671359410202,-0.3909130566262642,1.57570758506886,0.14613817265107965,0.028400680329072045,0.04670838926782861,2.0471064826989473,-0.8005345538970746,1.3247399169614353,0.11893036799808972,0.015210606248176984,0.015011877775577977,0.09000117304571391,0.09000117304571391,0.0,0.0002019001778690129,0.030839516158375227,-0.0003756925124931763,2.678781201747792e-06,0.01734040243925134,-1.5778533404077009,0,0.055728208731173234
16.219840000000907,2.000394415683943,-0.9444542325404944,1.1995862184967885,-0.000297406367629998,-0.0430771225739304,0.0004032347530989494,1.8954656259785094,-1.0677573732705838,1.348637145233161,0.04258406108597465,-0.10587356363262221,0.036550989077380726,1.9713725465842502,-0.9343679030232701,1.3367635020594018,0.08125267785350083,-0.045393153288433234,0.026367278739338595,0.09000117304571391,0.09000117304571391,0.0,0.00020135027676723065,0.030746545388936675,-0.00037417934095850523,2.6645123622683445e-06,0.017285830960737436,-1.577854065918507,0,0.05554870890965521
16.224000000000906,2.0003931802018386,-0.9446331555536356,1.1995878918533365,-0.0002965157050371603,-0.042941523153879994,0.0004016055714930343,1.7594401728029387,-0.9604154771766408,1.2192581025244615,-0.05833791040189976,-0.14728035943465784,-0.03745237483208175,1.8652835407172499,-0.9476974488308398,1.2779311178383599,0.011463828837184878,-0.09669682561365828,-0.005075724599894805,0.09000117304571391,0.09000117304571391,0.0,0.0002008015790162692,0.03065383494842036,-0.0003726722407722154,2.650320262551483e-06,0.01723142475475673,-1.577854789875966,0,0.055369774134843446
16.228160000000905,2.000391948420629,-0.9448115152810164,1.1995895584490106,-0.0002956274902255067,-0.042806334571400956,0.0003999829617760886,2.0428860274607796,-0.5402919687744623,1.2954616055502175,-0.10375928597459202,-0.0833251557604569,-0.16686569807117327,1.9538689272728038,-0.7441646277654208,1.2863482287804633,-0.04552330012263239,-0.0902734803102296,-0.08539307173562963,0.09000117304571391,0.09000117304571391,0.0,0.0002002540839267995,0.030561384214085385,-0.0003711711875438858,2.6362044846539374e-06,0.017177183353982238,-1.5778555122838165,0,0.055191402694701484
16.232320000000904,2.000390720330139,-0.944989313429616,1.1995912183110835,-0.00029474171769801316,-0.04267155566391895,0.0003983668975092174,2.0914690407625467,-0.8428850900132916,1.404904869283185,-0.02302306078529627,-0.05093068400150708,0.022010766131514276,2.022623273242126,-0.7936317339126608,1.3456726518223432,-0.03485819626537755,-0.0704844441708157,-0.03145349054276485,0.09000117304571391,0.09000117304571391,0.0,0.0001997077901449984,0.03046919256405803,-0.0003696761571932055,2.6221646130507427e-06,0.017123106292233438,-1.577856233145786,0,0.055013592882037825
16.236480000000903,2.000389495920214,-0.9451665517015815,1.1995928714667183,-0.00029385838196465693,-0.04253718527171662,0.00039675735235929855,1.6214124921515771,-0.9582288249945297,0.8946735115907796,-0.060581749405247014,0.06333552172555301,-0.05793948640816752,1.8218889682733823,-0.8757992930413698,1.120050517545871,-0.04767087711773101,-0.003776386783709986,-0.045225707812894186,0.09000117304571391,0.09000117304571391,0.0,0.00019916269757675343,0.030377259377290217,-0.00036818712595197397,2.6082002341395576e-06,0.01706919310447444,-1.5778569524655919,0,0.05483634299449419
16.2406400000009,2.000388275180724,-0.9453432317942395,1.1995945179429688,-0.0002929774775371642,-0.04240322223792928,0.0003951543000976793,1.7015094467400402,-1.1949744123496364,0.6734089231939286,-0.03124517492393408,-0.048403997994676595,-0.07344475714408374,1.761633730017606,-1.035491382080391,0.8965747638404676,-0.03962925475708124,-0.025309796193164924,-0.05978146913808887,0.09000117304571391,0.09000117304571391,0.0,0.0001986188048229442,0.03028558403367823,-0.00036670406972358566,2.594310937041723e-06,0.017015443326812187,-1.577857670246941,0,0.05465965133453351
16.2448000000009,2.0003870581015617,-0.9455193554001085,1.1995961577667795,-0.00029209899893444495,-0.042269665408540054,0.0003935577146015064,1.8790761560139277,-1.0973595192148489,1.304175528713413,0.026830079709433772,0.007020776322093657,-0.033465624923257935,1.820411671710159,-1.0664114326535816,1.1003071195183518,-0.006452456732429444,-0.009073445857063435,-0.046013887631173776,0.09000117304571391,0.09000117304571391,0.0,0.00019807611110231544,0.030194165914021256,-0.0003652269645113731,2.5804963129246613e-06,0.016961856496494607,-1.5778583864935294,0,0.05448351620942805
16.2489600000009,2.000385844672642,-0.94569492420691,1.1995977909649873,-0.0002912229406800151,-0.04213651363237526,0.0003919675698532887,1.936083524916769,-0.9342220285598215,1.4648058995939475,0.08609898940744966,0.10502262633355758,-0.03833587746184303,1.8784282514597572,-1.0000967902750921,1.2824795770302464,0.039451742780912444,0.04769257110800696,-0.042297702798214536,0.09000117304571391,0.09000117304571391,0.0,0.00019753461561096322,0.030103004399979663,-0.0003637557870624494,2.5667559551820606e-06,0.016908432151908744,-1.5778591012090435,0,0.054307935931247636
16.253120000000898,2.000384634883903,-0.9458699398975813,1.1995994175643203,-0.00029034929730208776,-0.042003765761099904,0.0003903838399377628,1.6535764019887356,-1.1438740231307485,1.1642630458294323,-0.16023782965019948,0.017934964237471436,-0.023255195564750173,1.7656676709902435,-1.0719509214542209,1.223322255588002,-0.060480127905635145,0.03368737043906163,-0.032845709374226116,0.09000117304571391,0.09000117304571391,0.0,0.00019699431752233485,0.030012098874140428,-0.0003622905131576747,2.5530894595056128e-06,0.01685516983257894,-1.5778598143971587,0,0.054132908816847757
16.257280000000897,2.0003834287253057,-0.9460444041502863,1.1996010375913997,-0.0002894780633336643,-0.041871420649212975,0.0003888064990459205,2.7985093120504025,-1.1383568149422856,1.3196709851459147,0.010882624593869242,-0.030443753828466567,0.07675658672223823,2.2821184436839377,-1.1052161876970223,1.2716576869417076,-0.024846269492915005,0.0009203805304116069,0.021592167956141363,0.09000117304571391,0.09000117304571391,0.0,0.00019645521577328097,0.029921448720028845,-0.00036083111975136447,2.5394964239095963e-06,0.016802069079164976,-1.5778605260615404,0,0.0539584331878577
16.261440000000896,2.0003822261868334,-0.9462183186384282,1.1996026510727391,-0.0002886092333135174,-0.04173947715404262,0.0003872355214700703,1.6040571058799318,-0.7946370775399836,0.746433426081561,-0.10583642959661049,-0.007179489758885521,-0.07928291222264769,1.9428627280849589,-0.9499405376814164,1.0088787040790357,-0.06525669443706894,-0.0025783781891535636,-0.0296702689968002,0.09000117304571391,0.09000117304571391,0.0,0.00019591730949150782,0.02983105332201355,-0.00035937758304841567,2.5259764485496127e-06,0.01674912943346017,-1.5778612362058435,0,0.05378450737066889
16.265600000000894,2.0003810272584928,-0.9463916850306605,1.199604258034746,-0.0002877428017853922,-0.04160793413574179,0.00038567088160694366,2.1666710533431135,-0.6929991012571187,1.2623268217190196,-0.0973889143770946,-0.002277687933552458,-0.025835369789988696,2.0545641084035626,-0.8214735614213378,1.1355511371545852,-0.0804637519736525,-0.0020422419318786066,-0.02791538251281942,0.09000117304571391,0.09000117304571391,0.0,0.00019538059756812464,0.02974091206542509,-0.00035792988000217,2.5125291357934628e-06,0.016696350438389573,-1.5778619448337128,0,0.053611129696422975
16.269760000000893,2.0003798319303123,-0.9465645049908992,1.1996058585037208,-0.0002868787632989895,-0.04147679045728332,0.000384112553954553,1.9330013328744438,-1.0146249975549932,0.9162210317774981,0.09310712739736625,-0.05171478620954332,0.11620836720902057,1.9939756164974909,-0.9181588872642498,1.0261269616293351,0.006269047200211155,-0.026543100049150538,0.04379976915181976,0.09000117304571391,0.09000117304571391,0.0,0.00019484507951299354,0.029651024336407386,-0.00035648798703272005,2.499154090064718e-06,0.016643731638008082,-1.5778626519487826,0,0.05343829850100032
16.273920000000892,2.000378640192344,-0.9467367801783344,1.1996074525058589,-0.0002860171124073838,-0.04134604498445571,0.00038256051311439917,2.2820430986376667,-0.7785495775899328,1.681751220231702,-0.09586013714476432,0.10180566239896136,0.0742113194548145,2.1378122048556865,-0.8481411838590986,1.3540967975866696,-0.04489375274466984,0.03746975809085189,0.05959909135649581,0.09000117304571391,0.09000117304571391,0.0,0.00019431075395842233,0.029561389522196682,-0.00035505188109709643,2.485850918286306e-06,0.016591272577498626,-1.5778633575546774,0,0.053266012125007874
16.27808000000089,2.000377452034662,-0.9469085122474421,1.1996090400672497,-0.0002851578436706773,-0.04121569658585767,0.0003810147337891796,1.8462172617631836,-0.7838823618762789,1.3702661514957017,0.09858895975341542,-0.07443080875916772,0.045819362098712596,1.99221656594773,-0.8161654644633168,1.3622766420655548,0.02741018414176234,-0.018796809575642157,0.05282962539303488,0.09000117304571391,0.09000117304571391,0.0,0.0001937776201550275,0.029472007010759207,-0.00035362153904942113,2.472619229369878e-06,0.016538972803170203,-1.5778640616550113,0,0.05309426891376782
16.28224000000089,2.0003762674473635,-0.9470797028479958,1.199610621213878,-0.00028430095165342016,-0.04108574413289425,0.00037947519078323735,2.097804105120776,-1.1156161432557485,1.2599967719139389,0.11228404787612796,0.13312549440866103,-0.05947277059340568,2.0452430434311792,-0.9656155927745526,1.3110138192330891,0.07060068757275761,0.056957797764566144,-0.004049864246779227,0.09000117304571391,0.09000117304571391,0.0,0.00019324567690332407,0.029382876191123508,-0.0003521969380699138,2.4594586344841856e-06,0.016486831862456093,-1.577864764253388,0,0.052923067217305636
16.28640000000089,2.000375086420568,-0.9472503536250781,1.1996121959716237,-0.00028344643092648283,-0.04095618649977153,0.00037794185900114806,1.9382713445212207,-1.2502859723392032,0.9488753076181857,0.04373147130093386,0.07892362780015763,-0.03866870605163649,1.9918472138629055,-1.1077877115593282,1.1298639495952119,0.05726000786320311,0.06750456938739229,-0.022487043648640275,0.09000117304571391,0.09000117304571391,0.0,0.00019271492340863143,0.029293996453124943,-0.00035077805502437866,2.4463687468168107e-06,0.01643484930391194,-1.5778654653534019,0,0.052752405390338604
16.290560000000887,2.0003739089444177,-0.9474204662190927,1.199613764366263,-0.00028259427606536626,-0.04082702256349239,0.0003764147134490197,2.20402414928604,-0.8860850855388598,1.5551006456396954,0.05700685415535915,-0.09228062720053662,-0.25450339272221706,2.09805472884437,-0.9971251944342956,1.3419550730129368,0.057619108700717736,-0.01314414951356774,-0.13807620622756558,0.09000117304571391,0.09000117304571391,0.0,0.00019218535864011618,0.029205367187631073,-0.00034936486732088786,2.433349181792969e-06,0.016383024677213906,-1.5778661649586363,0,0.05258228179226397
16.294720000000886,2.0003727350090776,-0.9475900422657754,1.1996153264234681,-0.00028174448165118265,-0.0406982512038514,0.00037489372923219785,1.8821731494303033,-0.8854378396598981,0.438863524134149,-0.18176382345133124,-0.17915129421476397,0.01647343062161736,1.9897350225372943,-0.9416537935749388,0.8904377203362791,-0.06237318500844567,-0.09593102086741313,-0.06104057800868164,0.09000117304571391,0.09000117304571391,0.0,0.00019165698133034772,0.029116987786286117,-0.0003479573522699327,2.420399556998132e-06,0.016331357533156756,-1.5778668630726653,0,0.05241269478714757
16.298880000000885,2.000371564604735,-0.9477590833962063,1.199616882168808,-0.00028089704227163834,-0.04056987130343068,0.0003733788815556454,1.4944333586604408,-1.355533026255476,1.126519483393927,-0.0036926414700029736,-0.19811596663362666,0.16113771045527725,1.7420729076540902,-1.1490067817949536,1.0088166232470208,-0.03297103805452259,-0.1477861400575001,0.04945366267901099,0.09000117304571391,0.09000117304571391,0.0,0.0001911297908306482,0.02902885764184318,-0.0003465554870850909,2.407519491940945e-06,0.016279847423652058,-1.5778675596990528,0,0.05224364274371188
16.303040000000884,2.0003703977215994,-0.9479275912368212,1.1996184316277485,-0.0002800519525184522,-0.04044188174759445,0.0003718701457243591,1.95797001146426,-0.8537633542251418,1.5130274324982171,-0.15896025961986326,-0.18728323624430707,-0.009452028698375027,1.8496921406353106,-1.0017733270722715,1.2609055117966084,-0.09586288667001225,-0.16715646102892065,0.02018939132941108,0.09000117304571391,0.09000117304571391,0.0,0.00019060378582873403,0.02894097614785536,-0.00034515924909786304,2.3947086084544476e-06,0.016228493901726204,-1.5778682548413525,0,0.05207512403532462
16.307200000000883,2.0003692343499035,-0.9480955674094232,1.1996199748256533,-0.000279209206990118,-0.04031428142448488,0.0003703674971428076,1.9034178465558507,-1.2253556303193547,1.4103362393141343,0.014319283219183913,-0.00508386248446753,0.11635439228192167,1.8765856927126081,-1.1135769724627604,1.3358643602279274,-0.04103825448638423,-0.08595985149225589,0.06806124558621214,0.09000117304571391,0.09000117304571391,0.0,0.00019007896541712612,0.02885334269884747,-0.00034376861618734566,2.381966530347604e-06,0.016177296521518565,-1.5778689485031083,0,0.05190713703998721
16.31136000000088,2.000368074479902,-0.9482630135311941,1.1996215117877838,-0.0002783688002902142,-0.04018706922501714,0.00036887091131266307,2.3852874184125255,-0.49775359803543456,1.6269125869885286,-0.04478001330647873,-0.13005927682162932,-0.10712179985343923,2.1308464867066874,-0.8059310156970164,1.4811668572378447,-0.04267455105587659,-0.10823747029111867,-0.019113840834236114,0.09000117304571391,0.09000117304571391,0.0,0.0001895553284521922,0.028765956690274277,-0.0003423835657120431,2.369292883571462e-06,0.016126254838279626,-1.577869640687854,0,0.05173968014032309
16.31552000000088,2.000366918101873,-0.9484299312147061,1.1996230425392997,-0.0002775307270283851,-0.04006024404287475,0.00036738036383492264,2.3598265483964416,-1.2198428335080367,1.5141254626096048,-0.10548670650491528,-0.15199498116705487,0.07076657047714781,2.2451174091288646,-1.0132061340284233,1.4977932292411982,-0.07345083369624404,-0.13003267030493978,0.025990693492624613,0.09000117304571391,0.09000117304571391,0.0,0.00018903287376765155,0.028678817518532018,-0.0003410040755800546,2.3566872961139415e-06,0.01607536840836906,-1.5778703313991143,0,0.05157275172356624
16.31968000000088,2.0003657652061153,-0.9485963220679332,1.1996245671052599,-0.0002766949818204319,-0.03993380477450475,0.00036589583040762003,2.3156945276561567,-1.4650406686111257,1.4547210108506978,0.07670333755284574,-0.012711326160392063,0.021108350756075648,2.280565929484699,-1.2391534188470097,1.4763000773678672,0.0016519752016076203,-0.07117917298117116,0.02386047284788664,0.09000117304571391,0.09000117304571391,0.0,0.00018851160038852333,0.028591924580969916,-0.00033963012360922664,2.344149397922388e-06,0.016024636789253872,-1.577871020640403,0,0.05140635018154963
16.323840000000878,2.0003646157829515,-0.9487621876942628,1.1996260855106216,-0.00027586155928751254,-0.039807750319112954,0.0003644172868261508,2.188484959146205,-0.37783612355685947,1.4044384151652092,-0.018615221178462527,-0.11861222136283717,0.12711020341711085,2.2344862905467093,-0.8087362827452197,1.4406336338927204,-0.008581150371891402,-0.09449422478160528,0.07523593022177322,0.09000117304571391,0.09000117304571391,0.0,0.00018799150731762236,0.0285052772757948,-0.00033826168731364834,2.33167882103625e-06,0.01597405953950646,-1.577871708415225,0,0.051240473910693876
16.328000000000877,2.000363469822726,-0.9489275296925072,1.1996275977802424,-0.00027503045405623115,-0.039682079578659525,0.0003629447089845371,2.0265157240816296,-0.3721602537757862,1.12738848764298,0.034888076992489137,-0.28444880866639355,0.04168109139337153,2.1305715792177926,-0.5910360929718249,1.2840947867120005,0.013409857789042027,-0.18982748856655543,0.05883454954318426,0.09000117304571391,0.09000117304571391,0.0,0.00018747259332161032,0.02841887500229638,-0.0003368987454028464,2.3192751996312372e-06,0.01592363621880278,-1.5778723947270747,0,0.051075121311995444
16.332160000000876,2.0003623273158064,-0.9490923496569149,1.1996291039388793,-0.00027420166075961896,-0.03955679145785361,0.00036147807287041905,2.1189276302696443,-1.261767037322602,1.3733057468067689,-0.013125389394244593,-0.11478478474021263,-0.0717694871968835,2.1247213310899076,-0.9266446023472272,1.328550893214205,0.0005727178654983084,-0.1525057939847967,-0.006113219294261812,0.09000117304571391,0.09000117304571391,0.0,0.00018695485714450059,0.02833271716064502,-0.0003355412752164002,2.306938169853637e-06,0.015873366387920376,-1.5778730795794376,0,0.05091029079101538
16.336320000000875,2.0003611882525814,-0.9492566491771822,1.1996306040111901,-0.0002733751740372256,-0.039431884864148885,0.0003600173545707266,2.340368972699294,-1.0972674307761618,1.3911225737183484,0.11973631479981786,-0.10301553524712448,0.04392367229348397,2.232797190257353,-1.012172193540126,1.3599282866408196,0.05943461582927738,-0.12742064196488473,0.01901965174617527,0.09000117304571391,0.09000117304571391,0.0,0.00018643829793555484,0.028246803151849575,-0.0003341892555048286,2.2946673697184863e-06,0.015823249608736482,-1.5778737629757889,0,0.050745980757868035
16.340480000000873,2.0003600526234626,-0.9494204298384644,1.199632098021733,-0.0002725509885334273,-0.0393073587077392,0.00035856253026581486,2.247374869240875,-0.8704289856539987,1.0081214569731258,0.056531520461707334,-0.20577761072548262,0.08669580112481597,2.240202365503295,-0.9417285891572766,1.1842009977074244,0.05863246621214442,-0.16612290777655916,0.053688648384011745,0.09000117304571391,0.09000117304571391,0.0,0.00018592291439437731,0.028161132377982664,-0.0003328426640790438,2.2824624393996958e-06,0.01577328544422621,-1.5778744449195943,0,0.05058218962720945
16.344640000000872,2.000358920418884,-0.9495836932213876,1.1996335859949674,-0.0002717290988992974,-0.03918321190155337,0.00035711357623330645,2.127454113327792,-0.8053854655157668,1.5271519395111515,0.15227486557866285,-0.08006910873560984,-0.0020036303365618294,2.184145017562543,-0.8737221060046012,1.3556746118139154,0.10504385980689517,-0.12334611122976655,0.02588891403473141,0.09000117304571391,0.09000117304571391,0.0,0.00018540870541187233,0.028075704242138663,-0.0003315014795217163,2.2703230210025357e-06,0.015723473458460584,-1.5778751254143097,0,0.05041891581822577
16.34880000000087,2.000357791629302,-0.9497464409020595,1.1996350679552543,-0.0002709094997918063,-0.03905944336125005,0.0003556704688448945,2.0322300547222882,-0.9808446125000494,1.2426227824909157,0.01861653288344433,0.02941456430324651,-0.022526437141771535,2.10822625714324,-0.9272221019980613,1.2991015096185425,0.06132499224932095,-0.04737243438217404,0.001464171530478405,0.09000117304571391,0.09000117304571391,0.0,0.00018489566985673965,0.027990518148177948,-0.00033016568011975315,2.2582487586150237e-06,0.015673813216604576,-1.5778758044633818,0,0.05025615775462225
16.35296000000087,2.000356666245194,-0.9499086744520813,1.1996365439268566,-0.000270092185873911,-0.038936052005213766,0.0003542331845675316,2.4165730770352827,-1.1201641726121478,1.8805833267650032,0.2669943781898226,-0.007106559877892188,-0.040526739738186636,2.2629566793695406,-1.0237097836487867,1.5897613211435815,0.16438016658912435,-0.02699454030367128,-0.019109537450332358,0.09000117304571391,0.09000117304571391,0.0,0.0001843838065754748,0.02790557350100531,-0.00032883524429263926,2.246239298315363e-06,0.015624304284915284,-1.5778764820702473,0,0.05009391386461175
16.35712000000087,2.0003555442570615,-0.9500703954385585,1.1996380139339398,-0.0002692771518146442,-0.038813036754549744,0.0003528016999628696,1.863323484876759,-0.9940863266563018,0.5859493386326043,-0.10785677020545532,-0.0148654159262709,-0.126731578744702,2.0629133662721655,-1.0089289900944214,1.0875848704591877,0.028077398226192613,-0.020823720218468324,-0.07299191625028735,0.09000117304571391,0.09000117304571391,0.0,0.0,0.0,-5.0,6.986291661114262e-05,0.015574641957722742,-1.586589165696203,0,2.2679571897595414
16.361280000000868,2.0003544224631855,-0.9502320884253233,1.1995526781309565,-0.00026923053026583897,-0.03880631682352277,-0.020480592716019177,2.0887330046412402,-0.8532155870090095,1.0342652557202812,0.0885796820049878,-0.24013550954508578,0.0014108347656790095,2.0760089658652205,-0.9315704774619266,1.0609504068492719,0.057672375994388424,-0.13055999681220518,-0.04674991823831022,0.09000117304571391,0.09000117304571391,0.0,0.0,0.0,-0.5166043776781475,0.00017127629820255867,0.015547573455686827,-1.5953018493221587,0,2.2678738401836025
16.365440000000866,2.000353300864479,-0.9503937532807418,1.199458388348695,-0.00026918368953770226,-0.03879956530045248,-0.02262954774278746,2.036832870024443,-1.6375490634884353,1.320262274914467,0.027092725619941152,-0.084644472180189,0.13253907362240447,2.056476769769959,-1.284740294334965,1.1908857432777653,0.04249323521895689,-0.10783321169633556,0.04196448907168015,0.09000117304571391,0.09000117304571391,0.0,0.0,0.0,-0.5077119128715092,0.0002895540998027003,0.015531206877581413,-1.6040145329481144,0,2.2677897279320596
16.369600000000865,2.0003521794611023,-0.9505553899817569,1.1993553005443405,-0.00026913681041741797,-0.03879280824361957,-0.02474107304504368,2.2027322671944303,-1.193874272715175,1.9558002089930908,-0.08904348355926907,0.0246398578695525,0.02523464718786194,2.129420784030118,-1.239255603544645,1.5734021027664546,-0.023483074738434105,-0.0415060819724105,0.03298188692599383,0.09000117304571391,0.09000117304571391,0.0,0.0,0.0,-0.4989430128306963,0.0004162250716517009,0.015519601904965832,-1.61272721657407,0,2.267704867752029
16.373760000000864,2.0003510582532256,-0.950716998503793,1.199243568506743,-0.00026908989037706686,-0.03878604528865513,-0.026815689023353028,1.9234322565521065,-1.4467397561113353,1.4588383850932236,-0.05779436815162621,0.015690228452733775,0.06684555248624853,2.0263056007836946,-1.3429648561404013,1.5162593825965835,-0.04098873828355037,-0.013700322142275616,0.04947710576113569,0.09000117304571391,0.09000117304571391,0.0,0.0,0.0,-0.490296053984267,0.0005470484366709536,0.01550978877152023,-1.6214399002000257,0,2.2676192742775387
16.377920000000863,2.0003499372410287,-0.9508785788209915,1.1991233438849853,-0.00026904292728028846,-0.038779276127628715,-0.028853909221858313,1.9152394662730552,-1.0460471121137813,1.7395234946809612,-0.09886850423373353,0.03159822881976944,-0.09923032471843199,1.9705655220694465,-1.1944377005260685,1.6276892889465828,-0.06964090392198566,0.008714037569084395,-0.02615776101910777,0.09000117304571391,0.09000117304571391,0.0,0.0,0.0,-0.4817694338109574,0.0006798986573334254,0.015500283043439785,-1.6301525838259814,0,2.267532962026525
16.38208000000086,2.0003488164246983,-0.9510401309064233,1.1989947762165407,-0.00026899591934475696,-0.03877250050363966,-0.030856240426717238,2.236951498730833,-0.9782341643378569,1.504704313019783,0.09947122736606805,0.057687251043648344,-0.04206133779510667,2.103968050431996,-1.0862148181259004,1.5661110908402816,0.014529891666402478,0.03338329557993531,-0.0353764045066229,0.09000117304571391,0.09000117304571391,0.0,0.0,0.0,-0.47336157052981315,0.0008137078199215526,0.015490343008524896,-1.638865267451937,0,2.2674459453980322
16.38624000000086,2.000347695804427,-0.9512016547322799,1.1988580129550348,-0.00026894886510603713,-0.038765718205607376,-0.03282318276143949,1.7348150188794782,-0.6002021449731095,1.3623435672898405,0.035088786615154105,-0.12669796622435003,-0.13460564819540788,1.919463289828855,-0.843468136858338,1.4639470825761962,0.02415665145548371,-0.046874001623803896,-0.08554014082099715,0.09000117304571391,0.09000117304571391,0.0,0.0,0.0,-0.46507090280172725,0.0009479368274248914,0.01547959836964637,-1.6475779510778927,0,2.2673582386695785
16.39040000000086,2.000346575380413,-0.9513631502700439,1.1987131994976206,-0.00026890176338355135,-0.03875892906336592,-0.034755229779408696,1.9341901124481329,-1.116746166672836,1.4985020344843174,-0.03766750269638328,-0.05911643846665074,0.017383143987733503,1.9267488804140984,-0.9802319477266127,1.481262810431358,-0.006955120480362257,-0.05303135025168252,-0.034976398474680634,0.09000117304571391,0.09000117304571391,0.0,0.0,0.0,-0.4568958894407088,0.0010823109967075144,0.015467864590447687,-1.6562906347038484,0,2.267269855994715
16.39456000000086,2.000345455152858,-0.9515246174906403,1.1985604792119795,-0.00026885461324907675,-0.03875213294312322,-0.036652868553857555,1.9169437059828478,-1.1212958271880702,1.1376089000926424,-0.0017940276488620079,-0.07800620851286044,0.08721185879246734,1.921842143860506,-1.0509271741002624,1.3096151448742237,-0.004206995342194556,-0.06549366472821444,0.025967488086749698,0.09000117304571391,0.09000117304571391,0.0,0.0,0.0,-0.4488350091349179,0.0012166878577647604,0.015455050067228818,-1.665003318329804,0,2.2671808114007432
16.398720000000857,2.0003443351219663,-0.9516860563645708,1.1983999934629563,-0.0002688074139979587,-0.03874532974331185,-0.03851657976554547,2.49970827546937,-0.9204494916475449,0.5691508527258228,-0.05520717981137859,-0.05129025247423988,0.029140972694548156,2.2106636804891537,-0.9857950439093002,0.9394421309288067,-0.029346341006360892,-0.057940005562517716,0.025774379202404628,0.09000117304571391,0.09000117304571391,0.0,0.0,0.0,-0.4408867601742874,0.0013509910539839835,0.01544110971399031,-1.6737160019557598,0,2.267091118786607
16.402880000000856,2.000343215287945,-0.9518474668620326,1.1982318816388382,-0.0002687601651230642,-0.03873851939083473,-0.04034683778835176,2.4221191889540163,-1.0219774481827735,1.1027388108971923,-0.044363024506342205,-0.1272230580582142,-0.013274131493937111,2.3163002747529546,-1.0041519103346273,1.0210668141518975,-0.036677818942680615,-0.0921968302553817,0.0049012866598983,0.09000117304571391,0.09000117304571391,0.0,0.0,0.0,-0.43304966018754015,0.0014851772928713624,0.015426021754128638,-1.6824286855817154,0,2.2670007919209305
16.407040000000855,2.000342095651002,-0.952008848953023,1.1980562811772841,-0.0002687128662913895,-0.038731701837693415,-0.04214411077298487,1.9376753112401943,-0.6722505115333428,0.570426248879679,-0.05810866679820632,-0.06930763931646129,-0.07692393348770746,2.1268649582943904,-0.8383425632178731,0.7955859743029494,-0.0477183871940515,-0.08098599826435648,-0.037254188002651324,0.09000117304571391,0.09000117304571391,0.0,0.0,0.0,-0.4253222458837075,0.001619219821980251,0.015409776115526715,-1.691141369207671,0,2.2669098444402205
16.411200000000854,2.0003409762113464,-0.9521702026074312,1.1978733275909135,-0.00026866551732316983,-0.038724877057976996,-0.04390886072896412,1.80027444624753,-0.8321704974152686,1.185893933591807,0.0717717088183682,-0.04487050426009564,-0.0819346468617517,1.9637166570975482,-0.8353511951117313,0.9905739042949745,0.012039654949242761,-0.06226765983974099,-0.060380542130908675,0.09000117304571391,0.09000117304571391,0.0,0.0,0.0,-0.417703072800952,0.0017531001674128657,0.015392368627407785,-1.6998540528336268,0,2.266818289847207
16.415360000000852,2.0003398569691875,-0.9523315277951195,1.1976831544925592,-0.0002686181181733009,-0.038718045045184224,-0.04564154360502107,1.7418502305796324,-0.929476578397134,1.234972809358932,-0.03905050144853259,-0.11002943887898402,0.0024926015448684946,1.8527007079041728,-0.8826445697586722,1.1127812820691403,-0.01352161784807647,-0.0855846763309052,-0.029443508893553218,0.09000117304571391,0.09000117304571391,0.0,0.0,0.0,-0.4101907150601495,0.0018868040035848253,0.015373798118131892,-1.7085667364595825,0,2.2667261415093236
16.41952000000085,2.0003387379247335,-0.9524928244859939,1.1974858936201924,-0.00026857066891486635,-0.038711205809849235,-0.047342609368037636,2.175058914748732,-1.1638568403834018,0.8120753338075692,0.06941288813545861,-0.029976847333048513,-0.16123546210501258,2.0140253032645314,-1.0233143444037633,0.9620918939506983,0.028488745300132113,-0.05811100895040638,-0.09583846341273808,0.09000117304571391,0.09000117304571391,0.0,0.0,0.0,-0.4027837651232481,0.0020203190886004855,0.015354064963519109,-1.7172794200855381,0,2.2666334126573298
16.42368000000085,2.000337619078193,-0.9526540926500666,1.1972816748615231,-0.0002685231697245639,-0.03870435937744085,-0.04901250208062211,2.473072885580586,-0.9989500379439112,1.3073131810838818,0.14596968217801687,0.009905354970644507,-0.1796137382485573,2.2438544756842784,-1.0111113751903,1.1343329603794845,0.08791583656580741,-0.024127684533794946,-0.13848937222089508,0.09000117304571391,0.09000117304571391,0.0,0.0,0.0,-0.395480833556423,0.0021536342324158,0.015333170360486004,-1.7259921037114938,0,2.2665401163840535
16.42784000000085,2.000336500429773,-0.9528153322575104,1.197070626278284,-0.00026847562086982865,-0.0386975057865066,-0.05065165997741001,2.1288914843522195,-1.0109299001729648,1.4596129840710996,0.0927212720864128,0.07207897989653915,-0.28238751331499307,2.1865642084882686,-1.0108705913229727,1.296389105080501,0.09071475738533091,0.023910392210796785,-0.2110132215044943,0.09000117304571391,0.09000117304571391,0.0,0.0,0.0,-0.3882805487971879,0.002286738781379468,0.01531111596338313,-1.7347047873374495,0,2.2664462656432636
16.432000000000848,2.0003353819796783,-0.9529765432787063,1.1968528741302,-0.000268428022697466,-0.03869064508703429,-0.052260515540161624,2.0827264293472787,-1.4162403613608472,1.3921896545504977,-0.08969221550848297,-0.13704392840192675,-0.09668930525918712,2.1344573302439174,-1.2138443919876127,1.3440918545325242,0.0008617446695074229,-0.05606039114946695,-0.15526036184623718,0.09000117304571391,0.09000117304571391,0.0,0.0,0.0,-0.381181556925264,0.0024196223609497898,0.015287903701722281,-1.7434174709634052,0,2.2663518732486607
16.436160000000847,2.000334263728113,-0.9531377256842855,1.1966285428986512,-0.0002683803756236204,-0.03868377733900609,-0.05383949557171744,1.3136547204598163,-1.085761752084039,1.482770168717031,-0.12450614011785612,-0.07085291306330067,-0.1837788580514571,1.7237918611569716,-1.149949672392692,1.4130517594318583,-0.062077918215558754,-0.06339578513972284,-0.17049488648541805,0.09000117304571391,0.09000117304571391,0.0,0.0,0.0,-0.37418252143743647,0.00255227474748769,0.015263535688633131,-1.7521301545893608,0,2.26625695187298
16.440320000000845,2.0003331456752793,-0.9532988794451651,1.196397755310031,-0.0002683326801249233,-0.03867690261112264,-0.05538902126886529,1.8582903014610834,-1.045465685484613,1.2711479058832476,0.10566236178083706,-0.11449295536537067,0.0024786229745486776,1.7912618784446988,-1.0979461014479566,1.3421052290467053,0.021742372845598944,-0.08845467557686461,-0.08461250377514853,0.09000117304571391,0.09000117304571391,0.0,0.0,0.0,-0.36728212302598334,0.0026846858045776346,0.015238014174714709,-1.7608428382153165,0,2.2661615140472056
16.444480000000844,2.000332027821376,-0.9534600045325804,1.1961606323588052,-0.0002682849367306795,-0.0386700209796768,-0.056909508294164975,2.4663171838236977,-1.4341744609400233,1.4652137240953247,-0.06021346780184708,-0.06071464843671778,-0.14803696911658867,2.1286671857517376,-1.2661892406339057,1.403354891175596,-0.018351903158604514,-0.07443161454867839,-0.11750629861554741,0.09000117304571391,0.09000117304571391,0.0,0.0,0.0,-0.36047905935940805,0.0028168454516035533,0.015211341524610573,-1.7695555218412722,0,2.2660655721598904
16.448640000000843,2.000330910166601,-0.9536211009181119,1.195917293330277,-0.00026823714601596657,-0.03866313252755905,-0.05840136684676486,2.1257694411620767,-1.6597691013901006,1.0141896488008686,0.025024833710165048,-0.08472432126698383,-0.2274895702948113,2.1272706057298283,-1.4631581563887261,1.2082984349860135,0.003207890855114235,-0.07957385441119963,-0.17348135463634687,0.09000117304571391,0.09000117304571391,0.0,0.0,0.0,-0.35377204486762603,0.0029487436484444208,0.015183520204968635,-1.7782682054672279,0,2.2659691384565743
16.452800000000842,2.0003297927111485,-0.9537821685737093,1.1956678558230593,-0.0002681893085955374,-0.03865623734337856,-0.05986500173224973,2.1076424357024255,-0.753937532348838,1.2593580011436305,-0.09219958122968855,0.057027125292837905,-0.1730090703673729,2.1172656800274208,-1.1084247095517954,1.2334698739953274,-0.04500380539906284,-0.01106923647680519,-0.17379939448598716,0.09000117304571391,0.09000117304571391,0.0,0.0,0.0,-0.34715981052905176,0.0030803703882227125,0.015154552778112992,-1.7869808890931835,0,2.2658722250393004
16.45696000000084,2.0003286754552105,-0.9539432074717122,1.1954124357712612,-0.00026814142511842734,-0.0386493355206859,-0.06130081243154457,1.8821955721221892,-1.0316380331112542,0.8390215104000116,-0.03203515948382058,-0.009336750993336352,-0.051860970380054786,1.999662642646788,-1.0700503857604953,1.0361367771036518,-0.0386615203576735,-0.01013983965071483,-0.11366231473450503,0.09000117304571391,0.09000117304571391,0.0,0.0,0.0,-0.34064110366173794,0.0032117156940731383,0.015124441898588813,-1.7956935727191392,0,2.2657748438662266
16.46112000000084,2.000327558398976,-0.9541042175848676,1.1951511474663907,-0.0002680934962631809,-0.03864242715728504,-0.06270919316890511,2.1180201945587385,-1.312831552297491,0.6635591139270404,0.03547165319299558,-0.07002414417921324,-0.21724312535485682,2.0589158651773842,-1.1915890539282108,0.8493965096722722,-0.0015219563681206922,-0.03972336922821622,-0.16690333762004386,0.09000117304571391,0.09000117304571391,0.0,0.0,0.0,-0.33421468771601026,0.0033427696179159933,0.015093190311158342,-1.8044062563450949,0,2.2656770067513197
16.46528000000084,2.000326441542631,-0.9542651988863452,1.1948841035789781,-0.0002680455227336233,-0.03863551235462386,-0.06409053297901246,1.984358659757266,-0.910944740410338,0.9148312542651846,0.14953386906814342,-0.09175812530226568,0.07987110943251005,2.0219474996588755,-1.0514552422890489,0.8822810900755346,0.07412476528437231,-0.06599962065822296,-0.04383033493098287,0.09000117304571391,0.09000117304571391,0.0,0.0,0.0,-0.327879342070963,0.0034735222402278634,0.015060800849534992,-1.8131189399710506,0,2.2655787253641404
16.469440000000837,2.0003253248863593,-0.9544261513497504,1.1946114151799232,-0.00026799750525511093,-0.03862859121725367,-0.06544521577319733,1.9498355637089844,-0.743617389072123,1.4217240935142892,0.06749927869620405,-0.07600051798430436,0.08546642312953161,1.9860308844534054,-0.8976928647804456,1.1521854306648012,0.07107169576886342,-0.07069923003467575,0.020186387297223423,0.09000117304571391,0.09000117304571391,0.0,0.0,0.0,-0.3216338618331146,0.0036039636703065273,0.01502727643549721,-1.8218316235970062,0,2.2654800112297053
16.473600000000836,2.00032420843034,-0.9545870749491352,1.1943331917615698,-0.00026794944457120284,-0.03862166385234951,-0.06677362040481026,1.628241744068064,-0.6638336102704993,1.4928948931154902,-0.01683620519086337,0.07849918554970803,-0.15106116807195985,1.8070985610545844,-0.7805979515939487,1.3222303863538682,0.027234330948291488,0.0037108454944203588,-0.06640887268579461,0.09000117304571391,0.09000117304571391,0.0,0.0,0.0,-0.3154770576372346,0.0037340840467788737,0.014992620078201303,-1.830544307222962,0,2.2653808757284306
16.477760000000835,2.000323092174751,-0.9547479696590072,1.1940495412585126,-0.00026790134144070456,-0.03861473036928399,-0.06807612073375313,1.6382662744402618,-1.4034981743991224,1.0148109692488152,0.08161163975100819,-0.047499570295323056,-0.018847269865377825,1.7228507412828422,-1.0921509095157949,1.1684813953492241,0.05453726184328063,-0.02204011620905748,-0.043626680964804716,0.09000117304571391,0.09000117304571391,0.0,0.0,0.0,-0.309407755451277,0.003863873538226591,0.014956834873601447,-1.8392569908489176,0,2.265281330096146
16.481920000000834,2.000321976119765,-0.9549088354543375,1.1937605700681369,-0.000267853196635039,-0.03860779087924837,-0.06935308569019401,2.301296995305774,-1.016876603600269,1.2307957954982656,-0.012339107967414106,0.029585197088991322,-0.12294264689462105,2.0120519461697217,-1.0544526535935015,1.1993846322506743,0.02124991995659199,0.004230896256209822,-0.08391328875654376,0.09000117304571391,0.09000117304571391,0.0,0.0,0.0,-0.30342479638158176,0.003993322343867289,0.014919924003929788,-1.8479696744748733,0,2.265181385424183
16.486080000000833,2.000320860265553,-0.9550696723105663,1.1934663830708974,-0.0002678050109359069,-0.03860084549491533,-0.07060487933747062,1.4451456543457424,-0.7219358560459964,0.9621344379445729,0.1275743101614311,-0.21233329090067482,0.06754965590597437,1.728860766061935,-0.8886347990591797,1.0808998744747853,0.07412552557384512,-0.10344881484525942,-0.008911906174870992,0.09000117304571391,0.09000117304571391,0.0,0.0,0.0,-0.29752703648241585,0.004122420694260146,0.014881890737211988,-1.856682358100829,0,2.26508105265953
16.49024000000083,2.0003197446122813,-0.9552304802036086,1.193167083650338,-0.00026775678513320304,-0.03859389433013864,-0.0718318609342036,1.9131142827567125,-1.4992191751031358,1.2661304896212322,0.06044194953338265,0.016678915948406745,-0.07985811518458354,1.8211134118360195,-1.1938971755318564,1.173350946870159,0.06782285321251798,-0.043100501481400294,-0.04465513882831151,0.09000117304571391,0.09000117304571391,0.0,0.0,0.0,-0.2917133465670866,0.004251158852020813,0.014842738426804968,-1.8653950417267846,0,2.2649803426050528
16.49440000000083,2.0003186291601147,-0.9553912591098572,1.1928627737128563,-0.00026770852002315943,-0.03858693749968548,-0.07303438499562899,2.380577752313858,-0.9849502367616313,1.6321565109013672,-0.013738394053291492,0.041763466623360106,-0.09244178636344838,2.1008202892374896,-1.0893348842826633,1.402566056091321,0.027351444667313304,-0.0009109843945283983,-0.06921518469071618,0.09000117304571391,0.09000117304571391,0.0,0.0,0.0,-0.28598261202149056,0.004379527112538159,0.014802470510949434,-1.8741077253527403,0,2.2648792659197765
16.49856000000083,2.000317513909213,-0.9555520090061864,1.192553553707214,-0.0002676602164066887,-0.038579975118997696,-0.07421280135416201,1.7107319149365074,-0.7187318777532712,1.3916306973872596,-0.10322650050392712,-0.1670026086086417,-0.16277393412509164,1.905556832154809,-0.9043783245855215,1.396759998425174,-0.037048192314353835,-0.08386140017745741,-0.11611515329699859,0.09000117304571391,0.09000117304571391,0.0,0.0,0.0,-0.2803337326194658,0.004507515804689249,0.014761090512332719,-1.882820408978696,0,2.264777833119228
16.502720000000828,2.0003163988597334,-0.955712729869953,1.1922395226438007,-0.0002676118750879063,-0.03857300730397878,-0.07536745521920138,1.9092862957922614,-1.034692778668787,1.22863841039404,0.09167924223185392,-0.16212462400804684,-0.05933820720418333,1.9076117562982737,-0.969873836375274,1.3125763151392178,0.027559211477438103,-0.12291185089345115,-0.08855201748700639,0.09000117304571391,0.09000117304571391,0.0,0.0,0.0,-0.27476562234166896,0.00463511529155094,0.014718602037659128,-1.8915330926046516,0,2.264676054575831
16.506880000000827,2.0003152840118297,-0.955873421678998,1.19192077811365,-0.00026756349687281087,-0.03856603417080367,-0.07649868723619012,1.7943333004200528,-0.8158217329051092,1.0060896662383965,0.10567184123803468,-0.21137873452537542,-0.25732102423281866,1.851190204308393,-0.8932862560533867,1.1587963499670917,0.06724799340306425,-0.16719359317087437,-0.17327392178569,0.09000117304571391,0.09000117304571391,0.0,0.0,0.0,-0.2692772091960626,0.004762315971107332,0.01467500877722579,-1.9002457762306073,0,2.2645739405193637
16.511040000000826,2.000314169365652,-0.956034084411647,1.1915974163072127,-0.000267515082568106,-0.03855905583574891,-0.07760683354494069,2.0187822793052175,-0.5836042083623605,1.8538533866427191,0.07738745428695674,-0.06107575798257277,-0.290351767098462,1.9351504189980404,-0.7385703013919366,1.5057271562970833,0.07133577427800139,-0.11404511530453046,-0.23245331168783623,0.09000117304571391,0.09000117304571391,0.0,0.0,0.0,-0.26386743503959215,0.004889108276952853,0.014630314504502577,-1.908958459856563,0,2.2644715010374554
16.515200000000824,2.000313054921348,-0.9561947180467096,1.191269532032891,-0.00026746663298014763,-0.03855207241504091,-0.0786922258372299,2.016716089062371,-1.327012688445,1.2915235189038716,0.020031438382327488,-0.06894886181354028,-0.0088511149811486,1.9759748298460995,-1.032939214195255,1.3986073856183172,0.046004120650588926,-0.09140849894448942,-0.12160750455248855,0.09000117304571391,0.09000117304571391,0.0,0.0,0.0,-0.25853525540469935,0.005015482678990881,0.014584523075714905,-1.9176711434825187,0,2.2643687460761432
16.519360000000823,2.000311940679061,-0.9563553225634793,1.190937218735334,-0.00026741814891400337,-0.038545084024720434,-0.07975519141368455,2.017320469187732,-1.0375616131056336,1.0575577954718645,0.08540451371514433,0.1169931760582858,-0.13154780373164462,1.9968265786962547,-1.0350072883196257,1.2278089805719536,0.0652204961868552,0.012867825331996064,-0.12772723862971277,0.09000117304571391,0.09000117304571391,0.0,0.0,0.0,-0.2532796393242639,0.005141429684127984,0.014537638429428503,-1.9263838271084743,0,2.2642656854404684
16.523520000000822,2.000310826638931,-0.9565158979417315,1.1906005685135008,-0.00026736963117261287,-0.03853809078052149,-0.0807960532399514,1.840466263613099,-0.5978875258217389,1.5352398140976975,-0.06525089323266728,0.08581201425224357,0.09151665039205026,1.9185098415350699,-0.8162668330059553,1.3817169039345174,-0.00011959062058362066,0.04980222532536922,-0.01812095265169174,0.09000117304571391,0.09000117304571391,0.0,0.0,0.0,-0.248099569162467,0.005266939836963802,0.014489664586135322,-1.93509651073443,0,2.2641623287951202
16.52768000000082,2.000309712801095,-0.9566764441617223,1.1902596721384917,-0.0002673210805560373,-0.038531092797763185,-0.08181513000217652,2.0925373544420958,-0.5427080182478222,1.4716913114128265,0.017797870196677508,-0.09483618763603455,0.09555091652968575,2.0055627202977098,-0.6796837569707509,1.4269043617302382,0.008412210648639059,-0.02203214936819399,0.038283928172002185,0.09000117304571391,0.09000117304571391,0.0,0.0,0.0,-0.24299404044517287,0.005392003720476702,0.014440605647839892,-1.9438091943603857,0,2.2640586856651206
16.53184000000082,2.0003085991656873,-0.9568369612041858,1.189914619071151,-0.00026727249786078947,-0.03852409019125319,-0.08281273616179204,2.015881940998607,-1.0764716744091631,0.8847781735909527,-0.011686965810949346,-0.03478205780598848,-0.08898884973989894,2.010697824310868,-0.8781533539101498,1.1556526010984234,-0.0015062666429827146,-0.028158159013864325,-0.025450665972858166,0.09000117304571391,0.09000117304571391,0.0,0.0,0.0,-0.23796206169346845,0.0055166119567052535,0.014390465797645571,-1.9525218779863414,0,2.2639547654365475
16.53600000000082,2.000307485732838,-0.9569974490503325,1.189565497479444,-0.00026722388387923627,-0.03851708307520159,-0.08378918200962338,2.4446532556231935,-0.7869801097407695,1.020720737134087,-0.0231004277293935,0.08300256048592239,-0.05777695950100719,2.227631842005424,-0.8323936657000609,1.0880667508041262,-0.01293362159168598,0.027518355899018635,-0.04218887687804101,0.09000117304571391,0.09000117304571391,0.0,0.0,0.0,-0.23300265425866107,0.005640755207425607,0.014339249299340103,-1.961234561612297,0,2.2638505773572977
16.540160000000817,2.0003063725026737,-0.9571579076818456,1.1892123942556136,-0.0002671752393990657,-0.03851007156314406,-0.08474477371932312,1.3910281925334886,-1.1159573685536774,1.556929867977767,0.039721742728482196,-0.0031994304274173754,-0.2269205066847467,1.8094066996101816,-0.9741841819829965,1.3220304709857174,0.013430891682658746,0.012173882481332991,-0.13496061264457063,0.09000117304571391,0.09000117304571391,0.0,0.0,0.0,-0.2281148521606679,0.005764424174824835,0.014286960496980089,-1.9699472452382527,0,2.263746130537886
16.544320000000816,2.0003052594753186,-0.9573183370808784,1.188855395033113,-0.00026712656520281236,-0.03850305576787347,-0.08567981340014542,1.6135667495016721,-1.0044858155425715,1.270291420672001,0.001443191452053215,0.0017272568508880648,-0.10600168371884879,1.7114887382352415,-0.9893324481413812,1.2959423478429395,0.007253998692329932,0.007350327161682424,-0.12156222845054898,0.09000117304571391,0.09000117304571391,0.0,0.0,0.0,-0.22329770192574072,0.005887609602170276,0.01423360381447391,-1.9786599288642084,0,2.2636414339522766
16.548480000000815,2.000304146650893,-0.9574787372300508,1.1884945842033254,-0.0002670778620674351,-0.03849603580137902,-0.0865945991490579,2.408157539880531,-1.1971861643815211,1.1203892514942404,-0.14671736406441688,-0.04915077772775149,-0.13632126216542734,2.0595227799666698,-1.0933631038338425,1.2078812068727296,-0.06969001044394822,-0.020843269510551887,-0.1290272994856998,0.09000117304571391,0.09000117304571391,0.0,0.0,0.0,-0.21855026242952225,0.006010302274474933,0.014179183755162798,-1.987372612490164,0,2.2635364964387454
16.552640000000814,2.000303034029515,-0.9576391081124458,1.1881300449320662,-0.0002670291307639422,-0.03848901177479221,-0.08748942510221318,1.9651084225106403,-0.5760362179421168,1.0817126613567625,-0.027634360275075192,0.033426591887297734,-0.004379530362417047,2.012257068853515,-0.8346274941684,1.144787647016505,-0.048475879972990174,0.006759219869684433,-0.06705041052722013,0.09000117304571391,0.09000117304571391,0.0,0.0,0.0,-0.21387160473924244,0.006132493019158952,0.014123704901399725,-1.9960852961161197,0,2.2634313267007773
16.556800000000813,2.000301921611298,-0.9577994497116056,1.1877618591758754,-0.00026698037205705936,-0.038481983798338976,-0.088364581485776,2.3611233217782117,-0.585016057815702,0.9607790680200212,0.03587520527022452,-0.0574710859178089,0.02008561644179105,2.186767282550571,-0.709941250746643,1.0528243390031575,-0.006318556665273903,-0.024542466918300636,-0.023724345367321167,0.09000117304571391,0.09000117304571391,0.0,0.0,0.0,-0.20926081195955165,0.006254172706707195,0.014067171914125803,-2.0047979797420754,0,2.2633259333079856
16.56096000000081,2.0003008093963532,-0.9579597620115277,1.1873901076981,-0.00026693158670493554,-0.038474951981297294,-0.08922035466612098,1.3440289543516437,-0.6647591027061561,0.9777305982127619,0.014837560868437138,0.15777148022716053,-0.29530545348966575,1.7654244465307725,-0.68702028882998,1.0146628365228934,0.003602557705825079,0.06592406665159796,-0.15955528353193124,0.09000117304571391,0.09000117304571391,0.0,0.0,0.0,-0.20471697907943287,0.0063753322513229295,0.014009589532444005,-2.0135106633680313,0,2.263220324697064
16.56512000000081,2.0002996973847886,-0.9581200449966608,1.1870148700847691,-0.00026688277545888414,-0.03846791643195989,-0.09005702719940488,2.3274385357840774,-0.6602944829517345,0.5804364490285829,-0.16347164459638125,0.01318069439890733,-0.10401988437359379,2.046095824400485,-0.6736305575623786,0.7973316093288416,-0.08012427464626756,0.039927993851275656,-0.13244670086387,0.09000117304571391,0.09000117304571391,0.0,0.0,0.0,-0.20023921282084267,0.006495962611577649,0.013950962573189963,-2.022223346993987,0,2.2631145091727594
16.56928000000081,2.0002985855767093,-0.9582802986519008,1.1866362247602669,-0.00026683393906315564,-0.038460877257601445,-0.09087487788052057,1.9432297995381362,-0.9302952599381995,1.5051558805087388,-0.04105096338989394,0.04599478453990205,-0.20809626646970164,1.9945775718190484,-0.8018683644517606,1.1508164777380534,-0.06100578518073964,0.0426376409831079,-0.17056187957441687,0.09000117304571391,0.09000117304571391,0.0,0.0,0.0,-0.1958266314901571,0.006616054791057012,0.013891295930499648,-2.030936030619943,0,2.2630084949088727
16.573440000000808,2.0002974739722164,-0.958440522962586,1.1862542490028025,-0.0002667850782547384,-0.03845383456444989,-0.09167418179144375,2.296216539717829,-1.6672657171518246,0.766699696222147,0.11212792520319079,-0.09931242370018199,-0.2437139108887934,2.1456315073432575,-1.234778453086059,0.9582494728171044,0.0259740706003364,-0.028910252149294838,-0.20760997859037678,0.09000117304571391,0.09000117304571391,0.0,0.0,0.0,-0.19147836483114994,0.006735599839002916,0.013830594575373775,-2.039648714245899,0,2.2629022899492766
16.577600000000807,2.000296362571409,-0.9586007179144929,1.1858690189596817,-0.0002667361937631855,-0.03844678845766146,-0.09245521034897863,2.257346898380982,-1.1744791271693074,1.1839597655166387,0.051322717075994534,-0.07277858373423288,-0.12282195716851933,2.2015952824668124,-1.204780334434296,1.0708507633652613,0.0393448899850717,-0.05055843851623016,-0.16523624625720718,0.09000117304571391,0.09000117304571391,0.0,0.0,0.0,-0.1871935538782234,0.006854588850951688,0.013768863555238804,-2.048361397871855,0,2.2627959022089583
16.581760000000806,2.0002952513743826,-0.9587608834938316,1.185480609662382,-0.0002666872863104649,-0.03843973904129908,-0.09321823135190303,1.6349924099489623,-0.7775980113797409,1.0942207464587113,0.21705196607413768,-0.11730730742464926,-0.02445171552245362,1.9187423888004251,-0.9914294801323247,1.0824856617991678,0.12768428449792546,-0.08426487870140563,-0.09514255613903304,0.09000117304571391,0.09000117304571391,0.0,0.0,0.0,-0.18297135081439275,0.006973012969368383,0.013706107993504371,-2.057074081497811,0,2.2626893394750813
16.585920000000804,2.00029414038123,-0.9589210196872412,1.185089095041434,-0.0002666383566108309,-0.03843268641831386,-0.09396350902753259,2.8037654371434804,-0.9347437222774313,1.0464844602024823,0.050031431961439644,0.04893390063700011,-0.06915910050304033,2.361363855506763,-0.9629845466930659,1.064339068184375,0.08901396600781386,-0.017614756540963894,-0.08124275481493777,0.09000117304571391,0.09000117304571391,0.0,0.0,0.0,-0.178810918828044,0.0070908633842771875,0.013642333089117064,-2.0657867651237667,0,2.262582609408062
16.590080000000803,2.000293029592041,-0.9590811264817851,1.1846945479411102,-0.0002665894053707148,-0.0384256306905293,-0.09469130407769838,2.1482862193864642,-0.9628529906233015,0.9518790833427796,-0.09862187955972582,0.05477286006189605,-0.062257287310922664,2.2546187695853988,-0.9628057329124318,1.0079800916861719,-0.004962063079960492,0.019002908026205974,-0.07237449997044808,0.09000117304571391,0.09000117304571391,0.0,0.0,0.0,-0.17471143197360295,0.007208131333887894,0.013577544116110441,-2.0744994487497226,0,2.2624757195426666
16.594240000000802,2.0002919190069024,-0.959241203864946,1.1842970401339261,-0.00026654043328863317,-0.038418571958628085,-0.09540187372415397,2.0971314988307426,-0.8129347230781281,1.3751722381748974,0.04562463279689365,-0.18019721508428746,-0.052576455846282635,2.1759690086271406,-0.8882447348318875,1.1914674731481831,0.02029028955173704,-0.0802234923780319,-0.0615613712541153,0.09000117304571391,0.09000117304571391,0.0,0.0,0.0,-0.17067207503248893,0.007324808105218454,0.013511746423151191,-2.0832121323756785,0,2.262368677289121
16.5984000000008,2.000290808625898,-0.9594012518246217,1.1838966423349535,-0.00026649144105511164,-0.03841151032214113,-0.0960954717534126,2.1787812041801065,-1.3065917261760727,1.0035062887851667,-0.063881215843984,0.1348485461366581,-0.07072119443219496,2.177240142572844,-1.0971404794771316,1.0973394346113632,-0.020774336776130668,0.027203869293757434,-0.06660563109556131,0.09000117304571391,0.09000117304571391,0.0,0.0,0.0,-0.16669204337735366,0.0074408850347135605,0.013444945433081376,-2.0919248160016344,0,2.262261489934239
16.6025600000008,2.0002896984491088,-0.9595612703491193,1.1834934242159492,-0.0002664424293526238,-0.03840444587943872,-0.096772348561028,1.9396655919804007,-0.980171241847482,1.246775730941353,-0.04534898117639731,-0.04746062056453663,-0.16609746176664336,2.0583563664252162,-1.0387532885432817,1.171713065178345,-0.032813000402138165,-0.010349753767849681,-0.11630412070388434,0.09000117304571391,0.09000117304571391,0.0,0.0,0.0,-0.16277054283597736,0.007556353508859261,0.013377146642456693,-2.1006374996275903,0,2.262154164642556
16.6067200000008,2.0002885884766135,-0.9597212594271515,1.183087454419302,-0.0002663933988555427,-0.03839737872772355,-0.09743275119531677,2.495489639235488,-1.1974893050814321,1.409487962446229,-0.12046489785452631,0.1311793840734026,-0.09180929608742412,2.2766773335948316,-1.117849666935227,1.2904120991014614,-0.07751587477494343,0.060458011271644886,-0.10448243504697735,0.09000117304571391,0.09000117304571391,0.0,0.0,0.0,-0.15890678955867638,0.00767120496479356,0.01330835562108068,-2.109350183253546,0,2.2620467084574836
16.610880000000797,2.0002874787084877,-0.9598812190478307,1.1826788005717996,-0.00026634435023010453,-0.03839030896302549,-0.09807692340053692,1.8465256714631517,-1.0163639021942892,1.296338185315504,-0.02741020890797828,-0.10343169917814786,-0.20966180190372938,2.0615413956507664,-1.0673223870198665,1.292939137663506,-0.052425636002564106,-0.020910085352007612,-0.15708675261925656,0.09000117304571391,0.09000117304571391,0.0,0.0,0.0,-0.15510000988623818,0.007785430890912996,0.013238578011534843,-2.118062866879502,0,2.2619391283024695
16.615040000000796,2.0002863691448036,-0.9600411492006649,1.1822675292982183,-0.00026629528413438307,-0.038383236680197906,-0.098705105659524,1.5861379675704026,-0.7720301273386849,1.2022003753544088,-0.07905356360901063,0.11898526904331591,-0.1653161925736314,1.8236737069555944,-0.9194266194949436,1.247226098454143,-0.06659430834810538,0.048987535577177846,-0.1615999241216325,0.09000117304571391,0.09000117304571391,0.0,0.0,0.0,-0.1513494402203135,0.00789902282747516,0.013167819528704647,-2.126775550505458,0,2.2618314309821703
16.619200000000795,2.000285259785632,-0.960201049875552,1.1818537062347358,-0.0002662462012182742,-0.0383761619729154,-0.09931753523579516,2.1915954471777574,-0.5747345578162695,0.8409922089441182,-0.05480152326252633,-0.08024751709484668,-0.09680703736493076,2.00752256460705,-0.7472462914480847,1.0439055929127201,-0.06040948811884908,-0.015043624033015821,-0.129514232599831,0.09000117304571391,0.09000117304571391,0.0,0.0,0.0,-0.1476543268941336,0.00801197236719713,0.013096085959301333,-2.135488234131414,0,2.2617236231836304
16.623360000000794,2.00028415063104,-0.9603609210627756,1.181437396042173,-0.0002661971021234892,-0.038369084933672894,-0.09991444621512169,1.652465775981177,-1.0414503140256635,0.8237021537440208,0.08005616549449436,-0.01562729354509522,-0.09109955608358619,1.830158494009311,-0.894383721730432,0.9336129518020715,0.009673115560225374,-0.014923829708091222,-0.11035924856058298,0.09000117304571391,0.09000117304571391,0.0,0.0,0.0,-0.14401392604676783,0.008124271155849794,0.01302338316137958,-2.1442009177573698,0,2.2616157114774706
16.627520000000793,2.000283041681092,-0.9605207627529997,1.1810186624190622,-0.00026614798748355673,-0.038362005653785836,-0.10049606954658487,2.1101601439465316,-1.2990551066137006,0.9174809526244517,-0.17969538106343802,-0.1156117391935797,-0.15309963244157496,1.969787948537871,-1.096963178489023,0.925230609332069,-0.08520645498664547,-0.06503843359628937,-0.13279069361496,0.09000117304571391,0.09000117304571391,0.0,0.0,0.0,-0.14042750349686517,0.00823532558353729,0.01295009648239878,-2.152822689648812,0,2.2615077023190864
16.63168000000079,2.0002819329358505,-0.9606805749372638,1.1805975681145493,-0.00026609885792383135,-0.03835492422339152,-0.1010626330831123,1.9164412832068736,-1.3639984809183014,1.1864334713970612,0.16213332223811536,-0.13691721935195586,-0.006143289629262277,1.9434522453765615,-1.2307672164169259,1.0558224105298106,0.03807726224445918,-0.10110098219302044,-0.07010992895578512,0.09000117304571391,0.09000117304571391,0.0,0.0,0.0,-0.13689433461973433,0.008344515199624727,0.012876654254816051,-2.161302038283453,0,2.2613996020498472
16.63584000000079,2.000280824395375,-0.9608403576069782,1.1801741749411263,-0.00026604971406150987,-0.03834784073145137,-0.10161436162150854,1.324819036722376,-1.1875407686831951,0.8123243878792603,0.059706600603161804,-0.16706481391975042,-0.007597836555654866,1.6342542543822427,-1.2095005066082472,0.9340571067084453,0.049489565581924466,-0.1344024802267513,-0.03944193548973331,0.09000117304571391,0.09000117304571391,0.0,0.0,0.0,-0.13341370422434784,0.008451556837500969,0.012803286269690265,-2.169641333460739,0,2.2612914168983065
16.64000000000079,2.000279716059723,-0.9610001107539188,1.1797485437872013,-0.0002660005565056531,-0.03834075526575413,-0.10215147694197928,2.4057161385587693,-1.2673294783971685,1.0279873088573372,-0.02341286835461056,-0.022261692524158078,6.369670963940477e-05,2.0199413100183348,-1.238460443128727,0.9810239059403383,0.01332510252018633,-0.0789440134815176,-0.020128437671958745,0.09000117304571391,0.09000117304571391,0.0,0.0,0.0,-0.12998490643369875,0.008556335520440099,0.01273012210018793,-2.1778429055465596,0,2.261183152981411
16.644160000000788,2.0002786079289487,-0.9611598343702226,1.1793207346295047,-0.0002659513858572136,-0.03833366791291982,-0.10267419784716278,2.1718686053303933,-0.804732899662804,1.6040425873534252,0.10320521563899245,0.05807678202833131,-0.0501111027550814,2.0961199319305805,-1.021472903121228,1.2924327343147348,0.058621332646714805,-0.010411252400372288,-0.03480902804803864,0.09000117304571391,0.09000117304571391,0.0,0.0,0.0,-0.1266072445648802,0.008658819910842872,0.012657240304307085,-2.1859090461294253,0,2.2610748163057193
16.648320000000787,2.0002775000031043,-0.9613195284483825,1.1788908065453352,-0.00026590220270906827,-0.038326578758404464,-0.10318274020066706,1.9446162059470606,-0.8838768432163933,1.6737024932415931,-0.18006971957189902,0.02188697464903673,-0.1504973796667459,2.0199937050457413,-0.9526280213777157,1.4827573211107827,-0.06130324767725315,0.00556043560366955,-0.09267925348425625,0.09000117304571391,0.09000117304571391,0.0,0.0,0.0,-0.12328003101145885,0.00875902003220308,0.01258469306572304,-2.1938420086657247,0,2.2609664127686195
16.652480000000786,2.000276392282239,-0.961479192981243,1.1784588177246471,-0.000265853007646056,-0.03831948788650549,-0.10367731696512217,1.5759347362307994,-0.5855900016275608,1.0788242409682267,0.05388900664919032,-0.16254556764410663,-0.14715182039682384,1.798073352883455,-0.7694462529252883,1.2804811097513413,-0.003787567769163735,-0.0776549043786227,-0.1195402344558521,0.09000117304571391,0.09000117304571391,0.0,0.0,0.0,-0.12000258712772272,0.008856966128390747,0.012512518552247531,-2.201644009114246,0,2.260857948159552
16.656640000000785,2.0002752847664005,-0.9616388279619945,1.1780248254819814,-0.00026580380124501885,-0.038312395380367695,-0.10415813823975498,1.9017700890318847,-0.6239381623480067,1.60899107368219,0.053859913879254415,-0.07558956560118579,-0.07898685521621711,1.850034153883065,-0.6968492804245472,1.444574474657132,0.025186229125308563,-0.07620553745222328,-0.09944624042207774,0.09000117304571391,0.09000117304571391,0.0,0.0,0.0,-0.11677424311352586,0.008952698092472487,0.012440747131686792,-2.20931722656014,0,2.2607494281612315
16.660800000000783,2.0002741774556334,-0.9617984333841695,1.1775888862682418,-0.0002657545840748476,-0.03830530132198978,-0.10462541129748887,2.16087781574589,-0.659271637778158,1.1063019408009456,-0.13674229820838446,-0.10852279968772979,-0.17376760140114017,2.0051721023891647,-0.678284126990473,1.2750744340638813,-0.05498027730963389,-0.09322444709444812,-0.13661415948297526,0.09000117304571391,0.09000117304571391,0.0,0.0,0.0,-0.11359433790123158,0.009046260181108273,0.012369404515031096,-2.216863803828497,0,2.2606408583508726
16.664960000000782,2.0002730703499805,-0.9619580092416371,1.1771510556823186,-0.00026570535669653047,-0.0382982057922314,-0.10507934062157656,2.1231095654837167,-1.197303130955792,1.062770002189132,-0.0632622449990981,-0.03149795052923794,-0.045833464611435,2.064008747954464,-0.937861986121124,1.1688258870971413,-0.05848236186551941,-0.06274477020376455,-0.09146371216614259,0.09000117304571391,0.09000117304571391,0.0,0.0,0.0,-0.11046221904390646,0.0091376983724777,0.012298513361981598,-2.2242858480877192,0,2.260532244201414
16.66912000000078,2.0002719634494817,-0.9621175555285989,1.1767113884825613,-0.00026565611966320493,-0.038291108870820614,-0.10552012794177118,2.170495443869005,-0.7232157364524108,1.857102243125782,-0.10595533089094529,-0.24302227949520877,-0.13321141490386448,2.1170326436046127,-0.8310435783214997,1.5126938922874205,-0.08230551245755562,-0.1525162883778076,-0.11333832147576846,0.09000117304571391,0.09000117304571391,0.0,0.0,0.0,-0.10737724260412734,0.009227059046649897,0.012228094116356822,-2.231585431442849,0,2.2604235910827444
16.67328000000078,2.000270856754175,-0.9622770722395837,1.1762699385981028,-0.0002656068735202125,-0.03828401063636178,-0.10594797227003787,2.1106702132532074,-0.7148877038938801,1.5490051551022377,-0.07602888656640604,-0.21700667663721773,0.0006559456137161385,2.1136949538566863,-0.7734166627826593,1.5308505931874465,-0.07998878488749228,-0.18453285094523444,-0.05608453024133712,0.09000117304571391,0.09000117304571391,0.0,0.0,0.0,-0.10433877304576117,0.009314388327795773,0.012158165455189017,-2.2387645915190255,0,2.260314904262924
16.67744000000078,2.000269750264097,-0.9624365593694435,1.1758267591400369,-0.0002655576188051557,-0.03827691116634381,-0.10636306993581804,1.5670427855201046,-0.9420034974925527,1.0187443741697124,0.12393950542327137,0.05733200955035017,-0.11402283256777584,1.8406250801858886,-0.8575913745400033,1.2745569395922598,0.02088277047464573,-0.06392188865420226,-0.08514784477631711,0.09000117304571391,0.09000117304571391,0.0,0.0,0.0,-0.10134618312594301,0.009399731757887208,0.012088744543454134,-2.245825332035232,0,2.26020618890941
16.681600000000778,2.00026864397928,-0.9625960169133483,1.17538190241245,-0.00026550835604795785,-0.0382698105371487,-0.10676561462084684,1.7928988677423094,-0.5910885816080242,1.2351973533132499,-0.17783570202240123,-0.0799597407043846,-0.11467608085730674,1.8163927272355305,-0.72450382151367,1.2546397834066592,-0.07893512353077398,-0.07223100464083029,-0.10060021072376106,0.09000117304571391,0.09000117304571391,0.0,0.0,0.0,-0.09839885378854057,0.009483134136654393,0.012019847190445408,-2.252769623368497,0,2.2600974500902757
16.685760000000776,2.000267537899756,-0.9627554448667819,1.1749354199233104,-0.0002654590857709243,-0.038262708824060444,-0.10715579739352984,1.79318844082689,-0.9764806803573605,1.3250232818800676,0.10790102349112582,-0.005021076316065257,-0.0335792184273524,1.805015013561775,-0.8505051322137203,1.2897615807666671,0.014393620593862599,-0.03830607360501965,-0.06680521834246142,0.09000117304571391,0.09000117304571391,0.0,0.0,0.0,-0.09549617405868216,0.009564639445139075,0.011951487955833156,-2.259599403108706,0,2.2599886927754316
16.689920000000775,2.000266432025554,-0.9629148432255372,1.174487362395215,-0.00026540980848880567,-0.038255606101274105,-0.10753380674288314,1.8094065069480467,-1.1559382618114702,1.148927568709708,0.016422635010056665,-0.257927062684822,-0.1577060088884522,1.8072465401444278,-1.003760371461872,1.2190165919523366,0.01464319836775067,-0.14807539385648916,-0.11274342745658933,0.09000117304571391,0.09000117304571391,0.0,0.0,0.0,-0.09263754094006571,0.009644290811467846,0.011883680229469087,-2.2663165766041815,0,2.259879921837838
16.694080000000774,2.000265326356701,-0.9630742119857119,1.1740377797759982,-0.000265360524708863,-0.03824850244190521,-0.10789982861204825,1.8175580194540286,-0.9793434190779123,1.3864639666412246,0.00560486998942794,-0.16201810670295114,-0.16530383038124474,1.8124122509980807,-0.9918893552659335,1.302396532754757,0.010970368187161275,-0.15473912815932275,-0.13849562498752083,0.09000117304571391,0.09000117304571391,0.0,0.0,0.0,-0.08982235931184762,0.00972213049811596,0.011816436297000512,-2.272923017498185,0,2.2597711420547197
16.698240000000773,2.000264220893222,-0.9632335511437036,1.1735867212492008,-0.00026531123493093393,-0.03824139791799929,-0.10825404643137976,1.7778806123414073,-1.3081267387609408,1.414181625652636,-0.24902140556010124,0.19347042400256872,0.03874102660225759,1.7946275623486398,-1.1496074529594422,1.3583711930100597,-0.11868652256252087,0.01915388185889451,-0.050249934308232644,0.09000117304571391,0.09000117304571391,0.0,0.0,0.0,-0.08705004182703735,0.009798199900257865,0.011749767397362842,-2.279420568256491,0,2.2596623581087756
16.70240000000077,2.00026311563514,-0.9633928606962058,1.1731342352444045,-0.0002652619396475002,-0.038234292600541626,-0.10859664115111202,2.1916643217476004,-0.926053910380413,1.4393224808864122,-0.03371145054245469,0.07666212016556562,-0.0013909811936566874,1.9930781564465327,-1.037669211472656,1.3988446392202205,-0.07599043941592126,0.04768750848446284,-0.025885620398969134,0.09000117304571391,0.09000117304571391,0.0,0.0,0.0,-0.08432000881369028,0.009872539549966369,0.01168368377521936,-2.2858110406861827,0,2.259553574589383
16.70656000000077,2.000262010582476,-0.9635521406402036,1.172680369447431,-0.0002652126393437565,-0.03822718655946714,-0.10892779127361606,1.8920121637152774,-1.34497202334931,1.1490529173211579,0.1397021549398072,-0.07574327417203308,-0.14707267854312156,1.9428352383279934,-1.1914800841440716,1.273642043536944,0.03174154150802477,-0.014129336289342178,-0.08691379906389986,0.09000117304571391,0.09000117304571391,0.0,0.0,0.0,-0.08163168817548061,0.009945189123607576,0.011618194729916938,-2.292096216445813,0,2.259444795993798
16.71072000000077,2.000260905735249,-0.9637113909729689,1.1722251708104092,-0.00026516333449768,-0.03822007986367046,-0.10924767288524409,1.8907417129636483,-0.8116127749517552,1.1585745360020014,-0.05738632403074206,0.16099897533386148,-0.11708418441664947,1.9166702124866584,-1.0012104555407895,1.2158648741540334,-0.013520272446239004,0.074172416986277,-0.10244003899971393,0.09000117304571391,0.09000117304571391,0.0,0.0,0.0,-0.07898451529486783,0.01001618745107372,0.011553308661775308,-2.29827784754708,0,2.259336026728351
16.71488000000077,2.000259801093476,-0.9638706116920565,1.1717686855617102,-0.00026511402558010086,-0.03821297258101603,-0.10955645968777239,2.1485703292537752,-0.4130310820935733,0.8067833384638075,-0.060891128667709835,-0.13946462241687338,-0.107936372759023,2.0324958091360696,-0.7074077258914265,1.0110981974463424,-0.03747545947569559,-0.03215616412842192,-0.10588900813487723,0.09000117304571391,0.09000117304571391,0.0,0.0,0.0,-0.0763779329360803,0.010085572526145704,0.011489033116151237,-2.304357656848151,0,2.2592272711096384
16.719040000000767,2.0002586966571716,-0.9640298027952996,1.1713109592157542,-0.00026506471305477345,-0.038205864778348426,-0.10985432302944127,2.0774197972479933,-0.6280380671025418,0.37028953465806647,-0.010827797254468769,-0.1283628453452944,-0.20886750954700328,2.054935956285954,-0.6679900716490027,0.6902539374701865,-0.024326551435510713,-0.0798977410234928,-0.15688785418393103,0.09000117304571391,0.09000117304571391,0.0,0.0,0.0,-0.07381139115113022,0.010153381517604126,0.011425374825529973,-2.3103373385387798,0,2.259118533365705
16.723200000000766,2.0002575924263493,-0.9641889642808058,1.170852036582689,-0.00026501539737844803,-0.03819875652150266,-0.11014143193560488,2.1492079057700306,-1.251252898068111,1.2076347151059592,-0.07152523539306159,0.1828042246539176,0.06752883901477333,2.1019235191383805,-0.9592471139682137,0.949089146841016,-0.04777806954310511,0.05229001502697261,-0.045050730625443396,0.09000117304571391,0.09000117304571391,0.0,0.0,0.0,-0.07128434718544363,0.010219650780872894,0.011362339749801026,-2.3162185586173507,0,2.259009817637227
16.727360000000765,2.00025648840102,-0.9643480961469529,1.1703919617779432,-0.00026496607900094294,-0.0381916478753146,-0.110417953138989,1.9843480731942091,-1.3116455353728675,0.7806446022322311,-0.059096365555598614,-0.0009938322641146052,-0.010524013187048625,2.0430119636821487,-1.13545070150935,0.8648438121569765,-0.053392721934055,0.02557639110396341,-0.02779244218861705,0.09000117304571391,0.09000117304571391,0.0,0.0,0.0,-0.06879626538588929,0.010284415870064166,0.011299933114826886,-2.322002955359985,0,2.258901127978681
16.731520000000764,2.0002553845811932,-0.9645071983923847,1.1699307782316535,-0.0002649167583652175,-0.03818453890363145,-0.11068405110956658,2.346626590775217,-1.263804214668566,1.0797015868772368,-0.009332093651795605,0.000892778637291175,-0.004912732278427534,2.1948010551379458,-1.199626420548531,0.9722630546186724,-0.030915092785003866,0.013198303821305891,-0.015906861568232636,0.09000117304571391,0.09000117304571391,0.0,0.0,0.0,-0.06634661710864564,0.010347711550337282,0.011238159449388163,-2.32769213978184,0,2.258792468359513
16.735680000000762,2.000254280966877,-0.9646662710160069,1.16946852869797,-0.0002648674359074447,-0.03817742966932227,-0.11093988808405032,2.3332681568277973,-0.5704534554689245,1.058349503917036,-0.10023439345765983,0.02945795321987666,-0.08365631407773758,2.2638278593767462,-0.884974338091935,1.0151334587937935,-0.06594011601401764,0.021362861212407866,-0.050056059037147875,0.09000117304571391,0.09000117304571391,0.0,0.0,0.0,-0.06393488062904806,0.010409571810507987,0.011177022620575305,-2.3332876960907356,0,2.258683842665297
16.73984000000076,2.0002531775580765,-0.9648253140169831,1.1690052552642407,-0.0002648181120570845,-0.03817032023428849,-0.11118562409501032,2.593531565175558,-1.055175792496929,0.9225290482496329,0.16150655480919185,-0.08638548634026236,-0.03566678324642297,2.429016877307878,-0.9702554613914371,0.9687563068374476,0.04828364098226941,-0.032732422309842205,-0.04280809611159681,0.09000117304571391,0.09000117304571391,0.0,0.0,0.0,-0.06156054105299469,0.010470029875857574,0.011116525867689516,-2.338791182133227,0,2.258575254698889
16.74400000000076,2.0002520743547962,-0.964984327394731,1.1685409993600757,-0.000264768787236957,-0.03816321065947452,-0.11142141699962316,2.4670283249651064,-0.9579628889436665,1.3656780009783551,0.10984344494629762,-0.20751825092267456,-0.19819061687664408,2.4482511914603466,-0.9645410387677109,1.166806718886745,0.07913020447559457,-0.11996139177888959,-0.12001734579347208,0.09000117304571391,0.09000117304571391,0.0,0.0,0.0,-0.05922309022927552,0.010529118221099653,0.01105667183471094,-2.344204129833259,0,2.2584667081815697
16.74816000000076,2.0002509713570387,-0.9651433111489179,1.1680758017662922,-0.0002647194618633161,-0.0381561010048783,-0.11164742250805619,1.6943957760238841,-1.342829642776253,0.8486590698407981,0.09165114316467733,-0.13804573036173257,0.06629881542897308,2.0715095529616323,-1.1539754015380679,1.0078675991952188,0.08504722655391701,-0.1288665210649158,-0.026405476877107537,0.09000117304571391,0.09000117304571391,0.0,0.0,0.0,-0.05692202666090057,0.010586868583467614,0.01099746260138905,-2.349528045623522,0,2.258358206754186
16.752320000000758,2.000249868564804,-0.9653022652794577,1.1676097026237444,-0.0002646701363459226,-0.038148991329561885,-0.11186379421148258,2.2214047877909606,-1.4554955516403825,0.961593228649953,-0.11806430620446208,-0.11924918447667188,-0.10651454690422682,2.1462122751685113,-1.304985713762173,0.9845062915045089,-0.01631581636141594,-0.12401401120208377,-0.06537230081796773,0.09000117304571391,0.09000117304571391,0.0,0.0,0.0,-0.05465685542142118,0.010643311975889866,0.010938899713007828,-2.3547644108696253,0,2.2582497539782787
16.756480000000757,2.0002487659780908,-0.9654611897865063,1.1671427414420372,-0.0002646208110881178,-0.038141881691662036,-0.11207068360974802,2.81365701880038,-1.3543092813922633,0.9744616022940922,-0.1517856664045975,0.10547577633185044,-0.07266150314895861,2.4796232848822073,-1.3294289759261033,0.9793342378679171,-0.08388687268964047,-0.009033886210225576,-0.06973532009405041,0.09000117304571391,0.09000117304571391,0.0,0.0,0.0,-0.05242708806919549,0.010698478700222953,0.010880984208876393,-2.3599146822872155,0,2.2581413533372054
16.760640000000755,2.000247663596897,-0.965620084670458,1.166674957108126,-0.0002645714864868967,-0.03813477214840076,-0.11226824013868017,1.6247924418141908,-1.120610811024056,1.3263118378901126,-0.14039183131873223,0.09241757123122972,-0.1656166882813141,2.0519095852623352,-1.2248275534697874,1.1524800798533616,-0.11199845887380239,0.04233306506620292,-0.11723321725153145,0.09000117304571391,0.09000117304571391,0.0,0.0,0.0,-0.050232242563659324,0.010752398360515447,0.010823716649593876,-2.3649802923521546,0,2.2580330082372555
16.764800000000754,2.000246561421218,-0.9657789499319418,1.166206387894805,-0.00026452216293298096,-0.038127662756095866,-0.11245661119704926,2.3535839742059683,-0.4695125302081493,1.3789450861946682,-0.02094500496711695,0.003176142635478503,-0.18649044122227765,2.202704904983069,-0.8471599343316508,1.2653263542744444,-0.06627526396660392,0.023614963723095485,-0.15189646727539416,0.09000117304571391,0.09000117304571391,0.0,0.0,0.0,-0.04807184318339841,0.010805099876277785,0.010767097143135798,-2.3699626497038704,0,2.2579247220087573
16.768960000000753,2.000245459451048,-0.9659377855718175,1.1657370714690833,-0.0002644728408108922,-0.03812055357017146,-0.11263594217318716,2.07339970333725,-0.8645456287046652,0.8107049283440297,-0.1912213586628117,0.052862715832880734,-0.020942128233886026,2.1376549871401926,-0.8557428718044324,1.0379704715005824,-0.12937629616394186,0.038199241804296326,-0.08718279231359376,0.09000117304571391,0.09000117304571391,0.0,0.0,0.0,-0.045945420444098495,0.010856611495735411,0.010711125369807544,-2.3748631395419966,0,2.25781649790717
16.773120000000752,2.000244357686379,-0.9660965915911724,1.165267044900453,-0.00026442352049902427,-0.03811344464516845,-0.1128063764712643,1.9543572112135972,-1.3010538788638293,1.300406795559973,-0.1409450173591233,0.07688473218295402,-0.15007921464239796,2.045711921909151,-1.078241538870632,1.168879328706085,-0.13528824680306153,0.05752291475333136,-0.11911703814727938,0.09000117304571391,0.09000117304571391,0.0,0.0,0.0,-0.043852511018303786,0.010906960809044536,0.010655800606109008,-2.3796831240164127,0,2.2577083391141812
16.77728000000075,2.0002432561272028,-0.9662553679913173,1.164796344669048,-0.000264374202369716,-0.038106336034754947,-0.11296805553723192,1.8522035308852736,-1.1450248197669384,0.6796992361875525,-0.042031101957621844,-0.10996819056673518,-0.1510945491188577,1.948868466822034,-1.1118619071271523,0.9239716240062756,-0.08843386179299001,-0.026437981951677365,-0.135121468316967,0.09000117304571391,0.09000117304571391,0.0,0.0,0.0,-0.041792657656131826,0.010956174761451633,0.010601121747553057,-2.384423942610794,0,2.25760024873878
16.78144000000075,2.000242154773508,-0.9664141147737828,1.164325006673696,-0.0002643248867893231,-0.03809922779173669,-0.11312111888443346,2.329449183744445,-1.1195300294315704,1.3168377837740375,-0.14788391608679066,0.06598341686192406,0.05272905939249006,2.138854034253486,-1.115559231310392,1.1205159435046022,-0.11822245124394183,0.019984603402012222,-0.04063873574371632,0.09000117304571391,0.09000117304571391,0.0,0.0,0.0,-0.0397654091058795,0.011004279666379518,0.010547087330478927,-2.389086912519776,0,2.2574922298183306
16.78560000000075,2.0002410536252824,-0.9665728319403164,1.1638530662398674,-0.00026427557411829,-0.03809211996806738,-0.1132657041188847,2.0266378301651375,-0.8798323219056259,0.900850063604655,0.03255524721148958,-0.1383690557235754,-0.20175354306874344,2.082813207453295,-0.9979814700318707,1.0102618965540289,-0.04300986478379764,-0.059403609262470757,-0.12122025995972514,0.09000117304571391,0.09000117304571391,0.0,0.0,0.0,-0.03777032003816061,0.011051301218424427,0.010493695552900298,-2.3936733290198497,0,2.257384285319636
16.789760000000747,2.0002399526825125,-0.9667315194928783,1.1633805581275165,-0.00026422626471122126,-0.038085012614858964,-0.11340194696423704,2.196322026255395,-1.4321705797840891,1.2425162874630804,-0.1505382640436514,-0.05096431672432446,-0.1984686725306276,2.1392557600170354,-1.2151863089192876,1.1259778204732025,-0.09699033711816958,-0.054587551112077665,-0.15979736770010422,0.09000117304571391,0.09000117304571391,0.0,0.0,0.0,-0.035806950968233164,0.011097264506249954,0.010440944294426411,-2.398184465834077,0,2.257276418139988
16.793920000000746,2.0002388519451837,-0.9668901774336383,1.1629075165388232,-0.00026417695891695265,-0.03807790578239188,-0.11352998128641643,2.2500616704967467,-0.8917775811787837,0.8394654610093755,0.017521422105439825,0.07020744693471455,-0.29944475967771333,2.1946958300034276,-1.0533335120019882,0.9820984972985028,-0.03969145868305414,0.007734379066962615,-0.23042849681110703,0.09000117304571391,0.09000117304571391,0.0,0.0,0.0,-0.03387486818058133,0.011142194025365093,0.010388831135293217,-2.4026215754907434,0,2.257168631108215
16.798080000000745,2.0002377514132794,-0.9670488057649721,1.1624339751258317,-0.0002641276570786215,-0.03807079952012523,-0.11364993911794741,2.0117877343643586,-1.4536821619088687,1.2898005661023662,0.12536699057711426,0.04633692285595376,0.008830676374016466,2.103501932387706,-1.2534142237706583,1.1359703075421492,0.04250484566082427,0.027016270541882072,-0.11093690665976617,0.09000117304571391,0.09000117304571391,0.0,0.0,0.0,-0.03197364365490263,0.011186113690774959,0.01033735337454026,-2.406985889676039,0,2.257060926985712
16.802240000000744,2.0002366510867815,-0.9672074044894584,1.16195996699799,-0.0002640783595337371,-0.03806369387670686,-0.11376195068196762,2.2127485494104677,-0.9374234357343724,0.8007880655573331,-0.029953738753099615,-0.012637686222171568,-0.07665570538486399,2.1580641885789063,-1.095444599118359,0.9682171704780504,0.006046439251624116,0.008006602795803222,-0.0936883865840889,0.09000117304571391,0.09000117304571391,0.0,0.0,0.0,-0.030102854992435202,0.011229046849493838,0.01028650804736771,-2.411278619580875,0,2.256953308467469
16.806400000000743,2.0002355509656704,-0.967365973609875,1.1614855247295903,-0.0002640290666142501,-0.03805658889998345,-0.11386614441593461,1.460328943729709,-0.7963762726730899,2.055598039854651,-0.05603954897137412,0.064571574612648,-0.2697853773512773,1.809075554895556,-0.9457742794227987,1.5113537214025774,-0.025200190569761752,0.036402432385787234,-0.1815587796733435,0.09000117304571391,0.09000117304571391,0.0,0.0,0.0,-0.02826208534284186,0.011271016292911423,0.010236291941706707,-2.415500956241922,0,2.2568457781830844
16.81056000000074,2.000234451049926,-0.9675245131291959,1.161010680367111,-0.00026397977864662175,-0.03804948463701044,-0.1139626469950268,2.5932608510176682,-1.2644348559202143,0.728576495503112,-0.01996873638807248,-0.0008143841528437806,-0.07460516417212003,2.201131555737142,-1.105106860293949,1.1198037602472255,-0.022296221252586648,0.017012113579106983,-0.12775503637163696,0.09000117304571391,0.09000117304571391,0.0,0.0,0.0,-0.026450923332723142,0.01131204426900409,0.010186701614035003,-2.4196540708769816,0,2.256738338697773
16.81472000000074,2.0002333513395265,-0.9676830230505877,1.1605354654364641,-0.00026393049595189284,-0.03804238113406195,-0.11405158335524558,1.949547484190633,-1.1383503594808715,0.9791857563719202,-0.10707941081840312,-0.06710765703832283,-0.15337477445225023,2.0751145843437504,-1.121867685442117,1.049175122445901,-0.06446452008676382,-0.025397746705591282,-0.14073789418242497,0.09000117304571391,0.09000117304571391,0.0,0.0,0.0,-0.02466896299512411,0.011352152494384003,0.010137733404468658,-2.423739115214773,0,2.2566309925133594
16.81888000000074,2.000232251834448,-0.967841503377407,1.1600599109501466,-0.00026388121884575146,-0.0380352784366406,-0.11413307671622248,2.443230224282974,-0.9675384523983032,1.432417323955264,-0.17497720619835733,-0.11411995821643228,-0.06896090097374817,2.2588101744474685,-1.0449385232828752,1.2406568319663884,-0.11930111036350548,-0.07015318943752358,-0.10550970888178103,0.09000117304571391,0.09000117304571391,0.0,0.0,0.0,-0.022915803698967674,0.011391362166179747,0.010089383451159471,-2.427757221819232,0,2.256523742069267
16.823040000000738,2.000231152534666,-0.9679999541131966,1.1595840474142978,-0.00026383194763860085,-0.03802817658948725,-0.11420724860373106,2.1522150512489313,-0.9209442332327551,1.591724355675544,0.029747527959324258,-0.010917025238896857,0.06077724337526884,2.205572867780588,-0.9829621639115755,1.4163182437952633,-0.04436647992006241,-0.04104560088048998,-0.02178952434121866,0.09000117304571391,0.09000117304571391,0.0,0.0,0.0,-0.021191050080556162,0.011429693973742997,0.010041647704026678,-2.4317095044084134,0,2.2564165897434925
16.827200000000737,2.000230053440155,-0.9681583752616824,1.1591079048356647,-0.0002637826826356264,-0.03802107563659068,-0.11427421887191212,2.3992665438913225,-0.6575750535423388,1.694239606381832,-0.012591719572770896,0.057572492943213295,-0.048863890296787574,2.302395710609135,-0.8201476352786807,1.5551787244031068,-0.028884947329392462,0.00876324234111828,-0.035079763585137265,0.09000117304571391,0.09000117304571391,0.0,0.0,0.0,-0.019494311975221945,0.011467168110176519,0.009994521937850394,-2.4355970581680886,0,2.256309537853575
16.831360000000736,2.000228954550888,-0.9683167668267707,1.1586315127284763,-0.00026373342413686223,-0.038013975621197155,-0.11433410572521277,2.017240481177975,-0.9397881860617299,1.0604803883680278,0.050336734899680415,-0.025305338674806915,-0.25307576203820203,2.1599210863255465,-0.8800200332554698,1.3072994351627447,0.010582892030878033,-0.008917501364950184,-0.14393429480634687,0.09000117304571391,0.09000117304571391,0.0,0.0,0.0,-0.01782520435041257,0.01150380428367947,0.009948001764753226,-2.4394209600601244,0,2.2562025886575503
16.835520000000734,2.0002278558668363,-0.9684751288125449,1.1581549001212261,-0.000263684172437257,-0.03800687658581996,-0.1143870257400453,1.8724017630292245,-0.9978625786367015,1.3863243419799414,-0.07010649994771057,-0.14124008213162623,-0.1264379170253505,2.0160136246467983,-0.9392349996654774,1.3465489834739306,-0.02977172017560683,-0.07550603121018284,-0.13496080575492742,0.09000117304571391,0.09000117304571391,0.0,0.0,0.0,-0.0161833472385034,0.011539621728706647,0.009902082646095517,-2.4431822691257294,0,2.2560957443549006
16.839680000000733,2.00022675738797,-0.9686334612232627,1.1576780955633672,-0.0002636349278267394,-0.037999778572248795,-0.11443309388616466,1.8673371279452409,-1.3539030233377614,1.5940696338017057,-0.0802618776329885,0.13401395195028526,-0.18069486696678816,1.9415083777253543,-1.1462933353838936,1.469933460337945,-0.05548678911940803,0.029321029610500926,-0.15698812810002863,0.09000117304571391,0.09000117304571391,0.0,0.0,0.0,-0.014568365671906336,0.011574639216938925,0.009856759903808653,-2.4468820267836553,0,2.255989007087488
16.843840000000732,2.0002256591142595,-0.9687917640633524,1.1572011271319183,-0.0002635856905902828,-0.03799268162155913,-0.11447242354777394,1.9702501644407235,-0.797199313098352,0.9955745259100032,-0.006743993582990743,0.08928809941620158,-0.1361327289856915,1.9558652386230893,-0.9715574069026027,1.2324680549133589,-0.031019328142089058,0.05893629553558803,-0.14681815672767567,0.09000117304571391,0.09000117304571391,0.0,0.0,0.0,-0.012979889617914131,0.011608875068062664,0.009812028731189977,-2.4505212571234347,0,2.255882378940487
16.84800000000073,2.000224561045672,-0.9689500373374113,1.1567240224379833,-0.0002635364610079698,-0.03798558577412146,-0.11450512654435704,1.7545325930292748,-1.089527173199506,0.6501664076126954,0.04203830589894161,-0.10677727835204881,0.16603726025622342,1.8552845413824837,-1.030764458410813,0.9416589190769705,0.005699107724253107,-0.024270882208118686,0.009392487816345657,0.09000117304571391,0.09000117304571391,0.0,0.0,0.0,-0.011417553914992773,0.01164234716035644,0.009767884203181903,-2.4541009671937415,0,2.2557758619432957
16.85216000000073,2.0002234631821745,-0.9691082810502013,1.1562468086331865,-0.0002634872393550553,-0.037978491069610446,-0.1145313131512441,2.0829569235579726,-0.7975751020813078,1.3248550876874767,-0.042161430942566934,-0.01691654730220601,0.014589610705031036,1.9690348069099983,-0.9142050363101973,1.1332891660699218,-0.018312656402798496,-0.019775858854990877,0.012406491010256274,0.09000117304571391,0.09000117304571391,0.0,0.0,0.0,-0.009880998210312741,0.01167507294108384,0.009724321286156985,-2.457622147285951,0,2.2556694580704457
16.85632000000073,2.000222365523733,-0.9692664952066472,1.15576951241602,-0.0002634380259020298,-0.037971397547014035,-0.11455109211991506,1.8008862064446896,-0.3996370437807274,1.3323841819420572,-0.02414184023864565,-0.14204448335586614,-0.026751460608828437,1.8849085140956894,-0.6572152458554139,1.2327827514672922,-0.02093758463153202,-0.07976848327412199,-0.007326999428568265,0.09000117304571391,0.09000117304571391,0.0,0.0,0.0,-0.008369866895741152,0.011707069436691574,0.009681334847229803,-2.461085771212984,0,2.2555631692425
16.860480000000727,2.0002212680703124,-0.9694246798118332,1.1552921600381116,-0.000263388820914682,-0.037964305244642414,-0.11456457069803498,1.5156373032663417,-0.5358635036192888,0.8965151862335002,-0.038037996957970055,0.006325390578267677,-0.1074377979321082,1.7001907018329327,-0.5965251987944238,1.0644235350722997,-0.029243896947495008,-0.03680887364585712,-0.05756195250179675,0.09000117304571391,0.09000117304571391,0.0,0.0,0.0,-0.006883809048499556,0.011738353262812518,0.009638919663115773,-2.464492796583507,0,2.2554569973269394
16.864640000000726,2.0002201708218763,-0.9695828348710005,1.1548147773104065,-0.00026333962465416007,-0.03795721420013694,-0.1145718546492402,1.851203753314082,-0.850780483086206,0.6029259218614704,0.04633009517073067,-0.029985728042223807,-0.25381637204194074,1.7757941093014395,-0.7237153854950495,0.8331447021859983,0.008798027435418772,-0.03416901742634125,-0.15622173301516787,0.09000117304571391,0.09000117304571391,0.0,0.0,0.0,-0.005422478368580452,0.011768940634073652,0.009597070428556103,-2.4678441650715746,0,2.255350944139038
16.868800000000725,2.0002190737783874,-0.9697409603895442,1.1543373896092703,-0.00026329043737703315,-0.03795012445047895,-0.11457304827266214,1.4295950953318597,-1.4401108227717312,0.8935908451844097,0.036197755123230875,0.06658882078872154,-0.0919841006369166,1.6027673672651217,-1.0817796763743859,0.863177778330514,0.022545570755548902,0.016233305779282066,-0.12454263059152287,0.09000117304571391,0.09000117304571391,0.0,0.0,0.0,-0.003985533119979345,0.011798847373709242,0.00955578176432747,-2.4711408026817803,0,2.255245011442733
16.872960000000724,2.000217976939807,-0.9698990563730108,1.1538600218825112,-0.00026324125933535185,-0.03794303603199847,-0.11456825442220432,1.718803017669832,-0.6713971501124538,1.566667383438978,-0.10991418159257009,-0.14945660516991055,0.022183728924891136,1.6605571480425612,-0.876897811319433,1.214973257395464,-0.04356134923345116,-0.06592579068536178,-0.05100243916162463,0.09000117304571391,0.09000117304571391,0.0,0.0,0.0,-0.002572636071472456,0.011828088922979886,0.009515048224854158,-2.4743836200099985,0,2.255139200951479
16.877120000000723,2.0002168803060956,-0.9700571228270957,1.1533826986553213,-0.0002631920907767082,-0.0379359489803829,-0.11455757452557101,1.5172544554676395,-0.8660892668192008,1.4356387169085698,0.07589216572520405,-0.1849009921877537,-0.07652213792348109,1.5890616873381662,-0.8718782094261849,1.3251488597286556,0.016621846495664724,-0.12533013849770733,-0.06399736819659795,0.09000117304571391,0.09000117304571391,0.0,0.0,0.0,-0.0011834544371532307,0.011856680350398302,0.00947486430543975,-2.477573512499786,0,2.255033514329097
16.88128000000072,2.0002157838772123,-0.9702151597576402,1.152905444036142,-0.00026314293194429475,-0.03792886333068549,-0.11454110860304609,1.7814864484978883,-0.9257907761151076,0.747763004140434,-0.23174876989460927,-0.1060924643234939,-0.15563094826977328,1.6847920925245525,-0.8990562727416922,1.0361285963597877,-0.10692671682004004,-0.11535984722437255,-0.11000664814831036,0.09000117304571391,0.09000117304571391,0.0,0.0,0.0,0.00018234017941748393,0.011884636360763057,0.009435224449134744,-2.4807113606945186,0,2.254927953190612
16.88544000000072,2.0002146876531164,-0.970373167170629,1.15242828172245,-0.0002630937830769636,-0.03792177911733389,-0.11451895528603741,2.43530848221748,-1.0785603073706949,1.068033498116353,-0.10072602936060869,-0.043010072043532105,-0.07745956719577532,2.059845343830775,-0.9888987399368936,1.051921273911599,-0.10349592511423636,-0.07931744121962339,-0.09427231680443972,0.09000117304571391,0.09000117304571391,0.0,0.0,0.0,0.0015250718440741884,0.011911971304001593,0.009396123053255854,-2.483798030485329,0,2.2548225191030786
16.88960000000072,2.0002135916337647,-0.970531145072188,1.1519512350064693,-0.00026304464440928433,-0.03791469637413843,-0.11449121183537408,1.509888998567208,-0.6094645980988418,0.7370735770740994,-0.07612918967403061,0.012772370575978312,-0.1624824782791877,1.7847042235987478,-0.7991512896543594,0.8941575430494959,-0.08945233904091202,-0.03383529537399693,-0.1285074384143073,0.09000117304571391,0.09000117304571391,0.0,0.0,0.0,0.0028450603466498303,0.011938699183824151,0.009357554475572058,-2.4868343733549234,0,2.2547172135863995
16.893760000000718,2.000212495819114,-0.9706890934685809,1.1514743267808052,-0.0002629955161716012,-0.03790761513430048,-0.11445797415937423,1.5436996055260856,-1.1711798567626466,1.2382377097998785,0.16941380172090106,-0.13390402337760182,-0.1629758534643961,1.6645509135822893,-0.9854451882500768,1.0658603302724057,0.040776940216323075,-0.08458676919471429,-0.14539380589426099,0.09000117304571391,0.09000117304571391,0.0,0.0,0.0,0.004142621257730739,0.01196483366619038,0.009319513040171912,-2.4898212266173374,0,2.2546120381141317
16.897920000000717,2.00021140020912,-0.9708470123662076,1.1509975795440066,-0.0002629463985900904,-0.03790053543042057,-0.11441933683167436,2.2329609019252223,-0.9834341769822437,1.0930754851170228,0.09814939971942964,0.03337416347195045,-0.11102685090585106,1.9489638400912286,-0.9843686264564097,1.0792371747706704,0.06955229933091081,-0.026395115617959285,-0.128216978300357,0.09000117304571391,0.09000117304571391,0.0,0.0,0.0,0.005418065981999731,0.011990388087590577,0.009281993043026016,-2.4927594136537037,0,2.2545069941142866
16.902080000000716,2.000210304803737,-0.9710049017716014,1.1505210154060532,-0.0002628972918868161,-0.03789345729450656,-0.11437539310883464,2.3458463209232256,-0.6321257295251098,1.2242188319404532,-0.004714832587772027,0.07176946150239448,0.014893471160009789,2.147397483630018,-0.8080948083106122,1.151759970798731,0.0326962852577361,0.022379658887311422,-0.05665886608300588,0.09000117304571391,0.09000117304571391,0.0,-1.9996836676004461,-0.9530867302506386,0.006671701813939945,0.01201537546314365,0.00924498875725795,-2.495649744144097,0,2.2544020829701163
16.906240000000714,2.0001744928725786,-0.9711793083360487,1.1500446560937712,-0.008594863477948305,-0.04185757546735927,-0.11432623494770987,2.566060452338739,-0.6663185421163588,1.2409436950702375,0.04829928629270368,0.15814588256462764,-0.042992184428855926,2.3568402417947767,-0.7368732577557785,1.1962628830823063,0.03670629131138339,0.08857761996366574,-0.04975359044999088,0.09000117304571391,0.09000117304571391,0.0,-1.9829572182772355,-0.9449713818335003,0.007903831989908516,0.011676084314053951,0.011018306467184644,-2.49849300567462,0,2.2542589505991244
16.910400000000713,2.00010426129796,-0.9713700880381472,1.149568523084023,-0.01685557790845715,-0.045787128503638024,-0.11427192233955354,1.862636424576281,-1.0648568660122084,0.7763941705529622,0.04578140595446677,-0.007849659772805773,-0.05674444710015138,2.1098389779720734,-0.9008787473934486,0.9862079905425126,0.03697392180815653,0.0379964408800618,-0.05345463366187961,0.09000117304571391,0.09000117304571391,0.0,-1.9663390811928607,-0.9369089013375375,0.009114632428938507,0.011167485634613894,0.013683497118496816,-2.5012899728342193,0,2.2540779256588364
16.914560000000712,1.9999999050517392,-0.9715770977723625,1.1490926375300274,-0.025045499093015046,-0.04968233621167944,-0.1142125329589061,2.0390083403908332,-0.4969029792761166,0.6882239902690164,-0.08103142560283891,-0.09945994744537588,-0.14347276287008046,2.0742631615391467,-0.6990916351422007,0.8369157216896541,-0.02612803394634977,-0.03229778340152098,-0.09857121999717197,0.09000117304571391,0.09000117304571391,0.0,-1.949828632830177,-0.9288989915472143,0.010304350867100243,0.010586683998183305,0.01678131805653723,-2.5040414074290633,0,2.253859334696587
16.91872000000071,1.9998617172163182,-0.9718001953403441,1.1486170202616501,-0.03316508050104571,-0.05354341631558827,-0.11414814441054516,2.1024545430568904,-0.32874036517682936,1.1568382860360247,0.10318194330488456,-0.10931190064595875,-0.13523449920519726,2.088582349435115,-0.5141359487987233,0.996598374592198,0.034342880644948615,-0.07312014908004126,-0.11710049252650016,0.09000117304571391,0.09000117304571391,0.0,-1.9334252578793152,-0.920941358514677,0.01147323573168818,0.009981860769240528,0.020082134194276176,-2.5067480586934106,0,2.253603502171801
16.92288000000071,1.9996899890040918,-0.9720392394430721,1.1481416917853922,-0.041214770934364015,-0.05737058465472439,-0.1140788343019041,1.801116144033143,-1.2211461044823357,1.2443571802933147,-0.05010831402609764,0.13680513065611005,-0.18701939722006744,1.944753021072152,-0.8673576871430019,1.120090537956957,-0.012690358075597302,0.03003259966358139,-0.1520659181319846,0.09000117304571391,0.09000117304571391,0.0,-1.9171283485106105,-0.9130357111684594,0.012621536430337588,0.00937674547414291,0.023471118440018174,-2.5094106634970115,0,2.253310750476507
16.92704000000071,1.999485009775349,-0.9722940896737616,1.1476666722842965,-0.049195014898264826,-0.06116405536548176,-0.11400468026296919,2.151523208332555,-0.7131123137462331,1.0241897423351038,0.001991375529962945,0.12914150118436848,-0.17547578613694131,2.0481528671435774,-0.7899639708738299,1.071774466289624,-0.009756617092765154,0.07893654113704067,-0.16376057174418848,0.09000117304571391,0.09000117304571391,0.0,-1.9009373036489778,-0.9051817609563417,0.013749503431370436,0.008782851253275645,0.026890851763013035,-2.5120299465491063,0,2.2529813999541424
16.931200000000707,1.9992470670547102,-0.9725646065114287,1.1471919816179468,-0.05710625295330831,-0.06492404104009392,-0.11392575992396588,2.261302536370943,-0.7630174137181795,1.2420913131971463,-0.030742712233944706,-0.1157818911993678,-0.05797303855424139,2.15467295073377,-0.7767268523524583,1.1568138675299786,-0.0239514489591559,-0.020561649499893444,-0.11105063305708204,0.09000117304571391,0.09000117304571391,0.0,-1.8848515282861014,-0.8973792215331275,0.014857388174768338,0.008205592357102184,0.03031262308216615,-2.514606620599076,0,2.2526157689167707
16.935360000000706,1.9989764465462263,-0.9728506513150148,1.1467176393226857,-0.06494892203611813,-0.06865075286064808,-0.11384215086263993,1.7838041806001872,-1.0576872841128797,1.016903300567048,-0.047539967285948836,-0.10374142546272974,0.05395110060082223,1.9691454734516234,-0.9174198669396886,1.0869698308819609,-0.0397758680612824,-0.0645246556946283,-0.028564718172209326,0.09000117304571391,0.09000117304571391,0.0,-1.8688704328520336,-0.8896278084994271,0.015945442859933268,0.007647342668314121,0.03372207906794309,-2.5171413866337944,0,2.252214173660886
16.939520000000705,1.9986734321472963,-0.9731520863179691,1.1462436646121341,-0.0727234557431751,-0.07234440070904653,-0.11375393053235391,2.4934921024176697,-1.0070605987120302,1.1301402050099558,-0.0471252418836601,-0.059383772628604815,-0.15787441133722263,2.231231967210607,-0.9623599432616124,1.108226807944091,-0.04707045387755508,-0.06408626039366139,-0.09314497976496192,0.09000117304571391,0.09000117304571391,0.0,-1.852993432661724,-0.8819272391848151,0.017013920155472817,0.00710896474183536,0.03711204890122756,-2.5196349340717425,0,2.2517769284819886
16.943680000000704,1.9983383059615627,-0.9734687746231991,1.145770076378049,-0.0804302845760636,-0.07600519325520103,-0.11366117618042024,2.3216514179575927,-1.3380778437467775,1.1002221553321283,-0.2928876184541015,-0.0571208483447294,-0.28197776925316176,2.275839502769813,-1.1503369866239053,1.103639015123381,-0.17302874010977634,-0.062212720261066765,-0.1880758318609631,0.09000117304571391,0.09000117304571391,0.0,-1.8372199474357866,-0.8742772324777006,0.018063072870819485,0.006590574108932316,0.040478956510633504,-2.522087940953928,0,2.251304345688114
16.947840000000703,1.9979713483109391,-0.9738005801983096,1.145296893191533,-0.08806983614966118,-0.0796333380265175,-0.11356396476383801,1.8749729181997024,-1.2767716071549955,1.42365317770175,-0.11836001183503411,-0.011011674940431912,0.02190095543944079,2.0751653399291934,-1.213574799915962,1.2636945290371284,-0.1496022179676424,-0.03819534313491214,-0.0834086011410117,0.09000117304571391,0.09000117304571391,0.0,-1.821549400895768,-0.8666775086908838,0.019093153613768177,0.006091921218710179,0.04382102654923363,-2.5245010741316705,0,2.2507967356124965
16.9520000000007,1.9975728377469117,-0.9741473678710674,1.1448241333045854,-0.09564253536656388,-0.08322904146186558,-0.11346237286744144,2.0932118708322727,-0.8197950308354336,1.0740736626510685,-0.2437442727564102,-0.09264491075452269,-0.0026784160220232472,2.0836906204373884,-1.0168709486496863,1.1688764107469356,-0.2009321383079705,-0.06729670524620693,-0.04267015908981562,0.09000117304571391,0.09000117304571391,0.0,-1.8059812204260468,-0.8591277894569893,0.02010441445895117,0.005612582203619761,0.04713738724171922,-2.5268749894512936,0,2.2502544066255115
16.9561600000007,1.9971430510612374,-0.9745090033250383,1.1443518146519704,-0.10314880456185914,-0.08679250895303149,-0.1133564766276051,1.5964787189484673,-0.48782548400216946,1.617440877093217,0.08702440753089082,-0.11555099160997653,-0.08292612644055276,1.8402694909410178,-0.7525820722092806,1.392989902709451,-0.06044503114839445,-0.09275980991488182,-0.06308594198637787,0.09000117304571391,0.09000117304571391,0.0,-1.790514836794702,-0.8516277976504164,0.021097106635424467,0.005152054062166487,0.05042762166815751,-2.5292103319357837,0,2.249677665146034
16.9603200000007,1.9966822632961434,-0.9748853530953562,1.1438799548533736,-0.11058906362253507,-0.0903239448762904,-0.11324635166325238,2.26344787325117,-0.5628187611946646,1.4975910611928605,-0.10456973662678347,-0.2360661221084276,-0.16923632557971313,2.051652488154228,-0.6581859033849776,1.444937543185264,-0.08651805382522683,-0.1664214442215396,-0.11535418899342405,0.09000117304571391,0.09000117304571391,0.0,-1.7751496839240517,-0.8441772573288016,0.022071480244566066,0.0047098020552384205,0.05369154326809221,-2.5315077359634555,0,2.249066815652317
16.964480000000698,1.99619074775412,-0.9752762845645907,1.1434085712158115,-0.11796373008559503,-0.09382355261629624,-0.1131320730148845,2.163732703341815,-1.1724651671835165,0.778825700270423,0.033096754071091014,-0.03630367134653775,-0.38216108232171414,2.1077711363775298,-0.9153996991229195,1.111081143897051,-0.031005482258908833,-0.10374881927516161,-0.24829203944693853,0.09000117304571391,0.09000117304571391,0.0,-1.7598851987044504,-0.8367758936880424,0.023027784008383345,0.0042852832140563455,0.05692908345745224,-2.533767825443679,0,2.2484221606924852
16.968640000000697,1.9956687760073761,-0.975681665958691,1.1429376807362628,-0.1252732192185378,-0.09729153458406277,-0.1130137150916854,1.9377947193000284,-0.9968504591818758,1.2302705247924783,-0.16390265356182387,-0.15654430325534507,-0.09272400548701061,2.022447404926438,-0.9564474418270813,1.1704837309168925,-0.10060911071784397,-0.13197751523855442,-0.17048228878561483,0.09000117304571391,0.09000117304571391,0.0,-1.7447208208420135,-0.8294234330314472,0.023966265049611357,0.0038779579085361005,0.06014023530499417,-2.535991213989711,0,2.24774400089472
16.972800000000696,1.9951166179070206,-0.9761013663429846,1.1424673001044863,-0.1325179440853627,-0.10072809223045613,-0.11289135162633838,2.0365414197693403,-1.4540391768934142,1.038812980989053,-0.16622232367774664,-0.2636197686784995,-0.12518503190705252,2.0291553373405185,-1.2057900339791905,1.1043864832232495,-0.13656771880714494,-0.20023225582802873,-0.1475624127327697,0.09000117304571391,0.09000117304571391,0.0,-1.7296559927360677,-0.8221196027466211,0.024887168702418583,0.003487295450260014,0.06332502524202713,-2.5381785050886823,0,2.2470326349771854
16.976960000000695,1.9945345415920173,-0.9765352556182192,1.141997445705999,-0.1396983156007755,-0.10413342605629253,-0.11276505563695893,2.4200055053972376,-0.8492764095773906,0.8440613357158873,-0.10574828617300296,-0.17608147632109655,-0.04190653434677842,2.224369190293284,-1.0278936931683142,0.9741339335558838,-0.1240388990323917,-0.1897347198181644,-0.09426524364197965,0.09000117304571391,0.09000117304571391,0.0,-1.714690159378898,-0.814864131288287,0.02579073835060519,0.0031127767169698423,0.06648349879257845,-2.5403302922687825,0,2.2462883597577514
16.981120000000693,1.9939228134979556,-0.9769832045166353,1.1415281336251846,-0.14681474257480795,-0.10750773561988375,-0.11263489939544574,1.3056642358048887,-0.8464265429072004,1.1931530691135186,-0.13297773884360697,-0.09262785120133768,0.06483770373608566,1.7647404957297195,-0.9373476969531083,1.0837790354874173,-0.1317779860957197,-0.1430216563872907,-0.01431092747065297,0.09000117304571391,0.09000117304571391,0.0,-1.6998227682760203,-0.8076567481679076,0.026677215292095102,0.002753895291871057,0.06961571331777254,-2.5424471592636935,0,2.2455114701635535
16.985280000000692,1.9932816983656654,-0.9774450845980632,1.1410593796485116,-0.15386763174967621,-0.1108512195426839,-0.1125009544015211,2.037488820351367,-0.97972937660115,1.4304144792488294,-0.019206461524710783,-0.10429823816298948,-0.11285683241607727,1.9010837218011052,-0.9587532314354799,1.2568643375425175,-0.0789153395342194,-0.12488337073050285,-0.06352637620918879,0.09000117304571391,0.09000117304571391,0.0,-1.6850532693799636,-0.8004971839462739,0.027546838624666004,0.002410157864245536,0.07272173427143008,-2.5445296801743096,0,2.244702259240409
16.98944000000069,1.9926114592497055,-0.9779207682460362,1.1405911992678375,-0.16085738783035136,-0.11416407551352432,-0.11236329136176358,2.1100932551413183,-1.3299275937362944,0.5852206376973519,-0.13945649399168208,-0.2023472224699941,-0.12805660738095823,2.0053068252278505,-1.1447596367596555,0.9207711960394879,-0.11251889297186436,-0.16565363271310365,-0.09567304471616396,0.09000117304571391,0.09000117304571391,0.0,-1.6703811150382297,-0.7933851702284233,0.028399845152341507,0.0020810842644905835,0.07580163321544697,-2.546578419627795,0,2.243861018162128
16.99360000000069,1.991912357526747,-0.9784101286639187,1.1401236076837835,-0.1677844135100485,-0.11744650029180564,-0.11222198017297733,2.0088352514744856,-0.6310457126449674,1.4412366152637435,-0.156453910086893,-0.24134235803331938,-0.054679984084639345,2.0067533255787215,-0.8883971735156203,1.1808930972600966,-0.13817743953228356,-0.20536435989834828,-0.07483410494724292,0.09000117304571391,0.09000117304571391,0.0,-1.655805759950542,-0.7863204396617486,0.029236469308227653,0.0017662073200257443,0.0788554867192432,-2.5485939329340184,0,2.2429880362397285
16.99776000000069,1.9911846529038653,-0.9789130398710435,1.1396566198091613,-0.17464910949159965,-0.12069868970993106,-0.1120770899093109,2.0811437971751556,-1.0351572223638625,2.0482721306515206,-0.10616708381826127,-0.259329781150642,-0.1395273778797657,2.043735634135569,-0.9623135378616847,1.6142992746703346,-0.12572128287832487,-0.23430804289774035,-0.10756325560047453,0.09000117304571391,0.09000117304571391,0.0,-1.641326661133797,-0.7793027259344154,0.030056943093845157,0.0014650726251860462,0.08188337570539753,-2.550576766239409,0,2.242083600930572
17.001920000000688,1.990428603426759,-0.9794293766988568,1.1391902502724423,-0.18145187450548977,-0.12392083867518616,-0.11192868881259554,2.074616704424264,-1.0699692995222307,1.4329051543657887,-0.360760614901794,-0.16677522188210125,-0.17209014186503419,2.058433762664478,-1.0164856674395417,1.5232416267639066,-0.24695185681209836,-0.20217704063580294,-0.13916095374496673,0.09000117304571391,0.09000117304571391,0.0,-1.626943277894947,-0.7723317637755869,0.030861496027942636,0.0011772382715676702,0.08488538502246801,-2.5525274566782756,0,2.24114799784744
17.006080000000686,1.9896444654879042,-0.9799590147870703,1.138724513421253,-0.18819310532519126,-0.1271131411712264,-0.11177684428545752,1.4637555361896553,-0.7857113667175574,0.9105112937716426,-0.1683300457632873,-0.20272527419039832,-0.3217709533858975,1.7607474046957916,-0.9015154439639107,1.2162031015269839,-0.2110301726768661,-0.20395178906816613,-0.23055190122825506,0.09000117304571391,0.09000117304571391,0.0,-1.6126550718076633,-0.7654072889563903,0.031650355110602435,0.0009022745619755492,0.08786160313542013,-2.5544465325216295,0,2.2401815107675485
17.010240000000685,1.9888324938346529,-0.9805018305798173,1.1382594233258914,-0.1948731967802985,-0.13027579025929042,-0.11162162288678741,1.7437853800324288,-1.0639748487838212,1.248149566672726,-0.023814610776481393,-0.13866608629592436,-0.16178721560150094,1.7522229581269877,-0.9830300914536523,1.2318384950203403,-0.120424292151892,-0.17353129113166232,-0.19542869638486401,0.09000117304571391,0.09000117304571391,0.0,-1.5984615066946004,-0.7585290382918397,0.032423744793050324,0.0006397637194716294,0.09081212187877775,-2.556334513323554,0,2.239184421641522
17.014400000000684,1.9879929415772868,-0.9810577013218141,1.1377949937828529,-0.2014925417678784,-0.13340897807922983,-0.11146309032923765,2.4046968748083963,-1.321490641152986,1.1569371518628861,-0.30058985427494944,-0.16072556246113742,-0.07269629163552359,2.0778465539859208,-1.1525937116245648,1.194236661259465,-0.2140008437527859,-0.16872925370483188,-0.13434351602946135,0.09000117304571391,0.09000117304571391,0.0,-1.5843620486128185,-0.7516967496411505,0.03318188695768326,0.00038929959720281266,0.0937370362449495,-2.558191910065162,0,2.23815701060232
17.018560000000683,1.9871260601970269,-0.9816265050545242,1.1373312383183594,-0.20805153126236792,-0.13651289585041368,-0.1113013114784427,1.4602177475136364,-0.7813026649627115,1.3929924292214664,-0.06378288579543678,-0.14217570852038117,0.00837713755728979,1.7689032246366498,-0.967238018663207,1.293633133069192,-0.14277812461528597,-0.15703751153101572,-0.06288309289414441,0.09000117304571391,0.09000117304571391,0.0,-1.5703561658412957,-0.7449101619117902,0.03392500090406558,0.00015048739178067053,0.09663644419384226,-2.560019225296173,0,2.237099555974136
17.02272000000068,1.986232099554009,-0.9822081206123265,1.1368681701918855,-0.21455055432428471,-0.13958773387257203,-0.11113635035371178,2.0049024639627473,-1.0910805611334977,1.0310352873895279,-0.2178824141198816,-0.1982272513908701,-0.13561724445933923,1.886458564646242,-1.0295686667248678,1.1620512814624786,-0.1838153934480595,-0.17945532821297633,-0.09972090814718304,0.09000117304571391,0.09000117304571391,0.0,-1.5564433288723587,-0.7381690150596789,0.03465330334155309,-7.705663845973148e-05,0.09951044647670043,-2.5618169532741617,0,2.236012334281252
17.02688000000068,1.9853113078952258,-0.9828024276186874,1.1364058023996773,-0.22098999810797715,-0.1426336815265986,-0.11096827012997348,1.865434671910199,-0.41106940760702937,0.6927887033693121,-0.3055248510831682,-0.035654598130213044,-0.18272655824127038,1.8753169537354233,-0.7203870800655332,0.927037063020069,-0.24753070666651844,-0.10842471344191972,-0.14142046217002704,0.09000117304571391,0.09000117304571391,0.0,-1.5426230104032899,-0.7314730500923781,0.03536700838578272,-0.00029370544972088185,0.10235914647051866,-2.563585580101505,0,2.2348956202568804
17.03104000000068,1.98436393186244,-0.9834093064823347,1.1359441476782572,-0.2273702478685852,-0.14565092727535248,-0.1107971331407909,1.5205614330715642,-0.8095345407737791,1.5678919249888548,-0.1458411518616133,-0.13093261775148576,-0.029963256983786005,1.6976390313023153,-0.7652308284964822,1.2474058203120242,-0.1994166915372641,-0.12109173612565753,-0.08529731781739591,0.09000117304571391,0.09000117304571391,0.0,-1.5288946853307912,-0.7248220090719559,0.036066327561394496,-0.0004998214832768048,0.10518265002108014,-2.56532558386007,0,2.2337496868519664
17.03520000000068,1.9833902165000719,-0.9840286383934367,1.1354832185079144,-0.23369168696836412,-0.14863965866447726,-0.11062300088228014,1.7715895254863194,-1.37872888655594,1.1245188110754198,-0.2697829992320568,-0.03867311785688293,-0.2796523442343438,1.7340611597877253,-1.072062852219761,1.1853801306211083,-0.23820388899423925,-0.0807230167415048,-0.1826275921173478,0.09000117304571391,0.09000117304571391,0.0,-1.5152578307461673,-0.718215635115177,0.03675146980586652,-0.0006957569302119173,0.10798106529352589,-2.5670374347436824,0,2.232574805243972
17.039360000000677,1.9823904052630614,-0.9846603053197835,1.1350230271161736,-0.23995469688248827,-0.15160006232324197,-0.11044593401780664,2.007312770508884,-0.9423940925538089,0.7330847060108042,-0.23833427661492695,-0.059753622390970484,-0.2754121255030761,1.8702000005981758,-1.0073492817220229,0.958655894110481,-0.2415636445675175,-0.07147498319821242,-0.2287686604538437,0.09000117304571391,0.09000117304571391,0.0,-1.5017119259311247,-0.7116536723980706,0.037422641479176344,-0.0008818539903851875,0.11075450262978573,-2.568721595188404,0,2.2313712448456386
17.043520000000676,1.9813647400247096,-0.9853041900029729,1.134563585481243,-0.2461596572044323,-0.15453232396543234,-0.1102659923833314,1.4922589272837246,-1.0986627049031963,1.3035927118391482,-0.2297154217792889,-0.1506364619258483,-0.12042132705145964,1.6807557270636575,-1.0533162556689883,1.1308744866065348,-0.23886630246862878,-0.11282786306141483,-0.17375699735842,0.09000117304571391,0.09000117304571391,0.0,-1.488256452355579,-0.705135866156007,0.03808004637416801,-0.001058445125678294,0.1135030744124195,-2.5703785200006655,0,2.2301392733137266
17.047680000000675,1.980313461084497,-0.9859601759545991,1.1341049053354375,-0.2523069456510158,-0.15743662839028197,-0.11008323499331556,2.2145943502538636,-1.0508131321726184,1.210379594408951,-0.1442744296859987,-0.3621331925643895,-0.09379968607333286,1.9473845092332813,-1.0528158046208274,1.1704330654678403,-0.19437569146572148,-0.23847350795740713,-0.13405717052526242,0.09000117304571391,0.09000117304571391,0.0,-1.474890893674584,-0.6986619626866546,0.038723885729767704,-0.001225853307611339,0.11622689493452622,-2.5720086564832827,0,2.2288791565577335
17.051840000000674,1.979236807175884,-0.9866281474524469,1.1336469981685746,-0.2583969380671719,-0.16031315948346092,-0.10989772004709503,2.102678128371739,-0.9594795626826641,0.7045740133005545,-0.2178096634961802,-0.08961631931518575,-0.20826029775473717,2.0245871074619863,-1.006330069426657,0.9370671546391469,-0.20981274192433969,-0.16567026534107973,-0.171178246138489,0.09000117304571391,0.09000117304571391,0.0,-1.4616147357272724,-0.6922317093515451,0.039354358247056964,-0.001384392259415048,0.11892608027543661,-2.5736124445593918,0,2.2275911587485973
17.056000000000672,1.9781350154740902,-0.9873079895366891,1.1331898752313427,-0.26443000843050224,-0.1631621002181201,-0.10970950493564798,2.2303761314184505,-0.8951324419271318,0.9741211367497797,-0.4608450479676589,-0.19237738360746812,-0.15599058364766552,2.1265315836396628,-0.9511261958672409,0.9552714064026018,-0.3387116206407551,-0.18114792862460644,-0.16428610958802703,0.09000117304571391,0.09000117304571391,0.0,-1.4484274665348127,-0.685844854577633,0.03997166010585612,-0.0015343666926543775,0.12160074818193764,-2.57519031689434,0,2.226275542327374
17.06016000000067,1.9770083216038583,-0.987999588006089,1.1327335475386398,-0.27040652885565786,-0.16598363265599364,-0.10951864624869637,2.22234901113929,-1.0334915399835325,1.2238933224827475,-0.3418117161029202,-0.21662397767377392,-0.09117252510895499,2.1737359893392707,-0.9927565280273539,1.0893934744733762,-0.34313682440948146,-0.2005607557725386,-0.12718899103871806,0.09000117304571391,0.09000117304571391,0.0,-1.435328576300061,-0.6795011478592791,0.040575984983104496,-0.0016760725384987359,0.12425101795479558,-2.576742699015567,0,2.2249325680139034
17.06432000000067,1.9758569596471975,-0.9887028294142081,1.132278025872881,-0.27632686959859076,-0.16877793794856313,-0.10932519978208555,2.367975781935964,-1.3630639615000895,1.9770874248095964,-0.41737800756461124,-0.230029919542505,-0.05796965636943935,2.2699944042262934,-1.178388271839554,1.5331247927716973,-0.382797980639744,-0.21674542819430073,-0.09196188679459616,0.09000117304571391,0.09000117304571391,0.0,-1.4223175574064437,-0.6732003397593744,0.04116752407239982,-0.0018097971737347429,0.12687701034035878,-2.578270009430501,0,2.2235624948154533
17.06848000000067,1.9746811621511113,-0.9894176010656176,1.1318233207872752,-0.28219139906070356,-0.17154519633828094,-0.10912922054539477,2.5305767090640776,-0.8110374248432315,1.4021981143446456,-0.16372722795494649,-0.13361926937458826,-0.12605025287845661,2.399951897024017,-0.9949863336780458,1.4673979630479328,-0.2757119808949015,-0.17608602710603993,-0.10881468093383194,0.09000117304571391,0.09000117304571391,0.0,-1.4093939044173585,-0.666942181910458,0.041746466105343105,-0.0019358196416165113,0.12947884742702978,-2.5797726597425163,0,2.2221655800353446
17.072640000000668,1.9734811601353075,-0.990143791012117,1.131369442609068,-0.28800048379292564,-0.17428558715985287,-0.10893076276973479,2.117998855373087,-0.7836988135447593,1.245897877079158,-0.2044695554792989,-0.054464816953231215,-0.1375841783944453,2.258555064935404,-0.8894514979225181,1.3563595847096495,-0.24343831254287746,-0.11666919041300675,-0.12290219866383859,0.09000117304571391,0.09000117304571391,0.0,-1.3965571140757709,-0.6607264270171136,0.04231299737212413,-0.0020544108676483217,0.13205665254640558,-2.581251054764971,0,2.2207420792815618
17.076800000000667,1.9722571830998918,-0.9908812880489569,1.1309164014427524,-0.293754488499738,-0.17699928884158572,-0.10872987991570392,2.0301833127715168,-0.5970517358815701,1.179663749977831,-0.25969133711818815,-0.3791136623807749,-0.06603623666809866,2.1438318358509187,-0.744034941116853,1.267873184846654,-0.25367728067169704,-0.249401341370186,-0.09452448867751286,0.09000117304571391,0.09000117304571391,0.0,-1.3838066853039026,-0.6545528288548323,0.04286730174434311,-0.002165833870392317,0.13461055017889303,-2.582705592633365,0,2.2192922464753426
17.080960000000665,1.9710094590330454,-0.9916299817110685,1.1304642071732462,-0.29945377604316575,-0.1796864789067847,-0.10852662468146579,1.555885508263217,-0.5039532696158441,1.011335786731875,-0.31019708893406855,-0.15844593946988217,-0.09420025201124427,1.8492146459401808,-0.6243182577287993,1.1394073759381416,-0.2844766909965823,-0.20572327840414517,-0.09466005251257273,0.09000117304571391,0.09000117304571391,0.0,-1.3711421192030078,-0.6484211422737876,0.04340956069771945,-0.0022703439673959977,0.1371406658636117,-2.584136664915644,0,2.21781633385975
17.085120000000664,1.969738214418684,-0.9923897622692986,1.1300128694690341,-0.30509870744675416,-0.1823473339752205,-0.10832104901092521,1.896085791684159,-0.9476681430877253,1.1679952437756047,-0.40716796035056385,-0.2415668212850878,-0.1044159456242672,1.871809121705668,-0.7864958153530508,1.1534838392487223,-0.34844581849660794,-0.22465234565951667,-0.09930247414621662,0.09000117304571391,0.09000117304571391,0.0,-1.3585629190525996,-0.642331123197045,0.043939953335329573,-0.0023681889763289407,0.13964712611240673,-2.5855446567206855,0,2.216314592008228
17.089280000000663,1.9684436742441025,-0.9931605207266513,1.1295623977852758,-0.31068964189953874,-0.1849820297646423,-0.10811320410197894,1.8976125781488555,-0.9781508967473593,0.11102511085542499,-0.22810306591619828,-0.13067388106612762,-0.06727801231973696,1.8842402211488725,-0.8825944634679005,0.6321073817098025,-0.2900316218396084,-0.17864597483873385,-0.08335843438060221,0.09000117304571391,0.09000117304571391,0.0,-1.3460685903107295,-0.6362825286230419,0.04445865641180302,-0.0024596094114222684,0.14213005832779685,-2.5869299468049913,0,2.214787269833137
17.093440000000662,1.9671260620076023,-0.9939421488145361,1.1291128013668807,-0.3162269367600246,-0.18759074109235385,-0.10790314041481903,2.1952036501787027,-0.9816099716807144,0.9104323895391977,-0.19213419779654417,-0.04819476393642011,-0.15098317954042478,2.039330832642766,-0.9321989756986273,0.7709577208735823,-0.2441446826576033,-0.11543786830356123,-0.11713199974448646,0.09000117304571391,0.09000117304571391,0.0,-1.3336586406132867,-0.6302751166253889,0.044965844356124496,-0.0025448386752993874,0.1445895907246933,-2.5882929076776184,0,2.213234614594272
17.09760000000066,1.9657855997261016,-0.994734538989023,1.1286640892515463,-0.3217109475601808,-0.19017364187684058,-0.10769090768027857,2.1847658449260483,-0.7467784542408975,0.6197499454222652,-0.4192042287068217,-0.29295446080172893,-0.15775512649248688,2.111182917815057,-0.8400944672147758,0.69502370171069,-0.33430494777416847,-0.20528449403351207,-0.13698547012945533,0.09000117304571391,0.09000117304571391,0.0,-1.321332579773816,-0.6243086463538396,0.04546168929774774,-0.002624103246288312,0.1470258522557289,-2.5896339057033773,0,2.2116568719073606
17.10176000000066,1.9644225079427289,-0.995537584427104,1.128216270272762,-0.3271420280094591,-0.19273090513945138,-0.10747655490819165,2.5273736230461807,-1.168576556478013,0.9788427039035161,-0.4466609668568309,-0.26156304729332647,-0.17556321996721097,2.3183582782200327,-1.0048786276586557,0.836569531394467,-0.3934268161444573,-0.23497147663110493,-0.15603576347303905,0.09000117304571391,0.09000117304571391,0.0,-1.3090899197827852,-0.6183828780338647,0.0459463610896072,-0.0026976228613032225,0.14943897254004468,-2.590953301204328,0,2.210054285752546
17.10592000000066,1.9630370057344004,-0.9963511790229629,1.1277693530627797,-0.3325205299988417,-0.19526270300612902,-0.10726013039576823,1.159703683219421,-0.7695657907834375,1.504875907767382,-0.3984838050266978,-0.07412118830969067,-0.07840032038747045,1.7381996790290304,-0.8873716385358028,1.1705638491743802,-0.3986672439991392,-0.15604433701089995,-0.116993897027427,0.09000117304571391,0.09000117304571391,0.0,-1.2969301748072617,-0.6124975729680351,0.04642002733315703,-0.0027656106943838273,0.15182908179538546,-2.592251448559597,0,2.208427098482845
17.110080000000657,1.9616293107193798,-0.9971752173842512,1.1273233460555465,-0.3378468036049253,-0.19776920670919532,-0.10704168173596443,1.676528949291889,-0.8767251720509703,0.7116684519891479,-0.2364339127080515,-0.3004612782744853,-0.16025527782690868,1.7068784182698926,-0.8826716076223167,0.94078018468575,-0.32059567202737316,-0.2290484330286861,-0.13889663271791564,0.09000117304571391,0.09000117304571391,0.0,-1.2848528611902537,-0.6066524935348334,0.04688285340373022,-0.0028282735309777224,0.15419631077336454,-2.5935286963035487,0,2.206775550832593
17.114240000000656,1.9601996390648213,-0.9980095948283728,1.1268782574896055,-0.34312119709404465,-0.20025058658917946,-0.10682125582583696,2.059690222504995,-1.25682284790487,1.261540951309896,-0.3910895204008944,-0.19235123436838664,0.023017049413835172,1.8824793444254013,-1.0701453405454462,1.1012102060398101,-0.3587279475274159,-0.21290937248963887,-0.05771874000933613,0.09000117304571391,0.09000117304571391,0.0,-1.2728574974501385,-0.6008474031900228,0.04733500247450495,-0.002885811938052769,0.15654079069775997,-2.5947853872223337,0,2.205099881925863
17.118400000000655,1.9587482054942944,-0.9988542073787757,1.1264340954109602,-0.34834405692643994,-0.20270701209669958,-0.10659889887487926,2.0156079136193314,-0.7141100100999931,1.1467487418611286,-0.32575371100637274,-0.19571800283907975,-0.12240550430772962,1.9483724707407724,-0.8925290001178655,1.1237247539974613,-0.3448723459451548,-0.20588789623303685,-0.0898470285942823,0.09000117304571391,0.09000117304571391,0.0,-1.260943604279436,-0.5950820664660847,0.047776635541429746,-0.0029384204301229153,0.15886265320571352,-2.5960218584488426,0,2.203400329284873
17.122560000000654,1.9572752232952924,-0.9997089517612523,1.1259908676759047,-0.35351572776046863,-0.20513865179438828,-0.10637465641332737,1.8012121375951593,-1.0194574815156277,0.9649696663337373,-0.37937636506453143,-0.19741093018001168,-0.1877192861477307,1.8740087549039806,-0.9564024884251537,1.0439548391100322,-0.365282348252966,-0.2027316284996585,-0.13838764774960627,0.09000117304571391,0.09000117304571391,0.0,-1.2491107045443073,-0.5893562489711132,0.04820791144868147,-0.002986287631271291,0.16116203029170645,-2.597238441556094,0,2.2016771288383628
17.126720000000653,1.955780904326722,-1.0005737254002476,1.1255485819538196,-0.3586365524568676,-0.20754567335885912,-0.10614857330042668,1.9303481863296195,-1.1187447416087277,1.2400040595102548,-0.27626905039523336,-0.23783436501236813,-0.18217621414584695,1.9016088865655774,-1.0380676617042899,1.141602917090745,-0.32301887504398397,-0.2211356104824889,-0.16076821333538877,0.09000117304571391,0.09000117304571391,0.0,-1.2373583232832943,-0.58366971739048,0.04862898691272993,-0.003029596433254179,0.16343905425419206,-2.5984354626490758,0,2.1999305149299615
17.13088000000065,1.954265459026376,-1.0014484264151755,1.1251072457299336,-0.3637068720830645,-0.20992824358272483,-0.10592069373265926,1.6877777244972267,-0.33396249996828575,0.799954065090577,-0.1427996578914946,-0.33364499499591915,0.057295505939074856,1.7943997167387462,-0.68670342472924,0.9708953294072884,-0.23528970216834735,-0.2777201790176407,-0.05177724195873209,0.09000117304571391,0.09000117304571391,0.0,-1.2256859877061426,-0.5780222394848602,0.04904001654671819,-0.0030685241497654062,0.16569385764477074,-2.5996132424550744,0,2.1981607203265257
17.13504000000065,1.952729096418386,-1.002332953616745,1.1246668663080506,-0.368727025917541,-0.21228652837665107,-0.10569106125192507,2.4961947373940414,-1.0503247696117233,1.1513980417292782,-0.3757404856555205,-0.14311505855786125,-0.21259909391593945,2.1445260040712024,-0.8688112814347507,1.0607031895281003,-0.30810045366821764,-0.21188573120537174,-0.13094732777315915,0.09000117304571391,0.09000117304571391,0.0,-1.2140932271925022,-0.5724135840902762,0.04944115288644374,-0.003103242666943229,0.1679265732197967,-2.600772096412508,0,2.196367976226462
17.13920000000065,1.95117202412066,-1.0032272065032926,1.1242274508132437,-0.3736973514542482,-0.21462069277145363,-0.10545971875366537,2.4260426574672147,-1.1632390955231267,1.0716129683810864,-0.34713648223501975,-0.3266677032251141,-0.1677143067010222,2.28456822828495,-1.016704423325506,1.0658088179568912,-0.32952075237620154,-0.27036795204862557,-0.14908974653426352,0.09000117304571391,0.09000117304571391,0.0,-1.2025795732908242,-0.566843521118028,0.049832546413019596,-0.0031339185901983644,0.1701373338943105,-2.601912334758294,0,2.194552512268025
17.143360000000648,1.9495944483522971,-1.0041310852571268,1.1237890061945148,-0.37861818440707745,-0.21693090092023742,-0.10522670849493816,1.8340806179684017,-1.3105336568146797,0.9393508861934151,-0.47086297955143747,-0.18416168287130355,0.07258585402419633,2.058347563712792,-1.164001972636841,1.0027296728408932,-0.4029111692187995,-0.2283158855371851,-0.03813591577282879,0.09000117304571391,0.09000117304571391,0.0,-1.1911445597162746,-0.5613118215533338,0.050214345578843744,-0.0031607133874410804,0.17232627269819706,-2.6030342626137744,0,2.1927145565375974
17.147520000000647,1.9479965739409872,-1.005044490740879,1.1233515392274214,-0.3834898587143822,-0.21921731610057144,-0.10499207210242763,1.4608352680290664,-1.458799759308061,1.3041501979614312,-0.48938562723184104,-0.1340541974956525,-0.13565244040443827,1.7585743265988163,-1.3116813716019282,1.153159681828501,-0.44854689385362034,-0.18137669709310694,-0.08678713932059853,0.09000117304571391,0.09000117304571391,0.0,-1.1797877223497015,-0.5558182574551332,0.050586696830676625,-0.0031837835287849047,0.17449352273447094,-2.6041381800692203,0,2.190854335577944
17.151680000000646,1.946378604330389,-1.0059673244938654,1.1229150565166697,-0.388312706543557,-0.2214801007167037,-0.10475585058039631,1.8442472642259382,-0.7173749892907004,1.3613355904112039,-0.3710946771214927,-0.2071004828310257,-0.1763840359749711,1.8006453627409575,-1.0149524139710142,1.256882349628363,-0.4126309280822302,-0.19537691350919875,-0.13164258474389762,0.09000117304571391,0.09000117304571391,0.0,-1.1685085992350834,-0.5503626019550306,0.05094974463431362,-0.00320328062280262,0.17663921713959663,-2.6052243822669405,0,2.188972074396449
17.155840000000644,1.9447407415874904,-1.0068994887284564,1.1224795644986756,-0.3930870582956674,-0.22371941630181186,-0.10451808431857013,1.7639158288433967,-0.9214349538888503,1.0125354958108936,-0.32699248005581943,-0.1876745670531868,-0.1694696962031951,1.7816060931175315,-0.968580658905317,1.1343546670172373,-0.37264892249042725,-0.1928380894922129,-0.15052782501298753,0.09000117304571391,0.09000117304571391,0.0,-1.1573067305785645,-0.5449446292566538,0.05130363149828865,-0.00321935154940909,0.17876348904575434,-2.6062931594830188,0,2.1870679964733264
17.160000000000643,1.9430831864099483,-1.0078408863264576,1.1220450694440924,-0.39781324261013806,-0.22593542352029036,-0.10427881309995751,2.7122377369189974,-1.4722695303649582,1.078954992609136,-0.5324595180492943,-0.21286167087779867,-0.1474141073178699,2.2458256794812,-1.2208703555892235,1.1063477243539817,-0.4548292599740979,-0.20333409134799507,-0.14892272167234122,0.09000117304571391,0.09000117304571391,0.0,-1.1461816587454385,-0.5395641146344702,0.05164849799767518,-0.0032321385894450057,0.18086647154496654,-2.607344797207698,0,2.1851423237698087
17.164160000000642,1.9414061381334087,-1.0087914208354996,1.1216115774603066,-0.40249158636949045,-0.22812828217007156,-0.10403807610859965,2.792416962549611,-1.2744642279368485,1.4502723129689894,-0.3270802237831853,-0.33208642651036,0.022903684753148537,2.5184487924664296,-1.2483565513340964,1.278359303770422,-0.3928689709956587,-0.2685894303894097,-0.06265483862409515,0.09000117304571391,0.09000117304571391,0.0,-1.135132928258609,-0.5342208344328068,0.051984482797771236,-0.00324177955103335,0.1829482976550027,-2.6083795762244404,0,2.183195276736318
17.16832000000064,1.939709794738808,-1.009750996465437,1.1211790944939013,-0.4071224147041368,-0.23029815118498062,-0.10379591193724981,2.120035866509582,-1.0443229541750803,0.977627087020219,-0.18810580860582052,-0.06093515564631233,-0.14477549819959415,2.318854433899996,-1.1464637150911048,1.1276893660255347,-0.2934561561336756,-0.1654262940358162,-0.1034232485841949,0.09000117304571391,0.09000117304571391,0.0,-1.124160085796176,-0.5289145660646467,0.052311722677239325,-0.003248407892780435,0.1850091002869845,-2.609397772687677,0,2.181227074320605
17.17248000000064,1.9379943528596528,-1.0107195180847584,1.1207476263330889,-0.41170605099722657,-0.23244518863712288,-0.10355235859498221,1.8422209342216,-1.242078698687009,0.654771141251405,-0.2601669105213011,-0.3845075900498366,-0.047882225371112475,2.079997850464975,-1.1950681303434474,0.8911272808770379,-0.2790453462449742,-0.2766407608866481,-0.07562268645525778,0.09000117304571391,0.09000117304571391,0.0,-1.1132626801888943,-0.523645088010736,0.05263035255112697,-0.0032521528438912645,0.1870490122146166,-2.610399658199276,0,2.179237933975873
17.17664000000064,1.9362600077892798,-1.0116968912170055,1.120317178610111,-0.41624281688954473,-0.23456955173930416,-0.10330745351472877,1.5183628681227954,-1.0693362058674871,0.4746460743784048,-0.35323199443912773,-0.24045729529978152,-0.22251187130121813,1.7984459602414007,-1.1326984579491233,0.6824199614292553,-0.3181742351515297,-0.2599816059267976,-0.1485848978708413,0.09000117304571391,0.09000117304571391,0.0,-1.102440262417613,-0.5184121798180399,0.0529405054946247,-0.003253139521268,0.18906816604497068,-2.611385499883747,0,2.1772280716688757
17.180800000000637,1.9345069534880945,-1.0126830220372034,1.1198877568036079,-0.4207330322844617,-0.23667139684748084,-0.10306123356073896,2.1837309886171634,-1.2368032149914066,1.0544385165746828,-0.3510758163903471,-0.11804747280700612,0.15798706883094996,1.9903650712612773,-1.1849932162963699,0.8687599863020049,-0.3366079539622373,-0.19089117184246873,0.004904768199290368,0.09000117304571391,0.09000117304571391,0.0,-1.091692385610585,-0.5132156220984028,0.05324231276520719,-0.0032514890436592557,0.19106669419075467,-2.6123555604622024,0,2.175197701887987
17.184960000000636,1.9327353825907907,-1.0136778173683003,1.119459366240958,-0.42517701535293423,-0.2387508794632399,-0.10281373503596795,1.9613567218182095,-1.0269863259339733,0.9741267563750761,-0.43123196190056345,-0.20748450729548454,-0.04607599904182475,1.9749678413343945,-1.1064168349991832,0.9213473113339059,-0.3858842345020507,-0.2008178748445202,-0.020120474871076793,0.09000117304571391,0.09000117304571391,0.0,-1.0810186050408663,-0.5080551965274109,0.05353590382507978,-0.0032473186429271077,0.1930447288440008,-2.613310098325095,0,2.1731470376512543
17.189120000000635,1.9309454864135467,-1.0146811846776183,1.1190320121005854,-0.4295750825385574,-0.24080815423630914,-0.1025649936893903,1.674164712906825,-0.6627554162706035,1.2014761986863447,-0.3565328785774091,-0.19161514601394608,0.01902820421971603,1.8238268166354927,-0.8849787929740934,1.0614525431558344,-0.37324071795602665,-0.19755482382315062,-0.00018793387262678186,0.09000117304571391,0.09000117304571391,0.0,-1.0704184781231572,-0.5029306858426041,0.05382140636414545,-0.0032407417724965625,0.19500240195110993,-2.6142493676037577,0,2.171076290514422
17.193280000000634,1.9291374549612021,-1.0156930320733144,1.1186056994142386,-0.43392754856266486,-0.24284337496709443,-0.10231504472323559,1.9861489333638802,-1.1267650901448172,0.9070382707240056,-0.43006561568411306,-0.36286582201738493,-0.05731349494435133,1.904099796819748,-1.0066250560269565,0.9841254191478661,-0.40420274632279524,-0.2817998639132886,-0.028892810765942807,0.09000117304571391,0.09000117304571391,0.0,-1.0598915644109432,-0.49784187384199674,0.05409894632156548,-0.0032318682130521325,0.1969398451891916,-2.6151736182407586,0,2.1689856705789348
17.197440000000633,1.9273114769344126,-1.0167132683008528,1.118180433069238,-0.438234726429478,-0.2448566946092446,-0.10206392280015081,1.9918287625399094,-0.6529799353574666,1.1636743418177375,-0.40852200457941595,-0.2717335627854043,-0.07692689094566652,1.947119174128924,-0.8303624980088459,1.0737408513430675,-0.40828277772255855,-0.27807569564577744,-0.052772221008796694,0.09000117304571391,0.09000117304571391,0.0,-1.0494374255932968,-0.4927885453825893,0.05436864790826579,-0.0032208041755443046,0.19885718994364232,-2.6160830960590933,0,2.166875386499909
17.20160000000063,1.925467739736782,-1.0177418027394871,1.1177562178106952,-0.4424969274313033,-0.24684826527224346,-0.10181166205028426,1.9404672700409562,-1.0147708987486201,1.5968842792672409,-0.2956946476188034,-0.10930803460835659,0.03782938204502319,1.9431822132635888,-0.9227927135090073,1.3353931042258471,-0.35395484185253673,-0.19496861122714992,-0.006608929570980168,0.09000117304571391,0.09000117304571391,0.0,-1.0390556254913323,-0.4877704863786545,0.05463063362824927,-0.0032076524015676976,0.20075456728690672,-2.6169780428302354,0,2.16474564549409
17.20576000000063,1.9236064294819748,-1.018778545398754,1.1173330582437024,-0.4467144611537742,-0.24881823822402738,-0.1015582960782951,2.871893160959241,-1.0121105529850405,0.9698028816264208,-0.3184929337554101,-0.3385558375292633,-0.09862956845810332,2.406885177138653,-0.9681531348365158,1.1523897346668168,-0.3378838039485899,-0.2683444628984236,-0.05234725768769556,0.09000117304571391,0.09000117304571391,0.0,-1.0287457300553924,-0.48278748379990605,0.0548850243004238,-0.003192512261171455,0.2026321079583685,-2.6178586963410617,0,2.162596653347775
17.20992000000063,1.9217277310008034,-1.0198234069149774,1.1169109588354929,-0.4508876354811419,-0.25076676389362773,-0.10130385797028522,1.8145876183099503,-1.1367359791378295,0.8779491953218708,-0.4886439791641515,-0.281776337101317,-0.015400113963961529,2.1097215051332143,-1.0530295497079176,1.015133666740952,-0.41595523132843937,-0.27615273134173096,-0.032988390081621424,0.09000117304571391,0.09000117304571391,0.0,-1.0185073073607107,-0.4778393256698704,0.055131939079662184,-0.003175479848161839,0.20448994234532147,-2.618725290459671,0,2.1604286144247147
17.214080000000628,1.9198318278482966,-1.020876298547785,1.1164899239175734,-0.4550167566016065,-0.252693991873838,-0.10104838030065594,1.802390859910052,-1.0741968823640502,1.1654212161998099,-0.4246291000166149,-0.16818339285189304,-0.05081193323740865,1.9551749707666601,-1.0639612901414088,1.090172802126665,-0.4222894684129526,-0.2230840300089676,-0.04189727242976713,0.09000117304571391,0.09000117304571391,0.0,-1.0083399276046612,-0.47292580106392645,0.05537149547751968,-0.003156648072954596,0.20632820046497102,-2.619578055200116,0,2.1582417316739892
17.218240000000627,1.9179189023107437,-1.0219371321766346,1.1160699576878281,-0.45910212901269604,-0.2546000709239044,-0.10079189513889007,2.1346616884860405,-1.0364153951946247,0.3521033277461726,-0.39185384205572615,-0.4270357003154235,-0.14445278635270564,2.0441093881785424,-1.0510754570335628,0.7208320598808079,-0.40940430923331,-0.3254866402163036,-0.09298438591000746,0.09000117304571391,0.09000117304571391,0.0,-0.9982431631025915,-0.4680467001072275,0.055603809383892755,-0.003136106753034997,0.20814701194742075,-2.620417216786068,0,2.156036206637859
17.222400000000626,1.9159891354127159,-1.0230058202973522,1.1156510642125936,-0.463144055526686,-0.2564851489722381,-0.10053443405625476,2.0689864156915196,-0.7073851991038527,0.9564757783708419,-0.4524192611845774,-0.3067911001651671,-0.06584591605060341,2.055611662068008,-0.8798648110180871,0.8385184108810714,-0.43312326519070343,-0.31673084296295895,-0.07932092694165788,0.09000117304571391,0.09000117304571391,0.0,-0.9882165882839571,-0.4632018139730386,0.05582899508769429,-0.0031139427010817688,0.20994650601959974,-2.621242997713422,0,2.153812239459587
17.226560000000624,1.9140427069240655,-1.024082276018682,1.1152332474287086,-0.46714283727606054,-0.25834937311915146,-0.10027602813242834,2.2750762647057585,-1.209335303325134,0.5993516741521493,-0.4623546525361595,-0.08889241676187687,-0.1441305834711525,2.164388181507615,-1.04478746866553,0.7186335272864687,-0.44983673183659056,-0.2027240845705412,-0.11169552442745868,0.09000117304571391,0.09000117304571391,0.0,-0.9782597796883239,-0.45839093488042326,0.05604716529568521,-0.0030902398108091176,0.2117268114900876,-2.6220556168118776,0,2.1515700288912387
17.230720000000623,1.9120797953669029,-1.0251664130588471,1.1148165111455333,-0.47109877371901354,-0.2601928896396138,-0.10001670796205844,1.868395711940458,-1.5764537209759513,0.5829448880923362,-0.3662410699030217,-0.15975516245775512,-0.05837828226343138,2.0156322767450012,-1.3109537008722887,0.6506660249757642,-0.4100502986786343,-0.18263697651672203,-0.08465174724268658,0.09000117304571391,0.09000117304571391,0.0,-0.9683723159617773,-0.45361385609255733,0.056258431155024935,-0.00306507914058138,0.21348805673479718,-2.622855289305493,0,2.149309772301453
17.234880000000622,1.9101005780225488,-1.0262581457421223,1.1144008590469447,-0.47501216264499174,-0.2620158439860302,-0.09975650366123523,1.3960326918890855,-1.3003901421092077,1.1118398978442283,-0.500544019096165,-0.4267263295194953,-0.1802251903670743,1.7047914580936026,-1.3065574511336666,0.8808807005400932,-0.45741974974727373,-0.3056155829817453,-0.13213193629100253,0.09000117304571391,0.09000117304571391,0.0,-0.9585537778523454,-0.4488703719140724,0.05646290227119927,-0.0030385389948529113,0.21523036968347659,-2.6236422268722435,0,2.147031665683188
17.23904000000062,1.9081052309384643,-1.0273573889954182,1.1139862946933035,-0.47888330018027414,-0.26381838079103764,-0.0994954448738982,2.200069101141697,-1.1297918347570801,0.921372124516245,-0.5278183675137644,-0.23020936694475505,-0.12334670539266998,1.9513402755408353,-1.2186505628933375,0.900870570245891,-0.49471921051056256,-0.26872122158767203,-0.1279475741256618,0.09000117304571391,0.09000117304571391,0.0,-0.9488037482055058,-0.4441602776892396,0.05666068672902147,-0.0030106950034849414,0.21695387780699235,-2.624416637702596,0,2.144735903661439
17.24320000000062,1.9060939289351577,-1.0284640583448779,1.1135728215233944,-0.48271248079358786,-0.2656006438703225,-0.09923356077816378,2.125435767753599,-1.3008597518716858,1.2294405706471572,-0.5583066173482218,-0.28382980052069157,-0.19159328202470863,2.037230136268739,-1.2603439399434575,1.064757562575364,-0.5275464454705625,-0.27730854663616866,-0.15890152786338274,0.09000117304571391,0.09000117304571391,0.0,-0.9391218119608452,-0.43948336979950287,0.05685189111157524,-0.0029816201989899534,0.21865870810535892,-2.6251787265571123,0,2.1424226795009327
17.24736000000062,1.904066845613067,-1.029578069912484,1.113160442856342,-0.48649999730176485,-0.26736277622545546,-0.09897088009258115,1.9656348770597867,-1.001734876543472,0.9691495715575366,-0.3254969529494793,-0.3341641386755189,0.04135138121166246,2.000759329417124,-1.1317307384514257,1.017039304696967,-0.4286252746588371,-0.3066519982740682,-0.05897876900315195,0.09000117304571391,0.09000117304571391,0.0,-0.929507556146344,-0.43483944566153354,0.057036620519877845,-0.0029513850917538,0.22034498709648098,-2.625928694823101,0,2.1400921851137906
17.251520000000617,1.9020241533594193,-1.0306993404126787,1.112749161893499,-0.49024614087542856,-0.26910492004674624,-0.09870743108231347,1.4688272569922756,-0.978459819967313,0.9493496333503717,-0.6151937292123218,-0.196523669794929,-0.15953846043983133,1.7335148862464063,-1.0555004363086964,0.9828628612022067,-0.5242538006193953,-0.25281327627130556,-0.1095893381524063,0.09000117304571391,0.09000117304571391,0.0,-0.9199605698749886,-0.43022830372441856,0.057214978591551335,-0.002920057743282872,0.222012840805575,-2.6266667405703363,0,2.1377446110671685
17.255680000000616,1.8999660233550664,-1.0318277871489958,1.1123389817203104,-0.49395120104471957,-0.27082721671611387,-0.09844324156524775,2.150812958689447,-1.2241611429029633,1.5156105449088337,-0.4890762466011585,-0.3481060451504682,-0.13133621518620642,1.9411533148417066,-1.1405536026436065,1.2489661548120095,-0.5084640164233839,-0.3016160374715329,-0.11993215914034619,0.09000117304571391,0.09000117304571391,0.0,-0.9104804443392231,-0.4256497434677984,0.05738706752042677,-0.0028877038375252767,0.2236623947552403,-2.6273930586058536,0,2.1353801465908666
17.259840000000615,1.8978926255812953,-1.032963328010704,1.111929905308152,-0.49761546570505116,-0.2725298068099757,-0.09817833891802939,1.6347790364406727,-1.5704216922247483,0.452008267431557,-0.39285861874798766,-0.28640750320680775,-0.11880238470805173,1.787151765008265,-1.3560839000565519,0.8502337518018328,-0.4530092917073202,-0.29520264475117597,-0.1189936776441629,0.09000117304571391,0.09000117304571391,0.0,-0.9010667728067645,-0.42110356539881744,0.05755298807408482,-0.0028543867503115095,0.22529377395614886,-2.628107840527839,0,2.132998979584915
17.264000000000614,1.8958041288266165,-1.034105881469463,1.1115219355161434,-0.501239221122899,-0.27421283010215036,-0.09791275008202947,1.3696086638854361,-0.5778260488526746,0.9417867186029281,-0.4117934506966599,-0.428100412425001,-0.020722178670569164,1.5775248045479724,-0.9678378474555358,0.8959677122401467,-0.4343419008311807,-0.36266122011424595,-0.06983436888349778,0.09000117304571391,0.09000117304571391,0.0,-0.8917191506156479,-0.4165895710502382,0.05771283961361051,-0.0028201676169610605,0.22690710289832602,-2.6288112747786285,0,2.1306012966271273
17.268160000000613,1.8937007006935265,-1.0352553665759914,1.1111150750929382,-0.5048227519416216,-0.27587642556677916,-0.09764650156923525,1.934746625904176,-1.1971163944414955,1.272613258094897,-0.6987480465116773,-0.14013019266988347,-0.21756554255458055,1.754688777031417,-1.0827683379427604,1.0838398987211566,-0.5684214705871187,-0.2523014674801346,-0.14335775165719927,0.09000117304571391,0.09000117304571391,0.0,-0.8824371751694604,-0.4121075629776877,0.057866720110856196,-0.0027851053980986274,0.22850250554299506,-2.6295035466968337,0,2.1281872829806328
17.27232000000061,1.891582507605246,-1.0364117029567466,1.1107093266784878,-0.5083663411873123,-0.277520731381261,-0.09737961946807402,1.775511115282387,-1.088735727072831,1.2020606117580286,-0.33322042554316683,-0.23917781170885133,-0.156798108977792,1.7644102087003448,-1.0862478340578405,1.1426245114691425,-0.4523773832146996,-0.24656900694077605,-0.14986765788167664,0.09000117304571391,0.09000117304571391,0.0,-0.8732204459319093,-0.4076573447571067,0.05801472616684633,-0.0027492569437243637,0.2300801053149596,-2.6301848385686015,0,2.1257571226013736
17.27648000000061,1.8894497148124347,-1.0375748108106182,1.110304692805783,-0.5118702702746772,-0.2791458849292023,-0.09711212944916513,2.465850032053692,-0.9659480134207332,1.2985094762471348,-0.7003994318092353,-0.35645825652999347,-0.4193968114463478,2.1136815380830587,-1.0268357108836041,1.219695512962283,-0.577968830528144,-0.3028499908483553,-0.28450028866303445,0.09000117304571391,0.09000117304571391,0.0,-0.8640685644224346,-0.4032387209818642,0.05815695302961321,-0.002712677055580153,0.23164002509549864,-2.63085532967803,0,2.1233109981455813
17.28064000000061,1.8873024863998809,-1.0387446109056322,1.1099011759025703,-0.5153348190129464,-0.2807520228033798,-0.09684405677100232,2.0836655967297526,-1.3570415005127472,1.5223912438073532,-0.4924664632482816,-0.43948696475814286,-0.14510844512650437,2.097651703149568,-1.1928524435047605,1.3707441002374074,-0.5365029573090633,-0.3724064965762448,-0.2150176835447861,0.09000117304571391,0.09000117304571391,0.0,-0.8549811342105149,-0.3988514972607162,0.058293494612104924,-0.002675418547854344,0.2331823872157514,-2.631515196356752,0,2.120849090977221
17.284800000000608,1.885140985293165,-1.0399210245756685,1.1094987782930472,-0.5187602656118079,-0.28233928080871934,-0.09657542628556588,1.7733011421532272,-1.1328149986279918,1.1044668429970224,-0.5898167599807362,-0.38484142924888165,-0.2505803034357866,1.9342503058619247,-1.1636316943560452,1.2370828671060743,-0.5645771009496785,-0.37961637040510515,-0.23301718045572017,0.09000117304571391,0.09000117304571391,0.0,-0.8459577609105893,-0.3944954802145759,0.058424443508452106,-0.0026375323062650486,0.23470731345056836,-2.632164612032694,0,2.118371581175406
17.288960000000607,1.8829653732653011,-1.0411039737171905,1.109097502199531,-0.5221468866873703,-0.283907793965285,-0.09630626244387111,1.762761164898601,-1.0837384400083787,0.7822857553687452,-0.5102436674583642,-0.10352671084743434,-0.06544729314686429,1.8474463046896072,-1.1238991232018596,1.0095458145019935,-0.538885838070786,-0.24193419583313272,-0.14963444110126528,0.09000117304571391,0.09000117304571391,0.0,-0.8369980521768481,-0.3901704774741265,0.05854989101308494,-0.002599067345562508,0.23621492501280747,-2.6328037472780337,0,2.11587864754179
17.293120000000606,1.8807758109433506,-1.0422933807859875,1.1086973497441084,-0.5254949572681507,-0.2854576965112824,-0.09603658930144096,1.7640450215197774,-0.8937538624928425,0.6349945136429,-0.5016534553193434,-0.38121317920674813,-0.15290211709313856,1.8047034175894252,-1.0096146585092711,0.8219507302738667,-0.5211195861817832,-0.3130727850094526,-0.15185424535290054,0.09000117304571391,0.09000117304571391,0.0,-0.828101617697891,-0.3858762976769935,0.058669927135642674,-0.002560070865489043,0.23770534254805464,-2.6334327698563658,0,2.1133704676079264
17.297280000000605,1.8785724578150127,-1.0434891687939296,1.1082983229502597,-0.5288047508010869,-0.28698912190607356,-0.0957664305237203,1.680288032571302,-1.1987776815115576,1.1102412989810293,-0.6135789252954539,-0.20328385127444,-0.15824306761514917,1.7412235329570662,-1.1046191087147743,0.9657689507288968,-0.5697017390422622,-0.2587668946368299,-0.15507698558572106,0.09000117304571391,0.09000117304571391,0.0,-0.8192680691910417,-0.381612750464692,0.05878464061915717,-0.0025205883052352293,0.2391786861297488,-2.634051844769083,0,2.1108472176425996
17.301440000000603,1.8763554722351894,-1.0446912613057346,1.107900423744462,-0.532076539157573,-0.288502202833202,-0.09549580939141782,1.4927943989521608,-1.2958904324155656,1.1372765283761823,-0.655077046366054,-0.14939024759183983,-0.0550100237698231,1.61564897389004,-1.2005648720379682,1.0514086445106188,-0.6144455213521587,-0.20503008502399916,-0.10462873489952403,0.09000117304571391,0.09000117304571391,0.0,-0.8104970203970618,-0.3773796464803082,0.05889411895659513,-0.0024806633964294398,0.24063507525469252,-2.634661134300995,0,2.1083090726591305
17.305600000000602,1.8741250114325247,-1.0458995824357489,1.1075036539577714,-0.5353105926395177,-0.2899970712034309,-0.09522474880578223,1.6266071528110277,-1.1143671900625314,1.20114181066851,-0.6201856433090664,-0.4063929404580598,-0.07562764379488784,1.6198427043305343,-1.158310408540453,1.1261192915465257,-0.6194945556686081,-0.3058452006062103,-0.09028367213832834,0.09000117304571391,0.09000117304571391,0.0,-0.8017880870745215,-0.37317679736510023,0.05899844840618207,-0.0024403382146970082,0.24207462883893024,-2.6352607980651914,0,2.10575620642265
17.3097600000006,1.8718812315159188,-1.0471140568447397,1.1071080153273805,-0.5385071799854251,-0.2914738581577894,-0.09495327129381775,1.8133075111132195,-1.2588220550846183,1.1480485474678546,-0.6843530539904972,-0.539135550828151,-0.16919705311852362,1.7151566112318581,-1.2096878675077662,1.136730879995046,-0.6536430596035168,-0.42269369244660976,-0.12912560301316736,0.09000117304571391,0.09000117304571391,0.0,-0.793140886993823,-0.36900401575583397,0.05909771400914482,-0.0023996532298249636,0.2434974652139767,-2.6358509930471636,0,2.103188791457346
17.3139200000006,1.8696242874810167,-1.0483346097367006,1.106713509498158,-0.5416665683764939,-0.2929326940706303,-0.09468139901342852,1.1204200897384475,-1.119899027637088,1.0148872659154013,-0.6452684079432849,-0.3617328677312098,-0.04914677079254418,1.416445953798597,-1.1655441145086585,1.0757073187185717,-0.6513336896279814,-0.39274543031780057,-0.08977707532077675,0.09000117304571391,0.09000117304571391,0.0,-0.7845550399319472,-0.3648611152821071,0.05919199960409682,-0.002358647354567091,0.24490370212337903,-2.6364318736481973,0,2.100606999053681
17.3180800000006,1.867354333216672,-1.0495611668556701,1.106320138024164,-0.5447890234427397,-0.2943737085526973,-0.09440915375850574,2.7293360729647724,-1.1991669615404248,1.0282311828165969,-0.5774455381410456,-0.31027497462416276,-0.08031667536487083,2.0717020237706674,-1.1830003176253558,1.0518016392873542,-0.6157855820811705,-0.35190908848891794,-0.08494029250153991,0.09000117304571391,0.09000117304571391,0.0,-0.7760301676663204,-0.3607479105628041,0.05928138784469572,-0.0023173579921228994,0.24629345671959732,-2.6370035917280488,0,2.098010999275579
17.322240000000598,1.865071521511384,-1.0507936544825627,1.1059279023701476,-0.5478748092691343,-0.2957970304542001,-0.0941365569639439,1.9644638864886828,-1.3375185875281288,0.86624952270189,-0.6737111300631933,-0.14539371937766052,-0.3200410252745397,2.016684038244203,-1.2605596194035416,0.958358547612665,-0.6462511377785769,-0.25026538304782314,-0.20244726100744032,0.09000117304571391,0.09000117304571391,0.0,-0.7675658939690808,-0.3566642172037151,0.05936596021308671,-0.002275821082324795,0.24766684556118757,-2.6375662966469133,0,2.0954009609675897
17.326400000000596,1.8627760040597099,-1.0520319994320122,1.10553680391302,-0.5509241884017637,-0.29720278786789955,-0.09386362971060327,1.6705395761175417,-1.2737986724605372,1.2664403591500049,-0.5853251871343826,-0.2640918025642889,-0.22873743200269359,1.8423950115521197,-1.2677258940493148,1.1119246434130707,-0.6172758597915011,-0.25845086212610224,-0.21501434852617457,0.09000117304571391,0.09000117304571391,0.0,-0.7591618446010022,-0.35260985179417936,0.05944579703747094,-0.002234071146564705,0.24902398461027372,-2.638120135306703,0,2.0927770517620132
17.330560000000595,1.8604679314686516,-1.0532761290492296,1.1051468439433108,-0.5539374218540029,-0.2985911081322002,-0.0935903927302016,2.469210709117578,-0.9385974870033638,1.3696103469099365,-0.6537574120502663,-0.4860511466384101,0.001383356860568577,2.1544492253337855,-1.1041671477494892,1.2407721657634245,-0.6363679087606583,-0.37378086206006156,-0.10682458666751575,0.09000117304571391,0.09000117304571391,0.0,-0.7508176473060302,-0.34858463190393063,0.059520977505887585,-0.00219214133149289,0.25036498923029415,-2.638665252191639,0,2.090139438086008
17.334720000000594,1.8581474532640154,-1.0545259712068724,1.1047580236666017,-0.5569147691127093,-0.29996211783424975,-0.09331686641015038,1.6687282108856283,-1.0327029842836468,1.3130552236569597,-0.5927429389480268,-0.4410737875904037,-0.014511769000842195,1.9103570381172859,-1.0693518128840476,1.276882554987027,-0.6167733819472941,-0.407506541027167,-0.05997135744311268,0.09000117304571391,0.09000117304571391,0.0,-0.7425329318042981,-0.3445883760802484,0.059591579681980034,-0.0021500634515196175,0.2516899741840104,-2.6392017894081765,0,2.0874882851686585
17.338880000000593,1.855814717896747,-1.0557814543019268,1.104370344204942,-0.5598564881444282,-0.301315942813047,-0.09304307079832747,1.641140706626158,-1.027895191921169,1.4350221107192966,-0.518328942262779,-0.14933183960738322,-0.011821313830731248,1.7746725429838524,-1.0489328559046929,1.3559275182512498,-0.5693190392394868,-0.2788984138436578,-0.03525836778576057,0.09000117304571391,0.09000117304571391,0.0,-0.7343073297869331,-0.3406209038449912,0.059657680519539624,-0.0021078680301497704,0.2529990536317641,-2.639729886724265,0,2.084823757048021
17.34304000000059,1.8534698727492402,-1.0570425072526042,1.1039838065982428,-0.5627628354016164,-0.3026527081625572,-0.092769025607791,1.1857350231316532,-0.8260361046052886,1.4396615666427939,-0.5150892837113389,-0.45369388219605034,0.010520424280706264,1.4791319887420054,-0.9384244960430881,1.3978169513722902,-0.5439855199097697,-0.3672921072203506,-0.012343445753454916,0.09000117304571391,0.09000117304571391,0.0,-0.7261404749094473,-0.3366820356909751,0.05971935587753652,-0.002065584340179981,0.25429234112997245,-2.640249681607966,0,2.082146016578136
17.34720000000059,1.85111306414162,-1.0583090594952493,1.1035984118056534,-0.565634065828878,-0.3039725382348314,-0.09249475022143241,1.752507746873314,-1.2353227433619842,1.110162716805552,-0.6677058554953619,-0.269446981263159,-0.13131231548289124,1.614436533970039,-1.0874333275895254,1.2537163912693061,-0.6075504956742735,-0.31972769538102536,-0.07263568671969388,0.09000117304571391,0.09000117304571391,0.0,-0.718032002785745,-0.3327715930791938,0.05977668053435353,-0.0020232404427879096,0.25556994962984814,-2.6407613092654243,0,2.0794552254360164
17.35136000000059,1.8487444373379982,-1.0595810409812625,1.1032141607069177,-0.5684704328692147,-0.30527555664313405,-0.09222026369657176,1.2832093602397932,-0.8253209679349648,1.1824875904063092,-0.5046320848967862,-0.5175648946340767,-0.14758976762240628,1.4477715668845275,-0.9574509314333225,1.2177947597480692,-0.5563659834751682,-0.4190674065110699,-0.11022802152303025,0.09000117304571391,0.09000117304571391,0.0,-0.7099815509813536,-0.3288893984354915,0.05982972820207766,-0.0019808632255408796,0.25683199147633484,-2.6412649026782207,0,2.0767515441285966
17.35552000000059,1.8463641365527053,-1.0608583821740336,1.1028310541037114,-0.5712721884702864,-0.30656188626507525,-0.09194558476949506,1.8341052120317225,-0.8298931254439426,1.4981243679272878,-0.4982904975337631,-0.3203143545265583,-0.19610237869315988,1.6399097522710824,-0.894337207740259,1.3575526408120329,-0.5297790245652676,-0.3697802152100759,-0.15268012293630687,0.09000117304571391,0.09000117304571391,0.0,-0.7019887590080207,-0.3250352751475434,0.059878571541062575,-0.0019384784393520565,0.2580785784072469,-2.6417605926400993,0,2.0740351319996657
17.359680000000587,1.843972304956494,-1.062141014045891,1.1024490927209616,-0.5740395830906866,-0.30783164924574896,-0.09167073185993242,1.6803236285997687,-1.8821494626234907,1.3735397378904886,-0.4949333327787041,-0.32397425051949796,-0.19869305707735324,1.6590904588896518,-1.3889236967105592,1.3651327943939233,-0.5137685045908813,-0.34707619394366473,-0.17557254716402365,0.09000117304571391,0.09000117304571391,0.0,-0.694053268316466,-0.3212090475611825,0.05992328217347881,-0.0018961107344108454,0.2593098215526035,-2.6422485077930924,0,2.071306147236758
17.363840000000586,1.841569084682718,-1.0634288680750612,1.1020682772081472,-0.576772865706226,-0.30908496700087473,-0.09139572307548095,1.7436918828104626,-1.4338721157701289,1.6231958237731527,-0.4812695908213231,-0.2398945222661929,0.01918356664917943,1.7003927648669461,-1.4118965177789773,1.4942053321240942,-0.4984966306911176,-0.2938175563664548,-0.07787805411413606,0.09000117304571391,0.09000117304571391,0.0,-0.6861747222903904,-0.3174105409776743,0.05996393069713202,-0.0018537836951139288,0.26052583143414765,-2.6427287746630466,0,2.068564746878024
17.368000000000585,1.8391546168334836,-1.0647218762426442,1.1016886081405806,-0.5794722838162273,-0.3103219602199454,-0.0911205762159714,2.1549916302879155,-1.2496459428264737,1.1315853197419175,-0.7279213138450422,-0.24904974352380904,-0.17756408954081132,1.926183656827854,-1.3312869526204718,1.3125244511025909,-0.614316250739121,-0.27199359032117987,-0.12819107567847654,0.09000117304571391,0.09000117304571391,0.0,-0.6783527662400313,-0.3136395816501235,0.06000058669997982,-0.0018115198740223815,0.26172671796504066,-2.643201517694562,0,2.065811086819065
17.372160000000584,1.836729041485776,-1.0660199710295999,1.1013100860206733,-0.5821380834498301,-0.31154274886937827,-0.0908453087777755,1.8008863667381911,-1.0332970172362015,1.437686184633604,-0.47356989060070964,-0.2786687220938039,-0.05500236369815721,1.8625520535463695,-1.1828688384011334,1.3749908192730553,-0.5453609869486842,-0.2756597068925042,-0.09113446315281842,0.09000117304571391,0.09000117304571391,0.0,-0.6705870473955844,-0.30989599678018886,0.06003331877192114,-0.0017693408248699743,0.2629125904497247,-2.643666859285353,0,2.063045321819742
17.376320000000582,1.834292497697558,-1.0673230854137485,1.1009327112791814,-0.5847705091723034,-0.3127474521956696,-0.0905699379580651,2.079513872296164,-1.5344381923867247,1.0449727741204742,-0.5514016081336862,-0.41603947952739545,-0.04832318215024506,1.9698904147305558,-1.3595200328820665,1.209876801391428,-0.549743083121723,-0.34646215053272966,-0.06868564620164407,0.09000117304571391,0.09000117304571391,0.0,-0.662877214900494,-0.30617961451478437,0.06006219452006106,-0.0017272671346472614,0.2640835575839431,-2.6441249198200447,0,2.060267605510955
17.38048000000058,1.831845123513844,-1.0686311528667842,1.1005564842764355,-0.5873698040913665,-0.31393618872855283,-0.09029448065900893,1.4111159797055517,-1.2690821591233892,1.143604723870281,-0.7222872117691639,-0.2560221918458927,0.12602083250763763,1.6890001451652976,-1.3148319585285981,1.1770024084850332,-0.6375400640687998,-0.3017400200237965,0.028659976331782376,0.09000117304571391,0.09000117304571391,0.0,-0.6552229198051411,-0.30249026394298095,0.06008728058017998,-0.001685318454785002,0.265239727454912,-2.644575817703404,0,2.0574780904013883
17.38464000000058,1.829387055972746,-1.0699441073513016,1.1001814053035526,-0.5899362098635172,-0.315109076284161,-0.09001895349192222,2.1199940943779585,-0.8180030769799375,1.167816549645016,-0.5819608984808158,-0.2423435475304226,-0.0927190917913115,1.9032905961519395,-1.0669172900780015,1.1722163086131363,-0.6101974826316324,-0.2724392209146424,-0.03190006081357957,0.09000117304571391,0.09000117304571391,0.0,-0.6476238150602955,-0.29882777509225433,0.06010864263060578,-0.0016435135314604226,0.2663812075416358,-2.645019669393028,0,2.0546769278842336
17.38880000000058,1.8269184311114945,-1.0712618833178358,1.0998074745836302,-0.5924699667003681,-0.3162662319681897,-0.08974337278135956,1.6258751935965328,-0.7365580062218788,0.43291380496527254,-0.5788844364831867,-0.4859052009549727,-0.07308361944299005,1.7633804689434722,-0.9027445058179777,0.8024079228489823,-0.5962634270189668,-0.37987948083435424,-0.052513785148909226,0.09000117304571391,0.09000117304571391,0.0,-0.6400795555097902,-0.29519197892536053,0.06012634540528433,-0.0016018702350490775,0.2675081047153585,-2.6454565894314883,0,2.051864268243877
17.392960000000578,1.8244393839724322,-1.0725844157019153,1.0994346922729255,-0.594971313374985,-0.3174077721790639,-0.08946775456915394,1.6898877910344052,-0.7714231995061244,1.456734316171076,-0.49758956531592213,-0.31840922867756455,-0.10741137472949432,1.7256010428566062,-0.8377423948463465,1.129352589083326,-0.5480863120545375,-0.3505046459911526,-0.08010498487426722,0.09000117304571391,0.09000117304571391,0.0,-0.6325897978847739,-0.2915827073367705,0.06014045270497381,-0.0015604055887441309,0.268620525240144,-2.645886690477945,0,2.049040260662556
17.397120000000577,1.8219500486089812,-1.0739116399211284,1.0990630584620154,-0.5974404872282354,-0.318533812611106,-0.08919211461840992,1.9967868861170768,-1.1521744307729347,0.4892009135613635,-0.7888707506731703,-0.3195754142122079,-0.11205126361711522,1.8595594013789158,-0.9956233175133543,0.8090401400537706,-0.6705631670308518,-0.3360051695736314,-0.09652400442251778,0.09000117304571391,0.09000117304571391,0.0,-0.6251542007960134,-0.2879997931495195,0.060151027412126246,-0.0015191357963652793,0.2697185747735794,-2.6463100833392383,0,2.0462050532269953
17.401280000000575,1.8194505580915847,-1.0752434918722023,1.0986925731769428,-0.5998777241751376,-0.3196444682577067,-0.08891646841743539,2.1500161898606653,-1.1333901428063249,0.6366615572378409,-0.7165382551608259,-0.21500150246131317,0.004781394288682794,2.00330058477922,-1.0649536136696138,0.7228609775753093,-0.6940937142541482,-0.2761252904438922,-0.04654614471394943,0.09000117304571391,0.09000117304571391,0.0,-0.6177724247278791,-0.2844430701115086,0.06015813150047222,-0.0014780762693777764,0.27080235836759514,-2.6467268770004657,0,2.043358792935001
17.405440000000574,1.8169410445136214,-1.076579907928096,1.0983232363803443,-0.6022832587112164,-0.3207398534144958,-0.08864083118363393,2.1098630740036928,-1.1181781734328544,1.091996400893501,-0.7877363192480304,-0.46768647006280534,-0.10099615043671438,2.054947253873844,-1.0925392429958563,0.9072222017690795,-0.7424224250333245,-0.3717961261462402,-0.07424781201080947,0.09000117304571391,0.09000117304571391,0.0,-0.6104441320312355,-0.2809123728922208,0.06016182604978598,-0.0014372416531425877,0.27187198046939487,-2.6471371786550537,0,2.0405016257020328
17.409600000000573,1.8144216389972927,-1.0779208249351064,1.0979550479725637,-0.6046573239188613,-0.32182008168251536,-0.08836521786733625,1.3082820463533948,-0.9958040465121418,1.09933820440307,-0.5554592238151761,-0.33269281833462505,-0.020474953187357633,1.680456327678803,-1.044863336943182,1.0032395021238025,-0.6500305187504045,-0.3520653550482144,-0.04762544480236732,0.09000117304571391,0.09000117304571391,0.0,-0.603168986916198,-0.2774075370791027,0.060162171255995545,-0.0013966458524176453,0.27292754492249094,-2.647541093734334,0,2.037633696367746
17.413760000000572,1.8118924716994858,-1.0792661802099872,1.0975880077927487,-0.6070001514736861,-0.32288526597139233,-0.0880896431555899,1.9836164020899998,-1.2909603958993594,1.0554739525944266,-0.7695221316575162,-0.2713363017673035,-0.1311788323495955,1.8304394219268336,-1.1684771658913904,1.029082952889531,-0.7104992236245457,-0.31208787537866667,-0.08877563324140625,0.09000117304571391,0.09000117304571391,0.0,-0.595946655446147,-0.2739283991742544,0.06015922644390487,-0.0013563020561298718,0.2739691549678382,-2.6479387259366276,0,2.034755148702501
17.41792000000057,1.809353671817607,-1.080615911537081,1.0972221156199324,-0.6093119716508937,-0.32393551850251284,-0.08781412147589635,1.7454188226728715,-0.515599474638372,0.8872028493298527,-0.671763186136484,-0.5089172973124063,-0.17592125121820323,1.786534765223051,-0.8430910833599976,0.9577748225579759,-0.6928097514173638,-0.4110677492222341,-0.1317780422424802,0.09000117304571391,0.09000117304571391,0.0,-0.5887768055297888,-0.27047479659089146,0.0601530500788951,-0.0013162227614369614,0.27499691324506303,-2.648330177255852,0,2.0318661254138437
17.42208000000057,1.806805367595392,-1.0819699571654653,1.0968573711740994,-0.6115930133316382,-0.3249709508121961,-0.08753866699989973,1.8787316006946728,-0.4426586221153205,0.989916033143412,-0.6946570365420576,-0.3068397518656272,0.049454490365654,1.831191840583938,-0.6435106586691416,0.9739486638333955,-0.6951175558580596,-0.35877279725059463,-0.04124414019749931,0.09000117304571391,0.09000117304571391,0.0,-0.581659106915011,-0.2670465676497945,0.06014369977867251,-0.0012764197970977014,0.2760109217937806,-2.648715548009651,0,2.028966768152957
17.42624000000057,1.804247686328686,-1.0833282558061106,1.096493774117237,-0.613843504009392,-0.32599167375486826,-0.08726329364702688,1.8392779991133026,-1.1529359309288734,1.1055530782463654,-0.4924629128940771,-0.28730434553934736,-0.18005451831158553,1.8342142935455978,-0.8988224447240155,1.039377054440811,-0.5955465448564597,-0.32400455366858916,-0.11053017029396636,0.09000117304571391,0.09000117304571391,0.0,-0.5745932311816389,-0.2636435515759593,0.060131232323777706,-0.0012369043461689135,0.27701128205499703,-2.6490949368670655,0,2.0260572175210827
17.430400000000567,1.8016807543712015,-1.0846907466290532,1.09613132405437,-0.6160636697963113,-0.32699779750623614,-0.08698801508808383,1.8990373234997358,-1.2668686405882421,1.2784945798756335,-0.614277053958458,-0.2224917864481893,-0.03344042988105446,1.865349790294809,-1.0833100153061124,1.1588686631823713,-0.6054907624154717,-0.27367741218010655,-0.07234024589273995,0.09000117304571391,0.09000117304571391,0.0,-0.5675788517343812,-0.2602655884946983,0.060115703670494014,-0.0011976869680469034,0.2779980948725916,-2.6494684408757405,0,2.023137613075914
17.434560000000566,1.7991046971402447,-1.0860573692605802,1.0957700205345833,-0.6182537354296014,-0.3279894315664593,-0.08671284474879877,2.3072836339284173,-0.9410537553027224,1.3980765393489782,-0.860980838867632,-0.3316635225735994,-0.2242295128210393,2.084530417042589,-1.0128711214813138,1.2780065404118939,-0.7339058890668381,-0.3024834900547896,-0.14762898730276636,0.09000117304571391,0.09000117304571391,0.0,-0.5606156437956415,-0.256912519428371,0.060097168960378256,-0.0011587776198707916,0.2789714604948742,-2.649836155488687,0,2.0202080933379554
17.438720000000565,1.79651963912242,-1.0874280637804274,1.0954098630520277,-0.6204139242778803,-0.32896668476332186,-0.08643779581332539,2.172111586439135,-0.715175071343678,0.7132708501470465,-0.7244901388787508,-0.37562640236610545,-0.19576022213866223,2.126818112281883,-0.8648013435511878,0.9952272173704719,-0.7308412017268534,-0.3395126967313452,-0.1715229358521816,0.09000117304571391,0.09000117304571391,0.0,-0.5537032843990526,-0.2535841862929946,0.06007568253197332,-0.0011201856773043492,0.2799314785762144,-2.650198174590599,0,2.017268795796856
17.442880000000564,1.7939257038793053,-1.0888027707189916,1.0950508510469124,-0.622544458347544,-0.3299296652554038,-0.08616288122769766,2.093422701455923,-0.7961168804463377,1.3892630765673228,-0.6610699874160858,-0.3897832610514824,-0.19043483219502239,2.10874793772965,-0.8312668965837835,1.1918529057738734,-0.6972923998744667,-0.36583369667799615,-0.1815068123914909,0.09000117304571391,0.09000117304571391,0.0,-0.5468414523818064,-0.25028043189441285,0.0600512979317096,-0.0010819199547131213,0.2808782481787381,-2.6505545905237367,0,2.014319856917712
17.447040000000563,1.7913230140531007,-1.090181431054555,1.0946929839064823,-0.6246455582891267,-0.3308784805352499,-0.08588811370323911,0.9285282858030748,-0.9470050598616394,0.9977522109290997,-0.6332993217714801,-0.24783199864049782,-0.011168786742541598,1.5173157805409228,-0.8896519285235422,1.0947773967044632,-0.6668249316969218,-0.30700528661399484,-0.09607333416847534,0.09000117304571391,0.09000117304571391,0.0,-0.540029828377814,-0.24700109992455943,0.06002406792484949,-0.001043988724752489,0.28181186777408823,-2.6509054941133816,0,2.011361412147339
17.45120000000056,1.788711691372252,-1.091563986210524,1.0943362609659826,-0.6267174434036603,-0.3318132374325358,-0.08561350571992662,1.6090196714548597,-1.071319865365289,1.5496771957763276,-0.6772452726036862,-0.33708112605124013,0.19468083663318522,1.561761217445026,-0.9811865094943872,1.3226338212693398,-0.6727557892537767,-0.3228960179254243,0.050049003814787704,0.09000117304571391,0.09000117304571391,0.0,-0.5332680948104123,-0.24374603495824154,0.05999404450561929,-0.001006399737382958,0.2827324352452455,-2.651250974692871,0,2.0083935959205155
17.45536000000056,1.7860918566570478,-1.092950378052679,1.0939806815096087,-0.6287603316490296,-0.33273404211723434,-0.08533906952971206,1.5874472878065113,-1.434383212886124,1.9850146102853272,-0.5154775349992806,-0.12710493080738614,-0.22333120841189674,1.5735335278546085,-1.208051316549844,1.6533643640477105,-0.5947391972357117,-0.2255373248079539,-0.08664076594489102,0.09000117304571391,0.09000117304571391,0.0,-0.5265559358857896,-0.24051508244969844,0.059961278907595006,-0.0009691602383272773,0.2836400478884056,-2.6515911201282174,0,2.0054165416661967
17.45952000000056,1.7834636298251882,-1.0943405488864406,1.0936262447714429,-0.6307744396463268,-0.33364100010277914,-0.08506481715980048,2.3202409398463697,-1.0381214712632747,0.9872048406565522,-0.8926219859724627,-0.35053083000762025,0.12698599611065664,1.9450369086003743,-1.1238144376637813,1.320543943411065,-0.7441795948179506,-0.287959282811972,0.020218893086480873,0.09000117304571391,0.09000117304571391,0.0,-0.5198930375849995,-0.23730808872818254,0.05992582161434423,-0.0009322769869846289,0.28453480241491114,-2.6519260168423235,0,2.002430381813698
17.463680000000558,1.780827129897329,-1.0957344414541457,1.0932729499363767,-0.632759982686199,-0.3345342162492234,-0.08479076041588406,1.6626118694327163,-1.3035555059578205,1.3314098200532314,-0.45277480199108133,-0.3271541901068477,-0.18313725931707758,1.8028829899343637,-1.2143652507059892,1.3255953595275862,-0.599618885377575,-0.30825145838546886,-0.08112012874786274,0.09000117304571391,0.09000117304571391,0.0,-0.5132790876573323,-0.234124900995346,0.05988772236989576,-0.0008957562738166684,0.28541679495323313,-2.652255749838794,0,1.9994352477988475
17.467840000000557,1.7781824750025992,-1.097131998932339,1.0929207961410212,-0.6347171747351924,-0.3354137947663995,-0.08451691088533218,1.9732887616609558,-0.5779800047241702,1.0065971567189032,-0.6297884389616285,-0.398147883597919,-0.15391898074606752,1.886777907993332,-0.8969957653207796,1.1657736798654348,-0.6150774598481216,-0.3534561216745645,-0.11741917463701892,0.09000117304571391,0.09000117304571391,0.0,-0.5067137756132385,-0.23096536732090311,0.059847030187965056,-0.0008596039372187371,0.2862861210510005,-2.652580402725356,0,1.996431270070113
17.472000000000556,1.7755297823840905,-1.0985331649290768,1.0925697824746032,-0.6366462284420933,-0.33627983921707255,-0.08424327994034303,2.372453371262969,-1.0993506456805953,0.9677858541450114,-0.6400761975182312,-0.2639994952011272,-0.04444269053303079,2.1282897268412597,-0.9987230765252675,1.0666868914225245,-0.6285506387281438,-0.3090490660864031,-0.08139207920954548,0.09000117304571391,0.09000117304571391,0.0,-0.5001967927164725,-0.2278293366392421,0.05980379336271674,-0.0008238253798911983,0.2871428756770742,-2.652900057736892,0,1.9934185780946956
17.476160000000554,1.7728691684043227,-1.0999378834812439,1.092219907979849,-0.6385473551442603,-0.3371324525200922,-0.08396987874105014,1.3906322944756235,-0.7697195225277627,1.2721523008147948,-0.698599337420566,-0.1575359446076273,-0.20209790471174238,1.7580049814412362,-0.884546507734879,1.1690003663410866,-0.6646277790258766,-0.23371549085899723,-0.14158832364384644,0.09000117304571391,0.09000117304571391,0.0,-0.49372783197749537,-0.22471665874613045,0.0597580594780695,-0.0007884255847233799,0.28798715322366325,-2.6532147957580903,0,1.9903973003645956
17.480320000000553,1.7702007485506812,-1.1013460990518837,1.0918711716538547,-0.6404207648739536,-0.33797173695354205,-0.08369671823859,1.4791518803968091,-0.8810144849949139,1.3866908645910452,-0.7642040286351865,-0.3378629603748094,-0.15826512953206748,1.6169895110985757,-0.883481186143379,1.2775181441689627,-0.7156373909277207,-0.28675896360948266,-0.150018114391141,0.09000117304571391,0.09000117304571391,0.0,-0.4873065881461023,-0.2216271842943378,0.05970987541746686,-0.0007534091302034618,0.28881904750848103,-2.6535246963457237,0,1.9873675644026474
17.484480000000552,1.7675246374408284,-1.1027577565275415,1.0915235724489458,-0.6422666663646572,-0.3387977941578823,-0.08342380917812875,1.9607851954168583,-0.8895461820055137,1.5254682176474803,-0.6497008983065863,-0.4260659508673508,-0.0830041915317173,1.787540208445589,-0.8873991503430503,1.4013225759591945,-0.6835429288422828,-0.3567790511879826,-0.11666273419595329,0.09000117304571391,0.09000117304571391,0.0,-0.4809327577039175,-0.21856076479084974,0.05965928737325815,-0.0007187802053678905,0.2896386517769378,-2.653829837750558,0,1.984329496768528
17.48864000000055,1.7648409488280894,-1.1041728012156211,1.0911771092735214,-0.6440852670573937,-0.33961072513909235,-0.08315116210184952,1.7959196799329,-1.7385745641321713,1.3882876665196544,-0.6517789092050181,-0.22403363059185388,-0.1759099202266436,1.790375739517044,-1.3134576770173767,1.3944391651131982,-0.6683447074022778,-0.29095324765883707,-0.14629340229689697,0.09000117304571391,0.09000117304571391,0.0,-0.47460603885739516,-0.2155172525922513,0.059606340856759144,-0.0006845426243013676,0.2904460587043687,-2.6541302969388987,0,1.9812832230647324
17.49280000000055,1.7621497956068102,-1.1055911788417536,1.0908317809928885,-0.6458767731070323,-0.34041063027180507,-0.08287878735189755,1.9627302859692661,-1.2449481071054769,1.2988538237593092,-0.6775848295615304,-0.29300560661888253,-0.035670981375171766,1.875145240292179,-1.2798121323298868,1.3465714228282732,-0.6731460403983253,-0.2918463294659054,-0.0908891852764296,0.09000117304571391,0.09000117304571391,0.0,-0.4683261315302625,-0.21249650090223415,0.05955108070685328,-0.0006506998402011255,0.2912413603982934,-2.654426149613783,0,1.9782288679425206
17.49696000000055,1.759451289817691,-1.1070128355471804,1.0904875864300831,-0.6476413893885892,-0.34119760930244186,-0.08260669507328924,1.0507360710095692,-1.109087794381919,0.9467498782810901,-0.5785775400375942,-0.3024944247479592,-0.10181352663817801,1.4617340628891407,-1.1950763487460394,1.146446366738146,-0.6271182457902177,-0.2979388273412894,-0.0964867824321342,0.09000117304571391,0.09000117304571391,0.0,-0.4620927373565751,-0.2094983637668476,0.05949355109948351,-0.0006172549590157483,0.29202464840070746,-2.65471747023582,0,1.9751665551078383
17.501120000000547,1.7567455426530931,-1.1084377178861484,1.0901445243666799,-0.6493793195035203,-0.3419717613523384,-0.08233489521678135,1.4498243987878074,-1.524247674905628,0.9553685402181747,-0.35692809246983775,-0.3144159334840481,-0.19106205203820797,1.4550379027312654,-1.3603175375829253,1.0505092399271725,-0.49259595722695826,-0.30653868703922155,-0.14402177628512472,0.09000117304571391,0.09000117304571391,0.0,-0.45590555967332036,-0.20652269607155294,0.05943379555696787,-0.0005842107526714895,0.2927960136904009,-2.6550043320436854,0,1.9720964073272038
17.505280000000546,1.754032664462318,-1.1098657728233188,1.0898025935435893,-0.651090765786006,-0.34273318492086907,-0.08206339754170093,1.8897509739839404,-1.004958996639512,1.3549157576971078,-0.8031687565091499,-0.3345949515508351,-0.14910119520361467,1.670728207548169,-1.1833306867803681,1.202403598931841,-0.6484851318612926,-0.32106580353411496,-0.14612657258334083,0.09000117304571391,0.09000117304571391,0.0,-0.4497643035127812,-0.20356935353708827,0.059371856956280555,-0.0005515696718966076,0.29355554668530426,-2.6552868070742814,0,1.969018546433568
17.509440000000545,1.751312764756863,-1.1112969477311878,1.0894617926618446,-0.6527759293092245,-0.34348197788856405,-0.08179221161874052,1.9182727681914886,-1.8975828471437515,1.2568784073660009,-0.6628079645933902,-0.4631203471891646,-0.11311114142658074,1.7931256440179713,-1.5414229252729272,1.2294050368827847,-0.6566290553391348,-0.3931016776521397,-0.1291018713224348,0.09000117304571391,0.09000117304571391,0.0,-0.4436686755957262,-0.20063819271639038,0.05930777753822314,-0.0005193338586546724,0.2943033372448586,-2.6555649661825593,0,1.9659330933321462
17.513600000000544,1.748585952215648,-1.112731190387522,1.089122120383375,-0.6544350098916195,-0.34421823752022424,-0.08152134683271468,1.7126222254891368,-0.7705648333470494,0.8013358229486172,-0.924529529822852,-0.3629769247726043,-0.20320296285593975,1.7509504991111229,-1.1567425663753594,1.0149445320999682,-0.7906209023164238,-0.3784741284061833,-0.1660293125194574,0.09000117304571391,0.09000117304571391,0.0,-0.4376183843238284,-0.19772907099022075,0.059241598916845606,-0.00048750515819773904,0.295039474672409,-2.655838879061016,0,1.9628401680062175
17.517760000000543,1.7458523346902182,-1.1141684489728056,1.0887835753317696,-0.6560682061031565,-0.3449420604680278,-0.08125081238527689,1.5834598793853287,-1.0062522270377103,0.900258886449907,-0.7539838691827604,-0.4152929070307748,-0.03904358563522895,1.6656371977646567,-1.0823588379708629,0.9575204441627331,-0.7729995545402697,-0.39750761560570397,-0.10290372239245635,0.09000117304571391,0.09000117304571391,0.0,-0.4316131397720562,-0.19484184656395354,0.059173362086762826,-0.0004560851307498984,0.29576404771761916,-2.6561086142588692,0,1.9597398895228986
17.52192000000054,1.7431120192099199,-1.1156086720676999,1.0884461560930296,-0.6576757152715679,-0.34565354277463334,-0.08098061729760551,2.3559303505332023,-1.0667507032047385,0.795927490033987,-0.38603090752660585,-0.3184548132953802,-0.13026934863041345,2.009986445393074,-1.0752175132466641,0.8764513962492874,-0.5799121508750158,-0.3577578103644684,-0.11635222658790156,0.09000117304571391,0.09000117304571391,0.0,-0.42565265368189364,-0.19197637846392424,0.05910310743242814,-0.0004250750628309226,0.29647714457890556,-2.6563742392009138,0,1.9566323760388853
17.52608000000054,1.7403651119870507,-1.1170518086505177,1.0881098612163085,-0.6592577334885898,-0.3463527798762775,-0.0807107704130508,2.184261513897759,-1.0344920327827474,0.7553667847184533,-0.6123014274270664,-0.26118096373226163,-0.12748517889334562,2.0958519453996463,-1.0553985151210246,0.8156430853150588,-0.5962563784868227,-0.3091013405595906,-0.1219216351630332,0.09000117304571391,0.09000117304571391,0.0,-0.4197366394537869,-0.18913252653322965,0.05903087473680041,-0.00039447597823020575,0.2971788529058901,-2.6566358202060685,0,1.9535177448061685
17.53024000000054,1.7376117184219833,-1.1184978080947088,1.087774689214643,-0.6608144556161886,-0.3470398666058644,-0.08044128039974516,1.6161199829055237,-0.6976691854490151,0.49588703939852663,-0.8102995936991277,-0.36779671426049093,-0.1011367697489234,1.854299136037476,-0.8772949968852936,0.6555527378868541,-0.7041915220248312,-0.3390976010412822,-0.11166254913735507,0.09000117304571391,0.09000117304571391,0.0,-0.4138648121395647,-0.18631015142879892,0.05895670318833207,-0.00036428864864098315,0.2978692598018693,-2.656893422505615,0,1.950396112177718
17.534400000000538,1.7348519431082634,-1.119946620166359,1.0874406385656714,-0.6623460752927731,-0.34771489719605264,-0.08017215575318398,1.6296242775871366,-0.8636179192936252,0.8845875181934929,-0.6641115627085253,-0.403699717458924,-0.009030050277082091,1.7405806753681807,-0.8712961507846063,0.7700517558362528,-0.6850549241979875,-0.37134416264349057,-0.05977940602808285,0.09000117304571391,0.09000117304571391,0.0,-0.40803688843525965,-0.18350911461716835,0.058880631390983706,-0.00033451360396329717,0.29854845182629913,-2.6571471102611355,0,1.947267593613139
17.538560000000537,1.7320858898376825,-1.121398195021702,1.0871077077123432,-0.6638527849393986,-0.3483779652823337,-0.07990340479876418,1.420189351718209,-1.2812346544805806,1.3308192966852763,-0.6288049093085459,-0.43416190222726964,-0.128719226787683,1.5790763320026975,-1.0771709731990027,1.0501710177509083,-0.6576337601165895,-0.40291350288792444,-0.09390820890379104,0.09000117304571391,0.09000117304571391,0.0,-0.40225258667379693,-0.18072927837109887,0.05880269737085014,-0.00030515114228577185,0.29921651499729385,-2.657396946582153,0,1.9441323036842988
17.542720000000536,1.7293136616053244,-1.122852483204644,1.086775895063617,-0.6653347757659576,-0.3490291639061052,-0.07963503569429464,1.3843693530276457,-1.213277272124409,1.3007215289805705,-0.751451787776146,-0.4591467343616548,0.11110661279057843,1.4801613069608355,-1.1461795431485071,1.1756792101004032,-0.705895015812806,-0.43128797902027516,0.008545216292085071,0.09000117304571391,0.09000117304571391,0.0,-0.3965116268177664,-0.1779705057655383,0.0587229385843131,-0.00027620133955436976,0.2998735347941375,-2.6576429935434827,0,1.9409903560809276
17.546880000000534,1.7265353606145855,-1.1243094356443013,1.0864451989951485,-0.6667922377773596,-0.3496685855177365,-0.07936705643247223,1.5455129671082022,-1.5935452786975444,1.0926923305732317,-0.682361540204492,-0.5186678882173376,-0.0555737303643316,1.5114199986996513,-1.3709435050636265,1.1340702268601137,-0.694945528661818,-0.47538124840619184,-0.023812583636335087,0.09000117304571391,0.09000117304571391,0.0,-0.39081373045163015,-0.17523266067432053,0.05864139192665402,-0.0002476640589376901,0.3005195961598075,-2.657885312202294,0,1.9378418636161852
17.551040000000533,1.72375108828217,-1.1257690036525498,1.086115617849968,-0.6682253597796967,-0.35029632197962907,-0.07909947484332132,1.135997475318641,-1.639868472842097,0.6402834382885539,-0.6433576483030996,-0.3250743940808707,0.09627969565698168,1.3223686109911292,-1.5060834466170858,0.887374998036457,-0.6694752122878128,-0.4005112338429244,0.035571084009239265,0.09000117304571391,0.09000117304571391,0.0,-0.3851586207747637,-0.1725156077664236,0.058558093738986794,-0.00021953895989613125,0.30115478350350855,-2.6581239626148925,0,1.9346869382322047
17.555200000000532,1.72096094524306,-1.1272311389215885,1.085787149939149,-0.6696343293863977,-0.35091246456927,-0.07883229859660398,2.0764803479900724,-1.3392425841215803,1.8523885896329975,-0.723686032796724,-0.16281108865298943,-0.05518148639282471,1.6979263690767405,-1.4229977017849156,1.3697729695939946,-0.6974708292924787,-0.2830171596465275,-0.00941423116667106,0.09000117304571391,0.09000117304571391,0.0,-0.3795460225940406,-0.16981921250210785,0.058473079816289575,-0.0001918255069641631,0.30177918070321613,-2.658359003853222,0,1.9315256910056042
17.55936000000053,1.7181650313554586,-1.1286957935215147,1.0854597935424648,-0.6710193330243699,-0.35151710398227776,-0.07856553520419604,2.080378612363449,-0.9620865981569324,1.3721647128242063,-0.6567307349187822,-0.27146516357608336,0.13306320709178107,1.8877893454658219,-1.1931048716287505,1.3712456505882922,-0.6771800119315518,-0.2766133313357382,0.061803327863466824,0.09000117304571391,0.09000117304571391,0.0,-0.37397566231628754,-0.16714334112936313,0.058386385415039155,-0.00016452297825319666,0.30239287110822854,-2.6585904940210976,0,1.92835823215297
17.56352000000053,1.715363445705708,-1.1301629198979124,1.085133546909038,-0.6723805559401255,-0.35211033033544153,-0.0782991920224309,1.574747905992095,-0.45875428290522924,1.5598069292589418,-0.6744593296895993,-0.21060197396510622,-0.04994566476298186,1.7298654532881488,-0.8263634216311502,1.4654232603151136,-0.6767208549901282,-0.24316133345562949,0.006158867267934255,0.09000117304571391,0.09000117304571391,0.0,-0.3684472679410318,-0.16448786068012788,0.0582980452602333,-0.00013763047368314582,0.30299593754172616,-2.658818490270166,0,1.9251846710363136
17.56768000000053,1.7125562866131836,-1.131632470869453,1.0848084082579779,-0.6737181822058959,-0.35269223316975296,-0.07803327625441342,1.9332965915128582,-1.0288758862231349,0.9327480507023864,-0.6807524896655044,-0.23331593731081665,-0.03778877378357101,1.8301684249573988,-0.9281046383264409,1.199004090046811,-0.6796617439700089,-0.23906776607694472,-0.016178286751443022,0.09000117304571391,0.09000117304571391,0.0,-0.36296056905333174,-0.161852638966818,0.058208093553083096,-0.00011114692294990518,0.3035884623033377,-2.6590430488156063,0,1.9220051161684975
17.571840000000527,1.7097436516351596,-1.133104399625509,1.08448437577901,-0.6750323947257322,-0.3532629014534312,-0.07776779495230127,1.5963982505757737,-1.0545786308218,1.4092796232420324,-0.737415353433001,-0.0692686103402515,0.08387695188854821,1.7117494738044745,-0.9914849094092913,1.304317168672726,-0.7092918406688158,-0.1549901583071167,0.03414152533342723,0.09000117304571391,0.09000117304571391,0.0,-0.3575152968159405,-0.15923754457830708,0.058116563978307334,-8.507109323671827e-05,0.3041705271717121,-2.659264224951569,0,1.918819675218635
17.576000000000526,1.706925637571653,-1.1345786597237797,1.0841614476330952,-0.6763233752415898,-0.3538224235849394,-0.07750275501955517,1.7991424344778397,-0.7860120342979516,0.37779454640309484,-0.6925524752237454,-0.3770574389494377,-0.04538557784610232,1.7540069487936851,-0.8895302642237238,0.8409562876887076,-0.7013425723202354,-0.26650885800904023,-0.006248835111878651,0.09000117304571391,0.09000117304571391,0.0,-0.3521111839627258,-0.15664244687685758,0.05802348971102683,-5.940159667621016e-05,0.30474221340709484,-2.659482073066359,0,1.9156284550174605
17.580160000000525,1.704102340470239,-1.1360552050879296,1.0838396219530404,-0.6775913043394016,-0.354370887395996,-0.07723816321315995,1.6713557285585674,-0.7751063843487607,1.1930692451636002,-0.7667976226047593,-0.203225858653271,-0.12381267691708682,1.7110865439937426,-0.8327414748069408,1.0167559716156744,-0.7344026886365125,-0.2342716447972938,-0.0641904454852841,0.09000117304571391,0.09000117304571391,0.0,-0.3467479647903555,-0.1540672159938623,0.05792890342432888,-3.4136897570201947e-05,0.30530360175390914,-2.659696646657371,0,1.9124315615626706
17.584320000000524,1.7012738556308424,-1.1375339900052404,1.0835188968440994,-0.6788363614551324,-0.35490838015457565,-0.07697402614581332,2.311796894252168,-1.3443934686020345,0.6807786444490858,-0.7730200728492732,-0.3998853554268072,-0.06994866073520878,2.0098384492154207,-1.0894018496526956,0.8486187459540555,-0.753894454822605,-0.3175257695238838,-0.06672302808351897,0.09000117304571391,0.09000117304571391,0.0,-0.3414253751517744,-0.1515117228261088,0.05783283729557587,-9.275319374129761e-06,0.3058547724433398,-2.659907998345775,0,1.9092291000242398
17.588480000000523,1.6984402776105056,-1.1390149691242732,1.0831992703845656,-0.6800587248808215,-0.35543498856790245,-0.07671035028808793,1.5687108653167692,-1.6726743112178577,1.0884922704225792,-0.6935237124050646,-0.3876249137477322,0.10478798758342633,1.7878294531740972,-1.3818458502530846,0.9687740800203497,-0.723901351337967,-0.35380187698723703,0.019532463507309007,0.09000117304571391,0.09000117304571391,0.0,-0.3361431524485867,-0.14897583903299205,0.057735323013381634,1.518494854661233e-05,0.30639580519592,-2.6601161798909594,0,1.9060211747497067
17.59264000000052,1.695601700228128,-1.1404980974525458,1.082880740626355,-0.6812585717706099,-0.3559507987854384,-0.07644714197056353,1.4558732359311741,-0.9827910469574594,1.0330581793471862,-0.7991216474852729,-0.20773663678414186,-0.10718869944428694,1.6201874820728837,-1.1827479638936635,1.0006927409654622,-0.7618000661502141,-0.2806720926357976,-0.04339246236847574,0.09000117304571391,0.09000117304571391,0.0,-0.3309010356235209,-0.14645943703179254,0.05763639178504354,3.9245844383358035e-05,0.30692677922411987,-2.6603212422047386,0,1.9028078892694305
17.59680000000052,1.6927582165691832,-1.1419833303542202,1.0825633055955803,-0.6824360781467492,-0.3564558964018597,-0.07618440738592772,1.6762626608837004,-0.9372630427684983,0.9591961770023207,-0.6904612406059257,-0.31409058392226463,-0.010569244844574957,1.6467910363767593,-1.0606567876031372,0.9799223590241907,-0.7269583134154303,-0.29752211533856204,-0.027066683919620648,0.09000117304571391,0.09000117304571391,0.0,-0.3256987651534027,-0.14396238999465027,0.05753607434271829,6.290942756584169e-05,0.30744777323493655,-2.660523235365321,0,1.8995893463018227
17.60096000000052,1.6899099189904099,-1.1434706235478036,1.0822469632931175,-0.6835914189055983,-0.3569503664600275,-0.07592215259105022,1.7453825543443113,-1.4232955247465142,0.7394902559768388,-0.7644059191154982,-0.36788863574035063,-0.10359879497959118,1.6944982644876114,-1.242742259857592,0.8594904082542272,-0.7460265454258602,-0.33348537358489133,-0.06593641500294181,0.09000117304571391,0.09000117304571391,0.0,-0.3205360830416779,-0.14148457184477914,0.05743440095026475,8.617787265389375e-05,0.30795886543248474,-2.6607222086310496,0,1.896365647758549
17.605120000000518,1.6870568991244783,-1.1449599331038618,1.0819317116951632,-0.6847247678236011,-0.3574342934539492,-0.07566038350902797,1.843390729951292,-1.102477299212046,1.1644836279969963,-0.6500010935198989,-0.4351807884758843,-0.06330438636011218,1.767594691224208,-1.1735126280528159,1.0118581824655106,-0.6985659479761683,-0.3849676991046135,-0.06495784529785838,0.09000117304571391,0.09000117304571391,0.0,-0.3154127328112277,-0.13902585725277583,0.05733140140904264,0.0001090534634329352,0.3084601335205872,-2.6609182104539153,0,1.893136894749704
17.609280000000517,1.6841992478846315,-1.146451215442744,1.0816175487537831,-0.6858362975632508,-0.35790776133173224,-0.07539910593120552,2.0491269632633955,-0.8826899573651461,0.5703868168454475,-0.6176357479905464,-0.2361244496088946,-0.21247237102218677,1.9070769592861967,-1.0285906113366186,0.7906785165627992,-0.6575417163072378,-0.3104490099478349,-0.13920691473749167,0.09000117304571391,0.09000117304571391,0.0,-0.3103284594967344,-0.13658612163312966,0.057227105065661865,0.00013153858720683966,0.30895165470536523,-2.6611112884928447,0,1.8899031875889578
17.613440000000516,1.6813370554693021,-1.1479444273323212,1.0813044723974532,-0.6869261796790344,-0.35837085349852893,-0.0751383255191624,1.4254761387471953,-1.4897542633372038,1.2205367862751437,-0.7748652386371339,-0.24299476199993592,-0.14241713939732475,1.6646626677875098,-1.259681391045625,1.0053135802443314,-0.7167661981097267,-0.2765796956075421,-0.14040041817195234,0.09000117304571391,0.09000117304571391,0.0,-0.30528300963787536,-0.13416524114018646,0.05712154081719162,0.00015363572928362595,0.30943350569782746,-2.661301489626772,0,1.8866646257986759
17.617600000000515,1.6784704113667048,-1.1494395258857357,1.080992480531592,-0.6879945846233637,-0.35882365281947165,-0.07487804780667812,1.996199749695325,-1.5008966665563408,1.158341833879334,-0.6878222470705638,-0.38871165599578034,-0.07095035320180014,1.8290044964642092,-1.381097716296946,1.0816807877719876,-0.7030740930204147,-0.3333642447291118,-0.10548007377165816,0.09000117304571391,0.09000117304571391,0.0,-0.30027613127185226,-0.13176309266495434,0.05701473711788935,0.00017534746764687274,0.30990576271645776,-2.66148885996749,0,1.8834213081150106
17.621760000000513,1.6755994043594027,-1.1509364685591632,1.0806815710390851,-0.6890416817524885,-0.35926624162260096,-0.0746182782016685,1.4209204205458386,-1.7801745324306135,1.0167726061501907,-0.811467105210334,-0.33427254783313215,-0.14977676268190943,1.6232730441237782,-1.581332973387181,1.0489146662852793,-0.7578739125445001,-0.3344052869243899,-0.1276038617029124,0.09000117304571391,0.09000117304571391,0.0,-0.2953075739256814,-0.1293795538314706,0.056906721985527764,0.00019667646780886685,0.3103685014898008,-2.6616734448722936,0,1.880173332492966
17.625920000000512,1.6727241225288512,-1.1524352131495874,1.0803717417808014,-0.6900676393323905,-0.3596987017017848,-0.07435902198809495,1.8485267739079267,-1.360108608616647,1.0985301490968686,-0.5556369708834965,-0.26481853052258775,-0.055777668705191845,1.7347470954716673,-1.471270992475853,1.0736058051970028,-0.6574025936801717,-0.2991669450975912,-0.09124637915975922,0.09000117304571391,0.09000117304571391,0.0,-0.29037708860984934,-0.1270145029926213,0.05679752300731833,0.00021762547783980659,0.310821797259045,-2.6618552889564113,0,1.8769207961114343
17.63008000000051,1.6698446532599152,-1.1539357177925857,1.0800629905961021,-0.691072624544664,-0.3601211143196268,-0.07410028432784843,1.2631587137147249,-1.1286976535160251,1.135875244521208,-0.8534616377597628,-0.33874344896377634,-0.05163745061527368,1.4971777888581208,-1.3006858943314192,1.1046321210293384,-0.7570349725914878,-0.3192450259407497,-0.07075436826269943,0.09000117304571391,0.09000117304571391,0.0,-0.2854844278099111,-0.12466781922744552,0.05668716734564311,0.00023819732356743272,0.31126572478060344,-2.662034436105233,0,1.8736637953782063
17.63424000000051,1.6669610832453636,-1.155437940960129,1.0797553153033412,-0.6920568034923749,-0.36053356021036875,-0.0738420702626088,2.0778832106421365,-1.1655341222468765,1.6798711329682012,-0.7561139970624731,-0.3457551329819472,-0.20912809064508708,1.7859622706448686,-1.2338273551315089,1.3918202494468128,-0.756768090593827,-0.33291577250664695,-0.13972925074956416,0.09000117304571391,0.09000117304571391,0.0,-0.28062934548020557,-0.12233938233639685,0.05657568174466704,0.0002583949039431532,0.3117003583286899,-2.662210929486335,0,1.8704024259349532
17.63840000000051,1.664073498490339,-1.1569418414583905,1.0794487137003592,-0.6930203412059044,-0.3609361195827801,-0.07358438471567597,1.9111765641837655,-1.3605466904523278,0.70612540075891,-0.5249163554875356,-0.30338423101608647,-0.13301325298880445,1.8474800816647037,-1.29781674893182,1.0486907565086514,-0.6416258244608405,-0.3192053804977937,-0.1360799288480415,0.09000117304571391,0.09000117304571391,0.0,-0.2758115970361523,-0.12002907283894326,0.05646309253547538,0.0002782211865683304,0.31212577169789274,-2.6623848115613047,0,1.8671367826621827
17.642560000000508,1.6611819843168023,-1.1584473784255698,1.0791431835649685,-0.6939634016487751,-0.36132887212304265,-0.07332723249377891,1.5803597498074557,-1.542226235371015,0.7284651405113425,-0.5877744521316367,-0.1750485559504381,-0.17181117937926377,1.7126967735195597,-1.4203854169377335,0.8882174574871144,-0.6153193952177356,-0.24804082444531914,-0.15351628552028318,0.09000117304571391,0.09000117304571391,0.0,-0.2710309393472765,-0.1177367719690191,0.05634942564230305,0.000297679203377933,0.31254203820574394,-2.6625561240973745,0,1.863866959684168
17.646720000000506,1.6582866253679545,-1.1599545113297265,1.0788387226554317,-0.6948861477234582,-0.36171189699762235,-0.07307061828885815,1.9161056726969443,-0.874124838295166,1.1103364437108316,-0.8279756283400932,-0.628350641320359,-0.03858569488130238,1.8126813466810647,-1.148557772003725,0.9991974000325311,-0.7220500334351007,-0.43840422045477845,-0.09565072966021182,0.09000117304571391,0.09000117304571391,0.0,-0.2662871307295658,-0.11546236167185231,0.05623470658835994,0.0003167720464750451,0.312949230695284,-2.662724908178858,0,1.860593050373847
17.650880000000505,1.655387505612633,-1.161463199966627,1.0785353287109325,-0.6957887412771617,-0.36208527285613323,-0.07281454667982314,1.8567411161539176,-1.3336360077988296,0.8617665383282078,-0.6905643447295717,-0.38092772832589283,-0.07052451033214704,1.833276403728682,-1.2418900082375426,0.9303351537021691,-0.7068947382311612,-0.409907826748366,-0.08349078528588284,0.09000117304571391,0.09000117304571391,0.0,-0.2615799309388722,-0.11320572460046097,0.05611896050103543,0.00033550286411323545,0.3133474215376219,-2.662891204218402,0,1.857315147357701
17.655040000000504,1.6524847083496847,-1.1629734044576028,1.0782329994520397,-0.6966713431076023,-0.3624490778341927,-0.07255902213428739,1.8860719439868987,-0.8177381024360013,0.7679887143035535,-0.7704949716293787,-0.309726728494438,0.008348585035165168,1.858073351631829,-1.030455976562739,0.8491786331228622,-0.739371386639058,-0.3595031409069036,-0.03780312597177372,0.09000117304571391,0.09000117304571391,0.0,-0.25690910116300825,-0.11096674411170937,0.05600221211776729,0.0003538748568217122,0.31373668263448984,-2.663055051968048,0,1.8540333425205981
17.659200000000503,1.649578316212315,-1.1644850852474204,1.0779317325811635,-0.6975341129687558,-0.3628033895562653,-0.07230404901027834,1.5338564638818608,-1.6387327541706362,1.2067654443312523,-0.7693188526521676,-0.4457394531341504,-0.10291659304211713,1.6943644553358392,-1.335524986755881,1.0277617855519425,-0.7552938676787373,-0.40298126640052867,-0.07098469260756958,0.09000117304571391,0.09000117304571391,0.0,-0.25227440401531376,-0.10874530426331463,0.05588448579128957,0.0003718912736691616,0.31411708542079314,-2.6632164905301163,0,1.8507477270106178
17.6633600000005,1.6466684111724126,-1.1659982031021643,1.0776315257830054,-0.6983772095765922,-0.36314828513849945,-0.0720496315579248,1.4357808254187485,-0.9272768825882409,1.5043589143829348,-0.6723575868741307,-0.39056124081571303,-0.07311334668244461,1.563673618606995,-1.1322105964314741,1.2659101848451353,-0.7144425990109081,-0.39669393243125517,-0.07136298251447123,0.09000117304571391,0.09000117304571391,0.0,-0.24767560352702533,-0.10654128980945121,0.055765805495330334,0.00038955540866237595,0.3144887008671539,-2.663375558367905,0,1.8474583912438445
17.6675200000005,1.643755074544851,-1.167512719107129,1.0773323767250007,-0.6992007906147896,-0.36348384119155147,-0.07179577392111981,1.4708467246957768,-1.4716944727477506,1.6117336307800456,-0.8334345932055134,-0.3680265530261534,-0.09894503480611594,1.5155272239621118,-1.3027191528948638,1.4386169488814067,-0.7745183529233971,-0.3829591550696106,-0.08439442750708896,0.09000117304571391,0.09000117304571391,0.0,-0.24311246514026097,-0.10435458619826887,0.05564619482947403,0.00040687059727509276,0.31485159948244923,-2.6635322933162158,0,1.8441654249091355
17.6716800000005,1.640838386991766,-1.1690285946647265,1.0770342830577542,-0.7000050127404291,-0.3638101338234036,-0.07154248013916266,1.5110927298751824,-0.9016654590900378,1.216448570840716,-0.7703365805909792,-0.5110150446355126,-0.08313206737691123,1.5117073470948732,-1.1032515299517018,1.3273587869458774,-0.7722733230182405,-0.4473953542451099,-0.08400085482696328,0.09000117304571391,0.09000117304571391,0.0,-0.238584755700876,-0.10218507956725997,0.05552567702532896,0.00042384021310426723,0.3152058513163427,-2.663686732591705,0,1.8408689169728631
17.6758400000005,1.637918428526809,-1.1705457914924022,1.0767372424154693,-0.7007900315896722,-0.36412723864216845,-0.07128975414837443,1.1765047443406944,-1.3988288691950648,1.2588960585445161,-0.6173787957857652,-0.387918435406705,-0.23254431614408622,1.3428195067224384,-1.2518486707577416,1.292643739781237,-0.6948054398773498,-0.41788004324073813,-0.15849460882653207,0.09000117304571391,0.09000117304571391,0.0,-0.23409224345129287,-0.10003265674043227,0.05540427495057537,0.00044046766464867046,0.31555152596181024,-2.6638389128030626,0,1.83756895568363
17.680000000000497,1.634995278519378,-1.1720642716205643,1.0764412524163707,-0.7015560017834165,-0.364435230758886,-0.07103759978369609,1.391235899960798,-1.47351602803309,0.37485895894824595,-0.6116625129884423,-0.47023179564193324,-0.2093275875995674,1.3657577595192707,-1.3636602814463095,0.833310097214253,-0.6541805873415701,-0.4448639875468359,-0.18417967470188035,0.09000117304571391,0.09000117304571391,0.0,-0.22963469802373826,-0.09789720522461587,0.05528201111495884,0.000456756392206859,0.3158886925576583,-2.6639888699610244,0,1.8342656285769596
17.684160000000496,1.632069015698824,-1.173583997390524,1.0761463106631195,-0.7023030769329345,-0.36473418479031033,-0.07078602078026072,1.703258165460548,-1.1278700858186717,0.5964930910080224,-0.6334735125995473,-0.4023144152120136,-0.24291721560420396,1.5331931414929558,-1.246599426051836,0.7143948868607264,-0.6440321610055757,-0.42402944512557983,-0.21364595597531677,0.09000117304571391,0.09000117304571391,0.0,-0.2252118904324918,-0.09577861320575753,0.05515890767523446,0.0004727098648910524,0.3162174197910359,-2.664136639488218,0,1.8309590224799566
17.688320000000495,1.6291397181586345,-1.1751049314524478,1.0758524147432238,-0.7030314096454904,-0.3650241748616856,-0.0705350207749447,1.6952500561139003,-0.992950906536583,0.8501539870956907,-0.7213808821087044,-0.37576760156579203,-0.0724066108718139,1.6127230631978324,-1.1205540612667435,0.7821241666107712,-0.6830774133456594,-0.4003419617825813,-0.14273879037132436,0.09000117304571391,0.09000117304571391,0.0,-0.2208235930675011,-0.09367676954573811,0.05503498643927446,0.0004883315777530985,0.3165377758999397,-2.6642822562288466,0,1.827649223515947
17.692480000000494,1.626207463360593,-1.1766270367633207,1.075559562229441,-0.7037411515299391,-0.36530527460951306,-0.0702846033079008,1.7248010659776862,-0.6870384816504561,1.2467939335302138,-0.6903941711273753,-0.3223146261489235,0.20737986591200663,1.6673277277778655,-0.9044623886341957,1.0148913896679446,-0.6871578381969206,-0.361936423093097,0.03338290634878397,0.09000117304571391,0.09000117304571391,0.0,-0.21646957968679992,-0.09159156377853772,0.05491026887211925,0.0005036250490192407,0.3168498286757109,-2.664425754458213,0,1.8243363171090874
17.696640000000492,1.6232723281389168,-1.1781502765849219,1.075267750680174,-0.7044324532023036,-0.3655775571843072,-0.07003477182406563,1.6134217444153185,-0.9900839140584974,1.4574319163623402,-0.6434459874443546,-0.5031811270089189,-0.0025995494243002543,1.639036479703736,-0.9483212054181566,1.2361593676411604,-0.6655305771198823,-0.4321396594977861,0.015381988009460288,0.09000117304571391,0.09000117304571391,0.0,-0.2121496254099693,-0.0895228861068158,0.05478477610076693,0.000518593817430324,0.3171536454655256,-2.664567167892084,0,1.8210203879889517
17.70080000000049,1.6203343887043695,-1.1796746144818109,1.074976977639863,-0.7051054642913346,-0.36584109525334124,-0.0697855296746462,1.9489200854122979,-1.4346872885602031,0.8272228909431024,-0.7547274458084908,-0.2828714505817466,0.0675894042629193,1.792411614426146,-1.192094020276304,1.0318300925954116,-0.7105919179990733,-0.35847410630938964,0.04088571426226669,0.09000117304571391,0.09000117304571391,0.0,-0.2078635067105079,-0.08747062739848033,0.05465852891790979,0.0005332414396843899,0.317449293174877,-2.664706529695906,0,1.8177015201950888
17.70496000000049,1.6173937206483526,-1.181200014319325,1.0746872406393688,-0.7057603334440472,-0.36609596100338354,-0.0695368801185904,1.8348301681364763,-1.1318498385914026,1.4107859022242677,-0.7652071856797973,-0.4722691541430466,-0.07744629407281012,1.8120300735743582,-1.1629553313046392,1.2211479126317792,-0.7381336585845631,-0.4146347566072799,-0.017479105645964357,0.09000117304571391,0.09000117304571391,0.0,-0.20361100140946164,-0.0854346791834597,0.05453154778782854,0.0005475714879782517,0.31773683827005017,-2.6648438724938597,0,1.8143797970815587
17.70912000000049,1.6144503989469725,-1.1827264402615894,1.074398537196352,-0.7063972083312403,-0.3663422261434241,-0.0692888263240321,1.530619938096792,-1.7056110574747407,0.8133943036287665,-0.8378495072996398,-0.394194973213266,-0.023912333254127283,1.6695820183657644,-1.4351062295936212,1.0172190367097869,-0.7887950668097625,-0.4047412630148484,-0.020944759974036456,0.09000117304571391,0.09000117304571391,0.0,-0.19939188866806878,-0.08341493364982189,0.054403852850166246,0.0005615875476456325,0.3180163467805882,-2.664979228377774,0,1.8110553013214392
17.713280000000488,1.611504497965085,-1.1842538567695369,1.0741108648156448,-0.7070162356529941,-0.3665799619073894,-0.06904137136971994,1.3449775653717029,-1.0869760777528916,1.005395549560568,-0.7848080260665283,-0.4444359280853239,-0.08994310635437892,1.505644449552906,-1.2619616284201842,1.0111190548165596,-0.7864685562836681,-0.4253087591159429,-0.05492187669291125,0.09000117304571391,0.09000117304571391,0.0,-0.19520594898070165,-0.0814112836403087,0.0542754639254312,0.0005752932148881042,0.3182878843017512,-2.6651126289158853,0,1.80772811491131
17.717440000000487,1.6085560914603176,-1.1857822285989403,1.073824220989618,-0.7076175611441466,-0.36680923905684687,-0.06879451824642231,1.4717762437506083,-1.0436704929727063,1.0864107515728816,-0.8706746437374275,-0.11557269863044539,0.01010699544396125,1.4868998481596334,-1.153054588914022,1.0487864286067317,-0.8289106904309429,-0.27062025541041684,-0.022400207489551058,0.09000117304571391,0.09000117304571391,0.0,-0.19105296416832052,-0.07942362264939462,0.05414640051837888,0.0005886920945964371,0.3185515159969661,-2.665244105161459,0,1.8043983191757096
17.721600000000485,1.6056052525870688,-1.1873115207984557,1.0735386031985417,-0.7082013295797516,-0.3670301278837008,-0.06854826985831781,1.713063268149803,-0.9265914182760366,1.0503276975439073,-0.783705164050185,-0.26335120373949134,-0.180536156994011,1.598353434638088,-1.0403688600697631,1.0491809812713946,-0.8064924976136923,-0.2671408753744897,-0.1011779089844583,0.09000117304571391,0.09000117304571391,0.0,-0.18693271737126427,-0.07745184481915768,0.054016681823977786,0.00060178779825952,0.3188073066002688,-2.665373687661262,0,1.8010659947715675
17.725760000000484,1.6026520539004834,-1.188841698707676,1.0732540089109401,-0.7087676847805144,-0.3672426982128755,-0.06830262902435995,1.6213413591400225,-1.4669438747541632,0.8256542784654908,-0.684119264551841,-0.25216140423184863,-0.02007627788204567,1.6084251875582853,-1.2541841482416352,0.9373749872246759,-0.7455916202102835,-0.25950424257358085,-0.06095903862116506,0.09000117304571391,0.09000117304571391,0.0,-0.18284499304212276,-0.07549584493642203,0.05388632673018445,0.000614583941958023,0.3190553204187373,-2.6655014064638998,0,1.797731221692612
17.729920000000483,1.5996965673604076,-1.1903727279551968,1.0729704355839418,-0.709316769618207,-0.3674470194049896,-0.06805759847962965,1.2989400021078228,-1.0038424011648974,0.6239804909153095,-0.8149188134318824,-0.1745614220098134,-0.18617040991296924,1.4519869328718875,-1.1293755070015308,0.7802893557043078,-0.780977358297349,-0.21660484820791762,-0.12405612959654207,0.09000117304571391,0.09000117304571391,0.0,-0.17878957693933795,-0.07355551842903452,0.05375535382351532,0.0006270841444405643,0.3192956213349165,-2.665627291128015,0,1.7943940792737505
17.734080000000482,1.5967388643353198,-1.1919045744566927,1.0726878806636224,-0.7098487260210632,-0.36764316035901934,-0.0678131808766639,1.8829354893824486,-1.143056752501366,0.7282817154781994,-0.47447966230230787,-0.4100102163583628,-0.21927954712247388,1.6664783988975704,-1.1370675463129878,0.7538283347379694,-0.6282655522250838,-0.3140108768132905,-0.1713050329556509,0.09000117304571391,0.09000117304571391,0.0,-0.1747662561200316,-0.07163076136255753,0.053623781393139225,0.0006392920252788782,0.31952827280923424,-2.6657513707303493,0,1.7910546461954295
17.73824000000048,1.59377901560624,-1.193437204413005,1.0724063415853442,-0.7103636949791524,-0.36783118951495125,-0.06756937878676658,1.407280752620107,-1.527631717217473,0.7447262199384712,-0.7141925223671293,-0.4070834789482858,-0.15307677791173946,1.5353926076713365,-1.3331980851218495,0.7489598144984219,-0.671389572537193,-0.36102273134178703,-0.16267103129736574,0.09000117304571391,0.09000117304571391,0.0,-0.1707748189332401,-0.06972147043684362,0.05349162743455832,0.0006512112031005641,0.3197533378824081,-2.6658736738736715,0,1.7877130004879633
17.74240000000048,1.590817091370616,-1.19497058430824,1.0721258157740887,-0.710861816549733,-0.3680111748564243,-0.06732619470130338,1.288134462897485,-1.2554213665202192,0.7586754034267142,-0.643255502688745,-0.3318221832439526,-0.047357390227961746,1.4104256181167112,-1.2949989588027924,0.7537181515627814,-0.6581733711943526,-0.3466182277400721,-0.10452950480922751,0.09000117304571391,0.09000117304571391,0.0,-0.16681505501301852,-0.06782754298259919,0.05335890965415996,0.0006628452938965182,0.3199708791778444,-2.665994228694579,0,1.7843692195358454
17.74656000000048,1.5878531612461886,-1.1965046809078792,1.0718463006447847,-0.7113432298625837,-0.36818318391336124,-0.06708363103297696,1.6021309553691307,-1.3265697235019023,0.9851330639505343,-0.6648017613838074,-0.33109828163254623,-0.115342414643069,1.5048959797253136,-1.3114727821750736,0.8691869232470187,-0.6610639275007204,-0.3390778754591133,-0.10974535265708227,0.09000117304571391,0.09000117304571391,0.0,-0.16288675527141572,-0.06594887695793761,0.05322564547335734,0.0006741979094004031,0.32018095890402654,-2.666113062871165,0,1.7810233800820259
17.750720000000477,1.584887294274833,-1.1980394612568983,1.0715677936026302,-0.7118080731253137,-0.3683472837645889,-0.06684169011708423,1.133519297369592,-1.6278450051038404,1.2482406521893783,-0.529701184919072,-0.45302049706197944,0.050803461761455254,1.318105901361372,-1.4706022864067398,1.058820972279217,-0.5966529501953692,-0.39656624333249585,-0.028934226087083226,0.09000117304571391,0.09000117304571391,0.0,-0.15898971189239086,-0.06408537094545508,0.05309185203296085,0.0006852726555382852,0.32038363885689536,-2.6662302036305627,0,1.7776755582321753
17.754880000000476,1.5819195589263804,-1.1995748926779002,1.0712902920434104,-0.712256483628654,-0.36850354104044997,-0.06660037421275472,1.4062076694818686,-1.1779046531587654,1.3026034934086392,-0.7697191395843697,-0.2857138037956646,-0.04728151405534446,1.360556918649029,-1.3248447693105578,1.1806149843450668,-0.6834202650448796,-0.3415936801814175,-0.03781329339604082,0.09000117304571391,0.09000117304571391,0.0,-0.15512371832410232,-0.062236924148120876,0.05295754619649462,0.0006960731309464188,0.32057898042222044,-2.6663456777563646,0,1.7743258294589141
17.759040000000475,1.578950023102415,-1.2011109427692561,1.0710137933538098,-0.7126885977517242,-0.36865202192540036,-0.06635968550417448,1.7349223803159175,-0.8960951441719023,1.353106225958192,-0.7797726350667229,-0.38617380700990667,-0.08617005615033106,1.5461217328371832,-1.1112687122703422,1.2666825228421714,-0.7322481276267454,-0.3645899235124449,-0.06196064078958464,0.09000117304571391,0.09000117304571391,0.0,-0.15128856927288648,-0.060403436386544884,0.052822744554597956,0.0007066029255540459,0.32076704457796124,-2.6664595115959164,0,1.770974268606024
17.763200000000474,1.5759787541400512,-1.2026475794032585,1.070738294911719,-0.7131045509672805,-0.36879279216059907,-0.06611962610179098,2.2061043040595685,-0.7433068549084334,0.9702824879362237,-0.6989408105151736,-0.3141617795832349,-0.06741323004118395,1.874665268429886,-0.9279387996933708,1.1183400660051461,-0.716273765078803,-0.3393100515517481,-0.06461553182296456,0.09000117304571391,0.09000117304571391,0.0,-0.14748406069593023,-0.05858480809559419,0.05268746342901415,0.0007168656192301563,0.32094789189661943,-2.6665717310674943,0,1.7676209498926314
17.767360000000473,1.573005818815689,-1.2041847707242854,1.0704637940865378,-0.71350447784694,-0.36892591704648653,-0.06588019804350062,1.3895719616917126,-1.217649504007687,0.7344539039309843,-0.7339852693862087,-0.39742062432883624,0.025674058130910157,1.6305894770934737,-1.0736235264430478,0.9264461819852317,-0.7255728992692112,-0.3680134853956885,-0.018746584835438913,0.09000117304571391,0.09000117304571391,0.0,-0.1437099897954206,-0.05678094032046421,0.052551718876167386,0.0007268647804918151,0.32112158254758205,-2.666682361667361,0,1.76426594691737
17.77152000000047,1.5700312833487458,-1.2057224851469743,1.0701902882394718,-0.7138885120663875,-0.36905146144535,-0.06564140329582081,1.091374285457869,-0.3554492280804116,1.1437565615455465,-0.6885467033504199,-0.2769362025774394,-0.05542550455260846,1.3595470610072602,-0.7151075679546524,1.0349875337518382,-0.7075958916872748,-0.3223860106220461,-0.037047536737714104,0.09000117304571391,0.09000117304571391,0.0,-0.1399661550106388,-0.05499173471412788,0.052415526691180825,0.0007366039652716178,0.32128817629945483,-2.666791428476708,0,1.760909332662516
17.77568000000047,1.5670552134053684,-1.2072606913544073,1.0699177747238258,-0.714256786410555,-0.36916948978388103,-0.06540324375504455,1.3491714611440182,-1.605897375410895,1.4174811893102888,-0.6731481914146135,-0.25161343649304324,0.029943174645510745,1.3529597953279389,-1.1610318739180596,1.2262991409181605,-0.6907279011413145,-0.2870906481259635,-0.003470860160862384,0.09000117304571391,0.09000117304571391,0.0,-0.1362523560123865,-0.05321709353359938,0.052278902411268535,0.0007460867157430981,0.32144773252238584,-2.666898956168479,0,1.7575511794981018
17.77984000000047,1.5640776741021234,-1.2087993582963061,1.0696462508852909,-0.7146094327787854,-0.3692800660557206,-0.06516572124838026,1.568005780919354,-0.8280862808666989,0.7145772004866767,-0.6102871762596174,-0.4408113286893075,-0.2702691312433419,1.4592145782200976,-0.9954727898006744,0.9698714826553013,-0.6503515462279892,-0.36434146882558716,-0.13639355298806977,0.09000117304571391,0.09000117304571391,0.0,-0.13256839369589346,-0.051456919636934884,0.052141861319996596,0.0007553165592016124,0.3216003101903802,-2.6670049690140853,0,1.7541915591860033
17.784000000000468,1.5610987300096653,-1.2103384551872394,1.069375714062228,-0.7149465821899716,-0.36938325382399445,-0.06492883753507313,1.9577102272725906,-1.5100960861853912,1.0827067812119502,-0.9463476882935358,-0.3986294528469096,-0.03312132007703032,1.7064980850322273,-1.2536172773215275,1.0262200762976874,-0.7986046158283308,-0.3814348939840006,-0.08430541363077898,0.09000117304571391,0.09000117304571391,0.0,-0.128914070174023,-0.049711116479475126,0.05200441845070408,0.0007642970069992091,0.32174596788360477,-2.6671094908900077,0,1.7508305428840079
17.788160000000467,1.5581184451563832,-1.2118779515048388,1.0691061615859467,-0.7152683647876741,-0.3694791162238355,-0.06469259430751166,1.422364793959583,-1.3927070183220873,0.721838631728176,-0.48175410467075563,-0.45309169489438605,0.053362395311540356,1.5634283208855224,-1.3241035883742551,0.874137277693567,-0.6406343716761143,-0.41819646826120743,-0.015028983722665996,0.09000117304571391,0.09000117304571391,0.0,-0.12528918877077921,-0.04797958811082448,0.051866588589508766,0.000773031553531514,0.321884763790683,-2.667212545284289,0,1.7474682011498515
17.792320000000466,1.5551368830320282,-1.2134178169880259,1.0688375907809788,-0.7155749098452164,-0.3695677159648965,-0.06445699319232097,1.8527990804752072,-1.2739834995073904,1.2568424681167982,-0.7639099053313713,-0.4177239154396406,-0.06449219154704161,1.7065261005871435,-1.299912083571858,1.0653584336431778,-0.701920645910357,-0.4179425458740891,-0.03976927257677574,0.09000117304571391,0.09000117304571391,0.0,-0.12169355401521864,-0.04626223917203409,0.051728386280038174,0.0007815236752751157,0.3220167557109802,-2.6673141553029214,0,1.7441046039452406
17.796480000000464,1.5521541065913167,-1.2149580216352502,1.0685699989653479,-0.7158663457707626,-0.3696491153338537,-0.06422203575143572,1.66264439491853,-0.49991003440567006,1.2257915562558617,-0.7029370300102167,-0.3735473802375491,-0.08195519992951954,1.6831223306546006,-0.9006829877550881,1.1454047419741764,-0.7021780275393826,-0.39547897124278586,-0.060421410256900884,0.09000117304571391,0.09000117304571391,0.0,-0.118126971633844,-0.04455897489149263,0.05158982582603633,0.000789776829873582,0.32214200105687973,-2.667414343676127,0,1.7407398206398441
17.800640000000463,1.5491701782575151,-1.2164985357027374,1.0683033834508346,-0.7161428001123664,-0.3697233761968957,-0.06398772348316155,1.6955709432682264,-0.9339013353176597,1.2574896905015363,-0.7725780340529473,-0.38413704798568493,-0.16142788341428593,1.6877400974807606,-0.9180915662508919,1.2011108591595636,-0.7375241394487004,-0.38972295791037254,-0.11025650638270139,0.09000117304571391,0.09000117304571391,0.0,-0.11458924854522334,-0.04286970108230115,0.051450921294837804,0.0007977944552706191,0.322260556856048,-2.667513132764535,0,1.7373739200152647
17.804800000000462,1.5461851599260026,-1.2180393297027465,1.0680377415432378,-0.7164043995630054,-0.3697905600022043,-0.06375405782322147,1.9722787850668955,-1.131378232123794,1.1908317619369755,-0.6962299935364922,-0.352946765592404,-0.03499001889615795,1.8285641573121316,-1.0254710087222703,1.1958982999699772,-0.7172947208961885,-0.37109772623024545,-0.0725509383726469,0.09000117304571391,0.09000117304571391,0.0,-0.11108019285266324,-0.04119432413899793,0.05131168652106938,0.0008055799688885488,0.322372479753691,-2.667610544565256,0,1.7340069702689873
17.80896000000046,1.5431991129678126,-1.2195803744018399,1.0677730705426305,-0.7166512699655888,-0.36985072778242384,-0.06352104014578606,1.8475412652088643,-1.3819902037144776,0.8103033943093583,-0.6537867965949405,-0.3624186375807852,-0.02173523592994516,1.8366939601997576,-1.204487597014973,1.0030507074421846,-0.686012991366478,-0.3664337670713946,-0.04607270358819895,0.09000117304571391,0.09000117304571391,0.0,-0.10759961383803551,-0.039532751034059066,0.05117213510993701,0.0008131367668510086,0.3224778260148005,-2.667706600717857,0,1.7306390390183022
17.81312000000046,1.5402120982331546,-1.2211216408191612,1.0675093677436118,-0.7168835363179452,-0.36990394015711864,-0.06328867176448946,1.4389123844397051,-1.0479953255987124,1.0035714843020132,-0.6375266586338911,-0.22069341732241846,-0.02524696543557295,1.6364750189689365,-1.1266997487760348,1.0032590255535572,-0.6620936521287367,-0.2934062416674873,-0.0358722502556653,0.09000117304571391,0.09000117304571391,0.0,-0.10414732195526444,-0.03788488931481482,0.051032280440954314,0.0008204682232482222,0.32257665152639015,-2.6678013225102406,0,1.7272701933042076
17.81728000000046,1.537224176054914,-1.2226631002247246,1.067246630435556,-0.7171013227777882,-0.36995025733521975,-0.06305695393342907,1.605925241916754,-0.866789280590383,1.1024051308049894,-0.5917423185880536,-0.43264906623521093,0.15619541078977134,1.6199682789735708,-0.9976417540499181,1.0531579663503905,-0.6265229591569312,-0.3634223476117745,0.059999032877916074,0.09000117304571391,0.09000117304571391,0.0,-0.10072312882379286,-0.0362506471005718,0.05089213567018519,0.0008275776894428406,0.3226690117997218,-2.6678947308844196,0,1.7239004995952876
17.821440000000457,1.534235406252132,-1.224204724137714,1.0669848559028552,-0.7173047526676594,-0.3699897391174622,-0.0628258878481554,1.6766127944022924,-1.0661167778403244,0.27436342447960815,-0.8322584072276131,-0.3161846020173388,-0.09370796370111836,1.6465589964161333,-1.0325372719491106,0.6635611381465595,-0.7289623722888423,-0.3398680049964146,-0.01723034418188758,0.09000117304571391,0.09000117304571391,0.0,-0.09732684722234608,-0.03462993307886797,0.050751713734424164,0.0008344684934160089,0.3227549619725222,-2.667986846442204,0,1.7205300237915673
17.825600000000456,1.5312458481334659,-1.2257464843247925,1.0667240414251609,-0.717493948479851,-0.3700224448988087,-0.0625954746466438,2.1828792847705527,-1.0808043117373431,1.2947125913650817,-0.6696657271112432,-0.2425552302036196,0.008869394183637955,1.9133299272517639,-1.0571757593435118,0.9791575101174397,-0.6992788882471637,-0.29115921416932516,-0.003115073586010114,0.09000117304571391,0.09000117304571391,0.0,-0.09395829108246567,-0.033022656502894265,0.05061102735367767,0.0008411439391513294,0.32283455681118933,-2.66807768945079,0,1.717158831228347
17.829760000000455,1.5282555605006272,-1.227288352798421,1.0664641842776181,-0.717669031881306,-0.37004843367086504,-0.06236571541025527,1.6976655188348793,-1.1950369431784673,1.4688281976992896,-0.8296870063590696,-0.336717809546358,-0.029479789900154277,1.8037699071018147,-1.1268077933523701,1.2239341034707492,-0.764194749543831,-0.313880700534356,-0.015882322167073363,0.09000117304571391,0.09000117304571391,0.0,-0.09061727548201826,-0.03142872718783718,0.050470089035155485,0.0008476073060559729,0.32290785071298933,-2.6681672798482587,0,1.7137869866800113
17.833920000000454,1.5252646016518001,-1.228830301815189,1.0662052817310987,-0.717830123718495,-0.3700677640242821,-0.062136611164679986,1.8165577599861171,-1.1323175263479888,1.2769025920994115,-0.5769828453285675,-0.39453370830804046,-0.01609154163078496,1.8089624417033425,-1.130384741293995,1.2503852509344813,-0.6699402022631373,-0.35351720533305,-0.01598809238043149,0.09000117304571391,0.09000117304571391,0.0,-0.08730361663879416,-0.029848055507959215,0.05032891107534859,0.0008538618484172577,0.32297489770824295,-2.668255637248982,0,1.710414554363816
17.838080000000453,1.5222730293850406,-1.230372303874152,1.0659473310524283,-0.717977344022272,-0.37008049415114797,-0.061908162880871594,1.0197803877242313,-1.5994026283025489,1.1200071250309476,-0.7676007326937173,-0.4519158296456321,-0.21884714147490195,1.4127707064044077,-1.365838988937387,1.184739544569497,-0.7194379487358894,-0.4017243010091867,-0.1171471905056272,0.09000117304571391,0.09000117304571391,0.0,-0.0840171319045111,-0.028280552393562086,0.050187505564257745,0.0008599107948939527,0.32303575146250213,-2.6683427809489406,0,1.7070415979436553
17.84224000000045,1.5192809010016544,-1.2319143317151828,1.0656903295046118,-0.7181108120127093,-0.3700866818473694,-0.06168037147596325,1.4482543342277472,-0.8152015732581528,1.1674606986915135,-0.5946384954500844,-0.41517451346129663,-0.09277202624136165,1.4292757288616555,-1.0913802052925778,1.1759061962349935,-0.6569457179743635,-0.40833969930830716,-0.10455660447521185,0.09000117304571391,0.09000117304571391,0.0,-0.08075763975826478,-0.026726129327727444,0.05004588438663882,0.0008657573480404271,0.32309046527871677,-2.668428729930955,0,1.7036681805338025
17.84640000000045,1.5162882733095548,-1.2334563583173288,1.0654342743470528,-0.7182306461039094,-0.3700863845150419,-0.061453237814177886,1.7910870271770538,-1.743208114735294,1.6330049975754846,-0.6084606287167857,-0.3139061250964369,-0.09350296279971837,1.6089188370423009,-1.4179519597013601,1.4042628298008317,-0.6329503726334428,-0.3609736791577645,-0.09831779065189658,0.09000117304571391,0.09000117304571391,0.0,-0.07752495980017282,-0.025184698343260647,0.049904059227109415,0.000871404683863268,0.3231390920993913,-2.668513502869828,0,1.7002943647026323
17.85056000000045,1.5132952026266016,-1.234998356897182,1.0651791628357707,-0.7183369639087941,-0.37007965916480823,-0.06122676270771656,2.3090893080303068,-1.408507260372621,0.7539642179462873,-0.7764817740134888,-0.41378056896333304,-0.00176347096467043,1.9573923481702322,-1.4140903831419587,1.079106566120878,-0.7039547086107162,-0.3872835130517796,-0.050652987354215175,0.09000117304571391,0.09000117304571391,0.0,-0.0743189127452113,-0.023656172019517197,0.049762041571632304,0.000876855951408586,0.3231816845087317,-2.6685971181374053,0,1.6969202124763174
17.854720000000448,1.5103017447839187,-1.236540300907258,1.064924992223614,-0.7184298822438725,-0.3700665624182066,-0.06100094691764009,1.845934497237737,-1.422889989319508,1.6717619816295808,-0.7628565402074703,-0.22245107037406248,0.21291555251520344,1.9000755590440197,-1.4189523952125662,1.375878353019644,-0.7332266679025192,-0.3051395805365047,0.08252139771623443,0.09000117304571391,0.09000117304571391,0.0,-0.07113932041713933,-0.022140463479327632,0.049619842710719064,0.0008821142723789543,0.32321829473478164,-2.668679593807549,0,1.693545785342506
17.858880000000447,1.5073079551291937,-1.238082164034383,1.0646717597604691,-0.7185095171339878,-0.3700471505100073,-0.06077579115473668,1.3708464895487982,-1.561422713933852,1.31487823489108,-0.7371814999644711,-0.31798932256288687,0.09564069705470875,1.633925118311393,-1.490849206798554,1.3455766231076998,-0.7357391708269883,-0.3119258168404431,0.08916380915966286,0.09000117304571391,0.09000117304571391,0.0,-0.06798600574219105,-0.020637486386231974,0.0494774737424315,0.0008871827407793082,0.32324897465154945,-2.6687609476610317,0,1.6901711442539764
17.863040000000446,1.504313888529956,-1.2396239201980936,1.0644194626934675,-0.7185759838170411,-0.3700214792905395,-0.060551296080376495,1.5219944453182672,-1.6883381848672725,1.1565073234432428,-0.5926930303489226,-0.3753525397121718,-0.12214734840452843,1.5767276909639958,-1.5903774339277594,1.2507859242357446,-0.6649352745079814,-0.34284952142569686,-0.016159403954112084,0.09000117304571391,0.09000117304571391,0.0,-0.06485879274263806,-0.01914715494106478,0.04933494557496604,0.0008920644225905803,0.32327377578112476,-2.66884119719035,0,1.6867963496322687
17.867200000000445,1.5013195993768365,-1.2411655435490436,1.0641680982671868,-0.7186293967486929,-0.3699896042280059,-0.06032746230735489,0.9664412626946053,-1.5466227644639403,1.453678226118246,-0.6362482289381829,-0.4376899372912994,0.04293762568235733,1.270257959902055,-1.5694090892888064,1.3523220149134916,-0.6511375776130705,-0.39078588025454614,0.013764715345261701,0.09000117304571391,0.09000117304571391,0.0,-0.06175750653086931,-0.017669383878848977,0.049192268929890565,0.0008967623554698061,0.32329274929578516,-2.6689203596044555,0,1.6834214613712963
17.871360000000443,1.498325141586807,-1.2427070084674219,1.0639176637238505,-0.7186698696070425,-0.36995158041078585,-0.06010429040072149,0.759298872434255,-1.9912353512845486,1.0539164389596556,-0.6786826113744142,-0.3765233363924877,0.11882246062372312,1.0133632500641994,-1.781107093856475,1.203364514987687,-0.664932085617954,-0.38424970772818107,0.0661768108078793,0.09000117304571391,0.09000117304571391,0.0,-0.05868197330345071,-0.016204088466109434,0.04904945434410843,0.0009012795484760979,0.32330594602009266,-2.6689984518334127,0,1.680046538840934
17.875520000000442,1.4953305686064018,-1.2442482895613791,1.063668156303523,-0.7186975152972878,-0.36990746254972906,-0.05988178087860066,1.2606950623166386,-0.8615086016057487,0.7158267394388835,-0.516047979030146,-0.31509675095862805,-0.27220640197485513,1.1359563803235828,-1.3219542525882424,0.9590263920311732,-0.5899505424531397,-0.3509049126824527,-0.10316516143946622,0.09000117304571391,0.09000117304571391,0.0,-0.05563202033462966,-0.01475118449764179,0.0489065121735435,0.0009056189818210995,0.32331341643298034,-2.6690754905329745,0,1.6766716408905877
17.87968000000044,1.4923359334149169,-1.2457893616654643,1.0634195732443024,-0.7187124459563597,-0.3698573049804374,-0.05965993421299589,0.9242755019897211,-1.248620168997333,1.47139368822684,-0.6080353181353708,-0.380714116807054,-0.006081930150514746,1.0288504281279318,-1.2860788963523373,1.21520032079583,-0.5993110334658382,-0.3656516075685314,-0.05431510841965453,0.09000117304571391,0.09000117304571391,0.0,-0.05260747597024995,-0.013310588293592551,0.04876345259469711,0.000909783606643594,0.32331521066982905,-2.669151492089087,0,1.673296825852738
17.88384000000044,1.4893412885275938,-1.2473301998390707,1.0631719117825082,-0.7187147729575364,-0.36980116166553606,-0.05943875083058721,1.549376587069005,-1.1629870865230354,1.3290602344254994,-0.6966437527820538,-0.4794410337627645,0.17053304814591136,1.2876671048758759,-1.2255287512654343,1.2724875156771365,-0.647468030609934,-0.4228286153834665,0.057259099029033755,0.09000117304571391,0.09000117304571391,0.0,-0.049608169622286535,-0.01188221669631584,0.04862028560835324,0.0009137763448069465,0.3233113785245339,-2.669226472622317,0,1.6699221515464677
17.88800000000044,1.4863466859987813,-1.2488707793648912,1.0629251691528687,-0.7187046069150362,-0.36973908619693313,-0.05921823111351261,1.6246964601478793,-1.6359806369179304,1.401146034805962,-0.8411266592860519,-0.10291620580867367,-0.11173218966650535,1.454435231576791,-1.4309723475033314,1.3365838610475054,-0.7445781063217426,-0.26254736754526703,-0.026545453061702598,0.09000117304571391,0.09000117304571391,0.0,-0.04663393176197239,-0.010465987067541316,0.048477021040941176,0.0009176000887182776,0.323301969451561,-2.6693004479922067,0,1.6665476752809634
17.892160000000437,1.4833521774250789,-1.2504110757473832,1.0626793425887016,-0.718682057688587,-0.36967113179806893,-0.05899837540014318,1.3150220372473487,-1.9247159836710357,1.2049290324365547,-0.7878051151660348,-0.42798757363329765,-0.15298765657942426,1.3830897233979713,-1.6787382086913984,1.2704367953546973,-0.7665140036283488,-0.34507106661832593,-0.08950830215212378,0.09000117304571391,0.09000117304571391,0.0,-0.04368459391429713,-0.009061817285319074,0.04833366854847418,0.0009212577011693723,0.32328703256799396,-2.669373433801559,0,1.6631734538589984
17.896320000000436,1.4803578139484623,-1.2519510647112422,1.062434429322094,-0.718647234387974,-0.36959735132615384,-0.05877918398584132,1.5928118567203786,-1.623903432843493,1.272934061598235,-0.7755701718132461,-0.33364381681103084,-0.08848052009579423,1.486338874182767,-1.6520134200541308,1.2715020480512869,-0.7709357127682018,-0.33983248762452894,-0.0893017351283014,0.09000117304571391,0.09000117304571391,0.0,-0.040759988652056434,-0.007669625741168917,0.04819023761793215,0.0009247520151976702,0.32326661665557055,-2.669445445400649,0,1.6597995435803956
17.900480000000435,1.477363646259389,-1.2534907221998854,1.0621904265840785,-0.7186002453775672,-0.36951779727439577,-0.05856065712371259,1.8768114098676172,-1.6273181943523758,0.463160843378458,-0.7234466106862341,-0.35510672269164517,-0.14086367833332428,1.6800733957816947,-1.640404361199726,0.8670327649323993,-0.7473237003632146,-0.34741325701989195,-0.11506398414608102,0.09000117304571391,0.09000117304571391,0.0,-0.0378599495895644,-0.006289331337006487,0.048046737570363623,0.0009280858339669343,0.32324077016270947,-2.669516497891368,0,1.656426000245467
17.904640000000434,1.4743697245998857,-1.2550300243739447,1.0619473316048063,-0.7185411982808249,-0.36943252177421615,-0.05834279502534417,1.9981085308389097,-0.9805213115596436,1.1551499370072182,-0.6967226557710532,-0.3370228548100451,0.02197925476522513,1.8376425986360065,-1.311157802402105,1.0111399518003,-0.7213401272507782,-0.34289871271907596,-0.046968753262382305,0.09000117304571391,0.09000117304571391,0.0,-0.03498431137709379,-0.004920853482167198,0.04790317756271406,0.0009312619306668403,0.3232095412065269,-2.6695866061312987,0,1.6530528791584325
17.908800000000433,1.4713760987666158,-1.2565689476097675,1.0617051416137164,-0.7184701999847766,-0.36934157659745476,-0.05812559786153503,1.1877638048744963,-1.4736313122144649,0.9896316164605556,-0.6936604104222657,-0.42315163862739313,0.1238955944901994,1.5112571823208936,-1.3932764782733078,1.0006439366570168,-0.7081374885231484,-0.382711838672285,0.03816215681648728,0.09000117304571391,0.09000117304571391,0.0,-0.03213290969454974,-0.0035641120908478374,0.04775956659137484,0.0009342830484303745,0.32317297757484353,-2.6696557847377225,0,1.649680235130822
17.91296000000043,1.4683828181139305,-1.258107468497928,1.0614638538397039,-0.7183873566444834,-0.36924501315856517,-0.05790906576301095,1.7691584657485442,-1.0857931741340525,0.9673494021847678,-0.7644551519145799,-0.39684424217597913,-0.05633606875491526,1.6386180131961756,-1.2403574353576798,0.9838789710794494,-0.7355373033202136,-0.39009627156280696,-0.008942437252699718,0.09000117304571391,0.09000117304571391,0.0,-0.029305581245979706,-0.0022190275786854174,0.04761591349296068,0.0009371519002691182,0.32313112672818134,-2.6697240480915614,0,1.6463081224848493
17.91712000000043,1.4653899315568992,-1.259645563841748,1.0612234655112824,-0.7182927736874768,-0.3691428825167973,-0.057693198821135605,1.0854573549725417,-0.8138942842341699,1.0841602931404073,-0.6637072241167175,-0.23430338049210478,-0.11938017225295486,1.3606526742360332,-1.027610421154145,1.0337714327273961,-0.699315562006263,-0.3121129943834442,-0.06386870853620699,0.09000117304571391,0.09000117304571391,0.0,-0.026502163753424623,-0.0008855208601799003,0.047472226948303636,0.0009398711690248588,0.32308403580175027,-2.6697914103412552,0,1.6429365950567747
17.92128000000043,1.4623974875743235,-1.2611832106558247,1.0609839738567466,-0.7181865558181757,-0.36903523537836996,-0.057477997088604536,1.646019724580102,-0.9230111169327486,1.0822465346447234,-0.7773015006723563,-0.41512757587763266,-0.1343418550379046,1.5017208074667014,-0.9761735608085975,1.0577294064919363,-0.7380033546695672,-0.3635798308188077,-0.0988655223657719,0.09000117304571391,0.09000117304571391,0.0,-0.02372249595139131,0.00043648665421092137,0.0473285154834627,0.0009424435073371125,0.3230317516074256,-2.6698578854065733,0,1.6395657062002391
17.925440000000428,1.4594055342117307,-1.262720386164569,1.0607453761043293,-0.7180688070222824,-0.3689221220986332,-0.05726346058013444,1.334531104917488,-1.2335315453355788,1.519629354873339,-0.7598082733443073,-0.546162802836903,-0.09917959167184767,1.416543784494998,-1.105990220020768,1.2884761819597803,-0.748605001886853,-0.4549253356705497,-0.09895512455691728,0.09000117304571391,0.09000117304571391,0.0,-0.020966417580559282,0.0017470730608797336,0.04718478747287966,0.0009448715376263975,0.3229743206357149,-2.6699234869823663,0,1.6361955087895839
17.929600000000427,1.456414119084351,-1.2642570678007532,1.0605076694823579,-0.7179396305711545,-0.3688035926842191,-0.05704958927313872,1.7624163794745726,-1.1872285195737111,1.1307064000260179,-0.6690896218524617,-0.35903885847115485,-0.027225109374047932,1.5880895976633516,-1.1473570713407513,1.209532500649845,-0.7082669210171183,-0.4068234472641779,-0.06258554041020574,0.09000117304571391,0.09000117304571391,0.0,-0.018233769382538068,0.0030463159662076356,0.04704105114083318,0.0009471578520919545,0.32291178905771545,-2.669988228542252,0,1.632826055223145
17.933760000000426,1.4534232893800754,-1.2657932332040664,1.0602708512194061,-0.7177991290261583,-0.3686796967951815,-0.05683638310839647,0.7150752811496657,-1.2376783348053835,1.1431619699733435,-0.7356613220223405,-0.2523156583121787,0.12025149035322136,1.15004687505071,-1.1930438425317107,1.1765969643550025,-0.7222983224606084,-0.32924371315320344,0.02878575527389081,0.09000117304571391,0.09000117304571391,0.0,-0.015524393093750755,0.004334292489282854,0.04689731456461191,0.0009493050127235853,0.32284420272706144,-2.6700521233422436,0,1.6294573974265323
17.937920000000425,1.4504330918623962,-1.2673288602196795,1.0600349185444449,-0.7176474042429978,-0.36855048374712474,-0.056623841990707774,1.3854529503051791,-1.522670604733073,0.8924787880857626,-0.8449300085838339,-0.37108526786834717,0.34282034921604854,1.2659934698740722,-1.3586318777997255,1.0352498802319943,-0.7832888537990926,-0.34992088772249974,0.18533300003714942,0.09000117304571391,0.09000117304571391,0.0,-0.012838131439728118,0.005611079264415286,0.04675358567555754,0.0009513155513269681,0.3227716071818618,-2.6701151844243185,0,1.626089586855885
17.942080000000423,1.4474435728733295,-1.2688639268968183,1.0597998686869885,-0.7174845573760231,-0.3684160025133233,-0.05641196578954409,1.7649425335967344,-1.1116317675518281,1.120083846981804,-0.8585984596353325,-0.4328801348494064,0.07303177532874726,1.513684849090603,-1.236030723135746,1.077818794193836,-0.8205617497554762,-0.39127462772040195,0.12946221084381376,0.09000117304571391,0.09000117304571391,0.0,-0.010174828129703606,0.006876752444300749,0.046609872262468044,0.0009531919695622051,0.3226940476466278,-2.670177424619925,0,1.622722674501109
17.946240000000422,1.444454778336319,-1.2703984114873468,1.0595656988772397,-0.7173106888825183,-0.368276301726829,-0.056200754339683974,1.1643574489774495,-1.4668310431995941,0.8958958885698359,-0.751353335350962,-0.3484111409217855,0.05438205426714957,1.3374568450819033,-1.352157858256524,0.9869694386273995,-0.7864108462804481,-0.36952104468388525,0.0918032853998651,0.09000117304571391,0.09000117304571391,0.0,-0.007534327850550859,0.008131387702980275,0.04646618197287153,0.0009549367389943937,0.3226115690341909,-2.6702388565534334,0,1.6193567108890943
17.95040000000042,1.4414667537591235,-1.2719322924443575,1.059332406346232,-0.7171258985269656,-0.36813142968256707,-0.05599020744184303,1.5467208917287254,-1.1528206308793254,1.4547102661699864,-0.7320619151653946,-0.2742455180406353,-0.0877070242182743,1.4405675998404377,-1.2530573836340495,1.2206604719116678,-0.7592084052190808,-0.32231673141408224,0.0021680174559141753,0.09000117304571391,0.09000117304571391,0.0,-0.004916476261237479,0.00937506023795387,0.04632252231494782,0.0009565523011559605,0.3225242159476114,-2.670299492645531,0,1.6159917460869124
17.95456000000042,1.4384795442366847,-1.2734655484207718,1.0590999883259682,-0.7169302853852891,-0.3679814343394238,-0.05578032486329529,1.5366680887734088,-1.2095796988686724,0.8735063070753069,-0.7580895256730028,-0.39464132315609746,-0.02367072944354049,1.4870424711823536,-1.2321387946525029,1.0470311397941405,-0.7590137808104888,-0.3586113555086025,-0.010467900710541619,0.09000117304571391,0.09000117304571391,0.0,-0.002321119987259035,0.010607844773797726,0.046178900660313854,0.0009580410676208267,0.32243203268207643,-2.670359345116559,0,1.612627829704994
17.95872000000042,1.4354931944539802,-1.2749981582679482,1.0588684420495578,-0.7167239478490771,-0.3678263633223208,-0.055571106338482563,1.700877640560912,-1.812092936975597,0.8695563877179273,-0.683825909573581,-0.31323753592364456,-0.3813412948661321,1.5925376660931247,-1.5227714432390111,0.9574988562176018,-0.720680271446686,-0.3359301153361393,-0.19564676071059853,0.09000117304571391,0.09000117304571391,0.0,0.00025189338472753064,0.011829815564295632,0.04603532424596274,0.0009594054200888311,0.32233506322678873,-2.6704184259897947,0,1.6092650109002873
17.962880000000418,1.432507748688856,-1.2765301010342993,1.058637764751351,-0.7165069836297835,-0.3676662639242803,-0.055362551569615163,1.5423955239919567,-1.527861503254347,1.0573676586072505,-0.6198933278451373,-0.29590386522539336,-0.1320681408835676,1.5661753252445865,-1.5259312438725547,1.0071594474146013,-0.6695436946242022,-0.3162736488640556,-0.16395242645539995,0.09000117304571391,0.09000117304571391,0.0,0.00280271531314491,0.013041046395432798,0.04589180017556738,0.0009606477104807325,0.32223335126684577,-2.6704767470946833,0,1.6059033383793966
17.967040000000416,1.4295232508148439,-1.278061355963918,1.0584079536670707,-0.7162794897629056,-0.36750118310847946,-0.05515466022726677,1.497417376150608,-0.9626562428037871,0.5733444736337237,-0.8845968594361822,-0.36190170173910235,-0.060461441688744386,1.5299576473458254,-1.24504392195963,0.7901242854170403,-0.7778804299577663,-0.3384235435307123,-0.1127513953277299,0.09000117304571391,0.09000117304571391,0.0,0.005331496306365535,0.014241610588291764,0.04574833542207443,0.0009617702610430098,0.322126940185109,-2.6705343200700096,0,1.6025428604017025
17.971200000000415,1.42653974430396,-1.279591902495211,1.0581790060339418,-0.7160415626121431,-0.367331167510293,-0.05494743195095796,1.8930479089978214,-1.1534546184321277,0.5792948844769709,-0.7787528460506217,-0.29741507338437684,-0.07046869615723499,1.7098841040619597,-1.1998673897664847,0.6845616349514282,-0.7776282256383653,-0.31785184069971506,-0.09165992974894843,0.09000117304571391,0.09000117304571391,0.0,0.007838385928665037,0.015431581001422612,0.04560493682987954,0.0009627753644620234,0.32201587306406354,-2.670591156367024,0,1.599183624782462
17.975360000000414,1.423557272229487,-1.2811217202595415,1.0579509190908178,-0.7157932978735342,-0.3671562634393269,-0.05474086634973024,1.7701025779496038,-1.6231217408577177,0.9581692009711053,-0.7640610797020735,-0.360326613851772,-0.034628553994631106,1.7384048518955726,-1.4122468793638716,0.8212926768056574,-0.7709966558305051,-0.3391425425453546,-0.06188360777028374,0.09000117304571391,0.09000117304571391,0.0,0.01032353280566145,0.01661103003386255,0.0454616111159393,0.0009636652839871654,0.3219001926876678,-2.6706472672525137,0,1.5958256788958902
17.979520000000413,1.4205758772687387,-1.2826507890798808,1.0577236900783065,-0.7155347905795701,-0.36697651688144023,-0.05453496300271494,1.7117182729941125,-1.5225359273642514,0.7924716968277119,-0.6558076452276008,-0.35630294869558476,-0.15787804672737776,1.7236967884081815,-1.4681328101128983,0.8065544865417023,-0.7131563673872349,-0.3479451209410234,-0.11029933175012327,0.09000117304571391,0.09000117304571391,0.0,0.012787084629448664,0.017780029627630367,0.045318364872173195,0.0009644422535624343,0.32177994154319406,-2.6707026638118223,0,1.5924690696782215
17.983680000000412,1.4175956017058082,-1.2841790889694673,1.057497316238891,-0.7152661351032906,-0.366791973500757,-0.05432972145969167,1.0929801931135077,-1.4037179093195264,0.9061583612584289,-0.6171961728491171,-0.22503237638980753,0.06861166681647983,1.4070504791093017,-1.4363937816813424,0.8564995656327274,-0.6652554269979962,-0.28610621464368713,-0.02072761208249741,0.09000117304571391,0.09000117304571391,0.0,0.015229188164603835,0.018938651270655305,0.04517520456744581,0.0009651084779660525,0.3216551618230595,-2.670757356951823,0,1.5891138436307544
17.98784000000041,1.4146164874342984,-1.2857066001304742,1.057271794817051,-0.7149874251623551,-0.3666026786416668,-0.05412514124163803,1.2499049378565923,-1.1625417957671365,0.7167761615059269,-0.7501338801292292,-0.6010150814379629,-0.2076310868910285,1.3269161163287204,-1.3007163519330247,0.7862047051164415,-0.7075757945827086,-0.44335508102032994,-0.11401634703459919,0.09000117304571391,0.09000117304571391,0.0,0.01764998925314165,0.020086965999181694,0.045032136548913804,0.0009656661329579676,0.3215258954266468,-2.6708113574038395,0,1.5857600468228745
17.99200000000041,1.4116385759600354,-1.287233302952686,1.057047123059379,-0.7146987538230953,-0.36640867733081595,-0.05392122184127325,1.3816896647546073,-0.7683595803672129,0.4950326974894359,-0.6338650014911955,-0.30299616571494686,-0.008435734403140327,1.3529840735101788,-1.0351638655828896,0.6405985420260971,-0.6703502745708396,-0.3734724403989483,-0.06095596781628735,0.09000117304571391,0.09000117304571391,0.0,0.020049632820234864,0.02122504440060835,0.04488916704487733,0.0009661173654345501,0.3213921839621163,-2.670864675726522,0,1.5824077248950619
17.99616000000041,1.4086619084037664,-1.288759178012182,1.0568232982146974,-0.7144002135045451,-0.36621001427908717,-0.0537179627235895,1.8856419689869444,-1.3218457444939178,0.99599413308938,-0.7545241425465533,-0.41206453220581285,-0.11817663387504429,1.6177463457330972,-1.1793633638529804,0.8180529899392646,-0.7119439985804016,-0.3930206057614975,-0.08954795647804911,0.09000117304571391,0.09000117304571391,0.0,0.022428262879416128,0.022352956616122355,0.04474630216507164,0.0009664642935900086,0.3212540687482077,-2.670917322308672,0,1.5790569230618776
18.000320000000407,1.4056865255038395,-1.2902842060700304,1.056600317534171,-0.71409189598245,-0.36600673388356925,-0.053515363326381564,1.6096643523263798,-1.255671329418331,0.8298992785470944,-0.6575981316453053,-0.35610549310205153,-0.017127985548792024,1.6123371022367348,-1.2182585000320307,0.8239413153538163,-0.6845796747225896,-0.3745988909947524,-0.053690696806903165,0.09000117304571391,0.09000117304571391,0.0,0.024786022537903962,0.023470772343235025,0.044603547903744656,0.0009667090070847486,0.32111159081603285,-2.6709693073720233,0,1.575707686114932
18.004480000000406,1.4027124676188676,-1.2918083680709866,1.0563781782714177,-0.7137738923932562,-0.3657988802295164,-0.05331342306076319,1.3654198185971151,-0.42072934494723324,1.0105373954034167,-0.8374743724778938,-0.4114381725242064,-0.12270592522456183,1.4871349497272877,-0.8203443859600091,0.9169850073647471,-0.7610842814822708,-0.3928888738036175,-0.08798763232302757,0.09000117304571391,0.09000117304571391,0.0,0.027123054002266667,0.024578560838432018,0.04446091014081785,0.0009668535672197028,0.3209647909108589,-2.6710206409739774,0,1.572360058425835
18.008640000000405,1.3997397747303757,-1.2933316451422046,1.056156877682619,-0.7134462932380762,-0.36558649709229724,-0.053112141311678206,1.2366938234556195,-0.8943635866351671,1.0942466514783673,-0.7329030217200093,-0.2538686113117891,-0.09354106129473702,1.3603885134824967,-0.8578816409694533,1.005422873582906,-0.7471379271304084,-0.32382164149761894,-0.09094019913802431,0.09000117304571391,0.09000117304571391,0.0,0.029439498583033075,0.02567639092004592,0.044318394643265785,0.00096690000711661,0.3208137094938819,-2.671071333010291,0,1.5690140839491296
18.012800000000404,1.3967684864454313,-1.2948540185919517,1.0559364130266256,-0.7131091883866377,-0.3653696279393321,-0.05291151743840546,1.9821264612789975,-1.4914716538296215,1.0863747101385746,-0.793183879294557,-0.45705193811226785,-0.10367216420289994,1.6696114857940783,-1.1756309869164725,1.0456832427255864,-0.7698921450658981,-0.3907882900512816,-0.0970743193248816,0.09000117304571391,0.09000117304571391,0.0,0.03173549670092357,0.026764330970389105,0.04417600706757194,0.000966850331903723,0.32065838674399105,-2.6711213932177227,0,1.5656698062252035
18.016960000000402,1.3937986419992596,-1.2963754699083352,1.0557167815650628,-0.712762667081207,-0.36514831593202224,-0.052711550775053045,1.3978185982929368,-1.048217255451361,1.0478215712027468,-0.7691472131504412,-0.3861169472666768,-0.21141615550986337,1.5321123594391088,-1.1127255582004751,1.0463127116708761,-0.7690499853034111,-0.3888296144346607,-0.1542519577202145,0.09000117304571391,0.09000117304571391,0.0,0.03401118789095903,0.027842448938855457,0.04403375296133663,0.0009667065189069621,0.3204988625595236,-2.671170831176634,0,1.5623272683831853
18.0211200000004,1.390830280257841,-1.2978959807580337,1.0554979805624334,-0.7124068179404957,-0.36492260392766623,-0.05251224063104542,1.651201338845471,-1.0102593025957551,1.081747698191586,-0.40623995027412596,-0.49499095120557957,0.165321027948179,1.5908128109035808,-1.0625216128611332,1.0643744409937317,-0.5877142046230144,-0.441743515015727,0.005453893772464683,0.09000117304571391,0.09000117304571391,0.0,0.036266710808831926,0.028910812343855286,0.0438916377640339,0.0009664705178455994,0.32033517656001054,-2.671219656313547,0,1.5589865131438232
18.0252800000004,1.3878634397204928,-1.2994155329850394,1.0552800072862183,-0.7120417289635432,-0.36469253448136907,-0.052313586291607,1.3589862958118128,-1.2834678221455802,0.7738921687670548,-0.6780807669845541,-0.48791170048285437,-0.11730276067251122,1.473488201406916,-1.1740104443102,0.9188872444619248,-0.633208338912325,-0.4651426771006055,-0.05589664979064261,0.09000117304571391,0.09000117304571391,0.0,0.038502203235369015,0.029969488276254452,0.043749666809699744,0.0009661442510331644,0.3201673680879125,-2.671267877903662,0,1.5556475828223428
18.0294400000004,1.3848981585224363,-1.3009341086094057,1.0550628590069757,-0.7116674875335809,-0.3644581498479369,-0.05211558701823403,1.7169326027647376,-1.228440673267569,1.2536419213736039,-0.6092116171389246,-0.3188052928782439,0.017249991698582212,1.593944114649975,-1.2018887379031427,1.0863017939425785,-0.6208035206048036,-0.39213120164369913,-0.01884193254134583,0.09000117304571391,0.09000117304571391,0.0,0.04071780208165143,0.031018543400897602,0.043607845327701567,0.0009657296135820788,0.3199954762103467,-2.671315505073333,0,1.5523105193312914
18.033600000000398,1.3819344744373452,-1.3024516898260048,1.0548465329984376,-0.7112841804218755,-0.3642194919837662,-0.05191824204916294,1.2947327411965501,-1.0886072583542812,1.5592113019008995,-0.6138644057952867,-0.35698338661859574,0.008579965004661856,1.4430576954977694,-1.145990804864908,1.3227788567184848,-0.6164599546094796,-0.37403813786900786,-0.005687404505131057,0.09000117304571391,0.09000117304571391,0.0,0.04291364339489889,0.03205804396016931,0.043466178445224934,0.0009652284736128007,0.3198195397208047,-2.6713625468024995,0,1.548975364183358
18.037760000000397,1.3789724248798805,-1.303968259003291,1.0546310265376049,-0.7108918937915497,-0.36397660254871816,-0.05172155059982785,1.1900443821865787,-0.9240369081984754,0.8977538260129913,-0.6047306822061934,-0.2861025724688185,-0.23213265587928458,1.315291889432118,-1.0356076531523926,1.1097811648474067,-0.6108092062905215,-0.32994869605090693,-0.11919690735801274,0.09000117304571391,0.09000117304571391,0.0,0.045089862362767574,0.03308805577553364,0.043324671187840946,0.000964642672466465,0.3196395971408604,-2.671409011927084,0,1.545642158494184
18.041920000000395,1.376012046908208,-1.3054837986820744,1.0544163369048412,-0.710490713201385,-0.3637295229079874,-0.051525511863315325,1.5235047779090454,-1.5395676623757244,0.5270607290643188,-0.7495946472408135,-0.3252461654067985,-0.040513826786288745,1.4178406764678808,-1.288266816296987,0.8183337335176257,-0.6802030839519503,-0.32801628943431405,-0.08040457564280334,0.09000117304571391,0.09000117304571391,0.0,0.04724659331894543,0.034108644251003795,0.04318332848136158,0.0009639740249214824,0.31945568672186964,-2.6714549091413438,0,1.542310942985149
18.046080000000394,1.3730533772265012,-1.3069982915742993,1.0542024613839627,-0.7100807236096024,-0.36347829413395577,-0.051330125010811,1.3034840333031812,-1.051697663442602,1.079596250680173,-0.6871664888817519,-0.386324952191205,-0.0716277770998247,1.3592314584470122,-1.1707845591087989,0.9488171105968738,-0.6832948933746631,-0.3569601421863082,-0.07566765402776353,0.09000117304571391,0.09000117304571391,0.0,0.04938396974790815,0.035119874374697324,0.0430421551543442,0.0009632243194128171,0.3192678464466596,-2.6715002470001887,0,1.5389817579861436
18.050240000000393,1.3700964521874277,-1.3085117205618328,1.053989397262329,-0.7096620093776236,-0.36322295700804097,-0.05113538919203542,1.3318000214925825,-1.0204337047256236,0.6497428197172912,-0.6691727072222491,-0.42661429911736654,0.15563913489192926,1.3441227340026727,-1.0964946205470025,0.7996014383604041,-0.6757758579296609,-0.3921696528778522,0.04004734330341269,0.09000117304571391,0.09000117304571391,0.0,0.051502124290226936,0.03612181072221454,0.04290115593760613,0.0009623953182549453,0.31907611403121017,-2.671545033921458,0,1.535654643438323
18.054400000000392,1.3671413077946202,-1.31002406869526,1.0537771418309305,-0.7092346542738113,-0.3629635520225304,-0.05094130353568136,1.6957831409375057,-1.2560886094115402,0.6321885968220913,-0.625857866230121,-0.43147546514478236,-0.009261446857973706,1.518653875992388,-1.1771899200697462,0.715874691449589,-0.6509373454807313,-0.4119489437076072,0.015343756051450573,0.09000117304571391,0.09000117304571391,0.0,0.05360118874746145,0.03711451745831529,0.04276033546737967,0.000961488757867144,0.31888052692632496,-2.6715892781881614,0,1.5323296388968437
18.05856000000039,1.364187979705132,-1.3115353191926866,1.053565692384473,-0.7087987414771892,-0.3627001193824089,-0.0507478671498378,1.4745339403917241,-1.1272826934821567,0.5380926754801402,-0.6865817094412062,-0.41573867816925164,-0.060015518272919885,1.4951665970796892,-1.1530999962325459,0.6268577721778773,-0.6692705818523781,-0.41417326278227196,-0.022409565752942,0.09000117304571391,0.09000117304571391,0.0,0.05568129408728528,0.03809805834009983,0.04261969828655021,0.0009605063490019539,0.3186811223192944,-2.6716329879506815,0,1.529006783533583
18.06272000000039,1.3612365032318772,-1.3130454554385498,1.053355046221463,-0.7083543535811422,-0.3624326990071733,-0.05055507912240819,1.6495309193177017,-1.638442248596347,0.6279319418698318,-0.7771823240843393,-0.4263575955520493,-0.05360788376666615,1.570733808709074,-1.3966622238281918,0.6272832498183766,-0.7234536956959676,-0.4198348527461131,-0.03795293022966905,0.09000117304571391,0.09000117304571391,0.0,0.05774257044830433,0.03907249671891444,0.04247924884525636,0.0009594497769752626,0.31847793713554884,-2.6716761712289414,0,1.525686116139841
18.06688000000039,1.358286913346056,-1.3145544609824358,1.0531452006442898,-0.7079015725970955,-0.36216133053263894,-0.050362938521525936,1.37644495672234,-0.863789707729782,0.6238891802704599,-0.7468037951461693,-0.2861448015226827,-0.11295717344287409,1.4720347581103377,-1.1308177920209046,0.6253508873335327,-0.7351585455810137,-0.3528146288187578,-0.07527891626932477,0.09000117304571391,0.09000117304571391,0.0,0.059785147144890693,0.040037895543012514,0.04233899150277798,0.0009583207018994953,0.31827100804030295,-2.671718835914537,0,1.5223676751290265
18.071040000000387,1.3553392446795636,-1.3160623195379055,1.0529361529593066,-0.7074404799581757,-0.3618860533127358,-0.05017144439596158,1.1240839693782645,-1.4889219182382116,1.1087194580380348,-0.7068776721932133,-0.3064021353537429,0.08502492266066522,1.2965869250777633,-1.3105089060209878,0.8672145980903653,-0.7211550799050432,-0.32997797120464367,0.0052504563002708175,0.09000117304571391,0.09000117304571391,0.0,0.061809152672567036,0.04099431735990289,0.042198930529002227,0.0009571207589179731,0.3180603714401915,-2.6717609897728316,0,1.5190514985393255
18.075200000000386,1.352393531527385,-1.3175690149813275,1.0527279004769086,-0.706971156522849,-0.3616069064212948,-0.049980595775523495,1.2722247135148812,-0.9582917653946372,1.310500074806819,-0.4999944235186536,-0.25207059544464705,-0.058034620503729234,1.2833653929826194,-1.134921496787048,1.088739561075257,-0.6104533110209137,-0.2913532507150155,-0.026307763321496404,0.09000117304571391,0.09000117304571391,0.0,0.06381471471233602,0.041941824318812215,0.042059070105895296,0.000955851558441706,0.3178460634848955,-2.6718026404450193,0,1.5157376240363536
18.079360000000385,1.3494498078499744,-1.3190745313507184,1.0525204405116109,-0.7064936825785423,-0.36132392865382346,-0.04979039167145215,1.413225353106946,-1.0488917368902129,0.572040151197667,-0.7574731630798944,-0.28821929833386756,-0.0068736829485308085,1.3467224474761978,-1.0925053132849243,0.8303738512196289,-0.6847654192065381,-0.28987750349101926,-0.017509279957535106,0.09000117304571391,0.09000117304571391,0.0,0.06580196013588213,0.04288047817326235,0.04191941432833671,0.0009545146863874838,0.3176281200687598,-2.671843795450152,0,1.5124260889157888
18.083520000000384,1.346508107275619,-1.3205788528445903,1.0523137703821241,-0.7060081378452423,-0.36103715852927204,-0.04960083107681042,1.3179023570407238,-2.2331311047071853,1.3220422125459428,-0.708799530813397,-0.46673156352276596,-0.0648063005270468,1.3308359873542281,-1.6637957230030072,1.0760745467212753,-0.695852514496476,-0.3788969426968356,-0.04013039445667898,0.09000117304571391,0.09000117304571391,0.0,0.06777101501057192,0.04381034028301267,0.041779967206242025,0.0009531117044172686,0.31740657683240164,-2.671884462187134,0,1.509116930105993
18.087680000000383,1.3435684631027895,-1.3220819638208061,1.052107887411429,-0.7055146014790753,-0.3607466342917907,-0.04941191296686476,1.8913672762333882,-0.8112002350628765,0.6364824228891119,-0.6273695277177183,-0.4079253257687299,-0.10116458863159117,1.6098000177157918,-1.2383415229361414,0.8560645228527368,-0.6613143833210923,-0.39291058793361405,-0.07041926894871076,0.09000117304571391,0.09000117304571391,0.0,0.06972200460372369,0.04473147161686608,0.04164073266497961,0.0009516441501793504,0.31718146916431034,-2.6719246479366836,0,1.5058101841706109
18.09184000000038,1.3406309083024734,-1.3235838487954414,1.0519027889268477,-0.7050131520758682,-0.36045239391247563,-0.04922363629946425,1.416397286721293,-1.1031401558693228,1.0287825128235266,-0.7376966841041439,-0.3688596045282249,0.027951849396369417,1.5115629525800431,-1.1715076806882776,0.9424831600139054,-0.6995205158010296,-0.38061250251663425,-0.021381635724213633,0.09000117304571391,0.09000117304571391,0.0,0.07165505338795941,0.045643932754732774,0.041501714547502594,0.0009501135375501052,0.31695283220243825,-2.671964359863263,0,1.5025058873111572
18.09600000000038,1.3376954755204955,-1.3250844924416545,1.0516984722601168,-0.7045038676746889,-0.3601544750911063,-0.04903600001541046,1.5713428971760046,-1.3889124043611403,1.444881311495191,-0.6672574723500048,-0.38095289381869585,-0.13868399205350057,1.5400641595420375,-1.2810036381532497,1.193396152954502,-0.6827623508923457,-0.3809252869250642,-0.07947731746077523,0.09000117304571391,0.09000117304571391,0.0,0.07357028504582308,0.04654778389023684,0.04136291661477498,0.0009485213568771319,0.31672070083578274,-2.672003605016976,0,1.4992040753695857
18.10016000000038,1.3347621970798231,-1.3265838795885623,1.0514949347474551,-0.7039868257613661,-0.35985291525787244,-0.04884900303882506,2.0250634898366666,-1.2967125334731804,1.0284092032858365,-0.7051201992619212,-0.4435395638775075,-0.12283897518209291,1.7811009200009433,-1.2897807248987188,1.1106448915621128,-0.6940990132128041,-0.4122381406890431,-0.1006117504028632,0.09000117304571391,0.09000117304571391,0.0,0.07546782247420158,0.04744308483268844,0.04122434254769877,0.0009468690752230567,0.31648510970595933,-2.672042390335434,0,1.4959047838308404
18.104320000000378,1.3318311049828564,-1.3280819952201253,1.0512921737296321,-0.7034621032719925,-0.35954775157509206,-0.04866264427750916,1.142460044240055,-1.0310206603162941,1.237609473910567,-0.6193387606576011,-0.35360144910567926,-0.05224919867578945,1.4604879633595338,-1.1611347423165272,1.1740198741419388,-0.656799024519495,-0.382740993259835,-0.07666426788461349,0.09000117304571391,0.09000117304571391,0.0,0.07734778778961315,0.048329895010024715,0.041085995948619586,0.0009451581366097921,0.3162460932087663,-2.6720807226455907,0,1.4926080478253945
18.108480000000377,1.3289022309137046,-1.3295788244740374,1.051090186552035,-0.7029297765964055,-0.3592390209389181,-0.04847692262329598,1.3083067830803226,-1.3409767276398783,1.0041124558221644,-0.7043794116775319,-0.37833780462481104,-0.06411406142796525,1.3829301346748533,-1.25184509605158,1.0889322764896672,-0.6800644708713348,-0.3799766146337241,-0.07070530765338456,0.09000117304571391,0.09000117304571391,0.0,0.07921030233233672,0.04920827347026169,0.04094788034112409,0.0009433899622634026,0.3160036854957403,-2.6721186086655493,0,1.489313902131769
18.112640000000376,1.3259756062404477,-1.331074352640625,1.0508889705647333,-0.7023899215816501,-0.3589267599810383,-0.048291836952404105,1.155005023408042,-1.3578904015610627,0.3936975894410011,-0.8042820024590321,-0.3429713526652646,0.06641335453677447,1.2672914453482482,-1.3055806179343847,0.741447711224339,-0.7413691953296235,-0.36207420204072593,-0.0019168853703774948,0.09000117304571391,0.09000117304571391,0.0,0.08105548667151563,0.050078278884663874,0.0408099991728359,0.000941565950859727,0.31575792047570383,-2.6721560550063375,0,1.4860223811790385
18.116800000000374,1.3230512620173835,-1.3325685651617516,1.0506885231225425,-0.701842613535422,-0.3586110050703625,-0.04810738612577857,0.9776157239663673,-1.427074557187861,1.2320243800044484,-0.6634947195650246,-0.5004433743064369,0.1133223265532889,1.1210705161256298,-1.3673688277211888,0.9869746377573082,-0.7019600330145307,-0.43149883601177547,0.055958749666075926,0.09000117304571391,0.09000117304571391,0.0,0.08288346060963647,0.05093996954953106,0.040672355815864925,0.0009396874787698032,0.3155088318163032,-2.6721930681736543,0,1.4827335190493194
18.120960000000373,1.3201292289872606,-1.3340614476297294,1.0504888415850866,-0.7012879272294912,-0.35829179231470193,-0.04792356898942995,1.3211197228157503,-1.6949999827303528,0.7623942260020409,-0.6905303381641014,-0.3707008963302493,0.08551875133676576,1.2196596923514504,-1.531957311369122,0.8748602586277039,-0.6959843613594243,-0.4013122115438591,0.07096682763738368,0.09000117304571391,0.09000117304571391,0.0,0.0846943431872349,0.051793403388312176,0.04053495356768705,0.0009377559003055488,0.3152564529455384,-2.6722296545695876,0,1.4794473494802425
18.125120000000372,1.3172095375834976,-1.3355529857862396,1.0502899233168583,-0.7007259369031065,-0.3579691575624401,-0.04774038437476927,1.0809926986596379,-1.7497577321830478,0.5600121831817999,-0.7986040277549012,-0.3145236334521872,-0.1065620645760621,1.1486646210072948,-1.641514419511315,0.717211642637002,-0.7475131179914868,-0.3573591278451519,-0.01743566511333664,0.09000117304571391,0.09000117304571391,0.0,0.08648825268718774,0.052638637954582235,0.040397795653526275,0.0009357725479657024,0.31500081705328453,-2.672265820494303,0,1.4761639058674103
18.12928000000037,1.3142922179323877,-1.3370431655212571,1.0500917656872795,-0.7001567162663818,-0.3576431364041908,-0.047557831098932794,1.329546798461723,-1.2830396220186266,0.9128173928005368,-0.8123058800476186,-0.2983845931018735,-0.08963793458998343,1.2374166907562485,-1.462895127096051,0.8148286350235396,-0.7795629417052762,-0.3278835749549681,-0.0531440720150016,0.09000117304571391,0.09000117304571391,0.0,0.08826530663966148,0.05347573043352993,0.04026088522553242,0.0009337387326812416,0.3147419570928043,-2.672301572147707,0,1.4728832212668386
18.13344000000037,1.311377299855289,-1.338531972871984,1.0498943660707583,-0.6995803385036622,-0.3573137641744505,-0.047375907965109855,1.371550142224992,-1.7408844354304283,1.1162747663860932,-0.7625738388956775,-0.38235138139643576,0.0006742220030459753,1.3028968311785536,-1.6026869324641329,0.9655560269406509,-0.7703999005018115,-0.3551494635150498,-0.026630015099132404,0.09000117304571391,0.09000117304571391,0.0,0.09002562182675411,0.05430473764451904,0.040124225365811755,0.0009316557440610816,0.31447990578225216,-2.672336915631081,0,1.4696053283973836
18.13760000000037,1.308464812870802,-1.3400193940217893,1.0496977218467463,-0.6989968762768705,-0.3569810759532391,-0.04719461376285772,1.2214705554001266,-1.4311624601180901,1.1341696017316067,-0.734350745066427,-0.34441178600003863,-0.20511135888516763,1.2606550384976196,-1.5176397451990027,1.0494380910295817,-0.7520617966058407,-0.3498377339025517,-0.1162066604111858,0.09000117304571391,0.09000117304571391,0.0,0.09176931428640178,0.055125716043552875,0.03998781908668356,0.0009295248506372056,0.31421469560617,-2.672371856948687,0,1.4663302596431493
18.141760000000367,1.3055547861969319,-1.3415054152991548,1.0495018303997945,-0.6984064017288371,-0.35664510656773124,-0.047013947268415124,1.5547670846962705,-1.453936322209519,0.8010839280602258,-0.8073416895462507,-0.42893937240776536,-2.1461785844840986e-05,1.4060334512259887,-1.4866789440987394,0.9252603984947102,-0.779495675463625,-0.3897803025714792,-0.058684770307135134,0.09000117304571391,0.09000117304571391,0.0,0.09349649931758353,0.05593872172488734,0.039851669331152084,0.000927347300109353,0.3139463588169741,-2.672406402009353,0,1.4630580470558865
18.145920000000366,1.3026472487532377,-1.3429900231766292,1.049306689119607,-0.6978089864866087,-0.35630589059388024,-0.046833907245013455,1.1815099473474855,-0.5295054415973414,1.0919233890086297,-0.8301052576698368,-0.3276382957245741,0.03799311204999161,1.292042798006549,-1.0087680263221894,1.008673079611419,-0.8044436162591219,-0.35820687447529814,-0.010830482872957773,0.09000117304571391,0.09000117304571391,0.0,0.09520729148436247,0.056743810423935837,0.03971577897530795,0.0009251243195893897,0.31367492743643416,-2.6724405566280227,0,1.4597887223573702
18.150080000000365,1.2997422291629679,-1.3444732042697876,1.0491122954010939,-0.6972047016647399,-0.3559634623580299,-0.046654492443177674,1.0057882331914205,-1.5190355693835516,1.0880771538650045,-0.6878477741784608,-0.2620747881604811,0.12143315218560866,1.1474809703601336,-1.2644486942877744,1.0486286748515348,-0.7452689782814315,-0.31100387649163175,0.05508848494544859,0.09000117304571391,0.09000117304571391,0.0,0.09690180462058318,0.05754103751900397,0.039580150828596145,0.0009228571158448395,0.31340043325714373,-2.6724743265272886,0,1.456522316941764
18.154240000000364,1.2968397557551823,-1.345954945336198,1.048918646644423,-0.6965936178685644,-0.355617855938519,-0.04647570160102579,1.3272783474975813,-1.343746840299418,1.4237050176790789,-0.7480982006321082,-0.3155121418873495,-0.12496151934281831,1.2358240807417886,-1.3047535860458543,1.235909150083627,-0.7462920854417122,-0.3137348106141054,-0.034730520697135815,0.09000117304571391,0.09000117304571391,0.0,0.09858015183404834,0.058330458033565735,0.03944478763494169,0.000920546875542042,0.3131229078439816,-2.672507717338896,0,1.4532588618779718
18.158400000000363,1.2939398565668596,-1.347435233274395,1.0487257402550705,-0.6959758051974497,-0.3552691051672764,-0.04629753344456337,1.4519489084478285,-1.8498986510604705,1.0057343583181195,-0.7283437382292609,-0.28800371492088306,-0.027400878390033117,1.3423731614058645,-1.577928213136672,1.1207619828977224,-0.7373614963350865,-0.30123605970426715,-0.03050472888270439,0.09000117304571391,0.09000117304571391,0.0,0.10024244551134931,0.05911212663833221,0.03930969207366536,0.0009181947654883576,0.31284238253556623,-2.6725407346052212,0,1.4499983879119704
18.16256000000036,1.2910425593449928,-1.3489140551228593,1.0485335736438706,-0.6953513332480308,-0.3549172436314068,-0.04611998668797381,1.2014226962853414,-1.4353869620504098,0.3988571260464424,-0.6154006983278335,-0.20985124381099524,-0.07158600005651666,1.270617970215626,-1.5070947976232796,0.7596553013636987,-0.676890514923957,-0.2547210253075855,-0.05089617987351612,0.09000117304571391,0.09000117304571391,0.0,0.10188879732174949,0.059886097653754744,0.03917486676061682,0.0009158019328736397,0.3125588884457006,-2.6725733837807284,0,1.4467409254691295
18.16672000000036,1.2881478915486702,-1.350391398059004,1.0483421442270626,-0.6947202711174276,-0.35456230467476674,-0.04594306003390382,1.4633963188429975,-1.1249312455711034,0.8878747722617915,-0.7268259542814409,-0.4215218130883979,-0.10241110493630368,1.365496195607939,-1.3168887902790356,0.823553250875278,-0.7016044950386646,-0.33729824309580797,-0.07680852496384652,0.09000117304571391,0.09000117304571391,0.0,0.10351931822182814,0.06065242505167989,0.03904031424952584,0.0009133695055106865,0.3122724564648097,-2.6726056702334,0,1.4434865046565173
18.17088000000036,1.2852558803511434,-1.3518672493981687,1.0481514494263386,-0.6940826874064432,-0.3542043213995326,-0.04576675217374271,1.3632363875780105,-1.5209792753466054,0.8622502531756535,-0.797294561997089,-0.37512157434519733,-0.029562501759530933,1.3627067237886759,-1.4197154457036492,0.8428413757457366,-0.7488651927694521,-0.3563311523658068,-0.05359344107977307,0.09000117304571391,0.09000117304571391,0.0,0.10513411845981846,0.06141116245807898,0.038906037032501756,0.0009108985920748827,0.3119831172613692,-2.672637599246144,0,1.4402351552651897
18.175040000000358,1.282366552641882,-1.3533415965926177,1.047961486668889,-0.6934386502227428,-0.35384332666775786,-0.04559106178789953,1.4639313211747487,-1.1262871096955123,1.0491808047945785,-0.7503257293435861,-0.5098560563098199,0.31567092678322967,1.4117568040157036,-1.2740589126733624,0.9466686051403337,-0.748503333560463,-0.43346725814721004,0.1312629014042676,0.09000117304571391,0.09000117304571391,0.0,0.1067333075799568,0.06216236315460999,0.03877203754096298,0.0009083902823425805,0.31169090128332627,-2.6726691760181818,0,1.4369869067724657
18.179200000000357,1.2794799350286152,-1.3548144272305465,1.0477722533874472,-0.6927882271840151,-0.35347935310292317,-0.04541598754607593,1.5209532143492734,-1.2004770994901832,1.0953218588224476,-0.5368377350895887,-0.3567618322805885,-0.022895810293679823,1.4652385124709293,-1.2380091193033957,1.0209492570290877,-0.6423696352145234,-0.3953243464792632,0.05390131709821493,0.09000117304571391,0.09000117304571391,0.0,0.10831699442652698,0.06290608008093179,0.038638318147212525,0.0009058456474284299,0.31139583875951216,-2.6727004056664048,0,1.4337417883441885
18.183360000000356,1.2765960538393606,-1.3562857290350943,1.0475837470203324,-0.6921314854211169,-0.35311243309147666,-0.04524152810753216,1.5604626628525011,-1.1909577450318942,0.63668370066844,-0.6788053703739978,-0.3246248498955499,0.0013526267188816582,1.5114382829125221,-1.2151602047124515,0.8288172858589261,-0.6600679496472898,-0.3590695950694909,0.027302173073140094,0.09000117304571391,0.09000117304571391,0.0,0.10988528714844947,0.06364236583692018,0.038504881164733745,0.0009032657400216818,0.3110979597010466,-2.6727312932267187,0,1.4304998288369708
18.187520000000355,1.273714935124439,-1.3577554898633624,1.0473959650114935,-0.6914684915811968,-0.35274259878436504,-0.04506768212135164,0.926885743418856,-1.8306336935191492,1.539646440431464,-0.7516543742026273,-0.276424871550642,-0.1301243164571646,1.2175919493497218,-1.5234768847959765,1.1839654712138732,-0.7046271463596367,-0.3174288091791558,-0.05105904635383033,0.09000117304571391,0.09000117304571391,0.0,0.11143829320324494,0.06437127268456788,0.03837172884913001,0.0009006515946211471,0.31079729390273414,-2.672761843655359,0,1.427261056800428
18.191680000000353,1.2708366046584774,-1.3592236977054397,1.0472089048105488,-0.6907993118308032,-0.35236988209855624,-0.04489444822670128,0.9500401653424491,-1.4268449493688555,0.9237350123959769,-0.6799148794012945,-0.3475597744706522,-0.05477992433930593,1.0823981224523276,-1.475882799309828,1.0537343811721271,-0.6913784544784904,-0.33266344836941264,-0.05287163196684237,0.09000117304571391,0.09000117304571391,0.0,0.11297611936154328,0.06509285255032027,0.038238863399710166,0.0008980042277689382,0.3104938709444526,-2.672792061830187,0,1.424025500479394
18.195840000000352,1.2679610879423984,-1.3606903406834336,1.0470225638728277,-0.690124011858973,-0.3519943147185523,-0.04472182505308489,1.5663277550964267,-1.3889772964849958,1.5044351231278104,-0.6574677026846122,-0.25189252272128404,-0.07213758478687579,1.3229981807307325,-1.4329545576142968,1.2789374092990586,-0.6741220076071788,-0.2917115719377134,-0.06228577411323586,0.09000117304571391,0.09000117304571391,0.0,0.1144988717109654,0.0658071570266674,0.038106286959580044,0.0008953246382826041,0.31018772019253327,-2.6728219525519648,0,1.4207931878161257
18.20000000000035,1.2650884102053972,-1.3621554070505082,1.0468369396594086,-0.6894426568803033,-0.3516159280978952,-0.044549811220596015,1.2254447748564659,-1.8324934032353524,0.8701687895174169,-0.6022097168566217,-0.45581359924787773,-0.17560534270025965,1.2729681519115976,-1.6336762686473256,1.074185777348748,-0.6381394151220944,-0.3730724511218714,-0.11931927185454018,0.09000117304571391,0.09000117304571391,0.0,0.11600665566055124,0.06651423737481221,0.037974001617019915,0.0008926138074862933,0.3098788708011332,-2.6728515205456085,0,1.4175641464524917
18.20416000000035,1.2622185964069055,-1.3636188851899276,1.046652029637158,-0.6887553116380045,-0.35123475346066163,-0.0443784053401647,1.2134630882174564,-1.7578697262638503,1.2467924640244996,-0.8059240822245809,-0.22445669588920011,0.09400053195258097,1.2415370808966508,-1.6962411422097752,1.1606860326234905,-0.7211438918260747,-0.2985758252894345,-0.012762337785811328,0.09000117304571391,0.09000117304571391,0.0,0.11749957594488114,0.06721414452616947,0.037842009406437976,0.0008898726994401563,0.3095673517135996,-2.6728807704614215,0,1.4143384037321463
18.20832000000035,1.2593516712385433,-1.3650807636141065,1.0464678312787672,-0.6880620404069362,-0.35085082180295085,-0.04420760601380003,0.9225222449324152,-1.704872808519603,1.5641381972702804,-0.6135670351175572,-0.42808950508967325,-0.17949728463582307,1.0807507214029681,-1.7014463028771858,1.3620409410633179,-0.6671182563598115,-0.36387570415484627,-0.09580760348738276,0.09000117304571391,0.09000117304571391,0.0,0.11897773662788835,0.06790692908472495,0.037710312308684796,0.0008871022611683449,0.3092531916638264,-2.672909706876307,0,1.4111159867026914
18.212480000000348,1.2564876591260574,-1.3665410309636663,1.0462843420627888,-0.6873629069966257,-0.3504641638943628,-0.0440374118348311,0.9000248793441529,-1.49716805667367,0.9002947076611811,-0.5722146069494143,-0.5331100399043767,0.020576566334238232,0.98919495168557,-1.6004155736914998,1.1312077914317715,-0.6190020556459377,-0.44801563705454944,-0.03781504787881391,0.09000117304571391,0.09000117304571391,0.0,0.12044124110753929,0.06859264132897436,0.03757891225243998,0.0008843034228855221,0.30893641917760273,-2.6729383342949613,0,1.407896922117823
18.216640000000346,1.253626584231248,-1.3679996760064974,1.0461015594736716,-0.6866579747542677,-0.3500748102794677,-0.043867821388141943,0.5885271211261355,-1.2640649661411374,0.8760150896851212,-0.584942992441268,-0.3719712389827594,0.06427556429270645,0.7876430478994344,-1.433011269349199,1.0037427075773007,-0.602686130499287,-0.4101600134050386,0.013530776851280343,0.09000117304571391,0.09000117304571391,0.0,0.12189019211945773,0.06927133121376106,0.03744781111474679,0.0008814770982218381,0.3086170625739535,-2.6729666571510466,0,1.4046812364394645
18.220800000000345,1.2507684704538824,-1.3694566876368277,1.0459194810017949,-0.6859473065677076,-0.34968279127926755,-0.043698833250404,1.5551971099791038,-1.3312522332711605,0.5581069929865912,-0.7457101137239835,-0.13486585451655148,0.10901858718539192,1.1698725867829007,-1.3824126210678505,0.7811502358076892,-0.6733197233919931,-0.27201857191402284,0.060427890973699036,0.09000117304571391,0.09000117304571391,0.0,0.12332469174109661,0.06994304837254706,0.03731701072219115,0.0008786241844462301,0.3082951499664726,-2.6729946798083453,0,1.4014689558398858
18.224960000000344,1.2479133414335974,-1.370912054874297,1.0457381041435019,-0.6852309648684073,-0.34928813699264827,-0.043530445990303375,1.3914700011500836,-1.3522579025586208,1.3331721175763152,-0.6515502450762467,-0.33207465838144806,0.09173057040760904,1.2793176561641524,-1.3680280531845308,1.0573562612276146,-0.6624446073938695,-0.30093840591438814,0.07587294195942912,0.09000117304571391,0.09000117304571391,0.0,0.12474484139570663,0.07060784211915627,0.03718651285122812,0.0008757455626882181,0.307970709264648,-2.6730224065618953,0,1.3982601062038091
18.229120000000343,1.2450612205517875,-1.372365766863038,1.045557426401132,-0.6845090116343938,-0.34889087729782386,-0.043362658168766485,1.2148831385566121,-1.766046259595003,0.782583194535966,-0.7166063495519828,-0.27989096443272415,-0.08394282654697673,1.2456087714197428,-1.5676241367694246,0.9197923862156576,-0.6892072015979804,-0.2894398385334998,-0.0036302799495163823,0.09000117304571391,0.09000117304571391,0.0,0.12615074185685304,0.07126576145005836,0.03705631922915223,0.0008728420981577917,0.3076437681751789,-2.6730498416391058,0,1.3950547131305007
18.23328000000034,1.2422121309334826,-1.373817812870762,1.0453774452830522,-0.6837815083931887,-0.34849104185377106,-0.04319546833918148,1.1554653173770726,-1.251729220762542,0.7707015835659279,-0.7286897415495469,-0.5368644115099783,-0.08453932865077649,1.1990187153701743,-1.410791355144475,0.8450697304510195,-0.7079627285421749,-0.4130283438023331,-0.04390083408695874,0.09000117304571391,0.09000117304571391,0.0,0.12754249325155542,0.07191685504580247,0.03692643153528513,0.0008699146403636796,0.3073143542032859,-2.673076989200855,0,1.3918528019358498
18.23744000000034,1.239366095449213,-1.3752681822878523,1.0451981583036871,-0.6830485162247236,-0.34808866010165745,-0.043028875047614414,1.0130800562744238,-1.364592073867659,1.5207251860513784,-0.7956044266835749,-0.299045817803858,-0.08353764132997865,1.1043927421395257,-1.388314132535138,1.1827272704092002,-0.7515334482522315,-0.3556910975493157,-0.06315899255654334,0.09000117304571391,0.09000117304571391,0.0,0.12892019506504138,0.07256117127352668,0.036796851401524944,0.0008669640233302085,0.3069824946540126,-2.673103853342572,0,1.3886543976544332
18.24160000000034,1.2365231367168619,-1.3767168646264618,1.0450195629835495,-0.6823100957642353,-0.34768376126625905,-0.04286287683302284,0.9781073719074846,-1.6714900490880051,0.9039919924920081,-0.723012742134832,-0.3543990916656589,0.03498174419816316,1.0397436354549567,-1.530640154773959,1.0434300923340556,-0.7364611358168065,-0.35555359151387195,-0.013926765056937716,0.09000117304571391,0.09000117304571391,0.0,0.130283946144232,0.07319875818872545,0.03666758041246912,0.0008639910658120591,0.30664821663352015,-2.673130438095297,0,1.3854595250415673
18.245760000000338,1.2336832771035071,-1.3781638495196176,1.0448416568492684,-0.6815663072051461,-0.3472763743573698,-0.04269747222746876,1.6195089801003362,-1.7398075558171453,0.8218281019740508,-0.7364805280217717,-0.47541457837949735,-0.15876488045945164,1.3280969773678672,-1.6362158167417258,0.9322986193041856,-0.7357355098699185,-0.41468336190675037,-0.08696122817075284,0.09000117304571391,0.09000117304571391,0.0,0.13163384470166406,0.07382966353680809,0.03653862010703718,0.0008609965715071473,0.306311547050374,-2.6731567474267273,0,1.3822682085753464
18.249920000000337,1.2308465387272491,-1.379609126720331,1.0446644374336171,-0.6808172103019272,-0.3468665281712047,-0.042532659756324524,0.9278949038332975,-0.7713644577572136,1.3318583914938376,-0.8501251316731673,-0.350324658614658,-0.04716540010295087,1.1262245757388414,-1.2045139680405978,1.1319812676602041,-0.7927648409245043,-0.3819227164004585,-0.06613736658389845,0.09000117304571391,0.09000117304571391,0.0,0.13296998831985407,0.07445393475562567,0.03640997197924223,0.0008579813292680053,0.30597251261682334,-2.6731827852422443,0,1.3790804724586674
18.254080000000336,1.2280129434590286,-1.3810526861007135,1.0444879022755402,-0.6800628643729426,-0.34645425129179186,-0.042368437938475244,1.1204639181041842,-1.2711620700535151,1.647663032259811,-0.6636656438134247,-0.2108952298998954,-0.1535293821555017,1.1219623124998188,-1.2382778241937373,1.3895068030192066,-0.7275075886718351,-0.2960915830013328,-0.11001109122161055,0.09000117304571391,0.09000117304571391,0.0,0.13429247395471133,0.0750716189769357,0.03628163747810828,0.0008549461133112425,0.3056311398500726,-2.673208555385925,0,1.375896340621243
18.258240000000335,1.2251825129244316,-1.3824945176510983,1.0443120489201798,-0.6793033283032792,-0.34603957209235786,-0.042204805286521374,0.8634607366072147,-1.941431798183034,1.0938109502788464,-0.6820391830194239,-0.21696381663905648,0.04823366354907234,0.9912912148183705,-1.5903111461878459,1.2417565821115442,-0.7048343675411859,-0.2564672413173716,-0.030634366916771946,0.09000117304571391,0.09000117304571391,0.0,0.13560139793949766,0.07568276302840504,0.03615361800908687,0.0008518916834252062,0.3052874550735457,-2.6732340616415367,0,1.3727158367215988
18.262400000000333,1.2223552685054835,-1.383934611479168,1.0441368749189008,-0.6785386605475587,-0.34562251873670485,-0.04204176030697513,1.398551580301069,-1.6594501729351463,0.8638219962536399,-0.7785516682883848,-0.3141250052241442,0.14303032881766706,1.1933029443313496,-1.6255351453544113,1.0530839706533275,-0.7407563316544802,-0.28498896434574394,0.056269984454795106,0.09000117304571391,0.09000117304571391,0.0,0.13689685598879797,0.07628741343572765,0.03602591493462162,0.0008488187851755628,0.3049414844181427,-2.6732593077335127,0,1.3695389841490615
18.266560000000332,1.2195312313424305,-1.385372957809087,1.0439623778293157,-0.6777689191327333,-0.3452031191805781,-0.04187930150045434,1.3787009745417989,-1.4323199751041853,0.3533066832074586,-0.5941098861577161,-0.2969160196730575,0.0017515707246469614,1.284765685920955,-1.5295442442977483,0.7031942704324917,-0.6665579601820999,-0.290730826698121,0.028919556672281334,0.09000117304571391,0.09000117304571391,0.0,0.1381789432022893,0.07688561642399849,0.035898529574714844,0.0008457281501091532,0.30459325382348934,-2.6732842973279167,0,1.36636580602573
18.27072000000033,1.2167104223355103,-1.3868095469806412,1.043788555215308,-0.676994161660864,-0.3447814011730277,-0.041717427361873706,1.4831311868537065,-2.0186482988217613,0.7871552202226131,-0.5980956131076035,-0.4332642663487835,-0.2136588641720263,1.382704478106961,-1.7750012820461487,0.7447300710161784,-0.6316941178876397,-0.36179083730248307,-0.09194176046753842,0.09000117304571391,0.09000117304571391,0.0,0.13944775406841603,0.07747741792016216,0.035771463207710213,0.0008426204959561613,0.3042427890391785,-2.673309034033388,0,1.363196325208437
18.27488000000033,1.2138928621467109,-1.388244369448382,1.0436154046470552,-0.6762144453118838,-0.3443573922577594,-0.04155613638063259,1.2819684758979162,-1.2726273507059143,0.7103633871060642,-0.5623585568527685,-0.29183572781402756,0.06390373042963715,1.3311652633246769,-1.5244173125779468,0.7276807809755161,-0.5966367996497082,-0.32705734208695114,-0.014689896720926937,0.09000117304571391,0.09000117304571391,0.0,0.14070338246839365,0.07806286355450565,0.03564471707107825,0.0008394965268300426,0.3038901156260053,-2.6733335214020713,0,1.3600305642906956
18.27904000000033,1.2110785712015177,-1.3896774157807756,1.0434429237010518,-0.6754298268463431,-0.3439311197744793,-0.041395427040799314,0.9656896685504602,-1.23445891686808,0.9643276573067582,-0.8261451022415462,-0.35087505936609675,-0.16365402048846495,1.1467069342355083,-1.3801671509612428,0.8456666249283181,-0.7115606524757923,-0.3383610772486808,-0.08971320287735239,0.09000117304571391,0.09000117304571391,0.0,0.14194592167980113,0.07864199866237043,0.03551829236156187,0.0008363569334255312,0.303535258957194,-2.673357762930533,0,1.356868545604635
18.283200000000328,1.2082675696906504,-1.3911086766593599,1.0432711099601297,-0.6746403626081393,-0.34350261086023043,-0.0412352978212946,1.408601617026862,-1.2358346394702406,0.569942402079024,-0.6307216075311464,-0.18454490285408323,0.08184361892057732,1.27634318583152,-1.3083837640176983,0.7079727409348201,-0.6706463182712347,-0.2614480514963461,-0.00390944882319447,0.09000117304571391,0.09000117304571391,0.0,0.14317546438018058,0.07921486828640356,0.03539219023703591,0.0008332023932151215,0.30317824421961803,-2.6733817620606612,0,1.353710291222922
18.287360000000326,1.2054598775717869,-1.3925381428779045,1.0430999610134795,-0.6738461085272309,-0.34307189245071995,-0.0410757471960671,0.8682036605783054,-1.3688211088228557,0.8814630311537124,-0.7901493625808431,-0.33716870049645414,0.06484893580705392,1.070626073415132,-1.3393033145378208,0.7948520147950645,-0.7299063911432991,-0.29971025859645783,0.03141218180905431,0.09000117304571391,0.09000117304571391,0.0,0.14439210265107794,0.0797815171781745,0.035266411815588594,0.0008300335706431547,0.3028190964150126,-2.6734055221805506,0,1.3505558229606713
18.291520000000325,1.2026555145712772,-1.393965805341578,1.04292947445667,-0.673047120122334,-0.34263899128163927,-0.040916773634272506,0.5469430752652646,-1.4366417959536468,0.7698836004819907,-0.7054202553173732,-0.4442992239670478,-0.1477521612715806,0.807314109881329,-1.3888978385083226,0.7820612992910017,-0.7178829991188685,-0.3717682040985086,-0.058632901413866664,0.09000117304571391,0.09000117304571391,0.0,0.1455959279814536,0.08034198980001084,0.035140958177598464,0.0008268511173183406,0.30245784036118034,-2.6734290466253747,0,1.347405162377342
18.295680000000324,1.1998545001858454,-1.3953916550661196,1.042759647891668,-0.672243452503604,-0.3422039338899758,-0.0407583756004438,1.2362768850919008,-1.5797571679368796,0.9856013190968544,-0.6740512060832496,-0.44483932802743387,0.06779898244124127,1.020395655974338,-1.485254338703135,0.8839728843564288,-0.6955677897173285,-0.4081802792195871,0.00499280548403706,0.09000117304571391,0.09000117304571391,0.0,0.1467870312717452,0.08089633032651777,0.03501583036524833,0.0008236556722037333,0.3020945006931894,-2.673452338678241,0,1.3442583307786231
18.299840000000323,1.1970568536842816,-1.3968156831770169,1.042590478926857,-0.6714351603752988,-0.3417667466153182,-0.040600551554663335,0.9280321959972584,-1.1650279550048661,0.9456622331109723,-0.7341409847349787,-0.3819877821032075,0.06906373951491582,0.9726862179544492,-1.3259339548693976,0.914960169263408,-0.7148183364651489,-0.394833109410965,0.03773182515895655,0.09000117304571391,0.09000117304571391,0.0,0.14796550283676546,0.08144458264685228,0.03489102938396488,0.0008204478618057541,0.3017291018645645,-2.673475401571036,0,1.3411153492183063
18.304000000000322,1.1942625941091214,-1.3982378809086884,1.0424219651770539,-0.6706222980384305,-0.34132745560115174,-0.040443299952728745,1.3681855541183359,-1.3752977972329095,0.4957615724078379,-0.6243101791289846,-0.24643350626605415,0.19909791065420876,1.1691389751671548,-1.3511305447095674,0.705771677989224,-0.6690260437652922,-0.31980195573102005,0.11858599491371534,0.09000117304571391,0.09000117304571391,0.0,0.14913143241021443,0.08198679036614764,0.03476655620257854,0.0008172283003602193,0.3013616681484712,-2.67349823848525,0,1.337976238500145
18.30816000000032,1.1914717402783155,-1.3996582396036723,1.0422541042635276,-0.6698049193933966,-0.3408860867961471,-0.04028661924631791,1.302552141228335,-1.1917397424426877,0.6261244352743499,-0.7876878293275055,-0.4041695981264861,-0.029929460891208397,1.2342080062934988,-1.2722735600051585,0.6658842824499934,-0.7282927462046697,-0.3625233566845957,0.044801511369553404,0.09000117304571391,0.09000117304571391,0.0,0.15028490914760106,0.08252299680747732,0.03464241175391172,0.0008139975900170024,0.30099222363889266,-2.673520852552797,0,1.3348410191797047
18.31232000000032,1.188684310786888,-1.40107675071182,1.0420868938140144,-0.6689830779425981,-0.34044266595544087,-0.04013050788315133,0.858646517175382,-1.418300609011324,1.205014069002892,-0.6282856347717934,-0.5156057558816165,-0.0035559067630108326,1.0451154947383507,-1.346360125857933,0.93544676864,-0.6771785186802226,-0.4392593259259955,0.020040937325568237,0.09000117304571391,0.09000117304571391,0.0,0.1514260216301344,0.08305324501361055,0.03451859693601217,0.0008107563210225714,0.3006207922517996,-2.6735432468568137,0,1.3317097115661967
18.31648000000032,1.1859003240085837,-1.4024934057894947,1.0419203314627346,-0.6681568267930414,-0.33999721864190785,-0.03997496430714916,1.1442545355933806,-1.0616029280846753,0.7004494084662489,-0.5845503008168857,-0.33708293986915827,-0.12150480966128022,1.093469742389511,-1.2046820416317807,0.8176936939977411,-0.6308131699583952,-0.3875119312938293,-0.050711483967971996,0.09000117304571391,0.09000117304571391,0.0,0.15255485786852296,0.08357757774845309,0.03439511261167644,0.0008075050719004192,0.30024739772631304,-2.6735654244324483,0,1.3285823357243038
18.320640000000317,1.1831197980975048,-1.4039081964987756,1.041754414850407,-0.6673262186589228,-0.3395497702274276,-0.03981998695859001,1.3904326013506993,-1.3673398380035389,1.3139225208980985,-0.768412902039856,-0.33347162590197654,0.043076752734964883,1.2403549543903822,-1.2867061617920004,1.0659018564057545,-0.6995950925231488,-0.36026803904334764,-0.004149476773715249,0.09000117304571391,0.09000117304571391,0.0,0.15367150530581863,0.08409603749924033,0.034271959609899955,0.0008042444096299521,0.29987206362586016,-2.673587388267638,0,1.3254589114759925
18.324800000000316,1.1803427509897373,-1.405321114606668,1.0415891416242642,-0.6664913058642007,-0.33910034589414073,-0.03966557427426352,1.1917502515383025,-0.9322974551844283,0.9409173952291048,-0.6190371991694902,-0.3296354778875139,-0.06908732810123017,1.2147631207487903,-1.11018435820531,1.0032623109733265,-0.6585698717967211,-0.3452434286817034,-0.03529644664134246,0.09000117304571391,0.09000117304571391,0.0,0.1547760508215581,0.0846086664779887,0.034149138726046385,0.0008009748898229426,0.29949481333932326,-2.6736091413038707,0,1.322339458402312
18.328960000000315,1.1775692004049658,-1.4067321519843168,1.0414245094380659,-0.6656521403451496,-0.3386489706356991,-0.03951172468762207,1.5919714568507124,-2.214638513389553,1.206177121329869,-0.6674945306388892,-0.4031084264651241,-0.014161352966627998,1.4019809451109364,-1.6632586285561617,1.1046914064861466,-0.6627363931596705,-0.37368630810622755,-0.02459833106281802,0.09000117304571391,0.09000117304571391,0.0,0.15586858073516274,0.08511550662316536,0.034026650722660534,0.0007976970568980312,0.2991156700821819,-2.6736306864369355,0,1.3192239958451843
18.333120000000314,1.1747991638480788,-1.4081413006062273,1.041260515952112,-0.6648087736528996,-0.33819566925850847,-0.039358436628928885,0.9968851971766509,-0.8243199071367084,0.8746237700945219,-0.6743880118094013,-0.47294612170264105,-0.031638449460515874,1.1980277371657566,-1.244768944439831,0.9895918142767185,-0.6686615227049668,-0.42242854112979933,-0.028907924700967466,0.09000117304571391,0.09000117304571391,0.0,0.15694918080913878,0.085616599601684,0.03390449633006945,0.0007944114442537526,0.298734656897648,-2.6736520265176615,0,1.3161125429091798
18.337280000000312,1.1720326586107623,-1.4095485525494897,1.041097158833256,-0.6639612569559605,-0.33774046638296257,-0.03920570852540344,1.7932193648386785,-1.3304277957811426,1.1473499318419853,-0.6982881524201429,-0.3387552295361182,-0.06369673091707548,1.4941736340348157,-1.2883041869225031,1.0683393080616834,-0.6826734135870796,-0.38030085190780233,-0.046212799930038316,0.09000117304571391,0.09000117304571391,0.0,0.15801793625292748,0.08611198681026422,0.03378267624634315,0.0007911185744390933,0.298351796657794,-2.6736731643526443,0,1.3130051184632832
18.34144000000031,1.1692697017730842,-1.4109538999930091,1.040934435754917,-0.6631096410427305,-0.3372833864446708,-0.0390535388013669,1.0364275309581288,-1.844551705029772,0.9684429427191265,-0.5966643206443429,-0.4662092722492718,-0.04664998774369659,1.2640560652816775,-1.5674021147696287,1.0182944673257595,-0.6395446772822398,-0.42297320630816443,-0.04694661946189119,0.09000117304571391,0.09000117304571391,0.0,0.15907493172601783,0.08660170937733092,0.033661191138112,0.0007878189593223705,0.2979671120646744,-2.6736941027049594,0,1.3099017411426463
18.34560000000031,1.1665103102050676,-1.4123573352167411,1.0407723443970904,-0.66225397632399,-0.3368244536956777,-0.03890192587838389,0.9974576774386961,-1.1677005950958315,1.4911547103021172,-0.34657766972567017,-0.41090812886630357,-0.00844540884655802,1.130033717643053,-1.3684021982438892,1.2547113174624887,-0.49287953916529115,-0.4174399381090087,-0.02817259326644807,0.09000117304571391,0.09000117304571391,0.0,0.16012025134139107,0.08708580816481126,0.03354004164202923,0.000784513100257982,0.29758062565144067,-2.6737148442948655,0,1.3068024293503313
18.34976000000031,1.1637545005682535,-1.4137588506009315,1.0406108824463596,-0.6613943128353804,-0.3363636922056745,-0.03875086817539808,0.9636514023535647,-1.375368881940259,1.0384515881379686,-0.7158393059451824,-0.26794847268639255,-0.01408430829349509,1.0453526185849955,-1.3724418325306929,1.1465511579264764,-0.6044162053606529,-0.3432237173546401,-0.02137619118538434,0.09000117304571391,0.09000117304571391,0.0,0.16115397866929437,0.08756432376940348,0.0334192283636682,0.000781201488251273,0.2971923597834489,-2.673735391800495,0,1.3037072012590396
18.353920000000308,1.161002289317254,-1.4151584386253615,1.040450047595906,-0.6605307002398672,-0.33590112586320486,-0.03860036410887213,1.4586421692602058,-0.8170374845467092,1.211970765041146,-0.6768062444259519,-0.2653915003091746,-0.1067683928066859,1.2505911422733906,-1.0952880473439683,1.179041617599311,-0.6399303666720918,-0.3041834150745151,-0.06516000777105811,0.09000117304571391,0.09000117304571391,0.0,0.16217619674017292,0.0880372965243833,0.03329875187920037,0.0007778846041214605,0.2968023366593611,-2.673755747858534,0,1.300616074812833
18.358080000000307,1.158253692701295,-1.4165560918685984,1.0402898375455187,-0.6596631878301883,-0.33543677837686264,-0.038450412092920515,0.6581663840503025,-1.4546251791128604,0.7426932967445513,-0.42478762627856004,-0.2743617374412167,-0.1344325989230525,0.953490276124808,-1.2755299371158832,0.9605858873402568,-0.5319901825212093,-0.28920476145383045,-0.1003205043561679,0.09000117304571391,0.09000117304571391,0.0,0.16318698804825016,0.08850476650173755,0.0331786127357937,0.0007745629186628196,0.29641057831224027,-2.6737759150648914,0,1.2975290677288405
18.362240000000305,1.155508726765748,-1.4179518030072504,1.0401302500016043,-0.6587918245312883,-0.33497067327648034,-0.038301010539440454,1.4684803840131808,-1.6995589475988409,1.1944365257579013,-0.678668568469387,-0.43191876566989607,0.17576635550097566,1.2095762328172914,-1.4884449941089943,1.0778783599502189,-0.6047958663896146,-0.3609343417472192,0.03773981567858523,0.09000117304571391,0.09000117304571391,0.0,0.16418643455490667,0.08896677351301996,0.03305881145136988,0.0007712368928035705,0.2960171066106376,-2.673795895975356,0,1.2944461974989543
18.366400000000304,1.1527674073536534,-1.4193455648152267,1.039971282677195,-0.6579166589027362,-0.3345028339143135,-0.03815215785824376,1.2590830664664407,-1.100626783980803,0.6776917688838371,-0.6871279851456762,-0.37890077486450263,-0.14855127171806143,1.2329017209844664,-1.2953219450204696,0.8774722754479164,-0.6464043777392113,-0.3695956197716595,-0.054909917303816995,0.09000117304571391,0.09000117304571391,0.0,0.1651746176918545,0.08942335711149352,0.03293934851585992,0.0007679069777631374,0.2956219432596744,-2.673815693106243,0,1.2913674813915177
18.370560000000303,1.150029750107232,-1.4207373701630026,1.0398129332919568,-0.6570377391411307,-0.33403328346621575,-0.038003852457183226,1.2814102786954449,-0.9257494290716499,0.8855664832907384,-0.6662546808130237,-0.49334179398574185,-0.17283985686740055,1.2557705950901143,-1.1115599227704915,0.881159242697802,-0.6563504515762552,-0.43113130281416795,-0.11353487058605498,0.09000117304571391,0.09000117304571391,0.0,0.16615161836453574,0.08987455659374444,0.03282022439160731,0.0007645736152074166,0.2952251098021164,-2.6738353089350317,0,1.2882929364529974
18.374720000000302,1.1472957704693885,-1.4221272120168893,1.0396551995721972,-0.6561551130824888,-0.3335620449328065,-0.03785609274227721,0.9880800785456881,-1.141556554015342,1.224568521744473,-0.6218369666978493,-0.5038526396923029,-0.007324114211777241,1.1206281786517045,-1.1276073023565605,1.05285063043116,-0.6381908775933549,-0.4670760868085626,-0.06023392970135473,0.09000117304571391,0.09000117304571391,0.0,0.16711751695542354,0.09032041100087318,0.03270143951377233,0.0007612372374018833,0.29482662761944245,-2.67385474590099,0,1.2852225795096472
18.3788800000003,1.1445654836852026,-1.4235150834383086,1.039498079250873,-0.6552688282046205,-0.3330891411406333,-0.03770887711783233,1.530860398766357,-0.973703273869457,0.7884886743588921,-0.6611761544468161,-0.41844192908101174,0.044469788961750606,1.3243696916460992,-1.0515252652794478,0.9207592796925506,-0.6486047275550662,-0.4424221314530243,-0.007398941335580344,0.09000117304571391,0.09000117304571391,0.0,0.168072393327227,0.09076095912065163,0.03258299428988104,0.0007578982673633625,0.29442651793290586,-2.67387400640579,0,1.282156427169162
18.3830400000003,1.141838904803413,-1.4249009775830723,1.0393415700675956,-0.6543789316294898,-0.3326145947433249,-0.03756220398656792,0.8525172869290549,-1.5905522694279008,1.184961203973456,-0.7651590018471797,-0.4138549133341617,-0.02730646109399202,1.0868487436992056,-1.3219022491954704,1.0528055393770612,-0.7069054890030018,-0.4286674275979881,-0.017469443551109985,0.09000117304571391,0.09000117304571391,0.0,0.1690163268262126,0.09119623948872391,0.032464889102371386,0.0007545571190094563,0.29402480180458984,-2.673893092814116,0,1.279094495822317
18.3872000000003,1.1391160486778897,-1.426284887700667,1.0391856697686384,-0.6534854701255596,-0.33213842822273837,-0.03741607174972969,0.6684363542313188,-1.8509135026548582,1.181455308623298,-0.512565511761092,-0.3762861871859009,-0.2062940305799394,0.876573182733286,-1.587193786686227,1.1167034478547102,-0.6095954852847464,-0.40269908641392077,-0.11245108662562867,0.09000117304571391,0.09000117304571391,0.0,0.16994939628521344,0.09162629039045345,0.03234712430686376,0.000751214197306165,0.29362150013845617,-2.6739120074542564,0,1.2760368016446004
18.391360000000297,1.1363969299690975,-1.4276668071335425,1.0390303761069417,-0.6525884901101242,-0.3316606638900987,-0.037270478807210454,1.633746041408489,-1.745198484444554,0.8196351544213194,-0.5830308122606743,-0.265129353843065,-0.15895852548836564,1.2539503272510026,-1.6667474877348445,0.9678358155137161,-0.5954031765259027,-0.3345071468121387,-0.13532784078653656,0.09000117304571391,0.09000117304571391,0.0,0.170871680027185,0.09205114986213248,0.032229700233639025,0.0007478698984136856,0.29321663368138773,-2.673930752618692,0,1.2729833605978331
18.395520000000296,1.133681563145549,-1.4290467293164055,1.038875686842118,-0.651688037651626,-0.3311813238871322,-0.03712542355766453,1.196982333212396,-1.3568327167364675,0.621293666559778,-0.6924583434625508,-0.3997126498965322,-0.07188238848218687,1.2240237569144092,-1.512619284220185,0.7944126981120037,-0.6430198597643125,-0.3671249917462464,-0.1035588187286664,0.09000117304571391,0.09000117304571391,0.0,0.17178325586812826,0.09247085569283853,0.0321126171886926,0.0007445246098304864,0.29281022302422444,-2.673949330564673,0,1.269934188431777
18.399680000000295,1.1309699624852492,-1.430424647775519,1.038721599740457,-0.6507841584719583,-0.3307004301871921,-0.03698090439861759,1.40454812272545,-1.3679973532117242,1.3367438462424275,-0.6947665423492801,-0.3363953266673091,0.06256206838618099,1.3128396822654655,-1.4410081502020682,1.0657122123318463,-0.6677230955221816,-0.3512086869817832,-0.02051762134752255,0.09000117304571391,0.09000117304571391,0.0,0.17268420112044858,0.09288544542618815,0.031995875452650285,0.0007411787105353998,0.29240228860279305,-2.6739677435147824,0,1.2668893006857338
18.403840000000294,1.1282621420771293,-1.4318005561280038,1.0385681125749298,-0.6498768979487539,-0.3302180045963764,-0.0368369197265809,1.0524452708407255,-1.2774258981260345,0.8473063868645037,-0.6655178095894206,-0.46879064794356984,-0.18805375425934076,1.1812543479041084,-1.3601915966129765,0.9561162098252246,-0.6656354193806007,-0.4096814203497623,-0.10407534908694596,0.09000117304571391,0.09000117304571391,0.0,0.17357459259589914,0.09329495636113438,0.03187947528225091,0.0007378325711278691,0.2919928506989304,-2.673985993657498,0,1.2638487126901345
18.408000000000293,1.1255581158224723,-1.4331744480811481,1.0384152231251915,-0.6489663011176607,-0.32973406875464156,-0.036693467937159205,1.6952406935609998,-1.2529595771075215,1.3511177660328904,-0.60772735968463,-0.2647609976784386,-0.09769723059259385,1.4369842406497224,-1.307125739464734,1.1534171938058149,-0.6353284228149472,-0.33713056885929227,-0.10119888387815446,0.09000117304571391,0.09000117304571391,0.0,0.1744545066087455,0.09369942555437016,0.03176341691119086,0.0007344865539665609,0.29158192944150046,-2.6740040831477385,0,1.2608124395681157
18.41216000000029,1.1228578974363281,-1.4345463174317186,1.0382629291775867,-0.6480524126746021,-0.32924864413690597,-0.03655054742515497,0.7779676686563716,-1.2217718123725576,0.941407284562451,-0.6579932280500672,-0.33663037121555756,-0.10394293925216345,1.1061030895528963,-1.265147799640061,1.0471933490323373,-0.6468291683112931,-0.3371499579030765,-0.10198972683535211,0.09000117304571391,0.09000117304571391,0.0,0.17532401897915473,0.09409888982134917,0.0316477005488299,0.0007311410133058964,0.29116954480740553,-2.6740220141074027,0,1.2577804962370864
18.41632000000029,1.1201615004489196,-1.4359161580652775,1.0381112285251506,-0.6471352769780234,-0.32876175205414854,-0.03640815658467785,1.081685412179535,-1.3193812757402525,1.253925437060155,-0.5179313298232583,-0.17358001925002464,-0.04252764066376051,1.0928152783877534,-1.2926262284879106,1.1504721096300687,-0.5816578518514318,-0.2552456714343649,-0.07213085155836287,0.09000117304571391,0.09000117304571391,0.0,0.17618320503595242,0.09449338573784416,0.0315323263823194,0.0007277962954308738,0.2907557166225905,-2.674039788625901,0,1.2547528974102862
18.42048000000029,1.11746893820704,-1.4372839639555046,1.037960118967612,-0.6462149380511253,-0.3282734136545004,-0.03626629380924517,0.7572856398500905,-1.4890414518902735,0.7481045115529442,-0.4360971009072824,-0.1938935056306965,0.0016459756702319264,0.9241395812318057,-1.3912393759419528,0.9492882090170918,-0.5081844085999715,-0.22415591075353897,-0.03490595949754179,0.09000117304571391,0.09000117304571391,0.0,0.17703213961970876,0.09488294964161714,0.03141729457659581,0.0007244527387903722,0.2903404645630414,-2.674057408760678,0,1.2517296575983308
18.424640000000288,1.1147802238754396,-1.4386497291635227,1.0378095983113957,-0.6452914395840836,-0.3277836499243291,-0.03612495749188226,1.1231398987019527,-1.1520832808336237,1.069678431112478,-0.8174641811070282,-0.3383610219729105,-0.1470046783467449,1.021942669338415,-1.2723627565812796,1.0091775387751654,-0.6636885573722906,-0.2815778350660777,-0.09053545879924159,0.09000117304571391,0.09000117304571391,0.0,0.17787089708626214,0.09526761763377356,0.03130260527373138,0.0007211106741281954,0.2899238081557781,-2.6740748765377247,0,1.2487107911107482
18.428800000000287,1.1120953704382053,-1.4400134478372282,1.0376596643696239,-0.6443648249362534,-0.32729248168931674,-0.0359841460252254,1.1173999592409831,-1.7519590946684158,1.256088701496695,-0.5595789414157528,-0.17987729170151687,-0.00607533613970794,1.068506069115455,-1.5125381231704527,1.1326212822377852,-0.6106762234607759,-0.23087733860959214,-0.047864039992808284,0.09000117304571391,0.09000117304571391,0.0,0.178699551309077,0.09564742558022754,0.031188258594853108,0.0007177704246129322,0.28950576677983997,-2.674092193952084,0,1.2456963120575058
18.432960000000286,1.1094143907001288,-1.4413751142106261,1.0375103149621172,-0.6434351371383621,-0.3267999296155312,-0.03584385780161657,1.0468807833265101,-1.5973801686410791,1.4539988199647682,-0.6085514143067711,-0.15535520204232905,-0.0770910153858815,1.0564255992275688,-1.5552830958866188,1.2931516995015269,-0.6086972652642991,-0.19301435620441976,-0.062353829208234963,0.09000117304571391,0.09000117304571391,0.0,0.17951817568278527,0.09602240911349291,0.031074254639283372,0.0007144323059656915,0.2890863596672665,-2.674109362968349,0,1.2426862343505243
18.437120000000284,1.1067372972880676,-1.44273472260317,1.0373615479153955,-0.6425024188946877,-0.32630601421049,-0.035704091213201714,0.9906978704689707,-2.1655017808850587,0.4499950039387104,-0.8109524615120222,-0.23792024600384798,-0.10040808489825923,1.0218737541207137,-1.8608926153029937,0.8713575953737857,-0.7094449048385284,-0.2149644843081479,-0.08089264760587105,0.09000117304571391,0.09000117304571391,0.0,0.18032684312598923,0.09639260363383706,0.03096059348624791,0.0007110966265860643,0.2886656059040712,-2.674126385521148,0,1.239680571705186
18.441280000000283,1.1040641026522957,-1.4440922674191041,1.0372133610626788,-0.6415667125852231,-0.32581075582421815,-0.035564844652021685,1.6585493537942173,-1.6069637668674766,1.5217206690723244,-0.5838178660142586,-0.10213054417845568,-0.17956390823095486,1.3390004575965093,-1.7341406032664428,1.1961676727316735,-0.6460492814075224,-0.15770822691319217,-0.12900895708920063,0.09000117304571391,0.09000117304571391,0.0,0.18112562608418004,0.09675804431054524,0.03084727519337671,0.0007077636876766675,0.2882435244312096,-2.674143263515631,0,1.236679337641829
18.445440000000282,1.1013948190678464,-1.4454477431468138,1.0370657522438866,-0.6406280602678284,-0.3253141746503008,-0.03542611651010935,1.175951253295075,-1.7066957332735315,1.021189934185521,-0.5532292991973431,-0.3489772328957134,0.179697557898304,1.2563246301194149,-1.721143574978442,1.1090507605459943,-0.5999416403812037,-0.25345730287534396,0.025605450308919194,0.09000117304571391,0.09000117304571391,0.0,0.18191459653277353,0.09711876608415293,0.030734299799269393,0.0007044337833658663,0.2878201340455416,-2.6741599988279368,0,1.2336825454872342
18.44960000000028,1.098729458635845,-1.446801144358176,1.0369187193056384,-0.6396865036803685,-0.3248162907269259,-0.03528790517957587,1.0236448220855145,-1.3287070412001074,0.4371291505861309,-0.7851101985182782,-0.32133682250882967,0.025199400732791394,1.1383493061692047,-1.525591950161036,0.7731377558515626,-0.6921364202798382,-0.2869037533929555,0.025360124447902203,0.09000117304571391,0.09000117304571391,0.0,0.18269382598025885,0.09747480366697081,0.03062166732178509,0.0007011072008285773,0.28739545340078737,-2.6741765933056616,0,1.2306902083761002
18.45376000000028,1.0960680332848332,-1.4481524657079174,1.0367722601012521,-0.6387420842428382,-0.324317123937924,-0.03515020905270394,0.9942365718520465,-0.9922971699855707,1.2159545787925474,-0.6429472357270742,-0.1253991422332178,-0.15160644300441978,1.0649546500099103,-1.2592029674714575,0.9942330782892354,-0.6675598626534158,-0.20553065666897066,-0.06270281105994387,0.09000117304571391,0.09000117304571391,0.0,0.18346338547082564,0.09782619154511141,0.030509377759968037,0.0006977842204057341,0.28696950100847785,-2.674193048768315,0,1.227702339252511
18.45792000000028,1.0934105547720854,-1.449501701932975,1.0366263724907436,-0.6377948430594735,-0.32381669401379926,-0.035013026522032926,0.9165286135136267,-1.3943611851359687,1.3361141438229813,-0.5971105101110362,-0.27372583524792726,-0.10002759533474456,0.9894972013107504,-1.3273535312268805,1.16496713462037,-0.6316572117993454,-0.2390625591067129,-0.08097128934227715,0.09000117304571391,0.09000117304571391,0.0,0.18422334558742426,0.09817296397987874,0.03039743109362325,0.0006944651157221734,0.28654229523889896,-2.6742093670077716,0,1.2247189508713914
18.462080000000277,1.0907570346849151,-1.4508488478518615,1.0364810543408252,-0.6368448209208508,-0.3233150205327543,-0.03487635598044562,1.3619101180745035,-1.4649613206342027,0.7812780884631331,-0.6049133540087407,-0.21127226257170006,-0.04687891956268437,1.1744465021977981,-1.3965983316367145,0.9730231587944567,-0.6175362715691265,-0.22492750030623285,-0.06428257667734437,0.09000117304571391,0.09000117304571391,0.0,0.18497377645462132,0.09851515500884067,0.03028582728374754,0.0006911501538023433,0.28611385432202996,-2.674225549788712,0,1.2217400557999543
18.466240000000276,1.0881074844419736,-1.4521938983640352,1.0363363035249034,-0.6358920583059721,-0.3228121229217098,-0.03474019582125306,1.1068878730524996,-1.4617206795240218,1.5072819854208854,-0.6983919521626452,-0.1831092502275993,0.06467522765797123,1.1392137867053198,-1.4295423161597718,1.2402902417903896,-0.6578179329378759,-0.20330317220546776,0.0004724296262117246,0.09000117304571391,0.09000117304571391,0.0,0.18571474774146712,0.09885279844754813,0.030174566273175885,0.0006878395951849353,0.2856841963484764,-2.6742415988490604,0,1.2187656664191384
18.470400000000275,1.0854619152945388,-1.453536848449274,1.0361921179230773,-0.6349365953843377,-0.32230802045731666,-0.03460454443827657,1.2719241378336064,-1.7065137433922757,1.2903096149472044,-0.549264528100533,-0.4397263842563807,0.04288090916344134,1.20442643769263,-1.5689446051153582,1.265389526952912,-0.6030678269470828,-0.3214904381974431,0.021646292389879716,0.09000117304571391,0.09000117304571391,0.0,0.18644632866447353,0.09918592789104386,0.030063647986587644,0.0006845336940355881,0.28525333927039703,-2.67425751590041,0,1.215795794925035
18.474560000000274,1.0828203383277972,-1.454877693167053,1.0360484954221358,-0.6339784720180057,-0.32180273226696127,-0.03446940022592961,1.111199632410326,-1.9100291025707763,1.1498466091262936,-0.6073056942549238,-0.25461836016689043,0.07576111846766737,1.156547494756204,-1.7400185333802811,1.207775521606702,-0.6043643648634389,-0.2882058022316545,0.04837271723086937,0.09000117304571391,0.09000117304571391,0.0,0.18716858799028468,0.09951457671462771,0.02995307233115488,0.0006812326982580634,0.2848213009024245,-2.6742733026284466,0,1.2128304533303074
18.478720000000273,1.0801827644621154,-1.456216427655927,1.0359054339155553,-0.6330177277636394,-0.32129627732976707,-0.03433476157929684,1.1122829955381401,-1.067045993174371,0.5949917166505836,-0.771684334076212,-0.45515037103727896,-0.09907053147088991,1.1328071903801946,-1.4044748599302344,0.9011736656022413,-0.6867326553211175,-0.37137589771769386,-0.025530961562375755,0.09000117304571391,0.09000117304571391,0.0,0.1878815940387808,0.09983877807612185,0.02984283919612213,0.0006779368496041451,0.2843880989225813,-2.674288960693364,0,1.209869653465597
18.48288000000027,1.0775492044543047,-1.457553047132917,1.0357629313034962,-0.63205440187454,-0.3207886744775862,-0.03420062689421481,1.3788623326189182,-1.5634791979229878,1.2125294433810136,-0.6830642440394789,-0.30843776803408113,-0.09846534665618285,1.2544146182151963,-1.4846205282504255,1.0566474716672671,-0.6843643259075753,-0.3395044977736211,-0.06129315806954064,0.09000117304571391,0.09000117304571391,0.0,0.18858541468544332,0.10015856491653763,0.029732948454097963,0.0006746463837813916,0.2839537508731892,-2.674304491730269,0,1.2069134069809262
18.48704000000027,1.074919668898877,-1.4588875468929003,1.035620985492799,-0.6310885333026696,-0.32027994239598795,-0.034066994567347145,1.3945801137648541,-1.7371342060045065,0.649782570287567,-0.8170238488873982,-0.36224144331558067,-0.17459768176496493,1.322798329418165,-1.6116320004280011,0.8528497612081116,-0.750381922883138,-0.3511529583747305,-0.11829656551245181,0.09000117304571391,0.09000117304571391,0.0,0.1892801173644767,0.10047396996181535,0.029623399961279967,0.0006713615305597696,0.28351827416177316,-2.674319897349584,0,1.203961725347086
18.49120000000027,1.0722941682292908,-1.4602199223080055,1.0354795943969812,-0.6301201607006595,-0.31977009962523933,-0.03393386299625866,1.0069207817520542,-2.118475912724387,1.2553397896727199,-0.7780298517481756,-0.407905093556001,-0.03403212615568312,1.163238850107647,-1.8659054178418126,1.0540259305139752,-0.7641004086242326,-0.37977354900660953,-0.07574875841222874,0.09000117304571391,0.09000117304571391,0.0,0.18996576907172447,0.10078502572392556,0.02951419355682347,0.0006680825138767293,0.28308168606196016,-2.6743351791374423,0,1.2010146198570177
18.495360000000268,1.0696727127191916,-1.4615501688270107,1.0353387559362333,-0.6291493224238054,-0.31925916456128056,-0.03380123057949202,1.4896103221856518,-1.554750090650509,1.2973907757115914,-0.7202042731058496,-0.28544407122317,-0.11461057381103074,1.324927866693387,-1.710921095202016,1.1754703735235184,-0.7416746441271327,-0.3317479434384549,-0.09455407444112457,0.09000117304571391,0.09000117304571391,0.0,0.19064243636695255,0.10109176450261781,0.029405329064350033,0.0006648095519406242,0.2826440037143717,-2.6743503386560743,0,1.1980721016271834
18.499520000000267,1.0670553124836415,-1.462878281974747,1.035198468037414,-0.6281760565320527,-0.31874715545669285,-0.033669095716638,0.65464936681473,-1.6909929445959726,1.0245627211865935,-0.5503190272045204,-0.42138318568624444,0.17421568698965173,0.9886365209676615,-1.7018342152747767,1.1003757252613688,-0.6446829477781638,-0.3761414699487703,0.04083763612381466,0.09000117304571391,0.09000117304571391,0.0,0.1913101853769965,0.1013942183864237,0.02929680629089068,0.00066154285733268,0.2822052441275111,-2.6743653774441913,0,1.1951341815989291
18.503680000000266,1.0644419774803415,-1.464204257351504,1.0350587286340456,-0.6272004007919665,-0.3182340904216615,-0.03353745680841005,1.2879027550928939,-1.2360028062299107,0.6934300655617089,-0.6475786709431216,-0.4203069895723393,0.09065400695600742,1.1369247630893557,-1.4697910660067026,0.8970906072315025,-0.6461189553607183,-0.3974575451999987,0.06478013122987586,0.09000117304571391,0.09000117304571391,0.0,0.19196908179848826,0.10169241925387817,0.02918862502903813,0.0006582826371073626,0.2817654241786451,-2.67438029701736,0,1.1922008705398386
18.507840000000265,1.061832717510847,-1.4655280906324413,1.0349195356663092,-0.6262223926786907,-0.3177199874249333,-0.033406312256709696,0.7928656225311916,-1.8850343126912328,1.2107570544465232,-0.7775393668752978,-0.3565731052259042,0.00502659266570421,0.9632735373128828,-1.6781575907115838,1.0539361338367976,-0.7108645104296206,-0.376857329929651,0.03507405800156998,0.09000117304571391,0.09000117304571391,0.0,0.19261919089995083,0.10198639877538629,0.029080785055250885,0.0006550290928916441,0.2813245606146802,-2.674395098868371,0,1.1892721790450766
18.512000000000263,1.0592275422217725,-1.4668497775670029,1.0347808870810395,-0.6252420693778966,-0.3172048642947658,-0.033275660464699035,1.1895187518392447,-1.456155265027717,1.6901129936326713,-0.6852789675744472,-0.12014591603497227,-0.22901964631135951,1.0749700512114457,-1.56740558398358,1.3715527175192788,-0.6969596565901203,-0.24812878126351834,-0.09698298665548517,0.09000117304571391,0.09000117304571391,0.0,0.19326057752561088,0.10227618841391795,0.02897328613157854,0.000651782420982299,0.28088267005303347,-2.674409784467605,0,1.1863481175387245
18.516160000000262,1.0566264611059903,-1.4681693139783356,1.0346427808317193,-0.6242594677877144,-0.31668873871987296,-0.03314549983686585,1.1114850476028,-1.12223568077723,1.2310339101003032,-0.7895536471744127,-0.41491274731563293,-0.19788219285466346,1.0915830026707565,-1.3456822039105523,1.3008798456392423,-0.7420228375426544,-0.3307022058795337,-0.14699545123353439,0.09000117304571391,0.09000117304571391,0.0,0.19389330609697453,0.10256181942677589,0.028866128005036518,0.0006485428124422346,0.28043976898249756,-2.6744243552633873,0,1.1834286962751062
18.52032000000026,1.0540294835038209,-1.4694866957627122,1.034505214878473,-0.6232746245206575,-0.31617162825036327,-0.03301582877909121,1.1543076767813367,-1.800894400021692,0.9281996661693522,-0.5816202978977179,-0.34952104095374525,0.06797237250524105,1.1217346820058163,-1.574018076335537,1.114679437230068,-0.661185900676687,-0.340304947995006,-0.039962181353531995,0.09000117304571391,0.09000117304571391,0.0,0.19451744061612208,0.1028433228668324,0.02875931040912072,0.0006453104531951317,0.27999587376410073,-2.6744388126823417,0,1.1805139253401062
18.52448000000026,1.0514366186042146,-1.4708019188889567,1.0343681871880617,-0.6222875759055326,-0.3156535502986718,-0.03288664569871074,0.9913972773335727,-1.476339154422653,1.3922754837833597,-0.6366466596847119,-0.37022422955751855,0.10441233379070067,1.0552405346941613,-1.525947407826714,1.253695779587457,-0.6487608946792978,-0.3555413993141795,0.03259955010618749,0.09000117304571391,0.09000117304571391,0.0,0.19513304466804815,0.10312072958345042,0.028652833062114025,0.0006420855241185276,0.27955100063196103,-2.674453158129735,0,1.1776038146524783
18.52864000000026,1.0488478754459256,-1.4721149793978754,1.034231695733876,-0.6212983579893381,-0.31513452214048837,-0.03275794900458275,0.80334000707413,-1.1587435437478095,1.6279461895240472,-0.6858956120161311,-0.2041232651095223,0.1832225110286239,0.9278605955584571,-1.3427696279425916,1.4412043267050354,-0.6667153344869632,-0.2788076391973979,0.10808129855206376,0.09000117304571391,0.09000117304571391,0.0,0.19574018142375804,0.10339407022415525,0.0285466956692427,0.0006388682011358993,0.2791051656941359,-2.674467392989817,0,1.1746983739651444
18.532800000000258,1.0462632629186792,-1.4734258734016907,1.0340957384959295,-0.620307006539149,-0.31461456091567785,-0.03262973710714735,1.0552216279567073,-1.0303279582652878,1.3058339711032572,-0.6621013292074951,-0.24775631849652202,-0.003413832600336515,0.9901637527450732,-1.1870622917380969,1.3735104806262017,-0.663880317340721,-0.2631113403412136,0.052639156732857136,0.09000117304571391,0.09000117304571391,0.0,0.19633891364208989,0.10366337523599067,0.028440897922269365,0.0006356586553073468,0.2786583849334654,-2.674481518626158,0,1.1717976128664866
18.536960000000256,1.0436827897643293,-1.474734597083479,1.0339603134608524,-0.6193135570439937,-0.3140936836291945,-0.03250200841848712,0.8975515031701422,-0.9971296457858545,1.0601961505390372,-0.508837606358735,-0.3667137863615328,-0.06091325476801397,0.9427965650709011,-1.0928578126735897,1.2167228886928407,-0.585384404628544,-0.3147044811679869,-0.0033908892476072665,0.09000117304571391,0.09000117304571391,0.0,0.19692930367314654,0.10392867486634438,0.02833543949929887,0.0006324570529183113,0.27821067420841095,-2.6744955363819747,0,1.1689015407816294
18.541120000000255,1.0411064645780097,-1.4760411466966123,1.033825418621884,-0.6183180447167147,-0.3135719071519923,-0.032374761352388495,1.2456544131808494,-1.7102628208259485,1.4450890912254621,-0.745742942183903,-0.3417562546454221,-0.13325975271304452,1.092675255430867,-1.4022756294738332,1.3306305573005939,-0.6649623054002336,-0.3281568094969369,-0.06838709679333059,0.09000117304571391,0.09000117304571391,0.0,0.19751141346024093,0.1041899991645242,0.028230320065439962,0.0006292635555676439,0.2777620492538887,-2.6745094475804554,0,1.1660101669737144
18.545280000000254,1.0385342958092771,-1.4773455185642037,1.0336910519788658,-0.6173205044958209,-0.3130492482219285,-0.03224799432440033,0.8943640832110478,-1.9959376366389057,0.7114413550522865,-0.7797768163710052,-0.15952788254459227,-0.21408830960232256,0.9918959122755407,-1.6994441636603412,1.0205859254915621,-0.7221428141403539,-0.2431015346425329,-0.14103582113473173,0.09000117304571391,0.09000117304571391,0.0,0.19808530454291695,0.10444737798312609,0.028125539273255173,0.000626078320254117,0.2773125256820971,-2.6745232535250794,0,1.1631235005451634
18.549440000000253,1.0359662917632466,-1.4786477090785564,1.033557211538233,-0.6163209710473259,-0.3125257234446604,-0.03212170575189045,0.9785282485266806,-1.743861528611066,1.3741443057648,-0.63503829029448,-0.08770178988212649,0.10929683172755215,0.9838896717201758,-1.721835832905261,1.1975940299450414,-0.6778969966656611,-0.16528717060461068,-0.01545567785730221,0.09000117304571391,0.09000117304571391,0.0,0.19865103805912154,0.10470084097887011,0.028021096762997383,0.0006229014994614799,0.2768621189833399,-2.6745369554999296,0,1.1602415504389383
18.55360000000025,1.0334024606017191,-1.479947714700617,1.0334238953130075,-0.6153194787665764,-0.31200134929453877,-0.03199589405410118,0.8408926230911582,-1.3808454776793222,1.1916333723809194,-0.7436049582685933,-0.3765354653529672,-0.09644765299111045,0.910841249165441,-1.552123458808464,1.1944134950802685,-0.7096788552481462,-0.26993286293821067,-0.05615994453718695,0.09000117304571391,0.09000117304571391,0.0,0.1992086747480284,0.10495041761440249,0.02791699216241922,0.0006197332412424311,0.27641084452684384,-2.674550554770002,0,1.1573643254397872
18.55776000000025,1.0308428103443021,-1.4812455319594315,1.03329110132279,-0.6143160617800685,-0.31147614211549285,-0.03187055765220546,1.330343329195738,-1.3765131816023057,0.7694423316752627,-0.5321637313972529,-0.2901349152076358,-0.09734630125296329,1.1194877157603405,-1.4649204609277708,0.9817199687779695,-0.6206327013547142,-0.28008194230056704,-0.07555156860338061,0.09000117304571391,0.09000117304571391,0.0,0.199758274952333,0.10519613715871245,0.027813225087009674,0.0006165736893009613,0.27595871756157064,-2.674564052581507,0,1.1544918341754853
18.56192000000025,1.0282873488695219,-1.482541157451606,1.0331588275937509,-0.6133107539472518,-0.31095011812191325,-0.03174569496936202,1.130480253670198,-2.149358208549291,0.965886046716461,-0.5106216004103936,-0.10438398551483857,-0.07622093693537504,1.1239191500217067,-1.8073617188941147,0.9736437300393255,-0.5642717140583009,-0.19201380857127387,-0.07558348418866064,0.09000117304571391,0.09000117304571391,0.0,0.20029989862098385,0.10543802868936858,0.02770979514087421,0.0006134229830740258,0.2755057532170249,-2.67457745016217,0,1.1516240851180672
18.566080000000248,1.0257360839159289,-1.4838345878407708,1.0330270721586228,-0.6123035888623232,-0.3104232933995251,-0.031621304430766765,0.915144397716686,-1.779411066173577,0.9832895026763275,-0.6900660049137586,-0.21919459650026474,-0.2155877136703958,1.0180916702631533,-1.793843132847069,0.9780164840397894,-0.6255617824348922,-0.20511320267847952,-0.14471899639661895,0.09000117304571391,0.09000117304571391,0.0,0.20083360531149208,0.10567612109304991,0.02760670191654649,0.0006102812578112716,0.27505196650405606,-2.6745907487215232,0,1.1487610865850493
18.570240000000247,1.0231890230831955,-1.485125819857047,1.0328958330566906,-0.6112945998560085,-0.3098956839062584,-0.03149738446370475,1.4282558734845932,-1.6681387374241607,0.9767537609521924,-0.6150436411856647,-0.45726602908610936,-0.017972977179364108,1.2218974207624014,-1.7319416678613295,0.9773480696935378,-0.6203282153977626,-0.33092714224751435,-0.0815172468311902,0.09000117304571391,0.09000117304571391,0.0,0.20135945419246437,0.10591044306672137,0.027503944995442148,0.0006071486446539255,0.2745973723156552,-2.674603949451196,0,1.1459028467406458
18.574400000000246,1.0206461738332067,-1.4864148502965182,1.0327651083337839,-0.6102838199973335,-0.3093673054731128,-0.03137393349760033,0.5305987466849131,-2.1765161455410413,1.1346178109282161,-0.6118158681887802,-0.2616062978946378,0.007907944998873852,0.8749698023579807,-1.954775057779645,1.0559994621326165,-0.6156471335472128,-0.29679686025830315,-0.03631656927800751,0.09000117304571391,0.09000117304571391,0.0,0.20187750404603433,0.10614102311924012,0.027401523947456985,0.0006040252707124516,0.27414198542774765,-2.6746170535251976,0,1.143049373596975
18.578560000000245,1.0181075434911426,-1.4877016760207058,1.0326348960422669,-0.6092712820953833,-0.30883817380501594,-0.03125094996406875,0.6846995174941968,-1.7726199248218553,1.005204265489986,-0.5832701718082502,-0.33149804965977653,0.07635345722553102,0.778619290382416,-1.8643870614036495,1.0307593923500395,-0.5990504973540738,-0.31350166352705006,0.02045792785128534,0.09000117304571391,0.09000117304571391,0.0,0.20238781327041022,0.10636788957243193,0.02729943833184903,0.0006009112591429955,0.2736858204999801,-2.6746300621001975,0,1.1402006750152591
18.582720000000243,1.015573139246555,-1.488986293956046,1.0325051942410295,-0.6082570187010504,-0.30830830448167573,-0.03112843229696411,0.8167717532597314,-1.0762785072809402,0.7422020316045128,-0.8021171066542946,-0.3602391743561442,0.033607679384359095,0.796025900817755,-1.4710776683456686,0.8865475624351474,-0.6998458287492627,-0.3363328398324275,0.027528840754410755,0.09000117304571391,0.09000117304571391,0.0,0.20289043988210764,0.10659107056195627,0.027197687697480613,0.000597806729222331,0.2732288920765024,-2.6746429763157993,0,1.1373567587070146
18.586880000000242,1.013042968154435,-1.4902687010933728,1.0323760009954777,-0.6072410621087727,-0.30777771295842943,-0.031006378932426148,1.6741413270804149,-1.4749603163019849,1.309466412663587,-0.44829450720873776,-0.391397214141384,-0.33735858252522605,1.234156291756763,-1.4738331992603313,1.0973077537610927,-0.573592316088382,-0.3638206534985898,-0.15465248480623278,0.09000117304571391,0.09000117304571391,0.0,0.20338544151861715,0.10681059403892412,0.027096271582632933,0.0005947117964221389,0.27277121458674514,-2.674655797294813,0,1.134517632235235
18.59104000000024,1.0105170371362757,-1.4915488944874025,1.0322473143775237,-0.6062234443582588,-0.30724641456708496,-0.03088478830892775,0.672614122455787,-2.147443881848417,0.42874914351811755,-0.6332341867960412,-0.430451826527516,-0.004666276893176006,0.9520631618328006,-1.8115388085905242,0.7630138489813644,-0.6029251284548756,-0.3970227368443108,-0.07956525785159557,0.09000117304571391,0.09000117304571391,0.0,0.20387287544033206,0.1070264877708772,0.026995189515462314,0.0005916265724816498,0.2723128023461915,-2.6746685261435186,0,1.1316833030155666
18.59520000000024,1.007995352981125,-1.4928268712562223,1.0321191324655765,-0.6052041972362049,-0.30671442451675807,-0.030763658867320444,0.7059059297087811,-1.7751381716974728,1.2772193008149684,-0.6688873095237771,-0.46260680186987413,-0.059823480895685184,0.8275904238728391,-1.7943013326789083,1.0199952049258987,-0.6353570729439116,-0.4293833166324273,-0.06943741377194082,0.09000117304571391,0.09000117304571391,0.0,0.20435279853365862,0.10723877934266446,0.02689444101402952,0.000588551165479361,0.2718536695571449,-2.6746811639519303,0,1.128853778317474
18.59936000000024,1.0054779223466332,-1.4941026285807835,1.0319914533445311,-0.6041833522779976,-0.3061817578947049,-0.03064298905087974,0.5152581091959141,-1.4434087832678655,0.6368890926351527,-0.5859277380122094,-0.4215184194398416,0.18967494869044316,0.670202185546247,-1.6197290461114986,0.8288351721393968,-0.610076830029407,-0.4255968430753958,0.05953202562959944,0.09000117304571391,0.09000117304571391,0.0,0.20482526731284967,0.10744749615828342,0.02679402558697161,0.000585485679903788,0.2713938303094918,-2.6746937117940526,0,1.1260290652654
18.603520000000238,1.0029647517600941,-1.4953761637043965,1.031864275105759,-0.6031609407694078,-0.3056484296671469,-0.030522777305347554,1.1462766778518567,-1.797648987315342,0.9696425544076441,-0.5830709922764431,-0.18145197330977492,0.11975203339297044,0.9070279835138493,-1.7090686203763883,0.8994883423371965,-0.5956097238173252,-0.303086193593595,0.08992041682823408,0.09000117304571391,0.09000117304571391,0.0,0.20529033792216755,0.10765266544144303,0.02669394273289072,0.0005824302167227359,0.2709332985814589,-2.6747061707281334,0,1.1232091708399174
18.607680000000236,1.0004558476194763,-1.4966474739322302,1.0317375958470965,-0.6021369937482755,-0.3051144546800923,-0.030403022078977097,1.2973853996310025,-1.600677253378704,1.1067502027403289,-0.5208411118042312,-0.16398663221800963,0.002275581644097184,1.1011259419332853,-1.6552142786862245,1.003124186461011,-0.5581596111644789,-0.23305829561942717,0.046714046908807295,0.09000117304571391,0.09000117304571391,0.0,0.20574806613912222,0.10785431423687752,0.026594191941882506,0.000579384873451464,0.2704720882403663,-2.6747185417969135,0,1.1203941018788717
18.611840000000235,0.9979512161944505,-1.4979165566308141,1.0316114136728358,-0.6011115420061786,-0.30457984766015234,-0.030283721822571368,0.8838141915765321,-1.9066115524531602,1.004691783934686,-0.5904207455626571,-0.2590780741600123,0.12981803486887486,0.9912385632710674,-1.7814546848192796,1.0041785330781363,-0.573362557588988,-0.24552065007213728,0.08801108303292608,0.09000117304571391,0.09000117304571391,0.0,0.20619850737563217,0.10805246941155722,0.0264947726936427,0.0005763497442202298,0.27001021304337536,-2.674730826027872,0,1.1175838650785168
18.616000000000234,0.9954508636274084,-1.4991834092275447,1.0314857266937127,-0.6000846160900979,-0.3040446232153515,-0.030164874989529387,0.8949528862568805,-1.1591080069095254,0.9316749314065442,-0.6754965019164488,-0.3146341040175528,-0.23224932993445407,0.9416910844049262,-1.470933037756789,0.9674413520349987,-0.624926170985821,-0.2792954511629786,-0.0712326324631576,0.09000117304571391,0.09000117304571391,0.0,0.20664171668127596,0.10824715765568838,0.02639568446027922,0.0005733249198402466,0.26954768663823253,-2.6747430244334676,0,1.1147784669946443
18.620160000000233,0.9929547959344748,-1.5004480292101945,1.0313605330268967,-0.5990562463040661,-0.30350879583593293,-0.03004648003588069,0.8783579798405983,-1.5402298124111842,1.2841356687475698,-0.6878487917351451,-0.4410180381277936,0.017345359761954813,0.9085920129679584,-1.5064998137162924,1.125825966308024,-0.6557244582688375,-0.3598583513859073,-0.026546367114837776,0.09000117304571391,0.09000117304571391,0.0,0.2070777487451626,0.10843840548414518,0.026296926703992918,0.0005703104878689029,0.2690845225640076,-2.6747551380113745,0,1.1119779140437027
18.624320000000232,0.9904630190065131,-1.5017104141264244,1.0312358307959786,-0.5980264627108084,-0.3029723798951582,-0.029928535420329402,1.237301313696453,-1.3990529615298641,0.997767216579051,-0.6155706545228175,-0.3538331365976296,0.09817670716509873,1.0716675006679282,-1.4535110230336559,1.062000996883027,-0.635124204720253,-0.3571227821618403,0.03527978915108459,0.09000117304571391,0.09000117304571391,0.0,0.20750665789812794,0.10862623923694126,0.026198498879462837,0.0005673065326736589,0.26862073425182764,-2.674767167744718,0,1.1091822125039108
18.62848000000023,0.9879755386101241,-1.5029705615832998,1.0311116181309607,-0.5969952951333735,-0.30243538965010364,-0.02981103960428828,1.1247955225352986,-1.3662458990197388,1.0818578276733126,-0.5704903856183415,-0.2403826638400956,0.016078938166425683,1.0970431062637602,-1.4103783870044535,1.0719638151847455,-0.6017662322252,-0.29849685255862435,0.02528619243035719,0.09000117304571391,0.09000117304571391,0.0,0.20792849811536596,0.10881068508109581,0.026100400431955273,0.0005643131354952466,0.26815633502560665,-2.6747791146023014,0,1.1063913685163635
18.63264000000023,0.9854923603886376,-1.50422846924681,1.0309878931682444,-0.595962773156752,-0.30189783924244923,-0.029693991051920585,1.196443362958795,-1.7974377193652793,0.8713003213815911,-0.6499081512908976,-0.1586662905881155,-0.11542910019623288,1.1453917709797663,-1.6042407328029633,0.971389904744625,-0.6256566112749993,-0.22861460455432486,-0.044740177642067586,0.09000117304571391,0.09000117304571391,0.0,0.2083433230183196,0.10899176901132623,0.026002630799496107,0.0005613303745096131,0.2676913381027697,-2.674790979538835,0,1.1036053880861294
18.63680000000023,0.9830134898630981,-1.5054841348413903,1.0308646540506186,-0.5949289261294866,-0.30135974269926363,-0.02957738823017282,1.0149022182362717,-1.1041138437575508,0.775533750507386,-0.5904530796201994,-0.32444066982424746,0.11180108921225053,1.0789155883132553,-1.3548506878645639,0.8736940830289349,-0.6069184854883053,-0.2755251780004451,0.032999743265974504,0.09000117304571391,0.09000117304571391,0.0,0.2087511858770571,0.10916951685117227,0.025905189411408958,0.0005583583248887675,0.26722575659497333,-2.6748027634951557,0,1.100824277083341
18.640960000000227,0.9805389324332429,-1.5067375561494478,1.0307418989272485,-0.5938937831652711,-0.30082111393378436,-0.029461229608813495,0.823517820209775,-1.34419347136715,1.32693975350904,-0.5126593396506043,-0.18646959017722745,-0.11138257823831398,0.9501472602348611,-1.3499091870441315,1.1000899087178417,-0.5591504387905324,-0.2313249157605831,-0.03989929409100303,0.09000117304571391,0.09000117304571391,0.0,0.20915213961255097,0.10934395425401555,0.02580807568941862,0.0005553970588607479,0.2667596035088209,-2.6748144673984457,0,1.0980480412442781
18.645120000000226,0.9780686933784739,-1.5079887310108904,1.0306196259536633,-0.5928573731445391,-0.30028196674619295,-0.029345513660467212,0.613542668988518,-1.4543427932896869,0.763129791612554,-0.7587188520505578,-0.24475989768611003,-0.023253029854227645,0.7802636243041252,-1.4026361141445407,0.9315610451698374,-0.6585026830960616,-0.2378974195496079,-0.03249971565645751,0.09000117304571391,0.09000117304571391,0.0,0.20954623679890716,0.1095151067044241,0.025711289047901265,0.0005524466457688597,0.2662928917465732,-2.67482609216245,0,1.0952766861724446
18.649280000000225,0.9756027778588238,-1.5092376573226587,1.0304978332917438,-0.5918197247160426,-0.2997423148243844,-0.029230238860647663,0.4649373431016268,-0.9579235676976753,1.2443029084355384,-0.3745620495260866,-0.32259863600078004,-0.013612435529351614,0.6218182218504538,-1.1809473984298342,1.0879044761616208,-0.516080660752583,-0.28039954993307986,-0.022395854573392545,0.09000117304571391,0.09000117304571391,0.0,0.20993352966528278,0.10968299951896499,0.025614828893492703,0.0005495071521295044,0.26582563410685545,-2.674837638687685,0,1.092510217339635
18.653440000000224,0.9731411909159137,-1.5104843330382618,1.0303765191097114,-0.5907808662984211,-0.2992021717447324,-0.02911540368779216,0.906571828552909,-1.4803106384501654,0.7023937701421625,-0.47704059587541325,-0.14253951602140702,-0.04560458662181181,0.763202952292982,-1.330927109370917,0.8950516802782692,-0.4956808305029446,-0.21171007189547103,-0.03405208192855702,0.09000117304571391,0.09000117304571391,0.0,0.21031407009855718,0.10984765784744799,0.02551869462512367,0.0005465786416892502,0.2653578432853584,-2.6748491078616485,0,1.0897486400869976
18.657600000000222,0.9706839374739064,-1.5117287561673154,1.0302556815821142,-0.5897408260817595,-0.2986615509728493,-0.029001006623296015,1.1282277504925498,-1.3832634364860534,1.2100937299273504,-0.5972485855557932,-0.3893065669105506,0.03435251848462132,0.9444740665120547,-1.3579058301960778,1.0526464614936717,-0.5456987429518345,-0.3002831177150971,9.792558806702049e-05,0.09000117304571391,0.09000117304571391,0.0,0.21068790964499395,0.11000910667385178,0.02542288563555438,0.0005436611754811115,0.264889531875536,-2.674860500559024,0,1.0869919596260875
18.66176000000022,0.9682310223404517,-1.5129709247750835,1.0301353188898161,-0.5886996320291377,-0.2981204658643413,-0.028887046151540346,0.6420018064768225,-1.3143338272074228,1.4056019992432165,-0.6209031216319231,-0.4065297231494808,0.04603566315734925,0.7919428210851487,-1.336963676469573,1.229222892239665,-0.5825563778893922,-0.35408112606381087,0.022852656353937854,0.09000117304571391,0.09000117304571391,0.0,0.2110550995127657,0.11016737081746686,0.025327401309486908,0.0005407548118796556,0.2644207123692986,-2.6748718176418813,0,1.0842401810399136
18.66592000000022,0.965782450207626,-1.5142108369820233,1.030015429219983,-0.5876573118781686,-0.29757892966555893,-0.028773520759927826,1.0897372898053423,-1.2121208918734263,0.9787215640642654,-0.6255158610090823,-0.39187793298935264,-0.016319589182429914,0.9395397263946229,-1.2753565357399448,1.1039377507595445,-0.6033803542291984,-0.3729624641510835,0.002682535039685338,0.09000117304571391,0.09000117304571391,0.0,0.2114156905739497,0.11032247493382763,0.025232241025740926,0.000537859606655291,0.263951397157701,-2.674883059959877,0,1.0814933092839787
18.67008000000022,0.9633382256528654,-1.515448490963333,1.0298960107660708,-0.5866138931425273,-0.29703695551434267,-0.028660428938909206,1.3737459430841084,-1.1419007125875358,0.8364099162017842,-0.8221431259321241,-0.21923632346875724,-0.0806450770681731,1.1549338078082245,-1.209085238363612,0.9700050226526006,-0.7117709135002508,-0.29536735425243565,-0.03936090072184631,0.09000117304571391,0.09000117304571391,0.0,0.2117697333666374,0.11047444351607605,0.025137404155795046,0.0005349756130277228,0.2634815985316269,-2.674894228350446,0,1.0787513491873126
18.674240000000218,0.9608983531398926,-1.516683884948503,1.0297770617278124,-0.5855694031134703,-0.29649455644076284,-0.02854776918201585,0.08538163865379467,-1.5642736146827805,1.1714612136289944,-0.4741658709394538,-0.12754710568195024,-0.1703196745675408,0.619163312184161,-1.3869477292861845,1.0703804371364263,-0.5926587133634631,-0.21121645710715573,-0.10491330074350474,0.09000117304571391,0.09000117304571391,0.0,0.21211727809705005,0.11062330089557948,0.02504289006510793,0.0005321028817183166,0.2630113286824681,-2.674905323638997,0,1.076014305453497
18.678400000000217,0.958462837019637,-1.517917017220869,1.0296585803112046,-0.5845238688613449,-0.29595174536785623,-0.028435539985886802,0.7947566462073039,-1.4472253328191065,0.7701057603180572,-0.5075869219509206,-0.2566208328612345,0.017528723698032152,0.705904261289571,-1.417621299377665,0.9202783799576728,-0.5495605865931374,-0.2336355694355198,-0.04414401519063322,0.09000117304571391,0.09000117304571391,0.0,0.21245837464171402,0.11076907124297897,0.02494869811230148,0.0005292414610016813,0.2625405997028005,-2.674916346639097,0,1.0732821826616854
18.682560000000215,0.9560316815311491,-1.5191478861171703,1.029540564728495,-0.5834773172370891,-0.2954085351123581,-0.028323739850299064,1.0983684376718508,-2.1650199932080985,1.3877918044790043,-0.6063648764276018,-0.29152997402385905,0.04546669362149412,0.9008761382065742,-1.791933028834226,1.1541325806849854,-0.5771242449498147,-0.262204605436692,0.0008250287191257624,0.09000117304571391,0.09000117304571391,0.0,0.2127930725495355,0.11091177856977519,0.024854827650697423,0.0005263913967567634,0.2620694235870549,-2.674927298152662,0,1.070554985267614
18.686720000000214,0.9536048908025087,-1.5203764900271095,1.0294230131981692,-0.5824297748737214,-0.2948649383854267,-0.028212367278191507,1.07928030348249,-1.5244881724191988,0.67311935004449,-0.5443619220502727,-0.3408022764954911,-0.23421443570690487,0.9889466977446233,-1.6589179809718193,0.9131346930840936,-0.5604977752069156,-0.3013094556385858,-0.11632038682733092,0.09000117304571391,0.09000117304571391,0.0,0.21312142104388243,0.11105144672863565,0.024761278026431646,0.0005235527325163186,0.2615978122321835,-2.674938178970135,0,1.0678327176046065
18.690880000000213,0.9511824688517261,-1.5216028273929152,1.0293059239449371,-0.5813812681878214,-0.2943209677933667,-0.028101420775696544,0.9020354897348666,-1.4923454028304728,1.3608367093793483,-0.6878376622506658,-0.17857113836478855,-0.12714822598470543,0.9440590096578592,-1.5760036016853594,1.13672502433954,-0.6237779741568826,-0.23915351719492273,-0.12204852742131336,0.09000117304571391,0.09000117304571391,0.0,0.2134434690245104,0.11118809941487928,0.024668048580631957,0.0005207255095162286,0.2611257774383227,-2.674948989870669,0,1.0651153838845744
18.695040000000212,0.9487644195876386,-1.5228268967089083,1.0291892951997197,-0.5803318233810014,-0.2937766358383454,-0.027990898852162688,0.356321953903429,-1.7258317196413595,0.8048383315860704,-0.38037413746682036,-0.26557565967791535,0.01634748811068873,0.6493953713051009,-1.6514714470933967,0.9708125410294153,-0.5021730563087062,-0.2521953890389349,-0.05246659867895288,0.09000117304571391,0.09000117304571391,0.0,0.21375926506981702,0.11132176016710993,0.024575138648389797,0.0005179097667435959,0.2606533309094513,-2.6749597316223017,0,1.0624029881990054
18.69920000000021,0.9463507468107996,-1.5240486965210711,1.0290731251996357,-0.5792814664413674,-0.29323195491910614,-0.0278808000201813,0.7935650480788463,-1.1188731890694814,1.1902692005634017,-0.6877431713216934,-0.3458427773222572,-0.17553294814106163,0.7200510016747339,-1.3858886138042565,1.0801772399014995,-0.595075552577502,-0.2986862835078749,-0.11396154910337664,0.09000117304571391,0.09000117304571391,0.0,0.21406885743872717,0.11145245236860024,0.024482547558799625,0.0005151055409842618,0.2601804842540443,-2.67497040498213,0,1.0596955345199504
18.70336000000021,0.9439414542143622,-1.5252682254266197,1.0289574121879872,-0.5782302231449717,-0.2926869373316755,-0.027771122795613164,0.7723683469142242,-1.367960443226238,1.4393627567427756,-0.36354513531623045,-0.19699555008871095,-0.09593215195430556,0.745453277577546,-1.3773349652906774,1.2595721038981453,-0.47903689377266645,-0.24745447507545903,-0.10452884079292755,0.09000117304571391,0.09000117304571391,0.0,0.21437229407285285,0.11158019924803808,0.024390274636497317,0.0005123128668693799,0.25970724898572295,-2.6749810106964826,0,1.0569930267009997
18.70752000000021,0.9415365453849569,-1.5264854820735783,1.0288421544142472,-0.577178119057256,-0.2921415952700668,-0.027661865697608576,1.2600009853172252,-1.2842098035681053,1.1600630571278563,-0.7529162001494625,-0.23091491455120827,0.0543121447871808,1.0011637452877504,-1.3312520326737065,1.2099297668055122,-0.61550562955755,-0.2391840289439964,-0.025077605335755003,0.09000117304571391,0.09000117304571391,0.0,0.21466962259833644,0.11170502388059644,0.024298319199562476,0.0005095317769210961,0.2592336365239004,-2.6749915495010854,0,1.0542954684782562
18.711680000000207,0.9391360238035632,-1.5277004651603574,1.0287273501340446,-0.5761251795344848,-0.29159594082697887,-0.02755302724863611,0.16239079401316514,-1.6597263396980786,1.2105563684138643,-0.4244611068102797,-0.4059128321926874,-0.14495269737533065,0.5808868649276442,-1.4963365983214616,1.2099425068295393,-0.5191932320719472,-0.32214022137624515,-0.08545572981382525,0.09000117304571391,0.09000117304571391,0.0,0.21496089032802324,0.11182694918879121,0.02420668056191165,0.000506762301597638,0.25875965819442304,-2.6750020221212294,0,1.0516028634712982
18.715840000000206,0.936739892846375,-1.5289131734353345,1.028612997609151,-0.5750714297251702,-0.2910499859944907,-0.02744460597450137,1.0451589241402446,-1.4313430820077386,0.9056407127965579,-0.5102751221229838,-0.3265208987426277,0.133219954438169,0.8119631226680291,-1.4645189373172292,1.0580660312815282,-0.5139350173455242,-0.3241389163420059,0.024129123087112684,0.09000117304571391,0.09000117304571391,0.0,0.21524614426331667,0.11194599794355731,0.024115358031843698,0.0005040044693375976,0.2582853252302081,-2.675012429271933,0,1.048915215184138
18.720000000000205,0.9343481557856606,-1.5301236056964376,1.028499095107466,-0.5740168945714869,-0.29050374266475126,-0.02733660040437174,1.4332028849943805,-1.7836858079427238,1.2946751147488391,-0.6095242203553647,-0.22010042204308056,-0.06028909072605252,1.1213183423267947,-1.6245619742943536,1.1762469180382944,-0.5611388105027045,-0.27233509296781944,-0.01811733215896921,0.09000117304571391,0.09000117304571391,0.0,0.21552543109630773,0.11206219276521989,0.02402435091315061,0.0005012583066034658,0.25781064877187676,-2.675022771658102,0,1.0462325270061748
18.724160000000204,0.9319608157906161,-1.531331760790732,1.0283856409030043,-0.5729615988106781,-0.28995722263066454,-0.027229009070796492,0.8788695399384194,-1.7200425792020253,1.0340114431197889,-0.4744030569919707,-0.358661644381033,-0.04378959954567184,0.9991040568485546,-1.6730498132684828,1.105037891106397,-0.5170825379108108,-0.31507806636890595,-0.03133019914064646,0.09000117304571391,0.09000117304571391,0.0,0.2157987972115376,0.11217555612457542,0.02393365850409003,0.00049852383792434,0.2573356398683837,-2.6750330499746884,0,1.0435548022131376
18.728320000000203,0.9295778759282142,-1.5325376376140094,1.0282726332758805,-0.5719055669764537,-0.2894104375865701,-0.02712183050973105,0.7249557893530265,-1.4578039367813767,1.2954458891862077,-0.6357876601619888,-0.20973029487435707,0.022128916352037974,0.8607034940627313,-1.565859809429577,1.2002889521170386,-0.5754221373972633,-0.26327273819737423,-0.004460816710134772,0.09000117304571391,0.09000117304571391,0.0,0.2160662886880843,0.1122861103435483,0.02384328009913854,0.0004958010859377711,0.2568603094776417,-2.6750432649068436,0,1.040882043968025
18.7324800000002,0.927199339164046,-1.5337412351103799,1.0281600705122949,-0.5708488234003775,-0.2888633991289202,-0.02701506326055397,1.289881329377207,-1.5890038927551648,1.0626046068610897,-0.5681201322833509,-0.4056530245490173,-0.23466149502402886,1.0741127964725876,-1.5782751228844438,1.130957178947288,-0.5713171741416477,-0.3347598912532115,-0.11928291726975601,0.09000117304571391,0.09000117304571391,0.0,0.21632795130144233,0.11239387759617103,0.02375321498775189,0.0004930900714312273,0.2563846684671435,-2.6750534171300733,0,1.0382142553220386
18.7366400000002,0.9248252083631574,-1.5349425522718672,1.0280479509045195,-0.5697913922132469,-0.2883161187569523,-0.02690870586608899,0.7685815060094042,-1.6106138337285838,1.6672410818760477,-0.638421872195786,-0.32137927772245084,0.029801391584006923,0.920015247839693,-1.595113487087749,1.399164762855643,-0.6039677265586411,-0.3279151546907238,-0.04469922717339144,0.09000117304571391,0.09000117304571391,0.0,0.21658383052556962,0.11249887990999363,0.023663462455048884,0.0004903908133826315,0.2559087276145784,-2.675063507310386,0,1.0355514392155056
18.7408000000002,0.9224554862908805,-1.536141588138006,1.0279362727508836,-0.5687332973464633,-0.28776860787335556,-0.026802756872624206,1.503247082654436,-2.154032885636421,1.2028507101193362,-0.5831097340156011,-0.3232455171468816,0.09498195804235549,1.2104206083484215,-1.875249450260548,1.301203170299422,-0.5926809128829887,-0.3255750562989193,0.025494108802709897,0.09000117304571391,0.09000117304571391,0.0,0.2168339715345644,0.1126011391663223,0.02357402178185468,0.0004877033290000925,0.2554324976084459,-2.6750735361044415,0,1.0328935984788015
18.744960000000198,0.920090175613658,-1.5373383417954434,1.027825034355759,-0.5676745625333932,-0.2872208777849357,-0.026697214829931027,-0.05616008166322095,-2.1055874066749034,0.7362088033708505,-0.763165505933584,-0.34352975321968704,0.029547046556398875,0.5755337065096809,-1.9911330718263167,1.0187634126175542,-0.677752702856979,-0.3352726634333286,0.027557666889672018,0.09000117304571391,0.09000117304571391,0.0,0.21707841920482973,0.11270067710184806,0.023484892244958158,0.00048502763376121106,0.25495598904866457,-2.6750835041596965,0,1.030240735833262
18.749120000000197,0.9177292788998633,-1.5385328123775404,1.0277142340295453,-0.5666152113107216,-0.28667293970327273,-0.026592078291281965,1.0925845950739754,-1.5213022493282293,1.08587666936653,-0.6875017427332253,-0.3618272559054236,-0.08704804620265669,0.8326302437627954,-1.7569687225972233,1.052140005798837,-0.6814045632030269,-0.3477022292506581,-0.03000355949905662,0.09000117304571391,0.09000117304571391,0.0,0.21731721811681515,0.11279751530878313,0.023396073116727686,0.0004823637414513508,0.25447921244717775,-2.6750934121145473,0,1.0275928538920898
18.753280000000196,0.9153727986206142,-1.5397249990639794,1.0276038700886558,-0.5655552670197952,-0.28612480474537755,-0.02648734581347004,0.8299817978411825,-2.268647420760635,0.8376375448039513,-0.5836541137770108,-0.22655146486899166,0.059471566166910975,0.8300919359576274,-2.013283036093912,0.9450115749614344,-0.6324958066250281,-0.28705598350477174,0.014439048428558601,0.09000117304571391,0.09000117304571391,0.0,0.21755041255687324,0.1128916752366027,0.02330756366622448,0.000479711664201681,0.2540021782285546,-2.6751032605984704,0,1.024949955161256
18.757440000000194,0.913020737150581,-1.5409149010803724,1.0274939408555024,-0.5644947528079587,-0.2855764839343411,-0.02638301595682343,1.301131328581938,-1.604161272047849,1.508605181697531,-0.38780231200388016,-0.31093032643039464,-0.18775976532938016,1.0648070192811858,-1.8093666614596442,1.2264184876451942,-0.5095436868781923,-0.29868187904942495,-0.08506085953833625,0.09000117304571391,0.09000117304571391,0.0,0.21777804651922472,0.11298317819240067,0.02321936315796362,0.0004770714125261167,0.2535248967305879,-2.6751130502321607,0,1.022312042040394
18.761600000000193,0.9106730967687898,-1.5421025176978724,1.0273844446584806,-0.563433691629881,-0.28502798819998154,-0.02627908728522531,0.9211203324295913,-2.1961353677469266,1.322273215963462,-0.5815709727331062,-0.1871766544268461,-0.06834568039135284,0.9917524221644239,-2.0031423082014537,1.2742031922293755,-0.5452653956637125,-0.24328972291179943,-0.07614017708771442,0.09000117304571391,0.09000117304571391,0.0,0.21800016370771924,0.11307204534210236,0.023131470853241035,0.00047444299535787495,0.25304737820488776,-2.6751227816276693,0,1.019679116823689
18.765760000000192,0.9083298796594195,-1.543287848232787,1.027275379831955,-0.5623721062488735,-0.28447932837948575,-0.0261755583661281,1.1560537446179773,-1.711915415622657,0.9171364370751033,-0.6356177125124276,-0.2684966796354451,0.07378763621691971,1.0725816258800651,-1.8580850079097206,1.0958211953950094,-0.5901757028303368,-0.25602690746215057,-0.001379727055883048,0.09000117304571391,0.09000117304571391,0.0,0.21821680753786654,0.113158297710932,0.0230438860095369,0.0004718264200851938,0.25256963281747136,-2.6751324553885354,0,1.0170511817007593
18.76992000000019,0.9059910879125936,-1.5444708920461956,1.0271667447162443,-0.5613100192381993,-0.28393051521804874,-0.026072427770570082,0.923116237269366,-1.6523308359332662,1.4018456143142457,-0.7142231652610675,-0.2976382383455562,0.009519836316016085,0.9963609133352614,-1.7558253869521503,1.2488538375049802,-0.6515140132722145,-0.2769136138767004,0.004795293745017622,0.09000117304571391,0.09000117304571391,0.0,0.2184280211382863,0.11324195618495192,0.022956607880773847,0.00046922169258677805,0.2520916706493491,-2.67514207210992,0,1.0144282387575334
18.77408000000019,0.9036567235251671,-1.5456516485435685,1.027058537657606,-0.5602474529823758,-0.28338155936950615,-0.025969694073191003,0.9031823273291286,-1.7432957148212462,0.7838315142701189,-0.6186766897927597,-0.10986250887922255,-0.01384077028731626,0.9484841974548393,-1.749789726588984,1.0163107794795079,-0.6351256509941701,-0.19303689293212709,-0.004591737719866265,0.09000117304571391,0.09000117304571391,0.0,0.21863384735296432,0.11332304151132133,0.022869635717789855,0.0004666288172661089,0.2516135016971067,-2.6751516323787343,0,1.0118102899771209
18.77824000000019,0.9013267884015068,-1.5468301171743892,1.0269507570082217,-0.5591844296784658,-0.28283247139696516,-0.02586735585224561,1.2624534495508373,-1.6605859008162749,0.8975867565277078,-0.5123817730133379,-0.19227755154512746,0.13274915499248688,1.1044029072317456,-1.705588412226677,0.9572249763472257,-0.5726200130683867,-0.1920365016993436,0.0636252727557515,0.09000117304571391,0.09000117304571391,0.0,0.2188343287428729,0.11340157429973408,0.02278296876795595,0.0004640477970855076,0.2511351358734841,-2.675161136773768,0,1.009197337240675
18.782400000000187,0.8990012843542678,-1.5480062974317785,1.0268434011261816,-0.558120971337363,-0.28228326177342905,-0.025765411689618718,0.8721766044550259,-1.6085294606074976,1.2834912520840267,-0.48899463694971185,-0.33615381044378956,-0.03798884089175792,0.9872699103087872,-1.6577581220146422,1.1202812706300105,-0.530271289876991,-0.2637615485522679,0.012878065362013986,0.09000117304571391,0.09000117304571391,0.0,0.21902950758754414,0.11347757502278977,0.02269660627543496,0.00046147863359953154,0.25065658300794996,-2.6751705858658155,0,1.006589382328253
18.786560000000186,0.8966802131051634,-1.549180188852122,1.0267364683754696,-0.5570570997850683,-0.28173394088241993,-0.025663860170839214,0.7114037969868877,-2.1638264397285,0.6233657351808986,-0.4389869396618086,-0.21530243356152992,0.10523468685431167,0.8484208044720621,-1.9112433748309803,0.8720409461761909,-0.4841354858539244,-0.23966493789629714,0.05807179594793644,0.09000117304571391,0.09000117304571391,0.0,0.21921942588734233,0.11355106401722259,0.02261054748122683,0.0004589213269876265,0.2501778528472727,-2.675179980217798,0,1.003986426919668
18.790720000000185,0.8943635762857303,-1.5503517910146993,1.0266299571259483,-0.5559928366639568,-0.28118451901859576,-0.02556269988509379,1.1956937039841264,-1.8425562640422348,0.8163665285748503,-0.4986555017389292,-0.2783731823482173,-0.05913755660912665,1.0210204643617462,-1.8774772484374926,0.844080977799544,-0.4904179953858549,-0.2595447725485389,-0.0008304239595313233,0.09000117304571391,0.09000117304571391,0.0,0.2194041253648329,0.1136220614845983,0.022524791623428075,0.0004563758760863732,0.24969895505608788,-2.6751893203848867,0,1.001388472595336
18.794880000000184,0.8920513754380884,-1.5515211035413174,1.026523865753343,-0.5549282034340381,-0.28063500638836414,-0.025461929425239564,0.8334938435420034,-1.451943098211964,0.7726302558437145,-0.5909590763254071,-0.21522885702333644,0.05965199844313632,0.9260266786739844,-1.6651553393681702,0.8084780520164147,-0.5406891287902654,-0.23716175504428416,0.029954711090546118,0.09000117304571391,0.09000117304571391,0.0,0.21958364746663872,0.11369058749233474,0.02243933793727776,0.00045384227842098216,0.24921989921746224,-2.6751986069146207,0,0.9987955208371153
18.799040000000183,0.8897436120156959,-1.5526881260959444,1.0264181926392273,-0.5538632213742083,-0.28008541311049157,-0.025361547387816465,0.6371283794019347,-1.6050616297970577,1.0987683991371968,-0.5891800902296161,-0.1837057945265678,0.2029751740073337,0.7803512752721701,-1.635489998380087,0.9540464640171137,-0.5655302612648184,-0.21051816976379625,0.11692283929732758,0.09000117304571391,0.09000117304571391,0.0,0.21975803336535416,0.1137566619742969,0.022354185655203446,0.0004513205302363501,0.24874069483345337,-2.6752078403470265,0,0.9962075730291444
18.80320000000018,0.887440287384098,-1.5538528583843474,1.0263129361710062,-0.5527979115834923,-0.2795357492167095,-0.025261552373059427,0.8098014520926954,-2.157751740000427,1.3787289056859227,-0.3286917328565213,-0.3304639973214644,-0.14913476758352495,0.7943919312721355,-1.8973117193721833,1.166079557076273,-0.4466601001555641,-0.27056026147268863,-0.015654497743636597,0.09000117304571391,0.09000117304571391,0.0,0.21992732396103698,0.11382030473192906,0.022269334007295513,0.00044881062652754947,0.2482613513256664,-2.675217021214733,0,0.9936246304586692
18.80736000000018,0.8851414028216718,-1.5550153001537321,1.0262080947419023,-0.5517322949822806,-0.2789860246523157,-0.02516194298490849,1.127073132169199,-1.7202993425079136,1.1495272436914936,-0.610536109674991,-0.22631249232533376,-0.1335599175045451,0.9594623432221137,-1.8092747820977841,1.1575260982736097,-0.5273282593369888,-0.24855153041959974,-0.07489511572287177,0.09000117304571391,0.09000117304571391,0.0,0.2200915598832407,0.11388153543485557,0.022184782220283597,0.00044631256106965507,0.2477818780358067,-2.6752261500430854,0,0.9910466943168674
18.81152000000018,0.8828469595203653,-1.5561754511923853,1.0261036667509398,-0.5506663923135552,-0.27843624927677235,-0.02506271783102322,0.7898568925989085,-1.985831500239998,0.7926500461321889,-0.491418999441996,-0.20938157168129523,0.08156746336107855,0.8736365923510907,-1.8979902129752428,0.9752564936742446,-0.5095194410062022,-0.22881096826860298,0.0026930251236494656,0.09000117304571391,0.09000117304571391,0.0,0.22025078149235544,0.11394037362180365,0.022100529518865555,0.0004438263264471687,0.24730228422622919,-2.675235227350257,0,0.9884737656996672
18.815680000000178,0.8805569585864315,-1.55733331132932,1.025999650602928,-0.5496002241441105,-0.27788643286430015,-0.024963875522791487,0.4908064566305462,-1.5832921913234341,1.1271143101781653,-0.5548438082019479,-0.23306257923897286,0.10658488019155164,0.6810649260456573,-1.7411249558814934,1.0514078433259508,-0.5322457401713117,-0.23036312857589825,0.05478361037135762,0.09000117304571391,0.09000117304571391,0.0,0.22040502888175784,0.11399683870174349,0.02201657512554131,0.0004413519140828976,0.24682257908048413,-2.675244253647361,0,0.9859058456085579
18.819840000000177,0.8782714010411574,-1.5584888804339219,1.0258960447084475,-0.5485338108657635,-0.2773365851044671,-0.024865414675338923,0.4350636195427023,-1.3391586878130701,1.2221237510010579,-0.5029476358033342,-0.46648950137981515,0.00030722772049042793,0.5570159025710645,-1.5411080655861917,1.136767980603496,-0.5173425695020933,-0.3490017174201392,0.027380692172546135,0.09000117304571391,0.09000117304571391,0.0,0.22055434187905498,0.11405094995406884,0.021932918259803383,0.0004388893142660713,0.24634277170385918,-2.6752532294385567,0,0.9833429349513989
18.824000000000176,0.8759902878215884,-1.5596421584156002,1.0257928474838327,-0.5474671726965586,-0.2767867156027764,-0.024767333907541714,0.6127090984190402,-1.4557037503925216,1.0196212712724777,-0.5793836893125552,-0.22654024536513148,0.08399467692995984,0.5836572585355735,-1.4988773097144747,1.0783685076473648,-0.5481040925398979,-0.287393078024322,0.05568648574024635,0.09000117304571391,0.09000117304571391,0.0,0.22069876004813804,0.11410272653016862,0.0218495581396808,0.0004364385161803176,0.24586287112391808,-2.6752621552211586,0,0.9807850345432199
18.828160000000175,0.8737136197812468,-1.5607931452234387,1.0256900573511576,-0.5464003296819632,-0.27623683388124687,-0.024669631842032944,0.9334544066759626,-1.291653637899985,0.8885175015957641,-0.41767206625109143,-0.14826788453177175,-0.19758414024611157,0.7576867888963691,-1.3955716830189777,0.9830312986789307,-0.4815762044562659,-0.21819213946459948,-0.0712171786629227,0.09000117304571391,0.09000117304571391,0.0,0.22083832269064996,0.11415218745350553,0.021766493980289153,0.0004339995079307114,0.24538288629103583,-2.67527103148574,0,0.9782321451070162
18.832320000000173,0.8714413976908466,-1.5619418408458512,1.0255876727382192,-0.5453333016960552,-0.2756869493789935,-0.024572307105214918,1.150636868781231,-1.329480138917539,0.5737918551006458,-0.49080301627596334,-0.3388085616046357,0.14666447399320007,0.9531439241621629,-1.3632306202623998,0.7787142951263071,-0.48628597955022984,-0.27827153197312515,0.037457723690934995,0.09000117304571391,0.09000117304571391,0.0,0.22097306884772716,0.11419935162108574,0.02168372499537441,0.000431572276570722,0.2449028260789305,-2.6752798587162374,0,0.9756842672745399
18.836480000000172,0.869173622239002,-1.563088245310238,1.0254856920785222,-0.5442661084427044,-0.2751370714528007,-0.024475358327265006,0.8233188380351563,-1.3858289610448766,0.8691614866602269,-0.4844304203492148,-0.12383145553963576,-0.0747715106395283,0.8872213014848342,-1.3747868910308818,0.8237830605899046,-0.4846034077793617,-0.20136121574546337,-0.01867825400418235,0.09000117304571391,0.09000117304571391,0.0,0.22110303730169278,0.1142442378038635,0.02160125039607723,0.0004291568081284603,0.24442269928519123,-2.6752886373900515,0,0.9731414015870845
18.84064000000017,0.8669102940329322,-1.564232358682645,1.0253841138112634,-0.5431987694567444,-0.2745872093776939,-0.02437878414214667,0.6075339100827917,-1.8660253229120916,0.9220291092339433,-0.660239852007507,-0.22965902144580014,-0.007854096535638868,0.746001392821041,-1.6208878084825988,0.8728904715376499,-0.5719410063128095,-0.21522942322504168,-0.013283910001759752,0.09000117304571391,0.09000117304571391,0.0,0.2212282665775397,0.11428686464757376,0.021519069392049076,0.00042675308763235833,0.24394251463180322,-2.6752973679781475,0,0.9706035484962637
18.84480000000017,0.8646514135991608,-1.5653741810674262,1.025282936381315,-0.5421313041051385,-0.2740373723475072,-0.024282583187615725,1.1809801128778838,-1.9003557875240094,1.2446188507106117,-0.4499133187422069,-0.32146685875532444,0.021262284220786465,0.9625560321130956,-1.761292845533811,1.058799253211133,-0.5099935452953754,-0.2681248463482245,0.0050611719908365905,0.09000117304571391,0.09000117304571391,0.0,0.2213487949447943,0.11432725067378269,0.02143718119107249,0.00042436109913662735,0.24346228076566928,-2.6753060509451543,0,0.9680707083647863
18.84896000000017,0.8623969813842102,-1.5665137126069073,1.0251821582392098,-0.5410637315881368,-0.2734875694754463,-0.024186754105228206,0.34832151636567743,-1.888321166387587,1.1967306512052702,-0.546359433504993,-0.3239049430046566,-0.12385142423602295,0.6542971138985537,-1.8254818023960626,1.1275100124913031,-0.5277171138849723,-0.29591770443812354,-0.06020548698474724,0.09000117304571391,0.09000117304571391,0.0,0.22146466041895618,0.11436541428051206,0.021355584998894284,0.0004219808257459711,0.24298200625912755,-2.67531468674946,0,0.9655428814672238
18.853120000000168,0.8601469977552917,-1.5676509534810517,1.025081777841125,-0.5399960709404263,-0.2729378097946484,-0.024091295540348872,1.0988990565790635,-1.6913115800149694,0.9810797640369776,-0.5312650714405499,-0.3909193283224628,0.04000989044806946,0.8754937434825785,-1.7592089979918886,1.0543763360401488,-0.5283190798021452,-0.34334280361877373,-0.00974503136687303,0.09000117304571391,0.09000117304571391,0.0,0.2215759007632102,0.11440137374275927,0.021274280019700442,0.0004196122496399168,0.24250169961046636,-2.675323275843309,0,0.9630200679907751
18.857280000000166,0.8579014630009906,-1.5687859039071297,1.0249817936488659,-0.5389283410322739,-0.2723881022587396,-0.02399620614215771,0.754067174507247,-1.6569197440886716,0.704675996427296,-0.5695037350069038,-0.16658461911744937,0.029664133601433752,0.8135949497458326,-1.7084100672235283,0.8795855033751722,-0.5488566600085018,-0.2550131082311623,0.009916816670521791,0.09000117304571391,0.09000117304571391,0.0,0.22168255348993016,0.11443514721387471,0.02119326545637827,0.0004172553520969929,0.2420213692444356,-2.675331818672895,0,0.9605022680360238
18.861440000000165,0.8556603773319461,-1.5699185641393896,1.0248822041298506,-0.5378605605706612,-0.27183845574238624,-0.023901484563655307,0.8127388491588249,-1.357163628758704,0.9637542854334678,-0.48123208215736274,-0.26459895358084684,-0.12244109954013414,0.8121668984168736,-1.5333360237829738,0.9214157011833941,-0.5155072623288736,-0.25919210307955765,-0.05620161247485412,0.09000117304571391,0.09000117304571391,0.0,0.22178465586250706,0.11446675272587303,0.021112540509708372,0.0004149101135179481,0.24154102351275458,-2.675340315678453,0,0.9579894816176909
18.865600000000164,0.8534237408815277,-1.5710489344687306,1.0247830077570936,-0.5367927481004121,-0.2712888790418443,-0.023807129461671593,0.8950420503474203,-1.409013296736546,0.9419106064579483,-0.47248397165943246,-0.3670614187637007,-0.1721943846792094,0.8526209212774369,-1.4719383102625456,0.9313049622069006,-0.49333475895378615,-0.3126184009061118,-0.11410608387604922,0.09000117304571391,0.09000117304571391,0.0,0.22188224489654118,0.11449620819038742,0.02103210437969559,0.0004125765134488348,0.2410606706946168,-2.6753487672943503,0,0.9554817086653834
18.869760000000163,0.8511915537065056,-1.5721770152223786,1.02468420300919,-0.5357249220053141,-0.2707393808755049,-0.023713139496868946,1.2871824870912518,-1.4690773912388044,0.7421981678422649,-0.5275689893645022,-0.09045595694336056,0.021247321002711577,1.0688068970291877,-1.4706965258210396,0.8367958067647338,-0.5101997185976297,-0.20128725565553762,-0.0470973686617924,0.09000117304571391,0.09000117304571391,0.0,0.2219753573618406,0.11452353139930593,0.02095195626433398,0.00041025453060360324,0.24058031899719146,-2.675357173949177,0,0.9529789490243353
18.87392000000016,0.8489638157877171,-1.5733028067635637,1.0245857883702993,-0.5346571005092305,-0.27018996988443655,-0.023619513333750466,0.6041940589652139,-1.5831182361100884,1.05744876532576,-0.4736210638231749,-0.3370371482445688,0.005986632963729276,0.8355102172214501,-1.527611575632025,0.9471367374892937,-0.4910031662769588,-0.268008862493874,-0.020777740854046257,0.09000117304571391,0.09000117304571391,0.0,0.2220640297836758,0.11454874002562332,0.020872095360937773,0.00040794414288631236,0.24009997655612142,-2.675365536065832,0,0.9504812024561468
18.87808000000016,0.8467405270307287,-1.574426309491201,1.0244877623301298,-0.5335893016772072,-0.26964065463292325,-0.023526249640662654,1.29504941935079,-1.326483718879977,0.39647062664347443,-0.47847862153134996,-0.19379623432239096,-0.09974330887837274,1.0642886179039839,-1.4274489117417006,0.6715916633724807,-0.48512905952072755,-0.23110860038491704,-0.059917810252989596,0.09000117304571391,0.09000117304571391,0.0,0.2221482984444667,0.11457185162450978,0.020792520864906336,0.0004056453274129038,0.2396196514360184,-2.6753738540616117,0,0.9479884686395147
18.88224000000016,0.8445216872664929,-1.5755475238395718,1.0243901233839223,-0.5325215434165707,-0.2690914436089983,-0.023433347089803203,1.080985802444673,-1.9399649552686076,1.1335505098358125,-0.3752458925077174,-0.06745478128778043,-0.12197556986014273,1.0718551209722977,-1.6838521114033294,0.9023181990922996,-0.4293744357099973,-0.14867304029861259,-0.0897817715024964,0.09000117304571391,0.09000117304571391,0.0,0.22222819938531413,0.11459288363320552,0.020713231970840948,0.00040335806053241457,0.23913935163095446,-2.675382128348294,0,0.9455007471709612
18.886400000000158,0.8423072962520012,-1.5766664502780092,1.0242928700324339,-0.53145384347802,-0.2685423452249777,-0.02334080435722415,0.7897906999236624,-1.946584153676452,0.6834685676940762,-0.5013714756705886,-0.36589119531022846,0.1266871624054853,0.9297782565249836,-1.815981315779348,0.7931545758202899,-0.46544426973604447,-0.25712312986477986,0.01881475531389926,0.09000117304571391,0.09000117304571391,0.0,0.22230376840748123,0.11461185337294821,0.020634227872379993,0.0004010823178481191,0.23865908506495054,-2.675390359332223,0,0.9430180375655549
18.890560000000157,0.8400973536709315,-1.5777830893105842,1.024196000781922,-0.5303862194567118,-0.26799336781798566,-0.023248620122835614,0.4140088921800759,-1.6436163068084324,0.9059252164416455,-0.44611447438461355,-0.2927225344913645,-0.08949413541620577,0.6709608143704728,-1.7304066508064675,0.8493540476515706,-0.4551815948798896,-0.2748285778064931,-0.03509599787185804,0.09000117304571391,0.09000117304571391,0.0,0.2223750410740961,0.1146287780485521,0.02055550776181915,0.0003988180742377206,0.23817885959246193,-2.675398547414389,0,0.9405403392576286
18.894720000000156,0.8378918591342926,-1.5788974414757946,1.0240995141441287,-0.5293186887933363,-0.2674445196504808,-0.02315679307041114,1.1555847257940104,-1.7016011908036908,0.6805265743648894,-0.35797608338917636,-0.12728918210658652,0.11672950462901367,0.9125290743787009,-1.7162687093616924,0.7651823479416376,-0.40537959026413534,-0.20095660860067865,0.04060300437885432,0.09000117304571391,0.09000117304571391,0.0,0.22244205271132012,0.11464367475001869,0.020477070830372937,0.00039656530387383233,0.2376986829988602,-2.675406692990513,0,0.9380676516014909
18.898880000000155,0.8356908121810627,-1.5800095073462561,1.0240034086362637,-0.5282512687751894,-0.26689580891077613,-0.023065321887591955,0.5816294216969535,-1.490892844755215,1.0160301009950023,-0.5713437745708978,-0.2806677770503884,-0.02519353994107051,0.7458879834238273,-1.604164704475916,0.890555205683164,-0.4880766345440341,-0.23997828410535393,0.00788793873767729,0.09000117304571391,0.09000117304571391,0.0,0.2225048384102737,0.11465656045276174,0.02039891626907933,0.00039432398024357264,0.23721856300091246,-2.675414796451126,0,0.9355999738721341
18.903040000000153,0.8334942122788241,-1.581119287528396,1.0239076827809892,-0.5271839765372345,-0.26634724371355706,-0.02297420526588733,1.2924763746608727,-1.5644208222968714,1.2293911421551194,-0.527973865579159,-0.23056538240059724,0.017316759736199235,1.0180860147149775,-1.5847722530797592,1.0600124811800644,-0.5071481493941588,-0.23517698122336028,0.012160382779122736,0.09000117304571391,0.09000117304571391,0.0,0.22256343302816017,0.11466745201868822,0.020321043267137046,0.0003920940761679209,0.2367385072472571,-2.675422858181644,0,0.933137305265936
18.907200000000152,0.8313020588243943,-1.5822267826621477,1.023812335106403,-0.5261168290631604,-0.2657988321003949,-0.02288344190068195,0.7023868283675389,-1.5949929654292019,1.329756456426972,-0.4240724745358391,-0.2154808138151345,0.042626896620704416,0.8593520600469883,-1.5903335479679026,1.1949763539695735,-0.4655704335962468,-0.2240446994737893,0.026749804701857824,0.09000117304571391,0.09000117304571391,0.0,0.22261787118993348,0.1146763661966409,0.02024345101366412,0.0003898755638207105,0.2362585233188767,-2.6754308785624508,0,0.9306796449013575
18.91136000000015,0.8291143511444509,-1.5833319934206487,1.0237173641460229,-0.5250498431864304,-0.2652505820402581,-0.022793030491235874,0.8199535001331847,-1.4918037009964438,0.7155066994524824,-0.4661200207947448,-0.3132947904696464,0.02266421531373061,0.8386810367956605,-1.541718551850868,0.9552852092689302,-0.4649068238037529,-0.26915795698488865,0.024756926508597538,0.09000117304571391,0.09000117304571391,0.0,0.22266818728991156,0.11468331962305611,0.020166138696677813,0.000387668414747218,0.23577861872956776,-2.6754388579689694,0,0.9282269918196353
18.91552000000015,0.8269310884961537,-1.5844349205099404,1.02362276843877,-0.5239830355913246,-0.26470250143002044,-0.02270296974068874,1.1406976502272115,-1.9240335716603845,1.4199089901006947,-0.32590922147144474,-0.2786411473138717,-0.101715954267367,0.9890109001405687,-1.7334577410188716,1.187388887760006,-0.39413066034786526,-0.2741689144873602,-0.03852099545766234,0.09000117304571391,0.09000117304571391,0.0,0.2227144154928643,0.11468832882326563,0.020089105503784302,0.0003854725998827393,0.23529880092640715,-2.6754467967717406,0,0.9257793449854694
18.91968000000015,0.8247522700677622,-1.5855355646686695,1.023528546528953,-0.5229164228139768,-0.2641545980949634,-0.02261325835606105,0.7176684332396184,-1.5114527288409523,0.6615905556588184,-0.6651337018205824,-0.3298592712434883,0.08890472798131786,0.8519547271357325,-1.6231397869683983,0.9246714304894154,-0.5298157809050364,-0.30200676262528403,0.024958295413141117,0.09000117304571391,0.09000117304571391,0.0,0.22275658973585133,0.11469141021151807,0.020012350621799693,0.0003832880895700209,0.23481907729021614,-2.6754546953364935,0,0.9233367032877068
18.923840000000148,0.822577894979248,-1.5866339266677916,1.023434696966252,-0.5218500212434026,-0.263606879789278,-0.02252389504825704,0.672063368763231,-1.6863414614807908,0.872830676825449,-0.5741529720993818,-0.21864317427250493,-0.03468787702080651,0.7608127459015384,-1.655197443385694,0.8986793408721593,-0.551586390943612,-0.2595583325899169,-0.005245520980800025,0.09000117304571391,0.09000117304571391,0.0,0.22279474372947627,0.11469258009185657,0.019935873236797963,0.00038111485357708537,0.23433945513602056,-2.6754625540242203,0,0.9208990655400187
18.928000000000146,0.8204079622829042,-1.5877300073102774,1.0233412183057018,-0.5207838471225231,-0.26305935419656284,-0.022434878532067312,1.3366563804233955,-1.5668150892006003,0.7670692133578592,-0.5942590773974342,-0.31801588448714035,-0.10002993492797625,1.0475007691947193,-1.6116681296102524,0.8326677568090326,-0.5720632264568538,-0.2882938805425835,-0.05381451658022517,0.09000117304571391,0.09000117304571391,0.0,0.22282891095930812,0.11469185465921306,0.019859672535015596,0.0003789528611144647,0.2338599417135086,-2.6754703731912466,0,0.918466430481575
18.932160000000145,0.8182424709639493,-1.5888238074308203,1.0232481091076762,-0.51971791654918,-0.26251202893031733,-0.022346207526167682,0.7166888152372619,-2.135224389913602,0.7245041708284317,-0.39541496642318363,-0.26172958660844964,-0.14770280882553635,0.8812688474368825,-1.8739954120164521,0.7782785407827416,-0.4831838259891608,-0.2744851106267672,-0.10101777892395222,0.09000117304571391,0.09000117304571391,0.0,0.22285912468746294,0.11468924999954277,0.01978374770161724,0.0003768020808520829,0.2333805442074855,-2.6754781531893026,0,0.9160387967777124
18.936320000000144,0.8160814199411279,-1.5899153278955471,1.0231553679378715,-0.5186522454771447,-0.2619649115344335,-0.022257880753123137,0.6592335966031541,-1.155208017663083,1.012638561642715,-0.4534301973326115,-0.2513399879167488,-0.0959927844008974,0.7693060461776576,-1.5151211654717143,0.895260461744961,-0.4680682360465494,-0.2620963765678373,-0.098473290187688,0.09000117304571391,0.09000117304571391,0.0,0.2228854179537667,0.1146847820911362,0.019708097921598944,0.00037466248093575216,0.23290126973832506,-2.6754858943655906,0,0.9136161630205994
18.940480000000143,0.8139248080673066,-1.5910045696017292,1.0230629933672908,-0.5175868497171219,-0.2614180094836828,-0.022169896939387996,0.5709851032279648,-1.7866163411557938,0.7533422519038739,-0.45613740885552184,-0.3390003590221399,0.07623751347360294,0.6691929404549819,-1.651576828234412,0.8244600048259791,-0.46090439294532926,-0.30003171139580564,-0.011643210173392142,0.09000117304571391,0.09000117304571391,0.0,0.22290782357756067,0.11467846680465033,0.01963272237962331,0.0003725340290033196,0.2324221253624184,-2.6754935970628546,0,0.9111985277298951
18.944640000000142,0.811772634130066,-1.5920915334774968,1.022970983972227,-0.5165217449377444,-0.26087133018420167,-0.02208225481530679,0.5621467885906309,-1.9143835228545747,0.8025844954745361,-0.41686087598487204,-0.32175258627774456,0.06895320710569108,0.6148009140445938,-1.7836525063856168,0.8136655271555951,-0.4383358859655925,-0.31028690323646363,0.02864531381441822,0.09000117304571391,0.09000117304571391,0.0,0.22292637415870975,0.11467031990421117,0.019557620260068145,0.0003704166922006957,0.2319431180726196,-2.6755012616194467,0,0.9087858893534044
18.94880000000014,0.8096248968522886,-1.593176220481555,1.0228793383342474,-0.5154569466665634,-0.2603248809739726,-0.021994953115114835,0.753661497825787,-1.889388600104986,0.7152049713500599,-0.5305856632780063,-0.1741073762369144,-0.0008499117142650378,0.683128103532983,-1.8368838913603631,0.7644318299039486,-0.4842282322556367,-0.24198469090258237,0.014362433430997109,0.09000117304571391,0.09000117304571391,0.0,0.2229411020791514,0.1146603570479835,0.019482790746860892,0.00036831043719743494,0.2314642547986887,-2.675508888369393,0,0.9063782462677291
18.95296000000014,0.8074815948927426,-1.594258631602902,1.022788055040177,-0.5143924702910317,-0.25977866912330266,-0.021907990576939547,0.7636655207408022,-1.3665802654820045,0.7981127169532404,-0.4722745558902005,-0.20487343725786186,-0.03770875537487374,0.7224140602505523,-1.6021551347897,0.7811948299257988,-0.4777722267982554,-0.22332732504490818,-0.012032346310404105,0.09000117304571391,0.09000117304571391,0.0,0.22295203950433884,0.11464859378895642,0.01940823302416908,0.0003662152302019475,0.23098554240773164,-2.6755164776424576,0,0.9039755967789126
18.95712000000014,0.8053427268466614,-1.595338767860549,1.022697132682082,-0.5133283310594804,-0.25923270183529795,-0.021821365942798838,0.6572708427994624,-0.7250262424814349,0.8610372604530413,-0.5638907980775437,-0.1722253579937153,0.0058326773414582415,0.6886682769427176,-1.1639432594722705,0.821128260177195,-0.520420993151339,-0.1975465001594116,-0.002872335785484156,0.09000117304571391,0.09000117304571391,0.0,0.2229592183846899,0.11463504557551796,0.019333946275807867,0.0003641310369764551,0.2305069877046373,-2.675524029764208,0,0.9015779391230816
18.961280000000137,0.8032082912463194,-1.596416630303242,1.0226065698572544,-0.5122645440820882,-0.2586869862463357,-0.02173507795860194,0.8912202395538994,-1.4669546339970216,1.1190153898284927,-0.46592878846533964,-0.2755864154061705,-0.05713739238508274,0.7889747403402348,-1.316024744544575,0.9699557029451761,-0.492304722221578,-0.23633750422393981,-0.030307970801671597,0.09000117304571391,0.09000117304571391,0.0,0.2229626704565597,0.11461972775181617,0.01925992968550204,0.0003620578228516686,0.23002859743251164,-2.675531545056076,0,0.8991852714670838
18.965440000000136,0.8010782865616034,-1.597492220009186,1.0225163651681954,-0.5112011243318471,-0.2581415294265343,-0.021649125374149123,0.32614005951223923,-1.4366120513779244,1.3400659650136186,-0.5029684141712465,-0.24016887336796616,-0.013631543745962364,0.5565082409854772,-1.376818627724016,1.1549850924991791,-0.4977509977745676,-0.23832906532504836,-0.021981351131048123,0.09000117304571391,0.09000117304571391,0.0,0.2229624272441778,0.11460265555908566,0.019186182436720586,0.00035999555274121554,0.2295503782731094,-2.6755390238354217,0,0.8967975919091195
18.969600000000135,0.7989527112005804,-1.5985655380857702,1.022426517222599,-0.5101380866455183,-0.2575963383802179,-0.02156350694313212,0.4072528962887766,-1.8851728687319733,0.521135100108212,-0.3521104514342941,-0.26303815143179266,-0.008097494182679802,0.48114657216930645,-1.631545542198835,0.8380403591456079,-0.42466473283877904,-0.2511027259206209,-0.015781161807847235,0.09000117304571391,0.09000117304571391,0.0,0.22295852006046768,0.11458384413590683,0.019112703713367096,0.00035794419115579834,0.2290723368472623,-2.6755464664155926,0,0.8944148984793695
18.973760000000134,0.7968315635100613,-1.5996365856692967,1.022337024633336,-0.5090754457245849,-0.257051420046379,-0.021478221423131612,0.30592308762509923,-1.313396980630811,0.8133053149343868,-0.5639972015331091,-0.17399774193679649,0.018372195214408166,0.39235871764578445,-1.472831177764978,0.8257115107464766,-0.493462137810676,-0.21244344430645967,0.00098888492956548,0.09000117304571391,0.09000117304571391,0.0,0.22295098000872549,0.11456330851857388,0.01903949269897305,0.00035590370221671297,0.22859447971530494,-2.6755538731059834,0,0.8920371891406197
18.977920000000132,0.7947148417761605,-1.6007053639247097,1.0222478860184376,-0.5080132161361964,-0.2565067812991398,-0.02139326757561807,0.769624611538256,-1.5738545256309435,0.8287256382551017,-0.4864177618401123,-0.12189488348623723,-0.19253174493202674,0.5799820319294822,-1.5235980749023015,0.8268184491748294,-0.48968181089320506,-0.16670446563514585,-0.09591003317391215,0.09000117304571391,0.09000117304571391,0.0,0.2229398379838745,0.11454106364253291,0.018966548577816045,0.0003538740496697244,0.22811681337749798,-2.675561244212096,0,0.8896644617888789
18.98208000000013,0.7926025442248517,-1.6017718740453273,1.0221591000010795,-0.5069514123141081,-0.25596242894820675,-0.02130864416594792,0.3371068742996276,-2.004205914289787,1.165889053002394,-0.4436172863558369,-0.2631990728347404,-0.05893099767172977,0.4576193437278198,-1.7644529098743167,0.9962334610873239,-0.46631647312482005,-0.21489471149663972,-0.0773806240542645,0.09000117304571391,0.09000117304571391,0.0,0.22292512467361814,0.11451712434221983,0.01889387053347108,0.0003518551968980609,0.22763934427444807,-2.675568580035597,0,0.8872967142539955
18.98624000000013,0.79049466902252,-1.6028361172525745,1.0220706652095655,-0.5058900485596137,-0.2554183697393259,-0.02122434996336575,0.22037072357681253,-1.525656220947326,1.0738513248702661,-0.5848474337869161,-0.44734020286716464,-0.0556735981440068,0.33777565946452587,-1.6459854562145029,1.0349271799792523,-0.5249740881004975,-0.3300893716601425,-0.06654933676733917,0.09000117304571391,0.09000117304571391,0.0,0.22290687056002245,0.11449150535218222,0.01882145775014167,0.00034984710693549467,0.2271620787875255,-2.6755758808743746,0,0.8849339443002664
18.99040000000013,0.7883912142765097,-1.603898094795719,1.0219825802773113,-0.5048291390424722,-0.2548746103547329,-0.021140383741000905,0.28751885848780845,-1.9500668371701582,0.849331117056145,-0.6193869519589934,-0.35279874868267774,-0.08121996445354096,0.3113567135883525,-1.7987624341570696,0.9419591996498662,-0.5712671927162009,-0.3412750197382584,-0.07402075044758413,0.09000117304571391,0.09000117304571391,0.0,0.22288510592072996,0.11446422130756151,0.0187493094124956,0.0003478497424789939,0.22668502323927892,-2.675583147022594,0,0.8825761496270443
18.994560000000128,0.7862921780356688,-1.6049578079516091,1.0218948438428286,-0.5037686978018282,-0.25433115741360096,-0.02105674427586479,0.8527236250329966,-1.265242457287879,0.9373815710035662,-0.43586523404286204,-0.29981575936534255,-0.20526803024526244,0.5811372804930781,-1.5326237085230423,0.9392442121122214,-0.5035315898647987,-0.31988061736487,-0.1400256360430004,0.09000117304571391,0.09000117304571391,0.0,0.22285986083017606,0.114435286744898,0.018677424704857518,0.0003458630659013162,0.22620818389384728,-2.675590378770755,0,0.8802233278693399
18.998720000000127,0.7841975582908891,-1.6060152580244111,1.0218074545497084,-0.5027087387471271,-0.253788017472485,-0.020973430348851504,0.18116897440243995,-1.4507340129870585,1.1623740002105032,-0.6083218112704077,-0.1539457597742392,-0.08193050598500665,0.3798848947408576,-1.491998295926051,1.050641446420084,-0.5558515839824852,-0.2370173326139344,-0.11155493653799037,0.09000117304571391,0.09000117304571391,0.0,0.2228311651608641,0.11440471610229674,0.018605802812540567,0.0003438870392629895,0.22573156695736915,-2.675597576405743,0,0.8778754765984191
19.002880000000125,0.7821073529756432,-1.6070704463453518,1.0217204110466054,-0.5016492756590236,-0.2532451970257647,-0.02089044074473291,0.4713956959302175,-1.4062176331557672,1.1386154783277422,-0.3824559807250721,-0.28242181942661904,0.06577394515131536,0.4248436115043314,-1.4496944228863047,1.0947668458955195,-0.4682864504489254,-0.2598948539484843,-0.023363463044435238,0.09000117304571391,0.09000117304571391,0.0,0.22279904858491084,0.1143725237206632,0.018534442920826247,0.0003419216243244197,0.2252551785783895,-2.6756047402108853,0,0.875532593322397
19.007040000000124,0.780021559966517,-1.6081233742724605,1.0216337119872214,-0.5005903221902843,-0.25270270250608257,-0.02080777425215794,0.560020200058001,-1.4507791161641488,0.8541418450842685,-0.3391185384962123,-0.11852442437369601,0.08553144417701022,0.49172608423018715,-1.4504852846514802,0.9746294882779947,-0.40303241426715786,-0.18826653900884815,0.03159457457264309,0.09000117304571391,0.09000117304571391,0.0,0.22276354057489978,0.1143387238439798,0.01846334421522576,0.00033996678255750716,0.22477902484826368,-2.675611870466003,0,0.8731946754868279
19.011200000000123,0.7779401770837392,-1.6091740431903139,1.0215473560302895,-0.4995318918666847,-0.25216054028477997,-0.020725429663650798,0.9854736815377476,-1.8442345060542051,1.142861170974406,-0.5678358151791006,-0.21288445454982338,0.059595643767880645,0.7374199761713633,-1.6478052927129605,1.0588695781364659,-0.4843273851193061,-0.20064670254704453,0.04601928786791232,0.09000117304571391,0.09000117304571391,0.0,0.22272467040559552,0.11430333061979747,0.018392505882170604,0.00033802247515707216,0.22430311180155843,-2.6756189674474613,0,0.8708617204752901
19.015360000000122,0.7758632020917062,-1.6102224545097819,1.0214613418395577,-0.4984739980878997,-0.25161871667233116,-0.020643405775606253,0.760415252967686,-1.2514927444952608,0.988374699193943,-0.7450560282633191,-0.2152056815821273,-0.05046867981700717,0.7473671788591456,-1.4500952498934807,1.0235163861588725,-0.6142414182011978,-0.20726029687473013,-0.0020810817230487496,0.09000117304571391,0.09000117304571391,0.0,0.2226824671549117,0.1142663581001564,0.018321927107991576,0.00033608866305218565,0.22382744541645108,-2.6756260314282234,0,0.8685337256099669
19.01952000000012,0.7737906326995047,-1.6112686096677769,1.0213756680837731,-0.49741665412838926,-0.25107723791877323,-0.02056170138828921,0.6525619761279792,-1.4613335857013388,0.9928803895529278,-0.6075184251357204,-0.03979345470755674,0.134053141810631,0.6986997038103887,-1.4557983174555753,1.0084768142786102,-0.6105968282780486,-0.12303185171149784,0.0660666752080255,0.09000117304571391,0.09000117304571391,0.0,0.2226369597050979,0.11422782024229561,0.018251607080036328,0.0003341653069171526,0.2233520316151253,-2.6756330626778984,0,0.8662106881522246
19.02368000000012,0.7717224665614285,-1.6123125101270024,1.0212903334366654,-0.4963598731382778,-0.2505361102141325,-0.020480315305829586,0.7628077387285633,-1.8809558656645557,1.1378195479115467,-0.43453359912735384,-0.17717258492999677,-0.1322893021818856,0.7298495616082784,-1.668749353017964,1.0728739810932733,-0.5221961284041037,-0.1497272565998751,-0.03312401930611303,0.09000117304571391,0.09000117304571391,0.0,0.22258817674441,0.11418773090850864,0.01818154498586262,0.00033225236718197726,0.2228768762641647,-2.6756400614627913,0,0.8638926053031853
19.02784000000012,0.7696587012774943,-1.613354157375706,1.0212053365769311,-0.4953036681442267,-0.2499953396888516,-0.0203992463362205,0.13987818554753273,-1.8971633276769297,1.1267036686250937,-0.39902053747854904,-0.2480534190303984,0.010751878174904327,0.4340301372312412,-1.783474932755466,1.0998105488486498,-0.46078117718375144,-0.19837907346620146,-0.010700214291656247,0.09000117304571391,0.09000117304571391,0.0,0.22253614676782318,0.11414610386781765,0.01811174001371392,0.00033034980404327485,0.22240198517494372,-2.675647028045952,0,0.8615794742042956
19.032000000000117,0.7675993343939513,-1.6143935529274318,1.0211206761882172,-0.49424805205030337,-0.2494549324142089,-0.020318493291314528,-0.04309900581826165,-1.8623277488185899,0.9534845316981755,-0.636069130205726,-0.2743605018770581,0.041649088227780115,0.19413824347000833,-1.823472777397189,1.026733587061176,-0.547943554432943,-0.23625770782760597,0.015258647847179372,0.09000117304571391,0.09000117304571391,0.0,0.22248089807860283,0.11410295279561944,0.018042191352568113,0.0003284575774742237,0.2219273641040161,-2.675653962687222,0,0.8592712919378919
19.036160000000116,0.7655443634037895,-1.6154306983207765,1.0210363509591054,-0.4931930376388426,-0.24891489440273953,-0.020238054986819694,0.5694294948066755,-1.8112205414774496,0.7888968444797798,-0.42030220476215574,-0.3410779131816793,-0.18296092821694768,0.38090954930400367,-1.8180561251329277,0.9074343502315474,-0.48281856370080395,-0.28860373925220506,-0.08448860849522237,0.09000117304571391,0.09000117304571391,0.0,0.22242245878939837,0.114058291274936,0.017972898191757708,0.00032657564723492013,0.2214530187535005,-2.675660865643284,0,0.8569680555277621
19.040320000000115,0.7634937857472424,-1.6164655951191458,1.0209523595830958,-0.4921386375713033,-0.24837523160865063,-0.020157930242297065,0.7102723626774843,-1.8785249087166482,0.7485279854821882,-0.4433379184153692,-0.13764385620940153,0.07164542498527507,0.5446693483815312,-1.8485787845115522,0.8281274259944997,-0.4622237438385947,-0.212388523564554,-0.005638049215201349,0.09000117304571391,0.09000117304571391,0.0,0.22236085682350193,0.11401213279670469,0.01790385972144551,0.00032470397288215827,0.220978954771464,-2.675667737167706,0,0.8546697619397017
19.044480000000114,0.7614475988122877,-1.6174982449105135,1.020868700758591,-0.49108486438911914,-0.24783594992823513,-0.02007811788115633,1.0436890845422737,-1.5520539741434298,0.7719366645039939,-0.6304028568235102,-0.25767102128097097,0.0447213951045634,0.7928705234971872,-1.700850270090491,0.8001260048109956,-0.5458384066940279,-0.23501847563726608,0.018897226777616148,0.09000117304571391,0.09000117304571391,0.0,0.2222961199158946,0.11396449076039133,0.017835075132673267,0.00032284251377895454,0.2205051777523026,-2.675674577510987,0,0.8523764080820678
19.048640000000113,0.7594057999351438,-1.6185286493071813,1.02078537318888,-0.4900317305145446,-0.2472970552002828,-0.01999861673065115,1.3207715958364386,-1.8699540074895502,1.190968873445035,-0.6234500370838385,-0.22566006385452297,-0.0017160830945174774,1.0555264015892607,-1.7858736391011356,0.9955467436395179,-0.5838727383563755,-0.22988276232431534,0.00852505604210393,0.09000117304571391,0.09000117304571391,0.0,0.22222827561483327,0.11391537847439026,0.017766543616981892,0.00032099122910403996,0.2200316932371198,-2.6756813869206035,0,0.8500879908063284
19.05280000000011,0.7573683864007625,-1.6195568099455417,1.0207023755821223,-0.48897924825149325,-0.2467585532064894,-0.019919425621876114,0.8493610615585927,-1.4241452870441658,0.4235533414343381,-0.581314912849867,-0.3040105765099419,-0.1246642278035393,0.951233581433576,-1.605640118561556,0.7092872325133421,-0.5827914190891224,-0.2665315174083024,-0.05829689329528066,0.09000117304571391,0.09000117304571391,0.0,0.22215735128253056,0.11386480915728231,0.017698264366887206,0.00031915007786134674,0.21955850671410207,-2.6756881656410525,0,0.847804506907607
19.05696000000011,0.7553353554433193,-1.6205827284858412,1.0206197066513316,-0.48792742978637343,-0.24622044967186008,-0.019840543389761673,0.9107931126735126,-1.2196747724720507,0.8715106120841511,-0.3799602770233286,-0.12460382584465317,0.008731663896487846,0.930222099109033,-1.4129153796804081,0.7904185150315693,-0.48107212508833913,-0.19487347101559982,-0.02492921746839945,0.09000117304571391,0.09000117304571391,0.0,0.22208337409669376,0.11381279593749066,0.017630236575500086,0.00031731901888870943,0.21908562361889242,-2.675694913913895,0,0.8455259531252257
19.06112000000011,0.7533067042466989,-1.6216064066119458,1.0205373651143606,-0.4868762871889162,-0.24568275026511413,-0.01976196887307065,0.8473048602081521,-1.7461227678742506,0.8550896379830718,-0.3789759995404585,-0.17029954529528202,-0.0045538881231134525,0.8879752062763269,-1.5798765111688282,0.8227450469597105,-0.4303026904737441,-0.1821612505943272,-0.014737986618932051,0.09000117304571391,0.09000117304571391,0.0,0.22200637105158705,0.1137593518545415,0.017562459436788067,0.0003154980108669673,0.21861304933496117,-2.675701631977799,0,0.8432523261432417
19.065280000000108,0.7512824299449781,-1.6226278460311085,1.020455349693884,-0.4858258324129988,-0.24514546059908424,-0.019683700914393636,0.72619039728211,-1.3326693090204538,1.287659154352111,-0.4967992096817472,-0.4082353900267676,-0.2758350552822049,0.8060460020412619,-1.457120268499391,1.054632640416217,-0.4624216523215384,-0.29519803550301155,-0.14575806317694087,0.09000117304571391,0.09000117304571391,0.0,0.22192636895925644,0.11370448985936482,0.017494932145837375,0.00031368701232845704,0.2181407891939744,-2.6757083200685825,0,0.8409836225909817
19.069440000000107,0.7492625296229053,-1.6236470484737382,1.0203736591173833,-0.48477607729746247,-0.24460858623111403,-0.01960573836014334,0.5604556846022364,-1.4555644672370696,1.0750184205295852,-0.5295669850452117,-0.38871107804608085,-0.024401012100489974,0.6821465792582025,-1.4571516618244253,1.0647751210337104,-0.4954795480021686,-0.34156528968475874,-0.08518409903323847,0.09000117304571391,0.09000117304571391,0.0,0.2218433944505449,0.1136482228149171,0.017427653898473283,0.00031188598166559986,0.2176688484761598,-2.6757149784192538,0,0.8387198390435718
19.073600000000106,0.7472470003163765,-1.6246640156931693,1.0202922921171311,-0.4837270335669251,-0.24407213266345296,-0.01952808006055041,0.754380887376001,-1.5032317570787843,0.717528453936661,-0.3860229872747088,-0.16370133123167763,-0.06458528058512361,0.7174594207913425,-1.4805325613436442,0.8910140630070578,-0.4398440036872722,-0.25262764949743527,-0.07442482671868378,0.09000117304571391,0.09000117304571391,0.0,0.22175747397632473,0.1135905634965923,0.017360623891093177,0.0003100948771390529,0.21719723241067057,-2.6757216072600527,0,0.8364609720224652
19.077760000000104,0.7452358390129074,-1.6256787494654346,1.020211247430174,-0.4826787128325886,-0.24353610534364906,-0.019450724869660038,0.6222615908584596,-1.780041698427994,0.9163835046167558,-0.567086515240933,-0.16467511879971103,0.05484418130167654,0.6686784676545888,-1.6306312260543654,0.903814084003456,-0.5025682502311604,-0.20890661310627143,-0.010302689631831688,0.09000117304571391,0.09000117304571391,0.0,0.2216686338087861,0.11353152459295462,0.017293841321998252,0.0003083136568858989,0.21672594617594643,-2.675728206818491,0,0.8342070179959629
19.081920000000103,0.743229042652103,-1.6266912515890384,1.0201305237983187,-0.48163112659304036,-0.24300050966493847,-0.019373671645322936,0.6798065009218469,-1.901637353791395,1.1210045315297201,-0.5368690546633883,-0.19373959954253273,0.1726431327848013,0.6731246266826623,-1.7665401064916895,1.0127692009476228,-0.5191089346775404,-0.20086849307756652,0.0815043796319153,0.09000117304571391,0.09000117304571391,0.0,0.2215769000423028,0.11347111870625959,0.017227305389088232,0.00030654227892759286,0.21625499490007258,-2.6757347773193922,0,0.8319579733797344
19.086080000000102,0.7412266081261236,-1.6277015238847328,1.0200501199681138,-0.4805842862350502,-0.24246535096663252,-0.01929691924919593,0.6608768286816772,-1.616011043708765,1.1212334801810429,-0.30764285836356225,-0.45882224809016237,0.2380770298168187,0.6663592419003123,-1.6922279830477076,1.067497540189353,-0.41266245591425965,-0.33024990807706744,0.15966174751604914,0.09000117304571391,0.09000117304571391,0.0,0.22148229859472668,0.11340935835319055,0.017161015292688916,0.00030478070117768264,0.21578438366113617,-2.6757413189849295,0,0.8297138345373326
19.0902400000001,0.7392285322801471,-1.6287095681952932,1.0199700346908358,-0.47953820303436173,-0.24193063453450142,-0.01922046654673079,0.556893701571042,-1.8331668594885535,1.218938843872204,-0.4184990458671531,-0.02375916643234488,-0.1223281783862556,0.6107557433481376,-1.7627486327538107,1.1429639722814524,-0.41582244502088456,-0.1766361652294584,0.019088928753445877,0.09000117304571391,0.09000117304571391,0.0,0.2213848552085812,0.11334625596474135,0.01709497023324824,0.0003030288814491888,0.21531411748758036,-2.675747832034665,0,0.8274745977807049
19.0944000000001,0.7372348119128284,-1.629715386385298,1.0198902667224725,-0.4784928881564783,-0.24139636560115826,-0.019144312407172598,0.01362607923542758,-1.6111586179260287,1.1183841579803624,-0.5070253506875015,-0.1472077003430645,0.11302470555598085,0.3111319969600455,-1.6872605772714595,1.1309081968275192,-0.4613517278250113,-0.16104631202081857,0.06642797697246462,0.09000117304571391,0.09000117304571391,0.0,0.22128459545193502,0.11328182388759678,0.017029169412665926,0.00030128677746232456,0.2148442013585562,-2.6757543166855875,0,0.8252402593707021
19.0985600000001,0.7352454437767557,-1.6307189803409081,1.0198108148237077,-0.4774483526574444,-0.24086254934643697,-0.0190684557035526,0.3245177195081018,-1.9417287254365765,1.1807321174070888,-0.23936898338536855,-0.24890587116517154,0.022624549538214165,0.3173258987052431,-1.8150171290116177,1.1558662219454037,-0.34981069298775314,-0.20353754785821668,0.04517445525834158,0.09000117304571391,0.09000117304571391,0.0,0.22118154471970808,0.11321607438423309,0.016963612033485467,0.00029955434685158624,0.21437464020427227,-2.6757607731521493,0,0.8230108155175826
19.102720000000097,0.7332604245789032,-1.6317203519696488,1.0197316777599048,-0.4764046074846215,-0.24032919089776958,-0.018992895312684402,0.9262286675536837,-2.0749161005896553,0.8035125908616493,-0.405553790333147,-0.17577650503540135,0.01577539063823851,0.6209362042266341,-1.945334165505715,0.9797198651792135,-0.37681335313476066,-0.1896001157683479,0.030422944602697663,0.09000117304571391,0.09000117304571391,0.0,0.22107572823482025,0.11314901963344659,0.01689829730001087,0.000297831547172724,0.21390543890634167,-2.6757672016463028,0,0.8207862623815128
19.106880000000096,0.7312797509810804,-1.6327195032001929,1.0196528543010916,-0.4753616634774583,-0.23979629533056107,-0.018917630115155508,1.1109248006863657,-1.7632018411144441,0.8986027550478314,-0.5921451250176056,-0.17651968876784768,0.019851905616675068,0.8647003004176982,-1.8546353003972724,0.9392046488741584,-0.483510466462072,-0.18237999774724498,0.02388071599291116,0.09000117304571391,0.09000117304571391,0.0,0.22096717104907548,0.1130806717309909,0.016833224417070997,0.0002961183359097572,0.21343660229812705,-2.6757736023775363,0,0.8185665960730648
19.111040000000095,0.7293034196003794,-1.6337164359821452,1.0195743432219444,-0.47431953136825694,-0.23926386766856128,-0.018842658995323995,0.9975684445262358,-1.4778990627758617,1.3826877360782364,-0.38842129464167086,-0.3914948526073132,0.010311795999808353,0.9303266837739,-1.6670799339992612,1.160970309844405,-0.43562890944902494,-0.28639958369722934,0.0173058722424536,0.09000117304571391,0.09000117304571391,0.0,0.22085589804437056,0.11301104269000206,0.01676839259113569,0.0002944146704816857,0.21296813516508328,-2.6757799755529095,0,0.8163518126537108
19.115200000000094,0.7273314270096172,-1.6347111522858295,1.0194961433017722,-0.4732782217829337,-0.23873191288423484,-0.018767980841310553,-0.01433498646085718,-1.7546027079376867,1.2098088301003052,-0.4838455540215231,-0.2992712501889707,0.1785822906843581,0.4569816654715716,-1.7114652724022135,1.1857608017533297,-0.45916278636525876,-0.2924193874211022,0.09820107428361893,0.09000117304571391,0.09000117304571391,0.0,0.22074193393374586,0.11294014444174616,0.016703801029507706,0.00029272050824923643,0.21250004224509778,-2.6757863213770894,0,0.8141419081363124
19.119360000000093,0.7253637697377764,-1.635703654102076,1.0194182533245013,-0.47223774524177475,-0.23820043589912765,-0.018693594544993822,0.657628664677662,-1.7760598935157268,0.7454277539979992,-0.6021611562899252,-0.1967394158114501,-0.15245853117610503,0.556052352327162,-1.7441720079446057,0.9652734924600845,-0.5298165984064764,-0.24470057528862707,-0.02682664594949119,0.09000117304571391,0.09000117304571391,0.0,0.22062530326260044,0.11286798883594057,0.016639448940797025,0.0002910358065210909,0.2120323282288289,-2.675792640052383,0,0.8119368784856075
19.12352000000009,0.7234004442704423,-1.6366939434420102,1.0193406720786595,-0.4711981121601862,-0.23766944158423187,-0.0186194990020038,0.15479299037566074,-1.6079078934092237,0.8853939450495061,-0.36580927762018006,-0.33031029235758086,-0.08299255618831365,0.35465776687567324,-1.6767266498447004,0.9251591158409176,-0.44723487825338326,-0.287203336034171,-0.05422232490789888,0.09000117304571391,0.09000117304571391,0.0,0.22050603040942884,0.11279458764118361,0.016575335534968164,0.00028936052256023435,0.2115649977600414,-2.675798931778772,0,0.8097367196186948
19.12768000000009,0.7214414470502363,-1.6376820223368451,1.0192633983573607,-0.47015933284944095,-0.23713893476034886,-0.01854569311171503,0.19156333534222958,-1.774804183612077,0.8470521853560389,-0.577036842937301,-0.3474658318377909,-0.09804411655310791,0.2719085016573664,-1.7264889652526942,0.8859024373755136,-0.5117965630387532,-0.3172617696216557,-0.07673734772019089,0.09000117304571391,0.09000117304571391,0.0,0.22038413958725533,0.11271995254592027,0.016511460022959112,0.00028769461359030065,0.21109805543594082,-2.675805196753946,0,0.8075414274055119
19.13184000000009,0.7194867744772471,-1.638667892837672,1.0191864309582888,-0.46912141751741876,-0.23660892019844781,-0.01847217577724137,0.2066948219078143,-1.3921736220011502,0.5151476935559839,-0.6116402539016272,-0.29674013721596815,-0.004416425212385595,0.23802682483526696,-1.5599480018924174,0.700513110179745,-0.5606605759540445,-0.3061190714776854,-0.04049741638139883,0.09000117304571391,0.09000117304571391,0.0,0.22025965484448484,0.11264409515823381,0.016447821617369796,0.0002860380368012813,0.2106315058075045,-2.6758114351733355,0,0.8053509976693134
19.136000000000088,0.7175364229094582,-1.6396515570152552,1.0191097686836827,-0.4680843762693424,-0.236079402620025,-0.01839894590542787,0.8938247441662616,-1.7525171182444959,1.1922383025894558,-0.3680021922537636,-0.28872401000580383,0.12691877301709562,0.5651641330988968,-1.656834216207937,0.9466424101028147,-0.46395592115889006,-0.2975327158606481,0.04354832020461192,0.09000117304571391,0.09000117304571391,0.0,0.22013260006596902,0.11256702700724186,0.016384419531653413,0.0002843907493556884,0.21016535337981118,-2.6758176472301436,0,0.8031654261871426
19.140160000000087,0.7155903886631727,-1.640633016959828,1.019033410340321,-0.46704821910850886,-0.23555038669745706,-0.018326002406846006,0.47161975268262235,-1.158398897091411,1.1427596747015676,-0.618834850303874,-0.2789476272360369,0.1993872095731153,0.5171029181935175,-1.4081943201038178,1.0451168100966846,-0.5408028696018637,-0.28773729702778705,0.12161369231649126,0.09000117304571391,0.09000117304571391,0.0,0.22000299897407616,0.11248875954289111,0.016321252980804155,0.0002827527083940733,0.20969960261236803,-2.675823833115378,0,0.8009847086903026
19.144320000000086,0.7136486680134352,-1.641612274780888,1.0189573547395052,-0.46601295593701564,-0.23502187705435484,-0.0182533441957861,0.8854096044628149,-1.7831889271221972,0.9769092985708295,-0.5584530714346871,-0.12072072710370312,0.07110299050232033,0.700095629952952,-1.595946757615549,1.0111598541210285,-0.5488370828375464,-0.20355961037290235,0.0966573281345057,0.09000117304571391,0.09000117304571391,0.0,0.21987087512960413,0.1124093041366081,0.016258321181190402,0.00028112387104057803,0.2092342579194357,-2.6758299930178815,0,0.7988088408648214
19.148480000000085,0.7117112571944498,-1.6425893326069958,1.0188816006970458,-0.4649785965564827,-0.2344938782659142,-0.018180970190250337,1.018335947603028,-1.6894004414159374,1.0068650730409217,-0.5738926644065656,-0.2906121772875258,0.05071533540676369,0.8580223539447435,-1.6432786465220852,1.0091182570313384,-0.5604104046041559,-0.24711484920121843,0.07352719010994323,0.09000117304571391,0.09000117304571391,0.0,0.21973625193312352,0.11232867208195146,0.016195623350601346,0.00027950419440864725,0.2087693236703514,-2.675836127124365,0,0.7966378183519156
19.152640000000083,0.7097781523999966,-1.643564192585576,1.0188061470332461,-0.46394515066876846,-0.23396639485926407,-0.01810887931194567,0.9723310985478175,-1.1751089636257182,0.44887769967356517,-0.5427577417629376,-0.17699186234119046,0.007168909759969429,0.9140462670724916,-1.4095581368195724,0.7290085058928799,-0.5504606468846556,-0.21231276614024164,0.040575071882585224,0.09000117304571391,0.09000117304571391,0.0,0.21959915262557494,0.11224687459526633,0.016133158707651044,0.0002778936356062494,0.20830480418984948,-2.6758422356194353,0,0.7944716367484502
19.156800000000082,0.7078493497838438,-1.6445368568827168,1.0187309925728867,-0.46291262787668275,-0.2334394313138114,-0.018037070486279096,0.5894554045668485,-1.4774725448191268,0.9548180366229234,-0.5433773723398841,-0.16459829640568874,0.06084367421350923,0.7506191504692469,-1.443857797779203,0.8420411474036285,-0.5473017703627928,-0.18864031006999354,0.05083166311430252,0.09000117304571391,0.09000117304571391,0.0,0.21945960028961908,0.11216392281580523,0.016070926473108177,0.00027629215174097415,0.20784070375838012,-2.6758483186856257,0,0.7923102916073943
19.16096000000008,0.7059248454601577,-1.6455073276829735,1.0186561361452102,-0.4618810376846937,-0.23291299206158536,-0.017965542642347527,1.068007963924182,-1.2467544054296407,0.9419965130741624,-0.4364456498098554,-0.3935836436111553,0.06680957903338794,0.9084062419555764,-1.3461225961367882,0.8921586276623,-0.49104322428278646,-0.2914685115251817,0.05875420112903157,0.09000117304571391,0.09000117304571391,0.0,0.21931761785050707,0.1120798278063847,0.016008925868659568,0.000274699699925101,0.2073770266124258,-2.6758543765034255,0,0.7901537784382752
19.16512000000008,0.7040046355039092,-1.6464756071891717,1.0185815765839064,-0.4608503894996305,-0.2323870814875787,-0.01789429471293267,0.27526630932677526,-1.479926465777832,0.6562426752621919,-0.36892925818830447,-0.1795202049147939,-0.0034012767227999154,0.5910644919582687,-1.4133996016587307,0.7741923766746367,-0.4299982976902279,-0.23514685121267656,0.0274637801503,0.09000117304571391,0.09000117304571391,0.0,0.21917322807706197,0.1119946005537229,0.015947156117383163,0.0002731162372807263,0.20691377694481594,-2.67586040925131,0,0.7880020927076277
19.16928000000008,0.7020887159512785,-1.6474416976222137,1.018507312727096,-0.45982069263138164,-0.23186170393008737,-0.017823325634493993,0.5551176819583438,-1.846724179460573,1.3550262332769587,-0.43072848444503753,-0.14029705999245407,0.10657661337296054,0.5721935668884973,-1.630358542230035,1.0648348973866986,-0.4297066053623189,-0.18685978319029034,0.06708640376829215,0.09000117304571391,0.09000117304571391,0.0,0.21902645358271533,0.11190825196931287,0.015885616444008238,0.000271541720944486,0.20645095890503917,-2.675866417105766,0,0.7858552298394407
19.173440000000078,0.7001770828000552,-1.6484056012208848,1.0184333434173163,-0.45879195629358843,-0.23133686368104633,-0.017752634347160616,0.3602248595093558,-1.825381621124787,1.042148920099324,-0.5153353198612644,-0.06947460610737607,-0.2262939096352192,0.4651354044187385,-1.7280171164345317,1.0530202014718317,-0.47230243951544404,-0.12761456538928675,-0.07916964077847542,0.09000117304571391,0.09000117304571391,0.0,0.21887731682654843,0.11182079288965663,0.015824306074747746,0.0002699761080723762,0.20598857659955364,-2.6758724002413237,0,0.7837131852156014
19.177600000000076,0.6982697320100372,-1.6493673202416612,1.018359667501505,-0.4577641896043336,-0.23081256498636413,-0.01768221979472384,0.9391330302302409,-1.2100205941745485,1.045587146783726,-0.42185952470278004,-0.15766263536505712,-0.10028780925248099,0.7012566615001701,-1.4693436908630626,1.0490958435741071,-0.4454411474205442,-0.1423834974048459,-0.09012030584562954,0.09000117304571391,0.09000117304571391,0.0,0.21872584011401353,0.11173223407649957,0.015763224237130224,0.0002684193558441062,0.20552663409209532,-2.6758783588305803,0,0.7815759541763351
19.181760000000075,0.6963666595034254,-1.6503268569585205,1.0182862838309856,-0.4567374015868267,-0.23028881204625626,-0.017612080924630454,0.1286386224342867,-1.203928311493765,1.3094898459014448,-0.548592403452657,-0.24066024331804703,-0.033698675481454866,0.41380190778937886,-1.3371339673683647,1.1792240427740404,-0.49668750341814316,-0.19187278140299285,-0.06165739022180098,0.09000117304571391,0.09000117304571391,0.0,0.21857204559840826,0.11164258621781514,0.015702370160259174,0.00026687142146783417,0.2050651354039844,-2.6758842930442306,0,0.7794435320206422
19.185920000000074,0.6944678611652166,-1.6512842136627521,1.0182131912614525,-0.4557116011700824,-0.22976560901557433,-0.017542216687974843,0.6722585931303916,-1.8281133310668296,1.1939611042939187,-0.5278659898391223,-0.3200524814883472,-0.2093554251395748,0.5419321164349853,-1.5832921631610437,1.1861551258765208,-0.5113146733413374,-0.2562532806398259,-0.13448835659392988,0.09000117304571391,0.09000117304571391,0.0,0.21841595528128255,0.11155185992793593,0.01564174307443071,0.00026533226218440034,0.20460408451442935,-2.675890203051091,0,0.7773159140067325
19.190080000000073,0.6925733328435933,-1.6522393926627694,1.0181403886529545,-0.45468679718959737,-0.22924296000413427,-0.01747262603949279,0.6773392833281043,-1.2862100586526406,0.8913686869914357,-0.421880144360965,-0.2918404399823311,-0.11464527436938625,0.6087584805452285,-1.4353547861129512,1.0385215737123217,-0.46628172725611644,-0.2746531241475512,-0.124658903829832,0.09000117304571391,0.09000117304571391,0.0,0.21825759101375763,0.1114600657480061,0.015581342212249077,0.0002638018352716083,0.2041434853608291,-2.675896089018128,0,0.7751930953524563
19.19424000000007,0.69068307035031,-1.6531923962839237,1.0180678748698815,-0.4536629983880206,-0.22872086907704262,-0.01740330793755055,0.6074474908691058,-1.6297473639532702,0.9384548464780207,-0.5361277840863423,-0.12054510778458523,-0.08200684101648648,0.6069859482485479,-1.5328037507982555,0.9883163352822707,-0.5002876082952338,-0.19732759585735576,-0.10304577444712798,0.09000117304571391,0.09000117304571391,0.0,0.21809697449747378,0.11136721414654244,0.01552116680674702,0.00026228009804841947,0.20368334183907355,-2.675901951110482,0,0.7730750712357319
19.19840000000007,0.6887970694610773,-1.6541432268683196,1.0179956487809476,-0.4526402134158196,-0.22819934025502006,-0.017334261344141805,0.22049350538248857,-2.155432098697061,1.058327153603039,-0.5467654209728504,-0.09244421634952554,-0.07349676089069093,0.41259778519076556,-1.8443156438957626,1.0231693266743507,-0.5225710064057845,-0.14437281511983743,-0.0882555863917924,0.09000117304571391,0.09000117304571391,0.0,0.21793412728537986,0.11127331552021108,0.0154612160935695,0.000260767007879038,0.20322365780384155,-2.675907789491495,0,0.7709618367949701
19.20256000000007,0.6869153259159443,-1.655091886774631,1.0179237092591773,-0.451618450831943,-0.22767837751472178,-0.01726548522487548,0.8167949868237198,-1.47768990364909,0.5129561441361097,-0.4304244400187219,-0.09218036360898704,-0.027770416480536814,0.6138029562637924,-1.661193981596969,0.7680014403416151,-0.47602864746184176,-0.11729863115391834,-0.058034568674161874,0.09000117304571391,0.09000117304571391,0.0,0.2177690707826332,0.11117838019353582,0.015401489309308958,0.0002592625221767014,0.20276443706889724,-2.6759136043227336,0,0.7688533871294965
19.206720000000068,0.6850378354196757,-1.6560383783779187,1.01785205518189,-0.4505977191044787,-0.22715798478905852,-0.01719697854897049,0.16721885311865103,-1.3981674610843715,1.2650029480763372,-0.2569783770546957,-0.27163180695114864,0.04357514230213716,0.3899726844813948,-1.5302456604560972,1.01659606733034,-0.3662349412412234,-0.1935930147570528,-0.007120974168142499,0.09000117304571391,0.09000117304571391,0.0,0.21760182624792967,0.11108241842010469,0.01534198569219107,0.0002577665984076191,0.20230568340738453,-2.6759193957640153,0,0.7667497172999699
19.210880000000067,0.6831645936421286,-1.65698270406945,1.0177806854306848,-0.4495780266113062,-0.22663816596751266,-0.01712874028924765,0.21929866356347016,-1.8083372069690629,1.1152871805009632,-0.31903440149596185,-0.1830269609081632,0.029379653805244016,0.30397050879392196,-1.6696747711601028,1.066003452697113,-0.3424508040618746,-0.18797371474379926,0.011112883339315965,0.09000117304571391,0.09000117304571391,0.0,0.217432414793981,0.11098544038260189,0.015282704482120116,0.0002562791940947122,0.2018474005521193,-2.6759251639734316,0,0.7646508223287974
19.215040000000066,0.6812955962186255,-1.6579248662565187,1.017709598891426,-0.4485593816407465,-0.22611892489645377,-0.017060769422121383,0.7044337037046681,-1.7088597013669864,0.4254001888432434,-0.4649491913310109,-0.2510263550648067,0.15936904863046242,0.5032365089109841,-1.689789770913757,0.7460279673026702,-0.4030580350364941,-0.21943207618861701,0.0856420358032186,0.09000117304571391,0.09000117304571391,0.0,0.21726085738863654,0.1108874561933757,0.015223644920724241,0.0002548002668213042,0.20138959219587993,-2.6759309091073735,0,0.7625566972005479
19.219200000000065,0.6794308387503246,-1.6588648673622663,1.0176387944542278,-0.4475417923922069,-0.22560026537945171,-0.0169930649275912,0.34801286102095064,-1.5493968904123165,0.5653424276564386,-0.26570108971385475,-0.14185925969164243,0.05515160677406637,0.4250689626958061,-1.619888858928359,0.6557982536890077,-0.3334336189620998,-0.17995460427068338,0.07058782932674916,0.09000117304571391,0.09000117304571391,0.0,0.21708717485584716,0.11078847589479357,0.015164806250972385,0.00025332977423457624,0.20093226199169595,-2.6759366313205537,0,0.7604673368623615
19.223360000000064,0.6775703168045879,-1.6598027098255064,1.0175682710134393,-0.4465252669768215,-0.225082191177588,-0.016925625789234837,0.8390630951855444,-2.0297757714668077,0.9043181340398746,-0.5018370877979033,-0.23981026034745578,-0.1285417123765455,0.6310249130242009,-1.8253356063764752,0.7797918401873626,-0.4175253801990392,-0.20909741425589,-0.02861334566725054,0.09000117304571391,0.09000117304571391,0.0,0.2169113878765252,0.11068850946013331,0.015106187717860847,0.00025186767404916535,0.20047541355313453,-2.67594233076603,0,0.7583827362243551
19.227520000000062,0.6757140259153459,-1.660738396100547,1.0174980274676302,-0.44550981341808726,-0.22456470600976314,-0.016858450994198474,0.26774722016418884,-1.6484583563256507,0.9761742492443835,-0.3475598231405509,-0.19430430370976168,-0.006092051107905054,0.4486596598666818,-1.7373010518136764,0.8779717567071486,-0.38209009950350525,-0.20114361908365605,-0.017358513728475744,0.09000117304571391,0.09000117304571391,0.0,0.21673351698945997,0.11058756679319304,0.015047788567388282,0.00025041392405025727,0.2000190504545853,-2.6759480075952293,0,0.7563028901600284
19.23168000000006,0.6738619615834605,-1.6616719286570178,1.0174280627195753,-0.44449543965249655,-0.2240478135530057,-0.016791539533191232,0.7240758951115603,-1.330859129950456,0.9198673404128543,-0.3473088207301679,-0.21002868055273005,0.036601357322241734,0.5856455483663559,-1.5345148603677758,0.898995270909603,-0.3638534370178648,-0.20522013717952892,0.009954830135060176,0.09000117304571391,0.09000117304571391,0.0,0.21655358259223678,0.11048565772950492,0.014989608047883435,0.0002489684820971696,0.1995631762315431,-2.6759536619579687,0,0.7542277935066624
19.23584000000006,0.6720141192770848,-1.6626033099796962,1.01735837567624,-0.44348215353016474,-0.22353151744277583,-0.01672489040047416,0.7417823836677155,-1.49627483265219,1.1639118092214962,-0.24463091859304664,-0.24388608605778345,-0.15908244199733457,0.6632050876079109,-1.5159015839801704,1.0311234761891226,-0.30369887057751427,-0.22468089880282494,-0.07405735256702091,0.09000117304571391,0.09000117304571391,0.0,0.2163716049419976,0.11038279203658918,0.014931645408980912,0.00024753130612642624,0.1991077943808891,-2.6759592940024786,0,0.7521574410657188
19.24000000000006,0.6701704944320204,-1.6635325425683347,1.0172889652487658,-0.44246996281545475,-0.22301582127326752,-0.01665850259385345,0.5033586921784928,-1.684588350472412,0.7934676366231063,-0.5159729224988433,-0.20397867508677864,0.04069941147514662,0.5822069271011507,-1.6006704034790833,0.9123781765874223,-0.4095166878789506,-0.21433776503918278,-0.016508203830360432,0.09000117304571391,0.09000117304571391,0.0,0.2161876041566314,0.11027897941378134,0.014873899902092758,0.0002461023541545876,0.19865290836117,-2.6759649038754234,0,0.750091827603235
19.244160000000058,0.6683310824520721,-1.6644596289374918,1.0172198303524547,-0.44145887518759597,-0.22250072859771167,-0.016592375114671716,1.078395237355417,-1.9647289511690735,0.5029791526855757,-0.5898071043513797,-0.258180232277861,0.006668120523790264,0.8290761913167469,-1.7832401732278547,0.7076887457194753,-0.49888997513711464,-0.23580370514886567,-0.00447739938963143,0.09000117304571391,0.09000117304571391,0.0,0.21600160021538095,0.11017422949377048,0.014816370780239022,0.00024468158428173656,0.19819852159287515,-2.675970491721925,0,0.7480309478502152
19.248320000000056,0.6664958787094,-1.6653845716163613,1.0171509699067556,-0.4404488982413002,-0.22198624292867217,-0.016526506967799934,1.2963965039509733,-1.1906314305329855,1.4339752709298081,-0.3506719975738691,-0.21164952207276172,-0.03031933677461205,1.0620090916093503,-1.4873747004894147,1.070772768925241,-0.42424301581075774,-0.2223719399630049,-0.0167917047583807,0.09000117304571391,0.09000117304571391,0.0,0.215813612959878,0.11006855184210934,0.014759057298091613,0.00024326895469409818,0.19774463745871207,-2.6759760576855824,0,0.745974796503021
19.252480000000055,0.6646648785448692,-1.6663073731486044,1.0170823828352489,-0.43944003948737315,-0.2214723677383442,-0.01646089716162924,0.11293322652704696,-1.4588166215669796,1.0910016876647668,-0.6368791589958096,-0.2410651287292682,-0.08418376095932323,0.5861369065129438,-1.4735974707665203,1.0807130052274534,-0.5291428108950252,-0.23142829586370997,-0.05083690958214825,0.09000117304571391,0.09000117304571391,0.0,0.21562366209491424,0.10996195595779273,0.014701958712232496,0.0002418644236668433,0.19729125930388014,-2.6759816019084925,0,0.7439233682237576
19.256640000000054,0.662838077268397,-1.667228036092183,1.0170140680656319,-0.43843230635332214,-0.2209591064588496,-0.01639554470806164,0.6428060760035765,-1.7991788903253,1.1483444571405217,-0.545685916105295,-0.1164360849484472,-0.036083489004351606,0.6133355244691325,-1.636633303258952,1.1144546455789375,-0.5367629673692198,-0.17362181418132697,-0.043698557626769996,0.09000117304571391,0.09000117304571391,0.0,0.21543176718937584,0.10985445127415877,0.014645074280984174,0.00024046794956712194,0.19683839043634244,-2.6759871245312716,0,0.7418766576406572
19.260800000000053,0.6610154701592972,-1.6681465630191934,1.0169460245297048,-0.43742570618395954,-0.22044646248252858,-0.01633044862250139,0.7052672729667436,-1.7501709002721784,0.7781401704283694,-0.40101852339765515,-0.3924572367838673,0.14039454903322401,0.6584674014169146,-1.694219325700003,0.9465878183276022,-0.46864279099651623,-0.28296309572616524,0.047976979532870535,0.09000117304571391,0.09000117304571391,0.0,0.21523794767717974,0.10974604715882974,0.014588403263811056,0.00023907949085649613,0.19638603412709577,-2.6759926256930746,0,0.7398346593484603
19.264960000000052,0.6591970524666222,-1.6690629565157027,1.0168782511633554,-0.43642024624200193,-0.21993443916223115,-0.016265607923848926,0.6794057183221918,-2.024053248459004,1.0770074225544888,-0.37796163628162494,-0.2292399945815636,-0.04776214745358623,0.6681470389198909,-1.859616602305911,1.0116982149587628,-0.4216163031104722,-0.25553052522408154,0.0005819816797113881,0.09000117304571391,0.09000117304571391,0.0,0.2150422228578921,0.1096367529144015,0.014531944922860723,0.00023769900609368831,0.19593419361043884,-2.6759981055316153,0,0.7377973679087936
19.26912000000005,0.6573828194095027,-1.6699772191815845,1.016810746906545,-0.43541593370866644,-0.21942303981160594,-0.016201021634488295,0.31553807172992665,-1.8816369181533572,0.41990006984850436,-0.3622670157159753,-0.32039220130025725,0.02000119360328056,0.49108478339476913,-1.8712940628190078,0.7158355160312795,-0.3910800908694235,-0.2876004071346455,0.010813098729184954,0.09000117304571391,0.09000117304571391,0.0,0.2148446118979369,0.10952657777860048,0.014475698521082908,0.00023632645393699934,0.19548287208423892,-2.676003564183187,0,0.7357647778505455
19.27328000000005,0.655572766177485,-1.6708893536303568,1.0167435107032938,-0.4344127756842613,-0.2189122677053877,-0.01613668878028249,1.0844926286129672,-2.122471070059,1.487112427623716,-0.5045189632887448,-0.2578219399356173,-0.07889679471247071,0.7867421885139647,-1.9974211990929724,1.1013152328600557,-0.4471743458049177,-0.2724183659331844,-0.034020273087075004,0.09000117304571391,0.09000117304571391,0.0,0.21464513383105932,0.10941553092476147,0.014419663323983617,0.00023496179314689403,0.19503207271019624,-2.67600900178268,0,0.7337368836702397
19.27744000000005,0.653766887930865,-1.6717993624890222,1.0166765415016665,-0.4334107791887745,-0.21840212607968296,-0.016072608390561446,0.672157312922836,-1.481680003371336,1.3431586707748138,-0.3929822185175099,-0.2246828215385546,-0.12105970161230434,0.7286306016738563,-1.7400136353985198,1.2219864463687498,-0.41962223112380603,-0.24888574842063185,-0.07734348214778083,0.09000117304571391,0.09000117304571391,0.0,0.2144438075594859,0.10930362146273531,0.014363838598171808,0.00023360498258842628,0.19458179861410735,-2.6760144184636014,0,0.7317136798324037
19.281600000000047,0.6519651798010214,-1.6727072483979066,1.0166098382537576,-0.43240995116245723,-0.2178926181322516,-0.016008779498116067,0.7568162282771388,-1.7597420517884694,0.9668849647684808,-0.48027683308857283,-0.37331025217197866,0.03027784268367238,0.7417222613327538,-1.750655630077644,1.0944965008815635,-0.44879691122558185,-0.3105255460571362,-0.023348982606333987,0.09000117304571391,0.09000117304571391,0.0,0.21424065185455232,0.10919085843851478,0.01430822361268573,0.00023225598123330116,0.19413205288612612,-2.6760198143580944,0,0.7296951607699367
19.285760000000046,0.6501676368907447,-1.6736130140105017,1.0165433999156777,-0.4314102984664038,-0.2173837470227898,-0.01594520113918676,0.7511555755299469,-1.70396311080534,1.2928485623193424,-0.5088306961756155,-0.26428846265173456,0.06428654991020744,0.7453792898842616,-1.7278588660365102,1.1938092003279683,-0.4781649088252971,-0.28735706313660603,0.01970989136242264,0.09000117304571391,0.09000117304571391,0.0,0.2140356853576556,0.10907725083503683,0.014252817637539064,0.00023091474816237678,0.19368283858102325,-2.6760251895969565,0,0.727681320884475
19.289920000000045,0.6483742542745651,-1.6745166619933067,1.0164772254475383,-0.4304118278831279,-0.21687551587320947,-0.015881872353458004,0.5874661365275826,-1.6080369248009883,1.2466778276636994,-0.28410101175833335,-0.06215990778268274,-0.08885271368490982,0.6658305917291731,-1.668077368042339,1.220060401566905,-0.3810998686144295,-0.174282308398375,-0.03520334409678032,0.09000117304571391,0.09000117304571391,0.0,0.2138289265810469,0.10896280757266591,0.014197619945260725,0.00022958124256772597,0.19323415871844407,-2.6760305443096564,0,0.7256721545467532
19.294080000000044,0.646585026999077,-1.675418195025673,1.016411313813438,-0.42941454611713475,-0.21636792776791547,-0.015818792184046526,0.3907004353411291,-1.5072023818352158,1.903254851194185,-0.44178679975550866,-0.1378131743390108,-0.1974433447134104,0.527343732682865,-1.5879257190731428,1.5612524818190787,-0.41098171778526066,-0.15589502230104785,-0.11667416974738198,0.09000117304571391,0.09000117304571391,0.0,0.21362039390862764,0.10884753750946452,0.014142629809869287,0.00022825542375483246,0.19278601628316472,-2.6760358786243534,0,0.723667656096963
19.298240000000042,0.6447999500832625,-1.6763176157996484,1.0163456639814485,-0.4284184597954898,-0.21586098575408158,-0.01575595967749371,1.066995300385395,-2.0298455621135663,0.41153296908111614,-0.5596016271833184,-0.17749494560452586,0.13660728533282113,0.7960091224991012,-1.809256023760817,0.9866688525805005,-0.4851787125863482,-0.16760405824194072,0.009934434444728732,0.09000117304571391,0.09000117304571391,0.0,0.21341010559680096,0.10873144944167895,0.01408784650712916,0.0002269372511445498,0.19233841422534642,-2.6760411926679146,0,0.7216678198451114
19.30240000000004,0.6430190185188109,-1.677214927019823,1.0162802749235995,-0.42742357546838344,-0.21535469284192424,-0.015693373883756974,0.302375807653411,-1.085274368315978,1.0288015311257215,-0.36649965464486567,-0.014296184576212206,-0.13382442050935167,0.5484257993339214,-1.4472904710921541,1.0074582364535214,-0.425412612013961,-0.0906688048966248,-0.06246504042936231,0.09000117304571391,0.09000117304571391,0.0,0.21319807977521898,0.10861455210379817,0.014033269314807376,0.00022562668427502974,0.19189135546078817,-2.6760464865659315,0,0.7196726400713737
19.30656000000004,0.6412422272704372,-1.6781101314031772,1.0162151456158655,-0.42642989960969213,-0.2148490520049758,-0.015631033856200034,0.44491428928148635,-1.1029223039629334,1.3976815923023285,-0.42387544112602615,-0.14985166516349158,-0.1519202141255132,0.4957863246152837,-1.2754159949713204,1.2022567367649477,-0.4239965362132451,-0.12009774560739069,-0.10722605638294755,0.09000117304571391,0.09000117304571391,0.0,0.21298433444769282,0.10849685416957583,0.013978897512074373,0.00022432368280385245,0.1914448428711778,-2.6760517604427383,0,0.7176821110264451
19.31072000000004,0.6394695712761975,-1.6790032316789287,1.0161502750381506,-0.4254374386175356,-0.21434406618035348,-0.01556893865158572,0.6044174852090962,-2.1566785025821624,1.0652190623299098,-0.4791759245803655,-0.11073672642598803,0.13035295177634992,0.5491053940490923,-1.7162838727171037,1.13400725081449,-0.4512946616162229,-0.11535621543570013,0.011942608021300375,0.09000117304571391,0.09000117304571391,0.0,0.21276888749289025,0.10837836425177144,0.013924730380616125,0.00022302820650966864,0.1909988793043414,-2.6760570144214277,0,0.71569622693189
19.314880000000038,0.6377010454478024,-1.679894230588383,1.0160856621742753,-0.4244461988148306,-0.2138397382690291,-0.015507087330064099,0.7567763646537128,-1.622209083371864,1.1268472123968414,-0.6643012635316798,-0.23932895009401078,-0.02258447354061784,0.6515598915775792,-1.6697442264243334,1.1303807403632808,-0.5574411786687313,-0.17704161892201972,-0.005575446060100912,0.09000117304571391,0.09000117304571391,0.0,0.21255175666525106,0.10825909090296065,0.013870767203393808,0.00022174021529412544,0.190553467574491,-2.676062248623868,0,0.713714981980488
19.319040000000037,0.635936644670928,-1.6807831308847834,1.016021306011962,-0.4234561864498406,-0.21333607113609537,-0.015445478955165801,0.9691279000668769,-2.060798437435823,1.130679610885804,-0.6022386175451065,-0.3555305051899169,-0.23768131321781033,0.8090923676071876,-1.8660140916221926,1.1300361584616203,-0.579302532913916,-0.266019703225446,-0.12178228103360665,0.09000117304571391,0.09000117304571391,0.0,0.21233295959558263,0.108139042615706,0.013817007265326892,0.00022045966918362323,0.19010861046247057,-2.6760674631707198,0,0.7117383703365784
19.323200000000035,0.634176363805525,-1.6816699353331626,1.0159572055428212,-0.4224674076967228,-0.21283306761103118,-0.01538411259379249,0.8902297712863894,-1.5651657285230816,0.8288254320846529,-0.4215770521647501,-0.39417710815251583,0.002456836136547111,0.8487837689218422,-1.7164066033709238,0.9794336164265589,-0.4999689103573875,-0.3306087544291426,-0.05958350813798273,0.09000117304571391,0.09000117304571391,0.0,0.21211251379208562,0.10801822782315584,0.013763449853121633,0.00021918652833086008,0.1896643107160006,-2.67607265818145,0,0.7097663861364008
19.327360000000034,0.6324201976861247,-1.6825546467101957,1.015893359762337,-0.42147986865607007,-0.21233073048796433,-0.015322987316208042,0.6000742388168285,-1.580002251411444,1.0442584268610775,-0.4221976022465923,-0.2954278195959682,-0.08916591903351759,0.7235467867523402,-1.6488198510927627,1.0116605863711245,-0.45997362625402416,-0.31210842600252797,-0.07416780715855395,0.09000117304571391,0.09000117304571391,0.0,0.21189043664095542,0.10789665489921735,0.013710094255527189,0.0002179207530165477,0.1892205710499208,-2.67607783377435,0,0.707799023488434
19.331520000000033,0.6306681411221436,-1.6834372678040537,1.0158297676698536,-0.4204935753554505,-0.21182906252593334,-0.015262102196028655,0.7433599107053708,-2.120671834964122,1.2141674517201575,-0.33510685349664193,-0.19593163350863627,-0.12494016929124059,0.732755768964597,-1.8851564113666903,1.1126550927623442,-0.3972088041668371,-0.25415514255780997,-0.09932406904969822,0.09000117304571391,0.09000117304571391,0.0,0.211666745407198,0.10777433215883703,0.013656939762949932,0.00021666230365091876,0.1887773941464314,-2.6760829900665506,0,0.705836276473733
19.335680000000032,0.6289201888981856,-1.6843178014142584,1.015766428268561,-0.4195085337499431,-0.21132806644914792,-0.015201456310214578,1.0136624903035552,-2.007717234918054,0.34106738834993944,-0.2867318908650959,-0.11789765790906466,-0.1767656857149823,0.8726123235661187,-1.9466834225988825,0.7264886291713821,-0.34083411886222253,-0.1857859771685025,-0.13825883290412364,0.09000117304571391,0.09000117304571391,0.0,0.21144145723550267,0.10765126785881668,0.013603985667923077,0.00021541114077533574,0.18833478265533282,-2.6760881271740367,0,0.7038781391462622
19.33984000000003,0.6271763357743411,-1.6851962503515385,1.0157033405654816,-0.4185247497226694,-0.21082774494724588,-0.015141048739059871,1.172690201050691,-1.6965181153198305,1.0637402852181146,-0.4299512229352866,-0.20269071975306932,-0.10281305488086888,1.0217575508682588,-1.8220217252040862,0.8949029129633552,-0.3846535934853402,-0.1937006635288,-0.12051129291690045,0.09000117304571391,0.09000117304571391,0.0,0.21121458915090308,0.10752747019777609,0.013551231264506802,0.00021416722506371118,0.18789273919426355,-2.6760932452116633,0,0.7019246055332266
19.34400000000003,0.6254365764864855,-1.6860726174376865,1.0156405035714557,-0.4175422290853219,-0.21032810067554997,-0.015080878566184659,0.6979200072981798,-1.8088170047052166,0.7507821998357594,-0.18890136298231763,-0.15386599435358517,-0.023489120024626206,0.8594437080525191,-1.8157388426316072,0.8227920061250235,-0.2868401819563445,-0.17401029084008923,-0.07167699035841305,0.09000117304571391,0.09000117304571391,0.0,0.21098615805943977,0.10740294731654337,0.013498675848971402,0.0002129305173238508,0.18745126634893666,-2.676098344293169,0,0.6999756696354019
19.34816000000003,0.6237009057465743,-1.6869469055054171,1.0155779163011285,-0.41656097757868993,-0.20982913625532307,-0.015020944878524558,1.073716184104303,-1.4845501073035081,1.0844051015655987,-0.3063705986756404,-0.3295529487399093,-0.012557037469750607,0.9659428410677916,-1.6508291423627293,0.9535744462299021,-0.29594902236392195,-0.25103870499907455,-0.04220735881333338,0.09000117304571391,0.09000117304571391,0.0,0.2107561807492,0.10727770729897473,0.013446318718983226,0.00021170097849895227,0.1870103666733749,-2.676103424531193,0,0.6980313254274599
19.352320000000027,0.6219693182429361,-1.6878191173982255,1.0155155777729354,-0.4155810008731801,-0.2093308542740197,-0.01496124676632347,0.731056036247586,-1.9015226634472178,0.5773379117132353,-0.25027946702584514,-0.13630578930898404,-0.12758908358041718,0.847976221723167,-1.776462935848202,0.765188261418558,-0.2726366607148324,-0.19283011993069876,-0.08493927224170109,0.09000117304571391,0.09000117304571391,0.0,0.21052467389082408,0.10715175817149214,0.013394159174501354,0.00021047856966872067,0.18657004269014366,-2.6761084860372875,0,0.6960915668582932
19.356480000000026,0.6202418086405639,-1.6886892559702487,1.015453487009089,-0.414602304569335,-0.2088332572855393,-0.014901783323122664,0.6777150940319918,-1.8301744532976572,1.1950530611799064,-0.41500400961932365,-0.26187720527047864,-0.0842097389057573,0.761980134176763,-1.8038649262488506,0.9799480765751337,-0.34326497367311926,-0.22679201779368877,-0.08436351675634772,0.09000117304571391,0.09000117304571391,0.0,0.2102916540383899,0.10702510790443903,0.013342196517391852,0.0002092632520508592,0.18613029689058314,-2.6761135289219316,0,0.6941563878513366
19.360640000000025,0.6185183715814041,-1.6895573240861257,1.015391643035565,-0.4136248941983474,-0.20833634781047375,-0.014842553645751436,0.5022066196062196,-1.3797034982787808,0.7057741579832646,-0.2752842337568502,-0.21139932219839624,-0.051026572972795614,0.6315187076892601,-1.5922206753508779,0.8427519580900735,-0.3091499702371059,-0.21922806094074976,-0.06716495137526075,0.09000117304571391,0.09000117304571391,0.0,0.21005713763002987,0.10689776441162085,0.013290430051040754,0.0002080549870021084,0.18569113173503826,-2.6761185532945477,0,0.6922257823048871
19.364800000000024,0.6167990016846434,-1.6904233246208604,1.0153300448820886,-0.41264877522257193,-0.2078401283363566,-0.014783556834319414,0.7066344865084709,-1.568729733777778,1.0745885830996316,-0.489595323478654,-0.07754390634701971,-0.07731228719921737,0.6680580588609668,-1.5806360487666304,0.9585104161964372,-0.3990149746822788,-0.14852991927705533,-0.07191611408426715,0.09000117304571391,0.09000117304571391,0.0,0.20982114098876625,0.1067697355510212,0.013238859081036551,0.00020685373601943768,0.18525254965308766,-2.676123559263513,0,0.6902997440924201
19.368960000000023,0.6150836935469933,-1.6912872604596851,1.015268691582121,-0.4116739530360327,-0.20734460131790916,-0.014724791992206002,0.1534335491377481,-1.8546775890066332,1.0339726894035326,-0.3229958615450624,-0.18273652419842654,0.03898800014885924,0.41006922331907586,-1.7180389919308445,0.9963222755306014,-0.36045365909354476,-0.16554987163814072,-0.01603877461607705,0.09000117304571391,0.09000117304571391,0.0,0.2095836803232397,0.10664102912541318,0.013187482914783784,0.0002056594607412459,0.18481455304377076,-2.676128546936174,0,0.6883782670629047
19.37312000000002,0.6133724417429728,-1.6921491344979238,1.0152075821728457,-0.41070043296492775,-0.206849769177284,-0.014666258226051429,0.8998522997232374,-1.6801704870094272,0.9769834412171997,-0.37516822043868314,-0.44980061113511505,-0.06650946990720402,0.6541825811351046,-1.700041420518171,0.9865150912000876,-0.36719997942178983,-0.30699645118167546,-0.04161032097356327,0.09000117304571391,0.09000117304571391,0.0,0.20934477172844146,0.10651165288190206,0.013136300861543701,0.0002044721229482507,0.18437714427581348,-2.67613351641886,0,0.6864613450411158
19.37728000000002,0.6116652408251889,-1.6930089496408585,1.015146715695155,-0.40972822026812994,-0.20635563430431006,-0.014607954645747632,0.257195119453472,-1.1982710648740165,0.6857180465469275,-0.4446220336175397,-0.1804654423045356,-0.1453012239108704,0.45475996698730164,-1.4495305765311288,0.8358131961913043,-0.4052787971002769,-0.2425455570387169,-0.09390807595142894,0.09000117304571391,0.09000117304571391,0.0,0.20910443118628652,0.10638161451328643,0.013085312232474902,0.000203291684564771,0.18394032568785246,-2.6761384678168967,0,0.6845489718279439
19.38144000000002,0.6099620853246153,-1.6938667088035948,1.0150860911936366,-0.4087573201376853,-0.20586219905673192,-0.014549880364428964,0.42219670111845353,-1.6454184947502128,0.8770625848957712,-0.40316505823717047,-0.2045512436508204,-0.10374388203153263,0.43763917756275694,-1.547902722139828,0.8562222342051895,-0.40405038282056643,-0.22289922771078252,-0.09874806665480906,0.09000117304571391,0.09000117304571391,0.0,0.2088626745665626,0.10625092165760341,0.013034516340673936,0.00020211810765954054,0.18350409958865777,-2.6761434012346177,0,0.6826411412007036
19.385600000000018,0.6082629697508681,-1.6947224149109301,1.0150257077165596,-0.40778773769930715,-0.20536946576045104,-0.014492034498462772,0.8447819841793238,-1.560026341835311,0.6869333344493288,-0.43858516051131025,-0.20364873795787172,-0.02123181358226563,0.6403015233049565,-1.5543889322024742,0.7715315430554137,-0.42147800047797834,-0.21292327375562586,-0.05956449274526915,0.09000117304571391,0.09000117304571391,0.0,0.2086195176275618,0.10611958189906423,0.012983912501215979,0.0002009513544467197,0.18306846825735423,-2.676148316775379,0,0.680737846913438
19.389760000000017,0.6065678885924812,-1.6955760708972207,1.014965564315862,-0.4068194780128672,-0.20487743670976263,-0.014434416167439762,0.6756022854645327,-1.2399855017825772,0.9014295802949087,-0.39755695185020745,-0.1425245113049909,0.04043102771293661,0.657122315036101,-1.3974793188125496,0.8365643453731102,-0.4081104039916952,-0.17875978464891668,-0.008986210223764272,0.09000117304571391,0.09000117304571391,0.0,0.20837497601660626,0.10598760276770802,0.012933500030981253,0.0001997913872866789,0.182633433943641,-2.6761532145415696,0,0.6788390826972228
19.393920000000016,0.6048768363171776,-1.6964276797062523,1.0149056600471362,-0.4058525460728841,-0.20438611416759417,-0.014377024494165091,0.741791875449846,-1.6136772354871225,0.808309310848378,-0.3877532439160344,-0.3453761460200856,-0.010441427126383518,0.6986503470659613,-1.5062981580191166,0.8224143945144395,-0.39753634381427166,-0.2620593723449303,-0.00946464326799542,0.09000117304571391,0.09000117304571391,0.0,0.20812906527111064,0.10585499174065988,0.012883278248695042,0.00019863816868710655,0.18219899886801014,-2.676158094634627,0,0.6769448422604668
19.398080000000014,0.60318980737214,-1.6972772442911095,1.0148459939696168,-0.40488694680900744,-0.2038955003657382,-0.014319858604649304,0.5552335783810277,-1.709133885028592,1.0090061811316196,-0.4197812019830915,-0.40703479265976217,0.06943170609314114,0.6260668507043426,-1.6085653697867917,0.9158559681263605,-0.4081881569713133,-0.33390867643584965,0.02999834026983356,0.09000117304571391,0.09000117304571391,0.0,0.20788180081900576,0.10572175624168045,0.012833246475181782,0.0001974916613035905,0.18176516522196323,-2.6761629571550456,0,0.6750551192892102
19.402240000000013,0.6015067961842796,-1.6981247676140474,1.0147865651461665,-0.4039226850864995,-0.20340559750508705,-0.014262917628098221,1.2161121150884144,-1.7188940646404827,1.4548976234223987,-0.41938792479601117,-0.10919653177566019,-0.07680343783533523,0.9202191373908216,-1.6639582351368356,1.1852185030987552,-0.4127488768726359,-0.22126872379392487,-0.02228224043425083,0.09000117304571391,0.09000117304571391,0.0,0.20763319797937718,0.10558790364189136,0.01278340403297739,0.00019635182794050304,0.18133193516822688,-2.676167802202392,0,0.6731699074474223
19.406400000000012,0.5998277971605016,-1.6989702526463635,1.0147273726432626,-0.4029597657067141,-0.2029164077558644,-0.014206200696904436,-0.019318561602554185,-1.3575451122483648,0.6119933093591626,-0.34357069435334137,-0.28934301918699096,0.005074541808166359,0.44972964440676433,-1.5113519960370971,0.8986114430947714,-0.3784276910512163,-0.2549931019537527,-0.008121445585967453,0.09000117304571391,0.09000117304571391,0.0,0.207383271963534,0.10545344125986034,0.012733750247011073,0.0001952186315516985,0.18089931084096683,-2.6761726298753152,0,0.6712892003772947
19.41056000000001,0.59815280468797,-1.6998137023682711,1.014668415530985,-0.40199819340757104,-0.20242793325785619,-0.014149706946635948,0.9164475095076502,-1.7237413805756299,0.8509622047332194,-0.3303187292334822,-0.18703866991775472,0.022748403972300504,0.682404557073801,-1.6179373936856059,0.8748343516486288,-0.3542645449634875,-0.22093166477619064,0.00704937936440007,0.09000117304571391,0.09000117304571391,0.0,0.2071320378752779,0.10531837636232927,0.012684284443147405,0.00019409203524142855,0.18046729434600048,-2.6761774402715592,0,0.6694129916995333
19.41472000000001,0.59648181313437,-1.7006551197687738,1.0146096928830015,-0.4010379728640284,-0.20194017612063858,-0.014093435516030919,0.13384289419710083,-1.8780502133093944,0.4391697202207492,-0.5958160927978366,-0.16079378349329704,-0.014811426545449188,0.4068788063504868,-1.7483319347619959,0.6569674553581338,-0.4741590643666968,-0.18996993569571943,-0.0035311698531205744,0.09000117304571391,0.09000117304571391,0.0,0.20687951071181532,0.10518271616430153,0.012635005950578877,0.00019297200226477725,0.18003588776100798,-2.6761822334879732,0,0.6675412750136491
19.41888000000001,0.5948148168481677,-1.7014945078455397,1.0145512037765558,-0.40007910868855157,-0.2014531384238052,-0.014037385546982428,0.8911647344695757,-1.5849843462172257,0.7425051112668075,-0.41461335754841644,-0.08099324010138262,-0.026096819886223137,0.6481617896300508,-1.6668263296219161,0.6996840672981519,-0.44391598785686137,-0.13507091887424733,-0.015517488839161566,0.09000117304571391,0.09000117304571391,0.0,0.20662570536445746,0.10504646782913007,0.012585914098871456,0.0001918584960282676,0.17960509313574197,-2.676187009620524,0,0.6656740438982451
19.423040000000007,0.5931518101588695,-1.702331869604778,1.0144929472924535,-0.39912160543157843,-0.20096682221719395,-0.013981556184535514,0.7108730749508483,-0.9919354854630464,0.6640060679839197,-0.22024183578901962,-0.12165575656180844,0.0713767010276488,0.6790574555649018,-1.3296303158090892,0.6819930140608346,-0.3309781917526473,-0.12783990359043,0.028051652401828775,0.09000117304571391,0.09000117304571391,0.0,0.2063706366191096,0.10490963846935486,0.012537008220997618,0.0001907514800907306,0.1791749124922361,-2.676191768764307,0,0.6638112919113024
19.427200000000006,0.591492787377278,-1.703167208061116,1.01443492251505,-0.39816546758198257,-0.2004812295211103,-0.013925946576871647,1.1815417117727773,-1.6039732742624806,0.9575172250688557,-0.5043187590722041,-0.36491764089400985,-0.12109664995475508,0.9292539149761566,-1.467564315647287,0.8195053961037272,-0.41753329107688425,-0.2456025175395939,-0.046621657065168055,0.09000117304571391,0.09000117304571391,0.0,0.20611431915713518,0.10477223514668632,0.012488287650596085,0.00018965091816370682,0.1787453478250119,-2.6761965110135577,0,0.6619530125904634
19.431360000000005,0.5898377427957465,-1.7040005262374767,1.0143771285322363,-0.39721069956753263,-0.19999636232655038,-0.013870555875304563,0.4911565173835816,-1.907537892099843,1.1053710938683976,-0.22190281817350488,-0.07007730236064089,-0.12634445568094996,0.7097394292570072,-1.6877005699048921,0.962177041840693,-0.31916802210440187,-0.15754890031263385,-0.08628047650539264,0.09000117304571391,0.09000117304571391,0.0,0.20585676755590188,0.1046342648724169,0.012439751724148851,0.00018855677411202447,0.17831640110128438,-2.6762012364616616,0,0.6600991994533127
19.435520000000004,0.5881866706884326,-1.7048318271649576,1.0143195644354268,-0.39625730575534884,-0.19951222259542226,-0.01381538323426707,0.9639786859315721,-2.043856840325402,0.6998584817236824,-0.46224650805714235,-0.06823532004744956,0.05311096468210886,0.8358996626070254,-1.865923806728096,0.8311257042044914,-0.39083527215036834,-0.11256992552534197,-0.016261288233860527,0.09000117304571391,0.09000117304571391,0.0,0.2055979962894361,0.10449573460772699,0.012391399779738112,0.00018746901195424397,0.17788807426116635,-2.676205945201165,0,0.6582498459976579
19.439680000000003,0.5865395653115477,-1.705661113882711,1.0142622293195465,-0.3953052904523568,-0.19902881226076577,-0.013760427811302989,0.685930192280468,-1.8010572990046516,0.6734997417496479,-0.3123235383676912,-0.3394227626416405,-0.1505234911456224,0.760263864895344,-1.8341960309736343,0.7519989188054813,-0.35139725323424015,-0.22600945469376515,-0.08356810022647328,0.09000117304571391,0.09000117304571391,0.0,0.20533801972924015,0.10435665126409838,0.012343231157084238,0.000186387595863202,0.17746036921787128,-2.676210637323786,0,0.6564049457018046
19.44384,0.5848964209036072,-1.7064883894378233,1.014205122283017,-0.3943546579057375,-0.19854613322697062,-0.01370568876705898,0.6163552827992653,-2.196611491918647,0.9121012662796368,-0.4139355897824023,-0.1761795458814683,0.08062704861238705,0.6874462633066123,-2.015774041381276,0.8322193077363685,-0.3820231149074458,-0.20047471059625085,-0.0016699853965847495,0.09000117304571391,0.09000117304571391,0.0,0.20507685214473692,0.1042170217034083,0.012295245198440441,0.00018531249016643926,0.17703328785791478,-2.676215312920425,0,0.6545644920248331
19.448,0.5832572316856764,-1.7073136568851983,1.014148242427745,-0.3934054123033752,-0.19806418736999382,-0.013651165265272608,0.14214956563209197,-2.1854383147734455,0.9482171894952853,-0.24041809769263464,-0.2619694272222956,-0.08469294909650542,0.4142932987564704,-2.101152607469368,0.8900415624840119,-0.3108751164015134,-0.2310482127047676,-0.04253233400615282,0.09000117304571391,0.09000117304571391,0.0,0.20481450770409015,0.10407685273855838,0.012247441247562524,0.00018424365934665283,0.17660683204131492,-2.6762199720811752,0,0.6527284784068706
19.45216,0.5816219918616169,-1.7081369192874383,1.0140915888591084,-0.39245755777430175,-0.19758297653757442,-0.013596856472764735,0.31277115986275544,-1.5415169502291013,1.0239434525952138,-0.3384774134389352,-0.11414507736615791,-0.007581022571169793,0.3628255668490747,-1.8215686579066088,0.9569764160087126,-0.32374701421509683,-0.1724230125149926,-0.02445296282505537,0.09000117304571391,0.09000117304571391,0.0,0.20455100047470687,0.10393615113357046,0.012199818650174561,0.0001831810680419668,0.17618100360179098,-2.6762246148953306,0,0.650896898269362
19.456319999999998,0.5799906956183288,-1.7089581797147277,1.0140351606859441,-0.3915110983891381,-0.19710250254944778,-0.013542761559429954,0.14717970339578618,-1.9132078471930036,0.8028379777139055,-0.37905918471782607,-0.24699592115154462,-0.05012266245261994,0.25421148443069275,-1.8679033262246143,0.8798017866908034,-0.3508179184094446,-0.20937382829852938,-0.037248707952261394,0.09000117304571391,0.09000117304571391,0.0,0.20428634442400806,0.10379492360389697,0.012152376754007509,0.00018212468104637848,0.17575580434696103,-2.6762292414513986,0,0.6490697450153395
19.460479999999997,0.5783633371259933,-1.7097774412447175,1.0139789570205349,-0.3905660381605332,-0.1966227671975583,-0.013488879698226859,0.7315841696507153,-1.2330728868008376,1.171703377776422,-0.5000533381532548,-0.3318842521393501,-0.18103850019289833,0.4918605141446688,-1.5511757004371716,1.0253782305071275,-0.4251582916587003,-0.2697910067548909,-0.10921158047002218,0.09000117304571391,0.09000117304571391,0.0,0.20402055341993408,0.10365317681673192,0.012105114908837852,0.00018107446331010917,0.17533123605853812,-2.6762338518371087,0,0.6472470120296893
19.464639999999996,0.5767399105383116,-1.7105947069624103,1.0139229769785967,-0.38962238104359953,-0.19614377224627083,-0.013435210065168169,0.010339814436234773,-1.2269557659660022,0.6440146333766864,-0.47178554335174583,-0.05338825763180041,3.486338349834896e-05,0.2501152433768352,-1.3891748889681381,0.834693569324287,-0.4483481078007447,-0.16142149767552053,-0.054467184021413075,0.09000117304571391,0.09000117304571391,0.0,0.20375364123171946,0.10351091739164381,0.012058032466312062,0.00018003037993990725,0.17490730049252537,-2.6762384461394215,0,0.6454286926794155
19.468799999999995,0.5751204099927435,-1.7114099799600462,1.0138672196792662,-0.3886801309363459,-0.1956655194325792,-0.013381751839311586,0.39110002736726124,-1.2583046017303259,0.9236465020252791,-0.3124681954701941,-0.2898489842918155,0.027196380999728962,0.31995539905369286,-1.3243435978975462,0.879226808149936,-0.3788309933282391,-0.2247178257918482,-0.013439804187697572,0.09000117304571391,0.09000117304571391,0.0,0.20348562153040184,0.10336815190035431,0.012011128779984573,0.00017899239619919405,0.1744839993794094,-2.676243024444539,0,0.6436147803139044
19.472959999999993,0.573504829610743,-1.7122232633369892,1.0138116842450882,-0.38773929168010757,-0.19518801046631576,-0.013328504202750474,0.5625303243767502,-1.6533554953435023,0.7453100959501505,-0.27609641524025025,-0.3120139636240866,0.03826217012639612,0.44066978612337776,-1.4895011322321114,0.8123465324741009,-0.3272296192085629,-0.26821442557049235,0.012680363047134992,0.09000117304571391,0.09000117304571391,0.0,0.20321650788949364,0.10322488686726555,0.01196440320514159,0.00017796047750845895,0.1740613344243528,-2.6762475868379147,0,0.6418052682651844
19.477119999999992,0.5718931634979931,-1.7130345601996158,1.0137563698020022,-0.38679986705997327,-0.19471124703035828,-0.013275466340605313,0.6582880685110148,-1.9155497907064092,0.9536525737269683,-0.46392625784753916,-0.20253736555155272,0.028550677680985778,0.5485137165936852,-1.7029506581228984,0.8830601324782894,-0.39471311162414235,-0.23492639953291938,0.02051544643096175,0.09000117304571391,0.09000117304571391,0.0,0.20294631378560146,0.10308112877009568,0.011917855099695049,0.00017693458944546229,0.17363930730738517,-2.6762521334042604,0,0.6400001498481853
19.48127999999999,0.570285405744638,-1.7138438736612025,1.0137012754793313,-0.38586186080520957,-0.1942352307808344,-0.01322263744101138,0.8806276461006046,-1.6331125191926077,1.7091979916710391,-0.22758070223984625,-0.17065657761500075,-0.12349878238670386,0.7141010940528336,-1.6683873388002672,1.295878102003035,-0.311854806040411,-0.2021810331112922,-0.05154636169109014,0.09000117304571391,0.09000117304571391,0.0,0.2026750525991543,0.10293688403944629,0.011871483822509236,0.0001759146977452703,0.17321791968359287,-2.6762566642275574,0,0.6381994183609954
19.48543999999999,0.5686815504255144,-1.7146512068418163,1.0136464004097683,-0.3849252765896817,-0.1937599633473276,-0.013170016695113453,0.7000142715191705,-1.7996548954510447,1.1972235716473667,-0.4748741361420616,-0.17926842767617934,-0.06404439164358014,0.7060691295693838,-1.7343964750207914,1.2464181847887432,-0.3930029008661434,-0.18997308916342492,-0.05839503118102117,0.09000117304571391,0.09000117304571391,0.0,0.2024027376147065,0.10279215905997369,0.011825288735148813,0.00017490076830070563,0.17279717318330762,-2.6762611793910644,0,0.6364030670851158
19.48959999999999,0.56708159160038,-1.7154565628682041,1.0135917437293638,-0.3839901180322732,-0.19328544633307804,-0.013117603297053193,0.8219600471991049,-1.7042091102589572,0.46658067072240594,-0.4001331313158042,-0.3510373318751469,-0.10349275607967584,0.7631820115303786,-1.7200335404988005,0.8562795387370905,-0.396027803619455,-0.27010462601368906,-0.08134000860557684,0.09000117304571391,0.09000117304571391,0.0,0.2021293820219363,0.1026469601700653,0.011779269200847875,0.000173892767162306,0.1723770694122937,-2.676265678977328,0,0.6346110892857145
19.493759999999988,0.5654855233141413,-1.7162599448736842,1.013537304577514,-0.38305638869730085,-0.19281168131518497,-0.013065396443960878,0.6746320892821409,-1.6464479217223211,1.6861465791149834,-0.40456180432288014,-0.2503060369041794,0.20657905786165426,0.7180654474801101,-1.6837615606546104,1.2716480051681207,-0.4005315401660429,-0.2598627092064293,0.0628603527657543,0.09000117304571391,0.09000117304571391,0.0,0.20185499891600567,0.10250129366215749,0.011733424584546646,0.00017289066053839794,0.17195760995193404,-2.676270163068189,0,0.6328234782118765
19.497919999999986,0.5638933395970791,-1.7170613559980374,1.0134830820969476,-0.3821240920949282,-0.1923386698448074,-0.013013395335946908,0.8911367625402866,-1.6815739040248772,1.073261744896101,-0.39004255530823584,-0.24768504736139801,-0.0007886124133992603,0.8037900696404898,-1.6831831467314284,1.1724516117820007,-0.3948216562408396,-0.2536534810731474,0.03115282168321851,0.09000117304571391,0.09000117304571391,0.0,0.20157960129818864,0.10235516578326803,0.011687754253784773,0.0001718944147954169,0.1715387963594149,-2.6762746317447923,0,0.631040227096854
19.502079999999985,0.5623050344650725,-1.7178607993874015,1.0134290754337139,-0.38119323168157576,-0.19186641344736255,-0.012961599176089652,0.8425582720647595,-1.5066959396468207,1.0620549226746028,-0.40466594923985594,-0.15227151310940013,0.0035336627066010953,0.8223319122214613,-1.5952565724888148,1.1172622646769454,-0.3993409443769379,-0.2022265946744773,0.01618136725744084,0.09000117304571391,0.09000117304571391,0.0,0.20130320207655472,0.10220858273553007,0.011642257577455593,0.0001709039964579283,0.17112063016790963,-2.6762790850875957,0,0.6292613291583131
19.506239999999984,0.5607206019198211,-1.7186582781941628,1.0133752837371703,-0.3802638108603285,-0.19139491362272193,-0.01291000717042847,0.21490095406676074,-1.7661764483668958,0.9779363910633404,-0.39787861532402763,-0.1593522968509948,-0.020869446175499972,0.5177851717397975,-1.6810505885705704,1.047555865927635,-0.3988815578124014,-0.18010267102167593,-0.0027844376281963346,0.09000117304571391,0.09000117304571391,0.0,0.2010258140664406,0.10206155067555084,0.01159693392648397,0.00016991937220849402,0.1707031128867607,-2.676283523176377,0,0.6274867775985796
19.510399999999983,0.5591400359490655,-1.719453795576852,1.0133217061599706,-0.3793358329813412,-0.19092417184540997,-0.012858618527953912,0.43088921646953454,-2.214827284231827,1.1915146234920702,-0.41698061811877923,0.013484541550927959,-0.05669474862100811,0.47346771944964067,-1.9479149913764349,1.1194180767914905,-0.40718027809112795,-0.08314482451686134,-0.029615048770308627,0.09000117304571391,0.09000117304571391,0.0,0.20074744999113692,0.10191407571590838,0.011551782673649438,0.00016894050888800497,0.17028624600166126,-2.676287946090244,0,0.6257165656048828
19.51455999999998,0.5575633305268062,-1.7202473547000388,1.0132683418580515,-0.3784093013422402,-0.1904541895647964,-0.012807432460598645,0.5292939437085692,-1.239974422850718,1.031009578260952,-0.4905031196041867,-0.231702139943524,-0.09184692249370704,0.5003594324078755,-1.594422719100419,1.075022935733109,-0.4480874125712607,-0.15691771084060963,-0.06109521397379774,0.09000117304571391,0.09000117304571391,0.0,0.20046812248247015,0.1017661639244053,0.011506803194265308,0.00016796737349542582,0.1698700309748346,-2.6762923539076398,0,0.6239506863495965
19.51871999999998,0.5559904796135207,-1.7210389587342274,1.0132151899906214,-0.37748421918852315,-0.18998496820529145,-0.012756448183225565,0.4850937389475998,-1.6398305875840435,1.2653222756079887,-0.23984482956810144,-0.12138807051828515,-0.16573107463843034,0.49222712870983104,-1.6173799286709332,1.169828094883593,-0.34374870103168187,-0.13892727869871485,-0.11286474041018368,0.09000117304571391,0.09000117304571391,0.0,0.20018784408143964,0.10161782132492608,0.011461994864718147,0.00016699993318791136,0.1694544692452133,-2.6762967467063534,0,0.6221891329904798
19.52287999999998,0.5544214771563791,-1.7218286108557546,1.013162249720148,-0.3765605897139553,-0.18951650916653753,-0.012705664913622017,0.2249826978813596,-1.8479848312305076,0.39852451061669125,-0.4399454967280163,-0.17492669971311495,0.03435057789319481,0.3576885912562622,-1.7330485486981464,0.7842424758485355,-0.39213994068513536,-0.15658201702942315,-0.03932520352084777,0.09000117304571391,0.09000117304571391,0.0,0.19990662723858865,0.10146905389765426,0.011417357064000926,0.00016603815528093706,0.16903956222861627,-2.676301124563527,0,0.6204318986709147
19.527039999999978,0.5528563170894585,-1.7226163142466862,1.013109520212346,-0.3756384160609643,-0.18904881382359973,-0.012655081872487563,-0.017657509776242697,-1.9098413269509487,1.3469928578716845,-0.3996585870967877,-0.08188974439123377,0.03198638672039303,0.16918125662507735,-1.8216170111004442,1.0656882551375775,-0.39571634896207564,-0.11899644953880226,-0.0037315212353875313,0.09000117304571391,0.09000117304571391,0.0,0.19962448431469815,0.10131986757918299,0.011372889172680825,0.00016508200724801446,0.16862531131792552,-2.6763054875556627,0,0.6186789765201424
19.531199999999977,0.5512949933339542,-1.723402072094716,1.013057000636165,-0.3747177013210322,-0.1885818835271559,-0.012604698283426155,0.5523570217415248,-1.5815209978737415,0.9675160884988052,-0.45757064149748133,-0.09487199925407985,-0.06901642712354923,0.35981911624664337,-1.7017659229413529,1.0164583380342496,-0.4261728414752095,-0.1063262940864912,-0.036564696264709304,0.09000117304571391,0.09000117304571391,0.0,0.1993414275815888,0.1011702682629479,0.01132859057314868,0.00016413145672074318,0.1682117178832611,-2.676309835758631,0,0.6169303596534977
19.535359999999976,0.5497374997983913,-1.7241858875930647,1.0130046901637777,-0.373798448535083,-0.18811571960368484,-0.012554513372937155,0.9510215797441812,-2.1802229873607244,0.6160623740650799,-0.5177412896787534,-0.04742079545155606,-0.13771300096425543,0.6543458927601586,-1.9410983649381737,0.8159709744709349,-0.47113120741159253,-0.07595029975828588,-0.08706468367595024,0.09000117304571391,0.09000117304571391,0.0,0.19905746922223033,0.1010202617991251,0.011284460650297486,0.00016318647148870388,0.16779878327215522,-2.676314169247678,0,0.6151860411726421
19.539519999999975,0.5481838303788334,-1.72496776394038,1.0129525879705676,-0.3728806606938703,-0.18765032335565449,-0.01250452637040362,0.9003444984699441,-1.3351045338960592,1.201716420941651,-0.4084895342357527,-0.26274135951419664,0.04550159019400854,0.7764959008317948,-1.6386449650510617,1.0089414665701428,-0.4391557209578848,-0.16872720990236262,-0.020995651368840445,0.09000117304571391,0.09000117304571391,0.0,0.19877262133165352,0.10086985399581383,0.011240498790275326,0.0001622470194995321,0.16738650880972497,-2.6763184880974333,0,0.613446014165794
19.543679999999974,0.5466339789590903,-1.725747704340637,1.0129006932351172,-0.3719643407383609,-0.18718569606170557,-0.01245473650808576,0.6680100518559356,-1.3297088195057523,1.3853799511460347,-0.3990103361570017,-0.23072364772316045,-0.0015815999270598832,0.721422358064036,-1.4846554824992095,1.197160554760245,-0.41911960837294865,-0.1993110542112134,-0.011530989128270577,0.09000117304571391,0.09000117304571391,0.0,0.1984868959174365,0.10071905061808145,0.01119670438159022,0.0001613130688585281,0.16697489579884411,-2.6763227923819164,0,0.6117102717079584
19.547839999999972,0.5450879394109232,-1.7265257120030406,1.0128490051391958,-0.3710494915601154,-0.18672183897683867,-0.012405143021109774,0.03546164113668171,-2.1295015411422153,1.0875601636870234,-0.2838155406013742,-0.1246471020497998,0.05409428865503764,0.37784634118046684,-1.8073410709000701,1.1424717789695045,-0.35122121739617584,-0.16256834559427197,0.021435103822645588,0.09000117304571391,0.09000117304571391,0.0,0.19820030490019325,0.1005678573893608,0.011153076814504899,0.0001603845878287611,0.16656394552031364,-2.676327082174544,0,0.6099788068611541
19.55199999999997,0.5435457055942495,-1.7273017901419265,1.0127975228677482,-0.3701361160016678,-0.18625875333259562,-0.012355745147459213,0.15975633814204054,-2.0470425613206795,0.9907732747406744,-0.23100855486082758,-0.1103919923838085,-0.0019129503120650596,0.268318855273455,-1.9274241541407946,1.0666178337260863,-0.29089791380708774,-0.13597930552005166,0.009595595103261433,0.09000117304571391,0.09000117304571391,0.0,0.1979128601142225,0.10041627999092473,0.011109615481072116,0.00015946154483077225,0.1661536592330311,-2.676331357548139,0,0.6082516126746389
19.55615999999997,0.5420072713573457,-1.7280759419766651,1.0127462456088816,-0.36922421685690077,-0.18579644033724296,-0.012306542127966256,0.6612228011006475,-1.4863031952260117,1.3968221695445395,-0.4748896835177158,-0.30366595094226273,-0.0926553029554484,0.4637857909802962,-1.7074940309810616,1.2315301633882885,-0.3828676821078338,-0.21893355340581572,-0.04179810256371104,0.09000117304571391,0.09000117304571391,0.0,0.19762457330794636,0.10026432406253644,0.011066319775812454,0.0001585439084425255,0.1657440381741588,-2.6763356185749343,0,0.606528682185134
19.56031999999997,0.5404726305370482,-1.728848170731565,1.0126951725538553,-0.36831379687142,-0.1853349011759525,-0.012257533206300065,0.644372031662925,-2.284405743167527,1.451835838525867,-0.5954972982821218,-0.13106763470564478,-0.009046861139423257,0.5528390792053901,-1.9962272620029182,1.3416655921180842,-0.4879770223183042,-0.17465946936462268,-0.025360521836904994,0.09000117304571391,0.09000117304571391,0.0,0.1973354561444558,0.10011199520267389,0.011023189094466625,0.00015763164739925005,0.16533508355929116,-2.676339865326583,0,0.604810008417046
19.564479999999968,0.5389417769589526,-1.7296184796357774,1.012644302897068,-0.36740485874292567,-0.18487413701098085,-0.012208717628960447,0.3975977141763174,-1.7113137802345293,1.1809965830993914,-0.2701707244464951,-0.18510340728529054,-0.04659716964842681,0.4746556318410462,-1.854153096874096,1.2612339118791798,-0.3792170080231864,-0.1800924660831198,-0.03639548175038784,0.09000117304571391,0.09000117304571391,0.0,0.1970455202023792,0.09995929896864714,0.010980222835099612,0.0001567247305930952,0.16492679658262072,-2.676344097874162,0,0.6030955843826871
19.568639999999967,0.5374147044376127,-1.7303868719232018,1.0125936358360461,-0.3664974051215797,-0.1844141489818484,-0.01216009464526683,1.0738309676193278,-1.536787927720286,0.7293312303686044,-0.4768154399338914,-0.22281732185107483,-0.14516725353360205,0.7732560315387208,-1.6959312897477052,0.9949781665189187,-0.42815486576393513,-0.201671101831834,-0.0913807617931925,0.09000117304571391,0.09000117304571391,0.0,0.19675477697579036,0.09980624087725198,0.010937420397494811,0.00015582312707315194,0.16451917841710292,-2.6763483162881814,0,0.6013854030824939
19.572799999999965,0.5358914067767362,-1.7311533508323915,1.012543170571432,-0.3655914386103739,-0.18395493820551556,-0.012111663507349811,0.6309857880443228,-1.7793925946513798,0.8962965311617624,-0.42420202745808244,-0.19702235488967518,-0.035351551104060554,0.7012371791299316,-1.738074075251754,0.945564295211171,-0.4259828742923718,-0.19850639211046975,-0.06393092311078948,0.09000117304571391,0.09000117304571391,0.0,0.1964632378754536,0.09965282640435447,0.010894781183831158,0.00015492680604495854,0.16411223021462001,-2.6763525206385896,0,0.5996794575052447
19.576959999999964,0.53437187776938,-1.7319179196064605,1.0124929063069732,-0.36468696176549226,-0.18349650577656038,-0.012063423470139901,0.4237124454603877,-1.6272760538191635,1.120201139558045,-0.28876124176555784,-0.19491332072921355,-0.06678201572716976,0.5618714393553801,-1.6830798748370255,1.0327459147931075,-0.3569884817287869,-0.19662758620552692,-0.06577944237911103,0.09000117304571391,0.09000117304571391,0.0,0.19617091422878863,0.09949906098575911,0.010852304597220593,0.00015403573687049215,0.16370595310614383,-2.67635671099478,0,0.5979777406282748
19.581119999999963,0.5328561111981439,-1.732680581492991,1.012442842249509,-0.3637839770966732,-0.18303885276735274,-0.012015373791362312,0.8422993355132637,-2.1072893834628177,0.95635570173415,-0.46059571816335854,-0.20731351881011492,-0.054117586943405405,0.7011286302539915,-1.8956186022833268,0.9944361318493149,-0.40845187239811337,-0.20206668588732424,-0.059190081339798084,0.09000117304571391,0.09000117304571391,0.0,0.1958778172807446,0.09934495001732985,0.010809990043881737,0.00015314988906790376,0.16330034820189737,-2.6763608874255986,0,0.5962802454176896
19.585279999999962,0.5313441008353624,-1.733441339743942,1.012392977608961,-0.36288248706756826,-0.18258198022822777,-0.011967513731522736,0.5370529156710613,-1.593117557375006,1.3965632007729496,-0.444607073901338,-0.31564331972645465,-0.13299055472773755,0.6181648473695839,-1.745023305406535,1.1952262667994915,-0.42652345520087603,-0.2584566181633701,-0.09627941736445754,0.09000117304571391,0.09000117304571391,0.0,0.19558395819419516,0.09919049885500475,0.010767836930822637,0.0001522692323110968,0.1628954165915154,-2.676365049999348,0,0.5945869648285779
19.58943999999996,0.5298358404432953,-1.7342001976155574,1.0123433115983198,-0.36198249409609856,-0.18212588918765915,-0.011919842553902769,0.6033288781023983,-2.204270349353612,0.931113774677325,-0.3728947323319914,-0.07156209650849196,0.1322617207875249,0.6099703098501558,-1.9747999485374013,1.0634437390310862,-0.39930915915494297,-0.16451138633472337,0.01775251127672894,0.09000117304571391,0.09000117304571391,0.0,0.19528934805049536,0.09903571281523876,0.010725844667799633,0.00015139373642960555,0.16249115934420405,-2.6763691987837954,0,0.5928978918052206
19.59359999999996,0.528331323774317,-1.734957158368276,1.0122938434336342,-0.36108400055480905,-0.18167058065243039,-0.011872359524547177,0.35302382642847707,-1.5590691316601824,1.1413170509709838,-0.5549993356285581,-0.23664379668286306,-0.017223795637474622,0.48034026908870003,-1.767424982517532,1.1023449361608146,-0.47684683439785963,-0.20002516673621673,0.00035255245527278595,0.09000117304571391,0.09000117304571391,0.0,0.19499399784987947,0.09888059717523356,0.010684012666069616,0.00015052337140830082,0.16208757750889896,-2.676373333846179,0,0.5912130192813011
19.59775999999996,0.5268305445711036,-1.7357122252666417,1.0122445723339997,-0.36018700877122073,-0.18121605560780524,-0.011825063912256347,0.36037138307693184,-2.058827731271424,1.2678913972868924,-0.19527012174030473,-0.18854343511124796,-0.03290088092612474,0.4199488816493469,-1.9135206524088857,1.185049838021517,-0.3361011229638131,-0.19424100485319615,-0.01576511973830534,0.09000117304571391,0.09000117304571391,0.0,0.19469791851228768,0.09872515717327496,0.01064234033885169,0.00014965810738714328,0.16168467211442306,-2.6763774552532134,0,0.5895323401801112
19.601919999999957,0.5253334965668195,-1.7364654015792154,1.0121954975215472,-0.3592915210281793,-0.18076231501769646,-0.011777954988576861,0.4072939208242693,-1.1462096062736822,0.6337894118449892,-0.43816672825883685,-0.3306088918390232,-0.07561956831833494,0.4127070654903723,-1.5305477578226874,0.9092576274940013,-0.3857458744268983,-0.2622523244100917,-0.04527811857410832,0.09000117304571391,0.09000117304571391,0.0,0.19440112087744688,0.09856939800885756,0.010600827101147639,0.00014879791466071015,0.16128244416964255,-2.6763815630710943,0,0.5878558474147577
19.606079999999956,0.523840173485302,-1.7372166905784856,1.0121466182214314,-0.3583975395642034,-0.180309359824834,-0.011731032027792755,0.6443131852731678,-2.088113104527129,1.128182519494146,-0.3787678424185922,-0.22462697282365332,-0.11211876332003122,0.52772208156518,-1.8098015791427027,1.018487251123795,-0.3813733377491222,-0.2434281854509732,-0.07814094571084468,0.09000117304571391,0.09000117304571391,0.0,0.1941036157058066,0.09841332484302351,0.010559472370204222,0.00014794276367794746,0.16088089466362232,-2.6763856573655067,0,0.586183533888365
19.610239999999955,0.5223505690412443,-1.7379660955407812,1.0120979336618192,-0.35750506657382836,-0.1798571909509317,-0.011684294306914915,0.509519898886471,-2.1422345320760883,0.6532215629378291,-0.23855217587289912,-0.22371206255054044,-0.0672288431212194,0.518123801563885,-1.9764848341029968,0.8357124292580289,-0.30954889810672714,-0.2339860018988949,-0.07288379657241147,0.09000117304571391,0.09000117304571391,0.0,0.19380541367878323,0.0982569427982743,0.010518275564691829,0.00014709262504184644,0.16048002456578014,-2.67638973820163,0,0.5845153924942786
19.614399999999954,0.5208646769403779,-1.7387136197461848,1.012049443073879,-0.35661410420794937,-0.17940580929685415,-0.011637741105673869,1.1001624013066218,-1.9037850134410454,0.8836870623752074,-0.5210374916662476,-0.039748588644346744,-0.10670864619719853,0.808062899630545,-1.9402166003160626,0.8594780761202353,-0.4150239540051604,-0.13711564623153594,-0.08976784147657407,0.09000117304571391,0.09000117304571391,0.0,0.1935065253992715,0.09810025695944558,0.010477236105593785,0.00014624746950921505,0.16007983482604,-2.6763938056441425,0,0.5828514161162656
19.618559999999952,0.5193824908796522,-1.7394592664784463,1.0120011456917684,-0.35572465457416164,-0.1789552157427801,-0.011591371706508898,0.5533232491460022,-2.3156054518979747,0.7709119441871328,-0.3028860382065369,-0.2952690801109855,0.14881477061247061,0.6800610040735738,-2.128528699497673,0.8155039465205869,-0.35882098120734124,-0.2157516428636501,0.029495832200972936,0.09000117304571391,0.09000117304571391,0.0,0.1932069613923184,0.09794327237340683,0.010436353415599127,0.00014540726799014734,0.15968032637498406,-2.676397859757228,0,0.5811915976287134
19.62271999999995,0.5179040045474143,-1.740203039024898,1.0119530407526243,-0.35483671973709807,-0.17850541114836666,-0.011545185394559634,0.4508541640498836,-1.4549569454130404,1.0231853684863659,-0.29616718808016906,-0.3424132342310796,0.18105331789496704,0.5648385027615296,-1.7924511103286813,0.919722243747003,-0.326796889274385,-0.2786936915149747,0.10548252078697504,0.09000117304571391,0.09000117304571391,0.0,0.19290673210542475,0.09778599404972371,0.010395626919135939,0.00014457199154784155,0.1592815001240041,-2.6764019006045827,0,0.5795359298968277
19.62687999999995,0.516429211623586,-1.7409449406763684,1.0119051274965507,-0.3539503017187654,-0.17805639635291098,-0.011499181457657577,0.6297698053045941,-2.4314690867240545,0.5782754971037904,-0.2295997197298829,-0.1947249810556951,-0.12050703907796897,0.5968265506030636,-2.112370933667351,0.7487459921464366,-0.2779655227710608,-0.23606974811934062,-0.007575752937563661,0.09000117304571391,0.09000117304571391,0.0,0.19260584790922108,0.09762842696025203,0.010355056042618833,0.0001437416113979761,0.1588833569654514,-2.6764059282494177,0,0.5778844057768283
19.63103999999995,0.5149581057798407,-1.7416849747270997,1.0118574051666078,-0.353065402498877,-0.17760817217551328,-0.01145335918631656,0.7134806312291034,-1.9762123885610112,1.094859530388521,-0.3660716013955824,-0.07488500854015734,0.08074649472290692,0.6543920727791964,-2.0444483983986856,0.9219736250071737,-0.3215724060684372,-0.15455899628941344,0.03634340843247506,0.09000117304571391,0.09000117304571391,0.0,0.19230431909771895,0.09747057604022885,0.01031464021448289,0.0001429160989086753,0.15848589777278604,-2.676409942754467,0,0.5762370181161445
19.635199999999948,0.5134906806797774,-1.7424231444746632,1.0118098730088005,-0.3521820240151851,-0.17716073941523539,-0.011407717873723053,0.060701792014356604,-1.6719171818516796,0.7892765649225619,-0.25368989686773125,-0.09051055502139825,0.020789727024471707,0.3570151945558226,-1.8583695532353868,0.8556670387810043,-0.2876759334213724,-0.12200486922530525,0.02874531182427375,0.09000117304571391,0.09000117304571391,0.0,0.19200215588909653,0.09731244618786816,0.010274378865217641,0.00014209542559979804,0.1580891234007251,-2.6764139441819914,0,0.5745937597536066
19.639359999999947,0.5120269299790949,-1.7431594532198769,1.0117625302720683,-0.3513001681638087,-0.17671409885126088,-0.011362256815726396,0.9282322765465263,-2.056183592616493,0.4094446646949548,-0.17611283513445322,-0.17602570233881287,-0.004795041819576975,0.6422604840499174,-1.9576456348440134,0.6325442568883044,-0.23145000991069975,-0.14826682887163384,0.011255480399474512,0.09000117304571391,0.09000117304571391,0.0,0.19169936842595214,0.09715404226491892,0.010234271426330224,0.00014127956314272688,0.15769303468538964,-2.6764179325937842,0,0.5729546235196388
19.643519999999945,0.5105668473257634,-1.743893904266723,1.0117153762082731,-0.3504198367995612,-0.17626825124305268,-0.011316975310833257,0.04463547775548993,-2.00546309042993,0.4194599776763145,-0.3661494086339778,-0.18533678368361778,0.04410652684619501,0.3426814254471203,-1.9819410263140722,0.5260923435335194,-0.29840955905154487,-0.1663984348623073,0.027689954182478948,0.09000117304571391,0.09000117304571391,0.0,0.1913959667759334,0.09699536909658235,0.010194317332089343,0.00014046848335985142,0.1572976324444511,-2.6764219080511773,0,0.5713196022364481
19.647679999999944,0.5091104263601955,-1.7446265009222668,1.0116684100721889,-0.3495410317362743,-0.1758231973305111,-0.011271872660194927,0.269502971192824,-1.764616017051825,0.9564714937171238,-0.2828104219467787,-0.26041470160005137,0.008150635594523387,0.30550175392973866,-1.873819588049571,0.7413015781695899,-0.28979602693134027,-0.21295236508061358,0.018068254851325603,0.09000117304571391,0.09000117304571391,0.0,0.19109196093204572,0.09683643147217819,0.010154516018276244,0.0001396621582242714,0.15690291747727625,-2.676425870615044,0,0.5696886887182138
19.651839999999943,0.5076576607154158,-1.7453572464965756,1.0116216311214905,-0.34866375474712136,-0.17537893783412886,-0.011226948167599756,0.395139166287771,-1.8384338418660444,0.9679503027708649,-0.21231524416623657,-0.16581195712263913,0.0710753190111548,0.3498798613682435,-1.8564720027851,0.8547748201153573,-0.2512450189917637,-0.1890719627636711,0.04482848997489819,0.09000117304571391,0.09000117304571391,0.0,0.1907873608132845,0.0966772341450638,0.010114866922430847,0.00013886055985932045,0.1565088905650716,-2.676429820345807,0,0.5680618757712738
19.655999999999942,0.5062085440172286,-1.7460861443026388,1.0115750386167428,-0.34778800756493705,-0.17493547345514646,-0.011182201139464592,0.7056967438548708,-1.4340623261407872,1.0047811500779724,-0.3271474498648451,-0.07277038191182174,0.001803872186613707,0.5271086881205853,-1.645415935419207,0.9297815585291344,-0.2883993697067765,-0.13075239426965315,0.02390951635944062,0.09000117304571391,0.09000117304571391,0.0,0.19048217626510722,0.09651778183298076,0.010075369484098554,0.00013806366053810626,0.15611555247102668,-2.676433757303441,0,0.56643915619431
19.66015999999994,0.5047630698843847,-1.7468131976562875,1.0115286318213894,-0.34691379188253557,-0.17449280487570595,-0.011137630884825172,0.8260562640333116,-1.7729175943549917,1.1514092557583693,-0.33129288853435207,-0.10997684298581613,-0.04192495933538851,0.6758950090138195,-1.7093962115552528,1.0405105099383822,-0.3096128803077403,-0.1204593050656093,-0.009366374089922788,0.09000117304571391,0.09000117304571391,0.0,0.19017641705980037,0.09635807921818873,0.010036023144863584,0.00013727143268304733,0.15572290394045618,-2.676437681547479,0,0.5648205227785331
19.66431999999994,0.5033212319287471,-1.7475384098761166,1.0114824100017423,-0.34604110935302684,-0.17405093275900416,-0.011093236715326435,0.02009708476699279,-1.877803098360054,1.07806933547667,-0.40406183953860353,-0.18650271255771694,0.08289233754166832,0.34715030269486064,-1.793988912837783,1.0594623414163042,-0.35648588513859675,-0.15340021307052884,0.036881017615716154,0.09000117304571391,0.09000117304571391,0.0,0.18987009289700796,0.09619813094781376,0.00999682734773974,0.00013648384886548025,0.15533094570094141,-2.6764415931370156,0,0.5632059683078646
19.66847999999994,0.5018830237554549,-1.748261784283406,1.0114363724269706,-0.3451699615901304,-0.17360985774944432,-0.011049017945215294,0.721241035839338,-2.3995396515023204,1.1525689749364032,-0.20114669946830893,-0.3253589333547517,-0.037339403883978675,0.5337784022953304,-2.0974445546268394,1.1059375080563905,-0.2781023860620282,-0.23970611092710406,0.00032215271472509175,0.09000117304571391,0.09000117304571391,0.0,0.18956321340426163,0.09603794163409035,0.009957781538058388,0.000135700881805225,0.15493967846247067,-2.676445492130714,0,0.5615954855591179
19.672639999999937,0.5004484389630862,-1.7489833242020427,1.01139051836909,-0.34430035016848687,-0.17316958047278655,-0.011004973891329796,1.0032970738028943,-1.8798313957523063,1.097220535161298,-0.2378350473144099,-0.2916769733494651,0.13848262068836234,0.7680442730951909,-1.9892435171063028,1.1018678129998067,-0.25698056178967305,-0.2655030710564321,0.06900283258501928,0.09000117304571391,0.09000117304571391,0.0,0.1892557881372442,0.09587751585428311,0.009918885162431619,0.0001349225043700396,0.15454910291757867,-2.6764493785868098,0,0.5599890673021779
19.676799999999936,0.49901747114381967,-1.749703032958444,1.0113448471029522,-0.3434322766239681,-0.17273010153629875,-0.010961103873092532,0.5718415574987892,-1.6115528978497125,1.8409601254862,-0.42039886209219623,-0.2333972602344403,0.016193755028365033,0.6690663549910787,-1.8008830073050048,1.4714521910903162,-0.33830901727246904,-0.2484986209294212,0.04290579322348243,0.09000117304571391,0.09000117304571391,0.0,0.1889478265804827,0.09571685815135772,0.009880137669853718,0.00013414868957528685,0.1541592197414851,-2.676453252563114,0,0.5583867063001805
19.680959999999935,0.49759011388359475,-1.750420913881481,1.0112993579062335,-0.34256574245398463,-0.17229142152890442,-0.010917407212499517,0.3332752820908258,-1.7719690498400598,1.1521881899437592,-0.3907870930491334,-0.10351657835241942,-0.0016662637583815636,0.5003557206835381,-1.7866417253889615,1.3118154968150342,-0.36458201674642776,-0.17573430248694757,0.02013883498394625,0.09000117304571391,0.09000117304571391,0.0,0.18863933814761447,0.09555597303390401,0.009841538510878448,0.0001333794105833233,0.1537700295922323,-2.6764571141170195,0,0.5567883953096877
19.685119999999934,0.4961663607622706,-1.7511369703024033,1.0112540500594247,-0.3417007491177914,-0.1718535410213309,-0.010873883234112456,0.356364575305543,-1.1165469029178272,0.9388500109009013,-0.41095718824002286,-0.08949793143701808,-0.11471980767983772,0.4275023649494949,-1.451778183432979,1.125092065344762,-0.3868066523869442,-0.13146514091723682,-0.04753918560800099,0.09000117304571391,0.09000117304571391,0.0,0.18833033218202988,0.09539486497659444,0.009803087137864541,0.00013261464070311602,0.15338153311082178,-2.6764609633055056,0,0.555194127080864
19.689279999999933,0.494746205353784,-1.7518512055547628,1.0112089228458203,-0.3408372980367909,-0.17141646056625554,-0.010830531265050026,0.3739631780818309,-1.4188942722556004,0.6519348830497327,-0.4019655434171134,-0.0957635901834395,-0.09270407069751375,0.39989471481959454,-1.4355344596758919,0.8883191196849591,-0.39361317835597665,-0.11396455701257045,-0.07097374742719893,0.09000117304571391,0.09000117304571391,0.0,0.18802081795708714,0.09523353841989463,0.00976478300522185,0.0001318543533896461,0.15299373092135,-2.676464800185142,0,0.5536038943576506
19.69343999999993,0.4933296412263055,-1.7525636229743398,1.0111639755515078,-0.33997539059483517,-0.17098018069845292,-0.01078735063497814,0.584046523664739,-2.2936675111762574,1.136303346708277,-0.5671091181390091,-0.24498024464661633,-0.11052029632397882,0.4907913732481061,-1.8651185590701855,1.012082646005069,-0.4798864532345497,-0.1784941234986412,-0.09053125974059217,0.09000117304571391,0.09000117304571391,0.0,0.18771080467681056,0.0950719977709501,0.009726625569015622,0.00013109852224353212,0.15260662363114336,-2.6764686248120917,0,0.5520176898779374
19.69759999999993,0.491916661942395,-1.7532742258990688,1.0111192074653574,-0.33911502813852484,-0.17054470193493845,-0.010744340676101813,0.26808152525081574,-2.0298854241493136,1.7339702844247715,-0.338949654508279,-0.16947456678422662,-0.09823556060952422,0.37872716942491974,-1.9478560052084344,1.3728276232956558,-0.408121117522925,-0.17381255205958382,-0.09459149887454465,0.09000117304571391,0.09000117304571391,0.0,0.18740030147613523,0.09491024740340542,0.00968861428699784,0.00013034712101049273,0.15222021183089196,-2.6764724372421185,0,0.5504355063737348
19.70175999999993,0.4905072610591554,-1.753983017668965,1.0110746178790109,-0.3382562119775069,-0.17011002477511258,-0.010701500723156959,0.08851923919406601,-1.1172068353461528,1.2238911895269413,-0.3101389415599443,-0.18949167941590006,-0.10967607707385255,0.2329752558229162,-1.532920940968923,1.298129608725564,-0.35873345857541733,-0.1810760448989397,-0.10182871348214063,0.09000117304571391,0.09000117304571391,0.0,0.1870893174214205,0.094748291657544,0.009650748619281016,0.00012960012358081665,0.15183449609478272,-2.6764762375305886,0,0.5488573365713437
19.705919999999928,0.4891014321283855,-1.754690001626052,1.0110302060868717,-0.33739894338477006,-0.1696761497009043,-0.010658830113399334,0.23508975744922267,-1.7239309777379983,0.6924832598775696,-0.43356497700838764,-0.36390346756780234,0.08101570003768195,0.23312978725664202,-1.6291855765060839,0.9954704835497251,-0.39569645976526197,-0.2718183753669883,-0.010310957403894825,0.09000117304571391,0.09000117304571391,0.0,0.18677786151096454,0.09458613484096318,0.009613028027086495,0.00012885750398895904,0.1514494769806316,-2.6764800257324763,0,0.5472831731915233
19.710079999999927,0.48769916869673163,-1.7553951811142892,1.0109859713860943,-0.3365432235969382,-0.1692430771769119,-0.010616328186598759,0.6036126076828658,-1.8073010357626784,0.3267312689464633,-0.2830344860537593,-0.24141059355200895,0.06923876499300546,0.4177838737745095,-1.718745870105483,0.661242053667404,-0.3387895938017395,-0.2570056185083302,0.028572967840973525,0.09000117304571391,0.09000117304571391,0.0,0.18646594267533284,0.09442378122828804,0.009575451973844587,0.00012811923641281787,0.15106515503001483,-2.676483801902367,0,0.545713008949659
19.714239999999926,0.4863004643058376,-1.7560985594794998,1.0109419130765733,-0.3356890538145619,-0.1688108076505446,-0.010573994285028686,0.7044539625246762,-1.8090517992607484,1.1437641813105792,-0.12834805956066866,0.03894696773653428,0.08836093337488632,0.5608515086267786,-1.7638173337637535,0.9026899787934531,-0.2324017094402431,-0.10958885697343676,0.05860896601936511,0.09000117304571391,0.09000117304571391,0.0,0.18615356977782216,0.09426123506152684,0.009538019925013075,0.0001273852951733777,0.15068153076839902,-2.6764875660944623,0,0.5441468365559279
19.718399999999924,0.48490531249249424,-1.7568001400693005,1.0108980304609338,-0.3348364352024079,-0.16837934155216291,-0.010531827753456601,0.7348041836819998,-1.3301808695636501,0.8058874998798429,-0.19237340534283248,-0.2021205849507357,-0.04451844918026798,0.6474284533604756,-1.5474163986828215,0.8541941880352663,-0.2121598254768402,-0.1558841647907928,0.007665814454857552,0.09000117304571391,0.09000117304571391,0.0,0.1858407516148981,0.09409850055042712,0.009500731347466658,0.00012665565473415956,0.15029860470527107,-2.676491318362584,0,0.5425846487154634
19.722559999999923,0.48351370678878697,-1.7574999262330306,1.0108543228445208,-0.3339853688897471,-0.1679486792952173,-0.010489827939136914,0.40537078850537583,-1.993017823977729,0.8529054538017042,-0.22921613532591362,-0.10418969241025798,-0.05483838302955457,0.5259214876961885,-1.7704376619483388,0.8534356812008456,-0.2208424146704631,-0.1296935522964997,-0.023549366784572996,0.09000117304571391,0.09000117304571391,0.0,0.18552749691663478,0.09393558187251172,0.009463585709741089,0.00012593028970066836,0.14991637733426658,-2.676495058760177,0,0.5410264381285186
19.726719999999922,0.4821256407222426,-1.7581979213216823,1.0108107895353884,-0.3331358559706399,-0.1675188212763866,-0.010447994191802881,0.4808572183728933,-1.6972962411246517,0.8770803263105479,-0.5523099152233008,-0.2353072422461323,0.009451462764448523,0.5022397690230066,-1.7343566736317304,0.8652768955231838,-0.3863240902617265,-0.18210815776368378,-0.0066027053837707395,0.09000117304571391,0.09000117304571391,0.0,0.1852138143471549,0.09377248317343634,0.00942658248270635,0.00012520917481995006,0.14953484913329768,-2.6764987873403148,0,0.5394721974906277
19.73087999999992,0.480741107815975,-1.758894128687831,1.01076742984429,-0.3322878975042199,-0.1670897678757148,-0.010406325863655667,0.7033282168167461,-1.9793202075742848,1.051376085050033,-0.25200771339387174,-0.11752795006943337,0.22714121886041938,0.6022610730468088,-1.8570847102749275,0.9587997653901422,-0.3190983904732521,-0.1497737045619038,0.11048233471564128,0.09000117304571391,0.09000117304571391,0.0,0.1848997125049916,0.09360920856702659,0.009389721138742597,0.00012449228497992066,0.14915402056467994,-2.6765025041557022,0,0.5379219194927669
19.73503999999992,0.4793601015888293,-1.7595885516855674,1.0107242430846677,-0.33144149451497606,-0.16666151945674795,-0.010364822309356928,0.4314464060735155,-1.7318315455392834,1.0153707236541933,-0.2600214707460914,-0.1486515784591667,0.080236332332317,0.5163094443435067,-1.7947680237042898,0.9872522983481676,-0.28847564626486943,-0.14845236572810203,0.09547246943758811,0.09000117304571391,0.09000117304571391,0.0,0.1845851999235309,0.0934457621357433,0.0093530011519843,0.000123779595208964,0.1487738920752584,-2.67650620925868,0,0.5363755968215136
19.73919999999992,0.477982615555525,-1.7602811936704286,1.0106812285726425,-0.3305966479930327,-0.16623407636666862,-0.010323482886020304,0.7073519950402478,-1.7957949115882335,1.8402486860582803,-0.4606227406269572,-0.1508187542277667,0.07972454596964484,0.6108730965569618,-1.7955948638729626,1.4139208171985709,-0.3741159732266106,-0.1497842650008585,0.08830565896306686,0.09000117304571391,0.09000117304571391,0.0,0.1842702850715362,0.0932821479306144,0.00931642199856509,0.0001230710806751979,0.14839446409653284,-2.6765099027012274,0,0.5348332221592039
19.743359999999917,0.47660864322679825,-1.7609720579993304,1.0106383856270043,-0.329753358894427,-0.16580743893643085,-0.01028230695320192,0.17631358341336756,-1.3623740534153714,1.0637659050259325,-0.27674095352783284,-0.13114416778442142,0.06394259757743619,0.3930143400581441,-1.5792563901483485,1.2389751686071888,-0.32526833658790605,-0.13941386114592916,0.0755203333039447,0.09000117304571391,0.09000117304571391,0.0,0.18395497635337926,0.09311836997138018,0.009279983155792322,0.00012236671668605154,0.14801573704478194,-2.6765135845349675,0,0.5332947881840904
19.747519999999916,0.4752381781095425,-1.761661148030501,1.0105957135692005,-0.3289116281413859,-0.16538160748089434,-0.01024129387289438,0.5589361586592894,-1.402164662360131,1.3915540348348663,-0.36176864710115497,-0.07740004405145559,0.2361225124100413,0.47522299139610535,-1.4908718041909523,1.315757189065977,-0.3430590031904276,-0.10767654015209369,0.15562279023968648,0.09000117304571391,0.09000117304571391,0.0,0.18363928210956715,0.09295443224706745,0.009243684103674987,0.00012166647868777113,0.1476377113211871,-2.67651725481117,0,0.531760287570496
19.751679999999915,0.47387121370694835,-1.7623484671234133,1.0105532117233276,-0.32807145662260023,-0.16495658229895618,-0.010200443009514296,0.02336742807730341,-1.2754242086467884,1.1688658666661809,-0.3635719519366387,-0.3333353445444102,0.1413191541685812,0.24853553209269438,-1.383840467450156,1.2426047379841711,-0.3531714935789174,-0.22018337710426616,0.1483284723474305,0.09000117304571391,0.09000117304571391,0.0,0.18332321061716267,0.09279033871592274,0.009207524323243593,0.00012097034226481746,0.14726038731195507,-2.676520913580755,0,0.5302297129889696
19.755839999999914,0.4725077435186421,-1.7630340186387203,1.0105108794161197,-0.32723284519349705,-0.16453236367368282,-0.010159753729896904,0.10212839574630289,-1.7547583755837155,1.3655890513108904,-0.3939465630840342,-0.01970099820958826,-0.059504510261568,0.17450985729597196,-1.5693433892843476,1.3039732714315446,-0.37274632431304905,-0.11976519562543343,0.04476963111465888,0.09000117304571391,0.09000117304571391,0.0,0.1830067700901259,0.09262609330555965,0.009171503297649035,0.00012027828313924274,0.1468837653884396,-2.6765245608942965,0,0.528703057106438
19.759999999999913,0.47114776104082334,-1.7637178059381888,1.0104687159769394,-0.3263957946765105,-0.16410895187244134,-0.010119225403286101,0.2600547099882793,-1.8748224833410652,1.1391218199816244,-0.5440694862086054,-0.1643118212164725,0.013312914486342985,0.21615054636118117,-1.7224258463203126,1.2215734441811341,-0.4580665173233969,-0.14251235209523488,0.02935027848361161,0.09000117304571391,0.09000117304571391,0.0,0.1826899686797374,0.09246169991342773,0.009135620511765544,0.000119590277170268,0.14650784590726285,-2.676528196802026,0,0.5271803125863579
19.76415999999991,0.46979125976640107,-1.7643998323846348,1.0104267207377673,-0.32556030586135076,-0.1636863471470287,-0.010078857401326094,0.29801139925160547,-1.2337050295625764,1.0536474683895007,-0.3458750103144222,-0.08249825215726983,0.052476450129475355,0.2563610558550417,-1.4782343676934355,1.1377179956370465,-0.40145872586491155,-0.11214581866736746,0.041121085907797915,0.09000117304571391,0.09000117304571391,0.0,0.1823728144750762,0.09229716240674712,0.009099875452220657,0.00011890630035356101,0.14613262921043535,-2.6765318213538363,0,0.525661472088866
19.76831999999991,0.4684382331851291,-1.7650801013418589,1.010384893033192,-0.3247263795052709,-0.16326454973380117,-0.010038649098052944,0.13244238465109365,-2.045473433052304,1.0714679180769056,-0.2911628758846388,-0.09870218139060428,-0.14247335140058995,0.19379560284991032,-1.762063257991594,1.1042956424776407,-0.3464909709685226,-0.10538124495920673,-0.050418978571746695,0.09000117304571391,0.09000117304571391,0.0,0.18205531550331056,0.09213248462265777,0.009064267607425208,0.00011822632882074765,0.14575811562547547,-2.6765354345992844,0,0.5241465282709288
19.77247999999991,0.4670886747837402,-1.765758616174583,1.010343232200401,-0.32389401633333215,-0.16284355985380317,-0.009998599869886025,0.8298145617516861,-1.9634663034795925,0.5228444873670192,-0.32318834095631443,-0.2638151738468182,-0.029602567973831474,0.5111355079181534,-1.8633144590532835,0.8135044547468395,-0.33397440134188544,-0.1848087175616468,-0.040027011610239,0.09000117304571391,0.09000117304571391,0.0,0.1817374797301517,0.09196767036890346,0.009028796467174971,0.00011755033883890108,0.14538430546552827,-2.676539036587595,0,0.5226354737864896
19.776639999999908,0.4657425780460791,-1.7664353802483868,1.0103017375791692,-0.3230632170386675,-0.16242337771289303,-0.009958709095621096,0.447045640537587,-1.3262089129463706,1.0998830040316312,-0.39837171995548765,-0.3220165218698844,-0.19417275774131265,0.47826107823449654,-1.5954277637430068,0.9562918332420176,-0.36595451308472954,-0.2533792496167538,-0.11707732988532427,0.09000117304571391,0.09000117304571391,0.0,0.18141931506022757,0.09180272342323376,0.00899346152375012,0.00011687830680977567,0.14501119902948295,-2.6765426273676645,0,0.5211283012866158
19.780799999999907,0.46439993645323435,-1.7671103969296444,1.0102604085118507,-0.32223398228274347,-0.1620040035018714,-0.009918976156418851,0.6464460255648746,-1.655157140804335,0.9546548723391756,-0.3618478510329025,-0.2543304014221273,-0.016829119978149752,0.561600974612839,-1.6258220470517422,0.9554379365380316,-0.363362348226673,-0.2537696607190936,-0.06676695949296993,0.09000117304571391,0.09000117304571391,0.0,0.18110082933751143,0.09163764753430298,0.008958262270662223,0.00011621020926949613,0.14463879660209022,-2.6765462069880632,0,0.5196250034196449
19.784959999999906,0.46306074348366927,-1.7677836695854636,1.0102192443433682,-0.32140631269561976,-0.1615854373966057,-0.00987940043579862,0.6002170843442438,-1.4881057946272258,0.41906409125395083,-0.31271586235404497,-0.10302151549210686,0.2322779592259004,0.5802580956953203,-1.557177234914711,0.6877309250959235,-0.3376749342984664,-0.17840716295713765,0.08248004143550114,0.09000117304571391,0.09000117304571391,0.0,0.18078203034569812,0.09147244642160751,0.008923198203110522,0.00011554602288784134,0.14426709845407842,-2.67654977549704,0,0.5181255728313274
19.789119999999905,0.46172499261335176,-1.7684552015836226,1.010178244421203,-0.32058020887620753,-0.16116767955815467,-0.009839981319630235,0.42875843247631484,-2.042142979611353,1.1973830179283453,-0.27743138089781827,-0.3005048893816042,-0.029749345887968334,0.5039287354180224,-1.8002888692903805,0.9424981199086008,-0.3068745337075779,-0.23929094851506694,0.026632236265852684,0.09000117304571391,0.09000117304571391,0.0,0.18046292580852774,0.09130712377542421,0.00888826881822545,0.00011488572446759771,0.14389610484226883,-2.676553332942524,0,0.5166300021649715
19.793279999999903,0.4603926773158829,-1.7691249962925095,1.010137408095386,-0.3197556713925261,-0.16075073013289345,-0.00980071819612487,0.579379714527841,-1.8957878831267039,1.0707157567235162,-0.2936569791011187,-0.22327435237170817,-0.12342462099444287,0.5410432652419407,-1.848502225668851,1.0063513565940516,-0.2999349542217958,-0.2318717137586655,-0.048502325648053464,0.09000117304571391,0.09000117304571391,0.0,0.18014352339029777,0.09114168325738958,0.008853473614884408,0.00011422929094415253,0.1435258160096907,-2.676556879372129,0,0.5151382840615836
19.797439999999902,0.45906379106262474,-1.7697930570810623,1.0100967347184868,-0.3189327007819573,-0.16033458925263588,-0.00976161045582664,0.44283841209459684,-2.207639151100467,0.9641722781907726,-0.2862531364768524,-0.2398247688888806,0.16836811877657248,0.49134388276936536,-2.0285722915011557,0.9856122814914462,-0.2926763419090895,-0.2357219824936306,0.05965049010623226,0.09000117304571391,0.09000117304571391,0.0,0.17982383069610886,0.09097612850065318,0.008818812093741087,0.00011357669938481877,0.14315623218569482,-2.676560414833156,0,0.5136504111600104
19.8015999999999,0.4577383273228268,-1.7704593873187071,1.0100562236456052,-0.31811129755149864,-0.15991925703475615,-0.009722657491604092,1.0347081184016638,-1.9263930444328587,0.8585550438489604,-0.31722955371141537,-0.11052133900114255,-0.05356307667056916,0.7623690219421807,-1.9777123090095845,0.921971430283612,-0.3044933357416012,-0.1729013358725434,0.003019054975356958,0.09000117304571391,0.09000117304571391,0.0,0.17950385527232526,0.09081046310949609,0.008784283757040608,0.00011292792698816453,0.14278735358606678,-2.676563939372597,0,0.5121663760970776
19.8057599999999,0.45641627956375175,-1.7711239903753,1.0100158742343608,-0.31729146217801474,-0.15950473358231215,-0.009683858698642448,0.43539535181424577,-2.0867103333675674,1.2937557601587866,-0.37888879832937905,-0.24536323002410126,0.002498563654099893,0.5980897523274891,-2.0327238139774675,1.107871720488984,-0.34069150862359393,-0.20846327259143382,0.002601718219328572,0.09000117304571391,0.09000117304571391,0.0,0.1791836046069567,0.09064469066033987,0.008749888108862333,0.00011228295108368873,0.14241918041313947,-2.6765674530371366,0,0.5106861715077284
19.8099199999999,0.4550976412507997,-1.7717868696210672,1.009975685844884,-0.3164731951084866,-0.15909101898416442,-0.009645213474434892,0.37465752106785843,-1.757344349739948,1.0363571866459806,-0.4646792457845651,-0.1403059378567506,0.022243428541475707,0.48540523096847316,-1.8953248224537222,1.072160086570634,-0.4025221516026533,-0.1739873266790438,0.012484911461163515,0.09000117304571391,0.09000117304571391,0.0,0.17886308612998697,0.09047881470147351,0.008715624654506662,0.00011164174913102623,0.1420517128559045,-2.6765709558731565,0,0.5092097900251616
19.814079999999898,0.45378240584763196,-1.772448028426547,1.0099356578398058,-0.31565649676025986,-0.1586781133150961,-0.009606721218776353,0.5208086602972498,-1.538404952392291,1.0831252926564856,-0.38785909287460196,-0.25504168403887706,-0.1258773310861266,0.5022998275958958,-1.717393981228753,1.0773806628976494,-0.39488856117664356,-0.2139745941845718,-0.05655163457519956,0.09000117304571391,0.09000117304571391,0.0,0.17854230721378495,0.0903128387533152,0.008681492902021554,0.00011100429871936714,0.1416849510901232,-2.676574447926738,0,0.5077372242809662
19.818239999999896,0.4524705668162933,-1.77310747016253,1.0098957895842484,-0.31484136752129077,-0.15826601663593196,-0.009568381333750965,0.05800653644417164,-1.8466525430139344,1.31685039152496,-0.4606377605526414,-0.24762431384629385,-0.07034250702023717,0.2791922398568,-1.7825393835976677,1.1969699096123854,-0.42789354282663544,-0.23071766120654014,-0.06297356444052749,0.09000117304571391,0.09000117304571391,0.0,0.17822127517346198,0.0901467663082467,0.008647492360092754,0.0001103705775668501,0.1413188952784366,-2.6765779292436647,0,0.5062684669052583
19.822399999999895,0.4511621176173333,-1.7737651982000036,1.0098560804458163,-0.31402780775039096,-0.15785472899365788,-0.009530193223728336,0.0006557326499417315,-1.1210392318566598,1.0274121155329379,-0.26029423788492845,-0.02627256148795365,-0.07462280244424929,0.1393793054191882,-1.4518394757119844,1.1120347429163613,-0.34346637979335903,-0.12843575094218673,-0.06885998480795913,0.09000117304571391,0.09000117304571391,0.0,0.17789999726725753,0.08998060083151721,0.008613622539568357,0.00010974056352014789,0.140953545570475,-2.6765813998694252,0,0.5048035105268134
19.826559999999894,0.4498570517099272,-1.7744212159100934,1.0098165297945856,-0.31321581777747015,-0.15744425042153656,-0.009492156295353417,0.13448169327114018,-1.632148832213195,0.9098679025739103,-0.33002128711794987,-0.0733881771693086,-0.05716683933103882,0.13624256480482044,-1.5421484052443346,1.0108312122202716,-0.336039978902654,-0.10074993554070949,-0.06311489411013822,0.09000117304571391,0.09000117304571391,0.0,0.1775784806968731,0.08981434576097275,0.00857988295348875,0.00010911423455376617,0.1405889021029664,-2.6765848598492172,0,0.5033423477731997
19.830719999999893,0.4485553625519948,-1.7750755266640068,1.009777137003096,-0.31240539790377764,-0.15703458093922437,-0.009454269957536319,0.29578845018530286,-1.6945180845651866,0.7153649317757298,-0.277311059629113,-0.2895729164584554,-0.11450231462610833,0.2154382328806495,-1.6189349442480085,0.8628597017452626,-0.30591373458535936,-0.19595238903546147,-0.08969907265854467,0.09000117304571391,0.09000117304571391,0.0,0.17725673260780528,0.08964800450699867,0.008546273115403215,0.00010849156876937085,0.14022496499984455,-2.6765883092279488,0,0.5018849712709105
19.83487999999989,0.4472570436003192,-1.7757281338329771,1.00973790144634,-0.311596548402142,-0.15662572055288823,-0.009416533621449088,0.18096402753506535,-1.6718766028576542,1.0887077876460372,-0.10544552818169933,-0.022893905502494843,-0.04808831241246006,0.19798159143010094,-1.645454046525722,0.9756848989938078,-0.20570500169733374,-0.10929773211973882,-0.06870220231305393,0.09000117304571391,0.09000117304571391,0.0,0.17693476008986936,0.08948158045331822,0.008512792541750476,0.00010787254439536866,0.13986173437235605,-2.676591748050242,0,0.5004313736454934
19.83903999999989,0.44596208831066414,-1.7763790407882076,1.0096988225017545,-0.31078926951720887,-0.15621766925531924,-0.009378946700512591,0.6230978509604519,-1.9972745776803036,1.9648593054744912,-0.41297547570299264,-0.053709145110744455,-0.14797166513365373,0.4096840281331776,-1.8214808103708746,1.4699707480079223,-0.30947563137562445,-0.08039003424824046,-0.10809182499260553,0.09000117304571391,0.09000117304571391,0.0,0.1766125701773476,0.08931507695672325,0.008479440749963131,0.00010725713978617541,0.1394992103191668,-2.6765951763604354,0,0.49898154752168067
19.84319999999989,0.4446704901378905,-1.7770282509008162,1.0096598995492112,-0.3099835614656775,-0.1558104270260474,-0.00934150861039131,0.19749924212049025,-1.7698044871922796,0.8358406843344308,-0.2959777112045564,-0.02870924502514896,-0.030690117557490057,0.3029725348242574,-1.795701742100766,1.1528383472486998,-0.3017704189119905,-0.054677709807178315,-0.06983009410661738,0.09000117304571391,0.09000117304571391,0.0,0.17629016984943346,0.08914849734723196,0.008446217259350311,0.00010664533342163383,0.13913739292646765,-2.6765985942025874,0,0.49753548552351723
19.847359999999888,0.4433822425360716,-1.7776757675417805,1.0096211319710071,-0.30917942443653595,-0.15540399383145545,-0.009304218768984443,0.4070873356094287,-1.975122133749333,0.9356419005779454,-0.24812505264363804,-0.19314081497803884,-0.03079666059819397,0.354513161043484,-1.885814846081268,1.0441743809958333,-0.27427327014834124,-0.1239362765938495,-0.05023560855420521,0.09000117304571391,0.09000117304571391,0.0,0.17596756603070374,0.0889818449284614,0.008413121590912148,0.00010603710390650028,0.13877628226807967,-2.676602001620478,0,0.4960931802744882
19.851519999999887,0.44209733895860787,-1.7783215940818842,1.0095825191518553,-0.3083768585912935,-0.1549983696248913,-0.009267076596417808,0.6000277870480107,-1.8532378613048959,1.1642956589886402,-0.18673594651265157,-0.22808856399263128,-0.022124453741889122,0.4768813804494017,-1.8700011113988162,1.1041901266704053,-0.22935319534050222,-0.17573259695409635,-0.03631855657928213,0.09000117304571391,0.09000117304571391,0.0,0.1756447655912708,0.08881512297789379,0.008380153267367761,0.0001054324299698496,0.1384158784055581,-2.6766053986576117,0,0.4946546243976445
19.855679999999886,0.44081577285834034,-1.7789657338916625,1.009544060478876,-0.307575864064213,-0.15459355434677918,-0.009230081515035595,0.8674178369290579,-1.9004110134312007,1.2618089240171921,-0.3714000668945963,-0.26724979502124024,0.07672022968063083,0.6713799157341042,-1.8857609862443518,1.1831607023226896,-0.300403892404411,-0.22204347554967835,0.019954050348138158,0.09000117304571391,0.09000117304571391,0.0,0.1753217753472021,0.08864833474660866,0.008347311812754887,0.00010483129046435564,0.13805618138829617,-2.676608785357221,0,0.49321981051572905
19.859839999999885,0.43953753768766307,-1.7796081903413488,1.0095057553415867,-0.30677644096254103,-0.15418954792473188,-0.009193232949393818,0.6977601326584171,-1.989814211003643,0.7315511292481189,-0.3380642468101819,-0.3056600778228822,0.04137748266941338,0.6838658374644551,-1.9384240077036174,0.9574393403063944,-0.3186510318233494,-0.2638863815150422,0.0304140267442074,0.09000117304571391,0.09000117304571391,0.0,0.17499860206102286,0.08848148345976303,0.008314596753313211,0.00010423366436580376,0.13769719125362795,-2.6766121617622676,0,0.49178873125129974
19.863999999999884,0.438262626898635,-1.7802489668008223,1.009467603131894,-0.3059785893667358,-0.15378635027366094,-0.009156530326250117,-0.24245002832294343,-1.9876180006337716,1.1601826420879213,-0.3830194930224371,-0.19083890798421044,0.0418709267502292,0.21990723100619408,-1.9634194378301328,1.0588995047567424,-0.3520225212217638,-0.22681433012720928,0.03613955228811176,0.09000117304571391,0.09000117304571391,0.0,0.17467525244178966,0.08831457231696654,0.008282007616442835,0.00010363953077255852,0.1373389080269305,-2.676615527915446,0,0.49036137922685274
19.868159999999882,0.4369910339430904,-1.7808880666395552,1.0094296032440835,-0.3051823093306947,-0.15338396129588522,-0.009119973074557839,0.44524635558072817,-1.643142410935435,0.8574113427211933,-0.3176616236607218,-0.13145033806991616,-0.000768527100920435,0.33191879084966025,-1.8035512293838183,0.9581509608069612,-0.3353961182984099,-0.17955519833827885,0.018387256026108245,0.09000117304571391,0.09000117304571391,0.0,0.17435173314564806,0.08814760449190756,0.008249543931801079,0.00010304886890479232,0.13698133172172539,-2.676618883859186,0,0.48893774706494486
19.87231999999988,0.4357227522727488,-1.7815254932265605,1.0093917550748108,-0.30438760088197964,-0.15298238088124105,-0.009083560625455593,0.14583090226385004,-1.4145837857919183,0.9604254060149345,-0.2837209616365052,-0.1971459556226069,0.020010994870958865,0.23828320514757934,-1.6094730973912768,0.9593292054350507,-0.309461870712886,-0.18918911433351204,0.019495303083364123,0.09000117304571391,0.09000117304571391,0.0,0.1740280507760963,0.08798058313294238,0.008217205230046792,0.0001024616581039943,0.13662446233977954,-2.6766222296356537,0,0.4875178273883142
19.87647999999988,0.43445777533932367,-1.7821612499303405,1.009354058023093,-0.3035944640220409,-0.15258160890718975,-0.009047292412262034,0.43794389130881706,-1.6023188943849112,0.9315928889508325,-0.2939850697577124,-0.34005487640491294,0.12640325808063796,0.337501285179193,-1.6066049519797534,0.945723266975787,-0.3006763384512815,-0.2637939997299704,0.0731834496246534,0.09000117304571391,0.09000117304571391,0.0,0.17370421188430313,0.08781351136304322,0.00818499104393653,0.00010187787783239166,0.13626829987120537,-2.6766255652867565,0,0.48610161282
19.88063999999988,0.43319609659463015,-1.7827953401188361,1.0093165114902996,-0.30280289872643956,-0.1521816452389254,-0.009011167870466092,0.16772514814257372,-1.7672007467097723,0.6945123117094757,-0.2847844958416652,-0.069971823628278,-0.14728898665634216,0.25201891946981786,-1.687049458771717,0.819809884597724,-0.2923632455237616,-0.16692113361788558,-0.037139590580228525,0.09000117304571391,0.09000117304571391,0.0,0.17338022296956096,0.08764639228017462,0.008152900907496478,0.0001012975076723328,0.1359128442945602,-2.6766288908541433,0,0.4846890959834615
19.884799999999878,0.4319377094906924,-1.7834277671593757,1.0092791148801423,-0.30201290494506833,-0.151782489729481,-0.008975186437720639,0.5192656012632899,-1.3828722170881271,1.050951693325105,-0.36190365937250696,-0.12421989041496756,0.06282051911496271,0.38488886815495993,-1.5352156812041753,0.9355122929628511,-0.32592056657709756,-0.1462473814138172,0.013208284969604878,0.09000117304571391,0.09000117304571391,0.0,0.1730560904793917,0.08747922895724236,0.00812093435690514,0.00010072052732570147,0.13555809557694495,-2.676632206379208,0,0.48328026950269576
19.888959999999877,0.43068260747984916,-1.784058534418625,1.009241867598668,-0.3012244826023712,-0.1513841422198347,-0.008939347553832506,0.14122669680927907,-1.701192353310534,1.219272660648129,-0.2105232081328429,-0.11785537240510577,0.05842231646970897,0.2626187674565673,-1.61845034726777,1.077516053458176,-0.26850437893701024,-0.13203739964119304,0.035776668823212274,0.09000117304571391,0.09000117304571391,0.0,0.17273182081016197,0.08731202444236369,0.008089090929236958,0.00010014691661331831,0.13520405367410251,-2.676635511903092,0,0.48187512600235477
19.893119999999875,0.4294307840148593,-1.7846876452625375,1.0092047690542483,-0.30043763159756115,-0.15098660253901502,-0.008903650660757685,0.8492621428080364,-2.238267198260872,1.1268986050359133,-0.25851179978319067,-0.1760570208276626,0.04812531553906491,0.5554042701606813,-1.928730569258018,1.1023065696771297,-0.2622619257327894,-0.1534357226669926,0.0425293125873613,0.09000117304571391,0.09000117304571391,0.0,0.1724074203071913,0.08714478175892398,0.008057370163986145,9.957665547429212e-05,0.1348507185305149,-2.676638807466685,0,0.4804736581078609
19.897279999999874,0.4281822325490058,-1.785315103056305,1.0091678186575708,-0.2996523518048366,-0.15058987050420564,-0.008868095202590265,0.7805102821917611,-2.161882575644014,1.0162844308937977,-0.37644198941503376,-0.25921794843752416,-0.019252960484209984,0.6671748689528931,-2.0458480765886913,1.0592564235257618,-0.3188666892255952,-0.20598017561104146,0.010886841352316073,0.09000117304571391,0.09000117304571391,0.0,0.17208289526518128,0.08697750390606185,0.008025771601810977,9.90097239655732e-05,0.13449809007950025,-2.67664209311063,0,0.47907585844552203
19.901439999999873,0.4269369465361991,-1.7859409111643085,1.009131015821631,-0.29886864307359656,-0.15019394592084812,-0.008832680625556527,0.3928103242005102,-1.9771972566105618,0.9230861031596641,-0.3885701292437254,-0.06641756203365505,-0.07473628742548188,0.5291806079178728,-2.011659927563471,0.9910139517186783,-0.35282236126921446,-0.1364026582413692,-0.031481935840916256,0.09000117304571391,0.09000117304571391,0.0,0.17175825192853972,0.08681019385829919,0.007994294784987435,9.844610226114172e-05,0.13414616824330874,-2.676645368875323,0,0.47768171964264516
19.905599999999872,0.42569491943107973,-1.78656507295007,1.0090943599617226,-0.29808650522865393,-0.1497988285827463,-0.008797406378007223,0.6833730417738009,-1.9339436613647378,1.4659076195893763,-0.2511750651528211,-0.16938705126407275,-0.060508370532264495,0.6057552749291476,-1.9731545915636959,1.2283388484050588,-0.3019128717748798,-0.15240191368956152,-0.04627955680708747,0.09000117304571391,0.09000117304571391,0.0,0.17143349649170492,0.08664285456613358,0.007962939257435873,9.788577065157407e-05,0.13379495293321825,-2.676648634800916,0,0.47629123432764936
19.90975999999987,0.4244561446891195,-1.787187591776204,1.0090578504954293,-0.29730593807044764,-0.1494045182721679,-0.008762271910409677,0.6211378823010286,-1.6122842094181469,1.0864282951005635,-0.4270474732537166,-0.2004745900501379,0.010248044972273735,0.6125579752498865,-1.7931338762623477,1.1574023798130648,-0.36424872395437236,-0.1764257294285862,-0.017291116968854908,0.09000117304571391,0.09000117304571391,0.0,0.17110863509944474,0.08647548895599017,0.007931704564961811,9.732870954342086e-05,0.13344444404962907,-2.6766518909273205,0,0.4749043951301777
19.91391999999987,0.42322061576672265,-1.7878084710043702,1.0090214868426153,-0.2965269413752533,-0.14901101475994666,-0.008727276675338937,0.5559263420507691,-1.194024159235618,1.549465091738045,-0.23451769169920378,-0.22038584715574472,0.1631255730587969,0.5837530055660228,-1.4940337154161913,1.3537762334356551,-0.2989266197377425,-0.1981655461266778,0.07268557338041894,0.09000117304571391,0.09000117304571391,0.0,0.17078367384715565,0.08630809993049421,0.007900590254854914,9.677489945861278e-05,0.13309464148215816,-2.676655137294208,0,0.47352119468120807
19.91807999999987,0.4219883261213252,-1.788427713995227,1.0089852684254175,-0.29574951489539253,-0.14861831780558277,-0.008692420127470601,0.29377417578995646,-1.7356643534234801,1.429319011811831,-0.39048629383959793,-0.10793734697769436,-0.0766921700445874,0.43795013610638567,-1.6150741142713754,1.3913890745111614,-0.34507309090394067,-0.1535945539111094,-0.0022056730605494192,0.09000117304571391,0.09000117304571391,0.0,0.17045861878129753,0.0861406903686377,0.007869595875486635,9.622432103388598e-05,0.13274554510973258,-2.676658373941013,0,0.47214162561316303
19.922239999999867,0.4207592692114942,-1.7890453241083826,1.0089491946682358,-0.2949736583594404,-0.1482264271573431,-0.008657701723575275,0.47020309959511225,-1.5770940170193326,0.6222295347719076,-0.1235226930305669,-0.14764217479299965,-0.09407821930610705,0.4538198264455167,-1.5963901080063205,1.0066091562569492,-0.2342671160365878,-0.15099538505921334,-0.04857543551434048,0.09000117304571391,0.09000117304571391,0.0,0.17013347589956085,0.08597326312551828,0.007838720977619895,9.567695502005622e-05,0.13239715480068245,-2.6766616009069355,0,0.47076568056001916
19.926399999999866,0.41953343849702573,-1.7896613047023509,1.0089132649977255,-0.294199371472432,-0.14783534255236216,-0.008623120922507641,0.48291549114661647,-2.3034770478450732,0.6253012671255511,-0.3005057744148004,-0.15096082054733778,0.05048907072598173,0.46774172638469724,-1.9502516816503876,0.8160585277771186,-0.2668567739666248,-0.1513811520485881,0.0004847944221812203,0.09000117304571391,0.09000117304571391,0.0,0.16980825115127607,0.08580582103325446,0.007807965112938492,9.513278228170596e-05,0.13204947041283324,-2.6766648182309423,0,0.4693933521574146
19.930559999999865,0.41831082743904213,-1.790275659134504,1.0088774788427872,-0.2934266539160676,-0.14744506371673927,-0.008588677185201619,0.2824605903100522,-1.7823865564397177,1.0983776339563531,-0.2646942411729546,-0.05817882337522948,0.03892877830805464,0.3745488595873082,-1.8664393492678866,0.9572998216201402,-0.2655612206351835,-0.10459621441762687,0.02028397415502531,0.09000117304571391,0.09000117304571391,0.0,0.1694829504376899,0.08563836690040527,0.007777327835356153,9.459178379636163e-05,0.1317024917935974,-2.676668025951769,0,0.46802463304275665
19.934719999999864,0.4170914295000883,-1.7908883907610273,1.0088418356345594,-0.29265550534891577,-0.14705559036563812,-0.00855436997466008,0.3198483271575276,-2.1499708825268335,1.1560099697754536,-0.4195874495934533,0.01492775912109362,-0.0019595032345848997,0.346326518940745,-2.0081760062326595,1.0566514033136085,-0.34306359576152207,-0.04486320998726904,0.00955176490764843,0.09000117304571391,0.09000117304571391,0.0,0.16915757961232253,0.08547090351267245,0.0077468086999736355,9.405394065404912e-05,0.13135621878006537,-2.676671224107923,0,0.46665951585532733
19.938879999999862,0.41587523814422744,-1.7914995029368748,1.0088063348064096,-0.29188592540661584,-0.14666692220338334,-0.008520198755948913,0.5399084324606106,-2.3239439511923194,1.063504136069762,-0.2915443097808925,0.021984176761432078,0.07387138108964202,0.4425123542150788,-2.1660161588572864,1.0602314273512037,-0.3172724394010738,-0.011589482854535035,0.04172698621741881,0.09000117304571391,0.09000117304571391,0.0,0.16883214448119277,0.08530343363274834,0.007716407263317543,9.351923405662182e-05,0.131010651199096,-2.6766744127376856,0,0.46529799323638904
19.94303999999986,0.41466224683713543,-1.7921089990157228,1.0087709757939254,-0.2911179137020788,-0.14627905892355778,-0.008486162996190115,0.56046128695619,-1.7344412266652052,0.9754253837228799,-0.36002766408423714,-0.07949813706102675,-0.025135568607304024,0.5007393654235178,-1.9503910386209602,1.017775276438554,-0.33891973568569195,-0.04553369994728847,0.008422321251880143,0.09000117304571391,0.09000117304571391,0.0,0.1685066508032565,0.0851359600003776,0.007686123083793975,9.298764531708595e-05,0.13066578886740626,-2.6766775918791117,0,0.46394005782928877
19.94719999999986,0.41345244904619505,-1.7927168823499273,1.0087357580349063,-0.2903514698256863,-0.1458920002090992,-0.008452262164552974,-0.02073218632376611,-1.8264253433339754,0.665884530746005,-0.21085527739170923,-0.10794361072311659,-0.022424289785095974,0.23956156892113664,-1.8886304621842245,0.841781519741216,-0.2749924461340333,-0.07739865648176791,-0.007345391085863011,0.09000117304571391,0.09000117304571391,0.0,0.16818110429052668,0.08496848533284712,0.0076559557212868695,9.245915585925781e-05,0.13032163159166055,-2.676680761570035,0,0.4625857022795612
19.95135999999986,0.41224583824058886,-1.793323156290479,1.0087006809693553,-0.28958659334548936,-0.1455057457323953,-0.008418495732246933,0.21072218625638867,-2.1941188257193645,1.220639899036274,-0.25825101005158524,-0.19529331841436812,0.022145870425669144,0.22460301793761625,-2.041783997729244,1.0312592496401307,-0.26589997339896404,-0.13585197549409878,0.007481811837890749,0.09000117304571391,0.09000117304571391,0.0,0.16785551060854081,0.0848010123249418,0.007625904737183255,9.193374721699278e-05,0.12997817916855903,-2.6766839218480687,0,0.4612349192350315
19.955519999999858,0.41104240789139135,-1.7939278241869598,1.0086657440394697,-0.2888232838074046,-0.1451202951553785,-0.008384863172514362,0.07562053395729096,-1.7183613328529856,1.6380907176592867,-0.3742164861810375,-0.17511783579316306,0.056854244153151,0.14933185012386732,-1.880433801277276,1.334798596071962,-0.31979937687822585,-0.15588671434968154,0.03163068003918709,0.09000117304571391,0.09000117304571391,0.0,0.1675298753766421,0.0846335436489008,0.007595969694612785,9.141140103358892e-05,0.1296354313849259,-2.676687072750606,0,0.4598877013459167
19.959679999999857,0.4098421514716605,-1.7945308893874998,1.0086309466896337,-0.2880615407354096,-0.14473564812962106,-0.008351363960622334,0.016646471266748952,-1.9676298883330274,1.0290662479204353,-0.37976364872517127,-0.23887012327273097,0.007696265755191811,0.08219814719583078,-1.9245306552073485,1.1819457109358107,-0.349687422096508,-0.1967204459288185,0.019943751354152467,0.09000117304571391,0.09000117304571391,0.0,0.16720420416818182,0.08446608195480143,0.007566150158045348,9.089209906139995e-05,0.12929338801779638,-2.676690214314824,0,0.45854404126492654
19.963839999999855,0.40864506245652826,-1.795132355238735,1.0085962883664092,-0.2873013636317375,-0.14435180429642855,-0.008317997573856078,0.1077848474298364,-2.0087991471954143,0.9852082668840086,-0.2501703922776028,-0.15147934271843094,0.09389270790556849,0.09447159464667326,-1.96698091783412,1.0837712100308745,-0.30006290155171406,-0.1739324085232052,0.05676747241324242,0.09000117304571391,0.09000117304571391,0.0,0.16687850251088204,0.0842986298710508,0.007536445693529903,9.037582316116433e-05,0.1289520488345039,-2.676693346577685,0,0.45720393164736256
19.967999999999854,0.4074511343232905,-1.795732225085764,1.008561768518528,-0.2865427519770692,-0.14396876328693123,-0.008284763491511412,0.4359317999912723,-1.976052139560046,0.5026637906019863,-0.2265838727998142,-0.19655897860874919,0.07140844819726311,0.26473198636919015,-1.9719255626272212,0.7933628558364451,-0.2629374311709077,-0.1851800535746213,0.06365700197370597,0.09000117304571391,0.09000117304571391,0.0,0.16655277588717343,0.08413119000348823,0.0075068558687197764,8.986255530124238e-05,0.1286114135927659,-2.676696469575938,0,0.45586736515121806
19.972159999999853,0.40626036055149584,-1.7963305022721063,1.0085273865968827,-0.28578570523072483,-0.14358652472217903,-0.008251661194887159,0.21471130024260407,-1.8852745474098187,1.7612101559047868,-0.2861429415881249,-0.13745498372495707,0.02569304879095931,0.23912453963343158,-1.9288864208074121,1.277345639618344,-0.2737767354013072,-0.16080619030874718,0.045196539974568954,0.09000117304571391,0.09000117304571391,0.0,0.1662270297343994,0.08396376493673224,0.007477380252897979,8.93522775573514e-05,0.12827148204076966,-2.6766995833461205,0,0.45453433443727503
19.976319999999852,0.40507273462303395,-1.7969271901396615,1.0084931420545191,-0.28503022283085416,-0.14320508821323105,-0.008218690167277352,0.45717621901777816,-1.8235496961552138,0.5829608214875989,-0.1649081420738761,-0.14100055466440423,-0.020016248240542267,0.3478079285197454,-1.8765116482621227,0.930106277431488,-0.21888179834625618,-0.15039984519198096,0.012815965503297567,0.09000117304571391,0.09000117304571391,0.0,0.1659012694451817,0.0837963572334976,0.007448018416788375,8.884497211173936e-05,0.1279322539172571,-2.676702687924561,0,0.45320483216920177
19.98047999999985,0.403888250022223,-1.7975222920286666,1.0084590343466275,-0.2842763041946252,-0.14282445336124774,-0.00818584989396431,0.7081124692581728,-1.8736208982972933,1.2958528364186832,-0.24106099212558854,-0.22690054759740208,-0.09105427184454438,0.5274600232923154,-1.875537973322525,1.112793346956304,-0.22934634115670754,-0.18875409691802084,-0.03941108710032757,0.09000117304571391,0.09000117304571391,0.0,0.16557550036765306,0.0836289694349811,0.007418769932794438,8.834062125273839e-05,0.12759372895160934,-2.6767057833473804,0,0.4518788510136491
19.98463999999985,0.4027069002358963,-1.7981158112776565,1.008425062930535,-0.2835239487184117,-0.14244461975758144,-0.00815313986221069,0.027914015362807743,-1.8127949676151638,1.0596763079414113,-0.3245697438143492,-0.1806158168442304,0.12038885263725346,0.2770092631758372,-1.844542409387163,1.0864842532787797,-0.2773534645872258,-0.18434777574851155,0.04077090691207216,0.09000117304571391,0.09000117304571391,0.0,0.16524972780579805,0.08346160406124842,0.0073896343743821286,8.783920737423075e-05,0.12725590686393054,-2.676708869650494,0,0.4505563836403457
19.98879999999985,0.401528678753488,-1.7987077512234226,1.0083912272656963,-0.2827731557779796,-0.14206558698386534,-0.008120559561254116,0.7014780283491238,-1.6548763641410804,1.6922824049335197,-0.25117465629464575,-0.24060511015984215,0.08878734843593288,0.48872222574772456,-1.7502087973739215,1.389571311287993,-0.2633260562749075,-0.21233524169282889,0.06522418725514471,0.09000117304571391,0.09000117304571391,0.0,0.16492395701971357,0.0832942636109793,0.0073606113169598225,8.73407129748988e-05,0.12691878736513112,-2.676711946869612,0,0.44923742272219247
19.992959999999847,0.40035357906711855,-1.799298115200973,1.0083575268136866,-0.2820239247286718,-0.14168735461210347,-0.008088108482298153,0.1398397539893757,-1.8249605446171078,0.4318927923693888,-0.18776258635062198,-0.17437245768842283,-0.04103334625822887,0.3138876381918242,-1.7879497476271065,0.910641422415908,-0.2253714090788843,-0.19246003577092433,0.011419384921475843,0.09000117304571391,0.09000117304571391,0.0,0.16459819322589786,0.08312695056174813,0.007331700337476009,8.684512065779445e-05,0.1265823701570104,-2.676715015040244,0,0.4479219609353564
19.997119999999846,0.3991815946716786,-1.7998869065434928,1.0083239610381929,-0.281276254905592,-0.14130992220475933,-0.008055786118504969,0.26342795346905146,-2.206362629915917,1.3449060296909998,-0.19051914450068475,-0.1415156784246196,-0.0663751681033247,0.2882597427304352,-1.997454782855233,1.1276376538637727,-0.2072619604485527,-0.16635749170046427,-0.026966816238877655,0.09000117304571391,0.09000117304571391,0.0,0.1642724415975394,0.08295966737030425,0.007302901014015539,8.635241312979645e-05,0.12624665493233894,-2.6767180741976975,0,0.4466099909593631
20.001279999999845,0.3980127190649128,-1.8004741285823047,1.0082905294050055,-0.2805301456237869,-0.14093328931484353,-0.008023591964989637,0.5532650268734163,-1.7974115406803128,1.3999467477118346,-0.4749077360258338,0.03891067037450377,-0.05330613707164457,0.4197740746506435,-1.8973501196979263,1.2636837375611099,-0.339928013718272,-0.0640775598167198,-0.0403783390042061,0.09000117304571391,0.09000117304571391,0.0,0.16394670726478072,0.08279241647263957,0.0072742129266796796,8.586257320100592e-05,0.12591164137493982,-2.6767211243770825,0,0.44530150547718916
20.005439999999844,0.3968469457475027,-1.8010597846468297,1.0082572313820104,-0.27978559617842785,-0.14055745548600102,-0.007991525518810858,0.579388006695118,-2.034398321174719,0.820342056330703,-0.3447556960178166,-0.13473328309861834,0.04872328016615886,0.49886437629478086,-1.966157210138955,1.042112125468087,-0.34200521821388696,-0.09854048816264957,0.0036918000109206883,0.09000117304571391,0.09000117304571391,0.0,0.16362099531506213,0.0826252002838424,0.007245635656969521,8.537558378407775e-05,0.12557732915976988,-2.6767241656133107,0,0.4439964971753529
20.009599999999843,0.39568426822314856,-1.801643878064549,1.0082240664391813,-0.2790426058449903,-0.14018242025259875,-0.007959586278964162,0.7523242525179479,-2.2947407759608,1.4326011309295292,-0.24551459972724035,-0.014343343957550242,0.11531105394709266,0.6250842840824388,-2.130481439232512,1.2375998182418553,-0.293217599189966,-0.05629671243938724,0.05919906652227058,0.09000117304571391,0.09000117304571391,0.0,0.1632953107932537,0.08245802119880657,0.007217168787381677,8.489142789381966e-05,0.1252437179530001,-2.6767271979410987,0,0.4426949587440049
20.01375999999984,0.39452467999865093,-1.8022264121609648,1.0081910340485714,-0.278301173879433,-0.13980818313981067,-0.007927773746376862,0.6359893390957885,-1.8335490167359316,1.6304201443418522,-0.14635922364926704,-0.04110029199844925,0.021273386053140934,0.630232416522371,-1.9820998026112753,1.4340573441154454,-0.21977451240063337,-0.04813930057389465,0.04006264500875953,0.09000117304571391,0.09000117304571391,0.0,0.16296965870213365,0.08229088159165865,0.0071888119022875605,8.441008864650885e-05,0.12491080741209548,-2.676730221394969,0,0.4413968828770173
20.01791999999984,0.39336817458399104,-1.8028073902595636,1.008158133684305,-0.2775612995183751,-0.13943474366370476,-0.007896087423899321,0.5204345259591128,-1.990235790930857,0.948534496661545,-0.3107620854785801,-0.23405572015959714,0.1327217714679638,0.5746852061793348,-1.9866563066920941,1.1915706887306678,-0.2647236210060302,-0.14030477912854947,0.08537250017990043,0.09000117304571391,0.09000117304571391,0.0,0.1626440440024955,0.08212378381668167,0.0071605645877445764,8.393154925948085e-05,0.1245785971858945,-2.676733236009252,0,0.4401022622720728
20.02207999999984,0.39221474549241075,-1.8033868156817774,1.0081253648225705,-0.27682298197927285,-0.13906210133132635,-0.00786452681629703,0.5027245112974317,-2.137721387188297,0.9392099685606514,-0.18378732981876106,-0.1922019452183789,-0.02437610873191083,0.5383224545768861,-2.0625903362631792,1.0653375123010116,-0.22443937154340915,-0.16593374826474874,0.030672962303219222,0.09000117304571391,0.09000117304571391,0.0,0.16231847161349433,0.08195673020763616,0.007132426430878219,8.345579305040222e-05,0.12424708691468778,-2.6767362418180882,0,0.4388110896307519
20.026239999999838,0.3910643862404916,-1.8039646917469474,1.0080927269416111,-0.2760862204605943,-0.13869025564078416,-0.007833091430245239,-0.028115477636310005,-1.6566071153361255,0.8239737881958945,-0.3962760279691858,-0.15132188395198298,-0.01791359563058671,0.25427441804693157,-1.8599106895435207,0.9446172522593177,-0.3099311742129333,-0.15860014505617898,0.006117991521364708,0.09000117304571391,0.09000117304571391,0.0,0.1619929464129421,0.08178972307868454,0.007104397020761412,8.29828034368347e-05,0.12391627623029651,-2.6767392388554274,0,0.4375233576586206
20.030399999999837,0.3899170903482333,-1.8045410217722864,1.008060219521718,-0.2753510141419933,-0.13831920608133258,-0.0078017807743199505,-0.20479283455838582,-1.597481429069742,0.8468602524558202,-0.35154440014532484,-0.2533383572611674,-0.1352342986917135,0.024006954604560017,-1.72922201981134,0.8954552691922036,-0.33101270993566095,-0.20554945636422745,-0.06382029942249412,0.09000117304571391,0.09000117304571391,0.0,0.1616674732374953,0.08162276472371283,0.0070764759473689876,8.251256393555648e-05,0.12358616475615003,-2.6767422271550334,0,0.43623905906531624
20.034559999999836,0.3887728513391313,-1.8051158090728425,1.0080278420452222,-0.2746173621844825,-0.1379489521334565,-0.007770594358993252,0.40800821687633937,-2.246623447840873,1.1774843828708876,-0.3689495487232073,-0.2144983539199811,-0.04653460118419623,0.21524250807350995,-1.9883728334911652,1.036375572212899,-0.3498054131312758,-0.20986522185502424,-0.055449413315317234,0.09000117304571391,0.09000117304571391,0.0,0.16134205688297854,0.08145585741714861,0.00704866280267049,8.204505816219247e-05,0.12325675210736317,-2.6767452067504838,0,0.43495818656463303
20.038719999999834,0.3876316627402538,-1.8056890569614632,1.0079955939964862,-0.27388526373060446,-0.13757949326895302,-0.007739531696624106,0.39492038645287586,-1.571824331882826,0.6009744973827469,-0.28677258978515896,-0.1670198216455938,-0.0069350123271609354,0.30448362151995356,-1.7804447036666367,0.8186573494344156,-0.3170407428636241,-0.18765697610322357,-0.031092405277251878,0.09000117304571391,0.09000117304571391,0.0,0.16101670210470703,0.08128900341371131,0.007020957179798837,8.158026983050745e-05,0.12292803789081289,-2.676748177675171,0,0.43368073287460673
20.042879999999833,0.38649351808231797,-1.806260768748759,1.0079634748618969,-0.273154717904602,-0.13721082895101386,-0.007708592301452626,0.6332507864218833,-1.4737445198009245,0.5295207612718751,-0.20893469313362373,-0.18232360268792377,0.02087134237531509,0.46843423281522195,-1.6274720371185638,0.6741303844787171,-0.2626611174050713,-0.1848253529472607,-0.005085280611442436,0.09000117304571391,0.09000117304571391,0.0,0.1606914136175977,0.08112220494869654,0.006993358673287119,8.111818275196114e-05,0.12260002170521435,-2.676751139962305,0,0.4324066907175985
20.047039999999832,0.3853584108997655,-1.8068309477430686,1.0079314841298568,-0.2724257238125877,-0.13684295863430682,-0.0076777756895933455,0.6360700580193881,-1.6202836720267664,1.2033266857552802,-0.36564985747247086,-0.06689527873327461,-0.12952284216995008,0.5514912206416549,-1.6240184532302828,0.9384607227260922,-0.31340035558582396,-0.12514241040433816,-0.06628071720644603,0.09000117304571391,0.09000117304571391,0.0,0.16036619609660074,0.08095546423804745,0.006965866879734432,8.065878083509992e-05,0.12227270314119668,-2.6767540936449152,0,0.431136052820378
20.05119999999983,0.38422633473083756,-1.807399597250423,1.0078996212907776,-0.27169828054271145,-0.13647588176505665,-0.0076470813790257336,0.4703095898440955,-2.141908781891094,0.7383011103687407,-0.38867109278158607,0.015821096335877582,0.12059345764036192,0.5100908397099636,-1.882935101082342,0.838630321860009,-0.3507554325910571,-0.05430086971646558,0.027156411210732603,0.09000117304571391,0.09000117304571391,0.0,0.16004105417683778,0.08078878347853291,0.006938481396117833,8.020204808500291e-05,0.1219460817813779,-2.6767570387558495,0,0.42986881191420545
20.05535999999983,0.3830972831176487,-1.8079667205745111,1.0078678858370709,-0.2709723871653277,-0.1361095977811254,-0.007616508889591724,0.5661412108866389,-1.7041892460532655,1.0578311390213637,-0.16279601930812004,-0.12012779240332735,-0.14269582728144278,0.5377779681809155,-1.7938114708653554,0.9479331641292432,-0.2568654819877956,-0.0868803806581237,-0.056654355760686184,0.09000117304571391,0.09000117304571391,0.0,0.15971599245392853,0.08062216484760582,0.0069112018221681865,7.974796860273577e-05,0.12162015720043962,-2.6767599753277787,0,0.4286049607349137
20.05951999999983,0.3819712496062605,-1.8085323210166449,1.0078362772631417,-0.27024804273316083,-0.13574410611209317,-0.007586057742983361,0.601006924474492,-2.0587362485389766,0.8948708960236428,-0.2828969006536598,-0.12554997073723448,-0.03671407443629783,0.5688050668715439,-1.9265381416744023,0.9213241964956823,-0.2701658250666427,-0.10559344007847388,-0.04615749682279053,0.09000117304571391,0.09000117304571391,0.0,0.15939101548421086,0.08045561050400929,0.006884027757827434,7.929652658488604e-05,0.12129492896520114,-2.6767629033931954,0,0.4273444920229885
20.063679999999827,0.38084822774675436,-1.8090964018757254,1.0078047950653803,-0.26952524628147,-0.1353794061793363,-0.007555727462741081,0.3801587814057765,-1.8221591180705405,1.1759292849286407,-0.2416911732804729,-0.3303926517391068,-0.06676454346610501,0.47397703478790104,-1.8750355385211064,1.048490331143272,-0.2555174280252697,-0.21777096727701414,-0.05678529694811071,0.09000117304571391,0.09000117304571391,0.0,0.1590661277850412,0.0802891225875289,0.006856958805195455,7.884770632298393e-05,0.12097039663469292,-2.676765822984418,0,0.4260873985236489
20.067839999999826,0.37972821109330346,-1.8096589664482092,1.0077734387421544,-0.2688039968282124,-0.13501549739610672,-0.007525517574243811,0.20738853399165502,-1.971978125043159,1.2007421683516395,-0.22597925384946477,-0.07771299391384764,-0.06505073289523562,0.3402118756641164,-1.9236686113575008,1.1244817901766795,-0.2412248146132624,-0.1480103760599882,-0.06081106701261678,0.09000117304571391,0.09000117304571391,0.0,0.15874133383501676,0.08012270321927933,0.006829994567698686,7.840149220293233e-05,0.12064655976022974,-2.6767687341335895,0,0.424833672986926
20.071999999999825,0.37861119320424425,-1.8102200180280743,1.0077422077938014,-0.26808429337420536,-0.1346523791676098,-0.007495427604702599,-0.09696829203193713,-1.8193500250793233,1.2887330466514202,-0.4236577294921085,-0.139475974202452,0.12713504724228775,0.12073791550852243,-1.8717991504573963,1.2068728170096379,-0.3326116429197908,-0.14352434366576794,0.03324033566715237,0.09000117304571391,0.09000117304571391,0.0,0.15841663807422363,0.07995635450167021,0.006803134650326954,7.795786870448317e-05,0.12032341788548315,-2.676771636872681,0,0.42358330816774215
20.076159999999824,0.3774971676421472,-1.810779559906787,1.0077111017226217,-0.26736613490328803,-0.1342900508910827,-0.007465457083153235,0.5005140233050973,-1.6933034723588865,0.7596488303993499,-0.29889212957379396,-0.10598708648900733,-0.1301090339479537,0.31000533976460765,-1.7827698936071847,0.9829856770916171,-0.3149846119546175,-0.1250556759606755,-0.04775352906720331,0.09000117304571391,0.09000117304571391,0.0,0.1580920449045135,0.0797900785186938,0.0067763786588000904,7.751682040076462e-05,0.12000097054655359,-2.6767745312334914,0,0.42233629682598817
20.080319999999823,0.3763861279738869,-1.8113375953732698,1.0076801200328698,-0.2666495203824811,-0.13392851195587108,-0.00743560554045233,0.354961981691409,-1.6160449429001333,0.5119933328513584,-0.32536751089257476,-0.17022205327749243,0.08680276496888388,0.3318070906216939,-1.6997598246358663,0.7476670855020288,-0.3201130139089699,-0.14786864106465833,0.01935777906860038,0.09000117304571391,0.09000117304571391,0.0,0.15776755868972675,0.07962387733610543,0.006749726201301962,7.707833195772831e-05,0.11967921727204199,-2.6767774172476506,0,0.4210926317266006
20.08447999999982,0.37527806777071127,-1.8118941277138678,1.0076492622307478,-0.2659344487621457,-0.13356776174350526,-0.007405872509266224,0.07419244265636749,-1.8653112293046699,0.8989419324235786,-0.17931520260641726,-0.04462921487439607,0.049707750087988195,0.20262421827862023,-1.7826295116212165,0.8234078387159156,-0.24935032285027997,-0.09625614043033072,0.03506910261617891,0.09000117304571391,0.09000117304571391,0.0,0.15744318375602395,0.07945775300139102,0.006723176886578908,7.664238813353981e-05,0.11935815758312072,-2.676780294946619,0,0.419852305639638
20.08863999999982,0.37417298060831067,-1.812449160212317,1.0076185278243974,-0.26522091897614153,-0.13320779962777654,-0.007376257524067776,0.006034843389886468,-1.4346410725390952,0.7764373058020255,-0.37579573092871543,-0.26682799771374155,0.14466675084122232,0.10354641556520384,-1.6091902449161422,0.8002229373540553,-0.3125190365157342,-0.1803803117182881,0.08996134114915641,0.09000117304571391,0.09000117304571391,0.0,0.15711892439197667,0.07929170754362763,0.006696730325244746,7.620897377803524e-05,0.11903779099360418,-2.67678316436169,0,0.4186153113403564
20.09279999999982,0.3730708600668857,-1.813002696149712,1.0075879163238928,-0.2645089299419834,-0.13284862497481392,-0.007346760121127729,0.11363299431638846,-1.724225326671922,1.197209747751608,-0.35594152908221177,-0.2739855816622672,0.11283533905785753,0.10784867272824072,-1.6672784747554381,0.9989524635985243,-0.3338645805082871,-0.2271760092358764,0.10204652857341052,0.09000117304571391,0.09000117304571391,0.0,0.15679478484895304,0.07912574297430608,0.006670386128948071,7.57780738324662e-05,0.11871811701001897,-2.6767860255239913,0,0.4173816416092844
20.096959999999818,0.3719716997312149,-1.8135547388044753,1.0075574272412322,-0.26379848056099714,-0.13249023714315739,-0.007317379838509575,0.19480631816333835,-1.7628788190658011,1.3160227595633665,-0.33428814128312234,-0.24589636595003433,-0.1459892041055515,0.15063342958170226,-1.7155918858176302,1.157187156631708,-0.33438178766974874,-0.23599998022541238,-0.022426518548871923,0.09000117304571391,0.09000117304571391,0.0,0.15647076934129112,0.07895986128676519,0.006644143911464433,7.534967332864504e-05,0.11839913513167347,-2.676788878464485,0,0.41615128923229716
20.101119999999817,0.3708754931907213,-1.8141052914523246,1.0075270600903319,-0.26308956971847425,-0.13213263548383364,-0.0072881162160598175,0.6214193609949583,-1.862882309224702,0.655145422578103,-0.3541721276834644,-0.010693909401563034,-0.22378793308341127,0.38529226345153533,-1.7892600018505906,0.905698135460441,-0.34391100532602153,-0.12353896130486765,-0.12349404740124208,0.09000117304571391,0.09000117304571391,0.0,0.15614688204660493,0.07879406445680137,0.006618003287007606,7.492375738866458e-05,0.11808084485072695,-2.6767917232139706,0,0.41492424700068975
20.105279999999816,0.3697822340395387,-1.814654357366243,1.0074968143870178,-0.26238219628382514,-0.13177581934042917,-0.007258968795405337,0.34212333200070044,-2.1222014996567995,1.5206169188426382,-0.0797828133263257,-0.1293846656689016,0.12324262191592446,0.3635403490247406,-1.9560014871964022,1.2134181126739438,-0.2112864703727172,-0.1268026653207522,-0.00011340650411373885,0.09000117304571391,0.09000117304571391,0.0,0.15582312710593227,0.07862835444242389,0.006591963871748107,7.450031122420844e-05,0.11776324565225818,-2.6767945598030853,0,0.4137005077112499
20.109439999999815,0.3686919158765773,-1.8152019398164478,1.007466689649018,-0.261676359110732,-0.13141978804916432,-0.007229937119944395,0.34129044460812114,-2.227871957294628,1.2789363515665109,-0.21911485609825818,0.1679634567952365,0.1709286669358365,0.3519593815149969,-2.091590232223454,1.2465319806484731,-0.21514867148262007,0.02102634411642414,0.08599128219660271,0.09000117304571391,0.09000117304571391,0.0,0.1554995086240964,0.07846273318414437,0.006566025283408841,7.407932013613407e-05,0.1174463370143336,-2.6767973882623055,0,0.41248006416632993
20.113599999999813,0.36760453230558854,-1.8157480420703602,1.0074366853959562,-0.2609720570372998,-0.1310645409389661,-0.007201020734839347,0.4705841316152447,-2.075062252525003,0.822248383819299,-0.315510067317752,-0.09844788275592295,0.11397104048519556,0.41061314684702793,-2.0835306253810266,1.0346243664151917,-0.26379001927851947,-0.03883298352043482,0.09993289632429458,0.09000117304571391,0.09000117304571391,0.0,0.1551760306697738,0.07829720260516021,0.0065401871408594,7.366076951392553e-05,0.11713011840807505,-2.6768002086219473,0,0.41126290917391845
20.117759999999812,0.36652007693522937,-1.816292667392575,1.0074068011493436,-0.2602692888862074,-0.1307100773315404,-0.007172219187011017,0.682723119294718,-2.2554372798467766,0.7302640522368972,-0.2863804982090289,-0.18966464715209,-0.04199165669396211,0.5460729247199881,-2.1698794339047143,0.8823554965205945,-0.27438691768934054,-0.11434425954932889,0.028615046394322784,0.09000117304571391,0.09000117304571391,0.0,0.154852697275911,0.07813176461121718,0.006514449064137378,7.324464483514804e-05,0.116814589297727,-2.6768030209121694,0,0.4100490355477103
20.12191999999981,0.3654385433791258,-1.816835819044831,1.0073770364325723,-0.2595680534648561,-0.1303563965414444,-0.007143532025133011,-0.02190191208742398,-2.100986756383623,1.1775525839076,-0.07009610653789,-0.025600786063306263,-0.036052779974372055,0.26193531357524263,-2.135486889972121,1.0298809762923868,-0.17205240043219946,-0.06948389400497454,-0.003647014040068148,0.09000117304571391,0.09000117304571391,0.0,0.15452951243990093,0.07796642109100727,0.006488810674683862,7.283093166505017e-05,0.11649974914072334,-2.676805825162973,0,0.4088384361071774
20.12607999999981,0.36435992525593613,-1.8173775002859818,1.0073473907709072,-0.2588683495655185,-0.13000349787615767,-0.007114958799625069,0.6378650768086324,-1.4624527766862516,1.308976124917098,-0.11210538750370841,-0.2221954951287725,0.13293199178619075,0.4496685889699531,-1.7994282819166494,1.1697076482042361,-0.14157263707772236,-0.1453500598350802,0.06432122316292395,0.09000117304571391,0.09000117304571391,0.0,0.15420648012370636,0.07780117391613878,0.00646327159600793,7.241961565596544e-05,0.11618559738775354,-2.676808621404203,0,0.40763110367763694
20.13023999999981,0.36328421618941326,-1.8179177143719658,1.0073178636914795,-0.25817017596548564,-0.12965138063615306,-0.007086499062643612,0.49073614715847147,-2.3522988384038523,1.2284944788896452,0.007606723113955216,-0.2995871670678572,0.1359196352174655,0.4702180831829168,-2.0764908719270716,1.19938291484732,-0.06680304652850835,-0.22230945522671505,0.10072600358849981,0.09000117304571391,0.09000117304571391,0.0,0.15388360425427844,0.07763602494121419,0.006437831452211433,7.20106825468076e-05,0.11587213348282868,-2.67681140966555,0,0.40642703109032063
20.134399999999808,0.36221140980846656,-1.8184564645557781,1.0072884547232792,-0.2574735314272131,-0.12930004411496746,-0.007058152368078477,0.4635309699119296,-1.5940847012087749,0.276395709255823,-0.12750334257353443,-0.11775805381424971,-0.1129255872864417,0.46660829279526606,-1.8355301295681892,0.7376492524926316,-0.09667630172458593,-0.16966283987689681,-0.006702056515591129,0.09000117304571391,0.09000117304571391,0.0,0.15356088872360096,0.0774709760040142,0.006412489868864994,7.16041181625907e-05,0.11555935686334672,-2.6768141899765507,0,0.4052262111824427
20.138559999999806,0.3611414997472229,-1.8189937540874417,1.0072591633971477,-0.25677841469846663,-0.12894948759927166,-0.00702991827154597,0.9724116827584577,-2.1205573938034243,0.7770657082502277,-0.2613851015758589,-0.3441656882527664,-0.042882320254697556,0.7189688870378702,-1.9787615344106788,0.7572690685962108,-0.1785553416279533,-0.25693981551852846,-0.02503336281242575,0.09000117304571391,0.09000117304571391,0.0,0.153238337389137,0.07730602892568345,0.006387246473458334,7.119990841399486e-05,0.11524726696015747,-2.6768169623665896,0,0.4040286367972664
20.142719999999805,0.36007447964508765,-1.8195295862139789,1.0072299892457712,-0.256084824512466,-0.12859971036893947,-0.007001796330380075,0.19214503889415968,-2.5041152975549017,1.485158379620368,-0.2910182292238098,0.015695998509827558,-0.07736894134295236,0.45494756363222905,-2.241408868019556,1.121058356208309,-0.23458559702524132,-0.12091674928039994,-0.051420839737342024,0.09000117304571391,0.09000117304571391,0.0,0.15291595407379432,0.0771411855107017,0.006362100893924392,7.079803929675507e-05,0.11493586319762708,-2.6768197268649,0,0.40283430078417143
20.146879999999804,0.3590103431468042,-1.8200639641793834,1.0072009318036728,-0.25539275958802865,-0.12825071169711685,-0.006973786103629803,0.48330188186712353,-1.500564908255907,0.7377824685315798,-0.08385585802077594,-0.10429987855986615,0.0789774809084248,0.468949370320508,-1.8711986425073732,0.9295806622507283,-0.15868553851125794,-0.112610481332974,0.014413823849129502,0.09000117304571391,0.09000117304571391,0.0,0.1525937425663994,0.07697644754696248,0.006337052760585514,7.039849689118892e-05,0.11462514499370201,-2.676822483500565,0,0.40164319599871906
20.151039999999803,0.35794908390251373,-1.820596891224593,1.0071719906072059,-0.25470221862971154,-0.1279024908502908,-0.006945887152048439,0.5343442143840884,-1.7605941951615296,1.1331846591406967,-0.2841318285652605,-0.06242401282194286,-0.0006922047330771685,0.501055767439354,-1.8160268285777295,1.031382918375957,-0.22116188188229483,-0.08687442122639595,0.006730637507215954,0.09000117304571391,0.09000117304571391,0.0,0.15227170662174488,0.0768118168060658,0.006312101704250554,7.000126736172467e-05,0.11431511175997264,-2.6768252323025186,0,0.40045531530271794
20.1551999999998,0.35689069556781394,-1.821128370587461,1.007143165194547,-0.25401320032795277,-0.12755504708835685,-0.006918099038090724,0.5510583698126829,-1.7091791652468038,1.5219806066218347,-0.17933655083967237,-0.08548734055272009,-0.0110021052574299,0.5256837193689426,-1.7627787650004123,1.2766605341542554,-0.19992283441055317,-0.08680385934586989,-0.001280037175425867,0.09000117304571391,0.09000117304571391,0.0,0.15194984996093086,0.07664729504329076,0.006287247357518573,6.960633695642934e-05,0.11400576290173649,-2.6768279732995475,0,0.3992706515642883
20.1593599999998,0.35583517180381724,-1.8216584055027305,1.0071144551056892,-0.2533257033592116,-0.12720837966468693,-0.006890421325904593,0.5574216349088539,-1.3054506603967762,0.7492265887518261,-0.4952477814746199,-0.10657428716067052,0.10545846087908281,0.5405218976249545,-1.53433380657056,1.0131597929294054,-0.34713335301342313,-0.09638843671817204,0.05180750633232132,0.09000117304571391,0.09000117304571391,0.0,0.1516281762715202,0.07648288399767472,0.006262489353944776,6.921369200646736e-05,0.11369709781806081,-2.676830706520291,0,0.3980891976579263
20.1635199999998,0.3547825062772085,-1.8221869992020063,1.0070858598824337,-0.25263972638610804,-0.1268624878261965,-0.006862853581326403,0.1174607041351757,-1.8341077116979103,1.1553494842860261,-0.2004424664413681,-0.08229688773157412,-0.0376841317735174,0.3285715746021121,-1.6843937080855682,1.084177546382398,-0.2738687405249867,-0.08949927995856131,0.0069257104223040865,0.09000117304571391,0.09000117304571391,0.0,0.15130668920777463,0.07631858539230713,0.006237827329131373,6.882331892565515e-05,0.113389115901845,-2.6768334319932428,0,0.39691094646456687
20.167679999999798,0.353732692660302,-1.822714154913729,1.0070573790683843,-0.25195526805756085,-0.12651737081341077,-0.006835395371871634,0.9031993223058334,-1.9843125246998534,0.7111443043072416,-0.24595671016286244,0.006467728546258905,0.06796804893237653,0.6153746818659027,-1.8343424574839466,0.897799143470363,-0.2583735521162343,-0.04118768629255093,0.037704136925850854,0.09000117304571391,0.09000117304571391,0.0,0.15098539239089076,0.07615440093419584,0.006213260919251683,6.84352042099941e-05,0.11308181653988231,-2.6768361497467525,0,0.3957358908716467
20.171839999999797,0.35268572463109815,-1.8232398758631478,1.0070290122089396,-0.2512723270089252,-0.12617302786053128,-0.006808046266731733,0.38834803037133697,-2.0271812332178487,1.2322205915432567,-0.2262041932223855,0.049218201489221264,-0.1305451868102171,0.5013887838667508,-1.9306611112622512,1.0647415494044015,-0.24205748518742337,0.004148410970344772,-0.0468290375913243,0.09000117304571391,0.09000117304571391,0.0,0.15066428940921106,0.07599033231456115,0.0061887897623538225,6.804933443714558e-05,0.11277519911292122,-2.6768388598090262,0,0.39456402377316613
20.175999999999796,0.35164159587333926,-1.8237641652722958,1.0070007588512864,-0.25059090186212896,-0.12582945819550123,-0.006780805836765486,0.30908469446642134,-1.8603881656134442,1.1311473596080706,-0.1333870092354697,-0.23477927802867937,-0.1198592928280761,0.4049574926975614,-1.8960138475330806,1.0976962724852584,-0.18750814691508233,-0.11464295245990028,-0.08365547206511871,0.09000117304571391,0.09000117304571391,0.0,0.1503433838184342,0.07582638120880969,0.006164413497312487,6.76656962659965e-05,0.11246926299572663,-2.6768415622081276,0,0.39339533806975063
20.180159999999795,0.35060030007656506,-1.8242870263599626,1.0069726185443926,-0.24991099122580823,-0.125486661040071,-0.006753673654494826,0.3452883067707406,-1.7641254251917442,0.9877173119668485,-0.22968549977811278,-0.12888707200357225,0.17513172024659873,0.3746425138684646,-1.8303366049276628,1.043069196852781,-0.20752225210158157,-0.1218554143039001,0.046247925954890086,0.09000117304571391,0.09000117304571391,0.0,0.15002267914180023,0.07566254927672195,0.006140131764704963,6.728427643612557e-05,0.11216400755714018,-2.6768442569719784,0,0.3922298266687116
20.184319999999794,0.3495618309361674,-1.8248084623416705,1.0069445908390005,-0.24923259369544196,-0.12514463560986278,-0.006726649294096993,0.3850359110532792,-1.6949088614142285,0.870552119908514,-0.3268272331015083,0.04096756385682099,0.17191288919849035,0.3791578238171242,-1.762539477822806,0.9571675082989026,-0.26636399403946825,-0.039058162540202584,0.10883997797429094,0.09000117304571391,0.09000117304571391,0.0,0.14970217887040949,0.07549883816274777,0.006115944206190594,6.690506176740036e-05,0.11185943216014055,-2.6768469441283607,0,0.3910674824841062
20.188479999999792,0.34852618215344455,-1.8253284764296474,1.0069166752876195,-0.2485557078534853,-0.12480338111443397,-0.006699732331399198,-0.019798594547903947,-1.8371472434512457,0.9415105731079005,-0.2052030170904963,-0.06769335943199703,0.22582505525207786,0.17924892613994303,-1.7999865337206948,0.9498084144594637,-0.23526787418235406,-0.0524839946968067,0.167433808621858,0.09000117304571391,0.09000117304571391,0.0,0.1493818864633012,0.07533524949544596,0.006091850464959109,6.65280391593153e-05,0.11155553616190299,-2.676849623704917,0,0.38990829843679736
20.19263999999979,0.34749334743565496,-1.825847071832803,1.00688887144452,-0.2478803322695025,-0.12446289675734294,-0.006672922343871537,0.3983860980458946,-1.993299887192692,0.9748181058934905,-0.2675345762088971,0.02328484285687342,0.013433555677245412,0.28826280032564,-1.8965978060852353,0.9623424109388332,-0.25150444175674014,-0.013799158012024746,0.08994618119100917,0.09000117304571391,0.09000117304571391,0.0,0.14906180534780084,0.07517178488842136,0.0060678501851094205,6.61531955907715e-05,0.11125231891385884,-2.676852295729151,0,0.38875226745451247
20.19679999999979,0.34646332049607037,-1.8263642517567038,1.0068611788657258,-0.24720646550029843,-0.12412318173621079,-0.006646218910622415,0.3636100174431411,-1.9364482718228668,1.0843785722534758,-0.12689557606312804,-0.07247828265278738,0.06193679772809311,0.325671795245528,-1.9166747102038737,1.0234906453996597,-0.18863012391441955,-0.042827383959149284,0.07571578756950248,0.09000117304571391,0.09000117304571391,0.0,0.14874193891959986,0.07500844593976533,0.006043943012739798,6.578051811950604e-05,0.11094977976175421,-2.676854960228431,0,0.38759938247190173
20.20095999999979,0.3454360950540285,-1.8268800194035488,1.0068335971090074,-0.24653410609004953,-0.12378423524278544,-0.0066196216123894595,0.8761535365741758,-1.7345074992960088,0.31913376218620293,-0.315470297391872,0.020917775250574824,0.05474969553024155,0.6002599046055997,-1.8255453226936424,0.671421619777365,-0.2518284785103889,-0.011439230534490818,0.0650095613520137,0.09000117304571391,0.09000117304571391,0.0,0.14842229054302347,0.0748452342328865,0.006020128594471329,6.540999388165109e-05,0.1106479180457086,-2.6768576172299867,0,0.38644963643059577
20.205119999999788,0.34441166483498503,-1.8273943779721447,1.006806125733876,-0.24586325257043382,-0.12344605646300232,-0.006593130031536599,0.4361297729290804,-1.438976647140845,1.0122003572689,-0.2701388746626141,-0.0713947178829491,0.016612160326860383,0.5176314496078273,-1.632406698124508,0.8418465588214405,-0.26080956424526996,-0.04145195017987072,0.04147131370194173,0.09000117304571391,0.09000117304571391,0.0,0.14810286355129898,0.0746821513355243,0.005996406578536749,6.504161009106671e-05,0.1103467331002728,-2.676860266760914,0,0.385303022279263
20.209279999999787,0.3433900235705652,-1.8279073306578824,1.006778764301576,-0.2451939034607596,-0.12310864457704902,-0.006566743752046579,0.31785433555114617,-1.5833854656659134,1.4706384305958933,-0.17958319297958192,-0.24571605977706906,-0.04745207154690161,0.4173674220260985,-1.608406056012057,1.156146885066639,-0.21993961512600455,-0.14393882729506563,-0.002354466016872161,0.09000117304571391,0.09000117304571391,0.0,0.14778366124666414,0.0745191988010073,0.005972776614587585,6.467535403921533e-05,0.11004622425448674,-2.6768629088481735,0,0.38415953297366584
20.213439999999785,0.3423711649986148,-1.8284188806527133,1.006751512375078,-0.24452605726809373,-0.1227719987594248,-0.006540462359514328,0.9756455899457586,-1.7068609094283638,0.9232216392241791,-0.22749235022152237,-0.24282956878328238,0.11625370605178603,0.6960363895753677,-1.65813894493685,1.0399256954008833,-0.223308956980531,-0.19352459957605878,0.056336741313297266,0.09000117304571391,0.09000117304571391,0.0,0.14746468690060993,0.07435637816758825,0.005949238353500648,6.431121309445788e-05,0.1097463908319365,-2.6768655435185935,0,0.383019161476717
20.217599999999784,0.34135508286325067,-1.8289290311451258,1.0067243695190733,-0.24385971248738889,-0.12243611817900274,-0.006514285441141091,0.10453805775926442,-1.9278714745347854,1.2396371067908212,-0.282419073588592,-0.15015894054337403,0.0746338399792866,0.39969637593839846,-1.793320570425403,1.1399383879012834,-0.25320389914528885,-0.17129301741487066,0.06531432985303005,0.09000117304571391,0.09000117304571391,0.0,0.14714594375412343,0.07419369095884806,0.005925791447398007,6.394917470169072e-05,0.10944723215081142,-2.6768681707988695,0,0.3818819007585344
20.221759999999783,0.34034177091491064,-1.829437785320122,1.0066973352999662,-0.2431948676016096,-0.1221010019990903,-0.0064882125857284876,0.45607779310277863,-2.0064637392275926,1.024999697439206,-0.3557131961658021,-0.04436330392754932,-0.05458308616304919,0.42714677179682903,-1.8999874335933993,1.0823552994321373,-0.3040508933150137,-0.10710881444912883,0.0050885065362560955,0.09000117304571391,0.09000117304571391,0.0,0.1468274350177982,0.07403113868367223,0.005902435549238631,6.358922638186439e-05,0.10914874752396034,-2.6768707907155656,0,0.3807477437964964
20.225919999999782,0.3393312229104029,-1.829945146359195,1.0066704092858676,-0.24253152108185805,-0.12176664937748986,-0.00646224338367432,0.8532502852820638,-1.9587404739221568,1.3280899554836871,-0.23633169864741552,-0.1672106210302195,0.008420895190530193,0.6397076023325042,-1.9297112446992513,1.2052413527288723,-0.26906815837227205,-0.1375950718523869,0.006999460280871297,0.09000117304571391,0.09000117304571391,0.0,0.14650916387215845,0.07386872283654855,0.005879170314122075,6.323135573156253e-05,0.10885093625894778,-2.676873403295115,0,0.37961668357529565
20.23007999999978,0.338323432612955,-1.8304511174403055,1.0066435910465885,-0.24186967138749826,-0.12143305946655811,-0.006436377426962894,0.4649902289746341,-1.8715397461815095,0.7791292870209862,-0.304410262218367,-0.21095640622953177,-0.04322215041458246,0.551712585248211,-1.9010659293027226,0.9920934646970461,-0.2858025186043066,-0.1732816096841606,-0.018602119823373946,0.09000117304571391,0.09000117304571391,0.0,0.14619113346777007,0.07370644489733064,0.005855995397811918,6.287555042247775e-05,0.10855379765810953,-2.676876008563822,0,0.378488713086993
20.23423999999978,0.33731839379226214,-1.8309557017378608,1.0066168801536337,-0.2412093169662799,-0.12110023141326624,-0.0064106143091615326,0.5650286140031191,-2.012959209975251,1.200683102408305,-0.11344823345379071,-0.23913043253351873,0.029587519687149337,0.558134044522602,-1.9575120397853298,1.0964519470689535,-0.19930979205499205,-0.2055753550392439,0.0051709491505172525,0.09000117304571391,0.09000117304571391,0.0,0.1458733469254594,0.07354430633174946,0.005832910457182101,6.25217982010607e-05,0.10825733101860797,-2.6768786065478616,0,0.37736382533106994
20.23839999999978,0.33631610022453523,-1.831458902422691,1.0065902761801946,-0.24055045625446103,-0.12076816435925819,-0.006384953625415226,0.012864688839861582,-2.4610663449789127,1.339262480911522,-0.0716102505155658,-0.12593364967162674,-0.07691625443048537,0.28534688308515654,-2.209555448238367,1.2176987640823678,-0.13560242118112448,-0.1653778538789002,-0.03578786881753224,0.09000117304571391,0.09000117304571391,0.0,0.1455558073364785,0.07338230859107064,0.00580991515087876,6.217008688798102e-05,0.1079615356324869,-2.6768811972732816,0,0.376242013314482
20.242559999999777,0.33531654569254804,-1.8319607226620283,1.0065637787011428,-0.23989308767693035,-0.12043685744091014,-0.006359394972438505,0.5569931386059219,-1.9614437524991752,1.4390491232698577,-0.10537231042559256,-0.1277227700033665,-0.10087103383611243,0.4209518720121217,-2.08576329305429,1.3281645529813564,-0.1200717717307128,-0.14666369877590182,-0.06778156674645044,0.09000117304571391,0.09000117304571391,0.0,0.14523851776283186,0.07322045311260658,0.005787009138699017,6.182040437776622e-05,0.10766641078672606,-2.6768837807660026,0,0.3751232700517098
20.246719999999776,0.33431972398568416,-1.832461165619484,1.0065373872930239,-0.23923720964732775,-0.12010630978938792,-0.0063339379485099455,0.6929072361947624,-1.5443484868714954,0.8904144890709953,-0.21483703425288533,-0.37704603652686963,0.011053627432343446,0.5564845016743037,-1.8158372392380895,1.109309126569656,-0.16739993990940497,-0.2614107194309763,-0.028213929973519146,0.09000117304571391,0.09000117304571391,0.0,0.144921481237336,0.07305874131937404,0.005764192081396141,6.147273863824925e-05,0.10737195576329528,-2.6768863570518193,0,0.37400758856481103
20.250879999999775,0.33332562889998346,-1.8329602344550286,1.006511101534051,-0.23858282056816482,-0.11977652053070588,-0.006308582153467457,0.5823137032528047,-1.6525186252402362,0.7086200477560574,-0.3381290617048665,-0.25784425505866226,-0.19299587529823467,0.568694707408445,-1.7347124940341723,0.9085600033390686,-0.2521394553933633,-0.259918107659343,-0.11042404318086452,0.09000117304571391,0.09000117304571391,0.0,0.1446047007638132,0.07289717462071371,0.00574146364091236,6.112707771032269e-05,0.1070781698392082,-2.6768889261564017,0,0.3728949618834709
20.255039999999774,0.33233425423818785,-1.8334579323249693,1.0064849210040983,-0.23792991883094436,-0.11944748878578301,-0.0062833271887026,0.5979832850351317,-2.1155155453530416,1.1732516003065725,-0.1365239571450062,-0.16885901525876085,0.09780327775275156,0.5830528824812561,-1.9254675530375065,1.0411102634794254,-0.19320777558011862,-0.2145641992944161,-0.005930146645242664,0.09000117304571391,0.09000117304571391,0.0,0.1442881793173928,0.07273575441184157,0.005718823480826533,6.078340970728586e-05,0.10678505228657553,-2.676891488105295,0,0.37178538304505243
20.259199999999773,0.3313455938097867,-1.8339542623819298,1.0064588452846934,-0.23727850281627869,-0.11911921367050109,-0.0062581726571530865,0.39545643835796196,-2.0689676806209767,0.5466980725446713,-0.1770264771496906,-0.2504226112429139,-0.09890929366760595,0.4888851826233026,-1.997738396298394,0.7936944004633162,-0.18513971610187605,-0.23301830701035545,-0.052135146888156694,0.09000117304571391,0.09000117304571391,0.0,0.14397191984462587,0.07257448207446887,0.005696271265946434,6.0441722814562706e-05,0.1064926023726582,-2.676894042923922,0,0.37067884509464627
20.26335999999977,0.33035964143106167,-1.8344492277748288,1.006432873959013,-0.23662857089400743,-0.11879169429576011,-0.006233118163296919,0.11274502108212081,-1.9089074013842928,1.1295515488532955,-0.2757467177685003,-0.04642302683189266,-0.12025348075916702,0.30023842009822554,-1.9534189681879695,0.961375910527571,-0.23019480144517881,-0.13966894636956215,-0.08653108645911294,0.09000117304571391,0.09000117304571391,0.0,0.14365592526365373,0.07241335897624682,0.005673806661899764,6.0102005289122176e-05,0.10620081935991978,-2.676896590637582,0,0.3695753410851199
20.26751999999977,0.3293763909251312,-1.83494283164886,1.0064070066118749,-0.23598012142331454,-0.11846492976753609,-0.006208163313148303,0.7407502751312157,-1.6265841218501005,1.152093084169363,-0.1376712522604641,0.0003002507213388378,-0.0015744144410056579,0.5202095033872194,-1.7900001167599693,1.0567326118255924,-0.18318186596357824,-0.06898008979338055,-0.04408447547110779,0.09000117304571391,0.09000117304571391,0.0,0.1433401984645108,0.07225238647160093,0.005651429335580445,5.9764245459238444e-05,0.10590970250607888,-2.6768991312714534,0,0.36847486407716606
20.27167999999977,0.32839583612199436,-1.8354350771454724,1.006381242829732,-0.23533315275284397,-0.11813891918693527,-0.006183307714251636,0.7038896738525131,-1.4940106010948588,1.4572079338210178,-0.33713546587467436,-0.13173494093801302,0.16259246772737868,0.6113495649687125,-1.6422780110396509,1.257310415211766,-0.2601117920379774,-0.10000804079610784,0.05964829591902865,0.09000117304571391,0.09000117304571391,0.0,0.143024742309187,0.07209156590139024,0.005629138955810471,5.942843172391578e-05,0.1056192510641609,-2.676901664850593,0,0.3673774071393509
20.275839999999768,0.32741797085857427,-1.8359259674023485,1.0063555822006667,-0.23468766322081525,-0.11781366165024988,-0.006158550975672795,0.03410790546281567,-1.7472199008535176,1.3364027342490532,-0.30931205182440175,-0.08456465979685081,0.0015924954588434443,0.32208226095494696,-1.6949258882156346,1.2968600383315214,-0.28515356924632596,-0.09214024607106802,0.030817498982950275,0.09000117304571391,0.09000117304571391,0.0,0.1427095596318516,0.07193089859278001,0.005606935191647851,5.909455255243169e-05,0.1053294642825495,-2.676904191399939,0,0.3662829633481618
20.279999999999767,0.3264427889787612,-1.836415505553386,1.0063300243143833,-0.23404365115513784,-0.11748915624901426,-0.006133892707997466,0.09785086068742671,-1.4996403904213913,1.1141254509822802,-0.31204979462012994,-0.27600559639052713,-0.08571702027546724,0.2093149301566725,-1.5978573942389926,1.205313077461689,-0.29811570017139083,-0.1833217131295396,-0.02739440950560135,0.09000117304571391,0.09000117304571391,0.0,0.14239465323905004,0.07177038585986284,0.005584817713901787,5.8762596484097376e-05,0.10504034140503789,-2.676906710944309,0,0.36519152578805414
20.284159999999765,0.3254702843334549,-1.8369036947286779,1.0063045687622028,-0.23340111487352486,-0.1171654020700585,-0.006109332523323107,0.5960535595508669,-2.1654370040450033,0.531234885179498,-0.3255244620454191,-0.08439730147007882,-0.034711829191335496,0.40200755789332954,-1.8818258662154417,0.868197137012363,-0.3107067494509204,-0.1342738220720451,-0.031087338218093962,0.09000117304571391,0.09000117304571391,0.0,0.1420800259099822,0.07161002900363936,0.005562786194724997,5.8432552127729996e-05,0.10475188167087954,-2.676909223508403,0,0.3641030875514977
20.288319999999764,0.3245004507806065,-1.8373905380544928,1.0062792151370559,-0.23276005268360542,-0.11684239819556207,-0.006084870035252743,0.1305650154257077,-1.6501820264827611,0.6485442523630853,-0.19221508743254792,-0.13815895112855486,-0.09973822266985324,0.2658845483134094,-1.7662878976558178,0.7581616178791658,-0.2514506405243976,-0.13707893609083677,-0.06536646288579694,0.09000117304571391,0.09000117304571391,0.0,0.14176568039648663,0.07144982931167801,0.005540840306990504,5.8104408161155575e-05,0.10446408431483847,-2.676911729116804,0,0.36301764173902296
20.292479999999763,0.3235332821852605,-1.8378760386532558,1.0062539630334773,-0.2321204628830372,-0.11652014370310887,-0.006060504858891196,0.5073324234070711,-2.404917723758771,0.7707826629797585,-0.3248091911892202,-0.16333288660055584,0.1512716631884664,0.3859330855924774,-2.0859482923454733,0.7647873236948495,-0.28740582460783654,-0.149586266146666,0.042720295865487,0.09000117304571391,0.09000117304571391,0.0,0.14145161942339962,0.07128978805852296,0.005518979725165643,5.777815333085229e-05,0.10417694856723947,-2.6769142277939766,0,0.36193518145926645
20.296639999999762,0.3225687724195954,-1.8383601996435297,1.0062288120475988,-0.23148234375961732,-0.11619863766574061,-0.006036236610837804,0.3163678961953276,-1.6540021950342478,1.227121964797384,-0.42185640308608474,-0.20504379496601194,0.0923598693344995,0.35027150511032557,-1.8704008400267682,0.996149936846594,-0.354117648351752,-0.17628549528357382,0.06756018804891423,0.09000117304571391,0.09000117304571391,0.0,0.1411378456886206,0.0711299065059959,0.005497204124903718,5.745377645167491e-05,0.10389047365401774,-2.6769167195642716,0,0.3608556998290156
20.30079999999976,0.3216069153629646,-1.8388430241399965,1.006203761777144,-0.230845693591393,-0.11587787915200887,-0.006012064909180803,0.16685803034478117,-1.0699954031865238,0.8320284234858656,-0.12356134130488064,-0.08813665334955738,-0.1203536564062729,0.25830586091837116,-1.4703769430678866,0.9138372712442929,-0.23855642577576094,-0.1316874985497396,-0.026178727341488454,0.09000117304571391,0.09000117304571391,0.0,0.14082436186339198,0.07097018590285675,0.005475513182848456,5.713126640623133e-05,0.10360465879676822,-2.676919204451923,0,0.3597791899732534
20.30495999999976,0.3206477049019364,-1.8393245152534383,1.0061788118214212,-0.23021051064677106,-0.11555786722602854,-0.005987989373492501,0.3821510519001096,-1.9799019732757757,0.612294831394995,-0.35220970620430114,-0.11118035367011532,-0.06757978581014036,0.31949629312589645,-1.7253739822808483,0.7629229634469047,-0.2951623244287311,-0.12157621253226918,-0.04667761444613508,0.09000117304571391,0.09000117304571391,0.0,0.14051117059239238,0.07081062748510544,0.005453906576866195,5.681061214457084e-05,0.10331950321279465,-2.6769216824810522,0,0.3587056450252022
20.30911999999976,0.3196911349303338,-1.8398046760907196,1.0061539617813178,-0.2295767931846268,-0.11523860094753006,-0.00596400962482352,0.720815317924733,-2.102842751603371,0.8369121014215731,-0.2963545468939914,-0.03744898143834832,-0.08343629403664839,0.5195385613079277,-1.914189590224693,0.7997443708742916,-0.29400637461880363,-0.07918660695762632,-0.06499005675454968,0.09000117304571391,0.09000117304571391,0.0,0.14019827449399047,0.07065123247596344,0.005432383986278676,5.649180268373954e-05,0.10303500611515813,-2.6769241536756647,0,0.35763505812636726
20.313279999999757,0.31873719934927375,-1.8402835097547692,1.006129211259294,-0.2289445394544121,-0.11492007937191168,-0.005940125285696077,0.2691889557481536,-1.6544026899234257,1.4782468940666427,-0.21811806956258295,-0.13809065321870945,0.12253994790317387,0.393907677702296,-1.7845820695953363,1.1392555474852968,-0.25575464327646336,-0.1083834608615472,0.028624618984162128,0.09000117304571391,0.09000117304571391,0.0,0.13988567616036585,0.07049200208628334,0.005410945091025698,5.6174827107491554e-05,0.10275116671272558,-2.676926618059655,0,0.3565674224265793
20.317439999999756,0.317785892067206,-1.840761019344562,1.006104559859377,-0.22831374769626275,-0.11460230155028997,-0.005916335980100709,0.9642138030438661,-1.9175325380638604,1.2558030501617576,-0.3310984636635158,-0.11489790114228562,-0.09102523893399479,0.67837585342622,-1.8512978994332334,1.1973407121485597,-0.29332436746079366,-0.11131281630798148,-0.031157856634512784,0.09000117304571391,0.09000117304571391,0.0,0.13957337815768367,0.07033293751421027,0.005389589572966792,5.5859674565728154e-05,0.10246798421021747,-2.6769290756568047,0,0.3555027310840376
20.321599999999755,0.3168372069999514,-1.8412372079551018,1.006080007187154,-0.22768441614110513,-0.11428526652955182,-0.0058926413334876365,-0.18310110999904045,-1.9141201698956065,0.8750750340465515,-0.25460786561734783,-0.0051517130876416045,-0.0727274568227331,0.247102364465866,-1.8827201663014874,1.0360544309848037,-0.2742560744977254,-0.05825029717922044,-0.05198035337931182,0.09000117304571391,0.09000117304571391,0.0,0.13926138302629648,0.07017403994537774,0.005368317114402676,5.5546334274123084e-05,0.10218545780825566,-2.6769315264907845,0,0.35444097726535156
20.325759999999754,0.3158911380707399,-1.8417120786774035,1.0060555528497674,-0.22705654301076195,-0.11396897335240547,-0.005869040972764261,0.42614782286161645,-1.818041838287875,1.3336721107035185,-0.24057588539682873,-0.3100645463834092,0.09464681511146987,0.33612681890797974,-1.8510280748323409,1.1850617712772844,-0.25783320113412495,-0.1828911821587185,0.021537706753051385,0.09000117304571391,0.09000117304571391,0.0,0.13894969328094653,0.07001531055321075,0.005347127399376254,5.523479551381302e-05,0.10190358670341064,-2.676933970585154,0,0.3533821541455823
20.329919999999753,0.31494767921024797,-1.8421856345984762,1.0060311964559079,-0.2264301265180572,-0.11365342105743044,-0.005845534526287239,0.5696026997351818,-2.4333071396456707,0.6277992627807285,-0.32507027520007137,-0.06548777640197154,-0.06817126082813134,0.4521895769980717,-2.1423077202015914,0.9062858618501617,-0.29112077482747245,-0.12428075185293858,-0.02381038432822386,0.09000117304571391,0.09000117304571391,0.0,0.13863831141086175,0.06985675049880166,0.005326020112621767,5.492504763094029e-05,0.10162237008824837,-2.6769364079633635,0,0.3523262549082834
20.33407999999975,0.3140068243566358,-1.842657878801306,1.0060069376158085,-0.22580516486692062,-0.11333860867912782,-0.005822121623858949,0.19322752559989784,-1.55004298345834,1.2134866752768485,-0.3769714667676811,-0.09570827062348262,-0.05122810819544581,0.32192265082537963,-1.8463723269339192,1.059781694379745,-0.334041246105674,-0.10901107884589291,-0.037435343864104624,0.09000117304571391,0.09000117304571391,0.0,0.13832723987998535,0.06969836093099996,0.005304994940438117,5.4617080036252144e-05,0.10134180715137697,-2.676938838648754,0,0.35127327274554193
20.33823999999975,0.31306856745558376,-1.8431288143648392,1.0059827759412387,-0.22518165625249126,-0.11302453524797022,-0.005798801896720321,0.33279634482524556,-2.055553975113951,0.8580415370511667,-0.3037392092328972,-0.028727761325950812,-0.06306006112641076,0.3267279658783127,-1.9510243647297163,0.958778307047994,-0.3189694267045081,-0.06887597460243494,-0.0498931751698291,0.09000117304571391,0.09000117304571391,0.0,0.13801648112712633,0.06954014298660907,0.005284051570279842,5.431088220475052e-05,0.10106189707749304,-2.6769412626645575,0,0.3502232008580179
20.34239999999975,0.31213290246032865,-1.8435984443639661,1.005958711045499,-0.22455959886122023,-0.11271119979045091,-0.00577557497754537,0.6475385196855163,-1.9151381688522267,1.1798120819042774,-0.19416329075369101,-0.12954013951922527,-0.04419503464793139,0.48673046413783394,-1.9333520144108327,1.069205281527216,-0.25601199666960517,-0.09845454290496437,-0.04726794156688682,0.09000117304571391,0.09000117304571391,0.0,0.13770603756616334,0.06938209779036966,0.005263189690132595,5.400644367527822e-05,0.10078263904742756,-2.6769436800338995,0,0.3491760324549842
20.346559999999748,0.3111998233316996,-1.8440667718695043,1.005934742543414,-0.22393899087097274,-0.11239860132913299,-0.005752440500438345,-0.19888397274238034,-1.9231480108853136,1.298652806850033,-0.25065474387923997,-0.13630962013044917,-0.07297994862570421,0.14339682506159634,-1.928533160966583,1.1837782868936864,-0.2532046141469564,-0.11752406478317992,-0.05984981776123613,0.09000117304571391,0.09000117304571391,0.0,0.13739591158611542,0.06922422645515697,0.005242408990028327,5.370375405010938e-05,0.10050403223819152,-2.676946090779797,0,0.34813176075436564
20.350719999999747,0.3102693240381532,-1.8445337999481821,1.0059108700513268,-0.2233198304511297,-0.11208673888269774,-0.005729398100924558,-0.2967400261054476,-1.7700466417708254,0.8084589847305194,-0.3641717150945226,0.04211890424554157,-0.13075863450191458,-0.07743161802668547,-1.8492012577096026,0.9958439254624779,-0.30893538514460034,-0.037678443475800315,-0.09524684242997106,0.09000117304571391,0.09000117304571391,0.0,0.137086105551454,0.06906653008175065,0.0052217091605667385,5.3402802994572604e-05,0.1002260758230212,-2.676948494925162,0,0.34709037898277745
20.354879999999746,0.30934139855580867,-1.8449995316626238,1.0058870931870938,-0.22270211576268814,-0.11177561146599392,-0.0057064474159473685,-0.050279575169108026,-1.3501401948027643,0.7747470126100506,-0.45911190344438113,-0.13760932135767537,-0.101790193806078,-0.06481144214781444,-1.599955068664378,0.8850834125164961,-0.383486963761414,-0.08686276316160457,-0.09910051040108044,0.09000117304571391,0.09000117304571391,0.0,0.13677662180214778,0.06890900975956693,0.0052010898935737765,5.3103580236759894e-05,0.09994876897142324,-2.6769508924928003,0,0.3460518803755633
20.359039999999744,0.3084160408684822,-1.8454639700713324,1.0058634115700777,-0.2220858449583612,-0.111465218090084,-0.005683588083862452,0.24733551299765716,-1.6299165995469798,0.6093748457360524,-0.2174313926895959,-0.09255634729753215,0.014553350511968634,0.09081074280233502,-1.615129622535132,0.7472588087863901,-0.2998803459341001,-0.08919745192873588,-0.04292439676935481,0.09000117304571391,0.09000117304571391,0.0,0.1364674626538684,0.06875166656589471,0.00518055088211963,5.280607556693419e-05,0.09967211084921909,-2.6769532835054126,0,0.3450162581768335
20.363199999999743,0.307493244967721,-1.8459271182286754,1.0058398248211426,-0.2214710161826775,-0.11115555776229354,-0.005660819744431953,0.07668055139818392,-2.001699539020936,0.7818888268856117,-0.17162851391373507,-0.05600205886864366,-0.11800353371733391,0.08338600299972743,-1.8085342902196555,0.7643303072317337,-0.23453029275205067,-0.07235099220729249,-0.08127225119809763,0.09000117304571391,0.09000117304571391,0.0,0.13615863039822335,0.06859450156662772,0.005160091820322527,5.251027883731641e-05,0.09939610061858954,-2.6769556679855957,0,0.3439835056395017
20.367359999999742,0.30657300485283734,-1.8463889791848682,1.0058163325626475,-0.22085762757207927,-0.11084662948625755,-0.005638142038819529,-0.14741161154043247,-1.7263403582246477,1.2867692035668257,-0.3521360320491279,-0.016256827218616474,-0.044789238591695105,-0.03274730983385984,-1.767471263837407,1.0254603878205963,-0.29310547846558666,-0.0439704134802127,-0.06309894206848797,0.09000117304571391,0.09000117304571391,0.0,0.13585012730277557,0.06843751581603541,0.005139712403580254,5.221617996167372e-05,0.09912073743811864,-2.6769580459558426,0,0.342953616025322
20.37151999999974,0.3056553145309414,-1.8468495559859597,1.0057929344184409,-0.22024567725502056,-0.11053843226196777,-0.0056155546095843605,0.02857322446373628,-1.5480490487982241,1.2037891769373985,-0.12742994226929275,0.015957280636946847,0.06745886382227258,-0.0023534584758024934,-1.6577256764994004,1.114767313016867,-0.2094155405911197,-0.013891987905295186,0.0017050442403421279,0.09000117304571391,0.09000117304571391,0.0,0.13554195561133042,0.06828071035685454,0.0051194123279455946,5.192376891494705e-05,0.09884602046283739,-2.676960417438544,0,0.34192658260492526
20.37567999999974,0.30474016801697446,-1.8473088516738172,1.0057696300138548,-0.2196351633520641,-0.11023096508581957,-0.005593057100677809,0.0831079091961254,-1.5481042599673636,0.5547058076550675,-0.1928167554891875,-0.09652479896797544,-0.1555766757417655,0.03997631847098548,-1.603116391162033,0.8344089496166236,-0.2009000325888455,-0.05451972459678174,-0.07687923506053304,0.09000117304571391,0.09000117304571391,0.0,0.13523411754406306,0.06812408622070154,0.005099191291213195,5.1633035732940016e-05,0.09857194884426723,-2.6769627824559876,0,0.34090239865785477
20.37983999999974,0.3038275593337412,-1.8477668692861116,1.0057464189756988,-0.2190260839759777,-0.1099242269506571,-0.0055706491574355225,0.12950708205600797,-2.1313845627166055,0.8309903645984733,-0.2169787044592771,-0.20135936999916176,-0.11929178997901013,0.08429099443794072,-1.8676743511983849,0.8324498759855838,-0.20892731561326894,-0.12727809605308138,-0.09729723034839448,0.09000117304571391,0.09000117304571391,0.0,0.134926615297619,0.06796764442763037,0.005079048992082193,5.134397051177477e-05,0.098298521730463,-2.67696514103036,0,0.33988105747260194
20.383999999999737,0.30291748251194195,-1.8482236118563025,1.0057233009322548,-0.21841843723183016,-0.10961821684582028,-0.0055483304265730796,0.3912695311210453,-1.9464209096680987,1.0083865544374389,-0.3218997944627026,-0.16103781846612358,-0.03496373181773859,0.2371124986575632,-1.9073856671173512,0.9203470481651981,-0.2652284170038537,-0.14293846959349688,-0.06629092646645773,0.09000117304571391,0.09000117304571391,0.0,0.1346194510454029,0.06781138598654501,0.005058985130172864,5.10565634076255e-05,0.0980257382660557,-2.676967493183746,0,0.3388625523466412
20.388159999999736,0.3020099315902041,-1.848679082413624,1.0057002755132707,-0.21781222121708593,-0.10931293375719009,-0.005526100556181488,0.49914555229408897,-1.8093496541422032,1.1720971114239467,-0.2241054524025644,-0.029087757778506113,-0.00942080381988559,0.3676631669016382,-1.8584283849574754,1.0462040813642106,-0.24391978210127,-0.08558348899808468,-0.037780141935037266,0.09000117304571391,0.09000117304571391,0.0,0.1343126269375997,0.067655311895185,0.0050389994064716295,5.077080463636866e-05,0.09775359759229507,-2.6769698389381316,0,0.33784687658646445
20.392319999999735,0.3011049006151137,-1.849133283983071,1.0056773423499552,-0.21720743402169979,-0.10900837666723386,-0.005503959195720926,0.22012134219246832,-1.7430920226051845,0.7526005214818579,-0.14113490559940645,0.053167538424519475,-0.01531563540268091,0.29359631677911824,-1.80064999862348,0.8993690232590317,-0.19188534309431907,-0.01564521567570225,-0.02685340718373757,0.09000117304571391,0.09000117304571391,0.0,0.13400614510143738,0.06749942314021809,0.005019091522706513,5.048668447320272e-05,0.09748209884709155,-2.6769721783154017,0,0.33683402350761543
20.396479999999734,0.30020238364124613,-1.8495862195853836,1.0056545010749718,-0.2166040737282102,-0.10870454455505019,-0.005481905996017007,0.5586309625267798,-2.411381458987625,1.0403287473323224,-0.25116162322162544,-0.3046618940633963,-0.060056225307515955,0.42559219662750386,-2.1066526763958846,0.9697257868852297,-0.22109235213931422,-0.16062256521387155,-0.04385199165054316,0.09000117304571391,0.09000117304571391,0.0,0.13370000764123563,0.06734372069722586,0.004999261182219831,5.020419325227205e-05,0.0972112411650583,-2.6769745113373427,0,0.33582398643472333
20.400639999999733,0.2993023747311968,-1.8500378922370353,1.0056317513224333,-0.21600213841183263,-0.10840143639641395,-0.005459940609253459,0.43629657639992914,-1.9504588935125007,0.891265882009626,-0.09135721715885958,-0.04833285932160656,-0.07901083669093552,0.43075401707716326,-2.028655241606358,0.9303318064627758,-0.15602921715323834,-0.10447591782654764,-0.0618432989951613,0.09000117304571391,0.09000117304571391,0.0,0.1333942166386693,0.0671882055311176,0.004979508088915965,4.9923321366409507e-05,0.09694102367755272,-2.676976838025643,0,0.33481675870153593
20.40479999999973,0.29840486795561116,-1.8504883049502179,1.005609092727896,-0.2154016261405517,-0.10809905116381947,-0.005438062688969192,0.11293106456298033,-1.5498616443181863,1.431839120531364,-0.10798199002722991,0.028631431182893755,-0.11566684181632203,0.27161442080753084,-1.7891975857755846,1.18084855406683,-0.1313851979024274,-0.03694710765871416,-0.08883093706839908,0.09000117304571391,0.09000117304571391,0.0,0.1330887741528714,0.0670328785956889,0.0049598319483475685,4.9644059266577487e-05,0.0966714455127176,-2.6769791584018927,0,0.3338123336509526
20.40895999999973,0.29750985739321445,-1.8509374607328284,1.0055865249283542,-0.2148025349752127,-0.10779738782652566,-0.0054162718900507955,0.8747550392881855,-2.166218079614496,1.2140295352012613,-0.3796882358967337,-0.16130476882259168,0.036835136968471856,0.5723982421098852,-1.9780474397066274,1.1975165774572216,-0.25505541175152874,-0.09841615387670419,-0.02633513585260553,0.09000117304571391,0.09000117304571391,0.0,0.1327836822205905,0.06687774083403553,0.004940232466663336,4.9366397461632876e-05,0.09640250579552218,-2.676981472487585,0,0.3328107046350568
20.41311999999973,0.29661733713084104,-1.851385362588456,1.0055640475622345,-0.21420486296961283,-0.10749644535059928,-0.005394567868729478,0.1488773957405186,-1.6837469879969227,1.469612706385068,-0.03345821127724985,-0.010562829171381724,-0.0755106413655904,0.3605663770682916,-1.8309177536334218,1.3334088146553065,-0.14480656281613058,-0.054192778160799274,-0.05059694659009939,0.09000117304571391,0.09000117304571391,0.0,0.13247894285637463,0.0667227931786469,0.004920709351480021,4.909032651798469e-05,0.09613420364780267,-2.6769837803041168,0,0.33181186501514753
20.417279999999728,0.2957273012634636,-1.8518320135163684,1.0055416602693905,-0.21360860817059119,-0.10719622269895791,-0.005372950282574364,0.42039336651963666,-1.767659327027298,0.9882874029138473,-0.21585165252069802,-0.1724663169862935,0.19821487622786269,0.39002965842365733,-1.799647395862601,1.1612564511094794,-0.17952307510803264,-0.11304633270143427,0.07452577481043278,0.09000117304571391,0.09000117304571391,0.0,0.13217455805262246,0.06656803655117921,0.004901262311043736,4.881583705917312e-05,0.09586653818830278,-2.676986081872788,0,0.330815808161772
20.421439999999727,0.2948397438942214,-1.8522774165114992,1.0055193626910968,-0.21301376861811894,-0.10689671883141381,-0.005351418790489239,0.7528563388797471,-1.6792545324946833,1.0834177519507808,-0.1543783288967049,-0.12790158627016154,0.046529561921995956,0.571123003741976,-1.7397170541841656,1.1224334547697838,-0.16626406225393747,-0.12003983362329425,0.06047282655899646,0.09000117304571391,0.09000117304571391,0.0,0.13187052977990155,0.06641347186286958,0.0048818910553161295,4.8542919765603534e-05,0.09559950853271366,-2.676988377214804,0,0.3298225274547556
20.425599999999726,0.29395465913444896,-1.8527215745644356,1.0054971544700437,-0.21242034234538779,-0.10659793270471607,-0.005329973052704856,0.631547485279201,-1.4414863573751056,0.6991231760987868,-0.1606471225706169,-0.2380092439069172,-0.031232556557934294,0.60100081797003,-1.5910943495947993,0.9107112530741234,-0.16311550858309115,-0.17917163612338774,0.014211253924506605,0.09000117304571391,0.09000117304571391,0.0,0.13156685998692014,0.06625910001463053,0.004862595294708016,4.8271565374216396e-05,0.09533311379371376,-2.6769906663512755,0,0.3288320162832334
20.429759999999725,0.29307204110370355,-1.8531644906614049,1.005475035250332,-0.21182832737889884,-0.1062998632725923,-0.005308612730776437,0.8021155340849841,-1.9131138132538938,0.7195834376696435,-0.1848159262485632,-0.1533159966948668,0.01054918617729559,0.7011732924757297,-1.752426836419532,0.815167911064763,-0.17306078583813714,-0.16547187157148677,0.0123991556094565,0.09000117304571391,0.09000117304571391,0.0,0.1312635506008195,0.06610492189660963,0.004843374740950698,4.8001764677939204e-05,0.0950673530810082,-2.6769929493032185,0,0.3278442680456804
20.433919999999723,0.29219188392979295,-1.8536061677842623,1.0054530046774672,-0.21123772173855004,-0.10600250948579225,-0.00528733748757762,1.1861315767009162,-2.0280817162942,1.247135569311162,-0.08468791225645236,-0.27858453904122965,-0.024306700306138837,0.9434787233005117,-1.890837519758467,1.0311041686048255,-0.12842013855551934,-0.22112335002247746,-0.005933612421665796,0.09000117304571391,0.09000117304571391,0.0,0.13096060352722666,0.06595093838881796,0.004824229106899138,4.773350852557348e-05,0.0948022255013681,-2.676995226091556,0,0.32685927614994137
20.438079999999722,0.2913141817488024,-1.8540466089104795,1.0054310623983536,-0.21064852343772347,-0.10570587029212868,-0.005266146987295164,0.25180880612123524,-1.8449334230327616,1.1928169534304125,-0.13391643522466778,-0.043297069667731156,0.14992374335218636,0.5973605859911627,-1.8679760237468617,1.112274214700936,-0.13126579430159327,-0.13182878328879458,0.07165568071162029,0.09000117304571391,0.09000117304571391,0.0,0.1306580206504938,0.06579715036101119,0.00480515810654859,4.7466787821377385e-05,0.09453773015866948,-2.6769974967371173,0,0.32587703401326035
20.44223999999972,0.2904389287051217,-1.8544858170131315,1.0054092080612893,-0.2100607304833715,-0.10540994463651879,-0.005245040895423644,0.2843463196362242,-1.5944455908861372,1.0716805664048406,-0.21807307163107253,-0.001120855803451698,0.023755469871399603,0.4403980281587834,-1.7312131256178136,1.0920266181856522,-0.17483279590730189,-0.06556912148876355,0.047660075653435344,0.09000117304571391,0.09000117304571391,0.0,0.1303558038336718,0.06564355867278432,0.004786161454837099,4.720159352470716e-05,0.09427386615393181,-2.6769997612606398,0,0.32489753506231
20.44639999999972,0.2895661189514713,-1.854923795060886,1.0053874413159611,-0.20947434087610325,-0.10511473146102529,-0.00522401887876093,-0.05893007266402489,-1.3861362396675512,1.0479378475246424,-0.3565346192691888,-0.21009533510714762,-0.08209483662116185,0.18998858038147612,-1.559110258320786,1.0698116150761177,-0.2655173974535259,-0.1373430235657241,-0.017423339529669544,0.09000117304571391,0.09000117304571391,0.0,0.1300539549189373,0.06549016417355974,0.004767238867661481,4.6937916649640844e-05,0.09401063258535643,-2.677002019682769,0,0.32392077273322
20.45055999999972,0.2886957466489285,-1.8553605460179896,1.0053657618134386,-0.20888935261026906,-0.10482022970489739,-0.005203080605403617,0.2877563116455214,-2.0093328984501144,0.9355801376597187,-0.17426358598293654,-0.07549389528938255,-0.023307469602387873,0.2385104246978937,-1.7843819823115117,1.0026464983427137,-0.21977984443980983,-0.10631259645379652,-0.020384317325058625,0.09000117304571391,0.09000117304571391,0.0,0.1297524757274065,0.06533696770246816,0.0047483900621074805,4.667574826460129e-05,0.09374802854836457,-2.6770042720240586,0,0.3229467404716062
20.454719999999718,0.2878278059669533,-1.8557960728442588,1.0053441692061689,-0.20830576367404577,-0.10452643830461239,-0.005182225744741506,0.6052852560100324,-1.947244654656883,0.7524296148615863,0.02707747274909264,-0.044392116903958896,-0.005763810441711314,0.42195423475151983,-1.8659068597103343,0.8775247774664093,-0.09516851445312643,-0.07532396542351394,-0.01329633444033655,0.09000117304571391,0.09000117304571391,0.0,0.12945136805959,0.06518397008908536,0.004729614756252248,4.641507949227047e-05,0.09348605313563531,-2.677006518304972,0,0.3219754317325975
20.458879999999716,0.28696229108341365,-1.856230378495067,1.0053226631479713,-0.20772357204952016,-0.1042333561939141,-0.005161453967452909,0.05264345995399891,-1.8795506996726654,1.124937023917165,-0.2486257280095392,-0.14168646964794457,0.02634448429886788,0.23677828189537883,-1.8730237548386661,1.0012873535830347,-0.17148006408570798,-0.10841637138502296,0.006557184228914209,0.09000117304571391,0.09000117304571391,0.0,0.12915063369526042,0.06503117215277954,0.004710912669180344,4.615590150898033e-05,0.09322470543714288,-2.6770087585458815,0,0.3210068399808645
20.463039999999715,0.28609919618461044,-1.856663465921333,1.0053012432940316,-0.20714277571277287,-0.1039409823038541,-0.005140764945499873,-0.15412645566476046,-1.7122635962657653,1.0671797975958763,-0.1319175942384786,-0.24729643644806643,-0.1518007856257541,0.04104673138052006,-1.7931565268240663,1.0339174975627015,-0.1507100526152114,-0.1780365823369853,-0.07222801043129598,0.09000117304571391,0.09000117304571391,0.0,0.1288502743938546,0.06487857470312736,0.0046922835214280485,4.589820554451098e-05,0.09296398454019408,-2.6770109927670713,0,0.3200409586906457
20.467199999999714,0.28523851546530227,-1.8570953380695114,1.0052799093008977,-0.2065633726339606,-0.10364931556283107,-0.0051201583521215685,0.05072194275641806,-1.8258382472433667,1.343003135707033,-0.15433711774138453,-0.11662831479125246,-0.003024687548874142,0.04556278662759139,-1.8097394593699003,1.1884569218407126,-0.15223416259606634,-0.14769212739954166,-0.03798354155098719,0.09000117304571391,0.09000117304571391,0.0,0.12855029189439543,0.0647261785399027,0.004673727033715672,4.564198288177324e-05,0.09270388952946518,-2.6770132209887354,0,0.31907778134577536
20.471359999999713,0.2843802431287298,-1.8575259978815808,1.0052586608264735,-0.20598536077739865,-0.10335835489663037,-0.00509963386183299,0.38413556532517884,-1.740200910404487,0.7033528505861252,-0.4427988286056904,0.04525718189714917,-0.0010084233346224544,0.21392795725469527,-1.7748753085105775,0.9458991223890865,-0.2962577231594247,-0.05135299132004731,-0.019367645302344964,0.09000117304571391,0.09000117304571391,0.0,0.12825068791573435,0.06457398445338663,0.004655242928460059,4.538722485649455e-05,0.09244441948703866,-2.6770154432309794,0,0.318117301439709
20.47551999999971,0.2835243733866396,-1.8579554482950327,1.0052374975300133,-0.20540873810164242,-0.10306809922846216,-0.005079191150417284,0.23962529102787258,-1.8474031801984874,1.1056682603293777,-0.18474577439598422,0.0895080543188819,-0.10544149852555876,0.22639211095145273,-1.8109538865896253,1.0255654433684807,-0.24030348336016297,0.019217033880962017,-0.06237467326786055,0.09000117304571391,0.09000117304571391,0.0,0.12795146415671438,0.06442199322382197,0.00463683092936424,4.513392285672044e-05,0.0921855734924396,-2.6770176595138206,0,0.3171595124755502
20.47967999999971,0.2826709004593081,-1.8583836922428618,1.0052164190721178,-0.2048335025595683,-0.10277854747900188,-0.005058829894919861,0.47306868985404815,-1.8461192551137977,1.1080959578426839,-0.20253662905592495,-0.06833901102419224,-0.13470247363056792,0.3493091359444691,-1.8286809654984415,1.0665515122561808,-0.22059529705545494,-0.023591102804883756,-0.09873174654132043,0.09000117304571391,0.09000117304571391,0.0,0.12765262229622615,0.06427020562225766,0.004618490760149061,4.4882068322751314e-05,0.09192735062267192,-2.6770198698571894,0,0.3162044079660758
20.48383999999971,0.28181981857556454,-1.8588107326535552,1.0051954251147275,-0.2042596520984542,-0.10248969856642713,-0.00503854977364777,0.27727108014223517,-1.9832359314226982,0.8196706336387793,-0.17089070262024467,-0.23635435270510524,0.004923077311491474,0.3129334727925875,-1.9064502138960002,0.9431183321474066,-0.1954175383481915,-0.13040448109006558,-0.04630842431072717,0.09000117304571391,0.09000117304571391,0.0,0.1273541639934519,0.06411862241000399,0.0046002221464933775,4.463165274661673e-05,0.09166974995225424,-2.677022074280929,0,0.3152519814337615
20.487999999999708,0.2809711219728143,-1.8592365724510822,1.0051745153211185,-0.20368718466005903,-0.10220155140645688,-0.005018350466160984,0.23547870506574234,-1.90439430363821,1.0298524998174898,-0.11465370675901299,-0.3029785396075038,-0.021893861630420126,0.2739657108591351,-1.9060516241798369,0.986440002320441,-0.15438699170257827,-0.2170683799455759,-0.033870947233915295,0.09000117304571391,0.09000117304571391,0.0,0.1270560908878688,0.06396724433904968,0.0045820248145535085,4.4382667671845894e-05,0.09141277055325553,-2.6770242728047955,0,0.31430222641080674
20.492159999999707,0.2801248048970614,-1.8596612145548839,1.0051536893558966,-0.2031160981807023,-0.10191410491238893,-0.004998231653269865,0.4174849569103537,-1.4936414797979176,1.3375309262818438,-0.24144876425699147,-0.01618866247175342,0.17629538452536597,0.34522206838245967,-1.6998783378072246,1.162354246883664,-0.1969201587712635,-0.11616067949204215,0.07137352525196552,0.09000117304571391,0.09000117304571391,0.0,0.12675840459954674,0.06381607215183799,0.004563898491833904,4.413510469310863e-05,0.09115641149533049,-2.67702646544846,0,0.31335513643915924
20.496319999999706,0.2792808616029308,-1.8600846618798637,1.0051329468849923,-0.20254639059134236,-0.10162735799513824,-0.004978193017028992,0.5114934866476559,-2.0854081849266644,0.6168220910789148,-0.018839041609368334,-0.12537908392866146,-0.02294285577168851,0.4283196725829472,-1.892905357485402,0.8895374283621541,-0.1078507227043525,-0.12143595675104231,0.023838043179180122,0.09000117304571391,0.09000117304571391,0.0,0.12646110672907257,0.06366510658168412,0.004545842906775462,4.3888955455985906e-05,0.09090067184575473,-2.677028652231507,0,0.31241070507053953
20.500479999999705,0.2784392863536906,-1.8605069173363773,1.005112287575656,-0.20197805981765488,-0.10134130956327353,-0.004958234240732735,0.1594472144216826,-1.6086289383759724,0.705793569709025,-0.18486296050633666,-0.04663685473846365,0.019930058646242723,0.2934981277996449,-1.7508630478666913,0.797705714128843,-0.14686896062775154,-0.08361523936849571,0.021861751363676796,0.09000117304571391,0.09000117304571391,0.0,0.12616419885795505,0.06351434835255171,0.004527857788770854,4.364421165656645e-05,0.09064555066945959,-2.677030833173437,0,0.31146892586646424
20.504639999999704,0.27760007342127346,-1.8609279838302233,1.0050917110964521,-0.2014111037801098,-0.1010559585230549,-0.004938355008910737,0.42211847406108643,-1.6160440802776121,0.9683026550275425,-0.2864410680082389,0.008763085708955884,0.1404120401769772,0.3572127626958412,-1.6834357794050683,0.8832959752256414,-0.21633393758494474,-0.03676569647648914,0.08182943720996924,0.09000117304571391,0.09000117304571391,0.0,0.12586768254849656,0.06336379817925678,0.0045099428681798365,4.3400865041217285e-05,0.09039104702906675,-2.6770330082936664,0,0.3105297923982702
20.508799999999702,0.27676321708629825,-1.8613478642626335,1.005071217117255,-0.20084552039404868,-0.10077130377847046,-0.004918555007323355,0.32090453077652425,-2.0894980213751104,0.6123792433467223,0.023872962957735888,-0.0370839350417657,0.04757615281371448,0.3391074947396227,-1.886544821676189,0.7479335644952173,-0.09597995600235235,-0.037912259739383634,0.06523682575089414,0.09000117304571391,0.09000117304571391,0.0,0.12557155934409175,0.06321345676756523,0.004492097876344577,4.3158907406197025e-05,0.09013715998492257,-2.6770351776115264,0,0.30959329824713727
20.5129599999997,0.2759287116380909,-1.8617665615302639,1.0050508053092426,-0.20028130756976079,-0.10048734423127262,-0.004898833922957027,0.35753678444699877,-1.6710326765722732,0.7073148780052658,-0.21603626849608384,-0.2069669507627923,0.08202220284267324,0.3478722837511168,-1.7792180817672363,0.7277938051772473,-0.15569478488301233,-0.12225787202405927,0.07398216279750817,0.09000117304571391,0.09000117304571391,0.0,0.12527583076928678,0.0630633248140765,0.004474322545604981,4.2918330597357024e-05,0.08988388859513219,-2.677037341146266,0,0.30865943700411125
20.5171199999997,0.27509655137470523,-1.8621840785251849,1.0050304753448926,-0.199718463212559,-0.10020407878101485,-0.004879191444019582,-0.013436297648330153,-1.9735715895203325,0.746835099784571,-0.1651437521578933,-0.23936924469292936,-0.150073030157362,0.1668705015868254,-1.8768948720028942,0.7370027295071669,-0.15971230615568796,-0.1804236484804811,-0.038171173476073024,0.09000117304571391,0.09000117304571391,0.0,0.12498049832994518,0.06291340300642795,0.004456616609528171,4.2679126509822626e-05,0.08963123191559343,-2.6770394989170496,0,0.30772820227012637
20.5212799999997,0.2742667306029433,-1.8626004181348728,1.0050102268979761,-0.19915698522285497,-0.09992150632508758,-0.004859627259934593,0.20437411977507744,-1.7396983992534292,1.1682511535818199,-0.03497433442311598,0.022966450879799857,-0.062755817368886,0.18555016466888624,-1.8082487304732924,0.9524990109312167,-0.09751341881063876,-0.07834519946268567,-0.05026093462847549,0.09000117304571391,0.09000117304571391,0.0,0.12468556351336119,0.0627636920232858,0.0044389798027103106,4.2441287087745025e-05,0.08937918900003033,-2.677041650942961,0,0.3067995876560275
20.525439999999698,0.2734392436383757,-1.8630155832422008,1.004990059643554,-0.19859687149623367,-0.09963962575875412,-0.004840141061336586,0.5480805064988428,-1.783621123898148,1.2355099192120482,-0.2173589450055715,0.08009601885836365,0.19801812971759644,0.3663644659421809,-1.7957674667413734,1.094417014219928,-0.15680046012233215,0.0005331443216618889,0.07448931930132034,0.09000117304571391,0.09000117304571391,0.0,0.12439102778837263,0.06261419253454989,0.004421411859935245,4.220480432404114e-05,0.08912775890002658,-2.677043797243001,0,0.30587358678259163
20.529599999999697,0.272614084805361,-1.8634295767254307,1.0049699732579702,-0.1980381199235278,-0.09935843597518576,-0.004820732540069707,0.4147435560149223,-2.0800469494900544,0.4741914300511241,-0.2271845933863785,-0.033059571877450955,-0.08661943506561796,0.39008270067587114,-1.937977681628622,0.7841186606624834,-0.19241524997660303,-0.01639506204654003,-0.005547200661186341,0.09000117304571391,0.09000117304571391,0.0,0.12409689260555506,0.06246490520134515,0.0044039125181146825,4.196967025999158e-05,0.08887694066505857,-2.6770459378360885,0,0.3049501932805495
20.533759999999695,0.2717912484370656,-1.8638424014582036,1.0049499674188487,-0.19748072839089095,-0.09907793586549685,-0.004801401389178342,-0.35191383320119307,-2.1508092663570886,1.3006714383051954,-0.1667448080966562,-0.23530106523469663,-0.04251066849261388,0.018731937602128046,-2.044885622399498,1.0423110939649478,-0.1793510247025236,-0.12523793535360359,-0.02443569615260883,0.09000117304571391,0.09000117304571391,0.0,0.12380315939725545,0.06231583067590585,0.0043864815141651595,4.173587698495914e-05,0.08862673334252819,-2.6770480727410626,0,0.30402940079060675
20.537919999999694,0.2709707288754828,-1.864254060309532,1.0049300418050866,-0.19692469477987098,-0.09879812431878035,-0.0047821473029065805,0.30040152629719297,-1.7426440685277178,1.3295650362658025,-0.08275222462913186,-0.10697157712271867,0.026888575166742854,0.15939723604130793,-1.893985904491123,1.1859958387164005,-0.13137291374323642,-0.11578078658788786,0.0013019684147914656,0.09000117304571391,0.09000117304571391,0.0,0.12350982957778639,0.06216696960199469,0.004369118586733375,4.1503416636125874e-05,0.08837713597779553,-2.677050201976681,0,0.3031112029634644
20.542079999999693,0.2701525204714516,-1.864664556143791,1.0049101960968503,-0.19637001696748227,-0.09851900022214173,-0.004762969976690498,0.5386286691390834,-2.449463076869538,0.7186210753662498,-0.128034544426882,-0.10074952702628348,0.1365607744219723,0.34874917147638584,-2.171938925311612,0.9525889664414096,-0.12964304214723732,-0.10778931831830044,0.06904897780371197,0.09000117304571391,0.09000117304571391,0.0,0.1232169045435409,0.06201832261446685,0.0043518234751426695,4.127228139812299e-05,0.08812814761421128,-2.677052325561622,0,0.3021955934598397
20.546239999999692,0.2693366175846755,-1.8650738918207106,1.0048904299755705,-0.19581669282627773,-0.09824056246073455,-0.004743869107154808,0.4108485916798451,-1.9080698072727655,0.7495502524442892,-0.08369628477966673,-0.021373182031134197,0.0024634172252813264,0.3796247497683683,-2.0400468142354753,0.8510735775027806,-0.10644155466388444,-0.06466430668502175,0.03563304391137574,0.09000117304571391,0.09000117304571391,0.0,0.12292438567308034,0.06186989033979601,0.00433459591919284,4.104246350284857e-05,0.08787976729314875,-2.6770544435144825,0,0.3012825659504861
20.55039999999969,0.2685230145837404,-1.865482070195368,1.0048707431239368,-0.1952647202244203,-0.09796280991779392,-0.004724844392110363,0.08907514080444182,-2.113872199829251,1.1228670146846202,-0.23106831638862785,-0.06954904456972406,0.024494337004876646,0.23386765078010788,-2.077105102440428,0.987023869599841,-0.1689171686050409,-0.06690497495373324,0.029716215659345235,0.09000117304571391,0.09000117304571391,0.0,0.12263227432735646,0.06172167339606663,0.004317435660672657,4.081395522918208e-05,0.08763199405403596,-2.6770565558537824,0,0.3003721141162124
20.55455999999969,0.2677117058461331,-1.8658890941181792,1.0048511352258929,-0.19471409702575349,-0.09768574147466999,-0.004705895530545384,0.19504000183131032,-2.102051475583307,1.1422080941797588,-0.1831263358109332,-0.02142559403859895,0.12260439001073543,0.21407168908058413,-2.0896223315090467,1.0648719706084135,-0.17555535311597126,-0.044503182990448566,0.07620760832299239,0.09000117304571391,0.09000117304571391,0.0,0.12234057184969349,0.06157367239275208,0.0043003424414503125,4.058674890256414e-05,0.08738482693438702,-2.6770586625979615,0,0.29946423164790315
20.55871999999969,0.2669026857582586,-1.8662949664348911,1.004831605966632,-0.19416482108987212,-0.09740935601086231,-0.0046870222226245905,0.5426118326204036,-2.0073614667060924,1.0505424363118603,-0.24829000965227005,-0.0916090706121845,-0.11590670894041934,0.37782783810892034,-2.0486829713825854,1.0574662281390665,-0.21202106848101449,-0.0675224149630543,-0.019937045137898,0.09000117304571391,0.09000117304571391,0.0,0.12204927956601025,0.06142588793102757,0.00428331600477044,4.036083689480583e-05,0.08713826496983379,-2.677060763765382,0,0.2985589122465371
20.562879999999687,0.2660959487154578,-1.8666996899865747,1.0048121550325917,-0.19361689027219203,-0.09713365240405294,-0.004668224169682975,0.37382779018259016,-1.7060440311950456,1.5923158158400454,-0.04572608075504339,-0.2141754019103187,-0.007079253269240304,0.37573156389047807,-1.8778058230755725,1.324880084351267,-0.1283488764214481,-0.14120457748061166,-0.01353032105676434,0.09000117304571391,0.09000117304571391,0.0,0.1217583987849366,0.0612783206036554,0.0042663560948417514,4.013621162374902e-05,0.08689230719415694,-2.677062859374328,0,0.29765614962320625
20.567039999999686,0.2652914891220244,-1.8671032676096169,1.004792782111449,-0.1930703024240192,-0.09685862953013999,-0.004649501074221294,0.05761974188875216,-1.4751970411352615,1.0914361276452513,-0.25402355193981735,-0.0638435526577925,0.05383189407452369,0.21614537221838367,-1.6766314621632976,1.208268509332734,-0.19132574381825354,-0.10250277313775169,0.020113739245224836,0.09000117304571391,0.09000117304571391,0.0,0.12146793079787621,0.06113097099529824,0.004249462456637532,3.991286555307998e-05,0.08664695263931699,-2.677064949443006,0,0.2967559374991343
20.571199999999685,0.2644893013912218,-1.8675057021357138,1.004773486892116,-0.19252505539261885,-0.09658428626326983,-0.004630852639902369,-0.1974705144342272,-1.9928637392067599,1.8192990284194674,-0.15338416030836413,0.024382061108047443,-0.13231066307596398,0.009015282778904364,-1.8347008176881479,1.5135127659361791,-0.17225291649410215,-0.0382423247762414,-0.056052025147047796,0.09000117304571391,0.09000117304571391,0.0,0.12117787687925657,0.06098383968229809,0.004232634836123787,3.96907911919003e-05,0.08640220033548499,-2.677067033989546,0,0.2958582696056947
20.575359999999684,0.2636893799452998,-1.8679069963918633,1.0047542690647346,-0.19198114702128327,-0.09631062147587033,-0.004612278571546464,0.2891748470156698,-1.9494235127054353,1.0618296360693484,-0.08923638054587286,-0.23387672797442868,0.14452484621257966,0.1489115729214483,-1.8925486576757153,1.287968069454458,-0.13082530098443873,-0.13641584734379578,0.044501679829203195,0.09000117304571391,0.09000117304571391,0.0,0.12088823828643236,0.06083692723298953,0.004215872980273913,3.94699810945817e-05,0.08615804931107299,-2.677069113032001,0,0.29496313968442867
20.579519999999683,0.26289171921551063,-1.868307153200358,1.0047351283206716,-0.1914385751494001,-0.09603763403868266,-0.004593778575126575,0.39231531576454437,-1.7196724549874243,0.8487631908330524,-0.1175533941315803,-0.051839586831768036,-0.09074488380823943,0.2703694702904738,-1.806217805144153,1.0681766437375209,-0.123627795357546,-0.0938284321346383,-0.024475468153648993,0.09000117304571391,0.09000117304571391,0.0,0.12059901626004293,0.060690234207372074,0.004199176637083333,3.925042786034379e-05,0.08591449859276433,-2.6770711865883485,0,0.2940705414870624
20.58367999999968,0.26209631364212516,-1.868706175378778,1.0047160643525141,-0.19089733761251915,-0.09576532282079453,-0.004575352357763699,0.07421725453328665,-2.2299221463892853,1.3002596877826411,-0.2567683117675925,-0.21294635822090097,-0.0793054117796752,0.17175676794684344,-2.018515256622571,1.1840550743806726,-0.18963595595411437,-0.15367127365804295,-0.05200116423377465,0.09000117304571391,0.09000117304571391,0.0,0.12031021202396958,0.06054376115763738,0.004182545555370003,3.903212413315114e-05,0.08567154720554371,-2.67707325467649,0,0.29318046877552484
20.58783999999968,0.2613031576744484,-1.8691040657399849,1.0046970768540653,-0.19035743224241938,-0.09549368668967116,-0.004556999627722912,-0.05834448889782362,-2.384471006695741,1.2369798235426042,-0.21167049132977211,-0.16498989651586685,-0.09057044894127143,0.056262288231341835,-2.201838502617262,1.2103290006940657,-0.19970326435113067,-0.1595048828659274,-0.0710743134389537,0.09000117304571391,0.09000117304571391,0.0,0.1200218267855333,0.060397508627948876,0.00416597948478838,3.881506260135375e-05,0.08542919417272694,-2.6770753173142525,0,0.292292915321964
20.59199999999968,0.26051224577083515,-1.8695008270921147,1.0046781655203385,-0.189818856867175,-0.09522272451118725,-0.004538720094409395,0.11143832796738365,-1.8000112244119433,1.2736549168657696,-0.1997110279439307,-0.16156822132358986,0.09170794870960582,0.08343581067064125,-2.001258873026323,1.2421841983402864,-0.19995218155233638,-0.1601690143378374,0.009803168905523926,0.09000117304571391,0.09000117304571391,0.0,0.11973386173553269,0.06025147715454193,0.00414947817627177,3.8599235997390705e-05,0.08518743851599062,-2.6770773745193868,0,0.29140787490876396
20.596159999999678,0.2597235723987051,-1.8698964622385716,1.0046593300475537,-0.1892816093112215,-0.0949524351496585,-0.004520513468362611,0.16554630703519665,-1.863389373535067,1.3496912750522285,-0.18699385138196267,-0.10147925578609475,-0.05077975370475332,0.12410095158912435,-1.9325354622014248,1.2958330479851525,-0.19263715800941858,-0.13023657466881336,-0.020570687109839683,0.09000117304571391,0.09000117304571391,0.0,0.1194463180484423,0.060105667265931,0.004133041381190947,3.83846370975421e-05,0.08494627925540144,-2.6770794263095703,0,0.29052534132856095
20.600319999999677,0.2589371320345575,-1.8702909739780211,1.0046405701331318,-0.1887456873954207,-0.09468281746787219,-0.004502379461254023,-0.17526966848390818,-1.6768289348641066,0.5966309501405952,0.04208789942761676,-0.1356569522555044,0.1141380273292426,-0.025498392303825237,-1.8049644662947975,0.9464639610325742,-0.07553938671711195,-0.13203544441754214,0.04703910075104978,0.09000117304571391,0.09000117304571391,0.0,0.1191591968825581,0.05996007948258264,0.004116668852437683,3.81712587215635e-05,0.08470571540944533,-2.6770814727024064,0,0.28964530838425945
20.604479999999675,0.25815291916398614,-1.870684365104384,1.0046218854756905,-0.1882110889371253,-0.09441387032711923,-0.004484317785880246,0.2258858232437924,-2.005257207867823,0.8172458844979625,-0.2648504029954312,-0.28560981240102723,0.1405892586447061,0.09964355880834666,-1.9057069153350739,0.8821463224881841,-0.1696853107562582,-0.2085163108292387,0.09386475950732176,0.09000117304571391,0.09000117304571391,0.0,0.11887249937992911,0.0598147143173364,0.0041003603433698715,3.795909373258368e-05,0.08446574599505637,-2.677083513715425,0,0.28876776988904806
20.608639999999674,0.25737092828169345,-1.871076638406831,1.0046032757750398,-0.1876778117502437,-0.0941455925872244,-0.004466328156160654,-0.38345626679890005,-1.543306621153472,1.2752567760209708,-0.3349163941593174,-0.0704155695786107,0.12125545084488218,-0.14260590461017464,-1.7246501525687516,1.078957380027564,-0.2525048385862046,-0.13973544866843934,0.10713897563434695,0.09000117304571391,0.09000117304571391,0.0,0.11858622666671692,0.05966957227550587,0.0040841156082525205,3.7748135036762064e-05,0.0842263700276456,-2.6770855493660823,0,0.28789271966641444
20.612799999999673,0.25659115389150466,-1.871467796669775,1.0045847407321769,-0.1871458536453033,-0.09387798310657612,-0.004448410287133111,0.6701928810411779,-1.7112719949450093,0.7283720849311242,-0.14337695697486455,-0.23387097823736036,-0.16085926744622397,0.26349989107182636,-1.718447862020237,0.9033278909428846,-0.1974358874942959,-0.18658703965774467,-0.026936410339944507,0.09000117304571391,0.09000117304571391,0.0,0.11830037985310166,0.059524653854445,0.004067934402485925,3.753837558295367e-05,0.08398758652112939,-2.677087579671763,0,0.28702015155016103
20.616959999999672,0.2558135905063817,-1.8718578426728674,1.0045662800492812,-0.18661521242951412,-0.09361104074215816,-0.0044305638949487715,-0.14020981878838273,-2.23132647655894,0.8667675830551473,-0.21311056839919268,-0.037110273762164615,0.03978515492738197,0.061198053856285704,-1.9749694540295233,0.8851300707157393,-0.20484257086836205,-0.11113331616385042,0.006498198997217967,0.09000117304571391,0.09000117304571391,0.0,0.11801496003350787,0.059379959544183236,0.0040518164826203115,3.7329808362586024e-05,0.08374939448795779,-2.677089604649778,0,0.2861500593844195
20.62111999999967,0.25503823264843656,-1.8722467791909907,1.004547893429711,-0.1860858859068315,-0.09334476434957852,-0.004412788696866806,0.29331092217371807,-2.2902052186805375,1.134270019850539,-0.15676059253213476,-0.025632006925335335,-0.05635585700618189,0.1769301180075985,-2.1326428698224005,1.0095840690708393,-0.18083507397192153,-0.06838150632177462,-0.024683896009590443,0.09000117304571391,0.09000117304571391,0.0,0.11772996828672494,0.059235489827206306,0.0040357616052996426,3.712242640929503e-05,0.0835117929391426,-2.677091624317367,0,0.2852824370236653
20.62527999999967,0.25426507484894484,-1.8726346089942536,1.0045295805779975,-0.18555787187801848,-0.09307915278309933,-0.004395084411253567,-0.11826996523702432,-2.1362934054853566,1.3247656622881503,-0.3242975386213411,-0.1469462990854886,-0.10099222557822872,0.028652917772414667,-2.1347731242307564,1.1669672073893573,-0.25228616732573617,-0.10798728358136547,-0.06292796063632745,0.09000117304571391,0.09000117304571391,0.0,0.11744540567592027,0.05909124517834344,0.004019769528986306,3.691622279863468e-05,0.08327478088428517,-2.6770936386916984,0,0.284417278332732
20.62943999999967,0.25349411164835856,-1.8730213348479856,1.004511341199841,-0.18503116814070772,-0.09281420489566729,-0.004377450757574524,0.4660093328208413,-1.8836005060819219,1.08435086286612,-0.1802236542013793,-0.24557025589451192,0.12121406889723584,0.24695856758247253,-2.0096943983201982,1.1259104338418715,-0.21589497265488491,-0.1774615268881445,0.029200950843189036,0.09000117304571391,0.09000117304571391,0.0,0.11716127324889303,0.05894722606529629,0.004003840012478582,3.671119064797361e-05,0.0830383573316041,-2.6770956477898693,0,0.28355457718682525
20.633599999999667,0.2527253375963191,-1.8734069595127312,1.004493175002106,-0.18450577248946276,-0.09254991953894166,-0.00435988745639241,0.20176790844376005,-1.2904516713065766,0.2463790659988936,-0.07363180705319074,-0.09854760879457014,-0.06646136601273252,0.2242096814252579,-1.650273733867841,0.6860012439424369,-0.14473001060836466,-0.13764620639724645,-0.019050222267517066,0.09000117304571391,0.09000117304571391,0.0,0.11687757203803473,0.05880343294809909,0.003987972815779298,3.6507323116040795e-05,0.08280252128796259,-2.677097651628906,0,0.28269432747153644
20.637759999999666,0.2519587472516698,-1.873791485744245,1.004475081692817,-0.18398168271583923,-0.09228629556332481,-0.00434239422936173,0.430532047986552,-2.0624833868682058,0.8918125747576018,-0.21774465385562647,-0.004619237138887788,0.016533591306322464,0.32691925701812713,-1.8563906849700977,0.7889426647226778,-0.18116107091065645,-0.07131804207897098,-0.0012249249728440953,0.09000117304571391,0.09000117304571391,0.0,0.11659430306050356,0.05865986627975456,0.003972167699467989,3.630461340285114e-05,0.08256727175889575,-2.677099650225764,0,0.28183652308285617
20.641919999999665,0.2511943351824679,-1.8741749162934866,1.0044570609811536,-0.18345889660844536,-0.09202333181798981,-0.004324970799225916,0.20594346421485868,-1.3790306872791993,1.3383806370381857,-0.3300579285968134,0.03729165845318981,-0.07616503374579932,0.26574436811886915,-1.6176315290619327,1.0635068298720618,-0.25577543536298986,-0.016179242929310007,-0.03857255182256398,0.09000117304571391,0.09000117304571391,0.0,0.11631146731842568,0.05851652650580136,0.0039564244251418905,3.610305474927692e-05,0.0823326077486376,-2.67710164359733,0,0.2809811579271871
20.646079999999664,0.2504320959659971,-1.8745572539066155,1.0044391125774461,-0.1829374119530016,-0.09176102715091008,-0.004307616889812622,0.2571586872348939,-1.7796952308163525,0.816698582280911,-0.08366096936130052,-0.03782027170779324,-0.13159400742559388,0.2612775064774527,-1.6987426202184621,0.9398263809792212,-0.16975386364108086,-0.027267075754732306,-0.08465113435623989,0.09000117304571391,0.09000117304571391,0.0,0.11602906579882949,0.058373414064736395,0.0039407427556440895,3.590264043692228e-05,0.0820985282601478,-2.67710363176042,0,0.2801282259213572
20.650239999999663,0.24967202418877874,-1.874938501324986,1.004421236193171,-0.1824172265324006,-0.09149938040888711,-0.0042903322260280765,0.20264541441578277,-1.2793035125639185,0.8397519073473716,0.07375691074036261,-0.10881187199831337,-0.010662603296291082,0.23211385892490458,-1.4892478063337842,0.8897651044962931,-0.047723886987127664,-0.06738539650238574,-0.04710311412303907,0.09000117304571391,0.09000117304571391,0.0,0.11574709947388775,0.05823052938768927,0.003925122454221507,3.570336378779128e-05,0.0818650322951383,-2.677105614731782,0,0.2792777209926321
20.65439999999966,0.24891411444658387,-1.8753186612851425,1.0044034315409467,-0.18189833812676623,-0.09123839043757959,-0.004273116533854932,0.5153740268158009,-1.6689224803788645,1.2539364331782972,-0.14676526396350845,-0.17917881514766126,0.026590491532463567,0.3734400911990843,-1.579459581152642,1.0719095089525634,-0.09696593774534389,-0.12303751188199269,-0.010686271506453026,0.09000117304571391,0.09000117304571391,0.0,0.11546556930094606,0.05808787289884482,0.003909563285179399,3.550521816413577e-05,0.08163211885409985,-2.6771075925280936,0,0.2784296370787275
20.65855999999966,0.24815836134444424,-1.8756977365188154,1.0043856983345285,-0.18138074451351216,-0.09097805608153078,-0.0042559695403474405,0.9327811215807155,-1.6078097424550635,1.2021122330897127,-0.2376120190238622,0.07073480518897757,0.0027220789905434374,0.6526207443399099,-1.5934899239168328,1.1370184377275216,-0.16749638005125225,-0.025110685732474956,-0.004460795917801623,0.09000117304571391,0.09000117304571391,0.0,0.11518447622268463,0.05794544501543869,0.003894065013895342,3.530819696818233e-05,0.08139978693632807,-2.6771095651659653,0,0.2775839681278209
20.66271999999966,0.2474047594966634,-1.8760757297529163,1.004368036288805,-0.18086444346740016,-0.09071837618419593,-0.004238890973626493,0.5004671611800315,-2.146740643252738,1.0040683259943912,-0.31164546096642864,-0.2004403474492345,-0.01517539852160743,0.5758946116322939,-1.8705358063826039,1.0705094595177735,-0.2395314285214416,-0.11288866792235965,-0.00913094903134864,0.09000117304571391,0.09000117304571391,0.0,0.1149038211672011,0.057803246147538956,0.0038786274061907086,3.511229364176527e-05,0.08116803553994946,-2.677111532661939,0,0.27674070809856366
20.666879999999658,0.24665330352682757,-1.8764526437095328,1.004350445119793,-0.18034943276059778,-0.09045934958797047,-0.004221880562877371,0.8477039069343019,-1.856296261284312,0.7037026546698859,-0.09109515372759555,0.0018929585148404482,0.10394050810210662,0.7116115929450175,-1.8634137188732418,0.8873175067267286,-0.16527804670958127,-0.054677207383052935,0.04844426603723692,0.09000117304571391,0.09000117304571391,0.0,0.11462360504809299,0.05766127669825516,0.0038632502289851767,3.491750166616265e-05,0.08093686366194719,-2.677113495032489,0,0.27589985096009256
20.671039999999657,0.24590398806781616,-1.8768284811059253,1.0043329245446333,-0.17983571016273583,-0.09020097513421757,-0.004204938038344697,0.7354997255383233,-2.1081405719597424,0.6913422388932924,-0.13405522633759126,-0.1203510005575592,-0.022491613019430673,0.7232757816825527,-1.9860306285238263,0.7892834462524876,-0.149085019186607,-0.0868155448541961,0.012150614657011715,0.09000117304571391,0.09000117304571391,0.0,0.11434382876459376,0.05751953706384086,0.00384793325052488,3.4723814561897635e-05,0.08070627029818683,-2.6771154522940224,0,0.27506139069204094
20.675199999999656,0.24515680776181215,-1.8772032446545224,1.004315474281586,-0.1793232734409652,-0.08994325166329499,-0.00418806313132646,0.27234631924228286,-1.9084118226356879,0.862130555587264,-0.18235370613182122,-0.22171478402195433,-0.14475622587588335,0.4974277071184059,-1.9476825207123978,0.825405069510888,-0.16528564810977672,-0.15393053760664577,-0.06564247101074665,0.09000117304571391,0.09000117304571391,0.0,0.11406449320165607,0.057378027633903345,0.0038326762391120497,3.4531225888486605e-05,0.08047625444344164,-2.6771174044628787,0,0.2742253212845492
20.679359999999654,0.24441175726031208,-1.8775769370629165,1.004298094050027,-0.1788121203600133,-0.08968617801458129,-0.004171255574173361,0.603006848377937,-2.1593982499069604,0.8887962155564507,-0.07933778330520172,-0.038778758738649007,-0.0824687194587781,0.5500529961043851,-2.0536243075273304,0.8569287990868609,-0.12231714218476042,-0.09550514015928026,-0.07369173161143788,0.09000117304571391,0.09000117304571391,0.0,0.11378559923010181,0.057236748790865016,0.0038174789644006835,3.433972924403835e-05,0.08024681509141776,-2.6771193515553313,0,0.27339163673827643
20.683519999999653,0.24366883122413607,-1.8779495610338603,1.0042807835704426,-0.17830224868224,-0.0894297530265041,-0.004154515100282743,0.5678026120779613,-1.7979902216066996,0.5241922637699741,-0.18957313227991687,-0.1891774380353937,-0.057203886904363295,0.5585336441571781,-1.9262003623938226,0.6904385215306418,-0.15595163312716903,-0.14166065179364698,-0.0651126825394068,0.09000117304571391,0.09000117304571391,0.0,0.11350714770663872,0.05709570091070734,0.0038023411967686993,3.414931826526744e-05,0.08001795123477931,-2.6771212935875877,0,0.27256033106441013
20.687679999999652,0.24292802432343735,-1.8783211192652627,1.0042635425644255,-0.1777936561676935,-0.08917397553656548,-0.004137841444095121,0.17683102361889425,-1.9929086602711077,0.7621184215536487,-0.14524787082968693,-0.12126519079788814,0.08593260504152428,0.36737741802558116,-1.9598064496860061,0.7264575285605983,-0.15053621608460252,-0.13182798177350324,0.010487749396088344,0.09000117304571391,0.09000117304571391,0.0,0.11322913947402446,0.05695488436253951,0.0037872627077589344,3.3959986627106746e-05,0.07978966186517321,-2.677123230575789,0,0.27173139828467685
20.69183999999965,0.24218933123771166,-1.878691614450185,1.004246370754671,-0.1772863405741652,-0.08891884438136884,-0.004121234341088922,-0.0026194910885288247,-2.0471887836370635,1.1792053929843984,-0.17324072906707697,-0.08671691540499174,0.15182438545943677,0.18201651685047232,-2.003677712898183,0.9531511100543691,-0.16211690990868197,-0.10970033780885156,0.08081482093026653,0.09000117304571391,0.09000117304571391,0.0,0.11295157536117731,0.05681429950902231,0.0037722432692364367,3.377172804253315e-05,0.07956194597325378,-2.677125162536011,0,0.2709048324313516
20.69599999999965,0.2414527466558065,-1.8790610492768378,1.0042292678649718,-0.17678029965724454,-0.08866435839664431,-0.00410469352777868,0.3595309680592469,-1.8179687667443636,1.1769407918040293,-0.09554517191580403,-0.09092404088193104,-0.09786026981265103,0.27057725441213004,-1.911010431667063,1.0648434807076934,-0.12931660892872734,-0.1006153648146797,-0.008275837216486216,0.09000117304571391,0.09000117304571391,0.0,0.11267445618322011,0.05667394670604364,0.00375728265425649,3.358453626221669e-05,0.07933480254870717,-2.677127089484264,0,0.2700806275472682
20.70015999999965,0.24071826527592993,-1.8794294264285765,1.0042122336202146,-0.1762755311703734,-0.08841051641727538,-0.0040882187417096765,0.7853502310414293,-1.6441630057615226,0.537572591587526,-0.04568220368313006,-0.049394873958023236,-0.02116568788391706,0.5278719005469165,-1.777687298727463,0.8011624061259695,-0.08729961224306056,-0.07514910236826851,-0.015721793336173323,0.09000117304571391,0.09000117304571391,0.0,0.11239778274164508,0.056533826302928636,0.00374238063665025,3.339840507437574e-05,0.07910823058027563,-2.6771290114364934,0,0.2692587776858283
20.704319999999647,0.23998588180565952,-1.8797967485838987,1.0041952677463752,-0.1757720328648998,-0.08815731727732455,-0.004071809721454269,0.07480751077256617,-1.8910556991901835,0.7594839219957848,-0.010573126885372819,0.061417835415242,0.06786426278569661,0.30131415785132337,-1.8342438974781323,0.7804641368862993,-0.04875582011359625,-0.007185697768845893,0.026013581012626817,0.09000117304571391,0.09000117304571391,0.0,0.11212155582434488,0.05639393864265002,0.0037275369910374015,3.321332830460183e-05,0.07888222905578163,-2.6771309284085807,0,0.2684392769110106
20.708479999999646,0.23925559096195065,-1.8801630184164406,1.0041783699705145,-0.17526980249013163,-0.08790475981005834,-0.004055466206608168,-0.13300765787801722,-1.7132416799132488,0.8033931498737829,-0.14160314833756885,-0.02857344597908435,-0.004628516911489877,0.08385558727941368,-1.7738012351826804,0.7919177851509744,-0.09512876741132686,-0.017944913464904306,0.0113635753741207,0.09000117304571391,0.09000117304571391,0.0,0.11184577620577779,0.05625428406161104,0.003712751493052991,3.302929981552225e-05,0.07865679696215161,-2.677132840416343,0,0.26762211929738
20.712639999999645,0.23852738747114485,-1.8805282385949738,1.0041615400207737,-0.1747688377933895,-0.08765284284797296,-0.004039187937785813,0.49945213666867894,-1.5792927215784327,0.5220289212354641,-0.24329281647562995,-0.05632095080429456,0.14581010559028412,0.2911488874774142,-1.676663860060935,0.6572744287094965,-0.16831625652124219,-0.03660308769833654,0.07873052574647575,0.09000117304571391,0.09000117304571391,0.0,0.11157044464702606,0.056114862889748846,0.0036980239191465765,3.284631350659532e-05,0.07843193328543979,-2.677134747475533,0,0.26680729893009614
20.716799999999644,0.23780126606897795,-1.8808924117834023,1.0041447776263712,-0.1742691365200595,-0.08740156522281974,-0.0040229746566165375,0.043844941891681255,-1.9465438772279782,1.1248638692139543,-0.16330009282847038,0.03796799532873628,0.10549691548806368,0.1671547379529777,-1.8115274332061897,0.8912902157723452,-0.16543017940551208,0.000989459434796117,0.09289849126355433,0.09000117304571391,0.09000117304571391,0.0,0.1112955618958813,0.055975675450959106,0.0036833540463807116,3.266436331396363e-05,0.0782076370108517,-2.6771366496018407,0,0.26599480990492186
20.720959999999643,0.23707722150058774,-1.881255540640759,1.0041280825175973,-0.17377069641364543,-0.08715092576562862,-0.004006826105741596,0.09961274480235258,-2.0680201693029243,0.8080697434835125,-0.2575793641076951,-0.007861928417468564,-0.007543112819348285,0.1328456480948808,-1.9397925668698088,0.8496645655525323,-0.21060303671474248,-0.003138400601264829,0.04227169558063282,0.09000117304571391,0.09000117304571391,0.0,0.11102112868700992,0.055836722062237804,0.0036687416528712775,3.248344321003361e-05,0.07798390712276734,-2.677138546810893,0,0.26518464632823163
20.72511999999964,0.2363552485205218,-1.8816176278212038,1.0041114544258107,-0.1732735152158206,-0.08690092330673539,-0.0039907420288093675,0.15012910373893287,-0.9277610137806253,1.6323856247861568,-0.26158666632708116,-0.0017628302444962635,-0.21040081896514018,0.14094338206293971,-1.4337738724633609,1.2405931269597694,-0.2360809416652768,-0.002211640914411847,-0.08413604457910083,0.09000117304571391,0.09000117304571391,0.0,0.11074714574194577,0.055698003035067584,0.0036541865173724646,3.230354720357354e-05,0.07776074260476458,-2.677140439118253,0,0.26437680231701904
20.72927999999964,0.23563534189274482,-1.8819786759740196,1.0040948930834337,-0.17277759066647932,-0.08665155667580302,-0.003974722170472273,0.6040913785247825,-1.8420023891597663,1.3326950505488033,-0.2445485337328768,-0.019837745883563754,-0.18430537433535624,0.37201157983496624,-1.637931415841347,1.2862611610238979,-0.24012787171740507,-0.01142433279075171,-0.1341073619049668,0.09000117304571391,0.09000117304571391,0.0,0.11047361376926934,0.05555951867391887,0.0036396884199312828,3.2124669339065774e-05,0.07753814243964183,-2.677142326539422,0,0.2635712719989054
20.73343999999964,0.2349174963906457,-1.8823386877436106,1.0040783982239487,-0.17228292050378793,-0.08640282470184925,-0.003958766276381005,0.22735458976066464,-1.9535792759989885,1.5820082431529148,-0.12772605138391818,0.07063559560349243,-0.11037463557953527,0.2994161165437815,-1.7956112389693097,1.4339070720769453,-0.1837949277577166,0.029890945754922345,-0.12218314909660209,0.09000117304571391,0.09000117304571391,0.0,0.11020053346469424,0.05542126927774302,0.0036252471406165096,3.194680369692138e-05,0.07731610560944113,-2.6771442090898394,0,0.2627680495121462
20.737599999999638,0.23420170679704475,-1.8826976657694992,1.0040619695818938,-0.17178950246423533,-0.08615472621326804,-0.003942874093183977,-0.15859004900508963,-1.1106255604152988,1.0718742488597595,-0.2673446529982385,-0.05767606860127658,0.07905988450715275,0.06985342146699872,-1.4532341551567654,1.2530523577993864,-0.22540176968080813,-0.013606101461203416,-0.021472761065086762,0.09000117304571391,0.09000117304571391,0.0,0.10992790551111317,0.055283255139008225,0.003610862461027889,3.176994439295461e-05,0.07709463109547053,-2.6771460867848824,0,0.2619671290056393
20.741759999999637,0.23348796790420023,-1.8830556126863236,1.0040456068928583,-0.1712973342826833,-0.08590726003785497,-0.003927045368520579,0.5247927070845744,-1.751444210080843,1.3162850867012426,-0.21520963582070995,-0.22411491856968407,-0.11779719029178078,0.2968775981529838,-1.6028070018839564,1.284424789172173,-0.2198160082422114,-0.1190489730928088,-0.06993615280691547,0.09000117304571391,0.09000117304571391,0.0,0.10965573057873829,0.0551454765442311,0.003596534163239934,3.159408557827001e-05,0.07687371787832659,-2.677147959639867,0,0.2611685046389314
20.745919999999636,0.23277627451381516,-1.8834125311238354,1.004029309893479,-0.17080641369241628,-0.0856604250028304,-0.003911279851018766,0.3440016785952541,-1.9228610668376047,0.7399147906254706,0.14772777176520574,-0.22284235249434964,-0.03764719619253466,0.32074591577055017,-1.7633001869784657,1.0120893259636723,-0.035432057594430015,-0.17074310982299123,-0.05458776604643773,0.09000117304571391,0.09000117304571391,0.0,0.10938400932516124,0.055007933773760426,0.0035822620304557518,3.1419221439033904e-05,0.07665336493791663,-2.6771498276700476,0,0.26037217058222517
20.750079999999635,0.23206662143704354,-1.8837684237068975,1.004013078321436,-0.17031673842519102,-0.08541421993486362,-0.003895577290289976,0.6519632150441127,-1.1433089728960657,1.5282894818562816,-0.2755980601972395,-0.15591117100227742,0.06231926356591059,0.48578236842290434,-1.4536242392178411,1.2703226491757926,-0.1548848290957946,-0.16346899248961255,0.0038530227620713654,0.09000117304571391,0.09000117304571391,0.0,0.10911274239546676,0.054870627102095476,0.003568045846163702,3.1245346196271306e-05,0.07643357125348088,-2.677151690890618,0,0.25957812101638567
20.754239999999633,0.2313590034944965,-1.8841232930554812,1.0039969119154488,-0.1698283062112854,-0.08516864366009556,-0.0038799374369275184,0.09433989026641479,-1.744527221920356,1.2936856644676957,-0.10593952738791511,-0.25904691048743933,-0.0595243736090047,0.28983730972109406,-1.5996169208060116,1.2818808089022855,-0.13006459843762497,-0.2110861319797953,-0.027974699095692317,0.09000117304571391,0.09000117304571391,0.0,0.10884193042234686,0.054733556797670085,0.0035538853952188885,3.107245410565336e-05,0.07621433580361428,-2.6771535493167113,0,0.25878635013294693
20.758399999999632,0.2306534155162484,-1.8844771417846653,1.0039808104152717,-0.16934111477954716,-0.08492369500416252,-0.0038643600425004917,0.150042115434569,-1.8780214843971836,1.074899484722556,-0.26616951034355973,-0.1330231016655555,0.13822814611092632,0.21938545957595051,-1.7390984651027332,1.1786772097520952,-0.1982766604536621,-0.17175659323927844,0.05463488108521475,0.09000117304571391,0.09000117304571391,0.0,0.10857157402610795,0.05459672312317104,0.0035397804630004776,3.0900539457271706e-05,0.0759956575662883,-2.6771554029634004,0,0.2579968521341177
20.76255999999963,0.2299498523418424,-1.884829972504633,1.0039647735616901,-0.1688551618574424,-0.08467937279221847,-0.003848844859551201,-0.23779831049754285,-2.609823621548793,1.244916554554591,-0.04826219944570692,-0.1868228918705952,0.03177589123705522,-0.0093097859924963,-2.174856641031545,1.2118649172972777,-0.12338605206277038,-0.1788470611015805,0.042495831526236025,0.09000117304571391,0.09000117304571391,0.0,0.10830167381489214,0.05446012633521549,0.003525730835637189,3.072959657538689e-05,0.07577753551887245,-2.6771572518456983,0,0.2572096212327879
20.76671999999963,0.22924830882029615,-1.8851817878206703,1.0039488010965167,-0.16837044517110317,-0.08443567584895875,-0.003833391641591634,0.2825765461213621,-2.287282757644383,1.0788190710063292,-0.2696270160950129,-0.24159175784743442,0.15395583314183456,0.13607419662503825,-2.231572956221022,1.1456621947060412,-0.19630024171711713,-0.21023157018995997,0.09778215270225302,0.09000117304571391,0.09000117304571391,0.0,0.10803223038463153,0.05432376668477629,0.0035117363002334593,3.0559619818327566e-05,0.0755599686381557,-2.677159095978559,0,0.2564246516525338
20.77087999999963,0.22854877981010707,-1.8855325903331646,1.0039328927625872,-0.16788696244537527,-0.084192602998642,-0.0038180001430990046,0.060070375249426905,-1.2714922250343546,1.2244373962946302,-0.22512669461130286,-0.09038403290821373,0.023843700824132598,0.09760191368570502,-1.7517147471094796,1.1850993125216178,-0.20995024412746197,-0.14989306639341868,0.06111982156971719,0.09000117304571391,0.09000117304571391,0.0,0.10776324431925649,0.05418764441696658,0.0034977966444537534,3.039060357814583e-05,0.07534295590036767,-2.6771609353768757,0,0.2556419376276239
20.775039999999628,0.22785126017925764,-1.8858823826376026,1.0039170483037558,-0.16740471140386518,-0.0839501530651129,-0.003802670119513018,-0.33032327506425274,-2.025094757360715,1.509211821039891,-0.15263919931943973,-0.04452213183720457,0.01917252717844413,-0.1166819629512052,-1.8885001605184464,1.347197507737085,-0.18091238719612815,-0.09678612132285697,0.040247581721548575,0.09000117304571391,0.09000117304571391,0.0,0.10749471619066345,0.054051759771251734,0.003483911657390577,3.022254228051713e-05,0.07512649628119969,-2.6771627700554843,0,0.2548614734030239
20.779199999999626,0.2271557448052202,-1.8862311673245684,1.0039012674648924,-0.16692368976898714,-0.08370832487182422,-0.0037874013272295465,-0.10729812279059017,-1.6946660412589296,1.4113880096850793,-0.033665550477256945,0.00894933675029308,-0.06446143464886306,-0.1120596730285641,-1.7915643963187164,1.3791591051522103,-0.10745588669605924,-0.04331635002948607,-0.01208829005526118,0.09000117304571391,0.09000117304571391,0.0,0.10722664655893735,0.053916112981233805,0.0034700811278650934,3.0055430384426485e-05,0.07491058875582574,-2.677164600029161,0,0.25408325323440206
20.783359999999625,0.22646222857496182,-1.886578946979743,1.0038855499918773,-0.1664438952620093,-0.08346711724185954,-0.0037721935236013668,0.5091858317771575,-1.2356621543052917,1.1372206656953572,-0.1389141597822797,-0.03463944001600103,-0.10756138991141731,0.19827860694844188,-1.5136822956264628,1.2579645794137242,-0.12323966529637306,-0.03856435018651375,-0.05987234918637003,0.09000117304571391,0.09000117304571391,0.0,0.10695903597233294,0.053780704275184416,0.0034563048465774925,2.9889262382083784e-05,0.07469523229892311,-2.6771664253126235,0,0.25330727138813364
20.787519999999624,0.2257707063849489,-1.886925724183901,1.0038698956315983,-0.16596532560309993,-0.08322652899795387,-0.003757046466929937,0.17309691480390096,-1.8862777306981577,1.5292633030445375,-0.2203446042211861,0.0859322527307597,0.06456477596444612,0.1852302090829387,-1.699803617914625,1.393749688022126,-0.17223539725075943,0.023548132429207797,0.002551968748194548,0.09000117304571391,0.09000117304571391,0.0,0.1066918849674175,0.05364553387529511,0.0034425826041947823,2.972403279855113e-05,0.07448042588469297,-2.677168245920532,0,0.25253352214130603
20.791679999999623,0.2250811731411515,-1.8872715015129116,1.0038543041319463,-0.16548797851137295,-0.08298655896251741,-0.0037419599164651633,0.27652659835497484,-1.626057849833955,1.4036191890086318,-0.33389732730739186,-0.055137948547394955,0.10948634562077311,0.23018429015174044,-1.6630453788617128,1.3989119694252559,-0.2529330715081958,-0.015561141152298424,0.056140488176170344,0.09000117304571391,0.09000117304571391,0.0,0.1064251940691327,0.05351060199874455,0.003428914192645129,2.9559736191809103e-05,0.07426616848688083,-2.6771700618674887,0,0.25176199978172253
20.79583999999962,0.22439362375904762,-1.887616281537735,1.0038387752418114,-0.1650118517049334,-0.08274720595765485,-0.0037269336323997484,0.4409974294233715,-1.8649969159190667,1.1133085998160854,-0.13096718060283344,-0.08823741508325084,0.02383499168955337,0.3353193197577261,-1.7642047095139373,1.256158191842692,-0.19166593319681988,-0.052559281679446894,0.039831304486206004,0.09000117304571391,0.09000117304571391,0.0,0.10615896379089754,0.05337590885673563,0.0034152994042744994,2.9396367152262533e-05,0.07405245907879665,-2.6771718731680383,0,0.2509926986079073
20.79999999999962,0.2237080531636271,-1.8879600668244234,1.0038233087110786,-0.16453694290092233,-0.08250846880518858,-0.003711967375867077,0.17147409272863773,-1.6636992024655188,0.8808578755669262,-0.33833628707692204,-0.18902284309936784,0.02161347844923637,0.2526906863408329,-1.714344818258983,1.0685518024411682,-0.2644417574584009,-0.12058829098463879,0.03003139688011342,0.09000117304571391,0.09000117304571391,0.0,0.1058931946346974,0.053241454655348935,0.003401738032928179,2.9233920302757046e-05,0.07383929663333502,-2.677173679836668,0,0.2502256129291086
20.80415999999962,0.2230244562893956,-1.8883028599341178,1.0038079042906247,-0.1640632498155613,-0.08227034632667851,-0.003697060908934602,0.2559609143023892,-2.2356992159143356,0.7825304291585456,-0.13719596020584585,0.13752237408641116,0.11521247320904876,0.25403945003213685,-1.9747393362091585,0.9257789419415711,-0.20034156257479305,0.008312758783592661,0.0725256146978111,0.09000117304571391,0.09000117304571391,0.0,0.10562788709113391,0.0531072395949006,0.003388229872251387,2.9072390298196017e-05,0.07362668012299498,-2.6771754818878084,0,0.2494607370653033
20.80831999999962,0.2223428280803781,-1.888644663423049,1.0037925617323138,-0.16359077016419685,-0.08203283734344444,-0.0036822139946042654,0.5655410693245332,-1.7594728877868555,0.8049908944603826,-0.33438377711232786,-0.168384734540492,-0.09994796636604818,0.4090961424728588,-1.8674559505994761,0.8651750404133993,-0.2669749947707216,-0.07949115361054211,-0.013150198460606064,0.09000117304571391,0.09000117304571391,0.0,0.1053630416395678,0.05297326387068918,0.0033747747174113062,2.8911771825557176e-05,0.07341460851989984,-2.6771772793358335,0,0.2486980653471998
20.812479999999617,0.22166316349012252,-1.8889854798425347,1.0037772807889938,-0.16311950166134412,-0.08179594067658537,-0.0036674263968058374,0.06525874886544406,-2.1081121755946195,0.5314697508087398,-0.18300493560850478,-0.24797687928862538,-0.09327644833301595,0.23679539520338044,-1.9883008036590633,0.6981264247171023,-0.2254764022285813,-0.1640733409320222,-0.05338923212245541,0.09000117304571391,0.09000117304571391,0.0,0.10509865874814237,0.052839527672246756,0.003361372363826047,2.875205960344297e-05,0.07320308079581674,-2.677179072195061,0,0.24793759211624194
20.816639999999616,0.2209854574817028,-1.8893253117389806,1.0037620612144922,-0.16264944202073062,-0.08155965514700193,-0.003652697880395435,0.7996773427813516,-1.7715918053784345,0.8347108922740315,0.16234136964515689,0.019441373885534005,0.01363718880008427,0.5185770227126726,-1.879904941525559,0.766448132589701,-0.031135363476573044,-0.072043591772183,-0.019954066602023778,0.09000117304571391,0.09000117304571391,0.0,0.10483473887392677,0.05270603118408593,0.0033480226080313206,2.8593248382102763e-05,0.07299209592217608,-2.6771808604797513,0,0.247179311724612
20.820799999999615,0.22030970502772224,-1.889664161653878,1.0037469027636123,-0.1621805889553392,-0.08132397957541569,-0.0036380282111505564,-0.09633086565325194,-2.146838461842556,0.8502264090537681,-0.16162662619939122,-0.0548260190836045,0.038488094115086434,0.2107822521500651,-2.0134879717620215,0.8084188545948822,-0.0962068073873211,-0.06326006944937461,0.008809642106611218,0.09000117304571391,0.09000117304571391,0.0,0.10457128246293984,0.052572774585378595,0.003334725247478928,2.8435332943177464e-05,0.07278165287009083,-2.6771826442041116,0,0.2464232185352336
20.824959999999614,0.2196359011103162,-1.8900020321238047,1.00373180519213,-0.16171294017745105,-0.08108891278238978,-0.003623417155765847,0.26115908611056204,-1.7241271538786063,0.997090226842916,-0.21833464273106407,-0.03812442619741507,-0.026463206689107205,0.2355160370496689,-1.868885937273559,0.9027014869863778,-0.15685184658849957,-0.050164187374879265,-0.009146081251577542,0.09000117304571391,0.09000117304571391,0.0,0.10430828995028027,0.05243975805006215,0.003321480079692062,2.827830809942478e-05,0.0725717506103756,-2.677184423382291,0,0.2456693069217746
20.829119999999612,0.218964040721155,-1.8903389256804228,1.003716768256789,-0.1612464933986881,-0.08085445358834914,-0.003608864481852463,-0.4341227788826488,-1.8531452180827461,0.9333850631628615,-0.15809678059098767,0.1674557163834609,-0.05930159052482698,-0.09963705514913772,-1.860666884692443,0.917920380191215,-0.15739646197033347,0.058497288673234726,-0.03433409960588588,0.09000117304571391,0.09000117304571391,0.0,0.10404576176019098,0.052306981746838815,0.0033082869037738376,2.8122168694592888e-05,0.07236238811356561,-2.677186198028385,0,0.24491757126864974
20.83327999999961,0.21829411886144642,-1.8906748448504795,1.0037017917152975,-0.1607812463300552,-0.08062060081360069,-0.0035943699579310978,0.3223319671890887,-1.8395316624551037,0.7892573061290089,-0.3928499692268368,-0.029593236915111773,-0.061234723205576214,0.1105317847283163,-1.85016106929917,0.8534613723204856,-0.2743832796511755,0.014645452711742515,-0.0481653983030038,0.09000117304571391,0.09000117304571391,0.0,0.10378369830613635,0.05217444583928185,0.003295145518922073,2.7966909603224094e-05,0.07215356434993554,-2.677187968156434,0,0.24416800597102287
20.83743999999961,0.21762613054193816,-1.891009792155806,1.0036868753263248,-0.1603171966819819,-0.08038735327835313,-0.003579933353431249,-0.37492171524348794,-1.6211393908085863,1.2860386070731888,-0.15151105999631453,-0.30992362665804357,-0.06658877523389277,-0.13251221753107947,-1.7362939953241874,1.0696142436833163,-0.21357207925785257,-0.14726455363020097,-0.057245960228190104,0.09000117304571391,0.09000117304571391,0.0,0.10352209999087988,0.05204215048583519,0.0032820557255094796,2.781252573045394e-05,0.07194527828951819,-2.677189733780423,0,0.24342060543480942
20.84159999999961,0.21696007078291998,-1.8913437701133173,1.003672018849497,-0.159854342164364,-0.0801547098027367,-0.0035655544386859494,0.5298711311258915,-1.257910238155961,0.9379229820644025,-0.14352198214270445,-0.029324503055589042,0.14822146712770673,0.1983833559019396,-1.497160938446367,1.004076695488987,-0.1774867616720878,-0.08773705414794554,0.04513427545572464,0.09000117304571391,0.09000117304571391,0.0,0.10326096720658881,0.0519100958399199,0.003269017324453805,2.7659012011882998e-05,0.07173752890212297,-2.677191494914283,0,0.24267536407667825
20.845759999999608,0.2162959346142258,-1.8916767812350124,1.0036572220453932,-0.15939268048660454,-0.07992266920682249,-0.003551232984929136,0.37675802897207566,-2.0459434655512148,1.3685261898882977,0.006405744797350177,-0.07439171418358607,0.11264055189122829,0.28758414208928706,-1.7717115230840899,1.1865383617513388,-0.08501263922927847,-0.08070538557130404,0.0788447407098058,0.09000117304571391,0.09000117304571391,0.0,0.10300030033489893,0.051778282049934066,0.0032560301174426546,2.7506363413296303e-05,0.07153031515735425,-2.677193251571891,0,0.2419322763240534
20.849919999999607,0.21563371707523557,-1.8920088280279734,1.003642484675542,-0.1589322093576547,-0.07969123031064178,-0.0035369687642920877,0.24281128051866852,-1.4701270927525094,1.0109246507058507,-0.32292494970528823,0.09840978027393095,-0.019667643662193347,0.26452464138602894,-1.6207122662396087,1.0986903525023508,-0.20343324393205808,0.008724436731817175,0.02912206671300605,0.09000117304571391,0.09000117304571391,0.0,0.10274009974699236,0.05164670925925249,0.0032430939071589945,2.7354574930500827e-05,0.07132363602462963,-2.6771950037670695,0,0.24119133661511583
20.854079999999605,0.214973413214877,-1.8923399129943659,1.003627806502418,-0.1584729264860542,-0.07946039193420537,-0.003522761549798923,0.48082829889581236,-1.7662547553436345,0.9446486814585102,-0.022397777676749636,0.016651507171702884,-0.0029805319356370017,0.3726302764048576,-1.6934489799391361,1.0216605221589266,-0.1123882725409023,0.012247674445578277,0.013898658768185173,0.09000117304571391,0.09000117304571391,0.0,0.10248036580366299,0.05151537760611952,0.003230208496650627,2.7203641589144328e-05,0.07111749047319785,-2.677196751513589,0,0.24045253939880518
20.858239999999604,0.21431501809162712,-1.8926700386314388,1.0036131872894374,-0.15801482957997157,-0.07923015289752337,-0.0035086111153647113,-0.14243411154967983,-1.6044159284191803,1.06338225691923,-0.07734292582008444,-0.19344866458586124,0.1360208594756229,0.11493261909255233,-1.6493348059297352,1.0428051322700682,-0.09439270471014337,-0.0902953837966826,0.07469644880393864,0.09000117304571391,0.09000117304571391,0.0,0.10222109885543473,0.05138428722418345,0.0032173736899826933,2.705355844463308e-05,0.07091187747215691,-2.677198494825165,0,0.23971587913482045
20.862399999999603,0.2136585267735136,-1.8929992074315247,1.003598626800955,-0.15755791634724373,-0.07900051202062275,-0.0034945172357908993,0.18041917725479417,-1.4158308662727004,0.8906536283432784,-0.2145569763946091,0.04881051362477212,0.0618536317519521,0.14723034317846576,-1.5324807361469064,0.9668562686669803,-0.15459170190784463,-0.02024240189757924,0.06861279220620506,0.09000117304571391,0.09000117304571391,0.0,0.10196229924260025,0.05125343824206932,0.0032045892918213265,2.6904320581799312e-05,0.07070679599047175,-2.677200233715461,0,0.23898135029362155
20.866559999999602,0.21300393433811604,-1.8933274218820395,1.0035841248022601,-0.15710218449541571,-0.07877146812356661,-0.00348047968676245,0.5133813775845042,-1.8225444429640598,1.104904099406911,-0.14970386839287278,-0.19715959680613449,-0.06586584567482089,0.3299959117665949,-1.677924174299863,1.035743954175801,-0.15160424029220218,-0.10894509658776148,0.00147671093881931,0.09000117304571391,0.09000117304571391,0.0,0.10170396729532666,0.0511228307833787,0.003191855107444302,2.675592311473493e-05,0.07050224499699176,-2.6772019681980868,0,0.23824894735643012
20.8707199999996,0.21235123587256696,-1.8936546844654831,1.0035696810595733,-0.15664763173177965,-0.07854302002647362,-0.003466498244844932,-0.06401481064336143,-2.118581861527233,0.5079406039983871,-0.113605192611792,-0.09161327459426978,0.02337526631449328,0.13275056460910944,-1.8984468258974552,0.7718858444679139,-0.13215834670595286,-0.10019781014533213,0.013079101374140143,0.09000117304571391,0.09000117304571391,0.0,0.10144610333372087,0.05099246496722429,0.003179170943180048,2.6608361186752792e-05,0.07029822346046843,-2.677203698286601,0,0.23751866481523004
20.8748799999996,0.21170042647355275,-1.8939809976594395,1.0035552953400422,-0.15619425576341367,-0.07831516654953505,-0.003452572687479808,-0.25347378742914606,-1.7323145893478533,0.7533122732413786,-0.19008009633978695,-0.14730454290217332,-0.1725290729886738,-0.060758572691242005,-1.8156868557054453,0.7622418963700606,-0.16164558341819377,-0.12330510425695825,-0.08058964331231477,0.09000117304571391,0.09000117304571391,0.0,0.10118870766789573,0.05086234090769601,0.003166536605991286,2.646162997003703e-05,0.07009473034957261,-2.6772054239945087,0,0.23679049717276834
20.8790399999996,0.21105150124731434,-1.8943063639365771,1.0035409674117381,-0.15574205429722043,-0.07808790651303411,-0.003438702792981452,0.23062791526182044,-2.3296230228197636,0.95229719044893,0.04149435562928855,-0.17237762805953788,-0.14138107939985667,0.08502211665483587,-2.0730173398382536,0.8569764643930826,-0.059655544123653065,-0.14771134939750374,-0.11081779606598768,0.09000117304571391,0.09000117304571391,0.0,0.10093178059807587,0.05073245871428858,0.0031539519032715204,2.631572466557094e-05,0.06989176463291166,-2.6772071453352635,0,0.23606443894255524
20.883199999999597,0.21040445530964783,-1.8946307857646494,1.0035266970436525,-0.1552910250399653,-0.07786123873736356,-0.0034248883405349957,0.16940913894130627,-2.1382433819324773,1.4209964664452637,-0.1720448350182771,0.13655858960519268,-0.09267862784768215,0.12685654216067,-2.105346680333073,1.1387977265935842,-0.11496408172941729,-0.005642211574318429,-0.10178942658205414,0.09000117304571391,0.09000117304571391,0.0,0.1006753224146372,0.05060281849168838,0.0031414166437117134,2.6170640502917714e-05,0.06968932527904662,-2.677208862322267,0,0.23534048464886467
20.887359999999596,0.20975928378590486,-1.8949542656064955,1.0035124840056933,-0.15484116569831424,-0.07763516204304408,-0.003411129110190591,0.3964260119239817,-2.062615325447912,0.7945664406215913,-0.2585206644770157,-0.33444855201111934,0.04717956156977446,0.2611060955374297,-2.0846765231971474,0.9667787552914316,-0.18704459793605513,-0.16993968207721596,-0.027770454294821594,0.09000117304571391,0.09000117304571391,0.0,0.10041933339821324,0.050473420340201386,0.00312893063602792,2.602637274011637e-05,0.06948741125650895,-2.6772105749688704,0,0.23461862882673387
20.891519999999595,0.2091159818109929,-1.8952768059200402,1.0034983280686813,-0.15439247397887138,-0.07740967525074095,-0.0033974248828629516,0.09909035624248878,-2.147897575574653,0.6039673574919497,-0.23814056961165253,-0.07573707574497655,-0.05386557210322732,0.17960152037087823,-2.116444913349003,0.7852601787295763,-0.2124708532913856,-0.12289698090235848,-0.04163373229884287,0.09000117304571391,0.09000117304571391,0.0,0.1001638138197617,0.05034426435500561,0.0031164936900407968,2.5882916663302197e-05,0.06928602153381744,-2.677212283288372,0,0.23389886602196377
20.895679999999594,0.20847454452937533,-1.8955984091582956,1.0034842290043466,-0.15394494758821625,-0.07718477718128387,-0.0033837754403264223,0.3495491350799408,-1.7840575397625538,0.7516990463969415,-0.14005687228505637,-0.06804984689750888,-0.0018330905564455796,0.2642845079681579,-1.9503916925097056,0.7684764716224811,-0.17593443667690867,-0.09487581452781622,-0.022171922960713318,0.09000117304571391,0.09000117304571391,0.0,0.09990876394060419,0.05021535062722038,0.0031041056164734272,2.574026758683894e-05,0.0690851550794948,-2.67721398729402,0,0.23318119079111826
20.899839999999593,0.2078349670950714,-1.8959190777693609,1.0034701865853248,-0.15349858423294085,-0.07696046665568222,-0.003370180565210884,0.45805228997684644,-1.8410895940352074,0.817114313735645,-0.044171566246613864,-0.19106067077545583,0.04195404703904745,0.3610777728648753,-1.896137172737773,0.7928827789737234,-0.11001026084665938,-0.1430132143504183,0.00999141790903385,0.09000117304571391,0.09000117304571391,0.0,0.09965418401258655,0.05008667924305216,0.0030917662265342975,2.559842085288252e-05,0.06888481086208409,-2.677215686999012,0,0.23246559770152386
20.90399999999959,0.20719724467165604,-1.896238814196424,1.003456200585154,-0.15305338161968612,-0.07673674249514399,-0.003356640040999393,-0.1311730438015795,-2.1550755532470545,0.852995203518757,-0.24774784979311204,-0.10035955542957416,0.004782759684672497,0.11443235538508485,-2.025817356317097,0.8229493386431016,-0.17826615928223286,-0.12147925133596807,0.007397635054305694,0.09000117304571391,0.09000117304571391,0.0,0.09940007427803896,0.04995825028443668,0.003079475331927293,2.5457371831371073e-05,0.0686849878501652,-2.677217382416494,0,0.23175208133126907
20.90815999999959,0.20656137243225947,-1.896557620877762,1.0034422707782704,-0.15260933745517843,-0.07651360352109195,-0.0033431536520257717,0.08085735021571785,-2.116570916390108,1.1893988234860102,-0.05364598497934234,0.16036151943067978,-0.029820135707244046,0.09753283019810341,-2.0708604104170343,1.0061133340434647,-0.11586519870955171,0.019031845770859958,-0.010590400118038319,0.09000117304571391,0.09000117304571391,0.0,0.09914643496993653,0.04983006382871907,0.003067232745504203,2.5317115919750715e-05,0.06848568501237093,-2.6772190735595642,0,0.23104063626920346
20.91231999999959,0.2059273455595667,-1.896875500246742,1.003428396940006,-0.1521664494462656,-0.07629104855518122,-0.003329721183469515,0.4617414708933768,-2.1798355056197494,1.090361263113846,-0.17433190221416459,-0.00865903995944002,0.0017375757172003446,0.27927611759010296,-2.1253678367370963,1.0482422415022403,-0.1446254065845407,0.005719796440637144,-0.004782680837203451,0.09000117304571391,0.09000117304571391,0.0,0.09889326631195311,0.0497021199486547,0.003055038280420027,2.5177648542807904e-05,0.06828690131740314,-2.6772207604412683,0,0.2303312571149369
20.916479999999588,0.2052951592458169,-1.8971924547318224,1.0034145788465836,-0.1517247152999525,-0.07606907641931679,-0.0033163424213541793,0.04924990736214646,-1.2326273708357203,0.7575545447972951,-0.15016953793639046,-0.05716511853724241,0.014732194456239222,0.1639487366356525,-1.679110481524426,0.9029264317820005,-0.14724422670924261,-0.025611460885887366,0.005247498963177643,0.09000117304571391,0.09000117304571391,0.0,0.09864056851851519,0.04957441871283766,0.0030428917509989824,2.5038965152635594e-05,0.06808863573404873,-2.677222443074603,0,0.22962393847883814
20.920639999999587,0.20466480869280257,-1.8975084867565544,1.0034008162751147,-0.15128413272343655,-0.07584768593566929,-0.0033030171525421843,0.25791051431976975,-1.8138276426867685,0.861088120491215,-0.21207521759735828,-0.0812740099063517,0.02949521578658775,0.21048959272884515,-1.7466400787889453,0.8820675531411715,-0.1798575417123314,-0.05294562888899775,0.01774458139049043,0.09000117304571391,0.09000117304571391,0.0,0.09838834179485634,0.04944696018538147,0.0030307929716756436,2.4901061228352616e-05,0.06789088723119541,-2.6772241214725163,0,0.22891867498203364
20.924799999999586,0.20403628911186864,-1.8978235987395822,1.0033871090035948,-0.15084469942414305,-0.07562687592669208,-0.0032897451647340386,0.6632569373633554,-1.605879088069789,1.392343626966822,-0.048897918139696156,-0.02948436163085673,0.05886336223580836,0.43677452068433326,-1.6763203325915306,1.137333085725497,-0.11428688989972373,-0.04102054501513188,0.03758443993671254,0.09000117304571391,0.09000117304571391,0.0,0.0981365863371381,0.049319744426026824,0.0030187417582886213,2.4763932275941175e-05,0.06769365477784738,-2.6772257956479057,0,0.22821546125640607
20.928959999999584,0.2034095957239113,-1.8981377930946453,1.0033734568109012,-0.15040641310975983,-0.07540664521513787,-0.003276526246462134,0.05690692089012084,-2.038368190764748,1.3207932567491023,-0.1767915806032165,-0.2203877516670852,-0.02045809055050373,0.2464695150408925,-1.8578044331539114,1.229021448387928,-0.14513792593192032,-0.13105909622632725,0.008785370162041692,0.09000117304571391,0.09000117304571391,0.0,0.09788530233250434,0.04919277149035675,0.0030067379265940313,2.4627573828118407e-05,0.06749693734314091,-2.6772274656136203,0,0.22751429194459266
20.933119999999583,0.2027847237593768,-1.898451072230579,1.0033598594767883,-0.14996927148827174,-0.07518699262407448,-0.003263360187090812,0.28994153988077037,-1.5966262779440321,1.1619759261916676,-0.147420787965024,-0.0971364019489346,0.08758877144885482,0.26789897213335884,-1.7274164570418413,1.1956795547459174,-0.14616930355540267,-0.11367284237707612,0.048588570798636065,0.09000117304571391,0.09000117304571391,0.0,0.0976344899591228,0.049066041429477236,0.0029947812935585093,2.4491981444083426e-05,0.06730073389635971,-2.6772291313824605,0,0.22681516169998342
20.937279999999582,0.20216166845826017,-1.8987634385513161,1.003346316781885,-0.14953327226799512,-0.07496791697690192,-0.0032502467768109567,0.8131858034336639,-1.7592575486447906,1.2399366075002756,-0.18612553927846973,-0.04889163619876288,-0.012710650386652016,0.5401577228502741,-1.7434393243073727,1.2177820009153413,-0.1654982022691279,-0.0810914164298303,0.01791985694563194,0.09000117304571391,0.09000117304571391,0.0,0.0973841493862797,0.048939554290338944,0.002982871676728685,2.4357150709457457e-05,0.06710504340695023,-2.677230792967178,0,0.22611806518671917
20.94143999999958,0.20154042507010345,-1.8990748944558884,1.0033328285076908,-0.1490984131576117,-0.07474941709736811,-0.003237185806637281,0.23438520480633657,-1.9026299989862485,0.8054152638927793,-0.23135596177707757,0.1401885387655198,-0.15928505556282857,0.3867868780959423,-1.8227449726953688,1.0112639226734093,-0.19783027039199322,0.029911951962111865,-0.070423185616162,0.09000117304571391,0.09000117304571391,0.0,0.09713428077447472,0.04881331011563189,0.0029710088944553507,2.4223077236109572e-05,0.0669098648445369,-2.677232450380476,0,0.22542299707968955
20.94559999999958,0.20092098885399426,-1.8993854423384284,1.0033193944365724,-0.14866469186620213,-0.07453149180958511,-0.0032241770684046404,0.1731689753047392,-1.9251800031937933,1.2085418427608894,0.09288738479824613,-0.04631534782723598,0.016895100024748182,0.28016827460083626,-1.8740601636583325,1.1099391285726479,-0.05183593021942214,-0.007896608851968507,-0.026636962329358728,0.09000117304571391,0.09000117304571391,0.0,0.09688488427542266,0.04868730894421469,0.002959192765689943,2.4089756662030706e-05,0.06671519717893712,-2.67723410363501,0,0.22472995206453042
20.94975999999958,0.20030335507856392,-1.8996950845881704,1.003306014351761,-0.1482321061032796,-0.07431413993804344,-0.0032112203547652357,0.7185035997321699,-1.722761717295667,1.205681754968784,-0.15428178021453173,-0.17966616218813802,-0.12803401752498933,0.4990179449868354,-1.7987838211877913,1.1575453525228199,-0.10297641708923105,-0.09365545823016917,-0.07759241570974029,0.09000117304571391,0.09000117304571391,0.0,0.0966359600321752,0.04856155081026087,0.0029474231095662044,2.3957184650957022e-05,0.06652103938017603,-2.6772357527433868,0,0.22403892483762192
20.953919999999577,0.1996875190219855,-1.900003823589452,1.0032926880373476,-0.14780065357882288,-0.07409736030763005,-0.0031983154591875094,-0.2738794457313229,-1.7082152230411984,1.0775805350191068,0.044567831368493516,-0.11665575516864649,0.006705597945789427,0.1126572277891967,-1.7537412337062999,1.117576635574311,-0.029543929460270558,-0.10529609285093498,-0.035594933291657214,0.09000117304571391,0.09000117304571391,0.0,0.09638750817917657,0.0484360357441152,0.0029356997469080198,2.3825356892481354e-05,0.0663273904185015,-2.6772373977181667,0,0.22334991010608565
20.958079999999576,0.19907347597197173,-1.9003116617217173,1.0032794152782811,-0.1473703320033091,-0.07388115174364276,-0.003185462175948808,0.18145821563367526,-1.4823076093476188,1.128687208196128,-0.2868150248434317,-0.06059865301955936,-0.11580517665564201,0.14646140460745907,-1.6181495780051167,1.1228915259043153,-0.15805163528880822,-0.08246343474348528,-0.0758861366451462,0.09000117304571391,0.09000117304571391,0.0,0.09613952884234533,0.0483107637722959,0.0029240224983152242,2.369426910186191e-05,0.06613424926439866,-2.6772390385718623,0,0.22266290258778168
20.962239999999575,0.19846122122577278,-1.9006186013595165,1.003266195860364,-0.14694113908774634,-0.07366551307180459,-0.003172660300136002,0.1467169896669155,-2.163751581579928,0.7158803223176964,-0.2336944735847769,-0.15014641143258023,-0.25478526770163473,0.14610380174900303,-1.8912685483724534,0.9188528275030855,-0.19619543627075986,-0.11541076747974427,-0.16517874690621764,0.09000117304571391,0.09000117304571391,0.0,0.09589202213910344,0.04818573491685499,0.0029123911854559356,2.3563917019607423e-05,0.06594161488860442,-2.677240675316938,0,0.2219778970113062
20.966399999999574,0.197850750090174,-1.9009246448725095,1.0032530295702486,-0.14651307254370588,-0.0734504431182808,-0.003159909627640717,0.2922713225898988,-2.008969949126389,0.9590965954583417,-0.3358844544249563,-0.10486291459738548,0.06438848380526085,0.21849028509818613,-1.9503393675082292,0.9391083523435946,-0.2661896883647131,-0.10956852416209815,-0.0501372280166735,0.09000117304571391,0.09000117304571391,0.0,0.09564498817847195,0.048060949196021,0.0029008056308637183,2.3434296411586153e-05,0.06574948626212193,-2.677242307965813,0,0.22129488811598827
20.970559999999573,0.19724205788149335,-1.9012297946254666,1.0032399161954355,-0.1460861300833543,-0.07323594070969328,-0.0031472099551554263,0.27772383493269853,-1.6937760410315763,1.248643384616377,-0.17881178660707694,-0.07447798815997533,-0.04409165706200301,0.24773412063314323,-1.8222103722421654,1.0937861354292593,-0.22181846329285482,-0.09224129029829123,-0.0470236363218137,0.09000117304571391,0.09000117304571391,0.0,0.09539842706112694,0.04793640662409432,0.002889265657091562,2.3305403068797267e-05,0.06555786235623479,-2.677243936530858,0,0.22061387065188653
20.97471999999957,0.19663513992557882,-1.9015340529782714,1.003226855524268,-0.14566030941948513,-0.07302200467313531,-0.0031345610801730536,-0.08299673089274093,-1.991319619799037,1.0711771136537054,-0.21299325719562037,-0.08709593475022717,0.04100882997161558,0.08192375307960277,-1.9069483637059679,1.0825679067314613,-0.21759504253546752,-0.08917495974673467,-0.0035627412361945916,0.09000117304571391,0.09000117304571391,0.0,0.09515233887948207,0.0478121072113421,0.0028777710882190565,2.3177232807189927e-05,0.06536674214252125,-2.677245561024398,0,0.21993483937978614
20.97887999999957,0.1960299915578057,-1.9018374222859222,1.0032138473459307,-0.14523560826555032,-0.07280863383618691,-0.003121962800980308,-0.20941078623339043,-1.6505322647188905,0.890830659188639,-0.3077648199948892,-0.030468939369809607,-0.15507016253481337,-0.0643852193958575,-1.7788020402592233,0.9863752797850802,-0.26290383673239814,-0.0597555962438865,-0.07924902165099398,0.09000117304571391,0.09000117304571391,0.0,0.09490672371773151,0.04768805096421408,0.0028663217481516966,2.304978146755896e-05,0.06517612459286831,-2.6772471814587124,0,0.2192577890711951
20.98303999999957,0.19542660812307366,-1.9021399048985344,1.0032008914504447,-0.1448120243356914,-0.07259582702692906,-0.0031094149166581157,0.15440486528615582,-1.7899109007560992,1.161477058221087,-0.13171589362197372,-0.054496168016245725,0.024165907879912053,0.044736372332902063,-1.7844706399874974,1.073979159706337,-0.19682955197063187,-0.05676977259203342,-0.02826993366471798,0.09000117304571391,0.09000117304571391,0.0,0.0946615816519461,0.047564237885130756,0.0028549174621273973,2.292304491530116e-05,0.06498600867948548,-2.677248797846033,0,0.21858271450834083
20.987199999999568,0.19482498497580378,-1.9024415031613424,1.0031879876286651,-0.14438955534477038,-0.072383583073959,-0.0030969172270757543,-0.1492080092851831,-3.0058172713888727,1.1186467956565065,-0.08007494707238669,-0.11898422970947675,0.11246897771901739,-0.052404580979025235,-2.395399030315945,1.0965478605781755,-0.13805013335213687,-0.08833244233864655,0.04178367643022136,0.09000117304571391,0.09000117304571391,0.0,0.09441691275010314,0.04744066797291316,0.0028435580558718015,2.2797019040415585e-05,0.0647963933749187,-2.6772504101985466,0,0.21790961048416624
20.991359999999567,0.19422511747993546,-1.9027422194147023,1.003175135672278,-0.1439681990084004,-0.0721719008064037,-0.003084469532888507,-0.22355169978657022,-2.050192461084678,1.1899424459290615,-0.22205417097022623,0.08053790740677119,-0.0017168988668268981,-0.13844097016354745,-2.2226261098043003,1.1432426673461913,-0.18015930738047622,-0.0037656566154690295,0.019828611736761873,0.09000117304571391,0.09000117304571391,0.0,0.09417271707214273,0.047317341222357534,0.002832243355393442,2.2671699757173396e-05,0.06460727765206392,-2.6772520185283946,0,0.21723847180232603
20.995519999999566,0.19362700100892305,-1.9030420559940937,1.0031623353737966,-0.14354795304297635,-0.07196077905393503,-0.0030720716355362174,-0.34844473462148096,-1.5550809347965273,1.0026895701506817,-0.29295979658564064,-0.0403866997323969,-0.21768019327631136,-0.2440545299024983,-1.8889332173873608,1.0725123786548012,-0.2361387354201692,-0.02189925933842922,-0.09891630969982108,0.09000117304571391,0.09000117304571391,0.0,0.093928994670118,0.047194257624558145,0.0028209731876349,2.254708300406659e-05,0.06441866048418071,-2.677253622847673,0,0.21656929327718258
20.999679999999564,0.1930306309457326,-1.903341015230122,1.003149586526558,-0.1431288151657045,-0.07175021664678362,-0.003059723337239068,0.618291926317997,-1.692907930456839,0.50961572587935,-0.12516410047759702,-0.0989842660288779,0.08204810516158287,0.1868634114503044,-1.7911242511581884,0.7912307822739054,-0.18018569761828424,-0.060838556042141854,-0.008451066740835641,0.09000117304571391,0.09000117304571391,0.0,0.09368574558813178,0.047071417166802576,0.0028097473804834776,2.2423164743635256e-05,0.06423054084490569,-2.677255223168432,0,0.2159020697338018
21.003839999999563,0.1924360026828383,-1.903639099448521,1.0031368889247205,-0.14271078309463278,-0.07154021241575324,-0.003047424440993364,0.08886804220633351,-1.7986804400379057,0.817385518814507,-0.23227272577364377,0.03130688536336501,0.049219601167685034,0.13738061906293897,-1.7948362910492672,0.8044103368836846,-0.20560005137922488,-0.015247767083246327,0.020559455884270383,0.09000117304571391,0.09000117304571391,0.0,0.09344296986249986,0.046948819832681093,0.0027985657619251664,2.229994096233123e-05,0.06404291770826583,-2.6772568195026767,0,0.2152367960079489
21.007999999999562,0.19184311162221881,-1.9039363109701555,1.0031242423632598,-0.14229385454868027,-0.07133076519223464,-0.0030351747505708215,-0.44323356107758716,-2.0171577487581693,0.8740078690837938,-0.21909119337594335,-0.14126122796412768,0.2090110303990788,-0.15338576197866977,-1.9062917302449764,0.8396448670352801,-0.21257324006589723,-0.07856599470595202,0.11451344294706876,0.09000117304571391,0.09000117304571391,0.0,0.09320066752176856,0.04682646560208903,0.0027874281609093186,2.2177407670397218e-05,0.06385579004869166,-2.6772584118623683,0,0.21457346694608392
21.01215999999956,0.19125195317535354,-1.904232652111023,1.003111646637966,-0.1418780272476664,-0.07112187380821933,-0.0030229740705142536,-0.2650949583089806,-1.474823115511172,1.1052271916160399,-0.1342364878356633,-0.13649671290140059,-0.17633465936876766,-0.20951921795131856,-1.690838665146266,0.972071562251078,-0.17395411902682464,-0.10735826003174319,-0.031106197865930905,0.09000117304571391,0.09000117304571391,0.0,0.0929588385867981,0.046704354451229196,0.0027763344071451476,2.2055560901711956e-05,0.06366915684103042,-2.677260000259423,0,0.21391207740535717
21.01631999999956,0.1906625227632188,-1.9045281251822577,1.0030991015454405,-0.14146329891234016,-0.07091353709631351,-0.003010822206134119,0.6636982859097119,-1.6307556425931757,0.7925584713506677,-0.09993139391748443,-0.077729223075112,0.0713584594292753,0.2268856748033351,-1.6609581440380363,0.8824619562606647,-0.13593046760553507,-0.0926725415517689,0.020229165635892377,0.09000117304571391,0.09000117304571391,0.0,0.09271748307079322,0.0465824863527213,0.002765284330469197,2.193439671366562e-05,0.06348301706055898,-2.677261584705713,0,0.2132526222536045
21.02047999999956,0.19007481581628377,-1.9048227324901317,1.0030866068830926,-0.14104966726440896,-0.07070575388975145,-0.0029987189635076986,0.311753372173468,-1.5890529377794174,1.047027171474425,-0.16087702322065495,-0.051598285486936527,-0.052660228959537585,0.2689859541425419,-1.6251125503092259,0.9646364253021766,-0.14862156427180287,-0.07204686336980926,-0.016327054652117607,0.09000117304571391,0.09000117304571391,0.0,0.09247660097940075,0.04646086127571167,0.002754277762138359,2.1813911186961535e-05,0.06329736968299665,-2.677263165213065,0,0.21259509636934243
21.024639999999557,0.1894888277745064,-1.9051164763360584,1.0030741624491364,-0.14063713002656703,-0.07049852302240839,-0.0029866641494728932,0.03292464469658779,-2.086658162432361,1.1368865699143051,-0.2894343659853271,-0.07027505321971408,-0.05755976296822185,0.15035192950968063,-1.8560348390837267,1.0506439141126986,-0.21916175444582336,-0.07112116754095178,-0.03738978494570191,0.09000117304571391,0.09000117304571391,0.0,0.0922361923107671,0.04633947918544809,0.00274331453355685,2.1694100425411543e-05,0.06311221368451797,-2.6772647417932633,0,0.21193949464176323
21.028799999999556,0.18890455408732923,-1.905409359016595,1.003061768042588,-0.14022568492252388,-0.07029184332881526,-0.002974657571627305,0.4715250415313922,-1.5356642177392363,0.9190231574128804,-0.11108712590187325,-0.08187744296089552,0.13115707244235725,0.31070930001432256,-1.6960169164190293,0.9851060337766356,-0.1649510791405181,-0.07682217315281385,0.04657659728383364,0.09000117304571391,0.09000117304571391,0.0,0.09199625705554224,0.04621834004381686,0.002732394476498364,2.1574960555941943e-05,0.06292754804176535,-2.677266314458048,0,0.2112858119707301
21.032959999999555,0.18832199021367493,-1.9057013828234457,1.0030494234632616,-0.13981532967703242,-0.07008571364417118,-0.002962699038326437,-0.1434179363925028,-2.47810983589834,1.3439352386092138,-0.2135560089493662,0.1601139097392102,-0.12287796000024946,0.08319737613903976,-2.0867357981155217,1.1642683508744058,-0.18879958100956823,0.04162183217655253,-0.03851794871794715,0.09000117304571391,0.09000117304571391,0.0,0.0917567951970443,0.04609744380934569,0.002721517423971422,2.1456487728435478e-05,0.06274337173186166,-2.6772678832191152,0,0.21063404326677135
21.037119999999554,0.18774113162194195,-1.9059925500434638,1.0030371285117672,-0.1394060620159166,-0.0698801328043559,-0.002950788358678237,0.030922499507173046,-1.5150738754754476,0.9790797986623595,-0.21353103996038708,0.14841991259229237,0.08658298656263841,0.05661401822739504,-1.8005925724589928,1.0718535324646774,-0.2004831237638154,0.09522799067917938,0.02370549769061057,0.09000117304571391,0.09000117304571391,0.0,0.09151780671122423,0.04597679043677916,0.002710683209374006,2.1338678115441395e-05,0.06255968373242243,-2.6772694480881185,0,0.2099841834510756
21.041279999999553,0.18716197378999988,-1.9062828629586552,1.0030248829895065,-0.1389978796660991,-0.06967509964594402,-0.0029389253425412083,0.1530383055730596,-2.1307386647618998,1.2457597434589849,-0.05362813604923454,-0.18253613511180544,-0.05089826708659223,0.10471579014756711,-1.966049437644792,1.158701281514687,-0.1273047158772535,-0.042752040636725566,-0.013251928139911516,0.09000117304571391,0.09000117304571391,0.0,0.0912792915667634,0.04585637987761554,0.002699891666716402,2.1221527912185882e-05,0.0623764830215684,-2.6772710090766676,0,0.2093362274554861
21.04543999999955,0.18658451220518477,-1.9065723238461811,1.003012686698671,-0.13859078035562875,-0.06947061300621706,-0.002927109800521564,0.33256017185046416,-2.613356126214695,1.4560976156244285,-0.33989569830330535,0.0424978472726988,-0.03589406978808261,0.21793105734163937,-2.2896183834755277,1.3073270920234974,-0.23284378771008649,-0.00038916938598633683,-0.02467783798965847,0.09000117304571391,0.09000117304571391,0.0,0.09104124972515867,0.04573621207978945,0.0026891426304163427,2.110503333635804e-05,0.06219376857793754,-2.6772725661963297,0,0.208690170222495
21.04959999999955,0.18600874236429432,-1.906860934978361,1.0030005394422379,-0.13818476181370734,-0.06926667172317667,-0.002915341543971272,0.05502704934807601,-1.611008542484785,0.888926811150176,-0.18154119705936556,-0.1355837506219767,0.06537073685744162,0.13609874885115014,-1.9505916053289671,1.0982592806576315,-0.2064436637652601,-0.0675543557554086,0.020683239999693903,0.09000117304571391,0.09000117304571391,0.0,0.09080368114072701,0.04561628698788828,0.002678435935950187,2.0989190628032e-05,0.0620115393806972,-2.677274119458629,0,0.20804600670523804
21.05375999999955,0.185434659773583,-1.9071486986226758,1.0029884410239671,-0.13777982177071674,-0.06906327463555718,-0.0029036203849833256,-0.029081815626151697,-2.0062274478916704,1.3962267474024848,-0.174781280746293,-0.18214598524994918,-0.08926665171799064,0.05314261602981063,-1.9787875769192693,1.2470591870308063,-0.19005924750578054,-0.1254185681204717,-0.034169276103046944,0.09000117304571391,0.09000117304571391,0.0,0.0905665857607039,0.0454966045432624,0.0026677714192210582,2.0873996049526693e-05,0.061829794409556105,-2.677275668875047,0,0.20740373186748812
21.057919999999548,0.184862259948757,-1.907435617041771,1.0029763912483989,-0.1373759579582454,-0.0688604205828375,-0.0028919461363897288,0.13056679420866238,-2.340951798397774,0.6326646429419076,-0.22835789773978737,0.0627151627199525,-0.11566340581815988,0.0913781018067843,-2.1597409414707576,0.9396165612513963,-0.20816399933164656,-0.03176510330696457,-0.07468128561345949,0.09000117304571391,0.09000117304571391,0.0,0.09032996352528833,0.04537716468370748,0.002657148916567518,2.0759445885148345e-05,0.06164853264477613,-2.677277214457024,0,0.2067633406836498
21.062079999999547,0.184291538414969,-1.9077216924934595,1.0029643899208498,-0.1369731681091147,-0.06865810840525442,-0.0028803186117593678,0.1361872040299296,-1.5178150319692882,1.1250496011125497,-0.08851836454972219,0.009892368340713262,0.10644432352523968,0.1135993121116586,-1.8387535447939802,1.0325570177836065,-0.1485706310353194,-0.010638134730372737,0.01527467966489284,0.09000117304571391,0.09000117304571391,0.0,0.09009381436771483,0.04525796734368118,0.00264656826541472,2.0645536441194996e-05,0.06146775306718412,-2.6772787562159563,0,0.20612482813875307
21.066239999999546,0.18372249070681315,-1.9080069272307254,1.0029524368474108,-0.13657144995740506,-0.068456336943815,-0.002868737625393228,-0.23610056138018556,-1.9941622385079176,0.8975912377963711,-0.025840656705694187,0.1514258037935357,0.06470167241863219,-0.061308040654089645,-1.9161441237566215,0.9652089239273023,-0.08662630540953328,0.0704343843864022,0.03942581682139351,0.09000117304571391,0.09000117304571391,0.0,0.08985813821427172,0.04513901245473409,0.002636029303000059,2.053226404586159e-05,0.061287454658183624,-2.6772802941632,0,0.205488189228447
21.070399999999545,0.18315511236831947,-1.9082913235017267,1.0029405318349427,-0.1361708012384819,-0.06825510504030723,-0.00285720299232492,0.06409685995077681,-1.9403272142723118,1.3658461937542423,-0.31114510104213566,-0.11071841232608456,0.025897076748013656,0.0007477984824270078,-1.9284675969192109,1.1655846098338718,-0.1987194241440304,-0.019424740371344472,0.032478452977875494,0.09000117304571391,0.09000117304571391,0.0,0.08962293498441362,0.04502029994465798,0.0026255318683073604,2.041962504887611e-05,0.06110763639976625,-2.677281828310069,0,0.20485341895899367
21.074559999999543,0.18258939895294854,-1.9085748835497989,1.0029286746910748,-0.1357712196890213,-0.06805441153731409,-0.0028457145283130947,0.4306691618423282,-1.874955558551821,1.6574359429925076,-0.35445717275476696,-0.1374907257771975,0.09452081452753149,0.21497494443644652,-1.9019968391144606,1.411710826671803,-0.2769228558767117,-0.07861408519097021,0.06325140160384776,0.09000117304571391,0.09000117304571391,0.0,0.08938820459076666,0.04490182973834378,0.0026150757997236602,2.030761582160631e-05,0.06092829727452328,-2.6772833586678346,0,0.20422051234726152
21.078719999999542,0.1820253460235859,-1.9088576096134582,1.0029168652242004,-0.13537270304703536,-0.06785425527822422,-0.002834272049843677,0.21265738318256935,-1.9985244613074344,1.0388148536912927,-0.27816129627898956,-0.10612116789687592,-0.007468799801528448,0.2132373808793942,-1.9504821406786295,1.2252460433554917,-0.2774461592348222,-0.09232447735959108,0.027247948497310926,0.09000117304571391,0.09000117304571391,0.0,0.08915394693922746,0.04478360175735771,0.0026046609374004177,2.0196232756792485e-05,0.06074943626565693,-2.677284885247728,0,0.2035894644207188
21.08287999999954,0.1814629491525363,-1.909139503926405,1.0029051032434748,-0.1349752490518974,-0.06765463510724423,-0.0028228753741222504,0.0836154429500062,-1.8109800820182493,1.3414999960126668,-0.047671691609359884,0.054993329931866564,-0.041039546641383054,0.14832620816311967,-1.880613740247235,1.2832895395292587,-0.16250583409249067,-0.019641682133063318,-0.00740468588666619,0.09000117304571391,0.09000117304571391,0.0,0.0889201619289956,0.044665615920051305,0.0025942871211244514,2.008547226848744e-05,0.0605710523569916,-2.6772864080609384,0,0.20296027021742705
21.08703999999954,0.1809022039215181,-1.9094205687175274,1.002893388558812,-0.13457885544436698,-0.06745554986941056,-0.002811524319075292,0.2621388751281893,-2.1005273533108473,1.1137627615473027,-0.19650513099929776,0.030402857780980064,0.059639082422638504,0.2048246712381546,-1.9905093647243197,1.1986504596466303,-0.17953126387495,0.005625575466092269,0.0254167447164438,0.09000117304571391,0.09000117304571391,0.0,0.08868684945261943,0.0445478721417788,0.0025839541916089764,1.9975330791927925e-05,0.06039314453298505,-2.677287927118615,0,0.20233292478603415
21.09119999999954,0.1803431059216572,-1.9097008062109049,1.0028817209808814,-0.13418351996661468,-0.06725699841060054,-0.0028002187033460673,0.2842474429397197,-1.5089846975550605,0.43881263774574886,-0.07694692015605915,-0.16329195350581255,0.10732635610997229,0.24437636868263576,-1.7500815928722244,0.8189495465399017,-0.12815102184298374,-0.07964524437418574,0.06632827377943494,0.09000117304571391,0.09000117304571391,0.0,0.08845400939608172,0.04443037033468686,0.0025736619907177523,1.986580478332045e-05,0.06021571177873935,-2.677289442431865,0,0.20170742318576745
21.095359999999538,0.17978565075348119,-1.9099802186258112,1.0028701003211051,-0.13378924036224643,-0.0670589795775442,-0.0027889583462895415,0.07407942990362956,-1.9735571719656164,0.8145661534697197,-0.061409915683603,0.004700777762698602,-0.13156776283149482,0.1590983744362982,-1.8618113044571813,0.8164848425336947,-0.09449509780524207,-0.037412356065557414,-0.03293420365889699,0.09000117304571391,0.09000117304571391,0.0,0.08822164163883284,0.04431311040771796,0.002563410359976554,1.975689071973563e-05,0.060038753080011845,-2.6772909540117555,0,0.2010837604864268
21.099519999999536,0.17922983402691314,-1.910258808176719,1.0028585263916552,-0.13339601437632803,-0.06686149221783617,-0.002777743067973548,0.06624794680207002,-1.5472814610430055,1.212767326442359,-0.03103496538895259,-0.10443134739660861,-0.07964126194837794,0.11260665278692154,-1.7047624996748847,1.0144611318071741,-0.06214098016771961,-0.07038687222540813,-0.05528741223586189,0.09000117304571391,0.09000117304571391,0.0,0.08798974605387652,0.04419609226693458,0.002553199142292531,1.9648585099070582e-05,0.059862267423226014,-2.6772924618693135,0,0.20046193176837732
21.103679999999535,0.17867565136126562,-1.910536577073302,1.0028469990054503,-0.13300383975540894,-0.06666453517994618,-0.0027665726891727676,0.378401054190155,-2.065762725358191,1.2055929593597283,-0.16683469367905412,-0.09600569821903268,-0.020898241217628573,0.24515822343861612,-1.8854649224454976,1.1099857180582207,-0.11425099127203502,-0.08314907342294943,-0.03848102720924323,0.09000117304571391,0.09000117304571391,0.0,0.08775832250773608,0.04407931581520236,0.0025430281806805045,1.954088443983584e-05,0.05968625379548216,-2.6772939660155255,0,0.19984193212254228
21.107839999999534,0.17812309838523419,-1.9108135275204405,1.002835517976153,-0.13261271424754648,-0.06646810731323086,-0.0027554470313680027,0.2893610052405066,-2.2091074432849407,0.5989390161514512,-0.19572627275424948,-0.15741695781917547,-0.05645561735183878,0.2668531444241264,-2.0476153968782755,0.8543422152657231,-0.15514003965380638,-0.1205058728836197,-0.04787600120810249,0.09000117304571391,0.09000117304571391,0.0,0.08752737086064757,0.043962780952407327,0.002532897318912812,1.943378528106411e-05,0.059510711184568084,-2.677295466461338,0,0.1992237566503958
21.111999999999533,0.17757217073689116,-1.9110896617182236,1.0028240831181665,-0.13222263560232905,-0.0662722074679447,-0.002744365916742771,0.35314063138595814,-1.542138336009256,0.7657157757235477,-0.021316389199859648,0.03151013737478035,-0.007362583377138042,0.3099534647112457,-1.794809500143192,0.8100117057540464,-0.0883860681628874,-0.04368491281859728,-0.026970052240066468,0.09000117304571391,0.09000117304571391,0.0,0.08729689096648616,0.043846487575459725,0.0025228064017427995,1.932728418220354e-05,0.05933563857896959,-2.6772969632176573,0,0.19860740046395517
21.11615999999953,0.17702286406367906,-1.9113649818619538,1.0028126942466324,-0.1318336015708999,-0.06607683449525098,-0.0027333291681789678,0.43392810878764787,-2.7255439258963543,0.9834596148157025,-0.06661938317246077,-0.08374584572801422,0.023590316438873823,0.3718034296969833,-2.2603564375982503,0.8967851988151327,-0.0776684757083797,-0.06418266332969472,-0.0013361580956765301,0.09000117304571391,0.09000117304571391,0.0,0.08706688267290585,0.04373043557840464,0.0025127552736297944,1.9221377722986662e-05,0.05916103496788094,-2.6772984562953503,0,0.19799285868577335
21.12031999999953,0.17647517402240415,-1.9116394901421505,1.0028013511774272,-0.13144560990598,-0.06588198724723222,-0.0027223366092578153,0.31398608088407953,-1.77854856580448,1.3866389813870061,-0.2521476653623928,-0.15354961132564887,0.04540985277674315,0.3423685105199603,-2.019768355416577,1.1418092323251365,-0.16423316205803243,-0.10893425734632965,0.02238808564191215,0.09000117304571391,0.09000117304571391,0.0,0.0868373458213062,0.04361462485210524,0.0025027437804584583,1.9116062503231646e-05,0.05898689934121515,-2.6772999457052444,0,0.19738012644893158
21.12447999999953,0.1759290962792296,-1.9119131887445542,1.0027900537271595,-0.13105865836189134,-0.06568766457690194,-0.0027113880642536765,0.09966230030150992,-2.2584345328436317,1.2019655145414339,-0.13742059728956943,-0.13784633205118793,0.06201063484241497,0.22072928025066607,-2.139389650056408,1.1720162598436492,-0.15150369867536423,-0.12347523337495955,0.04244438288221247,0.09000117304571391,0.09000117304571391,0.0,0.08660828024699907,0.04349905528478082,0.0024927717682650986,1.9011335142833114e-05,0.058813230689614304,-2.6773014314581274,0,0.19676919889703118
21.12863999999953,0.17538462650966885,-1.91218607985013,1.0027788017131671,-0.13067274469457937,-0.06549386533821418,-0.0027004833581331837,-0.09011172018177438,-2.099849182576375,1.3406988345526913,-0.117256018987209,-0.038324115344335705,-0.03135195237094197,0.0650624822765197,-2.1196989480575037,1.256293055010345,-0.1342697526573667,-0.08085926062135919,0.005772792833833358,0.09000117304571391,0.09000117304571391,0.0,0.08637968577914862,0.043383726761583474,0.002482839083887493,1.8907192281536905e-05,0.05864002800445959,-2.6773029135647484,0,0.1961600711841859
21.132799999999527,0.1748417603985787,-1.912458165635072,1.0027675949535149,-0.13028786666163575,-0.0653005883860749,-0.0026896223165516126,0.2984544814128374,-2.0005486484892168,0.9802306645537455,-0.042477669710144855,0.08469057630844949,-0.15820804667494007,0.18167117874101343,-2.059947610331014,1.1179314682596022,-0.0880988026053686,0.002289610955311325,-0.07649965218250823,0.09000117304571391,0.09000117304571391,0.0,0.08615156224091172,0.04326863916492249,0.00247294557433172,1.8803630578871846e-05,0.05846729027788146,-2.677304392035817,0,0.19555273847501395
21.136959999999526,0.17430049364015238,-1.9127294482708068,1.0027564332669905,-0.12990402202232057,-0.06510783257635186,-0.002678804765851962,0.14973146249792565,-2.2858352158214506,1.496181818698624,-0.2880448004667182,-0.08208767201163725,0.1119143229887363,0.16510194551768348,-2.1730633149174072,1.3072925653346572,-0.18804611854573797,-0.04009499269810308,0.01745653333108964,0.09000117304571391,0.09000117304571391,0.0,0.0859239094494314,0.043153792374040684,0.002463091087850325,1.8700646713967176e-05,0.0582950165027695,-2.6773058668820044,0,0.19494719594462998
21.141119999999525,0.17376082193791245,-1.912999929923998,1.0027453164731028,-0.12952120853758448,-0.06491559676588637,-0.002668030533059471,-0.33447260415596936,-2.2631992038939748,1.3052126755896885,-0.264729127184151,0.10065867916912072,0.008778417416760937,-0.08523921241551707,-2.2179230454047563,1.3062722413652135,-0.2264988612566078,0.030524024376380913,0.012456107711739247,0.09000117304571391,0.09000117304571391,0.0,0.08569672721589741,0.04303918626587361,0.0024532754726679634,1.8598237385672162e-05,0.058123205672782396,-2.6773073381139434,0,0.1943434387786366
21.145279999999524,0.17322274100470375,-1.91326961275655,1.0027342443920784,-0.1291394239700907,-0.06472387981250145,-0.002657299445881527,-0.2595651542154741,-1.9386591649549316,0.5505345677875169,-0.014461448003921726,-0.0605403802851349,0.008512440758928742,-0.17243387707665167,-2.0784151565744655,0.9284171528203997,-0.12030401970025958,-0.014962291590328363,0.00984459004372437,0.09000117304571391,0.09000117304571391,0.0,0.08547001534563331,0.04292482071430567,0.0024434985780589155,1.849639931212884e-05,0.05795185678235762,-2.6773088057422276,0,0.19374146217311636
21.149439999999522,0.1726862465626861,-1.9135384989256126,1.0027232168448588,-0.12875866608423664,-0.06453268057501307,-0.002646611332703023,0.41537336978392625,-1.2786333617218348,1.0988151730123887,-0.09978497350746318,0.036497433569738266,0.06981188409599905,0.12126605923052217,-1.6784433379748938,1.0137619846643455,-0.10992538095998701,0.011047437624994275,0.040101985572904945,0.09000117304571391,0.09000117304571391,0.0,0.08524377363810393,0.042810695590280806,0.0024337602535003874,1.839512923072765e-05,0.05778096882672106,-2.6773102697774127,0,0.19314126133462325
21.15359999999952,0.17215133434332705,-1.9138065905835844,1.002712233653098,-0.12837893264617536,-0.06434199791324097,-0.0026359660225852657,0.3555536431605978,-1.9084791370871357,0.9045449349249328,-0.0854072877503001,-0.1855064450400442,-0.028118844615700373,0.23823337794378763,-1.793847774003639,0.9590938608451183,-0.09744286961567027,-0.08765987621372448,0.006163424375535982,0.09000117304571391,0.09000117304571391,0.0,0.08501800188698891,0.04269681076234111,0.002424060349108189,1.82944238981533e-05,0.05761054080189676,-2.677311730230016,0,0.19254283148017434
21.15775999999952,0.1716180000873944,-1.9140738898781178,1.0027012946391594,-0.128000221423837,-0.06415183068801715,-0.00262536334526307,-0.043446787761949546,-1.7979341840111942,0.3399280395829134,-0.14855631702072386,-0.005417317504846794,-0.217237045630705,0.09708133101380671,-1.795903319740304,0.6490551181995077,-0.12251538454972498,-0.04604173275863518,-0.10568952011097091,0.09000117304571391,0.09000117304571391,0.0,0.08479269988023083,0.042583166096096775,0.0024143987158595625,1.8194280090102332e-05,0.05744057170471627,-2.6773131871105176,0,0.19194616783724097
21.16191999999952,0.17108623954494875,-1.9143403989521228,1.002690399626113,-0.12762253018694966,-0.06396217776119673,-0.002614803131140922,-0.23161231640923033,-2.2255112164373534,0.591241609782587,-0.14470997805398567,-0.08429712722596902,-0.03661767093185426,-0.06756816928183092,-2.010884921246656,0.6200726693005458,-0.13390745074220398,-0.06549808108985739,-0.07157805025943136,0.09000117304571391,0.09000117304571391,0.0,0.08456786740006869,0.04246976145455081,0.002404775204745819,1.8094694601233563e-05,0.057271060532828086,-2.6773146404293593,0,0.19135126564374028
21.166079999999518,0.170556048475336,-1.9146061199437714,1.0026795484377327,-0.12724585670706057,-0.06377303799566728,-0.0026042852112926826,0.6375510526981951,-2.815961717473428,1.3268910656779358,-0.14162530350884647,-0.10439992878127138,0.0440634102869864,0.28470026889837013,-2.413644874861296,0.973577929541277,-0.13703002722969354,-0.08553641924470594,-0.013507707142387517,0.09000117304571391,0.09000117304571391,0.0,0.08434350422309933,0.042356596697889604,0.0023951896678498646,1.7995664245010022e-05,0.057102006284707005,-2.6773160901969453,0,0.1907581201480264
21.170239999999517,0.17002742264717952,-1.914871054986502,1.0026687408984933,-0.12687019875755656,-0.06358441025535917,-0.0025938094174567973,0.24707133250561786,-2.5749220904391183,1.1542977084612913,-0.3981943738790362,0.07382803993333885,-0.022557418355330674,0.2650558071243775,-2.4941309249137804,1.0638911900443713,-0.26687540396169457,-0.005925019912200741,-0.017563278873109246,0.09000117304571391,0.09000117304571391,0.0,0.08411961012036501,0.04224367168391477,0.002385641957713668,1.7897185853694896e-05,0.05693340795966333,-2.6773175364236423,0,0.19016672660888148
21.174399999999515,0.1695003578383725,-1.9151352062090239,1.0026579768335682,-0.12649555411368457,-0.06339629340525403,-0.002583375582034132,0.6303954985100577,-1.8296249521997192,0.80454182315621,-0.2000800052223264,-0.1494857387713005,0.2174407486257299,0.447311892523142,-2.162183834653914,0.9346657601721513,-0.23340688794773867,-0.07787891903249024,0.10050169333646292,0.09000117304571391,0.09000117304571391,0.0,0.08389618485730785,0.042130986267620074,0.002376131927346264,1.7799256278106616e-05,0.05676526455785197,-2.6773189791197805,0,0.18957708029550674
21.178559999999514,0.1689748498360701,-1.9153985757353214,1.0026472560688262,-0.12612192055257201,-0.06320868631139501,-0.0025729835380858025,0.14036249199822148,-2.3552736335640874,0.6080064749381326,-0.10016921273495523,-0.16269701601849373,-0.06572885507725863,0.29362731158379657,-2.2590661808607497,0.7711968947827976,-0.16709288948400247,-0.12139300951213056,0.017504222123467857,0.09000117304571391,0.09000117304571391,0.0,0.08367322819392434,0.0420185403014095,0.002366659430017572,1.7701872387538055e-05,0.05659757508028146,-2.677320418295652,0,0.18898917648751354
21.182719999999513,0.1684508944366816,-1.9156611656846585,1.002636578430829,-0.12574929585324685,-0.06302158784089615,-0.0025626331193318295,0.9386024849943241,-1.4976749742379412,1.07058172247365,-0.13664274430796772,-0.1371453703633797,-0.0492204524329632,0.6158351578663525,-1.878651470825816,0.9207889720978586,-0.1518501967281627,-0.12880526867788314,-0.01582770548535113,0.09000117304571391,0.09000117304571391,0.0,0.0834507398847198,0.0419063336352086,0.002357224320122404,1.76050310696828e-05,0.05643033852882301,-2.677321853961512,0,0.1884030104749141
21.186879999999512,0.1679284874458622,-1.9159229781715832,1.0026259437468286,-0.12537767779665746,-0.06283499686195128,-0.002552324160146245,-0.299551092945517,-1.7954730708281021,1.1960967520681656,0.005841016794246784,-0.11119489398488303,0.04873895270257989,0.15814924318555332,-1.8372935080483281,1.0585454493758453,-0.07372006112551407,-0.11974294155255313,0.016795181338458687,0.09000117304571391,0.09000117304571391,0.0,0.0832287196788502,0.041794366116148174,0.0023478264523337806,1.750872923047897e-05,0.05626355390621929,-2.6773232861275793,0,0.1878185775581124
21.19103999999951,0.16740762467850515,-1.9161840153059326,1.0026153518447638,-0.12500706416569232,-0.0626489122438442,-0.0025420564955556607,0.1963744057779525,-1.263889433541451,1.3537654856133623,-0.1815846384585826,0.04330062613793406,-0.033668532529116814,0.17688281502605566,-1.5504975698683918,1.2060865781334558,-0.1268827557484384,-0.03814720273979074,-0.007988387195586732,0.09000117304571391,0.09000117304571391,0.0,0.08300716732007654,0.041682637589317256,0.002338465681824421,1.7412963794143474e-05,0.05609722021609327,-2.677324714804037,0,0.18723587304789455
21.19519999999951,0.16688830195873347,-1.9164442791928367,1.0026048025532586,-0.12463745274519965,-0.06246333285695577,-0.002531829961236981,0.14976338077196819,-2.4462236264804154,0.9041994237147178,-0.01446331043113043,0.056276789155072504,-0.14040025878200937,0.1632944522743579,-1.9982513465998286,1.054848650321723,-0.0714627455949043,0.00979668161856201,-0.07408501832977153,0.09000117304571391,0.09000117304571391,0.0,0.08278608254687975,0.04157114789669869,0.002329141864488918,1.7317731702760407e-05,0.055931336462956865,-2.67732614000103,0,0.18665489226541987
21.19935999999951,0.1663705151198918,-1.9167037719327231,1.002594295701619,-0.12426884132200654,-0.06227825757277547,-0.0025216443935141357,-0.03818780989423615,-1.861306293514246,1.8687020437201407,-0.18798318696101943,-0.3407294927739233,-0.004244967370310114,0.06216044716519072,-1.9304869386446826,1.461771840289709,-0.1294921135876438,-0.16526633832750653,-0.03899046989287241,0.09000117304571391,0.09000117304571391,0.0,0.08256546509245577,0.04145989687813549,0.0023198548563098716,1.7223029916479004e-05,0.055765901652219604,-2.6773275617286685,0,0.18607563054221093
21.203519999999507,0.16585426000453787,-1.9169624956213227,1.00258383111983,-0.1239012276849383,-0.06209368526390884,-0.0025114996293575127,0.04306580652680571,-1.5196104359762996,1.600799035960154,-0.17195241339776762,-0.073753426677584,0.05564859239533306,0.0522553993754974,-1.7251986967085018,1.5314022533586782,-0.15074943452294678,-0.11976600468738763,0.008277354260759578,0.09000117304571391,0.09000117304571391,0.0,0.08234531468484393,0.041348884371122,0.002310604514435417,1.7128855413296257e-05,0.055600914790197124,-2.677328979997025,0,0.1854980832201441
21.207679999999506,0.1653395324644344,-1.917220452349673,1.0025734086385536,-0.12353460962483714,-0.06190961480408588,-0.002501395506378838,0.08767146244499899,-1.8405055936590844,1.0638333002241576,0.05951480301959347,-0.052192473143564205,-0.05004094637527386,0.07008590603759365,-1.7829610354733412,1.2975110800053975,-0.04487982084627244,-0.08621215010603407,-0.02119480781532065,0.09000117304571391,0.09000117304571391,0.0,0.08212563104685522,0.04123811021038097,0.0023013906963325233,1.7035205188841343e-05,0.055436374884119566,-2.6773303948161375,0,0.18492224565143991
21.211839999999505,0.16482632836054031,-1.9174776442041237,1.0025630280891251,-0.12316898493458121,-0.06172604506817117,-0.002491331862829622,0.16334292016521673,-1.4767830389194896,0.7346591353317338,-0.06887707092268808,-0.20521510262003717,-0.04356180192336877,0.11657244501710051,-1.6302986326302635,1.0159911382768918,-0.05718544137252577,-0.14479411720965407,-0.03265404612990036,0.09000117304571391,0.09000117304571391,0.0,0.08190641389622755,0.04112757422850945,0.002292213260008504,1.6942076256410787e-05,0.05527228094214001,-2.6773318061960074,0,0.18434811319865332
21.215999999999504,0.16431464356300238,-1.917734073266341,1.0025526893035517,-0.12280435140910294,-0.061542974932171306,-0.002481308537598711,-0.266651302742693,-1.7511187336196181,1.0316105495105905,-0.044968344446153316,-0.07493339242728073,0.014465642199217036,-0.07513572763719045,-1.6908653254670412,1.0238307582693904,-0.05103712853320762,-0.10989821501660363,-0.008961123026348298,0.09000117304571391,0.09000117304571391,0.0,0.08168766294562113,0.04101727625544915,0.002283072063804823,1.684946564675845e-05,0.05510863197334269,-2.677333214146601,0,0.1837756812346637
21.220159999999503,0.1638044739511465,-1.917989741613313,1.0025423921145091,-0.12244070684540748,-0.06136040327324457,-0.0024713253702106385,-0.21129318659306545,-1.8136175575033604,0.7792472531318471,-0.005180552187769208,0.012780795822937209,0.06316047370893003,-0.1432273233114375,-1.7522150303727826,0.9016689319677423,-0.027564563119617604,-0.04889660011452672,0.02696725839384531,0.09000117304571391,0.09000117304571391,0.0,0.0814693779026402,0.040907216119025605,0.0022739669666186103,1.6757370408109853e-05,0.054945426987751234,-2.677334618677848,0,0.18320494514266508
21.2243199999995,0.16329581541346905,-1.9182446513173534,1.002532136355339,-0.12207804904259101,-0.06117832896970834,-0.002461382200823076,0.2340812646212719,-2.1341133364654623,1.0179397203608496,-0.12131651205633653,-0.11665983223536366,-0.029362878905283142,0.045176635349838255,-1.9434094905100727,0.9597432335160649,-0.07412646425933274,-0.08278075226717475,-0.0007939959162946285,0.09000117304571391,0.09000117304571391,0.0,0.08125155846992196,0.040797393644525545,0.0022648978283389843,1.6665787605932063e-05,0.05478266499633673,-2.6773360197996445,0,0.1826359003161561
21.2284799999995,0.16278866384762797,-1.9184988044461078,1.0025219218600463,-0.1217163758018587,-0.06099675090104826,-0.002451478870222501,0.1334936092097422,-1.9842019520027998,1.1835310902181408,-0.22337939554632108,-0.02449153040709636,-0.0649429355795457,0.08887114462165606,-1.9638575974046666,1.0715026558384486,-0.14875635467978227,-0.053327791786346064,-0.03238709808671993,0.09000117304571391,0.09000117304571391,0.0,0.08103420434519881,0.040687808654915336,0.0022558645089997033,1.6574714322903245e-05,0.05462034501102581,-2.67733741752185,0,0.18206854215892976
21.2326399999995,0.16228301516043403,-1.9187522030625574,1.002511748463297,-0.12135568492654242,-0.060815667947926505,-0.0024416152198233477,-0.22543674759961246,-2.2532602421975803,0.7891612171107075,-0.13536212475862425,0.06231055838440483,0.15791382753387734,-0.06856754672149007,-2.108430711023162,0.9306578413461661,-0.14158089986759176,0.004181189884696366,0.06302796335179432,0.09000117304571391,0.09000117304571391,0.0,0.08081731522126698,0.0405784609710598,0.00224686686899999,1.648414765884198e-05,0.054458466044708574,-2.6773388118542893,0,0.18150286608506336
21.236799999999498,0.16177886526784188,-1.919004849225025,1.0025016160004152,-0.12099597422211852,-0.060635078992189145,-0.0024317910916662766,0.21486860429892424,-2.3926269089102794,0.8549316916985171,-0.16262424681085613,-0.004976259723750764,-0.07180602315500034,0.0728143237077957,-2.250542047778335,0.8926436640248739,-0.1521326148470298,3.5168780648093395e-05,-0.0037946615127455955,0.09000117304571391,0.09000117304571391,0.0,0.08060089078607563,0.040469350411299634,0.002237904769754377,1.6394084730484536e-05,0.054297027111246385,-2.677340202806753,0,0.18093886751890823
21.240959999999497,0.16127621009494095,-1.9192567449871785,1.0024915243073802,-0.12063724149622541,-0.06045498291687527,-0.0024220063284137003,0.3321013055315962,-2.0032540786856394,1.166040604826856,-0.14104878896673523,-0.13028185072627507,-0.14371907460131017,0.2021664113127303,-2.1271673782067975,1.0290465711483399,-0.14666820625902427,-0.06508475150726917,-0.07444759176613415,0.09000117304571391,0.09000117304571391,0.0,0.08038493072281597,0.040360476791776775,0.002228978073059518,1.6304522671455377e-05,0.054136027225479756,-2.6773415903889957,0,0.18037654189507937
21.245119999999496,0.16077504557594643,-1.9195078923980378,1.0024814732208245,-0.12027948455868057,-0.06027537860622474,-0.002412260773348007,0.1849663962806947,-2.2692385705172637,0.7750543805689041,-0.11374841747155386,0.04872937028666971,0.17676602066031746,0.19332947688482252,-2.1981011758530236,0.9024166280361549,-0.13010792413748748,-0.008875926781428126,0.051017492947264445,0.09000117304571391,0.09000117304571391,0.0,0.08016943470987686,0.040251839926546504,0.002220086641101515,1.6215458632212215e-05,0.053975465403236014,-2.677342974610739,0,0.179815884658445
21.249279999999494,0.1602753676541902,-1.9197582935019781,1.0024714625780313,-0.11992270122149788,-0.06009626494568554,-0.0024025542703696853,0.8132654622282882,-1.9105342271285553,0.8927392576190981,-0.12978776570743225,-0.15837180296106368,0.09019689704458478,0.5030316135213543,-2.0546474331167257,0.8977665472591118,-0.1298328230417465,-0.08249147969043027,0.07009248609220714,0.09000117304571391,0.09000117304571391,0.0,0.07995440242092078,0.04014343962715483,0.0022112303362490805,1.61268897797895e-05,0.053815340661336905,-2.677344355481669,0,0.1792568912641161
21.253439999999493,0.15977717228211144,-1.9200079503387362,1.0024614922169313,-0.11956688929890463,-0.059917640821922795,-0.00239288666399635,-0.14421709048961237,-2.05765626155515,0.9287869054380635,-0.25898986655949896,-0.19323770541078503,0.10856932146332872,0.1788646374002768,-2.0565540843315575,0.9135023358644064,-0.1946898426578089,-0.13771943855318958,0.08953451749068995,0.09000117304571391,0.09000117304571391,0.0,0.07973983352498643,0.040035275703177886,0.0022024090223452114,1.6038813297886707e-05,0.053655652017606206,-2.6773457330114385,0,0.17869955717743574
21.257599999999492,0.15928045542124744,-1.9202568649434146,1.0024515619761005,-0.11921204660735807,-0.05973950512282563,-0.0023832577993563977,0.45624399342777,-1.7710732385865717,1.4798145952811743,0.04936698201375092,-0.024487280238251197,0.039433739079717325,0.3176592081770375,-1.9138623400244843,1.1967436355262875,-0.0728068349338829,-0.08123399594565173,0.06487865816172977,0.09000117304571391,0.09000117304571391,0.0,0.07952572768644459,0.039927347961906445,0.0021936225627903205,1.595122638664598e-05,0.053496398490877145,-2.677347107209665,0,0.1781438778739687
21.26175999999949,0.15878521304222426,-1.9205050393464875,1.0024416716947582,-0.11885817096556214,-0.0595618567375153,-0.0023736675221906253,-0.007360652596116707,-1.766596530405335,0.9422504042156158,-0.13620200975950444,-0.22853737188242385,0.025580703086850426,0.15486280873480346,-1.840703533740918,1.069547941874254,-0.1040683244623372,-0.15498303478291733,0.045474682425058366,0.09000117304571391,0.09000117304571391,0.0,0.07931208456507421,0.03981965620845787,0.0021848708218319256,1.5864126262600672e-05,0.05333757910099981,-2.6773484780859325,0,0.1775898488394903
21.26591999999949,0.15829144112474725,-1.9207524755738057,1.002431821212763,-0.11850526019448397,-0.05938469455635289,-0.0023641156788484848,0.28903493921832546,-2.0599447406666083,1.2895286005979858,-0.2740044195244999,-0.07195960414601942,-0.0455613635687259,0.2213784084743264,-1.950474990114086,1.179443727159293,-0.18831234192771357,-0.11364738186498377,0.000595785601960503,0.09000117304571391,0.09000117304571391,0.0,0.07909890381612536,0.039712200245995144,0.0021761536647874665,1.5777510158587126e-05,0.05317919286884849,-2.6773498456497915,0,0.177037465569976
21.27007999999949,0.15779913565759154,-1.9209991756466014,1.0024220103706118,-0.11815331211737003,-0.05920801747094604,-0.0023546021162833973,0.4263264160873328,-1.8835883418996915,1.1011224681003238,0.023397176533988526,-0.1879559815392997,0.11773385659208227,0.32390272142446397,-1.9174221476280626,1.140526459279422,-0.08257190241136744,-0.1507937101942763,0.0596253211234245,0.09000117304571391,0.09000117304571391,0.0,0.07888618509034187,0.03960497987530452,0.0021674709565544514,1.569137532353545e-05,0.05302123881632889,-2.677351209910759,0,0.17648672357159015
21.274239999999487,0.15730829263859253,-1.9212451415814937,1.0024122390094365,-0.11780232455976221,-0.05903182437415754,-0.00234512668205432,0.16422737384201821,-2.11070355306964,1.0751871404770874,-0.1039949885159984,0.09745199565535029,0.01585697294439539,0.24384698374740005,-2.013862299964431,1.1078903743993125,-0.09297433334636303,-0.026304743332942034,0.0372392175322274,0.09000117304571391,0.09000117304571391,0.0,0.07867392803401105,0.03949799489512108,0.002158822563328479,1.5605719022478686e-05,0.05286371596638528,-2.677352570878317,0,0.17593761836067542
21.278399999999486,0.15681890807463622,-1.9214903753904942,1.0024025069710019,-0.11745229534951378,-0.05885611416011248,-0.0023356892243200974,-0.09812866336729126,-1.6476660742062148,0.4775594977295875,-0.06711570380167363,-0.20135446715687616,-0.18210903461651679,0.07271709907897013,-1.8311796084129257,0.7923426653278024,-0.08001328826394352,-0.11421636871165045,-0.0728639573062178,0.09000117304571391,0.09000117304571391,0.0,0.07846213228897328,0.03939124510224108,0.002150208351114031,1.5520538536517156e-05,0.05270662334300766,-2.6773539285619163,0,0.17539014546374163
21.282559999999485,0.15633097798164952,-1.9217348790810116,1.0023928140977025,-0.1171032223168052,-0.05868088572420495,-0.002326289591840064,0.14607106990788316,-1.9770146287772195,0.9134458650799621,-0.16626682754127398,-0.04362056596029089,0.10483837668624735,0.10904917964639997,-1.904188251070966,0.8531143151210273,-0.12333265358887756,-0.07921990679841524,0.015426853060653174,0.09000117304571391,0.09000117304571391,0.0,0.07825079749272512,0.03928473029131355,0.0021416281870148338,1.543583116261744e-05,0.052549959971238694,-2.6773552829709737,0,0.17484430041745436
21.286719999999484,0.15584449838459052,-1.921978654655858,1.002383160232561,-0.1167551032941596,-0.05850613796310565,-0.002316927633969245,0.05344419008915095,-2.2807661157383117,1.227855554613704,-0.031293582169113085,-0.011412082011515959,0.023775571959445893,0.0811810476226496,-2.0925040460481363,1.040536263258624,-0.07724283803976244,-0.045084364069442155,0.01995955277878909,0.09000117304571391,0.09000117304571391,0.0,0.07803992327838905,0.0391784502550593,0.0021330819383864955,1.5351594213500774e-05,0.05239372487718073,-2.677356634114872,0,0.17430007876862413
21.290879999999483,0.1553594653174386,-1.9222217041132528,1.002373545219225,-0.11640793611645832,-0.05833186977476857,-0.0023076032006571065,0.1716484172568764,-2.0022972424952035,0.9162094715116874,-0.12355050611103162,0.002021109831124107,-0.10347921043276793,0.1261582344050637,-2.0473970527867946,0.9781567578040268,-0.1003217646356979,-0.02093667883996763,-0.041749111899870454,0.09000117304571391,0.09000117304571391,0.0,0.07782950927483004,0.03907240478384866,0.0021245694730573413,1.5267825017524788e-05,0.05223791708800256,-2.677357982002962,0,0.1737574760741952
21.29503999999948,0.15487587482318463,-1.9224640294468296,1.0023639689019648,-0.11606171862095603,-0.05815808005843942,-0.0022983161424453657,0.2763453625038702,-1.7704897482339501,1.0528411929228962,-0.08287105997209217,-0.16101146616539805,-0.09921534546492183,0.2010793826492942,-1.9092772888029204,1.0152942042964226,-0.09106988430124677,-0.09051947608726975,-0.07099370148989886,0.09000117304571391,0.09000117304571391,0.0,0.07761955510661206,0.03896659366645484,0.0021160906597640795,1.5184520918768714e-05,0.052082535631946335,-2.677359326644561,0,0.17321648790123392
21.29919999999948,0.1543937229538209,-1.9227056326456406,1.0023544311256711,-0.115716448647296,-0.05798476771466095,-0.0022890663104640184,-0.2300217768055264,-1.6646924527273068,1.4371938262045065,-0.2881073081610587,-0.12040574989168377,0.2220142971922114,-0.015074739509568872,-1.7872345400630996,1.2267079318312843,-0.18896484676621278,-0.10500855838149199,0.07588532104618866,0.09000117304571391,0.09000117304571391,0.0,0.07741006039412812,0.03886101668941848,0.0021076453668754415,1.5101679276748468e-05,0.05192757953833424,-2.677360668048955,0,0.17267710982691764
21.30335999999948,0.1539130057703312,-1.9229465156941628,1.0023449317358526,-0.11537212403752482,-0.05781193164528087,-0.0022798535564326396,0.1292787999735143,-1.643766939697226,0.7368636158969155,0.011048731115982466,-0.21257728898965664,0.1690398196396888,0.057124565207314626,-1.7159404771590063,0.9821337286618887,-0.08827067294658703,-0.15946564719399572,0.1225601949553814,0.09000117304571391,0.09000117304571391,0.0,0.07720102475355692,0.03875567363748021,0.002099233464110204,1.501929746641713e-05,0.05177304783757512,-2.6773620062253958,0,0.1721393374385231
21.307519999999478,0.15343371934268077,-1.9231866805723021,1.0023354705786331,-0.1150287426361074,-0.057639570753458054,-0.0022706777326545707,-0.08810602204490606,-2.5749088127859987,1.608861522429136,-0.08320358338645137,-0.013626551130756087,-0.06273616138526107,-0.015665380066039437,-2.1454572959275806,1.295372542311745,-0.08546127533483816,-0.08737405431441532,0.029433113684535696,0.09000117304571391,0.09000117304571391,0.0,0.07699244779695302,0.03865056429315873,0.002090854821262162,1.4937372877994496e-05,0.05161893956117107,-2.6773633411831037,0,0.17160316633341513
21.311679999999477,0.15295585974980602,-1.9234261292554007,1.0023260475007498,-0.11468630228994146,-0.057467683943670425,-0.0022615386920164155,0.5434250651886903,-1.9459928069466967,1.0046324129555722,-0.0794455279017737,0.030809981600491407,-0.07162452072826675,0.26371815012646815,-2.0456596417654858,1.1498508375371046,-0.08228055179660033,-0.028255967683797945,-0.02078692064112049,0.09000117304571391,0.09000117304571391,0.0,0.07678432913228364,0.038545688437397405,0.0020825093086344667,1.48559029170456e-05,0.051465253741724004,-2.677364672931267,0,0.17106859211903475
21.315839999999476,0.15247942307960446,-1.9236648637142413,1.0023166623495499,-0.114344800848372,-0.0572962701217202,-0.0022524362879856896,-0.12268333627299297,-1.751744975329419,1.2400754073737938,-0.1677501907651214,0.0616507892727942,-0.09972509894201521,0.0701659954793063,-1.8985726401166307,1.194755973074864,-0.12510987071306048,0.01698981536771567,-0.06008005782670242,0.09000117304571391,0.09000117304571391,0.0,0.07657666836345212,0.038441045849142666,0.002074196797475286,1.4774885004210518e-05,0.05131198941294203,-2.6773660014790415,0,0.17053561041288764
21.319999999999474,0.15200440542892443,-1.9239028859150527,1.002307314972989,-0.11400423616320556,-0.057125328194740865,-0.0022433703746067035,0.1234286182741868,-2.4580851132444397,0.8430982549080601,-0.05751091271028445,-0.07768487039657881,0.09180141873839309,0.09667675083188175,-2.178493322963887,1.019115851538806,-0.09068591419083293,-0.03084690952400093,0.015728834176076033,0.09000117304571391,0.09000117304571391,0.0,0.07636946509032169,0.03833663630513533,0.0020659171587014483,1.4694316575095615e-05,0.05115914560964577,-2.677367326835551,0,0.17000421684253275
21.324159999999473,0.15153080290355475,-1.924140197819516,1.0022980052196286,-0.11366460608872452,-0.056954857071205046,-0.002234340806501725,0.14617777360934206,-1.41859835847226,1.1058032942968576,-0.09099506379584112,-0.09920381048302584,-0.1386878779252392,0.12123727580663056,-1.798745689761266,1.0621711109912748,-0.09032803452453751,-0.06558579686899478,-0.06118028622263388,0.09000117304571391,0.09000117304571391,0.0,0.07616271890879231,0.0382324595807713,0.0020576702646164687,1.4614195080396821e-05,0.051006721367774815,-2.677368649009887,0,0.16947440704557
21.328319999999472,0.15105861161821432,-1.92437680138477,1.0022887329386334,-0.11332590848170097,-0.05678485566092877,-0.0022253474388650185,0.2282712096380461,-1.9402274909945512,0.840195692070298,-0.0007210779187386135,-0.06364413566789168,0.11019896465848232,0.1747529392395994,-1.869620734037132,0.9514112401219174,-0.04526456492747552,-0.06424210837608722,0.02441123402755044,0.09000117304571391,0.09000117304571391,0.0,0.07595642941083794,0.038128515449145514,0.0020494559872071758,1.4534517985561585e-05,0.050854715724393804,-2.677369968011111,0,0.1689461766696288
21.33247999999947,0.15058782769654178,-1.9246126985634162,1.002279497979769,-0.11298814120141051,-0.056615322875079754,-0.0022163901274639434,0.09250728849528339,-2.006981736537649,0.9776099461440311,0.01736224729419389,-0.1522514964802722,-0.07791682427509014,0.1336656495296965,-1.9386166165894896,0.9643492056474323,-0.01395430376745532,-0.1093271711450131,-0.026983740301702707,0.09000117304571391,0.09000117304571391,0.0,0.0757505961844901,0.038024803681805344,0.0020412741996475633,1.4455282770898795e-05,0.050703127717698644,-2.6773712838482515,0,0.16841952137235597
21.33663999999947,0.15011844727108492,-1.9248478913035254,1.0022703001933997,-0.11265130210964608,-0.0564462576261825,-0.002207468728633832,0.1075800978736394,-1.826383787717043,1.3024237448383693,0.04081919305380416,-0.01576225951344621,-0.20836584865445174,0.12070729267074788,-1.8825327869351693,1.132958095317933,0.01357378279346503,-0.062269370049852765,-0.11893707186826756,0.09000117304571391,0.09000117304571391,0.0,0.07554521881394186,0.037921324048328944,0.002033124774808933,1.437648693133536e-05,0.05055195638702261,-2.6773725965303057,0,0.1678944368214039
21.34079999999947,0.1496504664832902,-1.9250823815486426,1.0022611394304861,-0.11231538907073134,-0.05627765882812521,-0.0021985830992790655,-0.33244825204880557,-1.583889715025814,0.7216820829319285,-0.08594697733025336,-0.16378548270992496,0.09400691517853217,-0.10605421823187514,-1.7335502533865006,0.9275124726419283,-0.035314537643858585,-0.11281747811242988,-0.012348767157022444,0.09000117304571391,0.09000117304571391,0.0,0.07534029687955843,0.03781807631654453,0.002025007586977913,1.4298127976437452e-05,0.05040120077284236,-2.67737390606624,0,0.16737091869441842
21.344959999999467,0.14918388148349213,-1.9253161712377933,1.0022520155425825,-0.11198039995153411,-0.05610952539616575,-0.0021897330968669347,-0.5173932810585349,-2.0078772112730947,0.9308095103872185,-0.070283442629326,-0.10323217825126743,0.010803164866470968,-0.3118734210456994,-1.870931026015633,0.9291828409144746,-0.052505583101090214,-0.10771089642447418,-0.0004646523864654599,0.09000117304571391,0.09000117304571391,0.0,0.07513582995788759,0.03771506025253621,0.0020169225103672597,1.4220203430297604e-05,0.05025085991678388,-2.6773752124649897,0,0.16684896267902677
21.349119999999466,0.14871868843090263,-1.9255492623054888,1.0022429283818348,-0.11164633262147966,-0.05594185624693763,-0.0021809185794277957,-0.03052109736102282,-2.1686516302318175,1.016675357938296,-0.16226785577596914,-0.0632133986027399,0.07201748262581191,-0.17153312120109573,-2.0199251841324095,0.9730788776962034,-0.10722662574457772,-0.08532522323740616,0.036073851243074245,0.09000117304571391,0.09000117304571391,0.0,0.07493181762173726,0.03761227562064964,0.002008869419549527,1.4142710831429699e-05,0.05010093286162841,-2.6773765157354585,0,0.1663285644728254
21.353279999999465,0.14825488349360028,-1.9257816566817325,1.0022338778009783,-0.11131318495256376,-0.05577465029845589,-0.002172139405553368,0.517417706763279,-1.5440729976336927,0.5878145909498005,0.02925872765654694,-0.15938576044914565,-0.07820399896318657,0.17300775712129093,-1.7823279088836306,0.7802820608890108,-0.03888983860035774,-0.12204781175781645,-0.021386889102112366,0.09000117304571391,0.09000117304571391,0.0,0.07472825944022615,0.03750972218349789,0.0020008481898920686,1.4065647732641515e-05,0.04995141865131821,-2.67737781588652,0,0.1658097197833677
21.357439999999464,0.14779246284851957,-1.9260133562920247,1.002224863653335,-0.11098095481936548,-0.05560790647012306,-0.002163395434393219,-0.14470297444976274,-1.631254384608836,1.603168009606911,0.04407047289485108,-0.021679042411147473,0.2033753411040951,0.014240247718395998,-1.7068361197905597,1.19215367456114,0.0033474924954807793,-0.07141863082801686,0.09104408770991664,0.09000117304571391,0.09000117304571391,0.0,0.07452515497874113,0.03740739970175326,0.00199285869692252,1.3989011700934917e-05,0.049802316330962326,-2.677379112927016,0,0.16529242432815197
21.361599999999463,0.14733142268144014,-1.9262443630573696,1.0022158857928116,-0.11064964009906021,-0.05544162368273594,-0.0021546865256539104,0.014785742830857818,-1.6546588475970192,1.0339208237988018,0.049867179429639794,0.05234646010553632,0.009805904776203793,0.01461542343586344,-1.680638735171728,1.1130567105339109,0.02722845613321256,-0.009305653567349647,0.05034720714044401,0.09000117304571391,0.09000117304571391,0.0,0.07432250379905483,0.03730530793468742,0.001984900817191477,1.3912800317597507e-05,0.049653624946842334,-2.6773804068657587,0,0.16477667383460887
21.36575999999946,0.14687175918697584,-1.92647467889428,1.0022069440738965,-0.11031923867143217,-0.05527580085849013,-0.002146012539594554,0.1658260939279497,-2.158110915948236,0.6937482609478971,-0.04676340996796148,-0.010797737537957909,0.22786894889132542,0.09012346235750031,-1.9194004862909237,0.9038742665989977,-0.009239645030070014,-0.010118606635342833,0.13873407899304266,0.09000117304571391,0.09000117304571391,0.0,0.07412030545932316,0.03720344663964305,0.001976974427424472,1.3837011177927878e-05,0.04950534354641793,-2.6773816977115295,0,0.16426246404008912
21.36991999999946,0.14641346856856383,-1.9267043057147841,1.0021980383516589,-0.10998974841888695,-0.05511043692098677,-0.0021373733370258848,-0.21797826041254206,-2.530833068690181,1.061432711996761,-0.3370845900652245,0.021249428323972627,0.04787058558142048,-0.0646298909924442,-2.225076380190273,0.9827522350924086,-0.1735210519388196,0.005333756061400673,0.09423430847993626,0.09000117304571391,0.09000117304571391,0.0,0.07391855951413626,0.037101815572574,0.001969079404313798,1.3761641891268925e-05,0.04935747117833255,-2.677382985473079,0,0.16374979069185103
21.37407999999946,0.14595654703845357,-1.926933245426431,1.002189168481745,-0.10966116722646382,-0.054945530795237035,-0.0021287687793102223,-0.0703160143580468,-1.866551813301484,1.3131659734538077,-0.22531093599611357,-0.18041200687824133,0.006217213806080736,-0.06794282333984988,-2.04618723005053,1.1479739286515926,-0.19884015254372822,-0.08733954317753281,0.05043301378442864,0.09000117304571391,0.09000117304571391,0.0,0.07371726551455621,0.037000414487409886,0.0019612156258088653,1.3686690080783041e-05,0.04921000689241874,-2.677384270159128,0,0.16323864954704798
21.378239999999458,0.14550099081769585,-1.9271614999322964,1.0021803343203768,-0.10933349298184794,-0.054781081407669296,-0.002120198728356016,0.283769609964592,-2.147102160907559,1.3027571975269343,0.00038268025227110314,-0.14753520838633116,0.020997029570028188,0.10791602013824021,-2.096952478466102,1.2254104944569213,-0.09893844109289282,-0.11733355894100246,0.03563272817746849,0.09000117304571391,0.09000117304571391,0.0,0.07351642300812797,0.03689924313681002,0.001953382969840498,1.3612153383560364e-05,0.049062949739703696,-2.6773855517783676,0,0.16272903637271588
21.382399999999457,0.14504679613613175,-1.9273890711309887,1.0021715357243492,-0.10900672357538245,-0.054617087686133124,-0.002111663046617761,0.3370031051026847,-1.9424236782544622,0.6870083179505264,0.10450571781634789,0.02897972752188844,0.18197722075966616,0.22267815197687588,-2.0196267959122425,0.9565838228462658,0.002954553794571697,-0.04414980455148394,0.10895102490303361,0.09000117304571391,0.09000117304571391,0.0,0.07331603153891722,0.036798301271528264,0.0019455813149687785,1.353802945035648e-05,0.0489162987724146,-2.6773868303394583,0,0.16222094694576072
21.386559999999456,0.1445939592323814,-1.927615960916655,1.002162772551028,-0.10868085690008053,-0.05445354855990593,-0.0021031615970932066,0.3422679202945261,-2.060227759109064,0.9442582099153621,-0.22728059796934116,-0.018287713651482712,-0.06720103149075882,0.28199961809004825,-2.0399659842495472,0.9502806166615683,-0.11141845211340878,-0.031035425191748008,0.021144613919239635,0.09000117304571391,0.09000117304571391,0.0,0.07311609064758812,0.0366975886408462,0.0019378105403903712,1.3464315945612565e-05,0.04877005304398396,-2.6773881058510307,0,0.16171437705294567
21.390719999999455,0.14414247635383293,-1.927842171178987,1.0021540446583475,-0.10835589085163701,-0.054290462959697854,-0.002094694243320482,-0.2724875386582414,-1.6205010596346998,1.1034972461841346,-0.14566892586372418,-0.026702591178644382,0.15178733149890467,0.00444951179326168,-1.8302888614656616,1.0272034156914687,-0.12870460653411814,-0.02755462225624391,0.08756406493290744,0.09000117304571391,0.09000117304571391,0.0,0.07291659987140123,0.03659710499247236,0.0019300705255175174,1.3391010547382162e-05,0.048624211609054835,-2.677389378321686,0,0.16120932249087844
21.394879999999453,0.1436923437566311,-1.9280677038032272,1.0021453519048085,-0.10803182332844005,-0.05412782981765702,-0.00208626084937703,-0.17850206947909425,-2.352008928601716,1.0128150658683084,0.0015508021097391522,0.006681161739820259,0.06437852552375621,-0.0870233887671517,-2.0911372371572883,1.0201440693609596,-0.06403946223988594,-0.011117855620325814,0.07548049539781496,0.09000117304571391,0.09000117304571391,0.0,0.0727175587442514,0.03649685007254831,0.0019223611499840174,1.3318110947204386e-05,0.04847877352348601,-2.6773906477599962,0,0.1607057790659986
21.399039999999452,0.14324355770566616,-1.9282925606701746,1.0021366941494756,-0.10770865223158274,-0.053965648067374805,-0.002077861279878508,0.7258651080795449,-1.849918765376115,1.1291701655029902,0.07209142785513725,-0.12211339287868699,0.01566258612593807,0.3195767498451653,-1.970780454119386,1.0746906042760918,0.0038951671461188255,-0.06653713014697411,0.045505064190491384,0.09000117304571391,0.09000117304571391,0.0,0.07251896679670564,0.036396823625654565,0.0019146822947220948,1.3245614850004428e-05,0.0483337378443571,-2.677391914174503,0,0.16020374259456457
21.40319999999945,0.1427961144745625,-1.9285167436561907,1.0021280712519758,-0.10738637546487441,-0.05380391664389107,-0.0020694953999731893,-0.42064874226292637,-1.8702761161808246,0.9852755026584125,-0.130405669665598,-0.01447100812491952,0.11072185847360204,-0.050812332027837456,-1.9205583271792672,1.0302126532738058,-0.06328699744566452,-0.040196764838014584,0.07814427143518407,0.09000117304571391,0.09000117304571391,0.0,0.07232082355604127,0.03629702539470965,0.0019070338400441703,1.3173519974013287e-05,0.048189103629973654,-2.6773931775737183,0,0.159703208902641
21.40735999999945,0.1423500103456673,-1.9287402546332062,1.002119483072495,-0.1070649909348519,-0.05364263448369984,-0.0020611630753443596,0.22631957383655638,-2.016725775295149,1.1947630400940459,-0.010569656758239801,0.13412690578485054,0.12528975952814006,0.08773368616484606,-1.968362965137849,1.1127511250658735,-0.03698488698176545,0.046579357381767196,0.10097933173883543,0.09000117304571391,0.09000117304571391,0.0,0.07212312854625713,0.03619745512140374,0.0018994156677879098,1.310182405079702e-05,0.04804486993987214,-2.6773944379661265,0,0.15920417382608557
21.41151999999945,0.141905241610039,-1.928963095468726,1.0021109294717776,-0.10674449655079073,-0.05348180052475312,-0.002052864172203799,-0.5287449801180389,-1.5277620032161792,0.9607918245983882,-0.10223851403400754,-0.054246404480597796,0.04770328427760038,-0.22072172360800063,-1.7481713163006998,1.036869174176477,-0.07003561580461759,-0.004267383849181155,0.0745653086811849,0.09000117304571391,0.09000117304571391,0.0,0.07192588128817859,0.036098112545563485,0.001891827659184506,1.3030524824993813e-05,0.04790103583482487,-2.677395695360182,0,0.1587066332105363
21.415679999999448,0.141461804567436,-1.9291852680258363,1.0021024103111222,-0.10642489022471587,-0.053321413706467445,-0.0020445985572941166,-0.12566704804321843,-1.9858632115951385,1.0760792285530507,-0.08990295847445591,0.058107114282518864,-0.04335529343430511,-0.17338118354256288,-1.8668975521995175,1.0563851710884569,-0.07974330884644582,0.026668777249468312,0.01519273413388267,0.09000117304571391,0.09000117304571391,0.0,0.07172908129938874,0.03599899740579923,0.0018842696967895489,1.2959620054422597e-05,0.047757600376844914,-2.67739694976431,0,0.15821058291139822
21.419839999999446,0.1410196955263051,-1.9294067741632102,1.002093925452381,-0.10610616987141278,-0.05316147296972768,-0.002036366097883056,0.20427826206398736,-1.5333050766846608,1.247851665187396,-0.05436708399203976,0.02694323089045233,-0.11615116211256464,0.015339119278138438,-1.700042640442489,1.1518782454293552,-0.06754693922402659,0.026662430130520696,-0.0505085758091158,0.09000117304571391,0.09000117304571391,0.0,0.07153272809432007,0.03590010943908371,0.0018767416632073167,1.288910750990422e-05,0.04761456262919089,-2.6773982011869077,0,0.15771601879383063
21.423999999999445,0.14057891080376994,-1.929627615735114,1.002085474757957,-0.10578833340843809,-0.05300197725689259,-0.002028166661763112,0.2918594409993135,-1.9608033086650023,0.8726425482305926,-0.2082873993875018,-0.1531950437221348,0.0032884968523187496,0.15316789620579405,-1.8307423970189982,1.0122653229367273,-0.1378662570501605,-0.0637565205052194,-0.023632752502268903,0.09000117304571391,0.09000117304571391,0.0,0.07133682118429269,0.03580144838118575,0.0018692434415244624,1.281898497522337e-05,0.04747192165637177,-2.6773994496363422,0,0.15722293673273363
21.428159999999444,0.1401394467256194,-1.9298477945914132,1.0020770580908018,-0.10547137875613012,-0.052842925511798595,-0.002020000117249354,0.08478320165646444,-1.8744264997923874,1.2737746772965994,-0.09678582461705085,-0.1294253424266641,0.01936772184437077,0.118773878677515,-1.8528535734872598,1.1430628413478294,-0.11738635333928099,-0.09677018901826924,-0.002484848015930832,0.09000117304571391,0.09000117304571391,0.0,0.07114136007752586,0.03570301396603509,0.001861774915316661,1.2749250246918026e-05,0.04732967652415149,-2.677400695120953,0,0.15673133261273522
21.432319999999443,0.139701299626296,-1.930067312577579,1.0020686753144137,-0.10515530383761938,-0.05268431667976622,-0.002011866333177212,0.24066134332592537,-2.1980823794224893,1.4558374046694396,0.012692129699049981,-0.0028678797509820025,0.08110186445908164,0.17974487638708145,-2.0254751181978223,1.299621381895261,-0.052361791891266316,-0.0504208476740399,0.03912008844222849,0.09000117304571391,0.09000117304571391,0.0,0.07094634427918983,0.03560480592647654,0.0018543359684411072,1.2679901134437867e-05,0.047187826299553724,-2.6774019376490505,0,0.15624120232817798
21.43647999999944,0.13926446584888416,-1.930286171534694,1.002060326292835,-0.10484010657883881,-0.052526149707603345,-0.0020037651789011138,0.056019733557013285,-2.3149424034444572,0.7122264326029599,-0.07446530306211259,-0.1000121394599594,-0.046624817509147605,0.11772638656634068,-2.1704172279044904,1.00582386450224,-0.06333184378061037,-0.07597342751097379,-0.004249739648669901,0.09000117304571391,0.09000117304571391,0.0,0.07075177329141727,0.03550682399384893,0.001846926485685024,1.261093545990567e-05,0.0470463700508664,-2.6774031772289177,0,0.1557525417831057
21.44063999999944,0.1388289417450986,-1.930504373299459,1.0020520108906503,-0.10452578490853402,-0.052368423543610265,-0.0019956965242904482,0.647225394073263,-1.9162528006309874,0.861695622664119,-0.10236349791372863,-0.050904098280122476,-0.1391774184288392,0.38226586011458813,-2.043440604001301,0.9334687371612599,-0.08244979429526215,-0.06272430244787842,-0.07145831975138299,0.09000117304571391,0.09000117304571391,0.0,0.07055764661334188,0.03540906789799113,0.0018395463517027946,1.2542351058045192e-05,0.0469053068476462,-2.6774044138688082,0,0.1552653468912503
21.44479999999944,0.13839472367527247,-1.930721919704199,1.0020437289729849,-0.10421233675827338,-0.05221113713758469,-0.0019876602397299646,-0.22836554323294114,-1.605820135483649,1.268996690313683,-0.2569882681162149,-0.13160917504476705,-0.2029750050674517,0.07641166321694828,-1.8249018326550766,1.1008132095212309,-0.1698548918615766,-0.09678636257564041,-0.1373669390831932,0.09000117304571391,0.09000117304571391,0.0,0.07036396374113674,0.03531153736767595,0.0018321954516631496,1.2474145776203401e-05,0.046764635760723115,-2.6774056475769483,0,0.15477961357601816
21.44895999999944,0.13796180800834557,-1.930938812576869,1.0020354804055012,-0.10389976006245792,-0.05205428944082496,-0.001979656196117409,-0.10304996077327697,-1.664843781861327,0.8549419622382184,-0.06480499726983953,-0.09121871854464234,-0.023910082240072017,-0.013455111256364869,-1.7450602094499539,0.977826140838967,-0.11737792739658412,-0.0945847503332367,-0.08064948047525716,0.09000117304571391,0.09000117304571391,0.0,0.07017072416805278,0.035214232129761214,0.0018248736716841574,1.2406317474065997e-05,0.04662435586220475,-2.677406878361536,0,0.1542953377704771
21.453119999999437,0.13753019112185252,-1.9311550537410611,1.0020272650543975,-0.10358805275833113,-0.05189787940613681,-0.001971684264859462,0.06440051239982914,-2.0290524942645662,1.0585546717337793,-0.22952005045610654,-0.33603844380085895,0.06546322698437881,0.024996173407801796,-1.8877568129688642,1.0183274757224656,-0.17359715520143784,-0.21552517002976082,-0.007767371512562741,0.09000117304571391,0.09000117304571391,0.0,0.06997792738441741,0.03511715191037158,0.0018175808979845453,1.2338864023905128e-05,0.046484466225480844,-2.677408106230741,0,0.1538125154173426
21.457279999999436,0.1370998694019109,-1.9313706450160104,1.0020190827864064,-0.1032772127859887,-0.051741905987835186,-0.001963744317871083,0.7035460135836504,-2.0047119470176393,1.2373534692126478,-0.1968334499904839,-0.10316690304067427,0.016481020627178475,0.36386546514302065,-1.9464500798976314,1.127875003904108,-0.18474805261897592,-0.1592102458877206,0.004971340146735577,0.09000117304571391,0.09000117304571391,0.0,0.06978557287771295,0.035020296433943374,0.0018103170168890185,1.2271783310211987e-05,0.04634496592522742,-2.6774093311927056,0,0.15333114246896437
21.461439999999435,0.1366708392432093,-1.931585588216601,1.0020109334687914,-0.102967238088388,-0.05158636814175005,-0.0019558362275749514,-0.3928378751471594,-1.9004931742296365,0.40539819358751095,-0.019989353871855672,-0.2347365851064926,0.11968519629570262,-0.014533619371363517,-1.9239588132881842,0.7668811086082477,-0.10211859680573664,-0.19732317929635168,0.062021048653071044,0.09000117304571391,0.09000117304571391,0.0,0.06959366013256202,0.03492366542365791,0.001803081915690282,1.2205073229728212e-05,0.04620585403741109,-2.6774105532555446,0,0.152851214887313
21.465599999999434,0.13624309704899532,-1.9317998851533729,1.002002816969346,-0.10265812661135759,-0.05143126482523042,-0.0019479598668972237,0.22450319479223796,-2.3444811182283147,1.0270160404009148,0.018249968367785488,-0.05881386465859525,0.07630122844585802,0.1050237027818945,-2.1343453839026063,0.8971090073428576,-0.04159726179805629,-0.1280079432674185,0.06920435910405184,0.09000117304571391,0.09000117304571391,0.0,0.06940218863080613,0.03482725860134113,0.0017958754818003459,1.2138731691400517e-05,0.0460671296392933,-2.677411772427345,0,0.15237272864396628
21.469759999999432,0.13581663923106363,-1.9320135376325276,1.0019947331563908,-0.1023498763036065,-0.05127659499714879,-0.0019401151092669218,0.4086645524011703,-2.2988950410712246,0.8381014842704363,-0.3102604670550603,0.04758240464897125,-0.006376762985331485,0.2561996739997367,-2.2165226913740206,0.8675919852460123,-0.17531275358733614,-0.040080970844610854,0.031218690245814733,0.09000117304571391,0.09000117304571391,0.0,0.06921115785147763,0.03473107568768362,0.0017886976031841967,1.2072756616352466e-05,0.04592879180943442,-2.6774129887161666,0,0.15189567972009552
21.47391999999943,0.1353914622097439,-1.9322265474559355,1.0019866818987715,-0.10204248511673342,-0.05112235761790463,-0.0019323018286134099,0.4168532329364438,-1.8842625867572662,0.6638306722917886,-0.14524172095582388,0.0030297536446846005,0.05351405200120558,0.33622546011002596,-2.0503857366872937,0.7658204294050693,-0.1602700364520155,-0.01769920795393112,0.0427405829621953,0.09000117304571391,0.09000117304571391,0.0,0.06902056727089195,0.0346351164020334,0.0017815481683664588,1.2007145937706593e-05,0.04579083962769784,-2.6774142021300418,0,0.15142006410645184
21.47807999999943,0.13496756241388877,-1.9324389164211415,1.0019786630658574,-0.10173595100523579,-0.05096855164942882,-0.0019245198993639175,-0.004842521144526962,-1.9562133700202136,0.7489914238812658,-0.20807238542032325,-0.032010405685971424,-0.16389415348541345,0.16525715148426212,-2.003366546030062,0.7570648433838107,-0.18457836643552036,-0.024338945757893683,-0.0605296970877987,0.09000117304571391,0.09000117304571391,0.0,0.0688304163626195,0.034539380462509095,0.0017744270660097127,1.194189760052323e-05,0.04565327217525397,-2.677415412676975,0,0.15094587780335258
21.48223999999943,0.13454493628086162,-1.9326506463213715,1.001970676527539,-0.10143027192651881,-0.050815176055187504,-0.0019167691964428082,0.11826351355039597,-2.2890500492448864,1.0892135971891619,-0.2727912641448002,-0.09785286097654555,-0.012909954093406922,0.14119262045004452,-2.1464149799207277,0.9231152822508985,-0.22868621892615035,-0.060537219341043544,-0.03700660864398203,0.09000117304571391,0.09000117304571391,0.0,0.06864070459757787,0.03444386758579243,0.001767334185133999,1.1877009561721335e-05,0.045516088534584276,-2.6774166203649448,0,0.15047311682066766
21.486399999999428,0.13412358025652452,-1.932861738945539,1.0019627221542253,-0.10112544584090412,-0.05066222980018695,-0.0019090495952699203,0.11015477388754534,-2.083752702801888,0.8520039722845826,-0.09695698607017181,0.09222991750824716,0.1267543738586772,0.12547098648934937,-2.114891876531044,0.8878216144376883,-0.1624329640706871,0.0159852444459441,0.04542148147634461,0.09000117304571391,0.09000117304571391,0.0,0.06845143144400412,0.034348577487562135,0.0017602694157653224,1.1812479790151322e-05,0.04537928778948519,-2.677417825201902,0,0.15000177717780555
21.490559999999427,0.13370349079522603,-1.9330721960782513,1.001954799816843,-0.10082147071163865,-0.05050971185097647,-0.0019013609717561952,0.01849551878344316,-1.8396259423463892,1.0151277876283624,-0.22434524298644415,0.0271194191328282,-0.258184404160987,0.0715156420157654,-1.9772018009769607,0.950937682055907,-0.19327431520928054,0.022140794392786926,-0.10593228238762407,0.09000117304571391,0.09000117304571391,0.0,0.06826259636750667,0.03425350988228683,0.0017532326478727923,1.1748306266398335e-05,0.045242869025071956,-2.6774190271957705,0,0.14953185490369958
21.494719999999425,0.13328466435978895,-1.9332820194998166,1.0019469093868334,-0.10051834450490323,-0.0503576211756523,-0.0018937032023037788,0.22680818920212215,-1.8284619149174153,1.0887117819910248,-0.12597365738642333,-0.04650439560911404,0.058640812467957645,0.1489006046980826,-1.902928027529887,1.01994705075512,-0.1594474845411279,-0.011945356337651697,-0.02335981839625235,0.09000117304571391,0.09000117304571391,0.0,0.06807419883111795,0.03415866448312456,0.0017462237718016277,1.1684486982690811e-05,0.04510683132778247,-2.677420226354448,0,0.149063346036794
21.498879999999424,0.13286709742149802,-1.9334912109862494,1.001939050736151,-0.10021606518982097,-0.05020595674386188,-0.0018860761638042792,-0.23695427620476348,-1.9994876121176275,0.889440418148763,-0.16503691533400439,-0.06875476304155201,-0.016525828124032776,-0.04437341915983852,-1.9513525162845815,0.9546585869082785,-0.16194785221071267,-0.039859393389702194,-0.020010056663375488,0.09000117304571391,0.09000117304571391,0.0,0.067886238295293,0.034064041002035944,0.0017392426784933216,1.1621019942850613e-05,0.044971173785381034,-2.6774214226858053,0,0.1485962466250302
21.503039999999423,0.13245078646008776,-1.9336997723092777,1.0019312237372608,-0.0999146307384657,-0.0500547175268076,-0.0018784797336361299,0.003312920291998339,-1.998657319748422,1.440775806168064,-0.03540610347518766,0.003635604805088642,0.014746906507025835,-0.020603424953110766,-1.9749980142351058,1.1977511468488566,-0.09874972914635896,-0.01795736866474459,-0.002573971396347494,0.09000117304571391,0.09000117304571391,0.0,0.0676987142179219,0.03396963914979059,0.0017322892594923067,1.155790316228196e-05,0.044835895486962096,-2.6774226161976857,0,0.14813055272583286
21.507199999999422,0.13203572796372998,-1.9339077052363496,1.0019234282631373,-0.09961403912587026,-0.04990390249725066,-0.001870913789661897,-0.18841510943867196,-1.9445550292748301,1.1384159144218466,0.1280098830974557,-0.14717759849882012,-0.027843196362403348,-0.10424504187546556,-1.9600830926298214,1.168024949764508,0.015027764514830897,-0.0822424492533505,-0.01508549029931129,0.09000117304571391,0.09000117304571391,0.0,0.0675116260544355,0.03387545863629454,0.0017253634063100981,1.1495134667933984e-05,0.04470099552295394,-2.6774238068979077,0,0.14766626040609546
21.51135999999942,0.1316219184290215,-1.9341150115306391,1.0019156641872613,-0.09931428833003451,-0.049753510629513414,-0.0018633782102282772,0.2965185681869058,-1.6056701725621176,1.0625884643965373,-0.01275525114323034,0.10454514557422781,-0.1700306170337683,0.0961144022023521,-1.7826560872900128,1.1149526124113933,0.0004815664220591203,0.010843946432155636,-0.09269328191759516,0.09000117304571391,0.09000117304571391,0.0,0.06732497325775108,0.03378149916984846,0.0017184650112866458,1.1432712498029426e-05,0.04456647298512218,-2.6774249947942623,0,0.1472033657421669
21.51551999999942,0.13120935436097175,-1.9343216929510536,1.001907931383619,-0.09901537633193347,-0.04960354089948493,-0.0018558728741624882,-0.045200001907253845,-1.8065837283460653,0.9490236869895529,-0.11246848622969648,-0.026648819632534987,-0.05178519687263005,0.02522176287372943,-1.794675418920492,1.031878987638819,-0.05573751861239249,-0.007940956682718351,-0.07210276323551362,0.09000117304571391,0.09000117304571391,0.0,0.06713875527832475,0.03368776045800907,0.0017115939667409728,1.1370634702235686e-05,0.04443232696657348,-2.677426179894515,0,0.14674186481983706
21.51967999999942,0.1307980322729904,-1.9345277512522396,1.001900229726699,-0.09871730111552522,-0.049453992284622904,-0.0018483976607721875,-0.17742490022548488,-2.0215294981262466,1.491336712605798,0.027982611880740485,-0.19908723321080357,0.09447689586533531,-0.07604486820988125,-1.908517915757635,1.2618073280327782,-0.013842163109617276,-0.10361044793711142,0.011294852399963974,0.09000117304571391,0.09000117304571391,0.0,0.06695297156420382,0.03359424220706153,0.001704750166046697,1.1308899341420062e-05,0.044298556561758975,-2.677427362206404,0,0.14628175373432284
21.523839999999417,0.13038794868687473,-1.9347331881845895,1.0018925590914913,-0.0984200606677587,-0.04930486376395776,-0.001840952449840931,0.017225391444818383,-1.7477741001330702,0.7371646385170724,-0.012786449982896658,-0.07418622297606048,0.0911543350064303,-0.02943657003582052,-1.8282997679480273,0.9996725979534419,-0.01288697357495585,-0.08862151479357568,0.050888909988269726,0.09000117304571391,0.09000117304571391,0.0,0.06676762156103949,0.0335009441220257,0.0016979335021408276,1.1247504487625885e-05,0.04416516086647772,-2.6774285417376436,0,0.14582302859025412
21.527999999999416,0.12997910013279732,-1.9349380054942482,1.0018849193534844,-0.09812365297858139,-0.04915615431809681,-0.0018335371216298205,-0.14170074879953168,-2.6312858390360736,0.7282135640967958,-0.0973866977946156,-0.05848358136895471,0.042061169037349445,-0.08577262082332002,-2.229918923104304,0.8640285819337711,-0.05483602980848507,-0.07410427515020493,0.046516748559595325,0.09000117304571391,0.09000117304571391,0.0,0.06658270471211244,0.03340786590709023,0.00169114386924046,1.1186448224146653e-05,0.044032138977880206,-2.67742971849592,0,0.14536568550165946
21.532159999999415,0.12957148314929337,-1.93514220492312,1.0018773103886642,-0.09782807604094686,-0.0490078629292265,-0.0018261515568720463,0.29105027409758183,-1.9070807144217237,1.037382769784878,-0.015177228120351424,-0.10290040646826822,-0.08269666463542878,0.10260876398532792,-2.068710187572145,0.9505347443164424,-0.034465208687209536,-0.0891746250754001,-0.018015367083637216,0.09000117304571391,0.09000117304571391,0.0,0.06639822045837226,0.03331500726529876,0.0016843811611380738,1.1125728645309109e-05,0.04389948999447166,-2.677430892488895,0,0.14490972059195192
21.536319999999414,0.12916509428324827,-1.9353457882088747,1.001869732073511,-0.09753332785082225,-0.048859988581116044,-0.0018187956367744663,0.053334456464894306,-1.8670033264522625,0.7319499125114353,-0.08739446323328928,-0.09197051551538132,0.022242045693217645,0.07778951796603974,-1.9680472755254148,0.8412866358835683,-0.060941103344805785,-0.09026756005585174,0.0023155007326859153,0.09000117304571391,0.09000117304571391,0.0,0.06621416823843648,0.033222367898663355,0.0016776452729182238,1.1065343856438355e-05,0.04376721301611533,-2.677432063724204,0,0.14445512999391477
21.540479999999413,0.12875993008988496,-1.9355487570849543,1.0018621842849984,-0.09723940640719571,-0.04871253025912057,-0.0018114692430120892,-0.21531914246216033,-1.7895184026484479,0.47004496412163943,0.0008114110709403211,-0.15168309612256586,0.10851655540485702,-0.06876489850034138,-1.8790969395606612,0.6558904170116658,-0.030202018618558275,-0.12104193570384075,0.054686297273212045,0.09000117304571391,0.09000117304571391,0.0,0.06603054748862996,0.03312994750785017,0.0016709360994670115,1.1005291973714104e-05,0.04363530714403577,-2.677433232209457,0,0.1440019098496877
21.54463999999941,0.1283559871327513,-1.93575111328058,1.0018546669005912,-0.09694630971208364,-0.04856548695018557,-0.001804172257728743,0.1740602369288554,-2.4932502806796317,0.8197571595234682,0.056827835432449667,-0.05034346401453702,0.011642688071267176,0.052768280324018875,-2.1862818840423963,0.7378498390924317,0.012965126925064109,-0.08605138330959457,0.032836566793680515,0.09000117304571391,0.09000117304571391,0.0,0.06584735764305083,0.03303774579293434,0.0016642535359044155,1.0945571124352776e-05,0.043503771480822157,-2.677434397952239,0,0.14355005631075182
21.54879999999941,0.12795326198370738,-1.9359528585207586,1.0018471797982431,-0.09665403577053776,-0.048418857642848194,-0.0017969045635359586,0.357816909059383,-1.7039569546265394,0.9212994556091054,-0.16788990093177217,0.0857928288319168,0.13728369295603873,0.20494563452025816,-1.9449379265958342,0.8298622572025912,-0.07750436087269565,1.787863298388366e-05,0.08467835426905328,0.09000117304571391,0.09000117304571391,0.0,0.06566459813355646,0.03294576245276565,0.0016575974784463106,1.0886179446287772e-05,0.04337260513043135,-2.677435560960109,0,0.1430995655379158
21.55295999999941,0.12755175122291298,-1.9361539945262887,1.001839722856395,-0.09636258259065215,-0.048272641327241246,-0.0017896660435082281,-0.03064346094953596,-1.9229205094997672,1.0507181900829836,-0.1374758130033608,0.07775631073079611,0.1572580827731808,0.08686358547151501,-1.9337684275804228,0.9406168401414687,-0.10753092241056116,0.03940837855058143,0.12193542944351869,0.09000117304571391,0.09000117304571391,0.0,0.06548226838977622,0.032853997184974754,0.0016509678231274331,1.0827115088151147e-05,0.043241807198191,-2.6774367212406007,0,0.14265043370130148
21.557119999999408,0.12715145143881476,-1.9363545230137682,1.0018322959539736,-0.09607194818357036,-0.04812683699509709,-0.0017824565811836496,0.12462601329882146,-2.1144207650927074,1.0739628989939873,-0.07011249581009328,-0.12918991221550194,0.03441645257954968,0.10559789240307858,-2.024364327863013,1.0073622665332742,-0.08818013047466308,-0.044997226781458226,0.07823988679145695,0.09000117304571391,0.09000117304571391,0.0,0.06530036783917739,0.03276244968662126,0.0016443644664478905,1.0768376209376871e-05,0.04311137679080275,-2.677437878801223,0,0.14220265698032925
21.561279999999407,0.12675235922813355,-1.9365544456956005,1.001824898970388,-0.09578213056349205,-0.04798144363974888,-0.00177527606056179,-0.012965713261452932,-1.6167643833651368,1.2266745465674003,0.04783257170791547,-0.12854098647551992,0.038732866702644066,0.0464134182665086,-1.820830852949704,1.1171001762487016,-0.01954200070517431,-0.08580785542216725,0.05864670200929186,0.09000117304571391,0.09000117304571391,0.0,0.06511889590706466,0.0326711196534524,0.0016377873058074973,1.0709960979912447e-05,0.04298131301634517,-2.6774390336494602,0,0.1417562315637039
21.565439999999406,0.12635447119585155,-1.936753764280001,1.0018175317855291,-0.09549312774767992,-0.04783646025613493,-0.00176812436609984,0.32224144316293335,-2.0627829570426863,1.1890163311437045,-0.045838172575828444,-0.038870767672016804,0.12306860949480203,0.18423469173195198,-1.9418893432389055,1.153314100146861,-0.03301199748422241,-0.062392744865258865,0.09115930125106843,0.09000117304571391,0.09000117304571391,0.0,0.06493785201664631,0.03258000678023003,0.0016312362384422515,1.0651867580264845e-05,0.04285161498427677,-2.6774401857927703,0,0.14131115364940008
21.569599999999404,0.1259577839551996,-1.9369524804710043,1.001810194279768,-0.09520493775646607,-0.04769188584080166,-0.00176100138271309,0.47960943997219185,-1.8221266750726415,1.216270513845299,-0.07105620871147351,-0.0989690993126113,-0.014316590377726176,0.33177691221162625,-1.882212728607721,1.1847637185986901,-0.05230782538232378,-0.08082059980898607,0.03806788202581733,0.09000117304571391,0.09000117304571391,0.0,0.0647572355890069,0.03248911076105815,0.0016247111618566705,1.0594094201529028e-05,0.042722281805438966,-2.6774413352385875,0,0.14086741944464778
21.573759999999403,0.12556229412764436,-1.9371505959684705,1.001802886333952,-0.09491755861325873,-0.047547719391905205,-0.0017539069957737102,-0.04297150232513883,-1.2772115374650503,1.0788313327980843,-0.09397329351967561,0.07026885937737953,0.03385755277635206,0.144205066441484,-1.5795625985798367,1.1318662608057979,-0.07335211123189014,-0.004873839197357838,0.036418030442219335,0.09000117304571391,0.09000117304571391,0.0,0.06457704604314674,0.03239843128874843,0.0016182119748999755,1.0536639045137137e-05,0.04259331259205892,-2.677442481994321,0,0.14042502516591784
21.577919999999402,0.1251679983428754,-1.9373481124680922,1.001795607829406,-0.09463098834454871,-0.04740395990921568,-0.0017468410911049758,0.12494227583702976,-2.0066974705035383,0.8002568706162324,0.02953538812627879,-0.10664347432904284,-0.16965921065928774,0.13463409668037138,-1.7933546128500684,0.9657042102354404,-0.02149545538963237,-0.055860758107511205,-0.06557416800749082,0.09000117304571391,0.09000117304571391,0.0,0.06439728279604817,0.032307968055468,0.0016117385754188703,1.0479500322942651e-05,0.04246470645775244,-2.677443626067355,0,0.13998396703890734
21.5820799999994,0.12477489323879241,-1.9375450316614011,1.0017883586479268,-0.09434522497991553,-0.047260606394118734,-0.0017398035549853318,0.09090612962748412,-2.1406421300577345,0.965437953589827,-0.13075562839419114,-0.08792331121227448,-0.15080302342472812,0.11249784834628984,-1.9671836980969615,0.9652575121827393,-0.07612291581616677,-0.07188105116216247,-0.10823027940885882,0.09000117304571391,0.09000117304571391,0.0,0.06421794526264175,0.032217720752211965,0.0016052908630430976,1.0422676257039023e-05,0.042336462517526735,-2.67744476746505,0,0.13954424129852527
21.5862399999994,0.12438297546149227,-1.9377413552357745,1.0017811386717845,-0.09406026655203385,-0.047117657849619334,-0.001732794274140764,-0.42061882242830284,-2.399207082504727,1.3566950473082864,-0.11704271123985033,0.06995147035091615,-0.1679599498313611,-0.15430787598100248,-2.1830513434691188,1.1606315282164248,-0.09647776172027042,-0.001730169555398374,-0.1389862265175134,0.09000117304571391,0.09000117304571391,0.0,0.06403903285588583,0.032127689069130494,0.0015988687368395484,1.0366165079800844e-05,0.04220857988778322,-2.677445906194741,0,0.13910584418887775
21.5903999999994,0.1239922416652561,-1.9379370848744426,1.0017739477837189,-0.09377611109667947,-0.04697511328034413,-0.0017258131357470526,-0.4572032554202693,-1.6131006075322665,1.1590290347421535,-0.05738139194693407,-0.16702517896577898,0.18341228746879193,-0.3058768828730819,-1.898420852504465,1.1602109774356597,-0.07700610775805708,-0.08366617243534946,0.022569881057138558,0.09000117304571391,0.09000117304571391,0.0,0.06386054498674609,0.03203787269564272,0.0015924720965999539,1.0309965033833649e-05,0.042081057686320214,-2.677447042263739,0,0.13866877196325342
21.594559999999397,0.12360268851253638,-1.938132222256495,1.001766785866938,-0.0934927566527354,-0.046832971692543426,-0.001718860027426584,-0.29384799495499847,-2.186414907009656,1.0933263776912698,-0.030894232306477573,0.006363210653662063,-0.15398311272695023,-0.29992717710774863,-2.042407226790943,1.1264463532266622,-0.053682283362806116,-0.0383845626514156,-0.06493755639184269,0.09000117304571391,0.09000117304571391,0.0,0.06368248106425527,0.03194827132012289,0.0015861008424192038,1.0254074371811424e-05,0.04195389503233562,-2.677448175679331,0,0.13823302088410874
21.598719999999396,0.12321431267394388,-1.938326769056887,1.001759652805116,-0.0932102012621978,-0.046691232094094405,-0.0017119348372469508,-0.10143326274506019,-1.437239089576679,1.110601395324254,-0.06393001618643702,0.08292605710396816,-0.05863317131968636,-0.20081231975751854,-1.7396459821859607,1.1184023612769842,-0.05855727759479285,0.022042973808970096,-0.0620517502092269,0.09000117304571391,0.09000117304571391,0.0,0.06350484049552603,0.031858884630013795,0.001579754874914848,1.0198491356452263e-05,0.041827091046429496,-2.67744930644878,0,0.13779858722305358
21.602879999999395,0.12282711082823479,-1.9385207269464475,1.0017525484823921,-0.09292844297018173,-0.0465498934945039,-0.0017050374537186086,0.3381238193825486,-1.7832116354417753,1.2210125607342486,-0.1403431171737271,0.06164028350941806,-0.08380118644538152,0.06836767269934464,-1.7613016611313839,1.1695343336893367,-0.09947443294106481,0.04220331133351386,-0.07314563607551493,0.09000117304571391,0.09000117304571391,0.0,0.06332762268575069,0.031769712312047366,0.0015734340950189184,1.0143214260545057e-05,0.041700644850606726,-2.677450434579324,0,0.13736546726083623
21.607039999999394,0.1224410796622976,-1.9387140975918846,1.001745472783368,-0.09264747982492702,-0.046408954904910246,-0.001698167765793466,0.4397517681151541,-2.148658142245039,0.7032539674447856,-0.07736598009737009,-0.14614621293041347,-0.057590100051128565,0.25390097191876315,-1.9552871614113252,0.9362711655516602,-0.08821569918613191,-0.05168564165879333,-0.06539939990075797,0.09000117304571391,0.09000117304571391,0.0,0.06315082703827431,0.03168075405203784,0.00156713840398326,1.008824136679907e-05,0.04157455556827951,-2.677451560078178,0,0.13693365728732884
21.611199999999393,0.12205621587114009,-1.9389068826557934,1.0017384255931059,-0.09236730987780381,-0.04626841533808603,-0.0016913256628633803,0.2793080880714387,-2.171145833703331,0.8660676178314948,-0.22094976433057106,-0.0004348716874238087,0.06589672314329131,0.2661442111196871,-2.063218550353102,0.9013071737559462,-0.15412822120974187,-0.026237692103587687,-0.0003415759612884175,0.09000117304571391,0.09000117304571391,0.0,0.06297445295458766,0.03159200953499543,0.0015608677033848595,1.0033570967790941e-05,0.04144882232426987,-2.6774526829525325,0,0.1365031536015125
21.61535999999939,0.12167251615787626,-1.939099083796662,1.0017314067971277,-0.0920879311833181,-0.04612827380844032,-0.001684511034758679,0.5752395551600578,-1.6275826410403003,1.2431197432725785,0.08417036543568354,0.0024268173673917745,0.052793170763877156,0.42086818641650525,-1.8453914923983707,1.0723240814094828,-0.03454626519997218,-0.012391586792513965,0.02698077030074085,0.09000117304571391,0.09000117304571391,0.0,0.06279849983434695,0.031503478445026156,0.0015546218953453447,9.97920136591043e-06,0.04132344424481208,-2.6774538032095547,0,0.1360739525114627
21.61951999999939,0.12128997723371328,-1.9392907026688788,1.001724416281412,-0.09180934179911723,-0.04598852933202134,-0.0016777237717457373,-0.11115889756812057,-2.167137023429435,1.422045425620704,0.046236673174191445,-0.15198444625044033,-0.012863541858238878,0.15494728244764092,-2.0065848873245473,1.2471607881887323,0.005748703695198737,-0.08109490273448133,0.00689609432318654,0.09000117304571391,0.09000117304571391,0.0,0.06262296707541364,0.031415160465445555,0.0015484008823228104,9.925130873320794e-06,0.04119842045755511,-2.6774549208563876,0,0.13564605033433433
21.62367999999939,0.1209085958179383,-1.9394817409227394,1.0017174539323932,-0.09153153978599526,-0.045849180926518684,-0.0016709637645254474,0.14190750399128566,-2.216249407585102,1.4634476035417978,-0.05502800838992309,-0.020014131505048598,-0.058333810818808264,0.1483129090670924,-2.1114593258097427,1.3551853638710034,-0.024666416079625456,-0.050999632871635364,-0.02618935256495734,0.09000117304571391,0.09000117304571391,0.0,0.06244785407388094,0.03132705527878553,0.0015422045671171442,9.87135781191955e-06,0.04107375009156501,-2.677456035900151,0,0.13521944339634703
21.627839999999388,0.12052836863790539,-1.939672200204453,1.001710519636959,-0.09125452320789813,-0.045710227611265475,-0.001664230904231662,-0.00928686965372541,-1.7642561944192652,1.2357215871890102,-0.23229679116016683,0.17897368188655338,0.06348252654228866,0.06902804248649483,-1.9374838482313326,1.29558375444759,-0.1281298776897801,0.06434626266407563,0.019086558040418727,0.09000117304571391,0.09000117304571391,0.0,0.06227316022406679,0.031239162566801204,0.0015360328528753594,9.817880513264734e-06,0.04094943227732722,-2.6774571483479415,0,0.13479412803277016
21.631999999999387,0.12014929242902235,-1.9398620821561499,1.0017036132824488,-0.09097829013192898,-0.045571668407240536,-0.001657525082429592,0.03387729374505588,-2.187377972728094,1.0770886592119389,0.017148864664904076,-0.1335629448352994,-0.09814716966071231,0.05148876258929445,-2.0627092642072133,1.1861298713487594,-0.05582258970926176,-0.0351736148291672,-0.03920386027431766,0.09000117304571391,0.09000117304571391,0.0,0.06209888491859393,0.03115148201037092,0.0015298856430969229,9.764697318489459e-06,0.04082546614674883,-2.6774582582068316,0,0.13437010058790808
21.636159999999386,0.11977136393473754,-1.9400513884158876,1.0016967347566526,-0.09070283862835307,-0.04543350233707095,-0.0016508461911142248,-0.24000346521562016,-1.5905422237769788,0.5630587372716704,0.02554381209238757,0.1890153478979672,-0.18031818529852595,-0.09420667002495516,-1.8262311430471716,0.8742137937949276,-0.014947748069995558,0.07779580976177929,-0.10922595316790219,0.09000117304571391,0.09000117304571391,0.0,0.06192502754834282,0.031064013289823722,0.0015237628418532509,9.711806578309147e-06,0.04070185083316091,-2.6774593654838705,0,0.1339473574150851
21.640319999999384,0.1193945799065267,-1.9402401206176587,1.001689883947808,-0.09042816677060289,-0.04529572842503327,-0.001644194122707792,0.14765026710188853,-2.5987913850113014,0.8166723074447395,-0.06319997311790379,-0.04842119795913218,0.10796574137418648,0.026591813657976665,-2.2126165827678306,0.8456687167174082,-0.03896346597770453,0.014309787783991681,-0.0013667721499504917,0.09000117304571391,0.09000117304571391,0.0,0.061751587502531693,0.03097675608451886,0.0015176643533653719,9.659206652841967e-06,0.04057858547132061,-2.677460470186085,0,0.13352589487663066
21.644479999999383,0.11901893710387969,-1.9404282803913964,1.0016830607445992,-0.09015427263528301,-0.04515834569705652,-0.0016375687700590016,0.04337031767785722,-2.0480340174084515,0.8165284067590357,-0.10313036641167449,-0.029176123264433924,0.00033470836949994797,0.034765955708307206,-2.1303839599639867,0.8310984357119514,-0.07069698847887378,-0.007850611532417737,-0.00021883846046897405,0.09000117304571391,0.09000117304571391,0.0,0.06157856416872311,0.030889710072959153,0.0015115900822227487,9.606895911623137e-06,0.04045566919741336,-2.677461572320478,0,0.13310570934386462
21.648639999999382,0.1186444322942873,-1.9406158693629827,1.0016762650361557,-0.08988115430217487,-0.045021353180724616,-0.0016309700264413912,0.38687274946644734,-2.1095581519574385,0.651246520740766,-0.0881681684709501,0.07048126268715388,0.12032503131692275,0.21063671453028107,-2.119824103905883,0.7414212340219739,-0.07860697052033488,0.031210610554793322,0.06016956173938306,0.09000117304571391,0.09000117304571391,0.0,0.061405956932823705,0.030802874933332558,0.0015055399333886192,9.554872733681452e-06,0.0403331011490551,-2.67746267189403,0,0.13268679719708174
21.65279999999938,0.11827106225322796,-1.9408028891542546,1.0016694967120492,-0.08960880985424154,-0.04488474990527669,-0.0016243977855516158,-0.33712937739040355,-2.189159748115727,1.0108571848561931,-0.3174142301841749,-0.043528474722171646,0.14523758592823557,-0.06390948098651746,-2.1545818343150036,0.8764435661630421,-0.19842604753035276,-0.006690202197446247,0.10251473951496243,0.09000117304571391,0.09000117304571391,0.0,0.06123376517914435,0.030716250342664134,0.001499513812419486,9.503135507233396e-06,0.0402108804652942,-2.6774637689136975,0,0.13226915482553722
21.65695999999938,0.11789882376415449,-1.9409893413830113,1.001662755662293,-0.0893372373776323,-0.04474853490161081,-0.001617851941506865,0.11745135662349497,-1.847623706208465,0.7939082276840533,-0.11213942623460618,-0.173921556655675,-0.018033810493062852,0.026539289446899622,-2.0014626974179075,0.8351378617410602,-0.15544659851902076,-0.09013971555612545,0.04222309881917646,0.09000117304571391,0.09000117304571391,0.0,0.061061988290399924,0.030629835977570838,0.0014935116248286067,9.451682629824393e-06,0.04008900628661366,-2.6774648633864153,0,0.13185277862743142
21.66111999999938,0.11752771361848079,-1.9411752276630208,1.0016560417773395,-0.08906643496168722,-0.04461270720228468,-0.0016113323888448947,0.3870759774735318,-2.6997995583946772,0.8122989392358141,-0.15856068444871108,-0.11231696194725976,0.05587419640381201,0.2064797795249046,-2.350871070824144,0.8238346773061288,-0.1567268751520037,-0.10053436751624106,0.04894202314899012,0.09000117304571391,0.09000117304571391,0.0,0.06089062564772267,0.030543631513734237,0.0014875332771608404,9.40051250813854e-06,0.03996747775493295,-2.6774659553190947,0,0.13143766500989498
21.665279999999377,0.11715772861556853,-1.9413605496040272,1.001649354948079,-0.08879640069894162,-0.0444772658415184,-0.0016048390225195917,0.12679325937121913,-1.895919176074537,1.134464449133628,-0.026913788322600274,-0.014989887804169676,-0.003427649214526952,0.16658110667394233,-2.1234240663043575,0.9791439150375589,-0.09236944968176924,-0.05731184258326966,0.023093469673047047,0.09000117304571391,0.09000117304571391,0.0,0.0607196766307089,0.03045763662633484,0.0014815786755007802,9.349623558060284e-06,0.03984629401361016,-2.677467044718625,0,0.13102381038897362
21.669439999999376,0.11678886556271383,-1.9415453088117571,1.0016426950658377,-0.08852713268513045,-0.04434220985519557,-0.0015983717379027785,0.5664195749215667,-2.044849439563167,0.6670765764090446,-0.08875680806696061,-0.037965467552381754,0.022106015843272344,0.3663193877229707,-2.0842155874950365,0.8231554001518115,-0.09097718712300688,-0.047439230529890845,0.02194671035952667,0.09000117304571391,0.09000117304571391,0.0,0.06054914061743223,0.030371850989631494,0.0014756477267604462,9.299014204526248e-06,0.03972545420744379,-2.6774681315918722,0,0.13061121118961347
21.673599999999375,0.11642112127513386,-1.9417295068879274,1.001636062022376,-0.08825862901919251,-0.04420753828086604,-0.0015919304307806283,0.10284279987021207,-1.696506561027938,1.134042063225454,-0.11631873043370829,-0.01120965722935275,-0.2164562580358588,0.23433640475521855,-1.8903806604788398,0.9781518435571994,-0.10321079733027475,-0.02981555987550623,-0.09779688549212491,0.09000117304571391,0.09000117304571391,0.0,0.060379016984463754,0.03028627427750273,0.0014697403382575988,9.248682881595455e-06,0.03960495748267477,-2.6774692159456808,0,0.13019986384564533
21.677759999999374,0.11605449257595356,-1.9419131454302514,1.001629455709887,-0.08799088780327469,-0.04407325015774647,-0.0015855149973518377,0.36652971873078183,-1.5373299753744416,1.0064681218360996,-0.14184978524839173,-0.03232836014873591,0.021435752553571344,0.300138529321642,-1.7139209357847083,0.9923549215234888,-0.12232874332299742,-0.03066487733821753,-0.038262698508927925,0.09000117304571391,0.09000117304571391,0.0,0.060209305106885255,0.030200906162919428,0.0014638564175069044,9.198628032254093e-06,0.039484802986988185,-2.677470297786872,0,0.1297897647997702
21.681919999999373,0.11568897629619215,-1.9420962260324461,1.0016228760209944,-0.08772390714273608,-0.04393934452672303,-0.0015791253342266989,0.17159320731107228,-1.8660564567198985,1.4532524131228908,-0.169092518342479,-0.12384065008902843,0.03900690812422829,0.23551273405851486,-1.7902480122032474,1.222887858803112,-0.1454541179017191,-0.0769263532217285,0.00044740118772399005,0.09000117304571391,0.09000117304571391,0.0,0.060040004358329374,0.030115746318379155,0.0014579958722245904,9.148848108445555e-06,0.03936498986951517,-2.6774713771222447,0,0.12938091050354375
21.68607999999937,0.11532456927474985,-1.9422787502842394,1.001616322848751,-0.08745768514615199,-0.04380582043035236,-0.0015727613384260981,0.14319290151970418,-2.1672815415395066,1.0831630098895761,-0.041078333446980884,-0.08356224517839203,-0.12175859222695576,0.18926796600234488,-1.97894187717092,1.152772533556312,-0.09386719958037398,-0.0799289379952928,-0.06128789529541624,0.09000117304571391,0.09000117304571391,0.0,0.059871114110972956,0.030030794415592546,0.001452158610975628,9.099341570974435e-06,0.039245517280834655,-2.6774724539585764,0,0.12897329741736144
21.69023999999937,0.11496126835839436,-1.9424607197713764,1.0016097960866368,-0.08719221992531795,-0.043672676912863806,-0.0015664229073778706,0.5662851033743217,-1.8725085837566775,0.6850236340277536,-0.12730119117906694,-0.1137928428734454,-0.04950992497124509,0.37751296792459904,-1.9259606014982724,0.9187922921962468,-0.10989822614642297,-0.0971328011863159,-0.05562117288144663,0.09000117304571391,0.09000117304571391,0.0,0.059702633735590496,0.029946050125703977,0.001446344542109534,9.050106889487688e-06,0.03912638437297513,-2.6774735283026216,0,0.12856692201044326
21.69439999999937,0.11459907040174747,-1.942642136075627,1.0016032956285579,-0.08692750959525351,-0.043539913020160734,-0.0015601099389175772,-0.20703264724084122,-2.3828669968992853,1.508729490440611,-0.12430382350220284,-0.13159215570664579,-0.10298474455134525,0.08497838243615162,-2.154689550346391,1.2135503339460307,-0.1175139976539784,-0.11491511267256674,-0.07906903981576116,0.09000117304571391,0.09000117304571391,0.0,0.05953456260156756,0.029861513119191635,0.001440553574834559,9.001142542418008e-06,0.03900759029941635,-2.6774746001611134,0,0.12816178076081855
21.698559999999368,0.1142379722672716,-1.9428230007747929,1.0015968213688442,-0.08666355227420602,-0.04340752779982227,-0.0015538223312847978,0.5306599891618632,-2.1483854064837975,0.9928550769844235,-0.011547963498125702,-0.012482314877730872,-0.04791871040562725,0.3077974303780575,-2.1515635789228282,1.103100833864068,-0.06412681653953146,-0.06361786700892554,-0.06317958970682633,0.09000117304571391,0.09000117304571391,0.0,0.05936690007689434,0.02977718306608837,0.0014347856181534929,8.952447016958294e-06,0.038889134215091006,-2.677475669540762,0,0.1277578701553108
21.702719999999367,0.11387797082525637,-1.9430033154427142,1.0015903732022478,-0.08640034608365439,-0.04327552030110415,-0.0015475599831238486,-0.002996861086360797,-2.180871195522563,1.0590612738842007,-0.12011010971667646,-0.09463600728871183,-0.13057727239405234,0.15214717232129574,-2.1664138370241703,1.0808093522535354,-0.09158018275754946,-0.07941125182793861,-0.09697195479561597,0.09000117304571391,0.09000117304571391,0.0,0.05919964552821895,0.02969305963566811,0.0014290405821520205,8.904018808905954e-06,0.03877101527638631,-2.6774767364482575,0,0.12735518668952242
21.706879999999366,0.11351906295380507,-1.9431830816492766,1.0015839510239415,-0.08613788914831266,-0.04314388957494083,-0.0015413227934791519,0.28324009535525907,-2.0658644228436485,0.5130416604361085,0.19063856998599527,0.13765054933358126,0.16310068619307463,0.21809036455751937,-2.115852009944019,0.7972599005893128,0.049852181671869354,0.029054183707575357,0.03346965281198724,0.09000117304571391,0.09000117304571391,0.0,0.059032798320861085,0.029609142496559465,0.0014233183765068541,8.855856422661373e-06,0.038653232641145605,-2.677477800890266,0,0.12695372686781975
21.711039999999365,0.11316124553882118,-1.943362300960418,1.0015775547295174,-0.08587617959613354,-0.043012634673947156,-0.0015351106617968353,0.2183163010766006,-2.0902140460770324,0.9429744048683845,-0.13599324303041405,-0.15164132570222394,-0.17233930479083057,0.2179207760148213,-2.1033482194991824,0.8697582771671558,-0.04320462231295051,-0.06130059414806902,-0.06873191416705271,0.09000117304571391,0.09000117304571391,0.0,0.05886635781881869,0.029525431316859627,0.0014176189115592524,8.80795837124658e-06,0.03853578546866999,-2.677478862873434,0,0.1265534872033176
21.715199999999363,0.11280451547399488,-1.9435409749381363,1.0015711842149844,-0.08561521555831189,-0.042881754652419564,-0.001528923487921797,0.5537999392145613,-1.9811627950784951,1.0043092653443453,0.02304720079240577,-0.02238436731411503,-0.1546484473743002,0.3859102463672009,-2.0423009089318085,0.9367124592747262,-0.009891065275463126,-0.04199027942271079,-0.11140135860611088,0.09000117304571391,0.09000117304571391,0.0,0.05870032338480159,0.029441925764248436,0.0014119420983210139,8.760323176264622e-06,0.038418672919719815,-2.6774799224043844,0,0.12615446421786397
21.719359999999362,0.11244886966078951,-1.943719105140496,1.0015648393767673,-0.0853549951692881,-0.04275124856633681,-0.001522761172094826,0.203045992643067,-1.9646122433307962,1.072891585999266,-0.3152359314204728,-0.08454997335886834,-0.1517699702092823,0.2938211589133363,-2.0036319876307043,1.0044872672754976,-0.162544228096896,-0.0632223766777353,-0.13156810167270083,0.09000117304571391,0.09000117304571391,0.0,0.058534694380251745,0.02935862550578172,0.0014062878476237897,8.71294936772243e-06,0.03830189415651612,-2.67748097948972,0,0.12575665444202483
21.72351999999936,0.11209430500842806,-1.943896693121635,1.001558520111705,-0.08509551656675136,-0.04262111547336153,-0.0015166236149532057,0.5385680091538789,-1.6921044542360861,1.1564405112557625,-0.08323862496634013,-0.06870941781593094,-0.03067416901161311,0.4160247940523234,-1.8480086563691065,1.0803998250911158,-0.12368090253548548,-0.06610895283170436,-0.08048995943538689,0.09000117304571391,0.09000117304571391,0.0,0.05836947016534992,0.029275530207684308,0.0014006560709790995,8.665835483982503e-06,0.0381854483427421,-2.6774820341360224,0,0.12536005441506906
21.72767999999936,0.11174081843387955,-1.9440737404317718,1.0015522263170487,-0.08483677789164296,-0.04249135443284272,-0.0015105107175277961,-0.2667264275121669,-1.728766371919232,1.429222206936668,-0.057253078273293775,-0.05119317248373089,0.023144886046430557,0.07452476951162422,-1.7884930982467442,1.2548622481052065,-0.0902060689275043,-0.0586817375614509,-0.02899196382263115,0.09000117304571391,0.09000117304571391,0.0,0.05820465009905608,0.029192639535998224,0.0013950466799418108,8.61898007188723e-06,0.038069334643544596,-2.6774830863498504,0,0.12496466068495288
21.73183999999936,0.11138840686184555,-1.9442502486172126,1.0015459578904602,-0.08457877728815932,-0.04236196450581548,-0.0015044223812426822,-0.4514698299779049,-1.94794148830783,1.2285378312659185,-0.13845441906662184,0.12050885844691145,-0.02566770172507994,-0.18876415754100023,-1.8679702032308394,1.241646994578283,-0.11434374230696254,0.03207972901934278,-0.027583528536661905,0.09000117304571391,0.09000117304571391,0.0,0.05804023353911621,0.029109953156055662,0.001389459586756651,8.572381686564332e-06,0.03795355222553541,-2.6774841361377426,0,0.12457046980830457
21.735999999999358,0.11103706722474657,-1.9444262192203585,1.0015397147300105,-0.08432151290375516,-0.042232944755002964,-0.001498358507912222,0.4097044209956898,-2.0825827374743473,1.289212927211556,-0.10011637855179198,-0.02428544105547883,-0.12082174936247617,0.11026653597096144,-1.9753265273020728,1.2651804895521122,-0.10745005049567319,0.0029593627365333804,-0.07491866779011426,0.09000117304571391,0.09000117304571391,0.0,0.057876219842069254,0.029027470732806537,0.0013838947039358594,8.5260388914267e-06,0.03783810025679269,-2.6774851835062163,0,0.12417747835040921
21.740159999999356,0.11068679646270846,-1.944601653779712,1.0015334967341782,-0.08406498288914648,-0.042104294244816966,-0.0014923189997397696,0.420781494865228,-1.0424837246086502,0.9191568204035857,0.008063486176448378,-0.11953363181566856,-0.022082376419405553,0.26554171627586515,-1.509147236742309,1.0921198431401362,-0.04910261647415557,-0.058273590014626495,-0.04828279400623283,0.09000117304571391,0.09000117304571391,0.0,0.05771260836330738,0.028945191930397907,0.0013783519438355105,8.47995025801969e-06,0.03772297790686219,-2.6774862284617673,0,0.1237856828851935
21.744319999999355,0.11033759152354881,-1.9447765538298842,1.0015273038018477,-0.08380918539831342,-0.041976012041360276,-0.0014863037593182524,-0.18467128110859066,-1.4171596923947072,1.320212254919677,-0.1500598782125751,0.12865173290136625,-0.11406781233374208,0.040118634976048805,-1.462887403723123,1.205930447237561,-0.09894389468613016,0.03622278518338534,-0.08119987808030471,0.09000117304571391,0.09000117304571391,0.0,0.05754939845704961,0.0288631164127153,0.001372831219943865,8.434114366170955e-06,0.037608184346758625,-2.677487271010871,0,0.1233950799952102
21.748479999999354,0.10998944936276338,-1.9449509209016027,1.0015211358323077,-0.08355411858850317,-0.041848097212426785,-0.0014803126896253036,0.1386817678600035,-1.9905810536230184,1.0576371720481261,0.061849017327619216,-0.09231377432656285,0.009112014631553448,0.08952860514664221,-1.7269299329535432,1.1318019210966903,-0.018110490760082525,-0.028036409711536123,-0.03614415155481032,0.09000117304571391,0.09000117304571391,0.0,0.05738658947638868,0.02878124384317632,0.0013673324453895071,8.38852980383222e-06,0.03749371874896694,-2.6774883111599808,0,0.12300566627162271
21.752639999999353,0.10964236694351241,-1.9451247565217173,1.0015149927252494,-0.08329978062023272,-0.041720548827502424,-0.0014743456940246576,0.254166330614077,-1.7318742349364706,1.010446598157852,-0.14373963412172971,-0.14983851643760454,0.017031370417012477,0.17155043651086677,-1.7297134686317397,1.071157468450889,-0.08129728650862451,-0.08907856667053742,-0.008902609206268241,0.09000117304571391,0.09000117304571391,0.0,0.05722418077329809,0.02869957388452378,0.0013618555342290303,8.343195166965476e-06,0.0373795802874434,-2.6774893489155303,0,0.12261743831418997
21.75679999999935,0.10929634123660703,-1.9452980622132081,1.001508874380765,-0.08304616965729154,-0.041593365957766984,-0.0014684026762621504,-0.20350608506128515,-1.8116753814982853,0.9661913093190326,-0.22153171112450537,-0.11201612856722214,0.1066881335832111,-0.01644247820199323,-1.7709273189008121,1.0188944358019543,-0.15080449584892144,-0.100868030488866,0.049427171214276075,0.09000117304571391,0.09000117304571391,0.0,0.05706217169867245,0.028618106199153323,0.0013564004003828482,8.298109059604047e-06,0.03726576813761689,-2.677490384283932,0,0.12223039273125087
21.76095999999935,0.1089513692204956,-1.9454708394951918,1.0015027806993464,-0.08279328386674421,-0.04146654767609461,-0.0014624835404661869,0.0437807607552787,-1.7122398576174145,1.3619619824111846,-0.007407986572166778,-0.01788536684063683,0.07492826564611936,0.013654612879889201,-1.7416199468949618,1.1905860327552846,-0.07933592371658302,-0.05958960643126019,0.06238071813057692,0.09000117304571391,0.09000117304571391,0.0,0.05690056160230757,0.028536840448906753,0.001350966958281032,8.253270093769308e-06,0.03715228147639002,-2.6774914172715776,0,0.12184452613970893
21.76511999999935,0.10860744788125004,-1.9456430898829296,1.0014967115818834,-0.08254112141893298,-0.041340093057055084,-0.0014565881911454924,0.04815457178144965,-1.7571656905135362,0.8555535770138858,-0.22537801466460122,-0.04721986355542801,0.00277808699448467,0.030436491408838157,-1.7494912623275223,1.0230735428523117,-0.1525579301911295,-0.05334835472257797,0.03243703587953127,0.09000117304571391,0.09000117304571391,0.0,0.05673934983296114,0.02845577629529289,0.0013455551226544751,8.208676889448487e-06,0.03703911948214028,-2.6774924478848385,0,0.12145983516501685
21.76927999999935,0.1082645742125522,-1.9458148148878334,1.0014906669296617,-0.0822896804874802,-0.041214001176914254,-0.0014507165331877467,0.30374175243959234,-2.059482218132111,0.7721173221351676,-0.08074312146070337,-0.1093479309610603,-0.09482672144115296,0.16692252055964896,-1.9047161796618937,0.8973968527808092,-0.11638081690060863,-0.08142641655788878,-0.03138536674090589,0.09000117304571391,0.09000117304571391,0.0,0.05657853573833274,0.028374913399280985,0.0013401648087537207,8.164328074485029e-06,0.03692628133472106,-2.6774934761300653,0,0.12107631644116108
21.773439999999347,0.10792274521568015,-1.9459860160174736,1.0014846466443623,-0.0820389592492908,-0.04108827111363532,-0.0014448684718572995,-0.20631828136978428,-1.369921516136807,1.2805573507274062,-0.14994730334804496,-0.1808130254381754,0.04604712668456674,-0.020011502074469903,-1.6376910666339584,1.0890756697276294,-0.1335831758647624,-0.13117340654093718,0.007272970347714674,0.09000117304571391,0.09000117304571391,0.0,0.05641811866511101,0.02829425142141452,0.0013347959317117847,8.120222284551533e-06,0.03681376621546274,-2.677494502013588,0,0.1206939666106465
21.777599999999346,0.10758195789949451,-1.9461566947755855,1.001478650628059,-0.08178895588455462,-0.0409629019468796,-0.0014390439127955497,0.17014889580109044,-1.870111029851055,0.9418985705026425,-0.14421071979640204,-0.002825103608542573,0.07083195563677636,0.07476942046739533,-1.7539099532191722,1.0156339049581884,-0.1385823090526463,-0.0663330993955452,0.03881456120631441,0.09000117304571391,0.09000117304571391,0.0,0.05625809795898737,0.02821379002171137,0.0013294484074041647,8.076358163123729e-06,0.03670157330717371,-2.6774955255417163,0,0.12031278232448092
21.781759999999345,0.10724220928042473,-1.9463268526620772,1.0014726787832173,-0.08153966857674859,-0.040837892758007775,-0.0014332427620177308,0.5676443082187329,-2.6037548279832023,1.3369084076188829,-0.18268374808048266,-0.022091131065810746,0.06242903699900025,0.3208292358555886,-2.1788837119193967,1.1764017195536531,-0.160101047439609,-0.04449112454799318,0.05135857958032451,0.09000117304571391,0.09000117304571391,0.0,0.05609847296466296,0.028133528859991583,0.0013241221520264943,8.032734361478576e-06,0.0365897017941414,-2.67749654672074,0,0.11993276024215956
21.785919999999344,0.1069034963824554,-1.9464964911730358,1.0014667310126928,-0.081291095512639,-0.040713242630079756,-0.0014274649259114732,0.5292748662479427,-1.6636045554976135,1.4881123419928104,-0.03296452903816158,0.029425406682366602,-0.037952714312814176,0.4249854744411154,-1.921179225437735,1.3321799086406887,-0.096795793954915,-0.007585010331073326,0.006883087074203589,0.09000117304571391,0.09000117304571391,0.0,0.05593924302587576,0.028053467595457085,0.0013188170816708696,7.989349538537872e-06,0.03647815086213317,-2.6774975655569277,0,0.11955389703164965
21.790079999999342,0.10656581623711256,-1.9466656118007353,1.0014608072197293,-0.08104323488228359,-0.04058895064785625,-0.0014217103112371145,0.27802273209335504,-1.7168365989496042,0.8520360201887685,0.031197860816552625,-0.10901922381299617,-0.006074360008580751,0.3515654624307199,-1.8192338742614582,1.0920926513888216,-0.031603568264357076,-0.057990226885609605,7.761427562274505e-05,0.09000117304571391,0.09000117304571391,0.0,0.05578040748540758,0.027973605887019207,0.0013135331134000242,7.946202360908017e-06,0.036366919698397254,-2.6774985820565296,0,0.11917618936937498
21.79423999999934,0.10622916588344992,-1.9468342160336427,1.001454907307958,-0.08079608487903364,-0.04046501589779908,-0.0014159788251235518,0.4711785883060043,-1.84155195755619,1.3756120477212386,-0.08735526291633523,0.12875000925290803,-0.18573371602077474,0.41119091463534585,-1.8301247404633054,1.2334695112251877,-0.05935500382056705,0.03511052781912046,-0.09353668114693264,0.09000117304571391,0.09000117304571391,0.0,0.055621965685124494,0.02789394339298512,0.0013082701639689758,7.903291502773624e-06,0.036256007491663696,-2.677499596225774,0,0.11879963394020053
21.79839999999934,0.10589354236803519,-1.9470023053564263,1.001449031181395,-0.08054964369953593,-0.04034143746807266,-0.0014102703750694017,-0.18306284038765727,-1.860763141343234,0.894446233890803,0.018517536310694346,-0.16020631338625985,0.037854992613186964,0.11409855376698322,-1.8457769996697706,1.064035392900559,-0.020500164808214604,-0.06271815760763222,-0.02840479759257558,0.09000117304571391,0.09000117304571391,0.0,0.055463916965970556,0.02781447977159937,0.0013030281508985388,7.860615645995573e-06,0.03614541343214521,-2.6775006080708708,0,0.11842422743741672
21.80255999999934,0.1055589427449363,-1.9471698812499618,1.001443178744441,-0.08030390954373466,-0.04021821444854337,-0.0014045848689397066,0.6343139777663868,-2.246506571579943,0.9686550738803767,0.009940491899833814,-0.17476068072155526,-0.05967824192966228,0.37422948940721595,-2.046507916773081,1.0162211030871862,-0.004756472507443229,-0.11881403042210634,-0.04435981652615557,0.09000117304571391,0.09000117304571391,0.0,0.05530626066799488,0.027735214680516748,0.0012978069916246369,7.818173479875551e-06,0.03603513671153798,-2.677501617598008,0,0.11804996656272412
21.806719999999338,0.10522536407570765,-1.94733694519134,1.0014373499018787,-0.08005888061487332,-0.04009534593078105,-0.0013989222149661785,0.5157956513958367,-2.2651694470709813,0.7132985666585272,-0.21672219476164845,0.0397541450357192,0.1898724790612622,0.44456384409471056,-2.155760110226106,0.8651532673535617,-0.11123494900454242,-0.038296794087431925,0.07244180603096442,0.09000117304571391,0.09000117304571391,0.0,0.05514899613037205,0.027656147777022952,0.0012926066043583194,7.775963701199309e-06,0.03592517652302249,-2.677502624813356,0,0.11767684802621789
21.810879999999337,0.10489280342937642,-1.9475034986538737,1.0014315445588715,-0.07981455511949644,-0.03997283100805954,-0.001393282321743839,0.23854973662824136,-1.9876226267912618,0.7932938787720912,-0.2475481808332976,0.11799124116834986,-0.15921516162850877,0.3410385943042336,-2.071444720451833,0.8288925924248083,-0.1784877794145505,0.039811656382322196,-0.04370127502546621,0.09000117304571391,0.09000117304571391,0.0,0.054992122691409254,0.02757727871814862,0.0012874269072350713,7.733985014206934e-06,0.03581553206126428,-2.6775036297230645,0,0.11730486854637225
21.815039999999335,0.1045612578824287,-1.9476695431071045,1.0014257626209622,-0.07957093126745138,-0.03985066877535687,-0.00138766509823127,-0.2699067305751195,-1.5510500963486882,1.3826025505030175,0.008371091231531388,0.1634632143657811,-0.21660867995217722,0.035578649479600946,-1.8109032468477486,1.105301203536477,-0.08486886428166869,0.10137882825812278,-0.1302868389374982,0.09000117304571391,0.09000117304571391,0.0,0.054835639688586624,0.027498607160355737,0.0012822678191748262,7.692236130483626e-06,0.035706202522414736,-2.677504632333263,0,0.1169340248500251
21.819199999999334,0.10423072451879584,-1.94783508001681,1.0014200039940715,-0.0793280072718899,-0.03972885832935663,-0.0013820704537471746,0.44067066374098074,-1.4848124300209782,0.9346903661870276,-0.09802243039372513,-0.14307334595580745,-0.08580840349453488,0.23792228761537074,-1.648154120298788,1.0198162516129634,-0.09081018722322899,-0.020362662316348146,-0.10811758253526951,0.09000117304571391,0.09000117304571391,0.0,0.05467954645854445,0.02742013275986524,0.0012771292588171102,7.650715769036912e-06,0.03559718710411178,-2.6775056326500617,0,0.11656431367236242
21.823359999999333,0.10390120042984055,-1.948000110845012,1.0014142685844967,-0.07908578134926982,-0.039607398768448064,-0.0013764982979714944,-0.000931722611964142,-1.9289675586618018,0.7250462340642483,-0.26982645860321475,-0.07744064419806365,-0.10045933037445104,0.1179321609683323,-1.788722987435061,0.872221147245425,-0.1802015755347633,-0.04932658044121749,-0.10473109525397649,0.09000117304571391,0.09000117304571391,0.0,0.05452384233712354,0.02734185517287832,0.0012720111453803883,7.6094226562547735e-06,0.0354884850054806,-2.677506630679552,0,0.11619573175690245
21.827519999999332,0.10357268271434324,-1.9481646370499817,1.0014085562989095,-0.07884425171935644,-0.0394862891927252,-0.0013709485409428613,-0.061906327541132025,-2.01394827464275,0.7889267531011881,-0.03370388627219147,0.008184160804085329,0.061718567677605855,0.027942793309112268,-1.9013213132487579,0.8307014099447749,-0.10755743757912639,-0.02003201711463547,-0.021358141817002074,0.09000117304571391,0.09000117304571391,0.0,0.054368526659365715,0.027263774054621354,0.0012669133986673922,7.568355525598825e-06,0.0353800954271342,-2.677507626427805,0,0.11582827585548076
21.83167999999933,0.10324516847848814,-1.9483286600862484,1.001402867044355,-0.07860341660522414,-0.03936552870398999,-0.0013654210930560424,0.43171629869210937,-1.8375104223276808,0.9178638140075304,0.0389952492092666,-0.022889235432453782,0.11422704827534587,0.22991374805314577,-1.8694639940790936,0.874519439384075,-0.034419177815719605,-0.0209969818269638,0.04708521928990681,0.09000117304571391,0.09000117304571391,0.0,0.054213598759540876,0.027185889060635404,0.0012618359384279397,7.527513117918583e-06,0.03527201757117418,-2.677508619900873,0,0.11546194272823405
21.83583999999933,0.10291865483584957,-1.9484921814046057,1.0013972007282508,-0.07836327423325767,-0.039245116405750055,-0.0013599158650620903,0.10072693372310941,-2.113614998822272,1.421122325249906,-0.17727038388627703,-0.11954303056986533,0.10553358760392811,0.16495053438799023,-1.9917907894893183,1.1480427392208719,-0.1057465506610595,-0.06981239978090517,0.07701476998017485,0.09000117304571391,0.09000117304571391,0.0,0.05405905797115422,0.027108199845607972,0.0012567786847906062,7.486894181110387e-06,0.03516425064119118,-2.6775096111047882,0,0.11509672914358521
21.83999999999933,0.10259313890737809,-1.948655202452119,1.0013915572583838,-0.07812382283315353,-0.039125051403221346,-0.0013544327680666312,0.15464684307435594,-2.326374850353632,0.6671157842408058,-0.2082227516715623,-0.005962771922359222,0.0007842020642167551,0.1593657362142904,-2.159097153154124,0.9075768435200291,-0.1570823609920136,-0.038089010578190335,0.03923328021861142,0.09000117304571391,0.09000117304571391,0.0,0.05390490362698669,0.027030706064341728,0.001251741558481555,7.446497470338218e-06,0.0350567938422656,-2.677510600045565,0,0.11473263187822727
21.844159999999327,0.10226861782138676,-1.948817724672133,1.0013859365429107,-0.0778850606379212,-0.03900533280332669,-0.0013489717135272805,0.0250788108558017,-1.8340097838532101,1.3471999679158992,-0.09933612109333706,0.07897876826851857,-0.1446396467095529,0.09201547545385731,-1.9963882964223085,1.1270884702384836,-0.1285773293186689,0.02109914118052673,-0.051650172427151045,0.09000117304571391,0.09000117304571391,0.0,0.05375113505906197,0.02695340737112062,0.0012467244799731882,7.4063217477832776e-06,0.034949646380968064,-2.677511586729197,0,0.11436964771710816
21.848319999999326,0.10194508871353723,-1.9489797495042775,1.0013803384903555,-0.07764698588388441,-0.03888595971469706,-0.0013435326132545857,-0.2597182322010348,-2.0025431280841404,1.178043542242559,-0.0910115170866177,-0.048980285388256106,0.04753924534668171,-0.08404271083567628,-1.9995673860770458,1.1526649909436815,-0.11000363331545103,-0.014054764311421913,-0.0019405912400160597,0.09000117304571391,0.09000117304571391,0.0,0.05359775159873391,0.026876303419930594,0.0012417273705576624,7.36636578267977e-06,0.03484280746535996,-2.6775125711616603,0,0.114007773453415
21.852479999999325,0.10162254872682605,-1.9491412783844762,1.001374763009608,-0.07740959681068221,-0.03876693124767192,-0.0013381153794085297,0.2677127305340693,-2.1721974936530084,1.3008592056320643,-0.17291882175288062,-0.018357103714765885,-0.047640944645440234,0.09147644134659177,-2.085922394700016,1.226662427516284,-0.1408014397997759,-0.015934169771576443,-0.024010819537042143,0.09000117304571391,0.09000117304571391,0.0,0.053444752576626675,0.026799393864573542,0.001236750151496201,7.3266283513161325e-06,0.034736276304993915,-2.6775135533489105,0,0.11364700588855861
21.856639999999324,0.10130099501157076,-1.9493023127449525,1.0013692100099225,-0.07717289166127013,-0.03864824651429902,-0.0013327199244985125,0.23132854260633084,-2.139429982824985,1.1150948277277006,-0.008642989123277212,-0.047454466981316855,-0.09593315536875355,0.16138483187913263,-2.112775064124511,1.170677779955506,-0.07441257585433803,-0.03178989530080767,-0.059713116730757604,0.09000117304571391,0.09000117304571391,0.0,0.0532921373227022,0.026722678358567772,0.001231792744664938,7.287108236927403e-06,0.034630052110914286,-2.6775145332968853,0,0.11328734183215779
21.860799999999323,0.10098042472539609,-1.9494628540142371,1.0013636794009169,-0.07693686868192116,-0.0385299046283347,-0.0013273461613807322,0.07428516213607786,-1.5080644977717308,0.5957500176119461,-0.19703385136045412,-0.12439229911178254,0.005749082216498117,0.11742511319408182,-1.8106758915351262,0.8832227152449657,-0.1359799913447696,-0.07731117715508275,-0.027410106164493502,0.09000117304571391,0.09000117304571391,0.0,0.05313990516627384,0.02664615655494107,0.0012268550719177337,7.247804229641411e-06,0.03452413409565758,-2.6775155110115034,0,0.11292877810202401
21.86495999999932,0.10066083503322014,-1.9496229036171757,1.0013581710925699,-0.07670152612222667,-0.03841190470524504,-0.0013219940032581413,-0.19772628099118467,-2.3276542292876865,0.4752452791459376,-0.21940951925906876,-0.13870673726167965,-0.08916916503296424,-0.040609973395270664,-2.069456579879801,0.6790463861465036,-0.1772956991684632,-0.10829548136715984,-0.05862853764310992,0.09000117304571391,0.09000117304571391,0.0,0.05298805543598688,0.026569828106879273,0.0012219370559461906,7.208715126578154e-06,0.03441852147325287,-2.6775164864986642,0,0.11257131152414553
21.86911999999932,0.10034222310724057,-1.949782462974935,1.0013526849952212,-0.07646686223509738,-0.03829424586220426,-0.001316663363676878,0.1470568368663757,-1.7873877589386877,1.1546076627098831,-0.005551561056517815,-0.07405248463748301,0.05845776680346215,0.05321123126942303,-1.9285741314465896,0.9169510591861272,-0.09048901632282157,-0.0912200277419405,0.00033190787845506763,0.09000117304571391,0.09000117304571391,0.0,0.05283658745985907,0.026493692666878454,0.0012170386187864493,7.169839731590015e-06,0.03431321345922214,-2.6775174597642493,0,0.11221493893267205
21.87327999999932,0.10002458612692072,-1.9499415335050103,1.001347221019569,-0.07623287527676424,-0.03817692721809669,-0.0013113541565288828,-0.26359191124974674,-1.9402286603916614,1.461314439119243,-0.09760759597740028,-0.07381238149069805,0.17309115100910016,-0.10539496056696473,-1.9345546547984767,1.189497745554292,-0.09434462697308513,-0.0826857452923101,0.08614141877020892,0.09000117304571391,0.09000117304571391,0.0,0.052685500565314486,0.026417749887392955,0.0012121596837480616,7.1311768554052595e-06,0.03420820927058074,-2.6775184308141204,0,0.11185965716989908
21.877439999999318,0.0997079212789758,-1.9501001166212333,1.001341779076669,-0.07599956350677908,-0.0380599478935161,-0.0013060662960464873,-0.5854751293108882,-1.9446278937524242,1.2813458018430572,-0.0670198390108127,-0.050009142066717104,-0.16685258682061718,-0.3455783363910759,-1.9396950850054138,1.2350765671783883,-0.08042779922932962,-0.06648287915191949,-0.04091606213917946,0.09000117304571391,0.09000117304571391,0.0,0.05253479407915733,0.026341999420735993,0.001207300173922122,7.092725315554075e-06,0.03410350812583761,-2.6775193996541216,0,0.11150546308625216
21.881599999999317,0.09939222575735908,-1.950258213733778,1.0013363590779323,-0.07576692518801545,-0.0379433070107653,-0.0013007996968032254,-0.31301504488396414,-1.7759672389342471,1.0218922297955213,-0.06632085580480729,-0.12043253629320749,0.12675263135077558,-0.3294335622633005,-1.858080612007129,1.128746864714535,-0.07378200073055073,-0.09340638764823798,0.04275551527437117,0.09000117304571391,0.09000117304571391,0.0,0.052384467327605724,0.026266440918766037,0.001202460013040611,7.054483936241376e-06,0.03399910924499562,-2.6775203662900786,0,0.11115235354027153
21.885759999999316,0.09907749676324795,-1.950415826249169,1.001330960935125,-0.07553495858666925,-0.03782700369385722,-0.0012955542737110742,-0.33129289285970437,-1.6030002284591445,1.040310540922427,-0.04252956453989965,-0.1646310702245006,-0.034351904497755686,-0.33045195724617105,-1.730881408769376,1.0844559499340414,-0.058034487203322306,-0.12884798225615632,0.004535195337101979,0.09000117304571391,0.09000117304571391,0.0,0.05223451963633233,0.026191074033321424,0.0011976391246250485,7.016451548390069e-06,0.033895011849551876,-2.677521330727798,0,0.11080032539859631
21.889919999999314,0.0987637315050302,-1.950572955570288,1.0013255845603666,-0.07530366197225934,-0.03771103706851406,-0.0012903299420212152,0.23965633300934738,-2.5528049420093986,1.4244414752120846,-0.03576871998801849,-0.12346871972338008,-0.14684051882810456,-0.04546849771842051,-2.1421044198501047,1.2541458511325276,-0.04676982265978974,-0.12679257406684694,-0.07123121848281018,0.09000117304571391,0.09000117304571391,0.0,0.05208495033042479,0.02611589841590689,0.0011928374328458342,6.978626989536402e-06,0.03379121516249793,-2.6775222929730687,0,0.11044937553594907
21.894079999999313,0.09845092719829009,-1.9507296030963803,1.0013202298661277,-0.07507303361762808,-0.0375954062621678,-0.001285126617321238,0.41389229577423364,-1.5243029974155589,0.7236711518308456,0.08459692631840147,0.051162260878466245,-0.09832412906186173,0.1843905879664391,-1.8330911523602162,0.9887003619743588,0.019138148144578586,-0.03870032301464415,-0.08481623829895377,0.09000117304571391,0.09000117304571391,0.0,0.05193575873445959,0.02604091371770058,0.001188054862099241,6.941009103815102e-06,0.033687718408319994,-2.6775232530316604,0,0.11009950083512025
21.898239999999312,0.0981390810657945,-1.9508857702230635,1.0013148967652297,-0.07484307179894187,-0.03748011040396068,-0.001279944215534117,-0.15755140810527674,-2.089393284859273,0.9788637488214659,0.0442021367934534,-0.029974134510009277,0.0165065868887813,0.013510076954408572,-1.961307490077382,0.983815936601992,0.031216262659913684,-0.03379315708673053,-0.03397705989312962,0.09000117304571391,0.09000117304571391,0.0,0.05178694417246921,0.025966119589988693,0.001183291337011407,6.903596742036602e-06,0.033584520812999244,-2.6775242109093256,0,0.10975069818695236
21.90239999999931,0.09782819033747911,-1.9510414583423332,1.0013095851708425,-0.07461377479569155,-0.037365148624743855,-0.0012747826529171285,0.17858894179087098,-1.8653927414676421,0.634462759859024,-0.030343765081067384,0.018346479580449215,0.1090394247046091,0.0959859768776694,-1.913310704612633,0.8093635864254309,0.0011967781396926102,-0.008005490867590968,0.03757782723466055,0.09000117304571391,0.09000117304571391,0.0,0.05163850596799607,0.0258915156835315,0.001178546782870677,6.86638876145781e-06,0.03348162160401187,-2.6775251666117983,0,0.10940296449032459
21.90655999999931,0.09751825225043456,-1.951196668842571,1.0013042949964839,-0.07438514089069277,-0.03725052005707872,-0.0012696418460589878,-0.2035644456717374,-1.9277497106822545,0.45470144382474753,-0.024486996150622782,-0.13658100703915496,-0.10588305806979723,-0.05384203689831549,-1.9208149910284211,0.631810021547838,-0.011752056808451882,-0.07199756447355209,-0.034250106580989384,0.09000117304571391,0.09000117304571391,0.0,0.05149044344405959,0.025817101649211596,0.001173821124562077,6.829384025906199e-06,0.03337902001032933,-2.677526120144794,0,0.10905629665213704
21.91071999999931,0.09720926404889253,-1.9513514031085513,1.0012990261560177,-0.07415716837008642,-0.03713622383523551,-0.0012645217118814776,0.7117253110519541,-1.5133556626588396,1.2125580049100457,-0.14984673210696023,0.02181089495200393,-0.06992816463533563,0.3286349251448097,-1.7170378484979585,0.9220407377132435,-0.08060200294607295,-0.024744060260694836,-0.05117771152376872,0.09000117304571391,0.09000117304571391,0.0,0.05134275592323691,0.025742877137506823,0.0011691142878543356,6.792581405586493e-06,0.03327671526241839,-2.6775270715140107,0,0.10871069158729516
21.914879999999307,0.09690122298421196,-1.951505662521448,1.0012937785636526,-0.07392985552333872,-0.03702225909519412,-0.0012594221676356264,-0.010915833817538967,-1.6825210130250472,1.5212490380194852,0.008401420486450845,-0.11109610390274191,-0.2280468394941254,0.1588749477963145,-1.7000113347006642,1.2211744181054531,-0.03625188443901185,-0.06740063337283386,-0.1394413555881624,0.09000117304571391,0.09000117304571391,0.0,0.05119544272760314,0.02566884179871083,0.0011644261985491993,6.755979777135279e-06,0.033174706592241254,-2.6775280207251284,0,0.1083661462186943
21.919039999999306,0.09659412631486512,-1.9516594484588423,1.0012885521339405,-0.07370320064324166,-0.036908624974644,-0.0012543431309014902,-0.19625361057631574,-1.669570106652512,0.9964280325635014,-0.04029856503081251,-0.03992457122074887,-0.14973854845386783,-0.018775633444717877,-1.6848742250356301,1.1084877276204137,-0.038276309580212296,-0.0533395907638724,-0.14436174524476766,0.09000117304571391,0.09000117304571391,0.0,0.051048503178805396,0.025594995283047234,0.0011597567829131012,6.7195780236233345e-06,0.0330729932332557,-2.677528967783809,0,0.10802265747720394
21.923199999999305,0.09628797130642382,-1.9518127622947297,1.0012833467817757,-0.073477202025913,-0.03679532061298357,-0.0012492845195861129,-0.11967122264315523,-1.7371928364932843,1.0332978368766264,-0.03025912600858914,0.0452346025992862,-0.10668444263507153,-0.06928619563620952,-1.7109403319676793,1.0706708062314676,-0.034689696657610125,-0.003807919598498104,-0.12574219834746173,0.09000117304571391,0.09000117304571391,0.0,0.05090193659805005,0.02552133724056986,0.001155105967039315,6.683375034476305e-06,0.032971574420415074,-2.677529912695697,0,0.10768022230165211
21.927359999999304,0.0959827552315455,-1.951965605399527,1.0012781624223925,-0.07325185797079642,-0.036682345151320093,-0.0012442462519241702,-0.12658057510064058,-1.7547077635781392,1.6762202726235556,-0.22959490083846829,0.07226979142957368,0.08150940465619604,-0.09841019931127304,-1.732673382667901,1.373618618938696,-0.13267686784069968,0.03391241516674162,-0.021795476020258435,0.09000117304571391,0.09000117304571391,0.0,0.05075574230610973,0.025447867321276935,0.0011504736781356405,6.647369705429481e-06,0.03287044939016833,-2.677530855466419,0,0.1073388376388097
21.931519999999303,0.09567847536995941,-1.952117979140079,1.0012729989713656,-0.07302716678066165,-0.036569697732468986,-0.001239228246473211,-0.022016965996988325,-1.85274631356128,0.9697298509879587,-0.19925507129421705,0.09889798381208045,0.16547889959711476,-0.06062638882407902,-1.7925046795200335,1.1720159323376595,-0.16649256220356126,0.06625492615553236,0.07166995228864344,0.09000117304571391,0.09000117304571391,0.0,0.0506099196233506,0.02537458517469046,0.0011458598426035312,6.611560938381681e-06,0.032769617380460005,-2.6775317961015834,0,0.10699850044337512
21.9356799999993,0.09537512900845273,-1.9522698848796662,1.0012678563446067,-0.07280312676160441,-0.03645737750095499,-0.0012342304221169252,0.20209207626727216,-2.0596849554611683,1.2703473199818165,-0.004078072793569393,0.043731101605604734,0.06284731894498985,0.07072598892586629,-1.9260050794019317,1.2213124700567966,-0.08519430576080038,0.05468274717238874,0.06753076249574767,0.09000117304571391,0.09000117304571391,0.0,0.05046446786975965,0.02530149045050449,0.0011412643881804673,6.575947641583099e-06,0.03266907763073028,-2.677532734606782,0,0.10665920767795846
21.9398399999993,0.0950727134408567,-1.9524213239780122,1.0012627344583647,-0.07257973622304638,-0.03634538360301059,-0.0012292526980595038,-0.15699887565260512,-1.878037351619148,1.1157257844335544,0.05651436091318561,-0.16370341552596637,-0.05081846214886787,-0.04302122352430728,-1.9023600627234891,1.1684122196987354,-0.013995680221486373,-0.05512888802215222,0.008588651048096165,0.09000117304571391,0.09000117304571391,0.0,0.05031938636492507,0.025228582798165033,0.001136687242233917,6.540528729448884e-06,0.03256882938191488,-2.6775336709875877,0,0.10632095631306594
21.9439999999993,0.09477122596803281,-1.9525722977912896,1.0012576332292238,-0.07235699347773507,-0.036233715186576164,-0.0012242949938270616,0.13363129600289878,-1.939594771249944,1.4075241468909,-0.08964588782037597,-0.03771074036092137,-0.0801755866886656,0.04511921880090204,-1.9210549454669028,1.2878036269469013,-0.051530938788740765,-0.04698317753851408,-0.036044245351287446,0.09000117304571391,0.09000117304571391,0.0,0.05017467442807019,0.025155861866983875,0.0011321283324058438,6.505303122556152e-06,0.03246887187644503,-2.677534605249557,0,0.10598374332708435
21.948159999999298,0.09447066389785888,-1.9527228076721284,1.0012525525741018,-0.07213489684174375,-0.03612237140129974,-0.0012193572292664083,-0.5595941114603302,-1.484970206845333,1.2749505912151662,-0.11677289126558771,-0.07041237247356152,-0.054123138206423956,-0.2574854487125801,-1.7031562241316087,1.2812633429326554,-0.08372138396449481,-0.0585790536370366,-0.0445528166900509,0.09000117304571391,0.09000117304571391,0.0,0.05003033137806731,0.02508332730614575,0.0011275875872592232,6.470269747613334e-06,0.03236920435824737,-2.6775355373982292,0,0.10564756570626542
21.952319999999297,0.09417102454521525,-1.9528728549696222,1.0012474924102497,-0.07191344463447118,-0.03601135139853663,-0.0012144393245411252,-0.35755759284498306,-1.8683505244027978,1.3883605065728384,0.022383292446792824,0.1241918304241363,-0.047876814854487935,-0.30747634375078126,-1.785496300132078,1.3347137753685927,-0.03034919520733666,0.03283571406126295,-0.046543296909121096,0.09000117304571391,0.09000117304571391,0.0,0.049886356533451554,0.025010978764715364,0.0011230649347848337,6.435427537437922e-06,0.032269826072743826,-2.6775364674391255,0,0.10531242044471029
21.956479999999296,0.09387230523197092,-1.9530224410293362,1.001242452655249,-0.07169263517864138,-0.03590065433134912,-0.0012095412001338545,-0.06550441353258142,-1.7107656790416406,0.6406960506381258,-0.10845685302836441,-0.023829020862052387,0.0393179086851824,-0.186714776153123,-1.7481813357800775,0.9877820171835955,-0.06915587162106694,0.005134681894311431,-0.003704957569243315,0.09000117304571391,0.09000117304571391,0.0,0.04974274921242146,0.024938815891858493,0.0011185603041159627,6.400775430920353e-06,0.03217073626685153,-2.67753739537775,0,0.10497830454435357
21.960639999999295,0.09357450328696966,-1.9531715671933132,1.0012374332270122,-0.07147246680030336,-0.03579027935450517,-0.0012046627768414395,-0.1035114752791947,-1.707540593917844,0.9407536208442667,0.09732882913465726,0.0294114297668642,0.029196873910444808,-0.1449097726479364,-1.7277999603912286,0.9643282767788308,0.013917282199097176,0.01749020794561936,0.012715869161280771,0.09000117304571391,0.09000117304571391,0.0,0.04959950873286599,0.024866838336100733,0.0011140736236075269,6.366312372838037e-06,0.03207193418898255,-2.67753832121959,0,0.10464521501494845
21.964799999999293,0.0932776160460162,-1.9533202348000818,1.0012324340437797,-0.07125293782883074,-0.035680225624480276,-0.0011998039757780915,-0.24485037319184827,-1.9266057653582647,1.1183857214443127,0.05849562916994519,-0.018118696233491806,-0.06408245191262707,-0.19475928071089366,-1.827241603042246,1.04122456306668,0.03628903056120266,-0.000474168410231771,-0.02557046496884332,0.09000117304571391,0.09000117304571391,0.0,0.04945663441237863,0.02479504574651016,0.001109604822978446,6.332037314153723e-06,0.031973419089043886,-2.6775392449701148,0,0.10431314887405031
21.968959999999292,0.09298164085186236,-1.953468445184663,1.0012274550241198,-0.07103404659692132,-0.035570492299454345,-0.001194964718369594,0.19329344148675437,-1.5789054105518925,1.0876408982099453,0.02502895928936079,0.050252772907925,-0.06344096820252773,-0.0006778453442898446,-1.7029662572752111,1.0643010559064705,0.030515768378619884,0.024411234982915204,-0.04448205830041362,0.09000117304571391,0.09000117304571391,0.0,0.049314125568251016,0.02472343777174303,0.0011051538313914342,6.2979492116511974e-06,0.03187519021843713,-2.6775401666347776,0,0.10398210314700158
21.97311999999929,0.09268657505419321,-1.9536161996785768,1.0012224960869267,-0.0708157914405967,-0.03546107853931259,-0.0011901449263555612,0.513045647834778,-1.5471168393751078,0.8531144402611918,-0.13006685494960735,-0.11827849857030755,-0.04318375912990994,0.25591711105558135,-1.62528668134595,0.9586154686762144,-0.049837541884010385,-0.04682461135825569,-0.04336144877961012,0.09000117304571391,0.09000117304571391,0.0,0.04917198151751358,0.02465201406026417,0.0011007205787393597,6.2640470279946175e-06,0.03177724683005824,-2.6775410862190143,0,0.1036520748669162
21.97727999999929,0.0923924160096132,-1.9537634996098503,1.0012175571514192,-0.07059817069920174,-0.03535198350564549,-0.0011853445217862683,0.30941566918396685,-1.9381377308022878,0.5706253735348964,-0.11806942838701205,0.10893781456813519,0.24302481575504387,0.28242053076181156,-1.7814872506762591,0.7651222707803218,-0.0836352574183364,0.03077876663357697,0.1002556857932679,0.09000117304571391,0.09000117304571391,0.0,0.04903020157692936,0.024580774260567803,0.0010963049952222269,6.230329731802578e-06,0.03167958817829741,-2.6775420037282434,0,0.10332306107466385
21.98143999999929,0.09209916108163235,-1.9539103463030243,1.00121263813714,-0.07038118271540401,-0.035243206361747846,-0.0011805634270213076,0.32705579067678403,-2.0737154160582953,1.548822702982453,-0.044932586242259744,-0.0890410032149592,-0.09503060542026905,0.30464538922216716,-1.9277888151511056,1.156780556901215,-0.06446653923147803,-0.029010826077256475,0.0025062795289312076,0.09000117304571391,0.09000117304571391,0.0,0.04888878506300787,0.02450971802129183,0.0010919070109228343,6.196796297608821e-06,0.031582213519038796,-2.677542919167867,0,0.1029950588188543
21.985599999999287,0.09180680764065238,-1.9540567410791603,1.0012077389639535,-0.07016482583519323,-0.03513474627261735,-0.0011758015647299904,0.27407433849917284,-1.9159937031836451,0.4886238719583571,-0.06988454556198699,-0.15089146821382457,-0.1294436117447263,0.28921453938094965,-1.9222038185707924,0.8224281692242699,-0.06729408817431924,-0.09052416209705588,-0.06339730792020237,0.09000117304571391,0.09000117304571391,0.0,0.048747731292025503,0.024438844990690545,0.0010875265566661248,6.163445705642751e-06,0.03148512210966008,-2.6775438325432703,0,0.10266806515582204
21.989759999999286,0.09151535306395288,-1.9542026852558476,1.0012028595520457,-0.06994909840788062,-0.035026602404955344,-0.0011710588578881377,0.22283260455261045,-2.1137329841451984,0.6835688612999418,-0.04004672804764001,-0.02036514722012205,-0.06761803197031638,0.25593963146650356,-2.018011569142429,0.7528553222207253,-0.053585617765329184,-0.05570463797709229,-0.06474871662547645,0.09000117304571391,0.09000117304571391,0.0,0.04860703958003952,0.024368154817068957,0.0010831635629536566,6.130276941958388e-06,0.03138831320903233,-2.677544743859822,0,0.10234207714961063
21.993919999999285,0.09122479473567748,-1.954348180147211,1.0011979998219216,-0.06973399878609816,-0.03491877392716583,-0.0011663352297793953,0.18501226697153353,-1.521392752287311,0.6641523796872679,0.051309121238699934,0.04677832803419549,-0.23309235246495366,0.2205827039579474,-1.7696015169299903,0.7080188044304694,-0.001399599373112615,-0.004407752623458862,-0.14910184807482904,0.09000117304571391,0.09000117304571391,0.0,0.04846670924288175,0.02429764714879011,0.0010788179612506279,6.09728899837672e-06,0.031291786077519604,-2.677545653122873,0,0.10201709187195704
21.998079999999284,0.09093513004681998,-1.9544932270639166,1.001193159694405,-0.06951952532579797,-0.03481126000935437,-0.0011616306039910602,-0.04036369656679149,-2.2988941773666522,1.0049931837691277,-0.01508916461292261,-0.09153079805145686,0.0340802023681421,0.09007643859079895,-2.0344423014526725,0.8565786952254701,-0.008313654044578301,-0.04778617956593535,-0.05739619157089104,0.09000117304571391,0.09000117304571391,0.0,0.04832673959620591,0.02422732163396149,0.0010744896827068473,6.064480872381247e-06,0.031195539976978576,-2.677546560337759,0,0.1016931064022762
22.002239999999283,0.0906463563952106,-1.9546378273131804,1.0011883390906366,-0.06930567638625136,-0.03470405982332833,-0.0011569449044153642,-0.2986208664344121,-2.0469246824879757,0.9756054700335576,-0.047790920860693295,-0.010867134770828749,-0.08483115185303293,-0.10437560474414298,-2.040705665980253,0.9159177290931179,-0.027440446875048846,-0.029577448821042733,-0.07171772417013643,0.09000117304571391,0.09000117304571391,0.0,0.04818712995545463,0.024157177920762593,0.001070178659229589,6.031851567192735e-06,0.03109957417075824,-2.677547465509798,0,0.10137011782764543
22.00639999999928,0.09035847118550207,-1.9547819821987744,1.001183537932073,-0.0690924503300482,-0.03459717254259582,-0.001152278055246195,-0.1110581687200596,-1.827338134340013,0.8303009833853948,-0.053391931761426294,-0.06457151750257419,0.2610268516241718,-0.10782683251908737,-1.9341545988215652,0.8736518783402691,-0.04096972191221736,-0.04712762622821558,0.09454049362545644,0.09000117304571391,0.09000117304571391,0.0,0.04804787963590658,0.024087215657452296,0.0010658848226322319,5.999400091698342e-06,0.031003887923699475,-2.6775483686442922,0,0.10104812324278872
22.01055999999928,0.09007147182915584,-1.9549256930210344,1.0011787561404857,-0.06887984552309592,-0.03449059734236449,-0.0011476299809794338,0.1309198614496389,-1.6879613822218418,1.082152809785656,-0.02555722802099844,0.006650290298483193,-0.05361852826152156,0.011494693148133565,-1.8110406651160627,0.9777919774108237,-0.03310402809078475,-0.021093317456213134,0.020615030410180625,0.09000117304571391,0.09000117304571391,0.0,0.04790898795268381,0.024017434492162204,0.001061608104851103,5.9671254603204305e-06,0.030908480502134628,-2.6775492697465273,0,0.10072711975006124
22.01471999999928,0.08978535574442827,-1.9550689610768657,1.001173993637959,-0.06866786033461862,-0.0343843333995413,-0.0011430006064123252,-0.25446633432305155,-1.6094685834681037,0.7883883275362721,-0.13111727810519647,-0.039400313186598215,-0.013800634125920423,-0.12176108763586055,-1.7103368510548211,0.8830600339537855,-0.08177459010159302,-0.029435069109019156,0.0034518358012906266,0.09000117304571391,0.09000117304571391,0.0,0.04777045422075209,0.02394783407268959,0.0010573484388054846,5.935026693008559e-06,0.03081335117388705,-2.677550168821772,0,0.10040710445943413
22.018879999999278,0.08950012035635678,-1.9552117876597521,1.0011692503468896,-0.06845649313715611,-0.03427837989273307,-0.0011383898566393147,0.13021440544142343,-1.9565848974410913,1.0102431692316032,-0.1503606505471417,-0.12815459947809546,-0.026302058815458003,0.003916493847972466,-1.8337283306923013,0.9465983455377894,-0.11645632877811489,-0.07918497219791695,-0.011693197570461111,0.09000117304571391,0.09000117304571391,0.0,0.04763227775493477,0.0238784140474666,0.0010531057566902481,5.903102815441574e-06,0.030718499208270793,-2.6775510658752797,0,0.10008807448847831
22.023039999999277,0.0892157630967461,-1.9553541740597615,1.0011645261899853,-0.06824574230656293,-0.03417273600224308,-0.0011337976570549929,0.7644056655597246,-2.3360299915460567,0.8256645068967158,-0.04579228513712047,0.025837535601474768,0.022050262896672244,0.3840706759897196,-2.0848299466780866,0.8861769096081268,-0.08089869679318201,-0.026193815890277302,0.004952438341936978,0.09000117304571391,0.09000117304571391,0.0,0.04749445786992658,0.02380917406428501,0.0010488799919040536,5.871352858635981e-06,0.03062392387608995,-2.6775519609122864,0,0.09977002696234955
22.027199999999276,0.0889322814041544,-1.9554961215635536,1.001159821090263,-0.06803560622200726,-0.03406740091007289,-0.001129223933348956,0.2882933325587763,-1.6844439183854203,0.9865675231959581,-0.020692161796254965,-0.06123462622735128,-0.1659035512552828,0.33613784908987265,-1.8847608026183407,0.9360276469016449,-0.050584881540711904,-0.044045900078653215,-0.08036969389874414,0.09000117304571391,0.09000117304571391,0.0,0.047356993880314086,0.023740113771264754,0.0010446710775568174,5.839775859189372e-06,0.03052962444963831,-2.6775528539380127,0,0.09945295901377257
22.031359999999275,0.08864967272387954,-1.9556376314543866,1.0011551349710484,-0.0678260832659699,-0.0339623737999202,-0.001124668611506965,0.0470869545613963,-2.113110086706128,0.9133210342733837,0.11617620611296761,-0.2187838322028894,-0.02258138517880937,0.19185229410748783,-1.999393342444482,0.9246278310359852,0.0326543069072283,-0.13080941319821787,-0.05177637650912635,0.09000117304571391,0.09000117304571391,0.0,0.04721988510057616,0.023671232816433796,0.001040478947114224,5.808370859143317e-06,0.03043560020269881,-2.6775537449576627,0,0.09913686778302569
22.035519999999273,0.0883679345079452,-1.955778705012125,1.0011504677559742,-0.06761717182424302,-0.033857653857178434,-0.0011201316178093567,-0.35145599426239926,-2.183209703530265,1.0843147599214324,0.012812163430215448,0.07053771872280473,-0.18176026249713229,-0.07977920246526103,-2.09115399150975,1.0040934891331101,0.02283044276620121,-0.031159129053099262,-0.11634278020076354,0.09000117304571391,0.09000117304571391,0.0,0.04708313084510454,0.023602530847842015,0.001036303534187548,5.777136905956436e-06,0.030341850410542985,-2.6775546339764245,0,0.09882175041792517
22.039679999999272,0.08808706421508716,-1.9559193435132456,1.001145819368979,-0.06740887028592911,-0.03375324026893588,-0.0011156128788303672,0.060338866994904046,-1.8454762327439027,1.109609092584716,0.09333035143166298,-0.022768716930406323,0.0019108956363897518,-0.00952566490935991,-1.9683609977273024,1.056855708942014,0.05836538005426158,-0.02684595326847512,-0.05708172571916648,0.09000117304571391,0.09000117304571391,0.0,0.04694673042819747,0.023534007513568295,0.0010321447729653328,5.7460730524770684e-06,0.030248374349930437,-2.67755552099947,0,0.09850760407380975
22.04383999999927,0.0878070593107395,-1.9560595482308454,1.0011411897343063,-0.06720117704343964,-0.03364913222397473,-0.001111112321435631,0.4494452910310796,-1.7568499414566139,1.2462262396327708,-0.11527956503648217,0.0656419233319647,-0.04676371533549293,0.21972370061923474,-1.8624654580775721,1.1514442874549644,-0.028664307495844202,0.01843126733692928,-0.05156526095656368,0.09000117304571391,0.09000117304571391,0.0,0.04681068316410021,0.023465662461513673,0.001028002597789705,5.715178356885883e-06,0.030155171299108254,-2.677556406031956,0,0.09819442591352533
22.04799999999927,0.08752791726702078,-1.9561993204346486,1.001136578776503,-0.06699409049249387,-0.033545328912771094,-0.0011066298727814743,-0.231469192492033,-1.714980766770862,0.501592650024391,-0.059634815899408146,-0.05132156258790786,-0.09592443897350618,-0.006000941142024293,-1.7888288325175137,0.8263152010708082,-0.04366707493198139,-0.0164383957184403,-0.07412653704593694,0.09000117304571391,0.09000117304571391,0.0,0.046674988366978865,0.023397495340049826,0.0010238769429455384,5.6844518827941706e-06,0.030062240537810495,-2.6775572890790222,0,0.09788221310740897
22.05215999999927,0.08724963556272029,-1.9563386613910132,1.0011319864204182,-0.06678760903211757,-0.03344182952749221,-0.0011021654603150578,0.06944300580766265,-2.010197654880431,0.9746275932166615,-0.047961711615199645,-0.055325316838464506,-0.11748995621714552,0.03162127320959782,-1.8996297993556115,0.900226718970769,-0.045560199147039675,-0.03591226543445093,-0.09516100623620162,0.09000117304571391,0.09000117304571391,0.0,0.04653964535097409,0.023329505797064373,0.0010197677433056319,5.6538926989384115e-06,0.029969581347257454,-2.677558170145793,0,0.0975709628332739
22.056319999999268,0.08697221168328428,-1.9564775723629382,1.0011274125912024,-0.06658173106464159,-0.0333386332619977,-0.001097719011771855,0.5333353716646275,-1.8572035681107115,1.161211659111548,-0.012790237296028337,-0.09445636316262294,-0.07202926470439251,0.282455645164058,-1.878612657096957,1.0305717515691095,-0.02937701213006283,-0.06527492999787797,-0.08386351090438639,0.09000117304571391,0.09000117304571391,0.0,0.046404653430181575,0.023261693480715606,0.0010156749339070258,5.623499879409194e-06,0.029877193010155158,-2.677559049237377,0,0.0972606722763939
22.060479999999266,0.0866956431208022,-1.9566160546100708,1.0011228572143058,-0.0663764549957005,-0.03323573931183767,-0.0010932904551748735,0.1484618218408551,-1.9055927068166372,1.1202762967384492,-0.12757540523842514,-0.03638142449349415,-0.03466469657668932,0.2151921251461663,-1.8921779529239424,1.075351941181818,-0.07831720751000823,-0.051113782439026915,-0.058974364997622694,0.09000117304571391,0.09000117304571391,0.0,0.04627001191865916,0.023194058039226126,0.0010115984499543375,5.593272503551963e-06,0.029785074810694694,-2.677559926358867,0,0.0969513386294876
22.064639999999265,0.08641992737399291,-1.9567541093887135,1.0011183202154774,-0.06617177923423123,-0.03313314687425164,-0.001088879718833884,0.24649593013437504,-2.254192304663794,1.0523403376631077,-0.15846653450199782,-0.04797287732238571,0.1465391998952615,0.2305140491377947,-2.07328753010669,1.0641509328384713,-0.11810219626313849,-0.04950221058311661,0.04369369363691831,0.09000117304571391,0.09000117304571391,0.0,0.04613572013047383,0.023126599120782965,0.001007538227037261,5.563209655884778e-06,0.02969322603455154,-2.6775608015153405,0,0.09664295909270323
22.068799999999264,0.08614506194819095,-1.956891737951831,1.0011138015207635,-0.06596770219247154,-0.033030855148167955,-0.0010844867313437518,-0.016809196733610338,-2.4439429857839388,1.1340900162209056,-0.05504633191699444,0.1041244870334938,-0.015143879316892005,0.10673560240752003,-2.2583998074165947,1.099088024347046,-0.08629057287055115,0.02659530197359351,0.014971439913087805,0.09000117304571391,0.09000117304571391,0.0,0.04600177737967555,0.023059316373651495,0.0010034942011345645,5.533310426096048e-06,0.029601645968884892,-2.6775616747118587,0,0.09633553087360305
22.072959999999263,0.08587104435533278,-1.9570289415490567,1.0011093010565069,-0.06576422228595849,-0.03292886333420267,-0.0010801114215827081,0.03711969823792489,-2.592227856257964,1.449340951303111,0.12895674794718015,0.05661103464058455,-0.01958280262079803,0.07219550724289912,-2.425199328319961,1.2741769970071033,0.021262683278845708,0.04203872777191616,-0.0026833084439524544,0.09000117304571391,0.09000117304571391,0.0,0.045868182980324315,0.022992209446075468,0.000999466307975573,5.503573909021197e-06,0.029510333902336976,-2.677562545953468,0,0.09602905118714795
22.077119999999262,0.08559787211394308,-1.957165721426701,1.0011048187493456,-0.06556133793352692,-0.03282717063465887,-0.001075753718713319,0.33140992874216546,-1.7821537662970168,1.2904432766153386,0.05568218719132259,0.013020707445111253,-0.017615272416784164,0.2019182708484153,-2.1036455004152974,1.2822733936888424,0.03946956782383129,0.027789063817530827,-0.010043660647212585,0.09000117304571391,0.09000117304571391,0.0,0.04573493624649057,0.022925277986497905,0.0009954544838988513,5.4739992046407115e-06,0.02941928912503234,-2.677563415245199,0,0.09572351725568191
22.08127999999926,0.08532554274912096,-1.9573020788277575,1.0011003545262116,-0.06535904755730794,-0.032725776253525074,-0.0010714135521798823,0.03724199051581022,-2.201628320572234,0.6184205476094868,0.10651631465036758,-0.07098547616127193,0.13510323722619672,0.11979910865112937,-2.152786057512287,0.9506234564122525,0.07367170207512459,-0.021200646815012807,0.06246267299256806,0.09000117304571391,0.09000117304571391,0.0,0.045602036492282255,0.022858521643354487,0.000991458665642696,5.44458541798063e-06,0.02932851092857712,-2.677564282592066,0,0.09541892630891659
22.08543999999926,0.08505405379252627,-1.9574380149919095,1.0010959083143296,-0.06515734958272719,-0.03262467939647452,-0.0010670908517066635,0.32803541519626267,-2.118871238047114,0.6067659297582959,0.05631928520093109,-0.05830934691505533,-0.05875193739605427,0.22403587276207315,-2.135949467338756,0.7785702088150115,0.06499120235500037,-0.03986074659174426,0.0018034103265605929,0.09000117304571391,0.09000117304571391,0.0,0.045469483031845184,0.022791940064973426,0.0009874787897066195,5.415331659090545e-06,0.02923799860605828,-2.67756514799907,0,0.09511527558391601
22.08959999999926,0.08478340278236585,-1.957573531155538,1.0010914800412158,-0.06495624243850322,-0.03252387927086482,-0.0010627855472988205,0.06777853020282557,-2.0811893086346087,1.0761115005237067,-0.11876460538331962,0.0047577845619000275,-0.1334327120087537,0.14565782253984685,-2.10856047519972,0.9270649591393709,-0.026269755060251754,-0.01689729584404384,-0.06559374847202262,0.09000117304571391,0.09000117304571391,0.0,0.04533727517937686,0.022725532900010045,0.0009835147934242044,5.386237043142236e-06,0.029147751452042906,-2.6775660114711943,0,0.09481256232508094
22.093759999999257,0.08451358726337982,-1.9577086285517287,1.0010870696346774,-0.06475572455664579,-0.032423375085735895,-0.001058497569238856,-0.3788180700998724,-1.788279558306703,0.9844943608504599,-0.08103567774722942,-0.00404825414660448,-0.08256971440843894,-0.11675276916659628,-1.9484260526072783,0.9556073583823189,-0.05344556621165509,-0.01054247015623389,-0.07361862202956064,0.09000117304571391,0.09000117304571391,0.0,0.04520541224913335,0.02265929979724035,0.0009795666136834039,5.357300690272908e-06,0.02905776876257738,-2.6775668730134083,0,0.0945107837841334
22.097919999999256,0.08424460478682792,-1.957843308410278,1.0010826770228103,-0.06455579437245411,-0.03232316605180865,-0.0010542268480883863,-0.40503124499181997,-2.396681847341349,1.0589666103334616,-0.11039139274758823,-0.05110462931857277,0.0960134048820388,-0.2611231023563727,-2.1726627944215915,1.0074878150006692,-0.08217104060262732,-0.031103858657202423,0.010993095381238202,0.09000117304571391,0.09000117304571391,0.0,0.04507389355542983,0.02259324040514031,0.0009756341884270721,5.328521725477655e-06,0.028968049835186523,-2.677567732630666,0,0.09420993722010162
22.102079999999255,0.08397645291047577,-1.9579775719577008,1.001078302133999,-0.0643564503245151,-0.03222325138148551,-0.0010499733146836746,-0.1124825350145253,-2.1194351285064124,0.8029672830247567,-0.12403577882881293,-0.14860262533782762,0.13599845216798165,-0.18706116449341523,-2.146356599827106,0.9055080024216783,-0.10242991007872393,-0.09036421601473844,0.0739629781659945,0.09000117304571391,0.09000117304571391,0.0,0.044942718412674124,0.022527354372533837,0.0009717174549455946,5.299899278797872e-06,0.028878593968872907,-2.6775685903279065,0,0.09391001989930443
22.106239999999254,0.08370912919858119,-1.9581114204172376,1.0010739448969153,-0.06415769085470158,-0.03212363028884824,-0.0010457369001382719,-0.21539299085697405,-2.213042947221995,1.0367103753382556,0.12804177560493907,-0.009807608928077322,-0.10917408518228601,-0.200961644544649,-2.1797201457142044,0.9708843132969179,0.013123820395141265,-0.05032859538865924,-0.018211830524408244,0.09000117304571391,0.09000117304571391,0.0,0.04481188613535382,0.02246164134838642,0.0009678163513767461,5.271432485221163e-06,0.028789400464115975,-2.677569446110053,0,0.0936110290953357
22.110399999999252,0.08344263122188048,-1.9582448550088611,1.001069605240516,-0.06395951440817038,-0.032024301989656556,-0.0010415175358394133,-0.009176593399717076,-1.8324808021241121,0.5731054482462834,0.03150964429081968,0.07705734539254068,0.12596290481562192,-0.1050024306039082,-2.0059382886036365,0.7722551831811368,0.022408255467721988,0.01360699100065111,0.05334379176684489,0.09000117304571391,0.09000117304571391,0.0,0.044681396038076665,0.022396100981705275,0.0009639308162826803,5.24312048456746e-06,0.02870046862287119,-2.677570299982014,0,0.09331296208904907
22.11455999999925,0.0831769565575748,-1.9583778769492834,1.0010652830940432,-0.06376191943336042,-0.03192526570134726,-0.0010373151534461612,0.5076256094625049,-2.145962107286165,1.0444324479164995,0.06667107721987926,-0.0429061680621971,0.07662757256503888,0.20145435631938446,-2.076041170106167,0.9085062562788517,0.04463005202332507,-0.014285937497121707,0.06442976110949032,0.09000117304571391,0.09000117304571391,0.0,0.04455124743553744,0.022330732921546206,0.0009600607877972445,5.214962421478578e-06,0.028611797748569118,-2.677571151948684,0,0.09301581616854271
22.11871999999925,0.0829121027893165,-1.9585104874519628,1.0010609783870228,-0.06356490438199087,-0.03182652064303325,-0.0010331296848911336,-0.008650633203244981,-2.277627295937092,1.1929733140823964,-0.10452591822691301,0.06306303485597083,-0.1678918969396646,0.09618106363397141,-2.176703781915094,1.0503919646637523,-0.02901669514115846,0.024050654734313958,-0.05142730819434599,0.09000117304571391,0.09000117304571391,0.0,0.04442143964255833,0.022265536817020495,0.0009562062046981623,5.186957445406045e-06,0.028523387146114604,-2.6775720020149403,0,0.09271958862914381
22.12287999999925,0.08264806750719542,-1.9586426877271106,1.0010566910492629,-0.06336846770905917,-0.031728066035502586,-0.0010289610623777313,0.024283342141405803,-2.578784301902668,0.6998488607643013,-0.026778949075424885,-0.04204730724942008,-0.030884141790081747,0.06017537325411069,-2.3778347352081175,0.8750533949050164,-0.02759643417944894,-0.008790908535956104,-0.04099991507103017,0.09000117304571391,0.09000117304571391,0.0,0.04429197197409604,0.022200512317408758,0.0009523670059833605,5.1591047106556745e-06,0.028435236121885907,-2.6775728501856477,0,0.09242427677339332
22.127039999999248,0.08238484830772526,-1.958774478981699,1.001052421010853,-0.06317260787283897,-0.03162990110121702,-0.0010248092183791563,0.6167909614600411,-1.4559272028498373,0.740970625837359,-0.06886297576950484,-0.12508244596672558,-0.018757569675941662,0.338342499859373,-1.9171342253794317,0.8079716245630534,-0.0475878280693076,-0.0671506424784992,-0.02967226746155692,0.09000117304571391,0.09000117304571391,0.0,0.0441628437452352,0.02213565907227502,0.0009485431308742928,5.1314033763252014e-06,0.02834734398373375,-2.6775736964656547,0,0.09212987791103039
22.131199999999247,0.08212244279382994,-1.9589058624194668,1.0010481682021628,-0.06297732333487821,-0.031532025064310104,-0.001020674085637386,0.6001062462626289,-2.141855342448185,1.1079592721457563,-0.1581666803773372,-0.10318751532742651,-0.07730180302545486,0.4688964301604938,-2.0297095955042987,0.9578071671735654,-0.10248911561398245,-0.08583413713479973,-0.05367880341533973,0.09000117304571391,0.09000117304571391,0.0,0.04403405427122892,0.022070976730939176,0.0009447345186051059,5.103852606159296e-06,0.02825971004098037,-2.677574540859796,0,0.09183638935897732
22.135359999999245,0.08186084857482995,-1.9590368392409276,1.0010439325538414,-0.0627826125599969,-0.031434437150587455,-0.0010165555971630759,0.3457155027665146,-1.930363261691871,1.2730616122984095,-0.034146719030827694,-0.01085825035379578,-0.13777662051238568,0.407234807147287,-1.9800589116391152,1.1151509822607528,-0.06867177396181713,-0.048065676477366835,-0.09618292288272334,0.09000117304571391,0.09000117304571391,0.0,0.04390560286747233,0.022006464943232038,0.0009409411090678136,5.0764515687046705e-06,0.02817233360441862,-2.6775753833728904,0,0.09154380844132395
22.139519999999244,0.08160006326642875,-1.9591674106433756,1.0010397139968155,-0.06258847401628514,-0.03133713658752391,-0.0010124536862327108,0.5488114638048386,-1.770170484925037,1.1393196643317838,0.047849669375744364,0.005114554546692102,0.10135998973021448,0.47812374917041117,-1.8751034789424355,1.127446550879601,-0.010465195100005115,-0.02105223210857457,0.002464032814937771,0.09000117304571391,0.09000117304571391,0.0,0.04377748884952941,0.021942123358754284,0.0009371628421744457,5.049199437115623e-06,0.028085213986310968,-2.6775762240097434,0,0.09125213248931262
22.143679999999243,0.08134008449069917,-1.9592975778208934,1.001035512462289,-0.06239490617510098,-0.031240122604263763,-0.0010083682863884919,-0.5228230753005116,-1.790076195471776,1.0179774590631825,-0.18135642833876772,-0.045193409163934994,-0.08786561513503229,-0.02273386124236299,-1.832682591902393,1.0725262473588606,-0.09591046728282761,-0.0334344467111149,-0.041620972724754006,0.09000117304571391,0.09000117304571391,0.0,0.04364971153314014,0.021877951627524483,0.0009333996578597169,5.022095389278862e-06,0.027998350500388586,-2.677577062775145,0,0.09096135884132263
22.147839999999242,0.08108090987606972,-1.9594273419643584,1.0010313278817413,-0.06220190751106821,-0.031143394431618274,-0.0010042993314381128,0.14016633843720266,-1.4765994493879222,0.7716230433769545,-0.08530041889742415,-0.06362030914225748,-0.16824372213210328,0.058540169511378685,-1.654771865538309,0.9217228547265296,-0.09070873770265782,-0.04804067124726955,-0.10504780519946172,0.09000117304571391,0.09000117304571391,0.0,0.0435222702342406,0.021813949399451846,0.0009296514967262002,4.995138607655949e-06,0.0279117424618503,-2.6775778996738704,0,0.09067148484285514
22.15199999999924,0.08082253705731109,-1.9595567042614503,1.001027160186927,-0.06200947650207415,-0.03104695130206543,-0.0010002467554519597,0.03543372795544922,-1.7317983134974022,1.5440744750521387,-0.12678261519543324,0.012044756192302837,-0.05456179692680231,0.04672384972531021,-1.6932604556971282,1.2327889659922469,-0.10911208767770052,-0.01805953657296838,-0.07953547151425457,0.09000117304571391,0.09000117304571391,0.0,0.04339516426895673,0.02175011632487745,0.0009259182991923076,4.968328279397423e-06,0.027825389187361646,-2.677578734710681,0,0.09038250784651763
22.15615999999924,0.08056496367552247,-1.9596856658966577,1.0010230093098738,-0.061817611629267424,-0.03095079244974742,-0.0009962104927637668,0.06579990497642255,-2.2517657432999485,1.086936087822065,-0.022043100060081013,-0.03243795467522758,0.09245628512184645,0.05621616799777231,-1.972583528883728,1.1600540426816393,-0.06558613171299386,-0.025704019811152008,0.006338810113228336,0.09000117304571391,0.09000117304571391,0.0,0.04326839295361776,0.021686452054046998,0.0009222000061368018,4.941663596141736e-06,0.027739289995053776,-2.6775795678903243,0,0.09009442521200882
22.16031999999924,0.08030818737811808,-1.9598142280512847,1.0010188751828821,-0.061626311377055716,-0.03085491711047031,-0.0009921904779686408,0.1655713129208815,-2.1668554703789313,1.0932269807064834,-0.10430858333624517,-0.034418354149969556,0.216942391485103,0.11067622386485382,-2.0697919855436346,1.1270910728955572,-0.08430873711947529,-0.03028310211643505,0.1117257132791635,0.09000117304571391,0.09000117304571391,0.0,0.04314195560476318,0.021622956237331147,0.000918496558688621,4.915143754090969e-06,0.027653444204522464,-2.6775803992175318,0,0.08980723430610349
22.164479999999237,0.08005220581881349,-1.9599423919034584,1.0010147577385242,-0.061435574233103446,-0.0307593245217028,-0.000988186645921962,0.016790844516042208,-2.272601465392717,1.0647234843213473,-0.036793857348593126,0.09017817749514699,0.009486782448555458,0.06365644660117958,-2.1710121298981364,1.0959273875128277,-0.060602192904856654,0.030686693768039647,0.06022182632877085,0.09000117304571391,0.09000117304571391,0.0,0.043015851539163014,0.021559628525446378,0.0009148078978018677,4.888767954042446e-06,0.02756785113682711,-2.6775812286970213,0,0.08952093250263697
22.168639999999236,0.07979701665761212,-1.9600701586281357,1.001010656909642,-0.061245398688329435,-0.030664013922574094,-0.000984198931740013,-0.30343086005846565,-1.7039388400505269,1.1112951798038744,0.10200795068914434,-0.18955920968283824,0.0783947292832175,-0.1196760256206116,-1.9378653768700043,1.1037735337096395,0.019934563675082756,-0.07995945381742847,0.06974767721394567,0.09000117304571391,0.09000117304571391,0.0,0.04289008007381798,0.021496468569141385,0.0009111339655428338,4.862535401264371e-06,0.0274825101144896,-2.6775820563334967,0,0.08923551718249005
22.172799999999235,0.07954261756079169,-1.9601975293971101,1.001006572629347,-0.061055783236904526,-0.030568984553873035,-0.0009802272707952954,-0.3911146796647797,-2.2491904232784528,0.9680660132585542,0.011083449644990459,0.01449378133405316,0.12290129147139744,-0.2553737999948953,-2.093499720042068,1.036175298716448,0.015317823021451469,-0.03284076098984097,0.09591538349626995,0.09000117304571391,0.09000117304571391,0.0,0.042764640525953065,0.02143347601941767,0.0009074747033826283,4.8364453055092865e-06,0.027397420461493266,-2.6775828821316474,0,0.08895098573357368
22.176959999999234,0.07928900620089065,-1.9603245053790186,1.001002504831019,-0.06086672637624925,-0.030474235658046356,-0.0009762715987189212,-0.2576399291221153,-1.7419632758471149,1.3000443359591254,-0.15916164202487232,0.027348329002744656,0.0792753437334527,-0.256837870455575,-1.9176730598071048,1.1682777962691706,-0.07194033637406697,-0.002314687357354677,0.08699917819580977,0.09000117304571391,0.09000117304571391,0.0,0.04263953221307107,0.021370650527322725,0.0009038300530545256,4.810496880929206e-06,0.02731258150328178,-2.677583706096149,0,0.08866733555081384
22.181119999999233,0.07903618025669468,-1.9604510877393486,1.0009984534483047,-0.060678226607031274,-0.03037976647919778,-0.0009723318513994706,-0.30964261353135886,-2.429221881675922,1.271014196819416,0.19206671811268933,-0.07350202488022513,0.1412629032268356,-0.28284135483835116,-2.1736037039295035,1.2199401214647796,0.060160028023236896,-0.038013643330263545,0.114327934618176,0.09000117304571391,0.09000117304571391,0.0,0.0425147544529061,0.02130799174417064,0.0009001999571998103,4.784689346120608e-06,0.02722799256675804,-2.6775845282316624,0,0.08838456403613623
22.18527999999923,0.07878413741322317,-1.9605772776404449,1.0009944184151174,-0.06049028243316305,-0.030285576263086207,-0.0009684079649791183,-0.013176434160765138,-2.0438495656584776,1.2722091086759986,-0.05244359200665183,-0.04547521325917632,0.03552418634792912,-0.14811582868323286,-2.1088208240842294,1.2461494117374934,0.0037404132784452726,-0.04149866445306071,0.07467066136286446,0.09000117304571391,0.09000117304571391,0.0,0.04239030656346379,0.021245499321335237,0.0008965843578739099,4.75902192404702e-06,0.027143652980283067,-2.6775853485428343,0,0.08810266859845121
22.18943999999923,0.07853287536171567,-1.9607030762415163,1.0009903996656346,-0.060302892361799317,-0.03019166425712477,-0.0009644998758560373,0.032802339201804864,-2.2412122568174824,0.7214891634665668,-0.08949023568866736,-0.07613882462892654,0.07782304779330701,-0.05784266168130862,-2.175175886184049,0.983976525823157,-0.04236607212069773,-0.05879114588438554,0.07670832896614095,0.09000117304571391,0.09000117304571391,0.0,0.042266187863041454,0.0211831729104707,0.000892983198046256,4.733493842095363e-06,0.027059562073674916,-2.677586167034298,0,0.08782164665363852
22.19359999999923,0.07828239179961845,-1.9608284846986428,1.0009863971342985,-0.060116054903334465,-0.030098029710378955,-0.0009606075206804766,0.2911212081637565,-1.5027399105993369,0.5637713820764865,-0.0384469612005861,-0.06670678348176784,-0.00010312106723985286,0.11656240116455417,-1.8390909290391033,0.7738722716192039,-0.040721530185292405,-0.06323514210234073,0.037599467710401936,0.09000117304571391,0.09000117304571391,0.0,0.0421423976702016,0.02112101216330474,0.0008893964203205902,4.708104331988951e-06,0.02697571917820746,-2.6775869837106727,0,0.08754149562453217
22.197759999999228,0.07803268443057094,-1.9609535041647828,1.0009824107558136,-0.059929768571400095,-0.030004671873565623,-0.0009567308363562418,-0.30730282680418675,-1.7254296955615025,0.888717539365526,-0.14536566551211413,-0.0011659839241442878,-0.10023529136865153,-0.0956758907360103,-1.782262404061489,0.831088600255923,-0.09286592910779183,-0.03198244010764293,-0.031971504789468495,0.09000117304571391,0.09000117304571391,0.0,0.04201893530380535,0.021059016732073124,0.0008858239680071484,4.68285262983349e-06,0.026892123626609296,-2.677587798576563,0,0.08726221294090498
22.201919999999227,0.07778375096439236,-1.9610781357897789,1.0009784404651467,-0.0597440318828624,-0.029911589999050178,-0.0009528697600376947,0.1176041373743546,-1.874945147585563,1.24836755532905,-0.12444408100705091,0.10885682381253879,0.021171871906890592,0.010706111029005295,-1.8283784199972521,1.039774551725471,-0.10833339655535155,0.03862755982284404,-0.00517104567026434,0.09000117304571391,0.09000117304571391,0.0,0.041895800083006016,0.020997186268671447,0.000882265784270642,4.657737975875021e-06,0.02680877475306245,-2.67758861163656,0,0.08698379603945404
22.206079999999226,0.07753558911706811,-1.9612023807203658,1.0009744861975254,-0.05955884335781955,-0.02981878334084731,-0.0009490242291302639,0.11764133239201996,-1.8329578332473215,0.6815252354009596,0.06712120375618544,-0.03284434666805271,-0.046428831172974735,0.06431474729070247,-1.8307374225167865,0.8605514171003654,-0.02093811576494045,0.003352285779673392,-0.026086281236781694,0.09000117304571391,0.09000117304571391,0.0,0.041772991327282474,0.020935520425623688,0.0008787218125605972,4.632759614765381e-06,0.02672567189320135,-2.6775894228952417,0,0.08670624236378499
22.210239999999224,0.07728819661073645,-1.9613262401001768,1.0009705478884368,-0.05937420151959902,-0.02972625115461768,-0.0009451941812892141,0.2913929281403181,-1.919857820872458,1.2813239137975994,-0.14049910733047088,-0.03228645385761004,0.16508647743712815,0.17756169497406668,-1.8753660812196689,1.0712841969162297,-0.0799908275283153,-0.014137342540213007,0.06938590326933676,0.09000117304571391,0.09000117304571391,0.0,0.04165050835640598,0.020874018855448102,0.0008751919968288564,4.607916795360484e-06,0.026642814384111514,-2.677590232357171,0,0.08642954936439724
22.214399999999223,0.07704157117367497,-1.9614497150697503,1.0009666254736267,-0.05919010489475498,-0.029633992697667255,-0.0009413795544174618,0.18071606442325017,-2.2082155533331798,0.9991571254521928,-0.19803795593443865,-0.030813068351601247,0.19058380689991275,0.178726806745297,-2.041857296119027,1.035617782574348,-0.1389194011565561,-0.02244555364343516,0.12939176272953665,0.09000117304571391,0.09000117304571391,0.0,0.0415283504905003,0.020812681210877648,0.0008716762811052342,4.583208770745054e-06,0.026560201564328388,-2.6775910400268983,0,0.08615371449866875
22.218559999999222,0.0767957105402872,-1.9615728067665377,1.0009627188890988,-0.05900655201306549,-0.02954200722894575,-0.00093758028666521,-0.34131784272644705,-2.3042044615792863,0.8258483453860286,-0.04831411038133058,-0.06476415876798298,0.07229340105143861,-0.08140042716657903,-2.173167887489692,0.9308821075763688,-0.09324835269106954,-0.043378412196622376,0.10077733875677164,0.09000117304571391,0.09000117304571391,0.0,0.04140651704998845,0.02075150714508077,0.0008681746095001806,4.558634798242907e-06,0.02647783277383612,-2.677591845908959,0,0.08587873523084082
22.22271999999922,0.07655061245108916,-1.9616955163249088,1.0009588280711137,-0.05882354140752991,-0.029450294009044108,-0.0009337963164295282,0.48034555352853325,-2.302062320945717,1.2025857221842582,0.1253303436216374,-0.11532005806687795,0.11121809350926777,0.1997365313542599,-2.23785566080588,1.066967356743418,0.01633767901635431,-0.07944450761119476,0.10589596454302241,0.09000117304571391,0.09000117304571391,0.0,0.0412850073556594,0.020690496311026943,0.0008646869262074479,4.5341941392278076e-06,0.02639570735406624,-2.677592650007876,0,0.08560460903200323
22.22687999999922,0.07630627465269596,-1.9618178448761596,1.0009549529561872,-0.05864107161436603,-0.029358852300194666,-0.0009300275823539431,0.48962550244449815,-2.0177195843330935,1.5474346350764163,-0.11060994312842262,-0.09849725869974921,0.012915130842627935,0.34445228019504515,-2.1279923526073614,1.3072314851976818,-0.046791549051366385,-0.08829696934587569,0.05928449476440926,0.09000117304571391,0.09000117304571391,0.0,0.0411638207286483,0.020629648362134455,0.000861213176149264,4.509886059312695e-06,0.026313824647896528,-2.6775934523281584,0,0.08533133338007916
22.23103999999922,0.07606269489780842,-1.961939793548519,1.00095109348109,-0.05845914117300729,-0.029267681366268606,-0.0009262740233253422,0.47280075278216893,-2.1251831190294266,1.567581614625528,-0.009794738556569559,-0.12541839474742456,-0.11638691150103134,0.40860788303721024,-2.126848505366544,1.4371659607655671,-0.028699993189131242,-0.1068925256021212,-0.028381504879729028,0.09000117304571391,0.09000117304571391,0.0,0.04104295649042963,0.020568962952063827,0.0008577533041243153,4.485709828277762e-06,0.026232183999649706,-2.6775942528743015,0,0.08505890575980989
22.235199999999217,0.07581987094519968,-1.9620613634671555,1.0009472495828462,-0.05827774862610001,-0.02917678047277427,-0.0009225355784744093,-0.544432915433368,-1.7126538705406968,1.2053461797921123,-0.019716617044250137,-0.2111282665628448,0.003158178617734095,-0.06795912132661423,-1.9201877884201948,1.32126153584599,-0.02472517965727973,-0.15883151920239155,-0.012863141448444316,0.09000117304571391,0.09000117304571391,0.0,0.04092241396285082,0.02050843973472466,0.0008543072550239155,4.4616647199748236e-06,0.026150784755092145,-2.677595051650787,0,0.08478732366273992
22.239359999999216,0.07557780055970176,-1.962182555754184,1.000943421198733,-0.05809689251950055,-0.02908614888685545,-0.000918812187175193,0.266383531027799,-1.7933410498762319,1.2763140677084563,-0.032030488828034484,-0.07354180500321056,-0.0523502124455986,0.09914833236969979,-1.8569173074907175,1.2986796152204991,-0.0285747242825313,-0.11580209467108749,-0.03309214277119793,0.09000117304571391,0.09000117304571391,0.0,0.040802192468145496,0.02044807836406861,0.0008508749742630098,4.437750012269782e-06,0.026069626261432548,-2.6775958486620834,0,0.08451658458720199
22.243519999999215,0.07533648151219229,-1.9623033715286728,1.0009396082662785,-0.057916571402272354,-0.028995785877290545,-0.0009151037890428378,0.6295700196253928,-2.592695945777624,0.6655271425253051,-0.22221755077327954,-0.2829203700047697,-0.005921357174646083,0.36389923424195814,-2.2254000567407792,0.9820853804917005,-0.12468781227309152,-0.19943931453958896,-0.018906646049435403,0.09000117304571391,0.09000117304571391,0.0,0.04068229132890018,0.02038787849441672,0.0008474564073558317,4.413964987123498e-06,0.025988707867320694,-2.6775966439126457,0,0.08424668603830196
22.247679999999214,0.0750959115795811,-1.96242381190665,1.000935810723262,-0.057736783826683166,-0.02890569071449036,-0.0009114103239331196,-0.37478677934187515,-2.0789580397836196,1.1437777108725595,-0.03340423657214996,-0.0747917345253781,-0.19960555196268234,-0.00551684644629739,-2.152332413443826,1.0625181469811726,-0.079809131191992,-0.13768835166787138,-0.10955400147202587,0.09000117304571391,0.09000117304571391,0.0,0.040562709868100996,0.020327839780252592,0.0008440514999185681,4.3903089305274475e-06,0.02590802892284613,-2.677597437406916,0,0.08397762552790392
22.251839999999213,0.07485608854479693,-1.9625438780011104,1.0009320285077121,-0.05755752834820203,-0.028815862670496756,-0.00090773173194197,0.31100098862158865,-2.1298630745191858,1.2604649033891642,-0.09063561500801182,0.01004473829149553,0.02658125869240044,0.15255502669785329,-2.141075712810643,1.1615470274641846,-0.08486596723844811,-0.06430304772085027,-0.040931976372206906,0.09000117304571391,0.09000117304571391,0.0,0.04044344740913368,0.020267961876336005,0.0008406601978861923,4.366781132488897e-06,0.025827588779536816,-2.6775982291493223,0,0.08370940057461508
22.25599999999921,0.07461701019677403,-1.9626635709220228,1.0009282615579063,-0.05737880352549636,-0.02872630101898084,-0.0009040679534040388,0.5034793905397303,-2.4884755347937952,1.0594405451658653,-0.12814746090421747,0.21393449299622813,-0.1178911454361375,0.32775245026385175,-2.3143340740051133,1.1102492378227877,-0.10618132414710778,0.07527721461731438,-0.08006833942213264,0.09000117304571391,0.09000117304571391,0.0,0.04032450327577687,0.02020824443760285,0.0008372824473016267,4.34338088700545e-06,0.02574738679035782,-2.6775990191442802,0,0.08344200870377093
22.26015999999921,0.0743786743304389,-1.9627828917763364,1.0009245098123691,-0.05720060792042894,-0.02863700503524158,-0.0009004189288922291,-0.3793539286961738,-2.035417842239615,0.6934252366709535,-0.18583780884144252,-0.10080132939869951,-0.025218623460531168,-0.026192535264449937,-2.1750833058372145,0.9017823397597042,-0.14585500169173826,-0.012926008898934336,-0.052874540801666745,0.09000117304571391,0.09000117304571391,0.0,0.040205876792215406,0.020148687119385722,0.0008339181947467464,4.3201074920703605e-06,0.025667422309709958,-2.6775998073961915,0,0.08317544744742014
22.26431999999921,0.07414107874669701,-1.9629018416679873,1.0009207732098724,-0.05702294009805498,-0.028547973996203478,-0.0008967845992153628,0.035479551744407006,-2.5035373258316076,1.1793125092406855,-0.049180681003690385,0.022001844872486735,0.13127939446591952,0.004541561057692165,-2.3392674052801383,1.0408229600032664,-0.09748347038444674,0.004802206391899292,0.038932831843557454,0.09000117304571391,0.09000117304571391,0.0,0.040087567283060344,0.020089289577100107,0.0008305673864896952,4.296960249546129e-06,0.025587694693428396,-2.6776005939094447,0,0.08290971434430967
22.268479999999208,0.07390422125241942,-1.9630204216979057,1.0009170516894332,-0.05684579862661902,-0.028459207180415582,-0.0008931649054194305,-0.3346540731392297,-1.9859867596278709,1.335062667514132,0.03632478958575366,0.06388323117873049,0.01271516804436242,-0.16498342908485603,-2.1624922514654137,1.1879720015477508,-0.03041767089502133,0.03458721817722554,0.025497904495303054,0.09000117304571391,0.09000117304571391,0.0,0.039969574073342215,0.020030051466357786,0.000827229969342899,4.273938465224117e-06,0.02550820329878131,-2.677601378688416,0,0.08264480693986996
22.272639999999207,0.07366809966042963,-1.9631386329640226,1.0009133451903134,-0.05666918207755187,-0.028370703868050014,-0.0008895597887852687,-0.05285814908028959,-1.9925823342186033,1.355699245512901,-0.08259737758493586,-0.0159949020167102,0.17995868616897187,-0.10909147465058135,-2.077570047340122,1.2722094904321406,-0.056662850970861246,0.009623724475754696,0.10349525042611747,0.09000117304571391,0.09000117304571391,0.0,0.039851896488510924,0.019970972443294453,0.0008239058904528922,4.251041448879335e-06,0.025428947484468542,-2.6776021617374677,0,0.08238072278619982
22.276799999999206,0.07343271178949018,-1.9632564765612763,1.0009096536520183,-0.05649308902546764,-0.028282463340899133,-0.0008859691908270826,0.22865594400258954,-1.7516495755762054,0.8682345798396075,-0.031333810488763186,0.08440737987871576,0.01787882701316374,0.05971980415155237,-1.9144321297530977,1.0702570565172054,-0.04418243241337337,0.04708953370983279,0.06037480375299822,0.09000117304571391,0.09000117304571391,0.0,0.039734533854475756,0.019912052164042113,0.000820595096875308,4.2282685140674625e-06,0.025349926610620126,-2.67760294306095,0,0.08211745944205164
22.280959999999205,0.07319805546428951,-1.9633739535816195,1.0009059770142963,-0.056317518048160466,-0.028194484882374898,-0.0008823930532927859,0.43566174222521903,-1.653670248038335,1.5373416912019724,-0.1423942687277277,-0.1628543717031668,0.06667288149140116,0.24739802604994643,-1.7843883446236448,1.3039417826624098,-0.09366584490474542,-0.05774971134630615,0.06330094080592256,0.09000117304571391,0.09000117304571391,0.0,0.039617485497571894,0.019853290285056287,0.0008172975360052179,4.205618978214185e-06,0.02527114003879493,-2.677603722663199,0,0.08185501447281651
22.285119999999203,0.07296412851542866,-1.9634910651140258,1.0009023152171372,-0.0561424677266015,-0.028106767777506887,-0.0008788313181625192,0.3928755552782777,-1.4074447427767933,0.7975065733495992,0.005723787692807791,-0.14534708180858696,-0.11396149829440272,0.3201501896056064,-1.5962170758845011,1.0504828510881552,-0.04420610024782125,-0.10113304897196931,-0.024959968646631317,0.09000117304571391,0.09000117304571391,0.0,0.039500750744593666,0.01979468646322982,0.0008140131553662907,4.183092162611278e-06,0.025192587131979242,-2.6776045005485387,0,0.08159338545050922
22.289279999999202,0.0727309287794081,-1.9636078122444964,1.0008986682007721,-0.05596793664493573,-0.028019311312939815,-0.0008752839276480324,0.23305610410439453,-1.4946514716222432,1.215861797993287,-0.12466775734338639,-0.006168863162682361,0.08131880692012054,0.2763425221762756,-1.5454472652547242,1.1333427809516337,-0.08409041770525412,-0.05323815155157378,0.028096442700810235,0.09000117304571391,0.09000117304571391,0.0,0.039384328922787745,0.01973624035536515,0.0008107419026134582,4.160687392254375e-06,0.025114267254585286,-2.67760527672128,0,0.08133256995375368
22.2934399999992,0.07249845409861443,-1.963724196056067,1.0008950359056714,-0.05579392339047879,-0.027932114776933283,-0.0008717508241921208,0.14915812897800168,-1.89192323999669,0.6095423391552892,-0.05166898742162176,-0.019812855364135386,0.11399867256994513,0.21264394943911583,-1.7187292319698027,0.8716756546672082,-0.06883567360381641,-0.036361887678723705,0.07121228695471815,0.09000117304571391,0.09000117304571391,0.0,0.039268219359879744,0.019677951618822104,0.0008074837259639195,4.138403996031068e-06,0.02503617977244987,-2.677606051185721,0,0.08107256556776782
22.2975999999992,0.07226670232130729,-1.9638402176288143,1.0008914182725446,-0.055620426553713714,-0.027845177459358803,-0.0008682319504661678,-0.07248808617828055,-2.3104863728103346,1.0296946514706682,-0.27468654829256034,-0.0016572837806325472,-0.09051457993873614,0.06950484553665462,-2.0146161296539025,0.95049767287129,-0.17186773342719916,-0.018656299621341847,-0.0094877748296863,0.09000117304571391,0.09000117304571391,0.0,0.03915242138404733,0.01961981991120436,0.0008042385735586282,4.116241306568634e-06,0.024958324052832888,-2.677606823946147,0,0.08081336988434881
22.3017599999992,0.07203567130160608,-1.9639558780398632,1.0008878152423388,-0.05544744472828781,-0.027758498651698157,-0.0008647272493704496,0.15088862071212655,-1.605204094041404,1.0009805674285792,0.05701515824906602,0.006326881179618157,-0.008123304632996679,0.11031427662232825,-1.8098947582005573,0.9757231492639252,-0.056663971041018904,-0.005843696391759248,-0.009080713113787402,0.09000117304571391,0.09000117304571391,0.0,0.03903693432397351,0.019561844890259084,0.0008010063938926298,4.094198660192594e-06,0.024880699464415845,-2.6776075950068305,0,0.08055498050185837
22.305919999999198,0.07180535889947688,-1.9640711783633924,1.0008842267562388,-0.05527497651100928,-0.027672077647042156,-0.0008612366640325636,-0.20743088348953653,-2.5196072332657167,1.1609992588502138,-0.045420032126534345,-0.05722952569523268,-0.15301442609425023,-0.0486560567979715,-2.164875316492558,1.0680436301115355,-0.05053418625662894,-0.031380027720133485,-0.08074751961631688,0.09000117304571391,0.09000117304571391,0.0,0.03892175750879301,0.01950402621399038,0.0007977871351758821,4.072275396968433e-06,0.02480330537730041,-2.6776083643720314,0,0.08029739502520798
22.310079999999196,0.0715757629807192,-1.9641861196706427,1.0008806527556646,-0.055103020501844076,-0.02758591374008894,-0.0008577601378085775,0.04478035081108403,-1.989089931742039,1.16959811771487,-0.037770016728543174,-0.22401191274085278,-0.09433719883903802,-0.002016518991894059,-2.0774480969437175,1.1186240237464533,-0.04378782649659082,-0.12731598342912218,-0.08689612616954655,0.09000117304571391,0.09000117304571391,0.0,0.0388068902681655,0.01944636354098686,0.0007945807466196103,4.0504708607446785e-06,0.024726141163006983,-2.677609132045997,0,0.0800406110658438
22.314239999999195,0.0713468814169529,-1.9643007030299224,1.0008770931822717,-0.05493157530391249,-0.027500006227140914,-0.0008542976142787804,0.399982558892182,-1.4648705519041563,1.118962284266722,-0.15337656702929445,-0.16214506126569478,0.06526195333638588,0.19866580753525356,-1.7714920636535834,1.1189288398006707,-0.09809117155067151,-0.14483949922909883,-0.010798195911745403,0.09000117304571391,0.09000117304571391,0.0,0.03869233193222872,0.019388856529787113,0.0007913871771566125,4.028784398925321e-06,0.024649206194473073,-2.677609898032962,0,0.07978462624173228
22.318399999999194,0.07111871208560505,-1.9644149295066144,1.0008735479779498,-0.054760639523485886,-0.027414354406104322,-0.0008508490372488063,0.24946658040869776,-2.2602700014951234,1.4217916800006067,0.008504510145656015,-0.016462739168346403,-0.049689763515696296,0.22408218223867463,-2.0159179798300886,1.2702596608318506,-0.04381138426415835,-0.08100312301268485,-0.0305467816212396,0.09000117304571391,0.09000117304571391,0.0,0.0385780818316316,0.01933150483931361,0.0007882063756567631,4.007215362600973e-06,0.024572499846051907,-2.6776106623371483,0,0.07952943817734529
22.322559999999193,0.07089125286989678,-1.964528800163183,1.0008700170848217,-0.05459021176998337,-0.027328957576487022,-0.0008474143507498263,0.44200887610921813,-2.1889006102082997,1.3035668561992195,0.020414493933626418,0.02024857285847823,0.1686331919998997,0.3330888684796029,-2.1023697392277616,1.2872650578055134,-0.01139136347018482,-0.029734524034403836,0.06863901321383324,0.09000117304571391,0.09000117304571391,0.0,0.03846413929754072,0.01927430812887959,0.0007850382917856929,3.985763106526327e-06,0.02449602149351089,-2.677611424962765,0,0.07927504450364523
22.32671999999919,0.07066450165883024,-1.9646423160591806,1.0008665004452424,-0.05442029065596835,-0.02724381503939624,-0.0008439934990351495,0.13929408182355862,-2.1459524326305406,0.9008397458441788,-0.05220181964557936,0.2140648636583505,-0.0977577592514184,0.23608084601987098,-2.1237168718776975,1.0938456050149934,-0.0314598989701016,0.09250041892209782,-0.014183524094712815,0.09000117304571391,0.09000117304571391,0.0,0.03835050366162,0.019217266057981998,0.0007818828751527699,3.964426989038099e-06,0.024419770514030062,-2.6776121859140103,0,0.07902144285807053
22.33087999999919,0.07043845634717548,-1.9647554782512537,1.0008629980017982,-0.054250874797145285,-0.02715892609753718,-0.0008405864265804555,-0.539156736275685,-1.8715304659132692,1.260259824838999,-0.22034235075517877,-0.00613625356295186,-0.14790863143056926,-0.15200286786699063,-1.997635260213318,1.176745563173191,-0.125315711970183,0.043473415707415454,-0.0807150771537608,0.09000117304571391,0.09000117304571391,0.0,0.03823717425607723,0.019160378286414877,0.0007787400755272685,3.943206372054949e-06,0.024343746286200577,-2.677612945195068,0,0.07876863088452091
22.33503999999919,0.07021311483545734,-1.9648682877931505,1.0008595096973063,-0.054081962812356145,-0.02707429005521116,-0.0008371930780830183,-0.047189101597852307,-2.1236951007499303,0.7487520878677337,0.005735094841615572,0.16544184026771833,-0.06730569452028955,-0.09958244078117681,-2.060322323416923,0.9626053537015978,-0.060222643232217196,0.10463015891330654,-0.0737789729472659,0.09000117304571391,0.09000117304571391,0.0,0.03812415041365036,0.01910364447427606,0.0007756098426268637,3.9221006210961735e-06,0.02426794819002319,-2.6776137028101106,0,0.07851660623334265
22.339199999999188,0.06998847502994243,-1.964980745735727,1.0008560354748126,-0.05391355332357701,-0.026989906218313736,-0.0008338133984618738,0.15940526362478136,-2.1872167781337954,0.7727497242079251,-0.09084307676967561,-0.08667593850108124,0.00059397196881293,0.02972435642031361,-2.1239500512087996,0.8676779075594304,-0.07557114229502498,0.008666739960322611,-0.03681924906581963,0.09000117304571391,0.09000117304571391,0.0,0.038011431467607326,0.019047064282080778,0.0007724921271904813,3.901109105257047e-06,0.024192375606906694,-2.677614458763298,0,0.07826536656131385
22.343359999999187,0.06976453484262612,-1.9650928531269534,1.0008525752775923,-0.053745644955914634,-0.026905773894332352,-0.0008304473328535274,-0.04355110733372354,-1.9506540542745943,1.2677656937794768,0.014381266032271037,-0.05927077191890064,0.08268859674977844,-0.0068845728894587855,-2.037424200717028,1.0678956890068303,-0.030313488359211653,-0.02525961925422971,0.023360331077686845,0.09000117304571391,0.09000117304571391,0.0,0.03789901675175232,0.018990637370447636,0.0007693868790560935,3.880231197109761e-06,0.024117027919666308,-2.677615213058778,0,0.07801490953162994
22.347519999999186,0.06954129219121945,-1.9652046110119215,1.0008491290491481,-0.05357823633760299,-0.02682189239234528,-0.000827094826615621,0.034363425008400415,-1.9829732504742377,1.1152092201964379,-0.1987777799615978,-0.13216816133904774,-0.07672647196344162,0.013326417166426076,-2.010472648227941,1.0913924617725632,-0.11460912931794875,-0.07899664611121851,-0.02632321342636585,0.09000117304571391,0.09000117304571391,0.0,0.03778690560045224,0.018934363400425744,0.0007662940488734147,3.859466272792671e-06,0.02404190451252218,-2.677615965700686,0,0.07776523281388903
22.351679999999185,0.06931874499913611,-1.9653160204328508,1.0008456967332093,-0.053411326099999726,-0.026738261023019235,-0.0008237558253235392,0.3903042616741489,-1.5377626462593659,1.226013145398669,-0.02305089085595421,0.21519002456145941,-0.07680266376667394,0.20176765968049618,-1.773666389121545,1.158545375087842,-0.06769510358645557,0.06790411183025258,-0.052221725820543734,0.09000117304571391,0.09000117304571391,0.0,0.037675097348622955,0.01887824203350162,0.0007632135876802274,3.838813711952224e-06,0.02396700477109779,-2.6776167166931453,0,0.07751633408407703
22.355839999999183,0.06909689119547952,-1.965427082429095,1.0008422782737312,-0.053244912877582665,-0.026654879098606924,-0.0008204302747686719,-0.23156077064356095,-1.8940397275594851,0.5599538279658021,-0.018749873236946345,-0.14982223893300597,0.0362220815577942,-0.01493766257513224,-1.8341660680215455,0.8593210855615975,-0.04367006174993135,-0.04068476987761721,-0.008165021505887549,0.09000117304571391,0.09000117304571391,0.0,0.037563591331729,0.01882227293107118,0.0007601454462631959,3.818272897600815e-06,0.02389232808241828,-2.6776174660402665,0,0.0772682110245535
22.359999999999182,0.06887572871502974,-1.965537798037149,1.0008388736148939,-0.05307899530794631,-0.02657174593294683,-0.0008171181209594653,0.18053169850742232,-1.4744741186689345,0.7813773096825134,0.06397107144955934,-0.36745104364908177,-0.12615808697260864,0.08293099322052988,-1.6550818309440507,0.820086652476823,0.010360237124846084,-0.20406283375618717,-0.06734894193975433,0.09000117304571391,0.09000117304571391,0.0,0.037452386885823225,0.01876645575540828,0.0007570895758017156,3.79784321634895e-06,0.023817873834909006,-2.677618213746149,0,0.07702086132403659
22.36415999999918,0.06865525549823058,-1.965648168290655,1.0008354827011017,-0.05291357203179823,-0.026488860841458947,-0.0008138193101196894,0.28984797629405235,-2.2311030271611574,0.47327020310561996,-0.1704722524894261,0.03522426481496256,-0.043970409292194805,0.1860364204384695,-1.9430241827903116,0.6465848201674115,-0.08007574115190096,-0.08395929702392604,-0.05579407073310655,0.09000117304571391,0.09000117304571391,0.0,0.0373414833475198,0.01871079016860276,0.0007540459276570693,3.7775240580862564e-06,0.02374364141839376,-2.67761895981488,0,0.07677428267758885
22.36831999999918,0.0684354694911766,-1.9657581942204099,1.0008321054769822,-0.05274864169295548,-0.026406223141144936,-0.0008105337886876366,-0.2955166496604974,-1.909781227787297,0.8445605416827963,0.1276635782332214,0.17421286614744136,-0.0601699871580625,-0.054477793501293566,-1.9260407241260014,0.7454480761741015,0.023706458780879652,0.04540316357166776,-0.057578681309103874,0.09000117304571391,0.09000117304571391,0.0,0.03723088005400706,0.018655275833314812,0.0007510144531609224,3.757314816182811e-06,0.023669630224093283,-2.6776197042505334,0,0.07652847278660249
22.37247999999918,0.06821636864560018,-1.9658678768543707,1.0008287418873851,-0.05258420293834104,-0.02632383215058516,-0.0008072615033161961,0.18382054300639905,-2.022781667753584,1.2778170407330922,-0.09125807115612981,-0.032482698999440465,-0.13740839826061374,0.06448360789624276,-1.974478252637397,1.0113505385030468,-0.033951064830081375,0.005896234421613577,-0.09751741314941252,0.09000117304571391,0.09000117304571391,0.0,0.03712057634306054,0.018599912412461145,0.000747995104259833,3.7372148874024515e-06,0.023595839644623584,-2.6776204470571727,0,0.07628342935878496
22.376639999999178,0.0679979509188586,-1.9659772172176622,1.0008253918773815,-0.052420254417980205,-0.026241687189937014,-0.0008040024008702278,0.4256516820859563,-2.163905558314201,0.5767077751229237,-0.06863509674445288,-0.003671072000748947,0.006603842058839872,0.2449275383473353,-2.0692008439720984,0.794039271304844,-0.05135100972085496,0.001102258425667797,-0.04518461036781238,0.09000117304571391,0.09000117304571391,0.0,0.037010571553055885,0.018544699569328416,0.0007449878328767384,3.717223671892051e-06,0.023522269073994344,-2.6776211882388488,0,0.07603915010814426
22.380799999999176,0.06778021427392111,-1.9660862163325827,1.000822055392263,-0.05225679478499687,-0.026159787580932774,-0.0008007564284266028,-0.11264099714971668,-2.0184422573039136,1.1345438611266379,0.08617406561622051,0.030466220979600046,0.024261714736551088,0.06631885506673812,-2.043758320097944,0.9643444831580593,0.017957132855362764,0.01601965169585423,-0.010499841596006351,0.09000117304571391,0.09000117304571391,0.0,0.03690086502294834,0.018489636967472918,0.0007419925909129504,3.6973405731456162e-06,0.023448917907607218,-2.6776219277996005,0,0.07579563275497465
22.384959999999175,0.06756315667935607,-1.9661948752186114,1.000818732377541,-0.052093822695609956,-0.026078132646877902,-0.0007975235332742518,0.20657212418749188,-2.0238920611272357,0.835544504611062,-0.23751172905063123,0.04305969242027646,0.027759820802531938,0.1359524629992198,-2.033735967495416,0.9000016213210833,-0.10976548689525534,0.029768168418206644,0.008488534395514667,0.09000117304571391,0.09000117304571391,0.0,0.036791456092299085,0.018434724270833987,0.000739009330892668,3.677564998000917e-06,0.02337578554225423,-2.677622665743455,0,0.07555287502584204
22.389119999999174,0.06734677610931802,-1.9663031948924141,1.0008154227789456,-0.05193133680912971,-0.025996721712648836,-0.0007943036629114989,0.07320408677378828,-2.6083070457258426,0.9155759198347764,-0.09536216418690098,0.0581298366075415,-0.12082191417556937,0.10437845024610444,-2.320902626558519,0.9075371884262303,-0.10206706409765999,0.0429892452303854,-0.05597326000699273,0.09000117304571391,0.09000117304571391,0.0,0.03668234410128135,0.01837996114374066,0.0007360380048961209,3.657896356606567e-06,0.023302871376116103,-2.677623402074427,0,0.0753108746535695
22.393279999999173,0.06713107054353488,-1.9664111763678502,1.0008121265424246,-0.05176933578795398,-0.02591555410469079,-0.0007910967650478684,0.015153038741198839,-2.1170208821310164,1.0099383434408526,0.129427379668891,0.01420913634656907,-0.06681189966912224,0.06003328824936664,-2.2189300280589945,0.9585992789167703,0.014164007829013996,0.028242791164484145,-0.06127804270171364,0.09000117304571391,0.09000117304571391,0.0,0.036573528390666646,0.018325347250597417,0.0007330785660594284,3.638334062354918e-06,0.02323017480876054,-2.677624136796521,0,0.07506962937722306
22.397439999999172,0.06691603796729503,-1.9665188206559794,1.000808843614143,-0.05160781829756458,-0.025834629151016853,-0.0007879027875996337,0.08188018469866126,-2.2305827376275387,0.6236821780834896,-0.001590786812485763,-0.10798641377660073,0.22912382036701556,0.0709527299531691,-2.2249806642719947,0.7916151099541416,0.006696620929213044,-0.040059616135914834,0.08383018228175387,0.09000117304571391,0.09000117304571391,0.0,0.036465008301864305,0.018270882256532034,0.0007301309668665654,3.618877532025443e-06,0.02315769524114067,-2.6776248699137284,0,0.07482913694209685
22.40159999999917,0.06670167637143452,-1.9666261287650677,1.0008055739404818,-0.051446783006523424,-0.02575394618120437,-0.0007847216786924656,0.226872286184792,-2.2530189324925654,0.7831696711094175,-0.061087719132666085,0.18348161483202696,0.07692489934794877,0.14878632751215587,-2.2386181991641765,0.7875504516902092,-0.027089791272005545,0.07162024276292712,0.08128258039222937,0.09000117304571391,0.09000117304571391,0.0,0.03635678317688758,0.01821656582676103,0.0007271951604343849,3.5995261855643057e-06,0.023085432075593215,-2.6776256014300293,0,0.07458939509969906
22.40575999999917,0.06648798375232423,-1.9667331017005945,1.0008023174680374,-0.05128622858646892,-0.02567350452639402,-0.0007815533866587541,-0.007986919951180366,-1.408550082065581,0.553183511527263,-0.08997940135053217,0.018316385167062493,0.013937207923078915,0.07021204858517724,-1.8235402150057363,0.6703939479874965,-0.05881732368347358,0.044962266401305226,0.04779818578044824,0.09000117304571391,0.09000117304571391,0.0,0.0362488523583932,0.01816239762691664,0.0007242711000882739,3.5802794461510802e-06,0.02301338471583688,-2.677626331349392,0,0.0743504016077374
22.40991999999917,0.0662749581118571,-1.9668397404652582,1.0007990741436206,-0.05112615371211207,-0.02559330351928747,-0.0007783978600366914,0.2265794798122293,-2.013087265822374,1.3977571674119833,0.04911700344302099,-0.012190900543455048,0.05762842780881246,0.14849792660297212,-1.9183407270902706,1.0341998448761487,-0.0043311691259926245,0.01653532488804728,0.053033872415119865,0.09000117304571391,0.09000117304571391,0.0,0.0361412151896474,0.018108377322839472,0.0007213587391506479,3.561136740182158e-06,0.022941552566970624,-2.6776270596757734,0,0.07411215423010485
22.414079999999167,0.0660625974574353,-1.9669460460589838,1.0007958439142557,-0.05096655706123284,-0.025513342494145948,-0.0007752550475702099,-0.29164502386331853,-2.0974802994279242,0.7334136959890996,0.053554757492233325,-0.07860644556246921,0.02152586424318055,-0.07146585217573612,-2.0080745528497257,0.8838490623326939,0.024904280120005038,-0.031372335571167156,0.03746293139434417,0.09000117304571391,0.09000117304571391,0.0,0.03603387101458547,0.018054504580905677,0.0007184580311571185,3.5420974973248978e-06,0.022869935035472015,-2.6776277864131184,0,0.07387465073686517
22.418239999999166,0.06585089980195748,-1.9670520194789287,1.0007926267271798,-0.05080743731467618,-0.025433620786787427,-0.0007721248982080653,0.47732341147443863,-1.7971496883519245,1.04610388404262,-0.15064224537986864,0.002730962884771159,-0.047662279200669413,0.20261985970907698,-1.902604566123759,0.9648769173723672,-0.06313249968052562,-0.014514342886262202,-0.004346506189587593,0.09000117304571391,0.09000117304571391,0.0,0.035926819177764455,0.018000779067819883,0.0007155689298591599,3.523161150444085e-06,0.022798531529195455,-2.677628511565361,0,0.07363788890423853
22.422399999999165,0.06563986316380603,-1.9671576617194895,1.000789422529842,-0.050648793156348314,-0.025354137734584684,-0.0007690073611028655,0.394263167575612,-1.9799106207369572,1.3127360076468506,-0.11907986788783378,-0.17260971137685738,0.05488476672419323,0.2981971320800563,-1.9416159336510683,1.1389220748178868,-0.09204508129024797,-0.09414040869262932,0.025736824292375525,0.09000117304571391,0.09000117304571391,0.0,0.03582005902438923,0.017947200450621634,0.0007126913892267711,3.5043271355367156e-06,0.022727341457370456,-2.6776292351364237,0,0.07340186651458729
22.426559999999164,0.06542948556683431,-1.967262973772308,1.0007862312699018,-0.05049062327321292,-0.02527489267646332,-0.0007659023856101218,0.022997512528297064,-1.8471415916492482,0.8017872636398701,-0.14957092408975026,0.17157768472737067,0.012193373857432483,0.16028488167826851,-1.894021915221566,0.9703783271478552,-0.12108717318797531,0.03903352977062765,0.01865094383488926,0.09000117304571391,0.09000117304571391,0.0,0.035713589900338655,0.017893768396584832,0.0007098253634511427,3.485594891707713e-06,0.0226563642305999,-2.677629957130217,0,0.07316658135640168
22.430719999999162,0.06521976504035394,-1.9673679566262783,1.0007830528952297,-0.05033292635528717,-0.025195884952900226,-0.0007628099212872669,-0.22322523314589154,-2.135104915635908,0.8974400296250422,-0.0745370843613041,-0.09661638674897383,0.0008880874119765699,-0.03162766482157324,-2.014767374491156,0.9339101334438377,-0.09792545240752575,-0.028151497295266364,0.009954213835339345,0.09000117304571391,0.09000117304571391,0.0,0.035607411152131535,0.017840482573544918,0.0007069708067331498,3.4669638612618692e-06,0.02258559926085834,-2.67763067755064,0,0.07293203122428552
22.43487999999916,0.06501069961912212,-1.967472611267553,1.000779887353905,-0.05017570109563792,-0.02511711390592066,-0.0007597299178935594,0.25973495644100897,-1.9441561086663413,1.2918679110956068,-0.2224159977266228,-0.1093257240094962,-0.04496508900048333,0.1135935228105471,-1.9796896343563102,1.112798332354951,-0.1603824995266032,-0.06825615841967748,-0.01766125203502308,0.09000117304571391,0.09000117304571391,0.0,0.03550152212694596,0.017787342649584793,0.0007041276734995202,3.448433489562467e-06,0.022515045961490208,-2.677631396401581,0,0.07269821391894186
22.43903999999916,0.06480228734332888,-1.9675769386795492,1.000776734594216,-0.05001894619037787,-0.02503857887909667,-0.0007566623253891091,0.3667760142230291,-1.8223772842119474,1.2628176456673623,-0.05106608739998555,-0.05921579421881029,0.09073605478532958,0.2400798974646542,-1.9011569102370214,1.187997077259927,-0.10552610673054039,-0.06307077969101087,0.03686217648000957,0.09000117304571391,0.09000117304571391,0.0,0.03539592217265214,0.017734348293148038,0.0007012959184055007,3.43000322505357e-06,0.022444703747208073,-2.677632113686917,0,0.07246512724715887
22.44319999999916,0.06459452625858446,-1.9676809398429556,1.0007735945646579,-0.04986266033866154,-0.024960279217544994,-0.0007536070939338535,-0.15927753006460577,-2.0299314592164266,1.4937966379111736,0.009600829610982041,-0.1280829585259493,0.02355192474366078,0.04041824696924023,-1.965810244288701,1.3409473978056172,-0.047916306253605545,-0.09617392961121081,0.030490118390381876,0.09000117304571391,0.09000117304571391,0.0,0.035290610637771586,0.01768149917293836,0.0006984754965516909,3.411672519266313e-06,0.022374572034090892,-2.6776328294105123,0,0.07223276902179566
22.447359999999158,0.06438741441590662,-1.9677846157357386,1.0007704672139333,-0.04970684224268146,-0.024882214267925442,-0.0007505641738856615,0.230273897548972,-1.9185770669637119,0.9883840797107628,-0.08698332035098338,0.011400661365989894,0.019335883065220907,0.13516662175485394,-1.9421695088491635,1.1647029125828545,-0.06751643748416078,-0.042443149807394324,0.025191250172428067,0.09000117304571391,0.09000117304571391,0.0,0.03518558687151652,0.017628794958353726,0.0006956663626306913,3.3934408268733927e-06,0.022304650239582273,-2.6776335435762215,0,0.07200113706176775
22.451519999999157,0.06418094987170801,-1.9678879673331489,1.0007673524909508,-0.04955149060766415,-0.024804383378437423,-0.0007475335158019873,0.587370263311378,-1.9171603577127907,0.8483721123595046,-0.2560617758238773,-0.07156627691776257,-0.04834110265401612,0.36073900776190193,-1.929812736342448,1.0064333340233491,-0.161777993534268,-0.057424885661908,-0.010888950569758303,0.09000117304571391,0.09000117304571391,0.0,0.035080850223775786,0.017576235318851594,0.0006928684717844541,3.375307605488025e-06,0.022234937782488605,-2.6776342561878876,0,0.07177022919203324
22.455679999999155,0.06397513068778357,-1.9679909956077273,1.000764250344824,-0.049396604141866224,-0.024726785898819145,-0.0007445150704379333,-0.46385607841893406,-1.9735194756402468,1.0629166330969404,-0.20036199796722706,0.17377788565839414,-0.06382341898572322,-0.0519803304875003,-1.9513030765359782,1.0345421732296713,-0.18141471889167632,0.05725660119267417,-0.03713415202826331,0.09000117304571391,0.09000117304571391,0.0,0.034976400045120815,0.01752381992427563,0.0006900817798217804,3.357272315769507e-06,0.022165434082977352,-2.6776349672493422,0,0.07154004324357852
22.459839999999154,0.06376995493129786,-1.968093701529312,1.000761160724871,-0.0492421815565704,-0.024649421180345448,-0.0007415087887434171,0.29947956821492094,-1.8466292777731534,1.2647627416387797,-0.2926769751450544,0.15671019679595077,0.037139533500198135,0.12314267369705412,-1.8986388763022344,1.1497325785471315,-0.2367286285196222,0.10668095860380486,-0.0006083977023350997,0.09000117304571391,0.09000117304571391,0.0,0.03487223568683162,0.017471548445076104,0.0006873062417231276,3.3393344214600424e-06,0.022096138562575276,-2.677635676764406,0,0.071310577053404
22.463999999999153,0.06356542067477253,-1.9681960860650447,1.0007580835806131,-0.04908822156608148,-0.024572288575824715,-0.0007385146218666131,-0.22021577188742877,-2.2758351719007814,1.2883242050487658,0.06482210651897871,-0.11047754766354599,0.0692285500480513,-0.048402765544612786,-2.0874678872587036,1.219174436098013,-0.08662558373651705,-0.002637559158912866,0.033785755506923774,0.09000117304571391,0.09000117304571391,0.0,0.03476835650086929,0.01741942055188886,0.0006845418137816448,3.3214933892310637e-06,0.022027050644166563,-2.6776363847368883,0,0.0710818284645101
22.468159999999152,0.06336152599607368,-1.9682981501793764,1.000755018861775,-0.048934722887722416,-0.024495387439597553,-0.0007355325211483831,-0.16555405555778607,-1.95210272477405,1.5060229409438475,0.015258558049787409,0.010389245723108412,0.10433856414747683,-0.10694773484109757,-2.0197629594368833,1.3628176047973763,-0.03557372656608279,0.003975968759537965,0.06911155575668779,0.09000117304571391,0.09000117304571391,0.0,0.03466476183990866,0.01736743591575525,0.0006817884512532952,3.3037486887222784e-06,0.021958169751991066,-2.6776370911705873,0,0.07085379532588308
22.47231999999915,0.06315826897839939,-1.9683998948340744,1.000751966518283,-0.048781684241830214,-0.02441871712753455,-0.0007325624381265767,0.0017336251717064016,-2.1987728773848136,0.8748446109444832,0.06258623517389791,-0.13978061586272675,0.04347271384794143,-0.05247497744485406,-2.1095598929686323,1.1189190426667484,0.01295213262516647,-0.06790162267326463,0.05584784636106881,0.09000117304571391,0.09000117304571391,0.0,0.03456145105731741,0.017315594208128608,0.0006790461107113971,3.28609979255425e-06,0.0218894953116425,-2.6776377960692908,0,0.07062647549248104
22.47647999999915,0.0629556477102671,-1.9685013209882287,1.000748926500264,-0.04862910435175199,-0.024342276997033997,-0.0007296043245304832,-0.004158553085914965,-2.2512266696223184,0.860018851243272,-0.05443712093459243,-0.042894602341366925,-0.05402518437298528,-0.028429584687003115,-2.180485530590398,0.9893558240199266,-0.020771894247144335,-0.0544195450358375,0.00040890185855431595,0.09000117304571391,0.09000117304571391,0.0,0.03445842350718205,0.017263895100880645,0.0006763147481250861,3.268546176281954e-06,0.0218210267500666,-2.6776384994367746,0,0.07039986682521962
22.48063999999915,0.0627536602855011,-1.968602429598258,1.0007458987580462,-0.04847698194384086,-0.024266066407019612,-0.0007266581322833122,3.847388762029391e-05,-2.342639235127336,0.698430619534224,0.0006831869026012044,-0.03450760207053099,0.06723831593095139,-0.014194968302027103,-2.261635863541321,0.8440310375815745,-0.00954896566379802,-0.04419019031502865,0.03382038558875731,0.09000117304571391,0.09000117304571391,0.0,0.034355678544307,0.017212338266200958,0.0006735943199301679,3.25108731835629e-06,0.021752763495559303,-2.6776392012768047,0,0.07017396719095818
22.484799999999147,0.06255230480322005,-1.968703221617916,1.0007428832421565,-0.04832531574745189,-0.024190084717938664,-0.000723723813500186,0.3980638972476294,-2.0343658933049906,0.6559001824168733,5.820788062818605e-05,-0.05906565712020828,0.017535134396731693,0.19193522360735932,-2.148124164373285,0.7500019643019084,-0.0036656903489382837,-0.05065499673532346,0.02510267383719339,0.09000117304571391,0.09000117304571391,0.0,0.03425321552420722,0.017160923376603215,0.000670884782818276,3.2337227001339822e-06,0.021684704977764913,-2.6776399015931354,0,0.06994877446248574
22.488959999999146,0.062351579367824476,-1.9688036979982984,1.0007398799033211,-0.048174104494938044,-0.02411433129176008,-0.0007208013204870265,0.22188242777623804,-1.9576030625099394,0.6561191424063095,-0.10233925606616309,0.036484350380000655,0.011146188452584103,0.20669559383206904,-2.052787425395618,0.7030834162625953,-0.052717878514216644,-0.006594910806551835,0.017963712475464823,0.09000117304571391,0.09000117304571391,0.0,0.03415103380312389,0.017109650105145334,0.0006681860933111989,3.2164518059186098e-06,0.021616850627674312,-2.67764060038951,0,0.06972428651850679
22.493119999999145,0.062151482088984286,-1.9689038596878483,1.000736888692464,-0.04802334692164609,-0.024038805491971627,-0.0007178906057412339,0.35007981778136454,-2.2817188431608413,0.7028174590344201,-0.1028950413663284,-0.05514595595469938,0.1498354508996829,0.27817479751016955,-2.167370089037556,0.7032617987620867,-0.07785473000259398,-0.030554382266201774,0.08403077913018701,0.09000117304571391,0.09000117304571391,0.0,0.034049132738030286,0.017058518125329172,0.0006654982084047206,3.199274122874958e-06,0.021549199877623063,-2.6776412976696617,0,0.0695005012436273
22.497279999999144,0.06195201108162632,-1.9690037076323632,1.0007339095607057,-0.04787304176591246,-0.023963506683577527,-0.0007149916219496306,0.3547645855224161,-1.9183989124999958,1.7390648149154173,-0.1584209633085718,-0.06388510183619148,0.12016882929674594,0.3161413290877239,-2.0430146077583435,1.2214187302369195,-0.11842726547685262,-0.047712867097059485,0.10294967333120839,0.09000117304571391,0.09000117304571391,0.0,0.033947511686627574,0.01700752711067907,0.0006628210853577825,3.182189140915418e-06,0.021481752161289523,-2.6776419934373124,0,0.06927741652834106
22.501439999999143,0.061753164465921905,-1.969103242775001,1.0007309424593642,-0.047723187769059185,-0.023888434233097833,-0.0007121043219873388,-0.40038181802883505,-1.8509124236713108,0.7487038165164892,-0.07851897244596437,0.024966077874265448,-0.020564479000781333,-0.04228812213995653,-1.9469132719959186,0.9850155676833993,-0.09869366930510912,-0.009921478643074032,0.04101987885384852,0.09000117304571391,0.09000117304571391,0.0,0.03384617000735387,0.016956676735496196,0.0006601546810526358,3.1651963529304565e-06,0.02141450691369311,-2.6776426876961734,0,0.06905503026901536
22.50559999999914,0.06155494036727445,-1.9692024660562868,1.0007279873399522,-0.04757378367538974,-0.023813587508564642,-0.0007092286589193121,-0.2711553093806838,-1.731765304139654,0.990293471307325,-0.0044897689373531655,-0.011205814588783555,0.1215544714416441,-0.15673407162850336,-1.8393602256643216,0.9879068063021664,-0.0509169850232154,-0.010979333382826837,0.08156085332562527,0.09000117304571391,0.09000117304571391,0.0,0.03374510705938667,0.0169059666744378,0.0006574989532805316,3.1482952546040894e-06,0.021347463571192347,-2.6776433804499455,0,0.06883334036787704
22.50975999999914,0.061357336916307015,-1.9693013784141182,1.000725044154177,-0.0474248282321849,-0.02373896587952009,-0.0007063645859964618,0.778773629905348,-2.3684335216787,0.7542439504171865,0.0858117572921319,-0.12978958538435903,-0.02279395324118357,0.31120492957041784,-2.1041714659333457,0.8710267165245593,0.017381766964425588,-0.06992894729381556,0.029205497352112645,0.09000117304571391,0.09000117304571391,0.0,0.03364432220265193,0.01685539660230944,0.0006548538596755299,3.1314853443327215e-06,0.02128062157148297,-2.677644071702318,0,0.06861234473299892
22.51391999999914,0.061160352248849935,-1.9693999807837725,1.000722112853941,-0.04727632018969857,-0.023664568717015184,-0.0007035120566563221,-0.15036954504973937,-1.905708744687397,1.0601769877255838,-0.25901851868052395,0.017591865730098955,-0.014379772859443023,0.07987635219830734,-2.004903069799843,0.9655741668296377,-0.12110879892984952,-0.02572032769349564,0.006982591211764976,0.09000117304571391,0.09000117304571391,0.0,0.03354381479782311,0.01680496619449868,0.0006522193575016618,3.1147661233830184e-06,0.021213980353596146,-2.6776447614569707,0,0.06839204127828559
22.518079999999138,0.060963984505928465,-1.9694982740979126,1.0007191933913389,-0.04712825830115363,-0.023590395393606866,-0.000700671024524488,-0.411942532548647,-1.7354336520246503,0.6115663102714248,-0.013972705537585423,0.1391134387170853,0.020977678105502166,-0.16606641817108833,-1.869878340172316,0.7886105910746518,-0.06715155207549389,0.05727107712810194,0.014365481706000455,0.09000117304571391,0.09000117304571391,0.0,0.03344358420631685,0.01675467512676778,0.0006495954049386197,3.0981370958174944e-06,0.021147539357896542,-2.6776454497175717,0,0.06817242792345966
22.522239999999137,0.060768231833750394,-1.9695962592865932,1.000716285718658,-0.04698064132273776,-0.02351644528335591,-0.000697841443410781,-0.5346753681126102,-2.5678915080566878,1.2416447114276878,0.09730145969058236,-0.08376619272378202,0.1001914454289443,-0.35017197647721976,-2.219063713817727,1.0153389973584597,0.015491511696006105,-0.013395226541868366,0.05737841087368453,0.09000117304571391,0.09000117304571391,0.0,0.033343629790322,0.01670452307536692,0.0006469819602297373,3.0815977684684056e-06,0.021081298026080456,-2.677646136487779,0,0.06795350259404778
22.526399999999136,0.06057309238369373,-1.9696939372772675,1.0007133897883775,-0.0468334680135992,-0.02344271776182436,-0.0006950232673089509,-0.19574417559455404,-2.114173956623139,0.9626609938379603,0.01837422900184226,-0.1418416863159063,0.05352584438676564,-0.27291835825899907,-2.1669132856597666,0.989112831064299,0.01673106639142519,-0.07753434871109346,0.054552303364031426,0.09000117304571391,0.09000117304571391,0.0,0.03324395091277863,0.016654509716826665,0.000644378981469817,3.0651476508629444e-06,0.021015255801173895,-2.6776468217712406,0,0.06773526322136686
22.530559999999134,0.06037856431229439,-1.9697913089947927,1.0007105055531675,-0.04668673713584261,-0.02336921220607385,-0.0006922164503972204,0.14107243801045583,-2.4160298887954066,1.2158750128837323,-0.06615684234000749,0.2231393789871492,-0.04851479940731464,-0.06605784817764243,-2.291008775469215,1.1023936472774816,-0.024620724475608927,0.0725757763812109,0.0034831484735795885,0.09000117304571391,0.09000117304571391,0.0,0.03314454693739031,0.016604634728070923,0.0006417864270348039,3.0487862552600782e-06,0.02094941212753068,-2.677647505571593,0,0.06751770774251036
22.534719999999133,0.060184645781233864,-1.9698883753614371,1.0007076329658882,-0.046540447454524764,-0.023295927994663426,-0.0006894209470370783,-0.08003898003027676,-2.1735675062850897,0.8967284318462798,-0.09969117017151327,-0.049782839823935915,0.1339820627058663,-0.07325478074804626,-2.2323906687282435,0.9998393678947932,-0.06267329490140552,0.011309470708890577,0.06820077569427914,0.09000117304571391,0.09000117304571391,0.0,0.033045417228633064,0.01655489778663715,0.0006392042555844512,3.032513096684933e-06,0.020883766450830597,-2.677648187892463,0,0.06730083410033422
22.538879999999132,0.05999133495732699,-1.9699851372968857,1.0007047719795892,-0.046394597737650395,-0.02322286450764648,-0.0006866367117720574,0.03455856136963614,-2.1686525210483065,0.9841344941712438,-0.17320974726365052,-0.04408507424439448,0.11774904435375708,-0.01970718471611734,-2.200613213576315,0.9922318881839494,-0.11814687360322985,-0.016206816600492495,0.09289843047080319,0.09000117304571391,0.09000117304571391,0.0,0.032946561151747725,0.01650529857025508,0.0006366324256366416,3.0163276927732033e-06,0.020818318218077406,-2.6776488687374664,0,0.06708464024344334
22.54303999999913,0.059798630012509624,-1.9700815957182465,1.0007019225475087,-0.046249186756167904,-0.023150021126569425,-0.0006838636993282798,0.3984497035572872,-1.8808019446728275,0.8939981176346838,-0.09716665930804215,0.053134009003623806,0.002548172632097981,0.18917147628968223,-2.040594595228127,0.9431205882823687,-0.10736703155660057,0.01834912926647648,0.047261402482524514,0.09000117304571391,0.09000117304571391,0.0,0.032847978072762074,0.016455836757066467,0.0006340708964254036,3.000229563864055e-06,0.020753066877596975,-2.6776495481102094,0,0.06686912412617774
22.54719999999913,0.059606529123826434,-1.9701777515400567,1.0006990846230728,-0.0461042132839651,-0.023077397234469454,-0.0006811018646114194,0.40069446581730944,-1.3635686315145237,1.1961952003643326,-0.06982455530440684,-0.07148262881021067,0.03915488842165963,0.2947887914833062,-1.7022253020310316,1.069741091079656,-0.08839304314229159,-0.02668392628542398,0.04321595270834677,0.09000117304571391,0.09000117304571391,0.0,0.03274966735847653,0.016406512025738264,0.0006315196268340544,2.984218233020209e-06,0.0206880118790354,-2.6776502260142867,0,0.06665428370859879
22.55135999999913,0.059415030473418666,-1.9702736056742896,1.0006962581598948,-0.04595967609786494,-0.023004992215871843,-0.0006783511627081065,0.25863793273942093,-2.3200647097587144,1.3963515488775928,-0.06810994461927607,0.04635430462830673,-0.0030584523320520227,0.276572387906385,-2.0110536632505474,1.2330405635701533,-0.07870740553483406,0.010190969064954158,0.020889695653168155,0.09000117304571391,0.09000117304571391,0.0,0.0326516283764696,0.016357324055469066,0.0006289785760383777,2.9682932259713692e-06,0.02062315267335703,-2.6776509024532835,0,0.06644011695647531
22.555519999999127,0.05922413224851191,-1.9703691590303596,1.0006934431117744,-0.04581557397762127,-0.022932805456787223,-0.0006756115488847047,-0.2594680058207442,-2.2650327079148145,0.8990065164326008,-0.011263081975632097,-0.11594308921842905,0.24183359064949783,0.008527957716163263,-2.138286704686777,1.0665245746050165,-0.04640538135777703,-0.05258735333043725,0.13117191576256415,0.09000117304571391,0.09000117304571391,0.0,0.032553860495120206,0.016308272525567664,0.0006264477035092895,2.952454070977692e-06,0.0205584887128425,-2.6776515774307748,0,0.06622662184127028
22.559679999999126,0.05903383264140393,-1.9704644125151292,1.000690639432697,-0.04567190570591446,-0.022860836344710606,-0.0006728829785860019,-0.09274901370823105,-2.429488923458757,1.083419213933556,-0.06622008185606024,-0.04104085216967977,0.03534388964390517,-0.04224942234400302,-2.283974641363354,1.0750466089552604,-0.05609517279334746,-0.047090924453840825,0.08274367036578525,0.09000117304571391,0.09000117304571391,0.0,0.03245636308358641,0.016259357115886462,0.0006239269685871605,2.9367002989911948e-06,0.02049401945108688,-2.677652250950325,0,0.06601379634012684
22.563839999999125,0.05884412984945248,-1.9705593670329151,1.0006878470768328,-0.04552867006834717,-0.0227890842686186,-0.0006701654074357192,0.22659458012550557,-1.7133268008328917,1.1225034571281955,-0.019369969968724865,0.10288599460081659,0.008194398623746216,0.09213341719896014,-1.9984331907658621,1.0987928752868044,-0.0373723938618686,0.028110393584117762,0.0452497078272987,0.09000117304571391,0.09000117304571391,0.0,0.03235913551182098,0.016210577506934935,0.0006214163313398306,2.9210314436219707e-06,0.020429744342997706,-2.677652923015488,0,0.0658016384358546
22.567999999999124,0.05865502207506315,-1.9706540234854941,1.000685065998536,-0.04538586585344002,-0.02271754861896618,-0.0006674587912334251,0.39013604575697103,-2.037011707782625,1.1212592262762617,-0.21028011044774633,0.06552636420835917,-0.0382668098448338,0.24069954978585267,-2.0175849664237195,1.109947248964641,-0.1238678620746856,0.046114022932658046,0.0031915452749318846,0.09000117304571391,0.09000117304571391,0.0,0.0322621771505769,0.016161933379244403,0.0006189157512815819,2.905447040960314e-06,0.020365662844792992,-2.6776535936298083,0,0.06559014611691627
22.572159999999123,0.058466507525677204,-1.9707483827721095,1.0006822961523445,-0.04524349185262724,-0.022646228787686077,-0.0006647630859568279,-0.3046197903776498,-1.716509543507274,0.9974605819327873,-0.09652184391215105,-0.15338195122429446,0.08090282285766989,-0.032164638992147464,-1.867364997878825,1.0538717504063013,-0.11022535407328755,-0.05322706022262737,0.041875569836304645,0.09000117304571391,0.09000117304571391,0.0,0.0321654873714128,0.016113424414122203,0.0006164251886581636,2.8899466297667246e-06,0.02030177441399935,-2.6776542627968194,0,0.06537931737741373
22.57631999999912,0.058278584413759486,-1.9708424457894769,1.0006795374929789,-0.04510154686025234,-0.02257512416818504,-0.0006620782477586593,0.05341627130038602,-2.3467546218088997,0.3545035310209742,0.17139650156268266,-0.06454429578903158,-0.06275272500168655,0.010982939979184432,-2.107196501976859,0.7040519718481956,0.030555416350590357,-0.059323788084362665,-0.010311093769334024,0.09000117304571391,0.09000117304571391,0.0,0.03206906554668173,0.016065050293016726,0.0006139446033799349,2.8745297513018455e-06,0.020238078509449968,-2.6776549305200454,0,0.0651691502170747
22.58047999999912,0.05809125095678631,-1.9709362134317907,1.0006767899753415,-0.04496002967356376,-0.022504234155342754,-0.0006594042329680286,0.2738810934441839,-1.995779398625488,1.0456604921532064,-0.1344136936922991,0.10291613503870445,0.09584067987098953,0.142152838868943,-2.0512719873568073,0.8750577226080356,-0.05122574404379309,0.02124689800761937,0.04287610261734177,0.09000117304571391,0.09000117304571391,0.0,0.03197291104954995,0.016016810698057833,0.0006114739560933832,2.8591959494419667e-06,0.020174574591282714,-2.677655596803,0,0.06495964264123896
22.58463999999912,0.057904505377233344,-1.9710296865907304,1.0006740535545162,-0.044818939092710515,-0.022433558145508486,-0.0006567409980873225,-0.29390808555060655,-2.3080860041568134,1.4369751190967237,-0.01237631217023459,-0.1442993958919119,-0.08618152153111358,-0.07590623820932006,-2.1799811160032214,1.1558403384831712,-0.031889502704487586,-0.06142686848069793,-0.021279340308704937,0.09000117304571391,0.09000117304571391,0.0,0.031877023253998986,0.015968705311742583,0.0006090132069001002,2.8439447705487312e-06,0.020111262120938125,-2.677656261649187,0,0.06475079266084476
22.588799999999118,0.057718345902563604,-1.9711228661554658,1.000671328185767,-0.04467827392073781,-0.02236309553649907,-0.0006540884997944303,-0.23743212874080175,-1.4309806773930287,1.0202288692317558,-0.11029846197857722,0.007778008313450144,-0.16463485042486461,-0.15689865928008795,-1.8054599777982374,1.0876909359074403,-0.0716044517209573,-0.026588318962315432,-0.09281169388929292,0.09000117304571391,0.09000117304571391,0.0,0.03178140153481105,0.015920733816727324,0.0006065623168559717,2.828775763433826e-06,0.02004814056115741,-2.6776569250620996,0,0.06454259829241557
22.592959999999117,0.057532770765215346,-1.9712157530126642,1.0006686138245382,-0.0445380329635827,-0.02229284572759773,-0.0006514466949387096,0.4781835338041637,-1.4020571146222096,1.0479819534558759,-0.13854672204903,0.007553519605520774,0.07257092645808763,0.160358491739183,-1.6037400370826722,1.0679859963477414,-0.1049672725946615,-0.009507669588970282,-0.009594407111648332,0.09000117304571391,0.09000117304571391,0.0,0.03168604526760105,0.015872895896475017,0.0006041212464766516,2.813688479549494e-06,0.01998520937598059,-2.677657587045222,0,0.06433505755804633
22.597119999999116,0.05734777820259006,-1.9713083480464957,1.0006659104264526,-0.04439821503006964,-0.022222808119550234,-0.0006488155405432253,0.3934855797255334,-2.0488515506845144,0.7099276540286461,-0.18674096856611525,0.024714558205907546,-0.09150739403861019,0.2765342228905024,-1.8262470306048497,0.8887642196416035,-0.14535441053416537,0.007374116962667956,-0.050657539040559425,0.09000117304571391,0.09000117304571391,0.0,0.03159095382879866,0.015825191234727316,0.0006016899568084097,2.7986824727812565e-06,0.01992246803074443,-2.677658247602028,0,0.06412816848538987
22.601279999999115,0.05716336645704045,-1.9714006521386398,1.0006632179473118,-0.04425881893190612,-0.022152982114563232,-0.0006461949938024633,-0.30542045105740245,-2.6828315147941697,0.9325957415343272,0.13822514680794826,-0.011546215998663425,-0.011962116259147022,-0.014160211046441325,-2.2545691413560585,0.9106531203934979,-0.003328403301907037,-0.002152672856063952,-0.030213084606323146,0.09000117304571391,0.09000117304571391,0.0,0.03149612659565693,0.015777619515617285,0.000599268408788955,2.783757299474721e-06,0.01985991599208046,-2.677658906735981,0,0.06392192910764366
22.605439999999113,0.05697953377585845,-1.971492666168291,1.000660536343095,-0.04411984348367825,-0.022083367116302134,-0.0006435850120827636,0.25480295612463216,-2.610287014405579,1.3477800571363556,-0.03062408579691092,-0.08275896181249488,0.01742466896796774,0.12025898307326159,-2.4326011240530385,1.129256140730568,-0.01669834093789147,-0.0432099931546253,-0.006517644265131328,0.09000117304571391,0.09000117304571391,0.0,0.03140156294625434,0.01573018042367539,0.0005968565638912759,2.768912518453154e-06,0.019797552727913004,-2.6776595644505354,0,0.06371633746353635
22.609599999999112,0.05679627841126326,-1.9715843910121655,1.0006578655699578,-0.04398128750284634,-0.022013962529888964,-0.0006409855529200323,0.0737496288922965,-2.268139530844406,0.551403427266153,-0.2271295251382725,-0.13666652913745703,0.019574916340764643,0.09653036778697792,-2.3506533735275763,0.8403668259236577,-0.12132829650797951,-0.08996377841180857,0.006348967260361733,0.09000117304571391,0.09000117304571391,0.0,0.03130726225950336,0.01568287364415643,0.0005944543834844628,2.7541476910560998e-06,0.01973537770745725,-2.677660220749135,0,0.06351139159731398
22.61375999999911,0.05661359862038934,-1.9716758275445068,1.0006552055842328,-0.043843149809740474,-0.02194476776189885,-0.00063839657402015,0.3559606155028812,-1.4532990262588474,1.1168976688747778,-0.12227003409612452,0.005097704788815126,-0.00940097916423787,0.225992229412033,-1.9019606763003691,0.978614427666335,-0.12143391819596674,-0.041785801392518286,-0.0014283542581539055,0.09000117304571391,0.09000117304571391,0.0,0.031213223915149135,0.01563569886240434,0.0005920618290492083,2.739462380950526e-06,0.019673390401217124,-2.677660875635214,0,0.063307089558727
22.61791999999911,0.05643149266527452,-1.9717669766370916,1.0006525563424276,-0.04370542922755605,-0.02187578222035917,-0.0006358180332584506,0.42720805613836244,-1.632855538781907,0.5035471862723437,-0.02918547572082774,0.05427386738956366,-0.004784873403800892,0.32654027101507827,-1.7672948860039648,0.7410676990407293,-0.07503920248556718,0.006982985430530853,-0.00318753811070657,0.09000117304571391,0.09000117304571391,0.0,0.031119447293771384,0.015588655764392403,0.0005896788623939763,2.7248561542744e-06,0.019611590280983394,-2.6776615291121972,0,0.06310342940301668
22.62207999999911,0.05624995881284807,-1.9718578391592363,1.0006499178012247,-0.04356812458234934,-0.021807005314746435,-0.0006332498886783171,0.0034059795887796465,-1.8343723553993745,0.7097597935876364,0.11071933116878444,0.11314676574131638,-0.09045750356960806,0.1651996872530862,-1.8005976507499057,0.72522612364115,0.018534963901451332,0.05953043684747895,-0.047175342005086975,0.09000117304571391,0.09000117304571391,0.0,0.03102593177679301,0.015541744036515731,0.0005873054452293276,2.7103285795759423e-06,0.019549976819831626,-2.6776621811834995,0,0.06290040919090167
22.626239999999108,0.05606899533491876,-1.971948415977803,1.000647289917481,-0.043431234703033055,-0.02173843645598406,-0.0006306920984915438,0.3786529912299247,-1.921196617284564,0.8711461566762951,-0.0967669262453478,-0.18973624142434836,-0.11767800850016015,0.2717261869751927,-1.8612932441570724,0.797942583001254,-0.0389290038252847,-0.06478864423692406,-0.08251285028991637,0.09000117304571391,0.09000117304571391,0.0,0.0309326767464786,0.015494963365597261,0.0005849415395975904,2.6958792277825628e-06,0.01948854949212019,-2.677662831852526,0,0.06269802698856479
22.630399999999106,0.05588860050816305,-1.9720387079572048,1.0006446726482265,-0.04329475842137182,-0.021670075056440086,-0.000628144621076932,0.34012581114689233,-1.801000045667002,0.2938117110926116,-0.21382027885440735,0.06324430279736384,-3.79519816067561e-05,0.3054834354811946,-1.8310156580238675,0.5458736842154176,-0.12717979205465954,-0.00030850746564669294,-0.041349802200970814,0.09000117304571391,0.09000117304571391,0.0,0.030839681585929687,0.015448313438893774,0.0005825871076613563,2.6815076721874064e-06,0.019427307773488223,-2.6776634811226723,0,0.0624962808676396
22.634559999999105,0.05570877261411314,-1.9721287159594127,1.000642065950664,-0.043158694571977796,-0.021601920529924896,-0.0006256074149797288,-0.07017752961104759,-1.6782214327670772,0.783121345954112,-0.1925156842523492,-0.004633196248999223,-0.0193868666742676,0.11725010378527811,-1.7546265519830135,0.6644587930668053,-0.15994287515402458,-0.002740397214158307,-0.03034183354870428,0.09000117304571391,0.09000117304571391,0.0,0.03074694567911329,0.015401793943994872,0.0005802421119196492,2.6672134884523447e-06,0.019366251140853653,-2.6776641289973235,0,0.062295168905197276
22.638719999999104,0.0555295099391452,-1.9722184408439614,1.0006394697821686,-0.04302304199230607,-0.021533972291689355,-0.0006230804389101883,-0.3446612239798762,-1.5322079911329467,1.202365466344559,-0.10139290486693057,-0.03733325312742654,-0.09814244809784202,-0.11391842078713449,-1.6434926766881797,0.9332110071014115,-0.1312802898718831,-0.020366667693202535,-0.06387565289010853,0.09000117304571391,0.09000117304571391,0.0,0.030654468410826988,0.015355404569256687,0.0005779065145680761,2.6529962546927345e-06,0.019305379072411193,-2.6776647754798564,0,0.06209468918373298
22.642879999999103,0.05535081077446749,-1.9723078834679548,1.0006368841002864,-0.042887799522650275,-0.021466229758421128,-0.0006205636517447987,-0.19911037564027192,-1.7227514179180736,1.403153170636779,-0.04205911937503835,-0.08945840856119183,0.07352324622263677,-0.1566021755952076,-1.6833078146740337,1.1683382151275596,-0.08681990175767307,-0.05532073642805352,0.004857494749094252,0.09000117304571391,0.09000117304571391,0.0,0.030562249166737526,0.015309145003273648,0.0005755802781420081,2.638855551260979e-06,0.01924469104763024,-2.6776654205736374,0,0.06189483979115281
22.6470399999991,0.055172673416108584,-1.9723970446860726,1.0006343088627343,-0.042752966006138024,-0.021398692348243223,-0.0006180570125248341,0.09924162265075798,-2.0618464993827823,0.9609415246775278,-0.017528056767620284,0.08980625758306708,0.06302668093026473,-0.028715449881684185,-1.8723930577228967,1.0647687503041754,-0.051935193618474186,0.017255725435858602,0.03430476590552947,0.09000117304571391,0.09000117304571391,0.0,0.030470287333365875,0.01526301493499102,0.0005732633657334128,2.6247909607992904e-06,0.01918418654725288,-2.6776660642820236,0,0.06169561882076063
22.6511999999991,0.054995096164905555,-1.9724859253505755,1.000631744027399,-0.042618540288726414,-0.021331359480712044,-0.0006155604804539669,0.05809000803192969,-2.263214836637652,0.8664800498716413,-0.11685389722373635,0.14970240551472702,-0.13095517491884984,0.014444776642827669,-2.067494575387844,0.9653503611384503,-0.08436291251307093,0.08311961879374531,-0.04818553649055251,0.09000117304571391,0.09000117304571391,0.0,0.03037858229808907,0.015217014053924609,0.000570955740137504,2.6108020683354584e-06,0.019123865053291896,-2.677666706608363,0,0.061497024371244706
22.6553599999991,0.05481807732649223,-1.9725745263113124,1.000629189552337,-0.042484521219197505,-0.021264230576814553,-0.0006130740148995069,0.20136457353012427,-2.0607874948160125,1.048826999933734,-0.06066323549702411,0.10443737141815997,0.14569148019415015,0.10777991599539544,-2.0639249383983183,1.0073916482820553,-0.07256782126859115,0.09434303896067961,0.04905331114009818,0.09000117304571391,0.09000117304571391,0.0,0.03028713344914523,0.015171142050167015,0.0005686573642817482,2.596888461225959e-06,0.01906372604902873,-2.677667347555993,0,0.0612990545466645
22.659519999999098,0.05464161521128742,-1.9726628484157247,1.0006266453957728,-0.04235090764915381,-0.02119730505896538,-0.0006105975753917744,-0.015276638447040719,-1.6698969313181742,1.2059329873406581,-0.05661756718054072,0.06963333084479556,-0.028092706427029768,0.04613344344775394,-1.8667650191463068,1.1066053696946543,-0.06479982672322213,0.08279603189419707,0.010439749532749981,0.09000117304571391,0.09000117304571391,0.0,0.030195940175638675,0.015125398613965897,0.0005663682012278645,2.583049729034528e-06,0.01900376901901138,-2.6776679871282423,0,0.06110170745643763
22.663679999999097,0.0544657081344832,-1.972750892508854,1.0006241115160994,-0.042217698433013755,-0.02113058235100573,-0.0006081311216235074,-0.3967328023246139,-2.0577328805431896,0.7048754302875939,-0.15348751032768182,-0.031749928490092436,-0.03552559096017371,-0.17562117171649427,-1.962316241160792,0.9056632732868841,-0.10954969889125697,0.025490036416448075,-0.012336388240172467,0.09000117304571391,0.09000117304571391,0.0,0.030105001867548366,0.015079783436371196,0.0005640882146021619,2.5692854636872444e-06,0.018943993449052454,-2.67766862532843,0,0.06090498121532646
22.667839999999096,0.054290354416033165,-1.9728386594333465,1.0006215878718767,-0.042084892428007115,-0.02106406187819955,-0.0006056746134475003,-0.29193098173696086,-1.8596664174716766,0.8934396139652645,-0.12051705378987414,-0.0011903309535227086,-0.023264662892858782,-0.23402654404390566,-1.9109925266216152,0.8995024645911321,-0.11552241848488548,0.011882167156164294,-0.017557638774251694,0.09000117304571391,0.09000117304571391,0.0,0.030014317915712865,0.015034296208599932,0.00056181736774219,2.5555952592968067e-06,0.018884398826227028,-2.6776692621598666,0,0.06070887394342523
22.671999999999095,0.05411555238064079,-1.97292615002946,1.0006190744218313,-0.04195248849417049,-0.02099774306723238,-0.0006032280108777293,0.10681969097895183,-1.664783447758534,1.0887456557615134,-0.028798336064753516,-0.13103811065158402,0.009403306984263237,-0.06366112643934388,-1.788158340755523,0.9941447298874128,-0.07207684058183443,-0.05979916928255304,-0.003976414886768198,0.09000117304571391,0.09000117304571391,0.0,0.02992388771184875,0.014988936622469431,0.0005595556243399155,2.5419787122585477e-06,0.018824984638870668,-2.6776698976258517,0,0.06051338376614677
22.676159999999093,0.05394130035774769,-1.9730133651350692,1.000616571124856,-0.041820485494342745,-0.020931625346208387,-0.0006007912740878537,-0.21408244707340762,-1.9920861390591353,1.5871798814708984,-0.08332570263035984,-0.05507217103265016,-0.010360019405613331,-0.139045857128384,-1.8902388509845927,1.290644262156081,-0.07784347352626766,-0.05713036066687902,-0.006857793668669048,0.09000117304571391,0.09000117304571391,0.0,0.029833710648548895,0.014943704370296566,0.0005573029478018743,2.52843542121726e-06,0.01876575037657735,-2.677670531729677,0,0.060318508814209394
22.680319999999092,0.05376759668152202,-1.973100305585672,1.0006140779400086,-0.04168888229416043,-0.020865708144647818,-0.0005983643634123719,-0.04491289141509977,-2.043658836225057,0.9418100499284684,-0.2726130366017193,-0.04211265551413458,-0.2888198353957841,-0.09254598456069116,-1.9670369808905943,1.115624277100776,-0.1750995239027035,-0.049877008130775884,-0.1479644801723494,0.09000117304571391,0.09000117304571391,0.0,0.029743786119280857,0.014898599144689807,0.0005550593025348636,2.5149649869853817e-06,0.01870669553019739,-2.6776711644746247,0,0.060124247223623965
22.68447999999909,0.0535944396908468,-1.9731869722143949,1.0006115948265113,-0.04155767776205321,-0.020799990893485328,-0.000595947239342403,-0.12285565877979154,-2.035690177558657,0.9058971358747199,-0.062103372461054476,-0.024463195417935343,-0.06870418462515873,-0.10783161434415392,-2.0014148396859537,1.010615602618069,-0.11793195998070563,-0.03722109696439198,-0.10798666057443922,0.09000117304571391,0.09000117304571391,0.0,0.029654113518395094,0.014853620638875686,0.0005528246524514079,2.501567012635315e-06,0.018647819591835417,-2.6776717958639664,0,0.059930597135680726
22.68863999999909,0.0534218277293083,-1.9732733658519994,1.0006091217437507,-0.04142687076923933,-0.02073447302506694,-0.000593539862527706,0.11674835311373888,-2.3637634990408323,1.0499890273990613,-0.014747664155514668,-0.07750442389765852,-0.03490606676317689,0.004428234280056009,-2.1827546914020344,1.0302297702895786,-0.06585024452947688,-0.05650450194281978,-0.07134687572331304,0.09000117304571391,0.09000117304571391,0.0,0.029564692241123305,0.014808768546491081,0.0005505989616122735,2.488241103430403e-06,0.01858912205484832,-2.6776724259009663,0,0.059737556696936256
22.69279999999909,0.05324975914518446,-1.9733594873268876,1.0006066586512767,-0.04129646018972095,-0.020669153973147884,-0.0005911421937760476,0.0018693976561238862,-2.0278029010139056,1.3773656347394172,-0.23775554025853257,-0.1151395463179189,0.014213537874495658,0.0026546041246618335,-2.105517986215107,1.2038292823962917,-0.15195088810484228,-0.08543967239071533,-0.02837358613470587,0.09000117304571391,0.09000117304571391,0.0,0.02947552168358334,0.014764042561588989,0.0005483821942284636,2.474986866807068e-06,0.01853060241384314,-2.6776730545888783,0,0.05954512405920059
22.696959999999088,0.0530782322914333,-1.973445337465108,1.0006042055088016,-0.04116644490027962,-0.020604033172890397,-0.0005887541940525012,0.1935979573355839,-2.208339467491576,0.8782160172906344,-0.03744468649111121,-0.10740243843211023,0.10131717893903952,0.09804988616433968,-2.1571537678177437,1.041232046807817,-0.09477876382656703,-0.09597366025179918,0.036012156513763306,0.09000117304571391,0.09000117304571391,0.0,0.029386601242780752,0.014719442378751252,0.0005461743150915617,2.4618039124012705e-06,0.01847226016467504,-2.6776736819309472,0,0.05935329737952405
22.701119999999086,0.05290724552568133,-1.9735309170903617,1.0006017622761996,-0.041036823780471646,-0.02053911006086108,-0.0005863758244770243,-0.281265410313979,-1.7301253758502118,0.6790373687305725,0.010915989102774012,0.006263711046586604,-0.10818697139847147,-0.09158955875819852,-1.9436243674403144,0.8599078557680567,-0.04104986637882375,-0.044471043942552774,-0.03641871032537522,0.09000117304571391,0.09000117304571391,0.0,0.029297930316610384,0.014674967693094572,0.000543975288720377,2.4486918520110856e-06,0.01841409480444523,-2.677674307930409,0,0.05916207482018436
22.705279999999085,0.052736797210212065,-1.9736162270240076,1.0005993289135064,-0.0409075957126235,-0.0204743840750282,-0.0005840070463255509,0.0037177488349971616,-1.3550370796181186,1.240388887987815,0.0491739162731212,0.02945928574231257,-0.16691249685914936,-0.04383385897717011,-1.6492649530837962,1.0498036359888785,0.004489602211534547,-0.007692057400969252,-0.10154898538153093,0.09000117304571391,0.09000117304571391,0.0,0.029209508303857858,0.014630618199955578,0.0005417850797899523,2.435650299521785e-06,0.018356105831498853,-2.6776749325904903,0,0.05897145454867381
22.709439999999084,0.052566885711954454,-1.9737012680850692,1.0005969053809187,-0.0407787595818272,-0.020409854654760345,-0.0005816478210292764,0.47815642295183736,-1.9879562515303928,1.439889951322995,-0.07313685385327606,-0.01891000356875781,-0.01496540702561847,0.2170143045772951,-1.818650395008105,1.2448171597365367,-0.035036307045077986,-0.014218492827511447,-0.05766845425913311,0.09000117304571391,0.09000117304571391,0.0,0.02912133460420447,0.014586393595431027,0.0005396036531335642,2.4226788710369927e-06,0.018298292745422974,-2.677675555914409,0,0.058781434737686114
22.713599999999083,0.05239750940247139,-1.9737860410902393,1.000594491638793,-0.040650314275935705,-0.02034552124082278,-0.0005792981101739907,0.038726877954231326,-1.5519260490860798,1.0782636719021754,-0.07089206828401924,-0.12196661422871538,-0.05945246001877214,0.12772201241149422,-1.6855408579124238,1.1614140819284844,-0.053020626549575685,-0.06769365201802503,-0.05783473568671405,0.09000117304571391,0.09000117304571391,0.0,0.029033408618231997,0.014542293575849366,0.0005374309737447187,2.4097771847312406e-06,0.018240655047044446,-2.677676177905374,0,0.05859201356510371
22.717759999999082,0.05222866665794823,-1.9738705468538866,1.000592087647645,-0.04052225868555825,-0.020281383275376055,-0.0005769578754993722,0.38141334396860044,-2.5018782503192143,1.2383467109036843,0.11203331455123977,-0.1870596977942553,-0.09384258240614304,0.2548032064885179,-2.094103827216557,1.199685323204323,0.029146182566867747,-0.12761807925689533,-0.07563358230748611,0.09000117304571391,0.09000117304571391,0.0,0.028945729747417534,0.014498317838203968,0.0005352670069933224,2.396944860935839e-06,0.018183192238427882,-2.6776767985665844,0,0.05840318921398472
22.72191999999908,0.05206035585918133,-1.9739547861880615,1.0005896933681497,-0.04039459170405575,-0.020217440201972782,-0.0005746270788973655,-0.17044293546537279,-2.258934311648496,1.1102193042630664,-0.02683400986522235,0.16876673293344893,-0.027912830276237904,0.0421203568429537,-2.176168845321379,1.1548928012553346,0.0016352433592104242,0.02038821304622023,-0.05137785404903148,0.09000117304571391,0.09000117304571391,0.0,0.028858297394134903,0.01445446607983842,0.0005331117179858342,2.3841815220409537e-06,0.018125903822873504,-2.677677417901231,0,0.05821495987255017
22.72607999999908,0.0518925753915666,-1.9740387599025013,1.0005873087611397,-0.040267312227536184,-0.020153691465555724,-0.0005723056824132458,0.31923477315846566,-2.08564870205892,0.7741011331655417,-0.08814589997224251,-0.1632582933232594,-0.01366212107754859,0.18049703828798916,-2.1312482593548108,0.964466514583177,-0.04367035876282729,-0.07116047216055633,-0.03282473785652907,0.09000117304571391,0.09000117304571391,0.0,0.028771110961669448,0.014410737998559055,0.0005309650724226139,2.371486792527828e-06,0.018068789304915105,-2.677678035912496,0,0.058027323734171195
22.73023999999908,0.05172532364508806,-1.9741224688046366,1.0005849337876054,-0.0401404191548499,-0.02009013651245543,-0.000569993648243115,0.05847931742230078,-1.664625947495934,1.106431337382417,-0.006091442006671541,0.03311188294133634,0.041974781606626654,0.11947435162925119,-1.897863714648676,1.0355371297056535,-0.02473790630981352,-0.019632899047916277,0.004616394813569134,0.09000117304571391,0.09000117304571391,0.0,0.028684169854209497,0.014367133292747684,0.0005288270355304002,2.3588602989772644e-06,0.01801184819031795,-2.6776786526035514,0,0.05784027899735611
22.734399999999077,0.051558599014306455,-1.9742059136995966,1.000582568408694,-0.040013911387584984,-0.020026774790387402,-0.0005676909387358464,-0.01750464541038091,-2.3739636521901453,1.1428945819945717,0.11220021956481946,0.04867367823080518,0.08203760941205285,0.051218343147290846,-2.135816190420056,1.0893864941968348,0.04320532244655898,0.014715725672130581,0.04368206297546339,0.09000117304571391,0.09000117304571391,0.0,0.02859747347685103,0.01432365166115366,0.0005266975733473345,2.3463016700058587e-06,0.017955079986076667,-2.677679267977562,0,0.05765382386573771
22.738559999999076,0.05139239989834786,-1.9742890953902152,1.000580212585709,-0.03988778783006261,-0.01996360574845011,-0.0005653975163896464,-0.10207071015446424,-1.854856161337093,1.3755827267492802,0.043527507601756735,-0.08548900167805815,0.07437919048983958,-0.02533666978557695,-1.995512228971297,1.2326405807924408,0.043342156680900815,-0.03528190817490792,0.05938394645187163,0.09000117304571391,0.09000117304571391,0.0,0.02851102123559239,0.01428029280300639,0.0005245766514419335,2.3338105362958785e-06,0.01789848420041317,-2.677679882037682,0,0.057467956548060514
22.742719999999075,0.05122672470089231,-1.9743720146770365,1.0005778662801097,-0.0397620473893324,-0.01990062883712256,-0.0005631133438539922,-0.48298721240114095,-1.6715945453023677,0.18488933723354484,0.052753524750981655,0.22147795926551245,0.1195202975484584,-0.2540543164425152,-1.8330906425913858,0.70900572131655,0.04751771215577107,0.09317284496078407,0.08969100598835247,0.09000117304571391,0.09000117304571391,0.0,0.0284248125373524,0.014237056418021136,0.0005224642359839423,2.321386530600484e-06,0.017842060342774586,-2.6776804947870576,0,0.05728267525816799
22.746879999999074,0.051061571830162446,-1.974454672358321,1.00057552945351,-0.03963668897516774,-0.019837843508261833,-0.0005608383839270836,0.18140928121451572,-1.9112773641483785,1.1964879650863427,0.04003533997445831,0.01356608480073344,-0.01385046209985445,-0.036236165516960926,-1.8721555972959418,0.9527210214749409,0.04376132728295109,0.05302060343891151,0.038130926023818894,0.09000117304571391,0.09000117304571391,0.0,0.02833884678996495,0.014193942206618682,0.0005203602931051531,2.3090292877470363e-06,0.01778580792383113,-2.677681106228827,0,0.05709797821498961
22.751039999999072,0.050896939698912194,-1.9745370692300506,1.0005732020676785,-0.03951171150006108,-0.01977524921509971,-0.0005585725995559635,-0.39731864559914926,-1.6233238905671086,0.9290349378745917,0.004211799882392002,0.07196661135352388,0.1757166177957164,-0.21677234223351155,-1.7475896527618753,0.9412428173233283,0.024551879510529024,0.0631359880812033,0.10714675946807911,0.09000117304571391,0.09000117304571391,0.0,0.028253123402170316,0.014150949869289761,0.0005182647886865684,2.2967384444416833e-06,0.017729726455473938,-2.6776817163661177,0,0.056913863642528546
22.75519999999907,0.050732826724415446,-1.9746192060859349,1.0005708840845375,-0.03938711387921932,-0.019712845412241952,-0.0005563159538375373,-0.33163444154851535,-1.7280148227117822,0.6999848187529536,-0.12043871457088004,0.10684031064174011,-0.00892644439993764,-0.27445556516495323,-1.737580611180996,0.8205929397817028,-0.04752037519966255,0.08533884270370294,0.04941729708535367,0.09000117304571391,0.09000117304571391,0.0,0.02816764178363656,0.01410807910724176,0.000516177689644088,2.2845136394887617e-06,0.017673815450813073,-2.6776823252020505,0,0.056730329769848736
22.75935999999907,0.05056923132845478,-1.9747010837174168,1.0005685754661624,-0.03926289503055905,-0.019650631555664867,-0.0005540684100142167,-0.01337300869458466,-1.4365820389180233,1.1611553313484984,-0.19768311544176786,-0.22744775537835132,-0.019299302195632487,-0.14432437154552644,-1.5875521285447731,0.9908363257807863,-0.12223804196657703,-0.07111857868811342,0.015087858807445264,0.09000117304571391,0.09000117304571391,0.0,0.028082401344940694,0.014065329622190995,0.0005140989622198096,2.272354513700659e-06,0.017618074424175373,-2.677682932739736,0,0.0565473748310622
22.76351999999907,0.05040615193731019,-1.9747827029136782,1.0005662761747813,-0.03913905387470196,-0.01958860710271277,-0.000551829931476695,-0.18060490315887742,-2.2997954051814036,0.9034448963393377,-0.24858726750773907,-0.10472284930856154,0.07524120390532579,-0.16298254617094998,-1.9438958696261586,0.9472961027818863,-0.18511574681760792,-0.08825593251012853,0.0453512244164022,0.09000117304571391,0.09000117304571391,0.0,0.02799740149759001,0.014022701116261492,0.0005120285728380442,2.260260709841639e-06,0.01756250289110233,-2.677683538982277,0,0.056364997065316516
22.767679999999068,0.050243586981747815,-1.9748640644616453,1.000563986172774,-0.03901558933497007,-0.019526771512095857,-0.0005496004817631508,0.07751763820036893,-2.209911147726363,1.2013221162783843,-0.02969835532197162,-0.1289614235075064,0.014654824718808978,-0.04279367543278624,-2.077173197475488,1.0743411138946537,-0.10687238550101377,-0.10880256552284732,0.030127500396947865,0.09000117304571391,0.09000117304571391,0.0,0.027912641654009987,0.013980193291990572,0.0005099664887498255,2.2482318726289003e-06,0.017507100368347968,-2.677684143932767,0,0.05618319471678218
22.771839999999067,0.05008153489700873,-1.974945169145995,1.0005617054226716,-0.03889250033738108,-0.019465124243888045,-0.0005473800245557822,-0.3472535643696919,-1.3770189047736783,1.2733568024048405,-0.01290657131022176,-0.09267693120966027,-0.01581525979541542,-0.19505171775881547,-1.7272835190825175,1.173816331543041,-0.06031761324483659,-0.10093217335071994,0.007699490892084056,0.09000117304571391,0.09000117304571391,0.0,0.027828121227552155,0.013937805852548321,0.000507912676537714,2.2362676487927822e-06,0.017451866373876794,-2.6776847475942915,0,0.056001966034639944
22.775999999999065,0.04991999412279771,-1.9750260177491596,1.0005594338871564,-0.038769785810643644,-0.01940366475952392,-0.0005451685236835274,0.5423307056110286,-1.391609076034603,1.1433892864251272,-0.14344231165618573,-0.0027390152796904765,0.10254215328837946,0.17334717492013715,-1.5594499508453494,1.158815089008765,-0.1022963393364222,-0.051695178049556374,0.05549545920412033,0.09000117304571391,0.09000117304571391,0.0,0.027743839632498657,0.01389553850142268,0.0005058671031859829,2.2243676869826558e-06,0.017396800426861612,-2.6776853499699267,0,0.055821309273068345
22.780159999999064,0.049758963103272075,-1.9751066110513338,1.00055717152906,-0.03864744468615267,-0.01934239252179698,-0.0005429659431203817,0.6014963134338456,-1.4281138647386193,1.2857227581419282,0.07215219677333684,-0.1802198785599084,-0.07120682404735514,0.38757483819325356,-1.4941546379182702,1.2221216844111016,-0.015094572272573343,-0.11652772861880487,-0.00783840140163094,0.09000117304571391,0.09000117304571391,0.0,0.027659796284053434,0.01385339094274568,0.000503829736297453,2.2125316378392223e-06,0.017341902047681476,-2.6776859510627404,0,0.05564122269123104
22.784319999999063,0.04959844028703047,-1.975186949830479,1.0005549183113642,-0.03852547589798463,-0.01928130699485653,-0.0005407722469827786,-0.5821764611388917,-2.028856721460114,0.8860559188915826,-0.12775346394960277,-0.06915079708352151,-0.14715372302392496,-0.0975723351695499,-1.7616521267715957,1.0537800117892935,-0.07189072766526704,-0.09338378153181251,-0.07731270617146639,0.09000117304571391,0.09000117304571391,0.0,0.0275759905983567,0.01381136288108551,0.0005018005425976302,2.2007591539029876e-06,0.017287170757919496,-2.6776865508757925,0,0.05546170455326431
22.788479999999062,0.04943842412710175,-1.9752670348623298,1.0005526741971995,-0.0384038783828928,-0.019220407644205444,-0.000538587399533218,0.41339960803221415,-2.247161894841707,0.9955220816441196,0.1497181438050518,0.09233278864268281,-0.020160764161081892,0.15822826592963876,-2.0042180113331955,1.0246107533969167,0.03907041768719464,-0.0007043796352332933,-0.04972521574068125,0.09000117304571391,0.09000117304571391,0.0,0.02749242199247614,0.013769454021345079,0.0004997794898609076,2.1890498896031897e-06,0.017232606080360757,-2.677687149412134,0,0.05528275312826466
22.79263999999906,0.04927891308093382,-1.9753468669203993,1.0005504391498445,-0.03828265108030263,-0.019159693936698356,-0.0005364113651758485,0.11480115444598625,-2.2707310930630635,1.5403163745417965,-0.08362468265789569,0.12656719558989496,0.1363518972334305,0.13634072306218506,-2.1372130979766113,1.2827489080309888,-0.022391250707111374,0.06289294188042671,0.04420182989635329,0.09000117304571391,0.09000117304571391,0.0,0.02740908988441461,0.013727664069195233,0.0004977665456302057,2.177403501348718e-06,0.017178207538990214,-2.677687746674807,0,0.055104366690276144
22.79679999999906,0.04911990561038254,-1.9754264467759848,1.000548213132726,-0.03816179293230692,-0.01909916534053803,-0.0005342441084574075,-0.09357086325240535,-1.9861158914711041,1.0505302973011774,-0.012233844498215494,-0.07530687343253141,0.053026454525320024,0.021358605558348526,-2.0618188995631113,1.1667480040636138,-0.017664447957038178,-0.006762608537916251,0.04874202736770576,0.09000117304571391,0.09000117304571391,0.0,0.027325993693118028,0.013685992730546145,0.0004957616774318081,2.165819647364708e-06,0.017123974658990522,-2.6776883426668454,0,0.05492654351827805
22.80095999999906,0.04896140018170062,-1.9755057751981735,1.0005459961094172,-0.03804130288366115,-0.019038821325273955,-0.0005320855940672476,-0.2816656497925386,-1.7380644960999396,1.3225981869000933,-0.005341981037015685,-0.2306345226606919,-0.19085900411045842,-0.13016670365511576,-1.900418139197372,1.2442776817951717,-0.011528061774387182,-0.11916808774659525,-0.07127248032962154,0.09000117304571391,0.09000117304571391,0.0,0.027243132838453026,0.013644439711980254,0.000493764853205036,2.154297987796805e-06,0.017069906966739934,-2.677688937391275,0,0.05474928189617235
22.805119999999057,0.048803395265526545,-1.9755848529538476,1.0005437880436387,-0.037921179881778774,-0.01897866136179912,-0.0005299357868355935,-0.1493479982740585,-2.208442319180265,1.1369788248085992,-0.09686425945908603,0.04214513618811761,-0.028363745916606325,-0.13995954940788302,-2.0543454611882375,1.1905694038956318,-0.05390730273100176,-0.03816729562507109,-0.05025225755807666,0.09000117304571391,0.09000117304571391,0.0,0.027160506741241416,0.013603004720223445,0.0004917760406624003,2.142838184598839e-06,0.017016003989810152,-2.677689530851113,0,0.05457258011277156
22.809279999999056,0.04864588933687352,-1.9756636808076906,1.0005415888992566,-0.03780142287672641,-0.01891868492234901,-0.0005277946517344538,0.27473284447786595,-1.9643136442791065,0.40413190547063704,-0.0851058466210379,-0.1165082429270001,-0.11526889735071526,0.06721176892755543,-2.009570811287944,0.7971057953011382,-0.06913782995114988,-0.07754682654248622,-0.08294858596246298,0.09000117304571391,0.09000117304571391,0.0,0.027078114823234543,0.013561687463005692,0.000489795208146951,2.1314399017535292e-06,0.0169622652569643,-2.6776901230493677,0,0.05439643646178589
22.813439999999055,0.04848888087511844,-1.9757422595221927,1.0005393986402822,-0.037682030821219174,-0.018858891480497006,-0.0005256621538749546,0.013479201650319454,-2.267552056062607,1.3817438342380757,-0.05805018699388624,-0.004776350308775717,0.10567774671599667,0.04022544762082372,-2.138573509967832,1.089648912715735,-0.06411451480560422,-0.041004490004736896,0.011256192307330862,0.09000117304571391,0.09000117304571391,0.0,0.02699595650713097,0.013520487648211947,0.00048782232377892355,2.1201028049727456e-06,0.01690869029815465,-2.67769071398904,0,0.05422084924181116
22.817599999999054,0.04833236836399087,-1.975820589857656,1.0005372172308717,-0.037563002670615915,-0.018799280511153326,-0.0005235382585082336,-0.008575773417220232,-1.2249415392575733,0.6207122252760278,-0.12226582756622956,0.03784082150213691,-0.14241230487464557,0.015570373078290786,-1.6816733192500102,0.8548806310605418,-0.09327628232417058,-0.001156255156276766,-0.06535515967445388,0.09000117304571391,0.09000117304571391,0.0,0.026914031216570843,0.013479404984207938,0.0004858573558847489,2.1088265618002146e-06,0.016855278644520542,-2.677691303673122,0,0.0540458167563165
22.821759999999053,0.048176350291562066,-1.9758986725721999,1.0005350446353258,-0.03744433738291445,-0.018739851490562617,-0.0005214229310245402,0.6184940471775526,-1.993634482072004,0.8012856659907754,-0.005030818459782135,-0.13595680628627577,-0.04078527006720023,0.3170266988029216,-1.8379384717395295,0.8279987595544591,-0.04951197850106936,-0.06873930927779176,-0.05346522437300429,0.09000117304571391,0.09000117304571391,0.0,0.02683233837613353,0.013438439179845718,0.0004839002727848791,2.0976108416635663e-06,0.016802029828386286,-2.677691892104597,0,0.05387133731363195
22.82591999999905,0.04802082515023395,-1.9759765084217678,1.0005328808180884,-0.03732603391874688,-0.018680603896301513,-0.0005193161369532554,0.43247980164424515,-1.0464741132439217,0.9121066947331578,0.05897643053478893,0.09479419197252857,-0.05009800052490093,0.37487606893547337,-1.442003992366146,0.869949759224606,0.005041880821107832,0.013212819607481758,-0.05209241019916251,0.09000117304571391,0.09000117304571391,0.0,0.026750877411358606,0.01339758994479015,0.00048195104322346083,2.0864553158955024e-06,0.01674894338325905,-2.677692479286441,0,0.05369740922693594
22.83007999999905,0.04786579143672823,-1.9760540981601313,1.000530725743747,-0.03720809124137474,-0.018621537207274847,-0.0005172178419610717,-0.24747085534981558,-2.652236777498801,1.0214581040675046,-0.07387178962844207,0.05442160778779884,-0.05948971621078052,0.06354451431919683,-2.0470157441058543,0.9455792425650452,-0.03436834228421006,0.033855902812097355,-0.05482296182280198,0.09000117304571391,0.09000117304571391,0.0,0.026669647748716774,0.013356856988776297,0.00048000963551432,2.0753596575049855e-06,0.016696018843826592,-2.6776930652216215,0,0.053524030814243305
22.83423999999905,0.04771124765207538,-1.9761314425388967,1.0005285793770309,-0.03709050831668434,-0.018562650903714954,-0.0005151280118537493,0.2524047868112672,-2.0572064113252466,1.015356115172917,-0.21569419578563426,0.06568218225881359,-0.1241646834530829,0.15752697024758514,-2.0519732519140232,0.9802093609084171,-0.12484453702594113,0.049151493837136864,-0.08922622495669504,0.09000117304571391,0.09000117304571391,0.0,0.026588648815640825,0.013316240022255926,0.0004780760190401523,2.0643235413646778e-06,0.016643255745955245,-2.677693649913097,0,0.05335120039839291
22.838399999999048,0.04755719230160379,-1.97620854230751,1.000526441682812,-0.03697328411318196,-0.018503944467178273,-0.0005130466125716517,0.21472059911353172,-2.3478309030750504,1.02275210988365,0.038179065361506115,0.012847765877826729,0.015452459214404602,0.18620327122408747,-2.1998778207614484,1.0015120203825347,-0.04318688951702623,0.031192357907101426,-0.03633899722574643,0.09000117304571391,0.09000117304571391,0.0,0.02650788004050652,0.01327573875618955,0.00047615016211548363,2.05334664413327e-06,0.016590653626687733,-2.6776942333638187,0,0.05317891630703532
22.842559999999047,0.04740362389492883,-1.9762853982132622,1.0005243126261028,-0.0368564176019891,-0.018445417380542832,-0.0005109736101941528,0.23028665152784542,-2.132707281532012,0.9942887293964758,-0.0158169922568588,-0.05343984580770976,-0.012689333746691362,0.20821270624118424,-2.166402709186493,0.9978733865142388,-0.029664905492913642,-0.011370892499740314,-0.024253917847932394,0.09000117304571391,0.09000117304571391,0.0,0.026427340852646822,0.013235352901838068,0.0004742320343405454,2.0424286442097045e-06,0.01653821202424101,-2.6776948155767295,0,0.0530071768726208
22.846719999999046,0.047250540945942006,-1.9763620110012956,1.0005221921720573,-0.03673990775683771,-0.018387069128006597,-0.0005089089709342338,0.2912778087692745,-1.5729718467055092,0.26863486485473853,-0.030048067757854475,0.07005263580990642,-0.05768580980292179,0.24968310873005614,-1.8695378742059148,0.6331307871489494,-0.02974542911418118,0.029555032619527452,-0.04180876033861036,0.09000117304571391,0.09000117304571391,0.0,0.026347030682339463,0.013195082171195714,0.0004723216044648991,2.031569221835189e-06,0.016485930478004174,-2.6776953965547636,0,0.05283598043238689
22.850879999999044,0.04709794197280007,-1.9764383814146085,1.0005200802859693,-0.036623753554065455,-0.018328899195084004,-0.0005068526611420222,0.39858839122544165,-1.6576536389734629,1.3006142752448926,-0.053691301854944876,0.0486548911503905,-0.03507349756773553,0.3240233048292692,-1.7634905821544742,0.9668040032103905,-0.04084614888993166,0.03790596343429743,-0.03832287044049908,0.09000117304571391,0.09000117304571391,0.0,0.026266948960824404,0.013154926276568196,0.0004704188420994698,2.0207680589651807e-06,0.01643380852853627,-2.6776959763008477,0,0.052665325328346384
22.855039999999043,0.046945825497914186,-1.976514510194061,1.0005179769332722,-0.03650795397261091,-0.018270907068604274,-0.0005048046473011468,0.21412874417509536,-1.9381794346895478,0.6363065236283656,-0.08956596755946153,0.011402533425502195,-0.08836379481408745,0.268889249613608,-1.8508123850880362,0.8013700863543556,-0.065341759558473,0.024594022519506886,-0.06378716872458766,0.09000117304571391,0.09000117304571391,0.0,0.026187095120298022,0.013114884930898699,0.00046852371664968685,2.0100248393427657e-06,0.016381845717564188,-2.6776965548179,0,0.052495209907275076
22.859199999999042,0.04679419004793915,-1.9765903980783808,1.0005158820795388,-0.0363925079940088,-0.01821309223670836,-0.0005027648960295817,0.23995323003539432,-2.053899750557331,1.7101006609941218,-0.04172602786522189,-0.08730402033778566,0.07590177708571409,0.2543322026200328,-1.952539523502765,1.2559000857333562,-0.0525517067255404,-0.031133982125055325,0.005817687231798,0.09000117304571391,0.09000117304571391,0.0,0.02610746859390392,0.013074957847452773,0.00046663619731615374,1.9993392484201645e-06,0.016330041587980473,-2.6776971321088316,0,0.052325632520699786
22.86335999999904,0.046643034153762544,-1.9766660458041676,1.0005137956904802,-0.036277414602385254,-0.018155454188847207,-0.0005007333740804651,0.029888466691159427,-2.0875618323914855,0.6510356026234217,0.17193255661361334,0.024669980223572214,-0.1988261991921894,0.1424666662978944,-2.019998981766472,0.953049276379224,0.059537833056592,-0.0038741993979527272,-0.09611487572952321,0.09000117304571391,0.09000117304571391,0.0,0.026028068815760447,0.013035144740144312,0.0004647562541661649,1.988710973438835e-06,0.016278395683841228,-2.6776977081765443,0,0.052156591524886095
22.86751999999904,0.046492356350493994,-1.9767414541059,1.0005117177319454,-0.03616267278445297,-0.018097992415778644,-0.0004987100483384504,0.03411267247470933,-1.4661640695141922,1.152593039418429,-0.011248945588761078,-0.07664155011534177,0.12344414583983995,0.08826678438960761,-1.7432347898038358,1.05308034182025,0.023537978861815044,-0.041345958806698675,0.013156579300207766,0.09000117304571391,0.09000117304571391,0.0,0.02594889522092464,0.012995445323434392,0.0004628838568526781,1.9781397033578065e-06,0.01622690755036394,-2.677698283023932,0,0.05198808528082621
22.87167999999904,0.04634215517745438,-1.97681662371594,1.0005096481699212,-0.03604828152950651,-0.01804070640956473,-0.000496694885821401,0.014546224086618015,-2.273443152484143,1.521832923454764,-0.12925832251775132,0.07051318035562762,-0.014106626151558204,0.051136759426031644,-2.008195207195375,1.2874305054692692,-0.052669885377075135,0.014187593880369453,-0.0004415982606797049,0.09000117304571391,0.09000117304571391,0.0,0.025869947245436495,0.012955859312015885,0.00046101897504265913,1.9676251287720495e-06,0.016175576733925306,-2.677698856653882,0,0.0518201121542272
22.875839999999037,0.04619242917816514,-1.976891555364538,1.0005075869705309,-0.03593423982941745,-0.017983595663570388,-0.0004946878536803011,0.035992728457427806,-1.8060723145544868,1.1097896815981134,0.01838208989037747,-0.04067799448171941,0.003181101761189696,0.0436028041772518,-1.9072173454798904,1.1986164380863664,-0.01711574446342396,-0.013054204765353919,0.0009026301706135085,0.09000117304571391,0.09000117304571391,0.0,0.025791224326276216,0.012916386421353225,0.00045916157906092164,1.957166942071501e-06,0.01612440278205913,-2.677699429069272,0,0.05165267051549865
22.879999999999036,0.04604317690033752,-1.97696624977984,1.0005055341000342,-0.03582054667862968,-0.017926659672459797,-0.0004926889191964956,0.08314131294706728,-2.661643314521699,0.41070669494184986,-0.14529326247830476,0.16037138183558472,0.05364810945373343,0.06306886739356339,-2.2841012772742015,0.804768327456639,-0.08058944486996465,0.07328012816691448,0.026941262952854948,0.09000117304571391,0.09000117304571391,0.0,0.02571272590140504,0.012877026367260472,0.00045731163903677983,1.9467648372957576e-06,0.016073385243454134,-2.677700000272973,0,0.051485758739740796
22.884159999999035,0.045894396895861875,-1.9770407076878906,1.0005034895248268,-0.03570720107415453,-0.017869897932194553,-0.0004906980497824617,0.08558098499414052,-1.513713321546389,0.9881123165676362,-0.16713655498695812,-0.14540942524379746,0.1472419089695842,0.07397735874305797,-1.8992043649360832,0.8967475016420048,-0.12381620110431944,-0.03604635903701027,0.08725804801349198,0.09000117304571391,0.09000117304571391,0.0,0.02563445140973583,0.012837778866120426,0.0004554691249047094,1.9364185101828535e-06,0.01602252366795185,-2.677700570267847,0,0.0513193752067325
22.888319999999034,0.04574608772079702,-1.9771149298126407,1.0005014532114394,-0.03559420201556605,-0.01781330994003091,-0.0004887152129825894,-0.36003589104963,-1.9592758730436122,0.6129391437589307,0.019538460502154645,-0.07891878888783131,0.1572972125953707,-0.14299133867240987,-1.9294037177542755,0.7551677750671729,-0.052304341578121784,-0.0579464201938584,0.12262671381932391,0.09000117304571391,0.09000117304571391,0.0,0.025556400291153795,0.012798643634783148,0.0004536340074758724,1.926127658133973e-06,0.015971817606544418,-2.677701139056749,0,0.05115351830091924
22.892479999999033,0.045598247935359534,-1.977188916875951,1.0004994251265373,-0.035481548504996185,-0.017756895194517442,-0.0004867403764695075,0.10416041305667337,-1.3628822428448708,1.2928445740140837,-0.032151404849827855,0.01903300042769036,0.009640179908368346,-0.019481622739091653,-1.646101002863044,1.0240294996829675,-0.04174092713436418,-0.01870437613723875,0.06637558397285409,0.09000117304571391,0.09000117304571391,0.0,0.02547857198650716,0.012759620390571325,0.00045180625694291477,1.9158919802048277e-06,0.01592126661137245,-2.677701706642526,0,0.05098818641140127
22.89663999999903,0.04545087610391316,-1.977262669597599,1.0004974052369204,-0.03536923954713001,-0.0177006531954927,-0.00048477350804663306,-0.0736555964351223,-1.450456885553007,0.9754347776377499,0.2497682144642301,-0.09336001751599678,0.01050784215632032,-0.046049369442281066,-1.5484720185369603,0.9997553635263206,0.1039427655910411,-0.05590373509166933,0.03762358437717777,0.09000117304571391,0.09000117304571391,0.0,0.025400965937614414,0.012720708851392558,0.0004499858439501567,1.9057111771325723e-06,0.015870870235722898,-2.6777022730280176,0,0.050823377931921536
22.90079999999903,0.045303970794958154,-1.9773361886952827,1.000495393509522,-0.03525727414920092,-0.017644583444082377,-0.00048281457564623644,-0.18249903417260804,-2.1366063166139755,0.8172957219156612,0.11568496358815016,0.08470941725250512,-0.005294633212130856,-0.11403236171913397,-1.8423670565506607,0.9085142993450863,0.10876799548974302,0.01437780028336606,0.01566423424337316,0.09000117304571391,0.09000117304571391,0.0,0.025323581587254923,0.012681908735530961,0.0004481727391679139,1.8955849512632174e-06,0.015820628034026864,-2.6777028382160544,0,0.05065909126085395
22.90495999999903,0.045157530581120715,-1.9774094748846274,1.0004933899114081,-0.03514565132098586,-0.017588685442697375,-0.0004808635473293315,0.17010173423786226,-2.2837046930934486,1.1465429229278346,0.07971243412051164,0.040705133438192126,0.13115163712981406,0.028202493007986273,-2.0629545669886125,1.0278038654593118,0.09423294702091276,0.02766932225037752,0.07301725398603792,0.09000117304571391,0.09000117304571391,0.0,0.025246418379186265,0.01264321976186622,0.00044636691372217227,1.8855130066159517e-06,0.015770539561857484,-2.67770340220946,0,0.05049532480119138
22.909119999999028,0.04501155403914238,-1.97748252887919,1.0004913944097777,-0.035034370074800515,-0.017532958695030926,-0.00047892039128373016,0.46291609521219856,-2.0913008921055884,1.2859788033438007,-0.11589559013409612,-0.010497970476440216,0.0705906236163718,0.245321742677842,-2.0771482558134857,1.1570411981152335,-0.011042002850524722,0.007863227041740186,0.07121232939162493,0.09000117304571391,0.09000117304571391,0.0,0.025169475758134677,0.012604641649665224,0.0004445683383405693,1.8754950488327286e-06,0.015720604375927753,-2.6777039650110503,0,0.05033207696053392
22.913279999999027,0.04486603974986948,-1.9775553513904651,1.0004894069719619,-0.034923429425494486,-0.017477402706056612,-0.00047698507582568956,-0.3450376442373839,-2.304494957286363,1.2242680595077013,0.07439899914844725,-0.05336531330970881,-0.10332104989196086,-0.049706474473369844,-2.190933067234803,1.1904411214022452,0.03125970974476667,-0.023289735189313144,-0.016488903059409414,0.09000117304571391,0.09000117304571391,0.0,0.025092753169792384,0.012566174118908036,0.0004427769839949066,1.8655307852446552e-06,0.015670822034088396,-2.6777045266236335,0,0.05016934615107685
22.917439999999026,0.04472098629824262,-1.9776279431278903,1.0004874275654227,-0.03481282839044656,-0.017422016982025005,-0.0004750575693988325,0.24984237984297297,-2.113128879595498,0.9617565042075426,0.07196952563037445,-0.01682732917996181,0.06453055582133548,0.1002192480835953,-2.152066386189867,1.07623267522253,0.05185012746709005,-0.019598854636819256,0.02341894303385476,0.09000117304571391,0.09000117304571391,0.0,0.025016250060824717,0.012527816889972801,0.0004409928221173179,1.85561992472408e-06,0.015621192095325651,-2.6777050870500094,0,0.050007130789598904
22.921599999999025,0.04457639227328612,-1.9777003047988506,1.0004854561577536,-0.03470256598955987,-0.017366801030461645,-0.0004731378405722332,-0.3946805799182664,-1.4059544273879974,1.1313643461718348,-0.24736700329399483,-0.06821954132436953,0.2400430857171729,-0.14774975755859407,-1.7791462947176682,1.1042984106769334,-0.09720439742692832,-0.044283939956874456,0.13160580691951862,0.09000117304571391,0.09000117304571391,0.0,0.0,0.0,0.00043921582396042286,6.946069798685588e-05,0.015571411585666228,-2.6864177706759653,0,2.2663165589812673
22.925759999999023,0.044431823282578824,-1.9777726539414917,1.0004834927166784,-0.034696557769752404,-0.01736379423384681,-0.0004712258580411316,-0.6225844344771994,-1.7158984470443137,0.7994396575889532,-0.08552768272694822,0.13373976011560199,0.09126266512099855,-0.3853483975485069,-1.747244730083421,0.9520557382353425,-0.09132649739144981,0.04518609756013957,0.11191108660335611,0.09000117304571391,0.09000117304571391,0.0,0.0,0.0,0.00043744596081216297,0.0001708537390513488,0.015544286157389805,-2.695130454301921,0,2.266217349816986
22.929919999999022,0.04428727932162399,-1.977844990558064,1.0004815372100888,-0.034690550629160204,-0.0173607879773222,-0.0004693215814998613,-0.29003867120868687,-2.5111207501004014,1.122156913002934,-0.12961428443715184,-0.17789326818807677,-0.059396890155388286,-0.3379607692292965,-2.129556992860434,1.0369838497467079,-0.11128159454222154,-0.06687076218518627,0.02632689105020287,0.09000117304571391,0.09000117304571391,0.0,0.0,0.0,0.0004356831673739683,0.00028910702387467967,0.015527899965075424,-2.703843137927877,0,2.26611816502004
22.93407999999902,0.04414276038592576,-1.9779173146508173,1.0004795896060048,-0.034684544567574915,-0.01735778226078355,-0.00046742498015274394,-0.1891501158907373,-2.349549034453251,0.4890433969565068,-0.040375640350606645,0.004443891952954221,0.004291855256318173,-0.2636365010559198,-2.2395463548466976,0.7630189404417319,-0.07673730243482453,-0.03071554049081094,0.015202901556567729,0.09000117304571391,0.09000117304571391,0.0,0.0,0.0,0.0004339274166078773,0.0004157515753475398,0.015516295504076148,-2.712555821553833,0,2.2660190045845265
22.93823999999902,0.043998266470989145,-1.9779896262220011,1.0004776498725743,-0.03467853958478822,-0.017354777084126607,-0.00046553602332210337,0.18157067399974083,-1.7220533343365967,0.45025790052045334,-0.06337183243430283,-0.01103274119479026,0.044440301191511135,-0.04116103252510852,-1.9808193311500244,0.6067282213239964,-0.07033298066274381,-0.02079850089503403,0.03003377471073888,0.09000117304571391,0.09000117304571391,0.0,0.0,0.0,0.0004321786808780645,0.0005465477921495316,0.015506494484620603,-2.721268505179789,0,2.265919868504546
22.94239999999902,0.04385379757232001,-1.9780619252738647,1.0004757179780723,-0.034672535680591865,-0.01735177244724715,-0.00046365468045076646,0.03338748699644177,-1.5172091702616735,1.3570121493717588,0.08187951693992254,0.10398555399069734,0.03905595286780402,-0.0037151712640129007,-1.7487943910697463,0.9819567741818837,0.005391919305708817,0.04142753593482215,0.03449452581706809,0.09000117304571391,0.09000117304571391,0.0,0.0,0.0,0.00043043693302102803,0.000679370765963032,0.015497008268813211,-2.729981188805745,0,2.2658207567742
22.946559999999018,0.043709353685425105,-1.9781342118086565,1.0004737938909012,-0.034666532854777644,-0.017348768350040983,-0.00046178092110004293,-0.7322474812056085,-2.1098894069450984,1.3973588747219798,0.04634004557645375,-0.04637229725365849,0.040429744223150245,-0.3678905149396353,-1.9294402858789192,1.189745378360944,0.026092604224368213,-0.0027518577444784944,0.037195156120664534,0.09000117304571391,0.09000117304571391,0.0,0.0,0.0,0.0004287021457057413,0.0008131529404661318,0.015487093089080448,-2.7386938724317007,0,2.265721669387591
22.950719999999016,0.043564934805812035,-1.9782064858286248,1.0004718775795889,-0.03466053110713741,-0.017345764792403937,-0.00045991471495041936,0.02588783693483183,-1.993946956448504,0.9704929055525402,-0.12883040771157606,-0.0904854639605763,-0.042830202637471344,-0.17126713118291792,-1.961881571687207,1.0800275291444987,-0.05107811110508863,-0.04695347587415176,-0.0023349205000851004,0.09000117304571391,0.09000117304571391,0.0,0.0,0.0,0.00042697429229100227,0.0009473554412145557,0.01547637765733674,-2.7474065560576566,0,2.2656226063388227
22.954879999999015,0.043420540928989275,-1.9782787473360175,1.0004699690127896,-0.03465453043746307,-0.017342761774231875,-0.00045805603179868183,-0.29900568648290005,-2.312858649227236,1.1054691689696488,0.17875690461645094,0.009592497368076242,0.03487431282266992,-0.2347649257403992,-2.1373525028906033,1.0928207809114758,0.0635516780280454,-0.01873767709990116,0.01640374247980707,0.09000117304571391,0.09000117304571391,0.0,0.0,0.0,0.00042525334554374054,0.0010817037409674897,0.015464676969506836,-2.7561192396836125,0,2.265523567622002
22.959039999999014,0.04327617205046617,-1.9783509963330816,1.000468068159283,-0.03464853084554657,-0.017339759295420677,-0.000456204841560327,0.22926610584876334,-2.102062514272283,1.3239525228771818,-0.00868207621629034,-0.12290704624255167,0.1825268744999709,-0.0027647817735864957,-2.1199622376023437,1.208767784671015,0.02770889064488902,-0.0711364703467261,0.09951966346415664,0.09000117304571391,0.09000117304571391,0.0,0.0,0.0,0.00042353927849503336,0.0012160554927347599,0.015451899207723082,-2.7648319233095684,0,2.265424553231235
22.963199999999013,0.043131828165752915,-1.9784232328220643,1.0004661749879735,-0.034642532331179914,-0.017336757355866254,-0.00045436111426845215,0.4498199500108733,-2.275895098802237,0.5546695659744723,-0.09485196874488658,0.0009239314851714926,-0.018893021120674685,0.22333387015264575,-2.1979283539803687,0.881675464469118,-0.03376007632497053,-0.034862580648438904,0.040002043745391035,0.09000117304571391,0.09000117304571391,0.0,0.0,0.0,0.0004218320644421038,0.0013503344466840434,0.01543799919135682,-2.7735446069355243,0,2.2653255631606313
22.96735999999901,0.0429875092703606,-1.9784954568052122,1.00046428946789,-0.03463653489415518,-0.017333755955464547,-0.00045252482007265425,-0.20854425889994022,-2.2442655148122,0.8143185529733317,-0.15044692020457415,0.044403632887488775,0.03429046069024062,0.007080762859307232,-2.2210035679178883,0.8480681892495037,-0.09301179065607158,0.004124757973229304,0.03698856772617207,0.09000117304571391,0.09000117304571391,0.0,0.0,0.0,0.0004201316767361489,0.0014844974089774365,0.015422955102463519,-2.78225729056148,0,2.2652265974043
22.97151999999901,0.042843215359801165,-1.978567668284771,1.0004624115681848,-0.03463053853426447,-0.017330755094111517,-0.0004506959292387407,-0.2825396442416926,-2.0570771758813318,0.8662292207392189,-0.07701102852460305,0.041641059297483615,0.047681171554089484,-0.13789120692423135,-2.1389511548709117,0.8572494067150249,-0.08522452098328677,0.022179559966803923,0.04166140229289174,0.09000117304571391,0.09000117304571391,0.0,0.0,0.0,0.0004184380887836724,0.0016185177215719943,0.01540675684843143,-2.790969974187436,0,2.2651276559563533
22.97567999999901,0.042698946429587416,-1.9786398672629866,1.0004605412581342,-0.03462454325129995,-0.017327754771703157,-0.0004488744121484992,0.05103128381599103,-2.3940899324485247,0.8884832653312087,0.021948265563145122,-0.10466465340782456,0.13297064554813992,-0.04338257746263724,-2.2667395288661094,0.873144158450105,-0.031842300049953406,-0.04147463517235604,0.08681549708406792,0.09000117304571391,0.09000117304571391,0.0,0.0,0.0,0.00041675127426198653,0.0017523770025015442,0.015389400243228716,-2.799682657813392,0,2.2650287388109036
22.979839999999008,0.042554702475233026,-1.978712053742104,1.0004586785071372,-0.03461854904505384,-0.01732475498813548,-0.0004470602392985575,0.25958742309977995,-1.8999830836949498,1.0630252444220405,-0.05778292856279846,-0.04510671851616369,0.12611160677160416,0.10798367567695699,-2.0834511055648672,0.9683483973181554,-0.044483811436974045,-0.04399006486679547,0.1064328022102765,0.09000117304571391,0.09000117304571391,0.0,0.0,0.0,0.0004150712064786995,0.001886061016398371,0.015370884097946505,-2.808395341439348,0,2.2649298459620657
22.983999999999007,0.042410483492252536,-1.9787842277243677,1.000456823284715,-0.03461255591531842,-0.017321755743304534,-0.0004452533813018922,-0.2594578126343991,-1.7786388968450138,1.1031822015232335,-0.07018553297573193,0.08680362586024042,0.06690658532981554,-0.07588540177831876,-1.930860936906441,1.0359048905839783,-0.05743964493597004,0.02073371837403931,0.08692037574298458,0.09000117304571391,0.09000117304571391,0.0,0.0,0.0,0.0004133978594425677,0.002019557610134067,0.0153512087659866,-2.817108025065304,0,2.264830977403956
22.988159999999006,0.042266289476161345,-1.9788563892120223,1.0004549755605114,-0.03460656386188601,-0.017318757037106385,-0.00044345380888489094,0.12488835207777721,-1.8498137458469774,0.7692213302287196,-0.2181156844889929,-0.07778618078028421,-0.03515826838675564,0.024048986760583674,-1.8904976898398669,0.9024878495548239,-0.13766206693599614,-0.028941814606605134,0.026017038636043415,0.09000117304571391,0.09000117304571391,0.0,0.0,0.0,0.0004117312065818038,0.002152855681019151,0.015330375415568226,-2.8258207086912597,0,2.2647321331306904
22.992319999999005,0.04212212042247573,-1.9789285382073116,1.0004531353042911,-0.03460057288454898,-0.017315758869437127,-0.0004416614928897558,-0.31656400489213665,-1.8984393793750243,0.993940475027815,-0.09933090166673622,-0.015206829549622318,0.0967250723815235,-0.14646587583825446,-1.894501200001324,0.9484161001655109,-0.11879804029220024,-0.02160395177455446,0.06131238819406831,0.09000117304571391,0.09000117304571391,0.0,0.0,0.0,0.0004100712220284333,0.0022859446612812258,0.015308385665891013,-2.8345333923172156,0,2.2646333131363887
22.996479999999003,0.04197797632671281,-1.979000674712479,1.00045130248594,-0.03459458298309976,-0.017312761240192882,-0.0004398764042715392,0.37040352661377385,-2.052307145602323,1.2635649004291762,-0.044679905539441366,-0.11913541263843336,-0.0005655346995544435,0.11187865481465117,-1.9736531070481969,1.1059923623073613,-0.08133286093111353,-0.07034814513707074,0.02997682163980274,0.09000117304571391,0.09000117304571391,0.0,0.0,0.0,0.0004084178797649433,0.002418814260681551,0.01528524140512282,-2.8432460759431715,0,2.264534517415171
23.000639999999002,0.041833857184390595,-1.9790727987297678,1.0004494770754646,-0.034588594157330836,-0.0173097641492698,-0.00043809851409875444,-0.00786982806372942,-1.760359415489895,1.2452121132613965,-0.20183763109331943,0.10019741206733317,-0.09111435320221473,0.05158393616155921,-1.8667962917330918,1.175413974159841,-0.1416627016205279,0.01488039049514532,-0.030694396375704844,0.09000117304571391,0.09000117304571391,0.0,0.0,0.0,0.0004067711538391192,0.002551454338199914,0.015260944699296713,-2.8519587595691274,0,2.2644357459611584
23.004799999999,0.04168976299102795,-1.9791449102614203,1.0004476590429914,-0.03458260640703474,-0.017306767596564052,-0.00043632779355308134,-0.054129078684224084,-1.5153279791817618,1.520138402466098,-0.033933915807404964,-0.03798133655621708,0.08175287599740501,-0.0013441264220183705,-1.691139831677675,1.3479488434808553,-0.08769274491322686,-0.010991463172102062,0.025426183942027253,0.09000117304571391,0.09000117304571391,0.0,0.0,0.0,0.0004051310183653765,0.0026838548382527366,0.015235497746659254,-2.8606714431950833,0,2.2643369987684747
23.008959999999,0.041545693742144604,-1.9792170093096784,1.0004458483587666,-0.03457661973200406,-0.01730377158197184,-0.0004345642139290786,0.05929682692483225,-2.3367179399532363,1.0579159591594212,0.14688186733102487,-0.04637387992495462,-0.20102699555292258,0.029281160430153507,-2.014027982997891,1.2025121139862218,0.030120090791718755,-0.029582728699466602,-0.0877245918968533,0.09000117304571391,0.09000117304571391,0.0,0.0,0.0,0.0004034974475260937,0.0028160057591768437,0.0152089028547412,-2.869384126821039,0,2.264238275831244
23.013119999999,0.04140164943326114,-1.9792890958767841,1.0004440449931555,-0.03457063413203142,-0.017300776105389392,-0.0004328077466338621,-0.3014838304113338,-1.933034239364365,0.8314987621934193,-0.02876295663452472,0.12263402767138538,0.11360603996205461,-0.13616157698285966,-1.973275536733682,1.0172391777385923,-0.0002306040558722021,0.046548371789056416,0.012909302802278113,0.09000117304571391,0.09000117304571391,0.0,0.0,0.0,0.00040187041578711494,0.0029478971378450827,0.015181162428786168,-2.878096810446995,0,2.2641395771435917
23.017279999998998,0.04125763005989902,-1.9793611699649787,1.0004422489166422,-0.034564649606909525,-0.017297781166712954,-0.00043105836318591597,-0.1395722655129738,-2.1256854220271815,0.8029758654495501,-0.14425581142296412,-0.31501202688644525,0.07538147693319927,-0.13816654205165452,-2.0501375437583644,0.9102640931878295,-0.07245082565939304,-0.13383265417683593,0.043526102659425026,0.09000117304571391,0.09000117304571391,0.0,0.0,0.0,0.0004002498974714072,0.003079519042346857,0.015152278965855042,-2.886809494072951,0,2.264040902699647
23.021439999998996,0.04111363561758056,-1.979433231576503,1.000440460099829,-0.034558666156431106,-0.017294786765838805,-0.00042931603521567863,-0.29278087243542056,-1.7144976135489867,0.6878973756329968,0.11421741432836044,0.06451541319754571,-0.017449160585664814,-0.21523633247905868,-1.8821827360580077,0.7990423171118312,0.0204444718364151,-0.03385570596080889,0.013315269520718407,0.09000117304571391,0.09000117304571391,0.0,0.0,0.0,0.00039863586718806706,0.003210861568700089,0.015122255051765027,-2.895522177698907,0,2.263942252493537
23.025599999998995,0.040969666101828936,-1.9795052807135975,1.0004386785134354,-0.03455268378038896,-0.01729179290266325,-0.00042758073446430534,0.4928453410703058,-1.6362706225351258,0.8780832082706417,-0.1802852623575084,0.07155835968071428,0.08105508254650122,0.1384342022169268,-1.7590759849918958,0.8387319799894254,-0.07977831440807263,0.018780037137153004,0.04714622178951046,0.09000117304571391,0.09000117304571391,0.0,0.0,0.0,0.00039702829962014945,0.003341914839577823,0.015091093359442828,-2.9042348613248627,0,2.263843626519392
23.029759999998994,0.040825721508168204,-1.979577317378502,1.0004369041282988,-0.034546702478575934,-0.01728879957708262,-0.00042585243278337446,-0.17020795511493478,-1.9911565569764829,0.6061926859225368,0.026235113477282725,0.007435420140838499,0.02700986924694304,-0.015834340051715707,-1.8751019696847435,0.722517088755872,-0.026839856612412075,0.012887354634095615,0.03698160449481898,0.09000117304571391,0.09000117304571391,0.0,0.0,0.0,0.00039542716952599964,0.003472669004041068,0.015058796647981664,-2.9129475449508186,0,2.263745024771344
23.033919999998993,0.04068180183212327,-1.9796493415734562,1.0004351369153732,-0.03454072225078492,-0.017285806788993267,-0.00042413110213451917,-0.31087452097273116,-2.0054895875073924,1.4437794396701409,-0.02887944775102224,-0.08233092902256398,-0.04351631245506888,-0.16341642097725004,-1.9404676431389205,1.0830614386022548,-0.02792803391795222,-0.03485695382662998,-0.002608277832434074,0.09000117304571391,0.09000117304571391,0.0,0.0,0.0,0.00039383245152641456,0.0036031142377736304,0.015025367762047031,-2.9216602285767745,0,2.263646447243527
23.038079999998992,0.0405379070692199,-1.979721353300699,1.0004333768457292,-0.03453474309680885,-0.017282814538291575,-0.00042241671458999563,0.5165637328623023,-1.96111072411423,1.199502665925193,-0.09500395996044234,0.07317913229882304,0.002328314445250279,0.17638131534675583,-1.9506356436146925,1.141289326190647,-0.061705356425943214,0.018445423130492127,-0.0009174775118636251,0.09000117304571391,0.09000117304571391,0.0,0.0,0.0,0.0003922441205336505,0.003733240743566798,0.01499080963145363,-2.9303729122027304,0,2.2635478939300744
23.04223999999899,0.04039403721498473,-1.9797933525624694,1.0004316238905528,-0.03452876501644075,-0.01727982282487395,-0.00042070924233147136,0.1421234322881552,-2.495985012691416,0.9168654294412373,-0.15660065482969332,-0.06682635291628475,-0.049115526450375716,0.15892622130136944,-2.223452460756941,1.0289754753443738,-0.10905653888233989,-0.02451214110776422,-0.02589181017872228,0.09000117304571391,0.09000117304571391,0.0,0.0,0.0,0.00039066215175342076,0.0038630387519277814,0.014955125270824739,-2.9390855958286863,0,2.2634493648251226
23.04639999999899,0.04025019226494526,-1.9798653393610053,1.000429878021146,-0.03452278800947365,-0.017276831648636824,-0.00041900865764874043,-0.10726807704449556,-2.1077089120692154,1.1213847669886547,0.004163449296995296,0.09205850879248437,0.043436577906304064,0.025835153348430492,-2.1653877180955057,1.0752704711729182,-0.0521095378573489,0.03343905056551212,0.009077339488662017,0.09000117304571391,0.09000117304571391,0.0,0.0,0.0,0.0003890865200443837,0.003992498521748822,0.014918317779289602,-2.9477982794546422,0,2.2633508599228085
23.05055999999899,0.040106372214629836,-1.9799373136985448,1.0004281392089254,-0.03451681207570066,-0.017273841009476657,-0.00041731493294118466,-0.04631691453513596,-2.607547062463604,1.7219681815802046,-0.033293308807188976,-0.07041891618733116,-0.07508735786675991,-0.010309854347372156,-2.3866150543542526,1.3984662599505417,-0.04307779711886131,-0.019396505496062654,-0.03232060119512773,0.09000117304571391,0.09000117304571391,0.0,0.0,0.0,0.00038751720077482383,0.004121610341005413,0.014880390340196717,-2.956510963080598,0,2.2632523792172714
23.054719999998987,0.03996257705956769,-1.980009275577325,1.0004264074254223,-0.034510837214914936,-0.01727085090728993,-0.00041562804071561873,0.3175390946741524,-1.9342983210341784,1.10525049650142,0.07656620002313372,-0.17388143096680955,0.15260154154038116,0.15377494921439339,-2.1608143142983964,1.252172715774046,0.01732342424227994,-0.09705059945652607,0.0606178615913518,0.09000117304571391,0.09000117304571391,0.0,0.0,0.0,0.0003859541689686344,0.004250364527467812,0.01484134622083191,-2.965223646706554,0,2.2631539227026516
23.058879999998986,0.0398188067952889,-1.9800812249995834,1.0004246826422825,-0.03450486342690968,-0.017267861341973157,-0.00041394795358770615,0.1928220363744055,-1.815252215338935,0.6336812302707053,0.011342309622437985,0.08561663866893249,-0.053037446891179015,0.17332271287764028,-1.9878527210807189,0.942812805302819,0.014162466798974543,-0.005750574266990046,0.003568355486962899,0.09000117304571391,0.09000117304571391,0.0,0.0,0.0,0.0003843973999478293,0.0043787514294179285,0.014801188772135685,-2.97393633033251,0,2.2630554903730897
23.063039999998985,0.03967506141732441,-1.980153161967556,1.0004229648312646,-0.034498890711478145,-0.017264872313422868,-0.00041227464428070416,-0.0910140059929142,-2.2964706517376325,1.0273997050645858,-0.13442551392365154,-0.2246205671119829,0.06423083281117871,0.04087292885116752,-2.1426315500457953,0.9852414664982514,-0.06013464081789755,-0.11493122044081804,0.03340470206454486,0.09000117304571391,0.09000117304571391,0.0,0.0,0.0,0.00038284686954871174,0.004506761426367573,0.014759921428417087,-2.982649013958466,0,2.2629570822227305
23.067199999998984,0.03953134092120602,-1.9802250864834792,1.0004212539642412,-0.03449291906841363,-0.017261883821535626,-0.0004106080856232984,0.076794993526543,-1.9345350980509886,1.1493828283254968,-0.18464648975427111,0.038518552308140636,0.04096731057495225,0.058449348732763674,-2.0385019186883464,1.0673983227575978,-0.12199576561350521,-0.038135247889646624,0.037274017958043526,0.09000117304571391,0.09000117304571391,0.0,0.0,0.0,0.00038130255283951573,0.00463438492977606,0.014717547707062725,-2.9913616975844217,0,2.262858698245717
23.071359999998982,0.0393876453024664,-1.9802969985495884,1.0004195500131972,-0.03448694849750951,-0.01725889586620802,-0.0004089482505527813,0.23001158497081992,-1.9130615466790974,0.7687772041017332,0.12190223862953038,0.07825120440761356,0.037329612699570545,0.14448492779622193,-1.975617802029014,0.9181634432399631,7.835499455828443e-05,0.01990980867431737,0.037241755304814515,0.09000117304571391,0.09000117304571391,0.0,0.0,0.0,0.0003797644258324382,0.004761612383766122,0.014674071208240292,-3.0000743812103776,0,2.2627603384361947
23.07551999999898,0.03924397455663907,-1.980368898168119,1.0004178529502301,-0.03448097899855918,-0.017255908447336654,-0.00040729511211109396,0.2807423201749155,-1.4477056469210607,0.5753114171693683,-0.16704649368287225,0.06584789148884805,0.024872478947612867,0.21226720916059824,-1.7115207453649528,0.7467870555024861,-0.08351355371999353,0.04272042950521336,0.0309182888269176,0.09000117304571391,0.09000117304571391,0.0,0.0,0.0,0.000378232463774271,0.0048884342658375894,0.01462949561459623,-3.0087870648363335,0,2.2626620027883124
23.07967999999898,0.03910032867925842,-1.9804407853413057,1.0004161627475492,-0.0344750105713561,-0.017252921564818172,-0.0004056486434480127,0.1678065538684067,-1.848512381068089,0.5791937717366136,0.0916357790157081,0.08004659262181585,0.10556758604296533,0.1902264977024891,-1.779851171021337,0.6632087997299394,0.004373244911276747,0.061450262288072086,0.06824713486487595,0.09000117304571391,0.09000117304571391,0.0,0.0,0.0,0.00037670664285843346,0.00501484108757853,0.014583824690947432,-3.0174997484622894,0,2.262563691296218
23.08383999999898,0.038956707665859694,-1.980512660071383,1.000414479377475,-0.03446904321569379,-0.017249935218549235,-0.000404008817817181,0.42849437384749056,-1.9446956207621562,1.2357004921411745,-0.25992044282119653,0.010608124665710796,-0.14602119471785988,0.30882307662512654,-1.8622528243487864,0.9491539687135466,-0.1285262809309024,0.03619571563126673,-0.038410084569745796,0.09000117304571391,0.09000117304571391,0.0,0.0,0.0,0.0003751869389439458,0.0051408233953736835,0.014537062283966881,-3.0262124320882453,0,2.262465403954062
23.087999999998978,0.038813111511979005,-1.9805845223605847,1.0004128028124393,-0.03446307693136579,-0.017246949408426533,-0.0004023756085774858,-0.029138169737856108,-2.365832351614654,1.1221826397871997,-0.023084161469764983,-0.039393005415574105,0.1516277579529015,0.1397917269828854,-2.1141276460327703,1.035984613397564,-0.07564502284118532,-0.0017871259229125158,0.05673272484934892,0.09000117304571391,0.09000117304571391,0.0,0.0,0.0,0.0003736733277695996,0.005266371771110064,0.014489212321863239,-3.034925115714201,0,2.262367140755995
23.092159999998977,0.03866954021315332,-1.9806563722111445,1.0004111330249843,-0.034457111718165734,-0.017243964134346777,-0.0004007489891935304,-0.001987854613629221,-1.9091619192263636,1.0459829246406567,-0.055418545065159974,0.07449886998808697,-0.1040854438397075,0.06878560593548352,-2.011488681473409,1.040767275056919,-0.06549981010193637,0.036489745559526617,-0.02363277934749255,0.09000117304571391,0.09000117304571391,0.0,0.0,0.0,0.0003721657855971358,0.005391476832879664,0.014440278814054377,-3.043637799340157,0,2.2622689016961703
23.096319999998975,0.038525993764920455,-1.9807282096252954,1.0004094699877626,-0.03445114757588727,-0.017240979396206706,-0.0003991289332334475,-0.24427460093587317,-2.1309384981208734,0.9352149391402605,-0.010997021932232412,-0.08052303446378664,-0.10777430725454915,-0.08776978390404123,-2.071381443590334,0.987766768321412,-0.03814502127727694,-0.02223400739153903,-0.06597091202638271,0.09000117304571391,0.09000117304571391,0.0,0.0,0.0,0.00037066428835722627,0.005516129235679167,0.014390265850834855,-3.052350482966113,0,2.2621706867687426
23.100479999998974,0.038382472162819106,-1.9808000346052699,1.0004078136735362,-0.034445184504324114,-0.017237995193903084,-0.0003975154143702506,0.475222344210159,-2.145145391167897,1.1095362016748387,-0.07878728476135413,0.014351879391090703,0.04863179670451534,0.19356599130613178,-2.1082330514031487,1.0487511914053596,-0.058293760028313824,-0.0044389787811646075,-0.007571737050631828,0.09000117304571391,0.09000117304571391,0.0,0.0,0.0,0.0003691688125061574,0.0056403196721066425,0.0143391776030374,-3.061063166592069,0,2.262072495967867
23.104639999998973,0.03823897540238881,-1.9808718471533004,1.0004061640551762,-0.034439222503270035,-0.0172350115273327,-0.0003959084063796399,0.5051289334562643,-1.7128076830681012,0.6852791902334197,-0.06191679097559194,-0.1213103129294899,-0.08563260499602558,0.3492204101411151,-1.9107699350260745,0.8668346782781136,-0.059889977246157466,-0.06286098629908013,-0.04666650048606354,0.09000117304571391,0.09000117304571391,0.0,0.0,0.0,0.0003676793343859817,0.005764038873055134,0.014287018321688365,-3.069775850218025,0,2.2619743292877015
23.108799999998972,0.038095503479169984,-1.9809436472716186,1.0004045211056631,-0.03443326157251884,-0.017232028396392367,-0.0003943078831404549,-0.2447801068288201,-1.740208023526681,1.183368076064296,-0.08645982765420146,0.06592912941198514,0.11316910703382557,0.052035702441688265,-1.8253504437965606,1.0253392362854754,-0.07295260396130754,0.001424226761970108,0.03311811178220485,0.09000117304571391,0.09000117304571391,0.0,0.0,0.0,0.0003661958302251843,0.005886899746081444,0.014233952484944476,-3.078435241465548,0,2.2618761867224038
23.11295999999897,0.03795205638870388,-1.981015434962456,1.0004028847980855,-0.03442730171186439,-0.017229045800978927,-0.00039271381863511883,-0.13522621374676402,-2.1353766079178422,0.7369919227420308,0.004300347847089686,0.027076223761029715,0.08258833747056944,-0.04158729466763231,-1.9803105618129182,0.8813367062180849,-0.03448818480731003,0.01481804400419715,0.05719464245987288,0.09000117304571391,0.09000117304571391,0.0,0.0,0.0,0.00036471827656769083,0.0060080738209004865,0.014180349724958014,-3.086951474024241,0,2.2617780682661337
23.11711999999897,0.037808634126532625,-1.9810872102280435,1.0004012551056398,-0.0344213429211006,-0.017226063740989245,-0.00039112618694831056,0.2987937371242229,-1.72100754551691,0.9678193173298628,-0.059352942457692535,-0.028062366841995333,0.25451553712231206,0.1284813867313289,-1.8507152220997167,0.9251081382483224,-0.046551653072798745,-0.006805021731433785,0.1557768744465743,0.09000117304571391,0.09000117304571391,0.0,0.0,0.0,0.0003632466500606943,0.006127170995816557,0.014126415215455032,-3.095326929974078,0,2.2616799739130533
23.12127999999897,0.037665236688199204,-1.9811589730706114,1.0003996320016304,-0.034415385200021444,-0.01722308221632021,-0.0003895449622665407,0.27024510265683027,-2.1655216021844987,0.8032294035233241,-0.045028033367141576,-0.08513836092195577,-0.011996380997239625,0.19927131438986934,-2.008297390049207,0.8641432047642883,-0.04614321432292342,-0.04611586270638073,0.071786136269821,0.09000117304571391,0.09000117304571391,0.0,0.0,0.0,0.0003617809272418173,0.006244020071675058,0.014072270876226964,-3.103563951757214,0,2.2615819036573246
23.125439999998967,0.03752186406924745,-1.98123072349239,1.0003980154594685,-0.034409428548420926,-0.017220101226868734,-0.000387970118878545,-0.1322279401351306,-2.1664837833536477,1.2990087845285816,0.03930117992218378,0.23224387000763352,0.05513774066380226,0.033600889634414,-2.0869088127217723,1.0816924365570053,-0.0033191899558940824,0.09313255079608602,0.06408133721473455,0.09000117304571391,0.09000117304571391,0.0,0.0,0.0,0.00036032108496811916,0.006358559007830602,0.0140179960156093,-3.1116648428375564,0,2.261483857493112
23.129599999998966,0.03737851626522206,-1.981302461495609,1.000396405452672,-0.03440347296609311,-0.017217120772531763,-0.0003864016311739759,0.10983992156809352,-1.7622368869765692,0.5743282064533003,0.0039440979719550795,-0.02156323123275943,-0.1578421326835801,0.07172848248488674,-1.9246158835467064,0.8276779204921285,0.00062944146393514,0.0360106320026488,-0.046604766590052825,0.09000117304571391,0.09000117304571391,0.0,0.0,0.0,0.0003588671002039243,0.006470780040424858,0.01396364769065303,-3.119631868349367,0,2.261385835414581
23.133759999998965,0.03723519327166859,-1.9813741870824972,1.0003948019548652,-0.03439751845283212,-0.01721414085320626,-0.00038483947364292885,-0.11117508750906997,-2.3575138391201933,1.0083446641735656,-0.09353172578174082,-0.1630822520700022,0.18191729769084758,-0.019919554672845362,-2.141407368575924,0.9183904087670177,-0.04623882371609033,-0.06339242262714814,0.06789670858797409,0.09000117304571391,0.09000117304571391,0.0,0.0,0.0,0.0003574189495938122,0.006580702233032974,0.013909270924866839,-3.1274672557350645,0,2.2612878374158982
23.137919999998964,0.03709189508413346,-1.9814459002552838,1.0003932049397781,-0.034391565008432115,-0.01721116146878921,-0.00038328362087723124,-0.43253530733223455,-1.8803264784715636,1.4078272444118316,0.06418757730951398,-0.0960936785229449,-0.05951665615945935,-0.22609638000810958,-2.011065248794066,1.1629879978835402,0.008760562369532855,-0.07960626283064705,0.004419663369587709,0.09000117304571391,0.09000117304571391,0.0,0.0,0.0,0.00035597661053347147,0.006688357744625232,0.013854903853495242,-3.1351731953724165,0,2.2611898634912313
23.142079999998963,0.03694862169816392,-1.981517601016197,1.0003916143812466,-0.03438561263268731,-0.01720818261917764,-0.0003817340475673284,-0.2295123650330233,-1.9261296992246084,1.2421366917469279,-0.1615235845499026,-0.19284904700501004,-0.21387776814398493,-0.22814041338257204,-1.9689986162635198,1.202117319830494,-0.07634532019992947,-0.13592412336112702,-0.10436921951973736,0.09000117304571391,0.09000117304571391,0.0,0.0,0.0,0.00035454005967383594,0.0067937849572390135,0.01380058033134232,-3.142751841191297,0,2.261091913634752
23.14623999999896,0.03680537310930812,-1.9815892893674647,1.0003900302532112,-0.03437966132539197,-0.01720520430426858,-0.0003801907285053569,-0.02759567405727331,-1.908366254862238,1.6395217495960577,0.03484252084289413,0.004452816360568004,0.06392552226348834,-0.1277947909760444,-1.938673479125519,1.4209545793718557,-0.020459436474222617,-0.06539383401101921,-0.019761734518765534,0.09000117304571391,0.09000117304571391,0.0,0.0,0.0,0.000353109274418946,0.006897025034484905,0.013746331270673536,-3.1502053112801787,0,2.260993987840629
23.15039999999896,0.03666214931311504,-1.9816609653113146,1.000388452529717,-0.03437371108634041,-0.0172022265239591,-0.0003786536385819823,-0.05946570690435017,-1.8790121889623486,1.1261955559575934,-0.07305029319328996,-0.26262861218871836,0.1209941348651548,-0.09378184785842057,-1.909389256075633,1.2738248464453183,-0.04668679481637354,-0.16371988814223176,0.05052204912689486,0.09000117304571391,0.09000117304571391,0.0,0.0,0.0,0.000351684232072598,0.0069981201963793295,0.013692185342990108,-3.157535688482533,0,2.260896086103036
23.15455999999896,0.03651895030513451,-1.9817326288499735,1.0003868811849137,-0.03436776191532699,-0.017199249278146287,-0.0003771227527868099,-0.06848103316485563,-2.3348265605446827,0.9843908103172829,-0.0687045271108277,-0.08699342524228208,-0.02665917489388309,-0.08127403315030336,-2.1222910819552188,1.1290491010942103,-0.05775855715798185,-0.1257208188108424,0.012538225192892456,0.09000117304571391,0.09000117304571391,0.0,0.0,0.0,0.00035026491005318004,0.007097112853184423,0.013638169361601789,-3.1647450209833083,0,2.260798208416147
23.158719999998958,0.03637577608091724,-1.981804279985668,1.0003853161930545,-0.034361813812146126,-0.017196272566727257,-0.00037559804620787237,-0.11756894842833121,-1.6833538577930693,1.1369453530872642,-0.18270550142749,0.11704333189328969,-0.018714438529276105,-0.09980253748536128,-1.9025767866481933,1.132957621588289,-0.11985350128287574,-0.003952800629468712,-0.00273256189787604,0.09000117304571391,0.09000117304571391,0.0,0.0,0.0,0.0003488512854666636,0.007194045169533792,0.013584308503489774,-3.171835322885647,0,2.260700354774136
23.162879999998957,0.036232626636014766,-1.9818759187206247,1.000383757528496,-0.03435586677659228,-0.017193296389599152,-0.0003740794940329531,0.5772671430565074,-2.105499274485676,1.342341880591022,-0.026561152368002588,0.08656775560679153,-0.041475428183599304,0.23868152582790575,-2.0038581248089367,1.2375642563528013,-0.0730842784630515,0.040692322751500296,-0.021768671957167193,0.09000117304571391,0.09000117304571391,0.0,0.0,0.0,0.00034744333617745633,0.00728895884442547,0.013530626449734627,-3.178808574778006,0,2.26060252517118
23.167039999998956,0.036089501965979515,-1.9819475450570692,1.0003822051656979,-0.03434992080845997,-0.017190320746659136,-0.0003725670715463552,-0.0966718287464153,-2.120397582886385,0.5825640340337177,-0.20412162496070685,0.10730412755059554,0.09034531997417065,0.07057653078844159,-2.061904710802749,0.9102467761742087,-0.1379194304482992,0.07362416664918153,0.03461836091557261,0.09000117304571391,0.09000117304571391,0.0,0.0,0.0,0.0003460410395267088,0.007381894999818085,0.013477145484175685,-3.185666724291844,0,2.260504719601457
23.171199999998954,0.03594640206636475,-1.9820191589972267,1.0003806590792224,-0.034343975907543754,-0.017187345637804396,-0.00037106075413111594,0.29972057223291454,-2.559120710907849,1.197900105135797,-0.13657883985230737,0.06547591317769007,0.0785503471942058,0.18486574227817798,-2.3103804151716814,1.054238583620034,-0.13708926859163212,0.06974917012898549,0.056702868122035684,0.09000117304571391,0.09000117304571391,0.0,0.0,0.0,0.00034464437340250213,0.007472894124146881,0.013423886570164127,-3.192411686650022,0,2.2604069380591474
23.175359999998953,0.03580332693272459,-1.9820907605433222,1.0003791192437337,-0.034338032073638246,-0.017184371062932146,-0.0003695605172666632,0.4206224051724846,-2.2614164307984583,1.2660209493805665,-0.19528981367141526,-0.02403901255711422,0.10754503714562286,0.30233931648712536,-2.285949613444097,1.1603553154918955,-0.16608493012930672,0.023598029901019498,0.08193966355727911,0.09000117304571391,0.09000117304571391,0.0,0.0,0.0,0.00034325331559999987,0.0075619960438697165,0.013370869415369697,-3.199045345206085,0,2.2603091805384303
23.179519999998952,0.03566027656061401,-1.9821623496975802,1.000377585633998,-0.034332089306538104,-0.017181397021939628,-0.00036806633652923694,-0.14237503120067135,-2.0742359575894125,1.384064873142822,-0.02139899236036888,0.12773909962740065,-0.034425861294293654,0.07993538195621447,-2.1798257003908303,1.2721397448261331,-0.09416496924897318,0.07570515026561432,0.023913458215448335,0.09000117304571391,0.09000117304571391,0.0,0.0,0.0,0.00034186784382211487,0.007649239909552709,0.013318112529649644,-3.2055695519745666,0,2.260211447033489
23.18367999999895,0.03551725094558885,-1.9822339264622248,1.000376058224883,-0.03432614760603804,-0.017178423514724105,-0.00036657818759221243,-0.1577878596769104,-2.2075028477037053,0.6985034020046232,0.06311377925490193,-0.050184171346525155,-0.07809287706974977,-0.038794787607068185,-2.1937694024468364,0.9851561078571623,-0.01642034972940503,0.013034502913226402,-0.02755409753542648,0.09000117304571391,0.09000117304571391,0.0,0.0,0.0,0.0003404879358943455,0.007734664189707859,0.01326563327851265,-3.2119861281524704,0,2.260113737538506
23.18783999999895,0.0353742500832058,-1.9823054908394797,1.000374536991357,-0.03432020697193282,-0.017175450541182864,-0.00036509604622559814,0.16493117773070268,-1.9131143638827437,1.4220566350476453,-0.1957103466061319,-0.0837084722098965,0.10483438231793411,0.06266267428063582,-2.0536142771481067,1.2038266260685264,-0.10611420746121476,-0.03521218216498962,0.03904281225794164,0.09000117304571391,0.09000117304571391,0.0,0.0,0.0,0.0003391135701944494,0.007818306668948888,0.013213447933472112,-3.2182968646320735,0,2.260016052047667
23.19199999999895,0.0352312739690224,-1.9823770428315681,1.0003730219084892,-0.034314267404017246,-0.017172478101213216,-0.00036361988829369313,-0.02538972127014911,-1.7860629429774861,0.6833259150064026,0.042294686313946894,0.027675765231247616,0.08541739026253942,0.018724880997029836,-1.9197799476781228,0.9437505731339677,-0.03242361781244939,-0.0033997816670033993,0.06209292822631868,0.09000117304571391,0.09000117304571391,0.0,0.0,0.0,0.00033774472437008416,0.007900204448710967,0.013161571719963688,-3.2245035225051972,0,2.259918390555157
23.196159999998947,0.03508832259859704,-1.9824485824407128,1.0003715129514485,-0.034308328902086176,-0.0171695061947125,-0.00036214968975815985,-0.03924948599229569,-1.921336489612004,1.5160468018032076,0.0032878194534690583,-0.004286796842614678,-0.05326689284463136,-0.01025600582017061,-1.9205676609871134,1.2297918186884782,-0.014504686394977392,-0.0035955831444072182,0.004458784204437306,0.09000117304571391,0.09000117304571391,0.0,0.0,0.0,0.0003363813770508404,0.007980393949622118,0.01311001886319187,-3.2306078335590867,0,2.2598207530551644
23.200319999998946,0.034945395967488975,-1.982520109669136,1.000370010095504,-0.03430239146593452,-0.01716653482157808,-0.0003606854266738592,0.08230780812001513,-2.2624446580277815,0.715717932016599,0.008266056458989618,0.05176928433623981,-0.06491709800293738,0.03604404056301765,-2.0914013101846725,0.9726140417855806,-0.00326432239164436,0.02429343474271513,-0.029161745525594186,0.09000117304571391,0.09000117304571391,0.0,0.0,0.0,0.00033502350635304353,0.008058910915037297,0.013058802632114806,-3.2366115007640386,0,2.259723139541878
23.204479999998945,0.03480249407125832,-1.9825916245190598,1.000368513316024,-0.03429645509535724,-0.01716356398170734,-0.00035922707519100766,0.5069315573919365,-2.2723822418447455,0.9788481231601939,-0.05726258578910108,-0.05183442174891735,-0.14560258467633833,0.27137265080256245,-2.1820009476205855,0.9754280930974636,-0.03057798024285518,-0.013721814896544766,-0.08728630691059494,0.09000117304571391,0.09000117304571391,0.0,0.0,0.0,0.0003336710903074295,0.008135790415459948,0.013007935381698327,-3.2425161987529165,0,2.259625550009488
23.208639999998944,0.03465961690546603,-1.9826631269927055,1.000367022588476,-0.03429051979014933,-0.017160593674997695,-0.0003577746115555067,0.185614801371982,-1.6636536193324096,1.0057354003223054,-0.04018791868547755,-0.0777954449884154,0.05084332500180101,0.2284085660866209,-1.9229857735103997,0.9906882011498068,-0.03491582105299658,-0.04560792188806938,-0.01846580999499544,0.09000117304571391,0.09000117304571391,0.0,0.0,0.0,0.0003323241077164932,0.008211066853684607,0.012957428593530558,-3.248323574292684,0,2.2595279844521863
23.212799999998943,0.03451676446567393,-1.9827346170922944,1.0003655378884255,-0.03428458555010586,-0.017157623901346578,-0.00035632801210571394,0.03317884206726562,-1.3239921713935159,0.5209073806065483,-0.03712351054566149,0.02676027807728769,-0.0529990026577068,0.1307146539260141,-1.6234296740164624,0.755684920387977,-0.035794390489950506,-0.0091622546833245,-0.03604426871321971,0.09000117304571391,0.09000117304571391,0.0,0.0,0.0,0.0003309825370869659,0.008284773970550502,0.012907292914868125,-3.2540352467480953,0,2.259430442864166
23.21695999999894,0.03437393674744467,-1.982806094820047,1.0003640591915368,-0.03427865237502192,-0.01715465466065145,-0.00035488725327366215,0.014305430076136407,-2.4852609477871983,1.0452837150752325,-0.024018351924905906,-0.04826739104750674,0.08169705278606552,0.07245946060435365,-2.0544524426930324,0.9006571999792198,-0.02999879550076614,-0.028372671168635975,0.02237249992648819,0.09000117304571391,0.09000117304571391,0.0,0.0,0.0,0.00032964635684398585,0.008356944851225965,0.012857538196174283,-3.2596528085376657,0,2.2593329252396206
23.22111999999894,0.034231133746341784,-1.9828775601781836,1.000362586473572,-0.03427272026469267,-0.01715168595280979,-0.0003534523115853617,0.0788743586765303,-1.60565420058093,1.6221194622887358,-0.15989823838838788,-0.11391239040366485,0.05548637347166539,0.0753350012964459,-1.8302877608643453,1.2615086434009335,-0.09524334818504929,-0.07082680589008856,0.03899761471284497,0.09000117304571391,0.09000117304571391,0.0,0.0,0.0,0.0003283155455459355,0.008427611931960115,0.012808173527203356,-3.2651778255820583,0,2.2592354315727468
23.22527999999894,0.034088355457929646,-1.982949013168924,1.0003611197103899,-0.03426678921891331,-0.017148717777719112,-0.00035202316366026576,-0.02739949246824442,-1.7141313183770566,0.5010257222836787,-0.024500842224661507,0.12828453295123582,-0.02382304917826488,0.023915609972234807,-1.7719417235453931,0.8812133010348726,-0.05965326340829557,0.02863189016056102,0.007114835921615547,0.09000117304571391,0.09000117304571391,0.0,0.0,0.0,0.00032699008231411417,0.008496807007248194,0.01275920727168237,-3.2706118377450086,0,2.2591379618577414
23.229439999998938,0.033945601877773485,-1.9830204537944878,1.0003596588779473,-0.03426085923747909,-0.01714575013527695,-0.0003505997862088806,0.5084383727536085,-2.361353874752791,1.7694193259743733,-0.08306315339835893,-0.10109871993091252,-0.036945475351559114,0.2660077508640299,-2.0668604916507833,1.325245505017274,-0.07142306637521638,-0.03704941127409103,-0.014826822929750074,0.09000117304571391,0.09000117304571391,0.0,0.0,0.0,0.0003256699455503802,0.00856456123736328,0.012710647100638413,-3.275956359266911,0,2.2590405160888034
23.233599999998937,0.03380287300143938,-1.9830918820570935,1.0003582039522971,-0.034254930320185305,-0.017142783025380862,-0.00034918215603575665,-0.3896965345597296,-1.978234136403843,1.0366000195447258,0.09298867829793589,-0.006489577558861693,0.06416170409119003,-0.061655164092284775,-2.022561006609189,1.1810536866386858,0.010578847457814993,-0.021379754367344336,0.024907770068166177,0.09000117304571391,0.09000117304571391,0.0,0.0,0.0,0.0003243551144350113,0.008630905156211805,0.012662500024418535,-3.2812128791911923,0,2.2589430942601316
23.237759999998936,0.03366016882449427,-1.98316329795896,1.0003567549095886,-0.03424900246682731,-0.017139816447928433,-0.00034777025003621993,-0.35149665261381646,-1.857331230770391,0.6309991776263848,-0.06183152829241602,-0.15294732263123145,-0.04117324203576283,-0.20670784981562712,-1.940263453155261,0.9059375666756725,-0.024993963028208672,-0.08697976774085035,-0.008427918643960397,0.09000117304571391,0.09000117304571391,0.0,0.0,0.0,0.0003230455678591834,0.008695868679473872,0.012614772423447496,-3.286382861783587,0,2.258845696365928
23.241919999998935,0.03351748934250593,-1.983234701502305,1.000355311726067,-0.03424307567720049,-0.017136850402817264,-0.00034636404519757533,0.18463780903514096,-1.8107402256000718,0.9068821109494652,-0.04054197698218473,0.09966484070596295,0.0995037137155591,-0.011116272601933255,-1.8752924486330598,0.9066157518153721,-0.03292828855044613,0.005761069778493017,0.04603992599455452,0.09000117304571391,0.09000117304571391,0.0,0.0,0.0,0.00032174128485331125,0.008759481112992443,0.01256747007776737,-3.2914677469444404,0,2.258748322400395
23.246079999998933,0.033374834551043016,-1.9833060926893464,1.0003538743780729,-0.0342371499511003,-0.017133884889944988,-0.00034496351859849954,-0.08846914348919147,-1.9646265740917548,1.381892653849261,0.027907730685723192,-0.08085404636637153,0.1164987524013094,-0.04973503688131102,-1.9201278180762764,1.1444990065318648,-0.0025935929728300024,-0.03777774054784172,0.08166683844892776,0.09000117304571391,0.09000117304571391,0.0,0.0,0.0,0.00032044224480255214,0.008821771161378115,0.012520598195401796,-3.296468950614148,0,2.2586509723577364
23.250239999998932,0.033232204445675005,-1.9833774715223014,1.000352442842042,-0.034231225288322224,-0.01713091990920926,-0.0003435686474075537,-0.24346592464408515,-2.192662347143256,0.47917073647855424,-0.01357919189418516,0.09292153961790477,0.05273683670077574,-0.14662902411420906,-2.0562034842351946,0.8119408264577654,-0.008593743109191284,0.02745230210156891,0.06676156220283207,0.09000117304571391,0.09000117304571391,0.0,0.0,0.0,0.00031914842659212057,0.008882766936798738,0.012474161439586434,-3.3013878651718485,0,2.2585536462321567
23.25439999999893,0.03308959902197225,-1.9834488380033868,1.0003510170945051,-0.034225301688661815,-0.01712795546050776,-0.00034217940888524626,-0.24306069763787577,-1.5968259228549566,1.167771195214063,-0.16529273169981612,-0.10810519148447251,0.07012540772720718,-0.1951889925699125,-1.8267365114140048,0.9900019585664985,-0.08710013566857308,-0.040237611932285755,0.06959775778209719,0.09000117304571391,0.09000117304571391,0.0,0.0,0.0,0.0003178598096774763,0.008942495967925231,0.012428163954905974,-3.306225859827484,0,2.2584563440178638
23.25855999999893,0.03294701827550594,-1.9835201921348191,1.0003495971120868,-0.034219379151914656,-0.017124991543738192,-0.0003407957803816581,0.08806996089198177,-2.0275240392539065,1.5249470485807088,-0.06528511108610595,0.13973991890215084,-0.11499634386718909,-0.05369503002276012,-1.9268412606547023,1.2572382917234082,-0.07537411745933263,0.049852766303535814,-0.022319123966706933,0.09000117304571391,0.09000117304571391,0.0,0.0,0.0,0.00031657637365864683,0.009000985209007228,0.012382609392376988,-3.310984281007334,0,2.2583590657090653
23.26271999999893,0.03280446220184812,-1.9835915339188142,1.0003481828715062,-0.03421345767787638,-0.01712202815879828,-0.00033941773933577783,-0.16362803070325313,-2.185746293660142,1.319070720145428,-0.04120889602390194,-0.022297442286227268,-0.04772242752193684,-0.10874764293931442,-2.0563406229822516,1.2880563238614144,-0.05847159445637169,0.01313608601497375,-0.03533001906018778,0.09000117304571391,0.09000117304571391,0.0,0.0,0.0,0.00031529809763904885,0.009058261049053992,0.012337500933514604,-3.3156644527331385,0,2.25826181129997
23.266879999998928,0.032661930796571696,-1.9836628633575875,1.0003467743495758,-0.03420753726634269,-0.01711906530558578,-0.0003380452632776082,-0.0034485004040299624,-2.3951435932829104,1.0279975657179632,0.03893347178865595,0.09128767894998212,-0.08146774853137428,-0.05601761453036495,-2.2255536912584555,1.1578569657429263,-0.009169354479002632,0.05176839216078519,-0.05901681585113998,0.09000117304571391,0.09000117304571391,0.0,0.0,0.0,0.0003140249612956739,0.009114349321097948,0.012292841313419999,-3.3202676769949053,0,2.25816458078479
23.271039999998926,0.03251942405525041,-1.9837341804533541,1.0003453715232016,-0.0342016179171093,-0.01711610298399847,-0.000336678329825734,-0.08461209089151603,-1.6086471889548988,1.2913365243686115,-0.20244386291252595,-0.03046326314613896,-0.08662185912876953,-0.07073527646545909,-1.917158640706175,1.2244191732801228,-0.10620472074142906,0.010251371606870138,-0.07361823682222605,0.09000117304571391,0.09000117304571391,0.0,0.0,0.0,0.0003127569440250714,0.009169275311519879,0.012248632842924493,-3.3247952341175218,0,2.2580673741577346
23.275199999998925,0.032376941973458855,-1.983805485208329,1.000343974369382,-0.034195699629972015,-0.017113141193934145,-0.00033531691668848434,-0.6188113635317455,-1.5199197161902545,1.3084304931768491,-0.06308113520896284,0.0015768598083569715,-0.02626965295096472,-0.3449072821597317,-1.7185315904723175,1.266371754703306,-0.08516495289812617,0.00517972056550603,-0.0504151759243041,0.09000117304571391,0.09000117304571391,0.0,0.0,0.0,0.00031149402601420126,0.009223063769416461,0.012204877429824963,-3.32924838312126,0,2.25797019141302
23.279359999998924,0.032234484546772496,-1.983876777624726,1.0003425828652084,-0.03418978240472665,-0.017110179935290633,-0.000333961001660609,-0.41841755940824954,-1.882362967747248,0.6749243217958765,-0.17706115899538052,0.1645925710485821,-0.022879518782384034,-0.3820317158200876,-1.8001057935265807,0.9705950478929602,-0.130867433542724,0.08473927431321578,-0.03604182207544035,0.09000117304571391,0.09000117304571391,0.0,0.0,0.0,0.00031023618674457074,0.009275738915992308,0.012161576599244155,-3.333628362076287,0,2.2578730325448593
23.283519999998923,0.03209205177076763,-1.983948057704759,1.0003411969878642,-0.03418386624116909,-0.01710721920796578,-0.000332610562626229,0.07095152540225277,-1.9208896686926686,0.7366526155703186,-0.07034305802103927,-0.07730997772271783,0.04425363703692701,-0.1556844122493283,-1.8606592254218,0.8537139253332292,-0.10004400421664254,0.0036512696836475543,0.00425255351265506,0.09000117304571391,0.09000117304571391,0.0,0.0,0.0,0.00030898340584758414,0.009327324453960112,0.012118731513148517,-3.337936388451275,0,2.2577758975474693
23.28767999999892,0.031949643641021395,-1.9840193254506417,1.0003398167146242,-0.03417795113909527,-0.01710425901185746,-0.00033126557755815584,0.5245046969749981,-1.8730816730580806,1.1346830587830299,-0.030947074311933304,0.056502171155805414,0.11722902949291708,0.18434985312557753,-1.8667530541084654,0.9944447734777314,-0.06517306944879252,0.030092963301177788,0.06050161901818756,0.09000117304571391,0.09000117304571391,0.0,0.0,0.0,0.0003077356637483867,0.009377843576933803,0.012076342989055026,-3.342173659456208,0,2.257678786415067
23.29183999999892,0.031807260153111805,-1.984090580864587,1.0003384420228554,-0.034172037098301154,-0.01710129934686357,-0.00032992602451462544,-0.539075505315149,-1.8203263821005613,0.9448917790113571,-0.006709123151226456,0.013452451835657887,-0.02466598211934525,-0.17738057310382244,-1.843511277841017,0.969617713271082,-0.03655546780203622,0.021709010675799473,0.017399974020944276,0.09000117304571391,0.09000117304571391,0.0,0.0,0.0,0.0003064929399558313,0.009427318978800909,0.012034411517957451,-3.346341352379488,0,2.257581699141871
23.29599999999892,0.03166490130261771,-1.9841618239488072,1.0003370728900152,-0.03416612411858277,-0.017098340212882028,-0.00032859188164303916,-0.1368032303742748,-2.080309891493798,1.4347103035514592,-0.018375243881575964,-0.12680010395990132,-0.04111754926028076,-0.15712910309698758,-1.9621743422935283,1.2020815524008155,-0.02781977850575927,-0.053324566016247646,-0.011765037998653487,0.09000117304571391,0.09000117304571391,0.0,0.0,0.0,0.00030525521477384404,0.009475772863061433,0.011992937281501614,-3.3504406249194303,0,2.257484635722102
23.300159999998918,0.03152256708511881,-1.9842330547055147,1.000335709293652,-0.03416021219973619,-0.01709538160981078,-0.00032726312717668336,-0.0132706964682291,-2.1603664873182384,1.2481854993615484,-0.14034710265242298,0.12184440037633318,-0.10588918084632198,-0.0854929256181464,-2.061018925827995,1.2249132820167967,-0.08305946349366568,0.03451652548594513,-0.05866718839287103,0.09000117304571391,0.09000117304571391,0.0,0.0,0.0,0.00030402246823390254,0.00952322695212169,0.011951920168438074,-3.354472615510242,0,2.257387596149981
23.304319999998917,0.031380257496195656,-1.9843042731369211,1.0003343512114045,-0.03415430134155753,-0.0170924235375478,-0.00032593973943582916,0.5309813294806054,-2.4402794659236715,1.2328537326037476,0.03365180876529017,-0.05687034656227041,-0.04484550236865732,0.2228184947967879,-2.2507722327346196,1.2287899291165276,-0.024703752768033504,-0.010164033643218814,-0.05158585096881171,0.09000117304571391,0.09000117304571391,0.0,0.0,0.0,0.00030279468073754695,0.009569702496532505,0.011911359790379805,-3.358438443642576,0,2.2572905804197307
23.308479999998916,0.031237972531429643,-1.9843754792452377,1.000332998621001,-0.034148391543842964,-0.017089465995991072,-0.00032462169682617834,-0.10924195702213947,-2.3850318230996694,0.7574814615427644,-0.1374979757073846,0.12758013367426652,-0.1814746121535692,0.05650058918035234,-2.3176360517010384,0.9927559144959108,-0.08139929970116025,0.057952624173547365,-0.11699268454962178,0.09000117304571391,0.09000117304571391,0.0,0.0,0.0,0.0003015718326300381,0.00961522028416224,0.011871255496891473,-3.3623392101787544,0,2.257193588525576
23.312639999998915,0.031095712186403023,-1.9844466730326753,1.00033165150026,-0.0341424828063887,-0.017086508985038617,-0.00032330897783907383,0.15761071808461602,-2.102169769581862,1.4516248040151116,0.10416382332766813,0.11433620681080646,-0.0792176404196236,0.10727196157883406,-2.2096638721162,1.2220285860367992,0.011878772561268297,0.08627793223049218,-0.09800479523667405,0.09000117304571391,0.09000117304571391,0.0,0.0,0.0,0.00030035390398685234,0.009659800649295868,0.011831606389935988,-3.3661759976627406,0,2.257096620461741
23.316799999998914,0.030953476456698895,-1.9845178545014444,1.000330309827089,-0.03413657512899101,-0.017083552504588474,-0.0003220015610526257,0.07755822466874297,-2.1968188749722857,1.0134938627899082,-0.16117628839445763,-0.01686093606809315,-0.1135598243601015,0.09207877960481423,-2.203277412506076,1.117524089766845,-0.07422242824834374,0.03522410694081507,-0.10603409134338339,0.09000117304571391,0.09000117304571391,0.0,0.0,0.0,0.0002991408754703642,0.009703463481652273,0.011792411337703142,-3.369949870624959,0,2.2569996762224536
23.320959999998912,0.0308112653379012,-1.984589023653755,1.0003289735794842,-0.034130668511446194,-0.017080596554538707,-0.0003206994251292388,-0.0826049809290598,-1.2833656941681095,0.9165011118900239,-0.28931586801350445,-0.005235308628755238,0.1725017480247253,0.004134620644204261,-1.743326333325519,1.0173691136412155,-0.18209785451702268,0.015154591568649322,0.03363873110213432,0.09000117304571391,0.09000117304571391,0.0,0.0,0.0,0.00029793272768999885,0.009746228235312631,0.01175366898784429,-3.3736618758820387,0,2.2569027558019417
23.32511999999891,0.03066907882559474,-1.9846601804918165,1.0003276427355308,-0.034124762953550616,-0.017077641134787405,-0.00031940254881582285,-0.27439352918970694,-1.990131567116337,0.7476455467958965,0.020820773512440473,0.08733814103109205,0.1011433510014947,-0.1350873066303781,-1.8665488132082881,0.8827170898797827,-0.0810314045225893,0.05114402282958821,0.06677518153232885,0.09000117304571391,0.09000117304571391,0.0,0.0,0.0,0.0002967294409887283,0.009788113937553551,0.011715377780136121,-3.3773130428315734,0,2.2568058591944338
23.32927999999891,0.030526916915365153,-1.9847313250178382,1.0003263172734018,-0.03411885845510068,-0.01707468624523268,-0.00031811091094489675,-0.5198450606002262,-2.306086533788367,1.5376869274247105,-0.13657032978853043,-0.1154252584321257,-0.004809225832286089,-0.3277525208111868,-2.0865599445865004,1.210193949673821,-0.10899803961168325,-0.032555860061690985,0.032256522922177455,0.09000117304571391,0.09000117304571391,0.0,0.0,0.0,0.00029553099608558273,0.00982913919757921,0.011677535958595869,-3.380904383741972,0,2.256708986394162
23.33343999999891,0.030384779602798933,-1.984802457234029,1.0003249971713584,-0.03411295501589284,-0.017071731885772667,-0.0003168244904329793,-0.5436816969218079,-2.222015517104711,1.2092819280632905,-0.0756961096850979,-0.058869089924020845,-0.04666032718204323,-0.43587475499489736,-2.1544116358835987,1.209641421238665,-0.09297936132238667,-0.04546498895047943,-0.007456924813366439,0.09000117304571391,0.09000117304571391,0.0,0.0,0.0,0.0002943373738634779,0.009869322215147466,0.011640141583069405,-3.3844368940374894,0,2.2566121373953587
23.337599999998908,0.030242666883483416,-1.984873577142597,1.0003236824077488,-0.034107052635723605,-0.017068778056305526,-0.0003155432662799278,0.21382584617615685,-2.175422877160001,1.2283339849378638,-0.06339073745208945,0.02003022017170478,-0.025442197473264056,-0.11115328508419275,-2.164876146053172,1.2189343021165127,-0.07745315724068498,-0.012526941878176046,-0.01615378065417694,0.09000117304571391,0.09000117304571391,0.0,0.0,0.0,0.0002931485551563777,0.009908680789085435,0.011603192540312928,-3.387911552578512,0,2.256515312192256
23.341759999998906,0.03010057875300679,-1.98494468474575,1.000322372961009,-0.03410115131438951,-0.01706582475672944,-0.0003142672175691004,0.6899861525408074,-2.3866138018292675,1.4486945907642923,-0.0345084437608205,0.07740215858105651,-0.028484936763935587,0.2893501291619524,-2.275584073547871,1.3337583090370533,-0.05591913071099196,0.031730906711456806,-0.023041120022912673,0.09000117304571391,0.09000117304571391,0.0,0.0,0.0,0.00029196452074995967,0.009947232325690607,0.011566686554588259,-3.391329321937182,0,2.2564185107790897
23.345919999998905,0.029958515206958095,-1.9850157800456956,1.000321068809661,-0.034095251051687155,-0.017062871986942615,-0.00031299632346755267,0.4323038030580726,-2.4038587868475503,1.194267835963462,0.11054821081488933,0.04243786708773023,0.23864306447202505,0.36105885127242565,-2.3396346907571917,1.2645081306008623,0.02684815689321404,0.03738782527808907,0.10794600181826884,0.09000117304571391,0.09000117304571391,0.0,0.0,0.0,0.0002907852515964518,0.009984993847014064,0.011530621197790924,-3.394691148668433,0,2.256321733150095
23.350079999998904,0.029816476240927207,-1.9850868630446408,1.0003197699323143,-0.034089351847413185,-0.017059919746843285,-0.0003117305632253309,0.3292248810141526,-2.138449460180874,0.8738476669439438,0.06837763130532963,0.108955483934742,-0.0465443957934202,0.3452859961826138,-2.2388147759041432,1.0690800704742476,0.04658638240527898,0.07351926963588976,0.029885412429199412,0.09000117304571391,0.09000117304571391,0.0,0.0,0.0,0.00028961072881596487,0.01002198199902283,0.011494993899129648,-3.397997963576516,0,2.2562249792995104
23.354239999998903,0.029674461850504857,-1.9851579337447922,1.0003184763076636,-0.03408345370136429,-0.017056968036329702,-0.00031046991617475803,-0.1440984707983758,-2.03440164808202,0.7532503443656278,-0.08794367203191578,-0.16517854194938286,-0.05572950400250619,0.10040805323692611,-2.136950914776181,0.911047074100216,-0.02097550440052686,-0.04554191818822706,-0.012912932363510026,0.09000117304571391,0.09000117304571391,0.0,0.0,0.0,0.0002884409334836546,0.010058213059638828,0.01145980195437504,-3.4012506819770914,0,2.2561282492215735
23.358399999998902,0.02953247203128262,-1.985228992148356,1.0003171879144896,-0.034077556613337216,-0.01705401685530014,-0.00030921436173059793,0.08748472420714432,-1.7528310170151662,0.825764395174573,-0.2987568161280368,-0.009164633215120562,-0.23803655731792162,0.09332474980360717,-1.944907623460641,0.8679105345466814,-0.1597796218895508,-0.02721939744682564,-0.1257035388490296,0.09000117304571391,0.09000117304571391,0.0,0.0,0.0,0.0002872758468445574,0.010093702946652345,0.011425042534694728,-3.4044502039549593,0,2.2560315429105255
23.3625599999989,0.029390506778852916,-1.9853000382575379,1.0003159047316588,-0.034071660583128736,-0.01705106620365291,-0.00030796387938934543,0.015262663229014619,-1.9447274100551588,0.3196408455994223,-0.15554145741533937,0.1366537694585808,0.03660353698553687,0.05396883495615052,-1.9445352739694015,0.5938468952697177,-0.1572744011471546,0.05566565075140869,-0.04403503116405153,0.09000117304571391,0.09000117304571391,0.0,0.0,0.0,0.0002861154501007529,0.010128467225508204,0.011390712695091482,-3.4075974146175003,0,2.2559348603606075
23.3667199999989,0.02924856608880902,-1.9853710720745432,1.0003146267381224,-0.03406576561053569,-0.01704811608128633,-0.00030671844872937434,0.1981952520990753,-2.35985780211805,1.011488492826685,-0.15527277650143623,-0.0023389005649168317,0.1324446592733946,0.1257598345783435,-2.152204445880909,0.8029462002143501,-0.1561509511913927,0.0267328550138217,0.04414414434946112,0.09000117304571391,0.09000117304571391,0.0,0.0,0.0,0.0002849597244120297,0.010162521116963304,0.011356809382460286,-3.4106931843439003,0,2.2558382015660623
23.3708799999989,0.02910664995674504,-1.9854420936015769,1.0003133539129165,-0.03405987169535495,-0.01704516648809875,-0.00030547804941112084,0.9876444873508864,-2.2016296660021157,1.148757297235872,0.2534429648742694,-0.17336563953866688,-0.15488431539629816,0.5572348353886037,-2.177277597497144,0.9755314859579803,0.04886530819139879,-0.07349581721638208,-0.055103607733310495,0.09000117304571391,0.09000117304571391,0.0,0.0,0.0,0.0002838086515390629,0.010195879504614392,0.011323329443279712,-3.4137383690302276,0,2.2557415665211336
23.375039999998897,0.02896475837825594,-1.9855131028408435,1.0003120862351615,-0.03405397883738345,-0.017042217423988544,-0.00030424266117455654,0.0914645853534462,-2.3059034209094444,0.810024047874952,-0.0010567408326822916,-0.12721179176921166,-0.11907640945601307,0.3243439611997929,-2.24185632625041,0.8925291701144265,0.024047863587904464,-0.10019641942286855,-0.08719977696979427,0.09000117304571391,0.09000117304571391,0.0,0.0,0.0,0.00028266221277522684,0.010228556942295314,0.011290269630952355,-3.4167338103304314,0,2.2556449552200672
23.379199999998896,0.02882289134893753,-1.985584099794547,1.000310823684062,-0.03404808703641816,-0.017039268888854108,-0.0003030122638411071,0.36375370633221604,-1.9935003998576473,1.0728118269348634,-0.0767778029637758,-0.35537568297846034,0.24530962524371822,0.3438891400570778,-2.1184157146289233,0.9831829292991512,-0.026226824643349925,-0.22780897467991282,0.07858532850809477,0.09000117304571391,0.09000117304571391,0.0,0.0,0.0,0.00028152038958843936,0.010260567661343228,0.011257626612808564,-3.419680335893332,0,2.25554836765711
23.383359999998895,0.028681048864386466,-1.9856550844648913,1.0003095662389065,-0.0340421962922561,-0.01703632088259386,-0.0003017868373129348,0.42024648382824015,-2.272259505048092,0.686565571528228,0.15867642663521322,-0.009587694890741578,-0.05641564782963855,0.3823985772926397,-2.1953582657555724,0.8347559614354719,0.06612223869779213,-0.11888671259718671,0.010550371769442828,0.09000117304571391,0.09000117304571391,0.0,-1.9604875466763192,1.019782329822663,0.0002803831636224955,0.010291925577733473,0.011225396976787148,-3.4225787595956643,0,2.2554518038265097
23.387519999998894,0.02850519467807044,-1.985708352299742,1.0003083138790667,-0.042205004715845665,-0.012784280364178483,-0.0003005663615721841,0.09685935396507839,-1.6944103975821903,0.959302940279502,0.21401192955552029,0.02452652544070328,-0.02097192072722323,0.2400799155681958,-1.9448354859743147,0.8969863247728246,0.1363025623084215,-0.044460931320655005,-0.00502766634958649,0.09000117304571391,0.09000117304571391,0.0,-1.9439599127954081,1.0113178882857148,0.00027925051648422733,0.00996434336014729,0.01299993197394722,-3.4254298740377993,0,2.2553169124730204
23.391679999998892,0.028295621789265018,-1.9857440532628767,1.0003070665852576,-0.05029749331330158,-0.00856823115231865,-0.00029935051420933195,0.15934308765370808,-1.810814822199502,1.5127900489694521,0.15757609555817723,-0.10741891797221388,-0.11825139594272034,0.20004841684205144,-1.878051039743654,1.204645640274331,0.14226110459868352,-0.07430333627397566,-0.061201352795512164,0.09000117304571391,0.09000117304571391,0.0,-1.927539425248096,1.0029079778468455,0.0002781212145404055,0.009470047714020241,0.0156645208289272,-3.4282344587269913,0,2.255144022496682
23.39583999999889,0.028052621385312174,-1.9857623363754187,1.0003058243384308,-0.05832009694868277,-0.004387947010051575,-0.00029813923843952984,0.19302388376034618,-1.8252845184792474,0.8712812394543591,0.028849132846544084,0.17522133731942346,-0.154173257905767,0.19660310104726852,-1.8513071388804798,1.0376405764338266,0.08219913722672938,0.052454993463103776,-0.10775115961127,0.09000117304571391,0.09000117304571391,0.0,-1.911225504100388,0.9945522943282686,0.0002769950873402654,0.008904771306571425,0.01876078811445815,-3.4309932802935474,0,2.2549334607594718
23.39999999999889,0.02777648285176526,-1.9857633497296707,1.0003045871196965,-0.06627324805125966,-0.00024320502051003185,-0.0002969324962235515,0.16155250393846068,-2.0913217755655937,1.0396683567145986,-0.1075231738404043,0.03170831366673792,-0.1350368344949272,0.1788626083404599,-1.9712548345793233,1.0383732491535496,-0.016831329785514507,0.04431898442385914,-0.12121966636553325,0.09000117304571391,0.09000117304571391,0.0,-1.8950175724925136,0.9862505392739334,0.0002758720393251518,0.008316010026159943,0.02205953081582443,-3.43370709270349,0,2.254685552100392
23.40415999999889,0.027467493780823363,-1.9857472404986416,1.0003033549102764,-0.0741573770260556,0.003866215447009971,-0.00029573026080967265,0.22744196381318105,-1.9903710878042598,1.1993371684619056,-0.17017009312859466,-0.07566755562802419,0.039994153862607684,0.2028053242698631,-1.9809731719231296,1.1189389771958969,-0.09668707400899218,-0.014372840977820038,-0.04036119365996614,0.09000117304571391,0.09000117304571391,0.0,-1.8789150558281467,0.9780024178884845,0.00027475201922310386,0.007727151219693245,0.025446136758793418,-3.4363766374677436,0,2.254400619347143
23.408319999998888,0.027125939979192937,-1.9857141549432153,1.0003021276914754,-0.08197291239130275,0.007940533302309954,-0.00029453251226412415,0.3102641615437963,-1.6457997380664238,0.9799279656492027,-0.15425741151744404,0.13602869799780043,0.018077991948666754,0.2562219634883019,-1.8131051492277523,1.049470124483515,-0.12898808022093447,0.06272979510087098,-0.011156924556095488,0.09000117304571391,0.09000117304571391,0.0,-1.8629173815030013,0.9698076379113649,0.0002736350034827726,0.007149537497986049,0.0288632936526445,-3.439002643847895,0,2.2540789833262465
23.412479999998887,0.026752105475775563,-1.9856642384180285,1.0003009054446634,-0.08972028082017008,0.011979966044830776,-0.00029333923485658686,0.14228738652261141,-2.1393436690789094,1.1114695203007214,-0.03393132212412026,0.011223015663369456,-0.02245348820520141,0.19919127176269982,-1.9762076598867644,1.0804260100307062,-0.08529814292765914,0.039052798381955765,-0.01798561296717192,0.09000117304571391,0.09000117304571391,0.0,-1.8470239788328844,0.9616659090012873,0.00027252098522381556,0.006588498372142438,0.032282343418723644,-3.4415858290585692,0,2.2537209628724604
23.416639999998885,0.026346272529317913,-1.9855976353766138,1.0002996881512654,-0.09739990714983565,0.015984729939534224,-0.00029215041551368734,-0.09607629322081175,-1.8975388834909033,1.0517560098550613,-0.17144897274636295,-0.13388104505800624,-0.02588793003446326,0.051208055901959454,-1.9371561118211262,1.0660370842392588,-0.13281176921899696,-0.04503640419000076,-0.02199447370311157,0.09000117304571391,0.09000117304571391,0.0,-1.8312342790399931,0.9535769423887757,0.00027140996743606313,0.006046365832756322,0.0356889591576767,-3.4441268984664775,0,2.25332687483783
23.420799999998884,0.02590872163606842,-1.9855144893761125,1.0002984757927533,-0.10501221437987848,0.019955040120331936,-0.00029096604288026204,0.13837282669129036,-1.7766332897457693,0.7861364841673215,-0.1090386692845883,0.006940721463686858,0.10236554401673133,0.09457326550671537,-1.8568838295922807,0.926297323501211,-0.12525982381611134,-0.01679673021591257,0.04037926611942873,0.09000117304571391,0.09000117304571391,0.0,-1.8155477152661246,0.9455404506735646,0.0002703019602266104,0.005523981917061632,0.03907598343902134,-3.4466265457861835,0,2.2528970341005707
23.424959999998883,0.02543973153745299,-1.985414943081724,1.000297268350642,-0.11255762366770337,0.02389111065322811,-0.0002897861067268039,0.5200081081647928,-1.5052555667236067,1.2991528667614658,-0.1382767548843645,-0.04136327419790809,0.12247608593783872,0.3070132656643037,-1.6811596819528332,1.1129822510860294,-0.13523596754786724,-0.025996308718572694,0.08151848932010577,0.09000117304571391,0.09000117304571391,0.0,-1.7999637225876097,0.9375561477026548,0.0002691969782724177,0.005021452280854958,0.042439847257687624,-3.4490854532726463,0,2.2524317535738434
23.429119999998882,0.024939579227771215,-1.9852991382709897,1.0002960658064854,-0.12003655432362563,0.02779315457622731,-0.0002886105975663201,0.23298391189084428,-1.476466578692689,1.0526571473838917,-0.15794912191125104,-0.006344260073898489,0.03120076692310755,0.2696776803790842,-1.5788273356883773,1.0828850018916438,-0.1505047221848349,-0.014997420204408623,0.05596466943076593,0.09000117304571391,0.09000117304571391,0.0,-1.7844817380347529,0.9296237484948524,0.0002680950386932605,0.004538522780491426,0.04577877933089185,-3.451504291910584,0,2.2519313442144857
23.43327999999888,0.024408539961910905,-1.9851672158379674,1.0002948681418755,-0.12744942380647437,0.03166138392535699,-0.0002874395064017564,0.21548830466739788,-2.3303360148583643,0.9553682838845502,-0.03832210250450932,0.12298524624956274,0.08277893010125327,0.24250995060139705,-1.9543351455515927,1.0192981117869686,-0.0978086321410652,0.05591677048855224,0.06928188369163821,0.09000117304571391,0.09000117304571391,0.0,-1.7691012006059492,0.9217429691926351,0.00026699616084555284,0.0040747675658753405,0.04909191057234742,-3.45388372160072,0,2.2513961150317083
23.43743999999888,0.023846887263078,-1.9850193157973335,1.00029367533844,-0.13479664771989694,0.035496009752115115,-0.00028627282455108633,-0.11776192470069098,-1.9260217464075982,1.0385339177725366,-0.23173363069594163,0.15427633093248333,-0.0025064682410114586,0.061897351326939,-1.9398611219868498,1.028913187922357,-0.16854126150145,0.1069003247869741,0.0323094933183026,0.09000117304571391,0.09000117304571391,0.0,-1.7538215512856667,0.9139135270310261,0.0002659003650446511,0.0036296829339118614,0.052378826162308226,-3.4562243913429507,0,2.2508263730957796
23.44159999999888,0.023254892930538965,-1.9848555772884358,1.0002924873778418,-0.14207863980936855,0.039297242135465725,-0.0002851105435274708,0.4467376447293208,-2.2330346463775217,0.8602554160150794,-0.25392655973638467,0.003713775171221484,-0.002314842681493693,0.25380016361045643,-2.0864451390195518,0.9445786191638755,-0.21513886736958207,0.05672149889951111,0.014849432620130689,0.09000117304571391,0.09000117304571391,0.0,-1.738642233056029,0.906135140318375,0.00026480767235401376,0.003202734066564291,0.055639341422549116,-3.4585269394164957,0,2.2502224235466968
23.445759999998877,0.022632827047373107,-1.9846761385793097,1.0002913042417796,-0.14929581195980582,0.04306529019028264,-0.0002839526549534474,0.05963959175112845,-2.4079668319551066,0.9994672530591913,-0.3646122738761809,-0.1372561758395638,-0.17261481554761043,0.1559680592109432,-2.247497403531421,0.971664266338079,-0.29367572062556196,-0.03848575623773019,-0.07886104785090961,0.09000117304571391,0.09000117304571391,0.0,-1.7235626909099047,0.8984075284225466,0.0002637181037311845,0.0027933782152242126,0.058873389600621176,-3.4607919935570712,0,2.2495845696028565
23.449919999998876,0.02198095798823266,-1.9844811370706705,1.0002901259119859,-0.1564485741937069,0.046800362073419484,-0.000282799150501193,-0.30061014143646275,-2.0302038468881882,1.1539846150989417,-0.18211987693980594,0.038150251765210044,-0.027035440524046685,-0.0726954703058676,-2.1387749073138824,1.0627692426949624,-0.2415447565034517,0.0023055926585766485,-0.05283573717548586,0.09000117304571391,0.09000117304571391,0.0,-1.7085823718631539,0.8907304117633826,0.0002626316810986438,0.00240107611201852,0.062080965615313614,-3.463020171131142,0,2.248913112569718
23.454079999998875,0.02129955242710874,-1.9842707092998866,1.000288952370228,-0.16353733466974102,0.05050266498817292,-0.00028165002184401866,0.3019855128130523,-1.4391546965230906,0.4444448150626923,-0.06211015671769399,0.09088293121965026,0.13205168845212684,0.11452536829948445,-1.7887747030375851,0.753877994188729,-0.15516274653801415,0.04843046746732916,0.03929400622353948,0.09000117304571391,0.09000117304571391,0.0,-1.693700724963672,0.883103511807603,0.0002615484256337766,0.0020252974982100124,0.06526209778904132,-3.4652120793072965,0,2.248208351848468
23.458239999998874,0.0205888753451016,-1.984044990944938,1.0002877835983088,-0.17056249968171347,0.05417240518763604,-0.000280505260626084,0.08353128078888752,-2.3283892764296743,1.0789364600631386,-0.18723924052682372,0.020090725336161394,0.004455786459507172,0.09864687186692321,-2.0585477548248936,0.9164178970633794,-0.17514968124410657,0.036078662682550576,0.022296685624145753,0.09000117304571391,0.09000117304571391,0.0,-1.678917201303219,0.8755265510658243,0.00026046835819521375,0.0016655237146620994,0.06841683357976776,-3.467368315224792,0,2.2474705849446854
23.462399999998873,0.019849190038193812,-1.983804116828366,1.0002866195780653,-0.1775244736578694,0.057809787977277295,-0.00027936485843838227,0.13214169685613003,-1.8523891989905532,1.6921797435062929,-0.19718329815409566,0.2728522351611482,-0.1268284915498085,0.11499223821290229,-1.9549023579743687,1.3040387918182061,-0.18994205440901832,0.1558198982570498,-0.051459478481275175,0.09000117304571391,0.09000117304571391,0.0,-1.6642312540247644,0.8679992530918123,0.0002593914999646785,0.0013212488267747074,0.07154523231852714,-3.4694894661593185,0,2.2467001074770017
23.46655999999887,0.019080758125025143,-1.9835482209212119,1.0002854602913702,-0.18442365916048048,0.06141501771697815,-0.0002782288067979086,0.035271855561457,-2.058098308417907,1.118291439114427,-0.2829502730033585,0.21509336418196578,0.06120754032011314,0.07454955063208563,-2.006058290290309,1.2112935896507788,-0.23960889192088022,0.18767571063665606,0.003682015183423179,0.09000117304571391,0.09000117304571391,0.0,-1.6496423383323975,0.8605213424817236,0.0002583178711632948,0.0009919800200310861,0.07464736145533797,-3.4715761096860254,0,2.245897213185765
23.47071999999887,0.01828383955466808,-1.9832774363469508,1.000284305720132,-0.1912604568856957,0.06498829782268525,-0.0002770970971365141,-0.09901203241583525,-2.0811515652178136,0.8564949402001136,-0.2318800292914594,0.16751060277178054,-0.042393420631273104,-0.01270734287461932,-2.0432592415569917,1.0338040091745788,-0.23931095325723797,0.17865494203752194,-0.01954702646901201,0.09000117304571391,0.09000117304571391,0.0,-1.6351499114984624,0.8530925448752646,0.0002572474916914345,0.0006772376341754539,0.07772329456467664,-3.4736288138398552,0,2.2450621939416977
23.47487999999887,0.017458692614402988,-1.9829918953854182,1.0002831558462955,-0.19803526566362206,0.06852983076779563,-0.00027596972079042093,0.25759836180859513,-2.224278616932946,1.0026548015040861,-0.2538963231796578,0.021889984700377403,-0.030697311261105507,0.12192586339954536,-2.133729550952033,1.0181643759250616,-0.24975672642910723,0.10263165401331117,-0.024658921288959714,0.09000117304571391,0.09000117304571391,0.0,-1.6207534328715463,0.8457125869563082,0.0002561803809138807,0.0003765550199847701,0.08077311023587255,-3.4756481372732324,0,2.244195339754556
23.479039999998868,0.01660557393749207,-1.9826917294767334,1.0002820106518413,-0.20474848245862057,0.07203981808435224,-0.00027484666899314,-0.11816529077717167,-1.687803638079494,1.0587121135130995,-0.19922868408041383,0.12279819705917118,0.2580505587458924,0.0014708122880071795,-1.9105136299981118,1.0389766628843942,-0.22766748245706128,0.11539311068065411,0.1160061025513437,0.09000117304571391,0.09000117304571391,0.0,-1.6064523638840402,0.8383811964552155,0.00025511655808683727,8.947831057563864e-05,0.08379689141089282,-3.477634629411146,0,2.2432969387817883
23.483199999998867,0.015724738510951228,-1.9823770692252163,1.0002808701187877,-0.21140050236980196,0.07551846036411472,-0.00027372793286852475,-0.33530088033702626,-2.1492521093666617,1.4177433867283409,-0.1986791330449894,0.19553096989634652,-0.10427760815055757,-0.16732324309912416,-2.0294824921460632,1.228145742608302,-0.21673061647737413,0.15769310467190617,0.005896722586175292,0.09000117304571391,0.09000117304571391,0.0,-1.5922461680586304,0.8310981021496573,0.00025405604128707457,-0.00018443384682375745,0.08679472495054581,-3.4795888306036726,0,2.2423672773371877
23.487359999998866,0.01481643968331912,-1.9820480444033015,1.00027973422919,-0.21799171863170586,0.07896595725954189,-0.0002726135034298048,-0.34716704924142006,-2.3346966796410102,0.8238339798969221,-0.3367863582759933,0.023566509955026016,-0.15675942614873487,-0.2579402387360161,-2.182045767631051,1.0256617604283866,-0.2799588133973345,0.0921115127837152,-0.07579762419931152,0.09000117304571391,0.09000117304571391,0.0,-1.5781343110141455,0.8238630338673546,0.000252998848693624,-0.00044561057570954366,0.08976670131942013,-3.48151127227598,0,2.241406639899542
23.491519999998864,0.013880929172422654,-1.9817047839554485,1.0002786029651418,-0.224522522615152,0.0823825074847259,-0.00027150337157445337,0.5020885337715679,-1.6113801629812876,1.2708294031653342,-0.24110937117233605,0.22053833364368253,-0.007137079310879495,0.1215837923651806,-1.8962555579746403,1.148233549922715,-0.2633384327268595,0.1588647627098645,-0.04199945771724166,0.09000117304571391,0.09000117304571391,0.0,-1.5641162604720389,0.8166757224876386,0.00025194499708924845,-0.0006944690603221563,0.09271291433452772,-3.4834024770758516,0,2.240415309121281
23.495679999998863,0.012918457073138245,-1.9813474160020472,1.0002774763087747,-0.23099330382825828,0.08576830881629696,-0.0002703975280862631,-0.08054657282465881,-1.751631620061217,0.8444418569836819,-0.2512860408122101,0.09391635210934336,0.12624413819015046,0.020000671942513492,-1.823751520286605,0.9965990888774364,-0.26026738258855275,0.1284558480226908,0.04166580426603484,0.09000117304571391,0.09000117304571391,0.0,-1.5501914862635147,0.8095358999437567,0.0002508945035698115,-0.0009314148351762504,0.09563346094995444,-3.485262959018779,0,2.2393935658371222
23.499839999998862,0.011929271865148151,-1.9809760678433208,1.0002763542422597,-0.2374044499176226,0.0891235580943201,-0.00026929596363103046,-0.2611045246343236,-1.9066012438227335,0.9559006094790469,-0.2517103564125418,-0.014468821996575995,0.2105092163985883,-0.12106805920434902,-1.8652104824986062,0.9766867600928835,-0.2605017814244628,0.05864999632557518,0.12639277995070614,0.09000117304571391,0.09000117304571391,0.0,-1.5363594603312989,0.8024432992248522,0.0002498473838322434,-0.001156842071302887,0.09852844106349573,-3.4870932236306533,0,2.2383416890727017
23.50399999999886,0.010913620420691316,-1.980590865963224,1.0002752367478065,-0.24375634666964044,0.09244845122319642,-0.00026819866875995994,0.5455912574239906,-2.2176208511008553,1.4028040985084507,-0.23196919353438428,0.08294277602118907,0.03630864629899256,0.21178874975000786,-2.0412491852709564,1.1898244124516555,-0.24862941767422478,0.07251192359193064,0.08112544804412926,0.09000117304571391,0.09000117304571391,0.0,-1.522619656739532,0.7953976543782628,0.0002488036538839111,-0.0013711338578462177,0.10139795733809462,-3.4888937680881,0,2.237259956053213
23.50815999999886,0.009871748012308033,-1.9801919360333384,1.0002741238076651,-0.2500493780119879,0.09574318317258101,-0.0002671056339065032,0.6120972111481477,-1.8418354550651332,1.415429320539265,-0.1571777738743052,0.0726683625577202,-0.042838704877403364,0.4116246045404085,-1.941392160588618,1.3025382631378843,-0.20567336548198106,0.07373639876428184,0.019670015105929254,0.09000117304571391,0.09000117304571391,0.0,-1.5089715516742503,0.7883987005113862,0.0002477633283305841,-0.0015746624783738836,0.10424211503433659,-3.4906650813564988,0,2.236148642212028
23.51231999999886,0.008803898320577918,-1.9797794029167621,1.000273015404126,-0.2562839260152275,0.09900794797832399,-0.000266016849390664,-0.1427655667484896,-1.6561179842702212,0.7304199531969109,-0.28265168549658437,0.1878362651539519,-0.22513355281813344,0.1338444536522594,-1.79836761430756,1.0160079079988305,-0.24738948719548456,0.13329479353667295,-0.10323274333452834,0.09000117304571391,0.09000117304571391,0.0,-1.4954146234502708,0.7814461737935425,0.00024672642144329114,-0.001767789681624407,0.10706102185196685,-3.4924076443257217,0,2.2350080211993175
23.516479999998857,0.007710313441850586,-1.9793533906719978,1.00027191151952,-0.2624603708945594,0.10224293874344104,-0.0002649323054192076,-0.1376727969928877,-2.3848544513459635,1.026584930629386,-0.2305338506353808,0.11873086137575987,-0.005451860604933211,-0.0023882308084925896,-2.0913712389943453,1.0212848166524444,-0.24249425780841183,0.12748462659423926,-0.0541865346363149,0.09000117304571391,0.09000117304571391,0.0,-1.4819483525152934,0.7745398114583675,0.000245692947157654,-0.0019508669465927927,0.10985478777927002,-3.494121929943627,0,2.233838364890662
23.520639999998856,0.006591233895968485,-1.9789140225568347,1.0002708121362196,-0.2685790910117043,0.10544834763912082,-0.00026385199208616415,-0.09385373969557141,-2.223010933793629,0.6827112097287582,-0.22704140529381617,0.05241163305496786,-0.022521903856608492,-0.048587967943421434,-2.157087944649891,0.8519489456737452,-0.2376042475117534,0.09233393525781633,-0.0384267130533526,0.09000117304571391,0.09000117304571391,0.0,-1.4685722214527122,0.7676793518053457,0.0002446629186448805,-0.002124235741948529,0.11262352494958831,-3.4958084033473495,0,2.232639943395657
23.524799999998855,0.005446898633981363,-1.9784614210322273,1.0002697172366388,-0.2746404628769093,0.10862436590576957,-0.0002627758993753357,-0.39451192865463447,-2.4073145951823482,0.6443537332487752,-0.05731626739739726,-0.02389890678695175,-0.045851792372497,-0.2216654851095012,-2.2822551423151376,0.7480527397623311,-0.1504048814370365,0.03538492969899243,-0.04128449242865809,0.09000117304571391,0.09000117304571391,0.0,-1.4552857149863396,0.7608645342017684,0.00024363634852393647,-0.0022882277798253843,0.11536734750447919,-3.497467521992424,0,2.2314130250665043
23.528959999998854,0.004277545045851851,-1.9779957077661685,1.000268626803234,-0.28064486115108317,0.1117711838540976,-0.00026170401716209,-0.2040983554936583,-2.0969606449189624,1.0795895662618742,-0.34332308924987776,-0.12166265147344532,-0.09875697170549654,-0.21359057033556908,-2.1898625921442103,0.9136169784604633,-0.24941405796948032,-0.04171498113120682,-0.06949637965904115,0.09000117304571391,0.09000117304571391,0.0,-1.4420883199834178,0.7540950990840434,0.00024261324886021285,-0.0024431652640458787,0.1180863714631337,-3.4990997357797693,0,2.2301578765066017
23.533119999998853,0.003083408968151638,-1.9775170036375591,1.0002675408185038,-0.28659265864805106,0.11488899086624758,-0.0002606363352153319,0.2773410114485942,-1.7182200850763358,1.0135364092827568,-0.5254453369692195,0.15416275428331788,-0.010232154333260527,0.030792452971539545,-1.9537213980807449,0.9635568606928315,-0.390637556119251,0.058141349193288734,-0.04022879302222069,0.09000117304571391,0.09000117304571391,0.0,-1.4289795254584705,0.7473707879599643,0.00024159363116419514,-0.002589361132855304,0.12078071459774016,-3.5007054871805803,0,2.228874762579116
23.53727999999885,0.0018647246917477612,-1.9770254287400717,1.0002664592649904,-0.29248422633693044,0.11797797539697039,-0.00025957284319961057,0.2847664153109043,-1.884236773774528,0.9009896796410208,-0.34507699510833045,0.1493309292474305,0.036355402984312314,0.1570694448213724,-1.918672344463919,0.9323486571640114,-0.37073733296250405,0.10582134111148632,-0.00204095120940595,0.09000117304571391,0.09000117304571391,0.0,-1.415958822574583,0.740691343409585,0.0002405775063901289,-0.002727119296246993,0.12345049631451568,-3.5022852113591534,0,2.2275639464155517
23.54143999999885,0.0006217249694785284,-1.9765211023860099,1.0002653821252792,-0.2983199333446159,0.12103832497484401,-0.0002585135306773593,-0.28334736297221486,-2.1111096751048533,1.7294998473113772,-0.5227191454050037,0.29062032554945694,-0.32710220524498085,-0.06422319056720759,-2.0142913840058454,1.330250789372289,-0.4496472589295015,0.1998964884543332,-0.16518651435231926,0.09000117304571391,0.09000117304571391,0.0,-1.403025704647662,0.7340565090870508,0.0002395648849346896,-0.002856734867963856,0.1260958375401502,-3.5038393362936815,0,2.226225689424303
23.54559999999885,-0.0006453589761814004,-1.9760041431101618,1.0002643093819996,-0.30410014695838294,0.12407022620354076,-0.0002574583871112098,-0.3208810666424309,-2.1276658016818395,1.1108544529336355,-0.31518428374941865,0.11969970640218774,-0.015821744645941615,-0.19320337936814944,-2.0707334025125634,1.2205171557636654,-0.38536677991798113,0.16124008597627995,-0.09002256091343117,0.09000117304571391,0.09000117304571391,0.0,-1.3901796671488733,0.7274660297216762,0.00023855577663564826,-0.002978494392262282,0.12871686061342696,-3.5053682828950565,0,2.2248602512991984
23.549759999998848,-0.0019362974454672447,-1.9754746686736486,1.0002632410178252,-0.3098252326286026,0.1270738647631403,-0.00025640740186638034,0.8553273400150049,-1.7925523052352406,0.5512351292906064,-0.21154286432726394,0.04336355823962634,-0.04334869629966224,0.33063466762586885,-1.9315534360843942,0.88578094777524,-0.301039975506437,0.1036190306967169,-0.0665215561715585,0.09000117304571391,0.09000117304571391,0.0,-1.3774202077055655,0.720919651119231,0.00023755019119888247,-0.0030926760655263508,0.13131368918179465,-3.506872465123705,0,2.223467890028036
23.553919999998847,-0.0032508622536820677,-1.9749327960677674,1.0002621770154743,-0.3154955539715576,0.13004942541149017,-0.00025536056421139884,-0.05445284840994881,-1.7926130993964624,0.6742168505686303,-0.3063800186540579,0.017619832821866632,0.2354792035604528,0.137456416535216,-1.8620486376079766,0.7804877610121594,-0.3063365148539639,0.06206304289783837,0.0841938990792074,0.09000117304571391,0.09000117304571391,0.0,-1.364746826104645,0.7144171201633285,0.00023654813712752185,-0.0031995499528209488,0.13388644810267608,-3.508352290104494,0,2.2220488619010985
23.558079999998846,-0.004588826723566942,-1.9743786415178273,1.0002611173577105,-0.32111147277236995,0.13299709198561416,-0.000254317863323324,0.28989736401502675,-2.2053434553226534,0.5735344029774556,-0.4465725543947705,0.1423791982927693,-0.14458166535014189,0.2127538604853159,-2.033404978384278,0.6767095174284083,-0.37873503026309435,0.10350188772176176,-0.030472190112413564,0.09000117304571391,0.09000117304571391,0.0,-1.352159024293265,0.7079581848158454,0.0002355496227894713,-0.0032993781994719324,0.1364352633493107,-3.509808158239741,0,2.220603421519663
23.562239999998845,-0.005949965677683723,-1.9738123204869809,1.0002600620273427,-0.3266733489880273,0.1359170474031654,-0.0002532792882885465,-0.2694877141635225,-1.976385213696342,1.1699174097246483,-0.38688048364139266,0.05803703503736117,0.12408346285463434,-0.02916829535013402,-2.0047765009535,0.9235744178224521,-0.3860317857018559,0.08198372134245817,0.04707797877552162,0.09000117304571391,0.09000117304571391,0.0,-1.339656306381535,0.7015425941185109,0.00023455465620323942,-0.0033924152377618434,0.13896026192093439,-3.5112404633203504,0,2.219131821804493
23.566399999998843,-0.007334055430810865,-1.9732339476800478,1.0002590110072256,-0.33218154075051404,0.13880947366392865,-0.0002522448281045492,0.16707042976370562,-1.903761234091909,1.3267916604269425,-0.3501943579418508,0.13913747448510225,-0.11553182255118738,0.06823066371631954,-1.9539812317179512,1.124945714250973,-0.3712972601693906,0.1117460252288589,-0.03429174196993008,0.09000117304571391,0.09000117304571391,0.0,-1.3272381786427552,0.6951700981929951,0.00023356324482310276,-0.003478907988829908,0.14146157175711058,-3.512649592635119,0,2.2176343140043198
23.570559999998842,-0.008740873782352686,-1.9726436370473337,1.0002579642802603,-0.33763640437003695,0.14167455185136563,-0.00025121447168259016,-0.4606553416416487,-1.676258034859214,0.45701601456936347,-0.37307371014725416,0.13862336253356167,-0.01145621516863056,-0.1969866363656823,-1.8148306646885957,0.7909528491590582,-0.37477512693574977,0.1258115839363768,-0.023109690329622803,0.09000117304571391,0.09000117304571391,0.0,-1.314904149514819,0.6888404482424846,0.0002325753951094322,-0.003559096059863966,0.1439393216560324,-3.514035927078231,0,2.2161111477043076
23.57471999999884,-0.010170200008762469,-1.9720415017884412,1.0002569218293942,-0.3430382943383479,0.14451246213420985,-0.000250188207852216,0.23054714667418125,-1.9286214936678807,0.9029317524187048,-0.31772272600347057,0.27177259690738276,0.06660408036635057,0.01612852725895125,-1.8711651071097164,0.8470821642419433,-0.34920225766540863,0.20047086114304055,0.021479237216152604,0.09000117304571391,0.09000117304571391,0.0,-1.302653729601916,0.6825533965516517,0.00023159111381105147,-0.0036332119366731873,0.1463936411966247,-3.5153998412549785,0,2.214562570834503
23.57887999999884,-0.01162181485597982,-1.971427654356074,1.0002558836376219,-0.3483875633321642,0.1473233837681038,-0.00024916602536044133,0.359340352767792,-1.9022981105374523,0.978500087470247,-0.27122510367951475,0.09022825478627391,-0.04443028155466087,0.18717868747020877,-1.8865471014843997,0.9126978566804635,-0.3130970392737064,0.14677361720966756,-0.01061778031371079,0.09000117304571391,0.09000117304571391,0.0,-1.2904864316740907,0.6763086964872553,0.0002306104066815461,-0.003701481171727811,0.14882466066428218,-3.5167417035857342,0,2.2129888296782716
23.58303999999884,-0.013095500531882636,-1.9708022064598354,1.0002548496879848,-0.35368456221667605,0.1501074950972811,-0.0002481479128763094,-0.39730251557966245,-2.2381647931893864,1.0920097755423197,-0.5224003888847613,0.2427412374937495,0.06545369761108165,-0.10614704191726275,-2.0618580245893385,1.002491306855895,-0.4203989866204725,0.19692059445890117,0.027367783351167622,0.09000117304571391,0.09000117304571391,0.0,-1.2784017706687036,0.6701061024989508,0.00022963327933328147,-0.003764122567753406,0.15123251098008453,-3.518061876408204,0,2.21139016888072
23.587199999998838,-0.014591040698754087,-1.9701652690700175,1.0002538199635724,-0.3589296400491483,0.15286497355629408,-0.0002471338589919118,0.019732897638247482,-1.9409530463679319,0.7185794951847689,-0.3506716084301103,-0.007427638800004216,-0.004295516005413517,-0.043930552101897696,-2.0014219088347707,0.8605240963923215,-0.38795641599118974,0.09561069162986727,0.011722518085341277,0.09000117304571391,0.09000117304571391,0.0,-1.2663992636899581,0.6639453701191287,0.00022865973659489053,-0.003821348356965966,0.15361732363333921,-3.5193607160779923,0,2.209766831457095
23.591359999998836,-0.016108220465764947,-1.9695169524213851,1.0002527944475215,-0.3641231440826067,0.1555959956717828,-0.00024612385222611184,-0.35775064920525224,-2.2315643364411555,0.9368739617845716,-0.3970613167346255,-0.03202036613196571,-0.10497470130691573,-0.20166429158730934,-2.1165632064752433,0.8984822357686072,-0.39461483211803666,0.03270345258273827,-0.04710751367638546,0.09000117304571391,0.09000117304571391,0.0,-1.2544784300098006,0.6578262559634969,0.00022768978336595858,-0.0038733643760332373,0.15597923061730593,-3.5206385730675014,0,2.208119058801177
23.595519999998835,-0.01764682638147167,-1.9688573660169506,1.0002517731230172,-0.36926541976961386,0.15830073706428804,-0.0002451178810246906,-0.30141134061738495,-1.8087981997829146,0.37417230586189076,-0.3518523637291345,0.019723214967736408,0.020702279430444663,-0.2522643408127823,-1.9626392953333114,0.6363680429743994,-0.3761290249899744,0.027065005675766373,-0.013870931391234327,0.09000117304571391,0.09000117304571391,0.0,-1.2426387910672019,0.6517485177311182,0.0002267234235468357,-0.003920370236847081,0.15831836436796526,-3.5218957920631997,0,2.206447090693647
23.599679999998834,-0.01920664642633053,-1.9681866186317418,1.0002507559732932,-0.3743568107661262,0.16097937245010566,-0.000244115933764998,-0.3400476279989762,-1.9583651708727443,0.7553565983817409,-0.5264797886449625,0.23616327831351402,-0.010565926515534924,-0.2972462796927792,-1.9600140572393179,0.6958407904152917,-0.4538824657514941,0.13307538866640653,-0.012033006406683823,0.09000117304571391,0.09000117304571391,0.0,-1.23087987046849,0.6457119142044433,0.00022576066089265482,-0.0039625594931911815,0.16063485770569816,-3.5231327120612796,0,2.2047511653104412
23.603839999998833,-0.02078747000522818,-1.967504818316562,1.0002497429816317,-0.3793976589354365,0.1636320756431822,-0.000243117998757031,-0.3597955293140832,-2.3016022880632647,0.9416146047502518,-0.32112740270257023,0.12034678400819981,0.10869733168390322,-0.3291846384788596,-2.1305618690403563,0.8189549252095035,-0.38974420839293544,0.12749275092461634,0.0486030621410662,0.09000117304571391,0.09000117304571391,0.0,-1.2192011939862808,0.6397162052493327,0.0002248014987991611,-0.004000119803387001,0.16292884377974964,-3.524349666461735,0,2.203031519231086
23.60799999999883,-0.022389087940028987,-1.966812072401741,1.000248734131364,-0.38438830435219334,0.16625901955705108,-0.00024212406424544732,-0.12841244703995067,-2.1888109607904753,1.5839013163721853,-0.43073556793487733,0.11334810717015778,-0.08709286049610522,-0.22968763792101352,-2.159454229024393,1.201250107596186,-0.41284214475439107,0.1219442788060891,-0.01817102531110173,0.09000117304571391,0.09000117304571391,0.0,-1.2076022895595635,0.6337611518147526,0.00022384594030204605,-0.004033233089000648,0.16520045601535432,-3.525546983160883,0,2.201288387447017
23.61215999999883,-0.024011292462139417,-1.9661084875008794,1.0002477294058705,-0.389329085306503,0.16886037620680774,-0.0002411341184115232,0.07425592241432487,-1.9909672603853619,0.942202636696373,-0.6337215152539503,0.19240862694620114,0.16346622823412846,-0.079026269257725,-2.0748117314296164,1.0720650418402966,-0.5259526726928122,0.15831155421450144,0.07240643675119636,0.09000117304571391,0.09000117304571391,0.0,-1.19608268729249,0.6278465159327821,0.0002228939876479396,-0.0040620756896915106,0.16744982806340797,-3.5267249846423567,0,2.1995220033698777
23.61631999999883,-0.025653877205089857,-1.9653941695145831,1.0002467287885815,-0.3942203383081058,0.17143631671112466,-0.00024014814937697477,0.14286955349335762,-1.5663270793957926,0.7329350171100226,-0.2336762445943683,0.3075392075687371,0.06083812166502342,0.031443005856407566,-1.8199306541828426,0.9026249201820971,-0.3826464513972927,0.23506973554725047,0.06627573817813225,0.09000117304571391,0.09000117304571391,0.0,-1.1846419194533593,0.6219720607182915,0.00022194564293492446,-0.004086818514283429,0.1696770937525729,-3.5278839880665926,0,2.1977325988398
23.620479999998828,-0.02731663719713414,-1.9646692236341903,1.0002457322629765,-0.39906239809062777,0.1739870112943044,-0.00023916614520506918,-0.052137552053309374,-1.6761648289934399,0.6967867470618784,-0.3300366895424939,0.11996911538242855,0.015385103089617448,-0.011028849397577492,-1.7477989481470144,0.7997364282101435,-0.3589776480928102,0.17836576857504519,0.040817150105049486,0.09000117304571391,0.09000117304571391,0.0,-1.1732795204739053,0.6161375503683986,0.0002210009081125351,-0.004107627188137824,0.17188238704371034,-3.529024305358841,0,2.1959204041336653
23.624639999998827,-0.028999368853867086,-1.9639337543454887,1.0002447398125853,-0.4038555976159072,0.17651262928836944,-0.00023818809390175843,0.1652613245818664,-1.9331039886193928,0.9390069720751001,-0.4241296791409586,0.15363837388797189,-0.09724580557264567,0.07623965619934034,-1.840135848319643,0.8691713017945092,-0.39364710261748886,0.167276243965247,-0.028636108456143155,0.09000117304571391,0.09000117304571391,0.0,-1.1619950269476047,0.6103427501620238,0.000220059784553417,-0.004124662196906745,0.17406584198653796,-3.5301462432957176,0,2.1940856479733464
23.628799999998826,-0.030701869970860385,-1.9631878654324253,1.0002437514209876,-0.40860026807839156,0.1790133391351887,-0.00023721398341858605,-0.41929372914468516,-2.3699071404589986,1.2250291106758244,-0.34763440795045625,0.34915516568704486,-0.01696493275224236,-0.17224808144395923,-2.104302597154125,1.0470679079608067,-0.3732844427303515,0.25994867853926634,-0.023040811925769893,0.09000117304571391,0.09000117304571391,0.0,-1.1507879776285017,0.6045874264596488,0.0002191222732661651,-0.004138079026743217,0.17622759267841362,-3.5312501035903274,0,2.1922285575339293
23.632959999998825,-0.032423939716317074,-1.962431659980806,1.0002427670718141,-0.413296738909605,0.18148930838864125,-0.0002362438016547331,-0.22694099238244506,-2.0591108503527966,1.1758247494173664,-0.33235637630885984,0.0028264653333157364,0.171117983550888,-0.20028183186184306,-2.081703828057496,1.1118016575805274,-0.35492878526198296,0.13299054779308056,0.07474381500537347,0.09000117304571391,0.09000117304571391,0.0,-1.1396579134294789,0.5988713467023196,0.00021818837446631648,-0.004148028301045378,0.17836777322515235,-3.5323361829759796,0,2.190349358451916
23.637119999998824,-0.03416537862374493,-1.961665240381986,1.0002417867487456,-0.41794533778268445,0.18394070371681362,-0.0002352775364608255,0.07800390515564296,-1.6746515356494784,1.0915497402669778,-0.41158729566730534,0.10973266064730826,0.06366936454431021,-0.06198764059394302,-1.877949198463198,1.101807204757388,-0.38588221692959734,0.12261600711061459,0.06958373587143803,0.09000117304571391,0.09000117304571391,0.0,-1.1286043774205097,0.5931942794108532,0.00021725808885937517,-0.004154655913808823,0.18048651770378638,-3.5334047732885194,0,2.1884482748334033
23.641279999998822,-0.035925988584649016,-1.9608887083365518,1.0002408104355138,-0.42254639061698196,0.18636769090423105,-0.00023431517563741525,0.027133041728159474,-2.3152737547058098,0.9034316862240339,-0.41081640298955446,0.28225000834154856,-0.05283084100994753,-0.018276821930046698,-2.0960310763096377,1.0025081084832432,-0.4004345691301449,0.20415926691996025,0.008414220668016146,0.09000117304571391,0.09000117304571391,0.0,-1.1176269148268934,0.5875559941854633,0.00021633141635778717,-0.004158103159661518,0.18258396012718217,-3.534456161547296,0,2.186525529262245
23.64543999999882,-0.037705572841243734,-1.960102164857993,1.0002398381159017,-0.4271002215827331,0.18877043485412412,-0.00023335670693879648,-0.08348113418076039,-2.2444488143286083,1.4891689394101675,-0.6430248771168806,0.21632086079501253,0.0835862527653569,-0.05221128036444045,-2.1697938756697757,1.2460159642140571,-0.5244198642540469,0.21160144679667342,0.0459098891503699,0.09000117304571391,0.09000117304571391,0.0,-1.1067250730267202,0.581956261704735,0.0002154083562931129,-0.004158506860653882,0.1846602344104324,-3.5354906300347952,0,2.184581342808191
23.64959999999882,-0.039503935979184515,-1.959305710276365,1.000238869773743,-0.4316071531057869,0.19114909959072757,-0.0002324021180759342,-0.5493677524574484,-1.8657746833927893,1.001222837172359,-0.453248474250192,-0.02571736610504452,-0.011730090625925806,-0.30173089493345817,-2.0178373094805124,1.1235930546623671,-0.4911678790318711,0.09375827602814057,0.017206511034208186,0.09000117304571391,0.09000117304571391,0.0,-1.0958984015492794,0.5763948537243762,0.00021448890827137682,-0.0041559994898759025,0.18671547433894362,-3.5365084563749534,0,2.1826159350350025
23.65375999999882,-0.04132088392031952,-1.9584994442419414,1.0002379053929233,-0.4360675058724005,0.19350384826160982,-0.0002314513967158419,0.20647033631005426,-1.6910778089410026,1.1491151761439968,-0.431810336075985,0.11129563192230751,0.06168297167647419,-0.04852247567004306,-1.8542270602456925,1.136482490665582,-0.4626471272938558,0.1041025963041618,0.03949099543555665,0.09000117304571391,0.09000117304571391,0.0,-1.0851464520724878,0.5708715430768145,0.00021357307088937672,-0.004150709291971132,0.1887498135381449,-3.5375099136101764,0,2.1806295240085527
23.657919999998818,-0.043156223915461575,-1.957683465728858,1.0002369449573796,-0.44048159883409316,0.19583484314003663,-0.00023050453048630942,-0.2829160736883708,-2.1546049687096724,1.0095436198805356,-0.5153877612595311,0.18923187536187766,0.017082843429912217,-0.1667875720476758,-2.004026092874037,1.073047219800976,-0.49157901918242325,0.14741828919622552,0.02851869187429115,0.09000117304571391,0.09000117304571391,0.0,-1.0744687784200813,0.5653861036695024,0.00021266084301704217,-0.0041427604006176455,0.19076338544474503,-3.5384952702770853,0,2.178622326304893
23.662079999998817,-0.045009764537180565,-1.956857873038744,1.0002359884511005,-0.44484974921255804,0.19814224562736255,-0.00022956150697524052,0.22069945158186557,-2.257416769021593,1.4269004434764496,-0.3884201638501289,0.14885348008226523,0.13842290026527276,0.02615631727311696,-2.130416513939009,1.250262671677354,-0.44268383481751106,0.14954022242227352,0.08420985356198041,0.09000117304571391,0.09000117304571391,0.0,-1.063864936559429,0.5599383104839594,0.00021175222272791408,-0.004132272953043273,0.19275632327946846,-3.5394647904810106,0,2.1765945570183134
23.666239999998815,-0.04688131567261654,-1.9560227638043464,1.0002350358581267,-0.4491722725046334,0.20042621625545334,-0.00022862231373451243,0.5217129782633132,-2.080883102477345,0.5532286022646342,-0.5409499569922883,0.3183484105992981,0.03220428837129618,0.2728169225264772,-2.1049890915988696,0.9018097654444718,-0.49371822045711095,0.23479201468416486,0.05723815626063222,0.09000117304571391,0.09000117304571391,0.0,-1.05333448459858,0.554527939574698,0.00021084720815382882,-0.004119363201642535,0.19472876002120532,-3.540418733969252,0,2.1745464297693635
23.670399999998814,-0.04877068851631374,-1.9551782349931417,1.0002340871625506,-0.4534494824873288,0.20268691468913813,-0.00022768693828024227,0.008824489363003465,-1.8110919603973434,1.3357980848074087,-0.44422737703505966,0.2539243923855982,0.19391942342694582,0.13989991238908875,-1.95751278807654,1.1192091119917331,-0.47139637696079045,0.24554655394104666,0.12614547010220686,0.09000117304571391,0.09000117304571391,0.0,-1.0428769827830713,0.5491547680678195,0.0002099457970572428,-0.00410414362276082,0.19668082838251122,-3.5413573562031297,0,2.1724781567128617
23.674559999998813,-0.050677695563075845,-1.954324382910939,1.000233142348517,-0.45768169122290514,0.20492449972868956,-0.00022675536809478524,0.24282486885223464,-2.2966269080193227,1.322159715292517,-0.4059671587269872,0.28652060146513325,-0.14272120194386292,0.19052343184652273,-2.1264771917357645,1.2203885299808865,-0.4409559319941014,0.2664758515953832,-0.008055313212839744,0.09000117304571391,0.09000117304571391,0.0,-1.0324919934935752,0.5438185741595982,0.00020904798683056677,-0.004086723022710639,0.19861266078639642,-3.542280908428843,0,2.170389948545878
23.678719999998812,-0.05260215060084255,-1.9534613032054708,1.0002322014002225,-0.4618692090640099,0.20713912931233155,-0.00022582759062882501,-0.2374990819150943,-2.2309927670948153,0.8189401742768712,-0.4433067819382131,0.1565279943882224,-0.04740734532842502,-0.02440901858992493,-2.178412824816515,1.0195624601590578,-0.44399047432290517,0.21280131841446648,-0.027499479435233853,0.09000117304571391,0.09000117304571391,0.0,-1.0221790812421312,0.5385191371150566,0.00020815377470966977,-0.004067206641082984,0.2005243893443472,-3.543189637747156,0,2.1682820145156922
23.68287999999881,-0.05454386870358781,-1.952589090869976,1.0002312643019171,-0.4660123446588623,0.20933096051877415,-0.0002249035933025008,-0.2390723923005526,-1.46531186130916,0.6455385277359005,-0.5423135857692455,0.28758076815931927,0.1291496916702118,-0.13286627654143052,-1.8212627732695925,0.8328151710442355,-0.49503421778832,0.2519075348648959,0.05145617069898492,0.09000117304571391,0.09000117304571391,0.0,-1.011937812668894,0.5332562372666352,0.0002072631571313681,-0.004045696251416279,0.2024161458355233,-3.5440837871819313,0,2.1661545624277294
23.68703999999881,-0.05650266622423984,-1.9517078402467685,1.0002303310379026,-0.47011140495648845,0.21150014956977528,-0.00022398336350923424,0.08132860253117417,-1.7679561771755177,0.7766395530879275,-0.27667622816087917,0.3267160982781923,-0.11549991079430329,-0.026337318471623284,-1.7939304436236962,0.8044859803215035,-0.38851294055585184,0.28974045028027323,-0.03164949848023276,0.09000117304571391,0.09000117304571391,0.0,-1.001767756539179,0.5280296560124269,0.0002063761310164495,-0.004022290259283991,0.20428806168707864,-3.544963595747533,0,2.1640077986534716
23.69119999999881,-0.05847836078762321,-1.9508176450307988,1.0002294015925333,-0.47416669521200755,0.2136468518327276,-0.0002230668886142099,-0.3292198219430341,-2.0136168893264057,0.6833356263818193,-0.45384467928163924,0.1982366548597686,0.11710361197633859,-0.17872029238016898,-1.9033649061490425,0.7441537582936614,-0.42328116152891593,0.24496997558388067,0.042606663629668876,0.09000117304571391,0.09000117304571391,0.0,-0.9916684837396305,0.5228391758146117,0.00020549269291498986,-0.003997083797860764,0.2061402679555549,-3.545829298515111,0,2.1618419281383456
23.695359999998807,-0.06047077128342306,-1.949918598273202,1.0002284759502167,-0.47817851899196423,0.2157712218232704,-0.00022215415595640335,-0.09623512715664265,-1.2999417375845363,1.0537352266635058,-0.45515728053548127,0.19306808869692274,-0.04860281765586953,-0.1384198688239098,-1.6012489496299784,0.8988451055787461,-0.4411297843944424,0.21970813000462605,-0.0027706965187583683,0.09000117304571391,0.09000117304571391,0.0,-0.9816395672742633,0.5176845801977747,0.00020461283836317528,-0.003970168821025613,0.20797289530929952,-3.5466811266777922,0,2.1596571544095844
23.699519999998806,-0.062479717859171835,-1.9490107923848357,1.000227554095413,-0.48214717817970626,0.2178734132079259,-0.0002212451528532929,-1.1894574848455128,-1.9295457109079173,0.5112052456724866,-0.5435381706371315,0.15094378773998895,0.0037309562497105033,-0.6650724811578171,-1.7650871787385234,0.7050319696290159,-0.4942959109977045,0.18605637666496488,-0.00035993788138372073,0.09000117304571391,0.09000117304571391,0.0,-0.9716805822616539,0.5125656537472139,0.00020373656337983144,-0.003941634194060335,0.20978607401186097,-3.5475193076147913,0,2.157453679584068
23.703679999998805,-0.06450502191325855,-1.9480943191398075,1.0002266360126355,-0.48607297298081076,0.21995357880675942,-0.00022033986659932074,0.1740393445294813,-2.5103242794895073,1.6258335316996546,-0.5603872358561173,0.2658066540568893,-0.03158115190480084,-0.24667351176386548,-2.1371591987756307,1.1653725521240537,-0.5286711945020699,0.22646734376340447,-0.01550984732471008,0.09000117304571391,0.09000117304571391,0.0,-0.9617911059296544,0.5074821821070222,0.0002028638636117396,-0.003911565781999119,0.2115799339063184,-3.5483440649544624,0,2.155231704376133
23.707839999998804,-0.06654650608796084,-1.9471692696789906,1.0002257216864503,-0.48995620192854833,0.22201187059606228,-0.00021943828446793895,-0.6598089680551645,-1.8650132836626339,0.9170476361244568,-0.6028262191770741,0.1931718081012838,0.05982686514207954,-0.45449407832643657,-2.0006850053360936,1.041332658098444,-0.5676257098386714,0.21100465906730886,0.022219328917668337,0.09000117304571391,0.09000117304571391,0.0,-0.9519707176128609,0.5024339519785865,0.0002019947341188002,-0.0038800465356851016,0.21335460440050147,-3.549155618636309,0,2.152991428105366
23.711999999998802,-0.06860399426249998,-1.946235734513528,1.0002248111014764,-0.4937971618893958,0.22404843971105834,-0.00021854039371450745,-0.3793811149353459,-1.6752045626356087,0.779106275905379,-0.46595888453388185,0.15530822273751832,0.053032891345531366,-0.4179022663303226,-1.837621626455849,0.910327347632866,-0.5187152358265521,0.1841969777683749,0.03790846418120583,0.09000117304571391,0.09000117304571391,0.0,-0.9422189987474938,0.49742075111800654,0.00020112917044355324,-0.0038471565755880685,0.21511021445306155,-3.5499541849719662,0,2.150733048704361
23.7161599999988,-0.07067731154611909,-1.9452938035283254,1.0002239042423866,-0.49759614806858565,0.22606343644862975,-0.00021764618157477596,0.2560681787583359,-2.152220485469036,0.8439992078758143,-0.6195474539868268,0.2598136938845544,0.015438940240348377,-0.08219812205367334,-1.994383119340276,0.8771958582321074,-0.570493501746577,0.22212883108376,0.026226969821866463,0.09000117304571391,0.09000117304571391,0.0,-0.9325355328678593,0.49244236833478405,0.00020026716689981207,-0.0038129732734361187,0.21684689256035417,-3.550739976705175,0,2.148456762726462
23.7203199999988,-0.07276628427118449,-1.9443435659855335,1.0002230010939064,-0.5013534540156981,0.22805701027006642,-0.0002167556352704487,0.045381600579077,-1.6525175886974413,0.7147322424363913,-0.41757220740721546,0.3033576870681714,-0.0001286211500000866,-0.019271044861128173,-1.8228220824029153,0.7959626673615824,-0.4963800752165948,0.2651882849508421,0.013040574524951075,0.09000117304571391,0.09000117304571391,0.0,-0.9229199056011834,0.4874985934894337,0.0001994087184968681,-0.0037775713317139874,0.21856476674409664,-3.551513203070765,0,2.146162765353471
23.7244799999988,-0.07487073998631069,-1.9433851105280175,1.0002221016408146,-0.5050693716302883,0.23002930980383465,-0.00021586874200675484,0.576562983344621,-1.9976959416000442,1.0751024940791045,-0.44267338102466036,0.3920237861490421,0.0050578490962126165,0.2777333601178443,-1.9094469010002244,0.9355446350837244,-0.4714387445092386,0.3295900720782698,0.009251238072948788,0.09000117304571391,0.09000117304571391,0.0,-0.9133717046645615,0.4825892174915085,0.00019855381965713163,-0.003741022861078634,0.2202639645397644,-3.5522740698526625,0,2.143851250403338
23.728639999998798,-0.07699050744950885,-1.942418525182816,1.0002212058679438,-0.5087441911675569,0.23198048284836598,-0.00021498548897536245,-0.06428709502150305,-1.7789396546786826,0.9848174068225549,-0.5916490112907579,0.2269202357492939,0.01669294370777437,0.10549490701717512,-1.8437229362397103,0.9602159215690925,-0.5338348163639174,0.279492238751731,0.013050956041470156,0.09000117304571391,0.09000117304571391,0.0,-0.9038905198591038,0.47771403229750703,0.00019770246421479964,-0.003703397455741996,0.2219446129856932,-3.553022779440937,0,2.141522410337816
23.732799999998797,-0.07912541662135905,-1.9414438973645876,1.00022031376018,-0.5123782012440505,0.23391067637486557,-0.0002141058633572751,-0.025785369664638756,-2.0520552381632173,0.9465444295113392,-0.489309713033644,0.22269931611473073,0.1449329291234114,0.0388401804469024,-1.9474290277928505,0.953681302634112,-0.5135371049517307,0.2519124519646915,0.07909578551217555,0.09000117304571391,0.09000117304571391,0.0,-0.8944759430659823,0.4728728309085557,0.00019685464627120603,-0.0036647622668702856,0.22360683861285402,-3.5537595308879064,0,2.1391764362701
23.736959999998795,-0.08127529865820655,-1.9404613138790454,1.0002194253024619,-0.5159716888434014,0.23582003653013872,-0.00021322985232217565,0.4677914437022859,-1.8869132498799863,0.7020367335188629,-0.4354310331355669,0.2989295742751758,-0.000708034990790092,0.25241769834411737,-1.916551039967392,0.8278549295782467,-0.4766858032919561,0.2764226673243925,0.039610062731521026,0.09000117304571391,0.09000117304571391,0.0,-0.8851275682420257,0.4680654073683995,0.00019601035998198307,-0.003625182074047309,0.22525076743526984,-3.5544845199633115,0,2.1368135179724317
23.741119999998794,-0.08343998590538197,-1.939470860926381,1.0002185404797825,-0.5195249393221005,0.23770870863943652,-0.00021235744302862725,0.09756706663269062,-1.6856699738550445,0.7201768045204552,-0.6045830063615586,0.36918557537778635,-0.05729494916304319,0.17373712454464066,-1.800342033096077,0.7738966181571362,-0.5422325426408602,0.3232968244190097,-0.009161485700532542,0.09000117304571391,0.09000117304571391,0.0,-0.8758449914141153,0.46329155676084677,0.00019516959848687478,-0.003584719354848616,0.22687652494104502,-3.5551979392085817,0,2.1344338438836794
23.745279999998793,-0.08561931189044573,-1.9384726241046757,1.0002176592771883,-0.5230382364153018,0.23957683720931777,-0.00021148862262878205,-0.24485358341585667,-2.317028933426818,1.020295418890513,-0.42929401896276675,0.10138928374295669,0.017592169908186163,-0.03645060037363878,-2.0584807658825706,0.897133736650915,-0.4874424795721088,0.21358525069711412,0.0045008086071727064,0.09000117304571391,0.09000117304571391,0.0,-0.8666278106750529,0.45855107520784316,0.00019433235519209597,-0.0035434343525728475,0.22848423608397853,-3.5558999779901996,0,2.1320376011168958
23.749439999998792,-0.08781311131645682,-1.9374666884132985,1.000216781679779,-0.5265118622426598,0.24142456593052963,-0.00021062337826767384,-0.19677348274219197,-1.820560088329041,0.5166411688704813,-0.4393449576716248,0.18556924732083868,-0.058459840731093074,-0.11752475591168125,-1.9391341443752306,0.7067620165024947,-0.4644701344655927,0.20023334075542296,-0.026408579924730186,0.09000117304571391,0.09000117304571391,0.0,-0.8574756261782277,0.453843759866572,0.00019349862355749336,-0.0035013851421748614,0.23007402527573426,-3.556590822552184,0,2.129624975466841
23.75359999999879,-0.09002122005526597,-1.9364531382562948,1.0002159076727077,-0.5299460973141976,0.2432520376809026,-0.00020976169708345377,-0.1948607803703869,-1.6417657034089226,1.0806100422298002,-0.4490975264287466,0.3253916454151104,0.037697405072872135,-0.15712440378903855,-1.7897738177237763,0.8937664669149102,-0.4582346794467501,0.26414112280491286,0.005923020181229673,0.09000117304571391,0.09000117304571391,0.0,-0.848388040132688,0.44916940892761115,0.0001926683964547009,-0.003458627694444244,0.23164601637854237,-3.5572706560677063,0,2.1271961514174853
23.75775999999879,-0.09224347514083349,-1.9354320574457604,1.0002150372411818,-0.5333412205362043,0.24505939452826359,-0.0002089035662102643,-0.09692630055753051,-1.9368810140611417,0.8668224161338347,-0.48499243361655264,0.20850288522803967,-0.07800768512607219,-0.1280313732639908,-1.86289625093039,0.8801322323950085,-0.4727311464062492,0.23703989131388428,-0.03614905720929802,0.09000117304571391,0.09000117304571391,0.0,-0.8393646567978665,0.44452782161190224,0.0001918416668083183,-0.0034152159384727796,0.23320033269840712,-3.5579396586898513,0,2.1247513121494825
23.76191999999879,-0.09447971476257165,-1.9344035292052046,1.000214170370462,-0.5366975092171598,0.2468467777333622,-0.00020804897277844312,0.2730534540237415,-2.207245838962311,1.4873691917533607,-0.5192056275544769,0.263550620864254,-0.1416491578966024,0.07143617392292417,-2.0345273728113686,1.18346092479233,-0.49705188889302465,0.2513013484155848,-0.08917591166583169,0.09000117304571391,0.09000117304571391,0.0,-0.8304050824787099,0.43991879816877644,0.00019101842695406622,-0.0033712018224524784,0.23473709697879724,-3.558598007601539,0,2.122290639547614
23.766079999998787,-0.09672977825871203,-1.9333676361729013,1.0002133070458623,-0.54001523907369,0.24861432775281375,-0.0002071979039173956,-0.526240803906038,-1.9978653204237,0.9949050933206574,-0.6224693671737246,0.32160417785527906,0.06913872710116706,-0.2286986707538395,-2.015529512331941,1.0893256459162715,-0.5609761598997005,0.2875780328787977,-0.010100722011968297,0.09000117304571391,0.09000117304571391,0.0,-0.8215089255199268,0.4353421398732202,0.00019019866970830643,-0.0033266353728454287,0.23625643139479693,-3.5592458770646203,0,2.119814314208208
23.770239999998786,-0.09899350610969763,-1.932324460405226,1.000212447252751,-0.5432946842365451,0.25036218424205603,-0.00020635034675401884,-0.24625050335877519,-1.9574788272334096,0.537326207006791,-0.4817919779104595,0.43526675434489104,0.00999061824760954,-0.23847359620077177,-1.9856012913229169,0.8133429103720492,-0.5229407809963691,0.3627929117796281,-8.822855361720881e-05,0.09000117304571391,0.09000117304571391,0.0,-0.8126757963010676,0.4307976490229143,0.00018938238729918717,-0.0032815647519657968,0.23775845754769515,-3.5598834384681615,0,2.1173225154465323
23.774399999998785,-0.10127073993160016,-1.931274083379983,1.0002115909765492,-0.546536117256606,0.2520904860583182,-0.00020550628841556156,0.41077172232786097,-2.163413380257723,1.295365144231447,-0.5621008974631688,0.21430431620980323,-0.23052590482201166,0.08498824375951776,-2.074063345962481,1.0538777462589553,-0.5443412435597338,0.288804628699786,-0.11521210983519825,0.09000117304571391,0.09000117304571391,0.0,-0.8039053072306155,0.42628512893622283,0.00018856957200782325,-0.003236036314012593,0.23924329645999315,-3.5605108603759295,0,2.114815421304153
23.778559999998784,-0.10356132246956229,-1.930216585999718,1.0002107382027323,-0.5497398091109127,0.2537993712636054,-0.00020466571602981387,-0.3124127583296846,-1.658405278114579,1.82496142273333,-0.5844726810950275,0.34540186301992704,0.06191980858959488,-0.11492836726978325,-1.865515019321189,1.43955363597777,-0.5655377216766276,0.31808133319039794,-0.026592300537042948,0.09000117304571391,0.09000117304571391,0.0,-0.7951970727410176,0.4218043839492084,0.0001877602157406204,-0.0031900946595925473,0.24071106857080993,-3.5611283085730916,0,2.1122932085562733
23.782719999998783,-0.10586509759126528,-1.9291520485950193,1.0002098889168294,-0.5529060292087189,0.255488977127695,-0.00020382861672706433,-0.2185210969287494,-1.5524815220135544,0.985286020847566,-0.6245743620951624,0.5075675630808578,-0.056068976842289564,-0.16802063133485856,-1.7079418468695358,1.2123010838636634,-0.5969381785500958,0.41352992752751605,-0.041836527476011354,0.09000117304571391,0.09000117304571391,0.0,-0.7865507092821908,0.41735521941295417,0.00018695431002860958,-0.0031437826887701476,0.2421618937316679,-3.5617359461121425,0,2.10975605271904
23.78687999999878,-0.1081819102804218,-1.9280805509278063,1.0002090431044226,-0.5560350453975652,0.257159440131145,-0.00020299497764208742,0.08440990670138589,-2.23477421252771,0.9113965472598264,-0.6192902983531476,0.2755318601286652,0.14646821337287733,-0.04308886828770125,-1.97079073441732,1.06215163209431,-0.6094752338041313,0.34555740006549013,0.05217277090484081,0.09000117304571391,0.09000117304571391,0.0,-0.7779658353174628,0.41293744169076807,0.00018615184709763332,-0.003097141652681785,0.24359589120263925,-3.5623339333580715,0,2.107204128056823
23.79103999999878,-0.11051160663029422,-1.927002172194605,1.000208200751148,-0.5591271239693804,0.258810895968314,-0.00020216478591164578,-0.2984102468103351,-1.5582156354281766,0.12188982587177832,-0.5271087406886138,0.37316498403943416,-0.06443009569864998,-0.17184547141875756,-1.7637259375500423,0.5918816172357666,-0.569376052818633,0.3602306645098156,-0.006833054543902818,0.09000117304571391,0.09000117304571391,0.0,-0.76944207131564,0.4085508581554801,0.00018535281837181667,-0.0030502112037490013,0.24501317964883756,-3.5629224280327843,0,2.1046376075894635
23.79519999999878,-0.11285403383723835,-1.9259169910298115,1.000207361842695,-0.5621825296665941,0.2604434795503931,-0.000201338028678189,-0.16045760015185354,-2.135137012537792,0.7168603612959554,-0.3036017993460181,0.35810759415489274,-0.047919127035487424,-0.1667807463016716,-1.9486905781806003,0.6542724675919583,-0.43756026648644336,0.35982203298317195,-0.02750529691302148,0.09000117304571391,0.09000117304571391,0.0,-0.7609790397473246,0.4041952771868347,0.0001845572151140802,-0.0030030294445274903,0.24641387713723667,-3.5635015852587872,0,2.102056663099503
23.799359999998778,-0.11520904019427285,-1.924825085508943,1.000206526364807,-0.5652015256882783,0.2620573250084488,-0.00020051469309095296,0.20384255724487943,-1.3412776542443192,1.1905461252349958,-0.47571151123136385,0.49007514987239553,0.05346391569543631,0.017546037132754568,-1.6439621980604724,0.9225242769270819,-0.45759720227530737,0.4257453022330823,0.012962319867228865,0.09000117304571391,0.09000117304571391,0.0,-0.7525763650775725,0.39987050816833547,0.00018376502864031051,-0.002955632975224779,0.24779810113380216,-3.564071557602151,0,2.0994614651393717
23.803519999998777,-0.1175764750846741,-1.9237265331518745,1.0002056943032807,-0.5681843736963009,0.26365256569647577,-0.00019969476630610496,-0.08393350680753003,-2.1056981352087587,0.8026360916640098,-0.5553226246570704,0.20315995872906958,-0.06135523915449497,-0.03434615364960682,-1.8744131955830328,0.8624517148354187,-0.5080626304850341,0.31560393803233944,-0.024185245041780518,0.09000117304571391,0.09000117304571391,0.0,-0.7442336737608766,0.39557636148429187,0.00018297625010585622,-0.0029080569399206075,0.24916596850092015,-3.564632495114763,0,2.0968521830385582
23.807679999998776,-0.11995618897559703,-1.9226214109260642,1.0002048656439662,-0.5711313338215017,0.2652293341944586,-0.00019887823548781424,-0.35534455865985587,-1.7064658868829359,1.2122987943571693,-0.426961206807812,0.2949722783994388,0.06686728682219983,-0.19573184215835604,-1.7898271558900065,1.0375156822093283,-0.469357302210745,0.3064067113695662,0.021865292346561167,0.09000117304571391,0.09000117304571391,0.0,-0.7359505942345219,0.39131264851727887,0.00018219087050552762,-0.002860335071522461,0.2505175954951093,-3.56518454537588,0,2.094228984910746
23.811839999998774,-0.12234803341172153,-1.9215097952497666,1.000204040372767,-0.5740426646698819,0.26678776231144474,-0.00019806508780926548,0.144091159278448,-2.298858568791816,0.8045809155982534,-0.5459099963163032,0.1624997812108912,-0.026011741597271494,-0.026949465442101535,-2.044009919375721,0.9209922592761964,-0.5095400758873689,0.23517885912035602,-0.0019230225496029583,0.09000117304571391,0.09000117304571391,0.0,-0.7277267569130905,0.387079181645159,0.00018140888088776712,-0.0028124997354883794,0.251853097765002,-3.5657278535329953,0,2.0915920376609227
23.815999999998773,-0.12475186100892491,-1.9203917619952307,1.0002032184756402,-0.576918623328812,0.26832798108862643,-0.00019725531045283764,-0.07881652529773053,-1.5406132246892523,0.8857830765441951,-0.5063751557511803,0.19516984045067737,0.1807061552740566,-0.0539327663120652,-1.7919040409012845,0.9037628330908207,-0.5098030709195529,0.21610923805869234,0.08959721178066357,0.09000117304571391,0.09000117304571391,0.0,-0.7195617941817638,0.3828757742375546,0.00018063027192697463,-0.002764581972348649,0.2531725903495816,-3.566262562342027,0,2.088941506992459
23.820159999998772,-0.12716752544798013,-1.9192673864918872,1.000202399938596,-0.579759465373254,0.2698501208024286,-0.00019644889061203296,0.46281076464604,-1.9318711730193783,0.7112227035299581,-0.5652000398247027,0.2704286159082628,-0.15162110472397472,0.20327031829226636,-1.861327332837314,0.8071766275068782,-0.5390861444104799,0.24385693306609701,-0.031272500737541065,0.09000117304571391,0.09000117304571391,0.0,-0.7114553403908828,0.37870224065369806,0.0001798550343511823,-0.002716611539055615,0.2544761876766646,-3.566788812206846,0,2.0862775574141623
23.82431999999877,-0.12959488146828013,-1.9181367435295222,1.0002015847476982,-0.5825654448719985,0.27135431096760887,-0.00019564581549159747,-0.24110299497930898,-1.5515139757759802,0.933676485449432,-0.43411422551412626,0.16775602289475097,0.08293277086277383,-0.01981976150291107,-1.7060710731873843,0.8706006901115694,-0.4878721245604242,0.2065395471391625,0.025461860797354026,0.09000117304571391,0.09000117304571391,0.0,-0.7034070318489858,0.37455839623866616,0.0001790831587285504,-0.0026686169491930154,0.25576400356161355,-3.567306741218143,0,2.0836003522472977
23.82847999999877,-0.13203378486158812,-1.9169999073614374,1.0002007728890636,-0.5853368143939146,0.27284068034036174,-0.00019484607230857084,-0.3036631289165928,-1.8193726367548146,0.5501373174484423,-0.7026571368904702,0.30006880961004684,-0.07170679109982243,-0.16320170037842222,-1.762099671484003,0.7102173841562656,-0.5968075556288884,0.2538550396897778,-0.023006064547423283,0.09000117304571391,0.09000117304571391,0.0,-0.6954165068173164,0.370444057320669,0.00017831463525319624,-0.002620625512072467,0.257036151206272,-3.567816485191661,0,2.0809100536325835
23.83263999999877,-0.13448409246581403,-1.915856951707598,1.0001999643488624,-0.5880738250142151,0.274309356921432,-0.00019404964829419977,0.050551229860522684,-2.5746780084275946,0.8526013449692096,-0.7460537719602137,0.23631759710000094,0.02595811328272156,-0.05787376043141021,-2.167904638238243,0.7814640709751629,-0.6722622053165842,0.2458788989095199,0.0016085052738936232,0.09000117304571391,0.09000117304571391,0.0,-0.6874834055024879,0.36635904120789964,0.00017754945460121056,-0.00257266337074619,0.25829274319810813,-3.5683181777057893,0,2.0782068225371537
23.836799999998767,-0.13694566215881707,-1.914707949757768,1.000199159113318,-0.5907767263207291,0.27576046795923437,-0.00019325653069225923,-0.2099975126153606,-1.324041643174528,1.045686579811674,-0.6395266332592267,0.23621412181179388,-0.13185359359922727,-0.13526452290446278,-1.7454802845747337,0.9133027277158543,-0.6570384471443744,0.24314708335172425,-0.06502027205516121,0.09000117304571391,0.09000117304571391,0.0,-0.6796073700512595,0.36230316618558434,0.0001767876066476327,-0.002524755538963909,0.2595338915095585,-3.5688119501385365,0,2.075490818761495
23.840959999998766,-0.13941835285223453,-1.9135529741746304,1.0001983571687063,-0.5934457664201908,0.27719413995298064,-0.0001924667067627802,0.46003975438364636,-1.728142400953129,0.7147772308175248,-0.4588354968050806,0.38239603497226843,-0.17209801955519236,0.16143981826792295,-1.7360189865726103,0.8136794598553735,-0.5591043246116765,0.31427139717383984,-0.11798905961303899,0.09000117304571391,0.09000117304571391,0.0,-0.6717880445431497,0.35827625151237785,0.000176029081963646,-0.002476925937100389,0.2607597074975616,-3.5692979317038946,0,2.0727622009463533
23.845119999998765,-0.14190202448533676,-1.912392097096898,1.0001975585013572,-0.5960811919445351,0.2786104986558108,-0.00019168016377946995,0.3321614100460214,-1.9748530189831397,1.3289466495259696,-0.5564768539393469,0.20876350854436082,0.1095651453250664,0.24564671836650961,-1.855004181023406,1.0715446963035637,-0.5589280558499525,0.26187474856169335,-0.004295626781955767,0.09000117304571391,0.09000117304571391,0.0,-0.6640250749847314,0.35427811741781534,0.00017527387010587774,-0.002429197427080224,0.261970301903271,-3.5697762494875995,0,2.0700211265796122
23.849279999998764,-0.14439653801890845,-1.9112253901424066,1.000196763097653,-0.5986832480572063,0.2800096690779324,-0.0001908968890342844,-0.43682086447795965,-2.1755191670695804,1.889396872412122,-0.5908998842190989,0.1518048780197516,0.049089619971705106,-0.09681779778212886,-2.0149487059602005,1.4805783419848635,-0.5764051118345891,0.20710595205582524,0.022523532998882212,0.09000117304571391,0.09000117304571391,0.0,-0.6563181093024073,0.35030858509846796,0.0001745219611129288,-0.0023815918463260272,0.2631657848519403,-3.570247028482299,0,2.0672677520031386
23.853439999998763,-0.14690175542915626,-1.9100529244111992,1.0001959709440287,-0.6012521784594717,0.28139177548976274,-0.00019011686983577274,-0.6421609371399507,-2.50268540911158,0.9249331002033014,-0.5597670451710512,0.4343649548675062,-0.06295400492584807,-0.37065426702666115,-2.257919050280808,1.202620259670409,-0.5696333361939734,0.3217048372417517,-0.01990645102581365,0.09000117304571391,0.09000117304571391,0.0,-0.648666797336332,0.34636747671536827,0.00017377334507903057,-0.0023341300407544903,0.2643462658529707,-3.5707103916221414,0,2.064502232419604
23.85759999999876,-0.1494175397016427,-1.9088747704885947,1.0001951820269723,-0.6037882253967466,0.2827569414250785,-0.00018934009350917702,-0.2075471480555134,-1.6143115099355065,1.0365550777409245,-0.5960820389106481,0.3987028857851968,-0.05205215474375384,-0.2903381578245387,-1.9352836802961162,1.1194775880700403,-0.5834530346366921,0.36125399725686724,-0.0356639176643563,0.09000117304571391,0.09000117304571391,0.0,-0.6410707908337745,0.3424546153902468,0.00017302801172637018,-0.002286831896845865,0.2655118538001126,-3.5711664598167903,0,2.0617247218992745
23.86175999999876,-0.15194375482524655,-1.907690998448244,1.0001943963330249,-0.6062916296649264,0.28410528968416765,-0.00018856654739829565,-0.2528892126080716,-2.2068142168667544,0.5449498406664071,-0.5950418054690393,0.400736417212355,0.03860598453396801,-0.27284718234539856,-2.070219719346259,0.832290958708917,-0.5911269725220802,0.38214227477457335,0.0010021444444976062,0.09000117304571391,0.09000117304571391,0.0,-0.6335297434421343,0.3385698252027176,0.00017228595040442464,-0.0022397163728097086,0.266662656971814,-3.571615351984877,0,2.058935373386769
23.86591999999876,-0.15448026578614957,-1.906501677855173,1.0001936138487797,-0.6087626306167239,0.28543694233698774,-0.00018779621886739359,-0.14573405529224226,-2.4534238886097945,0.9490383761564871,-0.5262739964406185,0.20601378444710194,-0.005230900297114365,-0.21038374660332354,-2.26139715487088,0.8906540759068052,-0.5590014728139533,0.29465289056307487,-0.001859931466934533,0.09000117304571391,0.09000117304571391,0.0,-0.6260433107027852,0.3347129311864885,0.0001715471509459764,-0.0021928015288713134,0.2677987830317084,-3.5720571850868996,0,2.0561343387077917
23.870079999998758,-0.15702693856184963,-1.9053068777688134,1.0001928345608826,-0.6112014661680143,0.28675202072632566,-0.00018702909529948398,-0.07911020782889115,-1.7355847676433305,0.9680207088549618,-0.6876955894673213,0.3149778661567099,0.03974433239211891,-0.14617565877809896,-1.9978355283172655,0.9294206899463705,-0.6237185519432071,0.3064447024456394,0.018896676764122926,0.09000117304571391,0.09000117304571391,0.0,-0.618611150043824,0.3308837593266265,0.00017081160302660032,-0.0021461045567008454,0.2689203390292344,-3.572492074157579,0,2.0533217685758345
23.874239999998757,-0.1595836401152004,-1.9041066667460176,1.0001920584560322,-0.6136083728041855,0.28805064547096343,-0.0001862651640973403,-0.5546085049971662,-1.785340737893551,0.8105641359566929,-0.6837863039941997,0.3119307846785795,0.04447928991140406,-0.35181521446891806,-1.8909379104123278,0.8700830603308511,-0.6547011374821197,0.30922162249538665,0.03218475926576145,0.09000117304571391,0.09000117304571391,0.0,-0.6112329207738627,0.3270821365557426,0.00017007929573632254,-0.0020996418080081736,0.27002743140038055,-3.5729201323376776,0,2.0504978125988482
23.878399999998756,-0.16215023838847745,-1.902901112844064,1.0001912855209794,-0.6159835855864928,0.28933293646884484,-0.00018550441268622272,-0.26908422185032327,-2.404614559222149,1.1355757754012792,-0.7375997764758179,0.3074248055715923,0.09212916098945717,-0.31198015831486653,-2.147140891799689,1.0030213772756194,-0.6976679644088726,0.3085623935900913,0.06288608652566273,0.09000117304571391,0.09000117304571391,0.0,-0.6039082840745091,0.32330789075101696,0.0001693502186491413,-0.0020534288223245127,0.2711201659685496,-3.573341470905292,0,2.0476626192858847
23.882559999998755,-0.16472660229747085,-1.9016902836236464,1.0001905157425273,-0.618327338158417,0.29059901290024687,-0.00018474682851219763,-0.5303533672367011,-1.8808060462183722,0.4992515059476621,-0.5016174213822362,0.3593149637425893,0.04927678637116161,-0.42220928725235607,-2.013224994841177,0.7512353088984463,-0.6007867554337122,0.33429806499478976,0.05613129102263259,0.09000117304571391,0.09000117304571391,0.0,-0.596636902994107,0.3195608507305707,0.0001686243609683426,-0.002007480353992776,0.27219864794553394,-3.5737561993066307,0,2.0448163360537115
23.886719999998753,-0.1673126017256043,-1.900474246151851,1.0001897491075313,-0.6206398627520271,0.2918489932309521,-0.00018399239904395723,0.10685415176871671,-1.8198181839628476,0.8612882801906531,-0.6002809881514057,0.3080731055434904,0.08720916234370074,-0.1589195265568121,-1.9158801251488446,0.806443977424025,-0.6019312430446774,0.32151048238097046,0.07165849321583677,0.09000117304571391,0.09000117304571391,0.0,-0.5894184424410192,0.31584084625014397,0.00016790171195417533,-0.001961810398386694,0.27326298193259935,-3.574164425186278,0,2.041959109233395
23.890879999998752,-0.16990810751808075,-1.89925306700512,1.000188985602899,-0.6229213901943467,0.2930829952154236,-0.00018324111177293488,-0.02230244711248147,-1.738550766015778,0.9243769367855835,-0.709325762600678,0.4177033810420827,0.027173310556204318,-0.09208222629083612,-1.826348084698655,0.8654688801312356,-0.6571514178179384,0.3708946376035543,0.04890035896082964,0.09000117304571391,0.09000117304571391,0.0,-0.5822525691759233,0.312147707999869,0.00016718226092451787,-0.0019164322173790805,0.274313271921669,-3.574566254416961,0,2.0390910840768557
23.89503999999875,-0.1725129914760546,-1.8980268122722035,1.0001882252155898,-0.6251721499137194,0.2943011358999825,-0.0001824929542133442,-0.13627492508451794,-2.7487911410372066,1.0676868533254829,-0.5557805885728929,0.14699746353038087,0.008815076778416607,-0.11533329044651958,-2.287270708067735,0.9665991655319319,-0.6072427554073777,0.25914831909843306,0.028115618112334952,0.09000117304571391,0.09000117304571391,0.0,-0.5751389518057923,0.3084812676008153,0.00016646599661303176,-0.0018713583640793275,0.2753496212966029,-3.574961791128825,0,2.0362124047633894
23.89919999999875,-0.17512712635083033,-1.8967955475570952,1.0001874679326153,-0.6273923699461798,0.2955035316259869,-0.0001817479139049129,-0.20143500375853907,-2.402445616460996,1.2218979060246562,-0.714195858567347,0.3138348154480189,-0.005442917325128843,-0.15986822320132787,-2.344207729724165,1.0942396277151865,-0.6616900020908985,0.28722317485372795,0.01103720647023832,0.09000117304571391,0.09000117304571391,0.0,-0.5680772607762434,0.3048413576012009,0.00016575290845285344,-0.0018266007068590074,0.27637213283456863,-3.5753511377382194,0,2.033323214406169
23.90335999999875,-0.17775038583808792,-1.8955593379819577,1.0001867137410385,-0.6295822769418217,0.2966902980330101,-0.00018100597841027612,0.033224015621803854,-1.8769465992476309,1.290059761370627,-0.6503010618438243,0.28365430719009554,0.012178908520478487,-0.06467120511372006,-2.1099850033460923,1.1921761228017704,-0.6570323666882891,0.2859684750734552,0.011739620931249013,0.09000117304571391,0.09000117304571391,0.0,-0.5610671683649298,0.30122781147355326,0.000165042985294235,-0.0017821704526842187,0.2773809087074971,-3.575734394976012,0,2.0304236550587023
23.907519999998748,-0.18038264457213446,-1.8943182481900327,1.0001859626279748,-0.6317420961711699,0.29786155006202286,-0.00018026713531769437,0.1518814794326405,-1.769133552765076,0.9438683306539654,-0.22275993223937363,0.3838621799323641,-0.14413110704960683,0.04314566043846127,-1.9387594320378954,1.067721340184249,-0.44105012230049834,0.33537126628535874,-0.0664932614148857,0.09000117304571391,0.09000117304571391,0.0,-0.5541083486747993,0.29764046361067975,0.00016433621583155354,-0.0017380781697734554,0.27837605048362,-3.576111661915434,0,2.027513867721276
23.911679999998746,-0.18302377812018258,-1.8930723423485387,1.0001852145805905,-0.6338720515315516,0.29901740195857346,-0.00017953137224197628,-0.2815727530551554,-2.145944080607331,0.5170259609212021,-0.7752857464882607,0.2752822052679414,-0.09169499745427692,-0.12082644832467225,-2.0417829597746815,0.7921798023120025,-0.6090803236546253,0.30645220837510384,-0.07944264730911639,0.09000117304571391,0.09000117304571391,0.0,-0.547200477625831,0.29407914932258805,0.0001636325892458222,-0.0016943338095980172,0.2793576591290835,-3.576483035999463,0,2.024593992347355
23.915839999998745,-0.18567366297665533,-1.8918216841515556,1.0001844695861037,-0.6359723655534621,0.30015796727596994,-0.00017879867682277264,-0.13780049922066623,-1.3673473170679387,0.8718234221090102,-0.647829531636323,0.4580180553849981,-0.20531071055393385,-0.13065969514953502,-1.7036105126998433,0.8315752698677065,-0.6291082943409686,0.3835515132753539,-0.1424362560493802,0.09000117304571391,0.09000117304571391,0.0,-0.5403432329499493,0.2905437048327517,0.00016293209435000672,-0.0016509467282435036,0.2803258350096339,-3.5768486130677553,0,2.0216641678499654
23.919999999998744,-0.18833217655751758,-1.8905663368228953,1.000183727631784,-0.6380432594069387,0.3012833588784612,-0.0001780690367263611,-0.31437125909755126,-2.292975176001554,1.0886096782800467,-0.5639430109346288,0.15876479439047456,-0.1360988706093215,-0.22368867124833325,-1.997967797902098,0.9598115503229755,-0.5970474157784056,0.27168012501614003,-0.1394407546589962,0.09000117304571391,0.09000117304571391,0.0,-0.5335362941817459,0.2870339672746821,0.00016223471980253,-0.001607925707148026,0.2812806778923727,-3.57720848738313,0,2.0187245321080374
23.924159999998743,-0.19099919719463393,-1.8893063631189602,1.000182988704952,-0.6400849529079219,0.30239368894441815,-0.00017734243964658534,-0.496459804447692,-1.7413298782089726,1.3945055022812582,-0.6565740684643925,0.285788717392214,-0.08644583178116694,-0.3614403837081604,-1.8690539816662224,1.1769823539443358,-0.6274886653116204,0.27939305625062844,-0.11323071074770652,0.09000117304571391,0.09000117304571391,0.0,-0.5267793426533405,0.28354977468859577,0.00016154045432144229,-0.0015652789732351615,0.2822222869475751,-3.5775627516576165,0,2.015775221972727
23.92831999999874,-0.1936746041301532,-1.8880418253315872,1.00018225279298,-0.6420976645246239,0.3034890689695153,-0.0001766188733048884,-0.5563003810512614,-2.058646385444054,0.9327840770979211,-0.6183576015397246,0.35187776155948497,0.13100724449380843,-0.4601548702989007,-1.9631223679509378,1.0551540002849464,-0.6243861474784953,0.3169546251338038,0.008871540238930433,0.09000117304571391,0.09000117304571391,0.0,-0.5200720614855849,0.28009096601763994,0.00016084928647091678,-0.001523014218456203,0.28315076075057,-3.577911497078072,0,2.0128163732737017
23.93247999999874,-0.1963582775109194,-1.886772785290879,1.0001815198832906,-0.6440816113838868,0.30456960976991004,-0.00017589832545121208,-0.10155838731721897,-1.4104323938850292,0.9074435779787096,-0.659734179381872,0.4878935170988074,0.07376488080427761,-0.28222470129530053,-1.685760246306857,0.9814517518248028,-0.6428494212265554,0.40315224843621056,0.041041187581792996,0.09000117304571391,0.09000117304571391,0.0,-0.5134141355822299,0.2766573811043179,0.00016016120530376176,-0.0014811386187589398,0.2840661972836769,-3.5782548133313727,0,2.0098481208253993
23.93663999999874,-0.19905009838290916,-1.8854993043680233,1.000180789963358,-0.6460370092775423,0.3056354214854214,-0.00017518078386224737,-0.44856320518046977,-2.01404014844809,1.1928315414025965,-0.418998040926146,0.37713611202989566,0.029370655895509693,-0.36626527888017985,-1.8491172276031411,1.0872054270098683,-0.5315833573355232,0.38974445453531575,0.03462429755708048,0.09000117304571391,0.09000117304571391,0.0,-0.5068052516220358,0.27324886068733056,0.00015947619907839513,-0.0014396588524971956,0.284968693938197,-3.578592788629191,0,2.0068705984332604
23.940799999998738,-0.20174994868569568,-1.8842214434780953,1.0001800630207065,-0.6479640726687657,0.30668661358270827,-0.00017446623634500224,-0.017287942342770646,-1.5854042788637317,0.692841244825466,-0.8592831266749814,0.15672569267197717,0.020390514186152627,-0.19356067863706997,-1.7169325048306239,0.8900623053353375,-0.6957843926573626,0.27304890003227034,0.027836584605192092,0.09000117304571391,0.09000117304571391,0.0,-0.5002450980514999,0.26986524639733356,0.00015879425654186953,-0.0013985811182966052,0.2858583475164553,-3.5789255097323602,0,2.003883938899924
23.944959999998737,-0.20445771124693912,-1.8829392630828519,1.0001793390429117,-0.6498630146984241,0.3077232948584438,-0.0001737546707350399,-0.04368958195128406,-2.0296030963354874,0.9679939020091674,-0.7847032850588895,0.3495221216521467,0.06478275626462403,-0.12025406773242653,-1.8725437854723366,0.9291631677052076,-0.7412834085108818,0.31166183471799114,0.046416715779915164,0.09000117304571391,0.09000117304571391,0.0,-0.4937333650783018,0.2665063807542868,0.00015811536628935932,-0.001357911152391012,0.2867352542338897,-3.5792530619748395,0,2.000888274031402
23.949119999998736,-0.2071732697769034,-1.8816528231935081,1.0001786180175996,-0.6517340471914234,0.3087455734424915,-0.0001730460748973626,-0.23251506478715353,-1.9761910052233302,1.1764404982916665,-0.6815873890706052,0.17489391670594007,0.0011259740584525658,-0.17780097144592702,-1.9240030528148848,1.0528058191975496,-0.7124308437807385,0.24266464153606898,0.023815649882177,0.09000117304571391,0.09000117304571391,0.0,-0.4872697446634431,0.2631721071628649,0.0001574395165499894,-0.0013176542454441556,0.2875995097211864,-3.579575529287278,0,1.9978837346432148
23.953279999998735,-0.20989650886299943,-1.8803621833735036,1.0001778999324464,-0.653577380663046,0.3097535568010751,-0.00017234043672820614,-0.549653181866586,-1.7892836023324268,1.0321969019725734,-0.6840860665026881,0.35667073110091274,-0.016625054632529456,-0.36515023893807697,-1.8559023080651649,1.0424666632565827,-0.69937526078837,0.3005200934276746,0.0035851375675077335,0.09000117304571391,0.09000117304571391,0.0,-0.48085393051389325,0.25986226990977923,0.00015676669604285207,-0.0012778152588696248,0.28845120902645605,-3.5798929942201942,0,1.994870450566509
23.957439999998734,-0.21262731396435477,-1.8790674027412537,1.000177184775179,-0.6553932243252841,0.3107473517399499,-0.0001716377441532347,-0.21425360839751165,-1.6971387022655446,1.2577357711813986,-0.6707037477244504,0.3175775089317393,-0.10989629883420371,-0.2910935988264765,-1.7758601362584079,1.1498746905115032,-0.6861536197434495,0.3096699197498276,-0.05341184304730457,0.09000117304571391,0.09000117304571391,0.0,-0.4744856180762784,0.2565767141595907,0.00015609689312232273,-0.00123839864066376,0.28929044661744996,-3.580205537966767,0,1.9918485506541341
23.961599999998732,-0.21536557140640963,-1.877768539972889,1.0001764725335742,-0.6571817860931685,0.31172706440756887,-0.00017093798512933558,-0.07950292416522212,-1.8552488750826204,1.1571282294075178,-0.6206216007065691,0.3604227032527746,-0.10004776820415476,-0.18658516106659456,-1.8148081563674856,1.1532950074413852,-0.6545913440658748,0.3363720536107307,-0.07749287764260003,0.09000117304571391,0.09000117304571391,0.0,-0.4681645045288343,0.25331528595136366,0.00015543009620573491,-0.001199408440763443,0.29011731638381366,-3.580513240385254,0,1.9888181627866997
23.96575999999873,-0.21811116837553918,-1.8764656533049795,1.000175763195459,-0.6589432725910889,0.31269280029824736,-0.00017024114764459033,-0.4957055721755243,-1.9261551761410334,0.7047310836885703,-0.6319402506296451,0.2861972323839713,0.04508985999048539,-0.3424600390371327,-1.8698882902059164,0.9291026915883055,-0.6441846729940247,0.3118296203783114,-0.015728153402365705,0.09000117304571391,0.09000117304571391,0.0,-0.4618902887736518,0.2500778321946655,0.00015476629355987582,-0.001160848325942584,0.29093191163937515,-3.5808161800210363,0,1.9857794138785936
23.96991999999873,-0.22086399291370212,-1.875158800537249,1.0001750567487102,-0.660677889159105,0.3136446642553229,-0.00016954721971915998,-0.6380115173072853,-1.6335164872284196,1.0282509904222648,-0.7742800606351772,0.3318654630489153,-0.13978672316598048,-0.49184660644494754,-1.7510107569367286,0.9783864545417447,-0.710051001577301,0.32198701550581615,-0.07759181514052328,0.09000117304571391,0.09000117304571391,0.0,-0.45566267143103545,0.24686420066683568,0.00015410547394349825,-0.0011227215942594,0.2917343251244645,-3.581114434128298,0,1.9827324298839812
23.97407999999873,-0.2236239339131157,-1.8738480390352728,1.0001743531812544,-0.662385839859256,0.31458276047431527,-0.00016885618940348432,-0.5597130035041515,-1.4970008733413236,0.5135419123921331,-0.6517423492286025,0.13909748626770135,0.03428545413085198,-0.5271339614980398,-1.6237156196551876,0.7460334070634277,-0.6818252903831259,0.2309870296089133,-0.02221983884569462,0.09000117304571391,0.09000117304571391,0.0,-0.4494813548304144,0.24367424000821136,0.00015344762532429551,-0.0010850311890665812,0.2925246490082651,-3.581408078691352,0,1.9796773358027662
23.978239999998728,-0.22639088111095676,-1.872533425733164,1.0001736524810678,-0.6640673274818557,0.3155071925060789,-0.00016816804478179,-0.1224315069916212,-1.54716592793101,0.6296627712330203,-0.7063243541342399,0.3084694703719818,0.07076391737531058,-0.32624572626581066,-1.5847984991035429,0.6879949129401322,-0.6956649107674525,0.2696600544245385,0.024049132615579966,0.09000117304571391,0.09000117304571391,0.0,-0.4433460430039007,0.24050779971937009,0.00015279273616192624,-0.0010477797125965438,0.2933029748911921,-3.581697188445605,0,1.9766142556865272
23.982399999998727,-0.2291647250840892,-1.8712150171362476,1.0001729546361762,-0.6657225535517818,0.3164180632599545,-0.00016748277397030966,-0.08954134589445897,-2.1195690868483634,1.6355901391793106,-0.7492520830924633,0.37585644535196033,-0.08121618590778094,-0.2094487538975486,-1.8514060656513045,1.1616297232822692,-0.7231995819008725,0.3228962300753504,-0.02833336209469802,0.09000117304571391,0.09000117304571391,0.0,-0.4372564416791771,0.23736473015718318,0.0001521407949816718,-0.0010109694391333092,0.2940693938072976,-3.5819818368981844,0,1.9735433126444244
23.986559999998725,-0.23194535724381735,-1.869892869323719,1.000172259634655,-0.6673517183347581,0.3173154750069158,-0.0001668003651172282,-0.029317810552742907,-1.8619387122014126,0.9032674355053143,-0.6885405167497116,0.494997769570799,-0.02950100894111881,-0.12081342555772362,-1.8556426864033773,1.0323860341482674,-0.7062282962537714,0.4088420921428277,-0.029217096116187603,0.09000117304571391,0.09000117304571391,0.0,-0.4312122582715072,0.23424488253107134,0.00015149178951842006,-0.0009746023277819294,0.29482399622669997,-3.582262096348217,0,1.9704646288490761
23.990719999998724,-0.2347326698306658,-1.8685670379512909,1.0001715674646283,-0.6689550208436243,0.31819952938271207,-0.00016612080640620328,-0.43858865678746817,-1.6837559823552408,0.9519684890936991,-0.5878958971357018,0.4365326760676369,0.22049808075356223,-0.28092510289496403,-1.7687910549692494,0.9926350909050895,-0.6475352436514126,0.42311770415840116,0.09573875249108565,0.09000117304571391,0.09000117304571391,0.0,-0.4252132018767858,0.2311481088993521,0.00015084570864220257,-0.0009386800348470076,0.2955668720580359,-3.5825380379067764,0,1.9673783255424064
23.994879999998723,-0.23752655590918495,-1.8672375782538284,1.0001708781142697,-0.6705326588445977,0.3190703273910056,-0.0001654440860518876,-0.7022941098614345,-1.9697218177659115,0.5995585774268999,-0.6025207137334959,0.2899752753442064,-0.02513644068878962,-0.4928633617969313,-1.8686554990149502,0.7960395377815969,-0.6261938370709077,0.3569381259049917,0.0363969163562559,0.09000117304571391,0.09000117304571391,0.0,-0.4192589832642428,0.22807426216611015,0.00015020254043465536,-0.0009032039258305099,0.29629811065093314,-3.5828097315164986,0,1.9642845230414647
23.999039999998722,-0.24032690936278298,-1.8659045450479679,1.0001701915718018,-0.6720848288635254,0.3199279694065074,-0.00016477019230342105,-0.029383403884990333,-1.989037331932573,1.2488438020733965,-0.5749630015548082,0.12692333931784772,0.021102778178943273,-0.26231526036531866,-1.9285829949943345,1.0224885613669257,-0.600959437431245,0.24181754930337043,0.028832672435069234,0.09000117304571391,0.09000117304571391,0.0,-0.4133493148690155,0.22502319607655707,0.00014956227304370364,-0.0008681750870598696,0.2970178007985028,-3.5830772459708746,0,1.9611833407442139
24.00319999999872,-0.2431336248885835,-1.8645679927347258,1.0001695078254957,-0.673611726192126,0.3207725551781039,-0.00016409911344437508,-0.4714044557477194,-1.6029970790412071,1.1627249166184783,-0.5375253530462067,0.41476142114363207,0.032135734421037385,-0.36797757321289476,-1.764927042348536,1.092674205538374,-0.5701047635820149,0.329228214926112,0.030655241585937947,0.09000117304571391,0.09000117304571391,0.0,-0.4074839107841586,0.221994765214517,0.00014892489468422746,-0.0008335943369558537,0.29772603073984943,-3.583340648933222,0,1.9580748971352917
24.00735999999872,-0.24594659799230942,-1.8632279753020926,1.0001688268636717,-0.6751135448942169,0.32160418383198325,-0.00016343083779271777,-0.7194853195974942,-1.9407336878993295,1.3980193489534583,-0.6876475581273732,0.3145025883355973,-0.08174950444365413,-0.5451630299631924,-1.852178032045338,1.2451800175102157,-0.629427861134157,0.32215145436820536,-0.026088192088491485,0.09000117304571391,0.09000117304571391,0.0,-0.40166248675487437,0.21898882499765326,0.0001482903936387282,-0.0007994622369513914,0.29842288816259677,-3.583600006955344,0,1.9549593097917441
24.01151999999872,-0.2487657249831925,-1.8618845463276146,1.000168148674698,-0.6765904778119387,0.32242295387475245,-0.00016276535370072855,-0.054338324180981584,-2.0492002696762484,0.7387576668645612,-0.7306938857929884,0.17514022786549588,-0.030744208194341982,-0.30126589469819043,-1.9503272449552298,0.9919021807048598,-0.6806168997041881,0.24913705228936395,-0.028814641028762012,0.09000117304571391,0.09000117304571391,0.0,-0.3958847601691884,0.21600523167471375,0.0001476587582579941,-0.0007657791020688608,0.2991084602054296,-3.5838553854958803,0,1.951836695388725
24.015679999998717,-0.251590902968909,-1.8605377589809622,1.0001674732469916,-0.6780427165719586,0.3232289631965525,-0.00016210264955494983,-0.928782158391517,-1.7022995483563208,1.260742381950799,-0.6460073373541565,0.30218316295085434,0.018883786783811796,-0.6163717706508203,-1.8256848764978482,1.1263626948252887,-0.66346982990744,0.27649702236646956,-0.0046100462870533754,0.09000117304571391,0.09000117304571391,0.0,-0.3901504500520212,0.21304384232115947,0.00014702997674759678,-0.0007325450111678327,0.29978283346064794,-3.584106848938353,0,1.9487071697051714
24.019839999998716,-0.25442202985054096,-1.8591876660264866,1.0001668005690176,-0.6794704515916687,0.3240223090741653,-0.0001614427137769848,-0.25962031491270315,-1.7030841796700962,1.1828533964049888,-0.5924503237425055,0.2844044492034902,-0.08240448415025001,-0.4392254059564138,-1.7637945499073886,1.1544366306174374,-0.6281665199419036,0.2816199610162471,-0.043304488678341954,0.09000117304571391,0.09000117304571391,0.0,-0.3844592770570945,0.21010451483627757,0.00014640403716789012,-0.0006997598168704453,0.30044609397673444,-3.584354460608915,0,1.94557084762945
24.023999999998715,-0.2572590043175633,-1.857834319825761,1.0001661306292893,-0.6808738720853694,0.32480308817411846,-0.00016078553482433143,-0.21557218251671423,-2.0323360686497547,1.0731204079325876,-0.6880702355945894,0.15877263070906283,0.06542967649113929,-0.32882782693415313,-1.8977369515706501,1.1139147564526082,-0.658387829768875,0.2202068623880055,0.010712142824207304,0.09000117304571391,0.09000117304571391,0.0,-0.3788109634602028,0.20718710793846273,0.00014578092786235247,-0.0006674231551745051,0.30109832726093266,-3.584598282793804,0,1.9424278431649713
24.028159999998714,-0.26010172584285685,-1.8564777723401118,1.0001654634163677,-0.6822531660704421,0.32557139655577944,-0.00016013110118938802,0.11646299955296846,-2.188034316740176,0.7728260470866543,-0.5202937806535156,0.257056464142999,-0.07834905831456446,-0.10725937455280733,-2.042354030431613,0.9432043618802417,-0.5903686036745326,0.2391269176998641,-0.03348128602520339,0.09000117304571391,0.09000117304571391,0.0,-0.37320523315064147,0.20429148116262463,0.0001451606370305768,-0.0006355344547620259,0.30173961828183554,-3.5848383767565104,0,1.9392782694357784
24.032319999998712,-0.26295009467774644,-1.8551180751331349,1.0001647989188618,-0.683608520373505,0.32632732967444866,-0.00015947940140029028,0.40762085982781593,-1.7285926880084201,1.0070621811533966,-0.8412457148714104,0.36877708928264663,0.13422009475695867,0.14843678935632695,-1.8847053994487843,0.9754123594981692,-0.716853972785542,0.3045598427648153,0.05061484061994369,0.09000117304571391,0.09000117304571391,0.0,-0.36764181162528087,0.20141749485576532,0.00014454315294244204,-0.000604092946013154,0.3023700514719821,-3.5850748027546566,0,1.9361222386921058
24.03647999999871,-0.2658040118470654,-1.8537552793731997,1.0001641371254284,-0.6849401206365618,0.3270709823844431,-0.00015883042402080054,-0.20564976410586766,-1.7136263119864603,1.1330348445835705,-0.699529185201488,0.4281828730660262,0.04334273972224749,-0.030063122738741142,-1.7982743921118007,1.0543148572967398,-0.7085978865217343,0.3665276193247532,0.04697893924332884,0.09000117304571391,0.09000117304571391,0.0,-0.3621204259803712,0.19856501017361194,0.0001439284635104378,-0.0005730976697320572,0.302989710730463,-3.585307620056602,0,1.9329598623159092
24.04063999999871,-0.26866337914424515,-1.8523894358359407,1.0001634780247715,-0.6862481513231335,0.327802448942175,-0.00015818415765199952,-0.16520111935280976,-1.8916371431873702,1.1688160138387664,-0.8087219681145374,0.1658833652027007,0.12760516448019504,-0.09931268981463108,-1.8446114943303724,1.1118307072625107,-0.7598532144653786,0.2662692749088112,0.08774106909162199,0.09000117304571391,0.09000117304571391,0.0,-0.3566408049039629,0.19573388907680955,0.00014331655735985076,-0.0005425474855938908,0.30359867942553265,-3.5855368869577697,0,1.9297912508263688
24.04479999999871,-0.27152809912643006,-1.8510205949067355,1.0001628216056426,-0.6875327957243749,0.3285218230092235,-0.00015754059092952606,-0.3975785434226434,-2.3775771189835853,0.7705721204676451,-0.7402491298498032,0.3329412150062991,-0.003334935572774549,-0.24998638716494395,-2.1104066142933786,0.9411929476494527,-0.750539614395095,0.3001232893605549,0.04179618926415245,0.09000117304571391,0.09000117304571391,0.0,-0.3512026786692619,0.19292399432731477,0.00014270742233223597,-0.0005124410803206299,0.30419704039722695,-3.585762660796706,0,1.926616513885361
24.048959999998708,-0.27439807510961833,-1.8496488065831713,1.0001621678568404,-0.6887942359651812,0.3292291976554001,-0.0001568997125270191,-0.21112060156120127,-1.9387667501638157,1.0987053771981148,-0.6921437811497259,0.48063400222068176,-0.05503543192204063,-0.23199314340220287,-2.023586642553436,1.0198359982555751,-0.7212097974469429,0.39078355105827894,-0.006712351115860454,0.09000117304571391,0.09000117304571391,0.0,-0.34580577912689336,0.19013518948499053,0.00014210104698261143,-0.00048277697559292716,0.30478487595998666,-3.5859849979708716,0,1.9234357603029044
24.053119999998707,-0.2772732111638278,-1.848274120477497,1.0001615167672107,-0.6900326530102787,0.3299246653618082,-0.0001562615111533628,-0.20116184828298503,-1.2657919594070233,1.413408449796806,-0.47851119822685284,0.3707402336959549,-0.0016485890145015668,-0.21757142216938338,-1.6439144348652552,1.2166203028976201,-0.6004276905595868,0.3815158957314106,-0.003581608439242127,0.09000117304571391,0.09000117304571391,0.0,-0.34044983969692333,0.18736733890333312,0.00014149741929710038,-0.00045355353570574874,0.305362267905285,-3.586203953952174,0,1.920249098042576
24.057279999998705,-0.28015341210828737,-1.8468965858190642,1.0001608683256458,-0.6912482266702977,0.33060831802389357,-0.00015562597555522214,-0.1686461130545692,-1.8753751756566088,1.551586006068988,-0.6970900593452751,0.29020580425722514,-0.09786124279678296,-0.19455863993761768,-1.7590439733757752,1.3839031234882755,-0.6486143773624764,0.3364283576012443,-0.05127971473069603,0.09000117304571391,0.09000117304571391,0.0,-0.335134595363102,0.1846203077263614,0.00014089652776245066,-0.0004247689749753515,0.305929297504258,-3.5864195833022405,0,1.9170566342269006
24.061439999998704,-0.28303858350665334,-1.8455162514567538,1.0001602225210853,-0.6924411356078379,0.3312802469544899,-0.00015499309451517924,-0.6509583834042058,-2.1041563889327053,1.2275945701039856,-0.739883890421133,0.36490150679565936,-0.010328896990101063,-0.4242989899234812,-1.9308450420035188,1.305726779262531,-0.6950378066679265,0.351350920277466,-0.031052171923712273,0.09000117304571391,0.09000117304571391,0.0,-0.32985978266355276,0.18189396188442564,0.00014029836029718127,-0.00039642136490353647,0.3064860455103391,-3.5866319396874426,0,1.9138584751427092
24.065599999998703,-0.2859286316622513,-1.844133165861392,1.000159579342515,-0.6936115573435103,0.331940542886855,-0.0001543628568542616,-0.3592929902984045,-1.5270888950451087,1.451649880462522,-0.5794595289657772,0.38119465960884447,-0.05268743952607462,-0.3929995738286583,-1.7281729084740625,1.3785817785156593,-0.6378428567146154,0.3670589841422689,-0.04283774096096935,0.09000117304571391,0.09000117304571391,0.0,-0.3246251396848576,0.17918816809128546,0.00013970290532110238,-0.0003685086411072869,0.3070325921618938,-3.5868410758936675,0,1.910654726246473
24.069759999998702,-0.2888234636133428,-1.8427473771281515,1.0001589387789676,-0.6947596682619701,0.33258929597770315,-0.00015373525143003218,0.030444837745689624,-1.8230761525036794,0.9763525921585353,-0.6982528263788595,0.30334180863026833,-0.19577272287767775,-0.1827250226275427,-1.7749946144778361,1.177056313851382,-0.6688748248456218,0.3353785544639478,-0.11888417187428396,0.09000117304571391,0.09000117304571391,0.0,-0.3194304060541928,0.17650279383946532,0.00013911015111480233,-0.0003410286100202759,0.30756901718485746,-3.587047043840847,0,1.907445492169606
24.0739199999987,-0.29172298712841754,-1.8413589329789422,1.0001583008195212,-0.6958856436179314,0.3332265958102253,-0.0001531102671373644,-0.18814709786083988,-1.729690996971778,0.9023971709609694,-0.8516641364422242,0.35559809463050013,0.10873859892590322,-0.18720624555057944,-1.7516031421822555,1.0399504632508334,-0.7608777020316982,0.3456251053009214,-0.004832338961817784,0.09000117304571391,0.09000117304571391,0.0,-0.31427532293186644,0.17383770739752102,0.00013852008603381781,-0.00031397895537157354,0.30809539979537215,-3.587249894597248,0,1.904230876723742
24.0780799999987,-0.2946271107015099,-1.8399678807647875,1.0001576654533006,-0.696989657542166,0.3338525313971062,-0.00015248789290832953,-0.05349572563146632,-1.2332524800980962,0.7167024138618491,-0.6951783601389471,0.32059710565750754,-0.043801028756165546,-0.1217950183690984,-1.4917592532758617,0.8782322701368891,-0.7285045797538742,0.33402722852824157,-0.02392873605675825,0.09000117304571391,0.09000117304571391,0.0,-0.30915963300404625,0.1711927778057981,0.00013793269829512995,-0.000287357244449737,0.30861181870242504,-3.587449678393524,0,1.901010982905981
24.0822399999987,-0.2975357435475411,-1.8385742674681893,1.0001570326694769,-0.6980718830474861,0.3344671911835309,-0.00015186811771291493,-0.6128888821829204,-1.9700442545658083,1.6463207897547716,-0.5956748627810395,0.39033493323063734,0.19319378086041816,-0.3685835313356469,-1.7300919717324788,1.2626832006121247,-0.6625029601578343,0.36157946857171985,0.08487898432883245,0.09000117304571391,0.09000117304571391,0.0,-0.30408308047588783,0.16856787487292446,0.00013734797597716368,-0.0002611609341569063,0.3091183521104848,-3.5876464446365346,0,1.8977859129041117
24.086399999998697,-0.3004487955976857,-1.8371781397054803,1.0001564024572662,-0.699132492034713,0.3350706630501846,-0.0001512509305598073,-0.2667240901200896,-1.8824459382424719,1.122127682571777,-0.503654413893521,0.12844571071895328,-0.021226266339936097,-0.31869905380486185,-1.8060041857156235,1.1923590453264363,-0.5838729452092375,0.2456660470355925,0.03244030900468887,0.09000117304571391,0.09000117304571391,0.0,-0.29904541106357274,0.16596286917229186,0.0001367659076623003,-0.00023538737685976073,0.30961507772213803,-3.5878402419229385,0,1.8945557681018033
24.090559999998696,-0.30336617749476336,-1.8357795437291626,1.0001557748059309,-0.7001716552986257,0.33566303431624456,-0.00015063632049443663,-0.3187561119290486,-2.0583823803372137,0.6941213380180644,-0.6771388929190996,0.1203051861917046,0.006138722490939594,-0.32013523447045467,-1.9319454965537792,0.9432502555789476,-0.6308740337575633,0.18332003084172702,0.01891520593362533,0.09000117304571391,0.09000117304571391,0.0,-0.2940463719871713,0.16337763203798938,0.0001361864815821927,-0.00021003382604284772,0.31010207274072377,-3.5880311180525597,0,1.8913206490837688
24.094719999998695,-0.30628780058865457,-1.834378525430236,1.0001551497047785,-0.7011895425338949,0.33624439174236254,-0.00015002427660063274,-0.35093878480962337,-1.4557422789185874,0.476990383420697,-0.7795333167053973,0.6257060488541543,-0.01242007808434706,-0.337157640542157,-1.6925388011348617,0.710091914998949,-0.7056707936603828,0.4043385527771491,0.00291704733064358,0.09000117304571391,0.09000117304571391,0.0,-0.28908571196359345,0.160812035561687,0.0001356096860454408,-0.0001850974417700511,0.31057941387296517,-3.588219120041533,0,1.8880806556409033
24.098879999998694,-0.30921357693174206,-1.8329751303405126,1.0001545271431618,-0.7021863223409996,0.33681482153364134,-0.00014941478800045116,-0.2395263989475741,-1.4882993426689775,1.5713577900734157,-0.8481859706831079,0.4370703297131306,0.0934157217869389,-0.2901036447804757,-1.5895090128201652,1.1409259732170622,-0.7778299302057535,0.42092528411137825,0.047779768914894556,0.09000117304571391,0.09000117304571391,0.0,-0.28416318119929707,0.158265952588866,0.00013503550965242848,-0.00016057529595991205,0.31104717733159964,-3.5884042941352337,0,1.884835886775394
24.103039999998693,-0.31214341927437594,-1.8315694036349184,1.000153907110479,-0.703162162232128,0.3373744093426024,-0.00014880784385316455,-0.30374639949233984,-1.7104704228740983,1.1930651545458126,-0.824534962872583,0.2996902998038345,0.10357786275042999,-0.2986388346477411,-1.6493680809848,1.1672110358302934,-0.8018005434286538,0.3607309028511398,0.07583480339873677,0.09000117304571391,0.09000117304571391,0.0,-0.2792785313824384,0.15573925671460787,0.000134463940439973,-0.00013646437748000197,0.3115054388380052,-3.5885866858209896,0,1.8815864407058018
24.10719999999869,-0.31507724106036367,-1.8301613901337845,1.0001532895961733,-0.7041172286370572,0.3379232402721425,-0.00014820343335772703,0.10463522296872818,-1.4859706829700483,0.6396426116862697,-0.5528759884282237,0.4523484542449727,0.006005653643093017,-0.09814546967329776,-1.566728391072849,0.9034353348721738,-0.6790276166632216,0.4070262337043635,0.04106357146826014,0.09000117304571391,0.09000117304571391,0.0,-0.2744315156762813,0.15323182228097565,0.00013389496695084618,-0.00011276159706556749,0.3119542736248233,-3.5887663398405882,0,1.8783324148721157
24.11135999999869,-0.31801495642248456,-1.8287511343051241,1.0001526745897327,-0.7050516869090192,0.3384613988784866,-0.00014760154575086342,0.17174321952984772,-1.9801999727604167,0.7656964773730752,-0.6073892238045502,0.3484108802494085,-0.13860743558186878,0.03553746951273095,-1.772743657672659,0.8342763410208222,-0.6432408673784465,0.37833152079448407,-0.048615296506818645,0.09000117304571391,0.09000117304571391,0.0,-0.26962188871172654,0.15074352437224459,0.0001333285775932605,-8.946379206787778e-05,0.3123937564385785,-3.588943300202573,0,1.875073905940781
24.11551999999869,-0.3209564801780285,-1.8273386802668987,1.0001520620806896,-0.7059657013305483,0.3389889691741269,-0.00014700217030776832,-0.7036850091625617,-2.2693677190884967,1.2073586377197252,-0.6378371102339476,0.39372268744982647,0.05288882641915577,-0.3354033242179045,-2.0202403628197434,1.020929988417711,-0.6416457071910989,0.38608913198042183,0.0021873980539475995,0.09000117304571391,0.09000117304571391,0.0,-0.2648494065797087,0.1482742388123649,0.00013276476085504027,-6.656773103659817e-05,0.31282396154229286,-3.589117610194338,0,1.871811009809699
24.119679999998688,-0.323901727824359,-1.8259240717892706,1.0001514520586214,-0.706859435119308,0.33950603463075807,-0.0001464052963419587,-0.027724661169072073,-2.3519624670924535,1.343392222939158,-0.7806348872370507,0.29738862926555404,0.0341737571470948,-0.18318557285162876,-2.185485310216958,1.1822359832261577,-0.7111144326204113,0.34180885997654575,0.017437703219876095,0.09000117304571391,0.09000117304571391,0.0,-0.2601138268244252,0.14582384216038224,0.00013220350509011677,-4.4070118142172426e-05,0.3132449627180963,-3.5892893123940217,0,1.8685438216132004
24.123839999998687,-0.3268506155345003,-1.824507352296845,1.0001508445131497,-0.7077330504339036,0.3400126781821993,-0.00014581091320594529,0.27286853645471193,-2.1475937923279775,0.8874792086485411,-0.7294682868979201,0.2667064824834813,-0.08347927317040292,0.04332754657656959,-2.1659852306079244,1.0346824599877138,-0.7203605534032052,0.30459242809082765,-0.03328410833384836,0.09000117304571391,0.09000117304571391,0.0,-0.25541490843600645,0.14339221170755545,0.00013164479873269878,-2.196759744148141e-05,0.31365683326983185,-3.5894584486822048,0,1.8652724357269908
24.127999999998686,-0.3298030601527489,-1.8230885648708979,1.00015023943394,-0.7085867083796736,0.34050898222731124,-0.00014521901029111476,-0.865520823744143,-1.8620032545427823,1.8377692843199451,-0.748862110343426,0.49060147339613885,-0.051525621547812504,-0.41265988114348695,-2.0129732678816636,1.4361234860697425,-0.7349597908459201,0.39834919462492974,-0.0420027367922789,0.09000117304571391,0.09000117304571391,0.0,-0.25075241184316144,0.14097922547328612,0.00013108863051210977,-2.567569927092991e-07,0.3140596460256555,-3.589625060253414,0,1.8619969457730707
24.132159999998684,-0.33275897919030917,-1.821667752251594,1.0001496368107026,-0.7094205690144646,0.34099502863290093,-0.00014462957702659492,-0.11264898266736498,-2.0769786412059354,1.1701636159650688,-0.6622031745046998,0.2010448018848246,-0.1357331988223252,-0.26402938549820026,-2.0445582014802275,1.302860022151991,-0.6987353959499734,0.29969346546978154,-0.08917609509152831,0.09000117304571391,0.09000117304571391,0.0,-0.24612609890569193,0.1385847622016786,0.00013053498859743739,2.10658671773067e-05,0.31445347334063056,-3.589789187627438,0,1.8587174446246266
24.136319999998683,-0.33571829082095245,-1.8202449568401915,1.0001490366331907,-0.7102347913543845,0.3414708987366195,-0.00014404260288176492,0.0026070529787724506,-1.980090261469683,0.989681996027345,-0.6397253365596208,0.29745797662854556,0.01400677741184618,-0.132037960575924,-2.0117053514811114,1.1462987895822763,-0.6701717643352176,0.29870811951109544,-0.0379943294919859,0.09000117304571391,0.09000117304571391,0.0,-0.24153573290826658,0.13620870135819363,0.00012998386188122477,4.2003787247552586e-05,0.31483838709931566,-3.5899508706604513,0,1.8554340244108973
24.140479999998682,-0.3386809138767005,-1.8188202207012338,1.0001484388912016,-0.7110295333795417,0.34193667334985106,-0.0001434580773633956,-0.29311249748523005,-2.0323326955715055,1.0865021339555656,-0.7491084360420619,0.4403884479184188,0.061846340389511846,-0.21413347537153507,-2.0211029866536854,1.1165266582813755,-0.7101180582629792,0.36944975288382875,0.01289266287584503,0.09000117304571391,0.09000117304571391,0.0,-0.23698107855203143,0.13385092312543534,0.00012943523891128226,6.256055991633896e-05,0.31521445871834697,-3.5901101485559597,0,1.852146776522011
24.14463999999868,-0.3416467678435329,-1.8173935855647314,1.0001478435745765,-0.7118049520397602,0.3423924327605897,-0.00014287599001722615,0.08138062570162657,-1.8639378866173832,0.9567666865079735,-0.7487767988293376,0.388152788299883,-0.00128054605782148,-0.0679319911035983,-1.9417117180820727,1.0366423412433392,-0.7293487009431183,0.3786691455184818,0.0060712983639147,0.09000117304571391,0.09000117304571391,0.0,-0.23246190194865757,0.1315113084001016,0.00012888910810419192,8.273978284854141e-05,0.3155817591490139,-3.5902670598755604,0,1.8488557916138002
24.14879999999868,-0.34461577285711736,-1.8159650928283302,1.0001472506731997,-0.7125612032602808,0.3428382567363101,-0.00014229633042864807,-0.17018198730265893,-1.7368452768401692,1.150298433709826,-0.7405597343737491,0.38633765906862283,0.0016333510409307962,-0.12059734764494175,-1.8384752781256868,1.093475227838574,-0.7352899620970311,0.38336135047793424,0.003541154657126902,0.09000117304571391,0.09000117304571391,0.0,-0.22797797061190384,0.12918973878928142,0.0001283454581736484,0.00010254509125359267,0.315940358879828,-3.590421642549528,0,1.8455611596125838
24.15295999999868,-0.34758784969856504,-1.8145347835594685,1.0001466601769988,-0.713298441947437,0.3432742245268272,-0.00014171908822162115,-0.21223685043085846,-1.6816890468385113,1.6335779748234611,-0.7510297301573952,0.26031890293053017,-0.04555189534024112,-0.16797918408851664,-1.7595392615573728,1.3634355848439563,-0.7434839678471574,0.3216806327997864,-0.020978556105775554,0.09000117304571391,0.09000117304571391,0.0,-0.22352905345150886,0.12688609660674077,0.00012780427748928006,0.00012198015458922445,0.31629032793908474,-3.590573933887222,0,1.8422629697199282
24.157119999998677,-0.35056291979020804,-1.813102698497522,1.0001460720759443,-0.7140168219943164,0.34370041486714686,-0.00014114425306024325,-0.43455950350213385,-1.6833401840314104,0.5773264465187359,-0.7438163174922211,0.33168195996911565,-0.053782084815667354,-0.3028162159325582,-1.72075085545583,0.970263230291782,-0.7446644688252553,0.3274282072577825,-0.03717654329549588,0.09000117304571391,0.09000117304571391,0.0,-0.21911492076609762,0.12460026486940878,0.00012726555536100544,0.00014104867338800306,0.316631735897418,-3.590723970587324,0,1.8389613104173799
24.161279999998676,-0.35354090519140136,-1.8116688780559373,1.0001454863600499,-0.7147164962864024,0.34411690598030625,-0.00014057181464498147,-0.36472658258433377,-1.5324543215331135,0.6708359010395878,-0.6331976239200916,0.15338047729277096,-0.07230794303290591,-0.3350882024059767,-1.6262813264646514,0.8203981477271074,-0.6892568278300001,0.23997431154009646,-0.055257240011347096,0.09000117304571391,0.09000117304571391,0.0,-0.21473534423488827,0.12233212729406817,0.00012672927990065887,0.00015975437620301553,0.31696465187034784,-3.5908717887479065,0,1.8356562694711707
24.165439999998675,-0.356521728594348,-1.8102333623243532,1.0001449030193719,-0.7153976167071917,0.34452377558020625,-0.00014000176271778645,-0.5286761727780527,-1.615396611611066,0.6870548731735485,-0.7254847631788862,0.3623797368488689,-0.07868812583700724,-0.4333910614714444,-1.6200849552891632,0.7535616489835095,-0.7080743171816807,0.3010738513741795,-0.06684646013513529,0.09000117304571391,0.09000117304571391,0.0,-0.21039009691204735,0.12008156829349714,0.00012619543994619477,0.00017810101666819808,0.31728914452082,-3.591017423876333,0,1.8323479339368987
24.169599999998674,-0.3595053133199472,-1.8087961910707098,1.0001443220440092,-0.7160603341437969,0.3449211008744327,-0.0001394340870592121,-0.5247819058953965,-2.1535939033154694,0.9983253231278271,-0.623742697604563,0.4353962958018455,-0.1489724628238389,-0.48038474380343493,-1.8859380577377989,0.8756340379669528,-0.6657917904832398,0.3684701834965177,-0.10727794757003825,0.09000117304571391,0.09000117304571391,0.0,-0.2060789532188838,0.11784847297292178,0.00012566402442184036,0.0001960923706708532,0.3176052820617379,-3.591160910898996,0,1.8290363901641828
24.173759999998673,-0.36249158331366604,-1.807357403743347,1.000143743424103,-0.7167047984925271,0.3453089585670676,-0.00013886877748819242,-0.7448479959610097,-1.9944974093844259,0.6881618317367977,-0.7204873979858191,0.5104473998012189,0.021307967046097408,-0.6141152064777101,-1.9391556431011638,0.7819415086468527,-0.6939087025880318,0.43890425891099677,-0.0432652177234358,0.09000117304571391,0.09000117304571391,0.0,-0.20180168893687656,0.11563272712666939,0.0001251350221245913,0.00021373223363270764,0.3179131322584863,-3.591302284170895,0,1.82572172380129
24.17791999999867,-0.36548046314143456,-1.8059170394730908,1.0001431671498369,-0.7173311586644487,0.34568742486149195,-0.00013830582386270193,-0.45674512295373426,-1.8583170297341702,0.9361885438262793,-0.8400192657571259,0.44227652655760297,0.05904844994711604,-0.5371770983329335,-1.8978177027966356,0.8591882138891734,-0.7665607362472661,0.4414818164156184,0.008226822291844857,0.09000117304571391,0.09000117304571391,0.0,-0.1975580812006763,0.11343421723449021,0.00012460842172421155,0.00023102441789558958,0.3182127624314476,-3.591441577485052,0,1.8224040197997378
24.18207999999867,-0.3684718779855634,-1.8044751370753276,1.0001425932114365,-0.7179395625909256,0.3460565754631771,-0.0001377452160804081,-0.41525030528195767,-2.338462145452571,0.8332229845798128,-0.5742030544343312,0.44238907230052266,0.06003534367642731,-0.4774087193395478,-2.117222571790415,0.8463297418352982,-0.6696512745562786,0.4418010667552303,0.03439101428388258,0.09000117304571391,0.09000117304571391,0.0,-0.1933479084909786,0.11125283045840151,0.00012408421219157497,0.0002479727502093424,0.31850423945850903,-3.591578824081776,0,1.819083362418871
24.18623999999867,-0.37146575364068485,-1.8030317350520673,1.0001420215991694,-0.7185301572291393,0.34641648558246846,-0.00013718694407756913,-0.6248662588822518,-1.525512604116382,0.5742959560282754,-0.8162313535731824,0.2521677142117243,0.11082887904796068,-0.552835041318609,-1.8208409588535277,0.7105414364455709,-0.74351715188169,0.3479643970401178,0.07261937267199842,0.09000117304571391,0.09000117304571391,0.0,-0.18917095062780187,0.10908845463845152,0.00012356238237165584,0.0002645810693181629,0.31878762977756187,-3.5917140566577728,0,1.8157598352304114
24.190399999998668,-0.37446201650971644,-1.8015868715939949,1.0001414523033452,-0.719103088567589,0.3467672299373558,-0.00013663099782965655,-0.2620361441500522,-1.4846845178936503,1.1445497843268666,-0.7532961638072352,0.26882932275702015,0.2538271170187437,-0.4089988240551203,-1.6522013634885477,0.928077006163623,-0.7491599422400183,0.3084666112868809,0.16301652765862884,0.09000117304571391,0.09000117304571391,0.0,-0.18502698876352763,0.10694097828996774,0.00012304292098352931,0.00028085322364301455,0.31906299938899174,-3.591847307375103,0,1.8124335211229843
24.194559999998667,-0.377460593599848,-1.8001405845825105,1.0001408853143146,-0.7196585016315724,0.3471088827562368,-0.00013607736735202273,-0.7590057521123843,-1.9303203010260042,0.8892309055468477,-0.7291130364115999,0.512780233131883,0.018999746326123904,-0.5855194558332911,-1.7901969595391232,0.9086946248575546,-0.7400106415937678,0.41097054656484255,0.0903336459856906,0.09000117304571391,0.09000117304571391,0.0,-0.18091580537538476,0.10481029059961855,0.00012252581726288287,0.000296793069056576,0.31933041385816086,-3.5919786078699936,0,1.8091045023066166
24.198719999998666,-0.3804614125185507,-1.7986929115917576,1.00014032062247,-0.7201965404886427,0.34744151778066823,-0.00013552604269788688,-0.31854432822436485,-1.9592816544504312,0.22854438053237192,-0.756751927233427,0.4941129930117678,-0.05075046549605956,-0.45360280942585285,-1.873712049811418,0.5685094947662709,-0.7489747341229677,0.45220000307558694,0.019651123881238294,0.09000117304571391,0.09000117304571391,0.0,-0.17683718425897732,0.10269628142210385,0.00012201106010733252,0.000312404466748122,0.3195899383178807,-3.5921079892615015,0,1.8057728603172116
24.202879999998665,-0.38346440146960925,-1.7972438898906404,1.0001397582182452,-0.720717348254047,0.34776520826810825,-0.00013497701395982667,-0.8762380975359861,-0.9616816721707239,0.7494118256794239,-0.7823257393162104,0.31440710945957534,0.02182075208705483,-0.6665495923169588,-1.4170358532163296,0.6590056416220462,-0.7661449583112954,0.38299106884622497,0.02153927452162058,0.09000117304571391,0.09000117304571391,0.0,-0.17279091052157947,0.10059884127662155,0.00012149863828992715,0.00032769128117539304,0.3198416374708759,-3.5922354821600377,0,1.802438676020998
24.207039999998663,-0.3864694892491765,-1.7957935564448293,1.0001391980921148,-0.7212210670961453,0.3480800269946478,-0.00013443027127045271,-0.6122129964286492,-1.7809264225243244,1.4842729506211436,-0.7505470217183227,0.2537537049479567,-0.14927756912771506,-0.6409421193106907,-1.5984561779122204,1.071334746555799,-0.7583040972488884,0.31852204340564777,-0.06393930310516788,0.09000117304571391,0.09000117304571391,0.0,-0.16877677057422869,0.09851786134332152,0.00012098854131583118,0.0003426573781012588,0.3200855755922397,-3.5923611166757476,0,1.799102029618952
24.211199999998662,-0.3894766052418507,-1.7943419479187555,1.0001386402345949,-0.7217078382418041,0.34838604625773156,-0.00013388580479946425,-0.46459303511687755,-1.8637102738076465,1.3617301788950207,-0.7085427797839259,0.17763445439527184,-0.0988347111905657,-0.5542407210123287,-1.730714875563304,1.2163282922990988,-0.7331239633377954,0.24773533256298713,-0.08108225905129016,0.09000117304571391,0.09000117304571391,0.0,-0.16479455212636362,0.09645323346017642,0.00012048075771162398,0.000357306622711393,0.32032181653187897,-3.5924849224267525,0,1.795763000651197
24.21535999999866,-0.39248567941677476,-1.7928891006775936,1.0001380846362418,-0.7221778019817752,0.34868333787886985,-0.00013334360475784042,-0.09943551821132357,-1.9369922385251033,1.1186333574050236,-0.6926514829058917,0.39269255216135934,0.012791690630348922,-0.32827615261185017,-1.833037905316674,1.1675053531151367,-0.7126400026729357,0.3200574950248913,-0.03348078159577996,0.09000117304571391,0.09000117304571391,0.0,-0.16084404417733933,0.09440485011898625,0.00011997527695017094,0.0003716428778119663,0.32055042371695136,-3.5926069285472577,0,1.7924216680013767
24.21951999999866,-0.3954966423237583,-1.7914350507892338,1.0001375312876526,-0.7226310976760474,0.34897197320633794,-0.00013280366139403296,-1.3634531290725675,-1.9997618653669325,0.4656237810227907,-0.7894944763041236,0.3066936813757066,-0.023447051771595794,-0.8475126599640348,-1.9157649428026373,0.8165116525778371,-0.7517114731886714,0.31424423085319597,-0.02883292868947003,0.09000117304571391,0.09000117304571391,0.0,-0.1569250370111268,0.09237260446243956,0.0001194720881689303,0.0003856700021032522,0.32077146015429214,-3.592727163695523,0,1.7890781099010031
24.22367999999866,-0.39850942508942155,-1.7899798340262427,1.000136980179465,-0.7230678637591831,0.3492520231178672,-0.00013226596499545906,0.028961553473756618,-1.9618512949026725,0.9650812183463324,-0.8978364811244235,0.48873644416300766,-0.006866575336392187,-0.4111350238656968,-1.9377930397745307,0.8907829188719584,-0.8256637966218625,0.4020350247121591,-0.01771944337167282,0.09000117304571391,0.09000117304571391,0.0,-0.15303732218778343,0.09035639028052334,0.000118971180383458,0.0003993918485282061,0.32098498843283224,-3.5928456560617046,0,1.7857324039337792
24.227839999998658,-0.40152395941336166,-1.7885234858678123,1.0001364313023573,-0.7234882377456264,0.34952355802332474,-0.00013173050588912957,-0.20293386377344627,-1.463928140649484,1.2586088259871058,-0.8856664417809396,0.3003476349351574,0.01721554766162008,-0.30887501619242674,-1.7002327320019264,1.074733610698346,-0.8557243462157611,0.35128053645009577,5.519994558428597e-05,0.09000117304571391,0.09000117304571391,0.0,-0.14918069253853505,0.08835610200702781,0.00011847254270157801,0.0004128122626922573,0.32119107072600617,-3.592962433375566,0,1.7823846270398995
24.231999999998656,-0.4045401775643408,-1.7870660415016981,1.0001358846470472,-0.7238923562349984,0.34978664786738256,-0.0001311972744413662,-0.013045465543446433,-2.1310030752394202,1.207020267878849,-0.7816611821724546,0.3518685242029202,-0.1066763763770534,-0.1625842015569503,-1.9148885159509428,1.1406564916543611,-0.8186021788866449,0.3513217204260155,-0.05354920154411797,0.09000117304571391,0.09000117304571391,0.0,-0.1453549421572029,0.08637163471603992,0.00011797616475238957,0.0004259350813530595,0.3213897687941508,-3.5930775229140606,0,1.7790348555203226
24.236159999998655,-0.40755801237649647,-1.7856075358261474,1.0001353402042927,-0.7242803549173631,0.3500413621321756,-0.0001306662610557783,-0.46181391813098166,-1.8863532799344727,0.5879113249527823,-0.6063715781016104,0.4047385551060989,-0.1436138377788036,-0.3134619706523862,-1.8997792391221437,0.8639821455850198,-0.7127015833104176,0.37821197051988914,-0.09896894210969291,0.09000117304571391,0.09000117304571391,0.0,-0.14155986639481433,0.08440288411906782,0.0001174820356174129,0.0004387641309778934,0.3215811439868944,-3.593190951508791,0,1.7756831650410208
24.240319999998654,-0.41057739724557346,-1.7841480034518142,1.000134797964892,-0.7246523685784783,0.3502877698399516,-0.0001301374561755865,-1.0591472191063582,-1.7943806433825344,0.9349185419036714,-0.8502339358781582,0.277122981303121,0.02639433724053402,-0.6880777696481071,-1.8465027060191646,0.899506665357896,-0.7817017770845126,0.32763068189388556,-0.03674047613053011,0.09000117304571391,0.09000117304571391,0.0,-0.13779526185205349,0.08244974656087134,0.00011699014447176851,0.00045130322636552703,0.32176525724553573,-3.593302745553344,0,1.7723296306372056
24.244479999998653,-0.4135982661251777,-1.7826874787036655,1.0001342579196826,-0.7250085311050211,0.35052593955570666,-0.00012961085028341337,-0.04844245615174486,-1.70021434589474,1.5717159807121361,-0.6614584395544558,0.37932969397353034,0.01142610537978281,-0.3696303317073425,-1.7725695375911128,1.2356403415948043,-0.7221261737771574,0.3539721453334228,-0.012924159721035652,0.09000117304571391,0.09000117304571391,0.0,-0.13406092637276035,0.0805121190167769,0.00011650048079901406,0.0004635561693319901,0.3219421691054136,-3.5934129310105027,0,1.7689743267175282
24.24863999999865,-0.41662055352305183,-1.7812259956228746,1.0001337200595413,-0.7253489754897933,0.3507559393898137,-0.00012908643390004517,-0.10874119270347271,-1.7507459247033046,0.13797780011496752,-0.7369323280634879,0.2660210688922075,0.061660667722281993,-0.24071565318050106,-1.7611033934135367,0.686930253378578,-0.7300482077227425,0.3095844144439894,0.024069685561982114,0.09000117304571391,0.09000117304571391,0.0,-0.1303566590375136,0.07858989908880742,0.00011601303417830579,0.0004755267474568831,0.32211193969826674,-3.5935215334193433,0,1.765617327068256
24.25279999999865,-0.4196441944973723,-1.7797635879687053,1.0001331843753847,-0.7256738338369061,0.3509778370006376,-0.00012856419758417524,-0.45269809499949604,-1.3168353510161344,1.1514297758593595,-0.6986862586002037,0.3759402215096143,-0.09111421482257298,-0.3481621114114331,-1.5381837431572098,0.9189938868005495,-0.7141255045870406,0.34248131100972934,-0.03358065668775274,0.09000117304571391,0.09000117304571391,0.0,-0.12668226015622985,0.07668298500265514,0.0001155277936425533,0.0004872187328890524,0.32227462875458324,-3.593628577902211,0,1.762258704857424
24.25695999999865,-0.4226691246530679,-1.7783002892203839,1.0001326508581683,-0.7259832373669405,0.3511916995971413,-0.0001280441319347674,-0.3893363499283171,-1.869829641103666,1.096559534614983,-0.5922744738936632,0.5107595637960606,-0.022087315608289863,-0.3699811209726825,-1.7029480122907352,1.0077320112221049,-0.6533575569588763,0.4272657706868594,-0.02783422859316892,0.09000117304571391,0.09000117304571391,0.0,-0.12303753126256023,0.07479127560432297,0.00011504474896211034,0.0004986358812093041,0.32243029560594044,-3.5937340891715817,0,1.7588985326389646
24.261119999998648,-0.42569528013815994,-1.776836132578961,1.0001321194988866,-0.72627731642209,0.351397593941481,-0.0001275262275880851,-0.465154569348099,-2.161995935966021,1.0488469969247696,-0.7699410779961805,0.5724851109146886,0.10705333652216449,-0.41916964423252134,-1.9312844579322355,1.0285142160392104,-0.7117966543884223,0.49987768257517257,0.03875635998192366,0.09000117304571391,0.09000117304571391,0.0,-0.11942227510601877,0.07291467035643517,0.0001145638895765868,0.0005097819303483942,0.32257899918733524,-3.5938380915368127,0,1.7555368823568094
24.265279999998647,-0.4287225976401236,-1.7753711509691628,1.0001315902885732,-0.726556200471277,0.3515955863515894,-0.00012701047521918875,-0.497815064043325,-1.7856266175191617,1.0396510815796656,-0.8372377056823231,0.4465576950322634,-0.015056397078033147,-0.4602349042779651,-1.8575271219604375,1.0340524378281772,-0.7742351893054774,0.4739089292179872,0.011359145026141009,0.09000117304571391,0.09000117304571391,0.0,-0.11583629564654818,0.07105306933539168,0.00011408520480835288,0.0005206605995583691,0.3227207980395034,-3.593940608910777,0,1.7521738253489718
24.269439999998646,-0.4317510143822705,-1.7739053770412305,1.0001310632183,-0.7268200181152517,0.3517857427037497,-0.00012649686554249307,0.05191210463754575,-1.771124466504718,0.6755814059189629,-0.65628487098112,0.34344009305208756,0.09033682127477319,-0.20552462427764784,-1.8136115655779448,0.8550024074816155,-0.7144238178625114,0.4090297086281438,0.05079674700563371,0.09000117304571391,0.09000117304571391,0.0,-0.11227939804714171,0.0692063732276561,0.0001136086847192216,0.0005312755884358722,0.3228557503112297,-3.594041664816392,0,1.7488094323516024
24.273599999998645,-0.4347804681201524,-1.7724388431727507,1.0001305382791779,-0.7270688970916664,0.3519681284351577,-0.00012598538930880073,-0.46319754607156427,-2.081512616969725,0.32119529425251747,-0.8345956615368502,0.547444920492571,0.08404113659900436,-0.33609877394935284,-1.9464253347756793,0.588271262370597,-0.7745255961107798,0.4782469054263278,0.06677071613955532,0.09000117304571391,0.09000117304571391,0.0,-0.1087513886674043,0.06737448332667573,0.00011313431839974871,0.0005416305759952372,0.3229839137616478,-3.59414128239304,0,1.7454437735030222
24.277759999998644,-0.43781089713798627,-1.7709715814704736,1.0001300154623558,-0.7273029642801293,0.3521428085464735,-0.0001254760373094572,-0.16877072102742846,-1.6093406899930545,1.482708351227926,-0.8542081333909771,0.323411805456693,-0.18183311265924368,-0.2542100435695091,-1.7772080883855046,1.0351168935323163,-0.8144873100721307,0.40089787140584493,-0.05705152366818893,0.09000117304571391,0.09000117304571391,0.0,-0.10525207505719947,0.06555730152957584,0.00011266209567993254,0.0005517292197898668,0.3231053457625295,-3.5942394844028804,0,1.742076918347731
24.281919999998642,-0.44084224024509977,-1.769503623772122,1.000129494759021,-0.727522345707235,0.35230984760436274,-0.00012496880037334062,-0.7185989087583675,-1.436180238038115,0.9187575139279806,-0.617427221635954,0.316915799047969,0.008564615205581013,-0.48769051810631736,-1.6060322686018362,0.976953831022761,-0.716661445315834,0.35875226565730933,-0.02406847638701016,0.09000117304571391,0.09000117304571391,0.0,-0.10178126595038406,0.06375473033384382,0.0001121920064893671,0.0005615751550803248,0.3232201033005642,-3.5943362932370593,0,1.738708935840395
24.28607999999864,-0.443874436772398,-1.7680350016481885,1.0001289761603986,-0.7277271665515764,0.3524693097440265,-0.00012446366936655814,-0.26064530966695076,-1.9616180792552658,1.0613286064763445,-0.6402556286346275,0.2165136478887035,-0.08862249211358784,-0.3754958063270447,-1.7833760981533695,1.018957062214442,-0.6795365996584823,0.28705452480009963,-0.05614192960913563,0.09000117304571391,0.09000117304571391,0.0,-0.09833877125734403,0.061966672834003256,0.00011172404021539623,0.0005711719940475568,0.32332824297962914,-3.594431730921816,0,1.7353398943498086
24.29023999999864,-0.4469074265688511,-1.766565746403723,1.000128459657752,-0.72791755114873,0.3526212586717203,-0.00012396063519478536,-0.5314757450174498,-1.2697590743058593,0.7341565095791822,-0.6866315212277019,0.3949192073227813,-0.07354288649639569,-0.45491604195973856,-1.5257426659948325,0.8763997921379538,-0.6826021710804454,0.3410252820126641,-0.06386336352917124,0.09000117304571391,0.09000117304571391,0.0,-0.09492440205943375,0.0601930327183835,0.00011125818698680509,0.00058052332504958,0.3234298210230476,-3.5945258191244895,0,1.731969861662832
24.29439999999864,-0.449941149998002,-1.7650958890801094,1.000127945242382,-0.7280936229962226,0.3527657576672622,-0.00012345968880027604,-0.30642097657904277,-1.9582941691521927,0.8186111167931193,-0.8734159858701015,0.3316332475498719,-0.12318529208296873,-0.3824848773430381,-1.7413313009090574,0.8472505045993646,-0.7776471358759044,0.3361587181882057,-0.0943265745332734,0.09000117304571391,0.09000117304571391,0.0,-0.09153797060254143,0.058433714265878955,0.00011079443639146105,0.0005896327119202815,0.32352489327583817,-3.594618579159423,0,1.7285989049883101
24.298559999998638,-0.4529755479344956,-1.7636254604568322,1.0001274329056271,-0.7282555047584764,0.3529028695865303,-0.00012296082116421822,-0.10929632855640792,-1.9849226299091587,0.9718975285183317,-0.5609983647059074,0.3772362784005534,0.10076921676318573,-0.24705557745100568,-1.8623429015256645,0.909785321251347,-0.6693241763088662,0.3561525174717871,0.0028071263752244367,0.09000117304571391,0.09000117304571391,0.0,-0.08817929028966875,0.05668862234280536,0.00011033277811749284,0.0005985036933091753,0.3236135152069538,-3.5947100319937757,0,1.7252270909609635
24.302719999998637,-0.4560105617606278,-1.7621544910532325,1.0001269226388634,-0.7284033182717287,0.353032656863949,-0.00012246402330639568,-0.3720181180595158,-2.275662090123571,0.7248182019294824,-0.6919980108187496,0.20910015786764286,-0.07211077832694739,-0.3109769747223816,-2.0685704957176916,0.8171503234194244,-0.6806996364565447,0.2826501435515091,-0.03457223944758725,0.09000117304571391,0.09000117304571391,0.0,-0.08484817567584413,0.05495766239953159,0.00010987320238229866,0.0006071397820599364,0.32369574191151007,-3.594800198253233,0,1.7218544856452591
24.306879999998635,-0.45904613336291505,-1.7606830111302536,1.0001264144335038,-0.7285371845489332,0.35315518151496494,-0.0001219692862830513,-0.29317440477882994,-1.7745073794378983,1.7410537926622287,-0.659094346607901,0.5243675309127297,0.13441195283507237,-0.303447264597237,-1.9204449148217055,1.2793877703950607,-0.6695125669607047,0.4028702747785487,0.050065602482439964,0.09000117304571391,0.09000117304571391,0.0,-0.08154444246055648,0.05324074046731442,0.00010941569907786132,0.0006155444646270196,0.3237716281130036,-3.594889098227627,0,1.7184811545392582
24.311039999998634,-0.46208220512868436,-1.7592110506921765,1.0001259082809988,-0.7286572237846373,0.3532705051385108,-0.00012147660118835798,-1.034497867665963,-1.7397481661262675,0.7467941895094716,-0.8350610195170677,0.4240509375102348,0.1802881777631674,-0.6707129181016304,-1.8292125413060754,1.013461386528485,-0.7530773513678218,0.4131125002146011,0.11558244718164883,0.09000117304571391,0.09000117304571391,0.0,-0.07826790748219725,0.05153776315512404,0.0001089602579842535,0.0006237212005288947,0.3238412281655202,-3.594976751876461,0,1.715107162578439
24.315199999998633,-0.46511871994268367,-1.7577386394883454,1.0001254041728356,-0.7287635553598375,0.35337868891945934,-0.00012098595915495442,-0.8645826883268866,-1.450608047657295,0.7586613167643308,-0.6616940027520745,0.3934552542655768,-0.21739653264288245,-0.7690242131003261,-1.6390897275717462,0.885607111396623,-0.7079930423824139,0.4035052843446489,-0.050751663213461355,0.09000117304571391,0.09000117304571391,0.0,-0.07501838871152433,0.04984863764645808,0.00010850686919797826,0.0006316734218364771,0.32390459605593247,-3.5950631788343443,0,1.7117325741395006
24.319359999998632,-0.46815562118371207,-1.7562658070148827,1.0001249021005383,-0.7288562978468145,0.3534797936310659,-0.00012049735135271524,-0.5844500330319037,-1.3725431480880672,1.079995126187725,-0.6456853415452226,0.3371809843208343,0.12352538704987992,-0.6780793445925726,-1.5051133697250276,0.983058607427513,-0.6765996988560741,0.3704068500571342,0.03676076518499107,0.09000117304571391,0.09000117304571391,0.0,-0.0717957052448881,0.04817327169625352,0.00010805552270496061,0.0006394045326957537,0.3239617854060878,-3.5951483984163377,0,1.7083574530441412
24.32351999999863,-0.47119285272127015,-1.7547925825163935,1.0001244020556674,-0.7289355690139427,0.3535738796374006,-0.00012001076898929897,-1.13831745755237,-1.5696432826526567,1.163942995254894,-0.7100622072801641,0.38014591908147055,-0.031838158711655296,-0.9096787001023697,-1.536587802641763,1.0734350862750108,-0.6932471663229828,0.3751398533921314,0.0028303403041187287,0.09000117304571391,0.09000117304571391,0.0,-0.06859967729893568,0.046511573627359915,0.00010760620880888842,0.0006469179088828606,0.3240128494749851,-3.5952324296232088,0,1.704981862562815
24.32767999999863,-0.4742303589122305,-1.753318994987661,1.0001239040298202,-0.7290014858304827,0.35366100689576796,-0.00011952620330889962,-0.8013856920545429,-1.9217481090195778,1.1390253668172488,-0.6405027751971467,0.23543413398856278,-0.0031179582427872973,-0.8568637450968619,-1.728679257180576,1.1062257059555916,-0.6668400377814718,0.304479635564717,-0.0008674276288772274,0.09000117304571391,0.09000117304571391,0.0,-0.06543012620294375,0.044863452327858266,0.00010715891749003305,0.000654216897391441,0.3240578411609425,-3.595315291146602,0,1.7016058654184667
24.33183999999863,-0.47726808459752773,-1.7518450731753314,1.0001234080146302,-0.7290541644713453,0.3537412349591174,-0.00011904364559369083,-0.40285566443259885,-1.6075043722825346,0.7052113843161788,-0.7242014925516267,0.38907603937901336,0.03392802474330565,-0.6313634710897579,-1.6672829065547503,0.9057875177104647,-0.6952164667947882,0.3473525924599325,0.015946564926141757,0.09000117304571391,0.09000117304571391,0.0,-0.062286874394230196,0.043228817247621176,0.00010671363883292436,0.0006613048160498875,0.3240968130037534,-3.595397001374124,0,1.6982295237902443
24.335999999998627,-0.48030597509886874,-1.7503708455795879,1.000122914001767,-0.7290937203218406,0.35381462297844174,-0.00011856308716344181,-0.1986934818033712,-1.5726169621684136,0.47730036888963645,-0.6607526082666719,0.4857849316460431,-0.05718081114249708,-0.4164019876588899,-1.618937630212479,0.6914220793059992,-0.676932447235613,0.41597173913809365,-0.02064550678978641,0.09000117304571391,0.09000117304571391,0.0,-0.05916974541023334,0.04160757839518392,0.00010627036324118734,0.0006681849531684034,0.32412981718683387,-3.595477578394341,0,1.6948528993171879
24.340159999998626,-0.48334397621546205,-1.7488963404558164,1.000122421982936,-0.7291202679823982,0.35388122970516456,-0.00011808451937428805,-0.7882644296865688,-1.4071765285608584,0.6292452947848218,-0.6966688785635965,0.18302802789589576,0.11315127149048533,-0.6037848143432173,-1.5126748492059836,0.6605680896099387,-0.6868222010546561,0.2994881440435161,0.04649132933839019,0.09000117304571391,0.09000117304571391,0.0,-0.05607856388388477,0.03999964633492581,0.00010582908079636281,0.0006748605672143853,0.32415690553935794,-3.5955570400017,0,1.6914760531018997
24.344319999998625,-0.48638203422076737,-1.74742158581626,1.0001219319498793,-0.729133921273271,0.3539411134935178,-0.00011760793362015348,-0.4064819212118261,-1.804453956643482,0.6562331338779699,-0.8554948757643518,0.44668189337031033,-0.06164357087974657,-0.5069114540318995,-1.6576373824086341,0.6582725909609264,-0.771117721393149,0.37308670661344595,-0.00767805496894668,0.09000117304571391,0.09000117304571391,0.0,-0.05301315553628916,0.038404932183387475,0.00010538978189975285,0.0006813348865147891,0.32417812953838454,-3.595635403701362,0,1.688099045714189
24.348479999998624,-0.4894200958592641,-1.7459466094316647,1.0001214438943737,-0.7291347932392136,0.3539943323029063,-0.00011713332133148066,0.11947077842277093,-1.584520327949639,1.1877285390117334,-0.8637655235915773,0.36547527917639283,0.053517707638253094,-0.19551118314480453,-1.6203184993786819,0.9231146900987779,-0.8180986264421469,0.369441972449248,0.0233462706639741,0.09000117304571391,0.09000117304571391,0.0,-0.049973347171204496,0.03682334760696637,0.00010495245684541199,0.0006876111089854778,0.3241935403109726,-3.5957126867139606,0,1.6847219371946964
24.352639999998622,-0.49245810834323966,-1.7444714388329137,1.0001209578082322,-0.729122996154139,0.3540409437002639,-0.0001166606739757592,-0.525688211852386,-1.6326385414309097,1.0204660774235088,-0.8457344703255578,0.3341332812662827,0.025650885734256026,-0.36236157596117813,-1.625782783259295,0.97184337225185,-0.831691203013571,0.3513879752543246,0.025001300157104826,0.09000117304571391,0.09000117304571391,0.0,-0.0469589666684298,0.035254804818000696,0.00010451709603431786,0.0006936924018850611,0.32420318863628705,-3.59578890598028,0,1.681344787058497
24.35679999999862,-0.495496019349597,-1.7429961013126536,1.0001204736833027,-0.7290986415257538,0.3540810048623961,-0.00011618998305716957,-0.9773953702132948,-2.3004792602111492,0.7549348666501848,-0.6148281403677381,0.4510718177932932,-0.044145900567375065,-0.6711608048641606,-1.9621972215862307,0.8632961492967711,-0.7236565591213335,0.4010768248440417,-0.009745712301296023,0.09000117304571391,0.09000117304571391,0.0,-0.04396984297867368,0.033699216572231294,0.0001040836899750371,0.0006995819015936051,0.32420712494769377,-3.5958640781658535,0,1.6779676542986814
24.36095999999862,-0.498533777016681,-1.7415206239269105,1.000119991511469,-0.7290618401001732,0.3541145725783129,-0.00011572124011617823,-0.5448662520766401,-1.1858477261163616,0.5610422472239702,-0.6618125599675698,0.21802688758027824,0.07421066606216155,-0.609389161906705,-1.5735642470282003,0.7123196347850484,-0.6927547110832492,0.3098978725964323,0.03309476752058132,0.09000117304571391,0.09000117304571391,0.0,-0.04100580611605076,0.03215649616582805,0.00010365222885605062,0.000705282713415079,0.3242053993348448,-3.595938219665492,0,1.6745905973899147
24.36511999999862,-0.5015713299411247,-1.7400450334966957,1.0001195112846493,-0.7290127018665093,0.3541417032515519,-0.00011525443673096338,-0.20779773868728058,-1.9294993955741662,1.2475881087572316,-0.7222503507605781,0.301060000572693,0.014986116553481758,-0.41009260684504206,-1.7509080752310417,0.9799884093214096,-0.707641541690063,0.30545993973468594,0.02422367942431965,0.09000117304571391,0.09000117304571391,0.0,-0.03806668715312278,0.03062655743187126,0.00010322270340176959,0.0007107979114017063,0.32419806154575337,-3.596011346607731,0,1.6712136742919748
24.369279999998618,-0.5046086271747141,-1.738569356609602,1.000119032994797,-0.7289513360614416,0.3541624529024878,-0.00011478956451525506,-0.5447183176653859,-1.5054729040322943,1.4048010309650187,-0.8376771818240725,0.48956973447434704,0.10449783382862406,-0.4791486663713793,-1.6271716077630232,1.192616303786311,-0.77269050746182,0.3980446505692096,0.06375045214509109,0.09000117304571391,0.09000117304571391,0.0,-0.0351523182150677,0.02910931473767797,0.00010279510423202219,0.0007161305382001827,0.32418516098885813,-3.5960834748592077,0,1.6678369424532689
24.373439999998617,-0.5076456182212714,-1.737093619621391,1.0001185566339008,-0.7288778511737655,0.35417687717063284,-0.00011432661511883666,-0.8628005060723547,-1.2143316195301046,1.242444683779138,-0.8466547496833303,0.43974500436461084,-0.12047351148332597,-0.6727386096073251,-1.4198342897736884,1.217279751530816,-0.809513280652308,0.4189987980179939,-0.0281047407431866,0.09000117304571391,0.09000117304571391,0.0,-0.03226253247233313,0.027604682981478335,0.00010236942164788289,0.0007212836049193289,0.3241667467350784,-3.5961546200289667,0,1.6644604588143301
24.377599999998615,-0.5106822530335585,-1.7356178486575706,1.0001180821939832,-0.7287923549489145,0.35418503131692475,-0.00011386558022893599,-1.0052024477220103,-1.8688746511583165,1.0116173210801498,-0.7866777381303054,0.46763973684955057,0.13522382813619657,-0.8406092993635262,-1.6433855441087042,1.1147275364894742,-0.7980116257340153,0.4436087583314387,0.053944495551227316,0.09000117304571391,0.09000117304571391,0.0,-0.029397164136047094,0.02611257759004404,0.00010194564648768894,0.0007262600910172987,0.32414286751985755,-3.596224797472692,0,1.6610842798112906
24.381759999998614,-0.513718482010198,-1.7341420696149623,1.0001176096671016,-0.7286949543934652,0.35418697022600654,-0.00011340645156806132,-0.6161962617284269,-1.5961299258803865,0.2741383464020538,-1.0379126056284766,0.22398238135626278,-0.11943586958862076,-0.7305612966337666,-1.6192930172503228,0.6941803886537894,-0.9173416743539541,0.33452595607751806,-0.03357718855875474,0.09000117304571391,0.09000117304571391,0.0,-0.026556048451704006,0.0246329145148102,0.00010152376948652665,0.0007310629442079574,0.3241135717451978,-3.5962940222968713,0,1.6577084613793356
24.385919999998613,-0.516754255992613,-1.7326663081632603,1.0001171390453478,-0.7285857557796195,0.3541827484084916,-0.00011294922089451347,-0.33609955973712874,-2.080393368617836,1.5400504377155713,-0.7782224295259128,0.38853603486098254,0.18932764582096975,-0.5349461002544845,-1.8490390397424665,1.1175148868355103,-0.8479100529296077,0.3618948546519478,0.07797699347460976,0.09000117304571391,0.09000117304571391,0.0,-0.02373902169240183,0.023165610229592404,0.00010110378106206107,0.0007356950803862821,0.3240789074816841,-3.596362309362889,0,1.6543330589561354
24.390079999998612,-0.5197895262619866,-1.7311905897465802,1.0001166703208477,-0.7284648646496602,0.3541724200032209,-0.00011249388000374058,-0.3564581029886452,-1.8614443840469292,1.192058396156091,-0.8562349586790152,0.2696214410424337,0.03814578425046541,-0.44748342570702115,-1.8546806807899936,1.154867400280147,-0.8512885622009773,0.3156134723844329,0.057633565854178455,0.09000117304571391,0.09000117304571391,0.0,-0.020945921154518432,0.02171058172733087,0.00010068567217055212,0.0007401593835708784,0.3240389224704978,-3.5964296732910555,0,1.650958127485258
24.39423999999861,-0.5228242445362382,-1.729714939584999,1.0001162034857614,-0.7283323858203931,0.35415603877950774,-0.00011204042072619881,-0.6205284977184145,-1.6095134343434394,0.908518792862768,-0.7040390107260294,0.5769639262423234,0.05694367066940382,-0.5354730198267192,-1.7308948647923343,1.0318121026365548,-0.7769680197869567,0.44607528950240066,0.05618816545617897,0.09000117304571391,0.09000117304571391,0.0,-0.018176585150486035,0.020267746517039997,0.00010026943345217064,0.0007444587058641243,0.32399366412542074,-3.596496128464565,0,1.6475837214195592
24.39839999999861,-0.5258583629670197,-1.728239382676085,1.0001157385322825,-0.7281884233875595,0.3541336581393716,-0.00011158883492870989,-0.11455735977264314,-1.6304410647618883,1.2333093393843728,-0.7172316034506352,0.2113852232056809,0.012238272871577876,-0.32650541553717255,-1.6802276356071641,1.1325868717991245,-0.7464543919405235,0.3287687704599752,0.03455955954533581,0.09000117304571391,0.09000117304571391,0.0,-0.015430853003468137,0.018837022621282618,9.985505587284399e-05,0.0007485958674284911,0.3239431795348287,-3.5965616890333933,0,1.6442098947245538
24.40255999999861,-0.528891834136729,-1.7267639437964193,1.0001152754526388,-0.7280330807302307,0.35410533111976256,-0.00011113911451315708,-0.11029278004174442,-1.687141203322116,0.9199744674849966,-0.9504839549296413,0.2515988602806033,-0.06067494853289316,-0.22037367062333862,-1.6831614804010018,1.0261522335040012,-0.8488855915504756,0.2903478454357246,-0.01269277110966508,0.09000117304571391,0.09000117304571391,0.0,-0.012708565041486208,0.017418328572566533,9.944253029724718e-05,0.0007525736564781556,0.3238875154636752,-3.5966263689181273,0,1.6408367008817644
24.406719999998607,-0.5319246110555422,-1.7252886475031077,1.0001148142390912,-0.7278664605151793,0.3540711103947722,-0.00011069125141700608,-0.5548724468629114,-2.0246487770006913,0.6591066790565849,-0.6777458231533525,0.327994075306449,0.10364241434094897,-0.3890359818871605,-1.853226301239654,0.842842063283199,-0.7628982756797835,0.3096499249958971,0.04565865715997755,0.09000117304571391,0.09000117304571391,0.0,-0.01000956259195429,0.016011583411013164,9.903184770297354e-05,0.000756394829286308,0.3238267183554648,-3.5966901818137322,0,1.6374641928920517
24.410879999998606,-0.534956647158464,-1.7238135181352834,1.0001143548839344,-0.7276886647012312,0.3540310482778359,-0.00011024523761286672,-1.0786142126218858,-1.32501523634071,1.1964208210594955,-0.774031580073144,0.2902019893161679,0.20431613099447551,-0.7354410147331024,-1.588513702929543,1.020059122023438,-0.7679213453516895,0.3000435543018462,0.12486468482190058,0.09000117304571391,0.09000117304571391,0.0,-0.007333687975340286,0.014616706681270797,9.862299896703e-05,0.0007600621102064817,0.3237608343342169,-3.596753141193258,0,1.6340924232789238
24.415039999998605,-0.5379878963023956,-1.7223385798156003,1.0001138973794965,-0.7274997945435917,0.35398519672392353,-0.00010980106510898598,0.15244903029016,-1.391449896159778,1.081839417312828,-0.7477872146722307,0.42503465019602477,-0.15562662344011244,-0.2930450009451681,-1.4890973881516125,1.0506262395664434,-0.7579295773020097,0.3630250482000125,-0.015476708812159241,0.09000117304571391,0.09000117304571391,0.0,-0.004680784499665025,0.013233618429523863,9.821597486583744e-05,0.0007635781917076528,0.32368990920641905,-3.5968152603114834,0,1.6307214440918247
24.419199999998604,-0.5410183127632213,-1.7208638564517182,1.0001134417181383,-0.7272999505981532,0.35393360733171925,-0.00010935872594972048,-1.269634179864143,-1.597748768559559,0.7771304780957028,-0.6761923237621049,0.46622007418416295,0.06826980759306807,-0.7827519241532719,-1.5424549652918595,0.9140192356184182,-0.7175279150272343,0.4150250698880999,0.026010675957451677,0.09000117304571391,0.09000117304571391,0.0,-0.002050696455196288,0.011862239200707503,9.781076693191277e-05,0.0007669457344225997,0.32361398846297074,-3.5968765522084993,0,1.6273513069094039
24.423359999998603,-0.5440478512329121,-1.7193893717377775,1.0001129878922541,-0.727089232725781,0.3538763313457903,-0.00010891821221246261,-0.6899648437995898,-1.570182418698173,0.9380060125468763,-0.7752836452711435,0.26115414432502543,-0.04495795499671185,-0.7379712686848628,-1.5557749757070845,0.9259175624644739,-0.7459373208792989,0.3377545523654523,-0.008642909940020356,0.09000117304571391,0.09000117304571391,0.0,0.0005567308919431913,0.010502490035499523,9.740736574316892e-05,0.0007701673672090416,0.32353311728111667,-3.596937029713235,0,1.6239820628427637
24.4275199999986,-0.5470764668166478,-1.717915149155866,1.0001125358942706,-0.7268677400965751,0.35381341965874463,-0.00010847951601164479,-1.1666470521896959,-1.526347472793379,1.4891007745244371,-0.7119875585110321,0.29278103774448216,-0.08531251004609561,-0.9537943762376035,-1.5404513114383753,1.2073362314082459,-0.728338200478851,0.31491924923819364,-0.0472466814300146,0.09000117304571391,0.09000117304571391,0.0,0.0031416513049036254,0.00915429246762356,9.700576284778543e-05,0.0007732456872226185,0.3234473405263707,-3.5969967054469234,0,1.620613762538691
24.4316799999986,-0.5501041150299566,-1.7164412119774768,1.0001120857166477,-0.726635571194113,0.3537449228133788,-0.00010804262949477813,-1.102406448733265,-2.0599030990940532,1.2479543284515031,-0.896204917026826,0.35485460492638043,-0.006283284516742996,-1.0299664957323538,-1.7994431421606647,1.2276336056122088,-0.8117976757998634,0.33507155503279235,-0.02730157747152677,0.09000117304571391,0.09000117304571391,0.0,0.005704217582322091,0.00781756852114357,9.660594905417465e-05,0.0007761832600015093,0.3233567027544293,-3.5970555918265115,0,1.617246456182863
24.4358399999986,-0.5531307517958719,-1.7149675832649567,1.0001116373518775,-0.7263928238196686,0.35367089100481497,-0.00010760754484559849,-0.19893847150766403,-1.95183435543753,1.196890754557258,-0.6547829976508727,0.4107427603440292,0.004178792355752058,-0.6158110825438806,-1.874785983972974,1.2122702332062374,-0.7321057643972353,0.37314360134972163,-0.011359761616558713,0.09000117304571391,0.09000117304571391,0.0,0.008244581562844466,0.006492240707214769,9.620791571400664e-05,0.0007789826195618759,0.3232612482130752,-3.5971137010680136,0,1.61388019350304
24.439999999998598,-0.5561563334421069,-1.7134942858729458,1.0001111907924847,-0.7261395950964129,0.3535913740826257,-0.00010717425428182582,-0.5749130470890524,-1.8702569035414145,0.5745066473359335,-0.7672466333803304,0.47517845853505747,-0.012741063289063721,-0.5969577174949012,-1.871533596467144,0.8933568955255098,-0.7496315409907117,0.42441500095263596,-0.011770975336598736,0.09000117304571391,0.09000117304571391,0.0,0.010762894132015477,0.005178232021574303,9.581165408169604e-05,0.0007816462685042055,0.3231610208440719,-3.597171045189809,0,1.6105150237722334
24.444159999998597,-0.5591808166982468,-1.7120213424498085,1.0001107460310261,-0.7258759814735894,0.35350642155294953,-0.00010674275005566328,-0.8734215541240424,-1.9390602065310407,0.769838827501934,-0.6829945939099957,0.5402420669498027,-0.0677292386482078,-0.7366118124072107,-1.904175781635636,0.831456363225948,-0.7164937161627954,0.4833286656594152,-0.03986234697934526,0.09000117304571391,0.09000117304571391,0.0,0.013259305227049545,0.003875465941487688,9.541715552857232e-05,0.0007841766781294089,0.3230560642850472,-3.5972276360158864,0,1.6071509958118566
24.448319999998596,-0.5622041586929579,-1.710548775439056,1.0001103030600909,-0.7256020787306702,0.3534160825805944,-0.00010631302445335122,-0.24337431108711843,-1.7384747849235584,0.587199367573643,-0.7246688393020704,0.4909101932820905,-0.10664985347094719,-0.4914973297901831,-1.8203029191612388,0.7091060649388773,-0.7203742951458584,0.48705849533561535,-0.07408719252160523,0.09000117304571391,0.09000117304571391,0.0,0.01573396384247383,0.0025838664234356656,9.50244113293757e-05,0.0007865762885646154,0.3229464218713678,-3.5972834851790325,0,1.6037881579948556
24.452479999998594,-0.5652263169512142,-1.7090766070807597,1.0001098618723,-0.7253179819814907,0.3533204059911325,-0.0001058850697956023,-0.1629969522588564,-1.560042056282929,0.9373669589908207,-0.7068697264324153,0.27842918714409204,0.16142697577094042,-0.32871613572654634,-1.6895915746227668,0.8235743091995862,-0.7131300527854679,0.38277290377957185,0.043444900897955926,0.09000117304571391,0.09000117304571391,0.0,0.018187018036001756,0.0013033578998303819,9.46334126622569e-05,0.000788847508897691,0.3228321366380035,-3.59733860412397,0,1.6004265582488222
24.456639999998593,-0.5682472493915407,-1.7076048594129556,1.0001094224603067,-0.7250237856783613,0.35321944027298247,-0.00010545887843809042,-0.629399347371832,-1.6471719505001625,0.8905509067293276,-0.8359458136985547,0.3016812064449429,0.0900064414217188,-0.48079760969569885,-1.6677550156140817,0.8572511809905919,-0.7750007365088469,0.34273135879684063,0.0662930248018579,0.09000117304571391,0.09000117304571391,0.0,0.02061861493314132,3.386527636273229e-05,9.424415125128906e-05,0.0007909927173207583,0.322713251321382,-3.597393004110444,0,1.5970662440590848
24.460799999998592,-0.5712669143232747,-1.7061335542730411,1.0001089848167952,-0.724719583616162,0.35311323357948105,-0.00010503444276919824,-0.9927086230917621,-1.988071901863541,1.0136139554556285,-0.6859895337673074,0.3861122026746294,0.024582364504677684,-0.7381842383702863,-1.82711397584483,0.9354835510366561,-0.7301634634766113,0.3650815194990583,0.04603753284727076,0.09000117304571391,0.09000117304571391,0.0,0.023028900733851998,-0.0012246860704431262,9.3856618297613e-05,0.0007930142612822259,0.3225898083612341,-3.597446696216255,0,1.5937072624717832
24.46495999999859,-0.574285270443843,-1.7046627132991623,1.0001085489344819,-0.724405468936409,0.35300183373094585,-0.00010461175521226839,-0.5148244273544442,-1.6906243727848091,1.0361830412158235,-0.7869149997950127,0.2863085173031209,-0.08639045097601251,-0.6281393686692835,-1.7582721242999284,0.9856544625442878,-0.7586132691302753,0.32542042852624636,-0.020240782756199283,0.09000117304571391,0.09000117304571391,0.0,0.025418020717080214,-0.002472370296433768,9.347080554895812e-05,0.0007949144576456925,0.3224618499024286,-3.597499691340245,0,1.5903496600969216
24.46911999999859,-0.5773022768360568,-1.7031923579315926,1.0001081148061142,-0.7240815341313065,0.3528852882167252,-0.00010419080822337103,-0.4577598055610098,-1.8759594515948643,0.6467611892939151,-0.6805509783001458,0.20538395815884472,-0.16938670149052387,-0.5443642929197773,-1.8166879660588497,0.8158541735283528,-0.7194083392792349,0.2647113380360463,-0.0953035087984136,0.09000117304571391,0.09000117304571391,0.0,0.027786119246486995,-0.0037092610922899727,9.30867044449583e-05,0.0007966955928573394,0.322329417796798,-3.5975520002052326,0,1.586993483111406
24.47327999999859,-0.5803178929654226,-1.7017225094141042,1.0001076824244712,-0.7237478710477734,0.3527636441972387,-0.00010377159429262963,-0.7536586174853594,-2.1256947930676082,1.4658897943234486,-0.8863102249103167,0.27589861909644026,-0.06337870348874862,-0.6508575336275878,-1.9706195166695848,1.1407438560970606,-0.8023127455377927,0.2702253725234043,-0.07893415545959766,0.09000117304571391,0.09000117304571391,0.0,0.03013333977587407,-0.0049354316861058845,9.270430633065646e-05,0.0007983599231196437,0.3221925536049544,-3.597603633360899,0,1.583638777262059
24.477439999998587,-0.5833320786774703,-1.7002531887953292,1.000107251782363,-0.7234045708914504,0.3526369485060076,-0.00010335410594467008,-1.0028167630132303,-2.054130644953786,0.9813048185986826,-0.8656393604229303,0.39948733952536686,-0.08754232567771415,-0.8286407921904498,-2.0115445025333307,1.06084154737471,-0.8336467771808772,0.33473239064916666,-0.08343540453078652,0.09000117304571391,0.09000117304571391,0.0,0.0324598248543031,-0.006150954846510959,9.23236030990162e-05,0.0007999096745719487,0.3220512985980956,-3.597654601186629,0,1.5802855878686197
24.481599999998586,-0.5863447941950981,-1.6987844169301138,1.0001068228726309,-0.7230517242306861,0.3525052476516729,-0.00010293833573640388,-0.3227210868865526,-1.8921749900336367,0.9365631797739169,-0.7726171674473785,0.34497583244078145,0.11079119383975115,-0.5772852979865417,-1.9511420043993146,0.9989317994418232,-0.8027139925061101,0.3401578703082119,0.013731318811246934,0.09000117304571391,0.09000117304571391,0.0,0.034765716131554214,-0.0073559028849456976,9.194458612206738e-05,0.000801347043477472,0.32190569375980194,-3.5977049138943014,0,1.5769339598267218
24.485759999998585,-0.5893560001159336,-1.6973162144808638,1.0001063956881464,-0.7226894210005023,0.3523685878200051,-0.00010252427625920474,-0.9289880123710064,-1.5941926242617592,1.4585926249768253,-0.8762663394301237,0.5540003097525739,0.052382674936326944,-0.7549610332964571,-1.7715124580062795,1.2288731806959963,-0.8398179082120352,0.4470394128959136,0.033632693459907326,0.09000117304571391,0.09000117304571391,0.0,0.03705115436370732,-0.008550347658586088,9.156724753459723e-05,0.0008026741964160857,0.3217557797878234,-3.597754581531037,0,1.573583937610855
24.489919999998584,-0.5923656574097108,-1.6958486019188808,1.0001059702218125,-0.7223177505065363,0.3522270148759015,-0.00010211192013581133,-1.2064105009039208,-1.5521120689144217,0.9015794563598593,-0.7141129949616698,0.23718002475125946,-0.26399569301523745,-0.9821742922694191,-1.6613175648588427,1.064676328523689,-0.7769581492227455,0.34220209990551803,-0.11583735104710005,0.09000117304571391,0.09000117304571391,0.0,0.03931627941799154,-0.00973436057295718,9.119157873762099e-05,0.0008038932704827136,0.32160159709585695,-3.5978036139819,0,1.5702355652773072
24.494079999998583,-0.5953737274156649,-1.6943815995256917,1.0001055464665625,-0.721936801428965,0.35208057436537427,-0.00010170126002342572,-0.502369699113809,-1.936214101600506,1.3818891043292212,-0.7770631545501473,0.5099551749015265,0.13186362746864638,-0.7438848166838414,-1.7977057430598338,1.2235586146888864,-0.7770540759556945,0.4254323148004766,0.00828287451674521,0.09000117304571391,0.09000117304571391,0.0,0.04156123027829328,-0.010908012584446625,9.081757146723625e-05,0.0008050063734911126,0.3214431858153146,-3.5978520209725517,0,1.56688888646709
24.49823999999858,-0.5983801718399415,-1.6929152273943686,1.0001051244153598,-0.721546661826406,0.35192931151752777,-0.00010129228861236019,-1.0184843143270688,-1.8626294263216205,1.0242857795283782,-0.7284368574197114,0.36005176677442063,0.018658415640004946,-0.8827006698729555,-1.8294202367282548,1.1239609116241327,-0.7532027757117096,0.3932727073829643,0.012844910176952357,0.09000117304571391,0.09000117304571391,0.0,0.04378614504982403,-0.012071374203255103,9.044521801012594e-05,0.0008060155841826454,0.3212805857970821,-3.597899812071868,0,1.5635439444088433
24.50239999999858,-0.6013849527530241,-1.6914495054308414,1.0001047040611988,-0.7211474191398015,0.35177327124652474,-0.00010088499862377813,-0.9343704457213837,-1.6671857526303904,0.8714491032428127,-0.6493742921500352,0.31051091398913316,-0.10085405034421593,-0.9098882346356024,-1.7476557786215212,0.9974927752491207,-0.7005086936302485,0.3517878786730865,-0.04366467628031157,0.09000117304571391,0.09000117304571391,0.0,0.04599116096572975,-0.01322451549571324,9.007450970636245e-05,0.0008069229524398008,0.32111383661326787,-3.5979469966945046,0,1.5602007819217232
24.50655999999858,-0.6043880325871752,-1.6899844533552015,1.0001042853971038,-0.7207391601962746,0.3516124981535432,-0.00010047938281369338,-0.503041286931678,-1.7926521536608784,1.4913180732869038,-0.7235525340645896,0.3728343056435982,0.05986774945731408,-0.7079672107062894,-1.7693790833554797,1.244532345907637,-0.7118711264338309,0.3624476762476685,0.008603191475433125,0.09000117304571391,0.09000117304571391,0.0,0.048176414390722844,-0.014367506087034077,8.970543844593747e-05,0.0008077304995037102,0.32094297755894263,-3.5979935841034267,0,1.5568594414182726
24.510719999998578,-0.6073893741338959,-1.6885200907029985,1.000103868416129,-0.7203219712129718,0.3514470365287221,-0.00010007543397073338,-0.42441291226267697,-1.4959625865700472,1.2998720603710974,-0.508600096571969,0.3990720655850305,-0.02372227927908674,-0.5672472286371403,-1.6318392183400232,1.2721535409708378,-0.6096341450492903,0.3809281693443746,-0.007697996735849428,0.09000117304571391,0.09000117304571391,0.0,0.05034204082644056,-0.01550041516386036,8.933799667076007e-05,0.000808440218196193,0.3207680476538695,-3.5980395834123944,0,1.5535199649072733
24.514879999998577,-0.6103889405413996,-1.6870564368265273,1.0001034531113584,-0.7198959378008839,0.35127693035309765,-9.967314491385008e-05,-0.675535421725898,-1.810612748555649,1.2635967676066966,-0.6731407319832994,0.42497253870402285,0.02009901428375838,-0.6227927225010644,-1.7203429594596165,1.2679173133460881,-0.6411302393905318,0.40278191410968184,0.005999870746647324,0.09000117304571391,0.09000117304571391,0.0,0.05248817491820845,-0.016623311476925973,8.897217609163188e-05,0.0008090540731456538,0.3205890856442254,-3.5980850035884067,0,1.5501823939965789
24.519039999998576,-0.6133866953121022,-1.6855935108961084,1.0001030394759063,-0.7194611449686394,0.351102223300528,-9.92725084954355e-05,-0.5329738845619126,-1.7198635697970686,1.2311821299558396,-0.6690345069890524,0.46566075968154547,0.08354610184092066,-0.5792750233655672,-1.7191344095897758,1.2497224637156812,-0.6547074380140968,0.4340774572957852,0.04514035633837881,0.09000117304571391,0.09000117304571391,0.0,0.054614950457651856,-0.017736263343726688,8.86079685429309e-05,0.0008095740010158835,0.3204061300043119,-3.5981298534541057,0,1.5468467698959318
24.523199999998575,-0.6163826023001284,-1.68413133190136,1.0001026275029163,-0.7190176771262883,0.35092295873960794,-9.887351760085108e-05,-0.602807935382767,-1.2245475796966367,0.8881021331644903,-0.6202034395368096,0.37635634309912264,-0.0780094288602909,-0.5923317659694809,-1.4710553491108282,1.0687483616626288,-0.6374014734965376,0.4055213914417079,-0.016835847131735564,0.09000117304571391,0.09000117304571391,0.0,0.05672250038959881,-0.018839338650770365,8.82453661974481e-05,0.0008100019107391526,0.32021921893825794,-3.598174141690142,0,1.5435131334197638
24.527359999998573,-0.6193766257088328,-1.6826699186524618,1.0001022171855616,-0.7185656180890567,0.3507391797355746,-9.84761651470337e-05,-1.0313833902510523,-1.685657552212705,1.2152731285822944,-0.6816699620417317,0.3350559619331869,0.12077350267286517,-0.8132782626678255,-1.5776594283691667,1.1422633276238583,-0.6596489486506417,0.36951551719961817,0.05179085072838123,0.09000117304571391,0.09000117304571391,0.0,0.058810956816645055,-0.019932604856262692,8.788436135354928e-05,0.0008103396837517305,0.3200283903817127,-3.5982178768375,0,1.5401815249899735
24.531519999998572,-0.6223687300883373,-1.681209289781411,1.0001018085170446,-0.7181050510810847,0.3505509290522021,-9.808044408204315e-05,-0.4891035538158713,-1.8084345203853556,0.5756015172105082,-0.737143191743499,0.36562388631602466,0.04630010497685487,-0.652722450657701,-1.6922882864551272,0.8590264052909355,-0.6981148975638267,0.3676585560148414,0.04825474987467714,0.09000117304571391,0.09000117304571391,0.0,0.06088045100395201,-0.021016128993015193,8.75249460075001e-05,0.0008105891742323033,0.31983368200352924,-3.5982610672997852,0,1.536851984638693
24.53567999999857,-0.6253588803330837,-1.6797494637432706,1.0001014014905971,-0.717636058739143,0.3503582491536845,-9.768634738632664e-05,-0.3858221922366444,-1.5082036313257505,0.8296154002722659,-0.8943611435794663,0.45100799921578494,-0.0988449447871543,-0.5211292233707265,-1.5993058671937286,0.8441149568911496,-0.796934981538774,0.4089817135793624,-0.02521573246136975,0.09000117304571391,0.09000117304571391,0.0,0.06293111338427138,-0.022089977670398997,8.716711228114079e-05,0.0008107522093430862,0.319635131207439,-3.5983037213454736,0,1.533524552011033
24.53983999999857,-0.6283470416794018,-1.6782904588174101,1.0001009960994802,-0.717158723116331,0.35016118220651127,-9.729386807226312e-05,-0.45094042101988235,-1.6561002387670691,0.93556303811544,-0.6216150090020065,0.40198194992095504,-0.023273128397134784,-0.4873287117444691,-1.6268686052639567,0.8897910832524665,-0.7085940145983531,0.4060908372341122,-0.024174002449062842,0.09000117304571391,0.09000117304571391,0.0,0.06496307356319853,-0.023154217077054007,8.681085242255267e-05,0.0008108305894736134,0.31943277513371726,-3.598345847110125,0,1.530199266367813
24.54399999999857,-0.6313331797030924,-1.6768322931087378,1.0001005923369837,-0.716673125685752,0.3499597700813314,-9.690299918366814e-05,-0.6293337651842894,-1.327614354339786,1.2821560511264858,-0.7138180106037443,0.32787428435921273,-0.02246148956471792,-0.5598178780040559,-1.476555745340419,1.085930324167923,-0.7107608179897349,0.3661838620470359,-0.02366918162397146,0.09000117304571391,0.09000117304571391,0.0,0.06697646032358895,-0.024208912983713526,8.64561588067239e-05,0.0008108260884859902,0.31922665066083916,-3.5983874525985575,0,1.5268761665882724
24.548159999998568,-0.6343172603170265,-1.675374984548926,1.0001001901964262,-0.7161793473441715,0.34975405435480633,-9.651373379531385e-05,-0.8232758343045239,-1.983436342862763,1.0596152104150909,-0.7240455662902423,0.2361808994539325,-0.12430600495716178,-0.6930550884982847,-1.7295086521778988,1.0725134228690536,-0.7172123634830725,0.3013400391866385,-0.073689087513508,0.09000117304571391,0.09000117304571391,0.0,0.06897140163137672,-0.025254130745181236,8.610302372204551e-05,0.0008107404539630861,0.31901679440712716,-3.59842854568699,0,1.5235552911727654
24.552319999998566,-0.6372992497687584,-1.6739185508976284,1.0000997896711552,-0.7156774684156514,0.3495440763114549,-9.612606501328774e-05,-0.5885779273797441,-1.3654348442808497,1.2082476695937014,-0.7691536046316771,0.3310138730764295,-0.11027916743935255,-0.6424154712139193,-1.5467798911787853,1.140151642056907,-0.7432386857636784,0.3157854689196177,-0.09175265982750012,0.09000117304571391,0.09000117304571391,0.0,0.0709480246399139,-0.026289935303170475,8.575143937031082e-05,0.0008105754074576523,0.3188032427323888,-3.5984691341251454,0,1.520236678245439
24.556479999998565,-0.6402791146381549,-1.672463009743689,1.000099390754547,-0.715167568655166,0.3493298769454866,-9.573998597544285e-05,-0.5350266875572978,-1.4342143818510142,1.1985639817639984,-0.8011302380802895,0.472146719537601,0.15935042055994686,-0.5903886830990478,-1.4895141074411318,1.1696899929577576,-0.7712058159766734,0.39386474605706273,0.03362506301670517,0.09000117304571391,0.09000117304571391,0.0,0.07290645569421716,-0.027316391188725198,8.540139808088659e-05,0.0008103326447433357,0.31858603173954525,-3.598509225538321,0,1.5169203655568946
24.560639999998564,-0.6432568218350391,-1.6710083785063448,1.000098993440006,-0.7146497272522017,0.34911149696262517,-9.535548985085893e-05,-0.8022368446265667,-1.377042640195706,0.9027966324518832,-0.765914068662921,0.3749098315542383,-0.2351656481893457,-0.6979083606435142,-1.4324968878269133,1.0357547517595118,-0.7680624176270674,0.38395698001389195,-0.1019284228320758,0.09000117304571391,0.09000117304571391,0.0,0.07484682033704493,-0.02833356252453967,8.50528925255492e-05,0.0008100138360674509,0.3183651972762521,-3.5985488274294246,0,1.5136063904868313
24.564799999998563,-0.6462323385968488,-1.66955467443642,1.0000985977209649,-0.7141240228343309,0.34888897678192254,-9.49725698384781e-05,-0.8758321195005478,-1.616860434272615,1.2451937752786173,-0.771282276842774,0.41788723220069446,0.14794756529261202,-0.7884759236279582,-1.5238112312296523,1.140783231219572,-0.7695789295469192,0.4011475522857866,0.023101517678854034,0.09000117304571391,0.09000117304571391,0.0,0.07676924331296209,-0.02934151302739385,8.470591507730573e-05,0.0008096206264045856,0.31814077493650966,-3.5985879471809783,0,1.5102947900466746
24.56895999999856,-0.6492056324863104,-1.6681019146175136,1.000098203590885,-0.7135905334707697,0.3486623565375631,-9.459121916838807e-05,-0.1429307264259535,-2.1436276339203575,0.5798429475815436,-0.7999442247506887,0.4048449466103818,-0.1627101455392878,-0.4673627556877162,-1.8328818034638494,0.8599727309070261,-0.7847177276455213,0.4030438254818565,-0.0707536393884403,0.09000117304571391,0.09000117304571391,0.0,0.07867384857359294,-0.03034030601059623,8.43604580238979e-05,0.0008091546357114242,0.31791280006226524,-3.5986265920570863,0,1.5069856008821856
24.57311999999856,-0.6521766713891267,-1.6666501159671774,1.0000978110432555,-0.7130493366759137,0.34843167608065784,-9.421143110218272e-05,-0.45895227218438994,-1.4391446716567295,1.1188468524474484,-0.6418957106187525,0.3969128790679361,-0.04675783159584628,-0.4644929356911846,-1.6351832832197324,0.9893136892548443,-0.7131445770652673,0.39919404865421526,-0.058440417415091706,0.09000117304571391,0.09000117304571391,0.0,0.08056075928171391,-0.03133000438675437,8.401651399614357e-05,0.0008086174591821682,0.31768130774500625,-3.5986647692053726,0,1.5036788592760573
24.57727999999856,-0.6551454235116803,-1.6651992952380898,1.0000974200715933,-0.7125005094128571,0.34819697498102714,-9.383319893158962e-05,-0.1490502903167824,-1.681488981183089,0.9685234605062852,-0.7056463663856931,0.12050775726774507,-0.09965094956963307,-0.3082376913932391,-1.658086259507991,0.9787083187933185,-0.7091258200167618,0.26008795500131315,-0.07767769220404919,0.09000117304571391,0.09000117304571391,0.0,0.08243009781621446,-0.03231067066937743,8.367407575509821e-05,0.0008080106675054533,0.31744633282734414,-3.5987024856588867,0,1.5003746011504926
24.581439999998558,-0.6581118573787507,-1.6637494690192192,1.0000970306694434,-0.7119441280968912,0.347958292528977,-9.345651597796212e-05,-0.39788475284517333,-1.6413768987457193,0.5696368997828872,-0.7167447788868975,0.37528469201731596,-0.0826201996624865,-0.35455287934172214,-1.6489504511204967,0.7739979604903573,-0.7128282379066442,0.3174722650692794,-0.08017809738422231,0.09000117304571391,0.09000117304571391,0.0,0.08428198577793089,-0.03328236697630338,8.33331357643801e-05,0.0008073358071212283,0.31720790990459047,-3.5987397483379766,0,1.4970728620697633
24.585599999998557,-0.6610759418312464,-1.6623006537369813,1.0000966428303786,-0.7113802685989791,0.34771566773706114,-9.308137559354009e-05,-0.7054863967354138,-1.5464031996911094,0.6161272567519527,-0.7638317789222772,0.5134176801900678,-0.08318348045303581,-0.5316098161574111,-1.5966083690268702,0.6948884367046584,-0.7388197949521705,0.41550697508678996,-0.08165751616223663,0.09000117304571391,0.09000117304571391,0.0,0.08611654399271385,-0.034245155031209285,8.299368661784511e-05,0.0008065944004783579,0.3169660733263228,-3.598776564052132,0,1.4937736772427586
24.589759999998556,-0.6640376460239514,-1.6608528656563903,1.0000962565479987,-0.7108090062492171,0.34746913934183715,-9.270777116095443e-05,-0.8886202145652176,-2.041607989125935,0.6294460327472868,-0.660394477554817,0.3541417110769586,0.07543579758514121,-0.7114896597474574,-1.818374683161284,0.6623231940249737,-0.7003118111496893,0.38482570041349623,-0.0028867286496197134,0.09000117304571391,0.09000117304571391,0.0,0.08793389251675343,-0.035199096166198096,8.265572125442359e-05,0.0008057879462926201,0.3167208571979426,-3.598812939501798,0,1.4904770815255133
24.593919999998555,-0.6669969394232859,-1.6594061208822002,1.0000958718159316,-0.7102304158402749,0.3472187458056116,-9.233569609180407e-05,-0.40862349178723806,-1.6129583627645294,0.8073464953951688,-0.7744717518049268,0.41140999063403116,0.07513935889079233,-0.5616651036769081,-1.7148089250116745,0.7349907634533861,-0.7374983439626919,0.3979046966803329,0.03678667359844776,0.09000117304571391,0.09000117304571391,0.0,0.08973415064181456,-0.03614425132460575,8.23192321027703e-05,0.0008049179198046576,0.31647229538222443,-3.5988488812801545,0,1.4871831094237193
24.598079999998554,-0.669953791805081,-1.6579604353600412,1.0000954886278324,-0.7096445716308133,0.34696452531817373,-9.196514382882804e-05,-1.1153790247931492,-1.2380220944695322,1.1069755300945525,-0.6942451443054025,0.5497273666251311,0.0037650338916272144,-0.8399712303014029,-1.4752674086552726,0.9209940611096877,-0.7152581889561647,0.4731582168652373,0.02004706071428998,0.09000117304571391,0.09000117304571391,0.0,0.09151743689888181,-0.03708068106253437,8.198421193661437e-05,0.0008039857730383061,0.3162204215008563,-3.5988843958748737,0,1.4838917950952268
24.602239999998552,-0.672908173252368,-1.6565158248775473,1.0000951069773831,-0.709051547348887,0.34670651579852296,-9.159610784449337e-05,-0.6672528641045816,-1.7869142670206521,0.6931535402192566,-0.6972580820359744,0.2508752353565352,-0.13384513587318111,-0.7550621921211423,-1.6305698247164888,0.8067944396071364,-0.705741425942652,0.3613670676923339,-0.05719079045884804,0.09000117304571391,0.09000117304571391,0.0,0.09328386906342168,-0.03800844555220806,8.165065366192098e-05,0.000802992935058588,0.31596526893597116,-3.5989194896698415,0,1.4806031723525215
24.60639999999855,-0.6758600541531818,-1.6550723050654783,1.000094726858293,-0.7084514161953254,0.34644475489658216,-9.122858164046534e-05,-0.57521064852764,-1.9009561306883778,0.30775154941231253,-0.7368938774741998,0.3734238746593427,0.1455971912090729,-0.6666660661011184,-1.7649871467938545,0.5575719936250181,-0.7221876710080384,0.36690802289512353,0.044356958286790676,0.09000117304571391,0.09000117304571391,0.0,0.09503356415980435,-0.038927604583092634,8.131855031755767e-05,0.0008019408122299618,0.31570687083167004,-3.5989541689468543,0,1.4773172746651924
24.61055999999855,-0.6788094051983781,-1.6536298913988328,1.000094348264298,-0.7078442508470951,0.3461792799949066,-9.086255874709609e-05,-0.37590781773657106,-1.708883421113284,1.180416021085876,-0.5331738651353883,0.48489480067183277,0.009337006987110623,-0.5223949711413057,-1.7359255979905857,0.8690207500610286,-0.6271746740822541,0.4255446258237092,0.02542418460625767,0.09000117304571391,0.09000117304571391,0.0,0.09676663846584743,-0.03983821756537298,8.098789443344861e-05,0.000800830788473844,0.3154452600955363,-3.598988439887288,0,1.474034135162381
24.61471999999855,-0.6817561973794641,-1.6521885991979561,1.0000939711891617,-0.7072301234606436,0.34591012821037825,-9.049803272558548e-05,-0.7321095735210075,-1.8319547871406612,0.9961146820529074,-0.6049900470579379,0.7032971573667615,0.15073642178625782,-0.6285123401811789,-1.7824771705887676,0.9328810203122527,-0.6159690100045151,0.5639913648388589,0.08860719312754421,0.09000117304571391,0.09000117304571391,0.0,0.09848320751694284,-0.04074034353119371,8.065867910009511e-05,0.0007996642255260672,0.31518046940014155,-3.5990223085737365,0,1.470753786635216
24.618879999998548,-0.6847004019864442,-1.6507484436296398,1.0000935956266734,-0.7066091056752251,0.345637336395895,-9.013499716564978e-05,-0.8196924052853092,-1.1592875501967776,1.4527260432746552,-0.5807641119310105,0.262929067275564,-0.16473393686326482,-0.7253132440129725,-1.470331697884349,1.1924657007233175,-0.5976182010369142,0.41375983762472823,-0.03861123800171064,0.09000117304571391,0.09000117304571391,0.0,0.10018338611148425,-0.04163404113782998,8.0330897113892e-05,0.0007984424631937951,0.31491253118454293,-3.5990557809916286,0,1.4674762615392325
24.623039999998547,-0.6876419906056784,-1.6493094397082146,1.0000932215706497,-0.7059812686162038,0.3453609411420466,-8.977344568677703e-05,-0.6034530571427551,-1.3920868228455352,1.1821281768060228,-0.5894468129003304,0.2511902209080895,-0.004920981416609283,-0.665609276394553,-1.4306864871068161,1.1872856133679555,-0.5930780040291078,0.33260208661347085,-0.02127898364099028,0.09000117304571391,0.09000117304571391,0.0,0.10186728831448888,-0.04251936866926265,8.000454161897298e-05,0.0007971668196117894,0.3146414776557718,-3.5990888630308118,0,1.4642015919967726
24.627199999998545,-0.6905809351177549,-1.6478716022966364,1.0000928490149332,-0.7053466828983427,0.3450809787787841,-8.941337193683043e-05,-0.6321045299501301,-1.4563767040949784,1.3204810132225204,-0.6691802371487217,0.30021451679070255,-0.08723941174969081,-0.650249846849308,-1.4429079036320673,1.253701035775861,-0.6304978578873224,0.31668239360651934,-0.05341153239653884,0.09000117304571391,0.09000117304571391,0.0,0.10353502746219534,-0.04339638403904311,7.967960568020177e-05,0.0007958385914979414,0.31436734079031414,-3.5991215604871143,0,1.4609298097993768
24.631359999998544,-0.693517207695376,-1.6464349461075654,1.0000924779533933,-0.7047054186290717,0.3447974853770772,-8.905476959239113e-05,-0.7872600503730347,-1.0769762002220453,1.0949938633192313,-0.7557879809823135,0.26971946078733733,0.03454270809574836,-0.7203280553257847,-1.2593772890658592,1.1744177781873082,-0.6930719182127826,0.29262998932317147,-0.009243552741426846,0.09000117304571391,0.09000117304571391,0.0,0.10518671616699549,-0.04426514479198895,7.93560820690017e-05,0.0007944590544085239,0.31409015233558246,-3.599153879063881,0,1.4576609464101555
24.635519999998543,-0.6964507808012582,-1.644999485704438,1.000092108379925,-0.7040575454117363,0.3445104967505649,-8.869763236000261e-05,-0.5206071403138313,-1.6577714080641868,1.2215917901232303,-0.7066374977110106,0.42618456730528714,0.17500351679716653,-0.6219388542463209,-1.4576888287088017,1.19836808792691,-0.6984745356598256,0.3585062401714535,0.08336275665158908,0.09000117304571391,0.09000117304571391,0.0,0.10682246632163395,-0.045125708106741436,7.903396433354227e-05,0.0007930294629920725,0.31380994381137917,-3.5991858243734827,0,1.4543950329661444
24.639679999998542,-0.699381627186045,-1.6435652355025332,1.0000917402884502,-0.7034031323488279,0.34422004845719456,-8.834195397297195e-05,-1.1226105257857606,-1.4581156735941316,1.0580547524869854,-0.5934208738772887,0.518990507306296,-0.10217971802146919,-0.8735124847450794,-1.4568236857631764,1.127998073144064,-0.6459577245886875,0.4391789228475663,-0.009476242508068274,0.09000117304571391,0.09000117304571391,0.0,0.10844238910277615,-0.04597813079790314,7.871324508803911e-05,0.0007915510512424254,0.3135267465113514,-3.5992174019388004,0,1.4511321002806503
24.64383999999854,-0.7023097198862334,-1.6421322097700297,1.000091373672916,-0.7027422480451989,0.343926175800853,-8.798772819527861e-05,-0.4698553157156788,-1.9353719712462827,1.159575540317872,-0.5488427264720829,0.334843335633449,-0.0644660296205864,-0.6728233404860592,-1.695404432437985,1.143653469982347,-0.5970756494117699,0.3868830217720913,-0.03722234259087779,0.09000117304571391,0.09000117304571391,0.0,0.11004659497673064,-0.04682246931818135,7.839391793762479e-05,0.0007900250327511972,0.31324059150443834,-3.5992486171946876,0,1.4478721788455762
24.64799999999854,-0.7052350322221136,-1.640700422629059,1.000091008527296,-0.7020749606112542,0.3436289138329878,-8.763494881747323e-05,-0.4358742533170709,-1.8839109790510282,0.7245655949240162,-0.7609148924693349,0.5222578119485697,-0.03181576043536665,-0.5559308079347026,-1.7885724945834554,0.9340393253496067,-0.6785095968824272,0.45444193577072145,-0.03399110789818466,0.09000117304571391,0.09000117304571391,0.0,0.11163519370293806,-0.047658779760752834,7.807597576831455e-05,0.0007884526009586507,0.3129515096363094,-3.599279475489405,0,1.444615298833734
24.65215999999854,-0.7081575377957224,-1.6392698880567496,1.000090644845589,-0.701401337666127,0.3433282973542193,-8.728360965971221e-05,-0.7071272445810358,-1.8216545164559856,1.2407383116208635,-0.7461886499392885,0.312202861813499,-0.15366317861743622,-0.6330823178462841,-1.8044632744835207,1.0870720674706578,-0.7122568364727013,0.3828075500666369,-0.09416463145521285,0.09000117304571391,0.09000117304571391,0.0,0.11320829433854418,-0.048487117861207185,7.775941224420237e-05,0.0007868349294037544,0.31265953153079434,-3.5993099820860346,0,1.441361490101143
24.656319999998537,-0.7110772104888092,-1.6378406198862665,1.00009028262182,-0.7007214463408366,0.3430243609159437,-8.693370456852629e-05,-1.0837727195311198,-1.4742284908254792,1.254194995989633,-0.7430616285095784,0.4894175370783339,-0.12449224020667993,-0.8599768426756128,-1.6383258228134527,1.1703749720127112,-0.7273573485644492,0.43621400745760397,-0.10894715182003752,0.09000117304571391,0.09000117304571391,0.0,0.11476600524202252,-0.04930753899981799,7.74442200967605e-05,0.0007851731719729792,0.3123646875913052,-3.5993401421638698,0,1.438110782189313
24.660479999998536,-0.7139940244608152,-1.6364126318078418,1.0000899218500392,-0.7000353532814292,0.342717138821927,-8.658522742074174e-05,-0.9708639193149304,-1.4502059556765725,1.5069248153356305,-0.5796072561817298,0.4007357975888259,0.0899755349518137,-0.9166284566670398,-1.5434313142782619,1.3388387093736962,-0.6526582154728706,0.41860228343360256,-0.009168780721004535,0.09000117304571391,0.09000117304571391,0.0,0.11630843407905478,-0.0501200982040344,7.713039304971036e-05,0.0007834684631478205,0.3120670080022507,-3.5993699608197804,0,1.4348632043275111
24.664639999998535,-0.7169079541468656,-1.6349859373698006,1.000089562524322,-0.6993431246520951,0.3424066651298886,-8.623817211935201e-05,-0.49761001491636936,-1.735702569236834,0.9386716621989637,-0.4738061107415565,0.368720011744181,0.05549496399206427,-0.7081020567113847,-1.638799362653427,1.1388690083993889,-0.56312336134833,0.39270380493979595,0.022584417006741124,0.09000117304571391,0.09000117304571391,0.0,0.11783568782489895,-0.05092485015001702,7.681792432315905e-05,0.000781721918250895,0.3117665227304409,-3.599399443069558,0,1.4316187854350166
24.668799999998534,-0.7198189742557751,-1.6335605499795793,1.0000892046387695,-0.6986448261382752,0.3420929736530779,-8.58925325956597e-05,-0.9792465420657408,-2.370153004782892,0.6723755514779863,-0.735296130261768,0.2483054226043693,-0.1709889462581582,-0.8452056449934362,-2.00396414652237,0.9052652886963143,-0.6491728938251533,0.3201836234069313,-0.07511552359267851,0.09000117304571391,0.09000117304571391,0.0,0.11934787277008141,-0.0517218491652498,7.650680727477882e-05,0.0007799346336910018,0.31146326152648546,-3.5994285938492383,0,1.4283775541233592
24.672959999998533,-0.7227270597680657,-1.6321364829047382,1.0000888481875079,-0.6979405229497426,0.3417760979618401,-8.554830280872463e-05,-0.7462233851091797,-2.024188625403002,1.1278178298013926,-0.6965938560326496,0.4422349601368845,-0.09132542558231285,-0.7971625455206722,-2.013155506712989,1.0163524813553415,-0.6729629707468237,0.3806317246146544,-0.08289199895008714,0.09000117304571391,0.09000117304571391,0.0,0.12084509452311032,-0.052511149230409226,7.619703518630267e-05,0.0007781076872062243,0.3111572539261825,-3.599457418016401,0,1.4251395386985455
24.67711999999853,-0.7256321859339977,-1.6307137492739667,1.000088493164688,-0.6972302798236742,0.34145607138517403,-8.520547674569381e-05,-0.35366063987155755,-0.9159158352456488,1.2740934131818393,-0.6582201604962136,0.25211381130311283,0.011277121441530508,-0.5767791676988993,-1.4640044014369058,1.1452482268477628,-0.6648233479347461,0.31676458756789105,-0.03582306037868884,0.09000117304571391,0.09000117304571391,0.0,0.12232745801662248,-0.05329280398156211,7.588860190603616e-05,0.0007762421381061502,0.31084852925190076,-3.5994859203514498,0,1.4219047671632674
24.68127999999853,-0.7285343282716131,-1.6292923620780821,1.0000881395644863,-0.6965141610276947,0.3411329270122806,-8.486404841946819e-05,-0.8240573072843665,-1.8843888820196009,0.599026807309079,-0.7540435003364289,0.20061462845795242,0.09136215133704836,-0.7019895591917635,-1.6737818686761803,0.8723248433722377,-0.7088493424501887,0.258484462581481,0.02722390002367997,0.09000117304571391,0.09000117304571391,0.0,0.12379506750990865,-0.05406686671258254,7.558150056583219e-05,0.0007743390275119428,0.3105371166139521,-3.599514105558868,0,1.4186732672190987
24.68543999999853,-0.7314334625647919,-1.6278723341710233,1.0000877873811034,-0.6957922303629103,0.34080669769410116,-8.452401187171323e-05,-0.8596795263985982,-1.0957203758132579,0.9658097440211993,-0.6139708483727921,0.4117500816540931,0.09729366640863144,-0.7821135178475415,-1.3838910679445324,0.9192701150850013,-0.6610170106643063,0.3353088687246628,0.06235083474561553,0.09000117304571391,0.09000117304571391,0.0,0.12524802659294698,-0.05483339037650703,7.527572486411608e-05,0.0007723993785952808,0.3102230449119573,-3.599541978268458,0,1.4154450662686795
24.689599999998528,-0.7343295648613207,-1.6264536782708363,1.000087436608765,-0.6950645511669248,0.34047741604484966,-8.418536117050444e-05,-0.5453869429425126,-1.4335206804632548,0.7565879352645891,-0.8142136769677156,0.3863088712436753,0.12644398315493957,-0.6654428158542239,-1.4079010768077296,0.838191849053792,-0.7372683757702,0.3600201719944871,0.09393052984034998,0.09000117304571391,0.09000117304571391,0.0,0.12668643819248082,-0.05559242758828464,7.497126821120174e-05,0.0007704241968157565,0.3099063428362035,-3.599569543036558,0,1.4122201914178805
24.693759999998527,-0.7372226114709742,-1.6250364069606549,1.0000870872417218,-0.6943311863168304,0.3401451144435335,-8.384809041158447e-05,-0.9249626967077519,-1.7348117806370045,1.11137102443365,-0.8409637144103694,0.3955726736990395,0.023134542350767652,-0.7969544597852533,-1.5705344959934118,0.9748328910586008,-0.788769230726218,0.3771014361354995,0.0578525592505141,0.09000117304571391,0.09000117304571391,0.0,0.12811040457372758,-0.056344030626573005,7.466812415696673e-05,0.0007684144701560374,0.30958703886899347,-3.599596804347238,0,1.408998669477959
24.697919999998525,-0.7401125789636084,-1.6236205326896738,1.000086739274248,-0.6935921982321905,0.3398098250354666,-8.351219371775928e-05,-0.5408531515851567,-1.8385812099480883,1.1782871311556284,-0.7668358912018193,0.2758478601492308,0.1899375816679824,-0.6704979257198311,-1.7039853804920366,1.0769570002737234,-0.7773636286327429,0.3261961770498353,0.1236457872162403,0.09000117304571391,0.09000117304571391,0.0,0.1295200273454109,-0.05708825143585994,7.436628660568886e-05,0.0007663711693558759,0.3092651612859874,-3.5996237666134774,0,1.4057805269676997
24.702079999998524,-0.7429994441672667,-1.6222060677741164,1.000086392700643,-0.6928476488780008,0.33947157973377307,-8.317766523746657e-05,-0.2259438349245546,-1.4598711551566304,1.1444824002651082,-0.5274408371811224,0.5026135986727214,-0.09532673797472482,-0.44931470001054025,-1.580880168989689,1.1105218035054092,-0.6524812817946397,0.41392767002544445,0.014217981558865743,0.09000117304571391,0.09000117304571391,0.0,0.13091540746448693,-0.05782514162848551,7.406574917486668e-05,0.0007642952481443659,0.308940738157537,-3.599650434178322,0,1.4025657901155395
24.706239999998523,-0.7458831841662985,-1.620793024398196,1.0000860475152298,-0.6920975997676304,0.33913041022088286,-8.28444991460022e-05,-0.6761149166799375,-1.8046593091964438,0.7368030407724958,-0.7600694588684364,0.18442231243225227,-0.05178333691855466,-0.5642987760200423,-1.6923874573724829,0.923552529114067,-0.7055672831739377,0.299067270290651,-0.01898516646773839,0.09000117304571391,0.09000117304571391,0.0,0.13229664523927842,-0.0585547524865625,7.376650540872422e-05,0.0007621876434701588,0.3086137973500108,-3.599676811316025,0,1.3993544848616795
24.710399999998522,-0.7487637762994891,-1.619381414615071,1.0000857037123563,-0.6913421119657496,0.33878634795001855,-8.251268964581711e-05,-0.7414338471399621,-1.6748229355917699,0.8033416534078157,-0.6424295253913331,0.2685104929702006,-0.06909641893178324,-0.6542027692907186,-1.6830472515310166,0.8633021100878185,-0.6744912165310242,0.28411394320351013,-0.04383493269252904,0.09000117304571391,0.09000117304571391,0.0,0.13366384033337075,-0.05927713496433118,7.34685489923811e-05,0.0007600492757299242,0.3082843665271131,-3.599702902233165,0,1.396146636860186
24.71455999999852,-0.7516411981582026,-1.6179712503477932,1.000085361286394,-0.69058124609124,0.33843942414667233,-8.218223096597803e-05,-1.1025324290451712,-1.181291918434089,0.8257214676235825,-0.49461714346529895,0.2874785662081074,-0.040663702039808076,-0.8794000350410406,-1.4315675207511656,0.8444267450822627,-0.5843207361764262,0.2855045768845517,-0.04215263785610578,0.09000117304571391,0.09000117304571391,0.0,0.13501709177047938,-0.05999233968955853,7.317187375251914e-05,0.0007578810489951795,0.3079524731511938,-3.5997287110697465,0,1.3929422714810733
24.71871999999852,-0.7545154275845363,-1.6165625433902513,1.0000850202317384,-0.689815062320085,0.338089669810077,-8.185311736156322e-05,-0.5754866702340364,-2.199278946868937,1.3571946567611188,-0.9181301106223279,0.308688397298158,-0.12499761693400174,-0.7293502388086225,-1.814784874965057,1.1005529216385963,-0.7515267542687001,0.2962929596041229,-0.08290821057743891,0.09000117304571391,0.09000117304571391,0.0,0.13635649793730176,-0.06070041696643935,7.28764736580482e-05,0.0007556838512370824,0.3076181444845517,-3.5997542419002877,0,1.3897414138123774
24.72287999999852,-0.7573864426694873,-1.615155305408107,1.0000846805428087,-0.6890436203882464,0.3377371157146643,-8.152534311313564e-05,-0.8673333346279627,-1.5769033988698544,1.1273495962018545,-0.6872075640056382,0.4106709008679502,-0.015576835469176363,-0.7997724729553599,-1.6949876805957402,1.1139197001567724,-0.7192034754574523,0.35318215135301323,-0.0495608624832014,0.09000117304571391,0.09000117304571391,0.0,0.13768215658819494,-0.06140141677668709,7.258234239243121e-05,0.0007534585545496714,0.30728140759072936,-3.5997794987348826,0,1.3865440886622131
24.727039999998517,-0.7602542217511311,-1.6137495479397257,1.0000843422140482,-0.6882669795945219,0.33738179241151883,-8.119890252789831e-05,-0.6050398073329162,-1.286018994502001,0.5930406355116387,-0.9446662971643964,0.3641135882873981,0.09728953517625483,-0.7043697958155558,-1.4897447781452566,0.8536813639018561,-0.8318531842366236,0.35943959704401424,0.022661735957390225,0.09000117304571391,0.09000117304571391,0.0,0.13899416484912042,-0.06209538878201959,7.228947378135921e-05,0.0007512060153708326,0.3069422893358007,-3.59980448552025,0,1.3833503205608189
24.731199999998516,-0.7631187434128118,-1.6123452823971014,1.0000840052399234,-0.6874851988033849,0.3370237302298209,-8.087378993915945e-05,-0.7459172387720058,-2.2594652299277547,1.2149935466395387,-0.7306864923134648,0.19462800354639656,0.01517653533284706,-0.7266656204171155,-1.8742054075635752,1.0343718986808481,-0.7803118666085629,0.27696645129087333,0.018752099793343267,0.09000117304571391,0.09000117304571391,0.0,0.1402926192208498,-0.06278238232611721,7.199786179341757e-05,0.0007489270747013063,0.3066008163896509,-3.5998292061407646,0,1.3801601337625893
24.735359999998515,-0.7659799864813444,-1.6109425200667753,1.0000836696149247,-0.6866983364478109,0.33666295927828127,-8.054999970574175e-05,-1.0142715743207678,-1.8214702925425577,0.9016557830567704,-0.7266822824146257,0.22917454070296234,0.02763398257926866,-0.8719821729030857,-1.8473606004172032,0.9680706119074951,-0.7534596248261559,0.2529753435914667,0.023085804545943108,0.09000117304571391,0.09000117304571391,0.0,0.14157761558357396,-0.06346244643615828,7.17075001124108e-05,0.000746622558322294,0.3062570152272487,-3.5998536644194714,0,1.3769735522480924
24.739519999998514,-0.768837930025228,-1.6095412721107478,1.0000833353335654,-0.6859064505320834,0.3362995094465689,-8.022752621319401e-05,-0.8748502403578485,-1.4541462231555253,0.8080502261615774,-0.5735453291074761,0.29015737352093274,-0.14084808114118905,-0.8746092827104838,-1.6501469320791577,0.8877671197007698,-0.6634666648616822,0.27146333784952553,-0.059245852998760694,0.09000117304571391,0.09000117304571391,0.0,0.1428492492000255,-0.06413562982553767,7.141838320754947e-05,0.0007442932770103538,0.30591091212991095,-3.5998778641190823,0,1.3737905997260762
24.743679999998513,-0.7716925533528721,-1.6081415495673865,1.0000830023903826,-0.6851095986345868,0.3359334104067273,-7.990636387051098e-05,-1.4600767619659152,-1.3613716682959938,1.1926311086796226,-0.7591955149447058,0.27828641316829233,0.031531130929942336,-1.1689264837861448,-1.505177255558182,1.0402692597587997,-0.711199909857951,0.2742992178924944,-0.015030860924393296,0.09000117304571391,0.09000117304571391,0.0,0.14410761472032485,-0.0648019808947734,7.113050462275003e-05,0.0007419400267512416,0.3055625331865608,-3.599901808942958,0,1.3706112996354602
24.74783999999851,-0.7745438360108329,-1.6067433633523258,1.0000826707799364,-0.684307837910577,0.3355646916145868,-7.958650711404219e-05,-1.4926044694272842,-1.355768050047184,1.3487804803365386,-0.6645775328904872,0.4189805311324045,-0.07023108673299709,-1.3321510587642669,-1.4295995384787727,1.1943811537047544,-0.6874035092989678,0.34634137972955614,-0.04272527756771885,0.09000117304571391,0.09000117304571391,0.0,0.1453528061842715,-0.06546154773455648,7.084385847316431e-05,0.0007395635889506477,0.30521190429497635,-3.5999255025360717,0,1.3674356751473156
24.75199999999851,-0.7773917577820618,-1.6053467242593626,1.0000823404968098,-0.6835012250949442,0.33519338231116336,-7.926795040509372e-05,-0.9180276814653012,-1.5347397564393734,0.8099609321831649,-0.76681077944634,0.4660492347218691,0.03275894629720171,-1.126681773835954,-1.4812018605616555,1.0022378713168083,-0.7269301905394021,0.4065945447655956,-0.005651885050310862,0.09000117304571391,0.09000117304571391,0.0,0.14658491702664023,-0.0661143781267769,7.055843901883677e-05,0.0007371647306440602,0.30485905116303436,-3.5999489484859586,0,1.36426374916683
24.75615999999851,-0.7802362986841658,-1.6039516429613458,1.0000820115356088,-0.6826898165049499,0.3348195115240534,-7.895068822937966e-05,-0.33139945562329115,-1.2748526073369524,1.305932410514362,-0.6655241166941741,0.22876490788467968,-0.168295943801559,-0.7304188469619312,-1.3775488096617325,1.1537382830819976,-0.6964587981319046,0.3171352516663954,-0.08747691238034397,0.09000117304571391,0.09000117304571391,0.0,0.14780404008035086,-0.06676051954673023,7.027424023702954e-05,0.0007347442047038368,0.3045039993099444,-3.5999721503236493,0,1.3610955443352626
24.760319999998508,-0.7830774389676781,-1.6025581300110592,1.0000816838909625,-0.6818736680429527,0.33444310806881883,-7.86347150981786e-05,-0.9405343542783532,-1.7119725815673035,1.0383326366255616,-0.7224683837274151,0.13761076029130753,0.05838716000374868,-0.8369805388101201,-1.5444766967702392,1.0961578244658707,-0.7095798749572609,0.22733035422745446,-0.015385370567217525,0.09000117304571391,0.09000117304571391,0.0,0.1490102675794358,-0.06740001916522376,6.999125624989743e-05,0.0007323027500443925,0.3041467740674768,-3.5999951115245876,0,1.3579310830318847
24.764479999998507,-0.7859151591143411,-1.6011661958420993,1.0000813575575227,-0.6810528351991192,0.33406420055036257,-7.832002554775855e-05,-0.7787738073085656,-1.4835901182408646,1.1539815980427028,-0.5958549194724589,0.2647617295016154,0.010099589853266039,-0.8091163027853123,-1.5134805303773033,1.125090231365422,-0.6526399801384555,0.24520007254212803,-0.0022159204885221773,0.09000117304571391,0.09000117304571391,0.0,0.15020369116372834,-0.06803292385015325,6.97094811109834e-05,0.0007298410918258575,0.3037874005811835,-3.6000178355095342,0,1.3547703873759087
24.768639999998506,-0.7887494398353999,-1.5997758507697482,1.0000810325299638,-0.6802273730541151,0.33368281736429783,-7.800661413970219e-05,-0.893779670905988,-1.2687768411822642,0.9930618302507784,-0.858782721558142,0.3377653339572845,-0.17693488485599707,-0.8532367172982276,-1.3904237637744103,1.0587073184840272,-0.7547869919756554,0.2911557573469947,-0.0896752731071601,0.09000117304571391,0.09000117304571391,0.0,0.15138440188292202,-0.06865928016830003,6.942890901938929e-05,0.000727359941655049,0.3034259038116107,-3.600040325645453,0,1.3516134792284011
24.772799999998504,-0.7915802620699073,-1.5983871049918386,1.0000807088029828,-0.6793973362817791,0.3332989866983092,-7.769447546026837e-05,-0.7952975147051108,-1.3694744924760975,0.8482591113780161,-0.6914576097437078,0.4628667333227684,0.1524349141977867,-0.8257060746038439,-1.3789880668116772,0.9537992158967906,-0.7225722695399707,0.3778824067894272,0.0311655543788316,0.09000117304571391,0.09000117304571391,0.0,0.15255249019850337,-0.06927913438777433,6.914953432044174e-05,0.0007248599977846109,0.303062308535505,-3.6000625852463877,0,1.3484603801941897
24.776959999998503,-0.7944076069830397,-1.5969999685896157,1.000080386371299,-0.6785627791517874,0.3329127365335031,-7.738360411984031e-05,-1.0157621298723427,-1.3115273952001252,0.8199527172877418,-0.6704174893904324,0.31213547594175617,0.04944720579261973,-0.9221301333915745,-1.344607419778054,0.8869786125195551,-0.6963768648172288,0.3447215355710295,0.03995238723069521,0.09000117304571391,0.09000117304571391,0.0,0.15370804598900722,-0.06989253247907534,6.887135129218796e-05,0.0007223419453103066,0.30269663934701174,-3.600084617574317,0,1.3453111116237506
24.781119999998502,-0.7972314559644242,-1.5956144515285917,1.0000800652296542,-0.6777237555322955,0.33252409464575367,-7.707399475321219e-05,-1.1646836923569892,-1.5473690961010378,1.1757769178400088,-0.6920754242569522,0.2857363245290958,-0.02336782571729469,-1.0448492308726838,-1.4453936355032602,1.031332166006084,-0.6936859600174812,0.31440661565450856,0.007823014794882566,0.09000117304571391,0.09000117304571391,0.0,0.1548511585531489,-0.07049952011754601,6.859435414539552e-05,0.0007198064563661318,0.3023289206588672,-3.6001064258400026,0,1.3421656946150893
24.7852799999985,-0.8000517906264766,-1.5942305636593956,1.0000797453728125,-0.6768803188925664,0.33213308860703783,-7.676564201986669e-05,-1.2516853105868946,-1.379436591048833,1.0176164364172597,-0.6605306316603522,0.27532592526615596,-0.09264601084651654,-1.1496435729331178,-1.4118418460651567,1.024281467035853,-0.6766438201780317,0.294803489182786,-0.04238718444420797,0.09000117304571391,0.09000117304571391,0.0,0.15598191661317728,-0.07110014268487197,6.831853702355268e-05,0.0007172541903171612,0.30195917670358235,-3.6001280132038196,0,1.3390241500156048
24.7894399999985,-0.8028685928027498,-1.5928483147186174,1.00007942679556,-0.6760325223055842,0.3317397457867641,-7.645854060428332e-05,-1.0594735669176616,-1.0260230270300033,1.5157599445974084,-0.6146434586596042,0.1570536080038709,0.14964387867616571,-1.1058364363385835,-1.218601615047395,1.2703357228217798,-0.6456202594371455,0.22523783830760352,0.05346075822021524,0.09000117304571391,0.09000117304571391,0.0,0.15710040831867023,-0.07169444527090563,6.80438946453797e-05,0.000714685793950786,0.3015874315346204,-3.600149382776574,0,1.3358864984239451
24.7935999999985,-0.8056818445462942,-1.5914677143296463,1.0000791094927048,-0.6751804184506507,0.3313440933530929,-7.615268521354594e-05,-1.2037449615965166,-1.772549989753622,0.13524936866851067,-0.6958287843675868,0.3532260592241733,0.08553310609199423,-1.1562391694511984,-1.4948442164749882,0.7029624461105927,-0.6704896637166451,0.2888572399967604,0.06952529481162263,0.09000117304571391,0.09000117304571391,0.0,0.15820672125033708,-0.07228247267571086,6.77704210218041e-05,0.0007121019016654681,0.30121370902756717,-3.600170537620307,0,1.3327527601918483
24.797759999998497,-0.8084915281280274,-1.5900887720035035,1.0000787934590774,-0.6743240596159651,0.33094615827424845,-7.584807058031622e-05,-0.5737515386770297,-1.5631309335896335,0.9759516688386434,-0.6712872011829303,0.2341021497187444,0.038051958537827196,-0.8663868900165788,-1.5285016272831033,0.8395383857141285,-0.6711989716190622,0.2617236521424538,0.05366031684233329,0.09000117304571391,0.09000117304571391,0.0,0.15930094242287351,-0.07286426941129154,6.749811073898556e-05,0.0007095031356574104,0.3008380328812936,-3.600191480749084,0,1.3296229554259715
24.801919999998496,-0.8112976260351157,-1.588711497139671,1.0000784786895296,-0.6734634977011918,0.3305459673198228,-7.554469146044797e-05,-0.15396316525483622,-1.8952380995078528,1.1735675745342704,-0.4703069445153019,0.1932042176628715,-0.15004520171208352,-0.5111495885726174,-1.7114700767458944,1.006243990277899,-0.5701304547952968,0.22723091350210542,-0.04854601735034418,0.09000117304571391,0.09000117304571391,0.0,0.16038315828910665,-0.07343987970289878,6.722695810363206e-05,0.00070689010610583,0.3004604266191129,-3.6002122151297757,0,1.3264971039897107
24.806079999998495,-0.8141001209693657,-1.5873358990269124,1.0000781651789352,-0.6725987842200094,0.3301435470620739,-7.52425426341667e-05,-1.1548767814427818,-1.2767461000747464,0.4159511942311678,-0.6559473444992183,0.3154638907777106,-0.03765994619118703,-0.8343822065656907,-1.4934490900745394,0.7110154196399843,-0.6129537317011825,0.2714376105846531,-0.04324290151406332,0.09000117304571391,0.09000117304571391,0.0,0.1614534547434039,-0.07400934749162524,6.695695778484554e-05,0.0007042634113553555,0.3000809135899287,-3.6002327436828216,0,1.3233752255050037
24.810239999998494,-0.8168989958456268,-1.5859619868440906,1.0000778529221899,-0.6717299703026447,0.32973892387721293,-7.494161890456323e-05,-0.4560939362238124,-1.8862498617374113,0.6993914653390538,-0.7211399244462068,0.25974264316834567,0.03935958302057781,-0.6467361549493854,-1.689310981927314,0.7052863243564229,-0.6666645774642778,0.2651170291896239,-0.0024741441047907552,0.09000117304571391,0.09000117304571391,0.0,0.16251191712498758,-0.07457271643561636,6.668810395877174e-05,0.0007016236380967549,0.29969951696937863,-3.600253069282982,0,1.3202573393541268
24.814399999998493,-0.8196942337902033,-1.5845897696609794,1.0000775419142103,-0.6708571066983923,0.32933212394668565,-7.464191509966333e-05,-0.15005808170875523,-1.6120030313973466,0.6305002575692762,-0.7115774079776026,0.3673956144938863,-0.008858294071061984,-0.3998731994453105,-1.649891532353117,0.667874777307939,-0.6893603072629417,0.31588378057296246,-0.00587480820000185,0.09000117304571391,0.09000117304571391,0.0,0.16355863022125616,-0.0751300299117138,6.642039159229145e-05,0.0006989713615456947,0.29931625976096826,-3.600273194760079,0,1.3171434646814753
24.81855999999849,-0.8224858181392788,-1.5832192564390692,1.000077232149935,-0.6699802437781194,0.3289231732584468,-7.434342606914386e-05,-1.214955308378097,-1.1228000364320017,0.9794294452920251,-0.5442054853161462,0.15546962295110756,-0.026703113201334738,-0.8085531356392285,-1.3860184163457272,0.8235981783717289,-0.616192756581244,0.23553913748388683,-0.016012911181188378,0.09000117304571391,0.09000117304571391,0.0,0.16459367827175964,-0.07568133101774555,6.61538149464911e-05,0.0006963071456192726,0.2989311647972007,-3.6002931228997244,0,1.3140336203953342
24.82271999999849,-0.8252737324373486,-1.5818504560323683,1.0000769236243237,-0.6690994315367529,0.3285120976082244,-7.404614668729973e-05,-0.30079384552487154,-1.6068512678977505,1.3073205666358123,-0.6544307342950798,0.47535869339236453,-0.12438481844122976,-0.5560305740943157,-1.4954472014964693,1.0652043238085351,-0.6355787244188728,0.3552154347620676,-0.07032813473233313,0.09000117304571391,0.09000117304571391,0.0,0.1656171449709034,-0.07622666257385968,6.588836864551695e-05,0.0006936315431103812,0.29854425474069796,-3.600312856444036,0,1.310927825169638
24.82687999999849,-0.8280579604356643,-1.5804833771881983,1.0000766163323576,-0.6682147195957547,0.3280989226007784,-7.375007185152572e-05,-1.2290488615655657,-1.4643767180155385,0.9153421796319001,-0.8390369212854136,0.32812380358628895,-0.040130418854647215,-0.894288239975326,-1.4792285134964869,0.9901892128067191,-0.7379485804709761,0.34131510783100605,-0.05546193799288384,0.09000117304571391,0.09000117304571391,0.0,0.1666291134719422,-0.07676606712429102,6.56240472495667e-05,0.0006909450958605773,0.29815555208531563,-3.6003323980923416,0,1.307826097445717
24.831039999998488,-0.8308384860906876,-1.579118028547985,1.0000763102690389,-0.6673261572055795,0.3276836736511508,-7.345519648260903e-05,-1.2178884413618474,-1.371606826831359,0.39708652489043883,-0.8275039322921699,0.2902351600364854,-0.0013102628216806814,-1.0578121002126555,-1.42481246249064,0.6936299098258826,-0.7825709538836759,0.31540627871107974,-0.02786858480046754,0.09000117304571391,0.09000117304571391,0.0,0.16762966639045396,-0.07729958693913241,6.536084546905955e-05,0.0006882483349303378,0.2977650791572515,-3.6003517505018725,0,1.304728455434033
24.835199999998487,-0.8336152935625547,-1.5777544186480439,1.000076005429391,-0.6664337932481167,0.327266375985909,-7.316151552409867e-05,-0.35033311129710976,-1.2529380202591582,1.1413747979596711,-0.6006896157749706,0.313888534943808,0.25628089650987074,-0.7053187733894134,-1.3382204922817795,0.9180399802959566,-0.690823877552348,0.3143265985217169,0.11349724514605658,0.09000117304571391,0.09000117304571391,0.0,0.1686188858063229,-0.07782726401600448,6.509875795113196e-05,0.000685541780767455,0.2973728581161462,-3.600370916288444,0,1.3016349171159054
24.839359999998486,-0.836388367213551,-1.5763925559203589,1.0000757018084578,-0.6655376762391237,0.32684705464438085,-7.286902394259516e-05,-0.886298624857954,-2.321765463683882,1.4411991176424235,-0.6413456182457452,0.5791436359719376,-0.14038598872343935,-0.7971436061686238,-1.8287951875909778,1.1793305034250567,-0.6662511947971514,0.4466841136962851,-0.013087898013568971,0.09000117304571391,0.09000117304571391,0.0,0.1695968532694776,-0.07834914008205218,6.483777949380847e-05,0.0006828259433737568,0.29697891095617923,-3.6003898980271267,0,1.298545500245222
24.843519999998485,-0.8391576916065954,-1.5750324486933593,1.0000753994013047,-0.6646378543306343,0.3264257344798814,-7.257771672711774e-05,-1.2634311739365158,-1.8113516928688604,1.099812690343131,-0.6286996758586875,0.40353608874133,0.220361968459262,-1.0316010684925705,-1.8192334454939927,1.140028703489163,-0.6461610289786069,0.42485832736195717,0.1039507249673625,0.09000117304571391,0.09000117304571391,0.0,0.17056364980093464,-0.07886525659487609,6.457790483249681e-05,0.000680101322469313,0.2965832595071557,-3.600408698252904,0,1.295460222350142
24.847679999998483,-0.8419232515037344,-1.5736741051926888,1.0000750982030178,-0.6637343753133612,0.3260024401609352,-7.228758888940213e-05,-0.41162791640165936,-1.3496508103453275,0.9128682947331566,-0.6375766968439748,0.3245042032136815,0.25241325005932197,-0.7229372437703224,-1.583763900985348,1.0269717240555558,-0.6414132864303228,0.374696467218837,0.1782675567003341,0.09000117304571391,0.09000117304571391,0.0,0.17151935589748568,-0.07937565474507313,6.431912842581774e-05,0.0006773684076549413,0.29618592543558864,-3.6004273194613234,0,1.2923791007347865
24.851839999998482,-0.8446850318646472,-1.5723175335419701,1.0000747982087033,-0.6628272866190793,0.32557719617248787,-7.199863546502406e-05,-0.8719402629423165,-1.4687232819607337,1.8035672559406728,-0.5881710699023044,0.31397812492426214,0.1622402449694835,-0.7986633274238089,-1.5255889032924155,1.4156122813230951,-0.6147221531539573,0.3439479403644903,0.17030199004035917,0.09000117304571391,0.09000117304571391,0.0,0.17246405153425837,-0.07988037545739257,6.406144552579136e-05,0.0006746276785726745,0.2957869302457735,-3.6004457641091316,0,1.2893021524809178
24.85599999999848,-0.8474430178451596,-1.5709627417635654,1.0000744994134887,-0.661916635322996,0.3251500268171118,-7.171085151014288e-05,-1.0463149485578682,-1.8142510637633644,1.3366862014122227,-0.6235984208491994,0.13467040499794988,-0.10909855083897946,-0.9237874417717411,-1.6696403826749315,1.3759225590759543,-0.619398080065019,0.23859638432229,0.030238870314285213,0.09000117304571391,0.09000117304571391,0.0,0.1733978161685683,-0.08037945939253843,6.380485046713757e-05,0.0006718796050643317,0.2953862952808567,-3.6004640346149035,0,1.2862293944496073
24.86015999999848,-0.8501971947957684,-1.5696097377793312,1.0000742018125215,-0.6610024681461055,0.3247209562162045,-7.142423210531783e-05,-1.056278909205187,-1.277424480848748,0.696830816473891,-0.7468997559171814,0.1537846688821477,-0.06387474029429965,-0.9915889914586569,-1.4732097945581957,1.0362406172824141,-0.6824872468163639,0.19618391186112316,-0.017551942232464823,0.09000117304571391,0.09000117304571391,0.0,0.17432072874228566,-0.0808729469486561,6.354933859214617e-05,0.0006691246473278746,0.29498404172389703,-3.6004821333596584,0,1.2831608432828938
24.86431999999848,-0.8529475482601747,-1.568258529411368,1.00007390540097,-0.6600848314575319,0.32429000831118004,-7.113877235131961e-05,-0.7385706933539276,-1.7302085249008152,0.990027514831524,-0.4921327293581228,0.3467218985068303,0.05781344806881276,-0.8661024654310723,-1.6009893791606928,1.0132537630738152,-0.5869510751651115,0.2712473511306308,0.020236473180948004,0.09000117304571391,0.09000117304571391,0.0,0.17523286768624158,-0.08136087826325133,6.329490432647279e-05,0.0006663632560719924,0.29458019059892154,-3.600500062687467,0,1.2800965154054296
24.868479999998478,-0.8556940639738283,-1.5669091243827653,1.0000736101740226,-0.6591637712768532,0.323857206864652,-7.085446737294518e-05,-0.6940954971627824,-1.5804138999563035,0.9081356483599302,-0.6119067737666979,0.2826561739540962,-0.18552889399916603,-0.7813720380244381,-1.5901131191250024,0.9603082338163685,-0.5987002691303536,0.27672992271799984,-0.08270918924139156,0.09000117304571391,0.09000117304571391,0.0,0.1761343109226141,-0.08184329321468742,6.304154267566808e-05,0.0006635958726688112,0.29417476277197424,-3.6005178249060497,0,1.2770364270261145
24.872639999998476,-0.85843672786248,-1.5655615303183419,1.000073316126888,-0.658239333276414,0.32342257546160985,-7.057131231663798e-05,-0.7596944850036902,-1.5154894285710183,0.4122474389686326,-0.5179886977014241,0.25971343473245084,0.15168923869246617,-0.7716109630244494,-1.5522613370539546,0.6865901335407893,-0.5581324125649438,0.26859867112636954,0.034175465941785964,0.09000117304571391,0.09000117304571391,0.0,0.1770251358681787,-0.08232023142368627,6.278924879883526e-05,0.0006608229293045117,0.293767778952158,-3.6005354222873622,0,1.2739805941397226
24.876799999998475,-0.8611755260407451,-1.564215754745381,1.000073023254795,-0.6573115627836243,0.32298613751058847,-7.02893023498427e-05,-1.1320603639398226,-1.6045147219565936,0.2745163028859573,-0.5790368652926376,0.3055450534229621,-0.05793714365901321,-0.9530426705125054,-1.5777512170043773,0.4804301930009373,-0.5685328295025797,0.28627451674126364,-0.012050854512674224,0.09000117304571391,0.09000117304571391,0.0,0.17790541943735327,-0.0827917322550491,6.253801736678412e-05,0.0006580448491279787,0.29335925969267124,-3.6005528570681737,0,1.2709290325285159
24.880959999998474,-0.8639104448106752,-1.5628718050943609,1.0000727315529923,-0.6563805047832443,0.32254791624483037,-7.000843266304418e-05,-1.1305938877821948,-1.4284944697669149,1.1656179141422902,-0.46802944177748496,0.25718155823744476,0.03458780708035851,-1.0427946696991008,-1.502586756900746,0.8231017747227367,-0.5174891243452491,0.27167608952469524,0.010791901765694282,0.09000117304571391,0.09000117304571391,0.0,0.17877523804632434,-0.08325783481916693,6.2287843631552e-05,0.0006552620463978908,0.29294922539183743,-3.6005701314506355,0,1.2678817577638464
24.885119999998473,-0.8666414706603405,-1.56152968869968,1.0000724410167487,-0.6554462039196508,0.3221079347234406,-6.972869846737538e-05,-1.0658249303655585,-1.5668809807321662,0.9873610299929289,-0.43932386389738587,0.189143274360674,-0.02347120904889098,-1.0552247704783209,-1.5343416274052462,0.9051822993697901,-0.4779169816865474,0.23076174116032244,-0.005648441033668279,0.09000117304571391,0.09000117304571391,0.0,0.17963466761482905,-0.08371857797385807,6.203872235754915e-05,0.0006524749266272745,0.2925376962941285,-3.6005872476028387,0,1.2648387852077498
24.88927999999847,-0.8693685902624201,-1.5601894128003777,1.0000721516413529,-0.6545087044990962,0.32166621583253424,-6.94500949966371e-05,-0.9715165868295689,-1.9964053534971675,0.6060395994724088,-0.7119071064998752,0.2953640099339577,0.09419068456991296,-1.0148522546165069,-1.764762714971797,0.7558047365452178,-0.5942163727713966,0.26322211997411615,0.04428084635208688,0.09000117304571391,0.09000117304571391,0.0,0.18048378356987071,-0.08417400032567535,6.179064889107937e-05,0.0006496838867268801,0.29212469249118195,-3.600604207659365,0,1.2618001300145276
24.89343999999847,-0.8720917904728032,-1.5588509845408511,1.0000718634221133,-0.6535680504919493,0.3212227822863773,-6.917261750487156e-05,-0.45177716182979677,-1.3359673851469223,0.8177000526565538,-0.6868680764532855,0.39443779945143415,-0.0655307103400454,-0.7347410400360389,-1.5495415314127896,0.7866151116171941,-0.639763917612593,0.32877395246534397,-0.009937940596706985,0.09000117304571391,0.09000117304571391,0.0,0.1813226608493379,-0.08462414023153808,6.154361787731496e-05,0.0006468893151462588,0.2917102339228116,-3.600621013721826,0,1.2587658071323184
24.89759999999847,-0.8748110583291987,-1.5575144109715657,1.000071576354358,-0.6526242855349225,0.32077765662852076,-6.889626126932398e-05,-0.7547074217615959,-1.2482784317778937,0.391215645305927,-0.7861926158072078,0.304856379541809,-0.03273944088694211,-0.7463609154031466,-1.3982740632702424,0.5888450296820531,-0.7123500421375097,0.31695236697774515,-0.021584914348919224,0.09000117304571391,0.09000117304571391,0.0,0.182151373903922,-0.08506903580026326,6.129762475749225e-05,0.000644091592013157,0.2912943403780123,-3.600637667859398,0,1.2557358313046596
24.90175999999847,-0.8775263810497541,-1.5561796990497618,1.0000712904334346,-0.6516774529332874,0.32033086123292775,-6.862102158711895e-05,-0.9454615878083928,-1.3841964476228452,0.9290821130239512,-0.6283084666190061,0.272251122282002,-0.07955224988528257,-0.847220099843883,-1.3906688045002034,0.7588004252776072,-0.6700501144062578,0.2945670857327102,-0.050535774542888656,0.09000117304571391,0.09000117304571391,0.0,0.18296999670139513,-0.08550872489442063,6.105266448655288e-05,0.0006412910892709593,0.29087703149595834,-3.6006541721093406,0,1.2527102170720377
24.905919999998467,-0.8802377460316836,-1.5548468556401573,1.0000710056547104,-0.6507275956630736,0.31988241830509234,-6.834689377728917e-05,-0.866676677646885,-1.7458895249482729,0.8127066518829618,-0.6692789269589866,0.43813470311232483,0.14758392251765975,-0.8583422652860585,-1.567368896673249,0.7860606433232787,-0.6688665202673425,0.36564628443504177,0.04862810884021509,0.09000117304571391,0.09000117304571391,0.0,0.1837786027286541,-0.08594324513123186,6.0808732174323155e-05,0.0006384881708142456,0.2904583267669959,-3.6006705284775147,0,1.2496889787734293
24.910079999998466,-0.8829451408499055,-1.5535158875156443,1.000070722013572,-0.649774756373257,0.3194323498831543,-6.807387318014365e-05,-0.6753381835057543,-1.6850782902742902,0.5516823432591825,-0.5720801088178757,0.39692213722072556,-0.07173658148450174,-0.7680298315172733,-1.6253974574331524,0.6687210860638824,-0.6200093851749767,0.38062191415409624,-0.011759464764275203,0.09000117304571391,0.09000117304571391,0.0,0.1845772649949471,-0.08637263388486272,6.056582308618005e-05,0.0006356831926226721,0.290038245533629,-3.6006867389388875,0,1.2466721305478325
24.914239999998465,-0.8856485532556886,-1.5521868013579818,1.0000704395054256,-0.648818977387934,0.31898067783900363,-6.780195515662735e-05,-0.7566165025336054,-1.4765417127501743,0.6038463836181809,-0.7202641677620667,0.2743175950381953,-0.10355287408527394,-0.7638219801982447,-1.5503974730514023,0.6360670471111989,-0.6697627440052906,0.32723719048625743,-0.05724311931455169,0.09000117304571391,0.09000117304571391,0.0,0.1853660560360737,-0.08679692828743824,6.032393221537644e-05,0.0006328765028932597,0.28961680699149983,-3.60070280543803,0,1.243659686335785
24.918399999998464,-0.8883479711753073,-1.5508596037584843,1.000070158125696,-0.6478603007084774,0.3185274238793807,-6.753113508945587e-05,-0.5740546658471412,-1.619063057908824,1.4727394497818507,-0.7691359622286554,0.38771137757806695,0.021026393218545242,-0.6705364167816188,-1.5839227591642977,1.0544525073805817,-0.7196154990117944,0.35672106603308207,-0.017954716608496582,0.09000117304571391,0.09000117304571391,0.0,0.18614504791506525,-0.08721616523070297,6.008305513905711e-05,0.0006300684421701538,0.28919403019036244,-3.600718729889607,0,1.240651659880876
24.922559999998462,-0.891043382708706,-1.5495343012187053,1.0000698778698278,-0.6468987680156879,0.3180726095469686,-6.726140838070064e-05,-0.5726453637639499,-1.3838112016456756,0.7885842217244765,-0.784108870817316,0.20318533431153196,0.08880345932431069,-0.6232214497526168,-1.4834416688089358,0.9217012135756513,-0.7517037837000777,0.27934190922117497,0.03541714438433414,0.09000117304571391,0.09000117304571391,0.0,0.18691431222725607,-0.08763038136736567,5.984318694940427e-05,0.00062725934347362,0.288769934035051,-3.6007345141788587,0,1.2376480647312456
24.92671999999846,-0.8937347761281723,-1.5482109001511157,1.0000695987332842,-0.6459344206719239,0.3176162562214797,-6.699277045380343e-05,-0.9714730481639778,-1.4697642945144813,0.9609251984362442,-0.6250906110397164,0.2796810741833122,-0.18881476836839983,-0.7986508047924806,-1.4760214258257487,0.9409207341779763,-0.6879491416136779,0.2796405095634086,-0.07667625279303293,0.09000117304571391,0.09000117304571391,0.0,0.18767392010237272,-0.08803961311308961,5.960432289481716e-05,0.0006244495324264029,0.288344537286442,-3.6007501601620744,0,1.234648914241075
24.93087999999846,-0.896422139877019,-1.5468894068797794,1.0000693207115476,-0.6449672997232215,0.31715838512073347,-6.672521675295404e-05,-0.776908346632682,-1.6260031279690568,1.0105843607356195,-0.6404462847675567,0.264046914412958,0.09884168094957274,-0.7891123275584481,-1.5504643440699748,0.9759604073296603,-0.6638187952392541,0.27195413563377535,0.010213387966152206,0.09000117304571391,0.09000117304571391,0.0,0.18842394220727265,-0.08844389664731167,5.9366458166407415e-05,0.0006216393273788233,0.2879178585624097,-3.6007656696670582,0,1.2316542215720674
24.93503999999846,-0.8991054625682748,-1.5455698276410221,1.0000690438001196,-0.6439974459014027,0.3166990173017301,-6.645874274330256e-05,-1.2885675650273307,-1.7468470629991517,1.49902476922469,-0.6156043020286509,0.15346161525416002,-0.00949464146401436,-1.040126390679112,-1.648336846281615,1.2374765657401223,-0.6385075265938984,0.21221743243207522,0.0003289447347786652,0.09000117304571391,0.09000117304571391,0.0,0.18916444874890348,-0.0888432679153488,5.9129588112169745e-05,0.0006188290395320333,0.28748991633877674,-3.6007810444935884,0,1.2286639996949178
24.939199999998458,-0.9017847329833839,-1.5442521685840984,1.00006876799452,-0.643024899626169,0.31623817366171514,-6.619334391033633e-05,-0.9704156249006981,-1.3614487391693642,1.0324139418504195,-0.5980180641272937,0.38764454912439156,0.18829756196529238,-1.0065150147202835,-1.5040837083646121,1.1353349372940515,-0.6179602635869695,0.2995411117090534,0.09455848567281831,0.09000117304571391,0.09000117304571391,0.0,0.18989550947812894,-0.08923776262922589,5.889370845181866e-05,0.0006160189730597518,0.28706072895025847,-3.6007962864138667,0,1.225678261390773
24.943359999998457,-0.9044599400709138,-1.5429364357718516,1.0000684932902877,-0.6420497010071791,0.31577587493924014,-6.59290157583384e-05,-0.5388826505016477,-1.5132974513141244,0.5855013107071001,-0.6829685064449712,0.3182287152703839,0.1420318014961676,-0.7741170606549239,-1.508028949356878,0.8607094439167622,-0.6500055054972887,0.3089854189913524,0.11841454772702228,0.09000117304571391,0.09000117304571391,0.0,0.1906171936909975,-0.08962741626989812,5.865881399309722e-05,0.0006132094252276847,0.286630314591401,-3.600811397172963,0,1.2226970192526843
24.947519999998455,-0.9071310729452726,-1.5416226351813715,1.0000682196829802,-0.6410718898461198,0.3153121417152135,-6.566575381418893e-05,-1.4019865029195777,-1.3614672173876357,0.922534468256974,-0.5706306486809528,0.20633531919954706,0.040578376938542174,-1.0892436824100433,-1.4343157460577707,0.8917079050825504,-0.6100288950781937,0.25663780453716417,0.07896553380944538,0.09000117304571391,0.09000117304571391,0.0,0.19132957023322428,-0.09001226408787366,5.842490055664776e-05,0.0006104006865122443,0.28619869131751374,-3.600826378489252,0,1.2197202856870462
24.951679999998454,-0.9097981208854341,-1.5403107727046468,1.0000679471681735,-0.640091505638758,0.3148469944139483,-6.540355362313491e-05,-0.6630045656247705,-1.1682321724064995,0.6090132684148328,-0.7277183309361747,0.24906786286882868,0.16925624434787925,-0.877636718496348,-1.3007532144874803,0.7507121039029476,-0.6679312682733325,0.2524547403829995,0.12340922175675233,0.09000117304571391,0.09000117304571391,0.0,0.19203270750147783,-0.09039234110533778,5.8191963480148446e-05,0.0006075930407165185,0.2857658770455964,-3.60084123205484,0,1.2167480729150308
24.955839999998453,-0.9124610733336715,-1.5390008541492126,1.000067675741462,-0.6391085875769852,0.3143804533042008,-6.514241075082983e-05,-1.13795801647785,-1.3649918476441376,0.8326861220292265,-0.7105014887658297,0.36204589389465447,0.07888160084847026,-1.0092787248455233,-1.3321194649173853,0.7918631496918598,-0.6883898117810401,0.30701695631243575,0.10144076363980696,0.09000117304571391,0.09000117304571391,0.0,0.19272667344788053,-0.09076768211721253,5.795999825949276e-05,0.000604786765085632,0.2853318895552601,-3.6008559595359904,0,1.2137803929740076
24.959999999998452,-0.9151199198943001,-1.537692885238795,1.0000674053984586,-0.6381231745508429,0.31391253850020384,-6.48823207826761e-05,-1.029876736427167,-1.40314318645351,0.8765687805254866,-0.6142099732920664,0.2483078984838687,-0.04752395817353328,-1.0208562069230633,-1.3671136933131274,0.834117532793367,-0.6509231970515029,0.2768698408277827,0.0270528472135527,0.09000117304571391,0.09000117304571391,0.0,0.19341153558109636,-0.09113832169275449,5.7729000121114614e-05,0.0006019821304195272,0.2848967464896419,-3.600870562573535,0,1.210817257718958
24.96415999999845,-0.9177746503324273,-1.5363868716139504,1.0000671361347948,-0.6371353051505428,0.3134432699626935,-6.462327932494532e-05,-0.788136973090002,-1.4184802437154058,1.4257823096285644,-0.557780108914469,0.24796119914157577,0.09698412571624854,-0.9056554588716546,-1.392281733889406,1.1301545121781043,-0.6041984921344641,0.26249334919989525,0.0626262894801592,0.09000117304571391,0.09000117304571391,0.0,0.1940873609705287,-0.09150429417673012,5.749896466383374e-05,0.000599179401184955,0.2844604653563153,-3.6008850427832853,0,1.2078586788238768
24.96831999999845,-0.9204252545727126,-1.5350828188327006,1.0000668679461198,-0.6361450176684679,0.31297266749993,-6.43652820032298e-05,-0.43227318800621617,-1.3327029075077808,0.8228109212312413,-0.6743780991001,0.2275849252249467,0.08813035950604334,-0.6703649977972834,-1.3620176647327096,0.9766646049561932,-0.6386587021000922,0.2446235019475758,0.07502553601445008,0.09000117304571391,0.09000117304571391,0.0,0.1947542162482807,-0.09186563369123557,5.726988764601738e-05,0.0005963788356252931,0.2840230635281933,-3.6008994017564335,0,1.2049046677831667
24.97247999999845,-0.9230717226981341,-1.5337807323711643,1.0000666008281012,-0.6351523501011642,0.3125007507687108,-6.410832446179634e-05,-0.6350700221542221,-1.718663883381221,0.9422602348407771,-0.5894041519976481,0.41157955712624195,0.022503353180121213,-0.6539419898602598,-1.5394865505107227,0.9595077618816056,-0.61461957454061,0.32778038101997486,0.04935615458052798,0.09000117304571391,0.09000117304571391,0.0,0.19541216761229951,-0.09222237413666712,5.704176434373487e-05,0.0005935806858690685,0.2835845582444271,-3.6009136410599476,0,1.2019552359130234
24.976639999998447,-0.9257140449487646,-1.5324806176241836,1.0000663347764247,-0.6341573401513197,0.31202753927537885,-6.385240236560036e-05,-0.6222772244005581,-1.9935542250117928,0.6232067927310314,-0.5447153444133789,0.374071992527808,0.10827292611656118,-0.6392437130698323,-1.765745097616,0.7915810536612329,-0.5790297967118779,0.35072674367831547,0.07836595622681784,0.09000117304571391,0.09000117304571391,0.0,0.19606128082888863,-0.09257454919344277,5.681459040610771e-05,0.0005907851980366985,0.2831449666112986,-3.600927762236959,0,1.1990103943528094
24.980799999998446,-0.9283522117205552,-1.5311824799059468,1.0000660697867938,-0.6331600252297304,0.31155305237682346,-6.359751139871624e-05,-1.2281069495579096,-1.5948391957315353,1.087597011933144,-0.6252374089720801,0.4604415085756408,0.008121269516826101,-0.9349804524629565,-1.6793336398887015,0.9396074339724115,-0.601878217672934,0.40576658483646266,0.043518433057757384,0.09000117304571391,0.09000117304571391,0.0,0.19670162123522728,-0.09292219232330123,5.658836164247085e-05,0.0005879926123459423,0.2827043056031076,-3.600941766807146,0,1.1960701540664218
24.984959999998445,-0.930986213564127,-1.5298863244506073,1.00006580585493,-0.632160442457255,0.31107730928147537,-6.334364726370321e-05,-0.9727466955274832,-1.5680328214844292,0.94824494879965,-0.5926928404528924,0.3305007581817485,0.09747291574751868,-0.9550972299143844,-1.6229948579081668,0.944128829694784,-0.5969938660873918,0.36806059398521224,0.07057057886409586,0.09000117304571391,0.09000117304571391,0.0,0.19733325374296706,-0.09326533677028404,5.6363073380527595e-05,0.0005852031632159072,0.2822625920630529,-3.6009556562671103,0,1.193134525843648
24.989119999998444,-0.9336160411835719,-1.5285921564128977,1.000065542976573,-0.631158628666755,0.3106003290502967,-6.309080568359194e-05,-1.0310722194633641,-1.465985205856355,1.0511442587260773,-0.5990962804272583,0.2048528074172728,0.12500884052797648,-0.9943316076983315,-1.544062107111884,0.9978962881603536,-0.5979254257765683,0.2861121800106095,0.09827650654238472,0.09000117304571391,0.09000117304571391,0.0,0.19795624283970015,-0.0936040155628971,5.613872132169943e-05,0.0005824170793688127,0.28181984270410854,-3.6009694320907455,0,1.190203520301514
24.993279999998443,-0.9362416854352595,-1.5272999808687404,1.0000652811474797,-0.630154620405026,0.31012213059776217,-6.283898240034751e-05,-1.3024980779863689,-2.0853083336191505,1.4977715655017416,-0.7660999453110102,0.30766657926742164,-0.0974331314710527,-1.1500117780577885,-1.8140492832469723,1.2476343011214823,-0.6813704692514506,0.29699044146326015,0.0006580422702604877,0.09000117304571391,0.09000117304571391,0.0,0.19857065259278528,-0.09393826151456797,5.5915301114116953e-05,0.0005796345839311876,0.2813760741098945,-3.6009830957296014,0,1.187277147885623
24.99743999999844,-0.9388631373266542,-1.5260098028158535,1.000065020363425,-0.629148453934713,0.30964273269283715,-6.258817317507465e-05,-1.260504039500279,-0.9921620196549871,0.6845130458107351,-0.7933872699614074,0.3560527628947689,-0.12977973567471066,-1.2069105702729592,-1.4023579515380575,0.9657991709194533,-0.7365706746773213,0.32585937073530546,-0.06425243760624268,0.09000117304571391,0.09000117304571391,0.0,0.1991765466509381,-0.0942681072259216,5.5692808566790814e-05,0.0005768558945328738,0.28093130273554145,-3.600996648613243,0,1.1843554188714855
25.00159999999844,-0.9414803880151384,-1.5247216271743538,1.0000647606202009,-0.6281401652362177,0.3091621539599464,-6.23383737873878e-05,-0.9143496919534637,-1.0689172199604717,0.9938062549923132,-0.6772674186120273,0.3376133263440008,-0.07728247341187608,-1.0620383060285503,-1.2349317927061505,0.9796416492675697,-0.7061892804775927,0.3311422885494591,-0.07051929214715943,0.09000117304571391,0.09000117304571391,0.0,0.19977398824807469,-0.09459358508513893,5.547123943610698e-05,0.0005740812234052567,0.2804855449085505,-3.6010100921496018,0,1.1814383433658404
25.00575999999844,-0.9440934288068451,-1.523435458787354,1.0000645019136174,-0.6271297900095891,0.3086804128799403,-6.20895800356153e-05,-0.5457527198725262,-1.3817747646179028,0.7779950895621544,-0.7068522208171348,0.5031613144824358,-0.09839409239517101,-0.8053635352552843,-1.307308154213587,0.8786125848990173,-0.7058461110632567,0.41733741184034157,-0.08459115441272544,0.09000117304571391,0.09000117304571391,0.0,0.20036304020427598,-0.09491472727024108,5.5250589425826847e-05,0.0005713107774770202,0.28003881682964704,-3.6010234277253215,0,1.1785259313079663
25.009919999998438,-0.9467022511554968,-1.5221513024215578,1.0000642442395018,-0.6261173636764088,0.30819752779105153,-6.184178773700226e-05,-1.008606593312718,-1.2592845986207477,1.0127506130427648,-0.8036586734531097,0.45789604437460857,-0.09927042956245712,-0.908657656117223,-1.2823424472666083,0.9454759414717645,-0.7549466443070021,0.437045463919743,-0.09187382336856845,0.09000117304571391,0.09000117304571391,0.0,0.20094376493028654,-0.09523156574966907,5.503085418708724e-05,0.0005685447584697197,0.27959113457363044,-3.6010366567061,0,1.1756181924709865
25.014079999998437,-0.9493068466612536,-1.5208691627678501,1.0000639875936987,-0.6251029213816567,0.30771351688984855,-6.159499272796844e-05,-0.7146214973331917,-1.7435396718012954,0.8726554477072517,-0.6365541732282667,0.25153007206942596,-0.10814197781316405,-0.8129638166525586,-1.512418443463134,0.9088395430622316,-0.6949965583087716,0.3430167339801069,-0.09966556066127749,0.09000117304571391,0.09000117304571391,0.0,0.20151622442892525,-0.09554413228393577,5.481202953257111e-05,0.0005657833629909436,0.2791425140902169,-3.601049780437023,0,1.1727151364631616
25.018239999998436,-0.9519072070695686,-1.5195890444418827,1.0000637319720702,-0.6240864979955698,0.30722839823218173,-6.134919086341493e-05,-0.7188324046395004,-1.2209878835568349,1.3003339167804848,-0.5337123112490783,0.38635269229695113,0.16550606342752489,-0.7670079244144654,-1.3658973721840066,1.1049350818815034,-0.6141885859997037,0.3646099629066173,0.03224708903436852,0.09000117304571391,0.09000117304571391,0.0,0.2020804802978886,-0.09585245842706758,5.4594111223002745e-05,0.0005630267826263568,0.2786929712048778,-3.601062800242896,0,1.1698167727291764
25.022399999998434,-0.9545033242700498,-1.5183109519846572,1.000063477370495,-0.6230681281154884,0.3067421897341231,-6.110437801695153e-05,-0.6032164483149091,-1.1118440516070582,1.091991959159918,-0.5875351015661134,0.43625775417711204,0.15793858304293176,-0.6863358546946703,-1.2379618279749123,1.0987924607037445,-0.5995371349942417,0.4005721995484522,0.09483326825350304,0.09000117304571391,0.09000117304571391,0.0,0.2026365937322434,-0.09615657552762347,5.437709539548929e-05,0.0005602752040306325,0.27824252161967267,-3.601075717428566,0,1.166923110551417
25.026559999998433,-0.9570951902953319,-1.5170348898631034,1.0000632237848697,-0.6220478460676907,0.3062549091729014,-6.0860550079335486e-05,-1.4871737265984146,-1.5454223693354252,0.8893620200841739,-0.806279834289875,0.3780830553099015,-0.1535325037447118,-1.0884392051538563,-1.3909065131775005,0.9937563267328146,-0.7020431771886484,0.3886870622231796,-0.02928321945205279,0.09000117304571391,0.09000117304571391,0.0,0.20318462552703442,-0.09645651473003791,5.416097749399998e-05,0.0005575288090167035,0.27779118091407706,-3.6010885332792415,0,1.1640341590512404
25.030719999998432,-0.9596827973199535,-1.5157608624706542,1.0000629712111073,-0.6210256859092158,0.3057665741878308,-6.061770296136335e-05,-0.7416950010843283,-2.0146116324549084,1.0395891004234314,-0.6175287839716054,0.3423845241228955,-0.018797442496256367,-0.9163503494215307,-1.7020491826751933,1.016634688327587,-0.6591996000882793,0.3645267540125253,-0.024402672761023838,0.09000117304571391,0.09000117304571391,0.0,0.20372463608043256,-0.09675230697607429,5.3945753552391126e-05,0.0005547877746439104,0.27733896454580487,-3.601101249060807,0,1.161149927190233
25.03487999999843,-0.9622661376592438,-1.5144888741278157,1.0000627196451382,-0.6200016814296727,0.3052772022812335,-6.037583259141205e-05,-1.141654931952913,-1.3093450093532557,0.8254503257321135,-0.7008115799521921,0.1988142828748769,0.03310545987062441,-1.0304618731124842,-1.5052783664983496,0.9211082833930403,-0.6800086138542086,0.28050131421315266,0.00518639979946791,0.09000117304571391,0.09000117304571391,0.0,0.20425668539496877,-0.09704398300606965,5.373141955389296e-05,0.000552052273304329,0.2768858878516258,-3.60111386602013,0,1.1582704237714632
25.03903999999843,-0.9648452037682148,-1.5132189290827351,1.0000624690829094,-0.6189758661530426,0.3047868108193561,-6.013493491565359e-05,-0.8873579067812682,-1.3340398940718043,0.6134115783836847,-0.5861661063548335,0.38764345430904434,0.008437083633278226,-0.9601306914375618,-1.4188501951035024,0.7672774641981264,-0.6318458704778814,0.3333683898534126,0.005783731604501545,0.09000117304571391,0.09000117304571391,0.0,0.20478083308112405,-0.09733157335986131,5.351797121693887e-05,0.0005493224728085567,0.2764319660481773,-3.601126385385367,0,1.155395657440725
25.04319999999843,-0.9674199882404626,-1.5119510315117632,1.0000622195203848,-0.6179482733394658,0.3042954170332821,-5.9895005899162284e-05,-0.6318325136369811,-1.0791049540171564,1.046628042406156,-0.5417371908053764,0.3598665254319739,0.0895865505519361,-0.7971073276124787,-1.248225662128387,0.9071388884446077,-0.5862083910020309,0.3461237825937097,0.0487169577951916,0.09000117304571391,0.09000117304571391,0.0,0.20529713835964736,-0.09761510837857268,5.330540485118173e-05,0.0005465985364693732,0.2759772142327719,-3.6011388083662594,0,1.1525256366877716
25.047359999998427,-0.9699904838070752,-1.5106851855200139,1.000061970953545,-0.6169189359870177,0.30380303801983644,-5.965604152345756e-05,-0.8722960100830787,-1.6918712350071192,1.3339301643450487,-0.5931399848795821,0.288493308035908,0.05067802766302671,-0.8359369873299141,-1.46945175090096,1.1206416044062595,-0.5891551862305322,0.31743514104561776,0.05033076340450458,0.09000117304571391,0.09000117304571391,0.0,0.20580566006313106,-0.0978946182056557,5.309371607446875e-05,0.0005438806231845481,0.2755216473841987,-3.6011511361544297,0,1.1496603698475447
25.051519999998426,-0.972556683335548,-1.5094213951419202,1.0000617233783875,-0.6158878868334777,0.30330969074248476,-5.9418037789373186e-05,-0.8585207053275968,-1.205744354621191,0.8144488211325622,-0.3961917989361149,0.3551137181332268,-0.1338916046095891,-0.8480542491219684,-1.3368579871724942,0.9672646445695007,-0.49211972392779435,0.33646718893018923,-0.04179989614983431,0.09000117304571391,0.09000117304571391,0.0,0.20630645663983826,-0.09817013278772135,5.288290088169601e-05,0.0005411688875185242,0.27506528036352074,-3.6011633699236687,0,1.1467998651013893
25.055679999998425,-0.9751185798287066,-1.5081596643417858,1.0000614767909262,-0.6148551583580801,0.30281539203222935,-5.918099071551647e-05,-0.49712009708742455,-2.0434348067221366,0.5351178023416258,-0.44211098539537297,0.42938376306455395,0.08059742552048206,-0.6735053823871906,-1.6892563377289869,0.751357221952437,-0.4665959038983848,0.3820070199409558,0.01872634790278989,0.09000117304571391,0.09000117304571391,0.0,0.2067995861548657,-0.09844168187665847,5.2672955431970085e-05,0.0005384634797822731,0.27460812791486666,-3.601175510830221,0,1.1439441304782676
25.059839999998424,-0.9776761664236369,-1.5068999970143337,1.0000612311871915,-0.6138207827832607,0.3023201585884952,-5.8944896337557044e-05,-0.9281525508183721,-1.5238600586474036,0.6814267596673239,-0.4945570162292159,0.3988791089434494,0.09082581384762456,-0.8018584547837532,-1.6057282269350026,0.716581752666162,-0.48103526818764575,0.39084735022649053,0.0541289986674003,0.09000117304571391,0.09000117304571391,0.0,0.2072851062939869,-0.09870929502993808,5.246387562093306e-05,0.0005357645461127121,0.27415020466621737,-3.601187560013064,0,1.1410931738559569
25.063999999998423,-0.9802294363906218,-1.5056423969852504,1.0000609865632302,-0.6127847920763848,0.30182400698001494,-5.870975070935924e-05,-0.8244478574298558,-1.7077183935671358,0.6907076906805687,-0.651843231509132,0.23020411404941069,-0.11974822254779774,-0.8145104708751061,-1.6562456568898813,0.7033963150888066,-0.5657831548112698,0.3107527829912396,-0.033205892278552876,0.09000117304571391,0.09000117304571391,0.0,0.20776307436418762,-0.09897300161252476,5.225565772260822e-05,0.0005330722285498061,0.2736915251301879,-3.601199518594183,0,1.1382470029622476
25.06815999999842,-0.9827783831320862,-1.5043868680117265,1.0000607429151056,-0.6117472179514736,0.30132695364570455,-5.8475549901371066e-05,-1.377894367050677,-1.93866995144535,0.9893871626095345,-0.6619528764576422,0.2348305216904939,-0.10978780744078089,-1.0975829054547708,-1.7969709941410932,0.8461630631409808,-0.6140053883564858,0.27263031525240283,-0.07037569394679763,0.09000117304571391,0.09000117304571391,0.0,0.20823354729763,-0.09923283079783052,5.204829753404982e-05,0.000530386665113632,0.27323210370480466,-3.6012113876788425,0,1.1354056253761267
25.07231999999842,-0.9853230001815484,-1.503133413782995,1.0000605002388974,-0.6107080918709115,0.30082901489553543,-5.824229000265087e-05,-0.29024989517520583,-1.6363553665055564,0.9283155901776874,-0.7356554143592554,0.23851318015120973,-0.06279121892907824,-0.6954420040313872,-1.7161635275372376,0.8871094835026153,-0.6742883243287187,0.2544062609191344,-0.06667332448400656,0.09000117304571391,0.09000117304571391,0.0,0.20869658165369853,-0.09948881156867107,5.1841791230693276e-05,0.0005277079898795372,0.27277195467427706,-3.6012231683558515,0,1.1325690485289555
25.07647999999842,-0.9878632812025782,-1.5018820379208642,1.000060258530701,-0.6096674450471453,0.3003302069114014,-5.800996711925954e-05,-1.1591058972461323,-1.9347098059701926,1.111226856462902,-0.6613305895116812,0.461877326575569,-0.18266654979865665,-0.9286551021189525,-1.8244773335531212,0.9987908542285133,-0.6666761715867175,0.35804625543214386,-0.12517080497778144,0.09000117304571391,0.09000117304571391,0.0,0.2091522336207352,-0.0997409727189752,5.16361351535168e-05,0.0005250363330521665,0.27231109220976474,-3.6012348616978263,0,1.129737279705641
25.080639999998418,-0.990399219987763,-1.5006327439802476,1.0000600177866286,-0.6086253084443745,0.2998305457479783,-5.777857737359878e-05,-0.684653549297207,-1.5641100168558704,1.0770849757531273,-0.6134558521284549,0.2568149922589339,-0.109507361015837,-0.8079289504401534,-1.6937572997306638,1.0377099657268178,-0.6398954434354507,0.30725157103832285,-0.1169914767627962,0.09000117304571391,0.09000117304571391,0.0,0.20960055901906083,-0.09998934285464156,5.1431325167195825e-05,0.0005223718210384041,0.27184953037013954,-3.6012464687614463,0,1.1269103260457969
25.084799999998417,-0.9929308104576806,-1.499385535449691,1.0000597780028082,-0.6075817127802278,0.29933004733357976,-5.754811690638926e-05,-1.0758530758211506,-1.621988813811912,0.9533102638090094,-0.6399352456882416,0.31854961505374374,-0.03121862675369643,-0.9432254005350279,-1.657208924359979,0.9954451148160677,-0.6392104697555419,0.31239196824975973,-0.07436272466939792,0.09000117304571391,0.09000117304571391,0.0,0.2100416133026164,-0.10023395039482752,5.1227357301282436e-05,0.0005197145765193595,0.2713872831027432,-3.60125799058771,0,1.124088194544898
25.088959999998416,-0.9954580466598782,-1.4981404157518952,1.0000595391753837,-0.6065366885274325,0.29882872747100686,-5.7318581875971115e-05,-1.4302878907217713,-1.5148520648349377,1.2347549206689783,-0.5287345947502242,0.14346416870401774,0.0010932657261448848,-1.1878619710178535,-1.5857306637108806,1.1151019923480676,-0.5829387757875165,0.2277304584410555,-0.03569042203548966,0.09000117304571391,0.09000117304571391,0.0,0.21047545156264125,-0.10047482357302695,5.102422817921266e-05,0.0005170647185210545,0.27092436424413996,-3.6012694282021824,0,1.1212708920554264
25.093119999998414,-0.9979809227678593,-1.4968973882442351,1.0000593013005152,-0.6054902659154672,0.2983266018383927,-5.7089968455847934e-05,-1.3918994290814704,-2.129983234417447,1.128785343172374,-0.4903582494071162,0.1621583761947174,0.12316979206755102,-1.2909042408665226,-1.8575231195384374,1.1222004434834048,-0.5356051615362658,0.19477877020729922,0.04349372058923806,0.09000117304571391,0.09000117304571391,0.0,0.21090212852793866,-0.10071199043847301,5.082193352111091e-05,0.0005144223624836632,0.270460787520864,-3.6012807826152406,0,1.1184584252880108
25.097279999998413,-1.000499433080077,-1.4956564562192767,1.0000590643743783,-0.6044424749322124,0.2978236859900411,-5.686227283846065e-05,-1.083438221854257,-1.4845665867565203,0.4035305583318479,-0.5914928765453695,0.4109832310107461,-0.07602584656776842,-1.1884017353738825,-1.6701880041286343,0.7627029418134673,-0.5627435072846919,0.30315273320176533,-0.016547559905354,0.09000117304571391,0.09000117304571391,0.0,0.2113216985693147,-0.1009454788569023,5.0620470068660456e-05,0.0005117876203303812,0.2699965665501628,-3.6012920548223155,0,1.115650800812557
25.101439999998412,-1.0030135720189335,-1.4944176229052881,1.0000588283931648,-0.6033933453255818,0.29731999535726134,-5.6635491230900855e-05,-1.0403338582287116,-1.493308915512638,1.0471166697109202,-0.5027152916089568,0.1778039856689359,-0.12462457633645944,-1.1154132064762352,-1.5813769926618633,0.9046516308653252,-0.5323425096660476,0.24029292263666935,-0.07012255517761701,0.09000117304571391,0.09000117304571391,0.0,0.21173421569996598,-0.10117531651228506,5.0419833446728576e-05,0.0005091606005343127,0.2695317148407351,-3.6013032458041283,0,1.1128480250593709
25.10559999999841,-1.0055233341297882,-1.4931808914667497,1.0000585933530821,-0.602342906605151,0.2968155452491952,-5.6409619859592015e-05,-0.9611107199224899,-2.040103846804299,0.8118745444450393,-0.6967696596396642,0.19230206372636224,0.11555262750207829,-1.039712713602338,-1.8103420769277836,0.8585041300203385,-0.6133100398322354,0.21554562743004368,0.022056202278542367,0.09000117304571391,0.09000117304571391,0.0,0.21213973357918303,-0.10140153090749016,5.022002030174148e-05,0.0005065414081850649,0.26906624579346516,-3.6013143565269243,0,1.1100501043202744
25.10975999999841,-1.0080287140799706,-1.4919462650048596,1.0000583592503531,-0.6012911880437698,0.2963103508536409,-5.618465496602194e-05,-0.5839131118588465,-1.3923764283044382,1.462029266817423,-0.5657539412118435,0.37660992686443956,-0.14217895874017022,-0.8129902896235154,-1.600573114306034,1.1599731994283677,-0.5877008235172712,0.2961271346799868,-0.059092052828876675,0.09000117304571391,0.09000117304571391,0.0,0.21253830551382036,-0.10162414936538,5.002102680582091e-05,0.0005039301450539418,0.26860017270215086,-3.6013253879427034,0,1.107257044749714
25.11391999999841,-1.0105297066578005,-1.4907137465580351,1.0000581260812165,-0.6002382186791675,0.29580442723787187,-5.5960592808747125e-05,-1.0613070324608256,-1.502852016512919,0.704521636035869,-0.570141419296161,0.3963455921323906,0.03840405370368104,-0.93833620525641,-1.550888050677117,0.9323254354957511,-0.578956352935292,0.3464974709850461,-0.010987572099700839,0.09000117304571391,0.09000117304571391,0.0,0.21292998446062494,-0.1018431990306582,4.982284929796381e-05,0.0005013269096578058,0.26813350875422853,-3.6013363409894446,0,1.1044688523658615
25.118079999998407,-1.0130263067716152,-1.4894833391024125,1.0000578938419262,-0.5991840273155471,0.29529778934944756,-5.573742966264083e-05,-1.5765629783623045,-1.7192923242670726,1.0744438507251448,-0.6570119146179817,0.4598135576205944,-0.09310616729717079,-1.2588210323630489,-1.6341324945942473,1.0031930075787412,-0.6177825180182115,0.4019594070919906,-0.052535970799159025,0.09000117304571391,0.09000117304571391,0.0,0.21331482302868032,-0.10205870687001051,4.962548407053767e-05,0.0004987317973225043,0.26766626703149266,-3.6013472165913285,0,1.1016855330517061
25.122239999998406,-1.0155185094488035,-1.4882550455523416,1.000057662528752,-0.5981286425251693,0.2947904520170229,-5.5515161819160034e-05,-1.2769485426814406,-1.8138811566242483,0.7701490425625349,-0.5139053279749247,0.35355139995759066,0.02298002299686922,-1.2689539985039362,-1.7232731997861626,0.8867183987750595,-0.5657659369620164,0.37799555805558777,-0.01536300755390013,0.09000117304571391,0.09000117304571391,0.0,0.21369287348164234,-0.10227069967406455,4.942892736928061e-05,0.0004961449002448602,0.26719846051081086,-3.6013580156589575,0,1.0989070925561415
25.126399999998405,-1.0180063098348449,-1.4870288687608784,1.0000574321379787,-0.5970720926499253,0.2942824299511495,-5.529378558648797e-05,-0.7735449659178,-1.1947881886968816,0.6992271667704464,-0.5085804475864473,0.3244848481472013,0.06107853150017456,-1.0223056021540955,-1.4583519643655083,0.7930976343120999,-0.5363334459577039,0.3511894028284892,0.023275075026569666,0.09000117304571391,0.09000117304571391,0.0,0.2140641877393401,-0.10247920405796596,4.9233175821642545e-05,0.0004935663075535973,0.2667301020648341,-3.601368739089568,0,1.096133536495043
25.130559999998404,-1.020489703192357,-1.485804811520274,1.0000572026659067,-0.5960144058029025,0.2937737377450736,-5.507329728795018e-05,-1.078851147995018,-1.630730075115425,1.2045166156113076,-0.5498937207303701,0.12928289178302504,-0.01419779108720761,-1.0517231440684842,-1.5442722771749577,0.9987802768237337,-0.5428192194888375,0.23974829160723127,0.004635305416199753,0.09000117304571391,0.09000117304571391,0.0,0.2144288173808817,-0.10268424646259644,4.903822536726459e-05,0.0004909961053696912,0.2662612044627034,-3.601379387767245,0,1.0933648703523406
25.134719999998403,-1.0229686849001485,-1.4845828765624594,1.0000569741088514,-0.5949556098699363,0.2932643898755287,-5.4853693264922253e-05,-0.8320696871250501,-0.5155748583151758,0.8246728118477994,-0.7731346092288436,0.30884903819618936,0.047785831195044724,-0.9435045415659286,-1.02927496189368,0.9118231289726534,-0.6572094206411685,0.2747700095421579,0.02697242830454183,0.09000117304571391,0.09000117304571391,0.0,0.214786813646054,-0.10288585315611809,4.884407275517459e-05,0.0004884343768651551,0.2657917803707507,-3.601389962563128,0,1.0906010994810806
25.1388799999984,-1.0254432504522784,-1.483363066559528,1.0000567464631436,-0.593895732511155,0.29275440070352143,-5.463496987340516e-05,-0.7758040319379135,-1.5532216313968388,1.1193685726862213,-0.5284521682775173,0.23519155170123093,0.009455542334343838,-0.8607536209990544,-1.290760345025491,1.015617415628122,-0.5921934602639476,0.2538166340960981,0.018001013593672347,0.09000117304571391,0.09000117304571391,0.0,0.21513822743779842,-0.1030840502343442,4.865071426142831e-05,0.0004858812023214091,0.26532184235319617,-3.601400464335616,0,1.0878422291044838
25.1430399999984,-1.0279133954571222,-1.4821453841242151,1.000056519725129,-0.5928348011625134,0.29224378447511495,-5.441712348602867e-05,-1.1116935726323522,-1.5548427224597055,0.907590618749645,-0.8040502944064123,0.2489838917363391,0.058991538274654975,-0.9878992268033547,-1.4222844038367335,0.9617264889523188,-0.6974001276869616,0.2508723377181149,0.03824025297970237,0.09000117304571391,0.09000117304571391,0.0,0.21548310932437342,-0.10327886362239547,4.845814633028887e-05,0.0004833366591863982,0.2648514028728407,-3.601410893930571,0,1.0850882643169946
25.1471999999984,-1.0303791156364444,-1.4809298318103725,1.0000562938911686,-0.5917728430373167,0.29173255532220566,-5.4200150491329464e-05,-0.8620259180142067,-1.4205192224569574,0.6533231652925364,-0.6247908473781919,0.46423875737107423,0.026994973315873683,-0.9262636401751799,-1.420435322557827,0.807579770064557,-0.6599452641354167,0.35712109609374787,0.032160464147087266,0.09000117304571391,0.09000117304571391,0.0,0.21582150954130852,-0.10347031907550597,4.826636536072227e-05,0.00048080082213074063,0.26438047429175404,-3.6014212521815123,0,1.0823392100853222
25.151359999998398,-1.0328404068244765,-1.479716412113442,1.000056068957638,-0.5907098851277351,0.29122072726329534,-5.398404729397997e-05,-0.9207974230706706,-1.7391243281613415,1.0348260412393928,-0.6812211108891308,0.5342858093079791,0.1499774894969412,-0.92494772085313,-1.5786685947905112,0.9215168394850043,-0.6704340169182234,0.44465270843900256,0.09087157031841868,0.09000117304571391,0.09000117304571391,0.0,0.2161534779937928,-0.10365844218004416,4.8075367920567943e-05,0.0004782737631031799,0.26390906887195853,-3.601431539909816,0,1.0795950712494782
25.155519999998397,-1.035297264967003,-1.4785051274709242,1.0000558449209285,-0.589645954206308,0.2907083142042593,-5.376881031404054e-05,-0.904422932375523,-1.9420207916201528,1.1761891191807812,-0.6501562830602846,0.21220811660169211,-0.007331062162600379,-0.9160374708480213,-1.7599043809919956,1.0488398638570715,-0.6603052408358159,0.327739388437977,0.04160783422286783,0.09000117304571391,0.09000117304571391,0.0,0.21647906425853458,-0.10384325835496588,4.788515031886386e-05,0.00047575555138475623,0.2634371987761085,-3.6014417579249023,0,1.0768558525238026
25.159679999998396,-1.0377496861204505,-1.4772959802628447,1.0000556217774452,-0.5885810768274387,0.2901953299391075,-5.3554435988060314e-05,-1.0533315123226124,-1.5218920126984818,1.3424852471864188,-0.5310504298775869,0.4773669307566092,-0.10497455509250593,-0.9857902071319304,-1.63990442310682,1.1954472303087953,-0.5955969601658525,0.4029287692948987,-0.032137520552359404,0.09000117304571391,0.09000117304571391,0.0,0.21679831758562873,-0.10402479285230903,4.769570924769196e-05,0.0004732462536424268,0.262964876068165,-3.601451907024428,0,1.0741215584979866
25.163839999998395,-1.0401976664509875,-1.4760889728122166,1.0000553995236088,-0.5875152793288809,0.2896817881507434,-5.3340920767485594e-05,-1.8662302471666719,-1.2812453084636224,1.0424889711016372,-0.7788795555048371,0.11222407383434752,-0.1284398097227125,-1.4276363121338895,-1.4603384660310745,1.1187000107311542,-0.6872855211049221,0.2573703597496255,-0.08034569179826001,0.09000117304571391,0.09000117304571391,0.0,0.21711128690149661,-0.10420307075897217,4.75070411409988e-05,0.000470745933981633,0.262492112714067,-3.6014619879944694,0,1.0713921936380852
25.167999999998393,-1.042641202233626,-1.4748841073855012,1.0000551781558542,-0.5864485878332126,0.28916770241171486,-5.312826111971104e-05,-0.41369683681470815,-1.6248832356235943,0.7462266267050313,-0.6392328000537608,0.48249517127132535,-0.04030387897403048,-0.9219904776234247,-1.54160760248947,0.9323755455471086,-0.6625830235136344,0.36952223293796294,-0.05968499758101744,0.09000117304571391,0.09000117304571391,0.0,0.21741802080980444,-0.10437811699689525,4.731914260227055e-05,0.0004682546539980635,0.2620189205823973,-3.601472001609706,0,1.068667762287527
25.172159999998392,-1.0450802898513314,-1.473681386193064,1.0000549576706312,-0.5853810282493042,0.28865308618496394,-5.291645352740341e-05,-0.3049244914405277,-1.5993165563558889,0.7278379452919195,-0.6714790776536771,0.15929355420521318,-0.03770645099436239,-0.6148504534663075,-1.5701307816971428,0.8300262539325254,-0.6667275969557657,0.26424074973004763,-0.04839328109081693,0.09000117304571391,0.09000117304571391,0.0,0.21771856759430896,-0.10454995632484498,4.7132010191028545e-05,0.000465772472828394,0.26154531144504484,-3.6014819486335994,0,1.0659482686681119
25.17631999999839,-1.0475149257941387,-1.4724808113896284,1.0000547380644043,-0.5843126262737742,0.2881379528245688,-5.270549448867047e-05,-1.3844492675912883,-1.314144049568248,0.9683751949886358,-0.6929911085907997,0.3192048518360575,0.036981436626726226,-1.001096553416905,-1.441471527542094,0.8992785188830132,-0.6799027277192206,0.29164233660144945,-0.005666194347196391,0.09000117304571391,0.09000117304571391,0.0,0.21801297522074958,-0.10471861333902821,4.6945640422829275e-05,0.00046329944720043697,0.26107129697786263,-3.6014918298185714,0,1.0632337168810073
25.18047999999839,-1.049945106658274,-1.4712823850747263,1.000054519333652,-0.583243407392437,0.2876223155764823,-5.249538051724746e-05,-0.41958311333520015,-1.9780371144007294,0.40658442274378404,-0.6096416633407807,0.348233095757649,0.15016934976662963,-0.7116058046870758,-1.7090342971948487,0.6532410037176676,-0.6438133192401682,0.3201919754398566,0.07193740468865842,0.09000117304571391,0.09000117304571391,0.0,0.21830129133863752,-0.10488411247435026,4.6760029983434944e-05,0.0004608356314820866,0.26059688876132125,-3.601501645906176,0,1.0605241109077335
25.18463999999839,-1.0523708291452811,-1.470086109293146,1.0000543014748682,-0.5821733968817406,0.2871061875792656,-5.228610814178497e-05,-0.8344938014505852,-1.9014790765883736,0.46791907668725574,-0.5875552357933617,0.24144911511777817,-0.05817836018452806,-0.7742745637672526,-1.8047550821179699,0.5604592333918459,-0.6148209254102714,0.28046771001523135,0.00616694192332753,0.09000117304571391,0.09000117304571391,0.0,0.21858356328337325,-0.10504647800503375,4.6575175301138576e-05,0.00045838107772987164,0.26012209828115823,-3.6015113976272715,0,1.0578194546111448
25.188799999998388,-1.054792090061157,-1.468891986035376,1.0000540844845602,-0.5811026198101967,0.2865895818648178,-5.2077673906916554e-05,-1.169866935535607,-1.1608423206098861,0.5036773658288287,-0.6064812310570524,0.39042308076327975,0.173171089521033,-0.9733372999066711,-1.4819801642283348,0.5324276823482033,-0.609536647447686,0.3344946090080463,0.0898558364345286,0.09000117304571391,0.09000117304571391,0.0,0.21885983807836862,-0.10520573404641731,4.639107318860937e-05,0.0004559358357361916,0.25964693692902374,-3.601521085702189,0,1.0551197517364022
25.192959999998386,-1.0572088863154894,-1.4677000172380463,1.0000538683592504,-0.580031101039799,0.2860725113590986,-5.1870074371658554e-05,-1.0320260042328762,-1.1746631818952409,1.202842779484845,-0.36255642924781484,0.26235419431643653,-0.03640700665895109,-1.0034372372725846,-1.3277733051017515,0.8675630914381506,-0.48554894754385985,0.2981749306964008,0.027263908785156547,0.09000117304571391,0.09000117304571391,0.0,0.21913016243685624,-0.10536190455504724,4.620772020171349e-05,0.0004534999530762605,0.2591714160031212,-3.6015307108408963,0,1.0524250059119409
25.197119999998385,-1.0596212149206037,-1.4665102047843679,1.000053653095475,-0.5789588652274348,0.28555498888284936,-5.1663306110506934e-05,-0.9856870685594621,-1.285248399882986,1.2874174553897193,-0.3752970280073734,0.3183957461249699,-0.14172729068538042,-0.9953425633068568,-1.3058482922466863,1.0771977863543751,-0.430464805546316,0.30827981566993057,-0.05691489823960135,0.09000117304571391,0.09000117304571391,0.0,0.21939458276402268,-0.10551501333026703,4.602511306718893e-05,0.0004510734751538608,0.25869554670884465,-3.6015402737431628,0,1.049735220650431
25.201279999998384,-1.0620290729907131,-1.4653225505045666,1.0000534386897844,-0.5778859368262854,0.2850370271523076,-5.145736571268615e-05,-1.56193017426112,-1.782205279607825,1.1421720858918694,-0.5382307043971287,0.32135120158089436,0.07337847892034169,-1.2797603477052804,-1.5433616055457593,1.1098376632247509,-0.4840956151455621,0.3147605596492246,0.00839302267853606,0.09000117304571391,0.09000117304571391,0.0,0.21965314515872225,-0.10566508401527752,4.5843248469141124e-05,0.00044865644524652495,0.25821934015941156,-3.6015497750987184,0,1.0470503993497302
25.205439999998383,-1.0644324577410766,-1.464137056176317,1.0000532251387435,-0.5768123400872197,0.28451863877991646,-5.125224978233895e-05,-1.4002405585091044,-1.3752334959052614,0.9433074142514756,-0.5066721133494477,0.33027755606603765,-0.133505053644691,-1.3410567353965688,-1.4586092508218176,1.0262935980367442,-0.49462462738559615,0.32244318545982215,-0.0625042451918039,0.09000117304571391,0.09000117304571391,0.0,0.21990589541583727,-0.10581214009755757,4.566212304904293e-05,0.00044624890454999746,0.2577428073764917,-3.6015592155874114,0,1.0443705452938317
25.20959999999838,-1.0668313664871607,-1.462953723525171,1.0000530124389313,-0.5757380990601765,0.28399983627503195,-5.1047954938712924e-05,-1.1744485492693875,-1.3273600040007434,0.9210452648791528,-0.6122223144947673,0.375322462364692,0.04493301069134268,-1.2590249779824096,-1.3922042738302742,0.9737626528036288,-0.5533693549118122,0.3494682881795961,-0.009032172968324634,0.09000117304571391,0.09000117304571391,0.0,0.22015287902757463,-0.10595620491035607,4.5481733405734656e-05,0.0004438508922216045,0.25726595929083174,-3.601568595879363,0,1.0416956616538051
25.21375999999838,-1.0692257966438088,-1.461772554224985,1.0000528005869405,-0.5746632375955402,0.28348063204462365,-5.084447781635023e-05,-1.21955249627856,-1.373163224441219,1.0076713736867016,-0.5484850255956943,0.2741710085219077,-0.024419184640712795,-1.2404310420070763,-1.3821125430361323,0.9906666616591885,-0.5500869038351237,0.3114373235330426,-0.01682198272060739,0.09000117304571391,0.09000117304571391,0.0,0.22039414118615808,-0.10609730163365394,4.530207652376518e-05,0.000441462445423233,0.2567888067428765,-3.601577916635121,0,1.0390257514887304
25.21791999999838,-1.071615745724415,-1.4605935498983436,1.0000525895793777,-0.5735877793455051,0.28296103839397085,-5.0641815063431175e-05,-1.1103624175650868,-1.4115377947824217,1.344808353539201,-0.7548461084559335,0.1891404399878588,-0.11747934925022041,-1.1769665457263512,-1.3964326115065955,1.1674958231735888,-0.6521321264816426,0.25060603223789074,-0.06723611263586453,0.09000117304571391,0.09000117304571391,0.0,0.22062972678513715,-0.10623545329470008,4.512314913221249e-05,0.0004390835993635256,0.2563113604833853,-3.6015871785058082,0,1.0363608177466261
25.22207999999838,-1.0740012113401043,-1.4594167121169797,1.0000523794128637,-0.5725117477654333,0.2824410675273562,-5.0439963342894174e-05,-1.4697293098196653,-1.3340760330429815,1.1536073981350676,-0.7011826857565596,0.38334037054421366,-0.006860320371322689,-1.3248094096114258,-1.3644567008123407,1.160539758788761,-0.6761764785022513,0.3170376452758828,-0.03826118680198973,0.09000117304571391,0.09000117304571391,0.0,0.22085968042144932,-0.10637068276951278,4.4944947918188166e-05,0.00043671438733908447,0.2558336311740448,-3.6015963821332724,0,1.0337008632653708
25.226239999998377,-1.0763821911989175,-1.4582420424021931,1.0000521700840332,-0.5714351661152026,0.28192073154875247,-5.023891933256677e-05,-1.3511632101274507,-1.3830070447166944,1.2719006854796517,-0.5737846715570694,0.28558228251710016,0.06229105095755765,-1.3391810065222254,-1.3731372623322398,1.216350623541593,-0.6244789645173738,0.3009574054512705,0.011980326331657283,0.09000117304571391,0.09000117304571391,0.0,0.2210840463975945,-0.10650301278363616,4.476746952683733e-05,0.0004343548407752346,0.2553556293880782,-3.6016055281502286,0,1.0310458907736184
25.230399999998376,-1.0787586831050031,-1.457069542225266,1.0000519615895345,-0.5703580574605448,0.2814000424625059,-5.0038679725364025e-05,-0.5726888692152561,-1.7573859939495375,0.9555556754494179,-0.7327767218663666,0.1731481496983115,-0.011371334037714544,-0.9574538761248794,-1.564902727621298,1.0859288690655244,-0.678549978244124,0.23636557680936712,-0.0002693426253258214,0.09000117304571391,0.09000117304571391,0.0,0.2213028687230687,-0.10663246591279196,4.459071098967987e-05,0.0004320049892660569,0.2548773656108497,-3.6016146171804047,0,1.028395902891707
25.234559999998375,-1.081130684957813,-1.4558992130078743,1.0000517539260294,-0.5692804446743774,0.28087901217401623,-4.983924122767965e-05,-1.1097040785996677,-1.946191929953923,1.3571295503396237,-0.49415498080127224,0.19459937144749817,-0.082602116926097,-1.034610003254801,-1.7551436152515885,1.2213592597099316,-0.5853388698471771,0.2147059139982888,-0.041412325511298614,0.09000117304571391,0.09000117304571391,0.0,0.22151619111644116,-0.10675906458428241,4.441466908343086e-05,0.00042966486061343334,0.25439885024046605,-3.6016236498386798,0,1.0257509021325626
25.238719999998374,-1.0834981947513052,-1.4547310561224975,1.0000515470901938,-0.5682023504381257,0.2803576524904109,-4.9640600560432926e-05,-1.0889999977406215,-1.2777077149862133,1.258884978330562,-0.538133505833467,0.1889779091186209,0.025680334414649647,-1.0629267841728944,-1.51603073090641,1.240176068234846,-0.5607289427037285,0.20255288388342785,-0.008001211687222506,0.09000117304571391,0.09000117304571391,0.0,0.22172405700712017,-0.106882831077862,4.423934054350513e-05,0.00042733448086579914,0.2539200935883732,-3.601632626731224,0,1.0231108909025948
25.242879999998372,-1.085861210573151,-1.4535650728928258,1.0000513410787168,-0.5671237972430363,0.2798359751212145,-4.9442754459251636e-05,-1.2769900664909775,-1.5088848896188451,1.308304125905832,-0.48266815018834847,0.4882140579771299,0.13904232741352004,-1.1709669520717838,-1.5114423384553566,1.2745284224714344,-0.5202162473778739,0.3453888603337919,0.06616283598893616,0.09000117304571391,0.09000117304571391,0.0,0.22192650953754955,-0.10700378752629114,4.406472249235833e-05,0.0004250138743561812,0.25344110587995006,-3.6016415484556346,0,1.0204758715025875
25.24703999999837,-1.088219730603949,-1.4524012645941633,1.0000511358883015,-0.5660448073914811,0.2793139916790161,-4.92456996728403e-05,-1.0076415592420356,-1.586061533604383,0.6632187790238295,-0.48220773699153935,0.19075440305525096,-0.13139274496488101,-1.0903073627775852,-1.5483552919157728,0.9685971231118503,-0.5006028318861863,0.267887915066705,-0.03312790655656356,0.09000117304571391,0.09000117304571391,0.0,0.22212359156444883,-0.10712195591664064,4.389081136996637e-05,0.0004227030637391925,0.2529618972550977,-3.601650415601068,0,1.0178458461285838
25.25119999999837,-1.0905737531164417,-1.4512396324538295,1.0000509315156643,-0.564965402998255,0.27879171368013045,-4.90494329658454e-05,-1.4691957898848698,-1.3778270747263224,0.8640684743344886,-0.5115757383445615,0.27767480905688635,-0.16962634670437168,-1.280817791239188,-1.4625106356099766,0.9159779341251059,-0.5063285221287911,0.27191574648404054,-0.10073594797496424,0.09000117304571391,0.09000117304571391,0.0,0.22231534566102162,-0.1072373580912781,4.3717604216850464e-05,0.00042040207002770277,0.25248247776882504,-3.6016592287483737,0,1.0152208168727634
25.25535999999837,-1.0929232764747412,-1.4500801776515575,1.0000507279575346,-0.5638856059918641,0.2782691525452548,-4.88539511163391e-05,-0.8009193622199078,-1.5769340091159638,0.8497594667097906,-0.5604931885582413,0.24179935319142215,0.006155807808400368,-1.042031931141744,-1.5192198269348465,0.8828810887505818,-0.5329732034614934,0.25668614078831764,-0.047319891724945495,0.09000117304571391,0.09000117304571391,0.0,0.22250181411874181,-0.10735001574843062,4.354509824773428e-05,0.00041811091262892704,0.2520028573918309,-3.6016679884702225,0,1.012600785724316
25.259519999998368,-1.095268299133557,-1.4489229013198903,1.0000505252106557,-0.5628054381158045,0.27774631960012275,-4.86592509151024e-05,-0.8159873213558515,-1.5752541727803797,1.0870782666511345,-0.6812034296833597,0.37296436686369183,0.08359093300033435,-0.9304254252891426,-1.5464601252825065,0.9851545253637951,-0.6068396241186875,0.3140909558895686,0.018342516160506,0.09000117304571391,0.09000117304571391,0.0,0.22268303894882346,-0.10745995044317636,4.3373289995528004e-05,0.00041582960937961143,0.2515230460110819,-3.601676695331234,0,1.0099857545703068
25.263679999998367,-1.0976088196374312,-1.447767804544573,1.0000503232717841,-0.5617249209298355,0.2772232260761538,-4.8465329168441796e-05,-1.117118033043466,-1.736553231034033,1.0455838847064762,-0.4468852629265002,0.28042983136651994,-0.0007967718961155155,-1.024703408971639,-1.6409232057463683,1.0153687735248806,-0.5264567122930942,0.29653326152297377,0.00838803317549345,0.09000117304571391,0.09000117304571391,0.0,0.22285906188465865,-0.10756718358875994,4.3202176594353125e-05,0.0004135581765807791,0.2510430534303869,-3.6016853498881027,0,1.007375725196537
25.267839999998365,-1.099944836619978,-1.4466148883649435,1.0000501221376896,-0.5606440758112408,0.2766998831110969,-4.827218269572467e-05,-0.46953014234363455,-0.9668679265939099,0.7420743758477868,-0.6768793694019383,0.3760614185895549,0.07971512474039653,-0.7485218961769474,-1.3031078774685374,0.8788863260902098,-0.6011218236969756,0.3359195032223523,0.04363414902725762,0.09000117304571391,0.09000117304571391,0.0,0.22302992438287128,-0.1076717364569495,4.303175471068819e-05,0.0004112966290317564,0.25056288937096804,-3.6016939526897214,0,1.0047706992883987
25.271999999998364,-1.1022763488031284,-1.4454641537743198,1.0000499218051548,-0.5595629239560851,0.27617630174967195,-4.8079808331273415e-05,-1.4297752162700668,-1.3642635827705119,0.47996407677065533,-0.6631607094528595,0.37425009708454504,0.08262571899235971,-1.0905345306312213,-1.332906727947447,0.6795957507725524,-0.631246605048533,0.3546011249098892,0.06241497970871744,0.09000117304571391,0.09000117304571391,0.0,0.2231956676254454,-0.10777363017935704,4.2862021827059756e-05,0.00040904498006366744,0.25008256347202706,-3.601702504277301,0,1.002170678431723
25.276159999998363,-1.1046033549963803,-1.4443156017203855,1.000049722270976,-0.5584814863804609,0.2756524929442058,-4.788820292101588e-05,-1.370528967469681,-0.9225352769597276,1.143623372021767,-0.6044623036459204,0.29197876996657857,-0.0016601701723660033,-1.231790837376728,-1.1271099570415797,0.9116103988893104,-0.6179210462108338,0.3228773083954674,0.029879716978627232,0.09000117304571391,0.09000117304571391,0.0,0.22335633252132236,-0.10787288574801401,4.269297431717199e-05,0.00040680324157241817,0.24960208529130912,-3.6017110051844927,0,0.9995756641136231
25.280319999998362,-1.1069258540960543,-1.4431692331055719,1.0000495235319622,-0.5573997839217275,0.27512846755526504,-4.769736332706229e-05,-1.136799419117516,-1.791272065337448,1.5775241066146064,-0.5743643275586225,0.20374578978158792,0.0923858047011095,-1.1854902382986938,-1.4587694530059743,1.2447621103684507,-0.5956099793917974,0.2621553836138889,0.06207211131571999,0.09000117304571391,0.09000117304571391,0.0,0.22351195970853954,-0.10796952401637683,4.2524609798452105e-05,0.00040457142405094816,0.24912146430566237,-3.6017194559375025,0,0.996985657723331
25.28447999999836,-1.1092438450845532,-1.4420250487874373,1.0000493255849354,-0.5563178372397407,0.2746042363522844,-4.7507286422548085e-05,-1.3696800902694661,-1.6328282002840713,0.6588057800151763,-0.5268767207439282,0.26485010796438035,-0.046540381310467144,-1.2786843295744266,-1.5452502580671665,0.9516836080667693,-0.560291755724316,0.26402859194063333,0.0075007887179099255,0.09000117304571391,0.09000117304571391,0.0,0.22366258955519824,-0.10806356570033526,4.235692478017107e-05,0.0004023495366208775,0.24864070991159387,-3.6017278570552094,0,0.9944006605530293
25.28863999999836,-1.1115573270296286,-1.4408830495790448,1.0000491284267308,-0.5552356668180773,0.2740798100141906,-4.731796909624202e-05,-1.1176875068882173,-1.3121353027361828,0.9240852313569512,-0.5246405422738297,0.3952941314756,0.05295093076561478,-1.199276782392878,-1.4278688898867828,0.9379931289281926,-0.5421060333488164,0.32962458795360183,0.030816333203856978,0.09000117304571391,0.09000117304571391,0.0,0.22380826216203875,-0.10815503137890248,4.2189916587647835e-05,0.0004001375870636787,0.24815983142582224,-3.601736209049277,0,0.9918206737986757
25.29279999999836,-1.1138662990836505,-1.4397432362493363,1.0000489320541963,-0.5541532929652487,0.27355519913002263,-4.712940824913752e-05,-1.1885841133744148,-1.3161549880925876,1.1216463940775936,-0.48528685743541844,0.19092884249120595,-0.0472162389308905,-1.1949396384273507,-1.3716140401388053,1.029723191990899,-0.5137564217205762,0.260290062296527,-0.008365069883764295,0.09000117304571391,0.09000117304571391,0.0,0.2239490173634191,-0.10824394149512151,4.202358207989072e-05,0.00039793558185135115,0.2476788380858262,-3.6017445124242666,0,0.9892456985608236
25.296959999998357,-1.1161707604828834,-1.438605609523505,1.000048736464193,-0.5530707358159088,0.27303041419954843,-4.694160079642081e-05,-1.0696412138344322,-1.8742636456260333,0.9021726521852178,-0.6516156258475296,0.09921533895590065,-0.046802107076906144,-1.1336467873054825,-1.6227348582157923,0.9658502879840822,-0.5817653346387064,0.17921632766245382,-0.027872251696580214,0.09000117304571391,0.09000117304571391,0.0,0.22408489472947224,-0.10833031635697477,4.1857918290776606e-05,0.00039574352617638496,0.24719773905039022,-3.601752767677748,0,0.9866757358454361
25.301119999998356,-1.118470710546767,-1.4374701700833639,1.0000485416535945,-0.5519880153320527,0.27250546563387673,-4.675454366669256e-05,-1.4687916986393899,-1.1739491843230894,1.2499525503527844,-0.7058304727006687,0.465160567377803,-0.05251564656311782,-1.302689380786707,-1.3973708117790296,1.1077934461659213,-0.6439410411554465,0.3219063242323847,-0.039841366561857244,0.09000117304571391,0.09000117304571391,0.0,0.22421593356773628,-0.10841417613829507,4.1692922429717265e-05,0.00039356142398129827,0.24671654340014612,-3.601760975300406,0,0.9841107865646943
25.305279999998355,-1.1207661486772011,-1.4363369185677135,1.000048347619287,-0.5509051513042077,0.27198036375606516,-4.6568233801276596e-05,-1.4407289708480695,-1.0087982865768297,0.6439757149870358,-0.6417023216331968,0.3648678793844116,-0.08789628280750812,-1.3730454700661912,-1.2023223865989363,0.8756996367616147,-0.6425303557138079,0.343129999217622,-0.06440594793283375,0.09000117304571391,0.09000117304571391,0.0,0.22434217292436043,-0.1084955408795738,4.152859166815472e-05,0.00039138927798755015,0.2462352601381113,-3.6017691357761477,0,0.9815508515378005
25.309439999998354,-1.123057074357837,-1.4352058555727063,1.0000481543581696,-0.5498221633526185,0.2714551188017243,-4.6382668154371936e-05,-0.7763138348558574,-1.2526067580805533,0.9640019011059477,-0.7996230253299982,0.1941539362169694,0.05857910931782102,-1.076340513057484,-1.227060206293414,0.9199740720567009,-0.7201801651809258,0.2682267409900559,-0.003326340371932093,0.09000117304571391,0.09000117304571391,0.0,0.22446365158659898,-0.10857443048844939,4.1364922925390984e-05,0.0003892270897241577,0.24575389819022356,-3.601777249582208,0,0.9789959314917758
25.313599999998353,-1.125343487153372,-1.4340769816522079,1.0000479618671543,-0.5487390709284211,0.2709297409196197,-4.6197843694076874e-05,-1.6900420042159865,-1.3509476115903147,0.9024347703432344,-0.4584085914353209,0.2016330693013118,0.04702590813184021,-1.3841512439264678,-1.2885869663690144,0.9113013900352244,-0.5882463646761162,0.23569458283652608,0.022193223394985,0.09000117304571391,0.09000117304571391,0.0,0.2245804080837075,-0.10865086474126806,4.120191329626269e-05,0.0003870748595553663,0.24527246640587244,-3.6017853171892527,0,0.9764460270622516
25.31775999999835,-1.1276253867088504,-1.4329502973181567,1.0000477701431651,-0.5476558933148125,0.2704042401722666,-4.601375740167818e-05,-1.4724483925337037,-1.9969663247137652,0.9831186499707802,-0.6443297664961527,0.2908791415589652,0.03744378620469961,-1.4296417554467653,-1.642175154044905,0.947289313053111,-0.6157400723695354,0.2625965871430083,0.029380676277242928,0.09000117304571391,0.09000117304571391,0.0,0.22469248068880532,-0.10872486328336473,4.1039560051807486e-05,0.000384932586708207,0.24479097355842694,-3.6017933390614787,0,0.9739011387942565
25.32191999999835,-1.1299027727489679,-1.4318258030409212,1.000047579183139,-0.5465726496282112,0.26987862653652334,-4.583040627090932e-05,-0.5535640911031223,-1.3823052028636482,1.0064985972049882,-0.4739972195612843,0.23740016058289526,-0.05565244000915837,-0.9925842284802199,-1.5117438142259763,0.9767791592033788,-0.5441395691278034,0.2496343725271267,-0.013392599582840012,0.09000117304571391,0.09000117304571391,0.0,0.2247999074208491,-0.10879644562998658,4.087786042575957e-05,0.0003828002692994539,0.24430942834576008,-3.6018013156567155,0,0.9713612671429973
25.32607999999835,-1.132175645077382,-1.430703499249654,1.0000473889840251,-0.5454893588194097,0.2693529099041804,-4.5647787308107514e-05,-0.518918572370868,-1.1846359029575164,0.34428104397661163,-0.4198384635886244,0.28631911602314775,-0.1453493979487709,-0.7566226307541976,-1.3475913841723295,0.6602238716078863,-0.481375240541402,0.26766182378268216,-0.07961183606474732,0.09000117304571391,0.09000117304571391,0.0,0.2249027260457579,-0.10886563116732717,4.071681118620842e-05,0.00038067790436194194,0.2438278393907699,-3.6018092474265226,0,0.9688264124746344
25.330239999998348,-1.1344440035760268,-1.4295833863326433,1.0000471995427853,-0.544406039674721,0.268827100082545,-4.546589753415182e-05,-1.153997672789017,-1.4328027399185026,1.058102108425992,-0.559014770075373,0.3487057736331714,0.02796734739722096,-0.9564775361604402,-1.3894717188963566,0.8592238328467892,-0.5192912011860191,0.3078701285522737,-0.025774992750512166,0.09000117304571391,0.09000117304571391,0.0,0.2250009740782899,-0.10893243915324169,4.055640991929013e-05,0.000378565487870605,0.24334621524189698,-3.6018171348162866,0,0.966296575067052
25.334399999998347,-1.1367078482044315,-1.428465464637664,1.0000470108563937,-0.5433227108171163,0.268301206795022,-4.5284733981041326e-05,-0.5022654704831769,-1.388901969097652,0.9939792474317063,-0.45435567519066405,0.23472666133610037,-0.0048987355961509224,-0.7303135264423599,-1.388698364062612,0.9265918813663381,-0.486753118957774,0.2711822290560633,-0.015139857170504882,0.09000117304571391,0.09000117304571391,0.0,0.22509468878360295,-0.1089968887177507,4.039665353265773e-05,0.00037646301476795113,0.24286456437363882,-3.6018249782653156,0,0.9637717551106241
25.338559999998346,-1.1389671789990454,-1.4273497344723236,1.0000468229218367,-0.5422393907073557,0.2677752396816926,-4.510429369472492e-05,-1.095883377932671,-1.1504619347181197,1.4179303614348384,-0.606900106166632,0.27754175805286657,0.05944344257312306,-0.9143657062993112,-1.2690005929690469,1.1723879748352466,-0.5456834325591078,0.27406799322871694,0.02225536709401889,0.09000117304571391,0.09000117304571391,0.0,0.22518390717882153,-0.10905899886440218,4.023753932433586e-05,0.00037437047898893555,0.24238289518706072,-3.6018327782069335,0,0.9612519527089729
25.342719999998344,-1.1412219960725667,-1.4262361961044074,1.0000466357361129,-0.5411560976451121,0.26724920829988685,-4.492457373348611e-05,-1.0613203670800542,-1.2310950394656657,0.5133185738468372,-0.4743822755628323,0.32416762761675705,0.11746323627253301,-0.9888304310913648,-1.2493732116254765,0.8430927488578694,-0.5101986105343437,0.29907608019742127,0.06996561284064366,0.09000117304571391,0.09000117304571391,0.0,0.22526866603471318,-0.10911878847067291,4.007906455571179e-05,0.0003722878734855644,0.24190121601030345,-3.601840535068572,0,0.9587371678797236
25.346879999998343,-1.1434722996132753,-1.4251248497622209,1.000046449296233,-0.5400728497700864,0.2667231221247542,-4.474557116807655e-05,-1.1625740355721794,-1.0577492332479825,1.000758226291818,-0.3332359823017217,0.30640220038955707,0.15838724017876427,-1.0763963055300656,-1.1529237851380112,0.9222557843730199,-0.42185590430359715,0.303321083509274,0.1142896856448131,0.09000117304571391,0.09000117304571391,0.0,0.2253490018770512,-0.10917627628901472,3.992122645153534e-05,0.0003702151902510045,0.2414195350990874,-3.601848249271861,0,0.9562274005552543
25.351039999998342,-1.1457180898843717,-1.42401569563493,1.0000462635992202,-0.5389896650631172,0.26619699054982926,-4.4567283081884514e-05,-1.5101113433984663,-1.5506228714987302,1.1795940007298733,-0.5248215521203684,0.3002635102426047,-0.04519617245132143,-1.2943490501815247,-1.3511513741948415,1.0508320083009637,-0.4730545754020436,0.3016974517965676,0.03488308927953332,0.09000117304571391,0.09000117304571391,0.0,0.22542495098840676,-0.10923148094726087,3.976402241408965e-05,0.00036815242034326747,0.24093786063721373,-3.601855921232718,0,0.953722650583439
25.35519999999834,-1.1479593672233188,-1.4229087338728983,1.0000460786421095,-0.5379065613472817,0.2656708228875955,-4.43897065701733e-05,-1.055553280617933,-1.7545482015767833,1.1190175180689268,-0.6304635786086205,0.23672032025825218,-0.13743873008002966,-1.1762626809971874,-1.5523602912064756,1.0846384553843098,-0.550863938011413,0.2692380149006202,-0.05082616837656548,0.09000117304571391,0.09000117304571391,0.0,0.22549654940941433,-0.10928442094999691,3.960744938134544e-05,0.00036609955390821524,0.2404562007370621,-3.6018635513614363,0,0.9512229177283874
25.35935999999834,-1.1501961320411895,-1.4218039645880232,1.0000458944219481,-0.5368235562889907,0.26514462837004305,-4.421283874202605e-05,-0.8593752175812248,-1.6431941756508024,0.9230282124878952,-0.5172163481964231,0.16600940850428653,-0.13273938317554201,-1.018893613134947,-1.5974311522309943,1.0035557034681215,-0.5335199561636308,0.2169465331354572,-0.09158253070343084,0.09000117304571391,0.09000117304571391,0.0,0.22556383294057314,-0.10933511467886581,3.945150468231108e-05,0.00036405658020245344,0.23997456344008516,-3.6018711400627694,0,0.9487282016711781
25.36351999999834,-1.152428384822019,-1.420701387854068,1.0000457109357952,-0.535740667399076,0.26461841614922443,-4.40366767187189e-05,-1.4411570616151703,-1.2660053551096264,1.2856127996784998,-0.48168664598547106,0.2922384024622842,0.014613116846339045,-1.231032358228854,-1.4311070566762267,1.144616810674665,-0.5065623018166182,0.2540921581405118,-0.038583127484400834,0.09000117304571391,0.09000117304571391,0.0,0.22562683714384169,-0.1093835803936225,3.929618582419427e-05,0.00036202348761575317,0.2394929567173001,-3.6018786877360185,0,0.9462385020105872
25.367679999998337,-1.15465612612216,-1.4196010037069937,1.0000455281807217,-0.5346579120338693,0.2640921952978061,-4.386121763295846e-05,-0.7682723932928123,-1.1157959276929175,0.6644252361600679,-0.42806221548246204,0.15963377027660292,0.007048191732395867,-1.0005420687049693,-1.273117270688216,0.9045338158204875,-0.46607953257717744,0.20687789657538103,-0.01648803946089975,0.09000117304571391,0.09000117304571391,0.0,0.22568559734380833,-0.10942983623255031,3.914149006472708e-05,0.00036000026369281386,0.2390113884697762,-3.6018861947751137,0,0.9437538182638125
25.371839999998336,-1.1568793565696445,-1.418502812145287,1.0000453461538108,-0.5335753073962762,0.2635659748096175,-4.368645862993888e-05,-1.4928804848416133,-1.162288664843035,1.1208393780743133,-0.5496347213181982,0.34218041085832396,-0.047974532123764124,-1.2478565519100084,-1.2169891704080535,1.0125867920679505,-0.5085221712061375,0.27389706961241733,-0.03149222192236125,0.09000117304571391,0.09000117304571391,0.0,0.2257401486295072,-0.10947390021373371,3.898741441149973e-05,0.00035798689515479233,0.23852986652912028,-3.6018936615686985,0,0.9412741498671914
25.375999999998335,-1.159098076863548,-1.4174068131302862,1.000045164852157,-0.5324928705368426,0.26303976360019465,-4.351239686836905e-05,-0.8151811368105895,-0.8748891892180326,1.1412520871971743,-0.5225248643797175,0.4271123753602591,-0.030372006251804678,-1.0326034179902805,-1.0450475727452502,1.0768574944380434,-0.5151548951181901,0.35009489975738367,-0.031089593081654467,0.09000117304571391,0.09000117304571391,0.0,0.22579052585559833,-0.10951579023547953,3.8833956692147404e-05,0.0003559833679204642,0.2380483986579583,-3.601901088500209,0,0.9387994961769147
25.380159999998334,-1.1613122877733597,-1.4163130065865057,1.0000449842728674,-0.5314106183548136,0.2625135705073213,-4.33390295170644e-05,-1.0353625804141038,-1.230514543826587,1.16914411922847,-0.5633107547708258,0.2517204355920665,0.07802830801241402,-1.0351563989073618,-1.137259098375786,1.1231635006346532,-0.5384073065953127,0.3010646888379097,0.02358190263871329,0.09000117304571391,0.09000117304571391,0.0,0.22583676364440586,-0.1095555240771674,3.8681113843650155e-05,0.0003539896671268857,0.23756699255041389,-3.6019084759479543,0,0.9363298564697361
25.384319999998333,-1.1635219901383562,-1.4152213924019574,1.00004480441306,-0.5303285675991853,0.2619874042915669,-4.316635375863432e-05,-1.3953428779759376,-1.4629361310674383,0.8971058704304155,-0.49068299347710936,-0.010797470461014813,-0.0836646865238126,-1.2162738344670692,-1.3001209382991108,1.0099602611262795,-0.5140340527831632,0.14447377308254825,-0.030600735248111983,0.09000117304571391,0.09000117304571391,0.0,0.2258788963866798,-0.1095931194001023,3.852888319469183e-05,0.0003520057771497718,0.23708565583258395,-3.6019158242851943,0,0.9338652299436745
25.38847999999833,-1.1657271848669801,-1.4141319704284707,1.0000446252698652,-0.5292467348697512,0.2614612736368197,-4.299436678788628e-05,-0.9998278977311204,-1.7164966757054336,0.893180428847088,-0.7790330720931989,0.27880690491854954,-0.029902950899764847,-1.1096723526593817,-1.507732089182548,0.9515084230695084,-0.6452495861532632,0.21176582114268627,-0.03077721014124005,0.09000117304571391,0.09000117304571391,0.0,0.2259169582438576,-0.10962859374783462,3.837726246699229e-05,0.0003500316816234499,0.23660439606301115,-3.6019231338802173,0,0.9314056157187138
25.39263999999833,-1.1679278729362224,-1.413044740482009,1.0000444468404244,-0.5281651366181388,0.26093518715081904,-4.2823065810152026e-05,-0.7337564655132363,-1.1628306972369795,1.4404267546711116,-0.5680895298823198,0.41998708827888753,0.02467390509927054,-0.9228935057958944,-1.334404146266505,1.1960226401219423,-0.6066180016808768,0.3152512251440938,-0.0032038027052276154,0.09000117304571391,0.09000117304571391,0.0,0.22595098314883266,-0.1096619645476592,3.822624870578693e-05,0.00034806736346011246,0.236123220733153,-3.6019304050964154,0,0.9289510128374968
25.39679999999833,-1.1701240553910093,-1.4119597023429853,1.000044269121891,-0.5270837891488436,0.26040915336568055,-4.2652448044110836e-05,-1.3037583682681817,-1.8849298742383702,1.1745713932435606,-0.6196752620299973,0.32971316232834424,0.28213244920837105,-1.114618439274557,-1.6089854173044815,1.185882263525356,-0.6126983100482847,0.3226488573152644,0.14013382273697345,0.09000117304571391,0.09000117304571391,0.0,0.22598100480779837,-0.10969324911072609,3.807583956285155e-05,0.00034611280486939106,0.23564213726784833,-3.60193763829236,0,0.9265014202660138
25.400959999998328,-1.1723157333435936,-1.4108768557565752,1.0000440921114295,-0.5260027086202524,0.2598831807384206,-4.248251071926164e-05,-1.0109705674830718,-1.3697779817413704,1.768411962246782,-0.5577462846453841,0.13179162202069103,0.06590582976213553,-1.0639547574533563,-1.4891069186908552,1.4772883758365043,-0.5848010838556833,0.22772086633270952,0.10297432889338032,0.09000117304571391,0.09000117304571391,0.0,0.22600705670145316,-0.10972246463290247,3.7926032441818575e-05,0.0003441679873770195,0.23516115302578033,-3.601944833821874,0,0.9240568368942882
25.405119999998327,-1.1745029079729505,-1.4097962004330273,1.0000439158062167,-0.5249219110456632,0.25935727765147715,-4.231325107695701e-05,-1.2336312187027296,-2.1452381929338613,0.9607944228574837,-0.639386916346154,0.23103435101907227,-0.04727563163773213,-1.1501250522545445,-1.8166948497542101,1.2189403044231706,-0.611623761034678,0.22853467944889977,0.02744968723204201,0.09000117304571391,0.09000117304571391,0.0,0.22602917208685147,-0.10974962819574252,3.777682449751093e-05,0.00034223289184324697,0.23468027529993712,-3.601951992034105,0,0.9216172615370541
25.409279999998326,-1.1766855805241767,-1.4087177360479721,1.0000437402034401,-0.5238414122942949,0.25883145241322564,-4.214466637145119e-05,-1.1009887704740273,-1.546941884872434,0.6442525604651512,-0.5566984165774154,0.19674130589295025,-0.0675414387522128,-1.126717034939376,-1.6814081062965087,0.9314520643085427,-0.5829380330865226,0.21304526018656467,-0.020105893389630272,0.09000117304571391,0.09000117304571391,0.0,0.22604738399829816,-0.1097747567670333,3.762821327778755e-05,0.0003403074984808823,0.2341995113180684,-3.6019591132735966,0,0.9191826929344336
25.413439999998324,-1.1788637523078946,-1.4076414622427285,1.000043565300299,-0.522761228092294,0.25830571325849283,-4.197675386823498e-05,-1.16038839515907,-1.1412391776144117,1.2682146762911093,-0.6037165388602249,0.4639679653227768,-0.09700675292698117,-1.14480923168679,-1.4103543930903566,1.0996324584302688,-0.5930527465190184,0.33828419098924983,-0.05783152164696219,0.09000117304571391,0.09000117304571391,0.0,0.22606172524920742,-0.10979786720134177,3.748019629653458e-05,0.000338391786873192,0.23371886824314014,-3.6019661978803565,0,0.9167531297526046
25.417599999998323,-1.1810374246996602,-1.4065673786246073,1.0000433910940039,-0.5216813740237317,0.25778006834906775,-4.180951084419371e-05,-0.7090320313467329,-1.701185930367332,0.8814315209454413,-0.4554199681169214,0.25939118736433175,0.07512439505283332,-0.92786564824536,-1.555231277978579,0.9906877558598487,-0.523857707119703,0.29817306511103997,0.008139552654413318,0.09000117304571391,0.09000117304571391,0.0,0.22607222843311203,-0.10981897624131254,3.73327710336653e-05,0.00033648573599107047,0.23323835317378555,-3.6019732461899276,0,0.914328570584468
25.421759999998322,-1.1832065991393752,-1.4054954847672148,1.0000432175817764,-0.5206018655315973,0.25725452577420693,-4.1642934587724605e-05,-0.897101523331303,-1.256971917196835,0.38022902214930365,-0.3894154670612926,0.21814029215240036,-0.0009337069694336585,-0.9132952625375127,-1.4056461136080192,0.685454533601683,-0.4557223740512337,0.2583197761550531,0.002469516962526578,0.09000117304571391,0.09000117304571391,0.0,0.22607892592542456,-0.10983810051768517,3.71859349351202e-05,0.0003345893242103739,0.2327579731447535,-3.6019802585334544,0,0.9119090139503081
25.42591999999832,-1.1853712771307034,-1.4044257802107516,1.0000430447608497,-0.5195227179187824,0.25672909355113915,-4.1477022398899084e-05,-1.1253811626208812,-1.5122078598512911,1.071940633042407,-0.38266625034723734,0.1516719094975128,0.13848492768512863,-1.0201360592638895,-1.458611145967243,0.8789891170258258,-0.4189932102772284,0.2044673652719612,0.0700912274492345,0.09000117304571391,0.09000117304571391,0.0,0.22608184988466773,-0.10985525655038209,3.7039685412866894e-05,0.0003327025293286419,0.23227773512735378,-3.601987235237751,0,0.9094944582984482
25.43007999999832,-1.1875314602404912,-1.4033582644623117,1.000042872628468,-0.5184439463490602,0.2562037796255655,-4.131177158960659e-05,-0.7157678894298876,-1.0919298085898559,1.167069647693422,-0.3983211448017239,0.3307546757935555,0.0052000833996572295,-0.8687790172378289,-1.2745794774476338,1.0230423833652045,-0.40833330188478784,0.2673750773073822,0.037568477107765855,0.09000117304571391,0.09000117304571391,0.0,0.22608103225381648,-0.10987046074917128,3.6894020059070795e-05,0.0003308253285813238,0.2317976460298997,-3.6019941766253645,0,0.9070849020059032
25.43423999999832,-1.1896871500981914,-1.4022929369961776,1.0000427011818869,-0.5173655658480586,0.2556785918721564,-4.1147179482761835e-05,-1.7037401609618565,-1.5154875615687171,1.0293807147379368,-0.5895737848456386,0.3555530389765992,0.03779921700351945,-1.2874920326848143,-1.3942943028497774,1.0262925564779912,-0.49879546068790614,0.31080330416071894,0.03655780562271664,0.09000117304571391,0.09000117304571391,0.0,0.22607650476175145,-0.10988372941443802,3.674893621842003e-05,0.00032895769865793034,0.23131771269814755,-3.602001083014642,0,0.904680343379026
25.438399999998317,-1.1918383483952923,-1.401229797254115,1.0000425304183727,-0.5162875913042254,0.25515353809504476,-4.098324341338593e-05,-0.8911409610606242,-1.4985465009092727,0.6175848395738661,-0.5385441503138223,0.2507920588763967,0.040973973344236074,-1.0904354514343375,-1.445899368839028,0.822022316891571,-0.5179114494112373,0.2807426855274942,0.03816257875255663,0.09000117304571391,0.09000117304571391,0.0,0.22606829892460767,-0.10989507873753135,3.6604431629971e-05,0.00032709961571795857,0.23083794191573329,-3.602007954719792,0,0.9022807806541507
25.442559999998316,-1.1939850568847499,-1.4001688446456637,1.0000423603352029,-0.5152100374697889,0.25462862602831765,-4.0819960726914286e-05,-1.199163006624042,-1.6754745878417614,1.1131384946012297,-0.5862733848970151,0.25790486523836986,-0.057619243182586925,-1.146019683207568,-1.5601511789899944,0.9674631544647393,-0.5519621669006612,0.26885825335749725,-0.009990503395695134,0.09000117304571391,0.09000117304571391,0.0,0.22605644604702269,-0.10990452480207347,3.6460503785969064e-05,0.00032525105540607066,0.23035834040460645,-3.602014792050949,0,0.8998862119982299
25.446719999998315,-1.1961272773804237,-1.3991100785484283,1.0000421909296664,-0.5141329189617114,0.25410386333650214,-4.0657328780250286e-05,-1.2068466345304454,-1.5750125558590782,1.3371908388657534,-0.5083740354247593,0.2806192636603884,0.0013770204087136802,-1.1774913770619875,-1.566997735645666,1.152331794310658,-0.5299836705079096,0.2744707220897867,-0.003993154403258737,0.09000117304571391,0.09000117304571391,0.0,0.2260409772236005,-0.1099120835839904,3.6317149931182254e-05,0.00032341199286763274,0.22987891482546113,-3.6020215953142327,0,0.8974966355094695
25.450879999998314,-1.198265011756518,-1.3980534983083657,1.0000420221990625,-0.5130562502626366,0.25357925761505057,-4.049534494278917e-05,-1.1332486298648943,-1.5356716867519036,0.9436616685629732,-0.48193597986224973,0.2533780579035908,0.019289082255228043,-1.1563728655536514,-1.5508076952632435,1.0480347958598681,-0.5055980070932223,0.26403260719473914,0.007933120638420563,0.09000117304571391,0.09000117304571391,0.0,0.2260219233402745,-0.10991777095250466,3.617436813308807e-05,0.0003215824027633674,0.2293996717781641,-3.6020283648118108,0,0.8951120492179566
25.455039999998313,-1.2003982619470255,-1.3969991032400706,1.0000418541407017,-0.5119800457218304,0.2530548163908215,-4.033400659297702e-05,-1.6836775784393336,-1.510013565136207,0.7762165440614455,-0.6303434032312474,0.22624756720941622,-0.057978548537015256,-1.4213413005727424,-1.5299378142811295,0.912004553177587,-0.5673410771631001,0.24420866656118403,-0.02568154931902711,0.09000117304571391,0.09000117304571391,0.0,0.22599931507567228,-0.10992160267102447,3.6032155571173426e-05,0.00031976225928389114,0.2289206178021803,-3.6020351008419564,0,0.8927324510862854
25.45919999999831,-1.202527029945176,-1.39594689262706,1.0000416867519053,-0.5109043195561156,0.2525305471225567,-4.0173311122031515e-05,-1.118293984482495,-1.7626064863783104,0.9514560366410711,-0.4991389598381643,0.3161388274992989,-0.15687044130642322,-1.2708541740999177,-1.6456152028534705,0.9314033503816063,-0.5330243347330886,0.2796806067748277,-0.0908181917421749,0.09000117304571391,0.09000117304571391,0.0,0.22597318290216561,-0.10992359439728627,3.589051003346415e-05,0.00031795153616407724,0.22844175937699518,-3.6020418036991084,0,0.8903578390101768
25.46335999999831,-1.2046513178028877,-1.3948968657220544,1.0000415200300057,-0.5098290858508013,0.25200645720135695,-4.00132559313648e-05,-1.3141967564481891,-1.7524843473954532,1.1608881150437764,-0.5968271917052478,0.1666954677064232,0.1581894268709119,-1.2937680101362363,-1.6987037781165415,1.046475925283857,-0.5645089354649047,0.22318415848193032,0.033882525380322055,0.09000117304571391,0.09000117304571391,0.0,0.22594355708735026,-0.10992376168446116,3.574942884767052e-05,0.00031615020669704843,0.22796310292253488,-3.6020484736739284,0,0.8879882108190954
25.46751999999831,-1.2067711276302235,-1.3938490217472579,1.0000413539723456,-0.508754358560606,0.2514825539511532,-3.9853838434530204e-05,-1.1729890477387692,-1.586282350109271,1.2116118904153221,-0.42050222377766727,0.1605304937908108,0.014401851310767565,-1.2342533864944603,-1.642158297626059,1.1290732831866945,-0.4920001440986915,0.1918223561281072,0.024977991397683016,0.09000117304571391,0.09000117304571391,0.0,0.2259104676955308,-0.10992211998183543,3.560890995070776e-05,0.00031435824374786785,0.22748465479958307,-3.602055111053357,0,0.8856235642768603
25.471679999998308,-1.208886461594851,-1.3928033598946363,1.0000411885762788,-0.5076801515105732,0.25095884462917456,-3.9695056054692794e-05,-1.7247006878732316,-0.9520173191668866,0.5622356742672474,-0.2628383930755765,0.08563491800995543,0.1173340655001981,-1.480027720036309,-1.296907071524769,0.8458942284980425,-0.37716718927829496,0.13979833150687787,0.0713113102754383,0.09000117304571391,0.09000117304571391,0.0,0.22587394458878118,-0.1099186846349599,3.5468950819841704e-05,0.00031257561976716266,0.22700642131019544,-3.6020617161206716,0,0.8832638970822533
25.475839999998307,-1.210997321921505,-1.391759879326193,1.0000410238391695,-0.5066064783969827,0.2504353364264151,-3.953690622649839e-05,-0.7100702127177975,-1.2013432163302642,0.7740675490902825,-0.5759775053014227,0.4098883421176509,0.24780435387693595,-1.0962438611281706,-1.2482732589569832,0.8104943183897889,-0.47547001215159146,0.27547016243779715,0.16026473666616275,0.09000117304571391,0.09000117304571391,0.0,0.2258340174283302,-0.1099134708869749,3.532954911386824e-05,0.0003108023068039529,0.22652840869811114,-3.602068289155538,0,0.8809092068696215
25.479999999998306,-1.2131037108914562,-1.3907185791742425,1.0000408597583927,-0.5055333527882548,0.24991203646809512,-3.9379386395345106e-05,-1.080079909878926,-0.8073703405711561,1.207803531438883,-0.5109364568359553,0.33754758663898327,0.06165864319160903,-1.0892266905861918,-1.0271173158744193,1.0092788576468938,-0.49215022323000374,0.30683690931818214,0.11149481312858711,0.09000117304571391,0.09000117304571391,0.0,0.2257907156756287,-0.10990649387887053,3.5190702459608785e-05,0.000309038276518833,0.22605062314916194,-3.6020748304340673,0,0.8785594912094773
25.484159999998305,-1.2152056308419805,-1.3896794585416836,1.0000406963313344,-0.5044607881258504,0.24938895181412093,-3.9222494017505484e-05,-1.396600364473186,-1.086256800697632,1.029904364184777,-0.8023574116814589,0.318545433369692,0.05201446485751598,-1.2445848831434634,-1.0560258141770769,1.0197010773606976,-0.6470778340730415,0.31312668212308975,0.08121339405916315,0.09000117304571391,0.09000117304571391,0.0,0.22574406859406415,-0.10989776865006795,3.505240823773972e-05,0.0003072835001966186,0.22557307079167832,-3.6020813402288687,0,0.876214747609092
25.488319999998303,-1.2173030841658354,-1.3886425165022689,1.0000405335553904,-0.503388797725162,0.24886608945954186,-3.906622656116175e-05,-1.170999135187891,-1.532588794534761,1.0067939468999283,-0.5854383014096088,0.3895384867112163,0.024253571813858496,-1.2090110394875078,-1.293499986833613,1.0132989925322997,-0.6153721684581407,0.35112403502798767,0.05219666836629084,0.09000117304571391,0.09000117304571391,0.0,0.22569410524992883,-0.10988731013943037,3.491466465297923e-05,0.00030553794875861555,0.22509575769689322,-3.602087818809101,0,0.8738749735130872
25.492479999998302,-1.2193960733107372,-1.387607752100873,1.0000403714279675,-0.5023173947764017,0.2483434563350028,-3.891058150294686e-05,-0.6770391903449438,-1.2315518642159136,0.9248880870278803,-0.5964488771090355,0.1531862062024429,-0.08969019304059175,-0.9442644660964108,-1.2622051813983375,0.968906018069026,-0.6047205338839103,0.25135623137949314,-0.018569357930216124,0.09000117304571391,0.09000117304571391,0.0,0.22564085451350024,-0.10987513318563569,3.477746880921662e-05,0.00030380159277486015,0.22461868987934286,-3.602094266440525,0,0.8715401663040205
25.4966399999983,-1.2214846007788434,-1.3865751643537596,1.000040209946483,-0.5012465923454826,0.24782105930719484,-3.8755556332551225e-05,-0.6974571824995052,-1.528176591294335,0.956502238282575,-0.4366338520420299,0.1804626678818395,0.0066172837050327326,-0.8217698317786462,-1.3948172170162374,0.9627182632454498,-0.5194623858839058,0.2158306255699518,-0.006197924054476236,0.09000117304571391,0.09000117304571391,0.0,0.22558434506065672,-0.10986125252765627,3.464081884788726e-05,0.0003020744024760906,0.22414187329726504,-3.602100683385553,0,0.8692103233029695
25.5007999999983,-1.2235686691262389,-1.3855447522488458,1.0000400491083639,-0.5001764033748939,0.24729890517930375,-3.860114854837581e-05,-1.3072736746605862,-1.8715043338675836,1.1026308048767244,-0.5252561500834734,0.32448289343467707,0.148326753633481,-1.0656177186748708,-1.6324884482392796,1.0329832893842328,-0.5223345444736448,0.269790216602353,0.07140988614868515,0.09000117304571391,0.09000117304571391,0.0,0.22552460537407337,-0.10984568280588308,3.450471245210944e-05,0.00030035634776519457,0.2236653138529951,-3.6021070699033007,0,0.8668854417701078
25.5049599999983,-1.2256482809624245,-1.3845165147459648,1.0000398889110487,-0.4991068406845696,0.2467770006914533,-3.8447355659453995e-05,-0.7153626997273136,-1.244042678522902,1.1812386743414183,-0.4119696878075127,0.4509957699520219,0.08744105442616705,-0.8913449150879094,-1.4373236589429268,1.107294294784606,-0.4670284708898145,0.3598389068878509,0.07923179261607989,0.09000117304571391,0.09000117304571391,0.0,0.22546166374399068,-0.1098284385621826,3.4369146845352036e-05,0.00029864739822877334,0.22318901739335864,-3.602113426249634,0,0.8645655189052807
25.509119999998298,-1.227723438949811,-1.3834904507771266,1.0000397293519854,-0.4980379169727546,0.24625535252114822,-3.8294175187361935e-05,-1.0436821102374265,-1.1631131726399633,0.8502712984285763,-0.5471560419940822,0.09604799469979974,0.16238733817034046,-0.9686519062375853,-1.3000177254550926,0.9791187163773221,-0.5074434500050818,0.2284438037930071,0.12082475230350682,0.09000117304571391,0.09000117304571391,0.0,0.22539554827027053,-0.10980953424123774,3.423412028929614e-05,0.0002969475231483634,0.22271298971006248,-3.6021197526772197,0,0.8622505518485746
25.513279999998296,-1.2297941458032147,-1.3824665592467777,1.0000395704286327,-0.4969696448168603,0.24573396728371108,-3.814160466189025e-05,-0.8544133923130037,-1.655915165942638,1.1505883954497564,-0.44296833125095336,0.2316464600639592,0.10624445033020691,-0.9124551557755677,-1.4774862623730092,1.0650752497397946,-0.47427495661247343,0.22963341688454053,0.11377181518420097,0.09000117304571391,0.09000117304571391,0.0,0.22532628686263945,-0.1097889841901814,3.409963015963072e-05,0.0002952566915113543,0.22223723654008226,-3.6021260494355714,0,0.8599405376808837
25.517439999998295,-1.2318604042893577,-1.3814448390320582,1.0000394121384593,-0.4959020366743195,0.24521285153272068,-3.798964162472386e-05,-1.0185971133561547,-1.4628013001653764,1.0806130940390484,-0.35538099118238875,0.3447047757579853,0.026731972049456394,-0.9662667956755231,-1.469426477592728,1.0729013345584193,-0.41448155764863137,0.28705353514550647,0.06955918179404384,0.09000117304571391,0.09000117304571391,0.0,0.22525390724275096,-0.10976680266004724,3.396567444258203e-05,0.00029357487202164365,0.22176176356604815,-3.6021323167710966,0,0.8576354734244721
25.521599999998294,-1.233922217226372,-1.3804252889830564,1.000039254478944,-0.49483510488343185,0.24469201176044386,-3.783828362690691e-05,-1.1025624218149368,-1.4102984683886686,0.8544195556413414,-0.5392068059321304,0.45736037478073227,0.13550657508637085,-1.0355387020853173,-1.4389099920142394,0.9639394856093609,-0.4760643827997659,0.37182534900920533,0.1031443222287203,0.09000117304571391,0.09000117304571391,0.0,0.2251784369447567,-0.10974300380626234,3.383225088022973e-05,0.00029190203311019354,0.22128657641662763,-3.602138554927144,0,0.8553353560435311
25.525759999998293,-1.2359795874833062,-1.3794079079230637,1.0000390974475764,-0.4937688616642064,0.24417145439826507,-3.768752822984305e-05,-1.3950646221791718,-1.8375365680848614,1.4897025426675463,-0.5479042251767514,0.25372749864317784,-0.07413376734962444,-1.2164436090044923,-1.6376986002811902,1.226670926709312,-0.5120728665752324,0.312917008951478,0.014310039753499475,0.09000117304571391,0.09000117304571391,0.0,0.22509990331705576,-0.1097176016888195,3.369935696984072e-05,0.0002902381429454268,0.22081168066690587,-3.6021447641440467,0,0.8530401824447342
25.52991999999829,-1.238032517979636,-1.3783926946488256,1.0000389410418555,-0.49270331911919624,0.243651185817115,-3.7537373006331656e-05,-1.6483818423325918,-1.2117999282656715,0.6884253723717637,-0.37051363894319617,0.3339038688513195,0.12740933467154625,-1.4331881433319926,-1.4240508811059276,0.9578097049145055,-0.4404668089198509,0.32297989080092543,0.07070145129573491,0.09000117304571391,0.09000117304571391,0.0,0.2250183335228717,-0.10969061027330707,3.356699060571482e-05,0.0002885831694431772,0.22033708183876366,-3.6021509446591695,0,0.8507499494777874
25.53407999999829,-1.2400810116847791,-1.3773796479307927,1.0000387852592907,-0.49163848923433023,0.24313121232789459,-3.738781553890025e-05,-1.3092099621402826,-1.066513168520034,0.9837103857489158,-0.6163247320071941,0.6324461758469129,-0.09278240874550546,-1.372479665303142,-1.2439619229208532,0.9705687327093827,-0.5286044518157137,0.47666885838871453,-0.011746872602708939,0.09000117304571391,0.09000117304571391,0.0,0.2249337545420098,-0.10966204343119212,3.343514986634631e-05,0.00028693708027663795,0.2198627854012527,-3.6021570967069505,0,0.8484646539359753
25.53823999999829,-1.2421250716176113,-1.3763687665133681,1.0000386300974013,-0.4905743838797369,0.24261154018189743,-3.7238853419031216e-05,-1.1743409740723916,-1.4713665261757964,1.2907480165715008,-0.491255227437711,0.33338768633616755,0.0763518028219842,-1.274431554805971,-1.356973588376045,1.1308199170072655,-0.5095355299787394,0.40561889370623727,0.03206006836115743,0.09000117304571391,0.09000117304571391,0.0,0.22484619317154764,-0.10963191494074653,3.3303832158407926e-05,0.0002852998428858716,0.2193887967709687,-3.6021632205189453,0,0.8461842925567039
25.54239999999829,-1.2441647008459886,-1.3753600491151547,1.000038475553717,-0.48951101481056475,0.24209217557122836,-3.709048424996441e-05,-1.3860027632417957,-1.3850688408329261,1.3069885631037717,-0.4477999119464935,0.2423283898588453,0.23849434930176655,-1.3311501912266108,-1.3705183929734785,1.219403055084848,-0.4782674298765896,0.32447347264959253,0.13453265115433133,0.09000117304571391,0.09000117304571391,0.0,0.224755676027385,-0.10960023848744099,3.3173035285605224e-05,0.00028367142448739975,0.21891512131242186,-3.6021693163238697,0,0.8439088620220394
25.546559999998287,-1.246199902486271,-1.3743534944291997,1.0000383216257769,-0.4884483936677958,0.24157312462921982,-3.694270564503071e-05,-1.196233988253711,-1.775047935541916,1.371556546477375,-0.5743087073518578,0.17472902996646822,-0.09508826055465586,-1.2648868005011529,-1.5724220770037187,1.29528295120944,-0.5257484616498543,0.24937683499815833,0.019801056465916306,0.09000117304571391,0.09000117304571391,0.0,0.2246622295451559,-0.10956702766455406,3.304275745000894e-05,0.0002820517920834166,0.2184417643384049,-3.602175384347641,0,0.8416383589592428
25.550719999998286,-1.2482306797028504,-1.373349101123238,1.0000381683111301,-0.48738653197905446,0.24105439343084553,-3.679551522601318e-05,-0.7049047393294604,-1.5727105913349004,1.2556265947477088,-0.4595947427397641,0.4397465650947663,-0.07918740188711275,-0.9858495747339412,-1.5716517592887127,1.2752895321850608,-0.4918201374286424,0.34458950227757396,-0.029563836364614657,0.09000117304571391,0.09000117304571391,0.0,0.22456587998135702,-0.10953229597378317,3.2912996182534235e-05,0.000280440912470909,0.21796873111035855,-3.6021814248134207,0,0.8393727799413012
25.554879999998285,-1.2502570357076812,-1.3723468678399333,1.0000380156073359,-0.48632544115941156,0.24053598799313147,-3.664891062590061e-05,-1.096234990565041,-1.3117412114208198,1.2822105015605212,-0.4817335231610782,0.30759076729128715,0.0566039953453807,-1.0420455098197245,-1.4410540530173472,1.2788674801973299,-0.48655482650792314,0.3256915921802998,0.013668321743490953,0.09000117304571391,0.09000117304571391,0.0,0.2244666534148012,-0.10949605682574992,3.278374941179536e-05,0.0002788387522505406,0.21749602683873503,-3.602187437941653,0,0.8371121214874554
25.559039999998284,-1.2522789737598152,-1.3713467931971184,1.0000378635119629,-0.48526513251218145,0.24001791427556424,-3.650288948726264e-05,-1.0825525331481707,-1.2170264498769168,1.579730943498966,-0.5305771752980233,0.20679967752345688,-0.17574551051582182,-1.0634035400089845,-1.3286089334654918,1.4289368239576736,-0.508250640514041,0.2664393066489044,-0.08153249147223417,0.09000117304571391,0.09000117304571391,0.0,0.22436457574732505,-0.10945832354082868,3.26550150370966e-05,0.0002772452778352295,0.21702365668335882,-3.6021934239501063,0,0.8348563800637233
25.563199999998282,-1.254296497164939,-1.3703488757880329,1.00003771202259,-0.4842056172297158,0.23950017818049588,-3.635744946235639e-05,-1.339519360545923,-1.222567909739914,1.011995974553103,-0.4895027341862466,0.28605644287020193,-0.1971618201504293,-1.202481760296507,-1.2749923227252922,1.2200537074144504,-0.49876899442881223,0.2760697757853655,-0.1394919626427815,0.09000117304571391,0.09000117304571391,0.0,0.22425967270524894,-0.109419109349228,3.252679071426184e-05,0.0002756604554586949,0.21655162575378498,-3.6021993830539114,0,0.8326055520834197
25.56735999999828,-1.2563096092749149,-1.3693531141815598,1.0000375611368058,-0.48314690639419067,0.23898278555354802,-3.62125882141332e-05,-0.8976451871983133,-1.5959606031291713,0.9794612842618983,-0.5391883502240872,0.19086544717607468,-0.020434252411932512,-1.0511843794347264,-1.4350803146630484,1.0997127764086128,-0.5182342958940999,0.23280005416972402,-0.07971432566090526,0.09000117304571391,0.09000117304571391,0.0,0.22415196984019847,-0.10937842739203535,3.239907449748003e-05,0.0002740842511837604,0.21607993910965545,-3.6022053154656013,0,0.8303596339076732
25.57151999999828,-1.2583183134873248,-1.3683595069224597,1.000037410852208,-0.4820890109783898,0.2384657421840114,-3.606830341459773e-05,-1.5362541006822843,-0.8774588459732215,1.7607307573622655,-0.6047288173303558,0.11197502120247224,-0.12996976214658806,-1.2949820191713164,-1.1560316260584562,1.4299560567777208,-0.560722786289364,0.17184349556767292,-0.10483774610919012,0.09000117304571391,0.09000117304571391,0.0,0.22404149253057049,-0.10933629072183737,3.227186419812585e-05,0.0002725166309103971,0.21560860176105293,-3.602211221395148,0,0.828118621845938
25.57567999999828,-1.2603226132450185,-1.3673680525316045,1.000037261166405,-0.48103194184648107,0.23794905380524262,-3.5924592745782765e-05,-1.2223322689880851,-1.6023444853518498,0.5063187461411872,-0.4419845845387237,0.2859374256721395,0.1013300348035237,-1.2595770898410534,-1.3785962890389367,0.9683405905714509,-0.50081358217205,0.22881189358921308,-0.0012327075384626109,0.09000117304571391,0.09000117304571391,0.0,0.22392826598236126,-0.10929271230259202,3.214515759826403e-05,0.0002709575603839973,0.215137618668852,-3.6022171010500017,0,0.8258825121565032
25.579839999998278,-1.2623225120356634,-1.3663787495062085,1.0000371120770137,-0.47997570975478915,0.23743272609506103,-3.578145389988888e-05,-1.091399890701756,-1.4634664042024137,1.2882043580505191,-0.5071688029233421,0.06873123547967824,0.024122698363035915,-1.1765425722599028,-1.4208886588499376,1.1283251590070453,-0.5038165017497014,0.14862665195186459,0.011312612355858747,0.09000117304571391,0.09000117304571391,0.0,0.22381231523031864,-0.1092477050111067,3.201895287899059e-05,0.00026940700520270853,0.21466699474506862,-3.6022229546351254,0,0.8236513010469985
25.583999999998277,-1.264318013391299,-1.365391596320058,1.0000369635816613,-0.47892032535256274,0.23691676467613937,-3.563888457762195e-05,-1.1017441074310341,-1.0917992936688174,0.35235894874590057,-0.3407802188229897,0.1972552026264509,-0.04815253872632606,-1.1398512664351839,-1.2559316991037155,0.7402360413978687,-0.4224833102652303,0.17308722236478596,-0.01821094287234958,0.09000117304571391,0.09000117304571391,0.0,0.2236936651392042,-0.10920128163691428,3.1893247765082743e-05,0.00026786493082542545,0.2141967348532067,-3.6022287823530332,0,0.821424984674895
25.588159999998275,-1.2663091208878938,-1.3644065914237398,1.0000368156779842,-0.47786579918273614,0.23640117511639452,-3.549688249007582e-05,-1.2067080118352498,-0.9931639612982114,1.5722894643864027,-0.48131593526594796,0.37003999599535553,-0.03418233332233663,-1.1742823111911211,-1.123775352199804,1.1561966320689476,-0.4513760283377941,0.27108609990737714,-0.02578938180687927,0.09000117304571391,0.09000117304571391,0.0,0.2235723404046308,-0.10915345488311284,3.176804016617849e-05,0.0002663313025791158,0.2137268438086028,-3.6022345844038255,0,0.8192035591480042
25.592319999998274,-1.268295838144905,-1.3634237332448673,1.0000366683636286,-0.47681214168268665,0.23588596292937458,-3.535544535798274e-05,-1.9543589813175208,-1.6823110304341045,0.7553002995450463,-0.44364480525386274,0.21839049331937313,0.011875868140752211,-1.5652493897174153,-1.4025924613073941,0.9557708130768963,-0.4472625076751419,0.2445529464293117,-0.007176061526043016,0.09000117304571391,0.09000117304571391,0.0,0.2234483655541173,-0.10910423736688646,3.1643327963271946e-05,0.0002648060856660367,0.21325732637876832,-3.602240360985223,0,0.8169870205249729
25.596479999998273,-1.2702781688248423,-1.3624430201883062,1.00003652163625,-0.4757593631849873,0.23537113357464345,-3.521457091180494e-05,-1.3227428409407402,-0.9384266070600162,0.8269172537301626,-0.4836850808963148,0.280163504489992,0.03024265721498039,-1.445001167567046,-1.1699249940838607,0.8914072888685465,-0.4651357015909315,0.26304827013124604,0.010928284500417966,0.09000117304571391,0.09000117304571391,0.0,0.2233217649485736,-0.10905364161992032,3.151910922288411e-05,0.00026328924517100036,0.2127881872837297,-3.6022461122926033,0,0.8147753648157732
25.600639999998272,-1.2722561166328346,-1.361464450636397,1.0000363754935129,-0.4747074739181526,0.2348566924581636,-3.507425689097083e-05,-0.9850910002862254,-1.1981214971719354,1.0479875060930937,-0.46131725753413894,-0.04348414529063721,-0.039472897229461824,-1.216004158221348,-1.184113419314757,0.9696163768050651,-0.46237754428664535,0.10957598488728594,-0.014262413642390207,0.09000117304571391,0.09000117304571391,0.0,0.22319256278293498,-0.10900168008913863,3.1395381983558343e-05,0.00026178074606818274,0.21231943119636615,-3.6022518385190327,0,0.8125685879821909
25.60479999999827,-1.2742296853161987,-1.3604880229491776,1.0000362299330918,-0.4736564840073816,0.23434264493267526,-3.4934501043996306e-05,-1.393493792117326,-1.3844415041560039,0.7582197893036134,-0.6036298664940273,0.4688886697468387,0.033053972504171435,-1.3060055950446525,-1.2833037358965926,0.8639854809069851,-0.5330690314069013,0.2892800909643458,0.00933226383765619,0.09000117304571391,0.09000117304571391,0.0,0.22306078308743904,-0.10894836513712314,3.127214404168984e-05,0.00026028055322801927,0.21185106274274523,-3.602257539855302,0,0.8103666859383095
25.60895999999827,-1.2761988786640124,-1.3595137354646023,1.0000360849526704,-0.47260640347529453,0.23382899629807385,-3.479530112946758e-05,-0.9784702633708839,-1.617391102208646,1.2819599757303766,-0.40219355138726026,0.36797704901497275,-0.17013648957031763,-1.1430744354968598,-1.4495834328858486,1.072622170540343,-0.4665590638113738,0.32817039853801183,-0.08058123089780432,0.09000117304571391,0.09000117304571391,0.0,0.2229264497282658,-0.1088937090427472,3.114939337920056e-05,0.00025878863142380574,0.21138308650245607,-3.602263216489958,0,0.8081696545509914
25.61311999999827,-1.2781637005066901,-1.3585415864987616,1.0000359405499415,-0.47155724224266693,0.2333157518017844,-3.46566549152895e-05,-1.540034787818172,-1.4433396566176064,0.957580171841201,-0.5954576048637419,0.11833626688121787,0.07467625004693386,-1.3427974972166106,-1.4462150310390294,1.0152561796368083,-0.5302435604595225,0.22310614521006256,-0.003197566766116505,0.09000117304571391,0.09000117304571391,0.0,0.22278958640946256,-0.10883772400159747,3.102712795003491e-05,0.00025730494533844595,0.2109155070089409,-3.6022688686093374,0,0.8059774896403543
25.617279999998267,-1.2801241547155617,-1.3575715743460985,1.0000357967226075,-0.4705090101291547,0.23280291663913397,-3.451856017878945e-05,-1.6044580317895965,-1.2620485927189413,0.9075871710629234,-0.5276396672090441,0.1418525180264574,0.04614773954792932,-1.4747290131975876,-1.3538353568603618,0.9615163354384004,-0.5280077151525209,0.18242817295492322,0.02174718608968942,0.09000117304571391,0.09000117304571391,0.0,0.22265021667305562,-0.10878042212650413,3.090534568015959e-05,0.00025582945957054585,0.21044832874982372,-3.602274496397596,0,0.8037901869802451
25.621439999998266,-1.2820802452024536,-1.3566036972796247,1.0000356534683794,-0.46946171685401855,0.23229049595372167,-3.43810147068211e-05,-1.2592575092671274,-1.2185523120210644,0.5021704953925711,-0.6396608979129996,0.14110530989016457,0.09438996442973412,-1.3683223928305988,-1.2858995099415473,0.732037996871909,-0.583748636352592,0.16182568173788955,0.05735837266971647,0.09000117304571391,0.09000117304571391,0.0,0.22250836390044693,-0.10872181544817933,3.07840448959049e-05,0.0002543621386407297,0.20998155616723715,-3.6022801000367433,0,0.8016077422987113
25.625599999998265,-1.2840319759192738,-1.355637953551134,1.000035510784978,-0.4684153720368422,0.23177849483778581,-3.4244016294113905e-05,-1.4868202591937003,-1.0420219819210788,1.118210786323422,-0.4416266101354489,0.17946532958400868,0.12575228418431128,-1.4284912635750808,-1.1635863709280416,0.9253879492425001,-0.5124380837802792,0.17093970139633813,0.09189027141833997,0.09000117304571391,0.09000117304571391,0.0,0.22236405131360037,-0.10866191591553698,3.066322325444401e-05,0.00025290294699777983,0.2095151936581473,-3.6022856797066716,0,0.7994301512784677
25.629759999998264,-1.2859793508575998,-1.354674341391415,1.0000353686701333,-0.4673699851982448,0.2312669183325693,-3.4107562746036596e-05,-1.7661776739863866,-0.8049913364875643,1.60528530213548,-0.3266307708141695,0.31977438136319175,0.018206212568642514,-1.598016194876821,-0.9836205075169692,1.2653781948631082,-0.4195556238943428,0.24500346745014154,0.05556110154825761,0.09000117304571391,0.09000117304571391,0.0,0.22221730197591016,-0.10860073539654791,3.054287881264751e-05,0.00025145184902452004,0.20904924557467625,-3.6022912355851875,0,0.7972574095573596
25.633919999998263,-1.287922374048269,-1.3537128590104621,1.0000352271215838,-0.4663255657605897,0.23075577142868142,-3.397165187694992e-05,-1.3989483789037453,-1.0964487445410525,0.8439911949354466,-0.47888403075327085,0.25608873653218334,0.10888751809029576,-1.4994783503140519,-1.0395030404330718,1.0549075325699977,-0.44854691943366964,0.25068099235919344,0.08255582357635342,0.09000117304571391,0.09000117304571391,0.0,0.2220681387930724,-0.10853828567845586,3.0423009814245082e-05,0.00025000880904368927,0.2085837162244223,-3.6022967678480415,0,0.7950895127288239
25.63807999999826,-1.289861049560972,-1.3527535045976853,1.0000350861370775,-0.46528212304868866,0.23024505906645848,-3.383628150941061e-05,-1.142292975598246,-1.2142986567932732,1.1861374181072342,-0.6992522238846424,0.2059104944127586,0.1576101259915183,-1.3223377439480275,-1.1264732633999957,1.1208511918873343,-0.5738084601227559,0.22804832818249793,0.1200907722268603,0.09000117304571391,0.09000117304571391,0.0,0.2219165845142802,-0.10847457846810132,3.0303614047979887e-05,0.00024857379132361415,0.2081186098707783,-3.6023022766689574,0,0.7929264563423462
25.64223999999826,-1.291795381503849,-1.3517962763221172,1.0000349457143713,-0.4642396662905011,0.22973478613632273,-3.3701449476065276e-05,-1.147078942393417,-1.5936011715284013,1.0307938988390324,-0.6150353538494185,0.23597334294543093,-0.005421795755714997,-1.235986946240646,-1.359550430540488,1.0758104746145938,-0.5941433602753414,0.23237674555115898,0.05742108704768528,0.09000117304571391,0.09000117304571391,0.0,0.22176266173320747,-0.10840962539331578,3.018468970295864e-05,0.00024714676008359416,0.20765393073324812,-3.6023077622196618,0,0.7907682359039147
25.64639999999826,-1.2937253740230898,-1.3508411723326208,1.0000348058512312,-0.46319820461782846,0.22922495747913532,-3.3567153617987294e-05,-1.4739633059106012,-1.4627822078258663,1.2777164245668562,-0.4093028115591834,0.1579472763109861,0.0706495435679948,-1.355830325171569,-1.4108367847789975,1.1769116348161275,-0.5006790303194449,0.19433442950982205,0.06411938604046298,0.09000117304571391,0.09000117304571391,0.0,0.22160639288888995,-0.10834343800218038,3.0066234941642617e-05,0.0002457276794995966,0.20718968298776042,-3.602313224669912,0,0.7886148468764708
25.650559999998258,-1.2956510313025358,-1.3498881907580935,1.000034666545432,-0.4621577470670044,0.2287155778865522,-3.343339178476915e-05,-0.6376049782521166,-1.4112666551191033,0.41092346263693913,-0.3645502219536887,0.30124539149186635,0.10116629212171357,-0.9974741130444699,-1.4104226170253018,0.7941235533286516,-0.43106866693268914,0.2465692975932468,0.08218768725491424,0.09000117304571391,0.09000117304571391,0.0,0.22144780026692812,-0.10827602776463657,2.9948247471506712e-05,0.0002443165137092196,0.20672587076698085,-3.602318664187525,0,0.7864662846803561
25.654719999998257,-1.297572357563284,-1.3489373297076712,1.0000345277947578,-0.46111830257957986,0.22820665210137292,-3.330016183644156e-05,-1.194480665443256,-1.4179371682260855,0.9407060772753518,-0.435210338175317,0.3155100730347405,-0.06271358475844305,-1.0968844802189084,-1.4135235856573094,0.867284699641789,-0.43290478608854416,0.28098344726768043,0.010082399478676899,0.09000117304571391,0.09000117304571391,0.0,0.22128690599994627,-0.10820740607228196,2.9830725614559816e-05,0.00024291322681712637,0.20626249816062192,-3.6023240809384047,0,0.7843225446937577
25.658879999998256,-1.2994893570632966,-1.34798858727093,1.000034389597001,-0.4600798800030054,0.22769818481789014,-3.3167461640878406e-05,-1.6287926821728105,-1.3037347109703914,0.7780819804269186,-0.5310350451238548,0.1313098268686221,-0.058100372623136956,-1.3639464120840465,-1.3583552365362423,0.8225625675186904,-0.48216970768246153,0.20614519687939062,-0.02434061492999996,0.09000117304571391,0.09000117304571391,0.0,0.221123732069336,-0.10813758423923614,2.9713667452661125e-05,0.00024151778289999428,0.20579956921575127,-3.6023294750865698,0,0.7821836222531483
25.663039999998254,-1.3014020340970103,-1.3470419615180875,1.0000342519499632,-0.45904248809130616,0.22719018068223534,-3.303528907481801e-05,-1.2392053848464093,-1.5784547656938026,1.1117614235718702,-0.4595682658859276,0.19915750112389485,0.06036185032405629,-1.3025325628764788,-1.4679920004770135,0.9672891749481269,-0.4700776908825036,0.20250803704081244,0.018195202280512707,0.09000117304571391,0.09000117304571391,0.0,0.22095830030550667,-0.10806657350236676,2.9597071041024376e-05,0.00024013014601153155,0.2053370879370971,-3.60233484679418,0,0.7800495126537241
25.667199999998253,-1.303310392994951,-1.3460974505002012,1.0000341148514549,-0.45800613550575486,0.2266826442927233,-3.290364202395471e-05,-1.7859133644577705,-1.2860955232459186,0.8381987219440693,-0.48479683986164457,0.2165255684277521,-0.042330713778091014,-1.5452354771670012,-1.376591669467085,0.9026557556718805,-0.47706716788790626,0.2092982321021805,-0.012427966506187162,0.09000117304571391,0.09000117304571391,0.0,0.22079063238952834,-0.10799438502205111,2.9480934408218005e-05,0.000238750280187134,0.20487505828735253,-3.602340196221563,0,0.7779202111498401
25.671359999998252,-1.305214438123349,-1.3451550522493672,1.0000339782992949,-0.45697083081553813,0.2261755802001932,-3.277251838306907e-05,-1.7414241967317075,-1.41814669137826,0.9289351595457527,-0.5033955942854211,0.1454646803743767,-0.028930285561633243,-1.6443772797805878,-1.3970657588937379,0.9157358979152179,-0.49070004151938806,0.17683257360673774,-0.02088510349598378,0.09000117304571391,0.09000117304571391,0.0,0.22062074985317381,-0.10792102988240532,2.9365255984506244e-05,0.00023737814944869463,0.204413484187477,-3.60234552352724,0,0.7757957129554415
25.67551999999825,-1.307114173883759,-1.3442147647789158,1.0000338422913113,-0.4559365824984216,0.22566899290834855,-3.264191605432515e-05,-1.7279686627326392,-1.2957713424717439,0.9456045310286549,-0.3246634875190003,0.23887249858144322,-0.12577802434873547,-1.6868506707030198,-1.3459202661628566,0.9304087687018839,-0.4068153832426626,0.20749857893672174,-0.07330554801923767,0.09000117304571391,0.09000117304571391,0.0,0.22044867408088709,-0.10784651909194204,2.9250033318157972e-05,0.00023601371780922355,0.20395236951699663,-3.6023508288679524,0,0.7736760132444915
25.67967999999825,-1.3090096047126816,-1.3432765860836071,1.0000337068253407,-0.4549033989414069,0.2251628868740941,-3.251183295096819e-05,-1.285312763284356,-1.3777335648174582,1.1813739354582828,-0.41118950784267444,0.252342194058764,0.2893537340690863,-1.4869359015077814,-1.361301525321494,1.0564942668432733,-0.4081693246590918,0.2295576756041637,0.1083320419455084,0.09000117304571391,0.09000117304571391,0.0,0.2202744263100458,-0.10777086358401589,2.913526500031722e-05,0.00023465694927717268,0.20349171811430183,-3.602356112398686,0,0.7715611071513978
25.68383999999825,-1.3109007350811874,-1.3423405141398244,1.0000335718992281,-0.45387128844138674,0.22465726650787093,-3.23822669929471e-05,-1.1781898425340804,-0.7376229480856745,1.5500919507851654,-0.6738428346543757,0.2672023520913138,0.017442982761214684,-1.3339642627622816,-1.048901693275692,1.3033319640418102,-0.5400381234737186,0.24818232175137164,0.06331627873471762,0.09000117304571391,0.09000117304571391,0.0,0.22009802763207964,-0.10769407421727034,2.9020948954969417e-05,0.00023330780786087437,0.2030315337769433,-3.602361374272695,0,0.769450989771434
25.687999999998247,-1.312787569494545,-1.341406546905766,1.0000334375108277,-0.45284025920579507,0.22415213617398905,-3.225321610971439e-05,-1.5445783706614746,-1.069940180832389,1.2017578568681844,-0.6297470761854675,0.23164814948442855,0.013998133810462214,-1.4405831865334398,-1.0589377132775075,1.2525731818323644,-0.5846269832748027,0.2391711949404233,0.038724587657303425,0.09000117304571391,0.09000117304571391,0.0,0.21991949899337893,-0.10761616177608624,2.8907083293625225e-05,0.00023196625757291434,0.20257182026192605,-3.6023666146415305,0,0.7673456561611598
25.692159999998246,-1.3146701124918503,-1.3404746823216371,1.0000333036580018,-0.4518103193532531,0.22364750019095825,-3.2124678239431536e-05,-1.8719447419709239,-1.441238453962069,0.8474041504342433,-0.4802519906726401,0.3645385352124122,0.10408798771106786,-1.6572661863305116,-1.2493307220633512,1.0502025699799504,-0.5323050540911988,0.30097789298555105,0.07128717194730234,0.09000117304571391,0.09000117304571391,0.0,0.21973886119631236,-0.10753713697113787,2.879366631598662e-05,0.00023063226243411124,0.2021125812860016,-3.602371833655059,0,0.7652451013388368
25.696319999998245,-1.3165483686456596,-1.3395449183098378,1.0000331703386214,-0.45078147691421055,0.22314336283181632,-3.1996651328200084e-05,-1.4477379472725813,-1.790695819124232,0.8992747777528904,-0.5430240288735438,0.27443759987093064,-0.12253358728988391,-1.5536302014962862,-1.5194451457718576,0.9744840306823328,-0.5376029368993418,0.2871849482776175,-0.026225904669711135,0.09000117304571391,0.09000117304571391,0.0,0.21955613490014103,-0.1074570104398444,2.8680696082271904e-05,0.00022930578647769906,0.20165382052595787,-3.60237703146149,0,0.7631493202848411
25.700479999998244,-1.3184223425616246,-1.3386172527751525,1.000033037550566,-0.44975373983158257,0.22263972832445508,-3.186913333100732e-05,-1.1266391531652777,-1.713195067040095,0.9379560632797965,-0.19305560202359223,0.31901728002738244,0.09321276051644786,-1.3405351890087158,-1.615656901030727,0.9564130511894473,-0.3644139199767164,0.30261127637055335,0.03378391199307708,0.09000117304571391,0.09000117304571391,0.0,0.21937134062172048,-0.1073757927466083,2.856817084089078e-05,0.00022798679375330024,0.20119554161890746,-3.602382208207399,0,0.7610583079420753
25.704639999998243,-1.3202920388781303,-1.3376916836049362,1.0000329052917234,-0.4487271159613835,0.22213660085194536,-3.174212221100515e-05,-1.4168190912215004,-1.1460055540000686,0.5333255178038856,-0.3860756935042535,0.42067369128201404,0.003547299361959414,-1.3794809242032506,-1.3799534414006467,0.7448747757235783,-0.375135670401807,0.36187020098452866,0.01815136306779654,0.09000117304571391,0.09000117304571391,0.0,0.2191844987366336,-0.10729349438369656,2.8456088814939805e-05,0.00022667524833061082,0.20073774816257403,-3.602387364037748,0,0.7589720592163743
25.70879999999824,-1.322157462265936,-1.3367682086692994,1.0000327735599903,-0.44770161307335554,0.22163398455285804,-3.1615615939562125e-05,-0.899444835307432,-1.1822092134812825,1.0828018779242892,-0.43488001857092323,0.201361758419895,-0.14499157748012323,-1.1403648296992972,-1.2806610268966143,0.9135372895774085,-0.40463319452086616,0.2815828619384295,-0.06253279972392309,0.09000117304571391,0.09000117304571391,0.0,0.21899562948021933,-0.10721012577148215,2.834444798803195e-05,0.00022537111430329142,0.2002804437155768,-3.6023924990959117,0,0.7568905689769103
25.71295999999824,-1.3240186174278177,-1.3358468258212928,1.0000326423532715,-0.44667723885159255,0.2211318835215838,-3.148961249728892e-05,-1.3751402681920568,-1.820877442921128,1.0780771959351099,-0.49920014845083954,0.15715138162422848,-0.1362570773968484,-1.2587931874625424,-1.5504457625446055,0.9955256774868482,-0.45158658291307086,0.21919129752110625,-0.0997239795597703,0.09000117304571391,0.09000117304571391,0.0,0.21880475294785529,-0.10712569725879378,2.823324674614206e-05,0.000224074355792628,0.1998236317977126,-3.6023976135236966,0,0.754813832056594
25.71711999999824,-1.3258755090982142,-1.33492753289709,1.0000325116694804,-0.44565400089516227,0.2206303018086514,-3.136410987233811e-05,-1.530231348152514,-1.3710346830056288,1.0760064211139089,-0.5074292427505737,0.2445233043038908,0.11501704979710045,-1.3955714189644575,-1.4602300331130373,1.0360042882468725,-0.47863223570959623,0.23169561847117243,0.008381136445400067,0.09000117304571391,0.09000117304571391,0.0,0.21861188909652562,-0.10704021912348016,2.8122483022256903e-05,0.00022278493695117177,0.19936731589023707,-3.602402707461365,0,0.7527418432524738
25.721279999998238,-1.3277281420428755,-1.334010327716169,1.0000323815065384,-0.44463190671872177,0.22012924342104312,-3.123910606230207e-05,-1.096262973797652,-1.042462803077394,0.8942053352523284,-0.3621285911074638,0.3044728700507428,-0.07496853853455218,-1.2466700063759377,-1.250709963527611,0.964948717378924,-0.4195764680069523,0.26796584966760384,-0.033687579609747616,0.09000117304571391,0.09000117304571391,0.0,0.21841705774543052,-0.10695370157276224,2.8012155365895715e-05,0.00022150282196611377,0.19891149943614328,-3.602407781047656,0,0.750674597326131
25.725439999998237,-1.3295765210585135,-1.333095208081492,1.0000322518623757,-0.4436109637531299,0.21962871232250883,-3.111459907162357e-05,-1.357999302010298,-1.1105707505774736,1.272887000762179,-0.45170518584584246,0.29740122290809695,0.03052626088843995,-1.3032773882115793,-1.1800209643894417,1.1189827296657293,-0.43447449243872005,0.28276524416408233,-0.0012107091916820328,0.09000117304571391,0.09000117304571391,0.0,0.21822027857681048,-0.10686615474401429,2.7902261660085233e-05,0.00022022797506262608,0.19845618584043873,-3.6024128344198054,0,0.7486120890040721
25.729599999998236,-1.3314206509724555,-1.3321821717796842,1.0000321227349303,-0.4425911793460558,0.2191287124338764,-3.099058691439127e-05,-1.713311897507773,-1.8865928912262775,1.1329281996904763,-0.5318674755583209,0.41375983109047443,-0.033082740632665024,-1.50940539315787,-1.5324510794711776,1.1258855966648562,-0.48238953566870335,0.3481656043018437,-0.016589578241785297,0.09000117304571391,0.09000117304571391,0.0,0.21802157113688125,-0.10677758870479831,2.779280040438465e-05,0.0002189603605072867,0.1980013784704203,-3.6024178677135694,0,0.7465543129781201
25.733759999998234,-1.3332605366422996,-1.331271216581212,1.0000319941221485,-0.4415725607625831,0.21862924763336192,-3.086706761175801e-05,-1.571963451590509,-1.450369728413311,0.5943796299268642,-0.5977233603644825,0.2014595120695896,0.08148297404330969,-1.5419296653984322,-1.4909908890543604,0.8602984363512061,-0.5392998820730116,0.2748649309136269,0.032411549342898076,0.09000117304571391,0.09000117304571391,0.0,0.21782095483655672,-0.10668801345354062,2.768376986020182e-05,0.0002176999426112798,0.1975470806559478,-3.602422881063243,0,0.7445012639058005
25.737919999998233,-1.3350961829555739,-1.3303623402405582,1.0000318660219851,-0.4405551151858111,0.2181303217568767,-3.074403919293352e-05,-1.4210595474341081,-1.3962989127459107,1.1825965050636893,-0.5219942568264364,0.2972910304145626,0.12981321315130584,-1.4825812588290537,-1.4430247178946227,1.02171800932192,-0.5297993349070108,0.2855169899951349,0.08193528847330694,0.09000117304571391,0.09000117304571391,0.0,0.21761844895281623,-0.1065974389198891,2.7575168050127016e-05,0.00021644668573361092,0.1970932956897155,-3.6024278746016813,0,0.742452936410726
25.742079999998232,-1.3369275948293966,-1.3294555404963986,1.0000317384324031,-0.4395388497174492,0.21763193859833277,-3.062149969616971e-05,-2.115122138970683,-1.1350590458069734,0.6725822238749513,-0.44397543075859897,0.13591351208026498,0.007841012277611192,-1.7997799713909017,-1.288756594566151,0.8471653924115635,-0.4867051928980733,0.21051510681442986,0.0442150028249091,0.09000117304571391,0.09000117304571391,0.0,0.21741407262879153,-0.10650587496496516,2.7466993185608054e-05,0.00021520055428398622,0.19664002682752157,-3.6024328484603187,0,0.7404093250829781
25.74623999999823,-1.33875477721014,-1.3285508150717737,1.0000316113513732,-0.4385237713784114,0.2171341019099471,-3.0499447167974575e-05,-1.1721433897574076,-1.0359201278818873,1.0014672910654498,-0.3813840538162906,0.17526249057387086,-0.14468393829601364,-1.48675102792202,-1.1619721340373765,0.9240176445308314,-0.43382464985215646,0.1929309215583685,-0.05078084719161777,0.09000117304571391,0.09000117304571391,0.0,0.2172078448752457,-0.10641333138247167,2.7359243881786883e-05,0.00021396151272578374,0.19618727728853635,-3.602437802769189,0,0.7383704244794858
25.75039999999823,-1.3405777350730959,-1.3276481616742632,1.0000314847768745,-0.43750988710940353,0.216636815402541,-3.0377879661425177e-05,-1.3889995761585878,-1.589603032713844,0.8790552365824474,-0.3870846454746139,0.4008394798863494,-0.001796653798002294,-1.4386807794955476,-1.3749556652802413,0.9015319672912153,-0.40995916639672375,0.296306437995868,-0.026089137973265022,0.09000117304571391,0.09000117304571391,0.0,0.21699978457109204,-0.10631981789809258,2.725191808797908e-05,0.000212729525579238,0.1957350502555682,-3.6024427376569457,0,0.7363362291244018
25.75455999999823,-1.3423964734221439,-1.3267475779961555,1.0000313587068943,-0.43649720377150814,0.21614008274584168,-3.0256795238953267e-05,-1.211524228027186,-1.5120621966292034,0.9351942890936449,-0.49132059621125973,0.3119057653189538,-0.008793612554493893,-1.3261252423191292,-1.4428629075387005,0.9183439622935818,-0.4494828072830479,0.3049571933190604,-0.01690827524208704,0.09000117304571391,0.09000117304571391,0.0,0.21678991046445117,-0.10622534417103058,2.714501415652831e-05,0.0002115045574238593,0.1952833488753282,-3.602447653250879,0,0.7343067335094752
25.758719999998227,-1.344210997289422,-1.325849061714619,1.0000312331394277,-0.435485728146765,0.2156439075687775,-3.0136191970627482e-05,-0.8412085768681722,-1.561705637535249,1.7508878308650035,-0.28717176315206894,0.07046953752440596,0.19361463531720627,-1.084261856134072,-1.5021374091669906,1.3350236875544006,-0.3678420097691486,0.18718964795262108,0.08869915604894262,0.09000117304571391,0.09000117304571391,0.0,0.21657824117317503,-0.1061299197933025,2.7038530415797365e-05,0.00021028657290152511,0.19483217625869248,-3.6024525496769364,0,0.7322819320944228
25.762879999998226,-1.3460213117350002,-1.3249526104918699,1.000031108072478,-0.43447546693874856,0.21514829345977574,-3.0016067934298637e-05,-1.69150857784381,-1.6254457083231069,1.1188101143940494,-0.34187197991102336,0.35473874065082434,0.07526568114970797,-1.3886007913392497,-1.5630539181402154,1.2270710083123637,-0.3547425905768396,0.27063746697519125,0.0824305225635149,0.09000117304571391,0.09000117304571391,0.0,0.21636479518601448,-0.10603355429138633,2.6932464955997673e-05,0.00020907553671885873,0.19438153548096346,-3.6024574270597407,0,0.7302618193072967
25.767039999998225,-1.347827421846555,-1.3240582219753405,1.0000309835040562,-0.43346642677314035,0.21465324396705343,-2.989642121654326e-05,-0.9174094402837132,-1.5889745942086178,0.8825398947930826,-0.42219374454694913,0.13732685510338152,0.11286363875205302,-1.1538824981184024,-1.5757296860564387,1.0550380577548375,-0.38724792720055945,0.20441592680035217,0.09751820623428521,0.09000117304571391,0.09000117304571391,0.0,0.21614959086325558,-0.10593625712530524,2.6826816485205405e-05,0.00020787141365013903,0.19393142958212872,-3.602462285522608,0,0.728246389544849
25.771199999998224,-1.3496293327390478,-1.323165893797845,1.0000308594321816,-0.43245861419829845,0.21415876259891178,-2.977724991011705e-05,-1.5644862348282043,-1.7457675696647692,0.9622250435313556,-0.5078113223040988,0.4126322798940196,0.0760101100614557,-1.3602440192374607,-1.6598898356180345,1.008789149690554,-0.4472589869847028,0.30768424401989575,0.08669355840603198,0.09000117304571391,0.09000117304571391,0.0,0.21593264643757226,-0.10583803769038391,2.6721582832165943e-05,0.00020667416853941073,0.19348186156711877,-3.6024671251875646,0,0.726235637172895
25.775359999998223,-1.3514270495544054,-1.3222756235777449,1.0000307358548812,-0.43145203568582297,0.21366485282402306,-2.965855211760882e-05,-1.3608147543583409,-1.2631157527348715,1.4928379243546186,-0.3618734031335028,0.10649969836574338,-0.08826221956563847,-1.3612823022941132,-1.46127924951192,1.2506327109193933,-0.404463298375656,0.20746452554260825,-0.0004700245192947904,0.09000117304571391,0.09000117304571391,0.0,0.21571398001477282,-0.105738905316549,2.6616762656993796e-05,0.0002054837663033379,0.1930328344060625,-3.6024719461753674,0,0.7242295565266725
25.77951999999822,-1.3532205774612018,-1.3213874089191127,1.0000306127701897,-0.430446697631118,0.21317151807172033,-2.9540325947965743e-05,-1.8898197802717607,-1.5878715030310753,0.6917251410584828,-0.4440370138199542,0.17965775995197236,-0.025530918600783978,-1.6264793456051623,-1.5242007360206393,0.9711218110713892,-0.423756291778596,0.1926766580966026,-0.012950590859461155,0.09000117304571391,0.09000117304571391,0.0,0.21549360957487151,-0.10563886926944632,2.6512354382984403e-05,0.00020430017193337466,0.19258435103454163,-3.6024767486055187,0,0.7222281419111996
25.78367999999822,-1.3550099216543432,-1.320501247411895,1.00003049017615,-0.4294426063539487,0.21267876173228217,-2.942256951748242e-05,-1.5206289248816243,-1.0145550317762877,0.4231092933774072,-0.36740109949364064,0.28150544169929137,0.13847167051034417,-1.5743188548438645,-1.2687888837426171,0.6974007682841661,-0.394968418885703,0.23712825987580038,0.06225379600158751,0.09000117304571391,0.09000117304571391,0.0,0.21527155297230594,-0.10553793875049178,2.640835576760683e-05,0.00020312335049805502,0.19213641435384265,-3.602481532596284,0,0.7202313876016291
25.78783999999822,-1.3567950873547556,-1.3196171366320733,1.0000303680708127,-0.4284397680989975,0.21218658715721722,-2.930528095256477e-05,-1.1839760246676128,-1.3888370781361217,1.025142725549259,-0.4379636589855508,0.1545048313302339,0.10136639090055707,-1.3800576187017273,-1.3284917736806936,0.861484728492873,-0.4155214698973618,0.19549402528653628,0.0818801663213924,0.09000117304571391,0.09000117304571391,0.0,0.21504782793765365,-0.10543612289756393,2.6304765828040385e-05,0.00020195326714538133,0.19168902723120804,-3.6024862982647097,0,0.7182392878435999
25.791999999998218,-1.358576079809074,-1.3187350741418251,1.0000302464522361,-0.4274381890364121,0.21169499765954547,-2.9188458384489653e-05,-1.6267427037419198,-1.075979375153024,1.0434972306527772,-0.3767342397144905,0.38594549601466344,0.10788789896597581,-1.504185797211111,-1.2014310785708022,0.9527143896562089,-0.3959795645815539,0.29072031719879315,0.09597254040735845,0.09000117304571391,0.09000117304571391,0.0,0.21482245207753448,-0.10533343078516372,2.6201582275124766e-05,0.0002007898871048956,0.19124219250008487,-3.6024910457266386,0,0.7162518368535874
25.796159999998217,-1.3603529042893339,-1.317855057489683,1.0000301253184862,-0.42643787526235455,0.21120399651407884,-2.9072099954845262e-05,-1.3414071637861624,-1.2845666061855778,1.117622100336321,-0.42523646022724937,0.2058757462671034,0.21015199063051182,-1.423679790809896,-1.2425698839635206,1.0356067478503928,-0.4106206164860897,0.24766654600065344,0.15294009107883033,0.09000117304571391,0.09000117304571391,0.0,0.21459544287579646,-0.10522987142478896,2.609880407940994e-05,0.00019963317568988636,0.1907959129603724,-3.6024957750967266,0,0.7142690288192499
25.800319999998216,-1.3621255660926652,-1.3169770842106927,1.000030004667637,-0.42543883279954375,0.21071358695769993,-2.8956203810267466e-05,-1.073703326314289,-1.303527499578073,1.0081178011957606,-0.5058048287579414,0.23746409217723063,-0.0816799235879536,-1.2497411114121426,-1.2725535529547773,1.021691028397561,-0.45823428686320333,0.24177404854778525,0.03620378641431129,0.09000117304571391,0.09000117304571391,0.0,0.21436681769427812,-0.10512545376541654,2.59964291192768e-05,0.00019848309829938583,0.19035019137866793,-3.6025004864884593,0,0.7122908578997735
25.804479999998215,-1.3638940705409894,-1.3161011518265693,1.0000298844977697,-0.42444106759779554,0.2102237721896386,-2.8840768106993965e-05,-1.65600484553418,-1.3792423484958398,0.8274430400925187,-0.17184397143789615,0.2923056853921679,0.047405441962067654,-1.4532348272576066,-1.3252915007505983,0.9246647864227807,-0.3142998953578176,0.26741687424585925,0.04155891739631525,0.09000117304571391,0.09000117304571391,0.0,0.21413659377378524,-0.1050201866943074,2.589445589097095e-05,0.0001973396204201012,0.1899050304885109,-3.6025051800141674,0,0.7103173182262127
25.808639999998213,-1.3656584229807167,-1.3152272578458537,1.0000297648069738,-0.4234445855345579,0.20973455537174518,-2.872579100828645e-05,-1.4821781005816472,-1.3678886661560097,0.44242187117642806,-0.3279772445248117,0.35178581071133086,0.24309218963768456,-1.4683917895186074,-1.3458594713751135,0.6840466338396689,-0.31972405775585716,0.3099777741596234,0.14180544581557913,0.09000117304571391,0.09000117304571391,0.0,0.21390478823421644,-0.10491407903663613,2.5792882868089454e-05,0.00019620270762854585,0.18946043299062532,-3.6025098557850423,0,0.708348403901831
25.812799999998212,-1.3674186287824477,-1.3143553997640671,1.000029645593346,-0.4224493924154452,0.20924593962876473,-2.861127068453698e-05,-1.6044117524308614,-1.3504614138698499,0.9162485820362432,-0.4844818386874227,0.21671510982387748,-0.064593088945594,-1.537411570845001,-1.3477094186193848,0.8000138848451842,-0.40154427409961657,0.26321052190662625,0.039098385711386685,0.09000117304571391,0.09000117304571391,0.0,0.21367141807618528,-0.10480713955640436,2.569170828741027e-05,0.00019507232559279347,0.18901640155316074,-3.602514513911151,0,0.7063841090024368
25.81695999999821,-1.3691746933406759,-1.3134855750638645,1.0000295268549906,-0.4214554939747658,0.20875792804860768,-2.8497205314216032e-05,-1.6617626450427545,-1.4712666617254753,1.0758209773160448,-0.44208942948202673,0.17048139603856963,-0.02675392222690558,-1.6005069772273481,-1.409135150002542,0.9378631531042646,-0.42207102727786244,0.21725655651195394,0.006445980690240964,0.09000117304571391,0.09000117304571391,0.0,0.21343650018115068,-0.10469937695660742,2.5590930576567224e-05,0.00019394844007434306,0.1885729388119316,-3.602519154501453,0,0.7044244275767184
25.82111999999821,-1.3709266220734928,-1.312617781215187,1.0000294085900194,-0.42046289587604796,0.20827052368261942,-2.8383593083110905e-05,-1.384428950440691,-1.4025635581438578,1.0044235953479277,-0.3208712954665234,0.20667891792850293,-0.16438366542995797,-1.4931367145238887,-1.405419578573743,0.970802463905191,-0.37010256759693066,0.21204372195712798,-0.07921619864884996,0.09000117304571391,0.09000117304571391,0.0,0.2132000513124025,-0.10459079987982939,2.5490548354716155e-05,0.0001928310169297565,0.18813004737065492,-3.602523777663812,0,0.7024693536465757
25.82527999999821,-1.3726744204222951,-1.3117520156754126,1.000029290796552,-0.41947160371256237,0.20778372954584717,-2.8270432183503993e-05,-0.811240532459706,-0.9754077325383379,1.379833334937553,-0.6533864543787156,0.056813025402636164,-0.11003945519252512,-1.1535436774834602,-1.1902899181757938,1.1750919859416638,-0.5113413550319993,0.13320787306972456,-0.09467547501909365,0.09000117304571391,0.09000117304571391,0.0,0.21296208811572936,-0.10448141690841184,2.5390559790689374e-05,0.0001917200221125376,0.1876877298011865,-3.602528383505015,0,0.7005188812074494
25.829439999998208,-1.3744180938514945,-1.310888275889507,1.0000291734727154,-0.41848162300784075,0.2072975486173062,-2.815772081604678e-05,-1.474511041020115,-1.5488478819928893,1.0296705128385615,-0.6133828071087033,0.1743832054014484,0.07599310537986927,-1.315305619767917,-1.369209295507029,1.1025376736404633,-0.5622612264995241,0.15408064201415944,-0.009053211663682264,0.09000117304571391,0.09000117304571391,0.0,0.2127226271204099,-0.10437123656505154,2.5290963244175066e-05,0.00019061542167466555,0.18724598864375552,-3.6025329721307813,0,0.6985730042286485
25.833599999998206,-1.3761576478482287,-1.3100265592901728,1.0000290566166437,-0.41749295921619023,0.20681198384024319,-2.804545718897519e-05,-1.538148768633422,-1.566695165181872,1.2735297559963379,-0.410582087161727,0.19769284641737844,-0.051642406385063,-1.4275851981388008,-1.467542081389957,1.18792793238386,-0.48525532725274495,0.17572263566208388,-0.030554609953504595,0.09000117304571391,0.09000117304571391,0.0,0.2124816847396711,-0.1042602673128642,2.5191757480553986e-05,0.00018951718176837205,0.18680482640719753,-3.6025375436457825,0,0.696631716653674
25.837759999998205,-1.3778930879220754,-1.309166863297996,1.000028940226479,-0.4165056177232057,0.20632703812239925,-2.7933639516409445e-05,-1.5956549198609054,-2.0218389169494704,1.0426728505889609,-0.38003554399568,0.1677290568041153,-0.1040230916267082,-1.5124128039819422,-1.7443430713797192,1.1150819981491222,-0.43212033951202317,0.17055555746973783,-0.06679758315958664,0.09000117304571391,0.09000117304571391,0.0,0.2122392772714693,-0.10414851755619792,2.5092940387208353e-05,0.00018842526864744602,0.1863642455691859,-3.602542098153652,0,0.6946950124005419
25.841919999998204,-1.3796244196047682,-1.308309185321595,1.0000288243003705,-0.4155196038462783,0.2058427143362695,-2.7822266021997622e-05,-1.642580087788331,-1.0005775417246499,0.8789658816131589,-0.38129997850941705,0.08042719637517823,0.1986203878268808,-1.5782923820316563,-1.3722878983252915,0.9974353479426379,-0.40578421811524,0.12553680831486452,0.06592535717297153,0.09000117304571391,0.09000117304571391,0.0,0.21199542089938073,-0.10403599564048577,2.4994510898392383e-05,0.0001873396486689853,0.1859242485764619,-3.602546635757001,0,0.6927628853621032
25.846079999998203,-1.3813516484499144,-1.3074535227577642,1.000028708836475,-0.4145349228351,0.20535901531936282,-2.771133493456641e-05,-1.1379105899783029,-1.489417383470113,1.5279870023040338,-0.49029636400053256,0.17242584355991403,0.03323814447277584,-1.3591180875600453,-1.4304943027708403,1.262783822414472,-0.44809212399289716,0.14872973083630447,0.04967982234721616,0.09000117304571391,0.09000117304571391,0.0,0.21175013169328005,-0.10392270985316815,2.4896467071027905e-05,0.00018626028829467754,0.1854848378450631,-3.602551156557432,0,0.6908353294063604
25.8502399999982,-1.3830747800327152,-1.3065998729916206,1.0000285938329563,-0.4135515798721653,0.2048759438744579,-2.760084449176553e-05,-1.3261579169079039,-1.3513261929230111,0.9461672227169692,-0.5442382547658176,0.28396159881119515,0.08734959220384499,-1.343770092960179,-1.3903181718876607,1.10465406794354,-0.49600438173228756,0.2159090072533137,0.0689564516159395,0.09000117304571391,0.09000117304571391,0.0,0.21150342561002133,-0.10380866842354741,2.4798807581233754e-05,0.00018518715409228457,0.18504601576055013,-3.602555660655551,0,0.6889123383767835
25.8543999999982,-1.3847938199496872,-1.3057482333967463,1.0000284792879857,-0.4125695800732691,0.20439350276985954,-2.7490792937494825e-05,-1.6549852620198438,-1.6707103523891096,0.7325960045786186,-0.3820674080852705,0.13975406481621322,-0.1476769696178525,-1.500175983529905,-1.530225710150773,0.9183156605288665,-0.4383511505360366,0.17791832402541938,-0.039534662173841016,0.09000117304571391,0.09000117304571391,0.0,0.21125531849390655,-0.10369387952360548,2.47015308696419e-05,0.0001841202127368619,0.18460778467823233,-3.6025601481509817,0,0.6869939060926225
25.8585599999982,-1.3865087738183872,-1.304898601335331,1.000028365199742,-0.4115889284880031,0.20391169473965146,-2.7381178522869438e-05,-1.1172731983561024,-1.2549257381452024,0.9151643982885513,-0.5247801437837813,0.21452542329536192,-0.11198624855618468,-1.309814637506204,-1.3921257934543252,0.9165061808769512,-0.48098383412184853,0.19535515356151212,-0.07532386181300911,0.09000117304571391,0.09000117304571391,0.0,0.21100582607801222,-0.10357835126818171,2.4604635140731333e-05,0.00018305943101234543,0.1841701469233915,-3.6025646191423792,0,0.6850800263492174
25.8627199999982,-1.3882196472771382,-1.3040509741583146,1.0000282515664107,-0.4106096301002458,0.20343052248394822,-2.727199950721313e-05,-1.606179678600837,-0.910958563683516,0.7109276439933481,-0.3978063422563666,0.10660718762552057,-0.049590438148886404,-1.4588279906641364,-1.151317184469554,0.8136122715467184,-0.4387593638129357,0.1510410441943734,-0.06243201997087395,0.09000117304571391,0.09000117304571391,0.0,0.2107549639843418,-0.10346209171493709,2.450811921884422e-05,0.0001820047758126113,0.18373310479150434,-3.6025690737274405,0,0.6831706929183075
25.866879999998197,-1.3899264459847576,-1.3032053492055264,1.000028138386185,-0.4096316898286519,0.20294998866914712,-2.71632541554512e-05,-1.2540376602136827,-1.4643223713183886,1.1571672900329224,-0.2775035509999786,0.12711239761588514,0.05970821576659149,-1.357009088197034,-1.3075567933848598,0.9855154700075448,-0.3579030560279394,0.1387009525125022,-0.0009340048532966176,0.09000117304571391,0.09000117304571391,0.0,0.21050274772483524,-0.10334510886570963,2.4411981479331395e-05,0.00018095621414267204,0.18329666054846355,-3.6025735120029196,0,0.6812658995483356
25.871039999998196,-1.3916291756202872,-1.3023617238058258,1.0000280256572653,-0.4086551125271369,0.20247009592817428,-2.7054940740011595e-05,-1.5090257375121432,-1.343773846616575,0.8813778190087962,-0.3204242165401737,0.09011310957364026,-0.013446902259604708,-1.4336854915381032,-1.325477441687487,0.9334180792774034,-0.3389054658098004,0.11407398825372025,-0.007253429348158975,0.09000117304571391,0.09000117304571391,0.0,0.2102491927018464,-0.10322741066562635,2.4316220275561343e-05,0.00017991371312002941,0.18286081643079705,-3.602577934064638,0,0.6793656399647536
25.875199999998195,-1.3933278418827262,-1.3015200952772394,1.000027913377859,-0.40767990298535967,0.2019908468607343,-2.6947057540881617e-05,-1.3066986146805197,-1.6201395474826423,0.17104695007654114,-0.02565445232980801,0.08353685931674512,0.18939307987798085,-1.3702449813192,-1.4726369504768302,0.5526216750805923,-0.18208060534878845,0.0988786540367709,0.09078653401747981,0.09000117304571391,0.09000117304571391,0.0,0.20999431420915649,-0.10310900500467407,2.4220834153090644e-05,0.00017887723997551196,0.1824255746458863,-3.602582340007498,0,0.6774699078703221
25.879359999998194,-1.3950224504907645,-1.3006804609270997,1.0000278015461803,-0.4067060659292005,0.20151224403355322,-2.6839602844830928e-05,-1.2654334259721605,-1.2860772030032193,0.9774479008867529,-0.46088899099212893,0.12453471456332764,0.11402554248276343,-1.3187975983351417,-1.379096219702213,0.7652759285359692,-0.32123018216932625,0.11145356099395755,0.10192466215105324,0.09000117304571391,0.09000117304571391,0.0,0.20973812743224185,-0.10298989971702732,2.41258216361596e-05,0.0001778467620547262,0.18199093737218264,-3.6025867299254943,0,0.6755786969454104
25.883519999998192,-1.3967130071825196,-1.2998428180521804,1.0000276901604515,-0.4057336060212373,0.20103428998062417,-2.673257494547371e-05,-1.6301375738211403,-1.0825149633067377,1.1901528656354197,-0.2775753813803177,0.23797488273595424,0.1239161530123714,-1.4750472842447713,-1.2303082679497075,0.9779745270639695,-0.2993234211838608,0.17457754843678744,0.11320033036505213,0.09000117304571391,0.09000117304571391,0.0,0.2094806474493982,-0.10287010258208673,2.4031181013521705e-05,0.00017682224681887673,0.18155690675942254,-3.602591103911726,0,0.6736920008482932
25.88767999999819,-1.3983995177152746,-1.2990071639388328,1.0000275792189008,-0.4047625278612176,0.2005569872034484,-2.6625972144257008e-05,-1.0284142604343078,-0.9757808579698923,0.94940111724682,-0.6099330391114861,-0.003702061241102811,0.04349723216007641,-1.2529971797910153,-1.103050735551532,0.9637771589436733,-0.45418050801926013,0.0855710268848283,0.07880342396257281,0.09000117304571391,0.09000117304571391,0.0,0.20922188923211926,-0.10274962132444998,2.3936911194459684e-05,0.00017580366184586995,0.18112348492884137,-3.6025954620584093,0,0.6718098132154453
25.89183999999819,-1.4000819878652184,-1.298173495863119,1.0000274687197643,-0.4037928359865278,0.20008033817127643,-2.6519792747879966e-05,-1.1388178655295786,-1.4871967953983112,1.0123180721095577,-0.3458462340581057,0.27270295166919556,-0.07316925019828306,-1.1966267580548475,-1.2945577252606537,0.9878970395780569,-0.3996912839481257,0.1783969930626571,0.0022140816569058723,0.09000117304571391,0.09000117304571391,0.0,0.2089618676459044,-0.10262846361463229,2.3843010425760578e-05,0.00017479097483115476,0.18069067397338556,-3.602599804456886,0,0.6699321276618341
25.89599999999819,-1.4017604234271879,-1.2973418110909467,1.000027358661285,-0.4028245348726597,0.19960434532134608,-2.6414035071038635e-05,-1.6092660347810848,-1.2187226719937527,1.416596645648176,-0.4736119303244749,0.42655657819042003,0.016602141934649876,-1.4039351463835765,-1.2557526682205948,1.2022848084370876,-0.4362797577432175,0.30256934130370267,0.009198492042825962,0.09000117304571391,0.09000117304571391,0.0,0.2087005974509616,-0.10250663706882512,2.3749477146399586e-05,0.00017378415358884785,0.1802584759579236,-3.602604131197638,0,0.6680589377812096
25.900159999998188,-1.4034348302144115,-1.2965121068782004,1.0000272490417121,-0.40185762893367283,0.19912901105912117,-2.6308697435640337e-05,-1.3817923898755224,-1.1865808149071375,1.086151371497801,-0.2741628993307904,0.13234461377508355,-0.02301732236809209,-1.3934366044188045,-1.2208904456860985,1.1441712255291099,-0.3539140235803175,0.21720874481812485,-0.007784191736006805,0.09000117304571391,0.09000117304571391,0.0,0.20843809330269847,-0.10238414924983197,2.3656310202376717e-05,0.00017278316605248505,0.17982689291945547,-3.6026084423702973,0,0.6661902371463932
25.904319999998187,-1.4051052140582558,-1.2956843804708733,1.000027139859303,-0.4008921225226553,0.19865433775852642,-2.62037781690651e-05,-1.501582197080549,-0.9645357457448469,0.7417742928907156,-0.35324080123246937,0.40985791577138797,0.14240654974918962,-1.4482458948215409,-1.0918589791065347,0.9432656406196462,-0.3530933768270565,0.3136026312706221,0.06754405520771624,0.09000117304571391,0.09000117304571391,0.0,0.20817436975264303,-0.10226100766715057,2.3563507777196312e-05,0.00017178798027588552,0.17939592686732078,-3.6026127380636566,0,0.6643260193095629
25.908479999998185,-1.4067715808079733,-1.2948586291051976,1.0000270311123214,-0.39992801993218013,0.1981803277621816,-2.6099275606984617e-05,-1.1352422352012868,-1.276711248699841,1.0378874797772404,-0.4173857966081258,0.3159847643334356,0.06826477932574221,-1.292610784061168,-1.183628659573335,0.990718053395136,-0.3848705258338026,0.31454893399200057,0.06846102332775104,0.09000117304571391,0.09000117304571391,0.0,0.2079094412490452,-0.10213721977737611,2.3471068460721405e-05,0.00017079856443406684,0.1789655797834054,-3.6026170183656805,0,0.6624662778025373
25.912639999998184,-1.4084339363304514,-1.294034850007774,1.0000269227990377,-0.39896532539475865,0.19770698338163417,-2.5995188091613202e-05,-1.3107151540710544,-1.253138713862243,1.3380062741061043,-0.33851919642593337,0.0694688326632576,0.15616103524692407,-1.3023684548188053,-1.2182380907431751,1.1646890753555839,-0.3610972644280915,0.1912604093224553,0.11246358743380885,0.09000117304571391,0.09000117304571391,0.0,0.20764332213726688,-0.10201279298428495,2.3378991036335453e-05,0.00016981488682399674,0.1785358536223468,-3.6026212833635163,0,0.6606110061370577
25.916799999998183,-1.4100922865099652,-1.2932130403957007,1.0000268149177296,-0.39800404308329246,0.19723430689759108,-2.5891513970928497e-05,-1.396085836418173,-1.1988310523430634,1.1122889570634757,-0.41200092677526473,0.0433030236116419,0.04277411225975788,-1.350083676452228,-1.2084447284570685,1.1385771244513054,-0.387062684162223,0.11746512394219459,0.07786084182127631,0.09000117304571391,0.09000117304571391,0.0,0.20737602666081523,-0.10188773463956041,2.3287273839096753e-05,0.00016883691586530743,0.17810675031173803,-3.602625533143504,0,0.6587601978050674
25.920959999998182,-1.41174663724793,-1.2923931974767,1.0000267074666813,-0.39704417711152046,0.1967623005601478,-2.5788251600517917e-05,-1.6518155436821236,-1.2560870323957398,0.9208041319941331,-0.563256050056351,0.29243847819741575,-0.06305930954883877,-1.502125093604933,-1.2316594205297648,1.0295581080777103,-0.47427489865740624,0.2056475552177864,0.007330326856261406,0.09000117304571391,0.09000117304571391,0.0,0.20710756896173577,-0.10176205204287886,2.319591561108845e-05,0.00016786462010108608,0.17767827175233042,-3.6026297677911883,0,0.6569138462789895
25.92511999999818,-1.4133969944626568,-1.2915753184492458,1.000026600444184,-0.39608573153446397,0.19629096658901643,-2.5685399341878212e-05,-1.3491004286806039,-1.3366469388099096,0.14410792882889423,-0.31140374061452514,0.08151183737292501,0.08758006319602832,-1.4262613334361913,-1.283983250724536,0.5870095772169345,-0.39192058794644746,0.14304845506316965,0.047166025684685475,0.09000117304571391,0.09000117304571391,0.0,0.2068379630813293,-0.10163575244220951,2.3104914860239148e-05,0.0001668979681984585,0.17725041981823475,-3.6026339873913256,0,0.6550719450120017
25.92927999999818,-1.4150433640891105,-1.2907594005026886,1.000026493848536,-0.3951287103488689,0.19582030717375287,-2.5582955563426695e-05,-1.5482325539460111,-1.4348021870024377,1.4222293286922933,-0.45816156956151083,0.11857025502399793,0.013127932436249696,-1.4882031051931952,-1.3591467728749405,1.0046531022746308,-0.4239091402880208,0.1306288460202893,0.029909140445399714,0.09000117304571391,0.09000117304571391,0.0,0.2065672229610832,-0.10150884303443686,2.3014269859656682e-05,0.00016593692894928077,0.1768231963571213,-3.602638192027897,0,0.6532344874383103
25.93343999999818,-1.4166857520786673,-1.2899454408173803,1.0000263876780415,-0.3941731174936433,0.19535032447398082,-2.5480918641411625e-05,-1.2784585465512217,-1.1576892798491831,0.8072956029364315,-0.395156061316241,0.31376188769402386,0.06236930669763619,-1.3841526713033114,-1.2577641837147464,0.9061020566458208,-0.40886126292693387,0.22227146903882283,0.04644550544336215,0.09000117304571391,0.09000117304571391,0.0,0.20629536244253677,-0.10138133096544927,2.2923979717814915e-05,0.00016498147127077373,0.17639660319041822,-3.602642381784117,0,0.6514014669734207
25.937599999998177,-1.4183241643988769,-1.2891334365647986,1.0000262819310126,-0.39321895685029573,0.19488102061961562,-2.5379286956508823e-05,-1.2729752583084326,-1.0855938311559274,0.5507159464447686,-0.5178587948117206,0.13956700924111223,0.0630418070061941,-1.3296405417269785,-1.1713862453369126,0.7285377190880645,-0.46324550756382366,0.18031770383121337,0.054704498064257284,0.09000117304571391,0.09000117304571391,0.0,0.20602239526885724,-0.1012532233302279,2.2834042453683098e-05,0.00016403156420622875,0.175970642113509,-3.6026465567424437,0,0.6495728770144079
25.941759999998176,-1.4199586070332242,-1.2883233849076692,1.0000261766057672,-0.3922662322433664,0.19441239771108745,-2.527805889826977e-05,-1.6038382399755393,-0.8843503190134667,0.7316362253681806,-0.3795617937809607,0.23927172068254515,-0.00625054547090312,-1.4675310751873842,-1.0273687416324937,0.7300742411350464,-0.42127044784591133,0.20986123877379198,0.024111543653227197,0.09000117304571391,0.09000117304571391,0.0,0.20574833508481594,-0.1011245271737925,2.2744457135100903e-05,0.00016308717692537736,0.1755453148959284,-3.602650716984588,0,0.6477487109401826
25.945919999998175,-1.4215890859808944,-1.2875152830000878,1.0000260717006302,-0.39131494744085826,0.1939444578195604,-2.5177232860826534e-05,-1.6879584550544413,-1.2549606992246582,1.410859716610184,-0.1534491010670882,0.15046700089447623,-0.14151683611427868,-1.5780666819026514,-1.1408528468784258,1.0701779538655176,-0.28679765680402364,0.17992791531675886,-0.05896232897619774,0.09000117304571391,0.09000117304571391,0.0,0.20547319543772657,-0.1009952494909721,2.2655222168744575e-05,0.00016214827872502565,0.17512062328155706,-3.602654862591522,0,0.6459289621117568
25.950079999998174,-1.4232156072565387,-1.2867091279876413,1.0000259672139333,-0.3903651061546642,0.19347720298715249,-2.5076807245595356e-05,-1.4458605998636063,-0.536677267597645,1.2237559537481022,-0.40715832429148197,0.27829119726710055,0.15956678102306748,-1.5128106835612265,-0.838182252400211,1.1473005698849474,-0.346446018982482,0.22922850181945578,0.04997706412493448,0.09000117304571391,0.09000117304571391,0.0,0.2051969897778525,-0.1008653972270313,2.25663359406402e-05,0.0001612148390295712,0.1746965689888149,-3.6026589936434914,0,0.6441136238725068
25.954239999998173,-1.4248381768900429,-1.285904917007528,1.0000258631440146,-0.38941671204099165,0.19301063522715287,-2.4976780461383573e-05,-1.581164674241873,-0.9214456693402515,1.1767021487368305,-0.3016063991472471,-0.014246835432954408,-0.024056369752677054,-1.5476157043616106,-0.8798442415640783,1.1619524120904647,-0.32392587942522055,0.10753769479145514,0.012540220828340951,0.09000117304571391,0.09000117304571391,0.0,0.20491973145934883,-0.1007349772776569,2.247779745867541e-05,0.0001602868273914783,0.17427315371085317,-3.6026631102200213,0,0.6423026895484351
25.95839999999817,-1.4264568009262961,-1.285102647188677,1.0000257594892192,-0.38846976870078387,0.192544756524239,-2.487715092178833e-05,-1.1473564397073688,-0.9981071210171981,1.3155969020760867,-0.5381914048999717,0.2904620993996073,-0.017015322745503936,-1.3486043045727154,-0.9383726806848992,1.2387401856541984,-0.4302703542883386,0.19914425368264663,-0.0021610441450358865,0.09000117304571391,0.09000117304571391,0.0,0.2046414337403517,-0.10060399648969276,2.238960485540382e-05,0.000159364213491593,0.1738503791157452,-3.6026672123999273,0,0.6404961524484287
25.96255999999817,-1.4280714854249634,-1.2843023156518658,1.0000256562478982,-0.3875242796801398,0.19207956883469057,-2.4777917048825766e-05,-1.8216450417344079,-1.4014119990227638,1.0113754227745746,-0.3743352307612484,0.02247850715679023,0.05080979624028571,-1.5859058803665256,-1.1698486960343903,1.1251635369921318,-0.40264741370340007,0.11076051778904607,0.023531998244732212,0.09000117304571391,0.09000117304571391,0.0,0.20436210978424574,-0.10047246166123497,2.2301757312915587e-05,0.00015844696713972821,0.17342824684667624,-3.6026713002613238,0,0.6386940058645173
25.96671999999817,-1.4296822364602582,-1.2835039195098383,1.0000255534184095,-0.38658024847072897,0.19161507408660297,-2.4679077268579876e-05,-1.3936785165848784,-1.1914298825095528,0.460208700302255,-0.10999110772699339,0.1104234964168728,-0.010507533774646347,-1.4900196748382173,-1.1804096925474845,0.792658734224059,-0.25631723087663466,0.11055833139805744,0.0069356463910399515,0.09000117304571391,0.09000117304571391,0.0,0.2040817726596491,-0.10034037954183472,2.2214253138633022e-05,0.00015753505827500073,0.17300675852213127,-3.602675373881633,0,0.6368962430721278
25.970879999998168,-1.4312890601207173,-1.2827074558674212,1.0000254509991178,-0.38563767851020586,0.19115127418009975,-2.4580630014844935e-05,-1.484116325784314,-1.6360420276665417,0.7214099945698151,-0.4393018150061776,0.06755363014576198,-0.05790477042353431,-1.4879842523647675,-1.408086723642677,0.7569133977324832,-0.3465676511599359,0.0881859351541797,-0.025467014078631153,0.09000117304571391,0.09000117304571391,0.0,0.20380043534147063,-0.1002077568331291,2.2127090833498844e-05,0.00015662845696614943,0.17258591573608234,-3.602679433337592,0,0.6351028573303386
25.975039999998167,-1.4328919625089782,-1.2819129218216399,1.000025348988394,-0.3846965731826198,0.19068817098754232,-2.4482573728289287e-05,-1.551596409815551,-1.7011434560340435,0.3702147920895277,-0.5506883714711368,0.07599583159043796,-0.00386408361826201,-1.5209369224176872,-1.5544585672365907,0.5635534807391407,-0.4482637362248155,0.08184925173468388,-0.01472892453888222,0.09000117304571391,0.09000117304571391,0.0,0.20351811071132686,-0.10007460018861813,2.2040269306812852e-05,0.00015572713341207206,0.17216572005817424,-3.6026834787052655,0,0.6333138418821299
25.979199999998166,-1.4344909497415566,-1.2811203144618326,1.0000252473846154,-0.38375693581882286,0.1902257663537405,-2.4384906854769916e-05,-1.9516853415280457,-0.9058453592205673,0.20689206811499428,-0.36041936469476965,0.06967480978757155,0.01934383793575444,-1.7370641331758183,-1.2300015621890525,0.38526201712055197,-0.40419077452933644,0.07531043725899302,0.0015821895736921354,0.09000117304571391,0.09000117304571391,0.0,0.203234811558067,-0.09994091621472523,2.1953787020882002e-05,0.00015483105794181586,0.17174617303390904,-3.6026875100600484,0,0.6315291899546345
25.983359999998164,-1.436086027948627,-1.2803296308697654,1.000025146186166,-0.3828187696968753,0.1897640620961585,-2.42876278472035e-05,-1.265200221785415,-1.1942329530812208,1.0384086250909714,-0.27668249450966464,0.06552104394300776,-0.02902958651084131,-1.5017047169316402,-1.2119799447216273,0.7117801414322794,-0.34027660756291905,0.07004094881125156,-0.014024973507611449,0.09000117304571391,0.09000117304571391,0.0,0.20295055057862144,-0.09980671147025527,2.186764284637036e-05,0.00015394020101523373,0.17132727618482935,-3.602691527476679,0,0.6297488947593844
25.987519999998163,-1.4376772032738039,-1.279540868119744,1.000025045391436,-0.38188207804244706,0.18930306000512306,-2.419073516382934e-05,-1.5142189180140142,-0.9634265358547578,0.4698137172473301,-0.3732891421084221,0.030892148472071695,0.22816934099281375,-1.5087393423394013,-1.0876367232686983,0.5912701721409953,-0.3562966795332595,0.05021757537591423,0.10688821429494862,0.09000117304571391,0.09000117304571391,0.0,0.20266534037810258,-0.0996719924674564,2.1781835206949107e-05,0.0001530545332229234,0.17090903100870036,-3.602695531029244,0,0.6279729494925579
25.991679999998162,-1.4392644818739255,-1.2787540232787271,1.0000249449988226,-0.3809468640292192,0.18884276184402696,-2.409422727010567e-05,-1.9261732231912783,-1.2898970586786829,0.5428363279615982,-0.270142681482394,0.17317129991123112,0.197655299076899,-1.718020948718141,-1.188408144515877,0.56746409209677,-0.31329440953446913,0.11170075021438935,0.15223532284969274,0.09000117304571391,0.09000117304571391,0.0,0.20237919347086997,-0.09953676567169406,2.1696362720476e-05,0.00015217402528681348,0.1704914389796909,-3.6026995207911887,0,0.6262013473352219
25.99583999999816,-1.4408478699188392,-1.2779690934064374,1.0000248450067282,-0.3800131307792797,0.1883831693495339,-2.399810263787248e-05,-1.9150533109414702,-1.0122627794201196,1.0745607486698217,-0.33867748628369915,0.14118763595071498,0.11615009641160275,-1.8172440026487222,-1.1000393314064851,0.8212576737056654,-0.325477148299244,0.12585000391514733,0.1341391930287943,0.09000117304571391,0.09000117304571391,0.0,0.20209212228116968,-0.09940103750208679,2.161122441383198e-05,0.00015129864806016208,0.170074501548553,-3.6027034968353235,0,0.6244340814535755
25.99999999999816,-1.4424273735911872,-1.2771860755554716,1.0000247454135627,-0.3790808813635173,0.18792428423178054,-2.3902359743648725e-05,-1.054197949717563,-0.9650779967692491,1.1636415015406303,-0.4336494967463669,0.11068775587448397,-0.05064021016734883,-1.4366191296301958,-1.0323267752573755,0.9923469733388912,-0.378828161819739,0.11792502702496067,0.04160742225812094,0.09000117304571391,0.09000117304571391,0.0,0.20180413914313355,-0.0992648143319298,2.1526418439230202e-05,0.00015042837252770622,0.16965822014280024,-3.6027074592338324,0,0.6226711449991886
26.00415999999816,-1.4440029990861956,-1.2764049667714108,1.0000246462177416,-0.37815011880201466,0.18746610817457668,-2.3806997072280804e-05,-1.7587937851933269,-1.2492718363300042,1.2219122990484843,-0.32754403145258154,0.08725687213853361,-0.020804353292192445,-1.5983917912458485,-1.1406186190223193,1.1070878984347583,-0.3523251351753921,0.10225003288728772,0.010439999441260488,0.09000117304571391,0.09000117304571391,0.0,0.20151525630174227,-0.09912810248858495,2.144194399908642e-05,0.00014956316980600272,0.16924259616688514,-3.60271140805828,0,0.6209125311092424
26.008319999998157,-1.445574752611464,-1.2756257640929292,1.000024547417687,-0.37722084606443723,0.18700864283560578,-2.371201311255736e-05,-1.2144629484217249,-0.8480197913952348,1.135587444096509,-0.31834868757937124,0.06396265488487327,-0.152885432742108,-1.4070877104173487,-0.9941825490150253,1.1210190339437074,-0.3349202197411064,0.0823547074311578,-0.07080860353356004,0.09000117304571391,0.09000117304571391,0.0,0.20122548591357625,-0.09899090825401252,2.1357799421814708e-05,0.00014870301114362094,0.16882763100237536,-3.6027153433796197,0,0.6191582329067636
26.012479999998156,-1.4471426403867573,-1.2748484645519016,1.000024449011827,-0.37629306607041896,0.18655188984662305,-2.36174063608682e-05,-1.7159656259611047,-1.3734087719787131,0.8187238483694641,-0.274373634227987,0.18025141182078444,-0.20156680434934265,-1.562099508209602,-1.183423748337279,0.9694491006066281,-0.30465586024066943,0.13146600171340633,-0.1357118866382645,0.09000117304571391,0.09000117304571391,0.0,0.20093484004703388,-0.09885323786519706,2.1273983658356765e-05,0.00014784786792115058,0.16841332600812844,-3.602719265268202,0,0.617408243500861
26.016639999998155,-1.4487066686437988,-1.2740730651735115,1.0000243509985967,-0.37536678168994675,0.1860958508136519,-2.3523175318571833e-05,-1.050412944644975,-1.1300138896088603,1.4720349558005719,-0.3483431543665044,0.2172434027420256,-0.01187138660948313,-1.3069772432531277,-1.1562657208873985,1.22072196224638,-0.32647087893579324,0.1739335787697348,-0.07433297529316908,0.09000117304571391,0.09000117304571391,0.0,0.2006433306829788,-0.09871509751403995,2.1190494999157053e-05,0.0001469977116513772,0.1679996825204656,-3.6027231737937795,0,0.6156625559869572
26.020799999998154,-1.4502668436260644,-1.2732995629763566,1.0000242533764363,-0.37444199574374204,0.18564052731718045,-2.342931849477289e-05,-1.0935250873310278,-1.4383059911420135,1.32793746848992,-0.38244680882608656,0.264272148638594,-0.03583347896287396,-1.2010463250761216,-1.2967377633961477,1.2742564060489445,-0.3538901898724033,0.21891060682373278,-0.05531314364744126,0.09000117304571391,0.09000117304571391,0.0,0.20035096971528177,-0.09857649334810736,2.1107332571358188e-05,0.00014615251397939822,0.1675867018533443,-3.602727069025516,0,0.6139211634470209
26.024959999998153,-1.4518231715885797,-1.2725279549725552,1.000024156143793,-0.37351871100364004,0.18518592091235497,-2.3335834402825547e-05,-1.4198973040301688,-1.11200319128833,1.1868330335568198,-0.39781926844392407,0.16988804436369148,-0.11433093756245298,-1.3113017497892427,-1.2040162779235286,1.2303068152283108,-0.3753944823378183,0.19462145800799263,-0.08506454479822856,0.09000117304571391,0.09000117304571391,0.0,0.2000577689516846,-0.09843743147041734,2.10244948422717e-05,0.00014531224668279708,0.1671743852985298,-3.602730951031994,0,0.6121840589497951
26.02911999999815,-1.453375658797717,-1.2717582381678503,1.0000240592991199,-0.3725969301929648,0.18473203312917408,-2.324272156308262e-05,-1.3114146702417055,-1.557018057839258,1.1924013458274374,-0.3997128682650164,0.16761319598421962,0.09375446498232058,-1.3121910134511612,-1.3801701262106136,1.2115486659736612,-0.3868734098282775,0.1806953281010869,0.0044084651347331295,0.09000117304571391,0.09000117304571391,0.0,0.19976374011370468,-0.09829791794029646,2.0941980688232297e-05,0.0001444768816714697,0.16676273412576537,-3.602734819881219,0,0.6104512355510258
26.03327999999815,-1.4549243115309958,-1.2709904095617142,1.000023962840876,-0.37167665598690486,0.18427886547267924,-2.3149978501179695e-05,-1.2265716901097203,-1.1372539693887453,0.48192865751220293,-0.3060561017094311,0.15394919653674993,0.09816759017593761,-1.2700181296114232,-1.25838901489016,0.8469375145299372,-0.34609046545229677,0.16678386847546356,0.0513913881634446,0.09000117304571391,0.09000117304571391,0.0,0.1994688948381429,-0.09815795877295497,2.085978875341856e-05,0.00014364639098801506,0.16635174958294152,-3.6027386756406297,0,0.6087226862936869
26.03743999999815,-1.4564691360768829,-1.270224466147451,1.000023866767527,-0.3707578910128821,0.1838264194231469,-2.305760374900578e-05,-0.8287918048527169,-1.4834478971492047,1.3643891958435304,-0.4680818547600875,0.19232664739930896,-0.1991886169355932,-1.0503774047125778,-1.3705197192053642,1.1052530278332402,-0.40615114362111004,0.17942003105680643,-0.07405486870788956,0.09000117304571391,0.09000117304571391,0.0,0.1991732446764567,-0.09801755994055827,2.077791766335731e-05,0.00014282074680730297,0.16594143289626398,-3.602742518377103,0,0.6069984042082052
26.041599999998148,-1.4580101387345952,-1.2694604049123,1.0000237710775444,-0.36984063785092314,0.18337469643627613,-2.2965595844778707e-05,-1.4411549481268706,-1.4905994723846745,1.3920298971741034,-0.21273546750644348,0.21616172307130208,0.052323658895381486,-1.2462121546035618,-1.4301111298600473,1.2487517225085574,-0.30909017681926004,0.19793465256232382,-0.010595575669391883,0.09000117304571391,0.09000117304571391,0.0,0.1988768010962717,-0.09787672737191111,2.0696366024923593e-05,0.00014199992143694115,0.1655317852704206,-3.602746348156962,0,0.6052783823126823
26.045759999998147,-1.4595473258139036,-1.2686982228375359,1.0000236757694054,-0.36892489903402437,0.18292369794337737,-2.2873953333121886e-05,-1.1283231269324698,-1.5537114307678501,0.46297674916871745,-0.4675255443656819,0.09000184558358076,0.1475390217270098,-1.1882401753103902,-1.49172349991372,0.856165680601444,-0.3878553775095072,0.14328079144013361,0.06842970418226955,0.09000117304571391,0.09000117304571391,0.0,0.19857957548139815,-0.09773546695288915,2.0615133068852424e-05,0.00014118388731710873,0.16512280788874711,-3.6027501650459812,0,0.6035626136131156
26.049919999998146,-1.4610807036349391,-1.267937916898571,1.0000235808415938,-0.36801067704851625,0.18247342535155933,-2.278267476246231e-05,-1.8276700145543596,-2.1582176879618444,1.3245275378688486,-0.30126418091762786,0.0432143437040145,-0.10260643697104256,-1.508586693985053,-1.8248832227397274,1.0901347668303816,-0.3443230144423576,0.09221997551172058,-0.01625934481308279,0.09000117304571391,0.09000117304571391,0.0,0.19828157913281197,-0.09759378452687262,2.0534217152543224e-05,0.00014037261702048987,0.1647145019133921,-3.6027539691093935,0,0.6018510911036167
26.054079999998145,-1.4626102785279993,-1.2671794840650545,1.0000234862925992,-0.36709797433442387,0.18202388004391407,-2.2691758688650407e-05,-1.421661943560408,-1.4760220176804246,1.175706315839442,-0.24484001793219878,0.21007487121096657,0.07451869825670179,-1.465633064991414,-1.6500145261916275,1.133075569177368,-0.29454250873704463,0.15176340777348934,0.02939682309929802,0.09000117304571391,0.09000117304571391,0.0,0.19798282326846062,-0.09745168589475228,2.045361704241864e-05,0.00013956608325225157,0.16430686848548015,-3.6027577604118974,0,0.6001438077666295
26.058239999998143,-1.464136056833357,-1.2664229213009726,1.0000233921209172,-0.3661867932858277,0.1815750633797017,-2.260120367329626e-05,-1.3983375863679894,-1.1736957937653523,0.8904355841357664,-0.32048397811977913,0.11887756664037938,0.18385104827245582,-1.432653519944054,-1.4116042756613532,1.0121345288614074,-0.3065172989104477,0.13518343472347197,0.10745780347780627,0.09000117304571391,0.09000117304571391,0.0,0.19768331902456704,-0.09730917681536427,2.0373331486915733e-05,0.00013876425884997709,0.16389990872527466,-3.602761539017662,0,0.5984407565731454
26.062399999998142,-1.4656580449010703,-1.2656682255647453,1.0000232983250494,-0.3652771362512189,0.18112697669453345,-2.2511008283782502e-05,-1.6612427314979255,-1.1473739414322148,0.9608114060418815,-0.35689798930989564,0.20924743037915763,0.21298577996805665,-1.5476931409314523,-1.2790529229302077,0.9869164853442598,-0.3311859658745752,0.17263955002630357,0.15979536250457713,0.09000117304571391,0.09000117304571391,0.0,0.19738307745554595,-0.09716626300603243,2.0293359216485906e-05,0.00013796711678360494,0.1634936237323392,-3.6027653049903354,0,0.5967419304829173
26.06655999999814,-1.4671762490907947,-1.2649153938093263,1.0000232049035032,-0.36436900553385465,0.18067962130055223,-2.2421171093386394e-05,-1.4316503842677317,-1.4131759751989195,0.9612870623977745,-0.4418874115301971,0.2507275760774471,-0.17968252212655741,-1.4905919329688402,-1.3455940563758229,0.9737273318033391,-0.3856307157124934,0.2117626390128471,-0.009667824900698709,0.09000117304571391,0.09000117304571391,0.0,0.19708210953520355,-0.09702295014214973,2.021369937193614e-05,0.000137174630155526,0.16308801458569777,-3.602769058393048,0,0.5950473224446715
26.07071999999814,-1.4686906757715952,-1.2641644229822988,1.000023111854792,-0.3634624033921086,0.18023299848661478,-2.2331690679546528e-05,-1.1456770943839958,-0.6361939831571116,1.3909838741518303,-0.311042031556212,0.2362452385621113,-0.10267465912995496,-1.3187804691839748,-0.9903969050667515,1.1821451059467516,-0.3476628421069931,0.22363334705267104,-0.056234302373821106,0.09000117304571391,0.09000117304571391,0.0,0.19678042615644364,-0.09687924385782815,2.013435022073774e-05,0.0001363867722002768,0.1626830823439941,-3.602772799288421,0,0.593356925396319
26.07487999999814,-1.470201331321761,-1.2634153100259717,1.0000230191774353,-0.36255733203982193,0.17978710951847118,-2.224256562749235e-05,-1.2237531794415868,-1.1668916369002227,1.2584483513745788,-0.4097213397955679,0.28664561198745636,0.04293298959790007,-1.2721205559286555,-1.078048853121658,1.2203868427051177,-0.37763599540925513,0.2549246710229129,-0.006791994844909863,0.09000117304571391,0.09000117304571391,0.0,0.19647803813225584,-0.09673514974665776,2.0055310653555896e-05,0.00013560351628434179,0.16227882804564983,-3.6027765277385715,0,0.5916707322651643
26.079039999998137,-1.471708222128622,-1.2626680518774762,1.000022926869958,-0.36165379364665023,0.17934195563894098,-2.215379452766175e-05,-1.497366232596724,-1.6347292128952047,0.7059791653809626,-0.4575535488541293,0.20614580221001408,-0.1411640614969098,-1.3856986590386224,-1.3559634599156478,0.9628858875390495,-0.41663252231391124,0.23020600880937955,-0.07401760732407753,0.09000117304571391,0.09000117304571391,0.0,0.19617495619638636,-0.09659067336075561,1.997657975790683e-05,0.00013482483590649303,0.16187525270902176,-3.6027802438051184,0,0.5899887359681126
26.083199999998136,-1.4732113545883654,-1.2619226454688592,1.0000228349308915,-0.36075179033840765,0.17889753806809316,-2.2065375974865078e-05,-1.125161735262956,-0.7836465398692792,0.8445369144560484,-0.46850137973891215,0.18244900031886502,-0.0738516070630842,-1.2564045602840326,-1.0694220240732912,0.9035574488163972,-0.44173803163224756,0.20657942775979904,-0.0741678995239044,0.09000117304571391,0.09000117304571391,0.0,0.19587119100347516,-0.09644582021238002,1.989815596214174e-05,0.0001340507046970552,0.16147235733255783,-3.602783947549188,0,0.5883109294118755
26.087359999998135,-1.4747107351058546,-1.2611790877271782,1.0000227433587725,-0.35985132419740995,0.1784538580034194,-2.197730857103251e-05,-1.7126986498043992,-1.5926924642404139,0.19558673475729105,-0.5018094526711058,0.12995121419878058,-0.010459244455048984,-1.4855992631934205,-1.330789070582009,0.5495454552716678,-0.4714255302961849,0.16752953764641587,-0.042352473009980136,0.09000117304571391,0.09000117304571391,0.0,0.19556675312951466,-0.09630059577330263,1.9820038104301232e-05,0.00013328109641820964,0.16107014289495208,-3.602787639031421,0,0.5866373054931753
26.091519999998134,-1.4762063700944497,-1.2604373755745948,1.0000226521521436,-0.35895239726281564,0.17801091662000976,-2.188959092350823e-05,-1.2825526886298768,-0.7154953048652297,1.2164010585958807,-0.3513095462420977,0.09300170504706758,0.08207347966077941,-1.3848065991764897,-1.0229446268054532,0.8831495624025696,-0.41073549396032,0.13035955249821765,0.01940598396837231,0.09000117304571391,0.09000117304571391,0.0,0.19526165307284515,-0.0961550054751415,1.9742225219276946e-05,0.00013251598496374694,0.16066861035529895,-3.6027913183119757,0,0.5849678570989479
26.095679999998133,-1.4776982659758287,-1.2596975059284667,1.0000225613095535,-0.3580550115309626,0.1775687150707269,-2.1802221644232318e-05,-1.2913394614845057,-1.1062118587613432,0.5320544507167496,-0.4327394826062313,0.12104768154191978,0.14082997106386716,-1.338972850514639,-1.0643270180327908,0.707891608678538,-0.4215491824622612,0.1256889424751219,0.08052533290542252,0.09000117304571391,0.09000117304571391,0.0,0.1949559012541896,-0.09600905471001603,1.9664715682795518e-05,0.0001317553443586933,0.16026776065324597,-3.602794985450536,0,0.5833025771065433
26.09983999999813,-1.4791864291798107,-1.2589594757014402,1.0000224708295562,-0.35715916895570465,0.1771272544863776,-2.1715199352472153e-05,-1.4467113745011102,-1.147424140126486,0.9282428589606468,-0.30683584018923843,0.09988879981227679,0.03137257179712305,-1.3934818950179082,-1.1056677984033263,0.818135011438815,-0.3638060481795276,0.11250377400177825,0.05548006994737754,0.09000117304571391,0.09000117304571391,0.0,0.19464950801733016,-0.09586274883056217,1.9587508708614093e-05,0.00013099914875929015,0.15986759470914597,-3.6027986405063164,0,0.5816414583839251
26.10399999999813,-1.4806708661441805,-1.2582232818015406,1.0000223807107118,-0.35626487144874497,0.1766865359758838,-2.162852267133437e-05,-1.3614419429813729,-1.4705851172977065,0.7241608491540044,-0.5776893111055422,0.17136838165946366,0.002689709556597124,-1.3786649588682929,-1.2877711251075818,0.7711514008251656,-0.4699227640602801,0.1412375001704307,0.029793370772530914,0.09000117304571391,0.09000117304571391,0.0,0.19434248362968043,-0.09571609315016127,1.9510602851990924e-05,0.0001302473724527954,0.15946811342420777,-3.602802283538066,0,0.5799844937898683
26.10815999999813,-1.4821515833145138,-1.2574889211322637,1.000022290951586,-0.3553721208799668,0.176246560626453,-2.154219023050264e-05,-0.4674694080391528,-1.4093320531583289,1.1720599123470532,-0.4216415091974522,0.31403981603804587,0.06179749836283021,-0.923939923098457,-1.3478981676618182,0.9717369146954291,-0.4447689002723809,0.22710905742422685,0.0458338924503488,0.09000117304571391,0.09000117304571391,0.0,0.19403483828243107,-0.09556909294316951,1.9433997078539716e-05,0.00012949998985723417,0.15906931768064625,-3.6028059146040756,0,0.5783316761741558
26.112319999998128,-1.4836285871440045,-1.2567563905926649,1.0000222015507498,-0.3544809190777636,0.1758073295037473,-2.145620066453795e-05,-1.4788643441159908,-1.6222770696668232,1.3566299108743047,-0.6028448676077116,0.22190255232058664,-0.052407519924915706,-1.202659123210027,-1.4846280612518854,1.1640779822515492,-0.5241781925844089,0.224541467238396,-0.0037047697011659327,0.09000117304571391,0.09000117304571391,0.0,0.19372658209144444,-0.09542175344525566,1.9357690123050352e-05,0.0001287569755212018,0.15867120834183124,-3.6028095337621817,0,0.5766829983777734
26.116479999998127,-1.4851018840932935,-1.256025687077448,1.0000221125067805,-0.35359126782936523,0.1753688436520512,-2.1370552613820332e-05,-1.5671331700395017,-1.3415975920409042,1.0114657158376799,-0.32352524423319146,0.16866273096784157,0.06824973457558212,-1.3855714147444793,-1.4127604705417471,1.08791225918228,-0.423963309223425,0.1963452146749385,0.032498401759639466,0.09000117304571391,0.09000117304571391,0.0,0.19341772509761734,-0.09527407985373876,1.928168091716374e-05,0.00012801830412361565,0.15827378625243554,-3.6028131410697726,0,0.5750384532331021
26.120639999998126,-1.4865714806302983,-1.2552968074770545,1.0000220238182609,-0.3527031688811624,0.17493110409443752,-2.1285244723731284e-05,-1.401929739727258,-1.5648995267174004,0.9190866168181525,-0.3301995755592529,-0.05669430936171746,0.04117259191219602,-1.3944391780884586,-1.488949393562396,1.003583049459935,-0.3762792121522415,0.07003774413502184,0.0372412387852487,0.09000117304571391,0.09000117304571391,0.0,0.193108277267244,-0.09512607732749973,1.9205967947526334e-05,0.0001272839504735466,0.15787705223858173,-3.602816736583793,0,0.5733980335641106
26.124799999998125,-1.4880373832300442,-1.2545697486777507,1.000021935483779,-0.3518166239390293,0.17449411183293412,-2.12002756465208e-05,-1.6180173258503139,-1.3637778004003547,0.6343203049394612,-0.4874670365755249,0.13288700356752028,-0.04012936131303708,-1.5072443391973527,-1.4260854053649867,0.8188649422436869,-0.4315748638318647,0.10101856334499472,-0.0011106301710034152,0.09000117304571391,0.09000117304571391,0.0,0.19279824849248806,-0.09497775098753414,1.913055053948122e-05,0.00012655388950989045,0.15748100710798818,-3.6028203203607494,0,0.5717617321865457
26.128959999998123,-1.489499598374497,-1.2538445075617146,1.0000218475019287,-0.3509316346686445,0.17405786784868774,-2.1115644037783563e-05,-1.5303530771000475,-1.3486546690269376,0.9286599296145395,-0.3967901448212441,0.0038242110078703095,-0.0880805195823743,-1.5196235536829517,-1.3873602734506496,0.8735804202762653,-0.41448675370612914,0.051818059962604,-0.0447924301797371,0.09000117304571391,0.09000117304571391,0.0,0.19248764859217593,-0.0948291059171858,1.9055427146368162e-05,0.00012582809630109267,0.15708565165011407,-3.6028238924567146,0,0.5701295419081199
26.133119999998122,-1.4909581325523962,-1.2531210810071225,1.0000217598713097,-0.35004820269580794,0.17362237310212708,-2.1031348560121385e-05,-1.2290617342746515,-1.0998573344904132,1.2629616193738284,-0.3611016967371436,0.24208816926137655,0.03056894215687856,-1.3750910106079697,-1.2431027077392482,1.068337857688622,-0.38812518121680567,0.1466773976672429,-0.007371729634174229,0.09000117304571391,0.09000117304571391,0.0,0.19217648731163017,-0.09468014716216672,1.8980596631882433e-05,0.0001251065460449663,0.1566909866363032,-3.6028274529273334,0,0.5685014555286998
26.13727999999812,-1.492412992259091,-1.2523994658882345,1.0000216725905269,-0.3491663296067585,0.1731876285331256,-2.0947387881388468e-05,-1.7600211191673123,-0.8214881365029136,0.9293486962506373,-0.15979844117140746,0.24615221163004747,-0.027936131994035458,-1.5678921941306418,-1.0317790566465725,0.9987835217800234,-0.273466929490491,0.195722862307167,-0.01732743722859596,0.09000117304571391,0.09000117304571391,0.0,0.19186477432389337,-0.0945308797310056,1.8906058057236534e-05,0.00012438921406837333,0.15629701281992742,-3.6028310018278265,0,0.5668774658404908
26.14143999999812,-1.4938641839963762,-1.2516796590754797,1.0000215856581907,-0.3482860169484866,0.1727536350611624,-2.0863760673912005e-05,-1.615561448432909,-1.4399213491356393,1.0430983630031612,-0.15082769945129276,0.1448757829187135,0.0864743553649274,-1.592040409676918,-1.2355515344307182,1.0211212031603984,-0.21237749865989308,0.17021265046118011,0.03452520776139495,0.09000117304571391,0.09000117304571391,0.0,0.1915525192296701,-0.09438130859506927,1.883181025348518e-05,0.0001236760758269656,0.15590373093652826,-3.6028345392129957,0,0.5652575656282226
26.14559999999812,-1.4953117142723307,-1.2509616574355402,1.0000214990729173,-0.3474072662290468,0.17232039358548285,-2.078046561542441e-05,-1.4454148858263371,-1.4685908392279232,0.8715883167862755,-0.4107734505954025,0.1398376807129178,0.00013310941789414774,-1.5195820263652349,-1.3517826857163688,0.9463537789884702,-0.3110781892727208,0.15537643916532481,0.017433053726162356,0.09000117304571391,0.09000117304571391,0.0,0.191239731558127,-0.09423143868922612,1.8757851820859166e-05,0.00012296710690479966,0.15551114170395852,-3.602838065137229,0,0.5636417476693305
26.149759999998118,-1.496755589601155,-1.250245457831435,1.0000214128333282,-0.34653007891786636,0.17188790498525647,-2.0697501390023465e-05,-0.8815944880492739,-1.3218598942054443,1.2407435150553754,-0.2531565792124775,0.31468515891111193,-0.05882401538935606,-1.2011093123463141,-1.3361656845076344,1.0934272769658102,-0.28262061705586466,0.23460703706286945,-0.020172352249081118,0.09000117304571391,0.09000117304571391,0.0,0.19092642076672994,-0.09408127491144153,1.8684181770610973e-05,0.00012226228301412775,0.1551192458225219,-3.602841579654505,0,0.5620300047341379
26.153919999998116,-1.4981958165030136,-1.2495310571226028,1.0000213269380505,-0.34565445644605514,0.1714561701197364,-2.0614866686466446e-05,-1.4121417111263448,-1.5212522967792124,0.9725270356249601,-0.33594459106763486,0.14649629080766047,-0.10794721357416114,-1.3073264510419975,-1.428404000135133,1.0327516112331,-0.3089389324136654,0.18979871907673637,-0.06397146087135275,0.09000117304571391,0.09000117304571391,0.0,0.19061259624268734,-0.09393082212365639,1.8610799098005824e-05,0.00012156157999506555,0.1547280439751128,-3.602845082818397,0,0.5604223295860357
26.158079999998115,-1.499632401503875,-1.2488184521649843,1.0000212413857164,-0.34478040020670875,0.17102518982841505,-2.053256019821624e-05,-1.7795773223885973,-1.3697721967347167,1.7722333570007245,-0.504920993136251,0.17958645366144155,0.045601043188356206,-1.5445075962374464,-1.398713712169433,1.4025927982576238,-0.40586727970149666,0.18448100092335884,-0.009332040735506385,0.09000117304571391,0.09000117304571391,0.0,0.19029826730257748,-0.09378008515159747,1.8537702568151187e-05,0.00012086497381521522,0.1543375368273544,-3.6028485746820773,0,0.5588187149816607
26.162239999998114,-1.5010653511353549,-1.2481076398111044,1.0000211561749637,-0.34390791155521333,0.1705949649311805,-2.0450580624409757e-05,-1.5012784668518027,-1.288918262122735,1.071186475526223,-0.3382126587463573,0.32473677866149275,0.008093644655724198,-1.5235957261873292,-1.3431381675681702,1.236903921978572,-0.3722728631520837,0.25382661310916677,-0.0005095053550606202,0.09000117304571391,0.09000117304571391,0.0,0.1899834431930454,-0.09362906878501603,1.8464891143671772e-05,0.0001201724405694713,0.15394772502773585,-3.6028520552983236,0,0.5572191536710733
26.166399999998113,-1.5024946719345613,-1.2473986169101525,1.000021071304436,-0.3430369918095471,0.17016549622847188,-2.0368926669044974e-05,-1.7788125493355742,-1.500420827543892,1.0225875779613596,-0.42279801397111155,0.24092130258523567,0.17116632226990147,-1.6520858214660992,-1.421278611961246,1.1301011600106254,-0.39729646676299135,0.2469531460335017,0.08489007918788866,0.09000117304571391,0.09000117304571391,0.0,0.1896681330915012,-0.09347777777824762,1.8392363342863903e-05,0.00011948395647947964,0.15355860920774914,-3.602855524719521,0,0.5556236383979322
26.170559999998112,-1.5039203704439388,-1.2466913803080633,1.0000209867727816,-0.342167642250579,0.16973678450143218,-2.0287597042809425e-05,-2.027731165139418,-0.9651835375475695,0.531824912806007,-0.2906116625505639,0.19635399304594284,0.05700638793915306,-1.8405147920675526,-1.1928195112574125,0.8310764224339369,-0.34434248741574114,0.22167537340741128,0.0714304572211415,0.09000117304571391,0.09000117304571391,0.0,0.18935234610617913,-0.09332621685023834,1.8320118523386717e-05,0.00011879949789346668,0.15317018998202428,-3.602858982997668,0,0.554032161899669
26.17471999999811,-1.5053424532111153,-1.2459859268475963,1.0000209025786546,-0.3412998641223669,0.16930883051206108,-2.0206590459588032e-05,-1.4726179045373544,-1.5220327437280474,0.9728989152881619,-0.4800396052320199,0.2175310282348723,0.03106503490817286,-1.6575637974634154,-1.356975097271186,0.9020529721088599,-0.4114346081689863,0.2191824061856755,0.05139627356625236,0.09000117304571391,0.09000117304571391,0.0,0.18903609127673082,-0.09317439068457167,1.8248155385732688e-05,0.0001181190412858933,0.15278246794846406,-3.6028624301843797,0,0.5524447169076617
26.17887999999811,-1.5067609267887505,-1.2452822533684156,1.0000208187207145,-0.3404336586324531,0.16888163500336745,-2.01259056392035e-05,-1.8863354709860956,-1.4927515542187701,0.4707817111391842,-0.22697058845170254,0.18252416744571517,0.04470800823472681,-1.7724236095529202,-1.4244851404465018,0.6865071716468426,-0.3190786692694705,0.20110064945412512,0.04812157778729132,0.09000117304571391,0.09000117304571391,0.0,0.18871937757492774,-0.0930223039300298,1.8176472613740973e-05,0.00011744256325703188,0.1523954436883779,-3.6028658663308923,0,0.5508612961474051
26.18303999999811,-1.5081757977343846,-1.2445803567071676,1.0000207351976256,-0.3395690269521569,0.16845519869951947,-2.0045541307468157e-05,-1.340156504410031,-1.0694595503054403,1.6879974771821225,-0.2763648324470397,0.23966249753003743,0.18152541694671648,-1.5568646217095397,-1.246470775208599,1.187636329135375,-0.29639799555781016,0.22009307381753035,0.11508941172887394,0.09000117304571391,0.09000117304571391,0.0,0.1884022139046171,-0.09286996120051533,1.810506951710906e-05,0.00011677004053258275,0.1520091177666145,-3.6028692914880676,0,0.5492818923386813
26.187199999998107,-1.5095870726102882,-1.2438802336975592,1.0000206520080581,-0.33870597021686694,0.168029522305995,-1.996549619360246e-05,-1.8457165366605675,-1.3895323579884593,1.3860172227781087,-0.37784593168216396,0.17711074670985166,-0.08659723262914676,-1.7020778834419874,-1.317635546518651,1.2866503400457558,-0.3374175248818975,0.19926054527595674,0.013155163651613564,0.09000117304571391,0.09000117304571391,0.0,0.18808460910242542,-0.0927173670757207,1.8033944534197216e-05,0.00011610144996328814,0.1516234907316939,-3.6028727057063965,0,0.5477064981957291
26.191359999998106,-1.5109947579833145,-1.2431818811704354,1.0000205691506872,-0.3378444895263307,0.16760460650972903,-1.988576903382722e-05,-1.1439852289102737,-1.2782690454865515,1.0684869002948498,-0.45654976509902384,0.17708780880209915,0.024314820754862628,-1.4239775644108823,-1.2975840799133649,1.1776173190549848,-0.39683020335652863,0.1883664232999883,0.018901916799006147,0.09000117304571391,0.09000117304571391,0.0,0.1877665719382513,-0.09256452610062343,1.7963096942728534e-05,0.00011543676852473358,0.15123856311593853,-3.602876109036004,0,0.5461351064274104
26.195519999998105,-1.5123988604247518,-1.242485295953855,1.000020486624193,-0.33698458594494185,0.16718045197926323,-1.9806358567901973e-05,-2.1407505901439166,-1.0896950661916265,1.1657428331030106,-0.33522150929216094,0.28541538686518264,-0.006158387831804812,-1.7830667306103059,-1.1930434425902705,1.171666947121679,-0.3658438385025556,0.23639420921475357,0.006487133459463105,0.09000117304571391,0.09000117304571391,0.0,0.18744811111575854,-0.09241144278669139,1.789252557742999e-05,0.00011477597331674354,0.15085433543560345,-3.6028795015266524,0,0.5445677097373761
26.199679999998104,-1.5137993865101769,-1.241790474873168,1.0000204044272616,-0.33612626050202493,0.16675705936489046,-1.9727263540935043e-05,-1.6796628098974582,-1.899885440825892,1.578499815385599,-0.2077009676162209,0.13581735434205008,-0.2351794198265716,-1.7317971470939777,-1.546187440676904,1.3745968556661845,-0.2862591594426573,0.18637619515811096,-0.11423160340055004,0.09000117304571391,0.09000117304571391,0.0,0.18712923527222936,-0.09225812161095176,1.7822229257041377e-05,0.000114119041563179,0.1504708081910053,-3.6028828832277453,0,0.5430043008242321
26.203839999998102,-1.5151963428193107,-1.2410974147510898,1.0000203225585838,-0.3352695141921212,0.1663344292988029,-1.9648482703457814e-05,-1.189645310859631,-1.1862700283030352,1.2501643177557642,-0.25555398648233607,0.11725527659805786,-0.048048040361492864,-1.4612503117716094,-1.3659832072795806,1.3122793328410856,-0.27026823439336356,0.15224275205363003,-0.08093026241505004,0.09000117304571391,0.09000117304571391,0.0,0.18680995297980807,-0.09210456701730424,1.775220678431526e-05,0.00011346595061135345,0.15008798186665126,-3.6028862541883315,0,0.5414448723817012
26.2079999999981,-1.5165897359358744,-1.2404061124077763,1.0000202410168553,-0.33441434797526853,0.16591256239523475,-1.957001481150766e-05,-1.054918221423262,-0.9697137063316611,0.7358490158904016,-0.25662868600697025,0.31467921278878874,0.03410699342158546,-1.2586166572159085,-1.1671913088918158,1.0241300704117,-0.26275032744700105,0.23352203039419922,-0.022932415046817665,0.09000117304571391,0.09000117304571391,0.0,0.186490272745357,-0.09195078341601864,1.768245758852867e-05,0.00011281667793182965,0.1497058569313662,-3.6028896144571094,0,0.5398894170987859
26.2121599999981,-1.5179795724474465,-1.2397165646608987,1.0000201598007776,-0.3335607627772822,0.16549145925060696,-1.94918586239858e-05,-1.3145133312240254,-1.2115071448718444,1.0354525336995994,-0.2804172229253166,0.252974656413502,0.023638342340719775,-1.2871513484408896,-1.1888234079088895,1.029840742189593,-0.27028273713781614,0.243271548709922,0.00025677744624295207,0.09000117304571391,0.09000117304571391,0.0,0.1861702030109541,-0.09179677518408802,1.7612980014117052e-05,0.00011217120111794602,0.14932443383841953,-3.6028929640824296,0,0.5383379276599289
26.2163199999981,-1.5193658589453216,-1.2390287683257168,1.0000200789090572,-0.33270875949003303,0.1650711204436704,-1.9414012907197298e-05,-1.6755214418418312,-0.4351342791513594,1.1976367861169548,-0.49422518624453465,-0.07730969615340416,0.019656493932399155,-1.4823671852307954,-0.8121342786775319,1.113779718188341,-0.38219228135580874,0.08295679911052475,0.010486744066188675,0.09000117304571391,0.09000117304571391,0.0,0.18584975215449895,-0.09164254666558153,1.75437732448786e-05,0.0001115294978853579,0.14894371302565113,-3.6028963031122996,0,0.536790396745173
26.220479999998098,-1.5207486020243706,-1.2383427202151516,1.0000199983404054,-0.33185833897172345,0.16465154653564745,-1.9336476431347813e-05,-1.68105346352778,-1.4374807953348614,1.7893457056920954,-0.3807555354979399,0.045920778324266276,0.04923722228000054,-1.5825051850255762,-1.1247151791120198,1.4516684101704576,-0.38074797828018325,0.06385460152204984,0.03055240118500223,0.09000117304571391,0.09000117304571391,0.0,0.18552892849021374,-0.09148810217199932,1.7474836235785982e-05,0.00011089154607166378,0.1485636949155964,-3.6028996315943873,0,0.5352468170303181
26.224639999998097,-1.5221278082829004,-1.2376584171398584,1.000019918093539,-0.33100950204716073,0.16423273807037211,-1.9259247971485667e-05,-1.7810048690188927,-1.3589309985251008,0.6737034333273108,-0.28687731187630655,0.09812387086873385,-0.1275991866437666,-1.6823543869797384,-1.2416191265176086,1.0624158206525205,-0.3332058241233001,0.0802626962902404,-0.04887163915234505,0.09000117304571391,0.09000117304571391,0.0,0.18520774026839582,-0.09133344598187887,1.7406167926490817e-05,0.0001102573236360075,0.14818437991561018,-3.6029029495760243,0,0.5337071811870792
26.228799999998095,-1.5235034843225173,-1.2369758559082982,1.0000198381671794,-0.3301622495080314,0.16381469557443162,-1.9182326307567264e-05,-1.3277242992894722,-2.0109718155462453,0.7298527575389332,-0.13878163228601365,0.035099842427946615,-0.05528307378242275,-1.5053275425775874,-1.626227298532474,0.8960161099539695,-0.23503525914661558,0.057419995005722625,-0.05166109289483184,0.09000117304571391,0.09000117304571391,0.0,0.18488619567677578,-0.09117858234179121,1.7337767241323642e-05,0.00010962680865857406,0.1478057684179903,-3.6029062571042094,0,0.5321714818832413
26.232959999998094,-1.5248756367479888,-1.2362950333268095,1.0000197585600534,-0.32931658211317005,0.16339741955730386,-1.9105710224515664e-05,-1.8338042948114786,-0.9107554999514076,0.8497357692693679,-0.22075133169141914,0.3223394079678702,0.016562453793673198,-1.6700278541666491,-1.2678151761976029,0.8729094539023747,-0.22766311097822647,0.18949733439031874,-0.017259756462392223,0.09000117304571391,0.09000117304571391,0.0,0.1845643028400593,-0.09102351546584242,1.726963330346448e-05,0.00010899997934028747,0.14742786080010006,-3.602909554225613,0,0.5306397117828139
26.237119999998093,-1.5262442721671088,-1.2356159461996783,1.0000196792708929,-0.32847250058882943,0.16298091051149677,-1.902939851140567e-05,-1.4378081490963763,-1.2057701176231639,0.7386937680315293,-0.3148414675574663,0.2275023267430176,-0.1659337480580001,-1.5545711212027415,-1.2363190076079782,0.8054557120265295,-0.27130275815155913,0.20849406841267418,-0.0916726341674902,0.09000117304571391,0.09000117304571391,0.0,0.18424206982096625,-0.09086824953645711,1.720176479309726e-05,0.00010837681400226012,0.14705065742448986,-3.602912840986579,0,0.5291118635461842
26.241279999998092,-1.5276093971905627,-1.2349385913292088,1.0000196002984347,-0.3276300056289465,0.16256516891268447,-1.895338996329321e-05,-1.413283161744159,-1.5690705439052088,0.9328001834331825,-0.40231536985246,0.01163820672007787,-0.1050117632924755,-1.4847624739187546,-1.4026723821231135,0.8689100503207313,-0.3370329981317586,0.10983113846322404,-0.09816483475136889,0.09000117304571391,0.09000117304571391,0.0,0.18391950462030915,-0.09071278870420141,1.713416058858929e-05,0.00010775729108546186,0.14667415863901812,-3.60291611743313,0,0.5275879298302685
26.24543999999809,-1.5289710184317935,-1.2342629655157928,1.0000195216414207,-0.3267890978954079,0.16215019521984403,-1.8877683380381972e-05,-1.4628980506329041,-1.003505149939456,0.770030044406101,-0.2537205673531026,-0.02732638101170931,-0.07736457520909444,-1.4743577446099259,-1.2031426059626886,0.8193073620728751,-0.29542830526879255,0.0411625942073789,-0.08724802272015182,0.09000117304571391,0.09000117304571391,0.0,0.18359661517739367,-0.09055713708803348,1.7066819981327916e-05,0.00010714138915026596,0.1462983647769711,-3.6029193836109696,0,0.5260679032886627
26.24959999999809,-1.53032914250687,-1.2335890655579786,1.0000194432985976,-0.3259497780183135,0.16173598987539112,-1.880227756630511e-05,-1.5853826231235275,-1.1642668198786241,1.1153604139916302,-0.31204656038474765,0.012831408181931958,0.04057985979154072,-1.5305199266281333,-1.1836776158497335,0.9674195580891481,-0.30377574795164597,0.02693338048720578,-0.022954467060846633,0.09000117304571391,0.09000117304571391,0.0,0.1832734093705265,-0.0904012987757688,1.6999741820370544e-05,0.00010652908687590558,0.14592327615718254,-3.602922639565486,0,0.5245517765717924
26.25375999999809,-1.5316837760343542,-1.2329168882525399,1.000019365268717,-0.3251120465962378,0.16132255330531362,-1.8727171329987604e-05,-1.8210697896158123,-1.3778814949814573,0.6693533968131762,-0.11613306445356855,0.24991546347008747,0.09774253575514166,-1.6760389302274956,-1.2802607662316359,0.8185889868560565,-0.20973292206821004,0.13825088358371057,0.03676435256873806,0.09000117304571391,0.09000117304571391,0.0,0.18294989501720427,-0.09024527782379738,1.6932925153624072e-05,0.00010592036306015769,0.14554889308415173,-3.6029258853417545,0,0.5230395423270603
26.257919999998087,-1.533034925635173,-1.2322464303945428,1.0000192875505358,-0.32427590419649055,0.16090988591930638,-1.8652363484782123e-05,-1.9891423309437126,-1.4444033380238133,1.2239746268556009,-0.26123992207105223,0.2899253353979294,0.07392827359609251,-1.8331364575667461,-1.3617311706418014,1.0214385718399297,-0.23535589119539527,0.21456221605520992,0.05526717088387012,0.09000117304571391,0.09000117304571391,0.0,0.18262607987494417,-0.0900890782578706,1.6866368800169898e-05,0.00010531519661881303,0.14517521584816145,-3.602929120984543,0,0.5215311931989929
26.262079999998086,-1.534382597932487,-1.2315776887774141,1.0000192101428156,-0.3234413513553735,0.16049798811090268,-1.8577852849446e-05,-1.3522425250597343,-1.3299356646916234,0.8639835830868432,-0.4488821664888234,0.24625962568639576,0.04985948383551609,-1.5936203980568893,-1.345319251175066,0.9428137340251307,-0.3418120770037646,0.22957649066572083,0.05253863336519443,0.09000117304571391,0.09000117304571391,0.0,0.1823019716411547,-0.08993270407292708,1.6800071777938873e-05,0.0001047135665852391,0.14480224472539457,-3.6029323465383123,0,0.5200267218293869
26.266239999998085,-1.5357267995515638,-1.2309106601930075,1.0000191330443229,-0.3226083885784377,0.16008686025760627,-1.850363824727921e-05,-1.7150213014829625,-0.7148335225071398,0.921268331618101,-0.4508503973074067,0.09236941521733155,-0.008323292710284093,-1.6552599907495316,-1.0298798770874218,0.9320230592883522,-0.3960666385022257,0.16099507920720055,0.022357062772093792,0.09000117304571391,0.09000117304571391,0.0,0.1819775779538615,-0.08977615923323895,1.6734033090206945e-05,0.0001041154521099839,0.14442997997805024,-3.602935562047221,0,0.5185261208574529
26.270399999998084,-1.5370675371196503,-1.2302453414316699,1.0000190562538291,-0.3217770163407378,0.15967650272102277,-1.8429718506222573e-05,-0.9025337796141,-1.1683405238621876,1.1417026655520952,-0.2728077042743578,0.28351122507402376,0.035255185122892614,-1.2794604974369799,-1.0985203415299651,1.0369375126647826,-0.33374911243490574,0.22170065511893364,0.028875858801726603,0.09000117304571391,0.09000117304571391,0.0,0.1816529063920076,-0.08961944767298663,1.6668251725595104e-05,0.00010352083246022262,0.14405842185445905,-3.602938767555129,0,0.5170293829199588
26.274559999998083,-1.5384048172658464,-1.2295817292823075,1.0000189797701107,-0.3209472350870846,0.15926691584698865,-1.8356092458892683e-05,-1.1870194474381086,-1.6463401560391986,1.229038942773922,-0.2962657193455351,0.19313415375010695,-0.018687889210693198,-1.2338573964903397,-1.3720319280974287,1.1329514293112433,-0.31412178663236745,0.20720736049400595,0.004747156484870217,0.09000117304571391,0.09000117304571391,0.0,0.18132796447554,-0.08946257329576535,1.660272665806937e-05,0.00010292968701942542,0.1436875705891976,-3.602941963105599,0,0.5155365006513729
26.27871999999808,-1.539738646620981,-1.2289198205324503,1.0000189035919484,-0.32011904523229767,0.15885809996570213,-1.8282758942654618e-05,-1.3245535678199751,-1.4025184767609722,1.3726858449931116,-0.45610653235652565,0.10829067715812438,0.0960632019404022,-1.2801564117920632,-1.3870500563424397,1.2530185706959696,-0.384332521144831,0.1576986290772923,0.05114591211029627,0.09000117304571391,0.09000117304571391,0.0,0.1810027596664604,-0.0893055399758022,1.653745706111142e-05,0.000102341995286664,0.14331742640320233,-3.6029451487419006,0,0.514047466684003
26.28287999999808,-1.5410690318174871,-1.2282596119683176,1.0000188277181286,-0.3192924471614527,0.15845005539184895,-1.820971679876063e-05,-1.5098909856718286,-1.21506389353444,0.8294670311066934,-0.3134859261925602,0.013082536057302918,-0.11172819439626741,-1.3956783008761433,-1.3010282179432735,1.0410071583029792,-0.348455529334846,0.0852352795294237,-0.03014252111009494,0.09000117304571391,0.09000117304571391,0.0,0.18067729936848653,-0.08914835155703632,1.647244166587297e-05,0.00010175773687644252,0.14294798950388227,-3.602948324507013,0,0.5125622736481378
26.28703999999808,-1.5423959794892794,-1.2276011003748812,1.0000187521474415,-0.3184674412301311,0.15804278242473202,-1.813696487422166e-05,-0.8037982369400125,-0.9816227522245682,1.0500813742518769,-0.37685324131504117,0.23570523098371654,-0.04868266256531178,-1.1005186251496732,-1.1408314516341358,1.0454424953098294,-0.36233803198736264,0.15972090849944912,-0.039134470316417105,0.09000117304571391,0.09000117304571391,0.0,0.18035159092789066,-0.08899101185412284,1.6407679830696356e-05,0.00010117689151799132,0.14257926008523136,-3.602951490443628,0,0.5110809141721845
26.291199999998078,-1.5437194962716323,-1.2269442825359296,1.0000186768786832,-0.31764402776466505,0.15763628134839672,-1.8064502019185498e-05,-1.6588012693414682,-1.578700104602706,1.3729155956501697,-0.38548718639112806,-0.0456627645829005,-0.1254065521348368,-1.380467135621149,-1.3598632481792632,1.2089198183636323,-0.37319964508946357,0.05676758896412042,-0.08193964300728279,0.09000117304571391,0.09000117304571391,0.0,0.18002564163359092,-0.08883352465236954,1.6343170043918985e-05,0.00010059943905487487,0.1422112383279398,-3.6029546465941533,0,0.5096033808828063
26.295359999998077,-1.5450395888010588,-1.2262891552341306,1.0000186019106536,-0.3168222070623827,0.1572305524317564,-1.799232709054105e-05,-1.9920066491061879,-0.6234496223807975,1.0108884043550024,-0.3726133809170963,0.10349605945806331,0.09757390458797954,-1.6870170470219537,-0.9914366848038397,1.11010413252485,-0.3724976303464314,0.08045164861550792,0.008548053615925666,0.09000117304571391,0.09000117304571391,0.0,0.179699458717671,-0.08867589370767337,1.627891184874386e-05,0.00010002535944458494,0.14184392439950488,-3.6029577930007144,0,0.5081296664050596
26.299519999998076,-1.5463562637151915,-1.2256357152510944,1.000018527242158,-0.3160019793918507,0.15682559592871817,-1.7920438947544624e-05,-1.533934723890742,-0.783597696032925,1.0560412089697175,-0.37298697428298644,0.09414441562833413,0.0027184274769235105,-1.6112522340435589,-0.8873197566282618,1.0830784565397407,-0.3719644059419279,0.0872193585061232,0.0053884600339365605,0.09000117304571391,0.09000117304571391,0.0,0.17937304935590126,-0.08851812274709864,1.621490391903522e-05,9.945463275803175e-05,0.14147731845434086,-3.6029609297051586,0,0.5066597633625276
26.303679999998074,-1.5476695276526629,-1.2249839593674348,1.0000184528720062,-0.31518334499311484,0.15642141207830612,-1.784883645542395e-05,-1.6181060964082767,-1.436490797301182,1.1023776925712312,-0.364586890012525,0.02596260536713557,5.4987780341983895e-05,-1.6154388238221882,-1.1618533446818018,1.092729261969555,-0.36766039891488494,0.055742070939458654,0.0022710420634945517,0.09000117304571391,0.09000117304571391,0.0,0.17904642066772625,-0.08836021546892181,1.6151145341677307e-05,9.888723917894541e-05,0.14111142063388799,-3.6029640567490566,0,0.5051936643774555
26.307839999998073,-1.5489793872529876,-1.2243338843628315,1.0000183787990125,-0.31436630407794025,0.1560180011047844,-1.777751848366269e-05,-1.7239657988926453,-0.9163792116107337,0.8507715246262244,-0.30667276817761874,0.07487786637287007,0.11146762094499466,-1.670342820273489,-1.0389585235735865,0.9719819345705462,-0.33626695919043914,0.0651678162545703,0.05619640239527812,0.09000117304571391,0.09000117304571391,0.0,0.1787195797167872,-0.08820217554256965,1.6087635403736148e-05,9.832315900359885e-05,0.14074623106672107,-3.6029671741737066,0,0.5037313620708831
26.311999999998072,-1.5502858491564462,-1.2236854870160907,1.0000183050219962,-0.31355085683004935,0.15561536321778036,-1.7706483905163413e-05,-1.514284416883551,-0.6190585063469984,1.1355428857441678,-0.5133851597648277,0.28989958420393114,0.043189237903115706,-1.5933806821518233,-0.828404710419214,1.053853245435876,-0.42465633678813886,0.17853696390922952,0.049761736483971274,0.09000117304571391,0.09000117304571391,0.0,0.17839253351155304,-0.08804400660930622,1.6024372736443376e-05,9.776237264015862e-05,0.14038174986865734,-3.6029702820201357,0,0.502272849062776
26.31615999999807,-1.5515889200039685,-1.2230387641052056,1.0000182315397812,-0.31273700340535737,0.15521349861240494,-1.7635731598976143e-05,-1.8336717663549373,-0.9085687553763214,1.0902166854964224,-0.28041596063258406,0.12800552309054136,0.011659437202578402,-1.7141124048904794,-0.8682205648346082,1.072058993325741,-0.35194809769265106,0.15304307489591729,0.030942809121641282,0.09000117304571391,0.09000117304571391,0.0,0.1780652890050971,-0.08788571228185116,1.596135659822128e-05,9.720486060831579e-05,0.14001797714286318,-3.6029733803291037,0,0.5008181179721576
26.32031999999807,-1.5528886064370193,-1.2223937124074165,1.000018158351196,-0.3119247439322084,0.15481240746937447,-1.7565260447688405e-05,-0.8682070202201596,-1.3126316859429825,0.3376242884133447,-0.4185022996422603,0.030909483537747653,0.22554760989928616,-1.2920261190999012,-1.090364675741672,0.7053055848634889,-0.38432987339416214,0.09185495038435923,0.12825644860088106,0.09000117304571391,0.09000117304571391,0.0,0.17773785309605017,-0.08772729614506791,1.589858601999886e-05,9.665060353872401e-05,0.1396549129799607,-3.602976469141105,0,0.4993671614172372
26.32447999999807,-1.5541849150974842,-1.2217503286992701,1.0000180854550738,-0.3111140785116074,0.1544120899551296,-1.74950693383762e-05,-1.7063692156750916,-1.260581600669983,0.7956418074288578,-0.43176973563317234,0.11796092097967936,0.06523438943343278,-1.5000990743585867,-1.1752276846554364,0.7506086810985414,-0.4078356189086318,0.1042862929343644,0.09739031453364284,0.09000117304571391,0.09000117304571391,0.0,0.17741023262870004,-0.08756876175568984,1.5836060018716345e-05,9.609958217255755e-05,0.13929255745813296,-3.6029795484963714,0,0.4979199720155392
26.328639999998067,-1.555477852627557,-1.2211086097566786,1.0000180128502523,-0.31030500721745163,0.15401254622195523,-1.7425157162617623e-05,-1.6101279869895355,-0.9463036064880841,1.074031100627166,-0.3415078523010983,0.14147945858874686,-0.05695197080173357,-1.5558247661687366,-1.0604696755163048,0.9122045870898099,-0.37460905832974656,0.12283481287548562,0.019800369942836772,0.09000117304571391,0.09000117304571391,0.0,0.17708243439330584,-0.08741011264311649,1.5773777597325126e-05,9.555177736095716e-05,0.1389309106432291,-3.602982618434875,0,0.49647654238403033
26.332799999998066,-1.556767425669627,-1.220468552354978,1.0000179405355738,-0.3094975300967611,0.15361377640809729,-1.7355522816611017e-05,-1.7213042253785502,-1.2564849799740623,1.1554522674307615,-0.3582701049870952,0.14061502026427572,0.10851334486056609,-1.6393112502352447,-1.1581863449670853,1.0340555272843255,-0.36624582451489307,0.13178184301160725,0.06429865193389475,0.09000117304571391,0.09000117304571391,0.0,0.17675446512630555,-0.08725135230871323,1.5711737958958358e-05,9.500717006464213e-05,0.13856997258886822,-3.6029856789963306,0,0.4950368651392462
26.336959999998065,-1.5580536408661683,-1.2198301532689868,1.0000178685098855,-0.3086916471699074,0.15321578063788202,-1.7286165200307366e-05,-0.9998453802067789,-0.781682669458344,1.1570803014889508,-0.28349588575881135,0.4073986248601038,-0.0033035263039694197,-1.3201650033520145,-0.9690862324732159,1.0955608864927373,-0.3241550889868038,0.270407869651618,0.03099115024788104,0.09000117304571391,0.09000117304571391,0.0,0.17642633151105958,-0.08709248422682159,1.5649939865085402e-05,9.446574135336646e-05,0.13820974333654285,-3.6029887302201975,0,0.4936009328974163
26.341119999998064,-1.5593365048596302,-1.2191934092730625,1.0000177967720387,-0.3078873584308396,0.1528185590218314,-1.721708321924345e-05,-0.9504718843323945,-0.5525832143318385,0.9194023940243121,-0.2530218328147193,0.06326485145494098,0.010621322765414637,-1.1358425212583336,-0.7606993835468405,1.00750327710777,-0.2884072691955516,0.16644747591381562,0.020433701474530035,0.09000117304571391,0.09000117304571391,0.0,0.17609804017784714,-0.08693351184438108,1.5588382705032338e-05,9.392747240546382e-05,0.1378502229157219,-3.6029917721456837,0,0.49216873827458824
26.345279999998063,-1.5606160242923273,-1.2185583171411594,1.0000177253208897,-0.30708466384731037,0.1524221116567797,-1.7148275781923362e-05,-1.9818965991769777,-1.5727797171993236,1.1474372573881877,-0.18358790647426443,0.30663858107667535,-0.057506349040307235,-1.559258433290841,-1.1661067896100807,1.0773525455238797,-0.2354776243338761,0.236224416770823,-0.018969197463131894,0.09000117304571391,0.09000117304571391,0.0,0.17576959770439804,-0.08677443858151318,1.5527065212957053e-05,9.339234450722595e-05,0.13749141134395243,-3.602994804811746,0,0.490740273886751
26.34943999999806,-1.5618922058063318,-1.2179248736468844,1.000017654155299,-0.3062835633610993,0.15202643862598797,-1.707974180258166e-05,-1.49626516389676,-1.2915120054192397,0.8519760833634034,-0.28598750600164197,0.07860145839626775,-0.016043253408882397,-1.5283562975674774,-1.2286449109822204,0.9646288438612022,-0.2606840954866387,0.15652130542190568,-0.017254447258703585,0.09000117304571391,0.09000117304571391,0.0,0.17544101061621098,-0.08661526783146445,1.5465986750874154e-05,9.286033905261945e-05,0.1371333086269611,-3.6029978282570947,0,0.4893155323499564
26.35359999999806,-1.563165056043366,-1.2172930755635543,1.0000175832741314,-0.30548405688823504,0.15163153999925824,-1.701148019850691e-05,-1.662584363491812,-1.1208392823901703,1.5623429169458658,-0.38728955547522237,0.17368632209442267,0.0350885291264761,-1.5962772816133215,-1.1743786930512239,1.263562303773155,-0.3237571429279138,0.16443590313531822,0.009270590984405984,0.09000117304571391,0.09000117304571391,0.0,0.1751122853867667,-0.08645600296055023,1.5405146453971135e-05,9.233143754272809e-05,0.13677591475875467,-3.603000842520195,0,0.48789450628044123
26.35775999999806,-1.564434581644696,-1.21666291966425,1.000017512676257,-0.3046861443192165,0.15123741583304837,-1.69434898910366e-05,-1.5724002223608688,-1.098841976272272,0.9466453616675606,-0.2613220081321639,0.14972662753028046,-0.15057240294780916,-1.5848821761802667,-1.1362980357422892,1.104788202197751,-0.29251996040881423,0.15691712280194361,-0.07053167860468534,0.09000117304571391,0.09000117304571391,0.0,0.17478342843795547,-0.08629664730895353,1.5344542801601146e-05,9.180562158505738e-05,0.1364192297217202,-3.6030038476392687,0,0.4864771882947463
26.361919999998058,-1.5657007892510262,-1.2160344027218726,1.0000174423605495,-0.3038898255192318,0.15084406617058313,-1.6875769808270914e-05,-1.4956610729050368,-1.3824293457415278,1.1672765617371006,-0.22658348359885316,0.20870956061228593,-0.023256203306031578,-1.5407430559037127,-1.2589321089046546,1.1359831981882575,-0.2591863530957057,0.18319742522092308,-0.046296489208782265,0.09000117304571391,0.09000117304571391,0.0,0.17445444614050531,-0.08613720419034943,1.528417554281963e-05,9.128287289330363e-05,0.13606325348672407,-3.6030068436522975,0,0.4850635710098355
26.366079999998057,-1.5669636855023945,-1.2154075215091977,1.0000173723258874,-0.3030951003283761,0.15045149104196706,-1.6808318879749648e-05,-1.8439067730282945,-0.943861644065495,0.6249136205567387,-0.3317258940337008,0.002017192432150483,0.07184944645518064,-1.693017926398654,-1.1013894998876672,0.8805945492402741,-0.2950137534797884,0.09214951168174047,0.012638460929900206,0.09000117304571391,0.09000117304571391,0.0,0.17412534481409092,-0.08597767689217045,1.5224043558675481e-05,9.076317328677758e-05,0.1357079860132108,-3.603009830597025,0,0.48365364704321445
26.370239999998056,-1.5682232770380689,-1.21478227279893,1.0000173025711538,-0.30230196856186786,0.15005969046429607,-1.674113604011966e-05,-1.5146903816267405,-0.6488795453325368,0.9582329142073593,-0.22187586687053334,0.038475027755694946,-0.03067736078200018,-1.6043154286842183,-0.8750503882092203,0.9193494111323588,-0.25795558765211984,0.06486322142621945,-0.008508987095890808,0.09000117304571391,0.09000117304571391,0.0,0.17379613072765665,-0.08581806867597958,1.5164145716228816e-05,9.024650468982768e-05,0.13535342724930083,-3.6030128085109596,0,0.48224740901304713
26.374399999998055,-1.569479570496445,-1.2141586533637558,1.0000172330952362,-0.3015104300102645,0.1496686644417674,-1.6674220229152873e-05,-1.5994980688094966,-1.4913984283987487,0.9267812246479418,-0.2505916315807642,0.2643101881201629,0.06477625883148658,-1.6024283192486775,-1.1826774252149612,0.9231993685255617,-0.2540909239982185,0.16383418384465978,0.028481929762791045,0.09000117304571391,0.09000117304571391,0.0,0.17346681010038245,-0.08565838277763033,1.5104481296892067e-05,8.97328491314073e-05,0.1349995771318881,-3.603015777431375,0,0.48084484953827084
26.378559999998053,-1.5707325725149437,-1.2135366599763984,1.000017163897026,-0.3007204844396736,0.14927841296578895,-1.6607570390040754e-05,-1.6883108611590172,-1.5540183073606872,1.3242341544895988,-0.33440968434900153,0.2004551184369219,-0.07414585312112204,-1.6460655707144185,-1.3679332402215891,1.1235653011318936,-0.2943330906075431,0.18200589041185586,-0.02280356687086054,0.09000117304571391,0.09000117304571391,0.0,0.1731373891008332,-0.08549862240699913,1.504504935525052e-05,8.922218874459753e-05,0.13464643558673614,-3.6030187373953138,0,0.4794459612387129
26.382719999998052,-1.5719822897299103,-1.2129162894096688,1.00001709497542,-0.29993213159196747,0.14888893601508957,-1.6541185470314382e-05,-1.5386173474359746,-1.0127541193754164,1.2189979925595218,-0.45278729658218464,0.12804454090719236,0.13730204608094976,-1.5932830677991403,-1.1900754513993763,1.1715680006702704,-0.37327299789085894,0.15531038158668042,0.05719005637463984,0.09000117304571391,0.09000117304571391,0.0,0.1728078738484602,-0.08533879074878747,1.4985848932566828e-05,8.871450576604651e-05,0.1342940025285746,-3.60302168843959,0,0.47805073673520315
26.38687999999805,-1.5732287287765143,-1.2122975384365196,1.0000170263293182,-0.29914537118499157,0.1485002335558261,-1.6475064421915418e-05,-1.8738016500626506,-1.3885860221807804,1.0247226964168445,-0.3411786570760352,0.18253145136561522,-0.01620459702377079,-1.7342548021134623,-1.2889535782228194,1.0981109816920445,-0.3568246593291363,0.1694540885856347,0.02032154233133176,0.09000117304571391,0.09000117304571391,0.0,0.17247827041307306,-0.08517889096214831,1.4926879056780939e-05,8.820978253552266e-05,0.13394227786119417,-3.6030246306007894,0,0.47665916864968766
26.39103999999805,-1.5744718962886508,-1.211680403830096,1.0000169579576257,-0.29836020291277493,0.1481123055416918,-1.6409206201250046e-05,-1.540528556546859,-1.292384603235299,0.8416551704179087,-0.35886803166223924,0.09495281272724763,-0.005289528113559106,-1.6381371549900179,-1.2904715467107402,0.9698717011306838,-0.3576557082560545,0.13217506888948474,0.00683404593567678,0.09000117304571391,0.09000117304571391,0.0,0.1721485848158092,-0.0850189261812756,1.4868139170851283e-05,8.770800149539152e-05,0.13359126147754147,-3.6030275639152745,0,0.4752712496053402
26.39519999999805,-1.5757117988988414,-1.2110648823637875,1.0000168898592516,-0.2975766264457364,0.14772515191402233,-1.634360976744392e-05,-1.550151721142893,-1.0624065369821412,0.9155355599580892,-0.2395451970210714,0.23428703225359626,-0.15877434793759534,-1.594643229399214,-1.175949824432368,0.9423723073584954,-0.29805025214843434,0.1830748195488544,-0.07562443508506872,0.09000117304571391,0.09000117304571391,0.0,0.17181882302892781,-0.0848588995152455,1.4809628063234152e-05,8.720914519015979e-05,0.13324095325981283,-3.6030304884191837,0,0.4738869722266735
26.399359999998047,-1.5769484432381369,-1.2104509708112796,1.0000168220331096,-0.29679464143089185,0.1473387726019023,-1.6278274085089276e-05,-1.7619035460267578,-1.0068107451876045,1.024325103126349,-0.31034848889207656,0.04738519741009896,-0.015094261154529014,-1.67892027962354,-1.091280105829808,0.9833188781453409,-0.3040996820157835,0.11502923826198319,-0.04584168515320033,0.09000117304571391,0.09000117304571391,0.0,0.17148899097635306,-0.08469881404828544,1.4751344936738184e-05,8.671319626594212e-05,0.1328913530795478,-3.6030334041484355,0,0.4725063291396495
26.403519999998046,-1.5781818359360205,-1.2098386659466034,1.0000167544781173,-0.2960142474920587,0.14695316752227078,-1.6213198122482754e-05,-1.0544800038602262,-0.9950239364980187,0.8217498351405093,-0.40564954608529424,0.335987126529681,-0.14439916896987096,-1.367540963383932,-1.0424528520650365,0.902232697781746,-0.354169984629603,0.22566132418937113,-0.09502650405550143,0.09000117304571391,0.09000117304571391,0.0,0.17115909453389744,-0.08453867284004446,1.4693288981515451e-05,8.6220137469978e-05,0.13254246079772197,-3.6030363111387294,0,0.4711293129717882
26.407679999998045,-1.5794119836203124,-1.2092279645441866,1.000016687193197,-0.29523544423005976,0.14656833658002538,-1.6148380851711315e-05,-1.3106505183753612,-1.4854635333461137,1.057090997496286,-0.5093123197600335,0.19593496243533703,0.07783171398895276,-1.340155721089185,-1.2635538014299017,0.9798248709913602,-0.4312390871933994,0.21082302062672104,-0.00863347625029527,0.09000117304571391,0.09000117304571391,0.0,0.17082913952991396,-0.08437847892543526,1.4635459160890961e-05,8.572995165019591e-05,0.13219427626483893,-3.603039209425548,0,0.4697559163522756
26.411839999998044,-1.5806388929170747,-1.2086188633789028,1.000016620177275,-0.2944582312229241,0.14618427966812725,-1.6083821249581508e-05,-1.4946022880878977,-1.1404471730435255,0.7317591046413991,-0.32094735571205024,0.05311152917461269,-0.01648132693279007,-1.418048699554009,-1.201888920600996,0.8557557493879894,-0.37559392331309627,0.1318644835425647,-0.0124501961153421,0.09000117304571391,0.09000117304571391,0.0,0.1704991317450938,-0.08421823531522582,1.4577854639037552e-05,8.524262175453468e-05,0.13184679932102195,-3.6030420990441594,0,0.46838613191207135
26.415999999998043,-1.5818625704505167,-1.2080113592261208,1.0000165534292822,-0.2936826080260886,0.1458009966677034,-1.6019518296768487e-05,-1.5677656391191266,-1.2327122438126972,1.2007966921799107,-0.19509158391372772,0.3281257473173234,-0.012338897036054215,-1.4933148743449367,-1.216618591903149,1.0282534938257084,-0.28493474900358884,0.23012008250857396,-0.012646113035424462,0.09000117304571391,0.09000117304571391,0.0,0.17016907691301264,-0.0840579449959899,1.4520474567471573e-05,8.475813083055412e-05,0.13150002979610453,-3.6030449800296194,0,0.46701995228401477
26.42015999999804,-1.5830830228429025,-1.2074054488617536,1.0000164869481531,-0.29290857417259736,0.14541848744814917,-1.5955470977895148e-05,-1.8098652876819,-1.1168410876430048,1.2184633899287527,-0.3991463340093146,0.2132609802224254,-0.047339973581115836,-1.6524233260513335,-1.166284129111675,1.1232605332976044,-0.34164028064710694,0.2210012050887552,-0.02961874937022557,0.09000117304571391,0.09000117304571391,0.0,0.16983898072067827,-0.08389761093016485,1.4463318085052777e-05,8.427646202502396e-05,0.13115396750972108,-3.6030478524167724,0,0.46565737010292957
26.42431999999804,-1.584300256714458,-1.2068011290623069,1.000016420732827,-0.29213612917329856,0.14503675186723042,-1.5891678281553144e-05,-1.3825646536687946,-1.6608000019463272,0.5540325044942107,-0.44009611269450055,0.19080967625862214,0.04529588670554463,-1.5184079775300312,-1.4131476823753204,0.8387369239417851,-0.390626815499495,0.2054433887552316,0.007750068050906705,0.09000117304571391,0.09000117304571391,0.0,0.1695088488084382,-0.08373723605632338,1.4406384317984416e-05,8.379759858332966e-05,0.130808612271396,-3.6030507162402543,0,0.4642983780057291
26.42847999999804,-1.585514278683279,-1.206198396604927,1.000016354782247,-0.2913652725170417,0.14465578977118468,-1.5828139200367997e-05,-1.2080491577492178,-0.9057128546983206,1.0321587344922543,-0.2840786079406706,0.05376058033873639,-0.16368225149621188,-1.3638187582700592,-1.1593119699761005,0.9351086679291534,-0.3366444634285574,0.1282041110383417,-0.07792606181225678,0.09000117304571391,0.09000117304571391,0.0,0.1691786867703141,-0.0835768232892321,1.4349672593983758e-05,8.332152384900325e-05,0.13046396388063314,-3.6030535715344945,0,0.4629429686315196
26.432639999998038,-1.586725095365241,-1.2055972482674486,1.0000162890953606,-0.2905960036708733,0.14427560099482187,-1.5764852730163997e-05,-1.261514997563682,-1.578898792213827,0.9093344064113584,-0.29817820820173496,-0.05389279649891293,-0.11591673879058474,-1.3132851344658147,-1.3692202271983211,0.9219797770803821,-0.3180050231050508,0.03707816362823271,-0.09668995000120463,0.09000117304571391,0.09000117304571391,0.0,0.16884850015465946,-0.0834163755202314,1.4293181586265955e-05,8.284822126321678e-05,0.13012002212700402,-3.603056418333717,0,0.46159113462170254
26.436799999998037,-1.5879327133739085,-1.204997680828442,1.0000162236711194,-0.2898283220802299,0.14389618536162335,-1.570181787266934e-05,-1.8920798956233982,-1.515209731798409,1.1796232464796876,-0.3197174225882912,0.34908077735609394,-0.04774606549229547,-1.6033508685577722,-1.4414894687798772,1.050704523968886,-0.3191974722687096,0.19284100179588168,-0.07247105909372789,0.09000117304571391,0.09000117304571391,0.0,0.1685182944640684,-0.08325589561708086,1.4236910810739605e-05,8.237767436431804e-05,0.1297767867902357,-3.603059256671943,0,0.4602428686200762
26.440959999998036,-1.5891371393204465,-1.2043996910672592,1.0000161585084792,-0.28906222716913116,0.14351754268384181,-1.5639033632026e-05,-1.0047954972228714,-1.5585537856900626,0.8498995090226398,-0.3747767212766443,0.10973627299103594,-0.014416213616132543,-1.3048503756462437,-1.4997944331238924,0.9502697491613548,-0.3460908806914934,0.1514069455881779,-0.04302570521180505,0.09000117304571391,0.09000117304571391,0.0,0.16818807515603484,-0.08309538642444703,1.418085934364792e-05,8.19098667872765e-05,0.12943425764029792,-3.6030620865829914,0,0.45889816327293637
26.445119999998035,-1.5903383798135313,-1.2038032757640817,1.0000160936064,-0.2882977183403703,0.14313967276259879,-1.5576499016609025e-05,-1.9115639897787566,-1.1070856982167963,1.1163969419679702,-0.29724161355732515,0.06959199472514145,0.03641323264849242,-1.6088317217645534,-1.3032916201222977,1.0334106814907942,-0.3206886192609399,0.1100487509965338,-0.0035204788516325514,0.09000117304571391,0.09000117304571391,0.0,0.16785784764275613,-0.0829348507635358,1.4125026248577548e-05,8.14447822632564e-05,0.1290924344374898,-3.6030649081004826,0,0.45755701122917686
26.449279999998033,-1.5915364414592634,-1.2032084316999652,1.0000160289638456,-0.2875347949757054,0.14276257538798393,-1.5514213039072214e-05,-2.3781526334332574,-0.878387180481194,1.505475968183515,-0.19909585141590042,0.08290430305121768,0.024841710146099934,-1.9939129795382973,-1.0906633379371293,1.2694982741771301,-0.2592724984391545,0.09616544817158855,0.010670323704917687,0.09000117304571391,0.09000117304571391,0.0,0.16752761729200716,-0.08277429143300802,1.4069410790629178e-05,8.098240461902582e-05,0.12875131693252578,-3.603067721257839,0,0.4562194051403873
26.453439999998032,-1.5927313308610802,-1.2026151556568854,1.0000159645797841,-0.28677345643604646,0.1423862503391502,-1.5452174715518343e-05,-1.700112934547752,-1.833666098025067,1.4905246722837588,-0.23302739217508786,0.17331928505997216,-0.03125232232596573,-1.8474950343260232,-1.4618088046295965,1.379948823836835,-0.24641947412192525,0.134442466736127,-0.010676784253808008,0.09000117304571391,0.09000117304571391,0.0,0.16719738942683926,-0.08261371120839994,1.401401200874253e-05,8.052271777657232e-05,0.128410904866621,-3.603070526088287,0,0.45488533766095235
26.45759999999803,-1.5939230546196703,-1.2020234444177837,1.0000159004531881,-0.2860137020616442,0.14201069738441163,-1.539038306642049e-05,-1.2711572304151781,-0.98573732370102,0.8338017760146903,-0.31225348570551303,0.2556438060906737,0.02232970952862673,-1.5599731855489751,-1.2232383642313085,1.106918679088829,-0.2785591124288793,0.1952099461581711,0.00546099427073801,0.09000117304571391,0.09000117304571391,0.0,0.1668671693264555,-0.08245311284261153,1.3958828929200743e-05,8.00657057526056e-05,0.12807119797157637,-3.6030733226248586,0,0.453554801448148
26.46175999999803,-1.595111619332888,-1.2014332947666115,1.0000158365830334,-0.28525553117227503,0.1416359162813389,-1.5328837116706784e-05,-2.0554712712677463,-1.0929540793164696,1.0845450374134078,-0.24000639293565784,-0.040054917984699845,0.02680851058732327,-1.8082252218308048,-1.1581783494965705,1.0957876893464251,-0.2591314139400761,0.07746097404897156,0.016024364702174252,0.09000117304571391,0.09000117304571391,0.0,0.166536962226018,-0.08229249906618247,1.3903861208142132e-05,7.961135265794787e-05,0.12773219596986266,-3.6030761109003935,0,0.4522277891622386
26.46591999999803,-1.596297031595669,-1.2008447034883747,1.0000157729683006,-0.28449894306742635,0.14126190677685369,-1.5267535893105903e-05,-1.228052097042299,-1.3896841871393864,0.6509004026209261,-0.40715694891473575,0.22280019048637273,-0.0003115492558225692,-1.5189822693438644,-1.2734677657050397,0.8733402901166006,-0.33275241491810525,0.14930161689061183,0.00785493395843832,0.09000117304571391,0.09000117304571391,0.0,0.16620677331731137,-0.0821318725870338,1.3849107420194073e-05,7.915964269723466e-05,0.12739389857470412,-3.6030788909475406,0,0.45090429346657135
26.470079999998028,-1.5974792979999461,-1.2002576673691776,1.0000157096079738,-0.2837439370264795,0.1408886686073242,-1.5206478428641611e-05,-2.057783555019325,-1.3124630583198047,1.0919317268630477,-0.1432507157975015,0.17249186284346912,0.20294502044439935,-1.788685514709719,-1.2926049582033683,0.9830587279389945,-0.2375929806924678,0.1599582841865513,0.10583461266922432,0.09000117304571391,0.09000117304571391,0.0,0.16587660774855162,-0.08197123609095791,1.3794567196847917e-05,7.871056016823226e-05,0.1270563054901618,-3.60308166279876,0,0.4495843070276721
26.474239999998026,-1.5986584251345666,-1.1996721831962665,1.0000156465010415,-0.28299051230889316,0.14051620149865848,-1.5145663758265179e-05,-1.9883059381858914,-1.106809518658403,0.7915206400000926,-0.29677328952021553,0.18343390757473615,0.04919626631965165,-1.8891150483922554,-1.1993244623401738,0.8873907448752382,-0.2668690636926626,0.17172402015241456,0.0774832948034247,0.09000117304571391,0.09000117304571391,0.0,0.16554647062515704,-0.08181059224178877,1.3740239516425194e-05,7.826408946144102e-05,0.12671941641121603,-3.603084426486323,0,0.44826782251533814
26.478399999998025,-1.5998344195852099,-1.199088247758073,1.000015583646496,-0.2822386681543836,0.14014450516639707,-1.508509092154357e-05,-1.339036054494401,-1.3522425251247334,0.9477446890959743,-0.1786491047770507,0.018018121293071995,0.007832124040531921,-1.6144446898267368,-1.2757461619211674,0.9175847608199647,-0.2220902990776292,0.09443628296874258,0.04250304844268778,0.09000117304571391,0.09000117304571391,0.0,0.16521636700988007,-0.08164994368103767,1.3686123558761452e-05,7.782021505974146e-05,0.12638323102384835,-3.603087182042317,0,0.44695483260273156
26.482559999998024,-1.6010072879343062,-1.1985058578442573,1.0000155210433335,-0.281488403783104,0.13977357931580703,-1.502475896183951e-05,-1.9804293523917722,-1.1945663706546592,0.9727605634508175,-0.30459510659634914,0.16673901246251724,-0.11089192883729408,-1.7980751574136544,-1.234808127287937,0.9449429456084946,-0.2623630654535202,0.13021823209014274,-0.03444877973014909,0.09000117304571391,0.09000117304571391,0.0,0.16488630192293918,-0.08148929302870506,1.363221849170183e-05,7.737892153762899e-05,0.126047749005123,-3.6030899294986445,0,0.4456453299664711
26.486719999998023,-1.6021770367609556,-1.197925010245749,1.0000154586905545,-0.2807397183958238,0.1394034236419727,-1.49646669263387e-05,-1.532307211394582,-1.626248881504241,0.8185503562082441,-0.4324767480118369,0.11072779042352783,-0.0641090840362897,-1.6660891197501493,-1.4302994555345425,0.8816113520790531,-0.3472859233392004,0.11976387780124179,-0.04876284057712572,0.09000117304571391,0.09000117304571391,0.0,0.16455628034236458,-0.08132864288323843,1.3578523471101072e-05,7.694019356084512e-05,0.12571297002326776,-3.6030926688870246,0,0.4443393072867233
26.490879999998022,-1.6033436726408477,-1.1973457017547913,1.0000153965871634,-0.2799926111741056,0.13903403782988652,-1.4904813866115245e-05,-1.7617393104390138,-1.8455187573547014,0.7246818415437519,-0.22614236383378272,0.26008668310559047,0.09122665775981612,-1.714385050312043,-1.6373712855559073,0.8033356531389899,-0.2868198072721629,0.1900347553249436,0.02102790024937706,0.09000117304571391,0.09000117304571391,0.0,0.16422630720434528,-0.08116799582106216,1.35250376408235e-05,7.650401588607369e-05,0.12537889373775418,-3.6030954002389963,0,0.44303675724729313
26.49503999999802,-1.604507202146183,-1.1967679291649806,1.0000153347321683,-0.2792470812804817,0.1386654215545417,-1.4845198836170842e-05,-1.675143375028059,-1.7064446042700383,1.2508324073138213,-0.3776879922740391,0.17148946936529777,0.0951918882054177,-1.6955502978276238,-1.671552301287467,1.0272869183790774,-0.33187316595603955,0.18103552001587703,0.057258661061969314,0.09000117304571391,0.09000117304571391,0.0,0.16389638740357781,-0.08100735439781803,1.3471760346913585e-05,7.607037336012845e-05,0.12504551979937767,-3.6030981235859185,0,0.4417376725357132
26.49919999999802,-1.605667631845594,-1.1961916892713098,1.0000152731245813,-0.27850312785862785,0.13829757448101979,-1.478582089459498e-05,-1.4268305615825327,-0.58280611621387,1.2601262299928333,-0.20936126396526095,0.14511977957758926,-0.0037392563855699773,-1.5616253903022541,-1.1268710472613344,1.1436999133196841,-0.26996360238916883,0.16370595728236945,0.027010088564724515,0.09000117304571391,0.09000117304571391,0.0,0.1635665257931863,-0.0808467211473623,1.3418690709920973e-05,7.56392509197883e-05,0.12471284785033615,-3.603100838958973,0,0.4404420458433328
26.50335999999802,-1.6068249683040672,-1.1956169788702073,1.0000152117634182,-0.27776075003353834,0.13793049626458237,-1.4726679103498122e-05,-1.307840560582373,-1.0871524035778648,1.2683761460002316,-0.33496617003743634,0.3209771582967494,-0.05246170586736804,-1.4354295485853477,-1.106343071809792,1.2059292568018678,-0.30167738664698596,0.24196964765896486,-0.01246758282552015,0.09000117304571391,0.09000117304571391,0.0,0.16323672718539273,-0.08068609858289982,1.3365828052575454e-05,7.521063359110426e-05,0.12438087752430929,-3.603103546389165,0,0.4391498698654056
26.507519999998017,-1.6079792180828658,-1.1950437947595791,1.0000151506476993,-0.27701994691169757,0.137564186550758,-1.4667772528168643e-05,-1.9741084681838243,-1.3015343666909232,1.237166774513156,-0.2658743306574887,0.10487024457478121,0.07098788557813482,-1.705324786902323,-1.2037215897498243,1.2216970318612064,-0.28425982813978806,0.17325163012108466,0.028704307861194257,0.09000117304571391,0.09000117304571391,0.0,0.16290699635143935,-0.08052548919630226,1.3313171257941435e-05,7.478450648901969e-05,0.12404960844653623,-3.603106245907324,0,0.4378611373011771
26.511679999998016,-1.6091303877394543,-1.1944721337388482,1.0000150897764484,-0.27628071758125217,0.13719864497543183,-1.4609100238908139e-05,-1.7600841009511987,-1.2828524927240683,1.1292033019829648,-0.4284778093786215,0.13387653349571943,0.0621679216580084,-1.733597335299741,-1.2430074618644704,1.1755794985007513,-0.3557408366080732,0.15276177695060852,0.04511117041517163,0.09000117304571391,0.09000117304571391,0.0,0.16257733802236674,-0.08036489545870862,1.3260719624767882e-05,7.436085481691118e-05,0.12371904023389349,-3.603108937544108,0,0.4365758408539703
26.515839999998015,-1.6102784838274218,-1.1939019926089942,1.000015029148693,-0.27554306111217974,0.13683387116493292,-1.4550661309300978e-05,-1.1985466296632101,-1.0671372482425654,1.2324661139946047,-0.2562215265747721,0.1274719225444621,0.06520239315207756,-1.466602936517898,-1.1548054237211771,1.2041578765648973,-0.3051390017244357,0.139847855274234,0.055610765494231586,0.09000117304571391,0.09000117304571391,0.0,0.1622477568887245,-0.08020431982080622,1.3208472654650065e-05,7.393966386591208e-05,0.12338917249497185,-3.6031116213300005,0,0.4352939732312715
26.519999999998014,-1.611423512896407,-1.1933333681725937,1.0000149687634645,-0.2748069765564587,0.13646986473612013,-1.4492454815346127e-05,-1.816098970537737,-1.7404545802569982,0.9302181929395053,-0.28847096095668223,0.12334060015270516,0.09447456143000016,-1.6419538943401168,-1.4473768573594734,1.0673830706717713,-0.29657331439060725,0.1312597346403793,0.07482453483406398,0.09000117304571391,0.09000117304571391,0.0,0.1619182576008159,-0.08004376471225672,1.3156429196013413e-05,7.352091901472417e-05,0.12306000483015275,-3.603114297295317,0,0.43401552714481584
26.524159999998012,-1.6125654814920245,-1.1927662572338584,1.0000149086197985,-0.274072462948237,0.13610662529647047,-1.4434479838196033e-05,-1.5013609965279275,-1.416619359440321,0.8412153425612758,-0.2389993746199237,0.1872686058216662,-0.040015048159138186,-1.5721553327531217,-1.4316072765474184,0.9542144596609993,-0.2669440557492683,0.15873004044439631,0.017380459893946192,0.09000117304571391,0.09000117304571391,0.0,0.16158884476969204,-0.079883232542725,1.310458872713852e-05,7.310460572894343e-05,0.12273153683168474,-3.6031169654702024,0,0.4327404953106698
26.52831999999801,-1.613704396155791,-1.1922006565986745,1.000014848716734,-0.27333951930399697,0.13574415244416319,-1.4376735461528212e-05,-2.0315640149434007,-0.9539235005992269,1.30052661095324,-0.3026916525941209,0.1519379974048319,-0.11556080785575601,-1.802491439030019,-1.1924462634107127,1.1271316943518972,-0.28531532529208053,0.15545179464336176,-0.04864835868953205,0.09000117304571391,0.09000117304571391,0.0,0.1612595229666508,-0.07972272570130651,1.3052950287306693e-05,7.269070956070618e-05,0.12240376808375855,-3.603119625884635,0,0.4314688704493152
26.53247999999801,-1.6148402634250525,-1.1916365630746404,1.000014789053314,-0.2726081446227216,0.13538244576816605,-1.4319220773382324e-05,-1.3918448982423517,-1.4669141805184234,1.1082299634314414,-0.3839724034919984,0.17505162448718065,-0.0863621063549034,-1.5979654216139434,-1.3293177984688096,1.1175014322579797,-0.33392829227139237,0.1651341898245428,-0.0676789490921259,0.09000117304571391,0.09000117304571391,0.0,0.1609302967238042,-0.07956224655712968,1.30015131179794e-05,7.227921614809044e-05,0.1220766981625822,-3.6031222785684265,0,0.4302006452857314
26.53663999999801,-1.615973089832911,-1.1910739734711058,1.0000147296285853,-0.27187833788605886,0.13502150484831926,-1.4261934865279957e-05,-1.4288119926909986,-1.2623663708057342,0.7459516938118222,-0.3341735480649235,0.1337302889713693,-0.09879440290222913,-1.514082163891162,-1.295562708836008,0.9315178287414022,-0.3342580804436668,0.14907256234966706,-0.0829245941918282,0.09000117304571391,0.09000117304571391,0.0,0.16060117053411316,-0.07940179745899684,1.2950276449293839e-05,7.187011121479699e-05,0.12175032663645541,-3.6031249235512237,0,0.42893581254947716
26.540799999998008,-1.6171028819081548,-1.1905128845992081,1.0000146704415984,-0.2711500980584858,0.13466132925542065,-1.4204876832308797e-05,-1.3312006865897064,-1.6784597827851795,1.8954006605140536,-0.26370112484003827,0.12689062977522064,0.013059650643037265,-1.4231884607780045,-1.4867497789166808,1.4134923049770391,-0.29906846384527863,0.1378784839560929,-0.03453081520958655,0.09000117304571391,0.09000117304571391,0.0,0.16027214885227692,-0.0792413807362018,1.289923950006293e-05,7.146338056954592e-05,0.12142465306584371,-3.60312756086251,0,0.4276743649747709
26.544959999998007,-1.618229646175186,-1.189953293271911,1.0000146114914077,-0.27042342408746844,0.13430191855130763,-1.4148045773153884e-05,-1.755281796382162,-1.0879073482545611,0.9789809025198192,-0.24032023842908803,0.16501482416382482,0.02738611660655041,-1.5897375248540786,-1.286982373273045,1.1962901507001158,-0.26959552133240755,0.1513615464400902,-0.003396052121342641,0.09000117304571391,0.09000117304571391,0.0,0.15994323609402117,-0.07908099869785068,1.284840147777531e-05,7.105901010571379e-05,0.1210996770034516,-3.603130190531607,0,0.42641629530057135
26.549119999998005,-1.619353389153951,-1.1893951963040403,1.000014552777071,-0.2696983149036252,0.13394327228894182,-1.4091440790147454e-05,-1.6654692947849221,-1.2965629541494288,1.032577833113601,-0.20123721706373893,0.2678124789546647,0.061852400387263036,-1.628023903742326,-1.2912154468456687,1.1145632223264494,-0.2347492841084151,0.20946332077345847,0.028394649395917723,0.09000117304571391,0.09000117304571391,0.0,0.15961443663720265,-0.07892065363378681,1.2797761792765913e-05,7.065698580074431e-05,0.12077539799429574,-3.6031328125876754,0,0.4251615962706564
26.553279999998004,-1.6204741173598716,-1.1888385905123215,1.00001449429765,-0.2689747694208853,0.13358539001248973,-1.4035060988405227e-05,-1.6781206358461864,-1.3329061116408598,0.7809984908386106,-0.2172204214109679,0.25646748540766956,-0.14425253258782758,-1.653524975794291,-1.3115281447067961,0.9474779750592862,-0.22572473760119022,0.23321177570552482,-0.057674426581715524,0.09000117304571391,0.09000117304571391,0.0,0.15928575482163254,-0.07876034781401953,1.2747319416370413e-05,7.025729371589235e-05,0.12045181557577717,-3.603135427059717,0,0.42391026063370235
26.557439999998003,-1.6215918373037743,-1.1882834727154157,1.0000144360522105,-0.26825278653664747,0.13322827125740602,-1.3978905477668633e-05,-1.3032746963785602,-1.2744082248063437,0.6057481745076214,-0.3530842976439279,0.07808536376807824,0.2657339116706086,-1.479132463277006,-1.292805444115615,0.7771632570159529,-0.2890727636404903,0.15562694802613097,0.10407892219297282,0.09000117304571391,0.09000117304571391,0.0,0.15895719494932758,-0.07860008348932879,1.2697073736275187e-05,6.985991999549937e-05,0.12012892927775326,-3.6031380339765744,0,0.4226622811433609
26.561599999998002,-1.622706555491824,-1.1877298397339553,1.0000143780398214,-0.2675323651319386,0.13287191555051397,-1.3922973370571781e-05,-1.9973883070131373,-1.3284554944750495,0.9902097056390011,-0.2618612720833431,0.12347926780948541,0.008155608594777713,-1.7388090354486612,-1.3103732424675236,0.883705084015249,-0.2752956614170924,0.1392459837084895,0.05605201378201257,0.09000117304571391,0.09000117304571391,0.0,0.1586287612849765,-0.07843986289122912,1.2647023915337907e-05,6.946485086670602e-05,0.11980673862260935,-3.6031406333669347,0,0.42141765055833696
26.565759999998,-1.6238182784254556,-1.18717768839058,1.0000143202595557,-0.2668135040715694,0.1325163224100862,-1.3867263783567083e-05,-1.6113405562631966,-0.5407291680527263,1.1093559993788282,-0.24754323024082484,0.15075618982921518,-0.11009188622653882,-1.6755902329214933,-0.925231981354117,0.9963023747776742,-0.26072578094533544,0.1448705982761527,-0.02664483461253845,0.09000117304571391,0.09000117304571391,0.0,0.15830045805597825,-0.07827968823214759,1.2597169105091991e-05,6.907207263889763e-05,0.11948524312532936,-3.6031432252593283,0,0.4201763616424643
26.569919999998,-1.6249270126013067,-1.186627015509972,1.0000142627104898,-0.26609620220429014,0.13216149134592461,-1.381177583697687e-05,-1.8204830947576838,-1.6009582264484872,1.186928580946085,-0.2904615420107787,0.0302117627013522,0.018684386072090598,-1.7486423190935056,-1.2630349167697357,1.0916552596320943,-0.2753562368127344,0.08655033272380747,-0.0037835229284255093,0.09000117304571391,0.09000117304571391,0.0,0.15797228945280262,-0.07811956170538842,1.2547508874087678e-05,6.86815717034103e-05,0.11916444229356646,-3.6031458096821325,0,0.418938407164782
26.574079999998,-1.6260327645111523,-1.186077817918891,1.0000142053917036,-0.26538045836294505,0.13180742185944033,-1.3756508653255275e-05,-1.859450739379512,-0.9587360650851314,0.7264480842933769,-0.3910862518271662,0.19221670290677056,-0.020551730626998263,-1.8048614087025765,-1.110484523957786,0.909006929718869,-0.33289837746716094,0.1398419684124093,-0.012435962108086441,0.09000117304571391,0.09000117304571391,0.0,0.15764425962924433,-0.07795948548541815,1.2498042352542095e-05,6.829333453290382e-05,0.11884433562771286,-3.603148386663571,0,0.4177037798996083
26.578239999997997,-1.6271355406418382,-1.1855300924462089,1.0000141483022813,-0.26466627136462545,0.13145411344373265,-1.3701461358807802e-05,-1.7290801804987597,-1.3013629780766323,1.0731474377808268,-0.2524702251016736,0.11555026170575325,-0.13070193435666388,-1.7674957566023275,-1.205684418831472,0.9908068493742949,-0.29251559591466764,0.12754059221333358,-0.0717408636354942,0.09000117304571391,0.09000117304571391,0.0,0.15731637270235677,-0.07779946172793806,1.2448768445177526e-05,6.79073476809288e-05,0.11852492262096936,-3.6031509562317154,0,0.4164724726266162
26.582399999997996,-1.6282353474752167,-1.1849838359229437,1.00001409144131,-0.263953640010823,0.13110156558366742,-1.3646633084920827e-05,-2.2021968117680513,-1.3766176754419024,0.8883634349874888,-0.3993894850553181,0.20860459109843554,-0.08005668299770527,-1.9856817808695457,-1.2907165669488416,0.9394168781992871,-0.3451107913109376,0.16720919890895586,-0.07540222606092019,0.09000117304571391,0.09000117304571391,0.0,0.1569886327533484,-0.07763949256995623,1.2399686901408096e-05,6.752359778157131e-05,0.11820620275941443,-3.6031535184144876,0,0.4152444781309056
26.586559999997995,-1.6293321914880816,-1.184439045182294,1.000014034807881,-0.2632425630875793,0.13074977775595528,-1.3592022964257594e-05,-1.6680572036242112,-1.3118288165564251,1.0046477385247106,-0.15833940453239193,0.17749420275913616,-0.016704248178563436,-1.8271955183797295,-1.3009029545255952,0.971997938065846,-0.25226243456635955,0.17201340593798675,-0.046017373068910794,0.09000117304571391,0.09000117304571391,0.0,0.1566610438269841,-0.07747958013007411,1.2350796604639812e-05,6.714207154886185e-05,0.11788817552207258,-3.60315607323966,0,0.41401978920307697
26.590719999997994,-1.630426079152105,-1.1838957170596722,1.0000139784010889,-0.26253303936563793,0.13039874942922852,-1.3537630134465074e-05,-2.1320243748737515,-0.9657192154236767,1.531372626913977,-0.2174356956669015,-0.001365380283367662,0.014127765404613205,-1.980064336312879,-1.1333103760246304,1.2517191374032988,-0.23485286466245117,0.08475643988394746,-0.016215688477111898,0.09000117304571391,0.09000117304571391,0.0,0.15633360993258938,-0.07731972650845287,1.2302096854629384e-05,6.676275577644357e-05,0.11757084038098255,-3.603158620734856,0,0.4127983986393029
26.594879999997993,-1.6315170169337743,-1.1833538483927384,1.0000139222200317,-0.2618250676005921,0.1300484800641182,-1.3483453736425859e-05,-1.8485464910985858,-0.6937101530806529,1.1265705206346661,-0.20752063506728996,0.0541383515565563,0.1061089041041687,-1.9147372253049624,-0.913394517746537,1.1893664634881886,-0.2206619753548221,0.06941833410731141,0.04407002072524213,0.09000117304571391,0.09000117304571391,0.0,0.15600633504398742,-0.07715993378699354,1.2253587154645955e-05,6.638563733709287e-05,0.1172541968012648,-3.603161160927553,0,0.4115802992413994
26.59903999999799,-1.6326050112943287,-1.1828134360214329,1.0000138662638112,-0.2611186465330327,0.12969896911333037,-1.3429492913407688e-05,-1.6055554157963061,-1.319962063324555,0.8996931600401126,-0.3156208933738842,-0.1257235080578413,-0.15694278025238598,-1.7608036619399303,-1.1169420737640037,1.0442008640473857,-0.26668197170089386,-0.02841079171938337,-0.05619063888474948,0.09000117304571391,0.09000117304571391,0.0,0.15567922309932902,-0.07700020402930369,1.2205266783796087e-05,6.601070318224648e-05,0.11693824424118843,-3.6031636938450826,0,0.4103654838168973
26.60319999999799,-1.6336900686896982,-1.182274476788009,1.0000138105315328,-0.26041377488869694,0.12935021602172248,-1.337574681201524e-05,-1.3015330285561963,-1.1200352044985091,1.003541037242908,-0.46415878248107884,0.21675385140603187,0.023194662939789997,-1.5321322928298224,-1.11803689758572,1.023917889008948,-0.3645785046449449,0.0937127554792708,-0.01601196770950299,0.09000117304571391,0.09000117304571391,0.0,0.15535227800199192,-0.076840539281199,1.2157134582187102e-05,6.563794034156241e-05,0.1166229821522382,-3.6031662195146312,0,0.40915394517911124
26.60735999999799,-1.6347721955704424,-1.1817369675370657,1.0000137550223054,-0.25971045137861315,0.12900222022637764,-1.3322214583987934e-05,-1.3103598584827632,-1.4701012213973228,1.2033788695081098,-0.2111433005009,0.09614699758144242,-0.1418607651242849,-1.4216847282227194,-1.293870812669591,1.1133533248125824,-0.28737425759212815,0.0945799446476154,-0.07833017080605056,0.09000117304571391,0.09000117304571391,0.0,0.1550255036205198,-0.07668094157024308,1.2109190234618127e-05,6.52673359225339e-05,0.11630840997918043,-3.6031687379632418,0,0.40794567614720995
26.611519999997988,-1.6358513983816894,-1.1812009051155796,1.0000136997352413,-0.25900867469924577,0.12865498115668078,-1.326889538269821e-05,-2.002954225050835,-1.2710822905328136,1.0266969627380234,-0.2755448661150995,0.1693780337778868,0.0843081229824659,-1.7128972398430184,-1.2821226143855473,1.070201061944976,-0.2811860104754943,0.13126430709564393,0.0024178618984723502,0.09000117304571391,0.09000117304571391,0.0,0.15469890378888163,-0.07652141290657044,1.2061432774050752e-05,6.489887710987726e-05,0.11599452716012884,-3.6031712492178154,0,0.4067406695462837
26.615679999997987,-1.6369276835630753,-1.1806662863729362,1.0000136446694565,-0.25830844353263926,0.12830849823439136,-1.321578836588649e-05,-1.0089465740218047,-0.7002729802372609,1.0659284427745375,-0.3102943757077514,0.0849387021004181,-0.05069355348857332,-1.3615647450547164,-0.9910173125762108,1.0679589221523418,-0.2946031988584305,0.10822793724276829,-0.02396173311523455,0.09000117304571391,0.09000117304571391,0.0,0.1543724823063044,-0.07636195528253392,1.201386165046341e-05,6.45325511652619e-05,0.11568133312660964,-3.603173753305112,0,0.4055389182074135
26.619839999997986,-1.6380010575486859,-1.1801331081609625,1.0000135898240703,-0.2576097565465628,0.1279627708737175,-1.3162892693860307e-05,-1.668665842330692,-0.9008940804124713,1.2018181283360752,-0.4560684828266621,0.2552734095760565,-0.11577867455172755,-1.5160662433483203,-0.9454239055557387,1.1346488878329262,-0.3752334034214414,0.18164555727915035,-0.06998077935342908,0.09000117304571391,0.09000117304571391,0.0,0.15404624293838864,-0.07620257067256608,1.1966476089671972e-05,6.41683454269727e-05,0.11536882730362656,-3.603176250251751,0,0.40434041496773754
26.623999999997984,-1.6390715267669969,-1.1796013673339567,1.0000135351982056,-0.2569126123946499,0.12761779848139065,-1.3110207530499152e-05,-1.6342404208928296,-1.565362053523288,1.2319238005384647,-0.2891803650480818,0.2109728937851985,0.006567872549038892,-1.5757553570327938,-1.254957564028135,1.183301443859532,-0.3323512332940136,0.19585726461793712,-0.03207583153826295,0.09000117304571391,0.09000117304571391,0.0,0.15372018941651555,-0.07604326103421638,1.1919275306834152e-05,6.380624730911117e-05,0.11505700910972508,-3.6031787400842124,0,0.4031451526705178
26.628159999997983,-1.6401390976408157,-1.1790710607487203,1.0000134807909886,-0.25621700971654077,0.12727358045673604,-1.305773204323118e-05,-1.7373144980549056,-1.5750058138807916,0.8941909271175772,-0.3067989383406585,0.13466847840331547,0.06865247923543105,-1.6571760282173131,-1.414704174374928,1.0388868942256948,-0.31869327598340436,0.16543623518455255,0.01831235095235461,0.09000117304571391,0.09000117304571391,0.0,0.15339432543832188,-0.0758840283072657,1.18722587206201e-05,6.34462443014958e-05,0.11474587795705629,-3.603181222828839,0,0.40195312416520657
26.632319999997982,-1.641203776587224,-1.1785421852645879,1.0000134266015495,-0.2555229471380226,0.12693011619174657,-1.3005465402242876e-05,-1.8030351900896016,-1.240569271596355,1.2986761457442906,-0.28984250102471054,0.0399589587474371,0.00343574488504726,-1.7307088688798329,-1.327553092682191,1.1687901327300476,-0.3045702033248035,0.10304301756211957,0.011043954644478032,0.09000117304571391,0.09000117304571391,0.0,0.15306865466817687,-0.07572487441444342,1.1825425311366823e-05,6.308832396909313e-05,0.1144354332514405,-3.603183698511837,0,0.40076432230751113
26.63647999999798,-1.6422655700175206,-1.178014737743458,1.0000133726290212,-0.2548304232711678,0.12658740507115393,-1.2953406782265447e-05,-1.8643626539884437,-1.3296136939688428,0.6387776634476343,-0.3055959359794752,0.14837071686180062,0.011728835241206643,-1.7981743697140138,-1.3282734042886242,0.9038050115826928,-0.3041009471686398,0.12503238871100553,0.01118121961059464,0.09000117304571391,0.09000117304571391,0.0,0.15274318073701765,-0.07556580126128998,1.1778774690598747e-05,6.273247395158078e-05,0.11412567439243013,-3.6031861671592753,0,0.39957873995945875
26.64063999999798,-1.6433244843371642,-1.1774887150498226,1.0000133188725406,-0.2541394367144727,0.12624544647250002,-1.2901555359955317e-05,-1.5746827151968867,-0.6600991370125671,0.8900205203750509,-0.23651786947648937,0.10169287524691249,0.032865147658874355,-1.6869206332665105,-0.9939703784912629,0.8969805071916244,-0.2694941900884328,0.11350914666446082,0.02227225513288545,0.09000117304571391,0.09000117304571391,0.0,0.15241790724271986,-0.07540681073644756,1.1732306032173306e-05,6.237868196289004e-05,0.11381660077337238,-3.6031886287970893,0,0.3983963699894608
26.64479999999798,-1.6443805259457183,-1.1769641140507967,1.0000132653312477,-0.253449986052995,0.1259042397662074,-1.284991031571354e-05,-1.9932041951530057,-1.3734340374258827,1.0373128904032902,-0.41897178864182455,0.21826873959504872,0.043975696617803546,-1.8409366724490979,-1.1832522195896085,0.9672392629931981,-0.3439032345232568,0.16653087193986293,0.03306774612204414,0.09000117304571391,0.09000117304571391,0.0,0.1520928377505758,-0.07524790471163034,1.1686018713460343e-05,6.20269357909025e-05,0.1135082117814715,-3.6031910834510805,0,0.3972172052723753
26.648959999997977,-1.6454337012367952,-1.1764409316161482,1.000013212004286,-0.25276206985848887,0.12556378431564966,-1.2798470832839285e-05,-1.571114252958817,-1.8122982953690565,1.4749664796462563,-0.3991786698984358,0.08595630715940741,0.10706387949603315,-1.7068554277755468,-1.4976000257949749,1.221329305656241,-0.3707809919603152,0.12584156808762414,0.06996886779201916,0.09000117304571391,0.09000117304571391,0.0,0.15176797579302492,-0.07508908504180872,1.163991188766713e-05,6.167722329689565e-05,0.11320050679785018,-3.603193531146917,0,0.3960412386895707
26.653119999997976,-1.6464840165980017,-1.1759191646183265,1.0000131588908021,-0.25207568668954117,0.12522407947722097,-1.27472360984566e-05,-1.9907041690400158,-1.262970653010021,0.7105960285546367,-0.05374408476594966,0.00392917620667349,0.005799471355214643,-1.8488932935900595,-1.380276546985856,0.9659681359750442,-0.21241610293487856,0.06538457550630337,0.039340411220770165,0.09000117304571391,0.09000117304571391,0.0,0.15144332487034673,-0.07493035356517991,1.1593985125683938e-05,6.1329532415227e-05,0.11289348519761111,-3.6031959719101363,0,0.39486846312898705
26.657279999997975,-1.6475314784108839,-1.1753988099324915,1.0000131059899466,-0.25139083509170507,0.12488512460040593,-1.2696205301789371e-05,-1.4140776834156834,-1.4310197050097258,0.8522480377097423,-0.26625806169420296,0.11608181902618103,0.054749941325740896,-1.632035164112133,-1.40540674594818,0.909221115600865,-0.23985813069151737,0.09059131821259415,0.04707004527874115,0.09000117304571391,0.09000117304571391,0.0,0.15111888845039245,-0.07477171210356653,1.1548237346563463e-05,6.098385115276529e-05,0.1125871463498977,-3.6031984057661437,0,0.393698871485198
26.661439999997974,-1.648576093050874,-1.1748798644365421,1.000013053300873,-0.2507075135976342,0.12454691902784751,-1.2645377636859051e-05,-1.657975124147069,-1.3615597948851945,0.9168240490674701,-0.177636206433395,0.11647889573785705,0.015959931047443456,-1.645376230497406,-1.3832400171890544,0.9130569486891171,-0.20806513220561523,0.10320951178256507,0.030979901935818198,0.09000117304571391,0.09000117304571391,0.0,0.15079466996917212,-0.07461316246217425,1.150266810054582e-05,6.0640167588647714e-05,0.11228148961795456,-3.6032008327402156,0,0.39253245665947173
26.665599999997973,-1.6496178668872374,-1.1743623250111446,1.0000130008227386,-0.2500257207272149,0.12420946209541614,-1.2594752299853372e-05,-1.5998430161215171,-1.339447965141661,0.7489798753369237,-0.24125249422422856,0.22007993812237545,0.072167861511416,-1.6231120573782412,-1.3608862171354879,0.8311651234909406,-0.2241977197745516,0.16177778037975715,0.0526519024616434,0.09000117304571391,0.09000117304571391,0.0,0.15047067283122884,-0.07445470642999094,1.1457276500204123e-05,6.0298469873789424e-05,0.11197651435918768,-3.6032032528575,0,0.39136921155983007
26.66975999999797,-1.6506568062830196,-1.17384618853976,1.0000129485547031,-0.24934545498769628,0.12387275313227702,-1.2544328490950463e-05,-1.8617365546735856,-1.1115077330748344,0.7222893317872674,-0.31811091411710685,0.1955594864096911,0.2343794169986359,-1.743088206737971,-1.2357873879296588,0.7772136692864682,-0.27087447086973027,0.17814518908354568,0.14364773420052548,0.09000117304571391,0.09000117304571391,0.0,0.15014690040905126,-0.07429634577975852,1.1412062289965034e-05,5.9958746230394003e-05,0.11167221992522365,-3.6032056661430167,0,0.3902091291011098
26.67391999999797,-1.651692917594994,-1.1733314519086726,1.0000128964959305,-0.24866671487382316,0.1235367914609576,-1.2494105411695576e-05,-1.562398943299358,-1.0876084974306632,1.266285882154864,-0.22822488308905753,0.09241706864251423,0.029698305850993204,-1.6532187918056809,-1.1615033386908626,1.0218155921696035,-0.24869649408860656,0.13464118793891586,0.08638096096388784,0.09000117304571391,0.09000117304571391,0.0,0.1498233560441966,-0.07413808226794505,1.136702434891322e-05,5.962098495165875e-05,0.11136860566196918,-3.6032080726216584,0,0.38905220220502
26.67807999999797,-1.6527262071736104,-1.1728181120070167,1.0000128446455878,-0.24798949886796406,0.12320157639741504,-1.2444082268595388e-05,-2.024459542861242,-1.3200941788959746,0.5043327525153771,-0.1417352024551608,0.14573440661771309,-0.04246073669764931,-1.8391351660123207,-1.2404955633034271,0.7629823242460378,-0.19589786962331915,0.13961878379983828,0.021925043447124183,0.09000117304571391,0.09000117304571391,0.0,0.14950004304691855,-0.07397991763525166,1.1322161973150215e-05,5.928517440121376e-05,0.11106567090966975,-3.6032104723181924,0,0.3878984238002016
26.682239999997968,-1.6537566813629447,-1.1723061657268037,1.000012793002845,-0.24731380544024073,0.12286710725110168,-1.239425827138527e-05,-1.311364248571607,-0.9404179149744595,1.143601895050764,-0.22834636649263232,0.09652059397812021,0.25593047556844506,-1.57572226569403,-1.0902539781934957,0.9538262546379682,-0.21149607011061536,0.11811998697025118,0.13931973248553947,0.09000117304571391,0.09000117304571391,0.0,0.149176964696757,-0.07382185360637172,1.127747487712665e-05,5.8951303012877565e-05,0.11076341500296795,-3.603212865257261,0,0.3867477868222843
26.686399999997967,-1.6547843465006475,-1.1717956099629494,1.0000127415668758,-0.2466396330486552,0.12253338332503141,-1.2344632631267058e-05,-1.3650877094336025,-0.982342851812221,0.7371692357246611,-0.1731664996732074,0.17077528989623517,-0.09523090144563273,-1.470765042797208,-1.0359428009757876,0.845299223196685,-0.19168563249715045,0.14461194248314144,0.021544172178771803,0.09000117304571391,0.09000117304571391,0.0,0.14885412424238054,-0.07366389189007044,1.1232962124121737e-05,5.8619359290124144e-05,0.11046183727096137,-3.603215251463382,0,0.38560028421394393
26.690559999997966,-1.6558092089178942,-1.1712864416133,1.0000126903368567,-0.24596698013921742,0.12220040391584566,-1.2295204563645433e-05,-1.0849266663096466,-0.748989811477403,1.0756331370309726,-0.1868800596026991,0.09585601451387933,-0.0030015400302823535,-1.2782322008184908,-0.892265735905664,0.9604609019384265,-0.18911914958898704,0.1206291485638982,0.009583901071741278,0.09000117304571391,0.09000117304571391,0.0,0.14853152490185645,-0.07350603417969273,1.1188623195097674e-05,5.828933180567489e-05,0.11016093703726024,-3.603217630960951,0,0.3844559089249597
26.694719999997965,-1.6568312749393361,-1.1707786575786587,1.000012639311968,-0.24529584514607186,0.12186816831387733,-1.2245973286369936e-05,-2.011380714264525,-1.314579873966151,0.6978838811067933,-0.14702991609353994,0.21919110784203139,-0.1702542265295221,-1.6451175894136538,-1.102969573182122,0.8288183686029125,-0.16798888189769248,0.16977122185596527,-0.08125565948504687,0.09000117304571391,0.09000117304571391,0.0,0.14820916986334937,-0.07334828215270928,1.1144457133349668e-05,5.796120920128352e-05,0.10986071362004456,-3.6032200037742403,0,0.38331465391226893
26.698879999997963,-1.6578505508830512,-1.170272254762812,1.0000125884913929,-0.24462622649162094,0.12153667580321653,-1.2196938021560477e-05,-1.3905336075005486,-0.6750651494469975,0.6333462988503775,-0.22843548356397522,0.05174946430221107,0.0020276179732765316,-1.5182981792480676,-0.8889063611035998,0.7310858674356201,-0.19858188566950463,0.11059067006480412,-0.039948308210546776,0.09000117304571391,0.09000117304571391,0.0,0.1478870622845379,-0.07319063747122459,1.110046339985588e-05,5.7634980187081665e-05,0.1095611663321207,-3.603222369927402,0,0.38217651214002357
26.703039999997962,-1.6588670430604957,-1.1697672300725546,1.0000125378743179,-0.243958122586651,0.12120592566177425,-1.2148097993868333e-05,-1.7580103536475338,-1.2282509665342285,0.7102036313878214,-0.24932341362676094,0.3174405685913454,-0.028735639424248057,-1.638674982223511,-1.0579210337701566,0.7205841585318397,-0.223731607137176,0.21412861914755654,-0.03401790329310712,0.09000117304571391,0.09000117304571391,0.0,0.1475652052934205,-0.07303310178195116,1.1056641446268643e-05,5.731063354127396e-05,0.1092622944809779,-3.6032247294444675,0,0.3810414765796444
26.70719999999796,-1.6598807577764558,-1.1692635804177156,1.0000124874599328,-0.24329153183045488,0.12087591716134602,-1.2099452430515207e-05,-2.2335593755335807,-0.6442297842474669,1.024696631354734,0.012836389231045742,0.17285350036525313,-0.03976850062978556,-1.9360957216167505,-0.8507135427949463,0.8725575832042041,-0.10494375091239998,0.1937624093390731,-0.035824202335686936,0.09000117304571391,0.09000117304571391,0.0,0.14724360198805364,-0.07287567671639775,1.1012990500743812e-05,5.6988158109724624e-05,0.10896409736884417,-3.6032270823493477,0,0.37990954020987555
26.71135999999796,-1.6608917013290014,-1.1687613027111836,1.0000124372474304,-0.24262645261095547,0.12054664956767484,-1.2051000562215019e-05,-1.4987165850148192,-1.2911540372873398,0.9486819369534338,-0.07957189742522533,0.007947686765245834,-0.08198625476178045,-1.7175720388888651,-1.0709185636195115,0.9104496576588593,-0.09060589700544068,0.10001227824428174,-0.05885126941248575,0.09000117304571391,0.09000117304571391,0.0,0.1469222554374663,-0.07271836389073708,1.0969509995615816e-05,5.666754280570082e-05,0.10866657429274185,-3.603229428665836,0,0.3787806960168378
26.71551999999796,-1.6618998800094382,-1.1682603938689315,1.000012387236007,-0.24196288330482554,0.12021812214051465,-1.200274162232919e-05,-1.6896520519701288,-1.0807349175369811,0.6342182625039119,-0.20352410625749096,0.17603006581516845,0.10438606894370352,-1.704034417986604,-1.0754619698526677,0.7725493169608454,-0.14742142837062353,0.13864043340310345,0.02267529825552426,0.09000117304571391,0.09000117304571391,0.0,0.14660116868097128,-0.07256116490610118,1.0926199139722653e-05,5.634877660928915e-05,0.10836972454454269,-3.603231768417608,0,0.37765493699408176
26.719679999997958,-1.6629053001022616,-1.1677608508100412,1.0000123374248617,-0.24130082227761024,0.11989033413369247,-1.195467484779028e-05,-1.4956085446204013,-0.8829844933799897,1.3920336297911682,-0.23814225745878398,0.10619145276879262,0.0326605587127011,-1.6003163143502248,-0.9790010161502347,1.0823634737910317,-0.19231321202862706,0.12242115600919197,0.027795879581788537,0.09000117304571391,0.09000117304571391,0.0,0.14628034472886697,-0.07240408134877047,1.088305734608087e-05,5.603184856700393e-05,0.10807354741102268,-3.603234101628221,0,0.37653225614264085
26.723839999997956,-1.663907967885111,-1.167262670456728,1.0000122878131972,-0.24064026788384674,0.11956328479516984,-1.1906799478261424e-05,-1.7339432902510474,-1.3390533573022274,1.090826337041403,-0.3835377529130882,-0.04143809306063631,-0.06022854362474988,-1.667929460435088,-1.1591161892097044,1.086469885319039,-0.28744408312284436,0.04064289981172699,-0.01630412676917254,0.09000117304571391,0.09000117304571391,0.0,0.14595978656271152,-0.0722471147900424,1.0840084018381138e-05,5.5716747791580306e-05,0.10777804217391644,-3.603236428321118,0,0.3754126464710824
26.727999999997955,-1.6649078896287242,-1.166765849734365,1.000012238400219,-0.2399812184671827,0.1192369733671047,-1.185911475616811e-05,-1.4982648609524571,-1.13733297930931,0.9784270480238478,-0.3454423702870363,-0.0491145960631193,-0.12135374006800206,-1.5838152518701611,-1.1483265112996524,1.0321945321983412,-0.31607007466311143,-0.00426735124964555,-0.06845379449654417,0.09000117304571391,0.09000117304571391,0.0,0.14563949713506352,-0.07209026678631378,1.0797278336817697e-05,5.540346346145996e-05,0.10748320810997121,-3.603238748519626,0,0.3742961009955601
26.732159999997954,-1.6659050715968928,-1.1662703855715069,1.000012189185136,-0.2393236723604958,0.11891139908591296,-1.1811619927608606e-05,-2.1395454950489903,-1.1478133835219928,0.8784279273325997,-0.29062918333108273,0.1323821193189438,-0.014371431723977323,-1.8622889650448766,-1.1477933082667298,0.9552809833452885,-0.30325382521307065,0.06343095645829394,-0.041763103502747846,0.09000117304571391,0.09000117304571391,0.0,0.14531947937029188,-0.0719335388794842,1.0754639899933896e-05,5.509198482038413e-05,0.10718904449100053,-3.6032410622469575,0,0.3731826127398637
26.736319999997953,-1.6668995200464178,-1.1657762748999139,1.00001214016716,-0.23866762788600965,0.11858656118232834,-1.1764314240643661e-05,-2.0544171518395142,-0.7026448177353689,1.1093423158260658,-0.19428437994523523,-0.024767657568595988,0.11532152212143258,-1.9587594895171985,-0.9252668364024006,1.0325524581974879,-0.24830446734931041,0.019035478864324478,0.03683399317518212,0.09000117304571391,0.09000117304571391,0.0,0.14499973616421086,-0.0717769325967186,1.071216765510167e-05,5.4782301176976355e-05,0.10689555058393742,-3.603243369526211,0,0.3720721747354702
26.74047999999795,-1.6678912412270654,-1.1652835146545744,1.000012091345506,-0.23801308335541163,0.11826245888146321,-1.1717196947991339e-05,-1.4628883527813477,-0.8375822085801199,1.2304079237877268,-0.3779388179185965,0.076176652840523,0.10873275143235672,-1.7116067790971832,-0.8812656701894791,1.1317096436925171,-0.31300464925959237,0.04770169779998824,0.07186169359419471,0.09000117304571391,0.09000117304571391,0.0,0.14468027038456976,-0.0716204494509581,1.066986160988762e-05,5.447440190440068e-05,0.10660272565088724,-3.603245670380373,0,0.37096478002159283
26.74463999999795,-1.6688802413815236,-1.164792101773729,1.0000120427193921,-0.23736003706996814,0.11793909140286725,-1.1670267302594549e-05,-1.7855206695367636,-1.2999930699086195,0.9414925338015089,-0.30505875376920477,0.1548369417882601,0.09174016499270704,-1.749199045318729,-1.0903097324142628,1.0367911657510227,-0.30889254466854554,0.10101659158482859,0.08151539913777095,0.09000117304571391,0.09000117304571391,0.0,0.14436108487100952,-0.07146409094036232,1.0627720479507487e-05,5.4168276440099084e-05,0.10631056894918023,-3.6032479648323172,0,0.36986042164523125
26.74879999999795,-1.6698665267453596,-1.1643020331988934,1.0000119942880399,-0.2367084873206404,0.11761645796058848,-1.1623524563022502e-05,-1.6708687391895023,-0.7939584473681931,0.9487559302948527,-0.30335842321657963,0.26595332873718924,0.10970837682661039,-1.7106646299064578,-0.9415797408372929,0.9930002254527858,-0.3059772218223681,0.183907083595343,0.09604128695573277,0.09000117304571391,0.09000117304571391,0.0,0.14404218243576739,-0.07130785854903418,1.0585743824535014e-05,5.386391428525231e-05,0.10601907973142369,-3.603250252904807,0,0.36875909266121903
26.752959999997948,-1.6708501035469772,-1.1638133058748799,1.0000119460506733,-0.236058432388197,0.11729455776323114,-1.1576967989960153e-05,-0.9204651243298977,-1.1085319066882542,0.8859187963922248,-0.18057409597549484,0.15780196618453812,-0.2552747828249796,-1.3159360306346253,-1.024728703251269,0.9389267976289953,-0.24275761678303717,0.17082481549396325,-0.0791134894875871,0.09000117304571391,0.09000117304571391,0.0,0.14372356586310037,-0.07115175374699748,1.0543931196884173e-05,5.356130500437135e-05,0.10572825724555361,-3.6032525346204944,0,0.36766078613227265
26.757119999997947,-1.6718309780075744,-1.1633259167498216,1.0000118980065198,-0.23540987054332904,0.11697339001401379,-1.1530596846211054e-05,-2.0099516783794833,-1.3966423182601404,1.1254117619202035,-0.03768089319566059,0.26959242443729603,-0.09712457076011576,-1.6630265566872666,-1.210126753724497,1.0319696711109472,-0.1404869072381671,0.2199065383092708,-0.08864809241785905,0.09000117304571391,0.09000117304571391,0.0,0.1434052379100973,-0.07099577798974663,1.050228192563866e-05,5.3260438225165494e-05,0.10543810073488613,-3.6032548100019226,0,0.36656549512903874
26.761279999997946,-1.6728091563411025,-1.162839862775193,1.0000118501548099,-0.23476280004676175,0.11665295391082914,-1.1484410397635565e-05,-1.8503765597386042,-1.0464800330437343,1.1831365918152672,-0.30548878503277294,0.37392414633567317,0.09633088324951901,-1.7573389329829363,-1.127523237777098,1.1077552433377538,-0.22266185304324668,0.2963000393049154,0.0034984282471933474,0.09000117304571391,0.09000117304571391,0.0,0.14308720130653052,-0.07083993271929298,1.0460795116385728e-05,5.296130363784897e-05,0.10514860943816864,-3.603257079071525,0,0.3654732127301411
26.765439999997945,-1.6737846447542248,-1.1623551409058335,1.0000118024947768,-0.23411721914936665,0.11633324864629958,-1.1438407914086043e-05,-1.645090580484066,-1.3451342415877698,1.4342353331931252,-0.19315112391153366,0.1240508962511239,0.16829297084752284,-1.7016159517532263,-1.236071205960349,1.2713472913349826,-0.20779693758460696,0.2096892084580879,0.08604188364251995,0.09000117304571391,0.09000117304571391,0.0,0.14276945875534913,-0.070684219363181,1.04194705072323e-05,5.266389099510519e-05,0.10485978258963036,-3.603259341851628,0,0.36438393202222735
26.769599999997943,-1.674757449446276,-1.1618717480999674,1.0000117550256573,-0.2334731260922717,0.11601427340783678,-1.1392588666785988e-05,-1.590103453991955,-1.4439979527943088,1.2343533088674652,-0.30516978777616877,-0.038764824337292655,-0.1895325675910499,-1.6464941536398794,-1.340117509920346,1.2524551740398595,-0.25624306041413086,0.08588481785972688,-0.051417580574704275,0.09000117304571391,0.09000117304571391,0.0,0.1424520129324241,-0.07052863933564199,1.0378307185780015e-05,5.2368190111352764e-05,0.10457161941903265,-3.60326159836445,0,0.36329764610001486
26.773759999997942,-1.6757275766092217,-1.161389681319227,1.000011707746691,-0.23283051910697247,0.11569602737769642,-1.1346951931000312e-05,-1.8129945753088277,-1.410006258393849,1.0739598520503875,-0.17464015653736764,0.14740633998443262,-0.06373344662591744,-1.7301102726516007,-1.3747562707583807,1.1630730408724905,-0.2147271844155556,0.11688131651611364,-0.05725764186771296,0.09000117304571391,0.09000117304571391,0.0,0.1421348664869353,-0.07037319403671743,1.0337304443809063e-05,5.207419086262828e-05,0.10428411915171892,-3.603263848632102,0,0.36221434806633657
26.77791999999794,-1.6766950324276193,-1.1609089375286727,1.0000116606571203,-0.23218939641544167,0.11537850973303666,-1.1301496985217537e-05,-1.6640825967669268,-1.220688561954033,1.083739540425942,-0.3147095031701708,0.03498162165744734,0.10963308985734027,-1.6977513478344064,-1.2976483273420931,1.1236346954090541,-0.26433278274014343,0.07581641748651706,0.025731664330388166,0.09000117304571391,0.09000117304571391,0.0,0.14181802204186617,-0.07021788485319957,1.029646199211489e-05,5.178188318612806e-05,0.10399728100866454,-3.603266092676591,0,0.3611340310321853
26.78207999999794,-1.6776598230785786,-1.1604295136968146,1.0000116137561907,-0.23154975623023658,0.11506171964597255,-1.1256223109383916e-05,-2.2774135986055644,-0.7396527333441685,0.7104584971267232,-0.2965457690241113,0.01097282762708833,0.03946650930087577,-1.98820317590635,-1.018623966086295,0.9171264445601557,-0.280514177188976,0.043477375273087746,0.032285520950246754,0.09000117304571391,0.09000117304571391,0.0,0.14150148219364367,-0.07006271315807597,1.0255779105158212e-05,5.1491257079884655e-05,0.1037111042065256,-3.603268330519817,0,0.36005668811675884
26.78623999999794,-1.678621954731723,-1.1599514067956327,1.0000115670431509,-0.23091159675460787,0.11474565628363283,-1.1211129586724384e-05,-1.117774987723139,-0.9078576687880069,1.4178767892081263,-0.2703606629397992,0.09606676585358741,-0.07901799835014077,-1.5535481445374235,-0.9630393539701995,1.16734017485195,-0.27408632830609725,0.06934926849607724,-0.023074994516153035,0.09000117304571391,0.09000117304571391,0.0,0.14118524951263334,-0.06990768031104283,1.0215255048073864e-05,5.120230260234692e-05,0.10342558795768815,-3.603270562183577,0,0.3589823124475037
26.790399999997938,-1.6795814335491503,-1.1594746138005985,1.0000115205172522,-0.23027491618260654,0.11443031880821453,-1.1166215703781308e-05,-1.3932912097367915,-0.9807484010115216,1.2618359713948333,-0.27856525261872406,0.29617848378143896,0.11417825196848602,-1.4739986675386418,-0.9712779250036072,1.2148250304039814,-0.2759869073735572,0.18273311784250854,0.04611571217428192,0.09000117304571391,0.09000117304571391,0.0,0.14086932654310091,-0.06975278765816373,1.0174889290841373e-05,5.0915009872131266e-05,0.10314073147031662,-3.603272787689564,0,0.35791089716015895
26.794559999997936,-1.6805382656853969,-1.1589991316906942,1.000011474177749,-0.22963971269919073,0.11411570637703901,-1.1121480749577794e-05,-2.132312068833392,-1.3147880197863293,1.053919252356543,-0.17054553782314355,0.1437827372276979,-0.12838443152619838,-1.8035156700691064,-1.1427362515439234,1.1341052343968117,-0.22280867801768361,0.16323125708012623,-0.041726564015117415,0.09000117304571391,0.09000117304571391,0.0,0.14055371580392223,-0.06959803653249036,1.0134681294780528e-05,5.062936906753085e-05,0.10285653394840227,-3.603275007059367,0,0.35684243539879834
26.798719999997935,-1.6814924572873982,-1.1585249574484333,1.000011428023899,-0.22900598448032972,0.11380181814260537,-1.1076924015600834e-05,-1.3224832765773313,-1.5525762100364904,1.1126343394106215,-0.2773724259310658,0.15324193664507313,-0.12480368955278553,-1.5635733697816372,-1.347340442190119,1.123110714025609,-0.2499255450551616,0.15827681758632617,-0.08357976253371227,0.09000117304571391,0.09000117304571391,0.0,0.14023841978801133,-0.06944342825393565,1.0094630298380819e-05,5.034537042614254e-05,0.10257299459181066,-3.603277220314473,0,0.3557769203158732
26.802879999997934,-1.6824440144944528,-1.1580520880598806,1.0000113820549623,-0.2283737296931103,0.1134886532526444,-1.1032544796799364e-05,-1.3871866810168725,-0.892211250971403,1.2167541629595648,-0.19808293377250086,0.15461078829386482,-0.13450988882120077,-1.4757921229855673,-1.1194509995055488,1.1696527755628103,-0.22337039254989097,0.15640731312075085,-0.10878117134879962,0.09000117304571391,0.09000117304571391,0.0,0.13992344096303116,-0.0692889641289331,1.0054735744976427e-05,5.0063004244710904e-05,0.10229011259632936,-3.6032794274762687,0,0.3547143450722549
26.807039999997933,-1.6833929434381856,-1.1575805205146714,1.0000113362702023,-0.22774294649583995,0.11317621085017389,-1.0988342390667593e-05,-1.4052179876244708,-1.0712092664763666,0.40811957586923664,-0.4249194232773814,0.1480612366073203,-0.16558521599582235,-1.4413887099285905,-1.0950216674238662,0.7885362187274267,-0.32397408734723193,0.15215550244622145,-0.1370758222444424,0.09000117304571391,0.09000117304571391,0.0,0.13960878177125008,-0.06913464545127171,1.0014997069241775e-05,4.978226087853117e-05,0.1020078871537152,-3.6032816285660387,0,0.3536547028372757
26.811199999997932,-1.6843392502425112,-1.1571102518060317,1.0000112906688852,-0.22711363303815088,0.1128644900735505,-1.0944316097307282e-05,-1.4682425206278462,-1.1959295508495946,1.1674462667039625,-0.3482177403479977,0.20051904460798087,0.03641774768459164,-1.4555406479405435,-1.1450585008134564,0.97807011133227,-0.3358241367727374,0.175978046893893,-0.05056581723644562,0.09000117304571391,0.09000117304571391,0.0,0.13929444462982565,-0.06898047350154235,9.975413697191567e-06,4.950313074124233e-05,0.10172631745174104,-3.6032838236049676,0,0.3525979867887703
26.81535999999793,-1.6852829410235992,-1.156641278930796,1.00001124525028,-0.22648578746110262,0.11255349005652392,-1.0900465219469602e-05,-1.507761958042769,-0.6961996923502292,1.1377538552680198,-0.03514522506684947,0.2652888915093748,-0.11052476182853195,-1.4817256632966933,-0.9200739949355023,1.0576820090443726,-0.18507412875221646,0.22054717008077,-0.07996283534589779,0.09000117304571391,0.09000117304571391,0.0,0.13898043193130338,-0.06882644954786654,9.935984832010199e-06,4.9225604304396146e-05,0.10144540267424246,-3.60328601261414,0,0.3515441901131157
26.81951999999793,-1.6862240218898379,-1.1561735988894282,1.000011200013659,-0.2258594078972826,0.1122432099282879,-1.0856789063470597e-05,-1.8691209780799583,-1.4647742319524193,0.6702048809038312,-0.30400639524693834,0.03724675597093656,-0.07546849104550907,-1.6760592597280948,-1.1923491930297339,0.8637833030400296,-0.24409807355010607,0.1283029437905836,-0.07749558121214545,0.09000117304571391,0.09000117304571391,0.0,0.13866674604304702,-0.06867257484512929,9.896710095897306e-06,4.894967209724999e-05,0.10116514200116358,-3.603288195614543,0,0.350493306005272
26.82367999999793,-1.6871624989418,-1.1557072086860385,1.0000111549582966,-0.2252344924709091,0.11193364881353461,-1.0813286937432954e-05,-1.862957127622076,-0.9678617167839623,0.7826801530275626,-0.19515872700430034,0.1427923089154593,-0.06861863967829528,-1.7699164864879962,-1.0798069808819224,0.8230873721774548,-0.2191215910547863,0.13559510461902635,-0.07254627651935865,0.09000117304571391,0.09000117304571391,0.0,0.13835338930816482,-0.06851885063592172,9.857588888888381e-06,4.867532470624414e-05,0.1008855346086033,-3.6032903726270638,0,0.3494453276688214
26.827839999997927,-1.6880983782722079,-1.155242105328403,1.000011110083471,-0.2246110392979303,0.11162480583250489,-1.076995815224821e-05,-1.8094880739445698,-1.0987191552438411,1.2076050897465014,-0.08138482017955959,0.17268079880118697,-0.0498444717003699,-1.7898733323588774,-1.0889065342397253,1.0152448047648805,-0.14954211724401362,0.15534001590714355,-0.060984390705751436,0.09000117304571391,0.09000117304571391,0.0,0.13804036404526154,-0.06836527815020232,9.818620388188589e-06,4.840255277476269e-05,0.10060657966886065,-3.6032925436724934,0,0.34840024831600747
26.831999999997926,-1.6890316659659002,-1.154778285827982,1.0000110653884626,-0.2239890464861243,0.11131668010104001,-1.072680202246789e-05,-2.1388443508886685,-0.897471426353716,1.2328401610003161,-0.20818538635457767,0.10300081676779371,0.11229494244616964,-1.9647939753814665,-0.9929728177941259,1.1242757925258249,-0.17901757235371385,0.12889284226763797,0.02650161162627993,0.09000117304571391,0.09000117304571391,0.0,0.1377276725487248,-0.06821185860517129,9.779804190018359e-06,4.8131347002797424e-05,0.10032827635047986,-3.603294708771525,0,0.3473580611677737
26.836159999997925,-1.6899623680997968,-1.1543157471999377,1.0000110208725548,-0.22336851213519796,0.11100927073063394,-1.0683817864565007e-05,-1.8520514422372067,-1.010482497161994,0.7489817079999639,-0.2836120647659845,0.13257153821210826,-0.18363559890013903,-1.9090137221718564,-1.0014516496546233,0.9362439533470306,-0.23039576619982813,0.13054663680309603,-0.07845059930550558,0.09000117304571391,0.09000117304571391,0.0,0.1374153170885839,-0.06805859320600036,9.74113988260451e-06,4.7861698146463405e-05,0.10005062381829542,-3.6032968679447563,0,0.3463187594538023
26.840319999997924,-1.6908904907428672,-1.1538544864631524,1.000010976535034,-0.22274943433688627,0.11070257682848247,-1.0641004996969019e-05,-1.7976265962789597,-1.3920541113481577,0.5716955166442936,-0.1474318426793331,0.09311889549676962,0.06560161957512808,-1.8536273731972928,-1.1965616741003862,0.7541036393333871,-0.18827505043804107,0.11171252626496272,-0.006436497341714838,0.09000117304571391,0.09000117304571391,0.0,0.1371032999113317,-0.06790548314517378,9.702626403668576e-06,4.759359701790664e-05,0.09977362123347666,-3.6032990212126887,0,0.34528233641255107
26.844479999997922,-1.6918160399560966,-1.153394500640246,1.0000109323751893,-0.22213181117504838,0.11039659749753523,-1.0598362742776818e-05,-1.9574345438085994,-1.607771768105482,0.9850087032399629,-0.22077341784690352,0.03845977725582324,0.06618780539164949,-1.9059898359477296,-1.402090091830509,0.8696964831711662,-0.20502762389600732,0.07532573206913358,0.029376984246041987,0.09000117304571391,0.09000117304571391,0.0,0.13679162323946403,-0.06775252960321837,9.664263537622322e-06,4.732703448470553e-05,0.0994972677535719,-3.6033011685957286,0,0.34424878529129116
26.84863999999792,-1.692739021792454,-1.1529357867575938,1.0000108883923127,-0.22151564072576535,0.11009133183654447,-1.055589042622709e-05,-2.056525954291351,-0.6067386878946445,1.4322646018044733,-0.04663392708483349,0.16024969668415015,0.17202979352768485,-1.9813551592958571,-1.004075181303989,1.15134176154672,-0.126219046093742,0.11762437603144558,0.10095125205104531,0.09000117304571391,0.09000117304571391,0.0,0.13648028927198158,-0.06759973374825867,9.626050633208928e-06,4.7062001469752086e-05,0.09922156253255239,-3.6033033101141885,0,0.3432180993461436
26.85279999999792,-1.69365944229686,-1.1524783418453433,1.0000108445856986,-0.22090092105743594,0.1097867789401158,-1.0513587374500412e-05,-1.539895578399109,-1.2296887894020634,1.5189974068120782,-0.27513872546236484,-0.0564969820497115,0.12492661676580152,-1.7611948687557872,-1.1170015388238657,1.3354307457833965,-0.20052102956371032,0.030797305615753813,0.11354074915997663,0.09000117304571391,0.09000117304571391,0.0,0.13616930018435736,-0.06744709673664062,9.587987244682382e-06,4.679848895072616e-05,0.09894650472085592,-3.6033054457882865,0,0.342190271842116
26.85695999999792,-1.6945773075061554,-1.1520221629374319,1.0000108009546447,-0.2202876502308724,0.1094829378987563,-1.0471452916882532e-05,-1.1588642619966796,-0.851422558154922,0.9197938237004614,-0.24930738079946613,0.07349447254431296,-0.035506868735153255,-1.4605442633054684,-0.9840574154524243,1.1275359947324848,-0.2247376766983046,0.052187255342536217,0.038799687190347015,0.09000117304571391,0.09000117304571391,0.0,0.13585865812893266,-0.06729461971227318,9.550072489961951e-06,4.653648795999639e-05,0.0986720934654301,-3.6033075756381483,0,0.34116529605313795
26.861119999997918,-1.6954926234490695,-1.151567247071603,1.0000107574984514,-0.21967582629939472,0.10917980779892529,-1.0429486386561675e-05,-1.760755140480384,-1.0139092927028357,1.4175239694741595,-0.17921088746290914,0.017355713414203652,-0.04946762856087393,-1.611026052629159,-0.9989465543960168,1.2724287235201241,-0.201257580921834,0.03433654013464452,-0.005137649839829776,0.09000117304571391,0.09000117304571391,0.0,0.13554836523467156,-0.0671423038076801,9.512305905982152e-06,4.627598958400995e-05,0.09839832790977536,-3.6033096996838068,0,0.3401431652620971
26.865279999997917,-1.69640539614619,-1.1511135912894235,1.0000107142164216,-0.2190654473089257,0.10887738772308087,-1.038768711889219e-05,-2.249950019626131,-0.8547921921754249,1.0231290806831337,-0.29304560098863736,0.1472614223909639,0.09111375546324986,-1.9311028318870451,-0.9265616441671964,1.1479671027981078,-0.24676173112077035,0.09058935694156355,0.042774552550285894,0.09000117304571391,0.09000117304571391,0.0,0.13523842360798527,-0.06699015014302132,9.474687021683905e-06,4.601698496328723e-05,0.09812520719398765,-3.603311817945203,0,0.3391238727608736
26.869439999997915,-1.697315631609932,-1.1506611926362995,1.0000106711078613,-0.2184565112980827,0.10857567674973032,-1.0346054451418916e-05,-1.4847993562312043,-1.2812206696908164,1.320835238171259,-0.1517955834725869,-0.17848150626549206,0.18987742475055452,-1.7082628232799848,-1.104263520959235,1.2347974471947314,-0.19970699206148151,-0.04457992456044436,0.11625524396297852,0.09000117304571391,0.09000117304571391,0.0,0.13492883533206007,-0.06683815982714489,9.437215143843941e-06,4.575946529172804e-05,0.0978527304548007,-3.603313930442186,0,0.33810741185037496
26.873599999997914,-1.6982233358445082,-1.1502100481614934,1.000010628172079,-0.21784901629827216,0.10827467395347624,-1.0304587724818216e-05,-1.412977567816489,-1.451655335965547,1.1498075293819965,-0.23724256294207516,-0.07621930967807837,0.08260786631399084,-1.5611139537187348,-1.2781200322584558,1.1924733159208192,-0.2173343293478796,-0.0605711838824083,0.09962585524752735,0.09000117304571391,0.09000117304571391,0.0,0.13461960246768184,-0.06668633395682283,9.399889784749837e-06,4.550342181658113e-05,0.09758089682562812,-3.6033160371945145,0,0.3370937758405703
26.877759999997913,-1.699128514845899,-1.1497601549181389,1.0000105854083863,-0.21724296033378068,0.1079743784050659,-1.026328628202246e-05,-2.007394888390866,-0.36993215605025365,0.9592368584941597,-0.2615995432584296,-0.048528244275499385,-0.006465979330648051,-1.7848004473130548,-0.8241202320845922,1.075839950657986,-0.24004881242876178,-0.05476415591042004,0.04661338051979109,0.09000117304571391,0.09000117304571391,0.0,0.13431072705299257,-0.06653467361769658,9.362710234524983e-06,4.5248845837918245e-05,0.09730970543660533,-3.6033181382218578,0,0.33608295805052396
26.881919999997912,-1.7000311746018235,-1.1493115099632578,1.0000105428160968,-0.21663834142186691,0.10767478917143641,-1.0222149469148147e-05,-1.4872625033071643,-0.5283271213675257,1.7391759942585054,-0.39177886246316096,0.11684097737025403,-0.010291692025002243,-1.6368446347301673,-0.6759770052949946,1.4074927628421954,-0.3157344846902452,0.030269730198584262,0.017416726166489472,0.09000117304571391,0.09000117304571391,0.0,0.13400221110399546,-0.06638317988340622,9.325676202974158e-06,4.499572870857656e-05,0.09703915541463079,-3.6033202335437946,0,0.33507495180842856
26.88607999999791,-1.7009313210917103,-1.1488641103577755,1.0000105003945274,-0.2160351575728516,0.10737590531576384,-1.0181176633747642e-05,-2.0694716483447735,-1.29787432633715,0.9504052312914069,-0.3490667630686027,0.05078475943364466,0.02780838324787425,-1.8538881840878139,-0.9868224232720575,1.1790053578375796,-0.3319337409475051,0.039581836152815776,0.021785519135414932,0.09000117304571391,0.09000117304571391,0.0,0.13369405661420475,-0.06623185381642932,9.288786964233555e-06,4.4744061833544216e-05,0.0967692458834072,-3.6033223231798153,0,0.33406975045163834
26.89023999999791,-1.7018289602866694,-1.148417953166536,1.0000104581429978,-0.21543340679020884,0.10707772589750852,-1.0140367126629618e-05,-1.4737760914318347,-0.8617203837679301,0.8276804057771034,-0.2653412302746162,0.07253428455607511,-0.02718736446349568,-1.6643808123472774,-0.9241190979400628,1.0032823590999658,-0.2989146791053315,0.055786211645553294,-0.0019691329417623085,0.09000117304571391,0.09000117304571391,0.0,0.13338626555547234,-0.06608069646785195,9.252041783779621e-06,4.4493836669794694e-05,0.09649997596348255,-3.603324407149321,0,0.3330673473267012
26.89439999999791,-1.7027240981494638,-1.1479730354583173,1.0000104160608299,-0.214833087070654,0.10678024997246155,-1.0099720301889978e-05,-1.4463528149604545,-1.351034071828293,0.8209789250970879,-0.2298184196106855,0.20390546008508525,-0.03102580133429351,-1.5558434918679154,-1.1371555204130404,0.9120633747650292,-0.26428045845119186,0.1298679095014115,-0.01579411200761637,0.09000117304571391,0.09000117304571391,0.0,0.133078839877532,-0.0659297088775671,9.215440560940748e-06,4.4245044725948606e-05,0.09623134477229042,-3.6033264854716265,0,0.3320677357893904
26.898559999997907,-1.7036167406344815,-1.1475293543058473,1.0000103741473485,-0.21423419640423344,0.10648347659279023,-1.0059235514262748e-05,-1.5460111996047874,-1.113957309425096,0.9766240897133899,-0.16262575914355482,0.23695019887176025,0.018093353284753356,-1.5512654417826417,-1.125062187657674,0.9443806397774385,-0.21350384955173568,0.18281778431308932,0.0017138174810635552,0.09000117304571391,0.09000117304571391,0.0,0.13277178150839852,-0.06577889207393856,9.17898233170174e-06,4.399767756200469e-05,0.09596335142419035,-3.6033285581659573,0,0.33107090920473725
26.902719999997906,-1.7045068936877084,-1.1470869067858178,1.0000103324018814,-0.2136367327744127,0.10618740480708506,-1.0018912122737347e-05,-1.4827515152741073,-1.5287266719242312,0.9749180851991958,-0.2403671408534659,0.056982376455116404,-0.07758553755469856,-1.5175083049602012,-1.3267788293126426,0.9594893214714751,-0.22676586723031514,0.11995456679235768,-0.0384697839884619,0.09000117304571391,0.09000117304571391,0.0,0.1324650923544471,-0.06562824707453407,9.142666551062658e-06,4.375172678889445e-05,0.09569599503050782,-3.6033306252514534,0,0.3300768609470614
26.906879999997905,-1.7053945632467007,-1.1466456899788995,1.0000102908237585,-0.21304069415816412,0.10589203366040364,-9.978749488779136e-06,-1.555175848067137,-0.7593953216552063,1.0345300841101552,-0.21737119417505263,0.04164989918044927,0.07198728873013326,-1.5367954831112438,-1.0429972663652973,0.9971601293912771,-0.22157999361364242,0.0811879312373968,0.01666992317676063,0.09000117304571391,0.09000117304571391,0.0,0.1321587743007066,-0.06547777488568321,9.10649309437107e-06,4.35071840683344e-05,0.09542927469957406,-3.6033326867471684,0,0.3290855844000019
26.911039999997904,-1.7062797552405593,-1.1462057009697566,1.0000102494123126,-0.21244607852605335,0.1055973621943163,-9.93874697460141e-06,-1.7127782701212253,-1.2263234181386633,1.4116560368004036,-0.2184956234666772,-0.05886995117370865,0.01609943423285129,-1.625243190464464,-1.1347814539742553,1.2044426981605059,-0.21974090864615514,0.009908694454224622,0.017236624282817945,0.09000117304571391,0.09000117304571391,0.0,0.1318528292110468,-0.06532747650278314,9.070460973630977e-06,4.326404111244413e-05,0.09516318953676536,-3.6033347426720703,0,0.32809707295654755
26.915199999997903,-1.7071624755899024,-1.1457669368470609,1.0000102081668796,-0.21185288384232503,0.10530338944695056,-9.898903946752333e-06,-1.1759001817180128,-1.1208455156176051,0.851403411983471,0.01361805401416924,0.22929784530328595,0.0022260823722731193,-1.4005419881072412,-1.127336460731509,1.0279246877223998,-0.10222458364221565,0.11959225820707287,0.009985786647597113,0.09000117304571391,0.09000117304571391,0.0,0.13154725892793778,-0.0651773529104982,9.03456961986161e-06,4.3022289683369315e-05,0.09489773864454211,-3.6033367930450417,0,0.3271113200190666
26.9193599999979,-1.70804273020684,-1.1453293947035066,1.0000101670867971,-0.21126110806498954,0.10501011445303474,-9.859219774373433e-06,-2.0498785993229585,-1.1249202960948,0.8261400879038658,-0.1593971038130721,0.06839161904029087,0.07130873347618731,-1.7255475648387084,-1.1259864288199133,0.9271775813774675,-0.13023688137738088,0.0941490303693044,0.041467751351552354,0.09000117304571391,0.09000117304571391,0.0,0.13124206527295817,-0.065027405082211,8.998818884429732e-06,4.27819215931738e-05,0.09463292112248764,-3.603338837884881,0,0.32612831899933703
26.9235199999979,-1.708920524994948,-1.1448930716358234,1.0000101261714063,-0.21067074914590747,0.10471753624394375,-9.819693827444398e-06,-1.926586702703391,-0.9261893497466969,0.5129687873963082,-0.031468185674387056,0.06719243053447664,-0.051827440719751434,-1.8261346577494248,-1.0259478722400108,0.7199635034835165,-0.08053943364300269,0.0812202897270411,-0.005662927279735392,0.09000117304571391,0.09000117304571391,0.0,0.13093725004687617,-0.06487763398107713,8.963207755358512e-06,4.254292870325819e-05,0.09436873606734698,-3.603340877210302,0,0.3251480633185748
26.9276799999979,-1.7097958658492434,-1.1444579647447912,1.0000100854200502,-0.21008180503087384,0.10442565384774063,-9.780325480379859e-06,-1.7569831240652307,-1.1155668237755991,0.9645065293816405,-0.21985584762021418,0.1709480228938841,0.11129804646460775,-1.7920155001416007,-1.0704006794052459,0.8424674453588173,-0.15028520187856628,0.12524714343351934,0.05318462694773479,0.09000117304571391,0.09000117304571391,0.0,0.13063281502973112,-0.06472804055915635,8.927736068027497e-06,4.2305302924296814e-05,0.09410518257306491,-3.603342911039935,0,0.3241705464074634
26.931839999997898,-1.7106687586561589,-1.1440240711352527,1.0000100448320748,-0.2094942736597019,0.10413446628922154,-9.741114108483312e-06,-1.980682034336577,-0.8481627881218048,1.164665692129914,-0.25415666325397546,0.17886419655478225,-0.07747784655350942,-1.8868780694063465,-0.9589079658584164,1.0034075334249768,-0.2025299485747692,0.15196545922485785,-0.012071781648635368,0.09000117304571391,0.09000117304571391,0.0,0.1303287619809151,-0.0645786257582539,8.892403222813777e-06,4.206903621578152e-05,0.09384225973082401,-3.6033449393923282,0,0.3231957617061818
26.935999999997897,-1.7115392092935184,-1.143591387916128,1.0000100044068285,-0.20890815296630663,0.10384397258995734,-9.702059089790405e-06,-2.007845649147244,-0.38477124332968327,0.49336716863780006,-0.23497082068891761,0.1325872536010307,-0.08605371099606858,-1.9478510533918862,-0.6715594928989772,0.7482050911251669,-0.2189333451014014,0.14212538574692732,-0.04920144991217332,0.09000117304571391,0.09000117304571391,0.0,0.13002509263946876,-0.06442939050926569,8.857208612100827e-06,4.183412058588238e-05,0.09357996662908241,-3.603346962285946,0,0.32222370266443257
26.940159999997896,-1.7124072236305135,-1.1431599122004266,1.0000099641436626,-0.20832344087878693,0.10355417176833785,-9.663159805067444e-06,-1.6385658862076729,-1.079690460313095,0.8125651649977463,-0.27517610810263615,0.20871865628327713,0.0665525545744475,-1.7937794071921611,-0.8751941192690587,0.7805252321365201,-0.24669371315844704,0.17561754839087645,0.008078474862608775,0.09000117304571391,0.09000117304571391,0.0,0.12972180872427097,-0.06428033573291289,8.822151620278511e-06,4.1600548090995036e-05,0.09331830235361124,-3.6033489797391725,0,0.32125436274146923
26.944319999997894,-1.713272807527678,-1.1427296411052614,1.0000099240419307,-0.2077401353195071,0.1032650628396131,-9.624415637863827e-06,-1.7335646130961289,-0.8552774419506881,0.6054980452443917,-0.2828765531764458,0.1470611198798633,0.19696831901724376,-1.7642606903919344,-0.8649299939154922,0.693419388731885,-0.2644334394676573,0.16145440868911656,0.10285442489340918,0.09000117304571391,0.09000117304571391,0.0,0.1294189119336936,-0.06413146233951533,8.78723183791367e-06,4.1368310835458854e-05,0.0930572659875317,-3.603350991770308,0,0.3202877354061241
26.948479999997893,-1.7141359668368663,-1.1423005717518617,1.000009884100989,-0.20715823420517965,0.10297664481593541,-9.585825973651217e-06,-1.9130403456477385,-1.44375583364127,0.7509111477647629,-0.4002603810248417,0.15518791363048365,-0.04133654327707457,-1.8394855612303047,-1.1540235019411589,0.7220800077159606,-0.3316303365156788,0.15799660246617245,0.03061623428464598,0.09000117304571391,0.09000117304571391,0.0,0.12911640394664703,-0.0639827712287645,8.752448634075094e-06,4.113740097147427e-05,0.09279685661135205,-3.6033529983975736,0,0.31932381413683414
26.952639999997892,-1.7149967074012287,-1.1418727012655852,1.0000098443201966,-0.2065777354469437,0.10268891670640247,-9.547390200734928e-06,-1.7858449501851807,-1.216331988307673,0.5207239310465794,-0.25631376977005,-0.09686126967955987,-0.02538727079206487,-1.8131980286982459,-1.1853781979555407,0.6213481909430242,-0.29396573649406177,0.0298858983821586,0.0024087413128074968,0.09000117304571391,0.09000117304571391,0.0,0.12881428642159465,-0.06383426329045883,8.717801369837979e-06,4.090781069847307e-05,0.09253707330300416,-3.60335499963911,0,0.3183625924216686
26.95679999999789,-1.7158550350551889,-1.1414460267759305,1.0000098046989145,-0.20599863695044765,0.10240187751709738,-9.509107710289831e-06,-1.4163499012425342,-0.6582257020036695,1.4038359245030525,-0.16506144773016215,0.020163080848247958,0.046668580031903266,-1.6151144252295295,-0.9217556789715305,1.0126929520833872,-0.22956310044103953,0.02471562338765155,0.025329390542828373,0.09000117304571391,0.09000117304571391,0.0,0.12851256099759822,-0.06368593940417064,8.683289826625025e-06,4.067953226304778e-05,0.09227791513787999,-3.6033569955129767,0,0.31740406375835406
26.96095999999789,-1.716710955624422,-1.1410205454165507,1.0000097652365068,-0.20542093661592736,0.10211552625113,-9.470977894619048e-06,-1.2778243376987,-1.6261297755043023,1.0183249377173995,-0.24760278791691365,0.007489606463400064,0.01030840974531786,-1.4469823812884608,-1.2739304927191053,1.0155311036178585,-0.23841185422004285,0.015341491967653078,0.017493797977641827,0.09000117304571391,0.09000117304571391,0.0,0.12821122929418893,-0.06353780043912668,8.648913350856476e-06,4.045255795876369e-05,0.09201938118886757,-3.6033589860371547,0,0.3164482216543008
26.96511999999789,-1.7175644749258314,-1.1405962543252646,1.0000097259323395,-0.20484463233828476,0.10182986190867885,-9.433000148948288e-06,-2.1361049518129644,-1.0415996627922934,1.1978244164742708,-0.25134600063628315,-0.03883470297829214,-0.10474227950499099,-1.7920730279342716,-1.1578439932487417,1.1064592912584017,-0.24403812809354333,-0.01185557147782404,-0.04271076608823489,0.09000117304571391,0.09000117304571391,0.0,0.1279102929111306,-0.06338984725462313,8.614671495129543e-06,4.0226880125617986e-05,0.09176147052638682,-3.6033609712295456,0,0.315495059626628
26.969279999997887,-1.718415598767528,-1.1401731506440687,1.0000096867857817,-0.20426972200716761,0.1015448834870312,-9.395173870577589e-06,-1.4938026640247113,-1.1599729789556035,0.8707934867301426,-0.20493942546709443,-0.017175951274409476,0.015504338227263612,-1.6433628325807483,-1.1589427355405337,0.9886584511927247,-0.22410386567136628,-0.015232319736766586,-0.01431025749837602,0.09000117304571391,0.09000117304571391,0.0,0.12760975342936004,-0.06324208070012041,8.580563590543377e-06,4.0002491149847085e-05,0.0915041822184253,-3.603362951107972,0,0.31454457120218804
26.973439999997886,-1.7192643329488073,-1.1397512315191494,1.0000096477962048,-0.2036962035070453,0.10126058998062286,-9.357498459790339e-06,-1.4175590631408563,-1.5048856616792494,0.9405444343981233,-0.18703145548251307,0.06908693151575364,0.046310660243213383,-1.5308484484658038,-1.3317721848405735,0.9646961274616861,-0.20554085526563098,0.02656816112467313,0.01662308511825171,0.09000117304571391,0.09000117304571391,0.0,0.12730961241000305,-0.06309450161512467,8.54658917437412e-06,3.97793834636304e-05,0.09124751533057318,-3.6033649256901796,0,0.3135967499175924
26.977599999997885,-1.7201106832601294,-1.1393304941008948,1.0000096089629826,-0.20312407471728855,0.10097698038107836,-9.319973319020301e-06,-1.5599376866614003,-0.9322757038802425,0.6150131604663092,-0.21413113750100987,-0.017923406107577464,0.015111732506663205,-1.5458398372453304,-1.1320588011789074,0.7898824256415824,-0.20926825201493596,0.0045041570111014565,0.016446137840418602,0.09000117304571391,0.09000117304571391,0.0,0.12700987139574238,-0.06294711082917562,8.512747776570417e-06,3.955754954500057e-05,0.09099146892605861,-3.603366894993836,0,0.31265158931923454
26.981759999997884,-1.720954655483097,-1.1389109355439062,1.0000095702854916,-0.20255333351224372,0.10069405367725122,-9.282597852852902e-06,-1.8914075332726763,-1.4633219467405632,1.3160756467825552,-0.23825130975621792,0.021569043595686205,0.07571481149434744,-1.7191215539241647,-1.2976474431950542,1.0531395661819036,-0.2238085242747766,0.012850005445044084,0.04638281390743664,0.09000117304571391,0.09000117304571391,0.0,0.126710531909835,-0.06279990916215555,8.479038705582885e-06,3.933698191726559e-05,0.09073604206578229,-3.6033688590365305,0,0.31170908296331484
26.985919999997883,-1.7217962553904358,-1.1384925530070094,1.0000095317631106,-0.20198397776131086,0.10041180885526294,-9.245371468958765e-06,-2.2181485637090352,-1.0171818358687208,0.9575052006294933,-0.058072365077608795,0.2571549432413731,-0.04158233091471247,-1.968760354385922,-1.156877920822813,1.005235350366692,-0.140463093568789,0.1350438883971634,0.002345189214621646,0.09000117304571391,0.09000117304571391,0.0,0.1264115954571598,-0.06265289742417107,8.445461690209655e-06,3.911767314894757e-05,0.09048123380835213,-3.6033708178357777,0,0.31076922441586363
26.99007999999788,-1.7226354887459734,-1.1380753436532653,1.0000094933952206,-0.2014160053290176,0.10013024489854243,-9.208293576335607e-06,-2.082073078795632,-0.8925270907734907,0.8661463592082164,-0.0710889502708913,0.10318222745865151,-0.05763705813115246,-2.025565736065017,-1.0244848570402574,0.9355699654793803,-0.10560561773032433,0.11854629628817959,-0.027626405646863104,0.09000117304571391,0.09000117304571391,0.0,0.12611306352366292,-0.06250607641596931,8.412016238416976e-06,3.889961585330517e-05,0.09022704321011744,-3.6033727714090147,0,0.3098320072527642
26.99423999999788,-1.7234723613046197,-1.1376593046499826,1.0000094551812058,-0.20084941407509532,0.09984936078786372,-9.171363586231061e-06,-1.1672976919664586,-1.325387036412636,1.234351949087469,-0.1647435709973623,0.16755195957904884,0.03234696792934295,-1.5967698557306518,-1.1745884567535174,1.085028861501587,-0.13445647708900785,0.14252075726076274,0.003061955278601045,0.09000117304571391,0.09000117304571391,0.0,0.12581493757687184,-0.06235944692828557,8.378701422502471e-06,3.868280268836961e-05,0.08997346932520298,-3.6033747197736035,0,0.308897425059776
26.99839999999788,-1.724306878812347,-1.1372444331687268,1.0000094171204519,-0.200284201854553,0.09956915550138641,-9.134580913969176e-06,-1.1827163424465899,-1.6392747457768677,1.1615628861386798,-0.1829192281463769,-0.09427508547363832,0.06680377107169747,-1.390122935877602,-1.4071297024030425,1.1234359768499584,-0.1575944750917618,0.02354178300154415,0.03463182636118653,0.09000117304571391,0.09000117304571391,0.0,0.12551721906587554,-0.062213009742687064,8.345517376956865e-06,3.846722635633268e-05,0.08972051120554275,-3.6033766629468302,0,0.3079654714325572
27.002559999997878,-1.725139047006171,-1.1368307263853323,1.000009379212348,-0.19972036651775144,0.09928962801469256,-9.097944974499607e-06,-1.8093550822560287,-1.1004520841565482,0.8947638491301595,-0.22275223042897158,-0.006730176400703225,0.12958092560928042,-1.6002048839947012,-1.2538035422920868,1.009368449823614,-0.19035036207353623,0.008790685994039713,0.08180583025770764,0.09000117304571391,0.09000117304571391,0.0,0.12521990942151873,-0.06206676563124175,8.312462945918421e-06,3.825287960348216e-05,0.08946816790091355,-3.603378600945907,0,0.30703613997668616
27.006719999997877,-1.7259688716141313,-1.1364181814799121,1.0000093414562845,-0.1991579059104763,0.09901077730082493,-9.061455187794631e-06,-1.6560990894496734,-0.7545013539848395,0.4536942610115673,-0.10940796749290539,0.06572279841448583,0.01140712667168304,-1.628382346209542,-1.0040126635791917,0.7315517897326874,-0.1487289010515806,0.03745063121210966,0.04632433387338877,0.09000117304571391,0.09000117304571391,0.0,0.12492301005659656,-0.0619207153567215,8.279538249222895e-06,3.803975521988642e-05,0.0892164384589682,-3.6033805337879707,0,0.3061094243076837
27.010879999997876,-1.726796358355273,-1.1360067956368691,1.0000093038516555,-0.19859681787401065,0.09873260233032448,-9.025110973511135e-06,-2.056864995192135,-1.5293374405698594,1.4072175491196381,-0.19967021327898068,0.04719555036302388,0.05047653524727013,-1.843044209338824,-1.266580089876502,1.069493738383096,-0.1731230175392629,0.04209513683797994,0.048712102047146655,0.09000117304571391,0.09000117304571391,0.0,0.12462652236572858,-0.061774859672270616,8.246742116353628e-06,3.782784603915627e-05,0.08896532192526849,-3.6033824614900847,0,0.3051853180510346
27.015039999997875,-1.727621512939628,-1.1355965660449054,1.0000092663978566,-0.1980371002452078,0.09845510207126909,-8.988911756390886e-06,-1.379145158822476,-1.2379110363145314,1.2829872649508867,-0.2444142983302175,0.15963342880109196,0.06365874227694915,-1.6116021601454733,-1.251911078980838,1.1763738569957507,-0.20763529806464273,0.09977457981972289,0.0564474454195046,0.09000117304571391,0.09000117304571391,0.0,0.12433044772566065,-0.06162919932225058,8.214074652491436e-06,3.761714493801224e-05,0.08871481734331808,-3.6033843840692383,0,0.3042638148422086
27.019199999997873,-1.7284443410681969,-1.1351874898970333,1.000009229094286,-0.19747875085656297,0.09817827548930888,-8.952856960926724e-06,-1.6460073186434985,-0.6563533638689929,1.2014007933889066,-0.28463540859831304,0.11102621332312465,0.011899775857576176,-1.6293988657063339,-0.9538953374825205,1.1889115268503996,-0.24523981984372809,0.10454126449728197,0.03452490253934444,0.09000117304571391,0.09000117304571391,0.0,0.12403478749556757,-0.06148373504148191,8.181535100805817e-06,3.740764483629298e-05,0.0884649237545951,-3.603386301542349,0,0.30334490832668093
27.023359999997872,-1.7292648484329314,-1.1347795643905845,1.0000091919403442,-0.19692176753628363,0.09790212154770463,-8.916946014962068e-06,-1.3128707169231633,-0.9240922914485303,1.7475635166905283,-0.11646396100696375,0.08277618101353447,-0.07544552388235196,-1.4713742206714684,-0.9388211285497492,1.4680831209130645,-0.1811473786463601,0.09351330503980154,-0.019787061938241257,0.09000117304571391,0.09000117304571391,0.0,0.12373954301682116,-0.06133846755598213,8.149122910643238e-06,3.719933869641833e-05,0.08821564019858424,-3.60338821392626,0,0.3024285921599528
27.02751999999787,-1.7300830407167163,-1.1343727867272204,1.0000091549354344,-0.19636614810836092,0.09762663920736306,-8.881178348814706e-06,-1.1641111820230492,-1.3798934857909742,0.919466818608302,-0.13566475000794295,0.07833468682649244,-0.12380546306420587,-1.318023436246668,-1.1591972375370432,1.1935134528332207,-0.15806938934946954,0.08581814302603766,-0.07170967517773674,0.09000117304571391,0.09000117304571391,0.0,0.12344471561329312,-0.06119339758242151,8.116837738193243e-06,3.6992219523334475e-05,0.08796696571280896,-3.603390121237744,0,0.30151486000757205
27.03167999999787,-1.7308989235933523,-1.1339671541129417,1.0000091180789619,-0.19581189039263958,0.09735182742687455,-8.845553394443291e-06,-2.011415815537079,-1.625485959458587,1.1892495228155837,-0.037087928641707846,0.2635323163816976,-0.051904257990841765,-1.6648018043759567,-1.391795644833081,1.1912726172031634,-0.09749760515129328,0.17414601161481677,-0.06138440515486654,0.09000117304571391,0.09000117304571391,0.0,0.12315030659144444,-0.06104852582875453,8.084679018813486e-06,3.678628036410911e-05,0.08771889933286325,-3.6033920234935004,0,0.3006037055451521
27.03583999999787,-1.7317125027275393,-1.1335626637580978,1.0000090813703344,-0.1952589922048877,0.09707768516254801,-8.810070586341089e-06,-2.0877668721676423,-0.9827617147046477,1.1313529776514137,-0.20872153632907836,0.3330718961764302,0.04021847853162484,-1.8767206702179307,-1.1865838401022135,1.1613967519384814,-0.15346907565648393,0.25398460388876065,-0.0109359244271727,0.09000117304571391,0.09000117304571391,0.0,0.12285631724052182,-0.060903852993782814,8.05264618053414e-06,3.6581514307773386e-05,0.08747144009244331,-3.603393920710158,0,0.299695122458392
27.039999999997868,-1.7325237837748595,-1.133159312877396,1.000009044808962,-0.19470745135686562,0.09680421136844772,-8.774729361575587e-06,-1.6269632810248562,-1.098481313583107,0.801611163264026,-0.17463884187807854,0.1342272506736177,0.02875961839674683,-1.7522033472407197,-1.1422521751857815,0.9815618586774482,-0.16411242712115795,0.1938268256066895,0.008621043888049353,0.09000117304571391,0.09000117304571391,0.0,0.12256274883264817,-0.06075937976768009,8.020738858228487e-06,3.637791448499314e-05,0.08722458702337883,-3.6033958129042745,0,0.29878910444309537
27.044159999997866,-1.733332772381761,-1.132757098689911,1.0000090083942572,-0.1941572656563942,0.09653140499642789,-8.73952915891065e-06,-1.6002244970114892,-1.1598973279090596,1.3134007856368635,-0.12855999212113317,0.3155063795710087,0.07785779132406663,-1.6764812114677703,-1.1504173492210834,1.1476455390595073,-0.14588083779919384,0.2540425206892156,0.04325762279564959,0.09000117304571391,0.09000117304571391,0.0,0.12226960262291259,-0.06061510683176932,7.988956465937876e-06,3.617547406785169e-05,0.08697833915566408,-3.6033977000923367,0,0.2978856452051887
27.048319999997865,-1.734139474185542,-1.1323560184190935,1.0000089721256347,-0.1936084329074231,0.09625926499616817,-8.704469419768412e-06,-1.8504910478043808,-0.9840257373635604,1.2274526257630978,-0.034192121897778954,0.1726516814351581,0.08471029539044417,-1.763560704184977,-1.0668609663123367,1.1877253583523668,-0.08896736868857262,0.2132070072422998,0.06421088548278979,0.09000117304571391,0.09000117304571391,0.0,0.12197687984946104,-0.06047103485851332,7.957298624546781e-06,3.597418626964976e-05,0.08673269551748873,-3.603399582290762,0,0.29698473846074064
27.052479999997864,-1.734943894814334,-1.1319560692927801,1.0000089360025113,-0.19306095091009837,0.09598779031520926,-8.669549587314817e-06,-1.5393296478138063,-0.9963093949407659,1.0337015613276104,-0.20085390584573315,0.23314496123540543,0.023849435414298844,-1.6518617548587673,-1.0310995830799021,1.1107609655177746,-0.14472189617344697,0.22309338417674965,0.044524483303493075,0.09000117304571391,0.09000117304571391,0.0,0.12168458173358715,-0.06032716451171949,7.925764948278307e-06,3.577404434454717e-05,0.08648765513526865,-3.6034014595158967,0,0.2960863779359799
27.056639999997863,-1.7357460398870876,-1.131557248543201,1.0000089000243066,-0.1925148174608297,0.09571697989898754,-8.634769106520174e-06,-1.798194889514069,-0.9099523480405133,0.7467658816827981,-0.042039826339066194,0.10616698215812267,-0.17682714667350896,-1.7251191258666425,-0.9703040449813152,0.9283934637377002,-0.09226318527624451,0.16451811936111202,-0.06632109038086835,0.09000117304571391,0.09000117304571391,0.0,0.12139270948014408,-0.06018349644674484,7.894354616353124e-06,3.557504158732553e-05,0.08624321703367628,-3.6034033317840195,0,0.2951905573673126
27.06079999999786,-1.7365459150135558,-1.1311595534069891,1.0000088641904423,-0.19197003035235613,0.0954468326908689,-8.600127425943075e-06,-1.5474175408683195,-1.23158664651492,0.7232720748586667,-0.16748011147900538,0.20865591152661617,-0.13395897216911465,-1.6366171230003954,-1.1005125885970612,0.8255528947598564,-0.1290593452336324,0.18630181904291948,-0.10022781155531645,0.09000117304571391,0.09000117304571391,0.0,0.12110126427710138,-0.06004003131027352,7.86306744250996e-06,3.53771713331862e-05,0.08599938023567077,-3.6034051991113394,0,0.29429727050134064
27.06495999999786,-1.73734352579428,-1.1307629811251885,1.0000088285003423,-0.19142658737381332,0.09517734763218352,-8.565623995119419e-06,-1.5522752343262218,-1.0309757860934932,0.41977136558287853,-0.17736773766613775,0.1083986147340855,0.16068000884869185,-1.5948163673736213,-1.065519104686374,0.6229932573779572,-0.1523164962128302,0.14777347630074053,0.030326286822120043,0.09000117304571391,0.09000117304571391,0.0,0.12081024729627815,-0.05989676974052205,7.831902806151235e-06,3.5180426957513397e-05,0.0857561437625281,-3.6034070615139964,0,0.2934065110948782
27.06911999999786,-1.7381388778205749,-1.1303675289432624,1.000008792953433,-0.19088448631079802,0.09490852366225978,-8.531258266347448e-06,-2.335292331862346,-1.3511511733048374,0.8106865677652073,-0.2954731025581484,-0.06920542311544421,-0.09860193137397248,-1.9656721578422336,-1.2084807370390058,0.7166367393468527,-0.22482264596474127,0.03913157573446,-0.0344192963459318,0.09000117304571391,0.09000117304571391,0.0,0.12051965969311434,-0.059753712367337675,7.800860293522435e-06,3.498480187556411e-05,0.08551350663387064,-3.6034089190080625,0,0.2925182729149689
27.073279999997858,-1.7389319766745142,-1.1299731941111022,1.0000087575491425,-0.19034372494543325,0.0946403597184577,-8.497029693834793e-06,-1.745667230424607,-1.2907498857646342,1.1577345380915838,-0.1722603015110963,0.020856408693256792,-0.08785916516035523,-1.8560268706061063,-1.2495709160270476,0.9370059438146653,-0.19834310598367813,0.029230471822826412,-0.06111803244760606,0.09000117304571391,0.09000117304571391,0.0,0.1202295026068701,-0.059610859812083306,7.769939484207734e-06,3.479028954231313e-05,0.08527146786769671,-3.6034107716095427,0,0.2916325497389023
27.077439999997857,-1.7397228279289159,-1.1295799738830348,1.000008722286902,-0.1898043010564328,0.0943728547362029,-8.462937733714965e-06,-1.655810115689666,-1.0515283442572754,0.9754335178759113,-0.28927567081948846,0.06017185065803667,-0.054559246046726205,-1.7565206237638438,-1.1504230442836114,0.9561084233728109,-0.242915628463262,0.04467785105824446,-0.05875518644224501,0.09000117304571391,0.09000117304571391,0.0,0.11993977716050397,-0.059468212687843,7.739139736959385e-06,3.4596883452075796e-05,0.0850300264804099,-3.6034126193343736,0,0.29074933535423086
27.081599999997856,-1.7405114371473291,-1.1291878655178305,1.0000086871661444,-0.18926621241916627,0.0941060076490197,-8.428981844984737e-06,-1.682480560021288,-1.018242362109409,0.46984309711036254,-0.22696057622961147,0.02449216454778272,0.09714092147159116,-1.7199716166845747,-1.0842812896175849,0.7131748229031439,-0.2351932485756476,0.03480476459079722,0.018983340435772683,0.09000117304571391,0.09000117304571391,0.0,0.11965048446140758,-0.0593257715996279,7.708460831543303e-06,3.4404577138366535e-05,0.08478918148684825,-3.6034144621984256,0,0.2898686235587847
27.085759999997855,-1.7412978098840197,-1.1287968662787113,1.000008652186305,-0.1887294568057208,0.0938398173885634,-8.395161487727814e-06,-1.8839316050095998,-1.1696861906344707,1.0988921346566596,-0.1214557475822972,0.09001876559084966,-0.18915393400912564,-1.802205827271768,-1.1267965939236677,0.9056423625457175,-0.17811794899233965,0.062164250185869234,-0.08488896678319265,0.09000117304571391,0.09000117304571391,0.0,0.11936162560064334,-0.059183537143940784,7.67790211338907e-06,3.4213364173644954e-05,0.08454893190031283,-3.6034163002175017,0,0.2889904081606886
27.089919999997853,-1.7420819516839572,-1.1284069734333586,1.000008617346821,-0.18819403198496623,0.0935742828846542,-8.361476124931922e-06,-1.9143669560851073,-0.6771375237384936,0.659385606567052,-0.3453209099773215,-0.06474776430462202,-0.02424151411995178,-1.8590050053862717,-0.9020978772560164,0.7824622321841427,-0.26191480680722296,-0.0016243365922867594,-0.05475782586399572,0.09000117304571391,0.09000117304571391,0.0,0.11907320165389257,-0.059041509909302486,7.647463348939928e-06,3.40232381690751e-05,0.08430927673259675,-3.6034181334073394,0,0.2881146829783767
27.094079999997852,-1.7428638680828015,-1.1280181842539199,1.0000085826471325,-0.18765993572261616,0.0933094030653092,-8.327925220743134e-06,-1.2414603214757767,-1.1295924554253094,1.1676164869902608,-0.2410683754690787,0.01861078878784332,0.11399163068685333,-1.5507311019622292,-1.0158087336442279,0.9752790393091751,-0.2508463967533933,0.008821455086416508,0.029661238424813066,0.09000117304571391,0.09000117304571391,0.0,0.11878521368101524,-0.05889969047624463,7.617143656132229e-06,3.383419277421632e-05,0.08407021499401335,-3.6034199617836102,0,0.2872414418406079
27.09823999999785,-1.7436435646068902,-1.1276304960170167,1.0000085480866816,-0.18712716578129088,0.09304517685677412,-8.294508243163991e-06,-2.3755674707508723,-1.0219030953788237,1.2054492386133964,-0.18192324049897798,-0.20376757692311742,-0.030771708160305777,-1.9635319651623397,-1.0192769749850599,1.0903025153359283,-0.21710472482599696,-0.09881195697042783,-0.0009216217579311262,0.09000117304571391,0.09000117304571391,0.0,0.11849766272646389,-0.0587580794171953,7.586942787420383e-06,3.3646221676896474e-05,0.08383174569342447,-3.60342178536192,0,0.2863706785864803
27.10239999999785,-1.744421046773226,-1.1272439060037518,1.0000085136649122,-0.18659571992057858,0.09278160318355576,-8.261224661381544e-06,-2.3208530816671864,-1.0237223299640283,1.0615348494506875,-0.1523591152100111,0.10442127175119312,0.08914649170853436,-2.142512208874035,-1.021281902547237,1.0761035169370907,-0.18460018560339272,0.002509002633618922,0.04429240101222294,0.09000117304571391,0.09000117304571391,0.0,0.11821054981927143,-0.05861667729668532,7.556860489263624e-06,3.345931860294039e-05,0.08359386783826844,-3.6034236041578094,0,0.28550238706544584
27.10655999999785,-1.7451963200894638,-1.1268584114997167,1.0000084793812707,-0.18606559589709654,0.0925186809684534,-8.228073945843187e-06,-1.509758928237039,-1.5426167692698012,1.1888123235434955,-0.02736549529631427,-0.06693159798447924,-0.07916604045078462,-1.8261891065390041,-1.2820919865489873,1.132294229578825,-0.10548983428783293,-0.03230935357869656,-0.017517258940511815,0.09000117304571391,0.09000117304571391,0.0,0.1179238759730381,-0.058475484671020456,7.526896073784843e-06,3.327347731594799e-05,0.08335658043458775,-3.603425418186754,0,0.28463656113732533
27.110719999997848,-1.7459693900538995,-1.1264740097949975,1.0000084452352058,-0.18553679146455246,0.0922564091325917,-8.195055570016496e-06,-1.8321280004293128,-0.9676023205596798,0.9891401316088374,-0.11281924366878483,-0.11901405780185931,0.15188728009990338,-1.829393538299134,-1.1250910007194415,1.0610327746087458,-0.10901822619446976,-0.07637643924921746,0.06684979130490333,0.09000117304571391,0.09000117304571391,0.0,0.1176376421864539,-0.05833450208923627,7.497049059950024e-06,3.3088691616936396e-05,0.0831198824870569,-3.6034272274641665,0,0.2837731946723209
27.114879999997846,-1.746740262155457,-1.1260906981841832,1.0000084112261682,-0.18500930437380353,0.0919947865954495,-8.162169009553876e-06,-1.3065700551175865,-0.746090358501627,1.0940422483644683,-0.1635073898368305,0.021571022871598428,0.08931647171275818,-1.5683173133591206,-0.9355423379053495,1.0777212142596524,-0.1366995329060327,-0.027804490570854414,0.07918948164007915,0.09000117304571391,0.09000117304571391,0.0,0.11735184944275218,-0.05819373009191556,7.467319174234373e-06,3.290495534428861e-05,0.08288377299900938,-3.603429032005393,0,0.2829122815510315
27.119039999997845,-1.7475089418736776,-1.1257084739663712,1.000008377353611,-0.1844831323729178,0.09173381227489366,-8.12941374142271e-06,-1.6199718478181864,-1.1940222835389853,1.120109940642043,-0.21920618440184453,0.08981133202318947,0.043971901180049275,-1.5946011711133508,-1.0645972629665277,1.0990074096562485,-0.177809775679856,0.03097112683595982,0.06154673004524532,0.09000117304571391,0.09000117304571391,0.0,0.11706649871044561,-0.058053169212464034,7.437705708776772e-06,3.272226237335873e-05,0.08264825097246523,-3.6034308318257184,0,0.2820538156644647
27.123199999997844,-1.7482754346787077,-1.1253273344451744,1.000008343616989,-0.18395827320723251,0.09147348508720748,-8.096789245702328e-06,-1.4552470232000063,-1.1840089920228105,0.7771840188660871,-0.303564652961388,0.05238352149516555,0.03550567047109305,-1.5255547762246118,-1.124194456792022,0.9381661166214269,-0.2405596525684161,0.04141145261173284,0.04910316272976068,0.09000117304571391,0.09000117304571391,0.0,0.11678159094320828,-0.05791281997635578,7.408208590900311e-06,3.254060661643831e-05,0.08241331540815769,-3.603432626940363,0,0.28119779091405056
27.127359999997843,-1.7490397460312885,-1.124947276928728,1.00000831001576,-0.18343472461941288,0.09121380394712235,-8.064295002950036e-06,-1.5250825710649554,-1.23480148976206,0.8880007256198438,-0.1545870392909176,0.02549702093659001,0.0937322779698941,-1.5256408293731074,-1.1794466217178308,0.9132779578709295,-0.19727953044653887,0.033891630042752696,0.07144978665074213,0.09000117304571391,0.09000117304571391,0.0,0.11649712707975751,-0.05777268290123316,7.37882688591677e-06,3.235998202243701e-05,0.08217896530556007,-3.6034344173644843,0,0.28034420121165476
27.131519999997842,-1.7498018813827447,-1.1245682987296954,1.000008276549383,-0.1829124843495113,0.09095476776784887,-8.031930497786723e-06,-1.8327770416829436,-1.077744531816245,0.9594401623155568,-0.24642567471440605,0.0148996807817674,-0.08362254678739636,-1.6797231407490236,-1.1285633287562176,0.9361857208835503,-0.22209092971506267,0.024134598131466442,-0.006206395553959716,0.09000117304571391,0.09000117304571391,0.0,0.11621310804437679,-0.05763275849754185,7.349560507826561e-06,3.218038257652026e-05,0.0819451996629123,-3.6034362031131772,0,0.27949304047959056
27.13567999999784,-1.750561846174974,-1.1241903971652742,1.0000082432173196,-0.1823915501350245,0.09069637546110544,-7.999695215364802e-06,-1.6438299542182884,-1.289361895811195,1.1647403048405323,-0.2922403311308854,0.08681269010787525,0.03041452809027083,-1.662385360746548,-1.2087823423554689,1.0505279616991068,-0.256577864877136,0.05507186258867031,0.012059314730233854,0.09000117304571391,0.09000117304571391,0.0,0.11592953474669171,-0.057493047267990316,7.320408936959915e-06,3.200180230004753e-05,0.08171201747724724,-3.603437984201474,0,0.2786443026506312
27.13983999999784,-1.751319645840436,-1.1238135695572027,1.0000082100190335,-0.18187191971095157,0.09043862593714905,-7.96758864316802e-06,-2.0632131050959845,-1.802504039694344,0.7585629857327691,-0.18289505473679937,0.3541858980821304,-0.2771657049123119,-1.863181382852685,-1.5049107719524384,0.9039673465639547,-0.22025626960972886,0.2046687510878724,-0.1327330170187888,0.09000117304571391,0.09000117304571391,0.0,0.11564640808187304,-0.05735354970797116,7.29137186115627e-06,3.182423525031934e-05,0.08147941774441674,-3.603439760644346,0,0.2777979816680222
27.14399999999784,-1.7520752858021438,-1.123437813231766,1.0000081769539908,-0.18135359080985106,0.09018151810480424,-7.93561027013904e-06,-1.8083435062400537,-0.8041461804445289,0.63730165203082,-0.21410617123407844,-0.19103403287681403,0.25124736348403426,-1.8362092357591262,-1.1549192895074605,0.7711542796308745,-0.2162967112293788,0.0060597192542677265,0.05968501217403226,0.09000117304571391,0.09000117304571391,0.0,0.11536372893084001,-0.057214266305127326,7.26244831974818e-06,3.164767552043415e-05,0.08124739945911766,-3.603441532456702,0,0.27695407148549306
27.148159999997837,-1.7528287714736517,-1.1230631255198014,1.0000081440216593,-0.18083656116189728,0.08992505087149401,-7.903759589402457e-06,-0.9662108829132645,-1.2999866778906715,0.8731162913886484,-0.16749335986445554,0.002833402510352842,-0.02584026600553855,-1.4015537657946284,-1.227446187701509,0.8220822664328277,-0.19121876055103335,0.00352466053342459,0.016920899531604045,0.09000117304571391,0.09000117304571391,0.0,0.11508149816014357,-0.05707519754009435,7.2336384149274124e-06,3.147211723882821e-05,0.08101596161491759,-3.60344329965339,0,0.2761125660672686
27.152319999997836,-1.7535801082590472,-1.1226895037567044,1.000008111221509,-0.18032082849493722,0.08966922314326752,-7.8720360938099e-06,-1.9023602309703649,-1.1146704984280142,0.9668483862115955,0.011392804805331946,0.08301271855307886,0.09845570709555643,-1.6519372022207877,-1.1708851055610487,0.8946704134236892,-0.08973545727091921,0.04336731045338266,0.05802491429674046,0.09000117304571391,0.09000117304571391,0.0,0.11479971662227689,-0.05693634388606733,7.204941601711106e-06,3.129755456924258e-05,0.08078510320428042,-3.6034450622491967,0,0.27527345938808045
27.156479999997835,-1.754329301552941,-1.1223169452824342,1.0000080785530119,-0.17980639053454592,0.0894140338248296,-7.840439278665956e-06,-1.9166688370017793,-0.9928350836133615,1.2052317795517846,-0.020297159850487634,-0.21987557290649823,-0.12230007001776536,-1.7843471574108976,-1.0823156016638655,1.049698052334422,-0.05498813098736138,-0.08851704315671911,-0.03172371402029687,0.09000117304571391,0.09000117304571391,0.0,0.11451838515577312,-0.056797705809008836,7.176357328455054e-06,3.112398171053173e-05,0.0805548232185917,-3.6034468202588488,0,0.2744367454331777
27.160639999997834,-1.7550763567404581,-1.1219454474415194,1.0000080460156426,-0.17929324500408161,0.08915948181956948,-7.808968641716235e-06,-1.9223655051787547,-1.7782391981418095,1.2078233009924397,-0.18804436464024404,0.00888443928306673,-0.11413153896267975,-1.853749640746806,-1.4302639194640914,1.128522603319859,-0.1209226187226768,-0.03976040064443254,-0.07206187327516711,0.09000117304571391,0.09000117304571391,0.0,0.1142375045851956,-0.05665928376753651,7.147885036853718e-06,3.0951392896373594e-05,0.08032512064818366,-3.603448573697012,0,0.27360241819833764
27.164799999997832,-1.7558212791972279,-1.1215750075830628,1.0000080136088774,-0.1787813896247408,0.08890556602958988,-7.777623683210107e-06,-1.9268954994428567,-0.5359766641490342,1.2927232627892247,-0.23400473992976453,0.06239337257668073,0.029253393995518084,-1.8908096686149787,-0.9829832952282211,1.2106860450532537,-0.1775220121991751,0.010847183010367103,-0.0219477216317383,0.09000117304571391,0.09000117304571391,0.0,0.11395707572112901,-0.05652107821334501,7.119524590281348e-06,3.077978239496359e-05,0.08009599448236025,-3.603450322578292,0,0.2727704716898767
27.16895999999783,-1.7565640742893762,-1.1212056230607472,1.0000079813321945,-0.17827082211561346,0.08865228535573437,-7.74640390413142e-06,-1.3771318718633454,-1.782044063025988,0.9157560347234102,-0.16722144802642333,0.10867426192449277,0.13510599071511825,-1.634314927038786,-1.3822912832421996,1.0635008776954815,-0.17240339903114715,0.058817790870093076,0.056143520312490154,0.09000117304571391,0.09000117304571391,0.0,0.11367709936070453,-0.05638308959098731,7.091275418441997e-06,3.060914450903651e-05,0.07986744370942198,-3.6034520669172365,0,0.27194089992466003
27.17311999999783,-1.7573047473735168,-1.1208372912328406,1.0000079491850744,-0.17776154019373597,0.0883996386976157,-7.715308807984943e-06,-1.4749003207295333,-1.310226058308914,0.8883209812371964,-0.10449581711743434,0.09969196955951315,0.09915692692868551,-1.5548231946455968,-1.3460493790453705,0.9761146482786061,-0.13877226544285567,0.07856415732499954,0.07827202637182265,0.09000117304571391,0.09000117304571391,0.0,0.11339757628727087,-0.05624531833765542,7.06313715854894e-06,3.0439473575530507e-05,0.07963946731669029,-3.6034538067283317,0,0.2711136969301115
27.17727999999783,-1.7580433037967425,-1.1204700094622004,1.0000079171669998,-0.17725354157414544,0.08814762495364498,-7.68433789996662e-06,-1.5803418259758395,-0.9630366019831711,1.3433193098264447,-0.237171624725358,0.1723685368876619,-0.09417094766368546,-1.5680774501623385,-1.1541807444410117,1.1595236633805517,-0.18726785234317617,0.12495815426192985,-0.007932486770526706,0.09000117304571391,0.09000117304571391,0.0,0.11311850727059947,-0.0561077648840303,7.035109227649687e-06,3.0270763965230348e-05,0.07941206429053213,-3.603455542026006,0,0.27028885674422404
27.181439999997828,-1.7587797488966173,-1.1201037751162795,1.0000078852774552,-0.17674682396993321,0.08789624302105728,-7.653490687841199e-06,-1.3790141238039677,-0.9314091161718207,0.8123867229453059,-0.2572556379605301,-0.08321421689712624,0.19611846571417427,-1.4740787892372846,-1.0429665788192675,0.9863620259887591,-0.22262223003861065,0.020945012379747552,0.09343502710866172,0.09000117304571391,0.09000117304571391,0.0,0.11283989306719666,-0.055970429653422166,7.007191250300972e-06,3.0103010082855503e-05,0.07918523361638402,-3.6034572728246297,0,0.26946637341556823
27.185599999997827,-1.7595140880011686,-1.1197385855671298,1.0000078535159274,-0.17624138509229695,0.08764549179594093,-7.62276668110938e-06,-2.2132255830970524,-0.6906237551464245,0.9871977367785365,-0.03784158762551265,0.025864763917757445,0.04677026934393096,-1.8437368571418855,-0.8667387970910825,0.9868767063343367,-0.12986415779258648,0.02335340181483903,0.07032763505528895,0.09000117304571391,0.09000117304571391,0.0,0.11256173442008227,-0.05583331306251357,6.979382845064321e-06,2.9936206366585153e-05,0.07895897427877611,-3.6034589991385135,0,0.2686462410033021
27.189759999997825,-1.7602463264288795,-1.119374438191408,1.0000078218819048,-0.17573722265059383,0.08739537017326361,-7.592165391014861e-06,-1.9105829387577704,-0.9291131158557862,1.0462465331848443,0.05733923607544261,0.05741918192887348,0.16215368705159497,-1.877041938135914,-0.8978057333778592,1.0168980844262758,-0.0358722803865969,0.03979300304780789,0.11682415800638787,0.09000117304571391,0.09000117304571391,0.0,0.11228403205910203,-0.055696415521034104,6.9516836245060655e-06,2.977034728800667e-05,0.07873328526135603,-3.6034607209819107,0,0.26782845357717977
27.193919999997824,-1.7609764694886811,-1.1190113303703793,1.0000077903748785,-0.17523433435239225,0.08714587704689986,-7.5616863305859885e-06,-1.1357010641644232,-1.0586827141057698,1.0770020207645894,-0.106337197589936,0.018492218509083835,-0.06453807668259996,-1.5065897487329243,-0.9782052017922865,1.0468161465806851,-0.07001506152327079,0.028334047410427905,0.026197570679150683,0.09000117304571391,0.09000117304571391,0.0,0.11200678670102732,-0.055559737431862655,6.924092981026758e-06,2.9605427351892764e-05,0.07850816554691246,-3.603462438369017,0,0.2670130052175603
27.198079999997823,-1.761704522479946,-1.1186492594899224,1.000007758994341,-0.17473271790352318,0.08689701130965809,-7.531329015525186e-06,-2.009837744444425,-0.7534006280694837,0.6924463980771334,-0.11665763702613656,0.09791187261284541,0.05702773415551779,-1.7584617301795513,-0.8655963245699265,0.8697476525709873,-0.0924593795813794,0.06246291021424486,0.04149339728244395,0.09000117304571391,0.09000117304571391,0.0,0.11172999904954761,-0.055423279191236546,6.8966107287067526e-06,2.9441441095915237e-05,0.07828361411739862,-3.6034641513139705,0,0.26619989001541594
27.202239999997822,-1.7624304906924797,-1.1182882229405338,1.000007727739787,-0.1742323710081316,0.08664877185330681,-7.501092962468474e-06,-1.9408215406827607,-1.1410244841064126,0.9390441341833696,-0.1085008858784239,-0.015974326398341607,-0.03223443007132484,-1.849869446975937,-1.0033452612161295,0.9043287611626006,-0.10006712452530835,0.02310671363826944,0.0049084902045313855,0.09000117304571391,0.09000117304571391,0.0,0.11145366979526322,-0.0552870411886405,6.86923646212675e-06,2.9278383090507375e-05,0.0780596299539555,-3.603465859830852,0,0.26538910207234084
27.20639999999782,-1.763154379406516,-1.1179282181173313,1.0000076966107132,-0.1737332913687279,0.08640115756860127,-7.470977689892685e-06,-1.5473941623948557,-0.8422957351705658,0.5838933339191885,-0.2811980280553112,0.05281107135864084,0.07571020505618073,-1.6992152268968965,-0.9227077716720843,0.7442662126782069,-0.19030600564878458,0.03711356029054965,0.04033734218654215,0.09000117304571391,0.09000117304571391,0.0,0.11117779961631968,-0.05515102380690906,6.841969555701703e-06,2.911624793867858e-05,0.07783621203693503,-3.603467563933686,0,0.26458063550055816
27.21055999999782,-1.7638761938927088,-1.1175692424200592,1.0000076656066186,-0.17323547668623662,0.08615416734530966,-7.440982719031087e-06,-2.127090144915684,-1.2739096134487775,0.89220020144601,-0.2922647037976466,0.07036647262213404,0.07777780160720466,-1.9137636117265693,-1.0981643045429064,0.8183957063967083,-0.2412645517687831,0.05350452234014728,0.059204906320455185,0.09000117304571391,0.09000117304571391,0.0,0.11090238917765327,-0.05501522742232934,6.81480959135578e-06,2.8955030275752394e-05,0.0776133593459228,-3.6034692636364407,0,0.2637744844229286
27.21471999999782,-1.7645959394121256,-1.1172112932530915,1.0000076347270037,-0.1727389246600484,0.0859078000722389,-7.411107573034255e-06,-1.8668622637173573,-1.105544085052132,1.0874823369637971,-0.07004165104591913,0.0645951646924085,0.08190556171693018,-1.890459373655193,-1.1017201423184024,0.9531107161030777,-0.1551449798093514,0.059170277553431225,0.07081809358764345,0.09000117304571391,0.09000117304571391,0.0,0.11062743913173195,-0.05487965240442311,6.787756359188512e-06,2.8794724769241045e-05,0.07739107085976094,-3.603470958953027,0,0.26297064297295797
27.218879999997817,-1.7653136212162426,-1.1168543680254364,1.0000076039713712,-0.1722436329880688,0.08566205463726136,-7.381351776059842e-06,-1.633969086802427,-0.3703967656329631,0.9794623316416347,-0.24282008329228788,0.11758311471987093,0.035728660183457384,-1.7627183879588366,-0.7358088199783646,0.9663620895049235,-0.1985471426501483,0.08839838679017777,0.05276273006309173,0.09000117304571391,0.09000117304571391,0.0,0.11035295011865642,-0.054744299116477324,6.760809429799784e-06,2.863532611854402e-05,0.07716934555657076,-3.6034726498973004,0,0.26216910529480353
27.223039999997816,-1.7660292445469374,-1.1164984641507392,1.000007573339226,-0.17174959936676668,0.08541692992733926,-7.351714854209589e-06,-1.861055312992303,-1.122367653729461,1.3991378355064847,-0.23852732844679966,-0.016202803158537754,0.21463128561657882,-1.8123850826520718,-0.929123078782186,1.1832000318158955,-0.217854693421695,0.035352277181577636,0.13339134749230944,0.09000117304571391,0.09000117304571391,0.0,0.11007892276561965,-0.054609167915219664,6.733968153623732e-06,2.847682905479737e-05,0.07694818241377484,-3.6034743364830617,0,0.26136986554328207
27.227199999997815,-1.7667428146364843,-1.116143579047287,1.0000075428300745,-0.17125682149122484,0.08517242482855061,-7.322196336456056e-06,-1.837816963166094,-0.963364375597737,0.9752838325346054,-0.3733980468714579,0.11502902736474437,0.03150063135497426,-1.825878680565537,-0.9460042517828318,1.0793044362801925,-0.29522086589874297,0.07496533896454739,0.08320328938584975,0.09000117304571391,0.09000117304571391,0.0,0.10980535768786254,-0.05447425915092166,6.707232302774268e-06,2.8319228340776132e-05,0.07672758040811947,-3.6034760187240553,0,0.260572917883876
27.231359999997814,-1.7674543367075475,-1.1157897101380114,1.0000075124434256,-0.17076529705518675,0.08492853822611456,-7.292795752851472e-06,-1.8243594002836798,-1.0265161456724194,1.0494628352004842,-0.27874649523307254,0.37785625963592684,0.12411765744706116,-1.8256984284003785,-0.9854737867729897,1.0646424766176503,-0.2871703327457675,0.225888790657771,0.10323059317668189,0.09000117304571391,0.09000117304571391,0.0,0.10953225548792028,-0.054339573167501876,6.6806014298656745e-06,2.8162518770579112e-05,0.07650753851569653,-3.603477696633971,0,0.2597782564927408
27.235519999997813,-1.7681638159731772,-1.115436854850493,1.0000074821787897,-0.17027502375110626,0.08468526900441631,-7.263512635473976e-06,-1.6632446902937734,-1.5940906748940704,0.4525786756083314,-0.29496258916567647,0.039252657560872255,0.12411933354446802,-1.7450844578479137,-1.2897060217032874,0.7588654436351414,-0.2908151241176608,0.1331483562628151,0.11319960289844272,0.09000117304571391,0.09000117304571391,0.0,0.10925961675668577,-0.05420511030262934,6.654075081517031e-06,2.800669516951845e-05,0.07628805571196548,-3.6034793702264443,0,0.25898587555670993
27.23967999999781,-1.768871257636803,-1.1150850106169636,1.0000074520356792,-0.16978599927019306,0.08444261604703177,-7.234346518444005e-06,-1.676405349915515,-1.1269824241830144,0.44990097486210645,-0.153779870013118,0.025344860728857443,0.0419646940032543,-1.7110645170604701,-1.2082902363301888,0.6044689479117998,-0.2221927370677069,0.0791903324120119,0.07729084949416223,0.09000117304571391,0.09000117304571391,0.0,0.10898744207233546,-0.05407087088750612,6.6276530125227645e-06,2.7851752393822912e-05,0.07606913097177481,-3.603481039515055,0,0.2581957692733026
27.24383999999781,-1.76957666689223,-1.1147341748743105,1.0000074220136086,-0.16929822130246247,0.0842005782367529,-7.205296937032979e-06,-2.2060493218693242,-0.6441687867826837,0.7623580598097004,-0.19773189513559747,0.08958285215703213,0.024113866449096348,-1.958972777637239,-0.9260380683430942,0.6834632113607676,-0.20942633536515184,0.08382524360246878,0.05145272603952512,0.09000117304571391,0.09000117304571391,0.0,0.10871573200128598,-0.05393685524739866,6.601334758177687e-06,2.7697685330484022e-05,0.07585076326938381,-3.6034827045133304,0,0.25740793185072897
27.24799999999781,-1.7702800489236332,-1.1143843450640787,1.0000073921120942,-0.16881168753678133,0.08395915445561096,-7.1763634286166285e-06,-1.7609927989386573,-1.0342961794172103,1.4260203947241223,-0.29044610105963575,0.13163800715685098,-0.043304370931784734,-1.8605875286652203,-0.9798939510727077,1.0546571918575143,-0.24896632753132555,0.10766744217246217,0.003953005587384658,0.09000117304571391,0.09000117304571391,0.0,0.10844448709829624,-0.05380306370120705,6.575119847781392e-06,2.754448889718465e-05,0.07563295157848376,-3.6034843652347424,0,0.256622357507895
27.252159999997808,-1.7709814089055538,-1.1140355186324749,1.0000073623306545,-0.1683263956609134,0.0837183435849016,-7.147545532669768e-06,-1.6718087244365758,-1.387232775477897,0.6256906604069542,-0.09872656896640947,0.16060516776936234,0.09018977110002134,-1.7664009390426636,-1.1832307595491551,0.8403594235586666,-0.17444024159168964,0.13345974488925474,0.04662974302144997,0.09000117304571391,0.09000117304571391,0.0,0.10817370790582176,-0.05366949656167541,6.549007804638274e-06,2.7392158041941348e-05,0.07541569487221905,-3.60348602169271,0,0.25583904047440964
27.256319999997807,-1.7716807520028937,-1.1136876930303699,1.0000073326688095,-0.1678423433615675,0.08347814450520889,-7.11884279079552e-06,-1.5841306107167374,-1.5587078443171305,1.5945619310143582,-0.2567470550443523,0.08364363553266632,0.06102993009963537,-1.6757986469913184,-1.3707951962715172,1.2175917006974681,-0.21553013038429125,0.10722933869279608,0.05440331816976106,0.09000117304571391,0.09000117304571391,0.0,0.10790339495475776,-0.05353615413549592,6.522998360228082e-06,2.7240687743003233e-05,0.07519899212320823,-3.603487673900599,0,0.25505797499058874
27.260479999997806,-1.7723780833709122,-1.1133408657133015,1.0000073031260814,-0.16735952832444256,0.0832385560964291,-7.090254745869363e-06,-1.5617188220561502,-0.6584850264010516,1.1842145401106319,-0.14057590403825765,0.211046545324923,-0.008793952606950747,-1.619051927893112,-1.01419469224227,1.2008827815584753,-0.17728950590346582,0.15842733214540708,0.023681025597649057,0.09000117304571391,0.09000117304571391,0.0,0.1076335487644352,-0.05340303672341273,6.49709102653094e-06,2.709007300865711e-05,0.07498284230356496,-3.6034893218717228,0,0.25427915530746065
27.264639999997804,-1.7730734081552217,-1.1129950341414774,1.0000072737019943,-0.16687794823427263,0.08299957723779397,-7.0617809429370865e-06,-2.1422089680049794,-0.953773450485249,0.8789383118205439,-0.07686181106065429,0.10093182691277529,-0.11448572560998185,-1.8807944590898285,-0.9837737121677783,1.03966985506738,-0.12685126994125104,0.12968271185470673,-0.04524356261036536,0.09000117304571391,0.09000117304571391,0.0,0.10736416984250968,-0.0532701446201124,6.47128552370232e-06,2.694030887704121e-05,0.0747672443849185,-3.6034909656193403,0,0.2535025756867708
27.268799999997803,-1.7737667314917838,-1.1126501957797779,1.0000072443960737,-0.1663976007748723,0.08276120680789442,-7.033420928368019e-06,-2.216422128015791,-1.0695325439104242,0.7111240240270489,-0.21369206433703072,0.06868600222034574,-0.024550080445632658,-2.0490549721655382,-1.026511642072074,0.8753436617392231,-0.1703349711898523,0.09956274702745113,-0.03493884362959601,0.09000117304571391,0.09000117304571391,0.0,0.10709525868506453,-0.05313747811422101,6.445581566568632e-06,2.6791390415982646e-05,0.0745521973384342,-3.603492605156659,0,0.2527282304009867
27.272959999997802,-1.7744580585069054,-1.1123063480977582,1.0000072152078476,-0.16591848362918202,0.08252344368470431,-7.005174249833216e-06,-1.5821609263664318,-1.5105910084226828,1.3736244785193197,-0.2959553158853564,0.24087102657141712,0.037230862955487054,-1.8162206133042138,-1.2680540214577762,1.124566249995598,-0.23296752277841884,0.17035863277807814,0.000538401095512264,0.09000117304571391,0.09000117304571391,0.0,0.10682681577692732,-0.0530050374886222,6.419978436286084e-06,2.664331272279962e-05,0.07433770013483403,-3.603494240496835,0,0.2519561137333019
27.2771199999978,-1.7751473943172358,-1.1119634885696514,1.0000071861368458,-0.16544059447931153,0.08228628674560283,-6.97704045817068e-06,-1.9496998171390219,-1.6266587764966771,0.6847287880494217,-0.2866828342661756,0.0773459886790843,0.01745212528599879,-1.8835582724961464,-1.447197497958614,0.9046810383279935,-0.2594220183717934,0.12360200246797046,0.008851300240387758,0.09000117304571391,0.09000117304571391,0.0,0.1065588415914529,-0.05287282302013399,6.394475835690674e-06,2.649607092413586e-05,0.07412375174441656,-3.6034958716529704,0,0.2511862199776407
27.2812799999978,-1.7758347440297633,-1.1116216146743707,1.0000071571825995,-0.16496393100658477,0.0820497348673983,-6.949019105584235e-06,-1.5832552046939203,-1.1406300911067986,0.987817127383003,-0.06600289997850192,0.17793775798028072,-0.06502770338348182,-1.7335431991910917,-1.2935415583480796,0.9461148262696318,-0.16211039701002938,0.15077331457516646,-0.02828417587166982,0.09000117304571391,0.09000117304571391,0.0,0.10629133659105428,-0.0527408349798269,6.369073676459894e-06,2.6349660175722433e-05,0.07391035113707717,-3.6034974986381174,0,0.2504185434386613
27.2854399999978,-1.7765201127418115,-1.111280723895511,1.0000071283446421,-0.16448849089158218,0.08181378692635059,-6.921109744790972e-06,-1.7125712313698866,-1.1612884174973361,1.2203020927585153,-0.16555696313890247,-0.05182146520444504,-0.03150407973385662,-1.7234033544254534,-1.2275206888721817,1.0831444606099472,-0.16290436995231028,0.048930756663672886,-0.029706415819203916,0.09000117304571391,0.09000117304571391,0.0,0.10602430122655832,-0.052609073633235526,6.3437712230966054e-06,2.6204075662119882e-05,0.07369749728232766,-3.6034991214652763,0,0.24965307843176068
27.289599999997797,-1.7772035055410373,-1.1109408137213517,1.000007099622509,-0.1640142718141859,0.08157844179819265,-6.893311931711072e-06,-1.7474114363870126,-1.1121892299184544,0.5196735394329672,-0.12728716095231243,0.1509262510535021,-0.060374384027493594,-1.7356731136826604,-1.1695393284721036,0.8012799958104805,-0.14471496586361046,0.09948841358743832,-0.04528637188168951,0.09000117304571391,0.09000117304571391,0.0,0.10575773593805732,-0.052477539239822096,6.318568161783462e-06,2.605931259682519e-05,0.07348518914931612,-3.6035007401473957,0,0.2488898192830773
27.293759999997796,-1.7778849275054274,-1.1106018816448593,1.0000070710157372,-0.16354127145362132,0.08134369835815433,-6.865625223721021e-06,-2.021547894452335,-1.064119905630999,0.8818214522498943,-0.23182188585697233,0.18588428234737603,-0.037681777100283864,-1.8790951801045892,-1.1164423378137904,0.8414735234147117,-0.1880258672982114,0.14272521492631196,-0.041779216526130945,0.09000117304571391,0.09000117304571391,0.0,0.10549164115447918,-0.052346232053401304,6.293464173374049e-06,2.59153662218923e-05,0.07327342570684636,-3.603502354697374,0,0.24812876032949502
27.297919999997795,-1.778564383703296,-1.1102639251636885,1.0000070425238656,-0.16306948748850048,0.08110955548098439,-6.838049179644492e-06,-2.2407726804552555,-0.9705098491635595,1.2063262675595308,-0.2908669334982937,-0.05090232323716412,-0.1272065565889125,-2.0605412969425263,-1.043580451883515,1.0236391596770538,-0.23951623684516044,0.045685439273766795,-0.08511110116571953,0.09000117304571391,0.09000117304571391,0.0,0.10522601729401176,-0.052215152322245356,6.268458719222311e-06,2.5772231807728486e-05,0.07306220592339749,-3.6035039651280583,0,0.247369895918646
27.302079999997794,-1.779241879193283,-1.1099269417801845,1.000007014146435,-0.16259891759686362,0.08087601204097207,-6.810583360701238e-06,-1.8596294716349264,-0.7648277284070847,0.7647140002042536,-0.344395416345125,0.10407765910445996,-0.060061307200596784,-1.9607993632789305,-0.9039876350025797,0.8940480098709458,-0.29240474387338594,0.07582695070811046,-0.07170668501603221,0.09000117304571391,0.09000117304571391,0.0,0.10496086476388716,-0.05208430028908226,6.2435516830281156e-06,2.5629904652953678e-05,0.07285152876714288,-3.6035055714522457,0,0.24661322040891362
27.306239999997793,-1.7799174190243505,-1.1095909290013846,1.0000069858829879,-0.16212955945622176,0.08064306691196868,-6.783227328737996e-06,-1.7348551332507323,-1.0864097547573308,0.5830159960316228,0.033106270609189276,0.08572810013568928,0.04560704713971413,-1.84775786027826,-0.99502280467002,0.7386280140103975,-0.1291636798300575,0.0813275693215351,-0.0146566735801132,0.09000117304571391,0.09000117304571391,0.0,0.1046961839606998,-0.05195367619087993,6.218742515487274e-06,2.548838008434679e-05,0.07264139320596938,-3.603507173682684,0,0.2458587281694355
27.31039999999779,-1.780591008235782,-1.1092558843390203,1.0000069577330686,-0.16166141074359777,0.08041071896741012,-6.755980648015338e-06,-1.9781596564712922,-0.8678205993314908,0.6339695928470868,-0.22583423106340705,0.2216870147717553,-0.1647113146214707,-1.9134286475434643,-0.9309601606758245,0.6859538985300306,-0.177854331722788,0.1517153163095325,-0.08891572033398587,0.09000117304571391,0.09000117304571391,0.0,0.10443197527019027,-0.05182328025916505,6.194030875470951e-06,2.534765345649967e-05,0.07243179820749618,-3.603508771832069,0,0.2451064135801062
27.31455999999779,-1.7812626518571804,-1.108921805309519,1.0000069296962233,-0.16119446913556856,0.08017896708033799,-6.728842884354538e-06,-2.4544051339157082,-1.1466347612555,1.4135284009032838,-0.132436427102277,0.22929770579362752,-0.09244165097540212,-2.1841974538035624,-1.038322454370009,1.049553197432501,-0.15451661662741045,0.19070194880011235,-0.09030940106375307,0.09000117304571391,0.09000117304571391,0.0,0.10416823906788508,-0.0516931127200215,6.169416416521238e-06,2.5207720151782897e-05,0.07222274273909363,-3.6035103659130496,0,0.24435627103157903
27.31871999999779,-1.781932354908465,-1.1085886894340047,1.000006901772,-0.16072873230830442,0.07994781012342078,-6.701813605159116e-06,-1.6334929364132573,-0.9602500240184495,0.9570376703648439,-0.34385784833540345,0.26034220400659214,-0.040782612053444384,-1.909557633745521,-0.9987429681927813,1.0032094095043456,-0.2486568364028731,0.2249307652418065,-0.06528453617610477,0.09000117304571391,0.09000117304571391,0.0,0.1039049757183465,-0.051563173793981704,6.1448987868511655e-06,2.5068575580064944e-05,0.07201422576790173,-3.6035119559382234,0,0.2436082949252691
27.322879999997788,-1.7826001223998715,-1.1082565342383006,1.0000068739599484,-0.1602641979376116,0.07971724696897549,-6.6748923794294125e-06,-2.0698792770249077,-0.627258776607159,1.5478249923682121,-0.29066529443382405,-0.01859742809841375,-0.049774071759320325,-1.9903248182257056,-0.8130372734456767,1.2754172920740112,-0.2693383122713465,0.10333534695975555,-0.057438369023337536,0.09000117304571391,0.09000117304571391,0.0,0.1036421855761328,-0.05143346369634588,6.120477415174121e-06,2.4930215178607896e-05,0.0718062462608488,-3.6035135419201394,0,0.2428624796733545
27.327039999997787,-1.7832659593319506,-1.1079253372529299,1.00000684625962,-0.15980086369897079,0.07948727648898789,-6.648078778678054e-06,-1.5717140321928882,-1.2546192685181354,1.1027558894349154,-0.22683916239851004,0.26640059601682087,-0.1510635872690409,-1.7814893955069584,-1.0332766875354522,1.1887713729112128,-0.2475718320087728,0.18458445698520468,-0.10434029702781754,0.09000117304571391,0.09000117304571391,0.0,0.1033798689853696,-0.05130398263686009,6.096152152549417e-06,2.479263441192923e-05,0.07159880318466957,-3.603515123871298,0,0.24211881969877846
27.331199999997786,-1.7839298706955655,-1.107595096013117,1.0000068186705686,-0.15933872726757756,0.07925789755513418,-6.62137237518213e-06,-1.9809891729799254,-0.9427405744431292,0.6920940015110162,-0.11520866486113612,0.1195264134641032,0.07237042993343074,-1.8814820018729743,-0.9877586218558476,0.9405799015383285,-0.18058563986041626,0.1516921675166741,-0.01607386426643449,0.09000117304571391,0.09000117304571391,0.0,0.10311802627964123,-0.051174730820035125,6.071922417032303e-06,2.465582877150512e-05,0.07139189550592337,-3.6035167018041503,0,0.24137730943525149
27.335359999997785,-1.784591861471892,-1.1072658080587885,1.000006791192349,-0.158877786318383,0.0790291090388013,-6.594772743761169e-06,-1.7043074768947124,-1.0208798659961533,0.9749465516505591,-0.17515043614498194,0.12501477657696192,-0.13478133685898913,-1.7932586771022394,-1.0040598955450255,0.9574835174610198,-0.17745020813539306,0.13857008933332374,-0.07560832136094377,0.09000117304571391,0.09000117304571391,0.0,0.10285665778273817,-0.051045708445252636,6.047788049023953e-06,2.4519793775738675e-05,0.07118552219101232,-3.6035182757311,0,0.24063794332725186
27.339519999997783,-1.7852519366324175,-1.1069374709345756,1.0000067638245178,-0.1584180385261315,0.07880090981110673,-6.568279460043198e-06,-2.3949920449172044,-1.1354324817717047,1.1051173784604427,-0.08957225623991645,-0.1561517118706744,-0.030131459925620475,-2.0943165128873695,-1.0700714588211435,1.0312376218533252,-0.13321221081754786,-0.00898358300284028,-0.05230223233449786,0.09000117304571391,0.09000117304571391,0.0,0.10259576380812141,-0.05091691570622925,6.023748670092036e-06,2.4384524969821922e-05,0.07097968220619896,-3.603519845664502,0,0.23990071583002776
27.343679999997782,-1.78591010113894,-1.1066100821898135,1.000006736566634,-0.1579594815654006,0.07857329874292063,-6.541892101364344e-06,-2.101051650819334,-1.27896384199446,0.788290427401506,-0.16309321764262774,-0.05947638895960611,-0.11934507657727358,-2.0980242198522068,-1.1746418344772636,0.909514503412147,-0.14773645259100024,-0.034701250082390486,-0.08601799331304971,0.09000117304571391,0.09000117304571391,0.0,0.10233534465934951,-0.050788352791977326,5.99980368230459e-06,2.4250017925344822e-05,0.07077437451762417,-3.603521411616663,0,0.2391656214095977
27.34783999999778,-1.7865663599435677,-1.1062836393785431,1.000006709418258,-0.15750211311063908,0.07834627470488394,-6.515610247677046e-06,-1.7667452464336686,-1.1626331086835486,1.4700578957255672,-0.015582009703319327,0.0711263698014346,-0.14894164528910744,-1.9324163088809785,-1.1684880651610745,1.1894790635290915,-0.08095425404054743,0.017541458151250303,-0.11686794308274184,0.09000117304571391,0.09000117304571391,0.0,0.10207540062997084,-0.0506600198860562,5.9759529100755804e-06,2.4116268240371807e-05,0.07056959809132451,-3.6035229735998437,0,0.23843265454275173
27.35199999999778,-1.7872207179887185,-1.1059581400595122,1.000006682378952,-0.15704593083620563,0.07811983656742955,-6.489433479795856e-06,-1.5962464448226756,-1.412117494682823,1.218240631336998,-0.22524391573058178,0.04168205806709207,-0.0432784336144861,-1.7647991334590865,-1.2902165452425554,1.203769058634461,-0.15231658650689645,0.02901301050655562,-0.07961043911830516,0.09000117304571391,0.09000117304571391,0.0,0.10181593200352312,-0.05053191716689148,5.952195958985458e-06,2.398327153918027e-05,0.07036535189324984,-3.6035245316262556,0,0.23770180971705254
27.35615999999778,-1.7878731802071202,-1.1056335817961755,1.0000066554482796,-0.15659093241640734,0.07789398320080218,-6.4633613803057e-06,-1.1895559338777821,-1.883726371811636,0.4938845557857886,-0.2266467023158772,0.029503498840480508,-0.1083200533328434,-1.4776452262695725,-1.586915119810181,0.8485944374183388,-0.18933296644586536,0.02967877575694867,-0.09295373357864119,0.09000117304571391,0.09000117304571391,0.0,0.10155693905406749,-0.05040404480798821,5.928532429285622e-06,2.3851023472088194e-05,0.0701616348892806,-3.6035260857080633,0,0.23697308143083512
27.360319999997778,-1.78852375152181,-1.105309962156696,1.0000066286258065,-0.15613711552553608,0.07766871347507742,-6.437393533586262e-06,-1.612436500355912,-0.9377360461791769,0.7940031020927308,-0.22444027001681238,0.13794357536605276,0.09956921894461357,-1.5455085766638053,-1.262033676698278,0.8215050187577502,-0.2069127782824656,0.083590249260659,0.0035214515917252514,0.09000117304571391,0.09000117304571391,0.0,0.10129842204576117,-0.05027640297771635,5.9049621300689475e-06,2.371951971534851e-05,0.06995844604524482,-3.6035276358573856,0,0.23624646419320774
27.364479999997776,-1.7891724368461346,-1.1049872787139452,1.0000066019111,-0.15568447783790662,0.07744402626018156,-6.411529524954828e-06,-1.765774648023411,-0.9883433759547742,1.0495559362405404,-0.26611138055456707,0.054488525828709194,-0.24986802592803778,-1.6561959582516044,-1.1250736514019266,0.9350133232068462,-0.23684455342336927,0.06922145185960582,-0.12362259301185516,0.09000117304571391,0.09000117304571391,0.0,0.10104038123296388,-0.050148991839309986,5.881484437424254e-06,2.358875597093254e-05,0.06975578432693516,-3.603529182086293,0,0.23552195252405234
27.368639999997775,-1.7898192410837508,-1.1046655290455039,1.0000065753037295,-0.15523301702789438,0.07721992042591148,-6.385768942433165e-06,-2.170916985776552,-0.6355189170557085,0.9708214416978711,-0.08929545988053933,-0.056342292423022536,0.1070418340195595,-1.9137463944049768,-0.8804103534291234,0.953139765438938,-0.16279638881085248,0.006594041506527869,-0.008059201527868739,0.09000117304571391,0.09000117304571391,0.0,0.10078281686077262,-0.05002181155129429,5.8580989356157226e-06,2.345872796638841e-05,0.06955364870012595,-3.603530724406811,0,0.2347995409540238
27.372799999997774,-1.7904641691286256,-1.1043447107336624,1.0000065488032654,-0.15478273076997082,0.07699639484195284,-6.360111375914283e-06,-1.4922249423924003,-0.8731683752595325,0.9284975390995338,-0.24540476662893818,0.1948678451154349,-0.06107011407022165,-1.703495526706511,-0.8763859960107082,0.9406906819750347,-0.20295420292534452,0.10168142997371896,-0.03418919306415289,0.09000117304571391,0.09000117304571391,0.0,0.10052572916459446,-0.04989486226705764,5.834805631919587e-06,2.3329431454700864e-05,0.06935203813058965,-3.603532262830918,0,0.23407922402455053
27.376959999997773,-1.7911072258650371,-1.1040248213654211,1.0000065224092805,-0.15433361673874071,0.07677344837789984,-6.334556415387434e-06,-1.387631933409216,-1.1647603979576164,0.8287581655141278,-0.19553393613902675,0.04279447817446658,0.0745689135836077,-1.5459690110484814,-1.0204865859504288,0.8848782034120304,-0.19886643947294266,0.07242556530969174,0.02044171438014919,0.09000117304571391,0.09000117304571391,0.0,0.10026911837057467,-0.04976814413517164,5.811603887103584e-06,2.3200862214129576e-05,0.06915095158411358,-3.603533797370546,0,0.23336099628783344
27.38111999999777,-1.7917484161675745,-1.1037058585324908,1.0000064961213486,-0.15388567260897762,0.07655107990327392,-6.3091036536273235e-06,-1.4609222228299656,-1.0146963105024622,0.7142596684759379,-0.08394242132937448,0.18486965742683717,-0.05120538543775642,-1.5036203163447512,-1.0172076298783865,0.799461662335952,-0.1410767722657376,0.128998964645808,-0.015582089473981368,0.09000117304571391,0.09000117304571391,0.0,0.10001298469516962,-0.049641657299390934,5.788493484281379e-06,2.307301604799785e-05,0.06895038802651623,-3.603535328037583,0,0.2326448523068463
27.38527999999777,-1.7923877449011398,-1.1033878198312927,1.0000064699390459,-0.15343889605566116,0.07632928828754222,-6.283752684445225e-06,-2.0035266778194787,-1.2187357778541759,0.8598569691129181,-0.2543903276653568,0.16291836834745546,0.026356047272070963,-1.7541064478924973,-1.117631384106808,0.8297160304120514,-0.19756846593584548,0.14457914360186952,0.004676376890013078,0.09000117304571391,0.09000117304571391,0.0,0.09975732834600243,-0.049515401898545974,5.7654739877331365e-06,2.294588878469246e-05,0.06875034642366382,-3.603536854843869,0,0.2319307866553342
27.38943999999777,-1.7930252169209482,-1.103070702862959,1.0000064438619496,-0.1529932847540107,0.07610807240013666,-6.258503103579453e-06,-1.6863482453165548,-0.8954723239094214,0.3554154998846154,-0.11301843447901905,0.12554419163734568,0.029839463297841352,-1.720459913387348,-1.0062895222340293,0.5926257217607706,-0.156276948439484,0.13523168125657128,0.01667434802332121,0.09000117304571391,0.09000117304571391,0.0,0.09950214952111619,-0.049389378066756556,5.7425451705805105e-06,2.2819476277324924e-05,0.06855082574148617,-3.603538377801201,0,0.23121879391781344
27.393599999997768,-1.7936608370725295,-1.102754505233332,1.000006417889639,-0.15254883637952205,0.075887431110472,-6.233354507843134e-06,-1.65050028190744,-1.0041640548544748,0.7892241750247859,-0.2589858281378468,0.07200816146281372,-0.055835238323749044,-1.686017696853927,-1.0050759098734243,0.6908101740870524,-0.2079105465851104,0.10310037438197858,-0.019568914661419152,0.09000117304571391,0.09000117304571391,0.0,0.09924744840972283,-0.04926358593343175,5.719706587111657e-06,2.2693774403692625e-05,0.06835182494599301,-3.603539896921329,0,0.23050886868956988
27.397759999997767,-1.7942946101917296,-1.1024392245529655,1.0000063920216953,-0.15210554860800127,0.07566736328796402,-6.208306496024998e-06,-1.6861575052662394,-1.574556529287803,0.7032329807531259,-0.09703763049328282,0.1829357877281044,0.05935624878815549,-1.6862898685437846,-1.2894391186423293,0.6971447787577361,-0.1522739141780264,0.14273179886264892,0.020054438418066367,0.09000117304571391,0.09000117304571391,0.0,0.09899322519177695,-0.049138025623269965,5.696957786285661e-06,2.2568779066101132e-05,0.0681533430032896,-3.603541412215959,0,0.2298010055766582
27.401919999997766,-1.7949265411047113,-1.1021248584371237,1.0000063662577008,-0.15166341911560008,0.07544786780204761,-6.183358668931325e-06,-1.5745912597430525,-0.9403706664912357,1.0499406548855004,-0.17370578728964023,0.06874289110726821,-0.02442594593922112,-1.6308015357502237,-1.1147593396072202,0.8734945482263092,-0.1627719893221656,0.10568094328920964,-0.0022636770313106437,0.09000117304571391,0.09000117304571391,0.0,0.09873948003819089,-0.04901269725604504,5.674298525903101e-06,2.2444486191255953e-05,0.06795537887959266,-3.6035429236967524,0,0.2290951991959008
27.406079999997765,-1.7955566346279566,-1.1018114045057812,1.00000634059724,-0.15122244557885042,0.0752289435221958,-6.158510628473739e-06,-1.7450142744611035,-1.5179546491085616,0.588224375572675,-0.20215553512527454,0.2698875996571265,-0.009531812309720526,-1.6883291230810746,-1.3157959543238964,0.7308387362754362,-0.1824895417731329,0.18657020993525353,-0.006424490096506092,0.09000117304571391,0.09000117304571391,0.0,0.09848621311126365,-0.048887600947354504,5.651728344931056e-06,2.232089172997804e-05,0.06775793154124615,-3.603544431375326,0,0.22839144417488547
27.410239999997764,-1.7961848955682678,-1.101498860383623,1.0000063150398983,-0.15078262567469722,0.07501058931793565,-6.133761978624043e-06,-2.0907834425262513,-0.8928578159009639,0.8592441811914096,-0.10364709287787639,0.15791960155520018,0.010264423757792346,-1.889774327949345,-1.1039948987472226,0.7950652918307748,-0.1432435592385262,0.17197810140500402,0.0011568294726830362,0.09000117304571391,0.09000117304571391,0.0,0.09823342456404155,-0.04876273680776497,5.629247205348659e-06,2.2197991657214177e-05,0.06756099995473638,-3.603545935263252,0,0.22768973515196478
27.414399999997762,-1.79681132872277,-1.1011872237000444,1.0000062895852637,-0.1503439570805339,0.07479280405886772,-6.109112323639285e-06,-1.8516804037382673,-1.2197625464250776,0.5451295551434518,-0.11065555234620711,-0.047231244664697664,0.15187712701463524,-1.870958784464688,-1.161977796223974,0.6704128574109974,-0.12621843373976166,0.06239896755416574,0.07589049472743636,0.09000117304571391,0.09000117304571391,0.0,0.0979811145411747,-0.048638104943560245,5.60685442262655e-06,2.2075781971784076e-05,0.06736458308670781,-3.603547435372059,0,0.22699006677625327
27.41855999999776,-1.7974359388789127,-1.1008764920891498,1.000006264232925,-0.1499064374742342,0.07457558661468239,-6.084561270723962e-06,-1.29195072875887,-1.0667911552985145,1.425195417292925,-0.15085569094355775,0.1889326926934714,-0.0027703251770874993,-1.581764181694793,-1.1139899581838377,1.0478056977411028,-0.13867914169857007,0.1252360342940527,0.035583726965784365,0.09000117304571391,0.09000117304571391,0.0,0.09772928317827806,-0.04851370545631445,5.584549948751854e-06,2.195425869627333e-05,0.06716867990397793,-3.603548931713232,0,0.22629243370762644
27.42271999999776,-1.7980587308144718,-1.1005666631897533,1.0000062389824733,-0.14947006453418674,0.07435893585517801,-6.060108427421491e-06,-1.4796382477171885,-0.7347068981161518,0.5294046214636642,-0.17331344218306938,0.18105028100430567,0.04473803280862278,-1.5310617195643677,-0.9239699035372996,0.7886942477498263,-0.1556418292583933,0.1534803697886962,0.04032289125063542,0.09000117304571391,0.09000117304571391,0.0,0.09747793060246723,-0.0483895384432127,5.562333089203211e-06,2.1833417876868883e-05,0.06697328937355262,-3.603550424298211,0,0.225596830616718
27.42687999999776,-1.7986797092975524,-1.100257734645377,1.0000062138335009,-0.14903483593932731,0.0741428506502777,-6.035753404284382e-06,-1.9105189693644493,-0.7505219290819083,1.040565221618214,-0.19558930348895115,0.17581988405237814,-0.1249871227550568,-1.721199938783863,-0.8368783629020254,0.914371359705326,-0.1755557833330818,0.16434121771506152,-0.0422408215132609,0.09000117304571391,0.09000117304571391,0.0,0.09722705693246841,-0.04826560399705204,5.540203785975736e-06,2.1713255583246218e-05,0.06677841046264113,-3.6035519131383946,0,0.22490325218491744
27.431039999997758,-1.7992988790865907,-1.0999497041042519,1.0000061887856015,-0.14860074936917084,0.0739273298700461,-6.011495812219066e-06,-1.8891714155475814,-1.0793320159023119,0.8435804426152791,-0.23920926956355687,0.02691456710744291,-0.013114295505037345,-1.8056851990699903,-0.9580504763708348,0.8789466268311514,-0.20699464454081856,0.0954308488606783,-0.02695738820796594,0.09000117304571391,0.09000117304571391,0.0,0.09697666227808577,-0.04814190220592093,5.518161762897179e-06,2.1593767908418604e-05,0.06658404213867065,-3.603553398245137,0,0.22421169310436848
27.435199999997756,-1.7999162449303567,-1.0996425692193155,1.0000061638383713,-0.14816780250384531,0.07371237238470753,-5.98733526340665e-06,-1.8427000194174525,-1.2809660885469203,0.8061919559537171,-0.06411080150600842,0.14715294413360572,0.17095584937650993,-1.8243258713511485,-1.1192044525232518,0.842924312069848,-0.13572799759304008,0.12128104101175785,0.0720122489983098,0.09000117304571391,0.09000117304571391,0.0,0.09672674674095189,-0.0480184331539483,5.496206310791235e-06,2.14749509685257e-05,0.06639018336930143,-3.60355487962975,0,0.22352214807796558
27.439359999997755,-1.8005318115679572,-1.0993363276482127,1.0000061389914072,-0.1477359930241229,0.07349797706466095,-5.963271373085128e-06,-1.5960299339270623,-1.4233178328323155,0.9696546176408528,0.0628064277420178,0.20255660800151248,0.10793529246850277,-1.7100469343396452,-1.2708420360994301,0.9065138692986014,-0.0358653550006214,0.16195076388676638,0.09044491262728181,0.09000117304571391,0.09000117304571391,0.0,0.09647731041431717,-0.04789519692044919,5.474337356998079e-06,2.1356800902866627e-05,0.06619683312244112,-3.603556357303501,0,0.22283461181935185
27.443519999997754,-1.8011455837288382,-1.099030977053294,1.0000061142443082,-0.1473053186114517,0.07328414278049858,-5.939303756933507e-06,-2.104035937409588,-1.5898161234403034,1.0686788914480587,-0.1337044714627643,-0.05002161039303235,0.040189594957405095,-1.9073219972824509,-1.4304354990445096,0.9876800606352452,-0.08492142915703298,0.05604726824908222,0.0658242302158991,0.09000117304571391,0.09000117304571391,0.0,0.09622835338315916,-0.04777219358067328,5.452554610690514e-06,2.1239313873566814e-05,0.06600399036625942,-3.6035578312776178,0,0.22214907905291562
27.447679999997753,-1.801757566132788,-1.0987265151016148,1.0000060895966747,-0.14687577694798715,0.07307086840302131,-5.9154320319440944e-06,-1.7778638832079237,-0.9745011731438267,1.0894349417308267,-0.3024127350741408,0.01834048230686032,0.0670997532446799,-1.8432222119444173,-1.202426390165377,1.0386980343373697,-0.19309159715089114,0.036904003741507985,0.0663390116808663,0.09000117304571391,0.09000117304571391,0.0,0.09597987572407868,-0.047649423205699426,5.430857562207858e-06,2.1122486065450254e-05,0.0658116540692023,-3.6035593015632834,0,0.22146554451378767
27.451839999997752,-1.8023677634899407,-1.0984229394649345,1.0000060650481088,-0.14644736571662378,0.07285815280325458,-5.891655817348988e-06,-2.149657807663841,-0.9731599188527091,1.0741675270031816,-0.16123318983827295,0.21786556867800366,-0.027563985398893397,-1.9967771678873998,-1.0873387901070872,1.0563758034294217,-0.1773310601366823,0.12756262169479066,0.019342144984961254,0.09000117304571391,0.09000117304571391,0.0,0.09573187750562329,-0.0475268858621157,5.4092459107309044e-06,2.100631368608666e-05,0.06561982320000621,-3.60356076817164,0,0.22078400294783818
27.45599999999775,-1.8029761805007782,-1.0981202478197158,1.000006040598214,-0.1460200826010259,0.07264599485246566,-5.867974733765431e-06,-1.5979868588632749,-1.0175785282494674,0.3571279586369184,-0.029406634583896724,0.023552119793258913,0.09080223506513309,-1.7974427064631269,-1.052408145862447,0.7069360409684265,-0.10226340793371176,0.07506518360929679,0.05497774548510037,0.09000117304571391,0.09000117304571391,0.0,0.0954843587880767,-0.047404581612340846,5.387719564948087e-06,2.0890792965487528e-05,0.06542849672771231,-3.603562231113787,0,0.22010444911167332
27.46015999999775,-1.8035828218561352,-1.0978184378471234,1.0000060162465958,-0.14559392528565868,0.07243439342217944,-5.84438840227376e-06,-1.2990734750300463,-1.0618774401355664,1.325350970556738,-0.0010832404483551439,0.0665694746392347,0.04753352313097203,-1.5482576842375706,-1.0570039770199215,1.0162478035822926,-0.051281802720290016,0.0706160792675006,0.05072616751512035,0.09000117304571391,0.09000117304571391,0.0,0.0952373196238897,-0.04728251051462529,5.3662777870393385e-06,2.0775920156006915e-05,0.06523767362168043,-3.603563690400782,0,0.21942687777263178
27.46431999999775,-1.804187692237201,-1.0975175072330225,1.0000059919928606,-0.145168891455818,0.07222334738419442,-5.82089644716519e-06,-1.6698564783130974,-1.3343598440272648,1.4013503396365588,-0.18146832147012898,-0.013186770496511666,0.009383655061017506,-1.60943630768138,-1.1957118505978532,1.2088209238695564,-0.115921142197075,0.02899466250507992,0.030230763598821226,0.09000117304571391,0.09000117304571391,0.0,0.09499076005736273,-0.047160672623159344,5.34492068987164e-06,2.0661691532158567e-05,0.06504735285160294,-3.603565146043642,0,0.21875128370878114
27.468479999997747,-1.8047907963155247,-1.0972174536679784,1.0000059678366169,-0.1447449787976611,0.07201285561059806,-5.797498492368784e-06,-1.5993586899585264,-1.4646628279210976,1.3958610557615305,-0.3173229096960438,0.13460744380911815,-0.09250042217373448,-1.6050571746989373,-1.3299103174403275,1.3021506341906488,-0.21674185797469614,0.08231156300148201,-0.031479790075670276,0.09000117304571391,0.09000117304571391,0.0,0.09474468012497012,-0.047039067987860506,5.323647526299063e-06,2.054810339059115e-05,0.06485753338751847,-3.6035665980533422,0,0.21807766170891402
27.472639999997746,-1.8053921387530174,-1.0969182748472543,1.0000059437774744,-0.14432218499823632,0.07180291697378313,-5.774194165033294e-06,-1.7718752800191189,-1.0343474945792384,1.1006786002581865,-0.14512285137126127,0.13376145118258578,-0.13443035909651632,-1.6887693952929772,-1.1818489375327625,1.201135127950827,-0.18086513888515543,0.1081869118492673,-0.08368501335759092,0.09000117304571391,0.09000117304571391,0.0,0.0944990798552568,-0.046917696654695334,5.3024583998627065e-06,2.0435152049820465e-05,0.06466821419982555,-3.6035680464408157,0,0.2174060065725445
27.476799999997745,-1.805991724201957,-1.0966199684708107,1.0000059198150448,-0.14390050774551294,0.0715935303464627,-5.7509830919973485e-06,-2.099221793132501,-0.8910603551120191,0.8049842424102097,-0.0431379015593063,-0.09703265523515726,-0.06267039064116382,-1.8940886886232289,-1.0366538411704334,1.0029262615036671,-0.11177150343222894,0.005303940372474203,-0.07303526275299964,0.09000117304571391,0.09000117304571391,0.0,0.09425395926905594,-0.046796558665573945,5.281352554090765e-06,2.0322833850245457e-05,0.06447939425929614,-3.6035694912169562,0,0.21673631310990363
27.480959999997744,-1.806589557304992,-1.0963225322433037,1.000005895948941,-0.14347994472841036,0.07138469460168552,-5.727864903353396e-06,-2.0067910704072216,-0.8847276639611484,0.6388361700826151,-0.17726174369538733,0.09892310733880792,0.12512045549617906,-1.9508092447067815,-0.9604842330776172,0.8211390870141559,-0.14457143574892284,0.052252167507098414,0.025947197227474347,0.09000117304571391,0.09000117304571391,0.0,0.09400931837949267,-0.04667565405813745,5.260329869027917e-06,2.0211145153961936e-05,0.06429107253708896,-3.6035709323926155,0,0.21606857614193575
27.485119999997742,-1.8071856426951454,-1.0960259638740835,1.0000058721787777,-0.14306049363682713,0.07117640861285242,-5.704839229801959e-06,-1.7818064937650318,-1.6397793839100745,1.0299695022429456,-0.19638505614080567,-0.04069674675853277,0.02458955798781782,-1.8667155211549442,-1.3002197490729122,0.9256070004789891,-0.17030215902093987,0.005081237337867084,0.025220862704707567,0.09000117304571391,0.09000117304571391,0.0,0.09376515719198841,-0.046554982866400696,5.23939000655146e-06,2.010008234447791e-05,0.06410324800476286,-3.6035723699786053,0,0.21540279050029368
27.48927999999774,-1.807779984995819,-1.0957302610771928,1.0000058485041705,-0.14264215216166998,0.07096867125372983,-5.681905703580866e-06,-1.7150293610944545,-0.9522911781842586,0.49402344897915995,-0.13602616487984368,0.13165115782776282,0.24505586740625465,-1.7911544903361145,-1.1259786886799148,0.7103224603671807,-0.1530797228223228,0.06811299270116267,0.13486148762231998,0.09000117304571391,0.09000117304571391,0.0,0.09352147570426467,-0.046434545120219606,5.218532838046333e-06,1.9989641826779425e-05,0.06391591963428986,-3.603573803985697,0,0.2147389510273348
27.49343999999774,-1.8083725888207975,-1.095435421571366,1.0000058249247374,-0.1422249179948829,0.07076148139846572,-5.659063957547654e-06,-1.9661866983986276,-1.1162394041087262,1.1165544452253666,-0.11465267639819615,-0.022477375507211683,-0.020280601413469806,-1.8789100971247954,-1.1211559409189573,0.9133989743867014,-0.13396302652876416,0.022924768152059204,0.05736670309729207,0.09000117304571391,0.09000117304571391,0.0,0.09327827390666793,-0.046314340845399204,5.197757588388979e-06,1.9879820027155328e-05,0.06372908639806829,-3.6035752344246212,0,0.2140770525761162
27.49759999999774,-1.8089634587742538,-1.095141443080026,1.0000058014400974,-0.14180878882947484,0.07055483792160495,-5.63631362792184e-06,-2.121172588695035,-1.2152446573118165,1.3558171386829319,-0.06354759866367217,0.14339269781674274,0.09638263383193685,-2.000174228591962,-1.1679025221152624,1.134811329180435,-0.09923426173210784,0.08306315244123673,0.07701461614178884,0.09000117304571391,0.09000117304571391,0.0,0.0930355517820674,-0.046194370064229995,5.177064333142886e-06,1.977061339294309e-05,0.06354274726893577,-3.6035766613060694,0,0.21341709001038964
27.501759999997738,-1.809552599450752,-1.0948483233312838,1.000005778049871,-0.14139376235954776,0.0703487396981025,-5.613654350697722e-06,-2.0398278357131727,-1.1968373126480223,1.106328153802528,-0.10305328893194018,0.09061153502681424,0.037508931536093124,-2.020215573453837,-1.1821820961661158,1.120648393528363,-0.10118392872682788,0.08705115500899528,0.056863349821933404,0.09000117304571391,0.09000117304571391,0.0,0.09279330930564567,-0.04607463279474133,5.1564527161997495e-06,1.966201839259048e-05,0.06335690122018181,-3.603578084640693,0,0.21275905820459756
27.505919999997737,-1.8101400154352534,-1.0945560600579365,1.0000057547536803,-0.1409798362803257,0.07014318560333968,-5.591085763479309e-06,-2.2031553463737934,-1.4790035646256345,0.6873298490410489,-0.16409820221993246,0.03697647141114364,0.159739060205695,-2.1120293809591986,-1.3305165219064647,0.9043188679274063,-0.13200164020420566,0.06130753727908047,0.10804161103421162,0.09000117304571391,0.09000117304571391,0.0,0.0925515464455442,-0.04595512905134433,5.135922376788329e-06,1.9554031515406058e-05,0.06317154722556073,-3.603579504439103,0,0.2121029520438674
27.510079999997735,-1.8107257113031208,-1.0942646509974652,1.000005731551149,-0.1405670082881811,0.06993817451313782,-5.5686075054560425e-06,-1.4759608795056476,-0.8533490647394871,0.4614702845715962,-0.1078329377249981,-0.0023608136707386346,-0.030517445423320046,-1.794216346889992,-1.0919337859108484,0.6828286256200593,-0.11925616131989289,0.02919909689784642,0.03847110113776359,0.09000117304571391,0.09000117304571391,0.0,0.09231026316244112,-0.04583585884451313,5.115472735303876e-06,1.944664927145941e-05,0.06298668425930423,-3.6035809207118716,0,0.21144876642400678
27.514239999997734,-1.8113096916201235,-1.0939740938920328,1.0000057084419023,-0.1401552760806628,0.06973370530377312,-5.546219218365798e-06,-2.3399839895057197,-0.6125960238485293,1.319237771101906,-0.11075128469627966,-0.06357495726353485,0.06841934763315456,-2.067334877419944,-0.8523916216923096,1.0011786212720823,-0.11474905204975204,-0.018222087530156795,0.05408792093040726,0.09000117304571391,0.09000117304571391,0.0,0.09206945940987626,-0.04571682218121437,5.095103849324273e-06,1.9339868191411906e-05,0.06280231129613381,-3.6035823334695327,0,0.21079649625149802
27.518399999997733,-1.8118919609424422,-1.0936843864884829,1.0000056854255668,-0.13974463735652284,0.0695297768519899,-5.523920543798591e-06,-1.5232046460691655,-0.2024574430475231,1.613355816628714,-0.32989903062792214,0.07852326769893918,0.02912703943504998,-1.795952256049241,-0.527255552669126,1.3073331075809365,-0.22225186739518138,0.029612744862630644,0.04111788518990174,0.09000117304571391,0.09000117304571391,0.0,0.09182913513414964,-0.04559801906437466,5.074815130585039e-06,1.9233684826507023e-05,0.0626184273112731,-3.6035837427225794,0,0.21014613644349303
27.522559999997732,-1.8124725238166746,-1.093395526538337,1.0000056625017704,-0.13933508981574358,0.06932638803501588,-5.501711125909439e-06,-1.841989443219635,-1.0253784467353635,1.4161268327468908,-0.1542059194482726,0.20273913297556673,-0.06592040909243607,-1.8192926703236236,-0.7758986653262034,1.3615927400317358,-0.1878703495620378,0.11610307803446053,-0.011971812724647908,0.09000117304571391,0.09000117304571391,0.0,0.09158929027453988,-0.04547944949330987,5.054606628004305e-06,1.91280957483282e-05,0.06243503128046011,-3.603585148481467,0,0.20949768192780757
27.52671999999773,-1.8130513847798395,-1.093107511797793,1.0000056396701429,-0.13892663115956394,0.06912353773057582,-5.4795906087391724e-06,-1.8915260187958152,-1.1080826919739926,0.8169110893136244,-0.09375582201207573,0.2524407554142658,-0.15187095161669179,-1.8556042569324127,-0.941469915321096,1.088932302360586,-0.14110879346834876,0.1852160395187345,-0.08195390158915179,0.09000117304571391,0.09000117304571391,0.0,0.09134992476298909,-0.0453611134637274,5.03447753048729e-06,1.902309754865001e-05,0.062252122179959436,-3.6035865507566114,0,0.20885112764291622
27.53087999999773,-1.8136285483593833,-1.0928203400277225,1.0000056169303153,-0.138519259090507,0.06892122481690509,-5.457558639827981e-06,-2.616940694168101,-0.6408549534461774,0.9465845531605303,-0.12608001725195675,0.11020943755945779,0.03693686461223014,-2.236542059373702,-0.790931307325384,1.0178335867810984,-0.13262714480307047,0.14781799135854198,-0.022192760172632473,0.09000117304571391,0.09000117304571391,0.0,0.09111103852464192,-0.04524301096772834,5.014427877626261e-06,1.891868683944423e-05,0.06206969898657437,-3.6035879495583902,0,0.20820646853794597
27.53503999999773,-1.814204019073185,-1.0925340089936693,1.00000559428192,-0.13811297131240532,0.06871944817276321,-5.43561486664935e-06,-1.8883794453452447,-1.56882416631875,0.6487140439042244,-0.009901976600162204,0.06624939715009538,-0.025696760934136302,-2.0624801313063355,-1.1797456160509843,0.8332182250385467,-0.07068608701571694,0.10715082969992372,-0.024156643148278166,0.09000117304571391,0.09000117304571391,0.0,0.09087263147785168,-0.0451251419934888,4.9944574915122434e-06,1.8814860252825988e-05,0.061887760677658755,-3.6035893448971437,0,0.20756369957267065
27.539199999997727,-1.8147778014295617,-1.0922485164658466,1.000005571724591,-0.1377077655304262,0.06851820667744879,-5.413758937516219e-06,-1.72604599214432,-1.0552460028453898,0.8310355265189462,-0.03613125028358026,0.13390464545529734,-0.0003333661118395481,-1.894336603123296,-1.1172154941656904,0.8321270357901506,-0.053053308676843706,0.1200806097051139,-0.012664221377217934,0.09000117304571391,0.09000117304571391,0.0,0.09063470353375813,-0.04500750652579627,4.9745655477277794e-06,1.8711614440607712e-05,0.06170630623112876,-3.6035907367831723,0,0.2069228157175051
27.543359999997726,-1.8153498999272746,-1.0919638602191348,1.000005549257964,-0.1373036394510988,0.06831749921081216,-5.391990504293363e-06,-1.7915323056175758,-0.8038983749416355,1.4109110058144425,-0.2663470821432192,0.006361235192314532,-0.026003582288049287,-1.843487229168921,-0.9605425853983064,1.1214691991322416,-0.15992696896342706,0.06374484050318607,-0.01943642409335733,0.09000117304571391,0.09000117304571391,0.0,0.0903972545969341,-0.044890104546159354,4.954752072542454e-06,1.860894607434813e-05,0.06152533462547475,-3.6035921252267396,0,0.20628381195349854
27.547519999997725,-1.8159203190555344,-1.0916800380330796,1.0000055268816757,-0.13690059078233846,0.06811732465326761,-5.37030921883234e-06,-1.3911299762734515,-1.1102727890461968,1.2131578664370544,-0.0644781765069581,0.1454784688460477,0.06180680503814384,-1.6174398476047414,-1.0351067680419002,1.167443477260048,-0.11206562321215884,0.10490649833842905,0.020821032114408316,0.09000117304571391,0.09000117304571391,0.0,0.09016028456507091,-0.044772936031954785,4.935016874724626e-06,1.8506851845418384e-05,0.061344844839772664,-3.603593510238071,0,0.20564668327232896
27.551679999997724,-1.8164890632940072,-1.0913970476918886,1.0000055045953642,-0.13649861723347242,0.06791768188580914,-5.348714733873725e-06,-1.7814551705116124,-0.8377896814866898,0.9636300414104693,-0.21808457545890161,0.00807661808320171,0.017273975304104988,-1.6999034493690117,-0.9364286735948603,1.0655737266232432,-0.1644994616580213,0.05583837459143778,0.017862897147177363,0.09000117304571391,0.09000117304571391,0.0,0.08992379332898387,-0.04465600095760533,4.91535954487528e-06,1.8405328464550756e-05,0.06116483585369572,-3.6035948918273544,0,0.2050114246762966
27.555839999997723,-1.8170561371128209,-1.0911148869844303,1.0000054823986695,-0.13609771651526556,0.06771856979002133,-5.327206703977371e-06,-1.6419116030157368,-0.861401817031103,1.1007590139115841,-0.11735092185609378,0.07711745273468203,0.023959686872461524,-1.671150948284885,-0.8987564151605318,1.0832166365521883,-0.14105255905030467,0.0674848219554033,0.020822127266057432,0.09000117304571391,0.09000117304571391,0.0,0.08968778077325962,-0.04453929929362044,4.89577966893247e-06,1.8304372662030764e-05,0.060985306647525814,-3.60359627000474,0,0.20437803117831718
27.55999999999772,-1.8176215449725706,-1.09083355370423,1.000005460291233,-0.13569788633994326,0.06751998724809422,-5.3057847855241815e-06,-1.6535468335463062,-1.0272589362580071,0.9644488677151671,-0.17499005774213833,0.09493561312737424,0.009717448714289742,-1.6627119816883615,-0.9628106313677801,1.0238526340231875,-0.15838470250933487,0.0809775510810081,0.015029620692783945,0.09000117304571391,0.09000117304571391,0.0,0.08945224677530045,-0.044422831007453756,4.8762768281713095e-06,1.8203981187265844e-05,0.060806256202164684,-3.603597644780341,0,0.2037464978019159
27.56415999999772,-1.8181852913243257,-1.090553045649468,1.000005438272697,-0.13529912442121844,0.06732193314283455,-5.284448636749363e-06,-1.8834404046757112,-1.3746361403329825,1.0303439807401995,-0.2619545002735896,0.045721602265111835,0.0334745950938909,-1.7736241746477,-1.16863195101696,1.0271688695199663,-0.20940364190292995,0.06372834049440573,0.02382272651555462,0.09000117304571391,0.09000117304571391,0.0,0.08921719120661259,-0.04430659606297152,4.856851027545108e-06,1.8104150808987417e-05,0.060627683499145296,-3.603599016164233,0,0.20311681958121974
27.56831999999772,-1.8187473806096353,-1.0902733606229777,1.0000054163427057,-0.13490142847431316,0.06712440635767933,-5.263197915947584e-06,-1.8314703710131526,-1.14979616044515,1.3187048094413278,-0.27126235483755073,0.15748186125621155,0.0008065877857154355,-1.803112517152014,-1.1588852579930828,1.1729423424946273,-0.2400300831925554,0.11006621454510727,0.011457683044616187,0.09000117304571391,0.09000117304571391,0.0,0.08898261393153029,-0.0441905944204547,4.837502054505934e-06,1.8004878314957784e-05,0.06044958752064265,-3.6036003841664557,0,0.20248899156095224
27.572479999997718,-1.8193078172605353,-1.0899944964322414,1.0000053945009044,-0.13450479621598554,0.06692740577670928,-5.2420322824185545e-06,-1.7481335827790023,-1.7736589957110955,1.015342809528976,0.003968710043223939,0.12131876448103766,0.11086822922777137,-1.7756148003345085,-1.4660237277205446,1.09437241373187,-0.11785882900517154,0.1155179448935389,0.0609941529104299,0.09000117304571391,0.09000117304571391,0.0,0.08874851480861129,-0.04407482603713617,4.818229264167933e-06,1.790616051183469e-05,0.060271967249485164,-3.6036017487970105,0,0.2018630087964248
27.576639999997717,-1.8198666056995543,-1.0897164508893886,1.0000053727469402,-0.13410922536455092,0.06673093028466015,-5.2209513982411805e-06,-1.6809442059602133,-1.1714662534736213,0.4852304810478655,-0.21810191828835648,-0.0387986430367105,0.008743892698047562,-1.7287327051978654,-1.318824331708469,0.7898158748061723,-0.16786872030104488,0.038707181917066236,0.034630583757092125,0.09000117304571391,0.09000117304571391,0.0,0.0885148936894678,-0.04395929086677619,4.799032434657302e-06,1.780799422508278e-05,0.06009482166916516,-3.6036031100658636,0,0.20123886635353108
27.580799999997716,-1.8204237503397205,-1.089439221811193,1.0000053510804614,-0.13371471363990772,0.06653497876693573,-5.199954926510027e-06,-1.3473187127407615,-1.176040117173543,1.3295715206739072,0.006671145921201077,0.021481166236484654,0.04282658652231826,-1.5380102725098979,-1.2473866549618478,1.0597871634676022,-0.08007705876025777,0.030148097286638104,0.03843439325334881,0.09000117304571391,0.09000117304571391,0.0,0.08828175041962782,-0.0438439888597717,4.779911340103439e-06,1.7710376298925164e-05,0.05991814976384997,-3.603604467982944,0,0.20061655930873923
27.584959999997714,-1.8209792555845687,-1.0891628070190695,1.0000053295011175,-0.13332125876356002,0.06633955010962042,-5.1790425313721915e-06,-1.360915284581,-1.4115645679991324,1.533074243641377,-0.22471997304381416,0.14877886431791953,0.02202726623010891,-1.4499285928469767,-1.3291645293511214,1.2964783255027839,-0.15256115046666274,0.08812144282830488,0.03095599403237154,0.09000117304571391,0.09000117304571391,0.0,0.08804908483854207,-0.043728919963373025,4.760865750638936e-06,1.761330359616238e-05,0.05974195051839254,-3.603605822558145,0,0.19999608274908431
27.589119999997713,-1.8215331258281464,-1.0888872043390716,1.0000053080085598,-0.13292885845863983,0.06614464319949094,-5.158213878017045e-06,-2.3342632913546995,-0.8240527883697875,0.8255735470658491,-0.23870910127892397,0.1408410041237625,0.1264178687741254,-1.892599553649103,-1.0763118126208633,1.0612864708387897,-0.1951894322802728,0.11430160454642044,0.07825565800467149,0.09000117304571391,0.09000117304571391,0.0,0.08781689677894927,-0.043614084121472996,4.741895218229022e-06,1.7516772998027763e-05,0.059566222918341856,-3.603607173801323,0,0.19937743177216183
27.593279999997712,-1.822085365455021,-1.088612411601888,1.0000052866024405,-0.1325375104499322,0.06595025692402887,-5.137468633606815e-06,-1.6501146833277847,-0.5127537933466313,1.4190272694359345,-0.3176067667607726,0.2367483777371062,-0.06594770278975147,-1.7720175159847174,-0.7940370594364251,1.2400234024750403,-0.255677928618856,0.17581992765629306,0.005586991999251418,0.09000117304571391,0.09000117304571391,0.0,0.08758518606784477,-0.04349948127482356,4.722999718517113e-06,1.7420781404190057e-05,0.05939096594995372,-3.6036085217222986,0,0.19876060148611946
27.59743999999771,-1.8226359788402873,-1.0883384266428404,1.0000052652824136,-0.13214721246389613,0.06575639017143234,-5.116806465498629e-06,-1.947962459386641,-1.30138985558991,0.9170953966607713,-0.09381877983026893,0.04828644845767453,-0.10866223228777765,-1.8601879888900223,-1.0476156852849292,1.0783321090617448,-0.17397509034618105,0.11163435795290397,-0.05200319284090462,0.09000117304571391,0.09000117304571391,0.0,0.08735395252595335,-0.043385111360824985,4.704178581304266e-06,1.732532573256598e-05,0.05921617860020094,-3.6036098663308573,0,0.19814558700964985
27.60159999999771,-1.8231849703495735,-1.0880652473018795,1.0000052440481342,-0.13175796222868785,0.06556304183062854,-5.096227043939476e-06,-1.9365303507187643,-1.323426399822017,0.39934406463841177,-0.05472282367492311,0.015163174849851739,-0.03939144167480902,-1.898472672360393,-1.185491084064929,0.7387531343347076,-0.11476699672888808,0.06323688312047854,-0.04653081277823004,0.09000117304571391,0.09000117304571391,0.0,0.08712319596794993,-0.04327097431395632,4.6854319877447225e-06,1.7230402919146028e-05,0.059041859856783716,-3.6036112076367486,0,0.19753238347198274
27.60575999999771,-1.8237323443390492,-1.0877928714235825,1.000005222899259,-0.1313697574741831,0.06537021079128451,-5.075730038516359e-06,-1.748961132890773,-1.1788635074177005,0.36828621817463836,-0.24791134901788653,0.024299216886674066,0.11546051689599801,-1.824230488306722,-1.1821266326749134,0.553757549667339,-0.18181942578210913,0.04373446621685057,0.03430483235714189,0.09000117304571391,0.09000117304571391,0.0,0.08689291620235967,-0.04315707006535119,4.666759045475371e-06,1.7136009918007296e-05,0.058868008708139755,-3.6036125456496864,0,0.1969209860128775
27.609919999997707,-1.8242781051554324,-1.08752129685715,1.0000052018354462,-0.13098259593199987,0.06517789594381963,-5.055315122626186e-06,-1.695671922067767,-1.1470465262177012,0.7708488507150661,-0.08150788537912848,0.08234201497874098,0.10705203025822585,-1.760119683523633,-1.1644149137322466,0.6625286987660345,-0.1317451360598293,0.06296304471833596,0.07004177553260456,0.09000117304571391,0.09000117304571391,0.0,0.08666311303199253,-0.04304339854312131,4.648159926990715e-06,1.704214370116722e-05,0.05869462414345455,-3.603613880379349,0,0.19631138978261478
27.614079999997706,-1.824822257135997,-1.0872505214564023,1.0000051808563546,-0.13059647533551924,0.06498609617941682,-5.0349819690478355e-06,-1.6031082511721242,-0.9145622425227387,0.8965513317055983,-0.1877359288042199,-0.13316648132731684,-0.22136523108790482,-1.6820036838529036,-1.0397622714738377,0.7790825253847279,-0.15957831002831238,-0.03583000273000499,-0.07627096556684135,0.09000117304571391,0.09000117304571391,0.0,0.08643378625363063,-0.0429299596722528,4.629634373779587e-06,1.694880125845912e-05,0.0585217051526712,-3.603615211835381,0,0.19570358994198883
27.618239999997705,-1.82536480460858,-1.0869805430797772,1.0000051599616453,-0.13021139341990762,0.06479481039003412,-5.014730251719843e-06,-2.2296712915140486,-1.1229170072923096,0.9442519846728554,-0.004520944487922757,0.18626968056355397,-0.13836358389546946,-1.955850517627659,-1.0809517661049506,0.8613812614998836,-0.08215849876298541,0.07471534603097911,-0.10762244473140092,0.09000117304571391,0.09000117304571391,0.0,0.08620493565803483,-0.042816753374609356,4.611181694992904e-06,1.685597959741859e-05,0.05834925072650041,-3.60361654002739,0,0.19509758166229954
27.622399999997704,-1.8259057518915889,-1.0867113595903255,1.00000513915098,-0.12982734792213896,0.06460403746841635,-4.994559647575077e-06,-2.1140624961161105,-0.8406818123356806,0.8045949607769756,-0.08770726436664725,-0.02892053434906204,-0.054381946814892654,-2.0351403814914217,-0.9608764570560805,0.8328753860656833,-0.08476953382896567,0.02347875947512652,-0.08138313459904875,0.09000117304571391,0.09000117304571391,0.0,0.08597656103048695,-0.04270377956914931,4.5928020511347556e-06,1.6763675743160126e-05,0.05817725985643041,-3.6036178649649506,0,0.19449336012534366
27.626559999997703,-1.8264451032940097,-1.0864429688557085,1.0000051184240224,-0.12944433658101473,0.06441377630810574,-4.9744698329442065e-06,-1.8563393735554419,-0.9507870095607954,0.6652312290004121,0.08501799804689589,0.07208694115777702,0.03652747890390083,-1.9455632416477584,-0.955682003763687,0.7491277091495807,0.0008106985334239107,0.04791427587940196,-0.022242370325283204,0.09000117304571391,0.09000117304571391,0.0,0.08574866215015614,-0.04259103817171517,4.574494957533005e-06,1.667188673830014e-05,0.05800573153473654,-3.603619186657602,0,0.19389092052340723
27.6307199999977,-1.8269828631154146,-1.086175368748194,1.0000050977804371,-0.1290623571371864,0.06422402580345356,-4.9544604862906625e-06,-1.9833695480654656,-1.320232432302212,0.8142858495047806,-0.11705867122022412,0.14656699282884353,-0.0817010767797344,-1.9647106201750135,-1.1376548108262756,0.7815355469727681,-0.05788461250724651,0.09718476413451878,-0.051125281742157525,0.09000117304571391,0.09000117304571391,0.0,0.08552123879085455,-0.04247852909525074,4.5562599248525884e-06,1.6580609642851867e-05,0.057834664754490984,-3.6036205051148484,0,0.19329025805925645
27.6348799999977,-1.8275190356459694,-1.085908557144654,1.00000507721989,-0.12868140733317496,0.06403478484963075,-4.934531288199103e-06,-2.0317250291404547,-0.8846524191332952,1.5430028625282373,-0.09003256334346381,0.07963999477075537,-0.07337491254114431,-1.9984039512598084,-1.0109856003434283,1.162120471218006,-0.07472944879117271,0.08812721884422343,-0.06155424430139877,0.09000117304571391,0.09000117304571391,0.0,0.0852942907204039,-0.04236625224959076,4.538097101607184e-06,1.6489841534097863e-05,0.057664058509572236,-3.6036218203461603,0,0.19269136794612993
27.6390399999977,-1.8280536251664419,-1.0856425319265597,1.0000050567420486,-0.12830148491339302,0.06384605234263954,-4.914681918725908e-06,-1.7965037789955176,-0.8799014411384684,0.5100745799421924,0.10595582371629139,0.16654832367611277,-0.09786037297552837,-1.8972323087886784,-0.9450958462979827,0.835888394008597,0.015717739736375212,0.1271685382708775,-0.07921349148744121,0.09000117304571391,0.09000117304571391,0.0,0.08506781770128452,-0.04225420754189174,4.520005991134252e-06,1.6399579506492974e-05,0.05749391179467467,-3.603623132360974,0,0.19209424540772924
27.643199999997698,-1.8285866359482092,-1.0853772909799793,1.0000050363465818,-0.12792258762416417,0.06365782717932314,-4.89491206009287e-06,-1.6230578479722984,-0.8236707011566893,0.7178765192902006,-0.14349298234031102,0.24326080583721058,0.13866850121535654,-1.7604433260249566,-0.8838768074732778,0.7771720165647173,-0.06305762932600374,0.18537977334691488,0.028771478818366544,0.09000117304571391,0.09000117304571391,0.0,0.08484181949021574,-0.04214239487599433,4.5019860921083145e-06,1.6309820671618576e-05,0.05732422360531775,-3.6036244411686913,0,0.19149888567821116
27.647359999997697,-1.8291180722532665,-1.0851128321955734,1.0000050160331593,-0.12754471321374405,0.06347010825737819,-4.875221396702907e-06,-1.7380602917961399,-0.9763735689153411,0.6415180898871725,-0.0912105082089063,-0.016187320556193,0.05639741337265825,-1.7494411886615449,-0.9301595646146568,0.7094605922691943,-0.0772182534976185,0.0846379846348974,0.042975377490774416,0.09000117304571391,0.09000117304571391,0.0,0.08461629583848457,-0.042030814153388635,4.484037541052647e-06,1.622056215791268e-05,0.05715499293785546,-3.6036257467786807,0,0.1909052840021781
27.651519999997696,-1.8296479383342346,-1.0848491534685927,1.0000049958014525,-0.12716785943234027,0.06328289447536319,-4.855609612477303e-06,-1.9830264090736436,-0.5916334677528137,0.33894243626437304,-0.03808962269945994,0.06192290380838917,-0.14073992383298956,-1.8663158506165165,-0.7607658903364608,0.5239069755853347,-0.05708331584132688,0.07354194518007784,-0.049249878181386514,0.09000117304571391,0.09000117304571391,0.0,0.08439124649195356,-0.04191946527214907,4.4661598293142945e-06,1.613180111083612e-05,0.05698621878948542,-3.6036270492002767,0,0.1903134356346697
27.655679999997695,-1.8301762384343685,-1.084586252698873,1.0000049756511342,-0.12679202403213208,0.06309618473271131,-4.836076393542817e-06,-2.096191195921693,-0.9604340673052784,1.04122186351273,-0.2052709230733042,0.06390506125102273,-0.0073701220973996845,-1.9816822001278875,-0.8604696687401964,0.7825542926406033,-0.1311143771034575,0.0693075734553774,-0.029073762681160867,0.09000117304571391,0.09000117304571391,0.0,0.08416667119106958,-0.04180834812789974,4.448352657747936e-06,1.604353469248521e-05,0.056817900158258,-3.60362834844278,0,0.1897233358411536
27.659839999997693,-1.8307029767875656,-1.0843241277908324,1.0000049555818782,-0.12641720476729004,0.06290997792973924,-4.816621427374924e-06,-2.22439803384107,-1.2977962787558095,1.4174196031509994,-0.2061256865232556,-0.11024130164620641,-0.047412014262354016,-2.103471165092046,-1.0793644007680663,1.0998925788396405,-0.16831986337823468,-0.020903450414285762,-0.03814751511070488,0.09000117304571391,0.09000117304571391,0.0,0.08394256967076447,-0.04169746261328386,4.430615937382007e-06,1.5955760081629803e-05,0.05665003604308527,-3.6036296445154585,0,0.18913497989751657
27.663999999997692,-1.8312281576183738,-1.0840627766534672,1.0000049355933598,-0.1260433993939963,0.06272427296765817,-4.797244401889141e-06,-1.6666283872550183,-0.821732908967144,0.7247882778654662,-0.1894715335209412,0.02795936325822808,0.06440309060805328,-1.8854409138928871,-0.9504901964905537,0.9124718519965638,-0.17884662354636383,0.004245632697691187,0.013077047335801537,0.09000117304571391,0.09000117304571391,0.0,0.08371894166078436,-0.041586808618288146,4.41294914757315e-06,1.5868474473611616e-05,0.05648262544375005,-3.6036309374275466,0,0.18854836309005515
27.66815999999769,-1.8317517851420007,-1.083802197200348,1.0000049156852555,-0.12567060567046326,0.06253906874858356,-4.7779450072834265e-06,-2.1893018657955112,-1.0655443632973909,0.8295644464060467,-0.23315153524113336,0.057708512756227355,0.14573492716712622,-2.0378594857461567,-1.0078964796089909,0.8713203174012731,-0.20550455740529885,0.03021712677540321,0.07957832350927183,0.09000117304571391,0.09000117304571391,0.0,0.08349578688569809,-0.04147638603003273,4.395352191356195e-06,1.5781675080278113e-05,0.05631566736091463,-3.603632227188245,0,0.18796348071546634
27.67231999999769,-1.8322738635643212,-1.0835423873496166,1.0000048958572434,-0.12529882135695233,0.06235436417554563,-4.758722934231386e-06,-1.0779032351753015,-1.426582020641284,1.3112470687585152,-0.1273534380330609,0.04416989153812982,-0.11761291295558429,-1.5581409939657438,-1.2171519035764413,1.0910433105725463,-0.16573229239478404,0.03795993370061066,-0.01956751900420974,0.09000117304571391,0.09000117304571391,0.0,0.08327310506458507,-0.04136619473277474,4.377824540094177e-06,1.5695359129810655e-05,0.056149160796129485,-3.6036335138067215,0,0.18738032808083868
27.67647999999769,-1.832794397081887,-1.0832833450239812,1.0000048761090023,-0.12492804421579404,0.06217015815249996,-4.73957787569742e-06,-1.9057627243994921,-1.1494910416065147,0.7251515196938466,0.07926466362760856,0.11277443110040661,-0.032478165016141675,-1.7317890788192003,-1.183084784904446,0.9080280497135562,-0.04341521189728213,0.07457060123329638,-0.0263819424082889,0.09000117304571391,0.09000117304571391,0.0,0.08305089591157822,-0.04125623460844681,4.360366302998881e-06,1.5609523866587248e-05,0.05598310475184209,-3.6036347972921123,0,0.1867989005036422
27.680639999997688,-1.8333133898819345,-1.0830250681507132,1.0000048564402126,-0.12455827201140574,0.06198644958433579,-4.720509524284313e-06,-1.6152163281621998,-0.9326711272682902,1.2662080107738707,-0.10751007239745272,0.02313867166053824,-0.19013122644410357,-1.6737258376822046,-1.0578279445299679,1.0867235700636366,-0.07529886094216112,0.04879468460455364,-0.10752527144610072,0.09000117304571391,0.09000117304571391,0.0,0.08282915913555189,-0.041146505535805886,4.3429771582764336e-06,1.5524166551238806e-05,0.05581749823140532,-3.6036360776535195,0,0.18621919331171952
27.684799999997686,-1.8338308461423942,-1.0827675546616429,1.000004836850556,-0.12418950251031077,0.06180323737688786,-4.701517574015066e-06,-1.7412051815907565,-1.486328727139283,0.8371612086640081,-0.30022204418156995,-0.11455996314770886,-0.04632735139973705,-1.708090409464372,-1.272318775372933,0.9618432032430243,-0.18775830676178745,-0.0332762235767681,-0.07641079355636012,0.09000117304571391,0.09000117304571391,0.0,0.08260789444034453,-0.04103700739139886,4.325656565965594e-06,1.5439284460358093e-05,0.05565234023908608,-3.603637354900013,0,0.1856412018432757
27.688959999997685,-1.834346770031899,-1.0825108024931556,1.0000048173397156,-0.12382173348115665,0.06162052043694429,-4.68260172125767e-06,-1.223985155477258,-0.9206004380806678,0.9428660639246813,-0.3069827318411723,0.25649511480282744,-0.009684432949962993,-1.4666739280223617,-1.0959240665104042,0.9523348321033631,-0.24687343340877888,0.11179444158913458,-0.04328011281951787,0.09000117304571391,0.09000117304571391,0.0,0.08238710152455345,-0.04092774004881869,4.308404409783317e-06,1.535487488660401e-05,0.05548762978007362,-3.603638629040631,0,0.1850649214468692
27.693119999997684,-1.8348611657097937,-1.082254809586188,1.0000047979073754,-0.12345496269473402,0.061438297672257496,-4.6637616629429495e-06,-2.1827287773890207,-0.8895428782963613,0.9230795727839107,-0.1541802177848317,0.15477563590903223,-0.013005275486384076,-1.8250272440184054,-0.9924095459882002,0.9376803365037326,-0.20044122301429998,0.13301616961920457,-0.02833185409415273,0.09000117304571391,0.09000117304571391,0.0,0.08216678008229217,-0.0408187033790286,4.291220355945313e-06,1.5270935138546928e-05,0.05532336586048803,-3.6036399000843784,0,0.18449034748140117
27.697279999997683,-1.8353740373261438,-1.0819995738862231,1.000004778553221,-0.12308918792399268,0.06125656799155378,-4.644997097487958e-06,-2.156970291407119,-0.7973465834476647,1.6745120280778036,-0.09406789567604151,0.15610490616403921,0.016112719278443564,-1.9911964435834013,-0.8945528651349447,1.3061334422109228,-0.1474082048740196,0.14497211334560756,-0.0054344129917930795,0.09000117304571391,0.09000117304571391,0.0,0.08194692980213056,-0.04070989725068702,4.274104280841066e-06,1.5187462540348523e-05,0.05515954748738819,-3.603641168040229,0,0.18391747531610647
27.70143999999768,-1.8358853890217441,-1.0817450933432875,1.0000047592769388,-0.12272440694406175,0.061075330304541604,-4.626307723891981e-06,-1.5184961068679181,-0.6802536042499904,0.9328849188107774,-0.19843573970646966,-0.015514122114470612,-0.13316430015467687,-1.7552583046969492,-0.7874329827594634,1.1192302839684811,-0.17167015322866436,0.06424818624718377,-0.06962446453076689,0.09000117304571391,0.09000117304571391,0.0,0.08172755036806548,-0.04060132152961744,4.257055843358817e-06,1.5104454431991651e-05,0.05499617366878015,-3.6036424329171237,0,0.18334630033054322
27.70559999999768,-1.8363952249281286,-1.081491365911946,1.0000047400782168,-0.12236061753226606,0.06089458352192201,-4.607693242680652e-06,-1.3618704026966992,-0.909230170819375,0.8899318677598116,0.0225767222982574,0.0244651210680464,0.0014635962943789532,-1.5585139225785134,-0.848282663004566,1.0045837172733894,-0.07490509197507195,0.04489806466497631,-0.03466279783764945,0.09000117304571391,0.09000117304571391,0.0,0.08150864145910264,-0.04049297607913277,4.2400749125605705e-06,1.502190816904278e-05,0.054833243413625166,-3.6036436947239725,0,0.1827768179145831
27.70975999999768,-1.8369035491675791,-1.0812383895512985,1.0000047209567444,-0.12199781746814409,0.06071432655539775,-4.589153355002105e-06,-1.883344526412296,-1.077007533636018,0.5043273081813627,0.030149130084194536,0.021183090850859884,0.11276227850396167,-1.720869347218755,-0.9626029932493472,0.7546876996909304,-0.022115896704883408,0.03321262057900652,0.038489630229438986,0.09000117304571391,0.09000117304571391,0.0,0.08129020274958634,-0.04038486076003962,4.22316092583654e-06,1.4939821122533212e-05,0.054670755731847716,-3.6036449534696526,0,0.18220902346840082
27.713919999997678,-1.8374103658531353,-1.0809861622249748,1.000004701912212,-0.12163600453346465,0.060534558317682355,-4.570687764435359e-06,-1.8741937301741245,-1.3627526917932686,0.8721310079434996,-0.15641792280735042,-0.033602667029338076,-0.04530750252176768,-1.7978565027204862,-1.1627492920850389,0.813314892748447,-0.08995725501784842,-0.0007884515497774852,-0.002901295724772251,0.09000117304571391,0.09000117304571391,0.0,0.08107223390899518,-0.040276975430642556,4.206313744255124e-06,1.4858190678846965e-05,0.05450870963434331,-3.603646209163011,0,0.181642912402464
27.718079999997677,-1.837915679088603,-1.080734681901131,1.0000046829443112,-0.12127517651224444,0.06035527772250925,-4.552296175207267e-06,-1.4644016954930963,-1.3401520397188724,1.6267290006960042,-0.1104529869120937,0.13329319697423583,0.0005759408694280654,-1.6313575718776325,-1.2511729527686588,1.2200281160731126,-0.09969069873376935,0.06542226411913608,-0.0008164837265919507,0.09000117304571391,0.09000117304571391,0.0,0.08085473460195103,-0.040169319946855214,4.1895332255540536e-06,1.4777014239645278e-05,0.054347104132986365,-3.603647461812862,0,0.18107848013752345
27.722239999997676,-1.8384194929685647,-1.080483946552445,1.000004664052735,-0.12091533119076545,0.06017648368464033,-4.53397829223351e-06,-2.234192459418376,-1.4343564856320299,0.8242723545800769,-0.05627194225637272,0.052104947005908585,0.06249675137731101,-1.9328960308631964,-1.34265735281893,1.022277843594551,-0.07810292128930364,0.05863394274846274,0.030650411855803108,0.09000117304571391,0.09000117304571391,0.0,0.08063770448854915,-0.04006189416199084,4.1728190099698255e-06,1.4696289221871881e-05,0.05418593824063803,-3.60364871142799,0,0.1805157221046021
27.726399999997675,-1.8389218115783879,-1.0802339541561121,1.0000046452371774,-0.1205564663575911,0.05999817511987547,-4.515733822014772e-06,-1.8561690650197527,-0.9644135436476292,0.591217169848143,-0.20345834418088438,0.1940789850533976,-0.0033751035028246295,-1.8949539861857003,-1.1531283009444644,0.8067395766645029,-0.1413555271930252,0.12595259945406126,0.012626994748981117,0.09000117304571391,0.09000117304571391,0.0,0.080421143224154,-0.039954697926980254,4.156170733742135e-06,1.4616013057575233e-05,0.05402521097115382,-3.603649958017147,0,0.17995463374498505
27.730559999997674,-1.839422638994236,-1.079984702693841,1.0000046264973337,-0.12019857980358321,0.059820350945061114,-4.49756247263885e-06,-1.9285296537639987,-1.1588157679034057,1.6161520048163962,-0.10165418310469045,0.08489097349517935,-0.01720141805168593,-1.9119537462952176,-1.1557957396082283,1.2114156067085942,-0.12138543923885026,0.10553795902049329,-0.0022519157671365133,0.09000117304571391,0.09000117304571391,0.0,0.08020505045972948,-0.03984773109037622,4.139588457455001e-06,1.4536183193841825e-05,0.05386492133939122,-3.603651201589054,0,0.1793952105102085
27.734719999997672,-1.8399219792830774,-1.079736190151849,1.0000046078329006,-0.11984166932191763,0.059643010078098836,-4.479463952028472e-06,-1.9279274720915245,-1.0550279119464092,0.8061169552566692,-0.16998893197302972,-0.14215321556468527,-0.009228532576449027,-1.9202940762354528,-1.1057079499962743,1.0087441574401084,-0.14578830372401153,-0.017736512014729228,-0.005695352369339719,0.09000117304571391,0.09000117304571391,0.0,0.07998942584142096,-0.039740993498144014,4.123071596516219e-06,1.4456797092672647e-05,0.05370506836121709,-3.6036524421524025,0,0.17883744786204994
27.73887999999767,-1.8404198365026945,-1.0794884145208574,1.0000045892435756,-0.1194857327081015,0.0594661514379548,-4.461437970623661e-06,-1.5672049734788667,-1.1175463093616882,1.3735626836862422,-0.19054899897790256,0.18719098994070196,-0.02159759130277864,-1.7441435988935765,-1.1112384284660337,1.1911098999291916,-0.16806557983803166,0.08498712503211071,-0.013091969225008519,0.09000117304571391,0.09000117304571391,0.0,0.07977426901088547,-0.03963448499430722,4.10662020418233e-06,1.4377852230820099e-05,0.053545651053515275,-3.603653679715852,0,0.17828134127251674
27.74303999999767,-1.8409162147016944,-1.079241373796088,1.000004570729058,-0.11913076775998932,0.05928977394466651,-4.443484238717283e-06,-1.5572445366803889,-1.095948428043677,1.2184006687109152,-0.17054857451172686,0.05245059694659028,-0.10467205998273184,-1.651046728947902,-1.103485472855954,1.2045367216445968,-0.16967576191935194,0.06932069522735765,-0.05837665823158521,0.09000117304571391,0.09000117304571391,0.0,0.07955957960551518,-0.03952820541999032,4.090233688533666e-06,1.429934609998817e-05,0.05338666843419388,-3.603654914288032,0,0.17772688622383584
27.74719999999767,-1.8414111179195185,-1.0789950659772574,1.0000045522890477,-0.11877677227779793,0.059113876519353556,-4.425602469161127e-06,-1.669781271678044,-1.0940248335228209,1.5490816641355962,0.024125616295845587,0.06455788413082758,0.04324542107465373,-1.6603658302501654,-1.0986206826241396,1.3769020490465096,-0.07188377766257784,0.06687908355037088,-0.0078106124568437865,0.09000117304571391,0.09000117304571391,0.0,0.07934535725802,-0.03942215461438475,4.073911881328734e-06,1.4221276206381582e-05,0.05322811952219257,-3.603656145877541,0,0.1771740782084429
27.751359999997668,-1.8419045501864524,-1.0787494890685732,1.0000045339232462,-0.11842374406412332,0.058938458084224356,-4.407792375577488e-06,-1.9700550180886605,-1.192555161935386,1.5427232187493432,-0.015031971663308372,0.19456845978920492,-0.06740253901746965,-1.8152431351803802,-1.145183618047001,1.4596733440309648,-0.04380872460633413,0.13058827238001586,-0.0374802069312916,0.09000117304571391,0.09000117304571391,0.0,0.07913160159697152,-0.03931633241421943,4.057654825165932e-06,1.4143640070860609e-05,0.053070003337489804,-3.6036573744929483,0,0.17662291272897107
27.755519999997667,-1.8423965155236355,-1.0785046410787291,1.000004515631356,-0.11807168092395517,0.05876351756258508,-4.390053671498671e-06,-1.7350506197259612,-1.0892069361122791,1.3045138703814017,-0.18931410798504383,0.17334779436929942,-0.07521095489045593,-1.7755401324970483,-1.116834489697096,1.3819367631479997,-0.11652885388193752,0.15204351968516502,-0.056669301703160965,0.09000117304571391,0.09000117304571391,0.0,0.07891831224627871,-0.03921073865397885,4.041461917467452e-06,1.4066435228718727e-05,0.052912318901109895,-3.6036586001427917,0,0.17607338529824057
27.759679999997665,-1.8428870179430716,-1.0782605200209006,1.0000044974130806,-0.11772058066469362,0.05858905387884769,-4.3723860730442884e-06,-1.7347218575771421,-1.6835568778003767,1.2350076609408625,-0.2092033726578303,-0.026951100755556803,-0.002669710840903308,-1.755566397312268,-1.4002551463101867,1.3084673730647935,-0.16259525345667214,0.062288117597456304,-0.03051061698156501,0.09000117304571391,0.09000117304571391,0.0,0.07870548882583908,-0.03910537316590777,4.02533319350422e-06,1.3989659229713001e-05,0.05275506523513021,-3.6036598228355796,0,0.17552549143924706
27.763839999997664,-1.8433760614476389,-1.07801712391274,1.0000044792681253,-0.1173704410961632,0.05841506595853796,-4.354789296265086e-06,-1.8794353689471737,-0.9742528339152642,0.9515879340199275,-0.03460948052302694,0.08374683214805599,0.00742727312722946,-1.817574171074899,-1.1870762244987068,1.1300406383041852,-0.09840165138254514,0.07273063059808811,-0.011560211933134338,0.09000117304571391,0.09000117304571391,0.0,0.07849313095112143,-0.03900023577980195,4.009268043370951e-06,1.3913309637921056e-05,0.052598241362688,-3.60366104257979,0,0.17497922668515103
27.767999999997663,-1.8438636500310999,-1.0777744507763722,1.0000044611961958,-0.11702126003062864,0.05824155272830435,-4.337263059833304e-06,-1.8417395821665197,-0.7686108953463441,1.1151417004338748,-0.1412385767247323,0.07438661322869124,0.024986405491917864,-1.8299521663279985,-0.9776854837524198,1.1226432713943075,-0.11916897221615909,0.07335369141653195,0.0065976246246703014,0.09000117304571391,0.09000117304571391,0.0,0.07828123823349653,-0.03889532632354724,3.993266709181664e-06,1.3837384031575207e-05,0.052441846307987455,-3.6036622593838725,0,0.17443458657926608
27.772159999997662,-1.8443497876781116,-1.0775324986383892,1.0000044431969997,-0.1166730352828093,0.05806851311592466,-4.319807081478627e-06,-2.0974459244034445,-0.5398484831303042,0.9050122116658514,-0.1479802753931174,0.1409930483077117,-0.020997723845348225,-1.9640087773843824,-0.7584706965480358,1.013783340707381,-0.13354125184474402,0.10718745829619918,-0.007581367970765701,0.09000117304571391,0.09000117304571391,0.0,0.0780698102799266,-0.03879064462269696,3.977328360199168e-06,1.3761880003066947e-05,0.05228587909630633,-3.6036634732562454,0,0.17389156667504824
27.77631999999766,-1.8448344783642363,-1.077291265529846,1.0000044252702451,-0.11632576466989476,0.05789594605031445,-4.302421082494535e-06,-2.0925811405906845,-0.9252062867580895,1.2290562800267133,0.007993261619218775,0.0275523874095754,0.07827773709191656,-2.028281218804259,-0.8417810939371638,1.1215840092026723,-0.06182816408954977,0.06677095119673891,0.035401808562209564,0.09000117304571391,0.09000117304571391,0.0,0.07785884669340312,-0.03868619050047639,3.961453231210017e-06,1.3686795158929763e-05,0.05213033875400295,-3.603664684205298,0,0.17335016253608432
27.78047999999766,-1.8453177260559512,-1.0770507494862565,1.0000044074156418,-0.11597944601155881,0.05772385046153542,-4.285104783249745e-06,-2.144371348277844,-0.9148895747018895,0.8867894583523559,-0.227280948805771,0.008256597614127371,-0.005935230922408112,-2.086801140935497,-0.8783171047062853,1.0041723236338156,-0.14391537120363995,0.036763706884398284,0.014938878433053837,0.09000117304571391,0.09000117304571391,0.0,0.07764834707274335,-0.038581963778001174,3.945640912490672e-06,1.3612127119602956e-05,0.05197522430852279,-3.6036658922393903,0,0.1728103697360807
27.78463999999766,-1.8457995347106595,-1.0768109485475865,1.0000043896329005,-0.11563407712997409,0.057552225280802914,-4.26785790591034e-06,-1.874122269033388,-0.2462377983206694,0.8251419709683688,-0.16152915364981396,-0.1724315880324209,-0.018437935578100962,-1.9807965062557296,-0.5626301943500869,0.9146193623742389,-0.15257036812621896,-0.06853550208999078,-0.0026216538370890745,0.09000117304571391,0.09000117304571391,0.0,0.07743831101270762,-0.03847796427449608,3.929890990320792e-06,1.3537873519344068e-05,0.05182053478840518,-3.603667097366853,0,0.1722721838588516
27.788799999997657,-1.8462799082767005,-1.076571860758251,1.000004371921733,-0.11528965584982637,0.057381069440492476,-4.250680174442071e-06,-2.2947003596483446,-1.2975263264407602,0.9451478277677494,-0.15760745304630208,0.07499130850763029,-0.01343760369165773,-2.138077825944794,-0.9299258954011813,0.9298551140375867,-0.1553878901778469,0.002484152495154343,-0.0076707937809633656,0.09000117304571391,0.09000117304571391,0.0,0.07722873810411676,-0.03837419180687253,3.914203475324358e-06,1.346403200632666e-05,0.05166626922328974,-3.603668299595988,0,0.17173560049830755
27.792959999997656,-1.8467588506933603,-1.0763334841671088,1.0000043542818526,-0.1149461799983283,0.05721038187414822,-4.23357131284001e-06,-1.2534444246835168,-1.0244620392229522,1.183588999401008,-0.088973400259105,0.06389065943751841,0.034570356215132374,-1.6959412563071585,-0.9770624031650629,1.0567964126048248,-0.12157946275529673,0.033503257228253015,0.013122488095434547,0.09000117304571391,0.09000117304571391,0.0,0.07701962793364878,-0.03827064618973294,3.8985779471196925e-06,1.3390600242451885e-05,0.05151242664392283,-3.603669498935067,0,0.17120061525844427
27.797119999997655,-1.8472363658908821,-1.0760958168274568,1.0000043367129732,-0.11460364740523406,0.05704016151649112,-4.2165310469207176e-06,-2.0452694099928186,-1.0365180428350418,0.478232147854432,-0.12080950586545346,-0.06150336101816001,0.005810260655762211,-1.8708585912658595,-1.00691977892393,0.7675226710701032,-0.12141887244075199,-0.013409907116606556,0.009296547459949237,0.09000117304571391,0.09000117304571391,0.0,0.07681098008406301,-0.038167327236017096,3.883014409669438e-06,1.3317575903150202e-05,0.051359006082164115,-3.6036706953923345,0,0.1706672237533305
27.801279999997654,-1.8477124577904773,-1.075858856797026,1.0000043192148103,-0.11426205590285299,0.05687040730342469,-4.199559102578435e-06,-1.6427953178497445,-1.1480539798869291,1.0833545461098542,-0.1499670588741365,-0.05584027104043462,-0.18830978284512978,-1.7571370728653701,-1.0776035577895426,0.9250495623690836,-0.13579352827608562,-0.034841317904246674,-0.089697182659872,0.09000117304571391,0.09000117304571391,0.0,0.0766027941343177,-0.03806423475625903,3.867512221760015e-06,1.324495667751952e-05,0.05120600657099282,-3.603671888976005,0,0.17013542160709644
27.805439999997652,-1.848187130304336,-1.0756226021379758,1.0000043017870803,-0.11392140332606285,0.05670111817204371,-4.182655208432446e-06,-1.6816587318762524,-1.2363702309059201,1.3074523089639396,-0.1725936611211406,0.1643077155909506,0.07350727697720962,-1.7197568010867588,-1.1566459372448537,1.1164066493685938,-0.15398107365999503,0.06457004682426302,-0.008175044611108547,0.09000117304571391,0.09000117304571391,0.0,0.07639506965947407,-0.03796136855923317,3.852071380026594e-06,1.3172740268044579e-05,0.05105342714451398,-3.6036730796942646,0,0.16960520445392177
27.80959999999765,-1.8486603873356373,-1.0753870509168897,1.0000042844295007,-0.11358168751232338,0.056532293060640226,-4.165819093202704e-06,-1.8619574891723831,-1.3103624387823023,0.9124702619223586,-0.18419864511805645,0.15262692795015476,-0.0710284654532572,-1.7912400085098434,-1.2331877459091376,1.014288839853441,-0.169693534318302,0.10856488403443225,-0.039380582267991446,0.09000117304571391,0.09000117304571391,0.0,0.0761878062304929,-0.03785872845142493,3.83669187843981e-06,1.3100924390673107e-05,0.05090126683796455,-3.603674267555271,0,0.1690765679380244
27.81375999999765,-1.849132232778561,-1.07515220120477,1.0000042671417904,-0.1132429063016908,0.056363930908711876,-4.149050485707018e-06,-2.200913839051241,-0.7962307179735741,0.6322748131368422,-0.30395065978596836,0.010466524653375955,-0.1962855049073756,-1.9967119315015978,-1.014684731574294,0.8228703087841276,-0.236845957806253,0.05967935999243602,-0.1175458307971771,0.09000117304571391,0.09000117304571391,0.0,0.07598100341499356,-0.037756314237356134,3.821373065794077e-06,1.3029506774681837e-05,0.0507495246877198,-3.6036754525671535,0,0.1685495077136478
27.81791999999765,-1.849602670518298,-1.0749180510770326,1.000004249923669,-0.11290505753682913,0.05619603065696875,-4.132349117552019e-06,-1.7588055661894042,-1.1414812962654428,1.0972182073035737,-0.0689133500792839,0.2031965577239393,-0.029447087553490365,-1.877901074122731,-1.0776617106166126,0.9599843425638974,-0.1525767681934326,0.13164628898799266,-0.07322025824073233,0.09000117304571391,0.09000117304571391,0.0,0.07577466077641004,-0.03765412571980403,3.8061149287325605e-06,1.295848516243325e-05,0.050598199731299136,-3.6036766347380125,0,0.16802401944504947
27.822079999997648,-1.8500717044310606,-1.074684598613502,1.0000042327748577,-0.11256813906302496,0.056028591247339395,-4.115714720465129e-06,-1.6535760948087561,-1.0439012324437895,1.1149839965876287,-0.01386346927350833,0.045789899975450354,-0.09261702976059433,-1.76576535978251,-1.0606867906263744,1.0372920960557501,-0.08346488663173805,0.089106812919206,-0.08266861646144452,0.09000117304571391,0.09000117304571391,0.0,0.07556877787464275,-0.03755216269927204,3.790917022892764e-06,1.2887857309575922e-05,0.050447291007372184,-3.603677814075921,0,0.16750009880648892
27.826239999997647,-1.8505393383840947,-1.0744518418984064,1.0000042156950784,-0.11223214872819964,0.05586161162297901,-4.099147028112686e-06,-1.5363486571172458,-1.1660965208981904,1.1946181580035429,-0.2756423405518541,-0.13405817294931305,-0.09940643319059231,-1.6516286975826504,-1.1136702030639718,1.115749621930802,-0.17955745849920252,-0.022955411436562188,-0.091111705578224,0.09000117304571391,0.09000117304571391,0.0,0.07536335426585594,-0.03745042497452898,3.77577954242707e-06,1.2817620984782479e-05,0.05029679755576477,-3.603678990588924,0,0.16697774148221534
27.830399999997645,-1.8510055762356903,-1.0742197790203718,1.0000041986840542,-0.1118970843829222,0.055695090728275415,-4.082645773412162e-06,-2.020149325333286,-0.8375043436158331,0.893074130766489,-0.12201625081607262,0.11323052712393514,-0.05492555879327558,-1.836144845030661,-0.9753497226046514,1.0042961844490808,-0.15104797483901922,0.04507976506209588,-0.07307375937177715,0.09000117304571391,0.09000117304571391,0.0,0.07515838950280945,-0.03734891234240072,3.7607018228072244e-06,1.2747773969749034e-05,0.05014671841746472,-3.6036801642850382,0,0.16645694316645512
27.834559999997644,-1.851470421835192,-1.0739884080724182,1.0000041817415097,-0.11156294388042098,0.055529027508855876,-4.066210692131524e-06,-1.9713651003065138,-1.1050789948697248,0.9749775268229105,-0.3452101575099841,0.06483189222063251,0.07493170313200641,-1.9044723946686,-1.0400792991707322,0.9897917735247683,-0.24886255549363054,0.054416557226941775,0.0012718180658692771,0.09000117304571391,0.09000117304571391,0.0,0.07495388313412144,-0.03724762459756134,3.7456836231831463e-06,1.2678314059081104e-05,0.049997052634627503,-3.6036813351722525,0,0.1659376995634007
27.838719999997643,-1.8519338790230113,-1.0737577271519532,1.00000416486717,-0.1112297250765983,0.0553634209115948,-4.049841521106023e-06,-1.6925895362610484,-1.10326803477888,0.5040710649884489,-0.32249566862620616,0.12043919436461104,0.026985141381577288,-1.7992003306566473,-1.0714226137862424,0.7469847086726833,-0.2856425513988932,0.08694986615370606,0.013857598243567906,0.09000117304571391,0.09000117304571391,0.0,0.07474983470534816,-0.037146561533179606,3.7307251277152176e-06,1.2609239060190767e-05,0.04984779925058232,-3.6036825032585282,0,0.16542000638719712
27.842879999997642,-1.8523959516306365,-1.0735277343607672,1.0000041480607618,-0.11089742583004061,0.05519826988461876,-4.033537996482425e-06,-1.5298939372856937,-1.4420164417358436,0.7817484060281998,-0.13394272664381934,0.08960871932151632,0.016036931590337294,-1.6648250544808565,-1.2565351194328638,0.764400536726469,-0.20922149224546083,0.08798195267354315,0.014764519417065242,0.09000117304571391,0.09000117304571391,0.0,0.07454624375814037,-0.037045722940176204,3.7158256618831706e-06,1.2540546793302148e-05,0.04969895730983741,-3.603683668551799,0,0.16490385936193047
27.84703999999764,-1.852856643480645,-1.0732984278050284,1.0000041313220123,-0.11056604400203224,0.05503357337731459,-4.017299857293069e-06,-1.9968240646954274,-0.921802167535193,1.0278563599208674,-0.04930579532565188,-0.006438342151707195,-0.010450865137278015,-1.830930243175653,-1.0891784669601412,0.8961070023099539,-0.12888641322958305,0.0401884371998475,0.0029047230504148985,0.09000117304571391,0.09000117304571391,0.0,0.07434310983089559,-0.03694510860786997,3.7009854031860426e-06,1.2472235091286236e-05,0.04955052585808592,-3.6036848310599714,0,0.16438925422161504
27.85119999999764,-1.853315958386714,-1.073069805595277,1.0000041146506504,-0.11023557745656636,0.05486933034033482,-4.001126841887939e-06,-1.7654694153160881,-1.4674079716918849,0.7550782271637055,-0.00969485342970737,0.038189755577224524,-0.020145947253928306,-1.7982203251006705,-1.278214154185669,0.8255496530676734,-0.06891892626268221,0.038093772523855006,-0.008584594488114982,0.09000117304571391,0.09000117304571391,0.0,0.07414043245834198,-0.036844718323662734,3.686203670442231e-06,1.240430179961576e-05,0.04940250394221129,-3.603685990790924,0,0.1638761867101811
27.85535999999764,-1.8537739001536322,-1.0728418658464203,1.0000040980464058,-0.1099060240603577,0.054705539725604393,-3.985018691530448e-06,-1.6936197703167641,-1.2170436074158257,1.2761785229287532,0.04641809709187515,-0.07334622271611006,0.024402088284665252,-1.7458221459978813,-1.24777979638862,1.0509180193964844,-0.01155662553488626,-0.01820301353697581,0.007895819320866984,0.09000117304571391,0.09000117304571391,0.0,0.0739382111719771,-0.03674455187315147,3.6714806344894387e-06,1.2336744776328758e-05,0.049254890610292756,-3.6036871477525088,0,0.16336465258146207
27.859519999997637,-1.8542304725773107,-1.0726146066777273,1.0000040815090094,-0.10957738168285351,0.054542200486326964,-3.968975146857522e-06,-1.5778029963071265,-1.0930894474645718,0.7902175585435648,-0.12229002484115895,0.15104045239193614,-0.009585826814833923,-1.6620658618294117,-1.1701202247821836,0.9205450150423297,-0.06686493550475968,0.06681421801506951,-0.0003575472708201618,0.09000117304571391,0.09000117304571391,0.0,0.07373644549965183,-0.03664460904002659,3.6568156074847144e-06,1.2269561891903493e-05,0.0491076849116107,-3.60368830195255,0,0.16285464759918256
27.863679999997636,-1.854685679444795,-1.0723880262128231,1.000004065038193,-0.10924964819624619,0.05437931157699157,-3.952995951426799e-06,-2.141159213672209,-1.1467624246215824,0.8173213290454405,-0.18439999673657137,0.1378040248309353,0.03311639726048247,-1.9019984476380696,-1.1581546068900566,0.869001918037255,-0.12610058333656018,0.10234015797921188,0.016094955689245082,0.09000117304571391,0.09000117304571391,0.0,0.07353513496611613,-0.03654488960650498,3.6422089677749924e-06,1.2202751029176486e-05,0.04896088589665215,-3.6036894533988457,0,0.1623461675369449
27.867839999997635,-1.855139524534276,-1.072162122579684,1.0000040486336894,-0.10892282147548363,0.05421687195337756,-3.9370808472923115e-06,-1.85219627001827,-1.0084315432147892,0.8871888147815183,0.01528529857017355,0.0800680530196422,0.05482271901448784,-1.8770645463956623,-1.083126681723068,0.8782082545475642,-0.05573931552771753,0.09177944643887523,0.03606643808812669,0.09000117304571391,0.09000117304571391,0.0,0.07333427909249607,-0.03644539335258713,3.6276600215221176e-06,1.2136310083379248e-05,0.048814492617115804,-3.6036906020991664,0,0.16183920817821734
27.871999999997634,-1.8555920116151023,-1.0719368939106317,1.0000040322952328,-0.10859689939828183,0.054054880572562546,-3.921229579473058e-06,-1.97684780167199,-1.0508704731561769,1.4442898262299662,-0.08310878955931586,0.08385571272044143,0.17995043631983731,-1.9271307954393968,-1.0668236045161885,1.1616276714366338,-0.06891294491408279,0.08765952103735512,0.10781736255952662,0.09000117304571391,0.09000117304571391,0.0,0.0731338773969466,-0.03634612005681047,3.6131687127366904e-06,1.2070236961905465e-05,0.04866850412591755,-3.603691748061256,0,0.16133376531632065
27.876159999997633,-1.8560431444477905,-1.071712338342328,1.0000040160225583,-0.10827187984513474,0.05389333639292731,-3.905441893275738e-06,-2.0363985408725385,-1.1252344925367666,0.15285244759026195,0.0026686857687784754,-0.027773915780412946,0.010740367767523573,-1.9817601821560398,-1.0960888198918144,0.65725653944631,-0.03298236788097341,0.030716499795273387,0.05870847062523301,0.09000117304571391,0.09000117304571391,0.0,0.07293392939402196,-0.03624706949604134,3.5987347685942163e-06,1.2004529584232044e-05,0.048522919477195385,-3.6036928912928317,0,0.16082983475441573
27.88031999999763,-1.8564929267840378,-1.071488454015769,1.0000039998154018,-0.10794776069932675,0.05373223837416151,-3.889717535240201e-06,-2.00150387258766,-1.1358769048715722,0.8779843570088164,0.03782593138753769,0.12994956454254683,0.06163861142034672,-1.991552298832371,-1.1157136371848244,0.7677491890914726,0.0018451216420210638,0.0807054369345564,0.060659092405028564,0.09000117304571391,0.09000117304571391,0.0,0.07273443459522141,-0.03614824144526664,3.584358127110085e-06,1.193918588204618e-05,0.048377737726314644,-3.6036940318015844,0,0.1603274123054906
27.88447999999763,-1.8569413623667335,-1.0712652390762802,1.0000039836735006,-0.1076245398469429,0.053571585477270284,-3.874056252203349e-06,-1.6584679661303332,-1.3701223654569394,1.0667833682917331,-0.011356070144153213,0.09743214546469954,-0.064506065692319,-1.8250334731878872,-1.2427163178620755,0.9171327783159738,-0.0037683528264862848,0.08867937050970087,-0.0012316665791008367,0.09000117304571391,0.09000117304571391,0.0,0.07253539250889418,-0.03604963567791984,3.5700382952940376e-06,1.1874203799046608e-05,0.048232957929873026,-3.603695169595179,0,0.15982649379234753
27.88863999999763,-1.8573884549299704,-1.0710426916735112,1.0000039675965933,-0.10730221517687946,0.05341137666457949,-3.8584577931483105e-06,-1.4107191109549808,-1.3302420719156816,0.8350152361746921,-0.05912204464560828,0.16337675013930011,0.08663929021689326,-1.6179973761453852,-1.286139345504334,0.8762522648642463,-0.03095548127212065,0.12571412096291756,0.04335932426852448,0.09000117304571391,0.09000117304571391,0.0,0.07233680264003742,-0.03595125196545888,3.5557749903295628e-06,1.1809581290898335e-05,0.04808857914570547,-3.603696304681253,0,0.15932707504759033
27.892799999997628,-1.8578342081990573,-1.070820809961429,1.0000039515844186,-0.10698078458085551,0.05325161089974274,-3.842921908285168e-06,-2.0198012691621194,-0.9879973231419854,1.0881902672260944,-0.11955384700105952,0.14707550094888533,-0.03029005753177156,-1.8191509581913392,-1.1367601640168183,0.9821602605114023,-0.07517427313710313,0.13631107611041948,0.00629225783783162,0.09000117304571391,0.09000117304571391,0.0,0.07213866449084225,-0.03585309007811982,3.541568568581175e-06,1.1745316325039315e-05,0.04794460043288927,-3.603697437067418,0,0.15882915191361072
27.896959999997627,-1.85827862589053,-1.0705995920983133,1.0000039356367172,-0.10666024595342202,0.053092287147745235,-3.8274483464185e-06,-1.7814672518261423,-0.9035020241268801,1.8558261569321695,-0.09660714258501261,0.12044928663747492,0.15941858057276906,-1.8005104618483618,-1.0198778428986468,1.4193320328257466,-0.08556213296267777,0.1278580727985574,0.08230485542454168,0.09000117304571391,0.09000117304571391,0.0,0.07194097756006443,-0.035755149784174545,3.5274181000577443e-06,1.168140688075033e-05,0.04780102085174864,-3.6036985667612607,0,0.158332720242576
27.901119999997626,-1.8587217117121633,-1.0703790362467511,1.0000039197532302,-0.10634059719197375,0.05293340437491075,-3.8120368602902367e-06,-1.8197265296406675,-0.8806723621464561,0.8763332963070934,-0.22265414893253987,-0.025485586241391807,0.03444841856360901,-1.8105808072667693,-0.9503261019339271,1.1479001364013366,-0.1545499565208901,0.05069801507759251,0.05856253622072616,0.09000117304571391,0.09000117304571391,0.0,0.07174374134357034,-0.03565743085047042,3.51332393446245e-06,1.1617850949030321e-05,0.04765783946385972,-3.60369969377034,0,0.15783777589641548
27.905279999997624,-1.859163469362983,-1.0701591405736306,1.0000039039337003,-0.10602183619675877,0.05277496154890637,-3.7966872012516235e-06,-2.1578417364714135,-1.317118377961055,1.1910238178825883,-0.13928345948951193,-0.06782162398828279,-0.10295671925889723,-1.9845040350956529,-1.1338633739141586,1.1692483820438866,-0.14661584797849045,-0.009756150991250595,-0.022307024614829953,0.09000117304571391,0.09000117304571391,0.0,0.07154695533402827,-0.03555993304200848,3.49928534931338e-06,1.1554646532596515e-05,0.04751505533205521,-3.6037008181021903,0,0.15734431474680796
27.909439999997623,-1.8596039025332785,-1.0699399032501358,1.0000038881778706,-0.10570396087088935,0.052616957638748935,-3.7813991237346306e-06,-2.592680604042189,-0.6461916707837712,1.3594555894235834,0.03205639818406372,-0.04827336526794515,0.07218386614280625,-2.2885282859618865,-0.8901247418466627,1.2645022546503542,-0.058066719849072086,-0.028904211117950104,0.025510531337833382,0.09000117304571391,0.09000117304571391,0.0,0.07135061902145479,-0.035462656122376396,3.485302688318508e-06,1.1491791645715174e-05,0.04737266752042922,-3.6037019397643193,0,0.15685233267516763
27.913599999997622,-1.8600430149046132,-1.0697213224517408,1.0000038724854856,-0.1053869691203505,0.05245939161480976,-3.7661723808015195e-06,-0.9905037097193298,-1.1842160240204804,1.2473525890958639,-0.04064931321748523,0.06129636784386844,0.10951011324586038,-1.6395926087503228,-1.0370440159264542,1.256154170811813,-0.04880884590062009,0.01574300921478302,0.06794198247578905,0.09000117304571391,0.09000117304571391,0.0,0.07115473189247862,-0.03536559985354047,3.471375223000724e-06,1.1429284314122516e-05,0.04723067509434164,-3.60370305876421,0,0.15636182557263162
27.91775999999762,-1.8604808101498382,-1.0695033963582041,1.000003856856291,-0.10507085885401168,0.05230226244882016,-3.751006728616215e-06,-1.4820946532169585,-1.2794993514864659,1.2096023859290175,-0.15727026999693422,0.08954913704155225,0.0622746095857804,-1.561169893923013,-1.1580876686205188,1.233006106123552,-0.10291363630886931,0.052904817675485834,0.06577023170991782,0.09000117304571391,0.09000117304571391,0.0,0.07095929343110055,-0.0352687639959583,3.4575028627316704e-06,1.1367122575035152e-05,0.047089077120422915,-3.6037041751093186,0,0.15587278934004628
27.92191999999762,-1.8609172919331034,-1.069286123153563,1.000003841290033,-0.10475562798363525,0.052145569113876536,-3.7359019237800106e-06,-1.7263152649427487,-1.3445126513264547,1.0307665110368376,-0.25876013358222316,-0.005306496021738515,0.1460034273947577,-1.6442836148139812,-1.2513108742101111,1.132188160126699,-0.18002572487232796,0.023020261770565164,0.10608180244238825,0.09000117304571391,0.09000117304571391,0.0,0.0707643031182782,-0.03517214830847738,3.443685728389013e-06,1.1305304477080343e-05,0.04694787266657839,-3.6037052888070775,0,0.15538521988795398
27.92607999999762,-1.8613524639098695,-1.069069501026128,1.0000038257864592,-0.10444127442388672,0.05198931058444591,-3.720857722470361e-06,-1.9421623909309904,-1.329773084861104,1.2957333096003905,-0.22778981480027416,0.13597982229344965,0.03618666430800896,-1.7937010776774,-1.2902595502015506,1.2140375215145947,-0.20284965095258428,0.07942342872407539,0.07095837380469767,0.09000117304571391,0.09000117304571391,0.0,0.07056976043204474,-0.035075752548447844,3.4299230821697688e-06,1.1243828080187595e-05,0.04680706080199284,-3.6037063998648926,0,0.15489911313657986
27.930239999997617,-1.861786329726921,-1.0688535281684763,1.000003810345318,-0.10412779609234452,0.05183348583637095,-3.705873883990887e-06,-1.8325499843694397,-1.341534915445358,0.6975834082121659,-0.0907825137652538,-0.05908663927296399,-0.05353161686804901,-1.8133136398822682,-1.3160201716547497,0.9556955094324476,-0.14729830749290426,0.010024131958832748,0.008720068287815975,0.09000117304571391,0.09000117304571391,0.0,0.07037566484784186,-0.034979576471728044,3.416215252460832e-06,1.1182691455574686e-05,0.046666640597134865,-3.6037075082901446,0,0.15441446501581801
27.934399999997616,-1.8622188930223773,-1.0686382027774477,1.000003794966359,-0.1038151909095083,0.051678093846874974,-3.6909501663408556e-06,-2.6150051990142975,-1.0361481779598667,1.3592773094799409,-0.09220059477864057,0.007503308695937114,0.183224888051277,-2.2143562043133516,-1.1760667409876955,1.1578715873657919,-0.1200412456044653,0.008826988911471193,0.09535958285922083,0.09000117304571391,0.09000117304571391,0.0,0.07018201583789055,-0.03488361983247651,3.402561495464013e-06,1.112189268561996e-05,0.046526611123761115,-3.6037086140901895,0,0.15393127146521887
27.938559999997615,-1.8626501574257057,-1.068423523054137,1.0000037796493326,-0.10350345679881001,0.05152313359456788,-3.6760863306945814e-06,-1.3970964986139793,-0.9205623826735341,1.4900580476418859,-0.09676948009238709,-0.08990202369464122,-0.062078602626488635,-1.8059212097994113,-1.0485000334113523,1.323839200370757,-0.10874372788995224,-0.040403356181594394,0.01608313647585198,0.09000117304571391,0.09000117304571391,0.0,0.06998881287205813,-0.0347878823836921,3.3889619194004396e-06,1.1061429863752657e-05,0.04638697145492082,-3.603709717272358,0,0.15344952843397464
27.942719999997614,-1.8630801265577333,-1.0682094872038892,1.0000037643939903,-0.1031925916866212,0.05136860405944977,-3.6612821378210916e-06,-1.8470980078406958,-0.9571557256321678,1.001086077189356,-0.2886474485090186,0.0008092886530405574,-0.08132206296743881,-1.827110645566868,-1.0028251613019452,1.1622922335869108,-0.19850601125302908,-0.01998995878095301,-0.033094448132696644,0.09000117304571391,0.09000117304571391,0.0,0.06979605541712272,-0.034692363876792504,3.3754164163222708e-06,1.1001301094481369e-05,0.04624772066495979,-3.6037108178439556,0,0.15296923188090644
27.946879999997613,-1.8635088040306593,-1.0679960934362938,1.0000037492000846,-0.10288259350226354,0.05121450422291637,-3.6465373490269933e-06,-1.7082898289189141,-1.604256490428561,1.4301729938712837,-0.15148064202541356,0.3113564090516747,-0.1424857446663889,-1.768014656945277,-1.3028974534066804,1.2959373188461496,-0.17491179326710826,0.14567707295635968,-0.08739690037330362,0.09000117304571391,0.09000117304571391,0.0,0.06960374293742647,-0.03459706406151289,3.361924447276012e-06,1.0941504493363831e-05,0.04610885782952464,-3.603711915812264,0,0.1524903777744506
27.95103999999761,-1.8639361934480678,-1.0677833399651782,1.000003734067369,-0.10257346017801655,0.051060833067764835,-3.631851727906793e-06,-2.343322334344321,-0.582279531094106,0.8464848856086564,-0.02751011779703677,0.10274543377140619,-0.0070800642543736225,-2.0557303298861838,-0.9423693166509071,1.0711930468987325,-0.10093751615719816,0.12400936861225487,-0.047155165103089286,0.09000117304571391,0.09000117304571391,0.0,0.06941187489446057,-0.03450198268655308,3.3484858976524824e-06,1.0882038186725392e-05,0.04597038202556695,-3.6037130111845395,0,0.1520129620926446
27.95519999999761,-1.8643622984049393,-1.0675712250086022,1.0000037189955981,-0.10226518964912705,0.050907589578196924,-3.6172250386028556e-06,-1.7939845309834048,-0.3967852602146228,0.9872740166543881,-0.11907402075235211,0.046948539623773745,-0.022487467192807815,-1.9251041846931052,-0.6694769225208266,1.0291876147040102,-0.10956448580654574,0.08601444174658922,-0.035516948402063264,0.09000117304571391,0.09000117304571391,0.0,0.06922045074698432,-0.03440711949904923,3.3351006501779736e-06,1.0822900311797166e-05,0.045832292331347224,-3.6037141039680134,0,0.151536980823114
27.95935999999761,-1.8647871224876635,-1.067359746788853,1.000003703984527,-0.1019577798538182,0.0507547727398243,-3.602657045806147e-06,-2.0039157979474096,-1.0576414516718216,0.871592087982019,-0.08772736189044607,-0.040048937303255414,-0.03944063554349022,-1.9646940523973024,-0.8636447508163908,0.950306673917794,-0.09814761815001996,0.022772961382352866,-0.03745965415045035,0.09000117304571391,0.09000117304571391,0.0,0.06902946995125114,-0.03431247424447258,3.321768584914236e-06,1.076408901671852e-05,0.045694587826438995,-3.6037151941698933,0,0.1510624299630586
27.963519999997608,-1.8652106692740522,-1.0671489035324375,1.0000036890339123,-0.10165122873329747,0.05060238153967434,-3.5881475147776497e-06,-2.1979572247579124,-1.2551935943899555,1.1417537273333755,-0.07992464835896096,-0.029344340477201573,-0.020253472015946804,-2.081494034937938,-1.0594825282752942,1.0459888436667373,-0.08878574322740346,-0.0034840944892429128,-0.028583598884714505,0.09000117304571391,0.09000117304571391,0.0,0.06883893196091437,-0.034218046667276444,3.3084893650879263e-06,1.0705602460221884e-05,0.04555726759173283,-3.603716281797362,0,0.15058930551923833
27.967679999997607,-1.8656329423333513,-1.0669386934700784,1.0000036741435114,-0.1013455342317652,0.05045041496619317,-3.5736962122327706e-06,-2.0190186471258147,-1.2423337012292448,1.416470049516751,-0.2658945491532416,-0.09483675762116972,0.11699172375374724,-2.0508093002795267,-1.151108070460099,1.2314750488678088,-0.1771636470767541,-0.048472505612919124,0.044353202625568744,0.09000117304571391,0.09000117304571391,0.0,0.06864883622714663,-0.03412383651026117,3.2952626505950325e-06,1.0647438811749949e-05,0.0454203307094401,-3.6037173668575777,0,0.15011760350795952
27.971839999997606,-1.866053945226253,-1.0667291148367066,1.0000036593130825,-0.1010406942964225,0.050298872009251414,-3.559302906369842e-06,-1.5833289390337262,-1.2417989999030123,0.7069628158110509,-0.010115993668272386,-0.14217323035877305,-0.01110668987386405,-1.817087723896237,-1.196749528797626,0.9691920870948054,-0.09324927274927877,-0.09548861420229784,0.016662091943300907,0.09000117304571391,0.09000117304571391,0.0,0.0684591821982245,-0.0340298435151143,3.2820885263419916e-06,1.0589596251224212e-05,0.045283776263096834,-3.6037184493576753,0,0.14964731995506161
27.975999999997605,-1.8664736815049092,-1.066520165871456,1.0000036445423852,-0.10073670687748092,0.05014775166014765,-3.544967365102223e-06,-1.0889123659941022,-1.1797287774861691,0.846985158333866,-0.14108553851095382,-0.09635619801465914,-0.07063407226775298,-1.4532902270734525,-1.1884378975059893,0.9079405414043473,-0.11628743536336916,-0.09666987037087253,-0.026831654799307228,0.09000117304571391,0.09000117304571391,0.0,0.0682699693203963,-0.03393606742209601,3.2689664327251624e-06,1.0532072969210979e-05,0.04514760333756767,-3.603719529304765,0,0.14917845089590231
27.980159999997603,-1.8668921547129433,-1.0663118448176576,1.0000036298311796,-0.10043356992816861,0.04999705291161322,-3.530689358724584e-06,-1.9833921879007181,-1.3136626761814858,1.1905355126825439,-0.1343173387521133,-0.03649559239622135,0.08451608597621194,-1.7186231233044338,-1.2511254709868636,1.0494142993794815,-0.12586367784456629,-0.06735682850296891,0.0295544795342326,0.09000117304571391,0.09000117304571391,0.0,0.06808119703703963,-0.033842507970045024,3.2558964486557774e-06,1.047486716673373e-05,0.045011811019049344,-3.6037206067059326,0,0.14871099237534458
27.984319999997602,-1.8673093683854631,-1.0661041499228334,1.0000036151792269,-0.1001312814047399,0.049846774757817,-3.516468657271957e-06,-2.3191061558742176,-1.3409137655913212,1.0659763164729,-0.1950345540049885,0.014731434279066306,-0.17795771686823192,-2.019274746445394,-1.2959896669865258,1.0573251118288047,-0.16032987079053246,-0.02628844601275824,-0.07410894441918023,0.09000117304571391,0.09000117304571391,0.0,0.06789286478920808,-0.03374916489649121,3.2428784368761133e-06,1.0417977055204305e-05,0.04487639839507459,-3.6037216815682407,0,0.1482449404477424
27.9884799999976,-1.8677253260490734,-1.0658970794386902,1.0000036005862893,-0.0998298392664826,0.04969691619436967,-3.502305031402806e-06,-2.044491192597298,-0.5636463992970613,1.0518991101030675,-0.061387424360371534,-0.1334384498227843,-0.004006876067038968,-2.0320106973832006,-0.9300891909994404,1.0546040912631904,-0.11092875992831383,-0.08046517372029,-0.039231867865843116,0.09000117304571391,0.09000117304571391,0.0,0.06770497201553718,-0.033656037937875666,3.229911829122784e-06,1.0361400856352397e-05,0.044741364554515786,-3.6037227538987278,0,0.1477802911769266
27.9926399999976,-1.868140031221889,-1.0656906316211139,1.00000358605213,-0.0995292414757258,0.04954747621832712,-3.4881982542055513e-06,-2.367363015533334,-1.112859840297134,1.186564310355181,0.029122337735890916,0.24967464272946505,-0.012740139688661676,-2.1996288837681974,-1.020956737405173,1.1205572318471395,-0.0407898953786873,0.08470805458583648,-0.025317780734086418,0.09000117304571391,0.09000117304571391,0.0,0.06751751815247092,-0.033563126829022155,3.216996909817849e-06,1.0305136802272185e-05,0.04460670858758846,-3.6037238237044087,0,0.14731704063619072
27.9967999999976,-1.8685534874135468,-1.065484804730163,1.0000035715765128,-0.09922948599784658,0.049398453828196076,-3.474148097652982e-06,-1.5138087732472867,-0.59341735764293,1.231135625175127,-0.09420027196829904,-0.04286471390327845,0.027725266618077598,-1.8569105602334783,-0.8072730559392397,1.1759051516038166,-0.0672046448834791,0.0208542264200937,0.001064957163885992,0.09000117304571391,0.09000117304571391,0.0,0.06733050263363308,-0.033470431303891365,3.2041331053688495e-06,1.0249183135100092e-05,0.04447242958585475,-3.6037248909922748,0,0.14685518490827743
28.000959999997598,-1.8689656981252187,-1.0652795970300633,1.000003557159203,-0.09893057080127952,0.0492498480239365,-3.460154336166943e-06,-1.8026459664026047,-0.7993176787192924,0.6541068231532066,0.04751962847940093,0.010927409571583717,0.0364115434710753,-1.8296787477079248,-0.803272902094184,0.915078559338023,-0.009992393936399566,0.016044901144514716,0.01850120241523409,0.09000117304571391,0.09000117304571391,0.0,0.06714392489058776,-0.03337795109483892,3.191320266527654e-06,1.019353810730747e-05,0.04433852664222707,-3.6037259557692938,0,0.14639472008536417
28.005119999997596,-1.869376666849625,-1.065075006789201,1.0000035427999665,-0.09863249385752293,0.04910165780696716,-3.44621674483753e-06,-1.8586362479701568,-0.9761116289188073,1.1385157626673679,-0.04919457436880789,-0.03470903646060323,-0.0636494620204019,-1.8442597879373193,-0.8897660068517503,1.0266662425497348,-0.029704363838540398,-0.009166237596351089,-0.022524191819127355,0.09000117304571391,0.09000117304571391,0.0,0.06695778435263883,-0.03328568593304858,3.1785582413815883e-06,1.0138199981416726e-05,0.04420499885097154,-3.6037270180424095,0,0.145935642269049
28.009279999997595,-1.8697863970710464,-1.064871032280117,1.0000035284985702,-0.0983352531411459,0.048953882180169404,-3.4323350994453645e-06,-2.016358473551572,-1.3566940626845523,0.49234634006169387,-0.08858437565240612,0.15731930987683515,-0.040356264844613104,-1.9304943159241206,-1.1229042113487453,0.7594189631612792,-0.05927139036884198,0.07316616019352787,-0.0316076726639972,0.09000117304571391,0.09000117304571391,0.0,0.06677208044673577,-0.03319363554875249,3.1658468753534517e-06,1.0083167029903799e-05,0.04407184530771126,-3.6037280778185434,0,0.1454779475703361
28.013439999997594,-1.8701948922653373,-1.0646676717795007,1.000003514254782,-0.09803884662979588,0.04880652014788995,-3.4185091764900816e-06,-1.950529838350909,-1.2385510401564288,1.075588597551729,-0.08446766922386183,-0.06777370153894838,-0.17957400138746274,-1.9406877219216783,-1.1808694729276576,0.9171328260124574,-0.07195721250511766,0.0027392008634002,-0.10574579521042587,0.09000117304571391,0.09000117304571391,0.0,0.0665868125974863,-0.033101799670595886,3.153185797030937e-06,1.0028437535318704e-05,0.043939065109429624,-3.6037291351045933,0,0.1450216321096222
28.017599999997593,-1.8706021558999382,-1.0644649235681842,1.0000035000683707,-0.0977432723042061,0.04865957071594639,-3.4047387540665242e-06,-2.447894024899001,-1.0709515623281243,1.2251494535814091,-0.08753500691967991,-0.02297082164477076,-0.05748933938353922,-2.1944774286065356,-1.1259581347110372,1.0710231016422789,-0.07929516403094483,-0.009822012243914314,-0.08132381294276471,0.09000117304571391,0.09000117304571391,0.0,0.06640198022727611,-0.03301017802628438,3.140575060012198e-06,9.974009790065476e-06,0.043806657354473776,-3.6037301899074334,0,0.1445666920166821
28.02175999999759,-1.871008191433889,-1.0642627859311358,1.0000034859391056,-0.09744852814820251,0.04851303289162999,-3.3910236101097464e-06,-1.8854587160821303,-0.3693730647594208,1.0751666781710705,-0.006296332489330508,-0.06997255247300746,-0.00292592512321342,-2.0399813142513237,-0.7478062048198137,1.073087792839262,-0.04169061151385067,-0.03972109826591514,-0.04162970756423864,0.09000117304571391,0.09000117304571391,0.0,0.06621758275638864,-0.03291877034216263,3.1280145017264217e-06,9.91988209647255e-06,0.04367462114255778,-3.603731242233916,0,0.14411312343065427
28.02591999999759,-1.871413002317842,-1.0640612571574537,1.0000034718667576,-0.09715461214871031,0.0483669056837102,-3.3773635232887992e-06,-1.5237374587485861,-1.7195865061606952,1.26328372979702,-0.24950165445496042,0.14114170488721484,-0.10109376316856154,-1.7823751404879937,-1.23340834094388,1.1679758906479778,-0.14538558639151286,0.05010060252741413,-0.07091100186712009,0.09000117304571391,0.09000117304571391,0.0,0.06603361960291118,-0.03282757634354114,3.115503528597139e-06,9.866052766601743e-06,0.04354295557476583,-3.6037322920908688,0,0.14366092250002643
28.03007999999759,-1.8718165919940744,-1.0638603355403602,1.0000034578510981,-0.09686152229576074,0.04822118810243788,-3.363758274801697e-06,-2.023579736487352,-1.2414035372378427,0.8092076609047394,-0.019257288501782002,0.1178807760686009,-0.01621632783898965,-1.903018674357068,-1.2371606914251676,0.9885567383024054,-0.08257307956599302,0.08393104165540752,-0.04414536787210743,0.09000117304571391,0.09000117304571391,0.0,0.06585009018274787,-0.032736595754595574,3.1030423997333255e-06,9.81252012225545e-06,0.04341165975355536,-3.6037333394850983,0,0.14321008538262145
28.034239999997588,-1.8722189638965014,-1.0636600193771955,1.0000034438918997,-0.09656925658249796,0.04807587915954891,-3.350207644819487e-06,-2.022413265067183,-1.615538873115356,1.5071598485628956,-0.11751062831240917,0.04658398917803688,-0.037038136111163175,-1.9629615738401467,-1.4262554114030381,1.2477851586101383,-0.09987133485876583,0.0651996938835927,-0.04072419873440476,0.09000117304571391,0.09000117304571391,0.0,0.06566699390952549,-0.032645828298159194,3.0906305162294365e-06,9.75928249495524e-06,0.043280732782760095,-3.603734384423387,0,0.14276060824558323
28.038399999997587,-1.8726201214506897,-1.063460306969411,1.0000034299889353,-0.09627781300518626,0.04793097786826863,-3.3367114160635106e-06,-1.2986378254802184,-0.7693993928620269,0.506529741020717,0.05579167691592041,-0.010513894333483126,0.04557281370846946,-1.6306793528051196,-1.0978457507517316,0.87724697332624,-0.021883032998333746,0.027865301867720366,0.0024571034600468274,0.09000117304571391,0.09000117304571391,0.0,0.06548433019503402,-0.03255527369615642,3.0782681318653775e-06,9.706338225840974e-06,0.04315017376759332,-3.603735426912496,0,0.14231248726536178
28.042559999997586,-1.8730200680738698,-1.063261196622564,1.0000034161419795,-0.09598718956321542,0.04778648324331457,-3.3232693702735837e-06,-2.0604801986166477,-0.763788513102714,0.693002225549151,0.13314308625753404,-0.10750558622717864,-0.1223015469404792,-1.845305942715346,-0.9310385207922758,0.7848686835856652,0.05566493135333325,-0.039754771634731026,-0.05979742157431497,0.09000117304571391,0.09000117304571391,0.0,0.06530209844891932,-0.0324649316692886,3.065954642406538e-06,9.653685665623126e-06,0.04301998181465072,-3.6037364669591625,0,0.14186571862769876
28.046719999997585,-1.8734188071749494,-1.0630626866463102,1.0000034023508075,-0.09569738425910743,0.047642394300900386,-3.309881291739753e-06,-2.1111021188089234,-1.8748632896734723,0.5247930503652352,-0.20716823690773375,0.12227993742921789,-0.0817300161973076,-1.9786361280319862,-1.4027024091850948,0.6546578458562333,-0.07605533013451353,0.040885941864515454,-0.07018281536899584,0.09000117304571391,0.09000117304571391,0.0,0.06512029807858902,-0.032374801937253936,3.0536898679626257e-06,9.601323174502043e-06,0.042890156031913304,-3.6037375045701023,0,0.14142029852761362
28.050879999997584,-1.8738163421545266,-1.0628647753543987,1.000003388615195,-0.09540839509852353,0.04749871005873899,-3.2965469655741347e-06,-1.7089581570409138,-0.5676205885131982,1.1162668734460157,-0.1406733809433266,0.2012516550640259,0.15122964475655604,-1.844086890210825,-0.9847382088690853,0.8857799022722593,-0.10882268775686937,0.12161201790172527,0.04062500348859329,0.09000117304571391,0.09000117304571391,0.0,0.06493892848975999,-0.032284884218433035,3.04147405431994e-06,9.549249122230277e-06,0.04276069552875044,-3.6037385397520083,0,0.14097622316938846
28.055039999997582,-1.8742126764049027,-1.0626674610646651,1.0000033749349193,-0.09512022009026902,0.04735542953604689,-3.283266175919313e-06,-1.5465055652120845,-1.3837317976846157,1.2183521383178937,-0.27392329066971755,0.02567041536223723,0.0466661127380632,-1.6958646406506492,-1.1841833751450592,1.052164795859812,-0.19100526323801767,0.07315384012802385,0.04394125251086889,0.09000117304571391,0.09000117304571391,0.0,0.06475798908572339,-0.032195178230322585,3.029306589250262e-06,9.497461887827331e-06,0.04263159941592263,-3.603739572511551,0,0.14053348876655422
28.05919999999758,-1.8746078133100956,-1.0624707420990254,1.000003361309758,-0.09483285724630115,0.04721255175354681,-3.27003870951533e-06,-1.29185698149291,-1.0463530890408574,1.4895133293754443,-0.20709176987793404,0.18344760897509452,-0.09621908802098704,-1.4942903826108043,-1.114885495037529,1.2706423326141965,-0.1982523146364302,0.12819417993215007,-0.026294663735084153,0.09000117304571391,0.09000117304571391,0.0,0.06457747926821258,-0.03210568368932799,3.017187284869696e-06,9.445959859707659e-06,0.04250286680558451,-3.603740602855379,0,0.14009209154187532
28.06335999999758,-1.8750017562458527,-1.0622746167834691,1.0000033477394898,-0.09454630458173337,0.0470700757334711,-3.2568643539511056e-06,-1.8885991580056876,-0.9337054400577418,1.1633374018323397,-0.05220148402267002,-0.06134803480265275,-0.016015200240235967,-1.6915568218466985,-1.0244221138358345,1.2169545313915264,-0.1248925420847215,0.033585206696690156,-0.020543090974035557,0.09000117304571391,0.09000117304571391,0.0,0.06439739843677533,-0.03201640031087667,3.005116378970933e-06,9.394741435553143e-06,0.04237449681128745,-3.6037416307901187,0,0.13965202772733556
28.06751999999758,-1.8753945085796646,-1.0620790834480542,1.0000033342238945,-0.09426056011484217,0.046928000499564776,-3.2437428958555565e-06,-1.3059054147055305,-1.1126763246971527,0.37977199809652573,-0.20133339181482474,0.11260752589311859,-0.3013670921429973,-1.4991475785949973,-1.0683155348463345,0.7977304951256954,-0.16291991650386373,0.07305207236851713,-0.16090025758275814,0.09000117304571391,0.09000117304571391,0.0,0.06421774598921426,-0.031927327809103484,2.9930930371615896e-06,9.343805022343698e-06,0.042246488547982325,-3.6037426563223742,0,0.1392132935641234
28.071679999997578,-1.8757860736707774,-1.0618841404268997,1.0000033207627523,-0.0939756218670722,0.046786325077089776,-3.2306741254267258e-06,-2.1720763053196053,-1.1583279809465834,0.46785942272159087,-0.24222643521494147,-0.05925573277925105,0.002553117020102891,-1.8361199076826655,-1.113445871410251,0.6327976375449936,-0.20284074466230717,0.007018889513287145,-0.079028469483281,0.09000117304571391,0.09000117304571391,0.0,0.06403852132117269,-0.03183846589739142,2.9811177054097135e-06,9.29314903611585e-06,0.0421188411320222,-3.603743679458728,0,0.13877588530261747
28.075839999997577,-1.8761764548702067,-1.0616897860581795,1.0000033073558448,-0.09369148786304303,0.04664504849282701,-3.2176578310361723e-06,-1.4988189266639738,-0.5697359604573924,0.9930013742522247,-0.08225637949288962,0.014502774496584207,0.045731666659676706,-1.6676384932981623,-0.8415575998990515,0.8129975764361902,-0.14239014468554204,0.011074780755442203,-0.01686289565862971,0.09000117304571391,0.09000117304571391,0.0,0.06385972382657501,-0.03174981428805758,2.9691897581644123e-06,9.242771902098749e-06,0.0419915536811651,-3.6037447002057412,0,0.13833979920237174
28.079999999997575,-1.8765656555207506,-1.0614960186841167,1.000003294002954,-0.09340815613055409,0.04650416977507974,-3.204693803715026e-06,-1.8306387791994487,-0.6536940169168104,1.046886783588318,-0.15370106003517153,0.03128489338628157,0.060268824147308386,-1.7494592802985,-0.7475600039534593,0.9300694508134284,-0.14813636909437655,0.02145828830154829,0.021564949641923382,0.09000117304571391,0.09000117304571391,0.0,0.06368135289764029,-0.03166137269225236,2.957309208389676e-06,9.192672054650343e-06,0.041864625314576506,-3.603745718569952,0,0.1379050315321007
28.084159999997574,-1.8769536789570032,-1.0613028366509765,1.000003280703863,-0.0931256247005896,0.04636368795367734,-3.191781834496256e-06,-1.6197251800019676,-0.6628213383266885,1.1607143604259964,-0.049627578649069595,0.08636095469350179,0.09665781460474504,-1.6846944389355432,-0.7050107584214159,1.0455946107165,-0.09893988148819442,0.05405381191355919,0.05908459228956862,0.09000117304571391,0.09000117304571391,0.0,0.0635034079245749,-0.03157314082028641,2.945475852880528e-06,9.142847937045057e-06,0.041738055152831896,-3.6037467345578778,0,0.13747157856966497
28.088319999997573,-1.877340528505367,-1.0611102383090598,1.0000032674583559,-0.09284389160732476,0.04622360205997773,-3.1789217153217906e-06,-1.841509757518909,-0.9509458307803503,0.45065993071839705,-0.06172064266520519,0.07220209143488482,-0.00903415536838376,-1.763232452422683,-0.8278297663067099,0.7481065921599697,-0.0799096306624122,0.06309266384918394,0.02393554231061134,0.09000117304571391,0.09000117304571391,0.0,0.06332588829569241,-0.03148511838163727,2.9336894857674612e-06,9.093298001486974e-06,0.04161184231791931,-3.603747748176014,0,0.13703943660205642
28.092479999997572,-1.8777262074840675,-1.0609182220126978,1.0000032542662174,-0.09256295488813143,0.046083911126869756,-3.1661132390379004e-06,-2.0833270309075447,-1.0091872698232545,0.7074743785209066,0.04461125712593467,0.2619716156721801,-0.007227048938315339,-1.9231893080079754,-0.9179648806192148,0.7277749571636184,-0.017601088484754404,0.16251308668050182,0.008458083160831138,0.09000117304571391,0.09000117304571391,0.0,0.06314879339774751,-0.03139730508442122,2.9219498985164304e-06,9.044020709266311e-06,0.04148598593324185,-3.603748759430834,0,0.13660860192538352
28.09663999999757,-1.8781107192031659,-1.0607267861202445,1.0000032411272333,-0.09228281258358248,0.045944614188777835,-3.1533561994072037e-06,-2.076780880499618,-1.0096417786161822,1.0533571570798945,-0.23696682006918646,-0.0019520769552496126,0.1745067966371625,-2.0004796578057444,-0.9638091298447563,0.8909304804330045,-0.1269791500572921,0.08081920789017775,0.0918680258525014,0.09000117304571391,0.09000117304571391,0.0,0.0629721226158429,-0.03130970063614756,2.9102568799288537e-06,8.995014530414382e-06,0.04136048512362013,-3.603749768328792,0,0.136179070844856
28.10079999999757,-1.878494066964572,-1.060535928994071,1.00000322804119,-0.09200346273745648,0.045805710281663366,-3.140650391138753e-06,-1.2707179496192682,-0.7806249185686258,1.6167197154484807,0.07944928789439508,0.04281576096186591,0.028539451795729146,-1.6354302653858452,-0.8721258071385629,1.2538891046835767,-0.022902835049050996,0.0613969222654586,0.0604160834945211,0.09000117304571391,0.09000117304571391,0.0,0.06279587533290792,-0.031222304743190932,2.8986104303121787e-06,8.946277943721206e-06,0.041235339015294505,-3.603750774876318,0,0.13575083967477097
28.10495999999757,-1.8788762540620585,-1.0603456490005585,1.0000032150078748,-0.09172490339674459,0.045667198443028426,-3.1279956089782757e-06,-1.8781810731150204,-1.0299417084095621,1.0103383012452403,-0.16651160828729109,0.013549971884247468,0.025711608533289607,-1.757153830940725,-0.9510062127577888,1.1321663937986175,-0.09463853002330423,0.037252542516153106,0.04262577334392847,0.09000117304571391,0.09000117304571391,0.0,0.06262005093056675,-0.031135117111225116,2.8870101196343273e-06,8.897809436738759e-06,0.041110546735927664,-3.603751779079823,0,0.13532390473849729
28.109119999997567,-1.8792572837812738,-1.060155944510092,1.0000032020270764,-0.09144713261165384,0.045529077711917616,-3.115391649533395e-06,-1.98164832967565,-1.0676697696792912,0.9468801125250074,-0.0648428373049742,-0.06707522484684308,0.0278183669154575,-1.869536414152482,-1.0094775415585329,1.0395800304373612,-0.08027548659650817,-0.015279971723360796,0.03512087799118467,0.09000117304571391,0.09000117304571391,0.0,0.06244464878861783,-0.0310481374449091,2.875455728703112e-06,8.84960750577844e-06,0.04098610741460677,-3.6037527809456953,0,0.1348982623684609
28.113279999997566,-1.8796371593997554,-1.0599668138970548,1.0000031890985834,-0.0911701484356126,0.04539134712892125,-3.1028383103496108e-06,-1.9733732391464025,-0.9706613102225343,1.1261694608045887,-0.03865867677917388,0.006492097761663727,-0.012987349077237809,-1.9215370051392615,-0.990056259303554,1.0828482246191176,-0.058968245359088,-0.00410278700939022,0.011124467117597767,0.09000117304571391,0.09000117304571391,0.0,0.062269668285153845,-0.030961365447786243,2.8639474640029392e-06,8.801670655847352e-06,0.040862020181845746,-3.603753780480303,0,0.13447390890613037
28.117439999997565,-1.880015884186944,-1.0597782555398207,1.000003176222186,-0.0908939489252755,0.0452540057361789,-3.090335388197417e-06,-1.953680403121175,-1.0002354641637063,1.4251331584587963,-0.17206427090449672,0.010455093941462101,0.06326531761091965,-1.9379653046058656,-0.9951231767966864,1.254125204874173,-0.11623658689288557,0.0026896362672274446,0.03693758610068073,0.09000117304571391,0.09000117304571391,0.0,0.06209510879689606,-0.030874800822718193,2.8524848881742538e-06,8.753997400485986e-06,0.040738284169587594,-3.6037547776899927,0,0.1340508407020012
28.121599999997564,-1.8803934614041964,-1.0595902678207483,1.0000031633976747,-0.09061853214052705,0.045117052577381266,-3.077882681701444e-06,-1.6650369059120274,-1.020669012680446,1.1973903069732388,0.015605908216088732,0.19885806060256855,0.014969032773478426,-1.8014664599009595,-1.0074821675004697,1.2257892748490573,-0.05045634792907252,0.10052711931475809,0.02557928952023082,0.09000117304571391,0.09000117304571391,0.0,0.061920969698566364,-0.030788443271784816,2.841067774697401e-06,8.706586261681523e-06,0.04061489851120643,-3.603755772581091,0,0.13362905411558168
28.125759999997562,-1.8807698943047984,-1.0594028491261742,1.0000031506248415,-0.09034389614448783,0.0449804866977723,-3.065479990484835e-06,-1.6877218391644135,-0.8225972923351011,0.6124924295922483,-0.2377547970386305,0.03819077547711062,0.01139461150117373,-1.7450890204692422,-0.9149606422089255,0.9191604510005351,-0.14354360231548738,0.07015233771911276,0.0183965683498244,0.09000117304571391,0.09000117304571391,0.0,0.0617472503634349,-0.03070229249596987,2.8296958943881883e-06,8.659435770014599e-06,0.04049186234150974,-3.6037567651599027,0,0.13320854551537756
28.12991999999756,-1.8811451861339796,-1.0592159978464069,1.0000031379034784,-0.09007003900351837,0.04484430714415278,-3.0531271151703653e-06,-1.5796278131124097,-1.3544399693410392,0.6248590436388688,-0.1308529921591701,0.0279877287773014,0.04931986567508674,-1.6626298763426057,-1.134645599428574,0.7721097267399248,-0.13698419914890253,0.049280484033727576,0.03411834015074018,0.09000117304571391,0.09000117304571391,0.0,0.06157395016344072,-0.030616348195594986,2.8183694437390077e-06,8.612544464516202e-06,0.04036917479674056,-3.6037577554327123,0,0.13278931127887683
28.13407999999756,-1.8815193401289263,-1.0590297123757197,1.000003125233379,-0.08979695878722262,0.04470851296488201,-3.0408238556264588e-06,-1.9228142076719439,-1.1496396765814083,1.1034945410434855,-0.14752699466490887,-0.034871907151051804,0.157473423405337,-1.7930318148084479,-1.142215543868878,0.9381325952472694,-0.1417258517680283,0.007338725981313172,0.09549835183403362,0.09000117304571391,0.09000117304571391,0.0,0.06140106846867091,-0.030530610070005584,2.8070877612277423e-06,8.56591089260167e-06,0.04024683501457933,-3.6037587434057836,0,0.1323713477925353
28.13823999999756,-1.8818923595187949,-1.0588439911123453,1.0000031126143372,-0.08952465356845352,0.044573103209880865,-3.0285700145229623e-06,-2.131167816169169,-0.962126890144735,1.5931901328986044,-0.12154463768745344,0.0606033830827286,0.01248682770431809,-1.9623555002687507,-1.0520447121118837,1.2656913411483568,-0.1313916121229449,0.03435642515380931,0.054276267614013614,0.09000117304571391,0.09000117304571391,0.0,0.0612286046479085,-0.03044507781768402,2.7958510380177176e-06,8.519533610026582e-06,0.04012484213414607,-3.60375972908536,0,0.13195465145176105
28.142399999997558,-1.8822642475247253,-1.0586588324584676,1.000003100046148,-0.08925312142331636,0.04443807693063432,-3.016365393774166e-06,-1.6858311016818295,-1.2024065469335845,0.6326453260168665,-0.19837564315964162,0.011427494375176178,-0.017946601813323467,-1.8245028351360855,-1.1272044333889386,0.949124928444365,-0.16543058621525034,0.023624572606444003,0.018961392899332845,0.09000117304571391,0.09000117304571391,0.0,0.06105655806821822,-0.03035975113657703,2.7846588214283024e-06,8.473411180749527e-06,0.04000319529600232,-3.603760712477664,0,0.1315392186608998
28.146559999997557,-1.8826350073598552,-1.0584742348202167,1.0000030875286072,-0.08898236043117382,0.04430343318019267,-3.0042097972440313e-06,-1.712381186397553,-0.7159438881272655,1.3928300364987622,-0.20670829075412345,0.11590291212944706,-0.1881475947125578,-1.7688720990222235,-0.9213303580485204,1.1705893116193704,-0.18562173511430471,0.06982984947659339,-0.08461150984085551,0.09000117304571391,0.09000117304571391,0.0,0.060884928095387925,-0.03027462972346097,2.773511083789324e-06,8.427542177118836e-06,0.0398818936421531,-3.603761693588898,0,0.13112504583321952
28.150719999997555,-1.883004642229333,-1.0582901966076619,1.0000030750615112,-0.08871236867464916,0.04416917101317537,-2.9921030289554355e-06,-1.9555274307892625,-1.396746146099269,1.4755635272351122,-0.03505699886462674,-0.00544708909727816,0.12451566491791305,-1.862275113881064,-1.1590508174223604,1.3233371729498877,-0.10980790563972463,0.031190692078029027,0.020116359390679118,0.09000117304571391,0.09000117304571391,0.0,0.06071371409362125,-0.030189713274482402,2.76240779543221e-06,8.381925179605124e-06,0.03976093631604884,-3.603762672425244,0,0.13071212939089571
28.154879999997554,-1.8833731553303314,-1.0581067162348046,1.0000030626446574,-0.08844314423963079,0.04403528948577265,-2.9800448930967714e-06,-2.148318243890212,-1.0821538971825364,0.7046792849456974,-0.04815276041061439,0.0028222360649329467,0.05686641047996385,-2.005400018486401,-1.1205960466026395,1.0141223954507679,-0.07841608332108306,0.01705518709968286,0.03838561733605069,0.09000117304571391,0.09000117304571391,0.0,0.060542915425765176,-0.03010500148505804,2.7513484963488556e-06,8.336558776809112e-06,0.03964032246258724,-3.603763648992864,0,0.130300465764996
28.159039999997553,-1.8837405498520619,-1.0579237921195723,1.000003050277844,-0.0881746852152758,0.043901787655747496,-2.9680351958455346e-06,-1.624681081047556,-1.0006264689617033,0.7769623174712897,-0.036215105973343556,-0.055274564255763076,0.07947471764424029,-1.815112515485386,-1.0607247558016113,0.8957075890404264,-0.057653233168421684,-0.019408939700076983,0.05816444688520596,0.09000117304571391,0.09000117304571391,0.0,0.060372531453216666,-0.0300204940497745,2.7403331515416195e-06,8.291441565462772e-06,0.03952005122811508,-3.6037646232979,0,0.129890051395465
28.163199999997552,-1.884106828975787,-1.0577414226838122,1.0000030379608702,-0.08790698969401395,0.04376866458243812,-2.9560737435473155e-06,-2.0989986452025287,-1.0833674208597381,0.7248790405774352,-0.08355039733943763,0.26116153988524754,0.048077362154545764,-1.9572314180567794,-1.0715031902411003,0.8103920018801732,-0.07056706243680591,0.12093137071801104,0.05317784265314947,0.09000117304571391,0.09000117304571391,0.0,0.06020256153593631,-0.029936190662394627,2.7293615098438893e-06,8.246572150363273e-06,0.03940012176043005,-3.6037655953464727,0,0.12948088273110964
28.16735999999755,-1.884471995874835,-1.057559606353284,1.0000030256935355,-0.08764005577155157,0.04363591932676036,-2.9441603436602532e-06,-1.585215319438701,-1.4432177253216125,1.4075304931757033,-0.3249956736480914,0.0763789999860999,-0.004687672252642778,-1.7718975597877236,-1.2572034193945387,1.1089545608316018,-0.19737432153642048,0.09828617696897796,0.024784894399173106,0.09000117304571391,0.09000117304571391,0.0,0.060033005032568754,-0.029852091016077956,2.7184335315950837e-06,8.201949144309434e-06,0.039280533208782484,-3.603766565144684,0,0.12907295622958342
28.17151999999755,-1.8848360537146136,-1.0573783415576539,1.0000030134756406,-0.08737388154687496,0.04350355095120918,-2.9322948038551566e-06,-1.6445214370880503,-1.5199296296566402,1.133431329709214,-0.17308432383518282,0.029969571075017947,0.11538107857687561,-1.7085697786989775,-1.388505557642597,1.121432284089714,-0.1846725195829231,0.06390650656663298,0.070472313212786,0.09000117304571391,0.09000117304571391,0.0,0.05986386130045651,-0.02976819480295967,2.7075489609656587e-06,8.157571168115744e-06,0.039161284723877116,-3.603767532698616,0,0.1286662683573717
28.17567999999755,-1.8851990056526229,-1.0571976267304877,1.0000030013069867,-0.08710846512225381,0.04337155851986195,-2.9204769329113986e-06,-1.9070738318041303,-0.7887753726613085,0.6345323339811084,-0.17743017214210938,0.17015620275745835,-0.004792749716792436,-1.8081928069644724,-1.0882821186213592,0.8779687520542816,-0.18078105433852237,0.11691397351140198,0.032931689931608644,0.09000117304571391,0.09000117304571391,0.0,0.059695129695546745,-0.02968450171479846,2.696707753632093e-06,8.113436850388996e-06,0.03904237545787474,-3.60376849801433,0,0.12826081558977612
28.179839999997547,-1.8855608548384697,-1.0570174603092444,1.000002989187376,-0.08684380460324491,0.04323994109837895,-2.9087065398390182e-06,-1.7329765407328974,-0.9781865789109918,1.1887474728159857,-0.015106765382580545,0.21045273709524462,-0.12982205537919161,-1.7706161264357327,-1.0327960375309082,1.0330906507095396,-0.09768655052471865,0.16377100018176538,-0.04862215072813826,0.09000117304571391,0.09000117304571391,0.0,0.0595268095725118,-0.029601011442341993,2.6859096491019054e-06,8.069544827653923e-06,0.038923804564393844,-3.6037694610978677,0,0.1278565944108997
28.183999999997546,-1.885921604413881,-1.0568378407352694,1.0000029771166117,-0.08657989809869543,0.043108697754006636,-2.8969834347877747e-06,-1.9106818568320783,-1.2987575773585913,1.3044362384382855,-0.13629142247951212,0.0717792096572475,0.08323211575391644,-1.8409337434787805,-1.1656284125885914,1.1689379664453277,-0.1168472918393426,0.1173207089888853,0.017535638422060483,0.09000117304571391,0.09000117304571391,0.0,0.05935890028465601,-0.029517723675760804,2.675154384218077e-06,8.02589374419951e-06,0.038805571198512204,-3.603770421955252,0,0.1274536013136316
28.188159999997545,-1.8862812575127172,-1.0566587664537879,1.0000029650944975,-0.08631674372074662,0.042977827555579017,-2.885307429046814e-06,-2.538484991471907,-0.9578463712140268,1.0672582060733946,-0.07784435154240689,0.060541594289167625,0.02967097444792605,-2.1898763421967304,-1.061610717862672,1.1181578762657907,-0.09726194424303897,0.08927361534034628,0.024185907887871904,0.09000117304571391,0.09000117304571391,0.0,0.05919140118403618,-0.0294346381046552,2.6644416931590565e-06,7.982482252079883e-06,0.03868767451676855,-3.6037713805924856,0,0.12705183279963178
28.192319999997544,-1.8866398172609875,-1.0564802359138983,1.0000029531208379,-0.08605433958483691,0.04284732957351902,-2.8736783350694656e-06,-1.6193846794372329,-0.8697148111121803,1.0613122305089449,-0.023990567911557195,0.1381790144382718,0.007465077230832836,-1.9046769584753982,-0.9653741615559805,1.0897491510980455,-0.06037130062896971,0.11379443842397134,0.01632262142960714,0.09000117304571391,0.09000117304571391,0.0,0.05902431162168925,-0.029351754417634213,2.6537717357798797e-06,7.939309011193837e-06,0.03857011367716406,-3.6037723370155517,0,0.12665128537931558
28.196479999997543,-1.8869972867768612,-1.0563022475685655,1.000002941195438,-0.0857926838097042,0.042717202879841654,-2.8620959646780133e-06,-2.2792428355883536,-1.5081100303168746,1.0017314797024688,0.07236104882890623,0.2454420206503339,0.06345677882914395,-2.091814255082592,-1.2362367902702496,1.045871922971406,0.007066296428255828,0.18028721172450196,0.03977358099541978,0.09000117304571391,0.09000117304571391,0.0,0.05885763094689786,-0.02926907230296344,2.6431442422621892e-06,7.896372688985996e-06,0.03845288783916375,-3.603773291230414,0,0.12625195557183905
28.20063999999754,-1.8873536691706836,-1.0561247998746148,1.0000029293181043,-0.08553177451739108,0.04258744654815441,-2.85056013087403e-06,-1.691250311239234,-0.6193096154703066,0.8334906079382212,-0.22663336453163754,0.06257723424465716,-0.13680728963175157,-1.8920015266412336,-0.9276385530390728,0.9393961771288238,-0.10945333281255819,0.12135605779365646,-0.04896378783963632,0.09000117304571391,0.09000117304571391,0.0,0.05869135850837953,-0.02918659144782361,2.632558940123094e-06,7.853671960717889e-06,0.03833599616369822,-3.6037742432430164,0,0.12585383990508303
28.20479999999754,-1.8877089675449887,-1.0559478912927245,1.0000029174886433,-0.08527160983324523,0.04245805965366083,-2.8390706478318634e-06,-1.8199672210694666,-1.3335090555519662,1.020248234065496,-0.20622312769794382,0.1547086293801987,0.008992710484778286,-1.8564113931305086,-1.1302540091459714,0.9798398149559705,-0.1585123115545435,0.13762352794526395,-0.019190586668109362,0.09000117304571391,0.09000117304571391,0.0,0.058525493653232175,-0.02910431153917209,2.6220157683857304e-06,7.81120550905392e-06,0.03821943781316481,-3.6037751930592847,0,0.12545693491563809
28.20895999999754,-1.8880631849945133,-1.0557715202874196,1.000002905706863,-0.08501218788592413,0.04232904127316043,-2.8276273300425317e-06,-1.7750182514958244,-0.8779934079862028,1.2369360922061485,0.033249958111203085,0.00029352703292055,0.11914134176359914,-1.8156466247711316,-1.0041223753564092,1.108637800340637,-0.06190730937384856,0.06946859228955693,0.049852466546848107,0.09000117304571391,0.09000117304571391,0.0,0.05836003572748172,-0.02902223226300163,2.611514449904271e-06,7.76897202427902e-06,0.03810321195142914,-3.6037761406851243,0,0.1250612371487894
28.213119999997538,-1.888416324606211,-1.0555956853270652,1.0000028939725714,-0.08475350680739753,0.042200390485051725,-2.816229993188289e-06,-1.8218775565008842,-1.6500625451268656,1.0225510977471872,-0.04088345696907244,0.03129570955719438,-0.07295510007674692,-1.81884732938621,-1.3270322684825129,1.0654418022500278,-0.05132039605439326,0.05056848908873602,-0.01139924599633888,0.09000117304571391,0.09000117304571391,0.0,0.058194984076203105,-0.02894035330488122,2.6010549190389153e-06,7.726970204159057e-06,0.03798731774382649,-3.6037770861264224,0,0.12466674315850086
28.217279999997537,-1.8887683894592648,-1.0554203848838597,1.0000028822855778,-0.08449556473294942,0.04207210636933303,-2.8048784532651036e-06,-1.4830425386498594,-1.3441240523687685,0.7771438756553771,-0.057568370846303576,0.014180539193547195,0.1192281077455382,-1.651062989047197,-1.3355486397401695,0.9215388655832882,-0.054124571462708514,0.03230703643644697,0.05388058856323755,0.09000117304571391,0.09000117304571391,0.0,0.05803033804289279,-0.028858674349535346,2.590637108151457e-06,7.685198753890472e-06,0.03787175435716296,-3.6037780293890465,0,0.12427344950740081
28.221439999997536,-1.8891193826251031,-1.055245617433828,1.0000028706456923,-0.0842383598011826,0.041944188007604986,-2.7935725266135685e-06,-1.7486635344524732,-1.0162477401991161,1.3299469164502349,0.10906498422724337,0.011677960533656787,0.03942629671988703,-1.6996391098976165,-1.1758712204475383,1.1258280200370592,0.028429700362392514,0.021779653309431646,0.04652663739838639,0.09000117304571391,0.09000117304571391,0.0,0.05786609697044412,-0.028777195081385015,2.580260519264172e-06,7.643656386082034e-06,0.03775652095971708,-3.603778970478845,0,0.12388135276676539
28.225599999997534,-1.8894693071674116,-1.0550713814568153,1.0000028590527255,-0.08398189015401927,0.04181663448307088,-2.7823120316753383e-06,-1.9905154579774575,-0.8015117235426119,1.1295166085640713,-0.03792297390456079,0.04897810502556518,0.009219091900609632,-1.84515829718828,-0.9885879476048777,1.127691754589527,-0.004694708250770387,0.03584269422509381,0.027760314833856502,0.09000117304571391,0.09000117304571391,0.0,0.05770226020030669,-0.02869591518391329,2.569925293580348e-06,7.602341820770705e-06,0.037641616721240764,-3.6037799094016476,0,0.12349044951650415
28.229759999997533,-1.8898181661421478,-1.0548976754364798,1.0000028475064888,-0.08372615393670498,0.04168944488053954,-2.7710967863642238e-06,-2.117004565928319,-0.33394346032451283,1.2965631455806654,-0.17722257233487052,-0.10129049263344453,0.060766515430300656,-1.981451592535849,-0.6614720034150262,1.2122547576110771,-0.09112024704591072,-0.032619418082768664,0.0443895580206352,0.09000117304571391,0.09000117304571391,0.0,0.05753882707303418,-0.02861483434020612,2.5596311426298805e-06,7.5612537852907766e-06,0.03752704081296074,-3.603780846163265,0,0.12310073634514425
28.233919999997532,-1.8901659625975553,-1.0547244978602863,1.0000028360067945,-0.08347114929781045,0.04156261828642606,-2.759926609825758e-06,-1.275128591250231,-1.4708813418853666,1.1639065286728476,0.05808133742701542,0.06199721805893164,-0.010708294718610694,-1.628164923131201,-1.0660535193432823,1.188058386034263,-0.016249532426742215,0.014747888874449396,0.016673868953027755,0.09000117304571391,0.09000117304571391,0.0,0.05737579692808456,-0.02853395223274549,2.5493779894486964e-06,7.520391014268135e-06,0.03741279240757964,-3.60378178076949,0,0.122712209849815
28.23807999999753,-1.8905126995741772,-1.0545518472195,1.0000028245534556,-0.08321687438923418,0.041436153788753295,-2.74880132159351e-06,-2.103672557266622,-1.2127264451993696,1.420534643141953,-0.06474018686018818,0.06584103977976982,0.13667948530643945,-1.8660574202991216,-1.1392536151263906,1.3045809427842179,-0.04015755640125703,0.04007672181415936,0.077384437966143,0.09000117304571391,0.09000117304571391,0.0,0.057213169103941,-0.028453268543202195,2.5391655409037563e-06,7.4797522496035e-06,0.03729887067927719,-3.6037827132260953,0,0.12232486663623278
28.24223999999753,-1.8908583801048697,-1.0543797220091784,1.000002813146286,-0.0829633273662045,0.041310050477154345,-2.7377207424402358e-06,-1.8950036672378465,-1.0478012052179495,1.0311005017559445,-0.04024082976346549,0.1734626784209075,-0.06285291944574804,-1.8806143332181866,-1.093165021036006,1.1677075464610136,-0.04025345304346496,0.1063034663003976,0.007529524389457541,0.09000117304571391,0.09000117304571391,0.0,0.057050942937804744,-0.02837278295308382,2.5289935011974822e-06,7.439336240248946e-06,0.03718527480371135,-3.603783643538836,0,0.12193870331868553
28.24639999999753,-1.8912030072148167,-1.0542081207281664,1.0000028017850997,-0.08271050638728301,0.04118430744287222,-2.7266846944378617e-06,-2.0157537492537507,-1.2661511222052315,0.895407257428313,-0.10230964144950057,-0.07401849928034401,0.01487296243247028,-1.9483978901093963,-1.1798138163048362,1.0315864597068174,-0.07122845330901025,0.016431894780503654,0.011187381800566488,0.09000117304571391,0.09000117304571391,0.0,0.05688911776625047,-0.02829249514299355,2.518862214379453e-06,7.399141742472246e-06,0.0370720039580195,-3.6037845717134482,0,0.12155371652001713
28.250559999997527,-1.8915465839215433,-1.0540370418790883,1.0000027904697122,-0.08245840961436524,0.04105892377876269,-2.7156929982650047e-06,-2.350534501091164,-1.1965902424776884,1.3418312917930817,0.09821233969522228,-0.16184719748531173,0.16455665701599742,-2.149264771627974,-1.1885385026731898,1.187053619695542,0.013500761992212014,-0.07283163276176272,0.08771797551857766,0.09000117304571391,0.09000117304571391,0.0,0.05672769292470592,-0.028212404793064,2.5087711671508622e-06,7.359167519568553e-06,0.03695905732081937,-3.6037854977556494,0,0.12116990287161213
28.254719999997526,-1.8918891132349294,-1.0538664839683412,1.0000027791999393,-0.08220703521268341,0.040933898579295254,-2.704745476767809e-06,-2.1824881302840997,-0.8732378479230087,0.9000972946997023,-0.2673407177211491,0.008078497959078543,-0.01109880743949845,-2.1664317985010952,-1.0308695167263793,1.0435501790923893,-0.12735680470839747,-0.03221307628331746,0.038404831485630626,0.09000117304571391,0.09000117304571391,0.0,0.05656666774746552,-0.028132511583178074,2.498720271223358e-06,7.319412341842524e-06,0.03684643407221011,-3.6037864216711393,0,0.12078725901338035
28.258879999997525,-1.8922305981572245,-1.0536964455060889,1.0000027679755978,-0.08195638135080936,0.04080923094055326,-2.693841953230782e-06,-2.0797862281569506,-1.0491507774310453,1.0465678507220624,-0.034777799435954056,-0.08016205683276596,-0.06204173167621557,-2.12318069727372,-1.0401764428056737,1.0449292912802532,-0.08109561624387375,-0.05645710459186303,-0.011475557775469984,0.09000117304571391,0.09000117304571391,0.0,0.05640604156834575,-0.028052815192120495,2.488709222139627e-06,7.2798749868228096e-06,0.03673413339377339,-3.6037873434655987,0,0.12040578159374112
28.263039999997524,-1.8925710416830606,-1.0535269250062544,1.000002756796505,-0.0817064462006545,0.04068491996023753,-2.6829822522200634e-06,-2.208399442033123,-1.541327588887246,0.9458267224203385,-0.11986920866785702,-0.09944389143402198,-0.032471968863495446,-2.1660404184787825,-1.2909620748657564,0.995310557033238,-0.10027411186924427,-0.07808631424333352,-0.022349589541217803,0.09000117304571391,0.09000117304571391,0.0,0.05624581371963028,-0.02797331529876007,2.4787381411189444e-06,7.24055423878367e-06,0.0366221544685742,-3.6037882631446903,0,0.12002546726960836
28.267199999997523,-1.8929104467994666,-1.0533579209865143,1.0000027456624792,-0.08145722793747429,0.04056096473766503,-2.6721661978631796e-06,-1.882786390100069,-1.4293710174072467,0.69354896419373,-0.11694383431110511,-0.20070608548292757,0.1502914862187788,-2.0246553789514534,-1.360584970618702,0.8447410214168648,-0.10826316656976886,-0.1393916460477734,0.06358943509734803,0.09000117304571391,0.09000117304571391,0.0,0.05608598353315236,-0.02789401158088098,2.4688067197071907e-06,7.201448889151086e-06,0.03651049648116195,-3.6037891807140587,0,0.11964631270637482
28.27135999999752,-1.8932488164858827,-1.0531894319682902,1.000002734573339,-0.08120872473986825,0.040437364373772496,-2.661393615608487e-06,-2.4122556311350705,-1.3570304098241763,0.5823134584052778,0.018267874221973887,0.034087915064210744,-0.12894869107661636,-2.218420929995777,-1.3587383195395708,0.7132601569236909,-0.04466465046836161,-0.05191475351288185,-0.03409196619995604,0.09000117304571391,0.09000117304571391,0.0,0.055926550339774894,-0.027814903716365025,2.4589146467857165e-06,7.162557736086872e-06,0.036399158617571405,-3.6037900961793303,0,0.11926831457789619
28.27551999999752,-1.8935861537141734,-1.053021456476744,1.0000027235289044,-0.08096093478978206,0.04031411797111504,-2.6506643322400446e-06,-1.7673579802044674,-1.126936405581831,0.8006952564102234,-0.02990322036836246,-0.01607886730420817,0.1811935821658889,-1.99294781113542,-1.2428685080431647,0.7573562987483674,-0.0376144872753253,-0.034324179887855,0.0730067261494928,0.09000117304571391,0.09000117304571391,0.0,0.05576751346929709,-0.0277359913820229,2.449062036912455e-06,7.1238795847442524e-06,0.03628814006532333,-3.6037910095461134,0,0.11889146956647646
28.27967999999752,-1.893922461448642,-1.0528539930407694,1.0000027125289954,-0.0807138562725101,0.04019122463386972,-2.6399781741181e-06,-1.3358017376362765,-0.8047166108834969,0.599173744100133,-0.02874437167422702,0.10434633888912796,-0.033734847355030365,-1.664430688083231,-1.0235716532628547,0.6781955806375011,-0.03283157661630119,0.034616145729263484,0.01876110911042847,0.09000117304571391,0.09000117304571391,0.0,0.05560887225089603,-0.02765727425466956,2.4392485749719514e-06,7.08541324701123e-06,0.03617744001342561,-3.603791920819998,0,0.11851577436285157
28.283839999997518,-1.894257742646045,-1.0526870401929869,1.000002701573433,-0.08046748737669612,0.04006868346783455,-2.629334968947898e-06,-2.2080656205239335,-1.320430957931013,0.9262305006756344,-0.004626245788175595,-0.11549045316777878,0.07711390357367678,-1.9362626874337074,-1.1722434877053551,0.8023730697798731,-0.01819862344442354,-0.04048137384894874,0.048944094744776415,0.09000117304571391,0.09000117304571391,0.0,0.055450626012820164,-0.027578752010169086,2.4294743715253405e-06,7.047157541657051e-06,0.03606705765237389,-3.603792830006557,0,0.1181412256661745
28.287999999997517,-1.8945920002556047,-1.052520596469735,1.000002690662039,-0.08022182629433525,0.039946493580431564,-2.618734544021874e-06,-1.9717315866751832,-0.9321751212493067,0.9976137245500193,-0.22448323630018252,0.04565300998637359,0.11628935485900911,-1.9544636975884102,-1.052112604651228,0.9002373255189914,-0.12161924025773568,0.0025500043069899836,0.08228367287644442,0.09000117304571391,0.09000117304571391,0.0,0.05529277408240302,-0.02750042432440336,2.4197388932898016e-06,7.009111294046008e-06,0.03595699217415241,-3.603793737111345,0,0.11776782018399953
28.292159999997516,-1.8949252372190246,-1.0523546604110654,1.000002679794636,-0.0799768712207759,0.03982465408070578,-2.6081767288863096e-06,-1.9750067022606195,-0.8277343167017632,1.0812864478747197,-0.007258795315401148,0.038782322335503404,-0.2531376286979503,-1.9647507132128676,-0.9398418502288527,0.9902362180387158,-0.06431580954899614,0.02096472302496318,-0.08520517418271792,0.09000117304571391,0.09000117304571391,0.0,0.05513531578629094,-0.02742229087242397,2.4100420319929703e-06,6.971273336388466e-06,0.035847242772234805,-3.6037946421398983,0,0.11739555463226675
28.296319999997515,-1.8952574564705027,-1.0521892305607348,1.000002668971047,-0.07973262035472077,0.03970316407932777,-2.597661353594978e-06,-2.2352714714762394,-1.0241003595782894,1.280130372085009,0.04849629735672682,0.23222494925398737,-0.07597210392208156,-2.099911775344734,-0.9814890767127907,1.1350262618066511,-0.008080016571901516,0.1267752613350002,-0.08008818714983251,0.09000117304571391,0.09000117304571391,0.0,0.05497825045035035,-0.0273443513289931,2.4003838915346388e-06,6.933642507516654e-06,0.03573780864158482,-3.6037955450977366,0,0.11702442573528646
28.300479999997513,-1.8955886609367454,-1.0520243054661989,1.0000026581910961,-0.0794890718982282,0.03958202268859391,-2.58718824780218e-06,-1.5654014166022625,-1.5822274830940346,1.2793782067410242,-0.07860000451441815,-0.11808020812403718,-0.051014886529519625,-1.8328164073778443,-1.2821066145803592,1.2070983909453017,-0.04330380502923654,0.003655220756261583,-0.0661573530248872,0.09000117304571391,0.09000117304571391,0.0,0.05482157739957472,-0.027266605368376676,2.390764146141214e-06,6.896217652873875e-06,0.03562868897865701,-3.603796445990361,0,0.11665443022572382
28.304639999997512,-1.8959188535369818,-1.0518598836786055,1.0000026474546075,-0.07924622405671394,0.03946122902242756,-2.5767572425693033e-06,-1.663347198929054,-0.769529479925944,1.224467860917263,-0.03129786572746963,0.17167256289283445,-0.14586071861934188,-1.7481469875809004,-1.0254558175018718,1.2154793037237028,-0.03669015325374288,0.08689867440733916,-0.10573577181164996,0.09000117304571391,0.09000117304571391,0.0,0.05466529595831232,-0.027189052664351038,2.3811828957156857e-06,6.85899762448551e-06,0.035519882981397397,-3.6037973448232554,0,0.1162855648445832
28.30879999999751,-1.8962480371829773,-1.0516959637527872,1.0000026367614068,-0.07900407503895203,0.03934078219638016,-2.5663681685766577e-06,-1.5374541951648033,-1.003877097246705,0.7687088987928388,-0.08333434821471211,0.14108350870585407,-0.03284743023884944,-1.6429716774119651,-1.0143720832688878,0.9920230315548269,-0.060380789563016686,0.11361568809029049,-0.06947814921399592,0.09000117304571391,0.09000117304571391,0.0,0.054509405450066495,-0.027111692890637473,2.371639596317093e-06,6.82198128085016e-06,0.03541138984924418,-3.6037982416018863,0,0.11591782634119249
28.31295999999751,-1.8965762147790484,-1.0515325442472554,1.00000262611132,-0.07876262305707638,0.03922068132763056,-2.556020858808142e-06,-1.9462972053681544,-1.1558211073194913,1.4067100769954974,0.24459334767085616,0.006222852943560536,-0.026664424977713666,-1.7941270259938538,-1.0850838039121948,1.1993146664515288,0.09170648399917428,0.05952328899925003,-0.048396975119627345,0.09000117304571391,0.09000117304571391,0.0,0.054353905197830316,-0.02703452571994705,2.362134129014931e-06,6.785167487180808e-06,0.03530320878312826,-3.603799136331703,0,0.11555121147318764
28.31711999999751,-1.8969033892220757,-1.051369623724193,1.0000026155041735,-0.07852186632658109,0.039100925534988326,-2.545715146788422e-06,-2.227368516253475,-0.7275290553523668,0.7910801917909955,-0.09545779933642491,-0.0055617086128225135,-0.10759505314694719,-2.0109491143760483,-0.9063152302905779,0.9949709987723976,-0.0019780206654090777,0.026857268975288777,-0.07809841646722207,0.09000117304571391,0.09000117304571391,0.0,0.054198794523673155,-0.026957550825055868,2.3526668012214132e-06,6.748555114970289e-06,0.035195338985473806,-3.603800029018136,0,0.11518571700649717
28.321279999997508,-1.8972295634015186,-1.0512072007494475,1.0000026049397948,-0.0782818030663225,0.038981513938892536,-2.5354508648085672e-06,-1.807120029181763,-1.0911648468526174,1.1164464561621386,0.08848229103166992,-0.12741294255868968,-0.028403241393596762,-1.9088511753276445,-0.999005312824213,1.0556513310542528,0.04424188676821389,-0.0507653632768875,-0.05365381543239031,0.09000117304571391,0.09000117304571391,0.0,0.05404407274907505,-0.026880767878170966,2.343237063000377e-06,6.7121430422208915e-06,0.03508777966019888,-3.6038009196666008,0,0.11482133971532649
28.325439999997506,-1.897554740199429,-1.051045273892525,1.000002594418012,-0.07804243149851972,0.03886244566141327,-2.5252278474817283e-06,-1.7954588951128339,-1.2732904109989247,1.1625302663342378,0.00236365681459047,0.20609383163907302,0.008340374460488641,-1.8521498838946622,-1.1357203109706937,1.1091086314666763,0.023573986222055934,0.07726260997336336,-0.022534300572215102,0.09000117304571391,0.09000117304571391,0.0,0.05388973919483411,-0.026804176551043807,2.333844789426111e-06,6.675930153342666e-06,0.034980530012715935,-3.6038018082824936,0,0.1144580763821425
28.329599999997505,-1.8978789224904655,-1.0508838417265822,1.000002583938654,-0.0778037498487557,0.0387437198262526,-2.5150459299815834e-06,-1.924328159000092,-0.5311298264561344,0.627269511403505,-0.15665686763955344,0.1364062651165441,0.08285942372428727,-1.8885649548799184,-0.8331366052977495,0.8683565036636794,-0.06672866587032751,0.10658458850244747,0.030896931292403597,0.09000117304571391,0.09000117304571391,0.0,0.05373579318108038,-0.026727776515083845,2.324489853574501e-06,6.639915339058165e-06,0.03487358924993235,-3.6038026948711948,0,0.1140959237976579
28.333759999997504,-1.8982021131419071,-1.0507229028284208,1.00000257350155,-0.07756575634597815,0.0386253355587451,-2.504904948056516e-06,-1.5623788554754703,-1.2142043449036795,0.6691628051789438,-0.10031045891780746,0.11164020142614799,-0.05434570761043413,-1.725677864766809,-1.0234402052027622,0.7686467464414671,-0.08371011519866367,0.10876200009017475,-0.012451424527188082,0.09000117304571391,0.09000117304571391,0.0,0.05358223402728987,-0.026651567441472415,2.3151721265230337e-06,6.604097496382576e-06,0.03476695658025089,-3.603803579438067,0,0.11373487876081555
28.337919999997503,-1.8985243150136675,-1.0505624557784798,1.0000025631065304,-0.07732844922250047,0.03850729198585794,-2.494804738037043e-06,-1.9055577947958766,-0.5897642750143857,1.2308490896869793,-0.0550723864233439,-0.07263894071737195,0.055953496853048436,-1.8157329182792339,-0.8067507256771356,0.999866193210982,-0.06973888729176947,0.018281497849597674,0.022391342951737017,0.09000117304571391,0.09000117304571391,0.0,0.0534290610522985,-0.026575549000848908,2.3058916915213588e-06,6.568475528674844e-06,0.03466063121357016,-3.6038044619884557,0,0.11337493807877311
28.3420799999975,-1.8988455309583092,-1.050402499160829,1.0000025527534255,-0.07709182671400261,0.03838958823619221,-2.4847451359408207e-06,-1.5633528674320618,-1.2242410179230374,1.1941014717139196,0.022935564977520945,0.024165665264795397,0.1502145923482736,-1.6894935885044724,-1.015447610563567,1.097297052792296,-0.02332730010318176,0.020781440958464917,0.08657406255852068,0.09000117304571391,0.09000117304571391,0.0,0.05327627357453016,-0.026499720863638138,2.296648202145728e-06,6.533048345552212e-06,0.03455461236128503,-3.6038053425276897,0,0.11301609856688688
28.3462399999975,-1.8991657638210573,-1.0502430315631623,1.0000025424420673,-0.07685588705953096,0.038272223439982926,-2.47472597925762e-06,-2.0095498262168032,-0.9434900785262185,1.1843863303104651,-0.14704476017413048,0.09294681722462139,0.0815246599355035,-1.8498304409817068,-0.9792740409239331,1.141011933811978,-0.08486787167145848,0.05639145199259715,0.08401894199164393,0.09000117304571391,0.09000117304571391,0.0,0.05312387091147608,-0.02642408269962955,2.2874413093078636e-06,6.497814862859982e-06,0.034448899236286905,-3.603806221061081,0,0.11265835704869719
28.3503999999975,-1.8994850164398136,-1.050084051576791,1.0000025321722876,-0.07662062850150042,0.038155196729100824,-2.4647471069832213e-06,-1.2794499548148268,-1.0984266571586707,0.7993013491077093,-0.1619196928978625,0.035970815280121325,0.1873024810074625,-1.5649719975242482,-1.0387773144424046,0.9705446902988671,-0.12386843525925523,0.046639178755075644,0.13524238717675918,0.09000117304571391,0.09000117304571391,0.0,0.05297185238035018,-0.026348634178625263,2.2782713037666356e-06,6.462774002537052e-06,0.034343491052964345,-3.6038070975939247,0,0.1123017103559118
28.354559999997498,-1.8998032916451706,-1.0499255577966367,1.0000025219439195,-0.0763860492856938,0.03803850723705139,-2.4548083569544274e-06,-1.663308874718504,-0.9552109760750138,0.8147445395072115,0.0008958873393435096,0.29663599851254774,0.02028076825710126,-1.614138512512906,-0.9963754236650635,0.8926871345868956,-0.06185406830888759,0.171072187553632,0.07708302638554915,0.09000117304571391,0.09000117304571391,0.0,0.05282021729756875,-0.02627337496991279,2.2691376189325323e-06,6.427924692695774e-06,0.03423838702720319,-3.603807972131499,0,0.11194615532839103
28.358719999997497,-1.9001205922604258,-1.0497675488212244,1.0000025117567963,-0.07615214766126331,0.03792215409897613,-2.444909569377639e-06,-1.859127923981228,-0.7114730445900164,1.663760327003092,-0.029339291638886725,-0.18480216077698197,-0.04577744972465572,-1.736696153356259,-0.8543060076135471,1.2781319953135786,-0.04550455176385078,-0.0071384235762125235,0.01658159474620849,0.09000117304571391,0.09000117304571391,0.0,0.05266896497929893,-0.026198304742378414,2.26004032739706e-06,6.393265867586962e-06,0.034133586376387,-3.6038088446790653,0,0.11159168881413158
28.362879999997496,-1.9004369211015955,-1.0496100232526757,1.0000025016107523,-0.07591892188072984,0.03780613645165337,-2.4350505842151376e-06,-1.733200820339695,-0.9982719848968126,1.3632007574943714,-0.05259365748553099,-0.008371091374008058,-0.09478783592368009,-1.7350573940039886,-0.9263075742716153,1.3204708526084832,-0.049270635403420145,-0.00767823019426212,-0.039594563093206976,0.09000117304571391,0.09000117304571391,0.0,0.05251809474083144,-0.026123423164941748,2.250979286248896e-06,6.35879646741307e-06,0.03402908831939722,-3.6038097152418684,0,0.11123830766925129
28.367039999997495,-1.9007522809774287,-1.0494529796967027,1.0000024915056223,-0.07568637019998481,0.03769045343349723,-2.4252312420604774e-06,-2.0822615351614715,-1.2361839708773394,1.4356650791544596,-0.26125560366787226,-0.0012754658832268492,-0.0023475167331714016,-1.9092060308970493,-1.081249599262167,1.378065585075653,-0.15489724126988214,-0.004955498750378347,-0.02178887116400621,0.09000117304571391,0.09000117304571391,0.0,0.05236760589723577,-0.0260487299057075,2.241954350578315e-06,6.3245154385997794e-06,0.033924892076613526,-3.603810583825137,0,0.11088600875797343
28.371199999997494,-1.9010666746894216,-1.0492964167626004,1.0000024814412416,-0.07545449087828936,0.03757510418456015,-2.415451384146371e-06,-1.8189062521056383,-1.6511023258057467,1.17848375653592,-0.1248723562536176,-0.07528815545778259,-0.3193923577587792,-1.864314553975891,-1.3663364315064401,1.2776069541958142,-0.14021682463210858,-0.0401729766453233,-0.16961314994289264,0.09000117304571391,0.09000117304571391,0.0,0.05221749776294707,-0.025974224632720117,2.232965373477187e-06,6.290421733425247e-06,0.03382099686991403,-3.6038114504340824,0,0.11053478895261111
28.375359999997492,-1.901380105031831,-1.0491403330632398,1.0000024714174465,-0.07522328217827517,0.03746008784653228,-2.405710852356483e-06,-1.1746012625615077,-1.4457687420288643,0.971689940999871,-0.08421072747226292,0.11928310154554425,0.017020781320515294,-1.519628545122673,-1.40580573475993,1.1246809320862474,-0.11206962188436949,0.03988026441876962,-0.07593423213160565,0.09000117304571391,0.09000117304571391,0.0,0.0520677696517797,-0.02589990701397099,2.224012206038988e-06,6.2565143100470575e-06,0.033717401922675506,-3.6038123150739,0,0.11018464513355168
28.37951999999749,-1.9016925747916893,-1.0489847272150616,1.0000024614340737,-0.07499274236594534,0.03734540356274082,-2.3960094892323357e-06,-1.698906508257214,-1.6720316610559094,0.701441572524979,-0.05072485324169194,0.07995213119847983,0.08464709437167767,-1.6093738737358656,-1.5387560404367984,0.9132331334874754,-0.08160006980979337,0.06076842903421631,0.004933113168829653,0.09000117304571391,0.09000117304571391,0.0,0.051918420877369004,-0.02582577671676406,2.2150946973587853e-06,6.222792132746081e-06,0.033614106459773606,-3.603813177749769,0,0.10983557418924099
28.38367999999749,-1.902004086748817,-1.0488295978380693,1.0000024514909607,-0.07476286971067332,0.03723105047815202,-2.3863471379894896e-06,-1.9107055892208344,-1.2993686952407386,1.051837518951127,-0.0844452575755828,0.036327388898850003,-0.03564885137201947,-1.7602154902710125,-1.4189847179334472,0.982463805938005,-0.08398100687216152,0.0483499810764196,-0.016152697723356934,0.09000117304571391,0.09000117304571391,0.0,0.051769450752544216,-0.02575183340825661,2.2062126945332494e-06,6.1892541715987465e-06,0.03351110970758294,-3.6038140384668513,0,0.1094875730161682
28.38783999999749,-1.9023146436758387,-1.0486749435558218,1.0000024415879456,-0.07453366248520456,0.037117027739370936,-2.3767236425110324e-06,-2.0218724893870053,-1.3771789572283222,1.4093475177183,-0.155090693240941,-0.044900727238856006,0.06630493210890524,-1.8913693141882222,-1.3981742938605553,1.1960481486813757,-0.11909407868871567,0.0014212277079194728,0.024307553667976822,0.09000117304571391,0.09000117304571391,0.0,0.051620858590090385,-0.025678076755466406,2.197366042660649e-06,6.155899402546339e-06,0.03340841089397739,-3.603814897230294,0,0.10914063851884939
28.391999999997488,-1.9026242483381957,-1.0485207629954274,1.000002431724867,-0.07430511896565493,0.03700333449464115,-2.367138847374351e-06,-1.9747291328488001,-1.585275152020487,0.9477875561942768,-0.26106684337938596,-0.03656417116298968,0.025631696378276787,-1.933592304567395,-1.491801978896068,1.071971180281112,-0.1903183799343777,-0.017619861600245586,0.02412717982581432,0.09000117304571391,0.09000117304571391,0.0,0.051472643702121595,-0.025604506424957846,2.1885547990114093e-06,6.122726807353313e-06,0.03330600924832997,-3.6038157540452267,0,0.10879476760981253
28.396159999997487,-1.9029329034941602,-1.0483670547875363,1.0000024219015646,-0.07407723743151182,0.0368899698938458,-2.3575925969312114e-06,-2.143630866566841,-0.813851092738388,0.7149459671021167,-0.03823494626970749,-0.030993138728298522,0.09032157556989684,-2.0386924395360606,-1.1528861870816365,0.8936443830328803,-0.11435532221762292,-0.024339115456657515,0.05700791351625768,0.09000117304571391,0.09000117304571391,0.0,0.0513248054002014,-0.025531122083169377,2.179778377012007e-06,6.089735373518449e-06,0.03320390400151304,-3.6038166089167634,0,0.10844995720958198
28.400319999997485,-1.9032406118948504,-1.0482138175663342,1.0000024121178783,-0.07385001616563461,0.036776933088507234,-2.3480847380308705e-06,-1.6634548365020567,-1.01137960826431,1.5180231246476672,-0.10939108232125383,-0.1483218009047396,-0.10883503371449459,-1.8512996047115229,-1.082438999005661,1.2056125267349174,-0.11136280053554426,-0.08700219078690323,-0.02627680605326137,0.09000117304571391,0.09000117304571391,0.0,0.05117734299589144,-0.02545792339620659,2.171037043440496e-06,6.056924094373375e-06,0.03310209438589846,-3.603817461850002,0,0.10810620424666219
28.404479999997484,-1.9035473762842432,-1.048061049969535,1.0000024023736487,-0.07362345345425303,0.03666422323178759,-2.3386151164630896e-06,-1.7704204308681084,-1.3740619977254542,0.577019224254813,-0.07156741972538193,0.0036432585586441205,-0.1508202038329847,-1.8110090858297807,-1.228245353054993,0.8909989236032522,-0.09109460315093565,-0.041496810366796325,-0.08909268828239295,0.09000117304571391,0.09000117304571391,0.0,0.05103025580001758,-0.02538491003006288,2.162330636067669e-06,6.024291968891738e-06,0.03300057963535742,-3.6038183128500245,0,0.10776350565752267
28.408639999997483,-1.903853199399189,-1.0479087506383746,1.0000023926687172,-0.0733975475869685,0.03655183947848837,-2.3291835786910197e-06,-1.7453661485010985,-1.1921689452381063,0.8746454312151812,-0.1537905965622378,0.15240978548311485,0.04281662818510861,-1.7785065281832133,-1.2098897765127639,0.8829106421582893,-0.12268362785876163,0.05539009459756233,-0.022916554780022625,0.09000117304571391,0.09000117304571391,0.0,0.05088354312311108,-0.025312081650305573,2.153658776495358e-06,5.991838001821393e-06,0.0328993589852606,-3.603819161921897,0,0.10742185838658232
28.412799999997482,-1.9041580839694254,-1.0477569182176036,1.0000023830029257,-0.07317229685675358,0.03643978098505139,-2.3197899728292426e-06,-1.7897278745279876,-1.5643211239315398,0.8298734772777511,0.011827565828733316,-0.11182773856821922,-0.014405579509038572,-1.7840921205290374,-1.3873398245778734,0.8563620567191292,-0.055705116547041605,-0.028546733995830863,-0.018820919950026434,0.09000117304571391,0.09000117304571391,0.0,0.05073720427542275,-0.02523943792229638,2.145021512001987e-06,5.959561203532605e-06,0.03279843167247816,-3.6038200090706685,0,0.10708125938619367
28.41695999999748,-1.9044620327175918,-1.0476055513554805,1.0000023733761167,-0.0729476995599515,0.03632804690955879,-2.3104341468120394e-06,-1.55420261998364,-1.0277046055658632,1.1119965488525008,-0.12905116735650707,0.017681656207552972,0.0736213304401301,-1.6694156779111056,-1.2074815735445124,0.9843343314896713,-0.0916552542781019,-0.006083499942899155,0.0273415511912985,0.09000117304571391,0.09000117304571391,0.0,0.05059123856683034,-0.025166978511412183,2.136418674363146e-06,5.927460589961586e-06,0.032697796935379726,-3.603820854301374,0,0.10674170561662717
28.42111999999748,-1.904765048359243,-1.047454648703765,1.0000023637881337,-0.07272375399627595,0.03621663641173213,-2.3011159493223346e-06,-1.9346574634794236,-1.1093128728838222,1.4538265980508887,-0.22536740113890114,0.1431760655992726,-0.07059116288174562,-1.8025075307756957,-1.1580992848742926,1.218937669401453,-0.15833619936456292,0.06880150138836442,-0.021977690730268513,0.09000117304571391,0.09000117304571391,0.0,0.05044564530695933,-0.025094703082517517,2.1278500933560246e-06,5.895535182712719e-06,0.03259745401383422,-3.6038216976190314,0,0.10640319404605554
28.42527999999748,-1.905067133602863,-1.0473042089177111,1.0000023542388201,-0.07250045846881047,0.036105548652933694,-2.291835229774366e-06,-1.957375899589511,-1.4090538997933668,0.6035626839084693,-0.15448278387484943,-0.027472568450130658,0.11009240724921802,-1.8802645159055678,-1.2836331069188345,0.9114757462478114,-0.15621868216703638,0.019524498464671594,0.043622563548255805,0.09000117304571391,0.09000117304571391,0.0,0.050300423804769345,-0.02502261130050562,2.1193158109299716e-06,5.863784008859857e-06,0.032497402149209806,-3.6038225390286436,0,0.10606572165053871
28.429439999997477,-1.9053682911498797,-1.0471542306560604,1.0000023447280209,-0.0722778112840095,0.03599478279616552,-2.2825918374478474e-06,-2.0077732765013785,-1.0101267708296018,0.8593980305349003,-0.14782600205466545,0.02040829347534636,0.06399166031672177,-1.9443272133466944,-1.1468348715282841,0.8855692320704284,-0.15204638187926103,0.019627429409540195,0.053994632671691675,0.09000117304571391,0.09000117304571391,0.0,0.05015557336942325,-0.02495070282987792,2.110815225190385e-06,5.832206101130091e-06,0.03239764058437393,-3.603823378535197,0,0.10572928541400736
28.433599999997476,-1.9056685236946784,-1.0470047125810351,1.0000023352555807,-0.07205581075169588,0.03588433800607021,-2.273385624174186e-06,-1.7949241520512789,-1.612066602960205,0.8971250103276647,-0.15908046333304113,0.03310181181575705,0.2179728758135242,-1.8699545473487558,-1.3793861725402357,0.8917992843206528,-0.15603065298315263,0.026859332731619043,0.13659593438638,0.09000117304571391,0.09000117304571391,0.0,0.050011093309446475,-0.024878977334964372,2.1023488017648026e-06,5.800800497659787e-06,0.03229816856369302,-3.6038242161436638,0,0.10539388232824799
28.437759999997475,-1.9059678339246162,-1.0468556533583313,1.0000023258213455,-0.0718344551850618,0.03577421344893082,-2.264216439877732e-06,-2.005331017680767,-0.7348669168206595,1.3219726929452842,-0.006339618558060728,0.3173251002599163,0.02590898652322487,-1.9376573739679994,-1.056460734013003,1.1069425903236476,-0.0809745216941785,0.1714611956555353,0.08140301548053333,0.09000117304571391,0.09000117304571391,0.0,0.049866982933168214,-0.024807434480037346,2.093915935427952e-06,5.7695662419933406e-06,0.032198985333032434,-3.6038250518589994,0,0.10505950939288697
28.441919999997474,-1.9062662245200357,-1.0467070516571118,1.0000023164251617,-0.07161374290066795,0.03566440829267027,-2.255084137039343e-06,-2.034193200721362,-0.6626067304072051,1.1929461338807792,-0.12007008879933354,0.0318101072190654,0.1821126392779444,-1.9861757630000385,-0.859465792839631,1.1503227421300446,-0.10049198334195442,0.10211615211113109,0.13223739867462317,0.09000117304571391,0.09000117304571391,0.0,0.04972324154862859,-0.024736073929211733,2.0855166601355757e-06,5.738502383122801e-06,0.03210009013975629,-3.6038258856861436,0,0.10472616361537497
28.446079999997472,-1.9065636981542793,-1.0465589061499998,1.000002307066876,-0.07139367221844302,0.03555492170685117,-2.2459885680263853e-06,-2.572513948192684,-0.9145463711382331,1.5988437086956515,-0.26272001275274526,0.08576115389684422,-0.016131553054390388,-2.2798968940196622,-0.8868289316885294,1.374551131380129,-0.18088130836799743,0.09434599649743858,0.05886993129858864,0.09000117304571391,0.09000117304571391,0.0,0.0495798684636998,-0.02466489534613095,2.0771510085111534e-06,5.707607975545154e-06,0.032001482232727224,-3.603826717630022,0,0.1043938420109715
28.45023999999747,-1.906860257493703,-1.046411215513072,1.000002297746336,-0.07117424146168279,0.03544575286267697,-2.23692958511913e-06,-2.050598942329484,-0.803853826392042,1.0413173158833773,-0.24947161955356084,0.05731386964261548,-0.03627507643793099,-2.165765103317928,-0.8452208523124426,1.2078561485229422,-0.2152221079117108,0.07547892078115195,0.01144401975187317,0.09000117304571391,0.09000117304571391,0.0,0.049436862985886176,-0.02459389839450797,2.0688185835047687e-06,5.676882079002302e-06,0.03190316086230624,-3.6038275476955435,0,0.10406254160272926
28.45439999999747,-1.9071559051976907,-1.0462639784258512,1.0000022884633901,-0.07095544895704996,0.035336900932990835,-2.2279070422714345e-06,-2.1086927861993843,-0.5885600948532469,1.0395465324091124,0.03183258856539006,-0.04382712372871681,-0.13085156009761986,-2.1371629716902825,-0.7169777982129593,1.1234284257459632,-0.09140420228203115,0.014853330701533895,-0.05990164597750865,0.09000117304571391,0.09000117304571391,0.0,0.04929422442255202,-0.024523082738025725,2.060519413743096e-06,5.646323758555062e-06,0.031805125280352495,-3.6038283758876024,0,0.10373225942147832
28.45855999999747,-1.907450643918668,-1.0461171935713,1.0000022792178869,-0.07073729303457307,0.035228365092274984,-2.218920793356693e-06,-1.8792011092768268,-1.1467177235867902,1.3368987014529994,-0.22095139342643041,0.05303256350784327,-0.148626151025575,-2.008640598800689,-0.931739303741946,1.2298579913281393,-0.15578919676481015,0.03338366108831829,-0.10525453597661472,0.09000117304571391,0.09000117304571391,0.0,0.04915195208082884,-0.024452448039809296,2.0522533123499795e-06,5.615932084695103e-06,0.03170737474022292,-3.603829202211078,0,0.10340299250581084
28.462719999997468,-1.9077444763021165,-1.045970859635814,1.0000022700096756,-0.0705197720276459,0.035120144516652185,-2.2099706930728867e-06,-2.1589752516563427,-1.0490543435534703,1.2660933654672517,0.02295867363324136,0.05466648031226817,0.029590313787721617,-2.083760123529902,-0.9902842301271904,1.2480371738957228,-0.06695576063278774,0.04416327516755723,-0.037694060496137015,0.09000117304571391,0.09000117304571391,0.0,0.04901004526773628,-0.02438199396328776,2.0440203046214242e-06,5.585706133069233e-06,0.03160990849677211,-3.603830026670834,0,0.10307473790206498
28.466879999997467,-1.9080374049865874,-1.0458249753092144,1.0000022608386063,-0.07030288427302614,0.03501223838388367,-2.201056596036557e-06,-1.5261307245037463,-1.084373285084904,0.5789638737788596,0.07529269368148736,-0.055223103618138945,-0.14421906347911764,-1.804785913227306,-1.0374450453921362,0.9131952740905,0.004639155966666998,-0.005154775543876008,-0.09066294427158224,0.09000117304571391,0.09000117304571391,0.0,0.048868503289875354,-0.024311720171346085,2.0358199861800423e-06,5.555644984630203e-06,0.03151272580635178,-3.6038308492717186,0,0.10274749266431005
28.471039999997465,-1.908329432603716,-1.045679539284742,1.00000225170453,-0.07008662811083567,0.034904645873370596,-2.1921783585916652e-06,-1.3965616945334136,-1.151539594127635,0.8845472035482125,-0.1173817132921168,0.07513678233821276,0.03328608415999086,-1.600916156002635,-1.094336231244245,0.8989399010810784,-0.055854687231048764,0.034695165280593215,-0.02851779785467084,0.09000117304571391,0.09000117304571391,0.0,0.048727325453976955,-0.02424162632697309,2.0276521641544766e-06,5.525747725492841e-06,0.03141582592681072,-3.6038316700185655,0,0.10242125385433008
28.475199999997464,-1.9086205617782348,-1.0455345502590496,1.0000022426072972,-0.06987100188455826,0.034797366166152824,-2.183335837911927e-06,-1.9284997129138366,-1.2195665847032993,1.1508388241470549,-0.09633298842464495,0.0020411327548304423,0.03229588905749052,-1.7649105124742461,-1.1569463964063935,1.0249587549257821,-0.07613166543118798,0.01758052629358699,0.0016663041244629642,0.09000117304571391,0.09000117304571391,0.0,0.04858651106616771,-0.024171712093054673,2.019517286186649e-06,5.496013446905137e-06,0.031319208117494224,-3.603832488916193,0,0.10209601854160918
28.479359999997463,-1.9089107951279891,-1.0453900069321957,1.0000022335467602,-0.06965600394104052,0.03469039844490853,-2.1745288893351305e-06,-1.5893908345838392,-0.895396122630641,1.384143517150491,0.10096630932645592,0.04211520096027309,-0.03143668425537492,-1.6769404706941309,-1.0260808362176086,1.2044899258146387,0.012902379986908814,0.02936799766144176,-0.015683076793573465,0.09000117304571391,0.09000117304571391,0.0,0.04844605943294572,-0.024101977132166885,2.011414514895112e-06,5.466441245403793e-06,0.031222871639243963,-3.6038333059694048,0,0.10177178380331496
28.483519999997462,-1.9092001352639494,-1.0452459080076375,1.000002224522771,-0.06944163263048868,0.0345837418939547,-2.1657573717362314e-06,-2.109270797586581,-0.7112094213953615,1.1534151067535396,-0.060112056737780833,0.09742753405678045,-0.006021785596904221,-1.89323322813117,-0.8684396229229476,1.1789376152727746,-0.023822583728995553,0.06307791381034294,-0.009882489908606277,0.09000117304571391,0.09000117304571391,0.0,0.04830596986023297,-0.02403242110690322,2.0033442939249884e-06,5.4370302225408826e-06,0.031126815754397373,-3.6038341211829894,0,0.10144854672428377
28.48767999999746,-1.9094885847902263,-1.045102252192224,1.000002215535183,-0.06922788630646944,0.03447739569924627,-2.157021142166821e-06,-1.5579194925321875,-0.7758182883447589,0.8012312410072543,-0.1005280470547049,-0.019005528963220365,-0.05357398436573091,-1.725783279897597,-0.822167168417787,0.9899708012217496,-0.06208842050256796,0.021719261486896898,-0.03194105117242917,0.09000117304571391,0.09000117304571391,0.0,0.048166241654137326,-0.023963043679667756,1.9953059960685905e-06,5.407779484989355e-06,0.03103103972678742,-3.6038349345617204,0,0.10112630439700453
28.49183999999746,-1.9097761463040843,-1.044959038196189,1.0000022065838494,-0.06901476332590753,0.03437135904837609,-2.148320060323225e-06,-2.1158155502233758,-0.8343297082771817,1.185037277557375,-0.04518016190222984,-0.07230727631934122,-0.05956652143047199,-1.920896154391945,-0.8283981738314099,1.0873814372051012,-0.0536177435488933,-0.02564700945490136,-0.045718105624693306,0.09000117304571391,0.09000117304571391,0.0,0.048026874120432134,-0.023893844512895834,1.9873000616403685e-06,5.378688144412599e-06,0.03093554282174206,-3.6038357461103567,0,0.10080505392160354
28.49599999999746,-1.9100628223959555,-1.044816264733145,1.0000021976686244,-0.06880226204908552,0.034265631130574035,-2.1396539841060023e-06,-2.161128604457229,-0.9833504744514113,0.7054010985417314,-0.048101404818670555,0.08889764657955462,-0.01834513666605867,-2.041114261111197,-0.9056900828337167,0.8963497112937147,-0.05078725266846047,0.03141552390368477,-0.031684127376044036,0.09000117304571391,0.09000117304571391,0.0,0.04788786656478389,-0.023824823268847148,1.979325860101966e-06,5.349755317569226e-06,0.030840324306083848,-3.603836555833643,0,0.10048479240582887
28.500159999997457,-1.910348615649454,-1.0446739305200754,1.0000021887893629,-0.06859038083964265,0.034160211136706926,-2.131022774073992e-06,-1.894992064527163,-1.1873080126362214,0.49865640623167795,0.04008186599722968,0.014592387171083583,0.021313819577704538,-1.9679666457216904,-1.0464686970580779,0.6975453852624449,-0.00638052573571639,0.022057996678167803,-0.005562266066761477,0.09000117304571391,0.09000117304571391,0.0,0.04774921829298007,-0.02375597960950547,1.9713834000960444e-06,5.3209801262766415e-06,0.030745383448129517,-3.603837363736308,0,0.10016551696503465
28.504319999997456,-1.9106335286413898,-1.0445320342773283,1.00000217994592,-0.06837911806457277,0.03405509825927891,-2.1224262907853254e-06,-1.4986925287134771,-0.8957332159280098,1.63095202318492,-0.25453164632320135,0.040201286183366665,0.12322377889827651,-1.7338552784670198,-0.971018324793182,1.164511219174087,-0.13065342275004152,0.03210966521052463,0.05897562498504212,0.09000117304571391,0.09000117304571391,0.0,0.04761092861051566,-0.02368731319722693,1.963472688932993e-06,5.292361697174957e-06,0.030650719517689454,-3.6038381698230673,0,0.09984722472216544
28.508479999997455,-1.9109175639417824,-1.04439057472861,1.0000021711381517,-0.06816847209422389,0.03395029169242911,-2.113864394798032e-06,-1.3162233388301192,-0.6911360028907152,1.412842046538475,-0.2249451954944371,-0.03368514174365418,-0.19782261901703158,-1.5255039790962657,-0.8311452654044768,1.2882672958728798,-0.17793110120724245,-0.0007854893707643358,-0.06959488624673606,0.09000117304571391,0.09000117304571391,0.0,0.04747299682282083,-0.023618823693678015,1.9555935184203756e-06,5.263899162010702e-06,0.030556331786067117,-3.6038389740986205,0,0.09952991280774127
28.512639999997454,-1.9112007241138753,-1.044249550600977,1.0000021623659143,-0.06795844130229693,0.033845790631933714,-2.1053369475725543e-06,-2.1192537462109753,-1.2895247922678734,0.9041141225811241,-0.1255918608639014,-0.11399310972606883,-0.06958890064537498,-1.8226447917859283,-1.060574207318634,1.0960424829476516,-0.15150183052605606,-0.057926061377401354,-0.06920949091806258,0.09000117304571391,0.09000117304571391,0.0,0.04733542223548856,-0.02355051076101787,1.9477458925379134e-06,5.235591657305446e-06,0.030462219526058737,-3.6038397765676535,0,0.09921357835984114
28.516799999997453,-1.9114830117141497,-1.0441089606248304,1.000002153629065,-0.06774902406584346,0.03374159427520317,-2.096843810579022e-06,-1.8352399691221655,-1.3238348509744486,1.4070379613101502,-0.13863703508081865,0.18921061563328342,0.053342516193703914,-1.8292298217308531,-1.1918115893052177,1.2516526113821393,-0.14555487053565846,0.06503530601861247,-0.007586560770375318,0.09000117304571391,0.09000117304571391,0.0,0.047198204153754475,-0.023482374061050526,1.939929385591938e-06,5.207438324521794e-06,0.030368382011952494,-3.6038405772348376,0,0.09889821852408827
28.52095999999745,-1.9117644292923384,-1.0439688035339083,1.0000021449274616,-0.06754021876526559,0.03363770182128287,-2.0883848471005513e-06,-2.085498177171217,-1.2969034260218368,0.7472026769951108,-0.12515272639474148,-0.06608872635363786,-0.040028375183376784,-1.957627192675402,-1.2444961548035096,0.9993408509410191,-0.13483293262401488,-0.00030235886569187736,-0.023802742147352948,0.09000117304571391,0.09000117304571391,0.0,0.04706134188304492,-0.023414413255551936,1.93214399756537e-06,5.179438310022177e-06,0.03027481851952815,-3.6038413761048296,0,0.09858383045363422
28.52511999999745,-1.9120449793914396,-1.0438290780652797,1.000002136260962,-0.0673320237843136,0.033534112470852466,-2.079959920443077e-06,-1.5430779397895218,-0.8093082266673214,1.154163364897533,-0.12312854546027562,-0.06798116643450822,-0.0024913663186025854,-1.7506061201418053,-1.0270405935409919,1.0767485888056496,-0.12881275169354214,-0.0341137843276533,-0.013427057213080226,0.09000117304571391,0.09000117304571391,0.0,0.046924834728563514,-0.023346628006170003,1.924389941279423e-06,5.15159076499273e-06,0.030181528326056396,-3.603842173182272,0,0.09827041130914371
28.52927999999745,-1.9123246645477316,-1.043689782959337,1.0000021276294249,-0.06712443751008536,0.033430825426225684,-2.0715688930658063e-06,-1.6726524080760292,-1.3970080255594437,1.4610393380714868,0.04437153866388242,0.08366986029410696,0.023237932150702433,-1.7115375008015654,-1.2118527133679984,1.2689428788116655,-0.041715422368876855,0.024696379636617975,0.005916657536356123,0.09000117304571391,0.09000117304571391,0.0,0.04678868199583952,-0.023279017974645114,1.916666572206931e-06,5.123894845388587e-06,0.030088510710298375,-3.6038429684717923,0,0.09795795825877837
28.533439999997448,-1.912603487290786,-1.0435509169597896,1.0000021190327097,-0.0669174583330233,0.03332783989134914,-2.0632116301476608e-06,-1.31847516870539,-1.4809735401354045,0.8690681553913753,0.13913710075863206,0.026477526257459666,0.06393750714675636,-1.5147150719955664,-1.3463577988273332,1.0691361249883689,0.04912663938655874,0.024558515203535268,0.034722451095286266,0.09000117304571391,0.09000117304571391,0.0,0.04665288298999379,-0.023211582822603313,1.9089740991723035e-06,5.096349711890563e-06,0.02999576495250482,-3.603843761978005,0,0.09764646847818202
28.537599999997447,-1.9128814501434814,-1.0434124788136572,1.0000021104706764,-0.0667110846469147,0.03322515507180205,-2.0548879960281144e-06,-2.063518207417288,-1.1862209217022683,1.2237861273937023,-0.12964599409252983,-0.0466965363398607,-0.036602003861117,-1.7893881302560959,-1.2663859228144008,1.1463853234870154,-0.04121452213878816,-0.01079726446545587,-0.00057277491462498,0.09000117304571391,0.09000117304571391,0.0,0.046517437016286606,-0.023144322211563012,1.9013123019926933e-06,5.068954529961209e-06,0.029903290334415647,-3.6038445537055095,0,0.09733593915046504
28.541759999997446,-1.9131585556220185,-1.0432744672712622,1.0000021019431853,-0.06650531484888947,0.03312277017479593,-2.0465978559857612e-06,-2.001948553999067,-0.9586036388105232,0.9682685068167409,-0.1822350973322001,-0.09156941849967781,0.228133232962019,-1.8960490670116146,-1.1126831927655014,1.0578010720145377,-0.11162260054975798,-0.05112819918742163,0.11333632684713094,0.09000117304571391,0.09000117304571391,0.0,0.046382343380239,-0.023077235803262472,1.893681172657417e-06,5.041708469768762e-06,0.02981108613925931,-3.6038453436588918,0,0.09702636746618805
28.545919999997444,-1.9134348062359328,-1.043136881086224,1.0000020934500975,-0.06630014733941751,0.0330206844091729,-2.038341075375335e-06,-1.656302030991337,-1.2536057506260108,0.4359235049789151,-0.17364979017276738,0.1218417220867608,0.10741241303426248,-1.7765348176201576,-1.182892073716807,0.7470824369522686,-0.1427477538639876,0.03536644238425543,0.10985287545387158,0.09000117304571391,0.09000117304571391,0.0,0.046247601387005205,-0.023010323259025398,1.886080273482394e-06,5.014610706202546e-06,0.02971915165175188,-3.6038461318427224,0,0.09671775062334768
28.550079999997443,-1.9137102044881091,-1.0429997190154514,1.0000020849912745,-0.06609558052230878,0.03291889698540666,-2.0301175214063587e-06,-2.2083122962665707,-1.183073727320096,0.7533459185780268,-0.2445952653715584,-0.011125568295422092,0.0633387100580647,-1.9929352892119305,-1.1830077295393997,0.750346633225552,-0.19368428370550353,0.012934532831805142,0.08627710883993421,0.09000117304571391,0.09000117304571391,0.0,0.0461132103421347,-0.022943584240622622,1.8785098066307008e-06,4.987660418770344e-06,0.029627486158096662,-3.603846918261559,0,0.09641008582735991
28.554239999997442,-1.9139847528747955,-1.0428629798191364,1.0000020765665785,-0.06589161280471004,0.03281740711559989,-2.0219270604713793e-06,-2.3003289579508817,0.01564935515595245,0.908614023260333,0.048833675723341824,-0.04482002444843695,0.04897809154570835,-2.1465336055028765,-0.5837654007768301,0.8295834243441695,-0.07200635613751952,-0.015277020759966072,0.06757439127283855,0.09000117304571391,0.09000117304571391,0.0,0.045979169550944915,-0.022877018409210248,1.8709695452581506e-06,4.960856791725415e-06,0.029536088945983197,-3.6038477029199454,0,0.09610337029104558
28.55839999999744,-1.9142584538856169,-1.042726662260747,1.000002068175872,-0.06568824259710433,0.03271621401348602,-2.013769559937286e-06,-1.9100214974098628,-1.0162707325078268,0.7655177192466167,-0.15269860027199833,-0.00466644735560684,0.041327362957179724,-2.0285944753669543,-0.8000301876358276,0.7976357765291174,-0.1118807786091479,-0.010266460206924734,0.05460001958684324,0.09000117304571391,0.09000117304571391,0.0,0.04584547831896252,-0.022810625426511813,1.8634594746927198e-06,4.934199013774729e-06,0.02944495930458682,-3.6038484858224105,0,0.0957976012346143
28.56255999999744,-1.914531310003589,-1.04259076510702,1.0000020598190182,-0.06548546831330858,0.03261531689442614,-2.005644887269055e-06,-1.8946701311272047,-0.8226409134629848,1.122467285273891,0.010363922536725287,-0.07027166794416453,0.14256935713884641,-1.9616090596893858,-0.8114816102251219,0.9603501299753158,-0.0511267664976417,-0.04039099518195858,0.09868197902835571,0.09000117304571391,0.09000117304571391,0.0,0.04571213595172366,-0.02274440495397055,1.8559791505889933e-06,4.9076862783070935e-06,0.02935409652456776,-3.60384926697347,0,0.09549277588564917
28.56671999999744,-1.9148033237051327,-1.042455287127956,1.0000020514958812,-0.06528328837047202,0.03251471497540943,-1.9975529118089365e-06,-1.773650744284494,-1.3867211903680248,0.8856904448781618,-0.07732170807885333,0.031191679296199436,0.06460806483078363,-1.8677893682190312,-1.0990395560655937,0.9231538298543429,-0.06424440751519236,-0.0050810740833685236,0.08180012616582852,0.09000117304571391,0.09000117304571391,0.0,0.04557914175500169,-0.02267835665286254,1.8485287684487059e-06,4.881317783306679e-06,0.02926349989807042,-3.6038500463776253,0,0.09518889147909129
28.570879999997437,-1.9150744974600873,-1.04232022709681,1.000002043206325,-0.06508170118907372,0.03241440747505307,-1.9894935021179753e-06,-1.9495388480238536,-0.994512928526434,1.2142191770147301,-0.02760920066880146,0.10279387680785225,-0.006275252649298388,-1.9087212281613632,-1.0465614475404263,1.0686740782990038,-0.046351484623513,0.048726855752738836,0.03844582207147581,0.09000117304571391,0.09000117304571391,0.0,0.045446495034393436,-0.02261248018494505,1.8411080947663344e-06,4.855092731107173e-06,0.02917316871872256,-3.6038508240393643,0,0.09488594525722437
28.575039999997436,-1.9153448337317245,-1.0421855837900866,1.0000020349502146,-0.06488070519292179,0.03231439361359954,-1.981466527761647e-06,-1.8235751016155208,-1.5616190761638826,0.6211663470369857,0.05570731179660135,0.03322493269056324,0.1394721790530257,-1.8660315431544259,-1.3040234356212108,0.8452070478969861,0.004596209503351718,0.04034052335663958,0.08901572472958014,0.09000117304571391,0.09000117304571391,0.0,0.045314195095760484,-0.022546775211501488,1.8337171082085155e-06,4.829010328734447e-06,0.029083102281634535,-3.6038515999631615,0,0.09458393446965936
28.579199999997435,-1.9156143349767627,-1.0420513559875328,1.0000020267274152,-0.06468029880915077,0.03221467261291782,-1.973471858420988e-06,-1.823422297570256,-0.9788588196719927,1.3369234460288437,-0.05910791733645425,0.15695062930938805,-0.0957867617557691,-1.8448500611738183,-1.1411118000115879,1.0908692408837244,-0.02701317549084344,0.09834982352962635,-0.003271187099132487,0.09000117304571391,0.09000117304571391,0.0,0.045182241245136395,-0.02248124139409599,1.8263555719390587e-06,4.803069787610913e-06,0.028993299883398542,-3.603852374153477,0,0.09428285637331876
28.583359999997434,-1.9158830036453802,-1.0419175424721308,1.000002018537793,-0.06448048046821946,0.03211524369650148,-1.9655093647973093e-06,-1.844755943986884,-1.047212166124996,1.1680525092823193,-0.019453739628064876,0.060355704116443365,0.05915714083940095,-1.8448437938437523,-1.09403697761855,1.129584590910243,-0.02307588527355338,0.07992725672590688,0.02787618109006048,0.09000117304571391,0.09000117304571391,0.0,0.045050632788419726,-0.02241587839425989,1.8190234612939316e-06,4.777270323597121e-06,0.028903760822087662,-3.603853146614757,0,0.09398270823242165
28.587519999997433,-1.9161508421812299,-1.0417841420300913,1.0000020103812142,-0.06428124860390994,0.032016106089468116,-1.9575789177242316e-06,-2.034009258994397,-1.3203524191862668,1.3509916919721985,-0.10378494975609048,-0.0018322587495260417,-0.04284390931906063,-1.9396433031053706,-1.2071982736074103,1.2401999206999041,-0.06362560384759136,0.03817785707847317,-0.007163933224095976,0.09000117304571391,0.09000117304571391,0.0,0.044919369032029255,-0.022350685873498297,1.8117205361062746e-06,4.751611157044491e-06,0.028814484397255195,-3.6038539173514357,0,0.09368348731846766
28.59167999999743,-1.9164178530214522,-1.0416511534508472,1.000002002257546,-0.06408260165332393,0.03191725901855868,-1.94968038906755e-06,-1.607446124111675,-0.9721319087014203,0.9373812653784581,-0.10073211515556064,-0.09175904905429055,0.05667695200636193,-1.773753001700402,-1.0898553593174836,1.0889058488052428,-0.08165104033442004,-0.02627409095731067,0.02499845664346926,0.09000117304571391,0.09000117304571391,0.0,0.044788449282169795,-0.0222856634934038,1.8044467683813879e-06,4.726091512624605e-06,0.028725469909933576,-3.603854686367932,0,0.09338519091022211
28.59583999999743,-1.9166840385966892,-1.0415185755270466,1.0000019941666558,-0.06388453805688223,0.031818701712136424,-1.941813650835196e-06,-1.4340301552229342,-0.7736978215001851,0.6025509824267871,-0.1143405154729713,-0.012542302641853825,0.07988726979836037,-1.6041284085234464,-0.9318017185222075,0.8458904528295936,-0.09732901290492753,-0.01880668373099318,0.05278686201814039,0.09000117304571391,0.09000117304571391,0.0,0.04465787284527317,-0.022220810915556347,1.7972021287923007e-06,4.700710619414548e-06,0.028636716662633677,-3.6038554536686522,0,0.09308781629370057
28.59999999999743,-1.9169494013310988,-1.0413864070545458,1.0000019861084117,-0.06368705625832226,0.031720433400186196,-1.9339785751808114e-06,-1.7218187086709198,-0.8701890590708262,1.0533334262358733,-0.1563466035633364,-0.030202013739243486,-0.01540233210701652,-1.6632998387768165,-0.9010589309305531,0.9495801311947908,-0.12670888931699262,-0.023948753098313007,0.019284940241190287,0.09000117304571391,0.09000117304571391,0.0,0.04452763902801224,-0.022156127801636852,1.7899863725092166e-06,4.675467710847303e-06,0.028548223959343914,-3.603856219257989,0,0.09279136076215325
28.604159999997428,-1.9172139436423683,-1.0412546468324029,1.0000019780826823,-0.06349015470469559,0.031622453314313306,-1.9261750353255788e-06,-1.6406116785078315,-0.893002947869599,0.9854382667504858,0.010770040799842395,-0.24028346240558263,0.08759254206981325,-1.6519328456156124,-0.897531155697024,0.9676921483265966,-0.058147906883151856,-0.13186662452547804,0.053189864531442345,0.09000117304571391,0.09000117304571391,0.0,0.0443977471373149,-0.02209161381322018,1.7827994668744993e-06,4.650362024702198e-06,0.0284599911055293,-3.6038569831403215,0,0.09249582161604962
28.608319999997427,-1.9174776679417282,-1.0411232936628707,1.0000019700893368,-0.06329383184636543,0.03152476068774324,-1.918402904637807e-06,-1.8292375513844734,-0.703896264166384,0.9016255516003139,-0.13341383192118206,0.0472490500212355,-0.07264102293223551,-1.740865592332548,-0.800613596517462,0.9345081862952991,-0.09497966192850087,-0.04255192035424769,-0.010145398099638265,0.09000117304571391,0.09000117304571391,0.0,0.04426819648016406,-0.022027268612209494,1.77564116372768e-06,4.625392802946102e-06,0.028372017408130466,-3.603857745320016,0,0.09220119616306298
28.612479999997426,-1.9177405766339657,-1.0409923463513902,1.0000019621282448,-0.06309808613700493,0.03142735475531958,-1.910662057567374e-06,-2.041488100775994,-1.0356672620589478,1.1340520281295334,-0.14970325131500858,0.025024995194036455,-0.3287069739794315,-1.8914914429949854,-0.9180889203800149,1.0335986795739673,-0.12180209323716763,-0.009297877236906492,-0.16982749252508103,0.09000117304571391,0.09000117304571391,0.0,0.044138986363504246,-0.02196309186041559,1.7685114270804547e-06,4.600559291882992e-06,0.02828430217556268,-3.603858505801425,0,0.09190748171805573
28.616639999997425,-1.918002672117439,-1.040861803706584,1.0000019541992766,-0.06290291603359588,0.031330234753503654,-1.902952368722711e-06,-2.1339728949162016,-0.5132655695174411,0.8168872377381537,-0.024795178705979998,0.19219306962422836,-0.03478963343441306,-2.0127860224380494,-0.7152746323148881,0.9251697196340047,-0.07302428833863475,0.09142321171199233,-0.10262438144316698,0.09000117304571391,0.09000117304571391,0.0,0.04401011609500377,-0.02189908321945648,1.7614100054416883e-06,4.5758607421947504e-06,0.02819684471771512,-3.6038592645888876,0,0.09161467560306322
28.620799999997423,-1.918263956784091,-1.0407316645402491,1.0000019463023029,-0.06270831999642423,0.03123339992037463,-1.895273713791712e-06,-2.147645847265965,-1.2689742108251807,1.002767205754341,-0.025242958100691798,-0.07659461708931578,-0.029716516528380463,-2.080269870733212,-0.9922867677160915,0.9639077465790986,-0.04890223239933684,0.007019735040801643,-0.06643976106586695,0.09000117304571391,0.09000117304571391,0.0,0.043881584982106814,-0.021835242351512366,1.7543370736629646e-06,4.5512964085715825e-06,0.028109644345949696,-3.6038600216867303,0,0.0913227751472788
28.624959999997422,-1.918524433019462,-1.0406019276673506,1.0000019384371948,-0.06251429648907961,0.031136849495626465,-1.887625967788475e-06,-2.363988072502909,-0.6772057443870572,0.8581774884132616,-0.07149702616588367,-0.14411360001339074,0.03035477415671757,-2.222281747304043,-0.8350423882295924,0.9111042542282892,-0.05919869607679448,-0.06921771364517297,-0.017683025628658356,0.09000117304571391,0.09000117304571391,0.0,0.04375339233247422,-0.021771568918477598,1.7472923775886133e-06,4.526865550039328e-06,0.0280227003731001,-3.603860777099266,0,0.09103177768703877
28.62911999999742,-1.9187841032027055,-1.040472591906015,1.000001930603824,-0.062320843978452944,0.031040582720568383,-1.8800090067793574e-06,-1.9835859473550506,-1.3581059363786412,0.866994041657863,-0.14590942359879638,0.08203385909624053,0.011880172691347179,-2.1032350391430423,-1.0964073542414048,0.8890726845276443,-0.10284916425782309,0.0064752541159426415,-0.0024873129304331994,0.09000117304571391,0.09000117304571391,0.0,0.04362553745442507,-0.021708062582287656,1.7402758752351253e-06,4.502567429852495e-06,0.02793601211347097,-3.6038615308307946,0,0.09074168056580637
28.63327999999742,-1.9190429697066003,-1.0403436560775228,1.0000019228020627,-0.06212796093473231,0.03094459883812399,-1.872422707062532e-06,-1.9358295727032309,-0.9376363473761796,0.848066720349517,-0.0955383152317728,-0.06147849607366569,0.08685459036766345,-2.019730144572669,-1.0171478210495988,0.8687491222227939,-0.09905324891302358,-0.027878212943653367,0.04263389832635517,0.09000117304571391,0.09000117304571391,0.0,0.043498019655988734,-0.021644723005246683,1.7332873091161583e-06,4.478401315231914e-06,0.02784957888283661,-3.6038622828856033,0,0.09045248113415713
28.63743999999742,-1.9193010348975645,-1.0402151190063027,1.0000019150317838,-0.06193564583140269,0.03084889709282903,-1.864866946013693e-06,-2.1965224812605686,-0.9900056294062721,1.2696604558861606,-0.18328581122434587,0.1795233592468266,0.010311728939842148,-2.1085094897405448,-1.0032046349299897,1.0692290761515078,-0.14082247129135658,0.076531995621795,0.02645871164996911,0.09000117304571391,0.09000117304571391,0.0,0.043370838245773174,-0.021581549849499955,1.7263266339175351e-06,4.454366477645743e-06,0.027763399998440155,-3.6038630332679658,0,0.09016417674976315
28.641599999997418,-1.9195583011356696,-1.0400869795199243,1.0000019072928605,-0.06174389714524213,0.03075347673083134,-1.8573416012429856e-06,-2.2846293698630307,-1.0281917756749976,1.3972436025101558,-0.06873058212112104,0.12261651407052127,-0.002401766620154616,-2.1967130444382623,-1.0154437910404321,1.233233999630255,-0.10505779940422542,0.09978752441320729,0.011856916367144064,0.09000117304571391,0.09000117304571391,0.0,0.04324399253233761,-0.021518542777361038,1.7193938029928058e-06,4.430462192618972e-06,0.027677474778992427,-3.6038637819821426,0,0.08987676477737844
28.645759999997416,-1.9198147707746542,-1.0399592364490915,1.0000018995851665,-0.06155271335632055,0.030658336999889468,-1.8498465505800587e-06,-2.2731083139304755,-0.9677674127694357,0.5588817582156353,-0.15793881365642143,0.024212813668693135,0.10195534879440588,-2.2352389512434767,-0.9915523683990906,0.8962644847251198,-0.1318654803564506,0.06078466675839953,0.05725598726811633,0.09000117304571391,0.09000117304571391,0.0,0.04311748182495442,-0.021455701451318643,1.7124887683632577e-06,4.406687739817213e-06,0.02759180254467104,-3.6038645290323825,0,0.08959024258882255
28.649919999997415,-1.9200704461619376,-1.0398318886276359,1.0000018919085762,-0.06136209294799532,0.030563477149371212,-1.8423816720765478e-06,-1.9815943316466225,-0.6596912682483431,0.8571375152181123,-0.05904112053601287,-0.005039884908059487,-0.0035258001202982388,-2.1085377733176265,-0.8256284714980533,0.8766923692083187,-0.09540846537772818,0.027151766493387137,0.027361077528123067,0.09000117304571391,0.09000117304571391,0.0,0.042991305432767996,-0.021393025533722604,1.7056110523767832e-06,4.383042402941483e-06,0.027506382617119025,-3.60386527442292,0,0.08930460756296635
28.654079999997414,-1.9203253296386331,-1.0397049348925098,1.0000018842629643,-0.0611720344069104,0.030468896430253523,-1.834946845802071e-06,-1.9372463738387413,-0.9585298147134599,1.4588558896074009,0.001832442016292686,-0.04813107707962397,0.11827792432633771,-2.022886828010215,-0.8921804799794661,1.1680260554413806,-0.04690748712809026,-0.010342673910501754,0.07193004195849213,0.09000117304571391,0.09000117304571391,0.0,0.04286546266534247,-0.02133051468732497,1.6987610313989884e-06,4.359525469668651e-06,0.02742121431944398,-3.6038660181579774,0,0.08901985708571636
28.658239999997413,-1.9205794235395623,-1.03957837408378,1.0000018766482062,-0.06098253622299318,0.03037459409512013,-1.8275419502810364e-06,-1.844696860588436,-0.8024939689481598,1.1042802857142207,-0.0923087492175529,-0.04621838502746686,-0.08340258032869452,-1.9339829753323512,-0.8474328809245377,1.135979514327088,-0.06942326229701852,-0.028205557390396045,-0.005853630473469194,0.09000117304571391,0.09000117304571391,0.0,0.04273995283246183,-0.02126816857475245,1.6919382251132321e-06,4.336136231758372e-06,0.027336296976216885,-3.6038667602417647,0,0.08873598854999963
28.66239999999741,-1.9208327301932684,-1.039452205044621,1.0000018690641777,-0.06079359688945216,0.03028056939816136,-1.8201668660860505e-06,-2.347306260216051,-0.6945744022426676,1.389516693280595,-0.15380102061156245,0.09597029010024495,-0.03608620331857211,-2.1409674646174346,-0.770804045866533,1.262675888695276,-0.1115812704725926,0.03439820511155831,-0.02148200764654045,0.09000117304571391,0.09000117304571391,0.0,0.042614775244250336,-0.021205986858726572,1.6851425788794602e-06,4.312873984950418e-06,0.02725162991347104,-3.6038675006784784,0,0.08845299935574863
28.66655999999741,-1.92108525192203,-1.0393264266213078,1.0000018615107549,-0.06060521490277413,0.030186821595173066,-1.8128214740324388e-06,-1.88339993980028,-1.0055863186746494,0.8562715575457881,-0.03588215800232669,-0.04219815118494814,0.058562617032766724,-2.012256840478811,-0.8882847979113856,1.0595939906570615,-0.07358906086000121,-0.0037980246640750216,0.01790874435387553,0.09000117304571391,0.09000117304571391,0.0,0.04248992921129337,-0.021143969202391304,1.6783742508959155e-06,4.289738028882119e-06,0.027167212458700983,-3.6038682394723027,0,0.08817088690988534
28.67071999999741,-1.9213369910418747,-1.0392010376632097,1.0000018539878146,-0.06041738876272086,0.030093349943554174,-1.8055056542985352e-06,-2.048640505646922,-1.3335457859335829,0.6520394726275507,0.09526772350753075,0.11033703197453844,0.05575819140580303,-2.0302512496360303,-1.1106887103244847,0.8559302953763008,0.011057438710127805,0.05316627733286633,0.03661939269197818,0.09000117304571391,0.09000117304571391,0.0,0.042365414044116464,-0.02108211526857151,1.6716329703535797e-06,4.266727667194193e-06,0.027083043940861085,-3.603868976627409,0,0.08788964862630726
28.674879999997408,-1.9215879498625927,-1.0390760370227834,1.0000018464952343,-0.06023011697232797,0.030000153702307325,-1.798219288219595e-06,-2.22969104641082,-0.40215279597639153,0.9544877156496971,-0.29859867134014206,0.0345625855200705,-0.0036600497750754355,-2.1305939361057127,-0.7563454031118152,0.9052010371425987,-0.14359887549381495,0.04458548538034823,0.01698483358049298,0.09000117304571391,0.09000117304571391,0.0,0.04224122905394702,-0.021020424720634555,1.664918464445037e-06,4.24384220739631e-06,0.026999123690364744,-3.603869712147956,0,0.08760928192587103
28.679039999997407,-1.9218381306877506,-1.0389514235555666,1.0000018390328915,-0.0600433980379006,0.029907232132035933,-1.7909622583048376e-06,-2.5557404444975558,-0.9641953295239548,1.0797476307809684,-0.13615820615242918,-0.009829062438289803,0.1315566068033857,-2.343451426476916,-0.8602916279568988,0.9927492100175935,-0.14081371064253342,0.017075423206196098,0.07425340850972066,0.09000117304571391,0.09000117304571391,0.0,0.04211737355208696,-0.02095889722174902,1.6582308867055895e-06,4.221080960950442e-06,0.02691545103908293,-3.6038704460380906,0,0.08732978423637808
28.683199999997406,-1.9220875358147047,-1.038827196120171,1.0000018316006647,-0.05985723046901173,0.02981458449494433,-1.78373444644438e-06,-2.2043261788351898,-1.4078711570480091,1.3272662440580478,-0.013532603824633081,-0.11983498382604739,-0.07016070407813006,-2.273916333238911,-1.134334352211083,1.159864300938286,-0.07700979313123041,-0.05143124406286731,0.001976089642744503,0.09000117304571391,0.09000117304571391,0.0,0.04199384685035362,-0.02089753243542558,1.6515699616632863e-06,4.198443243157807e-06,0.02683202532034317,-3.6038711783019464,0,0.08705115299255892
28.687359999997405,-1.9223361675346151,-1.0387033535782757,1.0000018241984325,-0.05967161277849867,0.029722210054835666,-1.7765357357007268e-06,-1.382103049906763,-1.0606184859638423,1.1655433229353143,-0.0958500441943348,0.16606872256408706,-0.037432866506878194,-1.8282045964541929,-1.0971304862961624,1.162626214945606,-0.08557280751707615,0.05730537101171059,-0.017832873460850992,0.09000117304571391,0.09000117304571391,0.0,0.04187064826077293,-0.02083633002520316,1.6449356260183327e-06,4.175928373169649e-06,0.02674884586892821,-3.6038719089436446,0,0.08677338563605835
28.691519999997404,-1.9225840281324587,-1.038579894794621,1.0000018168260743,-0.0594865434824608,0.029630108077111115,-1.7693660094262325e-06,-1.834108265933184,-1.435556113587869,0.9103674364372127,-0.13715240799232817,-0.18011138291146775,0.11439265100988638,-1.831442685194791,-1.2667186739522973,1.036733691388139,-0.110907476624873,-0.062167035634854255,0.04793604830352155,0.09000117304571391,0.09000117304571391,0.0,0.04174777709569957,-0.020775289654762392,1.6383278151386701e-06,4.15353567396903e-06,0.0266659120210749,-3.6038726379672945,0,0.08649647961542037
28.695679999997402,-1.9228311198870431,-1.0384568186370011,1.0000018094834695,-0.059302021100256876,0.029538277828768604,-1.7622251512728775e-06,-2.2153271145659827,-1.1235524101328207,1.4168236336630338,-0.06383251771404196,0.12195292492409468,0.012328948051834935,-2.023519671369776,-1.1948805321709297,1.2268060498321622,-0.08770215016615536,0.02971309375020771,0.030575329929886104,0.09000117304571391,0.09000117304571391,0.0,0.04162523266804463,-0.020714410987932225,1.6317464630599696e-06,4.131264472345074e-06,0.026583223114473014,-3.6038733653769928,0,0.08622043238607272
28.6998399999974,-1.9230774450710202,-1.0383341239762578,1.0000018021704984,-0.05911804415450128,0.02944671857840153,-1.7551130451969522e-06,-2.032609656046554,-1.2708643712614631,0.9082640141377953,-0.0645249456835764,-0.003842925248113499,-0.018553794467551375,-2.0281997022667957,-1.232881361193227,1.0674941518711156,-0.07574721784337965,0.013122165707670573,0.006042650192474902,0.09000117304571391,0.09000117304571391,0.0,0.04150301429075458,-0.020653693688803598,1.6251915024856353e-06,4.109114098805155e-06,0.026500778488263897,-3.6038740911768237,0,0.08594524141031218
28.7039999999974,-1.9233230059508997,-1.0382118096862736,1.0000017948870419,-0.058934611171062586,0.029355429596197004,-1.748029575444285e-06,-1.8732550541544617,-1.2496451975589324,1.4769563146121252,-0.11304666605006629,-0.07630595832241449,0.03726124257509684,-1.9509620616485774,-1.2414218588902197,1.2723062410579067,-0.09408975881235204,-0.03170732684430167,0.02134206338950397,0.09000117304571391,0.09000117304571391,0.0,0.04138112127757304,-0.02059313742152237,1.6186624364456807e-06,4.087083887727355e-06,0.02641857748303935,-3.603874815370859,0,0.08567090415728888
28.7081599999974,-1.9235678047870624,-1.0380898746439655,1.000001787632981,-0.05875172067905885,0.02926441015393494,-1.7409746283792148e-06,-2.218986665352788,-1.4032479511675953,0.7136386488657624,-0.14698857611253086,-0.06457546531551832,0.11270581362426417,-2.085283717563465,-1.3224705086954125,0.9932034779146497,-0.11969594939775588,-0.04806418478961723,0.06676930191185551,0.09000117304571391,0.09000117304571391,0.0,0.04125955294219946,-0.020532741850295744,1.6121596219878314e-06,4.0651731771952225e-06,0.026336619440840175,-3.603875537963159,0,0.08539741810299213
28.712319999997398,-1.9238118438337743,-1.037968317729278,1.0000017804081973,-0.05856937121085647,0.029173659524987138,-1.7339480888958805e-06,-1.9603014359224604,-0.4633125305171981,0.4896391252499317,0.013547539933277973,0.16310397441966545,0.05977783285116932,-2.022763510290631,-0.8925460509077298,0.7415415749008831,-0.05308917515607915,0.057407698099459316,0.06353325780829502,0.09000117304571391,0.09000117304571391,0.0,0.04113830859915746,-0.020472506639719633,1.6056827736481265e-06,4.04338130900258e-06,0.02625490370515514,-3.603876258957771,0,0.08512478073023418
28.716479999997397,-1.9240551253391995,-1.0378471378251768,1.000001773212573,-0.05838756130206539,0.029083176984315024,-1.72694984309915e-06,-1.8515797477882416,-0.7866896610696124,1.2732811395294958,-0.11572860056496061,0.08316410138890284,0.09772886677704164,-1.9374102725357902,-0.8394436617437223,1.0076185188114357,-0.08482357742062525,0.07005604308081567,0.0805483059899299,0.09000117304571391,0.09000117304571391,0.0,0.04101738756284656,-0.02041243145425091,1.5992318181347654e-06,4.021707628628868e-06,0.026173429620919408,-3.60387697835873,0,0.08485298952863654
28.720639999997395,-1.9242976515454142,-1.0377263338176415,1.0000017660459906,-0.05820628949153829,0.028992961808469535,-1.7199797774225683e-06,-1.5057758180830287,-0.7729519932665976,0.8725124836334772,-0.02598750273144145,-0.12641072323792044,0.1317855184869675,-1.7216454596708084,-0.8064602485358459,0.9403382422108371,-0.05474504323854445,-0.028186078471417374,0.1063673409339112,0.09000117304571391,0.09000117304571391,0.0,0.04089678914862438,-0.020352515958962203,1.5928066808236818e-06,4.000151485218489e-06,0.026092196534513612,-3.6038776961700605,0,0.08458204199461351
28.724799999997394,-1.92453942468842,-1.0376059045956598,1.0000017589083332,-0.05802555432136526,0.028903013275587922,-1.7130377786532892e-06,-2.1301890474440945,-0.6553880127942961,1.314153220146511,-0.1774614094356825,0.05249255120058417,0.019742194735586558,-1.9262892894686574,-0.7308136037558203,1.1272883043417028,-0.1160652889759791,0.012010167153991435,0.06359201752381029,0.09000117304571391,0.09000117304571391,0.0,0.04077651267196547,-0.0202927598185867,1.5864070715879786e-06,3.978712231657913e-06,0.026011203793762115,-3.603878412395773,0,0.08431193563135807
28.728959999997393,-1.9247804469981569,-1.0374858490512207,1.0000017517994844,-0.05784535433687199,0.028813330665394495,-1.7061237347995588e-06,-1.925956407376454,-1.3554905294503712,0.6910005735933961,0.03321885302409035,-0.04138434109006898,-0.03923265104058132,-1.9260540715612877,-1.0432417358142467,0.9090599085760989,-0.04127903960956171,-0.015058810914941583,0.012126015028734066,0.09000117304571391,0.09000117304571391,0.0,0.040656557448581127,-0.020233162698379457,1.5800331266434801e-06,3.957389224347076e-06,0.02593045074793194,-3.603879127039867,0,0.08404266794882698
28.733119999997392,-1.9250207206985177,-1.0373661660793074,1.000001744719328,-0.05766568808661745,0.028723913259197795,-1.6992375333272671e-06,-1.3407430149907387,-1.1199665071786984,0.7285222416764965,-0.18842793534750957,0.18316892831264078,-0.07629436805849249,-1.6337866189045063,-1.08122421119986,0.8186317851991397,-0.11472544194388531,0.08430147894480629,-0.03239752881065586,0.09000117304571391,0.09000117304571391,0.0,0.040536922795074426,-0.02017372426358989,1.5736847673693167e-06,3.936181823402191e-06,0.025849936747731495,-3.6038798401063303,0,0.08377423646372506
28.73727999999739,-1.925260248007361,-1.0372468545778912,1.0000017376677486,-0.057486554122388865,0.02863476033988998,-1.6923790620616417e-06,-1.5325541043390474,-1.0939898172172726,0.8521902570371438,0.09069217121119486,0.16724914569453528,0.034064332199580646,-1.5829822150032125,-1.0872599863746955,0.8354827459703974,-0.011453337413661375,0.1261336106261478,0.0005227553029891437,0.09000117304571391,0.09000117304571391,0.0,0.04041760802820575,-0.020114444179895878,1.567361485471226e-06,3.9150893924282536e-06,0.025769661145309063,-3.603880551599138,0,0.08350663869949049
28.74143999999739,-1.9254990311365243,-1.0371279134479248,1.000001730644631,-0.05730795099919974,0.02854587119194437,-1.68554821096017e-06,-2.8301878159928977,-1.3319487056740913,0.9916694310186832,0.005618337042309927,0.10403823855046165,0.24764100731921918,-2.206581235615613,-1.2093890900037967,0.9140921688952639,-0.0033134607077432068,0.11481243461277889,0.12411347864612443,0.09000117304571391,0.09000117304571391,0.0,0.040298612465012706,-0.020055322112875987,1.56106384084322e-06,3.89411129868423e-06,0.0256896232942514,-3.603881261522254,0,0.0832398721862804
28.74559999999739,-1.925737072291838,-1.0370093415933355,1.0000017236498606,-0.0571298772752874,0.028457245101415233,-1.6787448676849307e-06,-1.9670839859737348,-0.8639538932452252,0.9529789321859684,0.07302843420001201,0.06242791617910297,0.10115933534825759,-2.0866787325640543,-1.0365377153057274,0.9337460699329921,0.034705785272649066,0.08789703383801835,0.11271538205898614,0.09000117304571391,0.09000117304571391,0.0,0.04017993542346504,-0.019996357728443374,1.5547911090220734e-06,3.873246912997733e-06,0.02560982254958262,-3.6038819698796294,0,0.0829739344609549
28.749759999997387,-1.9259743736731385,-1.036891137921019,1.0000017166833235,-0.056952331512107796,0.02836888135593573,-1.671968922928653e-06,-1.9125779471224182,-0.9963477648610015,1.594427654273481,-0.14340493103632382,0.12365998471516981,0.07667193024353519,-1.9999269211252548,-1.0161865471777425,1.2642497159278798,-0.05360659673667303,0.10640010335518878,0.09529444597016774,0.09000117304571391,0.09000117304571391,0.0,0.04006157622140931,-0.019937550692638716,1.5485434188961408e-06,3.852495609650204e-06,0.025530258267762514,-3.6038826766752043,0,0.0827088230670633
28.753919999997386,-1.9262109374742815,-1.0367733013408327,1.0000017097449057,-0.05677531227433472,0.02828077924471676,-1.6652202668735974e-06,-2.672300760165144,-0.8912802632726606,0.7346079387911721,0.0445961166260378,-0.07276738535663888,-0.21880629359452608,-2.336026452904067,-0.9538847328733612,0.9989708539023278,-0.004191307223177728,0.017235398637029314,-0.06214137479771623,0.09000117304571391,0.09000117304571391,0.0,0.03994353417765087,-0.0198789006718506,1.5423208986876407e-06,3.831856766470757e-06,0.02545092980668546,-3.6038833819129072,0,0.08244453555482804
28.758079999997385,-1.9264467658831559,-1.0366558307655886,1.000001702834494,-0.056598818129854525,0.028192938058544847,-1.6584987892090397e-06,-1.7087629456275706,-1.3734818812600975,1.2171835654209409,0.01640003358250855,0.053953462895882744,-0.16229026068863528,-2.0223581209551784,-1.163575059610485,1.1077408685474697,0.0070274794577519974,0.036091214860820446,-0.11206081278625046,0.09000117304571391,0.09000117304571391,0.0,0.039825808611219496,-0.019820407332501497,1.5361230334409734e-06,3.8113297647908232e-06,0.025371836525678735,-3.603884085596654,0,0.0821810694811305
28.762239999997384,-1.9266818610816965,-1.0365387251110478,1.0000016959519757,-0.056422847649763866,0.028105357089781385,-1.6518043817819744e-06,-2.0492632306937497,-0.9924373983721932,1.2605917340974786,-0.10886742689294773,0.003234193099243759,0.09535774744680962,-2.0360363706588678,-1.0779981262524685,1.1843653178069755,-0.0513619062281932,0.019579131889637603,-0.00817515058745048,0.09000117304571391,0.09000117304571391,0.0,0.039708398841596174,-0.01976207034126788,1.52995016221825e-06,3.790913989388165e-06,0.025292977785501238,-3.6038847877303497,0,0.08191842240949605
28.766399999997383,-1.926916225245898,-1.036421983295913,1.0000016890972385,-0.056247399408366566,0.02801803563236092,-1.6451369350415416e-06,-1.2533084911558547,-0.9735617819887925,0.5257914255041838,-0.021197019957755886,-0.03033875718206774,-0.06460136552815134,-1.6447123167064166,-1.0258420361498688,0.8549409932048472,-0.035668930362069966,-0.005516499127732559,-0.037153444354280946,0.09000117304571391,0.09000117304571391,0.0,0.0395913041889404,-0.019703889365086956,1.523801767399337e-06,3.7706088284956576e-06,0.02521435294834209,-3.6038854883178875,0,0.08165659191007868
28.77055999999738,-1.927149860545828,-1.0363056042418222,1.0000016822701705,-0.056072471983169496,0.027930972981789457,-1.638496341645986e-06,-1.9807787903302416,-1.5018367832964703,1.1418894226492426,0.14146874229577436,0.1906505263080792,-0.06771809299811239,-1.8124550269428372,-1.2634465556419912,0.9982781813809469,0.05354860195661204,0.09272885910701635,-0.053307589940552805,0.09000117304571391,0.09000117304571391,0.0,0.03947452397367604,-0.0196458640710563,1.517677971211248e-06,3.7504136737536383e-06,0.025135961377819073,-3.603886187363149,0,0.08139557555964677
28.77471999999738,-1.92738276914564,-1.0361895868733424,1.0000016754706602,-0.055898063954880194,0.02784416843514313,-1.6318824937402707e-06,-2.095683813048382,-0.9620677485389454,1.3739959932853667,-0.00905084832514435,0.10812693653445749,-0.12374876897287165,-1.9540919376765757,-1.1125300610331164,1.185880342217326,0.023075254313218756,0.10038782866620469,-0.08757144109683744,0.09000117304571391,0.09000117304571391,0.0,0.03935805751682511,-0.019587994126547277,1.5115786810443033e-06,3.7303279202249408e-06,0.025057802438977296,-3.6038868848700045,0,0.08113537094156785
28.77887999999738,-1.9276149532035876,-1.036073930117963,1.0000016686985966,-0.05572417390740309,0.027757621291066455,-1.6252952838873272e-06,-2.2128855784413104,-1.1600013122716941,1.2965578675801408,0.0790100136747984,0.002767859479595368,-0.08231567779157425,-2.083325659826292,-1.136260065517844,1.2410466085994991,0.05076468444798181,0.051489727986441074,-0.08395502939213485,0.09000117304571391,0.09000117304571391,0.0,0.039241904139914394,-0.019530279199104758,1.5055038029565546e-06,3.710350966396858e-06,0.024979875498287705,-3.6038875808423123,0,0.08087597564579388
28.783039999997378,-1.927846414872037,-1.0359586329060888,1.0000016619538692,-0.05555080042783616,0.027671330849770977,-1.6187346050682034e-06,-1.7489004693265666,-0.9412272067206334,0.8528707837412953,0.10793869885975499,-0.09936242693835234,0.11451403896819903,-1.9158853196389463,-1.0389480003003544,1.047194784281951,0.07891746702653692,-0.024379661997114953,0.014969407156132571,0.09000117304571391,0.09000117304571391,0.0,0.039126063164988734,-0.01947271895645352,1.499453241673785e-06,3.6904822141356376e-06,0.0249021799236456,-3.603888275283919,0,0.08061738726884643
28.787199999997377,-1.9280771562974806,-1.0358436941710345,1.0000016552363677,-0.05537794210646746,0.02758529641303388,-1.6122003506894651e-06,-1.6759079228154419,-1.198205722039754,0.9641066677597663,-0.054883598632388016,0.2586895928505836,-0.03140901261526697,-1.7960091012183816,-1.1180395982265356,1.0055845848004008,0.01202691092570322,0.11698753987723876,-0.008106251673404423,0.09000117304571391,0.09000117304571391,0.0,0.039010533914624335,-0.019415313066611692,1.4934269005895126e-06,3.6707210686241723e-06,0.024824715084369182,-3.603888968198661,0,0.08035960341380177
28.791359999997375,-1.9283071796205504,-1.035729112849017,1.0000016485459826,-0.0552055975367717,0.027499517284196164,-1.6056924145787816e-06,-1.8312744649462052,-1.1872687830565802,0.7749166404641603,-0.008324264988059243,-0.18078101127081123,0.09655170711034106,-1.813659463177855,-1.15302863607082,0.8904506300588916,0.001909891939868901,-0.0328673612453016,0.0438280994831363,0.09000117304571391,0.09000117304571391,0.0,0.03889531571183519,-0.01935806119789739,1.4874246817649847e-06,3.6510669383655436e-06,0.024747480351198003,-3.6038896595903616,0,0.08010262169027621
28.795519999997374,-1.9285364869760313,-1.0356148878791496,1.0000016418826048,-0.05503376531540712,0.027413992768160755,-1.599210690998031e-06,-2.091107174981492,-1.9443871380317854,1.069769048279663,-0.045389592418616176,0.0518374932433876,-0.0756322861062589,-1.95248005040394,-1.548604421768271,0.9799548337647752,-0.021553693319723205,0.008911138867774887,-0.016400660647942635,0.09000117304571391,0.09000117304571391,0.0,0.0387804078803,-0.019300963018614475,1.481446271758622e-06,3.631519235256264e-06,0.024670475096291507,-3.6038903494628345,0,0.0798464397144113
28.799679999997373,-1.9287650804928738,-1.0355010182034354,1.0000016352461252,-0.05486244404221151,0.02732872217139196,-1.5927550755281388e-06,-1.7847285041443746,-0.9347924858710521,1.090646367074684,-0.20768597219122503,0.057920497455850754,0.023402356366441585,-1.8690343525164128,-1.2415739208550467,1.0353513727811114,-0.11495974849267399,0.03352573878111673,0.0028628361705833752,0.09000117304571391,0.09000117304571391,0.0,0.038665809744054966,-0.01924401819759341,1.4754919976421274e-06,3.612077374374484e-06,0.024593698693227518,-3.603891037819881,0,0.07959105510885905
28.803839999997372,-1.928992962294208,-1.0353875027667607,1.0000016286364357,-0.05469163232019943,0.02724370480191264,-1.5863254624239296e-06,-1.6068287457642523,-0.6304049490672976,0.9848738129928771,-0.16787880051598944,-0.1430776099338253,0.1333497122354704,-1.7382800513029353,-0.9362831591675933,1.010389306034351,-0.14086103800464406,-0.05457057382151311,0.06824080817290422,0.09000117304571391,0.09000117304571391,0.0,0.03855152062793438,-0.01918722640377047,1.4695613298049567e-06,3.5927407741544266e-06,0.024517150517000735,-3.6038917246652913,0,0.07933646550276696
28.80799999999737,-1.929220134497356,-1.0352743405168887,1.0000016220534285,-0.05452132875555768,0.027158939969303183,-1.5799217481652451e-06,-2.323532117361373,-1.0260973353754288,0.3005287839016134,-0.14844986899296736,0.0024178342969886878,-0.14554271193692175,-2.0312194645777746,-0.9811846844426868,0.6551521483235362,-0.14440803566376317,-0.02663888299708367,-0.039019633241757126,0.09000117304571391,0.09000117304571391,0.0,0.038437539857049674,-0.019130587306193964,1.4636543784837172e-06,3.5735088562675223e-06,0.024440829944021088,-3.6038924100028447,0,0.07908266853176388
28.81215999999737,-1.9294465992138463,-1.0351615304044524,1.0000016154969957,-0.05435153195764287,0.02707442698470039,-1.5735438287940278e-06,-1.8079005636728516,-1.2797320168909716,0.877262173727925,-0.08019067346875164,-0.013990219396681491,0.0007748132304795782,-1.9197265312683682,-1.130488677996918,0.7662107266754519,-0.11168532443504305,-0.02072936161030291,-0.01931721881301812,0.09000117304571391,0.09000117304571391,0.0,0.03832386675722989,-0.019074100574565316,1.4577712532488808e-06,3.5543810455504846e-06,0.024364736352112358,-3.6038930938363087,0,0.07882966183794454
28.81631999999737,-1.9296723585494253,-1.035049071382949,1.0000016089670307,-0.05418224053897724,0.02699016516079417,-1.5671915999224758e-06,-1.9600245716171723,-0.9684779879568002,1.4686546274235028,0.11998413032950095,-0.07137022860574443,-0.15398300487864086,-1.9396266121752537,-1.0496319322097545,1.1171169105877916,0.004299142955418232,-0.04542872526326746,-0.08644837311250901,0.09000117304571391,0.09000117304571391,0.0,0.038210500654714305,-0.019017765878283625,1.4519114204931002e-06,3.5353567702149835e-06,0.02428886912051048,-3.6038937761694405,0,0.07857744306985574
28.820479999997367,-1.9298974146040722,-1.034936962408733,1.0000016024634266,-0.05401345311524566,0.026906153811828183,-1.5608649593948304e-06,-1.5921240070145857,-0.9013209905119236,0.9780915904534329,0.026113110671080825,0.12254517006889895,0.172016365675656,-1.7658197947738277,-0.9752207335981505,1.0479605464364379,0.015796802322129152,0.03864384676978568,0.043017631773357004,0.09000117304571391,0.09000117304571391,0.0,0.03809744087659325,-0.01896158288741378,1.446075200626742e-06,3.5164354615777837e-06,0.024213227629862187,-3.603894457005986,0,0.07832600988248072
28.824639999997366,-1.930121769472011,-1.0348252024410096,1.0000015959860775,-0.05384516830529094,0.02682239225359646,-1.5545638037687963e-06,-1.797406945578967,-1.6317921274749994,1.0535819419603858,0.04017499545982483,0.15187114410402103,-0.007653879920341564,-1.7815295110906917,-1.3031945114803707,1.0507556806325502,0.027735603953791415,0.0949493194055379,0.017532718936419694,0.09000117304571391,0.09000117304571391,0.0,0.03798468675028699,-0.018905551272158885,1.4402620573779236e-06,3.49761655411941e-06,0.024137811262223183,-3.603895136349679,0,0.07807535993722509
28.828799999997365,-1.930345425241724,-1.0347137904418287,1.0000015895348773,-0.05367738473111114,0.026738879803442223,-1.548288031845295e-06,-2.1787566644329943,-0.890455684409524,0.5060010795453302,-0.05029186366269916,-0.00540368668521727,0.07359784273970423,-1.9802509281305003,-1.0968330807119195,0.7785290428956928,-0.011054276608295718,0.04460199661728937,0.044891718712366684,0.09000117304571391,0.09000117304571391,0.0,0.037872237603772285,-0.018849670702866493,1.4344725226630358e-06,3.4788994855107007e-06,0.024062619401056688,-3.603895814204244,0,0.07782549090190226
28.832959999997364,-1.930568383995965,-1.0346027253760777,1.0000015831097209,-0.05351010101785611,0.026655615780256676,-1.5420375402246639e-06,-1.8504759439709892,-1.1872834131296026,0.8278952579171178,-0.0435058118652233,0.1798521965106078,0.22627565612523431,-1.9154531153438983,-1.1416836330849325,0.803680713964358,-0.027231533370462586,0.11166094564106946,0.13673987106256136,0.09000117304571391,0.09000117304571391,0.0,0.03776009276570251,-0.01879394085035576,1.4287058440412353e-06,3.4602836965365758e-06,0.023987651431231924,-3.6038964905733932,0,0.07757640045071854
28.837119999997363,-1.9307906478117727,-1.0344920062114757,1.0000015767105033,-0.05334331579382342,0.026572599504476456,-1.5358122286815617e-06,-2.5003183998882497,-0.8183039710128669,0.6107284563081281,-0.2414827671618828,0.1446377202386778,0.13372966666922725,-2.2083920235935954,-0.97969159048557,0.7074808981207663,-0.13439332015140934,0.1285768650679654,0.13547088371216282,0.09000117304571391,0.09000117304571391,0.0,0.037648251565420995,-0.01873836138560337,1.4229623365938153e-06,3.4417686311772696e-06,0.023912906739022452,-3.6038971654608285,0,0.07732808626425837
28.84127999999736,-1.931012218760483,-1.034381631918567,1.00000157033712,-0.05317702769045428,0.026489830298082363,-1.5296119956830644e-06,-1.8981141823285053,-1.0127262519812559,0.40630685463439453,-0.018931523392152212,0.11140603398159099,-0.023133117576467913,-2.0532911741104254,-0.9959779639152992,0.5568437024823163,-0.07625374311612772,0.12024875293395366,0.056155097505426785,0.09000117304571391,0.09000117304571391,0.0,0.03753671333276032,-0.018682931979856765,1.4172418870609472e-06,3.423353736509473e-06,0.02383838471210447,-3.6038978388702403,0,0.07708054602946997
28.84543999999736,-1.9312330989077426,-1.0342716014707145,1.0000015639894668,-0.05301123534233031,0.026407307484597645,-1.5234367402055916e-06,-2.013666369272504,-0.6717375514710806,0.2424759077223847,-0.28133834061752955,-0.013521009537753939,-0.003599745606694988,-2.0340642665449766,-0.8338854794416507,0.3996489901946687,-0.1784960658044789,0.05427030437587859,0.026823767667869276,0.09000117304571391,0.09000117304571391,0.0,0.03742547739794831,-0.018627652304533587,1.4115441666799738e-06,3.4050384626978467e-06,0.023764084739555227,-3.6038985108053083,0,0.07683377743965118
28.84959999999736,-1.9314532903135224,-1.0341619138440934,1.0000015576674404,-0.052845937387170666,0.026325030389086696,-1.5172863626044338e-06,-1.7725795546479304,-1.1431184676066068,0.6460478948121036,0.0387751204201454,-0.02232259140155488,-0.1486701097232957,-1.903238265418153,-0.9885487691486643,0.5225410982504806,-0.07043422511160485,0.015113938123316807,-0.06098939180707188,0.09000117304571391,0.09000117304571391,0.0,0.03731454309226251,-0.018572522031441857,1.4058692730309567e-06,3.3868222629935527e-06,0.02369000621185163,-3.603899181269702,0,0.07658777819443405
28.853759999997358,-1.93167279503213,-1.0340525680176844,1.0000015513709373,-0.052681132465826515,0.026242998338152832,-1.5111607628565902e-06,-1.9837267042168767,-0.7320317227602671,0.7929122737432819,-0.22189969131215878,-0.16961678788110077,-0.05580413627418229,-1.9439446621106027,-0.860641997184164,0.6576127757755156,-0.14612400257196734,-0.07687983024536843,-0.05852636374433781,0.09000117304571391,0.09000117304571391,0.0,0.037203909747295275,-0.01851754083278661,1.4002170888572667e-06,3.368704593629436e-06,0.023616148520868317,-3.6038998502670796,0,0.07634254599977065
28.857919999997357,-1.9318916151122227,-1.033943562973268,1.0000015450998545,-0.05251681922227848,0.02616121065993605,-1.5050598414530749e-06,-1.843084582979109,-1.0343430085826948,1.0084251474446422,-0.08089740681960059,-0.10042574629340752,0.0012764168363973772,-1.8936800946402177,-0.9477038626992247,0.8330241573398927,-0.11451809258791999,-0.08804460100507186,-0.028670159591510886,0.09000117304571391,0.09000117304571391,0.0,0.037093576695287275,-0.01846270838074869,1.3945877097405647e-06,3.3506849139674562e-06,0.023542511059876082,-3.6039005178010886,0,0.07609807856791888
28.862079999997356,-1.9321097525968212,-1.0338348976954177,1.00000153885409,-0.052352996303632784,0.02607966668411255,-1.498983498502777e-06,-1.9706708399450295,-1.3153446409477874,0.6504713106028404,-0.033044433229390525,0.056891249189301066,0.07886211043160879,-1.9322453185266424,-1.131407740300693,0.7419105878120277,-0.0735070939425114,-0.015947512278797822,0.02504083865371445,0.09000117304571391,0.09000117304571391,0.0,0.03698354326914044,-0.018408024348025395,1.388980588084694e-06,3.33276268632399e-06,0.023469093223540315,-3.6039011838753656,0,0.07585437361742751
28.866239999997354,-1.9323272095233217,-1.0337265711714931,1.0000015326335414,-0.052189662360117295,0.02599836574189198,-1.492931636416652e-06,-1.5639853651589588,-1.5116492649399855,1.0706197053667328,-0.02684446105607966,0.04216358892308069,0.13396756232852866,-1.748167365954242,-1.321442608589374,0.9065465358263982,-0.05077244973787302,0.01269285354954238,0.07928543593354569,0.09000117304571391,0.09000117304571391,0.0,0.0368738088024312,-0.018353488407623374,1.3833960303112096e-06,3.3149373760337516e-06,0.023395894407919286,-3.603901848493537,0,0.0756114288731218
28.870399999997353,-1.9325439879235096,-1.0336185823916348,1.0000015264381075,-0.05202681604507755,0.025917307166015587,-1.486904156355261e-06,-1.8101802412729289,-1.5232216644142589,1.380761783559907,-0.003035576438439512,0.08528605572660311,0.006327228047814237,-1.7791813218577703,-1.4221552156539674,1.1436695173773557,-0.026536630925016545,0.048532687123227225,0.0433500582317882,0.09000117304571391,0.09000117304571391,0.0,0.03676437262920952,-0.018299100232544184,1.3778337003299816e-06,3.2972084514768946e-06,0.023322914010462412,-3.6039025116592174,0,0.07536924206608937
28.874559999997352,-1.932760089823572,-1.0335109303487566,1.0000015202676868,-0.05186445601497359,0.02583649029075563,-1.4809009609086027e-06,-2.577610578233386,-1.2145138918552867,0.6615803304873498,-0.16450755385306154,-0.0027812552854597286,-0.14793701253650807,-2.1787447045400947,-1.3183397222864321,0.9023130682061297,-0.09503407367613438,0.023281253306792114,-0.051907320988945335,0.09000117304571391,0.09000117304571391,0.0,0.036655234084332564,-0.01824485949653886,1.3722936883936022e-06,3.2795753839239487e-06,0.023250151430008775,-3.6039031733760125,0,0.0751278109336652
28.87871999999735,-1.932975517244111,-1.0334036140385403,1.0000015141221787,-0.051702580929375436,0.02575591445191171,-1.4749219522944317e-06,-2.130109048729143,-1.2697379426888287,0.7579005020658307,-0.003090933081038673,0.02937520038134532,0.00676716480851425,-2.154433921140218,-1.2939774713363204,0.8301215464644258,-0.048608811002697115,0.02636558295489473,-0.02338950021623048,0.09000117304571391,0.09000117304571391,0.0,0.036546392503264025,-0.018190765873152506,1.3667758699179667e-06,3.26203764773168e-06,0.023177606066785227,-3.6039038336475167,0,0.07488713321941759
28.88287999999735,-1.9331902722001566,-1.0332966324594286,1.0000015080014828,-0.051541189450959396,0.02567557898681102,-1.4689670332797879e-06,-2.3420631116064614,-1.0911507887340703,1.3409084187085016,0.039792099248375984,0.07105065758643646,-0.1028708999930333,-2.2481681808689418,-1.1924147667571858,1.0853043898404793,-0.003876450320020235,0.04862798951959707,-0.06302967133327282,0.09000117304571391,0.09000117304571391,0.0,0.03643784722208701,-0.018136819036585358,1.3612801189867045e-06,3.244594720061464e-06,0.02310527732240482,-3.603904492477313,0,0.07464720667313353
28.88703999999735,-1.9334043567011796,-1.033189984612619,1.000001501905499,-0.051380280245504305,0.025595483234305057,-1.4630361071738916e-06,-1.7600413143555274,-1.0134982774965493,1.292067071901071,-0.08302110217044371,-0.023978419775631442,0.07648628730113335,-2.0042757759562555,-1.1030044493423976,1.188846188334535,-0.04259622158593271,0.011995136462134638,0.0067571771783336895,0.09000117304571391,0.09000117304571391,0.0,0.03632959757762391,-0.018083018661272057,1.3558063083511767e-06,3.2272460810264346e-06,0.02303316459986505,-3.6039051498689756,0,0.0744080290508042
28.891199999997347,-1.9336177727511041,-1.0330836695020573,1.000001495834128,-0.051219851981887304,0.02551562653476807,-1.4571290778565194e-06,-1.949760104631625,-0.898429435590995,0.6651778759793694,-0.03942550771088473,0.05097722336807594,0.013422294732392114,-1.9771018363067339,-1.0006090691271212,0.9270375211195189,-0.03991784645030193,0.031286211225997465,0.00949531066580474,0.09000117304571391,0.09000117304571391,0.0,0.036221642907128565,-0.018029364421780845,1.350354523601037e-06,3.20999121366306e-06,0.022961267303546074,-3.6039058058260665,0,0.07416959811461116
28.895359999997346,-1.9338305223483212,-1.032977686134432,1.0000014897872702,-0.05105990333208089,0.025436008230095935,-1.4512458488460564e-06,-1.4292859369403017,-0.9009553721342017,0.8257710158393794,-0.03938802736370747,0.11333512622728319,-0.0187551516218756,-1.7032720322612043,-0.9505450437526924,0.8763643343154128,-0.03962747604305902,0.07194681498058372,-0.004524548190362989,0.09000117304571391,0.09000117304571391,0.0,0.03611398254883355,-0.017975855993140513,1.3449244213186851e-06,3.192829603875988e-06,0.022889584839209214,-3.603906460352138,0,0.07393191163291121
28.899519999997345,-1.934042607485701,-1.0328720335191666,1.0000014837648272,-0.050900432971147644,0.025356627663703658,-1.4453863251254342e-06,-1.9667764410027675,-0.7179268867081553,1.020814542579031,0.09720611122568025,0.20130482252784423,0.11367719609019544,-1.834823447735923,-0.83381534401567,0.9488273545494109,0.028565683519986895,0.13648035744794942,0.054347548437734976,0.09000117304571391,0.09000117304571391,0.0,0.03600661584132191,-0.017922493050740076,1.3395160844292398e-06,3.175760740404919e-06,0.022818116613995014,-3.603907113450733,0,0.0736949673802227
28.903679999997344,-1.9342540301506062,-1.0327667106684144,1.0000014777667006,-0.050741439577237694,0.025277484180523314,-1.4395504113519627e-06,-1.7211125749074407,-0.5503641124767471,1.083043542980378,0.11627416198310814,0.05982664459550215,0.14803630108800492,-1.7777257859531896,-0.6919629700372696,1.0162446308619977,0.07261491276445659,0.09799632370288244,0.10102642415293414,0.09000117304571391,0.09000117304571391,0.0,0.0358995421242882,-0.017869275270121263,1.3341293810211252e-06,3.1587841149482092e-06,0.02274686203642166,-3.603907765125382,0,0.0734587631372104
28.907839999997343,-1.9344647923249043,-1.032661716597052,1.000001471792792,-0.050582921831582875,0.025198577127002846,-1.4337380127481257e-06,-1.2241864290401345,-0.7495474372337512,1.0754905515772486,0.15016319649043186,0.0471655174030116,0.0734942410484934,-1.5006400052129385,-0.7206580483684039,1.0460217155803757,0.11143514656772469,0.07284608042536944,0.08685631264335843,0.09000117304571391,0.09000117304571391,0.0,0.03579276073748243,-0.017816202327198452,1.328764392021061e-06,3.1418992219373995e-06,0.02267582051638301,-3.6039084153796073,0,0.0732232966906724
28.91199999999734,-1.9346748959849813,-1.0325570503226724,1.0000014658430045,-0.0504248784184954,0.025119905851103942,-1.4279490342224377e-06,-2.1753067019927346,-1.3530870426824246,0.8603274382049182,0.03576053270376585,0.30323053766407004,0.12653807906665238,-1.8379031419990675,-1.0362479286478967,0.9534378603366683,0.07333740035607951,0.1888257962240698,0.10602758296366088,0.09000117304571391,0.09000117304571391,0.0,0.03568627102200542,-0.01776327389826514,1.3234205551779447e-06,3.1251055587089767e-06,0.022604991465147193,-3.6039090642169196,0,0.07298856583352442
28.91615999999734,-1.9348843431017537,-1.0324527108655794,1.0000014599172404,-0.05026730802536107,0.025041469702299906,-1.4221833830585457e-06,-2.157992176659346,-0.7797258674992606,1.2977278589015808,-0.1487497948319635,-0.11722906516732402,-0.15324372370241313,-1.9982573084518982,-0.90822850490428,1.1252663919831674,-0.03864689975779637,0.03561061169200235,-0.023526895264188535,0.09000117304571391,0.09000117304571391,0.0,0.035580072319253156,-0.017710489659893365,1.3180983764289512e-06,3.1084026253640444e-06,0.022534374295354515,-3.60390971164082,0,0.07275456836478644
28.92031999999734,-1.9350931356406813,-1.0323486972487812,1.0000014540154032,-0.05011020934263694,0.024963268031573924,-1.4164409644303046e-06,-1.6825269407689636,-0.6323772870497145,1.6134941364640638,-0.058949397857049404,-0.03106087587105871,-0.06873656862673762,-1.840513571236802,-0.7703646079388731,1.3692422259791341,-0.04829537761495886,0.001815851829001505,-0.046857524329457036,0.09000117304571391,0.09000117304571391,0.0,0.03547416397124979,-0.01765784928883299,1.3127972915245768e-06,3.0917899248161222e-06,0.022463968421015827,-3.6039103576547986,0,0.07252130208956856
28.924479999997338,-1.9353012755617807,-1.0322450084979837,1.0000014481373962,-0.049953581063847556,0.024885300191417773,-1.4107216859066479e-06,-1.375083747126932,-1.0039569648743536,0.979235357641838,-0.026693188329473268,-0.004678031520494227,0.09984962745247239,-1.6078500947416923,-0.8871709269766201,1.1744454994770204,-0.037894114205194396,-0.00201929569362043,0.02564403651375807,0.09000117304571391,0.09000117304571391,0.0,0.03536854532108814,-0.01760535246233859,1.3075175902330309e-06,3.075266962723449e-06,0.022393773257510907,-3.603911002262336,0,0.07228876481905598
28.928639999997337,-1.9355087648196372,-1.0321416436415844,1.0000014422831236,-0.04979742188557937,0.02480756553582917,-1.4050254538471011e-06,-1.7051900001189177,-1.42684342857971,0.4156179189714144,-0.038735743089573275,-0.02463639913931076,-0.11122578730868624,-1.656600623249451,-1.157060531726652,0.7947964424764639,-0.03863921581211553,-0.014127184729403807,-0.04345025885117674,0.09000117304571391,0.09000117304571391,0.0,0.03526321571219443,-0.017552998858069165,1.30225891981084e-06,3.058833247445422e-06,0.022323788221586444,-3.6039116454669027,0,0.07205695437049538
28.932799999997336,-1.9357156053634184,-1.0320386017106664,1.0000014364524896,-0.04964173050747825,0.024730063420309513,-1.3993521761281957e-06,-1.9542487584377617,-0.8566247061667415,0.7319228198020957,0.08691054811131088,0.06949015376891567,0.06306136829148007,-1.8052454644733391,-1.0066959166198,0.7634919903174817,0.02386906233699367,0.027646064960833217,0.009013375016849588,0.09000117304571391,0.09000117304571391,0.0,0.03515817448898215,-0.017500788153773622,1.2970213538572485e-06,3.0424882902227377e-06,0.022254012731354363,-3.603912287271959,0,0.07182586856718044
28.936959999997335,-1.935921799136886,-1.031935881738992,1.000001430645399,-0.04948650563224425,0.02465279320186298,-1.393701760310205e-06,-2.0293382725973124,-1.8204958405138028,0.9408416636889785,-0.16126634935305478,0.18428687085832607,0.050768072945011025,-1.917628913202873,-1.4132173215711545,0.8522740857589509,-0.06866406792208742,0.10550435011337699,0.029685311794567144,0.09000117304571391,0.09000117304571391,0.0,0.03505342099633045,-0.017448720027510536,1.2918047511348079e-06,3.026231604951742e-06,0.022184446206289985,-3.6039129276809545,0,0.0715955052384381
28.941119999997333,-1.9361273480784094,-1.0318334827629962,1.0000014248617568,-0.049331745965628546,0.024575754238994673,-1.388074114580649e-06,-1.817499728384067,-0.3835894890765953,0.9579535290893186,-0.1797871674269737,0.08311698415379747,0.09709847522337219,-1.8679398287295335,-0.8982241762405385,0.9053158354483395,-0.12313349035208221,0.094723999944096,0.06371140847515691,0.09000117304571391,0.09000117304571391,0.0,0.034948954580024325,-0.017396794158082242,1.2866091832443627e-06,3.010062708165976e-06,0.022115088067230365,-3.60391356669733,0,0.0713658622196137
28.945279999997332,-1.9363322541209778,-1.0317314038217809,1.0000014191014688,-0.04917745021642857,0.02449894589170697,-1.3824691468338213e-06,-1.6128644821974176,-1.2084950814018236,1.7624154430740142,0.04473301512964038,0.07390412705400976,-0.19281742015225853,-1.7403095663119035,-1.0532088976087266,1.333469498100557,-0.03813433434035707,0.08470780921768468,-0.06401532301505687,0.09000117304571391,0.09000117304571391,0.0,0.0348447745865537,-0.017345010224079173,1.2814340786089408e-06,2.9939811192441342e-06,0.022045937736372312,-3.603914204324515,0,0.07113693735205735
28.94943999999733,-1.936536519192213,-1.031629643957108,1.0000014133644406,-0.049023617096483944,0.02442236752149987,-1.376886767387467e-06,-2.1507545401110644,-1.5973460735364584,0.7498035546248079,-0.10118043607345234,-0.02953627101159248,-0.11364764739443298,-1.945745212539253,-1.325342094834357,1.041396931139216,-0.06973274531073193,0.02728875058196645,-0.08924796941747765,0.09000117304571391,0.09000117304571391,0.0,0.03474088036301916,-0.017293367904847742,1.276279933839839e-06,2.977986360106037e-06,0.02197699463727064,-3.6039148405659303,0,0.07090872848310963
28.95359999999733,-1.9367401452143824,-1.031528202213394,1.0000014076505785,-0.04887024532067288,0.0243460184913673,-1.371326884492746e-06,-1.6628947999243822,-0.9434638986329726,0.8861534618107659,0.06221783553627481,-0.0967481759236336,0.1277412731595496,-1.8041886033303056,-1.134603309807249,0.9640405245572109,-0.0037718478014099094,-0.03387941003408987,0.01888835878623101,0.09000117304571391,0.09000117304571391,0.0,0.03463727125735827,-0.017241866879855586,1.271146389532245e-06,2.962077955415889e-06,0.02190825819483637,-3.603915475424986,0,0.0706812334660875
28.95775999999733,-1.9369431341044112,-1.0314270776377032,1.0000014019597894,-0.048717333606907526,0.02426989816579606,-1.3657894079216516e-06,-1.6179860633413778,-0.7288858963941924,1.293037994745155,0.10746486223241428,0.11160334132957589,-0.07597391620738082,-1.7108616041532716,-0.9315105241406609,1.1283832035659678,0.051405458453514005,0.039281439702948354,-0.028375769057338053,0.09000117304571391,0.09000117304571391,0.0,0.034533946618251585,-0.0171905068290183,1.2660332984535054e-06,2.946255432461171e-06,0.0218397278353349,-3.603916108905082,0,0.07045445016027012
28.961919999997328,-1.9371454877738952,-1.0313262692797418,1.00000139629198,-0.04856488067612986,0.024194005910763417,-1.3602742480823417e-06,-2.264827453286009,-0.7049997977907174,1.4882705785717143,-0.07864319261752925,0.13210824063712254,0.15370647842857604,-1.988012727828097,-0.817978398768672,1.3086482533626682,-0.01325126888984267,0.08549853830355471,0.06306771093415571,0.09000117304571391,0.09000117304571391,0.0,0.03443090579502822,-0.01713928743249188,1.260940726209261e-06,2.9305183211684105e-06,0.021771402986384115,-3.6039167410096096,0,0.07022837643088503
28.966079999997326,-1.9373472081291132,-1.0312257761918513,1.000001390647058,-0.04841288525230784,0.024118341093735576,-1.354781315124851e-06,-1.4816435547428757,-1.349872369284665,1.314733678462236,-0.0809418215545041,0.08063240099233315,-0.05659064853318541,-1.73499298062343,-1.0837609202688263,1.3115732666536517,-0.047079703891448235,0.08283852198402711,0.0032629885961042195,0.09000117304571391,0.09000117304571391,0.0,0.03432814813778533,-0.017088208370892692,1.255868523568456e-06,2.914866154062497e-06,0.021703283076952615,-3.603917371741949,0,0.07000301014909391
28.970239999997325,-1.93754829707104,-1.0311255974290028,1.0000013850249307,-0.04826134606243113,0.024042903083665215,-1.349310519841911e-06,-1.853844705851662,-1.0994829469263032,1.285770257346087,-0.08141653562170081,-0.11977289089853593,0.19633897265241299,-1.7945897216696802,-1.0918726095715066,1.2990805537444094,-0.0639080165174927,-0.01776093200988159,0.0995035115742777,0.09000117304571391,0.09000117304571391,0.0,0.034225672997400744,-0.017037269325089963,1.2508167541383302e-06,2.899298466314341e-06,0.021635367537357883,-3.603918001105471,0,0.06977834919197863
28.974399999997324,-1.9377487564953588,-1.0310257320487903,1.0000013794255067,-0.048110261836506796,0.0239676912509899,-1.3438617727906085e-06,-1.7127107453511698,-1.0250332347126834,1.0965329524346372,-0.0015956334153861829,-0.0010938110893780571,0.07477155695071135,-1.7536526185400647,-1.0584539154070005,1.19796171696947,-0.03292934392680815,-0.009819898807625233,0.08672629763572817,0.09000117304571391,0.09000117304571391,0.0,0.03412347972554561,-0.01698646997642573,1.2457850525188648e-06,2.8838147956647818e-06,0.021567655799264417,-3.603918629103537,0,0.06955439144252705
28.978559999997323,-1.9379485882924736,-1.0309261791114253,1.0000013738486944,-0.04795963130755489,0.023892704967629578,-1.3384349860471935e-06,-1.86610118873391,-0.8144550953344476,1.1113688506495736,-0.08662862660292944,0.13943449392143017,0.018635865749368766,-1.8100586620804349,-0.9361627296850967,1.1547022677608438,-0.05939733931801036,0.06477436897393836,0.05324906430775494,0.09000117304571391,0.09000117304571391,0.0,0.03402156767459011,-0.016935810006400327,1.2407734796527652e-06,2.8684146824677274e-06,0.021500147295681796,-3.6039192557394983,0,0.06933113478961928
28.98271999999732,-1.938147794347522,-1.0308269376797294,1.0000013682944024,-0.04780945321160447,0.0238179436069854,-1.3330300714653706e-06,-1.3205871737703707,-1.2525215352662267,0.6265843645234932,0.03904433853719652,0.07619062878246462,-0.07401967530159548,-1.5652399247388733,-1.094186489254765,0.8904858586722735,-0.009392797627399608,0.07077861466259636,-0.010471789284848274,0.09000117304571391,0.09000117304571391,0.0,0.03391993619772282,-0.016885289097106092,1.2357820958166e-06,2.8530976695743355e-06,0.021432841460962908,-3.603919881016697,0,0.06910857712801341
28.98687999999732,-1.9383463765403874,-1.0307280068191298,1.0000013627625401,-0.04765972628768915,0.02374340654393671,-1.327646940684956e-06,-1.7892703842270934,-0.7449228742834186,1.2132493054134352,-0.0839625290286481,0.06638777595089451,0.18809848032058582,-1.677431629247177,-0.9194147341790126,1.0522611662421502,-0.04654426857480214,0.0688628518718364,0.08875914123425409,0.09000117304571391,0.09000117304571391,0.0,0.03381858464874948,-0.01683490693069914,1.2308107464502445e-06,2.8378633024208187e-06,0.021365737730801977,-3.6039205049384644,0,0.06888671635833209
28.99103999999732,-1.9385443367457118,-1.0306293855976514,1.0000013572530173,-0.04751044927784341,0.023669093154840257,-1.3222855059757098e-06,-2.133292708190598,-0.8321731549701598,0.9054050097919886,0.1220541396944267,-0.011898732783477226,-0.08010288140655479,-1.9051116094861205,-0.8758166647346303,0.9786643291932116,0.0378018200465968,0.02780521434624883,0.0048772514926990135,0.09000117304571391,0.09000117304571391,0.0,0.03371751238242607,-0.01678466319004676,1.2258590614907447e-06,2.822711128907202e-06,0.021298835542232858,-3.6039211275081238,0,0.06866555038704793
28.99519999999732,-1.938741676832908,-1.0305310730859116,1.0000013517657436,-0.04736162092709763,0.023595002817526713,-1.3169456811864411e-06,-1.8867623978653572,-0.923388949975491,1.3658415756827662,-0.0992347888825159,-0.004016608060003295,0.030117276632652554,-1.8961430627516145,-0.8996122606004113,1.1723171973298936,-0.030812536966021535,0.012264627822431304,0.018028144853660957,0.09000117304571391,0.09000117304571391,0.0,0.03361671875415079,-0.01673455755819942,1.2209275255589895e-06,2.807640699517114e-06,0.021232134333626987,-3.6039217487289874,0,0.06844507712647002
28.999359999997317,-1.9389383986661726,-1.0304330683571146,1.0000013463006294,-0.04721323998347431,0.023521134911299375,-1.3116273781633987e-06,-1.5546131181523934,-0.8006786996649098,1.4084280625829089,0.021190319734232084,0.026617878045437242,0.0624874540749549,-1.7253310397952963,-0.8500882348681535,1.290504773313735,-0.005095994252919891,0.018868827000324943,0.04000535689640491,0.09000117304571391,0.09000117304571391,0.0,0.033516203120297225,-0.01668458971839655,1.2160155530891967e-06,2.792651567292333e-06,0.021165633544691552,-3.603922368604359,0,0.0682252944947298
29.003519999997316,-1.9391345041044974,-1.030335370487044,1.0000013408575856,-0.047065305197983,0.02344748881693287,-1.3063305112129559e-06,-1.4804874871555487,-0.8971881334945355,0.06186294911665857,-0.18190341000930282,-0.060699215139256205,-0.23461108377571116,-1.6032859852829242,-0.8737635566510538,0.6756875518039666,-0.09344929642112774,-0.02149177722864306,-0.0974161831755944,0.09000117304571391,0.09000117304571391,0.0,0.03341596483758531,-0.016634759354607204,1.2111231983627307e-06,2.7777432876077293e-06,0.021099332616467573,-3.603922987137532,0,0.06800620041576767
29.007679999997315,-1.9393299950016833,-1.0302379785540579,1.0000013354365231,-0.046917815324617744,0.023374063916669584,-1.3010549944283623e-06,-1.7359378031189823,-0.925107334245255,1.2749447668568825,-0.19937271705551765,-0.05688556149386724,-0.08395160731806814,-1.6700284265058112,-0.8995541145066812,0.9751449885429964,-0.1459644413298613,-0.03919146812076232,-0.09032548366223997,0.09000117304571391,0.09000117304571391,0.0,0.0333160032641627,-0.016585066150788072,1.2062505149948237e-06,2.7629154184833992e-06,0.021033230991328145,-3.6039236043317913,0,0.0677877928193183
29.011839999997314,-1.9395248732063515,-1.030140891639082,1.0000013300373534,-0.046770769120350136,0.0233008595942192,-1.2958007417064437e-06,-2.039113322305441,-1.1495997126379605,0.7260909677592936,-0.020679220640396033,0.04334513982842497,-0.1151065634992617,-1.8546157311312224,-1.0244885974044506,0.850376297042975,-0.0836847627988019,0.0021152001847343674,-0.10246437603356419,0.09000117304571391,0.09000117304571391,0.0,0.033216317758334765,-0.016535509791637676,1.2013973417640123e-06,2.748167520207821e-06,0.020967328112976295,-3.6039242201904114,0,0.06757006964089755
29.015999999997312,-1.9397191405619563,-1.0300441088256038,1.0000013246599881,-0.04662416534512761,0.023227875234755082,-1.2905676676194726e-06,-1.890324299033114,-1.0225396508486955,0.5160308818708075,-0.16097825730672016,0.007592829354865185,-0.11755007139444731,-1.8728043958214584,-1.023498549923013,0.6829572082925844,-0.12266277524754701,0.004965361937159852,-0.11022703001393173,0.09000117304571391,0.09000117304571391,0.0,0.033116907679645494,-0.01648608996196141,1.1965635161165652e-06,2.733499155658752e-06,0.020901623426443267,-3.6039248347166577,0,0.06735302882178823
29.02015999999731,-1.9399127989067975,-1.0299476291996668,1.0000013193043396,-0.04647800276186721,0.023155110224913338,-1.2853556874537084e-06,-1.7069605514963209,-0.9883288835196079,1.0356803875651854,-0.11315874242710917,-0.04664073824345318,-0.07937412646324198,-1.7901169376282546,-1.006010856203056,0.8591565557952496,-0.11778751810461409,-0.02065445494882897,-0.0949879457970859,0.09000117304571391,0.09000117304571391,0.0,0.03301777238814199,-0.016436806346997963,1.1917490883370456e-06,2.7189098900959134e-06,0.020836116378086474,-3.6039254479137868,0,0.0671366683090266
29.02431999999731,-1.9401058500740327,-1.0298514518498634,1.0000013139703199,-0.0463322801364525,0.02308256395279048,-1.280164716294602e-06,-1.8611153933726716,-0.7508344605518262,1.1642014441973865,0.038913452384067314,-0.05923477928818375,-0.07257931977902318,-1.8255362561226496,-0.8785427378982472,1.0115304756379453,-0.03919093749944667,-0.04058719302926954,-0.08393122525967175,0.09000117304571391,0.09000117304571391,0.0,0.032918911244814095,-0.016387658632532567,1.1869541080438829e-06,2.704399291191252e-06,0.020770806415587706,-3.603926059785045,0,0.06692098605538833
29.02847999999731,-1.94029829589169,-1.0297555758673302,1.000001308657842,-0.04618699623772856,0.02301023580794064,-1.2749946690367285e-06,-1.7676266935967253,-0.6777652668878923,0.8285466004672811,0.061768410440228495,-0.012050209962849893,0.09357600254922138,-1.796452257956225,-0.7781766427157151,0.9202332306149577,0.011121105828257406,-0.026810417183849224,0.004167848098468967,0.09000117304571391,0.09000117304571391,0.0,0.03282032361150013,-0.01633864650436854,1.1821781958482477e-06,2.689966929124566e-06,0.0207056929879511,-3.6039266703336694,0,0.06670598001937489
29.032639999997308,-1.9404901381826796,-1.0296600003457412,1.0000013033668194,-0.04604214983749746,0.02293812518137499,-1.2698454621819364e-06,-2.253372749175203,-0.7925679502602474,0.7830991470610408,0.04513606879366413,0.13647572609230013,0.19342260789701834,-2.0248230223708057,-0.7850892604186366,0.8520685055849804,0.028704963677960597,0.05517262331825208,0.09832009652976717,0.09000117304571391,0.09000117304571391,0.0,0.03272200885079228,-0.016289769648974453,1.177421398704035e-06,2.67561237633433e-06,0.020640775545501255,-3.6039272795628885,0,0.06649164816519972
29.036799999997307,-1.9406813787648067,-1.0295647243813013,1.000001298097165,-0.04589773971051407,0.022866231465558478,-1.2647170120420819e-06,-1.8713497277322937,-0.4350090483670216,0.9862012001047489,0.04937714318033096,0.21985247707677136,-0.14912158178624368,-1.9479824194102242,-0.6095903746368274,0.9188258998263106,0.038953808033084986,0.13796201889413845,-0.02551807136109651,0.09000117304571391,0.09000117304571391,0.0,0.032623966325941944,-0.016241027753276863,1.1726837628990043e-06,2.6613352076179293e-06,0.020576053539881248,-3.603927887475921,0,0.06627798846277466
29.040959999997305,-1.9408720194507838,-1.0294697470727412,1.0000012928487934,-0.04575376463448231,0.022794554054407376,-1.2596092347682881e-06,-1.931357339912531,-1.0900933449203019,0.894166924480568,-0.14215956281984532,0.10666442472945789,0.028818930886073502,-1.93996428513194,-0.8496227511571818,0.9065570359074636,-0.052151919427472354,0.12202093478004881,0.0012364292734567141,0.09000117304571391,0.09000117304571391,0.0,0.0325261954012995,-0.016192420504238615,1.167964905713658e-06,2.6471350002927985e-06,0.020511526424050745,-3.6039284940759764,0,0.06606499888769608
29.045119999997304,-1.9410620620482424,-1.029375067521311,1.0000012876216182,-0.045610223390049526,0.022723092343288658,-1.254522048112372e-06,-2.0836182733197477,-0.733929422442025,1.139357652802698,-0.002885144002033796,-0.0990625985092314,-0.02121531571825356,-2.01179679290874,-0.7919820701673774,1.0229153708103125,-0.02823935805565232,0.011851832159584255,-0.0102402900438578,0.09000117304571391,0.09000117304571391,0.0,0.03242869544179239,-0.016143947589399056,1.1632650849417832e-06,2.633011333898127e-06,0.02044719365228402,-3.603929099366255,0,0.06585267742123152
29.049279999997303,-1.9412515083597457,-1.0292806848307734,1.0000012824155542,-0.0454671147608031,0.02265184572901709,-1.2494553687753847e-06,-1.6041474458168674,-0.5233538827899307,1.3340119939165813,-0.006654766689588053,0.0315291772765221,-0.04502173155191857,-1.8079820781675824,-0.6575996272871334,1.1783728488445129,-0.017943896365937653,0.02126144514937988,-0.02793338497741864,0.09000117304571391,0.09000117304571391,0.0,0.0323314658132578,-0.01609560869688046,1.158584130036043e-06,2.6189637902746974e-06,0.02038305468016808,-3.6039297033499484,0,0.06564102205030557
29.053439999997302,-1.941440360182801,-1.029186598107399,1.0000012772305162,-0.04532443753326563,0.02258081360985229,-1.2444091141840278e-06,-1.9468556822552572,-0.8989038426624525,1.317602408157426,0.026320011262725103,-0.10730116819791721,-0.09486989880430874,-1.8773648504297686,-0.7784751896116777,1.2477909621643268,0.0040617985474226195,-0.04369307397968718,-0.06124639211701783,0.09000117304571391,0.09000117304571391,0.0,0.03223450588245505,-0.016047403514859622,1.1539218691168326e-06,2.604991953717212e-06,0.020319108964600586,-3.6039303060302386,0,0.06543003076748652
29.0575999999973,-1.9416286193098713,-1.0290928064599596,1.0000012720664195,-0.04518219049689009,0.02250999538549801,-1.2393832025019932e-06,-1.8567184897518203,-0.9454779548696045,1.088514636284705,0.014183507494936687,-0.02742485936009546,-0.17035264891916657,-1.8670120796719396,-0.8620355770766468,1.167798170819719,0.00914861318442926,-0.035178546174414856,-0.11618426742481251,0.09000117304571391,0.09000117304571391,0.0,0.03213781501675719,-0.01599933173210802,1.1492783431428412e-06,2.5910954107472268e-06,0.02025535596378792,-3.6039309074102985,0,0.06521970157097279
29.0617599999973,-1.9418162875283882,-1.0289993089997216,1.0000012669231797,-0.04504037244405626,0.022439390457099164,-1.2343775517354355e-06,-2.176024913345746,-1.080885371373228,0.7047837458364266,-0.03165762882042403,-0.031894070554245674,0.2014935181031902,-2.021588087663102,-0.971530119936476,0.9367068204682583,-0.010491262289392546,-0.03268275562480052,0.04263361177044425,0.09000117304571391,0.09000117304571391,0.0,0.032041392584590586,-0.01595139303778434,1.1446533782360625e-06,2.577273750229993e-06,0.020191795137243285,-3.603931507493292,0,0.06501003246457905
29.0659199999973,-1.9420033666207634,-1.0289061048404413,1.0000012618007128,-0.04489898217006535,0.022368998227239718,-1.2293920806390193e-06,-1.6576238768884557,-0.9325936421148696,1.5551146443198225,-0.14814713974051458,0.04937273350869281,0.04140671955896054,-1.8399126815554205,-0.9519584060210406,1.2460002567673583,-0.07877936693225382,0.008095136770710363,0.042466316300059204,0.09000117304571391,0.09000117304571391,0.0,0.031945237955019704,-0.015903587121226498,1.1400467991862237e-06,2.5635265633391977e-06,0.020128425945784616,-3.603932106282374,0,0.06480102145772319
29.070079999997297,-1.9421898583644015,-1.0288131930983582,1.000001256698935,-0.044758018473136325,0.022298818099941442,-1.224426708702945e-06,-1.7552139373317992,-1.1302431554447068,0.42127457526415035,0.002523007516817437,-0.024458748909131904,0.09994891357806293,-1.7975576104607094,-1.041153304062097,0.8338402806096415,-0.038065354558934755,-0.007986282783845383,0.07084582337096126,0.09000117304571391,0.09000117304571391,0.0,0.03184935049807981,-0.015855913672385105,1.135458857791906e-06,2.5498534434477447e-06,0.020065247851532762,-3.60393270378069,0,0.06459266656541225
29.074239999997296,-1.9423757645317115,-1.0287205728921887,1.0000012516177625,-0.044617480154400896,0.02222884948066088,-1.2194813543976962e-06,-1.6097990561087143,-1.053961846294211,1.0932710225633835,-0.08001723907826155,0.05957500155908228,0.05783877999782527,-1.7038451272507302,-1.047433784767026,0.9636785999861536,-0.05823355766869742,0.025806495323935582,0.06394401108240103,0.09000117304571391,0.09000117304571391,0.0,0.031753729584575466,-0.01580837238161597,1.1308893775105681e-06,2.536253986177921e-06,0.020002260317909422,-3.6039332999913776,0,0.06438496580822911
29.078399999997295,-1.9425610868901193,-1.0286282433431209,1.0000012465571129,-0.04447736601789929,0.02215909177628716,-1.214555936950845e-06,-1.954505238933465,-1.2720701197695399,0.797834518407186,-0.05886544750251056,0.07114352128432305,0.03473765224455426,-1.8292989176639858,-1.1596057247551923,0.8808274392622292,-0.058769606895978946,0.0485572397051982,0.049444997915438875,0.09000117304571391,0.09000117304571391,0.0,0.03165837458619947,-0.015760962939472094,1.1263379662968406e-06,2.522727789446602e-06,0.01993946280963515,-3.603933894917564,0,0.06417791721231901
29.082559999997294,-1.9427458272020801,-1.0285362035748078,1.000001241516903,-0.0443376748705756,0.022089544395140687,-1.2096503772194253e-06,-2.152928908004263,-1.0275349956831628,0.4643265692122098,-0.0960917038903698,-0.14279867638323773,0.06365682389732212,-1.9913146332090739,-1.0938659540561029,0.6727068254448276,-0.07810729063089944,-0.04734845456936687,0.05639068749571565,0.09000117304571391,0.09000117304571391,0.0,0.031563284875545064,-0.01571368503724415,1.1218048726186355e-06,2.5092744533247904e-06,0.019876854792727394,-3.603934488562369,0,0.06397151880937568
29.086719999997293,-1.9429299872250896,-1.028444452713362,1.0000012364970505,-0.044198405522273006,0.02202020674696959,-1.2047645950555085e-06,-2.532738118095761,-1.1036892175705086,0.5314544740491618,-0.07448241268456536,-0.05907303378052862,-0.03705649974887179,-2.2621842767616647,-1.0989002207594896,0.6020013293829194,-0.07668395824510914,-0.05335616016349221,0.010276770799398963,0.09000117304571391,0.09000117304571391,0.0,0.03146845982579728,-0.015666538366325276,1.1172901307733045e-06,2.4958935801748607e-06,0.01981443573449838,-3.6039350809289017,0,0.06376576863662864
29.09087999999729,-1.9431135687116967,-1.0283529898873498,1.0000012314974733,-0.04405955678573038,0.021951078242948802,-1.1998985101934065e-06,-2.536639676118439,-0.6897891760004706,1.0809419842098997,0.11571695288191815,0.0011446481918917333,-0.004660038352234563,-2.3991727855977714,-0.8943391292832263,0.8414665119115943,0.019300576457656256,-0.02626576232898205,0.0022340102548098336,0.09000117304571391,0.09000117304571391,0.0,0.03137389881127926,-0.015619522618537322,1.1127933460509414e-06,2.482584774613013e-06,0.019752205103553334,-3.603935672020264,0,0.06356066473682916
29.09503999999729,-1.9432965734095158,-1.0282618142277844,1.0000012265180898,-0.04392112747657653,0.021882158295677797,-1.1950520440178583e-06,-2.4987558017783864,-0.6964720978018522,0.9295203613629174,0.048795262792242014,-0.03878765213063892,0.21581978366039933,-2.4488631674064294,-0.7954860821463967,0.8859417651773157,0.03388717015364366,-0.03196044665758245,0.10958373506651435,0.09000117304571391,0.09000117304571391,0.0,0.03127960120714411,-0.015572637486350793,1.1083145500843625e-06,2.4693476433656027e-06,0.019690162369788364,-3.6039362618395487,0,0.06335620515823669
29.09919999999729,-1.9434790030612379,-1.0281709248681212,1.0000012215588185,-0.04378311641332579,0.0218134463191774,-1.1902251177921713e-06,-1.642937250331382,-1.3559324863467244,1.0598556633602405,-0.12548404443240985,0.04106471514853731,-0.053256008002839514,-2.0461560144852755,-1.0756278324066404,0.9727884834179962,-0.04557575089099693,0.004566625671510366,0.028499745567062886,0.09000117304571391,0.09000117304571391,0.0,0.03118556638917283,-0.015525882662249461,1.1038535596696875e-06,2.4561817954033884e-06,0.01962830700438834,-3.603936850389839,0,0.06315238795460622
29.103359999997288,-1.9436608594046436,-1.0280803209442508,1.0000012166195784,-0.04364552241737441,0.02174494172888926,-1.1854176535739433e-06,-2.131825329126388,-1.1997344272604284,1.3263838749384518,-0.12946743485820272,0.09182220791584508,0.098835103435592,-2.0892594021485746,-1.1374914404823693,1.1497942825373038,-0.08807285308046092,0.048395465576453564,0.06363650549715771,0.09000117304571391,0.09000117304571391,0.0,0.031091793734320805,-0.01547925783959124,1.0994106186118943e-06,2.443086841779673e-06,0.019566638479825142,-3.6039374376742095,0,0.06294921118517395
29.107519999997287,-1.9438421441726144,-1.0279900015944938,1.0000012117002886,-0.043508344312994746,0.021676643941671726,-1.1806295724140122e-06,-2.1891530527424674,-1.1998657440740832,0.6854290029921337,0.11710348868207673,0.022153138411529587,-0.003320456255754038,-2.1389614288846235,-1.1686323842509916,0.9176008867067809,0.01357623118437011,0.03500353510692939,0.030450915539280306,0.09000117304571391,0.09000117304571391,0.0,0.030998282620088566,-0.0154327627117593,1.094985542374835e-06,2.430062395786686e-06,0.019505156269855346,-3.6039380236957266,0,0.06274667291464477
29.111679999997286,-1.944022859093145,-1.0278999659595947,1.0000012068008686,-0.04337158092733197,0.021608552375799252,-1.1758607961520038e-06,-1.637950418836054,-1.0287437262460395,1.0375425790499864,-0.01487022125667218,-0.09000768254085836,-0.10512175726247511,-1.8884837871024942,-1.0988742508085505,0.9773529605009131,-0.0004338791192295248,-0.027512793474490715,-0.03686443334632735,0.09000117304571391,0.09000117304571391,0.0,0.030905032425175005,-0.015386396972702034,1.0905781450900947e-06,2.4171080728582178e-06,0.019443859849518463,-3.603938608457448,0,0.06254477121317824
29.115839999997284,-1.944203005889355,-1.0278102131827156,1.0000012019212383,-0.04323523109039814,0.0215406664509596,-1.1711112474177445e-06,-1.841129827535965,-0.4255279445911381,0.904132291769918,-0.11824669939884574,-0.0792370722726392,0.2192465672640208,-1.8650526729226344,-0.7623610799284585,0.9411977484803548,-0.059213853934381895,-0.0534278057952835,0.0913630570295758,0.09000117304571391,0.09000117304571391,0.0,0.0308120425287412,-0.015340160316832288,1.0861884537275524e-06,2.4042234904904076e-06,0.019382748695134733,-3.603939191962422,0,0.062343504156375955
29.119999999997283,-1.944382586279501,-1.0277207424094312,1.000001197061318,-0.04309929363506934,0.021472985588251402,-1.1663808487435888e-06,-1.765929542153102,-0.9957443589535133,1.3387062727709025,-0.04835178334423153,-0.12143459607003075,0.017403247579049718,-1.8155905898953852,-0.879306946773574,1.13998985529289,-0.05397312312123813,-0.0874202081172297,0.054933703647240456,0.09000117304571391,0.09000117304571391,0.0,0.030719312311277266,-0.015294052438819435,1.0818162804203928e-06,2.391408268399203e-06,0.01932182228430328,-3.6039397742136887,0,0.062142869825267524
29.124159999997282,-1.944561601976989,-1.0276315527877222,1.0000011922210283,-0.042963767397079175,0.02140550921018263,-1.1616695234577581e-06,-1.8887003421478863,-0.8702073730396194,1.1015454772958846,0.0005234146772918891,0.10073401808835053,0.015920505281457765,-1.8521454351872606,-0.874546903305559,1.1208005618950625,-0.026465675145180965,0.0063231357666674445,0.03540535368172541,0.09000117304571391,0.09000117304571391,0.0,0.03062684115386649,-0.015248073033915822,1.0774616501400932e-06,2.378662028309733e-06,0.019261080095899906,-3.60394035521428,0,0.0619428663062977
29.12831999999728,-1.9447400546903848,-1.0275426434679695,1.00000118740029,-0.04282865121501533,0.021338236740667704,-1.1569771948107483e-06,-1.9913683313701862,-0.7594018910445942,0.4367585612488353,0.03033746084870393,-0.0841166740729914,0.0699538097103371,-1.9216950021536754,-0.8171499772560135,0.778920426474571,0.0020503998077009934,-0.038205512867016435,0.052605442789985794,0.09000117304571391,0.09000117304571391,0.0,0.030534628438410538,-0.015202221797749063,1.0731243730214369e-06,2.365984394063332e-06,0.019200521610075107,-3.6039409349672185,0,0.06174349169131324
29.13247999999728,-1.9449179461234278,-1.0274540136029486,1.0000011825990243,-0.04269394393031523,0.02127116760502545,-1.152303786851246e-06,-1.9759097728162676,-1.0654629415538093,0.6456511154313589,-0.22733819677540246,0.00701632979700343,-0.07008083882574052,-1.94927661654343,-0.9412942588066807,0.7121392370270446,-0.11215181559027557,-0.01528224971839368,-0.008809055133602871,0.09000117304571391,0.09000117304571391,0.0,0.030442673547962193,-0.015156498426327804,1.068804686208061e-06,2.3533749916543925e-06,0.019140146308252125,-3.6039415134755184,0,0.06154474407754921
29.13663999999728,-1.9450952779750414,-1.0273656623478238,1.0000011778171525,-0.042559644387260336,0.021204301229977053,-1.1476492226579357e-06,-1.832273294579755,-1.5120918994602246,1.224694942752771,0.09779286542674615,-0.08285759140729651,-0.1233975087546032,-1.8905724036776312,-1.226869068629847,0.9681656454585008,-0.0063883921905329485,-0.04923198079684715,-0.06688076906259811,0.09000117304571391,0.09000117304571391,0.0,0.030350975866202876,-0.015110902616047472,1.0645021843319192e-06,2.3408334491273626e-06,0.019079953673124758,-3.6039420907421857,0,0.06134662156761628
29.140799999997277,-1.9452720519393456,-1.027277588860142,1.0000011730545966,-0.04242575143297253,0.021137637043643978,-1.1430134270136688e-06,-1.6782477415073316,-1.452730589456958,0.683598391958457,0.11913225705152536,0.062105583481909296,0.06396796255618124,-1.7841616997350922,-1.339672371969865,0.8260141054523078,0.0567988218010051,0.006497123551125555,-0.001958355654343464,0.09000117304571391,0.09000117304571391,0.0,0.030259534777881902,-0.015065434063803063,1.0602168883676859e-06,2.328359396576594e-06,0.01901994318865545,-3.6039426667702177,0,0.061149122269487106
29.144959999997276,-1.945448269705668,-1.0271897922998272,1.0000011683112786,-0.042292263917408764,0.021071174475545427,-1.1383963246319232e-06,-2.460707901932989,-0.7410888209725695,1.5642471097713115,0.033422167621012404,-0.014432242267755191,-0.011857891995854861,-2.1223698366347183,-1.0404062648353045,1.1951120081558786,0.04502486940317031,-0.004043971266581456,-0.007339685792871259,0.09000117304571391,0.09000117304571391,0.0,0.030168349668400776,-0.015020092466888131,1.0559488186239026e-06,2.3159524661316925e-06,0.018960114340073143,-3.603943241562603,0,0.06095224429648365
29.149119999997275,-1.9456239329585572,-1.0271022718291747,1.0000011635871209,-0.042159180693357404,0.021004912956596216,-1.133797840166141e-06,-2.3147483021715987,-1.6898792176473085,0.8511149054543669,-0.19045114039719663,0.10489705418742469,-0.10599681542837441,-2.218956653395208,-1.364928552773619,1.0228900836037613,-0.07264758014662087,0.05015495261901872,-0.05642354029236943,0.09000117304571391,0.09000117304571391,0.0,0.030077419924466386,-0.014974877523000585,1.0516979947429772e-06,2.3036122920209704e-06,0.018900466613871365,-3.6039438151223218,0,0.06075598576726325
29.153279999997274,-1.9457990433777923,-1.027015026612845,1.0000011588820463,-0.04202650061643185,0.02093885191910463,-1.1292178981853444e-06,-2.2113872959578065,-1.0485717222775308,1.268018639827646,-0.08159195889612535,-0.017209734860952713,-0.02576162190550109,-2.215341458321698,-1.2067833351474933,1.1454032890421966,-0.07720203956705256,0.016292074572825894,-0.041477033254262,0.09000117304571391,0.09000117304571391,0.0,0.029986744933140838,-0.01492978893024844,1.0474640073600594e-06,2.2913385104241498e-06,0.018840999497805922,-3.6039443874523465,0,0.0605603448058065
29.157439999997273,-1.9459736026383967,-1.0269280558178584,1.000001154195978,-0.041894222545068166,0.02087299079677026,-1.1246564249909556e-06,-2.077338383502291,-1.254809540867662,1.0538111421444947,0.003931154217378732,-0.007981098286053236,0.0454089672171466,-2.146329923674725,-1.2308139169946404,1.0997007278636473,-0.03705169100767228,0.004417882385348746,0.00210280466188857,0.09000117304571391,0.09000117304571391,0.0,0.029896324082814965,-0.014884826387262573,1.043247087623583e-06,2.2791307595742682e-06,0.018781712480893147,-3.60394495855564,0,0.06036531954140326
29.16159999999727,-1.946147612410649,-1.026841358613589,1.000001149528839,-0.04176234534051857,0.020807329024681357,-1.1201133459334452e-06,-2.0076037426052036,-0.9445656869267014,1.38046474925563,-0.008565932522487017,-0.0014438139138613151,0.09486449792387988,-2.076983101691152,-1.0876928234284235,1.2402819903561817,-0.02308836850891204,0.0024593717819447864,0.048491294306962744,0.09000117304571391,0.09000117304571391,0.0,0.029806156762686012,-0.014839989592881811,1.039047038340859e-06,2.266988679727445e-06,0.018722605053407622,-3.603945528435158,0,0.06017090810863997
29.16575999999727,-1.946321074360094,-1.0267549341717586,1.0000011448805532,-0.0416308678668472,0.020741866039313533,-1.1155885872028787e-06,-1.9807795304668852,-0.9692368713908792,0.9325921911281037,-0.15942176491025808,0.01177802852401346,-0.004559935699920347,-2.0292123548280308,-1.028439696653067,1.086425448368322,-0.09118897785390961,0.007202776344958388,0.021971374958334355,0.09000117304571391,0.09000117304571391,0.0,0.02971624236255535,-0.014795278246693105,1.034863875157491e-06,2.254911913000663e-06,0.01866367670688015,-3.603946097093847,0,0.05997710864738678
29.16991999999727,-1.9464939901475562,-1.0266687816664313,1.0000011402510447,-0.041499788990926656,0.020676601278526163,-1.111082074940776e-06,-1.9302467164295916,-1.392649305570407,1.173886025351168,-0.13548406556499712,-0.058068555901712116,-0.15369359014019876,-1.9800126522701573,-1.2106664394180162,1.1298369350753525,-0.1123690120551624,-0.026097630775690713,-0.06597700251348793,0.09000117304571391,0.09000117304571391,0.0,0.02962658027358829,-0.014750692048610084,1.0306973988823883e-06,2.2429001036362117e-06,0.018604926934095812,-3.6039466645346456,0,0.05978391930278381
29.174079999997268,-1.9466663614291497,-1.0265829002740081,1.0000011356402374,-0.04136910758243141,0.020611534181560594,-1.1065937361313169e-06,-2.3837342346386405,-0.3209021174545864,1.046927136984221,-0.021187789616086805,0.03649937647404286,-0.026750887789923558,-2.1819192649587933,-0.7657024499215656,1.0883268399729802,-0.06730042302139005,0.00534844620460023,-0.04685939602965083,0.09000117304571391,0.09000117304571391,0.0,0.029537169887577985,-0.014706230698664675,1.026547837333316e-06,2.23095289787648e-06,0.018546355229091663,-3.6039472307604843,0,0.0595913382252289
29.178239999997267,-1.9468381898562908,-1.0264972891732205,1.000001131048056,-0.04123882251383429,0.020546664189039186,-1.1021234968261901e-06,-2.6358776927423015,-0.9385937016871196,0.876343129475462,0.06303771681048494,0.16899639737656613,-0.032857381485488495,-2.4087704319941885,-0.8517963757960869,0.9822651251789201,-0.002191050933246298,0.08648770738518835,-0.039843034771772846,0.09000117304571391,0.09000117304571391,0.0,0.02944801059717045,-0.014661893897760993,1.022414775816353e-06,2.219069943769513e-06,0.018487961087154847,-3.603947795774285,0,0.059399363570364315
29.182399999997266,-1.9470094770757091,-1.0264119475451248,1.0000011264744257,-0.041108932660402005,0.020481990742961247,-1.0976712848270636e-06,-2.3442994316343544,-1.2255773205703933,0.7308119197555274,-0.11194867964123714,0.03837649497776168,-0.06574479622171508,-2.376767439296779,-1.0386108357995094,0.8563997648687129,-0.05701061203398449,0.0630093390715837,-0.05267166600132115,0.09000117304571391,0.09000117304571391,0.0,0.02935910179609008,-0.014617681347040196,1.0182982259803016e-06,2.2072508914069365e-06,0.018429744004820503,-3.603948359578961,0,0.05920799349906363
29.186559999997264,-1.9471802247294598,-1.026326874573097,1.0000011219192715,-0.040979436900189764,0.020417513286701577,-1.0932370278833443e-06,-2.2437111018150517,-0.800793742521861,1.1150877829042434,0.040294167929057254,0.0901759623861618,0.22580067676356774,-2.310155018551988,-0.9195141713670039,0.9862144556598528,-0.008128957361425809,0.0771245000658367,0.08692521413896573,0.09000117304571391,0.09000117304571391,0.0,0.029270442878830683,-0.01457359274799274,1.0141981988078297e-06,2.1954953928361416e-06,0.018371703479869626,-3.603948922177419,0,0.05901722617741912
29.190719999997263,-1.947350434454935,-1.026242069442826,1.0000011173825187,-0.040850334114037164,0.020353231265008587,-1.0888206537234607e-06,-2.3275159754674872,-0.5977035340376007,1.0395232129935084,-0.0933579836920819,-0.05512283621589362,-0.1695000827251035,-2.319031056264755,-0.7587206711545036,1.0125164230487687,-0.050134140812714806,0.010728688802108859,-0.04116088139865274,0.09000117304571391,0.09000117304571391,0.0,0.029182033241094765,-0.014529627802784918,1.010114704615471e-06,2.1838031019879287e-06,0.018313839011327084,-3.603949483572555,0,0.05882705977672807
29.194879999997262,-1.947520107884875,-1.0261575313423095,1.0000011128640933,-0.040721623185562245,0.020289144124001027,-1.0844220900603037e-06,-2.3063686759759476,-0.6629971909122465,0.6046009796823242,0.04680555045613269,0.10766617676352297,-0.02926387526354864,-2.3126032115313393,-0.710634805771197,0.8084954974517005,-0.0012915031179657707,0.05942543367860496,-0.035462443080211535,0.09000117304571391,0.09000117304571391,0.0,0.02909387227905684,-0.014485786213730152,1.0060475388830637e-06,2.172173674712493e-06,0.01825615009945928,-3.603950043767259,0,0.058637492473480934
29.19903999999726,-1.9476892466473799,-1.0260732594618462,1.0000011083639213,-0.040593303001158654,0.020225251311166932,-1.08004126546357e-06,-2.302763079026469,-1.1375026138489426,1.3343433576323815,0.07216782059069775,0.14009330448695104,-0.08744594296100151,-2.3075329823600774,-0.923779876202882,1.071240913039822,0.03543966248431755,0.09954715196667153,-0.06130223990813755,0.09000117304571391,0.09000117304571391,0.0,0.029005959390122973,-0.01444206768393596,1.0019967099287408e-06,2.160606768737742e-06,0.018198636245772382,-3.603950602764412,0,0.05844852244934755
29.20319999999726,-1.9478578523659216,-1.0259892529940322,1.0000011038819292,-0.0404653724499896,0.02016155227535988,-1.0756781084774684e-06,-1.7007859082884775,-1.2705275938100131,1.260725819233611,-0.06841668847118407,0.008094744351577582,-0.018816086028133876,-2.0042963199107904,-1.0971377844410006,1.1659453998111766,-0.017051385321115366,0.05308626472184074,-0.039987192055692275,0.09000117304571391,0.09000117304571391,0.0,0.028918293972515066,-0.014398471916561587,9.979620112339394e-07,2.1491020437900096e-06,0.01814129695301001,-3.6039511605668872,0,0.05826014789116483
29.20735999999726,-1.948025926659355,-1.0259055111337538,1.0000010994180435,-0.040337830423983596,0.02009804646679833,-1.0713325485322301e-06,-2.084852062027177,-1.5241206978648214,1.5807111358858608,-0.09288051222474372,-0.08280789138489784,0.01659396709470871,-2.044768077359063,-1.3108022812838156,1.3733657348376074,-0.05489669273633507,-0.01590307416225404,-0.011724132213625135,0.09000117304571391,0.09000117304571391,0.0,0.028830875425389174,-0.014354998615464729,9.939436632889513e-07,2.1376591613948955e-06,0.018084131725151265,-3.6039517171775497,0,0.058072366990923635
29.211519999997257,-1.9481934711419293,-1.0258220330781826,1.0000010949721914,-0.04021067581782965,0.02003473333706228,-1.0670045141464314e-06,-2.0725740299327957,-1.0519217631857785,1.0809407927481007,-0.255846054465726,0.042494698641720174,0.09077774728283582,-2.059202203270127,-1.1812723183772165,1.2273409703010436,-0.15593421824979464,0.01353027812677886,0.039069378675545614,0.09000117304571391,0.09000117304571391,0.0,0.028743703148847013,-0.014311647484886815,9.899412440723855e-07,2.126277784960876e-06,0.018027140067408597,-3.603952272599256,0,0.057885177945755976
29.215679999997256,-1.9483604874233,-1.0257388180267697,1.0000010905443,-0.040083907528972465,0.019971612339091224,-1.0626939356160747e-06,-1.8123632015328117,-1.3643852008109905,1.6623917657530334,0.034933135020070435,-0.05190415807396273,-0.0051484182528274795,-1.9357080995378386,-1.2729363441086416,1.444858022227001,-0.06061647539962042,-0.019978997185565964,0.017291001404025536,0.09000117304571391,0.09000117304571391,0.0,0.028656776543840592,-0.014268418229458589,9.859549720761323e-07,2.1149575797711443e-06,0.01797032148622567,-3.6039528268348557,0,0.0576985789579224
29.219839999997255,-1.94852697710854,-1.0256558651812397,1.000001086134297,-0.039957524457608015,0.019908682927182102,-1.0584007423336838e-06,-2.4230696898158786,-1.829089345686473,1.4820804922896476,-0.08018816710783774,-0.052854781701051026,-0.013361638300744898,-2.1795596746576984,-1.5511268696400229,1.4634410110869025,-0.07012188429255331,-0.03632022319552867,0.002310353568674801,0.09000117304571391,0.09000117304571391,0.0,0.028570095012397406,-0.014225310554312594,9.819846374509596e-07,2.10369821295178e-06,0.017913675489275353,-3.6039533798871894,0,0.05751256823479888
29.223999999997254,-1.9486929417981511,-1.0255731737455855,1.00000108174211,-0.039831525506678185,0.019845944556986777,-1.0541248645966402e-06,-2.0169257886881753,-0.8685025609334994,1.096210460105462,-0.11603474337482822,0.27958295204237427,-0.06190109625984217,-2.098482867646965,-1.209228744437369,1.279693824596047,-0.09311138388199149,0.12176992531057568,-0.029508130363526505,0.09000117304571391,0.09000117304571391,0.0,0.028483657957311392,-0.01418232416508898,9.780302431859308e-07,2.0924993534398714e-06,0.017857201585457498,-3.60395393175909,0,0.05732714398886431
29.228159999997253,-1.9488583830880755,-1.0254907429260627,1.0000010773676675,-0.039705909581866705,0.01978339668550948,-1.0498662326916486e-06,-1.8334093788031618,-0.9523381045515412,0.7030718034524823,-0.3352740303056763,0.0497035057302601,0.13277879842902476,-1.9666412822226638,-1.0806801709308762,0.9916566089101987,-0.21434376233930044,0.08666735769372572,0.05082976179164029,0.09000117304571391,0.09000117304571391,0.0,0.028397464782474846,-0.014139458767620343,9.740917916039727e-07,2.08136067207721e-06,0.0178008992848969,-3.603954482453383,0,0.05714230443768768
29.23231999999725,-1.949023302569707,-1.0254085719311832,1.0000010730108977,-0.03958067559159372,0.01972103877110559,-1.0456247769169878e-06,-1.6841259530401993,-1.0703308381576404,1.1465111696651686,-0.1199827149856717,-0.015096035309251039,0.10796136273017244,-1.8256309616415314,-1.0755371790170973,1.06931075113453,-0.16728450827390182,0.035959301690282316,0.07880443721128624,0.09000117304571391,0.09000117304571391,0.0,0.02831151489256932,-0.014096714068578667,9.70169070191318e-07,2.070281841388608e-06,0.017744768098941186,-3.603955031972885,0,0.05695804780391531
29.23647999999725,-1.9491877018299029,-1.0253266599717104,1.0000010686717293,-0.03945582244701162,0.019658870273477697,-1.0414004284649692e-06,-2.071432123510888,-1.1565106643545167,0.39605151534288474,0.052032799012779,0.20384523299277144,0.028152107203686383,-1.9484257660139055,-1.1156007673468056,0.7327355162590976,-0.05728880309468257,0.12002192780482562,0.053222544416067406,0.09000117304571391,0.09000117304571391,0.0,0.028225807693290667,-0.014054089774839934,9.662620792724945e-07,2.0592625358228523e-06,0.017688807540158648,-3.6039555803204055,0,0.056774372315258156
29.24063999999725,-1.9493515824509946,-1.0252450062606533,1.0000010643500914,-0.03933134906199994,0.019596890653674332,-1.03719311853495e-06,-1.8690726456217894,-1.2995253918324892,1.1887499525833247,-0.15663847765122543,0.0049470703752191,0.0018225828236018322,-1.9090740140387583,-1.207553002949844,0.9607491471289693,-0.10716884208062522,0.06197549743644519,0.027799529192294416,0.09000117304571391,0.09000117304571391,0.0,0.028140342591253614,-0.01401158559370317,9.623708185058948e-07,2.048302431647672e-06,0.01763301712233616,-3.6039561274987464,0,0.056591276204479284
29.244799999997248,-1.9495149460107994,-1.0251636100132613,1.000001060045913,-0.03920725435316072,0.01953509937408778,-1.0330027783688107e-06,-2.043294460665793,-1.2782316914218166,0.5347769696652012,-0.0285246143510305,-0.001455397765509691,0.08736995962349707,-1.9762447347060819,-1.242894627289727,0.747939210919132,-0.06774223527000811,0.029667074902865798,0.058828088447716496,0.09000117304571391,0.09000117304571391,0.0,0.028055118993896122,-0.013969201232895995,9.584952868837775e-07,2.0374012068826482e-06,0.017577396360477088,-3.603956673510701,0,0.056408757709381405
29.248959999997247,-1.949677794082632,-1.0250824704470178,1.0000010557591241,-0.03908353723981416,0.019473495898451862,-1.028829339192254e-06,-1.8651969531359018,-0.8896701505286393,0.8567680155370339,-0.16089975167867598,0.12528977526854618,0.22665377836306555,-1.921054500534645,-1.0660185963853503,0.8028248565147674,-0.11442713029908214,0.07712525929269758,0.14318771226777852,0.09000117304571391,0.09000117304571391,0.0,0.027970136309811378,-0.013926936400794121,9.546350543911442e-07,2.0265585412864878e-06,0.01752194477079929,-3.6039572183590556,0,0.056226815072793694
29.253119999997246,-1.9498401282353153,-1.025001586781635,1.0000010514896545,-0.03896019664399301,0.01941207969183882,-1.0246727340662874e-06,-2.373188340073248,-0.9964822163624278,0.8047811820372917,-0.08641416970657145,-0.09864144662407169,0.012161035498743311,-2.147304322832682,-1.0314566059767099,0.8038266250457036,-0.10042255273868335,-0.010018451937970704,0.07850139356264726,0.09000117304571391,0.09000117304571391,0.0,0.02788539394843867,-0.01388479080621343,9.507903315262819e-07,2.015774116410332e-06,0.0174666618707328,-3.603957762046588,0,0.05604544654255935
29.257279999997245,-1.950001950033192,-1.024920958239049,1.000001047237434,-0.03883723149043813,0.019350850220657065,-1.0205328951546121e-06,-2.0604215496170695,-1.4281762850478064,1.0140928038547001,-0.12566543012168022,0.010385638991887592,-0.06967731630317041,-2.1041219956168575,-1.229797546277361,0.9088163663423147,-0.11386609093902546,0.00014697100151543022,0.004369904181372666,0.09000117304571391,0.09000117304571391,0.0,0.02780089132007449,-0.013842764158094545,9.469611146169125e-07,2.005047615648699e-06,0.017411547178917727,-3.6039583045760684,0,0.05586465037152352
29.261439999997243,-1.9501632610361361,-1.024840584043413,1.0000010430023936,-0.038714640706594125,0.019289806952650222,-1.0164097546914302e-06,-1.9045362575156006,-0.5801491986621641,1.2116242364692547,0.007688732883267567,-0.14917024419746558,0.07717187611348073,-2.00431327414172,-0.9052797009665625,1.060384050998796,-0.05235764359149704,-0.07421134978500629,0.04022988459752089,0.09000117304571391,0.09000117304571391,0.0,0.02771662783620453,-0.013800856166256578,9.431471851540667e-07,1.9943787240401335e-06,0.017356600215202286,-3.603958845950259,0,0.05568442481751987
29.265599999997242,-1.9503240627995637,-1.0247604634210925,1.0000010387844633,-0.038592423222603534,0.01922894935689307,-1.0123032458064917e-06,-1.9066407221458208,-1.1824919685778361,1.5545872417008777,-0.01617806795305076,0.05918710164021272,0.13160374073708517,-1.955510555190056,-1.0437650624303567,1.307763236791564,-0.03398618915524476,-0.007330576780757097,0.08571848065469834,0.09000117304571391,0.09000117304571391,0.0,0.027632602908980605,-0.013759066540654744,9.393487516376269e-07,1.983767128404844e-06,0.017301820500640438,-3.603959386171916,0,0.05550476814335884
29.26975999999724,-1.950484356874444,-1.02468059560066,1.0000010345835746,-0.03847057797130319,0.01916827690379054,-1.0082133007864456e-06,-2.350909407452189,-1.4529757323032384,0.8871945840857753,-0.07165348735312774,0.07863602488882644,0.050030377184015436,-2.1533612596148384,-1.2482091930539043,1.0975809294516023,-0.05307019081902507,0.0354033825061597,0.06744385879956608,0.09000117304571391,0.09000117304571391,0.0,0.027548815951552258,-0.013717394991920095,9.355653800557917e-07,1.973212517251843e-06,0.017247207557489964,-3.6039599252437853,0,0.055325678616814894
29.27391999999724,-1.9506441448073117,-1.0246009798128888,1.0000010303996585,-0.03834910388821926,0.01910778906507451,-1.0041398537325013e-06,-1.6473258696953157,-1.0458565454840762,0.9361971068058023,0.058972344221488254,-0.03303145974008929,0.24991581239693514,-1.9002177260317585,-1.1470996783452119,1.0174087415410933,0.003118504764192123,0.0009598084987272641,0.15817045451191974,0.09000117304571391,0.09000117304571391,0.0,0.02746526637829194,-0.013675841230937652,9.317972769100454e-07,1.9627145808934984e-06,0.01719276090921033,-3.6039604631686073,0,0.055147154510613666
29.27807999999724,-1.9508034281402766,-1.024521615290748,1.0000010262326466,-0.038227999911561276,0.019047485313802303,-1.0000828379086657e-06,-1.932886108775844,-1.3429374156831122,1.1664803490039797,0.012935032870272312,-0.028790062159334936,0.03266333656254697,-1.9165257255819053,-1.2450797042327562,1.092013860766566,0.008258901281444984,-0.013959212588984932,0.09526452986971555,0.09000117304571391,0.09000117304571391,0.0,0.027381953604165066,-0.013634404969279368,9.280442203607464e-07,1.952273011234973e-06,0.017138480080460414,-3.603960999949114,0,0.05496919410241996
29.282239999997238,-1.9509622084110358,-1.0244425012693965,1.0000010220824709,-0.03810726498221887,0.018987365124353436,-9.960421875111104e-07,-2.021638237822753,-1.3796004370847013,1.1277141670295014,0.07522001411378029,-0.10388055263923238,0.11355867321589663,-1.9689264259060262,-1.3125575763065314,1.1100987295591902,0.04181408790259184,-0.058675721942967135,0.10524366739432676,0.09000117304571391,0.09000117304571391,0.0,0.027298877045275213,-0.013593085918782277,9.243062014065484e-07,1.941887501966616e-06,0.017084364597096495,-3.60396153558803,0,0.05479179567482513
29.286399999997236,-1.9511204871528849,-1.0243636369861782,1.0000010179490633,-0.03798689804375618,0.018927427972428093,-9.92017836790008e-07,-1.6426593004798495,-0.8018650195889612,1.0093244255589642,-0.07097401058858957,-0.035776305647687,-0.013103943521713096,-1.8059387157475533,-1.0572816662155649,1.0596856620446056,-0.014326685796259762,-0.047454358621394174,0.045093894761073526,0.09000117304571391,0.09000117304571391,0.0,0.027216036118768716,-0.013551883791874476,9.205832103799705e-07,1.931557748445753e-06,0.017030413986170112,-3.6039620700880715,0,0.054614957515334385
29.290559999997235,-1.9512782658947283,-1.0242850216806154,1.000001013832356,-0.037866898042406665,0.018867673335044254,-9.88009720044788e-07,-2.2983544568326653,-1.367968552881236,0.5409141998173378,-0.07627799816380029,-0.09124673122962824,0.17558413275079282,-2.0523083229199806,-1.2128167866593997,0.8006614591225073,-0.04547391139618851,-0.06948596467336231,0.11035547349038194,0.09000117304571391,0.09000117304571391,0.0,0.02713343024252511,-0.013510798301473947,9.168752369473987e-07,1.9212834476972516e-06,0.01697662777592581,-3.603962603451948,0,0.05443867791635477
29.294719999997234,-1.951435546161091,-1.0242066545944049,1.000001009732282,-0.03774726392706927,0.018808100690535248,-9.840177716340944e-07,-2.13460268179977,-0.9093083625528346,1.0523475552236652,0.03144669337057686,0.009473463535695973,0.015048230194612036,-2.0933904226941835,-1.0610400460461449,0.9265378363103756,-0.007137448338576954,-0.03034800272683194,0.06257904455324156,0.09000117304571391,0.09000117304571391,0.0,0.02705105883548868,-0.013469829160673186,9.131820559385233e-07,1.911064298517195e-06,0.016923005495799108,-3.6039631356823616,0,0.054262955175182814
29.298879999997233,-1.9515923294721298,-1.0241285349714109,1.000001005648774,-0.03762799464930313,0.01874870951854862,-9.800419268647012e-07,-2.097739187836933,-0.979324854508988,1.1632312353040937,-0.15981393128238872,-0.12356385813639273,-0.11967402977017784,-2.095897097784268,-1.0204377074174802,1.0446374753389551,-0.08353623603504766,-0.0775174918282934,-0.028632849280082924,0.09000117304571391,0.09000117304571391,0.0,0.026968921317679792,-0.013428976083385925,9.09503655021328e-07,1.900900001261041e-06,0.016869546676414417,-3.6039636667820063,0,0.05408778759399169
29.30303999999723,-1.9517486173436436,-1.0240506620576606,1.0000010015817653,-0.03750908916332228,0.018689499300042305,-9.760821211215612e-07,-2.2122793475138605,-1.3978128115560784,1.1389429602064984,-0.1283340338547912,0.013697392652566249,0.03817653589528113,-2.154355983138402,-1.2091009240663582,1.0918707231168265,-0.1059250310002548,-0.031187859834293775,0.004556307668189673,0.09000117304571391,0.09000117304571391,0.0,0.026887017109885294,-0.013388238783818486,9.058400211976629e-07,1.8907902579632153e-06,0.01681625084958275,-3.6039641967535694,0,0.05391317347981933
29.30719999999723,-1.9519044112870851,-1.0239730351013385,1.0000009975311892,-0.03739054642599166,0.018630469517283005,-9.721382898370008e-07,-2.001869584359735,-0.7107910032673286,0.7934054235576995,0.02572272335318713,0.020727787111359364,0.15948057097174514,-2.0780591889336457,-0.9599006708782686,0.9429680733806963,-0.03964089522062022,-0.004604749002358518,0.0818288823133756,0.09000117304571391,0.09000117304571391,0.0,0.02680534563399009,-0.013347616976581857,9.021911408032465e-07,1.8807347723254377e-06,0.016763117548299674,-3.6039647255997296,0,0.053739111144555984
29.31135999999723,-1.9520597128095718,-1.0238956533527808,1.0000009934969794,-0.03727236539682171,0.018571619653844094,-9.682103685293535e-07,-1.769959390246169,-0.4168715787321121,0.4761307035083442,0.13098102976086162,-0.17525610659587082,-0.2277113909483027,-1.9237351137214886,-0.6887473918771515,0.7090719627486894,0.04585955484245315,-0.08966018702140857,-0.072668553495264,0.09000117304571391,0.09000117304571391,0.0,0.026723906312774506,-0.013307110376910972,8.985569995076596e-07,1.8707332496297e-06,0.016710146306743164,-3.6039652533231594,0,0.05356559890493182
29.31551999999723,-1.9522145234138966,-1.02381851606447,1.0000009894790698,-0.03715454503796383,0.018512949194602626,-9.642982927845039e-07,-2.2305685723022424,-0.7849474628488347,0.9120130448653789,-0.015516004579805422,0.07476278219540772,-0.1047280417427634,-2.077186303221626,-0.736691789107846,0.8103260420924747,0.015195084652660416,-0.007847261304248287,-0.08867195720499466,0.09000117304571391,0.09000117304571391,0.0,0.02664269857003221,-0.01326671870034956,8.949373681437912e-07,1.8607853968154911e-06,0.01665733666027143,-3.603965779926523,0,0.05339263508250479
29.319679999997227,-1.952368844598539,-1.0237416224910294,1.0000009854773948,-0.037037084314205375,0.01845445762573765,-9.604019991535481e-07,-1.696112777906988,-0.6223884657759652,1.3411508885227117,-0.025913111108924407,0.04770621613095996,-0.11522457621468969,-1.8866998443236829,-0.6794397211158593,1.0755012219999804,-0.005802696357770407,0.019743709505501365,-0.10132437214728794,0.09000117304571391,0.09000117304571391,0.0,0.026561721830474228,-0.013226441663076176,8.913322303828213e-07,1.8508909223955934e-06,0.01660468814542079,-3.6039663054124778,0,0.05322021800364827
29.323839999997226,-1.9525226778576763,-1.0236649718892181,1.0000009814918889,-0.036919982192964995,0.018396144434727157,-9.56521424270297e-07,-2.1905039763437166,-1.2664419866693188,1.6086454025036927,-0.09429127790695568,0.24081170643923033,-0.07206141624534661,-2.038799797359192,-0.9724431585027384,1.3419269996382484,-0.05021536528708812,0.12982042636171107,-0.08661897013679533,0.09000117304571391,0.09000117304571391,0.0,0.026480975519846905,-0.013186278981589056,8.877415692297978e-07,1.841049536543735e-06,0.016552200299903508,-3.6039668297836736,0,0.05304834599953886
29.327999999997225,-1.9526760246811943,-1.023588563517925,1.0000009775224867,-0.03680323764428755,0.01833800911034636,-9.526565048596997e-07,-1.712626793175374,-1.0493682522623544,1.0440919830921809,-0.036193058651772726,-0.09253175949717551,-0.01436212130505205,-1.8757851821015328,-1.011100499886173,1.1929766773309958,-0.043739455818242845,0.019520633831253808,-0.050083022731386116,0.09000117304571391,0.09000117304571391,0.0,0.026400459064835957,-0.013146230373032121,8.84165367023635e-07,1.8312609510003342e-06,0.016499872662605643,-3.603967353042753,0,0.05287701740614407
29.332159999997224,-1.9528288865546979,-1.0235123966381638,1.0000009735691235,-0.03668684964083938,0.018280051142664604,-9.488071777188398e-07,-2.376760803309353,-0.8976197116376591,1.1869837768101312,0.11532303962057094,0.10635757077973512,0.03659007094606732,-2.1260360266545635,-0.9541384582038936,1.190055907595448,0.03549164170764393,0.06311009631902179,-0.0065674659874756045,0.09000117304571391,0.09000117304571391,0.0,0.02632017189297045,-0.013106295554665935,8.806033912665505e-07,1.821524879168312e-06,0.016447704773584836,-3.603967875192352,0,0.0527062305642107
29.336319999997222,-1.9529812649595224,-1.0234364705130679,1.0000009696317345,-0.036570817157904015,0.018222270023044496,-9.449733806394603e-07,-2.1431712742723916,-0.7210639853730247,1.287492834820088,-0.1158358389812711,0.04434514586888439,-0.07218172072769699,-2.1348447039496032,-0.8375086258238525,1.2386247430335524,-0.04016317997298788,0.05434024682547397,-0.03928667612710658,0.09000117304571391,0.09000117304571391,0.0,0.026240113432847323,-0.013066474244621124,8.770558364696187e-07,1.8118410359320156e-06,0.0163956961740684,-3.6039683962350972,0,0.05253598381925212
29.34047999999722,-1.9531331613727447,-1.023360784407884,1.000000965710255,-0.0364551391733769,0.01816466524413787,-9.411550506165312e-07,-1.692297638311664,-0.9291786473989601,0.5149877841148791,-0.01623287243711466,-0.01809293400140984,-0.00853989571000591,-1.9136023428227997,-0.8833803604099751,0.876781353669406,-0.027956971611196875,0.01738278312043907,-0.022913413789208616,0.09000117304571391,0.09000117304571391,0.0,0.02616028311424952,-0.013026766161262776,8.735224688027903e-07,1.8022091378400717e-06,0.016343846406451007,-3.6039689161736104,0,0.052366275521536
29.34463999999722,-1.9532845772671936,-1.0232853375899678,1.0000009618046213,-0.03633981466775971,0.01810723629988444,-9.373521256147537e-07,-2.4586795599894367,-0.9831760875227055,1.641330773967294,-0.06124532162425446,0.06389833306876036,-0.07956836866381835,-2.1862723555085983,-0.9331466238592548,1.2588952485589402,-0.04450215370591062,0.040930049218080106,-0.05091736808674221,0.09000117304571391,0.09000117304571391,0.0,0.02608068036762244,-0.012987171023623248,8.700032672743093e-07,1.7926289029206456e-06,0.016292155014292438,-3.6039694350105043,0,0.05219710402607253
29.34879999999722,-1.953435514111461,-1.023210129328778,1.000000957914769,-0.03622484262415675,0.018049982685508607,-9.335645437138284e-07,-2.148515783434309,-1.322054888293114,1.176803230071311,-0.0486372701829736,-0.13228721550258632,0.05906830011940418,-2.1674950312428427,-1.1278776570715432,1.2179719349183369,-0.046539699693674795,-0.046135806856750006,0.0038714306879447527,0.09000117304571391,0.09000117304571391,0.0,0.026001304624619,-0.012947688550873013,8.664982102262871e-07,1.7831000508652385e-06,0.016240621542315505,-3.6039699527483857,0,0.05202846769260223
29.352959999997218,-1.9535859733699121,-1.0231351588958717,1.0000009540406347,-0.0361102220282692,0.017992903897518515,-9.297922430977489e-07,-2.084594737497438,-0.8193169555382722,1.070882807990858,-0.2809214026963419,-0.20017910219319426,-0.09878070285872594,-2.1266285943497785,-0.9740102297445381,1.1442213990606231,-0.1637243363508371,-0.12376504857988187,-0.04769706740931401,0.09000117304571391,0.09000117304571391,0.0,0.025922155317576107,-0.012908318462967222,8.630072753347011e-07,1.773622302768785e-06,0.0161892455364039,-3.6039704693898535,0,0.05186036488558416
29.357119999997217,-1.953735956502697,-1.0230604255648978,1.000000950182155,-0.03599595186839143,0.017935999433702388,-9.26035162054307e-07,-1.974893173891451,-1.125662136701293,1.2936791673659562,-0.2306631609481502,-0.10902684028805831,-0.05980735571366136,-2.051240361379532,-1.0500622438584524,1.2188263820093406,-0.19682096809402488,-0.11724950890398865,-0.053487229055887583,0.09000117304571391,0.09000117304571391,0.0,0.025843231880059728,-0.012869060480223758,8.595302254388319e-07,1.7641953813404002e-06,0.016138026543600144,-3.6039709849375,0,0.05169279397418348
29.361279999997215,-1.9538854649657613,-1.0229859286115932,1.0000009463392665,-0.03588203113540515,0.017879268793126627,-9.22293239860102e-07,-2.408801353969151,-1.1743863754747819,1.197971727388656,-0.2013587651800103,-0.07977926841669887,0.06346078106755727,-2.2304431093633768,-1.1123933101285945,1.2085311217759305,-0.19864273841745284,-0.09746281485771273,0.004875224885643367,0.09000117304571391,0.09000117304571391,0.0,0.025764533746662294,-0.012829914323328383,8.560672503868172e-07,1.7548190108297309e-06,0.01608696411210333,-3.6039714993939094,0,0.051525753332259436
29.365439999997214,-1.9540345002108561,-1.022911667313776,1.0000009425119065,-0.03576845882277429,0.017822711476133905,-9.185664150247207e-07,-1.8075805672482894,-0.4572127848936528,0.6022100459270825,0.0894547444756981,-0.007156316442841728,0.0017382483214184801,-2.018823595621431,-0.7848129828705893,0.9053702296934965,-0.05423759322918454,-0.05249082781712972,0.003175640094717727,0.09000117304571391,0.09000117304571391,0.0,0.025686060352585638,-0.01279087971376771,8.526181116856713e-07,1.7454929168915987e-06,0.016036057791266926,-3.60397201276166,0,0.051359241338353734
29.369599999997213,-1.95418306368555,-1.022837640951341,1.0000009387000122,-0.03565523392654176,0.017766326984339432,-9.148546270686575e-07,-2.1486318838164857,-0.7472973020820596,0.9411705312578929,-0.09587922431651354,0.013349303051718562,0.17191696756234268,-2.083928106065152,-0.7660268508272234,0.9236282259793058,-0.07504034821651771,-0.019701422267733904,0.08752939771700562,0.09000117304571391,0.09000117304571391,0.0,0.025607811134506803,-0.012751956373086397,8.491829978512629e-07,1.73621682689094e-06,0.015985307131596745,-3.603972525043322,0,0.05119325637567806
29.373759999997212,-1.9543311568332389,-1.0227638488062551,1.0000009349035213,-0.035542355445322506,0.01771011482063035,-9.111578147232114e-07,-1.9862083310819936,-1.2274113591592326,1.24298918028548,-0.04440875977311741,0.11793681197679207,-0.03969535754691771,-2.035158108300639,-0.996476296789399,1.0832295799393852,-0.06058981348427139,0.048757106709449986,0.02334465997626778,0.09000117304571391,0.09000117304571391,0.0,0.02552978552984103,-0.012713144023533421,8.457614548877779e-07,1.7269904695619202e-06,0.015934711684748644,-3.603973036241459,0,0.05102779683210233
29.37791999999721,-1.9544787810931568,-1.0226902901625503,1.0000009311223717,-0.035429822380299646,0.017654074489162404,-9.074759186349482e-07,-2.1358072597199733,-0.6690036150701288,0.9408022249196937,-0.05227394992467526,-0.020341663226987786,-0.16404734605470828,-2.085590684975251,-0.8327805258113461,1.0116747225928024,-0.05712079054498172,0.014477229025063014,-0.070834855325031,0.09000117304571391,0.09000117304571391,0.0,0.025451982976751886,-0.012674442387853917,8.423536693126832e-07,1.7178135750928428e-06,0.015884271003526372,-3.603973546358628,0,0.05086286110014318
29.38207999999721,-1.9546259379003867,-1.0226169643063197,1.0000009273565014,-0.03531763373522062,0.017598205495357497,-9.03808878683387e-07,-1.981063288327792,-0.9023387508604347,0.9539180443500508,0.08669332313320889,-0.06530361521301255,-0.05518536469718143,-2.0331464195033115,-0.8676963764506156,0.9826826767203799,0.015009726066438718,-0.025205288262370448,-0.06372340132797168,0.09000117304571391,0.09000117304571391,0.0,0.02537440291480343,-0.012635851189187516,8.389596134728865e-07,1.708685875267136e-06,0.01583398464187962,-3.6039740553973783,0,0.05069844757695138
29.38623999999721,-1.9547726286858718,-1.0225438705257117,1.0000009236058487,-0.03520578851639057,0.017542507345901678,-9.001566348792108e-07,-2.08992617040579,-1.2145460120897071,1.0896280747873774,-0.054143737532714925,0.020580127568668567,-0.03333997104289985,-2.0616480715693917,-1.0410797256582551,1.0360880913171162,-0.020157904816090255,-0.002839440909391706,-0.04916515448019371,0.09000117304571391,0.09000117304571391,0.0,0.025297044784436784,-0.012597370151180447,8.355792590491592e-07,1.6996071033104137e-06,0.015783852154901627,-3.6039745633602522,0,0.05053455466430006
29.390399999997207,-1.9549188548764245,-1.0224710081109254,1.0000009198703523,-0.035094285732667936,0.017486979548742648,-8.965191273510911e-07,-2.162810002653655,-0.8684696178105495,0.7613405448794291,-0.11300730533207737,0.0005664911704818011,0.0989962583333259,-2.1124641289068964,-0.9547734615092398,0.8989188138968277,-0.0668978579149712,-0.0005712775292939209,0.02466132224079121,0.09000117304571391,0.09000117304571391,0.0,0.025219908026766685,-0.012558998997883875,8.322123628855797e-07,1.6905769938785373e-06,0.015733873098827032,-3.6039750702497857,0,0.05037118076857355
29.394559999997206,-1.9550646178947388,-1.0223983763542042,1.000000916149951,-0.03498312439546089,0.0174316216130877,-8.928962972696361e-07,-1.7092763579456807,-0.44806745277341087,1.088853743229295,-0.24748632187260938,-0.03463085802798445,-0.14909824857192905,-1.9113824011319274,-0.7014889477964311,0.9935804468511393,-0.15707731676016182,-0.017596413489468648,-0.0636302567015729,0.09000117304571391,0.09000117304571391,0.0,0.025142992084340288,-0.012520737454079924,8.288591088350802e-07,1.6815952831054237e-06,0.015684047031029935,-3.6039755760685073,0,0.05020832430075443
29.398719999997205,-1.9552099191594001,-1.0223259745498317,1.000000912444584,-0.03487230351872062,0.017376433049400297,-8.892880850397689e-07,-1.653356874320784,-1.2320876779758545,1.2740034458729972,-0.18519794379548535,0.024400855880111715,0.06027973307440049,-1.7827531151752165,-0.9667411167809317,1.133919736902354,-0.17109897612931435,0.003324574750088707,-0.001898699411581912,0.09000117304571391,0.09000117304571391,0.0,0.025066296400399868,-0.012482585244645641,8.255192524094709e-07,1.6726617086456836e-06,0.015634373510021424,-3.6039760808189385,0,0.05004598367641261
29.402879999997204,-1.9553547600848957,-1.0222538019941259,1.0000009087541903,-0.034761822118937684,0.017321413369399307,-8.856944321005941e-07,-1.6419243190929196,-0.7249611249835237,0.938070447093877,-0.065547836714435,-0.09322920158563398,0.01495066172947275,-1.7124741440012552,-0.8460427607684113,1.0360245397846546,-0.11829423133532493,-0.04522612034543947,0.006658913295275309,0.09000117304571391,0.09000117304571391,0.0,0.0,0.0,5.0,6.933618668957515e-05,0.015584550097576923,-3.6126887644448944,0,2.0326099659368797
29.407039999997203,-1.9554995759326743,-1.022181641934356,1.0000877106199915,-0.034755803466883686,0.017318414344785545,0.020832447792250117,-1.868401497702941,-0.5822205645414253,0.6011919594185636,-0.12049256489763545,-0.06218248982490441,0.1010793301767747,-1.790690700126751,-0.714258174938801,0.8187940587998866,-0.11883204910866502,-0.054174148739052484,0.06414825665690625,0.09000117304571391,0.09000117304571391,0.0,0.0,0.0,0.516273535638946,0.0001708154958593166,0.015557402084880097,-3.6214014480708503,0,2.032526458416632
29.4111999999972,-1.9556443665808834,-1.0221094944312397,1.0001834604635176,-0.03474975557017772,0.017315400747900403,0.02297996244625573,-1.6051873049236265,-0.7573489167920875,1.1569437205173216,-0.0856301950884532,-0.17740742591711423,-0.016135722394490678,-1.6981151043254354,-0.7361716899989388,0.9878365311840193,-0.10257389862583642,-0.11634051679983214,0.024570541291130708,0.09000117304571391,0.09000117304571391,0.0,0.0,0.0,0.507382461372797,0.00028916875931346564,0.01554099619658997,-3.630114131696806,0,2.0324420973689037
29.4153599999972,-1.9557891320085907,-1.0220373594952072,1.0002880023520506,-0.03474370264978508,0.017312384647770376,0.025090053247921615,-1.687247930933669,-0.7882237366769287,1.413437149952093,-0.0014369622880679653,0.06949566640244596,-0.005161950812498567,-1.6926826682418135,-0.762053903028971,1.200626585779824,-0.0528592266685803,-0.023254281453115026,0.010906471736682093,0.09000117304571391,0.09000117304571391,0.0,0.0,0.0,0.49861494627746483,0.00041591995241062503,0.015529371627830045,-3.638826815322762,0,2.0323568992791197
29.4195199999972,-1.955933872193534,-1.021965237137352,1.0004011825210866,-0.03473764438636088,0.0173093658852696,0.02716324056860924,-2.06666773053322,-0.9868834229678842,0.7327450459841989,-0.250464923533377,0.08726351335748149,0.08978326427971176,-1.8801995269285778,-0.8742889534195957,0.9668673908098127,-0.15128840026341034,0.03210464909549956,0.05125228367463749,0.09000117304571391,0.09000117304571391,0.0,0.0,0.0,0.48996936682525705,0.0005468259070601144,0.015519548370752641,-3.647539498948718,0,2.0322708805055356
29.423679999997198,-1.956078587112328,-1.0218931273693261,1.000522849345774,-0.03473158051055763,0.017306344326185344,0.02920003792500495,-1.4930546994665728,-0.9319483646876051,1.1539473306770291,-0.07646407414857188,0.011232622033474804,-0.11707538774120635,-1.6867838777000232,-0.9030944115742103,1.0601623561334623,-0.11367402727342042,0.0210509297039214,-0.03155429105753267,0.09000117304571391,0.09000117304571391,0.0,0.0,0.0,0.48144412053238417,0.000679759886706405,0.01551003687239613,-3.656252182574674,0,2.0321840572759378
29.427839999997197,-1.9562232767406538,-1.0218210302032478,1.0006528533127628,-0.03472551079817632,0.017303319858801836,0.031200952077294536,-1.7962404806913153,-0.7090564642932564,0.49729646537055305,-0.16325947768492885,0.028394310698049707,0.13912803565836185,-1.7418509858068607,-0.8060150759600122,0.7790130359394474,-0.13920131452648993,0.024748665530833724,0.054650319764087615,0.09000117304571391,0.09000117304571391,0.0,0.0,0.0,0.473037625649499,0.0008136533746392547,0.015500092862503992,-3.66496486620063,0,2.0320964456845525
29.431999999997196,-1.9563679410534267,-1.0217489456516162,1.0007910469924473,-0.034719435065514455,0.01730029239158225,0.03316648312426422,-2.380101037137731,-1.1899265438272117,1.1303739171413958,-0.11951835429563229,-0.0663615746722845,0.1334563123021411,-2.061226760188511,-0.9981114652990549,0.9549728349615797,-0.1304728515574266,-0.020830029204620022,0.0943778712013324,0.09000117304571391,0.09000117304571391,0.0,0.0,0.0,0.46474832086450035,0.0009479669689128494,0.015489344766356137,-3.6736775498265857,0,2.032008061689152
29.436159999997194,-1.9565125800249474,-1.021676873727237,1.0009372850115956,-0.03471335316499914,0.017297261850992725,0.035097124595617896,-1.7226921984810781,-0.7581102040067889,1.4868312099317635,0.005094898542152997,0.04774310955431515,0.15495426817462546,-1.8919466630603485,-0.8780106774791387,1.2212271674064383,-0.06262559461500766,0.013849569063340087,0.1250839258753829,0.09000117304571391,0.09000117304571391,0.0,0.0,0.0,0.4565746650148569,0.0010824258305196536,0.015477607410158939,-3.6823902334525416,0,2.0319189211083635
29.440319999997193,-1.9566571936290356,-1.0216048144431558,1.001091424026353,-0.03470726498115427,0.01729422817949285,0.03699336354177715,-2.082475685100421,-0.5876689991544204,1.456520096471642,0.007148569568556848,-0.121421441710119,-0.03424973692808565,-1.9871985649827342,-0.7330905706686065,1.3388013468890305,-0.027297484004765945,-0.05367584782736439,0.046722211278668054,0.09000117304571391,0.09000117304571391,0.0,0.0,0.0,0.44851513680798805,0.001216887408146522,0.015464788872779392,-3.6911029170784975,0,2.0318290396191605
29.444479999997192,-1.9568017818391477,-1.0215327678125987,1.0012533226956088,-0.034701170426922216,0.017291191333702823,0.03885568062140458,-1.9971170066300425,-1.336817742317399,1.233721823209501,-0.25604630471869116,0.03604743137009518,-0.046907204238979504,-1.9926906159855569,-1.0348828479354841,1.2861616670973686,-0.14156497687590627,-0.009087065571408523,0.0006910283697722854,0.09000117304571391,0.09000117304571391,0.0,0.0,0.0,0.4405682345518699,0.001351275301181696,0.01545084391072184,-3.6998156007044534,0,2.03173843275454
29.44863999999719,-1.9569463446284825,-1.0214607338489206,1.0014228416547208,-0.034695069440340426,0.017288151282747417,0.04068455018687611,-2.008711719213263,-1.4210537423562442,1.0573042822136454,-0.18937176615505333,-0.013625601173837952,0.08186023720025198,-2.001094501997571,-1.227998004155023,1.1718991501376967,-0.16578529543364792,-0.011997513910558939,0.042467724965830886,0.09000117304571391,0.09000117304571391,0.0,0.0,0.0,0.4327324758896915,0.0014855461918117522,0.015435750669797526,-3.7085282843304093,0,2.0316471159013694
29.45279999999719,-1.9570908819700723,-1.021388712565559,1.001599843489587,-0.03468896198156004,0.017285108006770408,0.04248044036787789,-2.6731397164691653,-1.0091999557467253,0.9637542348624192,-0.03284066980699406,-0.02409921927719561,0.19794596219146698,-2.337189295593743,-1.1186471992187965,1.068234620357866,-0.0997176537617559,-0.018228084317163953,0.1213208473823664,0.09000117304571391,0.09000117304571391,0.0,0.0,0.0,0.42500639754457487,0.0016196733116324497,0.015419499040210012,-3.717240967956365,0,2.031555104298407
29.45695999999719,-1.9572353938368647,-1.0213167039759938,1.0017841927110591,-0.03468284803018574,0.01728206149560904,0.044243813153304945,-2.3484252364275435,-1.288864125601163,1.136381035238983,-0.02493716164899467,0.06218325196685131,0.04976933346718499,-2.3428602074948843,-1.2036273622749627,1.102409171296521,-0.06185410076346759,0.021899412671852136,0.08682490793837534,0.09000117304571391,0.09000117304571391,0.0,0.0,0.0,0.4173885550666816,0.0017536381754894683,0.01540208483341405,-3.725953651582321,0,2.0314624130344794
29.461119999997187,-1.9573798802017934,-1.0212447080937122,1.0019757557296907,-0.03467672758291162,0.017279011747616032,0.045975124471585783,-1.7895194829190813,-0.3965691313570988,1.3000236753828573,0.11136788288827298,0.08431528181569876,-0.0005967467599163126,-2.0659541695097565,-0.7999170988438635,1.2012141941869934,0.024668031730392375,0.05304216114022404,0.044259616182101585,0.09000117304571391,0.09000117304571391,0.0,0.0,0.0,0.409877522588287,0.0018874264489106203,0.01538350686992163,-3.734666335208277,0,2.0313690570468173
29.465279999997186,-1.9575243410378411,-1.0211727249321763,1.0021744008308138,-0.03467060065142621,0.01727595876861563,0.04767482426956146,-1.7082923369382557,-0.9182783434755517,1.00875340338943,-0.1138433190217264,0.09524573929451419,0.1512382104964371,-1.887358719116606,-0.8589001433612878,1.1052947328311655,-0.0440124321719836,0.07399812136842089,0.09884332533162522,0.09000117304571391,0.09000117304571391,0.0,0.0,0.0,0.40247189258149396,0.0020210258823134567,0.015363765522636505,-3.743379018834233,0,2.031275051119537
29.469439999997185,-1.9576687763180936,-1.0211007545047972,1.0023799981499388,-0.03466446726055962,0.017272902570980398,0.04934335659000931,-1.725766060853218,-0.9855281600649148,0.9567666569262531,0.017383191823218312,0.005734949598403967,0.025236147041504967,-1.8065254007834102,-0.9222039100891659,1.031079676720021,-0.013175223813725805,0.04025597107198468,0.06323177198851099,0.09000117304571391,0.09000117304571391,0.0,0.0,0.0,0.3951702756222396,0.002154425278582967,0.015342861988002245,-3.7520917024601887,0,2.031180409882265
29.473599999997184,-1.957813186015788,-1.0210287968249105,1.0025924196484717,-0.03465832744664707,0.01726984317281575,0.050981159647903174,-1.9601085674734056,-0.6992600472563535,1.3620439595247866,-0.08989223566339266,0.06546094192722225,0.018922714353609288,-1.8835042823028387,-0.8105940240405602,1.1966003110642862,-0.051889330951440035,0.0527425332086962,0.04260994531154751,0.09000117304571391,0.09000117304571391,0.0,0.0,0.0,0.38797130015761916,0.0022876139773190616,0.015320797921100872,-3.7608043860861446,0,2.0310851478089065
29.477759999997183,-1.957957570104355,-1.0209568519057555,1.0028115390897445,-0.0346521812560845,0.01726678059724025,0.052588665905477755,-1.8382371052027582,-1.0350581535470678,0.7881370611018927,-0.19583149274227896,-0.02594034796137212,0.219421268250953,-1.8612770751304188,-0.9228815272035074,0.9928192491943528,-0.12415204663177101,0.013364081409596995,0.1324316698939094,0.09000117304571391,0.09000117304571391,0.0,0.0,0.0,0.38087361227611105,0.0024205815974057063,0.015297575252765493,-3.7695170697121005,0,2.030989279216537
29.48191999999718,-1.9581019285574552,-1.0208849197604566,1.0030372320153536,-0.03464602874405418,0.01726371487175058,0.05416630214615376,-2.0835682276611487,-0.6055929735944224,0.957708143016661,0.1211572016500525,-0.005166897887681272,0.11397308128169126,-1.9721724180061921,-0.7642460730838915,0.9754987093945858,-0.00140994006494123,0.004242062205638271,0.12406988782124133,0.09000117304571391,0.09000117304571391,0.0,0.0,0.0,0.3738758754837147,0.0025533179087293594,0.01527319609773389,-3.7782297533380564,0,2.0308928182644217
29.48607999999718,-1.958246261349011,-1.020813000402008,1.003269375721801,-0.03463986997340022,0.017260646027661235,0.05571448954738472,-2.486762762417579,-1.057171113649652,1.7961396680620534,0.043116089103479326,0.09582064063579963,0.017887269144087663,-2.2293809932699364,-0.9105108748086799,1.385859936173809,0.020601357932614566,0.049802308700080206,0.0720432048252242,0.09000117304571391,0.09000117304571391,0.0,0.0,0.0,0.36697677048130983,0.002685812768462002,0.015247662708352282,-3.7869424369640123,0,2.0307957789531645
29.49023999999718,-1.9583905684532346,-1.0207410938432595,1.0035078492374363,-0.03463370501363603,0.017257574099609943,0.05723364375246054,-1.9477802710784604,-0.994207625802931,0.8735151192649068,0.056610012156490634,0.0442023008755692,-0.13451466117372968,-2.088461610742679,-0.9522675626714193,1.129404542157191,0.03893816060146304,0.046842158551312275,-0.03140818257807804,0.09000117304571391,0.09000117304571391,0.0,0.0,0.0,0.36017499494602845,0.002818056089617651,0.015220977451079972,-3.7956551205899682,0,2.0306981751239634
29.494399999997178,-1.9585348498446515,-1.0206692000969049,1.0037525332996917,-0.034627533940067866,0.017254499125120934,0.05872417494130891,-1.7480429021949695,-0.702980032617001,1.1055399338890026,-0.058443615671984146,0.10222728650116139,-0.0619940635046005,-1.918372004313885,-0.8274089453306492,1.1173404225331924,-0.009472947105136164,0.07430126723022257,-0.045399630314785125,0.09000117304571391,0.09000117304571391,0.0,0.0,0.0,0.3534692633168689,0.0029500378257378557,0.015193142794416867,-3.804367804215924,0,2.030600020457983
29.498559999997177,-1.9586791054981225,-1.0205973191754707,1.0040033103326098,-0.034621356833020256,0.017251421144218994,0.0601864879003324,-2.198165213134174,-0.6285515583865561,1.2691247831620724,-0.007120635857414431,-0.14524798751228593,-0.12336210710678377,-2.058286385586504,-0.7282809228964575,1.192974688839167,-0.0078121145162623196,-0.035482894332423943,-0.08322834883315451,0.09000117304571391,0.09000117304571391,0.0,0.0,0.0,0.34685830658092764,0.003081747963634828,0.01516416130256178,-3.81308048784188,0,2.0305013284758298
29.502719999997176,-1.9588233353888607,-1.0205254510913078,1.0042600644246569,-0.03461517377715103,0.01724834019908814,0.061620982091300104,-1.4994325373818758,-1.1281423845821217,0.8048796106652119,-0.1313138584106668,-0.038025835459447876,0.1225599605964997,-1.7791280245508796,-0.9282930872744767,0.9991797980175943,-0.06987020718428251,-0.036974002967408034,0.019439720123781094,0.09000117304571391,0.09000117304571391,0.0,0.0,0.0,0.3403408720653923,0.00321317652015729,0.015134035631952834,-3.821793171467836,0,2.030402112537137
29.506879999997174,-1.9589675394924475,-1.0204535958565837,1.0045226813068207,-0.034608984860844995,0.017245256333769495,0.06302805171933133,-1.4203936150736378,-0.8040067453475521,0.789573819055377,0.07894972437213368,0.03764454296723077,0.09108137450075575,-1.5995945300369159,-0.8660695351124109,0.8945631052423109,0.004738722949082939,-0.0002522573529612044,0.05606530225580851,0.09000117304571391,0.09000117304571391,0.0,0.0,0.0,0.33391572322974966,0.003344313540962226,0.01510276852926323,-3.830505855093792,0,2.0303023858402414
29.511039999997173,-1.959111717784846,-1.0203817534832758,1.0047910483309872,-0.03460279017567675,0.017242169593893627,0.06440808579998328,-2.076994447415687,-1.5385569506302126,1.2235241834306834,-0.09568057492858373,0.18628583091996076,0.039898420590028696,-1.8384973297232672,-1.201929892028584,1.0591273720849885,-0.04523005002012209,0.09272237800040846,0.04873382252554627,0.09000117304571391,0.09000117304571391,0.0,0.0,0.0,0.32758163946227936,0.0034751491002846845,0.01507036283013701,-3.8392185387197477,0,2.0302021614219545
29.515199999997172,-1.9592558702424125,-1.0203099239831657,1.0050650544485933,-0.03459658981593437,0.017239080026443185,0.0657614682254694,-1.8178197661268407,-1.1722444440562465,0.7879940576775853,-0.17929239341337516,0.13271640592443204,0.003915771866026846,-1.8285307320834199,-1.1868098194921555,0.923564558255138,-0.11253831328302355,0.11219052448311938,0.027483630182227332,0.09000117304571391,0.09000117304571391,0.0,0.0,0.0,0.3213374158791384,0.00360567330120216,0.015036821458305306,-3.8479312223457036,0,2.0301014521574277
29.51935999999717,-1.9593999968419051,-1.0202381073678342,1.0053445901895517,-0.034590383878196546,0.017235987679542212,0.06708857783002672,-2.597697718882327,-0.7932627758117324,1.012360039613763,-0.06182061190401282,0.09079138815167191,-0.11566089743281896,-2.2132483118455877,-0.9898466983533941,0.9677207071288341,-0.08712546238527336,0.10245303221061552,-0.0432900102390244,0.09000117304571391,0.09000117304571391,0.0,0.0,0.0,0.31518186312518787,0.0037358762761422314,0.015002147424901704,-3.8566439059716595,0,2.0300002707601
29.52351999999717,-1.9595440975604925,-1.0201663036486581,1.0056295476414452,-0.03458417246095697,0.017232892602268977,0.06838978845444534,-1.738349559127693,-0.8845689148069953,1.2462796331751693,-0.05634338545029248,0.0345864721395189,0.0347167693020427,-1.9759124741598724,-0.9371341136344918,1.1070725540420847,-0.07189546955866452,0.06803488583321218,-0.003438033422092407,0.09000117304571391,0.09000117304571391,0.0,0.0,0.0,0.3091138071780708,0.003865748187508107,0.014966343827884762,-3.8653565895976154,0,2.02989862978173
29.52767999999717,-1.9596881723757604,-1.0200945128368062,1.0059198204289859,-0.03457795566429031,0.01722979484448953,0.06966546900977831,-1.9258329964030014,-1.901881668083762,1.4662471636762626,-0.029117652880394626,-0.051897449341549995,0.004925705172659833,-1.950931486776326,-1.4196221414877221,1.2866715293413857,-0.05121225657781072,0.007862245495665481,0.0012665290727486341,0.09000117304571391,0.09000117304571391,0.0,0.0,0.0,0.3031320891546964,0.003995279228359713,0.01492941385152037,-3.8740692732235713,0,2.029796541612508
29.531839999997167,-1.9598322212657169,-1.0200227349432365,1.006215303693737,-0.03457173358955493,0.017226694456709567,0.07091598354024634,-2.357854542442413,-1.0447736700113812,1.229146027119351,-0.08500967712447917,-0.058357389106306175,0.12485635328197053,-2.1545723034277975,-1.2323169888782803,1.2581666189692122,-0.06828973073612764,-0.02508732415764669,0.06375281819370265,0.09000117304571391,0.09000117304571391,0.0,0.0,0.0,0.2972355651197125,0.004124459623119378,0.014891360765899368,-3.882781956849527,0,2.0296940184812367
29.535999999997166,-1.9599762442087967,-1.019950969978695,1.0065158940740926,-0.034565506339128124,0.017223591489942507,0.07214169128534811,-1.5410057869602976,-0.9588102967003912,0.7843531735457231,0.17292585381445313,0.08882474994526343,0.11239131093645875,-1.8474255824401473,-1.0953764392787504,1.0214891616746564,0.05254853186391266,0.031603330703863446,0.08864102125943939,0.09000117304571391,0.09000117304571391,0.0,0.0,0.0,0.2914231058972597,0.004253279628286824,0.014852187926477136,-3.891494640475483,0,2.0295910724555957
29.540159999997165,-1.960120241183864,-1.0198792179537135,1.0068214896855143,-0.03455927401617013,0.017220485995591905,0.07334294674119317,-1.8238976767701416,-0.7636210761725142,1.0450577820694642,-0.016822001638418096,0.13692744780184762,0.19668179879112274,-1.8356973330384985,-0.9292113022612748,1.0336806708969082,0.018290262148215625,0.08410049954786754,0.1436442102143283,0.09000117304571391,0.09000117304571391,0.0,0.0,0.0,0.285693596884093,0.004381729533156051,0.01481189877362774,-3.900207324101439,0,2.0294877154424613
29.544319999997164,-1.9602642121702158,-1.0198074788786078,1.0071319901010187,-0.034553036724413656,0.017217378025346567,0.07452009972106446,-2.003553558506216,-1.0644933974613553,0.639168972737167,-0.07648809937619447,-0.22423092315240248,0.2774020801913639,-1.9197846124368738,-0.9973186804236999,0.8369973617399924,-0.029622220810644275,-0.07053106251981264,0.21132611395333042,0.09000117304571391,0.09000117304571391,0.0,0.0,0.0,0.2800459378657898,0.004509799660530492,0.01477049683220821,-3.908920007727395,0,2.0293839591883063
29.548479999997163,-1.9604081571475824,-1.0197357527634783,1.0074472963319154,-0.034546794567976075,0.017214267631086973,0.07567349541522556,-1.8877898383702147,-1.02333367966111,1.81947359468893,-0.09478208653163109,0.1058416967823805,0.027292130900535283,-1.9039846636757158,-1.010105166204996,1.3282973700597915,-0.06194882645492723,0.017140003285499205,0.12016229544692511,0.09000117304571391,0.09000117304571391,0.0,0.0,0.0,0.2744790428343441,0.004637480367434798,0.014727985711130126,-3.917632691353351,0,2.029279815279646
29.55263999999716,-1.960552076096129,-1.0196640396182082,1.0077673108087903,-0.034540547651191744,0.017211154864801726,0.07680347444997904,-2.2110945532075577,-1.1089778237463233,0.4700446237794703,-0.0903835644913343,0.11109591821257936,0.08155957558197792,-2.057727754261191,-1.0593100470595622,0.8993336093781155,-0.07712526271312208,0.06360057767804098,0.10135552978104077,0.09000117304571391,0.09000117304571391,0.0,0.0,0.0,0.2689918398092942,0.004764762045822534,0.014684369102936586,-3.9263453749793067,0,2.029175295143559
29.55679999999716,-1.960695968996456,-1.0195923394524644,1.008091937362732,-0.034534296078462284,0.01720803977851294,0.07791037294599229,-1.3176076927416946,-1.059330072901467,1.4787368326541348,-0.14315237524661711,0.05920680994529434,-0.013126597522461494,-1.6879620626390341,-1.0591972555853018,1.1890113654804322,-0.10928575021161477,0.061569337801350765,0.04441364153965371,0.09000117304571391,0.09000117304571391,0.0,0.0,0.0,0.26358327066025655,0.004891635123279504,0.014639650783383064,-3.9350580586052626,0,2.0290704100482557
29.56095999999716,-1.9608398358295982,-1.0195206522756968,1.0084210812067982,-0.034528039954122805,0.0172049224242096,0.07899452257589677,-1.997006753562633,-0.9554223970878657,0.6060864106719863,-0.11900539663825635,0.12225359861151491,0.03154276699931584,-1.8427338629511634,-1.007053518166935,0.8976090644541737,-0.11425816295186918,0.09128341939627858,0.038629432624031956,0.09000117304571391,0.09000117304571391,0.0,0.0,0.0,0.2582522909313,0.005018090063722645,0.014593834611021065,-3.9437707422312185,0,2.028965171103703
29.565119999997158,-1.9609836765770245,-1.0194489780971394,1.0087546489177197,-0.03452177938232246,0.017201802853788015,0.08005625062116918,-2.176451323078511,-0.7995596035127562,1.2329121385117012,-0.263357042268303,-0.10312830550093177,0.08471726760779663,-2.010140738701327,-0.9035203153087452,1.065438076978105,-0.18974265664204826,-0.005572199155884137,0.06218981795589079,0.09000117304571391,0.09000117304571391,0.0,0.0,0.0,0.2529978696684533,0.005144117368094546,0.014546924526783609,-3.9524834258571744,0,2.0288595892623054
29.569279999997157,-1.9611274912206367,-1.0193773169258102,1.0090925484178377,-0.0345155144669177,0.01719868111899866,0.08109588002830796,-2.0729051313968143,-0.9943906968114407,1.242619003430184,-0.1280328622599971,0.13363173450078739,-0.009829748650952097,-2.0417884209852,-0.9486781813653641,1.1540091885489825,-0.15949654577585384,0.06401583943016385,0.02625479030246527,0.09000117304571391,0.09000117304571391,0.0,0.0,0.0,0.24781898924843154,0.005269707575053636,0.014498924553571747,-3.9611961094831303,0,2.028753675319624
29.573439999997156,-1.9612712797427674,-1.0193056687705127,1.0094346889572723,-0.034509245311376995,0.017195557271398664,0.08211372946431023,-1.998068869924021,-1.293559521856679,1.3118018060922605,-0.009553819823687106,0.025060465252304386,0.04425771814859414,-2.019948848473487,-1.1210691385178932,1.2329995238744633,-0.08422835021922637,0.04453999244807871,0.034837909939043274,0.09000117304571391,0.09000117304571391,0.0,0.0,0.0,0.24271464521029945,0.00539485126166014,0.014449838795841496,-3.969908793109086,0,2.0286474399151526
29.577599999997155,-1.9614150421261787,-1.0192340336398364,1.00978098109632,-0.034502972018695725,0.01719243136230944,0.0831101133714616,-1.8282081233146514,-1.0896248142072338,0.7812336389153445,-0.02375994638648378,0.04529556923512887,-0.06873744652266925,-1.924126607065162,-1.1052532478578327,1.0069688255618687,-0.05397740067197556,0.0452567190625306,-0.016162876034690854,0.09000117304571391,0.09000117304571391,0.0,0.0,0.0,0.23768384608815585,0.005519539044057879,0.014399671439190506,-3.978621476735042,0,2.0285408935331346
29.581759999997153,-1.9615587783540591,-1.0191624115421583,1.0101313366880762,-0.03449669469132031,0.01718930344277885,0.08408534202144308,-1.8241802362066615,-1.1507656402279212,0.5041918066313066,0.038849166335750036,0.09961498145285808,0.20153940235392762,-1.8740719803519912,-1.127803981907179,0.755996054457998,-0.007539656461811575,0.073113071183682,0.0926452673145663,0.09000117304571391,0.09000117304571391,0.0,0.0,0.0,0.2327256132472011,0.005643761578151973,0.014348426749944035,-3.987334160360998,0,2.0284340465034187
29.585919999997152,-1.961702488410022,-1.0190908024856435,1.0104856688612793,-0.034490413431080544,0.017186173563547506,0.085039721568769,-1.9786149863879305,-2.1288328456493772,0.4878559351044409,0.1996647076387449,0.016577133032816983,0.19486928342361487,-1.925928002221586,-1.6282895207841996,0.6223280631582252,0.09560886410305387,0.044167024215015956,0.1444132093647137,0.09000117304571391,0.09000117304571391,0.0,0.0,0.0,0.22783898072084335,0.005767509560282512,0.014296109074739738,-3.996046843986954,0,2.0283269090023586
29.59007999999715,-1.9618461722781018,-1.0190192064782477,1.0108438920033775,-0.03448412833912937,0.017183041775018743,0.0859735541035603,-2.0007405934841955,-1.1350407619423355,0.9825512332393473,-0.09473232122999088,0.12630309722970898,-0.0040643638826215744,-1.9635305324422148,-1.3813980374663242,0.8024330577942842,-0.00018876489786499742,0.08477511048489242,0.07049997964879565,0.09000117304571391,0.09000117304571391,0.0,0.0,0.0,0.22302299504927786,0.005890773727894249,0.014242722840110869,-4.00475952761291,0,2.028219491053746
29.59423999999715,-1.9619898299427514,-1.0189476235277175,1.0112059217438094,-0.034477839515889314,0.01717990812723194,0.08688713770365891,-1.8915840672050406,-1.0132874456609295,0.6214992694182176,0.008110357707838162,0.043362492882602306,-0.04393296067875613,-1.927540147239706,-1.1972496716520988,0.7118728817477038,0.004066130573294367,0.06392655623985549,0.01359688396883811,0.09000117304571391,0.09000117304571391,0.0,0.0,0.0,0.21827671512254426,0.00601354486020234,0.014188272552067577,-4.013472211238866,0,2.028111802529782
29.59839999999715,-1.9621334613888388,-1.0188760536415933,1.0115716749375014,-0.034471547061004915,0.017176772669838827,0.08778076648610171,-1.7733277221161412,-1.1886801780454759,0.8283882923308208,-0.0021377896081308037,0.07960675579419187,0.06904250306193133,-1.8504361904443958,-1.1928006037914587,0.7702747479333742,0.0004300327708603967,0.07239970529579139,0.04144155632876771,0.09000117304571391,0.09000117304571391,0.0,0.0,0.0,0.21359921202208104,0.006135813778854166,0.014132762795675956,-4.022184894864822,0,2.0280038531520845
29.602559999997148,-1.9622770666016442,-1.0188044968272096,1.0119410696485762,-0.03446525107330063,0.01717363545208248,0.0886547306579476,-1.8385693680243895,-0.6969677130541199,1.2211661905943458,0.038233433448728135,0.01808314208730851,0.05835119790853528,-1.8444233509259613,-0.9448439041607927,0.9958438318247282,0.019415459986521586,0.045642903539468906,0.050453710341486,0.09000117304571391,0.09000117304571391,0.0,0.0,0.0,0.2089895688669851,0.006257571348587258,0.014076198234634602,-4.0308975784907775,0,2.027895652492717
29.606719999997146,-1.9624206455668556,-1.018732953091698,1.01231402513427,-0.03445895165074361,0.017170496522778793,0.08950931656647677,-1.5755851927945763,-1.5282935760745018,0.5937397287362032,0.026207895530747823,0.09548366569019304,0.14845426708507087,-1.7099485873394806,-1.2363731608667756,0.7950970763993633,0.023151834891509997,0.07005103897126168,0.0997702236047177,0.09000117304571391,0.09000117304571391,0.0,0.0,0.0,0.20444688066092503,0.0063788084778833585,0.01401858361084843,-4.039610262116733,0,2.027787209975257
29.610879999997145,-1.9625641982705657,-1.0186614224419883,1.0126904618290564,-0.034452648890410886,0.017167355930300127,0.09034480674876486,-1.8511105000985435,-0.7969611199997968,1.0585724775301288,-0.08404345098668464,0.08780094325333154,0.1956380174003474,-1.7807047202618977,-1.016480956621291,0.9272426277666491,-0.030736667390655,0.0786913480334985,0.14813758907760366,0.09000117304571391,0.09000117304571391,0.0,0.0,0.0,0.19997025414120934,0.006499516119618579,0.013959923743999535,-4.048322945742689,0,2.0276785348758932
29.615039999997144,-1.9627077246992677,-1.018589904884811,1.0130703013289757,-0.034446342888460595,0.017164213722560974,0.09116147998064023,-2.003517452005002,-0.6195204036787625,1.5907445113953642,-0.16732888928267606,0.028972969617980994,-0.20585122346966778,-1.8924607753652019,-0.8179378025477351,1.2585679014720235,-0.09898033735409315,0.05391374432406028,-0.02780209483912511,0.09000117304571391,0.09000117304571391,0.0,0.0,0.0,0.19555880762916356,0.0066196852717097104,0.01390022353111491,-4.057035629368645,0,2.0275696363245372
29.619199999997143,-1.9628512248398515,-1.0185184004266985,1.0134534663761634,-0.03444003374010682,0.017161069947005402,0.09195961132502983,-2.0971866469828573,-1.2425188513647503,0.603324937078261,0.11689386415907052,0.2084909253893991,0.0699455130938709,-1.9945824897178255,-1.0297967826802132,0.9310882931683787,0.009174622788322689,0.13077881717907688,0.02059696666709422,0.09000117304571391,0.09000117304571391,0.0,0.0,0.0,0.19121167088332036,0.006739306977756656,0.013839487946130873,-4.065748312994601,0,2.027460523305972
29.62335999999714,-1.9629946986795999,-1.0184469090739876,1.013839880843579,-0.034433721539597714,0.01715792465059618,0.09273947217970475,-2.0008932722223456,-0.9630377902943494,0.91386449890611,0.03191724235704545,0.006389806498741345,-0.04286671658745529,-1.997672094883393,-0.9964025796285914,0.9223876654549699,0.020812154057312394,0.06813590771451916,-0.01139597828776688,0.09000117304571391,0.09000117304571391,0.0,0.0,0.0,0.18692798495436236,0.006858372327680978,0.01377772203945404,-4.074460996620557,0,2.0273512046610183
29.62751999999714,-1.963138146206184,-1.0183754308328217,1.0142294697199308,-0.034427406380196604,0.01715477787980534,0.0935013303244325,-1.4576489667058774,-1.2705984724472996,0.7958829338694814,-0.11701792067075677,-0.1991170166655647,0.2816817429291266,-1.727899991384877,-1.1339160693979362,0.8597185018276008,-0.048168340365039676,-0.06572970096060222,0.13599081132924437,0.09000117304571391,0.09000117304571391,0.0,0.0,0.0,0.18270690204032652,0.006976872458360566,0.013714930937518723,-4.083173680246513,0,2.0272416890877207
29.63167999999714,-1.9632815674076598,-1.0183039657091524,1.0146221590947955,-0.0344210883541658,0.01715162968060612,0.09424544996753666,-1.9094417792392635,-1.5575219174595807,1.0199857516983986,-0.29035417278100084,0.010197218603241066,0.019885605335066503,-1.8192771540977797,-1.345701068173725,0.9398935848396408,-0.16873115600331637,-0.027616997759096682,0.0784384345954878,0.09000117304571391,0.09000117304571391,0.0,0.0,0.0,0.17854758534571297,0.007094798554260397,0.013651119842340657,-4.091886363872469,0,2.027131985142557
29.63583999999714,-1.9634249622724629,-1.018232513708742,1.0150178761439284,-0.034414767552752856,0.017148480098466125,0.09497209179187979,-1.884528884301563,-0.881509677889879,1.233063014172787,-0.06653075997362312,0.10054562264651895,0.08549109323678672,-1.8520417700478533,-1.113392029170114,1.0866567198045698,-0.11767971247882912,0.035992718291175375,0.0826615923832087,0.09000117304571391,0.09000117304571391,0.0,0.0,0.0,0.17444920894044352,0.00721214184805938,0.013586294031066929,-4.100599047498425,0,2.0270221012416663
29.639999999997137,-1.9635683307894054,-1.0181610748371657,1.0154165491147629,-0.03440844406617905,0.01714532917834157,0.0956815130002687,-2.396696328417194,-0.47662951616913296,0.7207396152835672,-0.08138608881252685,0.0713385158814421,-0.07403524707864775,-2.124542533848916,-0.7948581058009396,0.9035415287321322,-0.09934639438237221,0.05374553266666244,0.004365106301403569,0.09000117304571391,0.09000117304571391,0.0,0.0,0.0,0.17041095762252595,0.00732889362127326,0.013520458855522053,-4.1093117311243805,0,2.02691204566209
29.644159999997136,-1.9637116729476705,-1.0180896490998128,1.0158181073120975,-0.034402117983629917,0.017142176964672576,0.0963739673602969,-2.077831487324985,-1.1661504948008268,1.2635017634371686,-0.16859752658921312,0.04912786649499823,0.06268089346410372,-2.101538438783446,-0.9804048813986486,1.0836537901788614,-0.1334496147322423,0.051517543319543245,0.033879490703729497,0.09000117304571391,0.09000117304571391,0.0,0.0,0.0,0.16643202678036811,0.007445045204873575,0.013453619741750104,-4.118024414750336,0,2.0268018265430294
29.648319999997135,-1.963854988736809,-1.0180182365018904,1.0162224810839668,-0.03439578939324759,0.017139023501379344,0.09704970524862272,-1.7732351108786444,-1.179505578040905,0.4502876080053142,-0.035632798326763096,0.06352704567953253,0.12177078052269873,-1.937458312165103,-1.079824201309502,0.7672196394283401,-0.08468236539878399,0.05738342519798645,0.07777497208047482,0.09000117304571391,0.09000117304571391,0.0,0.0,0.0,0.16251162225838378,0.007560587979902624,0.013385782189552844,-4.126737098376292,0,2.026691451887127
29.652479999997134,-1.9639982781467347,-1.0179468370484244,1.0166296018076948,-0.034389458382124836,0.017135868831859195,0.09770897369469612,-2.1581239484473613,-0.6825196984483551,1.0792491061166363,0.008753707826003931,0.026173356543185946,0.21540458652171876,-2.0477740959275246,-0.8811157715156457,0.9236832712969469,-0.03814871102686488,0.04228122317850477,0.1472157581408076,0.09000117304571391,0.09000117304571391,0.0,0.0,0.0,0.15864896022311786,0.007675513378084429,0.013316951772023803,-4.135449782002248,0,2.0265809295617445
29.656639999997132,-1.9641415411677192,-1.017875450744262,1.017039401876128,-0.034383125036300616,0.01713271299898434,0.0983520164239362,-1.5156526266434964,-1.0552253915397078,1.4814954969343839,0.056007131634932955,0.10788148607197595,0.0008911530397066603,-1.7815935760335593,-0.9679472441682113,1.2025945632924697,0.00913064938376494,0.07499765588173253,0.0743405886917551,0.09000117304571391,0.09000117304571391,0.0,0.0,0.0,0.15484326703203544,0.0077898128824316765,0.013247134135078244,-4.144162465628204,0,2.0264702673002706
29.66079999999713,-1.9642847777903891,-1.017804077594074,1.017451814684046,-0.034376789440757005,0.017129556045100372,0.09897907390037004,-2.0913685268423063,-0.43565416902599574,1.1474375626016142,-0.07254274535515398,0.07538385578413198,0.1355168247629574,-1.9366357623586008,-0.7016396517804803,1.1752965934329596,-0.03090432588074621,0.07493402281215197,0.1053838016104941,0.09000117304571391,0.09000117304571391,0.0,0.0,0.0,0.1510937791034866,0.00790347802784859,0.013176334996978992,-4.15287514925416,0,2.026359472703425
29.66495999999713,-1.96442798800572,-1.0177327176023572,1.0178667746147492,-0.034370451679417414,0.017126398012025347,0.0995903833687375,-1.8027918305132817,-0.9630144233640019,0.6565445318074833,0.02902553155502014,0.045161103471949744,0.04451116474323243,-1.869653229211214,-0.8322346783721588,0.9160101025043673,-0.0005866396262010241,0.05992715006738461,0.0746686856149334,0.09000117304571391,0.09000117304571391,0.0,0.0,0.0,0.1473997427874228,0.008016500401729725,0.013104560147858088,-4.161587832880116,0,2.0262485532405816
29.66911999999713,-1.9645711718050332,-1.017661370773436,1.018284217026816,-0.034364111835145913,0.017123238941049477,0.10018617889606463,-1.67172928226311,-0.9939828207829259,0.6752752090922751,0.06778457609240102,-0.02052473721309928,0.03577297066055608,-1.7705494469833811,-0.9131528342993023,0.7957152462685221,0.033866824758678055,0.01983235103572313,0.05528665700977745,0.09000117304571391,0.09000117304571391,0.0,0.0,0.0,0.14376041423986835,0.008128871644554645,0.013031815449234242,-4.170300516506072,0,2.0261375162510977
29.673279999997128,-1.9647143291799904,-1.0175900371114655,1.0187040782410357,-0.034357769989747634,0.01712007887293531,0.10076669141272118,-1.32603798702382,-1.3911150202286,0.724302781459498,-0.21077076798594663,0.014922824333873187,0.015396336668106386,-1.5487284001220556,-1.1521057287953331,0.7600398551930524,-0.08872649325141652,0.017135577905949606,0.03567241110467,0.09000117304571391,0.09000117304571391,0.0,0.0,0.0,0.14017505929644714,0.008240583450478449,0.012958106833526072,-4.179013200132028,0,2.02602636894565
29.677439999997127,-1.9648574601225903,-1.0175187166204325,1.0191262955275064,-0.03435142622397012,0.01711691784791841,0.10133214875295778,-2.2055136266412703,-1.0315619167507242,1.290395442459428,-0.04484086450548025,0.0020541651843280235,0.1181905924291972,-1.8772190072222028,-1.0918295437992143,1.0254666905101406,-0.0667238330367771,0.009998361853638539,0.07716782483301336,0.09000117304571391,0.09000117304571391,0.0,0.0,0.0,0.1366429533494627,0.00835081335432623,0.012883978174725225,-4.187598755366799,0,2.0259151184075788
29.681599999997125,-1.9650005646251634,-1.0174474093041588,1.019550807092902,-0.03434508061750549,0.017113755905708444,0.10188277569493726,-2.4475527495824334,-0.7389455919805328,1.0933868915320615,0.010920749587360945,0.1592620259008528,0.1434903182234413,-2.1623673135848986,-0.9150533161323009,1.0597252926453335,-0.02782999876797905,0.08436960720016264,0.11053126615424594,0.09000117304571391,0.09000117304571391,0.0,0.0,0.0,0.13316338122554378,0.008459067695043256,0.012809787485303533,-4.196042616696837,0,2.0258037715942385
29.685759999997124,-1.9651436426803675,-1.0173761151663026,1.019977552067903,-0.034338733248993475,0.017110593085490667,0.10241879400026237,-1.4072200838465934,-1.2608738971671727,1.334446930555451,-0.1252110660937421,0.16502026166661532,0.09895248963814432,-1.7850490330510402,-1.0876230106037121,1.1972945239173338,-0.07642626200022092,0.12479624049577048,0.10441966045362883,0.09000117304571391,0.09000117304571391,0.0,0.0,0.0,0.1297356370645033,0.008565126672437827,0.012735728974423797,-4.204347141778058,0,2.0256923353383507
29.689919999997123,-1.9652866942811842,-1.0173048342103612,1.0204064704947906,-0.03433238419602508,0.017107429425927786,0.10294042245300436,-2.4975784606779614,-1.129059690504171,1.7118113891717963,-0.11413977159174715,0.03610649547565744,0.10874609231371941,-2.1415561698911834,-1.1082663816627336,1.4547832284497157,-0.0952663180853084,0.0803808861987041,0.10635041562470574,0.09000117304571391,0.09000117304571391,0.0,0.0,0.0,0.12635902420069944,0.008668906957939981,0.01266191401657293,-4.212514649034876,0,2.025580816349365
29.694079999997122,-1.965429719420914,-1.017233566439673,1.0208375033152,-0.03432603353514695,0.017104264965162107,0.10344787689824275,-1.816271653053075,-0.8227809906888358,1.1212774977326598,-0.17862100478672455,0.023550653947066177,0.19456918852635274,-1.9792838058550493,-0.9654709685840085,1.288433419516863,-0.13662863621125523,0.05113503966558031,0.15012147547964502,0.09000117304571391,0.09000117304571391,0.0,0.0,0.0,0.12303285504541012,0.008770392996826585,0.012588411676448147,-4.2205474183130205,0,2.0254692212148204
29.69823999999712,-1.965572718093172,-1.0171623118574196,1.0212705923580339,-0.03431968134186631,0.017101099740818002,0.10394137028012007,-1.338597077505212,-0.5780696829390906,1.5248884983320816,0.0026299381403003252,0.12100456762240995,0.07341999000748681,-1.6589278421426292,-0.7715165159313493,1.4068152820184399,-0.06828062652353283,0.08634757621068472,0.11179628768947984,0.09000117304571391,0.09000117304571391,0.0,0.0,0.0,0.11975645097022453,0.008869602657182684,0.012515269010487898,-4.228447691521484,0,2.0253575564017114
29.70239999999712,-1.965715690291883,-1.0170910704666278,1.0217056803275315,-0.03431332769065642,0.017097933790004634,0.10442111267941567,-1.4842784327143137,-0.43096638809219556,0.6386649983535094,-0.13926862258797695,0.0527785405671268,0.1041285045617548,-1.5718912494157171,-0.6011304949831107,1.0229522375713673,-0.10393384891803356,0.07014403587622876,0.10753578379336985,0.09000117304571391,0.09000117304571391,0.0,0.0,0.0,0.11652914219274235,0.00896657005315522,0.012442521255283494,-4.236217673263794,0,2.025245828257853
29.70655999999712,-1.9658586360112789,-1.0170198422701724,1.0221427107914924,-0.03430697265496253,0.017094767149318926,0.10488731135064783,-2.051186196538417,-1.091951370019749,0.8282494836343492,-0.18367668792798217,-0.20966454291638745,0.10937238126108725,-1.8119242058222391,-0.8469789677255432,0.9258274837799835,-0.14375841874847778,-0.07046140927682573,0.10821631697051856,0.09000117304571391,0.09000117304571391,0.0,0.0,0.0,0.1133502676630897,0.009061336956203082,0.012370196958029605,-4.243859531458781,0,2.025134043013252
29.710719999997117,-1.9660015552458923,-1.0169486272707773,1.0225816281696538,-0.03430061630720828,0.017091599854848736,0.10534017075870734,-2.244229504700644,-0.5242345451286639,1.1482252670779598,0.02222461051527741,0.02053926036973358,0.08875418339959228,-2.028033621585608,-0.6855623508318106,1.0372118724848798,-0.06079300040379183,-0.02469096035598215,0.09880639070573768,0.09000117304571391,0.09000117304571391,0.0,0.0,0.0,0.1102191749512555,0.009153948501126118,0.012298320576632833,-4.251375397951009,0,2.025022206781472
29.714879999997116,-1.9661444479905539,-1.0168774254710182,1.0230223777222165,-0.03429425871880248,0.017088431942176248,0.10577989261502571,-2.118209467484476,-1.1703507598501668,1.2688547732807292,0.1359199916090773,0.22579314133909523,0.2749473089397181,-2.0728397100333487,-0.9274894799310918,1.1536058217857197,0.03766828990044622,0.1001385878592846,0.18734853843242716,0.09000117304571391,0.09000117304571391,0.0,0.0,0.0,0.10713522013846544,0.009244451040199221,0.012226913813327914,-4.25876736911106,0,2.024910325561003
29.719039999997115,-1.9662873142403878,-1.016806236873325,1.0234649055385219,-0.03428789996014624,0.01708526344638152,0.10620667591329458,-2.0537069022777485,-1.2656275400559407,1.1612184412199145,-0.059524853802905134,-0.001242763235058477,0.2733339769949348,-2.0633966926349676,-1.0965635165885435,1.157980287713381,-0.011061314100161625,0.049481118566696757,0.23053952196241534,0.09000117304571391,0.09000117304571391,0.0,0.0,0.0,0.10409776770618179,0.009332891072013643,0.01215599631376597,-4.266037506425815,0,2.0247984052366284
29.723199999997114,-1.9664301539908071,-1.0167350614799833,1.0239091585258748,-0.03428154010064044,0.017082094402046204,0.10662071696472619,-1.7925234319627676,-1.213436489215853,0.7223567275849748,-0.20954566766936872,-0.09190688463315651,0.08630851866840004,-1.9283929688175487,-1.1551931057692797,0.9403463090060686,-0.11079419697894649,-0.020664621788879043,0.157793533750101,0.09000117304571391,0.09000117304571391,0.0,0.0,0.0,0.10110619042914892,0.009419314708269448,0.012085586047596283,-4.273187837078931,0,2.0246864515807923
29.727359999997113,-1.96657296723751,-1.0166638992931363,1.0243550843985119,-0.03427517920869347,0.01707892484325741,0.1070222094328715,-2.0191657054837204,-0.7289148953972369,1.659750695426532,0.0005688689490807239,0.08513210412844335,-0.03695908103964046,-1.9737798138866127,-0.9418736680480072,1.2999758496767184,-0.0546270347405718,0.032093605670140475,0.06082048897260922,0.09000117304571391,0.09000117304571391,0.0,0.0,0.0,0.09815986926885667,0.009503767410087632,0.012015699528591158,-4.28022035452164,0,2.024574470254961
29.73151999999711,-1.9667157539764757,-1.0165927503147878,1.0248026316667118,-0.03426881735172922,0.017075754803611686,0.1074113443679975,-2.0020777643124212,-1.223328287464335,0.3611232815149217,-0.09644300954104096,-0.19974677256810372,0.023760333113698295,-1.9881304161206568,-1.083018748600292,0.8305925369625742,-0.07513308089210427,-0.08365119772569016,0.04223499861177847,0.09000117304571391,0.09000117304571391,0.0,0.0,0.0,0.09525819326913859,0.009586293859576198,0.011946351953376932,-4.287137019034067,0,2.0244624668109865
29.73567999999711,-1.9668585142039599,-1.0165216145468035,1.0252517496260494,-0.034262454596195355,0.017072584316219122,0.1077883102410325,-1.9308282434833854,-0.8232602685085753,1.4174503435811223,-0.055249333122472516,0.12535989619360483,0.04873900742365703,-1.9595934530781054,-0.9528776615791488,1.1241254710482151,-0.06538133184169645,0.02118506952036341,0.04618450790089937,0.09000117304571391,0.09000117304571391,0.0,0.0,0.0,0.09240055945112796,0.009666937899470646,0.011877557298340316,-4.293939758277193,0,2.0243504466924627
29.73983999999711,-1.9670012479164913,-1.016450491990913,1.0257023883467873,-0.03425609100757169,0.017069413413707563,0.10815329297707618,-1.8715977944621718,-0.9051620996120949,1.1496841376598252,-0.13794027209188522,0.03546774729670282,0.2609523209599829,-1.91588090359934,-0.9289465851412025,1.1374470243754602,-0.10214477293455769,0.028715125003461413,0.1539066714726356,0.09000117304571391,0.09000117304571391,0.0,0.0,0.0,0.08958637271164088,0.009745742507215474,0.01180932839453175,-4.300630467835643,0,2.02423841523608
29.743999999997108,-1.9671439551108678,-1.016379382648712,1.026154498663406,-0.03424972665037886,0.017066242128226893,0.10850647598848888,-2.2147259398455637,-0.8097922267741633,1.138119349390604,-0.25892992467211606,0.1232110541398987,0.21969783858828185,-2.065844877680394,-0.8691135778471172,1.1382409344603195,-0.1801435654516382,0.0765730322956224,0.18642406705350825,0.09000117304571391,0.09000117304571391,0.0,0.0,0.0,0.08681504572264193,0.009822749786629306,0.011741676990512932,-4.307211011751437,0,2.0241263776729777
29.748159999997107,-1.9672866357841519,-1.0163082865216642,1.0266080321642708,-0.03424336158818708,0.01706307049145341,0.10884804020756406,-2.032584342823762,-0.5135612586099415,0.5778148190264945,0.00015984992621194405,-0.21653967881004363,0.26008696185032226,-2.049214321392311,-0.6917846573265407,0.8585634827103502,-0.08987050951219457,-0.0702863231005486,0.22394598048154923,0.09000117304571391,0.09000117304571391,0.0,0.0,0.0,0.08408599882944179,0.009898000968687032,0.011674613808157687,-4.313683223048863,0,2.0240143391300847
29.752319999997106,-1.967429289933667,-1.0162372036111034,1.0270629411814323,-0.03423699588362504,0.01705989853459426,0.10917816411877881,-2.1004154644320425,-0.9428392752262659,1.5104663395377838,-0.19145973880517253,-0.1402822924293763,0.05297849871375387,-2.0752134496092656,-0.8176061324818864,1.18462788212297,-0.14067413792833405,-0.1049786467313858,0.13933119475293831,0.09000117304571391,0.09000117304571391,0.0,0.0,0.0,0.08139865995426288,0.009971536417150272,0.0116081485939457,-4.320048904250615,0,2.0239023046314673
29.756479999997104,-1.9675719175569937,-1.016166133918235,1.02751917878056,-0.03423062959838896,0.017056726288391968,0.10949702379064431,-2.285911605313872,-0.7213554908048889,1.0066303828770216,0.2196750036052133,0.1489650153552161,0.03721600992601862,-2.1801072505756673,-0.7691696551062264,1.0957049450238792,0.039557370598354714,0.021669136310677368,0.08844850601083527,0.09000117304571391,0.09000117304571391,0.0,0.0,0.0,0.0787524644970527,0.01004339563687888,0.011542290167052906,-4.326309827885336,0,2.0237902790996563
29.760639999997103,-1.9677145186519656,-1.0160950774441386,1.0279766987510064,-0.03422426279325174,0.017053553783128957,0.10980479290714469,-2.589794019483866,-1.0598238876497927,1.1806661088523682,-0.24528674282077767,-0.061739517672344764,-0.024095456995343142,-2.385463275498151,-0.9146256662211547,1.1381353912663577,-0.10304629198470294,-0.020777750551171655,0.032478160939348126,0.09000117304571391,0.09000117304571391,0.0,0.0,0.0,0.07614685524081982,0.010113617283709336,0.011477046464923667,-4.332467736986728,0,2.0236782673569835
29.764799999997102,-1.967857093216666,-1.0160240341897693,1.0284354555960014,-0.03421789552807216,0.017050381048632164,0.110101642798783,-2.1348432556943018,-1.5641131885014037,1.5273532064784396,-0.18685666394238518,-0.03994951423198922,0.19063838462436333,-2.2605397503165445,-1.2394564167564033,1.3331438166702163,-0.14514710073973427,-0.030674570858632056,0.11141738304506843,0.09000117304571391,0.09000117304571391,0.0,0.0,0.0,0.07358128225529625,0.010182239175314337,0.011412424586699848,-4.3385243455843465,0,2.0235662741269
29.7689599999971,-1.9679996412494234,-1.0159530041559597,1.0288954045229732,-0.0342115278618042,0.01704720811427768,0.11038774247322705,-1.6592404469885038,-1.530722336325132,1.3290067547535775,-0.07843730581747269,0.2109588470209012,0.10560428577418136,-1.9600494203039023,-1.3846541648355764,1.3312949060138375,-0.11161282956718319,0.09086640892528769,0.10851341312099747,0.09000117304571391,0.09000117304571391,0.0,0.0,0.0,0.07105520280427635,0.01024929830272446,0.011348430834725889,-4.344481339186231,0,2.0234543040352952
29.7731199999971,-1.968142162748809,-1.0158819873434222,1.0293565014339965,-0.034205159852506405,0.017044035008995394,0.11066325864557043,-2.2084657434748842,-0.7269155113515201,1.0803879696783067,-0.06625065570130333,0.14419037302028778,-0.1193059058478562,-2.0843968709631686,-1.0554801592161454,1.2055924782698733,-0.08905420628663846,0.1174458417309028,-0.005837960201517204,0.09000117304571391,0.09000117304571391,0.0,0.0,0.0,0.06856808125257668,0.01031483084232777,0.011285070754270246,-4.3503403752535075,0,2.0233423616118045
29.7772799999971,-1.9682846577136313,-1.0158109837527503,1.029818702916364,-0.03419879155735127,0.01704086176127371,0.1109283557682068,-2.4350174906575046,-1.061119411248702,1.1282226641173343,0.16339765453652305,0.10099629903092874,0.06278319551296557,-2.2593706199600763,-1.0580888000334168,1.1670375175821635,0.03756334467632983,0.1087627801118992,0.02851603925359688,0.09000117304571391,0.09000117304571391,0.0,0.0,0.0,0.0661193889745435,0.010378872168232533,0.011222349171563333,-4.3561030836670875,0,2.0232304512911132
29.781439999997097,-1.9684271261429338,-1.0157399933844204,1.0302819662332818,-0.03419242303263473,0.01703768839916424,0.11118319606032381,-1.9747829876338459,-1.2016977662938757,1.2284903668286211,-0.06325464414201398,0.12153675587957709,0.13500618398012756,-2.11720756763372,-1.1296402574642284,1.1980449947266605,-0.012268244055976986,0.11455382434859977,0.08184393830452777,0.09000117304571391,0.09000117304571391,0.0,0.0,0.0,0.06370860426368524,0.010441456864914725,0.011160270230231108,-4.361771067186608,0,2.02311857741425
29.785599999997096,-1.9685695680359911,-1.0156690162387942,1.0307462493146862,-0.0341860543337856,0.017034514950286513,0.11142793953702132,-2.187974887198467,-1.1495070369445441,0.8758626933895446,-0.04944739306447952,0.039157179339901496,0.14269198474719227,-2.152695394983607,-1.1394929783657837,1.0372490444586633,-0.030459596724145995,0.07716707056973961,0.1119468630738692,0.09000117304571391,0.09000117304571391,0.0,0.0,0.0,0.06133521224407834,0.010502618740091601,0.011098837426192184,-4.36734590190173,0,2.0230067442298747
29.789759999997095,-1.9687119833923052,-1.0155980523161199,1.031211510748178,-0.034179685515375084,0.017031341441832736,0.11166274403806094,-1.9703079416989489,-0.9371675050661182,1.4108167806371539,0.13585479537230602,0.09316483375079007,-0.04958362662334796,-2.061216922019754,-1.038135318472019,1.2239330362264804,0.05225610325169551,0.08529603745702874,0.030883187990331025,0.09000117304571391,0.09000117304571391,0.0,0.0,0.0,0.05899870478248137,0.010562390837774079,0.011038053641079779,-4.372829137675929,0,2.0228949558955582
29.793919999997094,-1.9688543722116016,-1.0155271016165341,1.031677709770079,-0.03417331663112628,0.017028167900572502,0.11188776525624984,-2.0670649321027055,-0.7166016178560765,1.0936764823416356,-0.1241103626105094,0.0829103004593063,0.09092235226025644,-2.0643992054406635,-0.877193530551004,1.1589937937867596,-0.03587183926929152,0.0839895199368155,0.06049977288960059,0.09000117304571391,0.09000117304571391,0.0,0.0,0.0,0.056698580400303844,0.010620805451457736,0.010977921174245807,-4.378222298582899,0,2.022783216479049
29.798079999997093,-1.9689967344938264,-1.015456164140064,1.0321448062566019,-0.03416694773392366,0.017024994352857533,0.11210315676545815,-2.270163392442431,-1.0825662858009464,1.3336224620781292,-0.02705692031220528,-0.03813597457717027,0.24164813487138626,-2.167338019903201,-0.979959384341731,1.2468117138264667,-0.031944087390314915,0.022317844097325755,0.15118601136383136,0.09000117304571391,0.09000117304571391,0.0,0.0,0.0,0.05443434418907239,0.010677894137417043,0.010918441773401549,-4.3835268833356995,0,2.0226715299595384
29.80223999999709,-1.9691390702391423,-1.0153852398866279,1.0326127607151363,-0.0341605788758226,0.017021820824626416,0.11230907004828425,-1.8675918456925729,-0.7927727617485167,0.9749693214424635,-0.017734402421347082,0.0770407053671208,0.10949220199848869,-2.017499837024726,-0.8862038710538431,1.111115443166026,-0.024785023388684085,0.04936335800776609,0.13078070618822202,0.09000117304571391,0.09000117304571391,0.0,0.0,0.0,0.05220550772533583,0.010733687728071123,0.010859616663947039,-4.388744365708757,0,2.022559900228914
29.80639999999709,-1.9692813794479258,-1.0153143288560387,1.0330815342756503,-0.03415421010805882,0.01701864734140932,0.1125056545233656,-2.0145022139430093,-1.042019298766909,1.5238869497672305,-0.257742118046579,0.011873768139985573,0.23892169139412656,-2.0165364652972046,-0.9640880133555035,1.3179999188906217,-0.1415541462746077,0.030637897580857512,0.1853809425562263,0.09000117304571391,0.09000117304571391,0.0,0.0,0.0,0.05001158898650854,0.010788216345392284,0.010801446577039495,-4.393876194952842,0,2.0224483310929995
29.81055999999709,-1.9694236621207635,-1.0152434310480039,1.0335510886822017,-0.03414784148105788,0.017015473928332712,0.11269305757233886,-1.746939780490352,-1.2870644988821869,1.4060130110948978,0.06597754361760252,-0.0704505484109536,0.09206391471852189,-1.8815992668961872,-1.1257266560730397,1.3621991500880706,-0.03767566367711358,-0.01912818911422734,0.13845001329944262,0.09000117304571391,0.09000117304571391,0.0,0.0,0.0,0.047852112269368974,0.010841509414331188,0.010743931776449268,-4.39892379620315,0,2.022336826272794
29.814719999997088,-1.9695659182584486,-1.0151725464621284,1.034021386284562,-0.034141473044444585,0.017012300610124067,0.11287142456646025,-2.29065028680232,-0.5261702125212098,1.2351707817094677,0.008993680395197878,0.06083020861553701,0.21385264474361987,-2.0861076718833713,-0.8258193787578939,1.2991296285236265,-0.014950170518579813,0.021646445252243986,0.17578865114255715,0.09000117304571391,0.09000117304571391,0.0,0.0,0.0,0.045726608107582,0.010893595676234664,0.01068707208425023,-4.403888570880584,0,2.0222253894056936
29.818879999997087,-1.969708147861978,-1.0151016750979154,1.034492390029949,-0.034135104847052414,0.01700912741111654,0.11304089889288202,-1.367189743352719,-1.56192988898535,1.1283382793123935,0.021795674143783438,0.053974879814413304,0.17481749978221828,-1.726599543793483,-1.1937676583553734,1.2140976072634189,0.003997963930813975,0.03787578574796437,0.17471019533504129,0.09000117304571391,0.09000117304571391,0.0,0.0,0.0,0.04363461319188394,0.010944503202234439,0.010630866905389894,-4.4087718970863605,0,2.0221140240467093
29.823039999997086,-1.9698503509325485,-1.0150308169547686,1.034964063454868,-0.03412873693693287,0.017005954355253636,0.11320162198059598,-1.9554367772076127,-0.9208383731037648,1.3357142064241143,-0.09222156445614861,-0.04547877091891101,0.017510823788614974,-1.841211212193346,-1.0573961518739858,1.2749440925226527,-0.04428247695210159,-0.0035790876248715897,0.09568172545327466,0.09000117304571391,0.09000117304571391,0.0,0.0,0.0,0.04157567029015519,0.010994259406586781,0.010575315251183074,-4.413575129990052,0,2.022002733669671
29.827199999997084,-1.9699925274715542,-1.0149599720319933,1.03543637067706,-0.03412236936136482,0.017002781466093863,0.11335373332604351,-1.9553401064402862,-1.165975404475234,1.0056427944078394,-0.02924670015619333,0.05925073903516399,0.02379502461131683,-1.8983364732734398,-1.1115642739015423,1.1403422430723646,-0.03715836786735807,0.02830098599276383,0.05917025883086707,0.09000117304571391,0.09000117304571391,0.0,0.0,0.0,0.03954932816888085,0.011042891059945005,0.010520415761771328,-4.418299602211173,0,2.0218915216684237
29.831359999997083,-1.9701346774805828,-1.0148891403287983,1.0359092763875533,-0.03411600216686376,0.016999608766815357,0.11349737051839782,-1.657427324122859,-0.9702164515078084,1.0131982800258412,-0.007370620451476906,-0.05792598559452135,0.11819466858023413,-1.7778950342426656,-1.0410092048576358,1.0770162994469812,-0.022511325926121557,-0.015121032166471428,0.08815644142902362,0.09000117304571391,0.09000117304571391,0.0,0.0,0.0,0.03755514151686046,0.01109042430254831,0.010466166727589082,-4.42294662419441,0,2.0217803913580155
29.835519999997082,-1.9702768009614127,-1.0148183218442974,1.036382745842822,-0.03410963539919105,0.016996436280220475,0.11363266926452761,-2.0945341245868794,-0.5738755515220761,1.0740765193704123,-0.14177753667797344,0.08572480387405819,-5.818373509322572e-05,-1.93651113598743,-0.80726112714908,1.0755471104108403,-0.0824023439409636,0.03545065529280932,0.04364962311328048,0.09000117304571391,0.09000117304571391,0.0,0.0,0.0,0.03559267086689244,0.011136884657312022,0.010412566109875841,-4.427517484578619,0,2.0216693459758677
29.83967999999708,-1.97041889791601,-1.014747516577511,1.0368567448570456,-0.0341032691033631,0.016993264028740376,0.11375976341363374,-1.5441037068059005,-1.2569751699199103,1.186378570109587,0.0031256825146734127,-0.023902966791546413,-0.0974900146728299,-1.7402985201632766,-1.032171407771791,1.1307608800512774,-0.03947745274345339,0.005967522314247606,-0.026930706411562935,0.09000117304571391,0.09000117304571391,0.0,0.0,0.0,0.03366148252163803,0.011182297042805739,0.010359611560272524,-4.432013450559667,0,2.021558388682947
29.84383999999708,-1.9705609683465253,-1.0146767245273676,1.0373312397944687,-0.034096903323660506,0.01699009203443956,0.11387878498157619,-1.7006314781440333,-1.2277880129475862,1.2278708785633805,-0.14189515915712614,-0.01093816524182941,0.01728996903879014,-1.7207593155232654,-1.1300033118078818,1.179352299050691,-0.09094126111301203,-0.0027335258266129193,-0.0047162530074052345,0.09000117304571391,0.09000117304571391,0.0,0.0,0.0,0.031761148478967605,0.011226685786107207,0.010307300439538637,-4.436435768247255,0,2.021447522564912
29.84799999999708,-1.9707030122552904,-1.014605945692705,1.0378061975618642,-0.03409053810363708,0.016986920319020396,0.11398986417488903,-1.838313350817021,-0.8868742543957854,1.055476213310004,-0.14079437723349333,-0.10996205880938496,0.31162348047733585,-1.7798300829447662,-1.0086657608539447,1.1180618354086427,-0.11582664976709041,-0.056359605001854524,0.15329956289018096,0.09000117304571391,0.09000117304571391,0.0,0.0,0.0,0.029891246357216295,0.011270074635520995,0.010255629835425679,-4.4407856630157845,0,2.021336750633267
29.852159999997077,-1.970845029644816,-1.0145351800722724,1.0382815856010912,-0.0340841734861289,0.0169837489038276,0.11409312941448298,-2.183459133698575,-1.032048438734665,1.2113798593733118,0.021743625430764753,0.18873109899989307,0.17545293495972247,-1.9816023381463959,-1.0199637764797156,1.1650856180485274,-0.04698706411411646,0.06572204678368507,0.16476879657483864,0.09000117304571391,0.09000117304571391,0.0,0.0,0.0,0.02805135932463393,0.011312486773152181,0.010204596579740918,-4.4450643398494,0,2.0212260758264846
29.856319999997076,-1.9709870205177877,-1.0144644276647314,1.038757371881754,-0.03407780951326322,0.016980577809852692,0.11418870735905301,-2.293481787524369,-1.2702749258315795,1.3079366209505001,0.015424822010057009,-0.11972704250946097,0.040732524013671126,-2.137512857585879,-1.1453699334356562,1.2365961812560606,-0.015450663933576875,-0.027085852110762556,0.10307609714357854,0.09000117304571391,0.09000117304571391,0.0,0.0,0.0,0.02624107602511827,0.011353944827326396,0.010154197264634355,-4.449272983681281,0,2.0211155010111392
29.860479999997075,-1.9711289848770648,-1.0143936884686575,1.0392335248939548,-0.03407144622646734,0.016977407057738425,0.11427672292817538,-2.0253070196200036,-0.7381078744695768,1.191576551119484,0.019018723779134827,0.30439362492975147,0.02069437164406697,-2.0813690490953056,-0.9411042120555175,1.2141304524472198,0.0015193076212655962,0.13925189385770345,0.06123772439754677,0.09000117304571391,0.09000117304571391,0.0,0.0,0.0,0.02445999050964437,0.011394470884848492,0.010104428258140605,-4.4534127597272954,0,2.021005028983009
29.864639999997074,-1.971270922725675,-1.0143229624825418,1.0397100136411428,-0.03406508366647746,0.01697423666778317,0.11435729932511776,-1.2050401866094946,-0.9828330561050211,0.6383211606891126,-0.021884361618463903,-0.14240713529415772,0.031266726322257646,-1.6432438824693205,-0.9622646170175416,0.9262880115424544,-0.01023974877536155,-0.0018056685560258997,0.04567698853435282,0.09000117304571391,0.09000117304571391,0.0,0.0,0.0,0.022707702165056742,0.011434086503093082,0.01005528571900621,-4.457484813814093,0,2.020894662468185
29.868799999997073,-1.971412834066814,-1.014252249704792,1.0401868076330567,-0.03405872187334737,0.01697106665994526,0.11443055805935141,-2.721695017778841,-1.2921303266129596,0.596628290458691,-0.011144678386107332,0.04676092051084446,-0.04847618887180581,-2.182499736185112,-1.1271017299900692,0.7613552232097553,-0.010904201467642758,0.022095280449711836,-0.001493618448352007,0.09000117304571391,0.09000117304571391,0.0,0.0,0.0,0.020983815645141957,0.011472812721921067,0.010006765610831695,-4.461490272701743,0,2.0207844041241563
29.87295999999707,-1.971554718903841,-1.0141815501337343,1.04066387687876,-0.03405236088645713,0.016967897053847335,0.11449661896877494,-2.182916476032582,-0.8671981444756262,1.0328601722807504,-0.04931045465719375,0.16020332950052155,0.028673085109621244,-2.1828100533400088,-0.9968147779500295,0.8971698153735931,-0.030402987386047808,0.09108163732210009,0.01330959335169316,0.09000117304571391,0.09000117304571391,0.0,0.0,0.0,0.019287940802919845,0.01151067007541701,0.009958863715556696,-4.465430244401009,0,2.0206742565408904
29.87711999999707,-1.9716965772402764,-1.0141108637676144,1.0411411918797668,-0.03404600074452168,0.0169647278687806,0.1145556002416545,-2.094796217813193,-1.102944517545782,0.9088438114405886,0.05595089963593194,-0.26967569436409694,0.2508886661295945,-2.138687449130238,-1.0504407989226139,0.9035266617055074,0.013396246236124666,-0.0895187189999446,0.13308143031472258,0.09000117304571391,0.09000117304571391,0.0,0.0,0.0,0.01761969262330032,0.011547678603443037,0.009911575646315321,-4.469305818485332,0,2.020564222241902
29.88127999999707,-1.9718384090797998,-1.014040190604599,1.0416187236232597,-0.03403964148559936,0.01696155912370908,0.114607618438282,-2.025751624868178,-1.2126278744218133,1.0432042582568724,-0.10676757004990961,-0.047477268141085986,0.0908966090350575,-2.082439973514466,-1.1316350337388206,0.9735550476318825,-0.047085076317286874,-0.06811080680778299,0.11220907794529206,0.09000117304571391,0.09000117304571391,0.0,0.0,0.0,0.015978691156322777,0.011583857863005566,0.009864896859687965,-4.473118066397634,0,2.0204543036853106
29.885439999997068,-1.971980214426246,-1.0139695306427772,1.0420964435753945,-0.03403328314710035,0.01695839083727383,0.11465278851235376,-1.9580574541714117,-0.8585176251624791,1.1744617191209168,-0.06734171647270425,0.14655031757689096,-0.00819880856228157,-2.0203878281498864,-0.9947687363776703,1.0739920504293408,-0.0572525568924966,0.03879175688025574,0.05234245644497656,0.09000117304571391,0.09000117304571391,0.0,0.0,0.0,0.014364561451836844,0.0116192269394318,0.009818822667374714,-4.476868041752008,0,2.020344503264883
29.889599999997067,-1.9721219932836034,-1.0138988838801613,1.042574323674695,-0.03402692576579503,0.016955223027797114,0.11469122383207539,-1.8689828629890546,-0.687380945296981,1.1786995473868709,0.12460240303280481,0.014982455714160273,0.11282409791672705,-1.94442476736566,-0.8410430731062145,1.1265805955214176,0.033495291817026145,0.027632140461633006,0.082871234592426,0.09000117304571391,0.09000117304571391,0.0,0.0,0.0,0.01277693349477338,0.011653804457353568,0.00977334824731456,-4.4805567806303905,0,2.020234823311072
29.893759999997066,-1.972263745656011,-1.0138282503146892,1.0430523363255324,-0.03402056937782231,0.016952055713286524,0.11472303620099548,-2.0379554832608004,-0.6424539320695537,1.123827575783104,-0.008908024899760076,-0.0033928989687373144,0.20885668583995753,-1.9912099993547612,-0.7417547483037416,1.1256375775835137,0.012628667672399407,0.012399630889284828,0.146290879009115,0.09000117304571391,0.09000117304571391,0.0,0.0,0.0,0.011215442141222665,0.011687608591496573,0.009728468654273723,-4.484185301874301,0,2.020125266092039
29.897919999997065,-1.9724054715477557,-1.0137576299442248,1.043530454391693,-0.034014214018697794,0.016948888911439083,0.11474833587857136,-1.5107503412875207,-0.8527128596385344,0.7316143830736899,-0.027347734075231,-0.15645477194048255,0.016255339065089705,-1.7510330566964305,-0.7975591269660027,0.928658315971129,-0.007661876850288456,-0.07243740414996681,0.08066490873215933,0.09000117304571391,0.09000117304571391,0.0,0.0,0.0,0.009679727055108889,0.011720657077273601,0.009684178829925392,-4.487754607371722,0,2.0200158338146643
29.902079999997063,-1.9725471709632696,-1.0136870227665595,1.0440086511900284,-0.03400785972332197,0.016945722639645295,0.11476723160046927,-1.7324534976309254,-1.3058928868501505,1.4268164883486412,-0.3325070593550631,0.07816748855873171,0.21714210722495791,-1.7424345822125726,-1.0515649237660623,1.178193697816587,-0.17014539712208646,0.0018677167492371794,0.14833674378475237,0.09000117304571391,0.09000117304571391,0.0,0.0,0.0,0.008169432645891483,0.011752967221180782,0.009640473612442472,-4.491265682339206,0,2.0199065286255506
29.906239999997062,-1.972688843907128,-1.0136164287794138,1.0444869004841892,-0.034001506525988254,0.01694255691499317,0.11477983059860339,-2.4097399745380117,-1.9391810279973356,0.8255715241462811,0.017748469194491676,-0.10474329122748943,0.16320808278424953,-2.076055902879215,-1.4955965881314657,1.0022198664245336,-0.07579151308020571,-0.0516530295936178,0.15564891991276367,0.09000117304571391,0.09000117304571391,0.0,0.0,0.0,0.006684208008154724,0.011784555910996286,0.00959734774562392,-4.494719495599291,0,2.0197973526120148
29.91039999999706,-1.9728304903840463,-1.0135458479804378,1.0449651764784431,-0.03399515446039094,0.016939391754272188,0.11478623862092144,-1.7217303978479583,-0.7388319296085109,1.5432399353769664,-0.014158744597789562,-0.024886219812867916,0.021417926343673788,-1.8989214818850082,-1.1172603784841306,1.2727790281838902,-0.04432458913211348,-0.038438451783307216,0.08816078578659527,0.09000117304571391,0.09000117304571391,0.0,0.0,0.0,0.005223706859022514,0.011815439625781363,0.009554795887574555,-4.4981169998532975,0,2.0196883078030607
29.91455999999706,-1.9729721103988782,-1.013475280367213,1.045443453811572,-0.033988803559633164,0.016936227173977258,0.11478655995092767,-1.7486633038607622,-0.9588558497689661,0.7349135360499783,-0.03680642827110851,-0.17472688990270854,-0.0034083056878057433,-1.823867672776054,-1.038419938190444,1.003836424512394,-0.040674162203778196,-0.10681165041816142,0.04190353239445566,0.09000117304571391,0.09000117304571391,0.0,0.0,0.0,0.0037875874798177223,0.01184563444568388,0.009512812618957379,-4.501459131949587,0,2.019579396170354
29.91871999999706,-1.9731137039566125,-1.0134047259372532,1.045921707550851,-0.03398245385623466,0.016933063190312587,0.11478089742696103,-2.046915090412942,-0.8868005939521373,1.0584935817664498,-0.006977092426332765,-0.04129335363236676,-0.052489965487922244,-1.9354063810976248,-0.9626941592069034,1.0310568510130154,-0.024343922873206445,-0.07450622167239067,-0.00559636011916103,0.09000117304571391,0.09000117304571391,0.0,0.0,0.0,0.0023755126561972317,0.011875156061544836,0.009471392450836745,-4.504746813147355,0,2.0194706196291747
29.922879999997058,-1.9732552710623714,-1.0133341846880066,1.046399913186106,-0.03397610538213956,0.016929899819195564,0.11476935246122215,-1.7522409938397285,-1.3716229081289315,1.4021728124137023,0.0645949322719573,0.09839246582279573,0.39686633982498964,-1.8436881392784068,-1.1669565534740638,1.217443113686582,0.020162649254310414,0.011841563417244948,0.19550601941304788,0.09000117304571391,0.09000117304571391,0.0,0.0,0.0,0.0009871496195430485,0.011904019784308766,0.009430529832129922,-4.507980949376036,0,2.0193619800393647
29.927039999997056,-1.9733968117214078,-1.0132636566168556,1.0468780466238499,-0.03396975816872401,0.01692673707626056,0.11475202505855417,-1.8397103305460454,-1.0936954665190561,0.8611337514849258,-0.05354515030844248,-0.15662449646751272,-0.004589918355611192,-1.8418098900713076,-1.130651832790516,1.0392788478525976,-0.01701800416476021,-0.07211091529275697,0.09429019039372276,0.09000117304571391,0.09000117304571391,0.0,0.0,0.0,-0.0003778300099573917,0.011932240554238967,0.009390219156683921,-4.511162431490397,0,2.01925347920626
29.931199999997055,-1.9735383259391028,-1.0131931417211186,1.0473560841814957,-0.03396341224680378,0.016923574976862716,0.11472901383498464,-2.1057806989692915,-0.8262076356177304,0.9568985884590402,-0.08337074266191968,-0.040616316235190866,0.11702824268648089,-1.9739697344829576,-0.9785133284867379,0.9983310529447087,-0.05058243667366608,-0.05576753118307658,0.1059001490649466,0.09000117304571391,0.09000117304571391,0.0,0.0,0.0,-0.0017197502808918297,0.011959832949938996,0.00935045476999383,-4.514292135521371,0,2.0191451188816174
29.935359999997054,-1.973679813720964,-1.0131226399980515,1.047834002581646,-0.03395706764664174,0.01692041353608167,0.11470041603602556,-1.7330661446767845,-0.7496175063354695,0.9074453820190703,-0.011931052530335388,0.03718706755682989,0.19478977720055388,-1.8535417234074847,-0.8639864782950687,0.953291036004254,-0.030945084279169005,-0.009291084417342497,0.1511579358372692,0.09000117304571391,0.09000117304571391,0.0,0.0,0.0,-0.0030389309662960384,0.011986811197181877,0.009311230975578122,-4.517370922922737,0,2.019036900764523
29.939519999997053,-1.973821275072622,-1.0130521514448485,1.0483117789464573,-0.03395072439795532,0.016917252768725275,0.11466632755473949,-1.9167777997128803,-0.7915634101094062,1.3249446466765666,-0.009983677062617255,0.04411460536590202,0.104998136319499,-1.8851809033043148,-0.8276834298984218,1.139336874900014,-0.020497701116704677,0.017768764669397794,0.12902350277229388,0.09000117304571391,0.09000117304571391,0.0,0.0,0.0,-0.004335687619553552,0.012013189177548803,0.009272542041025934,-4.520399640813677,0,2.018928826502298
29.94367999999705,-1.97396270999983,-1.012981676058643,1.0487893907920804,-0.03394438252992382,0.016914092689333235,0.11462684294957097,-2.213399441487281,-0.6876305794905875,0.844009925951902,0.019206762990389196,-0.05087902744115018,0.05082066136779656,-2.0492522461520664,-0.7577637908783662,0.9917768727300061,-0.0007794902335178194,-0.015618247668493576,0.09000721593227572,0.09000117304571391,0.09000117304571391,0.0,0.0,0.0,-0.00561033162923763,0.012038980436879232,0.009234382203730563,-4.52337912221731,0,2.018820897691384
29.94783999999705,-1.97410411850846,-1.0129112138365088,1.049266816023172,-0.03393804207119567,0.016910933312180732,0.11458205546194725,-1.2747629835820087,-0.825768009068477,1.4605261099667035,-0.34352655482971484,-0.03691774652196485,0.07774156916091166,-1.6627178206751307,-0.791842943896215,1.226317222284491,-0.1716021437455824,-0.026372309658684367,0.08351422766460712,0.09000117304571391,0.09000117304571391,0.0,0.0,0.0,-0.006863170272891572,0.01206419819353443,0.009196745676322936,-4.526310186295249,0,2.018713115878228
29.95199999999705,-1.9742455006045012,-1.0128407647754618,1.0497440329274788,-0.03393170304989563,0.01690777465128201,0.11453205703365314,-2.099892808205677,-1.2709572150788688,1.2968268981941014,-0.04317856505957787,-0.01910034847190369,0.03415698524686124,-1.8813987308420483,-1.031444079957078,1.2616441674311867,-0.10713549781405336,-0.022294565677678343,0.05856552107233399,0.09000117304571391,0.09000117304571391,0.0,0.04221766216276959,1.9789710238874672,-0.008094506769742826,0.012088855346476697,0.00915962665181823,-4.529193638578257,0,2.018605482560145
29.95615999999705,-1.9743861233485342,-1.0127359717366289,1.0502210201704953,-0.03374945856795367,0.025150329319925023,0.11447693832398421,-1.9246240456853023,-0.8708399112963605,0.7651099222875382,-0.16429104451045837,-0.1538548058908306,0.07319454106397108,-1.9033537080634146,-0.9514712472965074,1.0135266224668704,-0.13556692952880137,-0.08308383985660778,0.06548981645148502,0.09000117304571391,0.09000117304571391,0.0,0.04199321182595567,1.9623547030670585,-0.009304640335131509,0.011782526433318227,0.01073910089516563,-4.532030261520581,0,2.018463748844273
29.960319999997047,-1.9745259907480157,-1.0125971296355198,1.0506977566804374,-0.03356817587552582,0.03332210426616196,0.11441676238610736,-1.7039035818041004,-0.5807962376066198,1.1053096108565101,-0.04131832979267855,-0.03814996680887814,0.3406252854642607,-1.8037135000279303,-0.7662179298385903,1.060127438080954,-0.08829968737323403,-0.05704698307804565,0.2029493114785,0.09000117304571391,0.09000117304571391,0.0,0.04176993280641171,1.9458461194867303,-0.010493760370222205,0.011322154315571745,0.01311505394607532,-4.534820824677759,0,2.0182882081667017
29.964479999997046,-1.9746651067777066,-1.0124245314890317,1.0511742217136708,-0.03338784712578412,0.04142355515717452,0.1143516079759956,-1.659468365615608,-0.7456275658778999,0.3617302117808744,0.04357877523840974,0.09790891296882334,0.056389759917849,-1.7315005557804763,-0.7557274298178163,0.7110414057307907,-0.02175587724992623,0.02449553593515439,0.1295929568472084,0.09000117304571391,0.09000117304571391,0.0,0.04154781335984868,1.9294446533698217,-0.011662120173125567,0.010795872052303541,0.015877411719825235,-4.537566084919164,0,2.018079152074062
29.968639999997045,-1.974803475380906,-1.0122184684339828,1.0516503948531892,-0.03320846476785615,0.0494551332117085,0.11428155348443861,-2.495460239558454,-1.1449875121738273,1.0735493050675788,-0.08127835915838352,0.0493934378697156,0.08835957016439747,-2.1136535200608932,-0.9502669459851575,0.8924829553865322,-0.0521287943298747,0.04150510871428313,0.10836438719518653,0.09000117304571391,0.09000117304571391,0.0,0.041326842303737885,1.913149691968278,-0.01280997255804961,0.010247416642925989,0.018821124298686334,-4.540266786637059,0,2.0178368702417195
29.972799999997044,-1.974941100470718,-1.0119792297444798,1.0521262560073237,-0.03303002155487221,0.057417285480690534,0.11420667699226517,-1.9960980408732476,-1.4238942495798579,0.6440778986951339,-0.1382627422767435,0.0878120207689039,0.16457177107361315,-2.055164309759743,-1.1869096093835079,0.7686203131033305,-0.09433945963542907,0.06866763620429533,0.1367915575488163,0.09000117304571391,0.09000117304571391,0.0,0.0411070090341631,1.8969606290217038,-0.013937570074326278,0.009698335694156618,0.02184365767042961,-4.542923661952226,0,2.0175616504908143
29.976959999997042,-1.9750779859313137,-1.011707102848129,1.0526017854085494,-0.03285251054293469,0.06531045512419488,0.11412705629417456,-1.9277033182415069,-0.9274091103295681,1.2547932290107313,-0.11936334231938475,-0.0033145669880004364,0.1250874715006668,-1.9916815560788765,-1.0571715860197122,1.0119713347553694,-0.10667587721649678,0.03611807652981669,0.13046740282127034,0.09000117304571391,0.09000117304571391,0.0,0.040888303525375314,1.8808768642180385,-0.015045165096561341,0.009159090551215231,0.02489373944845913,-4.54553743091622,0,2.0172537788041445
29.98111999999704,-1.975214135619158,-1.0114023733411521,1.0530769636122836,-0.032675925082624666,0.07313508167443432,0.11404276889618903,-1.7383410535264052,-1.113329434042605,1.1437385986302466,-0.0031928253571378434,-0.046558543572433525,0.03908493524522709,-1.8650170685035805,-1.0853556403995464,1.0779384874833553,-0.05451040064023111,-0.0014177744995966073,0.08415537799811822,0.09000117304571391,0.09000117304571391,0.0,0.04067071631351171,1.864897802679177,-0.016133009812059507,0.008634607663930993,0.027945731588510575,-4.548108801710305,0,2.016913539340968
29.98527999999704,-1.9753495533641785,-1.0110653250024948,1.0535517714955869,-0.0325002588049218,0.0808916012777423,0.11395389199274883,-2.216696816352883,-0.9929879755521952,0.7342571102902926,-0.09381492185449464,-0.007964243140627672,-0.03735002808757884,-2.04105468247332,-1.0391952439545835,0.9060168819690194,-0.07408952825793425,-0.0010761699448667515,0.02380716074397742,0.09000117304571391,0.09000117304571391,0.0,0.04045423847022264,1.8490228544940557,-0.017201356124481815,0.00812705407363236,0.030986816607710837,-4.550638470841129,0,2.016541214450827
29.98943999999704,-1.9754842429708592,-1.0106962398070296,1.05402619025571,-0.03232550560337249,0.08858044691165526,0.11386050242954746,-2.4734264315580936,-1.3370789902529303,0.22965040451447682,0.017012013728546778,0.16762125649231016,0.15871490707906422,-2.2572065777149244,-1.18779630164932,0.5681593244064292,-0.029323698862326105,0.08602533394053662,0.0911121680923738,0.09000117304571391,0.09000117304571391,0.0,0.04023886156736252,1.8332514342950255,-0.018250455500887386,0.007637224964156833,0.03401059055784349,-4.553127123333184,0,2.016137084686481
29.993599999997038,-1.9756182082192515,-1.010295397937964,1.05450020140845,-0.03215165961413178,0.09620204857571411,0.11376267665757922,-1.7985618358868345,-1.6799747484886338,1.2389696498101157,-0.16413256442703678,0.1892228154323398,0.04036458203851824,-2.0282232588358218,-1.4335021933246832,0.9036525905677182,-0.09630096542362737,0.14088821979340874,0.06600496859405547,0.09000117304571391,0.09000117304571391,0.0,0.0400245776386096,1.81758296088723,-0.01928055878297319,0.007165237248915683,0.037013859378183675,-4.555575432918104,0,2.015701428816078
29.997759999997037,-1.9757514528658982,-1.009863077798562,1.0549737867862954,-0.031978715195182056,0.10375683345650673,0.11366049068291299,-2.143911973464745,-0.9647363608947664,0.9345731207118461,-0.10765664276591827,0.10529147451332935,0.06513153220961405,-2.086291257337599,-1.198903946197796,0.9192477350817553,-0.10250268364033133,0.12643513446025254,0.06595711872868384,0.09000117304571391,0.09000117304571391,0.0,0.03981137913832963,1.802016856932174,-0.020291915979536057,0.006710876180122191,0.03999503694039861,-4.557984062220864,0,2.0152345238346654
30.001919999997035,-1.975883980644672,-1.0093995560232758,1.0554469285363606,-0.031806666905711524,0.1112452260686968,0.11355402001564899,-2.3840245948689103,-1.2232138327850302,1.198579957973802,-0.06111819504837273,0.12020475445289842,0.14765710363142848,-2.235288150370692,-1.2108181520906782,1.0592235302531339,-0.08132416435078785,0.12770311979405596,0.10651019529059913,0.09000117304571391,0.09000117304571391,0.0,0.03959925890131458,1.7865525486740386,-0.021284776056376964,0.006273768473281608,0.04295334394181818,-4.560353662942907,0,2.014736644975133
30.006079999997034,-1.9760157952675317,-1.0089051074883824,1.0559196091181127,-0.03163550948632708,0.11866764837441926,0.1134433396205092,-1.8884847675376986,-1.6853417541126152,0.9034762745907705,0.005960151174961625,0.08715767212022765,0.15677321911050365,-2.0618729092039327,-1.4479106430190836,0.9816757997986961,-0.037075032594045106,0.11159457448379598,0.13120406192301007,0.09000117304571391,0.09000117304571391,0.0,0.039388210103933674,1.771189465712688,-0.022259386731351694,0.0058534686934643525,0.045888407225411515,-4.56268487604227,0,2.014208065718692
30.010239999997033,-1.9761469004252006,-1.0083800053222003,1.0563918113009072,-0.03146523784052886,0.12602451988372185,0.11332852387067657,-1.9651050728790547,-1.1822725593505392,0.696125577798351,0.005519584778703443,0.1534833920945873,0.2111838344397397,-2.0134764483317213,-1.3147778283223632,0.8393379628340355,-0.015965573193670077,0.13605936260473034,0.17118116515059995,0.09000117304571391,0.09000117304571391,0.0,0.039178226227555485,1.7559270408116976,-0.023215994282081764,0.005449502276547315,0.04880005931588531,-4.5649783319107495,0,2.0136490578049493
30.014399999997032,-1.9762772997877742,-1.0078245209149557,1.0568635181613482,-0.03129584701767974,0.13331625773869907,0.11320964650582678,-2.034224063259443,-1.212841901776577,0.5553965314135096,0.022403611007393485,0.21275329060469667,0.19904147855533025,-2.0238033333585665,-1.263372753425345,0.6977793243137781,0.0029911665346955183,0.177345261066692,0.18507896505631072,0.09000117304571391,0.09000117304571391,0.0,0.038969301025101655,1.7407647097397636,-0.024154843369580126,0.005061386871912576,0.05168823806685972,-4.567234650548151,0,2.013059891241659
30.01855999999703,-1.976406997005264,-1.0072389239283566,1.057334713080493,-0.031127332197560368,0.14054327678380957,0.11308678059480459,-2.06767589345094,-0.6571097576290493,1.1886151738401507,-0.18681565556367594,0.0033945805598374623,0.042016806745367494,-2.0461288051943973,-0.9602358058513386,0.9432877364633312,-0.09174927603769507,0.09319552361264297,0.11372098961840278,0.09000117304571391,0.09000117304571391,0.0,0.038761428490739075,1.72570191114022,-0.025076176880839962,0.004688642849730663,0.05455293636682593,-4.569454441733674,0,2.012440834314192
30.02271999999703,-1.9765359957080828,-1.0066234823049207,1.0578053797409224,-0.030959688676504064,0.14770598962461254,0.11295999850304433,-1.8448358865301606,-0.7693317313845037,1.1179087996940422,-0.08879382276181443,0.0446933842329858,0.04419551840368269,-1.9456638433424085,-0.8646972964965911,1.0306916223438316,-0.09112885155361237,0.07270995012293259,0.07886318651004169,0.09000117304571391,0.09000117304571391,0.0,0.03855460283250321,1.7107380864222992,-0.025980235789378137,0.004330798394270635,0.05739417687792209,-4.571638305194476,0,2.0117921535947896
30.02687999999703,-1.9766642995074788,-1.0059784622771004,1.0582755021236916,-0.0307929118550449,0.15480480667686597,0.11282937186461046,-1.8512881037662787,-1.325504740214217,0.6154509493392113,0.07274897587918795,0.11604324300541548,0.09094667348983061,-1.8983244252837408,-1.0948701512714571,0.8232575420795778,-0.008994686375063385,0.09787191145767524,0.08490634672913952,0.09000117304571391,0.09000117304571391,0.0,0.03834881844785867,1.695872679671188,-0.026867259033788837,0.003987391893839797,0.06021199929468348,-4.573786830771469,0,2.01111411395161
30.031039999997027,-1.9767919119959245,-1.0053041283762352,1.0587450645051857,-0.030626997226975296,0.16184013620765098,0.11269497155859112,-1.935847771214331,-1.6137416945546015,1.0585651571319732,0.052983284558436435,0.17475674819220693,0.14761870791206635,-1.9169767868018788,-1.3539529775967478,0.9412213464442116,0.022293103620061164,0.13963336080074182,0.11562974175654984,0.09000117304571391,0.09000117304571391,0.0,0.03814406990252428,1.6811051375756376,-0.027737483413723563,0.00365797298254179,0.06300645386643708,-4.575900598582381,0,2.0104069785576306
30.035199999997026,-1.9769188367474648,-1.0046007434413604,1.059214051453892,-0.030461940369689206,0.1688123843699327,0.11255686768949813,-1.9050438841657036,-0.5096524961711852,1.8128124135532135,-0.08732866497675484,0.22469231409349985,0.05762756798021997,-1.91119273661644,-0.9313367716720208,1.3771416102738192,-0.032105154536624145,0.18566570103511645,0.08722491948511144,0.09000117304571391,0.09000117304571391,0.0,0.037940351911071896,1.6664349093669555,-0.02859114350228098,0.0033421029113418982,0.06577759805522818,-4.57798017918214,0,2.00967100889941
30.039359999997025,-1.9770450773180301,-1.003868568627895,1.0596824478271056,-0.030297736935686305,0.17572195523172093,0.11241512957129246,-2.7483539168949553,-1.155293887740132,1.2417733433339877,0.05592062012006758,0.2697037305006468,0.07982743704395617,-2.329663265464324,-1.0427637115091575,1.3096236140442068,0.012091524347991028,0.2314253385187998,0.08302382420240435,0.09000117304571391,0.09000117304571391,0.0,0.03773765932058635,1.6518614467694053,-0.02942847157143219,0.0030393545870879748,0.06852549476523648,-4.580026133720612,0,2.0089064647857393
30.043519999997024,-1.977170637245718,-1.003107863416225,1.0601502387675834,-0.03013438264510831,0.182569250800802,0.11226982571465777,-2.0500688111564096,-1.0000046079733165,1.205812937953906,-0.17216766604246989,0.01961777584334279,0.029189385329221426,-2.190223431986345,-1.0213502087996555,1.2577791148715776,-0.07942696382239628,0.1289743814705225,0.05570027297489302,0.09000117304571391,0.09000117304571391,0.0,0.03753598709568143,1.6373842039594733,-0.030249697531379904,0.0027493124487220806,0.07125021136164589,-4.582039014097743,0,2.0081136043561987
30.047679999997023,-1.977295520051048,-1.0023188856202006,1.0606174097001548,-0.029971873279191333,0.18935467104583978,0.1121210238171482,-2.659959654125902,-1.1611370842261797,0.8864517715929039,0.07374489732008263,0.23859132308016848,0.12948534714775334,-2.4249399517377537,-1.090753330943334,1.0723830706694772,-0.0035677882132213318,0.18616525413756874,0.09215531437486962,0.09000117304571391,0.09000117304571391,0.0,0.03733533030583756,1.6230026375316622,-0.031055048880681724,0.0024715722652191296,0.07395181908791007,-4.5840193631161545,0,2.0072926840896343
30.05183999999702,-1.9774197292371918,-1.001501891395557,1.0610839463283044,-0.029810204674522594,0.19607861391449763,0.11196879075586826,-1.5339425439363572,-0.7672442175677575,0.9402144580690054,0.07727922119273002,0.10882041192190618,0.12002212367373723,-1.9792736969527795,-0.9287771070126192,1.006548717732374,0.036572805733372085,0.15083469681233674,0.1054927708234716,0.09000117304571391,0.09000117304571391,0.0,0.037135684113996266,1.608716206470617,-0.03184475066717274,0.00220574089744592,0.0766303926858253,-4.585967714631212,0,2.006443958812563
30.05599999999702,-1.9775432682901835,-1.000657135248269,1.0615498346307308,-0.02964937271800365,0.20274147534911965,0.11181319258236605,-1.2786500347647092,-0.7539018961136734,1.6634080848548383,0.04721758579292208,0.3664999532703864,0.23916356001365838,-1.6288593103505753,-0.8405838318663853,1.3354789153691655,0.04216296630075742,0.2624344575324179,0.17305795298497345,0.09000117304571391,0.09000117304571391,0.0,0.03693704376694906,1.5945243721291633,-0.03261902545607981,0.00195143604496812,0.07928601012054247,-4.587884593698636,0,2.00556768170752
30.06015999999702,-1.9776661406791103,-0.9997848700428505,1.0620150608578953,-0.029489373342430004,0.2093436493004143,0.11165429451946264,-1.655793105737871,-0.6654886104153872,1.1303871508766619,0.07029033958605098,0.3273921955706529,0.19558315141490604,-1.6421806799619016,-0.7523609742325413,1.2333383506479896,0.056458207835089744,0.2982483720792197,0.18434536920048,0.09000117304571391,0.09000117304571391,0.0,0.03673940458624071,1.5804265982071406,-0.03337809330877717,0.00170828598825421,0.08191875236149929,-4.589770516719671,0,2.004664104321349
30.064319999997018,-1.9777883498562878,-0.9988853470106027,1.0624796115285609,-0.029330202522611638,0.2158855277394869,0.11149216095975178,-2.3114748188829273,-1.3344499594162704,0.44235230450279406,-0.048550157574562214,0.24963602939267782,0.2584028070360697,-1.9769330917258396,-1.0428952171839756,0.8383779243685774,0.0038049592753505003,0.27630760556994644,0.2210513277674438,0.09000117304571391,0.09000117304571391,0.0,0.03654276196087179,1.5664223507375548,-0.03412217176407806,0.0014759293314415597,0.08452870319466732,-4.59162599158387,0,2.0037334765734536
30.068479999997017,-1.977909899257421,-0.9979588157578172,1.062943473426334,-0.0291718562719626,0.22236750066853195,0.1113268554655637,-2.0571599142376353,-0.8439582506092085,0.8844689332191722,-0.12689584580304886,0.2897478934396309,0.17606693685658217,-2.0173117382691017,-0.9428301704299282,0.8617882027170868,-0.06118403151137919,0.2866311395476095,0.1994095838147192,0.09000117304571391,0.09000117304571391,0.0,0.03634711134062752,1.5525110980724697,-0.0348514758302087,0.001254014748189315,0.08711594905371473,-4.59345151780952,0,2.0027760467639997
30.072639999997016,-1.9780307923017522,-0.9970055242739405,1.0634066335962098,-0.02901433063950072,0.22878995613041417,0.11115844077017595,-1.9997413664512733,-1.3297193734626225,0.7370154800486051,-0.19055807331316182,0.25158487627830806,0.03482376079572701,-2.00892242238259,-1.1357615797920404,0.7994739402673537,-0.12603696890502838,0.2726635496748617,0.11686775819079884,0.09000117304571391,0.09000117304571391,0.0,0.036152448230248165,1.5386923108716353,-0.035566217976790215,0.0010422007318267507,0.08968057886377984,-4.59524758668176,0,2.0017920615820826
30.076799999997014,-1.978151032392199,-0.9960257189397016,1.063869079341127,-0.02885762170720484,0.23515328021733894,0.11098697878012012,-2.13476922821169,-1.0014654696855223,0.8676867136948103,0.03610439844814177,0.3025774520622608,-0.10788748614828919,-2.0717723320443344,-1.0679904145141965,0.83335576469828,-0.04462938370883948,0.2910718667881673,0.004810701172852972,0.09000117304571391,0.09000117304571391,0.0,0.035958768183907995,1.5249654620940694,-0.03626660813603633,0.0008401553503497008,0.09222268389459859,-4.597014681388422,0,2.000781766113864
30.080959999997013,-1.978270622915481,-0.9950196445352066,1.064330798218537,-0.028701725587685707,0.24145785707877918,0.11081253057841413,-1.962679682681307,-1.0626626275767472,1.1779109384804614,0.04134793939848605,0.11244114588404477,0.31012085223432884,-2.017139485876018,-1.0650985613313186,1.006279345891558,-0.001528708243087163,0.20462982274504127,0.15814781197873876,0.09000117304571391,0.09000117304571391,0.0,0.035766066801073054,1.5113300269896057,-0.036952853703773714,0.0006475560064911252,0.09474235762125227,-4.5987532771536275,0,1.999745403850671
30.085119999997012,-1.9783895672422398,-0.9939875442480034,1.0647917780369895,-0.02854663842212769,0.24770406892878705,0.11063515642860569,-1.4535259669608411,-1.226281082889197,1.485437228858083,0.0008556005615292205,0.47493771200977647,0.15480675421422574,-1.735328588938646,-1.1447104399546422,1.2461849255664161,0.00042591259354929074,0.34329898499774936,0.15585637580474007,0.09000117304571391,0.09000117304571391,0.0,0.03557433972245707,1.4977854830925454,-0.037625159546065434,0.00046408920293061295,0.09723969559156201,-4.60046384136919,0,1.9986832166970732
30.08927999999701,-1.97850786872715,-0.9929296596811167,1.0652520068527376,-0.0283923563784689,0.25389229605280444,0.11045491577950349,-1.636616916604237,-0.8595056125848253,0.7966715422307518,-0.07385916200112352,0.21638994997782454,0.2737104460104343,-1.6861257949381074,-1.001662969861166,1.0219946194874645,-0.03665994394220312,0.28323004159626175,0.21466946362981965,0.09000117304571391,0.09000117304571391,0.0,0.03538358262628964,1.4843313102163505,-0.03828372800824331,0.00028945031262773817,0.09971479529953915,-4.602146833723845,0,1.9975954449789264
30.09343999999701,-1.9786255307090241,-0.991846230861058,1.0657114729663646,-0.028238875649790555,0.2600229168140645,0.11027186727049898,-1.1592541758424824,-0.8568291539659607,1.177143692556364,0.03877111474227979,0.10698989983598622,0.25027813804395466,-1.4226052891686896,-0.9290304422073974,1.100089946396461,0.0008744572422127342,0.19893411838925154,0.23288817781621038,0.09000117304571391,0.09000117304571391,0.0,0.03519379122543217,1.4709669904483087,-0.03892875892507103,0.00012334335422628436,0.10216775606449341,-4.603802706330358,0,1.9964823274513945
30.09759999999701,-1.9787425565109111,-0.9907374962458095,1.066170164919437,-0.028086192452888008,0.26609630765965586,0.11008606873739825,-2.0261812488729665,-0.6841633826496217,1.1624682106026432,-0.050574457035487824,0.1875952642411297,0.2259702023447946,-1.7245028053627651,-0.8062109913537223,1.1317498814564901,-0.024789281715630843,0.1961432619255239,0.22925892444493576,0.09000117304571391,0.09000117304571391,0.0,0.035004961264273673,1.45769200814556,-0.039560449635681894,-3.451922754329803e-05,0.10459867891549748,-4.605431903850525,0,1.9953441013069442
30.101759999997007,-1.9788589494401903,-0.9896036927327833,1.0666280714911816,-0.027934303027003417,0.27211284312631645,0.10989757721867831,-1.357616732483831,-1.0180865033993274,1.096968097198291,-0.1281881229742032,0.4121545164947562,0.0907983254578146,-1.5413237660336558,-0.9113001303939915,1.1145476334908877,-0.0765124620633517,0.3075825838957886,0.16002321640963288,0.09000117304571391,0.09000117304571391,0.0,0.03481708851668969,1.444505849931742,-0.04017899499709582,-0.0001844167765427946,0.10700766648095979,-4.607034863618127,0,1.9941810021833177
30.105919999997006,-1.9789747127886599,-0.9884450556667582,1.0670851816951903,-0.027783203632697522,0.27807289584600864,0.10970644896211611,-2.2708414953242357,-1.1025080026925669,1.0138250362764138,-0.10432074992833901,0.316365540921313,0.03137211463092825,-1.9063059961494118,-1.0062536531485824,1.0642502936244311,-0.08980101005206519,0.31499303801827483,0.09598937063204935,0.09000117304571391,0.09000117304571391,0.0,0.034630168783675745,1.431408004693183,-0.04078458740166446,-0.0003266206350712561,0.10939482288308502,-4.608612015759842,0,1.9929932641714818
30.110079999997005,-1.9790898498326217,-0.9872618188477944,1.0675414847761557,-0.027632890550846126,0.2839768365513168,0.10951273943172432,-2.0808190677565994,-1.3598497878282425,1.294575104354225,0.06079343346252099,0.4082284068154748,0.15133279322813661,-1.9934372958515842,-1.1822118176673742,1.179728857409319,-0.014517599696227953,0.36483891616172004,0.12376384374004906,0.09000117304571391,0.09000117304571391,0.0,0.03444419789118977,1.4183979635766748,-0.04137741679524409,-0.00046139434896092364,0.11176025363701804,-4.61016378331418,0,1.9917811198235542
30.114239999997004,-1.9792043638329624,-0.9860542145391248,1.0679969702066348,-0.027483360081746722,0.2898250340807077,0.10931650331494693,-2.0355942917877767,-0.8764040608437058,0.541071666186599,-0.0502414942610708,0.28335631165341085,0.06965698972589406,-2.0146216333993334,-1.0287216815071425,0.8605420702296653,-0.03187539113986835,0.32662963723162114,0.09604411296850107,0.09000117304571391,0.09000117304571391,0.0,0.034259171689059474,1.405475219986477,-0.04195767069588424,-0.000588993868009522,0.11410406555447963,-4.611690582348438,0,1.9905448001607098
30.118399999997003,-1.9793182580352304,-0.9848224734750262,1.0684516276838434,-0.02733460854431889,0.2956178553836812,0.10911779453007471,-2.1605508599636862,-0.7809562286706307,0.9411808739590897,0.041038767875005,0.500042799235431,0.07045999348822322,-2.0875024021651067,-0.9038032454397859,0.9010078549752712,0.004814454523250826,0.4162575341801836,0.0836076461107169,0.09000117304571391,0.09000117304571391,0.0,0.034075086048710686,1.3926392695814036,-0.04252553421367544,-0.0007096677418339661,0.11642636665170998,-4.613192822073747,0,1.9892845346810617
30.122559999997,-1.9794315356697112,-0.9835668248686685,1.0689054471264845,-0.027186632275392992,0.30135566552583504,0.10891666623384243,-2.668550332929036,-0.7434818477748368,0.9956087891226476,-0.009596090323734822,0.1588246687492531,0.01825556240748831,-2.378048950687711,-0.8233155490729007,0.9483446626120566,-0.0030834186507181062,0.2897093225236852,0.05203807921043255,0.09000117304571391,0.09000117304571391,0.0,0.03389193686238833,1.379889610273708,-0.043081190072830955,-0.0008236573112292463,0.1187272660615428,-4.614670904958202,0,1.9880005513675254
30.126719999997,-1.9795441999514989,-0.9822874964199441,1.069358418671606,-0.0270394276290719,0.3070388276938731,0.10871317082916931,-2.121320503978833,-0.8535475956016566,0.9205480041726641,-0.13136666888874993,0.195150539746777,0.07128426124511028,-2.2499570463069274,-0.8380316592694577,0.9345933514815042,-0.06679534224366003,0.24521658143089894,0.062167987918760874,0.09000117304571391,0.09000117304571391,0.0,0.03370972004173391,1.3672257422254872,-0.04362481863172535,-0.0009311968951166746,0.12100687394944168,-4.616125226838142,0,1.9866930766956576
30.130879999997,-1.9796562540805662,-0.980984714323275,1.0698105326714937,-0.026892990976160425,0.3126677032005631,0.10850735997302599,-2.224826790925155,-0.9338322065027103,0.7451133008287005,0.1416953912563178,0.41731649317091485,0.135281162594214,-2.237098053993055,-0.8850697636700392,0.840133833565827,0.03793363571454368,0.33373980933530695,0.09850235882437709,0.09000117304571391,0.09000117304571391,0.0,0.03352843151678761,1.3546471678477368,-0.044156597906451434,-0.0010325139731635971,0.12326530143333296,-4.617556177027586,0,1.9853623356414773
30.135039999996998,-1.9797677012418315,-0.9796587032754014,1.0702617796905953,-0.026747318703653822,0.31824265148967057,0.10829928458439056,-1.7681574307662145,-0.6804653770515385,1.3351014742643623,-0.1854623360736503,0.5127438212280673,0.10840204735470722,-2.003011082893459,-0.7817055708649258,1.087847099265111,-0.07333381360327765,0.4260790549919261,0.1032069590287431,0.09000117304571391,0.09000117304571391,0.0,0.033348067234774424,1.3421533917976776,-0.04467670359255266,-0.0011278293641567615,0.1255026605070792,-4.6189641384258655,0,1.984008551689265
30.139199999996997,-1.9798785446052243,-0.9783096864831478,1.07071215050248,-0.02660240721428011,0.3237640301408737,0.10808899485228189,-1.8809934411867115,-0.922814923596194,1.2548536736150422,-0.010537506464621173,0.48063798868197066,0.02034391963163408,-1.9420233286525295,-0.8512679863636216,1.171394175198905,-0.04193836931518326,0.45646352359022885,0.061633907483377194,0.09000117304571391,0.09000117304571391,0.0,0.033168623159422324,1.3297439209765938,-0.04518530908877921,-0.001217357400210227,0.12771906396744037,-4.620349487623485,0,1.982631946839339
30.143359999996996,-1.9799887873257496,-0.9769378856711699,1.0711616360868292,-0.026458252926088666,0.3292321948746718,0.10787654024384442,-2.0630359614782954,-1.5874307399539793,1.2925882248492366,0.18270447677322915,0.2987080054230894,-0.017753597440881855,-2.002151660310138,-1.2187364967281162,1.2319552433006407,0.07094013182195619,0.37917600510328475,0.021886482140146903,0.09000117304571391,0.09000117304571391,0.0,0.032990095270599915,1.3174182645279715,-0.04568258551944787,-0.001301306096888063,0.12991462534437648,-4.621712595006232,0,1.9812327416158133
30.147519999996994,-1.98009843254355,-0.9755435210896811,1.0716102276264645,-0.026314852272079036,0.33464749955729794,0.1076619695124748,-1.9421777153972408,-0.8817981054409839,1.054153683028001,0.034250629057194254,0.45685416834359577,0.21038510330117255,-1.9720926532932315,-1.0493194496633882,1.1434914529231357,0.052417615064779995,0.42029393639430207,0.11581645998149069,0.09000117304571391,0.09000117304571391,0.0,0.03281247956299035,1.305175933835512,-0.0461687017594698,-0.0013798773193219216,0.13208945883455137,-4.623053824857575,0,1.9798111550743338
30.151679999996993,-1.980207483383966,-0.9741268115221576,1.072057916504406,-0.026172201699869835,0.34001029620564194,0.10744533070596574,-2.196019411174346,-1.1728349057625174,1.1849637618513993,-0.06911329864191823,0.1965809090447171,0.12039413929423155,-2.084202568219119,-1.1106745846805135,1.1644763983799582,-0.007755649502582319,0.3110603961897686,0.11902605781415734,0.09000117304571391,0.09000117304571391,0.0,0.032635772045511206,1.2930164425203734,-0.04664382445691362,-0.001453266944401118,0.13424367923790267,-4.6243735354593625,0,1.9783674048097915
30.155839999996992,-1.980315942957597,-0.9726879742930236,1.072504694300967,-0.026030297671400953,0.3453209349921877,0.10722667117466561,-2.3592490545282514,-1.191705591682899,1.0139080453110079,0.06545983887183703,0.41276698257693745,0.006623837959064807,-2.22159161790573,-1.1503392311666507,1.0892037348545789,0.028864939658156456,0.36533039779143317,0.06341432948672986,0.09000117304571391,0.09000117304571391,0.0,0.032459968741695856,1.2809393064402115,-0.047108118057809234,-0.0015216650191131411,0.13637740189714698,-4.625672079190875,0,1.976901706964019
30.15999999999699,-1.980423814360358,-0.9712272252753154,1.0729505527908823,-0.025889136662661832,0.35057976424997717,0.10700603757963348,-2.2157460855729125,-1.5073672933301805,1.192894620412229,0.0743580777036756,0.3837972569610492,0.06183539428513693,-2.2185151175287663,-1.3280610995538182,1.1411782468080207,0.052074688029414395,0.3763062243143671,0.06275585700787811,0.09000117304571391,0.09000117304571391,0.0,0.03228506568782894,1.2689440436847776,-0.04756174482955572,-0.0015852559151124973,0.13849074264009675,-4.626949802626231,0,1.9754142762334586
30.16415999999699,-1.980531100673539,-0.9697447788983254,1.073395483940469,-0.02574871516345228,0.3557871304775915,0.1067834759007862,-2.280496656105009,-0.7524111236325264,0.8087111279216037,-0.08952062010469689,0.31098030738895827,0.21565211587346073,-2.2496938609913646,-1.0395909704979802,0.975391890890521,-0.01806949860933142,0.34639639137543315,0.13872306048388877,0.09000117304571391,0.09000117304571391,0.0,0.032111058933645305,1.2570301745761998,-0.048004864885501264,-0.0016442184795922422,0.14058381772466721,-4.628207046630191,0,1.9739053258768173
30.16831999999699,-1.9806378049638607,-0.9682408481552247,1.0738394799048232,-0.02560902967716263,0.36094337834417217,0.10655903144502425,-1.963478677238728,-0.729045643423143,0.6254819123103728,-0.08783908716754676,0.3245160028740887,0.30524612010485963,-2.1067667680160507,-0.8836476197978922,0.8010692321549755,-0.05304650380855382,0.3385684780436685,0.22203355797142812,0.09000117304571391,0.09000117304571391,0.0,0.031937944541532585,1.2451972216645404,-0.048437636208982726,-0.0016987261825347757,0.1426567437864603,-4.6294441464523794,0,1.9723750677226939
30.172479999996987,-1.9807439302835297,-0.9667156446106644,1.0742825330250496,-0.025470076720577165,0.36604885069446647,0.10633274885433097,-1.6754150851888916,-0.7105984726908703,0.5935819325718235,0.05979507906248972,0.3052963318033816,0.030863678865234626,-1.8909649963424044,-0.7964913680202989,0.6973892631715939,0.004069157495106725,0.3241176170413416,0.12601023745527717,0.09000117304571391,0.09000117304571391,0.0,0.031765718585946005,1.233444709725897,-0.04886021467746726,-0.0017489472604151196,0.14470963778881343,-4.630661431819955,0,1.9708237121771863
30.176639999996986,-1.9808494796702951,-0.9651693784083565,1.074724635825524,-0.025331852823697976,0.3711038885539096,0.10610467211383817,-2.7630937734613155,-1.3047168654733596,1.1405281061898198,-0.016356448249785036,0.3442301434876466,0.056061652160658754,-2.327069289908161,-1.0498952987027284,0.9190790619836454,-0.006247468207447232,0.33591050006656725,0.0907183364833422,0.09000117304571391,0.09000117304571391,0.0,0.03159437715367761,1.2217721657603757,-0.04927275408658066,-0.0017950448564301629,0.14674261697520766,-4.631859227028746,0,1.9692514682314783
30.180799999996985,-1.9809544561475017,-0.9636022582786326,1.07516578101119,-0.02519435452958384,0.37610883113374577,0.10587484455985269,-2.0420232641684466,-1.2764782651513327,0.7658063165043056,-0.1808881065512831,0.29961912025107285,-0.03370562122173695,-2.1849198961898137,-1.1625702843914838,0.8423717379724397,-0.0938586928410527,0.32022709782707626,0.028404706243411806,0.09000117304571391,0.09000117304571391,0.0,0.031423916342949214,1.2101791189882276,-0.04967540617402211,-0.0018371771573264042,0.14875579882393397,-4.633037851032891,0,1.9676585434694023
30.184959999996984,-1.981058862724144,-0.9620144915459818,1.0756059614648894,-0.025057578394207455,0.3810640158361826,0.10564330888783881,-1.2102176264141036,-1.0170784618331785,1.7312183125967426,-0.058215460221011504,0.4064587160609852,0.11583251002499233,-1.6976837316762892,-1.0889849651955241,1.287041880315063,-0.07570066626368258,0.36671885829363143,0.07225385582477845,0.09000117304571391,0.09000117304571391,0.0,0.031254332263787064,1.1986651008485258,-0.0500683206440074,-0.0018754975268970102,0.15074930100491932,-4.634197617532988,0,1.9660451440749815
30.189119999996983,-1.9811627023949205,-0.9604062841365669,1.0760451702447242,-0.024921520986324257,0.38596977825959006,0.10541010716034976,-1.8692047830220169,-1.139337844954094,0.7074915728965867,0.04570678848790716,0.2090102969754542,0.06909789202072139,-1.7833519662732005,-1.1137313201109527,0.9974070546429181,-0.014246187929977274,0.28994132155524616,0.0703578439516603,0.09000117304571391,0.09000117304571391,0.0,0.031085621037434417,1.1872296449948323,-0.05045164519074219,-0.0019101546362189658,0.15272324133862009,-4.6353388350628,0,1.9644114748399493
30.19327999999698,-1.9812659781402846,-0.958777840585718,1.076483400581453,-0.024786178887355532,0.39082645220373363,0.1051752808149078,-1.7081125471671177,-1.2802585800893218,1.2995432609031468,0.0397401849978634,0.4352608675978533,-0.05329674263035357,-1.7456505505023348,-1.1960956457996168,1.1483658210352259,0.013454556849743383,0.364928839579743,0.008824686006855795,0.09000117304571391,0.09000117304571391,0.0,0.030917778796083657,1.17587228729287,-0.0508255255219936,-0.001941292590699233,0.15467773775689198,-4.636461807074528,0,1.9627577391712432
30.19743999999698,-1.9813686929264982,-0.9571293640454053,1.0769206458759188,-0.02465154869128337,0.3956343696750504,0.10493887067182878,-1.8185701464194173,-0.8622159176538563,0.5883250197319204,0.2143584544007851,0.3086958618524954,0.01785869888781247,-1.7816656334633434,-1.0285172248919954,0.8683793565173419,0.11419854578310724,0.33963264257100534,0.012999990077365138,0.09000117304571391,0.09000117304571391,0.0,0.03075080168303569,1.1645925658181755,-0.05119010538340202,-0.0019690510539983395,0.1566129082657513,-4.637566832022668,0,1.9610841390984834
30.20159999999698,-1.9814708497056839,-0.9554610562916888,1.0773568996965104,-0.024517627004554628,0.40039386089196893,0.10470091694198447,-1.5244879233398327,-0.7273620222596283,0.895075690263801,-0.20089802797906112,0.4670209940774082,0.22402515066099965,-1.653492782686862,-0.876972004088279,0.8821931739856332,-0.04335754695266335,0.4061449884641942,0.11874044923129613,0.09000117304571391,0.09000117304571391,0.0,0.03058468585264558,1.1533900208510572,-0.05154552658139355,-0.0019935653688988265,0.15852887090994572,-4.638654203446498,0,1.9593908752814198
30.205759999996978,-1.9815724514158755,-0.953773117732146,1.077792155776654,-0.024384410445993886,0.40510525429026256,0.10446145923450538,-1.5055476623773025,-1.1836931143725737,0.6083861361772172,0.005021769706960208,0.46113442639542873,-0.015769239460613718,-1.5795091533358534,-1.0293801940189014,0.7452554818648071,-0.01897327246437883,0.4358647238297496,0.05123345241652776,0.09000117304571391,0.09000117304571391,0.0,0.03041942746951918,1.142264194875057,-0.05189192900661632,-0.0020149666751850355,0.16042574373925378,-4.639724210051187,0,1.957678147017361
30.209919999996977,-1.9816735009810702,-0.9520657474132774,1.0782264080123392,-0.024251895646727674,0.4097688765284504,0.104220536564419,-1.836982544953293,-0.5434216713122394,1.1890556910762886,-0.11405478852977943,0.3507120529440543,0.28873777507308074,-1.7084835596044043,-0.7856751307312615,0.9677586943647809,-0.0671435396569757,0.3966930770408467,0.17024149207241038,0.09000117304571391,0.09000117304571391,0.0,0.030255022709312546,1.131214632572612,-0.05222945065725887,-0.0020333820245983444,0.1623036447764398,-4.640777135787585,0,1.95594615224858
30.214079999996976,-1.981774001311279,-0.9503391430278889,1.0786596504596735,-0.024120079250112537,0.4143850524932356,0.1039781873602213,-1.370505812373568,-0.9603175771687295,1.4275779742575148,-0.0033948744851316284,0.4204562218283458,0.09955489208947225,-1.5394999529490843,-0.872127357732509,1.19787821477684,-0.03499886538340275,0.4106495901758225,0.13509908504166107,0.09000117304571391,0.09000117304571391,0.0,0.030091467757821372,1.12024088082187,-0.052558227662036605,-0.0020489344929334316,0.16416269198679007,-4.641813259930676,0,1.9541950875696956
30.218239999996975,-1.9818739553025777,-0.9485935009224514,1.079091877332471,-0.023988957911673423,0.4189541053049853,0.10373444947138068,-2.0701756861803187,-1.2860351380291168,0.9653788784374207,0.03409841853507531,0.3590266917582724,-0.04911989210517535,-1.8047704798202855,-1.0783419843176087,1.0815240344234756,-0.000516876246260315,0.38705579259579387,0.043346302458465075,0.09000117304571391,0.09000117304571391,0.0,0.02992875881156605,1.1093424886928385,-0.052878394302629694,-0.0020617432893375908,0.16600300324916206,-4.642832857156754,0,1.952425148235029
30.222399999996973,-1.981973365837157,-0.9468290161044379,1.0795230829998699,-0.023858528299045497,0.4234763563232493,0.10348936017577431,-2.03026846850319,-1.2279903227895386,0.8950688685261714,0.11342221410739634,0.4412203132406728,0.0414351509293303,-1.9172848157255007,-1.1522548481478871,0.9883813342812889,0.056290811903972525,0.4167180497669266,0.04238911020435534,0.09000117304571391,0.09000117304571391,0.0,0.029766892077201096,1.0985190074441542,-0.053190083037070846,-0.0020719238628759346,0.16782469632847935,-4.6438361976193105,0,1.95063652816594
30.226559999996972,-1.9820722357833733,-0.9450458822496366,1.0799532619839827,-0.023728787091923782,0.427952125152321,0.10324295618705116,-1.8729282269578762,-0.9783115608765995,0.9548666541878107,-0.07380498246589977,0.41237676013542474,0.21823021103909646,-1.8952592965373507,-1.0644286535153114,0.9720790495982552,-0.008953902395320339,0.41666232227893407,0.12963610489825467,0.09000117304571391,0.09000117304571391,0.0,0.029605863771993014,1.0877699905182263,-0.053493424521942945,-0.0020795880064228955,0.16962788884960944,-4.64482354702368,0,1.9488294199581349
30.23071999999697,-1.9821705679957984,-0.9432442917094415,1.080382408957574,-0.02359973098201563,0.4323817296468323,0.1029952736619247,-2.3158720888660813,-0.5616918468593521,0.952510846718704,-0.07650728494329288,0.41953595964587437,0.1204961681919113,-2.105727178810226,-0.8121881112201695,0.9625453520801328,-0.04300998873168822,0.4200230332521524,0.1251088775748623,0.09000117304571391,0.09000117304571391,0.0,0.029445670123229302,1.0770949935387057,-0.05378854763359714,-0.0020848439579405622,0.17141269827256234,-4.645795166700448,0,1.9470040148889562
30.23487999999697,-1.9822683653152693,-0.9414244355181189,1.0808105187417714,-0.023471356673000057,0.43676548591739345,0.10274634820739786,-1.9759177267551913,-0.8219067426448906,1.2399559964782507,-0.37454996437112886,0.5303068344990778,-0.06576402121830427,-2.04160043384227,-0.8159489849865476,1.1011148896613754,-0.20883743744033725,0.47732781306333544,0.03013592996688034,0.09000117304571391,0.09000117304571391,0.0,0.029286307368588886,1.066493574305368,-0.054075579492029235,-0.002087796499202078,0.17317924186895334,-4.6467513136776475,0,1.9451605029246417
30.23903999999697,-1.9823656305689379,-0.9395865034000511,1.0812375863038044,-0.023343660880489513,0.44110370833626583,0.10249621488790782,-1.9276939459776354,-0.811555170678066,0.9524175001864749,0.18709987831937874,0.38223181783144455,0.1542987201200059,-1.9842569543301847,-0.8129605577011859,1.0270870389186235,-0.011026932811525565,0.4314888679356645,0.0917537110956342,0.09000117304571391,0.09000117304571391,0.0,0.029127771755764413,1.0559652927905758,-0.054354645481638764,-0.0020885470520187526,0.17492763669967235,-4.647692240751767,0,1.9432990727275652
30.243199999996968,-1.9824623665703212,-0.937730683776955,1.0816636067547727,-0.023216640331996836,0.44539670954307414,0.10224490823240179,-1.8010477729129086,-1.3362163672784202,0.9417264784454367,-0.06058473969638163,0.5416109371609544,0.17467257958864107,-1.892778576783083,-1.073470521198688,0.9847684425787421,-0.03509070323432342,0.4889144505095859,0.13370438809759394,0.09000117304571391,0.09000117304571391,0.0,0.02897005954304642,1.0455097111345406,-0.054625869272289074,-0.002087193772026895,0.17665799959370748,-4.6486181965575835,0,1.9414199116634476
30.247359999996966,-1.9825585761193498,-0.9358571637750777,1.082088575347445,-0.02309029176690304,0.4496448004505533,0.1019924622413419,-1.8468224251855614,-0.7975197346520682,1.157593759422058,-0.12315734685571707,0.45731819887005487,0.04957176627198253,-1.8700565322776543,-0.9345456900900069,1.0712842320638074,-0.07902742743768136,0.47489824720385504,0.09221378713326835,0.09000117304571391,0.09000117304571391,0.0,0.028813166998517922,1.0351263936417368,-0.05488937284259482,-0.0020838316400912348,0.1783704471280709,-4.649529425636841,0,1.939523205808548
30.251519999996965,-1.9826542620024183,-0.933966129232368,1.082512487474085,-0.022964611936431407,0.4538482902503332,0.10173891039362837,-1.9338601466424266,-0.4990733554097539,0.6753159455629887,-0.1594151028142806,0.5270365614890951,0.25381551617678744,-1.9022920654642537,-0.715711926763727,0.8738258933631227,-0.11839832904987226,0.5017679954033737,0.17269347463036908,0.09000117304571391,0.09000117304571391,0.0,0.028657090400744892,1.0248149067757963,-0.05514527649923412,-0.002078552551378297,0.18006509560877876,-4.6504261685058,0,1.9376091399568274
30.255679999996964,-1.9827494269924335,-0.9320577647056232,1.0829353386643077,-0.022839597603621416,0.4580074864187564,0.10148428565345655,-2.2795314447654365,-1.0797266989159204,1.4426918336559,0.10319310314174421,0.34048529655149806,-0.25544682764202986,-2.090699547333443,-0.8970165431864531,1.1577314578745788,-0.007717219540616187,0.422523059321369,-0.041318361248479284,0.09000117304571391,0.09000117304571391,0.0,0.028501826038184415,1.0145748191552335,-0.05539369889933943,-0.0020714454021546237,0.1817420610528375,-4.651308661721671,0,1.9356778976270868
30.259839999996963,-1.982844073848864,-0.9301322534776119,1.0833571245829623,-0.02271524554330753,0.4621226947227298,0.1012286204770941,-1.7038663869498454,-1.2461881351385007,0.6976693015636106,-0.17369907596090442,0.3812071857374846,0.04526553809257411,-1.8976414847701149,-1.0708150040863171,0.9277925558335544,-0.0907285566035435,0.4033686765242412,0.0013696977770314965,0.09000117304571391,0.09000117304571391,0.0,0.02834737020966114,1.0044057015490377,-0.05563475707062232,-0.002062596174361871,0.183401459171192,-4.652177137947945,0,1.9337296610700838
30.26399999999696,-1.9829382053177893,-0.9281897775641718,1.0837778410280439,-0.022591552542098204,0.46619421922561094,0.10097194681958692,-2.253076630545806,-0.7466187313223521,1.0961843427014037,0.14606677119829664,0.3353711459595149,0.156116347443842,-2.0750567882813526,-0.9080214703410772,1.012313805497086,0.02720105524247943,0.3715060154507975,0.07899255511035458,0.09000117304571391,0.09000117304571391,0.0,0.028193719224202912,0.9943071268719226,-0.05586856643179555,-0.0020520880180208614,0.18504340535259267,-4.653031826018654,0,1.931764611275621
30.26815999999696,-1.9830318241319491,-0.9262305177212837,1.084197483928633,-0.02246851539835757,0.47022236229312575,0.10071429614139149,-1.6868933620080764,-1.0758571718325436,1.2229128789807209,0.01945136033340942,0.4188851065579831,0.16454819163123235,-1.8809311862125466,-0.9910717568914073,1.1179593158019234,0.02298314500260515,0.3964091464485365,0.12068568281202245,0.09000117304571391,0.09000117304571391,0.0,0.028040869401089824,0.984278670178909,-0.056095240813934466,-0.0020400013315149236,0.18666801464834065,-4.653872951001567,0,1.929782927979609
30.27231999999696,-1.9831249330107916,-0.9242546534521199,1.0846160493428618,-0.022346130922188685,0.4742074245993156,0.10045569941492942,-2.0896041729643455,-1.0076216279714765,1.460401552004778,-0.13943422288744894,0.360823674702983,-0.013741020837120213,-1.985558923030756,-0.9986001301243369,1.2891541615340762,-0.05832856032805237,0.38045771096939257,0.05352309323185683,0.09000117304571391,0.09000117304571391,0.0,0.027888817069689313,0.9743199086618065,-0.05631489247935467,-0.0020264138398027425,0.1882754017578703,-4.65470073426034,0,1.9277847896711078
30.27647999999696,-1.9832175346605225,-0.9222623630140677,1.085033533455908,-0.02222439593541909,0.47814970513252014,0.1001961871310733,-1.7496165411819955,-0.5251331834321187,1.1960516086256296,0.18732771690204106,0.41868047005475795,0.10955976266695569,-1.867196290183799,-0.760997011760783,1.2428291800818558,0.06440946302132632,0.4017358232920895,0.08198724788716104,0.09000117304571391,0.09000117304571391,0.0,0.027737558569611805,0.9644304216427845,-0.056527632142923334,-0.0020114006706086303,0.18986568101513387,-4.655515393515643,0,1.9257703735993374
30.280639999996957,-1.983309631774154,-0.9202538234257286,1.0854499325780145,-0.022103307271587155,0.48204950120138396,0.09993578930555354,-1.532453170153297,-0.9287567378191095,0.910658027059402,0.15062833341834053,0.6240103580185253,0.271320668511503,-1.699509591132648,-0.8435835199719397,1.0773065262382864,0.1077566238687819,0.5144911496891518,0.17620527189646742,0.09000117304571391,0.09000117304571391,0.0,0.027587090250866503,0.9546097905704839,-0.0567335689902434,-0.001995034428638508,0.19143896637574992,-4.656317142905278,0,1.923739855780668
30.284799999996956,-1.9834012270315537,-0.9182292104738915,1.0858652431425366,-0.021982861775929084,0.4859071084408964,0.09967453548529835,-1.9584063109027097,-1.4026129325548031,1.3808443305568088,-0.020237116181674012,0.4926749872520466,0.07848025927083957,-1.8290030538933963,-1.1220820668721985,1.2292407712263693,0.04434429379031892,0.5058340338962924,0.1273575912203119,0.09000117304571391,0.09000117304571391,0.0,0.02743740847369655,0.944857599013645,-0.05693281069891132,-0.0019773852678684357,0.1929953714048825,-4.6571061930433055,0,1.9216934110055797
30.288959999996955,-1.9834923230994927,-0.9161886987204813,1.0862794617040146,-0.02186305630536776,0.48972282081845436,0.09941245475469358,-1.7872137104051564,-1.0061779689784327,1.0311122357466591,0.016154261456884384,0.586981583042372,0.17485747059724288,-1.8080749124153443,-1.0629133850207377,1.130538774376183,0.030454514250518483,0.5488465871210587,0.1511242814062527,0.09000117304571391,0.09000117304571391,0.0,0.027288509608627602,0.9351734326579164,-0.05712546345621833,-0.0019585209619511525,0.19453500926581685,-4.657882751078187,0,1.9196312128456006
30.293119999996954,-1.9835829226316948,-0.9141324615094815,1.086692584936272,-0.021743887728502432,0.4934969306399603,0.09914957574177671,-2.203846784736474,-0.614076518410321,1.634666819247328,-0.08662358863635616,0.40461941461249135,0.2448295222272741,-2.0061437523832293,-0.8376545041782375,1.3831154227998808,-0.028096347910724514,0.47880492508712774,0.1980381845035507,0.09000117304571391,0.09000117304571391,0.0,0.02714039003651652,0.9255568792980441,-0.05731163197949546,-0.0019385069727856194,0.19605799270920254,-4.658647020749979,0,1.9175534336602167
30.297279999996952,-1.9836730282688848,-0.9120606709738317,1.0871046096305401,-0.021625352925599105,0.49722972855593595,0.09888592662435354,-2.073077365834117,-1.4279573977039963,1.109986266761464,-0.0417555324102586,0.5966560885748623,-0.0008768503028958458,-2.0396994801365054,-1.1315729745174468,1.2465467399419305,-0.03415458708203112,0.5396079617977985,0.0987712085734527,0.09000117304571391,0.09000117304571391,0.0,0.026993046148706908,0.9160075288345217,-0.05749141953396936,-0.001917406517293553,0.19756443406293034,-4.659399202446573,0,1.9154602446037559
30.30143999999695,-1.9837626426388373,-0.9099734980422998,1.087515532693607,-0.021507448788581126,0.5009215035676694,0.09862153513604732,-2.4113480305365766,-0.871559304023048,1.3028712840689887,0.0427746323908299,0.5138060834162606,0.053446912414454276,-2.2254370348610406,-1.0004991108623256,1.2748209622810227,0.004136282237768912,0.5283881096983145,0.0759253365719637,0.09000117304571391,0.09000117304571391,0.0,0.026846474346757083,0.9065249732673317,-0.057664927952833234,-0.0018952806324459392,0.19905444522261695,-4.660139493259014,0,1.913351815632247
30.30559999999695,-1.983851768356425,-0.9078711124463273,1.0879253511459914,-0.0213901722210216,0.5045725430333834,0.09835642857227099,-2.536914107001667,-0.7189243988227774,1.3846403746612563,0.0427219016224461,0.42388364007513857,-0.13388789455786904,-2.3810882387545647,-0.8588326318031761,1.3294524585707592,0.02311339490135394,0.47831253758976894,-0.028729628274120685,0.09000117304571391,0.09000117304571391,0.0,0.026700671042809182,0.8971088066904085,-0.0578322576537571,-0.0018721882385815797,0.20052813764266886,-4.660868087035901,0,1.911228315510251
30.30975999999695,-1.9839404080236671,-0.9057536827268505,1.088334062120142,-0.021273520138134907,0.5081831326744266,0.09809063379613661,-2.060658406646639,-1.0318616451092886,1.1884892970017877,-0.1039947782878711,0.44231007291297925,0.05504188595794387,-2.2210889267155327,-0.9444319887496472,1.2590845568875673,-0.03969201693796222,0.4620598192063017,0.013064232638597186,0.09000117304571391,0.09000117304571391,0.0,0.026555632659317062,0.8877586252859668,-0.057993507659106935,-0.0018481862010591831,0.2019856223278988,-4.661585174436889,0,1.909089911817667
30.313919999996948,-1.9840285642297786,-0.9036213762410943,1.08874166285866,-0.021157489466769912,0.5117535565814872,0.09782417724428646,-1.8369951753081626,-1.2018220593035385,1.2240824298724888,-0.03270009749408276,0.4603526921843534,0.00998568851183508,-2.0291070232036037,-1.0721750539305632,1.241603518052475,-0.036367379073840196,0.4630090340908064,0.011765740799896101,0.09000117304571391,0.09000117304571391,0.0,0.026411355629522397,0.8784740273198777,-0.05814877561238946,-0.00182332939028264,0.20342700982566936,-4.662290942985312,0,1.906936770956514
30.318079999996947,-1.9841162395512177,-0.9014743591693408,1.089148150712546,-0.021042077145401655,0.515284097220833,0.09755708493266099,-2.2519732934200736,-0.8343894469343616,1.082169002471077,0.20029068515499276,0.41479383271418735,0.17058479125224607,-2.14012399655067,-0.9524211932539536,1.162241489298183,0.08140678346564777,0.4405229314484649,0.09042784600604176,0.09000117304571391,0.09000117304571391,0.0,0.02626783639696887,0.8692546131340209,-0.058298157797334216,-0.001797670740140229,0.20485241021854123,-4.662985577119932,0,1.9047690581576806
30.322239999996945,-1.984203436551735,-0.8993127965216718,1.0895535231394717,-0.020927280124125473,0.5187750354405631,0.09728938246219239,-2.515716334301182,-0.8154972255005046,1.463323981978279,0.011354302587206301,0.5757337953547639,0.010044571372937891,-2.3279003117495494,-0.8827644460340306,1.3128064508295119,0.046930651374305514,0.50990088489409,0.04989709464515429,0.09000117304571391,0.09000117304571391,0.0,0.026125071415764117,0.8600999851423545,-0.05844174915469608,-0.0017712613048949213,0.20626193311740032,-4.6636692582458386,0,1.9025869374876545
30.326399999996944,-1.984290157782421,-0.8971368521446849,1.0899577777020735,-0.020813095364650386,0.522226650476889,0.09702109502443301,-2.107221895732626,-1.0804188154484753,1.0476248030245703,-0.028502040042058745,0.670031242779676,0.12400257647487563,-2.217618422592362,-0.9802030128585565,1.1804726506881755,0.009017003883430352,0.5917082360876224,0.08648463551411528,0.09000117304571391,0.09000117304571391,0.0,0.02598305715073504,0.8510097478239667,-0.05857964330019727,-0.0017441503145644295,0.2076556876550442,-4.664342164784501,0,1.90039057185522
30.330559999996943,-1.9843764057817557,-0.8949466887281831,1.0903609120662698,-0.020699519840292106,0.5256392199604287,0.09675224740711356,-2.867006676868592,-0.7282565088586329,1.025723516968878,-0.12222983203858645,0.5648003891737465,0.09605372367037301,-2.542570619564145,-0.8530562296675263,1.1032966758086167,-0.056938806367167694,0.5796986284684819,0.091323437608816,0.09000117304571391,0.09000117304571391,0.0,0.02584179007726256,0.841983507717702,-0.058711932541470224,-0.0017163852288279683,0.20903378248020538,-4.665004472223002,0,1.8981801230181348
30.334719999996942,-1.9844621830756555,-0.8927424678118392,1.0907629239996017,-0.02058655053596697,0.5290130199225228,0.0964828639996349,-1.8019746563405026,-1.0569956228069919,1.243887676619316,-0.027117916955317584,0.5546016933763406,0.09016869655313098,-2.1723241126811828,-0.9538768358946883,1.1737812738276858,-0.04190882907599296,0.568612537881909,0.09047419561080293,0.09000117304571391,0.09000117304571391,0.0,0.02570126668132975,0.8330208734158018,-0.058838707894855014,-0.0016880117894955365,0.21039632575199158,-4.665656353162451,0,1.8959557515897734
30.33887999999694,-1.984547492177523,-0.8905243497918327,1.0911638113695954,-0.020474184448185866,0.5323483248015652,0.09621296879849399,-1.7555731010273576,-0.8738605227685758,1.172469487400753,0.09169747767409966,0.604003721546301,0.15120222275583,-1.9637555941367981,-0.9126141259777759,1.173439980288571,0.025189460329280617,0.5874198297565565,0.12078016564258204,0.09000117304571391,0.09000117304571391,0.0,0.02556148345999793,0.8241214555579444,-0.05896005910269331,-0.0016590740715753147,0.21174342513472397,-4.666297977365603,0,1.8937176170457486
30.34303999999694,-1.984632335588294,-0.8882924939274603,1.0915635721421482,-0.020362418585046293,0.5356454074493522,0.09594258541264146,-1.9452599563573991,-0.7025390609980053,0.8691502241300736,-0.1503402833911896,0.7009261723103812,0.04212385572065821,-1.954819747964184,-0.806120301377149,1.021382463512022,-0.06285329391759541,0.6456486027319335,0.08055587158571317,0.09000117304571391,0.09000117304571391,0.0,0.025422436920492987,0.8152848668253658,-0.05907607465026271,-0.001629614532973789,0.21307518779315449,-4.666929511803691,0,1.891465877730505
30.34719999999694,-1.9847167157964867,-0.886047058347721,1.0919622043799346,-0.020251249966228336,0.5389045391374471,0.09567173706877226,-2.029372962922194,-1.0951994306886244,1.088191228436723,0.0737792078251001,0.6014588272704191,0.05224090188852762,-1.991943526019824,-0.9494130727317482,1.0548938929706833,0.005505901937542081,0.6246147334014788,0.06740036576531483,0.09000117304571391,0.09000117304571391,0.0,0.025284123581429147,0.806510721934528,-0.05918684178063777,-0.001599674062861961,0.2143917203880449,-4.66755112070248,0,1.8892006908638848
30.351359999996937,-1.984800635278249,-0.8837882000578728,1.092359706240837,-0.02014067562298559,0.54212598956356,0.09540044661655767,-1.8997925414485244,-0.6919310058811008,0.5679762269326203,-0.050810467345715635,0.5909778468455964,0.1408825069958246,-1.9459731355556553,-0.8194435432366819,0.8117251396978593,-0.02261869698176136,0.609011295430425,0.10391774525764516,0.09000117304571391,0.09000117304571391,0.0,0.02514653997168176,0.797798637630972,-0.059292446513253216,-0.0015692920287416314,0.21569312907209098,-4.668162965587565,0,1.8869222125476672
30.355519999996936,-1.984884096497408,-0.8815160749459647,1.0927560759763946,-0.020030692598140814,0.5453100268579419,0.09512873653380317,-2.5653565160884977,-0.7778729626549415,0.618110876139585,0.0913957497614647,0.5077603025326543,0.25116242667810673,-2.2554797634929833,-0.7976054474754481,0.7154382419187997,0.03471976091095786,0.5601290956999891,0.17792577894258133,0.09000117304571391,0.09000117304571391,0.0,0.025009682631504153,0.789148232682398,-0.059392973657613535,-0.0015385063222425675,0.21697951948617522,-4.668765205328924,0,1.8846305977720805
30.359679999996935,-1.9849671019055166,-0.8792308377893406,1.093151311930276,-0.0199212979460769,0.5484569175897899,0.0948566289315522,-2.0064844631273253,-0.40868790684255013,1.2042554544074298,0.08664334568803768,0.6354158366729509,0.3491911140605818,-2.1308009901147558,-0.6018263406150154,0.9605760393183059,0.06107962549333282,0.5997060702575489,0.2638055473372608,0.09000117304571391,0.09000117304571391,0.0,0.024873548111614144,0.7805591278739623,-0.05948850683070095,-0.001507353403684093,0.21825099675593257,-4.669357996184724,0,1.8823260004222881
30.363839999996934,-1.985049653941903,-0.876932642261117,1.0935454125367723,-0.019812488732731618,0.5515669267736709,0.09458414555912,-1.9810176610200765,-0.5205432257901641,1.0905115147951119,-0.04041006517593408,0.5079203669835763,0.12224943847759556,-2.0559925088928743,-0.5601300499111218,1.0257988464557242,0.010427668054345229,0.5549226448533614,0.19309189367884316,0.09000117304571391,0.09000117304571391,0.0,0.024738132973776174,0.7720309459997008,-0.05957912847209629,-0.0014758683454298676,0.219507665488616,-4.6699414918444155,0,1.8800085732848457
30.367999999996933,-1.985131755033718,-0.8746216409366339,1.09393837631931,-0.01970426203558988,0.5546403178759499,0.09431130780906734,-2.1612731183797793,-0.176723670124747,0.8578310671689244,0.02975934010678953,0.3359573950029418,0.1490317445578423,-2.108570678574665,-0.3677285210512524,0.9421252571931241,0.01962431592325356,0.4469568970165701,0.1703462468578999,0.09000117304571391,0.09000117304571391,0.0,0.024603433790956745,0.7635633118582001,-0.059664919859589105,-0.00144408487406772,0.22074962977024526,-4.670515843471109,0,1.8776784680541339
30.37215999999693,-1.9852134075959833,-0.8722979852998787,1.0943302018889856,-0.019596614943675216,0.5576773528212364,0.0940381367221114,-2.203774987796529,-0.36731786314079495,1.2044362674284284,-0.05536043606977065,0.5663349142174225,0.17098124638645407,-2.1562893560683283,-0.36634801951152607,1.073639220994227,-0.01752254205788882,0.5079800074562641,0.17018904704292076,0.09000117304571391,0.09000117304571391,0.0,0.024469447146624183,0.7551558522445017,-0.05974596112420805,-0.001412035411442975,0.22197699316302796,-4.671081199743254,0,1.8753358353387612
30.37631999999693,-1.9852946140316396,-0.8699618257498836,1.0947208879431187,-0.01948954455754411,0.5606782919988357,0.0937646529919766,-1.8345558753979962,-0.7907198655755638,1.1743921251280218,0.1097376065279529,0.6527159964496024,0.15960863861964275,-1.995191243879693,-0.5771826479727239,1.1243469679637792,0.04568130026662899,0.5819573187164823,0.1655685747615307,0.09000117304571391,0.09000117304571391,0.0,0.02433616963565151,0.7468081959445425,-0.05982233126509806,-0.0013797511145743216,0.22318985870303854,-4.671637706895628,0,1.8729808246679414
30.38047999999693,-1.985375376731595,-0.8676133116070952,1.0951104332638277,-0.019383047989276373,0.5636433942692136,0.09349087697018535,-1.8896424473569642,-1.1970654334294948,1.2549439697572815,-0.11994003887409935,0.5599446785541045,0.13558459349304658,-1.9426646395290392,-0.8859662610758109,1.1899299241113803,-0.03757042295724527,0.5721792088235872,0.14984311358768093,0.09000117304571391,0.09000117304571391,0.0,0.02420359786393743,0.7385199737280757,-0.05989410816552765,-0.0013472619144807426,0.2243883288981433,-4.672185508759648,0,1.8706135844978422
30.384639999996928,-1.985455698074772,-0.8652525911197183,1.0954988367166227,-0.01927712236246699,0.5665729169704684,0.09321682867078442,-1.99093389735936,-1.558756485681739,1.0213507212001702,0.05248002589527226,0.7500253443856034,0.017790794847270613,-1.9666903649758651,-1.2208096851689656,1.1056774888043086,0.007408501794033984,0.6628386602248696,0.08318038784856678,0.09000117304571391,0.09000117304571391,0.0,0.024071728448347277,0.7302908183424162,-0.05996136860660428,-0.0013145965539464854,0.22557250572616017,-4.672724746803022,0,1.8682342622179091
30.388799999996927,-1.9855355804281563,-0.8628798114700316,1.0958860972490185,-0.01917176481221799,0.5694671159248119,0.09294252777501587,-2.1838283115431087,-0.7110654011947561,1.2114869536313384,-0.1332658884468974,0.5461229723612979,0.005639958384858937,-2.075538474141774,-0.9648018564414151,1.158595679050626,-0.06271423260950601,0.6063155027064158,0.043940796836780656,0.09000117304571391,0.09000117304571391,0.0,0.023940558016760774,0.722120364505199,-0.060024188281473545,-0.0012817826242510072,0.22674249063324137,-4.673255560168734,0,1.8658430041571588
30.392959999996926,-1.9856150261468444,-0.8604951187806772,1.0962722138891683,-0.01906697248512996,0.5723262454450567,0.0926679936359307,-1.9987130380015923,-0.4958213377574521,1.6354588481458445,-0.1263837584296141,0.5708195796720061,0.002672689247982571,-2.0373863976700943,-0.7291255046934568,1.3970364869108656,-0.09536011161655247,0.5907227086926504,0.023151980070181523,0.09000117304571391,0.09000117304571391,0.0,0.02381008320844069,0.7140082488987136,-0.06008264181150352,-0.0012488466008899273,0.2278983845324687,-4.6737780857134,0,1.8634399555904493
30.397119999996924,-1.9856940375740915,-0.8580986581209226,1.0966571857445138,-0.018962742539291765,0.5751505583411141,0.09239324528293678,-1.066217144134483,-1.207965595449943,1.0436463713027675,0.007450184419121559,0.633567655114632,0.13769436571420113,-1.551779069605054,-0.9672332323152422,1.2206240817704959,-0.04415839108597121,0.6131684735502072,0.08102879868838214,0.09000117304571391,0.09000117304571391,0.0,0.02368030067365337,0.705954110162073,-0.06013680275803457,-0.0012158138783134188,0.2290402878026514,-4.67429245804498,0,1.8610252607447189
30.401279999996923,-1.9857726170413592,-0.8556905735128955,1.0970410120004568,-0.018859072144271693,0.5779403059264935,0.09211830142629925,-2.281750906514632,-1.1941037229086087,0.7297061797031481,-0.023579915914518974,0.4258965291480612,0.26456633298744686,-1.91681843041389,-1.0797869953014416,0.9757126970704153,-0.034212419150082385,0.5208824390198149,0.17244382374049402,0.09000117304571391,0.09000117304571391,0.0,0.023551207073930158,0.6979575888844258,-0.06018674363889026,-0.0011827088037059219,0.2301683002873165,-4.674798809559868,0,1.858599062805198
30.405439999996922,-1.9858507668683638,-0.8532710079377921,1.0974236919190468,-0.018755958481107213,0.5806957380248084,0.09184318046157372,-1.910068740912303,-0.7940517135129065,1.399029694337658,-0.015634022419520006,0.7114515019311413,0.12591563718770235,-1.9134749785676386,-0.9354411881958888,1.1876360438140785,-0.02544283713029353,0.6179010003959144,0.149189874638513,0.09000117304571391,0.09000117304571391,0.0,0.023422799082115392,0.6900183275996352,-0.060232535939812315,-0.0011495547098324017,0.23128252129388155,-4.6752972704793745,0,1.8561615039215988
30.40959999999692,-1.9859284893631233,-0.8508401033420575,1.0978052248376884,-0.01865339874229431,0.5834171029762929,0.09156790047399323,-1.7474843155638422,-1.0731497239864494,1.6563085386184269,-0.015567307307485082,0.6276663064265003,0.14207306053307905,-1.8305099242769813,-1.002993391579499,1.4222717298201517,-0.02095808444130462,0.6239848919386375,0.14531878031511516,0.09000117304571391,0.09000117304571391,0.0,0.023295073382093426,0.6821359707773,-0.06027425013001242,-0.001116373946974746,0.23238304959300346,-4.675787968885602,0,1.8537127252142702
30.41375999999692,-1.9860057868220056,-0.8483980006435395,1.0981856101678666,-0.018551390131777704,0.5861046476443135,0.09129247924279148,-2.3407242589789177,-1.1133413306717088,0.763461899120402,-0.06642339800805255,0.5407398910841981,0.15327409614171422,-2.0857570824364107,-1.0570457118883,1.093181566850954,-0.044523596507820666,0.5834745280563406,0.14902823000497717,0.09000117304571391,0.09000117304571391,0.0,0.023168026669263854,0.6743101648175935,-0.060311955675000806,-0.0010831879139811419,0.23346998341809144,-4.6762710307567295,0,1.8512528667803312
30.41791999999692,-1.9860826615297762,-0.845944839737615,1.0985648473938894,-0.018449929864938805,0.5887586174218923,0.09101693424547398,-1.8232224763344782,-0.7748066868305222,0.8826959429247248,-0.08324332223632198,0.6285726975065884,0.08205350541689069,-1.954661685092038,-0.9146191749669034,0.9881088247523498,-0.0635929110580226,0.6071571789045286,0.11512498224849074,0.09000117304571391,0.09000117304571391,0.0,0.023041655650268715,0.6665405580431913,-0.06034572104968061,-0.0010500170884519442,0.23454342046497884,-4.6767465800017165,0,1.8487820676997733
30.422079999996917,-1.9861591157596452,-0.843480759503289,1.0989429360716478,-0.018349015168584545,0.5913792562382285,0.09074128266203568,-2.013167516898087,-0.6827527355931295,1.1474260393537006,-0.04648608792932575,0.5902776816536613,0.10415451138021564,-1.9840119253194752,-0.7974589835767835,1.0679843122329398,-0.05493229949122268,0.5998778933203679,0.11006021605052772,0.09000117304571391,0.09000117304571391,0.0,0.02291595704282612,0.6588268006927738,-0.060375613751923574,-0.0010168810560837222,0.2356034578917443,-4.6772147384944285,0,1.8463004660415374
30.426239999996916,-1.9862351517733159,-0.8410058978092673,1.099319875827394,-0.018248643280936606,0.5939668065652239,0.09046554137912302,-2.127493292665206,-1.2311891241630863,0.9259057391304162,0.07176029214526397,0.6086125626100096,-0.10051291639713422,-2.0556035527797567,-1.013063125555888,0.9967358253737104,0.008020785141232362,0.6051741658975991,0.004374650035221503,0.09000117304571391,0.09000117304571391,0.0,0.022790927576526107,0.6511685449141811,-0.06040170031512854,-0.0009837985391928407,0.23665019231867573,-4.677675626107204,0,1.843808198869563
30.430399999996915,-1.9863107718210309,-0.8385203915200006,1.0996956663565363,-0.01814881145161703,0.596521509424011,0.09018972699414461,-1.7398832154863737,-0.8895000547196021,1.2203173873699003,-0.12002120678092104,0.5553493245053102,-0.018033337490813192,-1.8979904736739701,-0.950130379608186,1.1084927529370496,-0.056156380437996485,0.5825558983277042,-0.007833280128831902,0.09000117304571391,0.09000117304571391,0.0,0.02266656399170256,0.6435654447571142,-0.0604240463216873,-0.0009507874244408705,0.23768371982836992,-4.678129360743864,0,1.8413054022488098
30.434559999996914,-1.986385978141621,-0.8360243765017027,1.10007030742245,-0.018049516941638262,0.5990436043914816,0.08991385581932666,-1.5429566003253472,-1.0542856866120827,0.953307842095103,-0.011726051795613226,0.6992639564564564,0.06916395173725688,-1.7204964218579142,-1.0007564024687772,1.0310449471096075,-0.03347314790425541,0.6419070284631495,0.029758121231184913,0.09000117304571391,0.09000117304571391,0.0,0.02254286304076311,0.6360171561662362,-0.06044271641521887,-0.0009178647897807849,0.23870413596596074,-4.678576058372179,0,1.8387922112512525
30.438719999996913,-1.9864607729625519,-0.833517987628341,1.1004437988553073,-0.01795075702338732,0.6015333296068162,0.08963794388571827,-2.15439793653625,-0.8186031123408333,1.4164821059120647,-0.0939900008718531,0.4797585617209154,0.025820507208357796,-1.9376453340844697,-0.9086835553538944,1.2238211698991734,-0.0639093614801468,0.5622647224110663,0.02719313838325545,0.09000117304571391,0.09000117304571391,0.0,0.02241982148695424,0.6285233369736036,-0.06045777431328131,-0.000885046930645751,0.23971153573946985,-4.679015833055795,0,1.836268759961846
30.44287999999691,-1.986535158499971,-0.8310013587875993,1.1008161405509205,-0.01785252898061481,0.6039909217780115,0.08936200694714438,-2.0905310441194027,-0.9740224950763864,1.3228165426932954,-0.03605241663852679,0.721757616016165,0.1908369304937,-2.014163931265677,-0.939855477962307,1.2737182407791452,-0.05013443792432582,0.6435542462324694,0.10815996986231971,0.09000117304571391,0.09000117304571391,0.0,0.022297436105370307,0.6210836468925685,-0.06046928281927738,-0.0008523493853986354,0.24070601362027305,-4.67944879698564,0,1.833735181484467
30.44703999999691,-1.9866091369587562,-0.8284746228868143,1.1011873324696042,-0.01775483010841942,0.6064166161884126,0.08908606048410987,-2.133572558468465,-0.627187598975357,1.375740394450917,0.015474902283435968,0.5815280664293057,0.020210978940066585,-2.0738366630272917,-0.7823110473955645,1.3247714732027989,-0.017444584654732663,0.6131501469262568,0.06447795009997885,0.09000117304571391,0.09000117304571391,0.0,0.022175703682359826,0.6136977475094083,-0.06047730383547928,-0.0008197869600628374,0.2416876635436779,-4.679875060510804,0,1.8311916079478248
30.45119999999691,-1.9866827105325613,-0.8259379118588841,1.1015573746350527,-0.017657657713234562,0.6088106467032375,0.08881011970764993,-1.9479659189761465,-1.0067506667526345,1.1883620482514279,-0.12352885514032712,0.6587939693446826,0.01344740599444351,-2.011156885296569,-0.8931645472838141,1.2565946445783742,-0.07070176548346158,0.6371192889046311,0.038548499008071314,0.09000117304571391,0.09000117304571391,0.0,0.022054621015786285,0.6063653022770652,-0.060481898374819265,-0.0007873737523519087,0.24265657890960482,-4.680294732168915,0,1.8286381705113466
30.455359999996908,-1.9867558814038646,-0.8233913566681503,1.1019262671332324,-0.01756100911281364,0.6111732457761051,0.08853419956313191,-2.1971799222733757,-0.9308467690748216,1.207260005141125,0.07533929679795913,0.6179942221703605,0.03820064266012496,-2.1040127865546823,-0.9107237873027109,1.2320074321302548,0.002205857780018768,0.6291329313736999,0.037895551898137675,0.09000117304571391,0.09000117304571391,0.0,0.021934184915075462,0.5990859765076848,-0.06048312657251392,-0.0007551231750171711,0.2436128525833685,-4.680707918716005,0,1.8260749993710357
30.459519999996907,-1.9868286517440155,-0.8208350873162522,1.1022940101112908,-0.017464881636214746,0.6135046444555593,0.08825831473400911,-1.9358655879706015,-0.6057540312547207,1.2670336130493636,0.03916404056912026,0.3946021328576351,0.07982856181799532,-2.01985756489531,-0.7574167607270307,1.2496843951748897,0.021170299937532975,0.5122414464217965,0.06001992047833276,0.09000117304571391,0.09000117304571391,0.0,0.021814392201155712,0.5918594373652322,-0.06048104769773438,-0.0007230479785303627,0.24455657689655314,-4.681114725155894,0,1.8235022237653007
30.463679999996906,-1.9869010237132811,-0.8182692328479539,1.1026606037764806,-0.017369272623785313,0.6158050723915901,0.08798247964552643,-2.0706008615871676,-1.0258915636079007,1.2428987253261967,-0.021847713904788697,0.4616950122169101,0.25967352086514417,-2.045276452074205,-0.8906966393921348,1.2468316283102514,0.00035700398768161916,0.48740939213114237,0.15983289750717372,0.09000117304571391,0.09000117304571391,0.0,0.021695239706398084,0.584685353858402,-0.0604757201657522,-0.0006911602731194207,0.24548784364797688,-4.681515254769083,0,1.8209199719807585
30.467839999996905,-1.9869729994608942,-0.815693921356945,1.1030260483950989,-0.017274179427146676,0.6180747578421519,0.08770670846837583,-2.2842697175970605,-1.0101535223147833,0.870225891266353,-0.05645219972288329,0.7412685718634584,0.10523305628017829,-2.164892824341343,-0.9488857485051078,1.0587457473310016,-0.027732273425960834,0.6151155447826556,0.13218010171159628,0.09000117304571391,0.09000117304571391,0.0,0.02157672427487714,0.5775633968333966,-0.06046720154906199,-0.0006594715501736591,0.24640674410474142,-4.681909609141165,0,1.8183283713580107
30.471999999996903,-1.9870445811250992,-0.813109279991613,1.103390344291442,-0.017179599409177206,0.6203139276796785,0.08743101512230575,-2.4558272870281486,-1.1282370935430954,1.4011251409617766,0.07455657191745198,0.512008124841324,0.11356447177773234,-2.3102074288296555,-1.0375019093875466,1.2301733328570104,0.023604109924106883,0.5655857143742493,0.12321866157733055,0.09000117304571391,0.09000117304571391,0.0,0.021458842762097287,0.5704932389665665,-0.060455548588762675,-0.0006279927030355282,0.24731336900336134,-4.682297888190775,0,1.8157275482973911
30.476159999996902,-1.9871157708331992,-0.8105154349607897,1.103753491846774,-0.017085529943996276,0.6225228073975935,0.08715541327968329,-2.013943619224492,-0.6650317396100839,1.0407831712371332,-0.14198222066664276,0.5367244202458974,0.11370972143006502,-2.162369081818322,-0.8501491607109369,1.1357136786817028,-0.059028434632091786,0.5517886083242078,0.11834988984858826,0.09000117304571391,0.09000117304571391,0.0,0.0213415920351464,0.563474554757347,-0.060440817205770325,-0.0005967340471945056,0.2482078085509697,-4.682680190197075,0,1.8131176282646886
30.4803199999969,-1.9871865707016032,-0.8079125115394696,1.1041154914983116,-0.016991968416947216,0.6247016211168168,0.08687991636901007,-2.1671801795154173,-1.0220565784801514,1.0426094794301608,-0.06801398481868734,0.6193400792371683,0.012352976352759615,-2.1649162644363367,-0.934817536507903,1.0891865879896212,-0.06345668560416154,0.5863646202803432,0.06537427691798198,0.09000117304571391,0.09000117304571391,0.0,0.02122496897274269,0.5565070205202056,-0.06042306251186119,-0.0005657053398992183,0.24909015242659582,-4.6830566118267845,0,1.8104987357968378
30.4844799999969,-1.9872569828358724,-0.8053006340745019,1.1044763437382215,-0.016898912224579773,0.6268505915922639,0.08660453757839215,-2.2892516198061688,-1.0115741655289758,1.3640356570377776,-0.10158999919706042,0.7649558723513712,0.2520197988787821,-2.227296299063015,-0.9716073023615504,1.2271365122165505,-0.08243306970094244,0.6766105828823344,0.15903485324877906,0.09000117304571391,0.09000117304571391,0.0,0.021108970465281533,0.5495903143784846,-0.06040233882033025,-0.000534915799203145,0.24996048978251068,-4.683427248160763,0,1.80787099450759
30.4886399999969,-1.9873270093307667,-0.8026799259902546,1.1048360491126339,-0.016806358774632022,0.6289699402193428,0.08632928985896571,-1.9593154068376768,-0.6030175986749753,1.1333823640824898,0.1610505176387659,0.36122607847946026,0.09147875805722383,-2.0929680258050225,-0.786561729701744,1.1804498746584613,0.038825978872645966,0.5204762849259157,0.12486713110795071,0.09000117304571391,0.09000117304571391,0.0,0.020993593414561397,0.5427241162559742,-0.060378699657549384,-0.0005043741224586083,0.2508189092456371,-4.68379219272016,0,1.805234527093149
30.492799999996897,-1.9873966522702917,-0.8000505097942527,1.1051946082206683,-0.016714305486013076,0.6310598870404425,0.08605418592827473,-1.7476151804003057,-1.0243055777742356,1.370901952256276,-0.07889248644949312,0.5154102581379423,0.19531624273669013,-1.920453634232139,-0.9043653749002214,1.2760832650963623,-0.019855669863576973,0.5189513765036804,0.16019928424883872,0.09000117304571391,0.09000117304571391,0.0,0.020878834734257945,0.5359081078702734,-0.06035219777200046,-0.00047408850427392254,0.2516654989190209,-4.684151537492125,0,1.8025894553377864
30.496959999996896,-1.987465913727745,-0.7974125070827885,1.1055520217134749,-0.016622749788783503,0.6331206507514158,0.08577923827361107,-2.025507511127688,-1.5488771076416519,1.155377118867177,-0.21595442480049817,0.5450382430952478,0.1278682850033121,-1.9734304170902277,-1.2254934846560934,1.2159940081502747,-0.11792597477469614,0.5326649199672623,0.14466166470334418,0.09000117304571391,0.09000117304571391,0.0,0.020764691349543195,0.5291419727250566,-0.060322885146772864,-0.00044406665394792263,0.25250034638335916,-4.6845053729550985,0,1.799935900119426
30.501119999996895,-1.9875347957657623,-0.794766038546505,1.1059082902932886,-0.016531689124136977,0.6351524487080554,0.08550445915530254,-1.8622991642301199,-0.34111406135948963,1.3447642751696145,-0.07072249537904896,0.6559892949556236,0.22932578994311947,-1.9180104394091613,-0.7819359612871678,1.2808573349580072,-0.09465150518325358,0.5956729418073684,0.18684345137886788,0.09000117304571391,0.09000117304571391,0.0,0.02065116019713171,0.5224253961024197,-0.0602908130084675,-0.00041431581239547387,0.2533235386985837,-4.684853788103681,0,1.7972739814152008
30.505279999996894,-1.9876033004363638,-0.7921112239759526,1.1062634147124968,-0.01644112094438141,0.6371554969325609,0.08522986060996378,-1.9894559978775388,-0.43057089075384525,1.2537069675933938,-0.010583768593361981,0.6424660264848281,-0.022878095630809128,-1.95375686999458,-0.6049168156806398,1.2672338598574737,-0.052076072761409666,0.620104601428959,0.08224404718949073,0.09000117304571391,0.09000117304571391,0.0,0.020538238225540732,0.5157580650565885,-0.06025603183763728,-0.0003848427685776858,0.2541351624054945,-4.685196870473098,0,1.7946038183069877
30.509439999996893,-1.987671429781001,-0.7894481822671192,1.1066173957727206,-0.01635104271291866,0.6391300101200024,0.08495545445370375,-2.4610519821009267,-0.730328334556247,1.1363717455053906,0.18483069591667933,0.6430000878103673,0.07082359089842481,-2.2070236295584937,-0.666286216596364,1.2019491164018783,0.06640840225388633,0.6316400160935443,0.0765737771096355,0.09000117304571391,0.09000117304571391,0.0,0.020425922395029827,0.5091396684049279,-0.060218591379482656,-0.0003556538754504147,0.25493530352744337,-4.685534706163252,0,1.7919255289869083
30.51359999999689,-1.987739185830602,-0.7867770314269327,1.1069702343239092,-0.016261451904224157,0.6410762016447696,0.08468125228528851,-2.1504109050439895,-1.1587901104367686,1.510202005287403,-0.18361607502321334,0.5680995052823191,0.1471728909846949,-2.179099257182843,-0.911361234161463,1.3563832467132722,-0.058361873715159406,0.6004771765201905,0.112150806329844,0.09000117304571391,0.09000117304571391,0.0,0.020314209677219433,0.5025698967218106,-0.06017854065308992,-0.00032675506544316605,0.25572404757206146,-4.685867379862384,0,1.7892392307628084
30.51775999999689,-1.9878065706056178,-0.7840978885787367,1.1073219312634477,-0.016172346003827782,0.642994283567018,0.08440726548926542,-1.9774148963024027,-0.3040503153865447,1.0452378213571651,-0.002254912123068579,0.6794012857463555,0.18707919105566934,-2.078260080271449,-0.6062917338790896,1.2011980620546316,-0.03044437664241492,0.6415419340723286,0.14932844107464302,0.09000117304571391,0.09000117304571391,0.0,0.02020309705556421,0.49604844233074896,-0.06013592796199224,-0.000298151865481647,0.25650147953303104,-4.686194974870342,0,1.786545040063709
30.52191999999689,-1.987873586116069,-0.7814108699677405,1.107672487535277,-0.016083722508292445,0.6448844666391035,0.08413350523904317,-2.09984549656404,-0.4433341792502741,0.834020257152349,-0.06124407710021838,0.6159702082507597,0.09458267428413564,-2.0891805146087616,-0.5235337521197095,1.0178040313375758,-0.045751257592487306,0.6302655902358208,0.1216167784099328,0.09000117304571391,0.09000117304571391,0.0,0.020092581525292537,0.4895749992963916,-0.06009080090327229,-0.00026984941156547816,0.25726768389189697,-4.686517573121466,0,1.7838430724452277
30.526079999996888,-1.9879402343615906,-0.7787160909664405,1.1080219041290267,-0.015995578925192582,0.6467469603120057,0.0838599824999339,-2.1541891715508976,-0.22872499939533342,1.029289142622383,0.1733889295073838,0.7283931001190941,0.22555224757905953,-2.121324379366952,-0.3746154024202272,1.024014835554371,0.06367273471417986,0.680826177387626,0.1740461505852273,0.09000117304571391,0.09000117304571391,0.0,0.019982660093131745,0.4831492634183119,-0.060043206377130065,-0.00024185246291397292,0.25802274461991664,-4.686835255207093,0,1.7811334425949779
30.530239999996887,-1.9880065173314785,-0.7760136660800165,1.1083701820791607,-0.015907912773093467,0.648581972741747,0.08358670803215504,-1.7375022862675535,-0.5634954772560884,1.2270465877000265,0.10146223024210552,0.6023251098986485,0.020154764792528854,-1.9291993555481703,-0.467805737493252,1.1255762639421938,0.08244341537601861,0.6424436089593745,0.09604752026623667,0.09000117304571391,0.09000117304571391,0.0,0.019873329777567575,0.4767709322224183,-0.05999319059713132,-0.00021416541569064932,0.2587667451799456,-4.687148100397693,0,1.778416264337938
30.534399999996886,-1.988072437004735,-0.7733037089517008,1.108717322464135,-0.015820721581529106,0.6503897107957959,0.08331369239378845,-1.620494614821033,-0.7440852501128032,0.7987100531990108,0.17103245169768702,0.5926835955938923,0.011209824626430193,-1.7744895113253176,-0.6047172860339638,0.9621650044084277,0.1269384568154965,0.6188283092402519,0.05324127109269908,0.09000117304571391,0.09000117304571391,0.0,0.019764587608783205,0.4704397049537259,-0.05994079909835409,-0.00018679231631859924,0.2594997685283567,-4.687456186664638,0,1.7756916506417944
30.538559999996885,-1.988137995350114,-0.7705863323681197,1.109063326405567,-0.015734002890980068,0.6521703800594615,0.0830409459437053,-2.0755430715910625,-1.2012698645014783,0.939306383436851,0.020626311384001162,0.6459562809453383,-0.0657537485182204,-1.9249749387600128,-0.901655509261109,0.9505997807307952,0.07352126966985151,0.6330300180931456,-0.006735541308468065,0.09000117304571391,0.09000117304571391,0.0,0.019656430628490984,0.4641552825695301,-0.059886076747496186,-0.0001597368743971091,0.2602218971169906,-4.687759590701608,0,1.7729597136222592
30.542719999996883,-1.9882031943261675,-0.7678616482646102,1.1094081950674188,-0.01564775425285169,0.6539241848422793,0.08276847884444853,-1.9505621244108076,-0.3605377558343712,1.7366314876109716,0.1368988634809318,0.555326405019787,0.29956105800266475,-1.9374836757954,-0.6299390818361039,1.3442433449275832,0.10506696001326868,0.5948075559351372,0.14681041459401978,0.09000117304571391,0.09000117304571391,0.0,0.019548855890405697,0.45791736773127134,-0.05982906775216512,-0.00013300247523055623,0.26093321289513594,-4.688058387945656,0,1.7702205645483597
30.546879999996882,-1.9882680358812903,-0.7651297677305087,1.10975192965519,-0.015561973229449974,0.6556513281843837,0.08249630106507651,-1.8386055305814515,-0.9299910124419869,1.2323741483148816,-0.08141951596958114,0.6828681717271887,0.1933047687182057,-1.8882133215112675,-0.7785475945527887,1.288710210236583,0.01186450476306635,0.6392138808880464,0.16996896651011278,0.09000117304571391,0.09000117304571391,0.0,0.019441860459541868,0.4517256647970125,-0.059769815668705595,-0.00010659219198065885,0.26163379731153746,-4.688352652597906,0,1.7674743138477016
30.55103999999688,-1.988332521953765,-0.7623908010144134,1.1100945314151234,-0.015476657393960109,0.6573520118628675,0.08222442238397357,-2.004131586587539,-0.4679360258513002,1.3941438332993208,-0.055385894004125996,0.47165256590234184,0.1517265329574402,-1.94628894389162,-0.6222592071356472,1.3417436917772327,-0.02152671513005102,0.5557295830531124,0.1606828035502244,0.09000117304571391,0.09000117304571391,0.0,0.019335441412793294,0.4455798798147481,-0.05970836341198654,-8.050879745111306e-05,0.26232373131642883,-4.688642457643925,0,1.7647210711117072
30.55519999999688,-1.9883966544718086,-0.7596448575294211,1.1104360016334218,-0.015391804330422238,0.6590264363981344,0.08195285239161962,-2.2262937465249033,-0.9458237678296086,1.0795623773865448,-0.022538982985075173,0.590079506643634,-0.09646825744270038,-2.0863415330068737,-0.782817402878261,1.2104506501447356,-0.021384595952904335,0.5733829216954092,0.03207500005382792,0.09000117304571391,0.09000117304571391,0.0,0.019229595838871807,0.43947972051386675,-0.059644753264155304,-5.475477551571838e-05,0.26300309536359107,-4.688927874873754,0,1.7619609451008247
30.55935999999688,-1.9884604353536157,-0.7568920458583368,1.1107763416354772,-0.01530741163370718,0.6606748010602331,0.08168160049332288,-1.6273254687123817,-0.0982590486363778,1.2473071562400695,-0.11644125402998563,0.594659737402391,0.01139221856635518,-1.8570728448169174,-0.4392974992517533,1.2289051977303798,-0.0687330209168935,0.584471294441393,0.020609219121297546,0.09000117304571391,0.09000117304571391,0.0,0.019124320837817926,0.43342489629862047,-0.059579026882783714,-2.933233219924316e-05,0.263671969412432,-4.689208974901605,0,1.7591940437497136
30.563519999996878,-1.9885238665074052,-0.7541324737588568,1.1111155527851102,-0.015223476909493862,0.6622973038751845,0.08141067591191828,-2.2436018089759537,-0.7736357790956078,1.1822894061416507,0.015207454072879944,0.582584247159313,0.1107422881077164,-2.050307935899135,-0.6052590441050014,1.2058276360263969,-0.02699158395899178,0.5844047848423958,0.06551633522705899,0.09000117304571391,0.09000117304571391,0.0,0.019019613521580124,0.4274151182396415,-0.05951122531011788,-4.243406420231491e-06,0.2643304329300875,-4.689485827185233,0,1.7564204741724012
30.567679999996876,-1.9885869498314646,-0.7513662481687264,1.1114536364838203,-0.015139997774244024,0.6638941416312902,0.08114008769042706,-2.401967330007745,-1.3118572746370436,1.116822785098466,0.15145607014204282,0.8987303669726711,0.09298424549221039,-2.225823460045228,-0.9566963582953298,1.1615191189869092,0.0614469532520052,0.7427916360431305,0.07870676787723058,0.09000117304571391,0.09000117304571391,0.0,0.018915471013846406,0.42145009906757247,-0.059441388980436494,2.0510319594302884e-05,0.26497856489354177,-4.689758500044994,0,1.7536403426674154
30.571839999996875,-1.9886496872141946,-0.7485934752108705,1.111790594170048,-0.015056971855177322,0.6654655098854343,0.08086984469468525,-2.0226688974818012,-0.8931741286896174,1.209703284139494,-0.01866495615602065,0.6641850409406207,-0.003763429602820098,-2.124283669737502,-0.9235527681844624,1.1856072094774954,0.02143939060316198,0.7032311866171234,0.0357947026986225,0.09000117304571391,0.09000117304571391,0.0,0.018811890449768467,0.4155295531647454,-0.05936955772915209,4.492741021388098e-05,0.2656164437917654,-4.690027060682584,0,1.7508537547228888
30.575999999996874,-1.9887120805341538,-0.7458142601984982,1.112126427318448,-0.014974396790247266,0.6670116029693662,0.0805999556159338,-2.5361527985372403,-0.9289551744854251,1.2112547066477573,-0.11436400239544524,0.6147984872617046,0.03552828304704028,-2.3304595811967785,-0.9249767316554743,1.1985052088638746,-0.046169337465801805,0.659734767512439,0.035578066002287335,0.09000117304571391,0.09000117304571391,0.0,0.01870886897611307,0.40965319655790267,-0.05929577080130549,6.900666662057147e-05,0.2662441476278704,-4.690291575199467,0,1.748060815021639
30.580159999996873,-1.9887741316601044,-0.7430287076401816,1.1124611374391702,-0.01489227022811622,0.6685326139959724,0.080330428973373,-1.4459125230780665,-0.5177141740671223,1.3326172229992417,-0.1315803176307659,0.6909079330751965,0.027130055930574846,-1.8884531611753883,-0.7199079888127514,1.2656185752691012,-0.08905428568199951,0.676499404947995,0.031358850253787214,0.09000117304571391,0.09000117304571391,0.0,0.018606403751734564,0.4038207469111079,-0.05922006685816589,9.274711732669153e-05,0.2668617539212804,-4.690552108615,0,1.7452616274462205
30.584319999996872,-1.988835842451055,-0.7402369212449085,1.1127947260771565,-0.014810589828128124,0.670028734865534,0.0800612731166889,-2.109739709811396,-0.9480341408558239,1.582591970891656,0.12132024701152776,0.4259408249566313,0.057008924430796026,-1.9988476626133802,-0.8330873386227202,1.4242266960121,0.017091412713565995,0.5515352272164076,0.043880274547812535,0.09000117304571391,0.09000117304571391,0.0,0.018504491946550686,0.3980319235174514,-0.05914248398749905,0.00011614800898653653,0.2674693397099148,-4.690808724884262,0,1.7424562950839524
30.58847999999687,-1.9888972147563062,-0.7374390039271086,1.113127194811442,-0.014729353260285192,0.6715001562719684,0.07979249622853644,-2.06527167889212,-0.6417638041250676,1.1261057061672972,-0.1418469355134096,0.5989213433095106,-0.07155136219675619,-2.032355459848947,-0.7361801532337897,1.2750156985861116,-0.06222968748356569,0.5760232525635599,-0.014024504635415361,0.09000117304571391,0.09000117304571391,0.0,0.018403130742441626,0.39228644729255047,-0.05906305970894843,0.00013920879749427557,0.26806698155238606,-4.691061486915583,0,1.739644920231919
30.59263999999687,-1.9889582504154946,-0.7346350578116542,1.1134585452544712,-0.01464855820522055,0.6729470677090583,0.07952410632699988,-1.9471169071627548,-0.7411106809359095,0.37976490822472264,0.06120558199774664,0.703158831357089,0.11663200684185282,-1.9896080752185852,-0.737185526007233,0.8276282143875168,-0.000619005287282106,0.640844778732272,0.050533595587967085,0.09000117304571391,0.09000117304571391,0.0,0.0183023173329742,0.3865840407662038,-0.05898183098372278,0.00016192913935936408,0.26865475553020857,-4.69131045658779,0,1.7368276044019453
30.59679999999687,-1.989018951258637,-0.7318251842388347,1.1137887790514212,-0.014568202354171738,0.6743696574766646,0.07925611126801223,-1.689564198100936,-1.0875736073195694,0.9470869624618576,-0.00029358262552136097,0.7798708532392051,0.25352469436151504,-1.8395840572374529,-0.9107617601849518,0.8878854532098885,-0.0007402554260751487,0.7112386415159755,0.15215805543504765,0.09000117304571391,0.09000117304571391,0.0,0.018202048923232288,0.38092442807562454,-0.0588988342215363,0.00018430888335201046,0.2692327372500183,-4.691555694767163,0,1.7340044483255452
30.600959999996867,-1.9890793191061742,-0.7290094837693059,1.1141178978795367,-0.014488283408954618,0.6757681126869244,0.07898851874774532,-1.9953986212073993,-0.02850974166295095,0.8099383798500159,0.29096779953250795,0.770514898803959,0.18915261514891418,-1.9168885580445263,-0.4680301745897642,0.8493046456392752,0.1457360930850946,0.7424336660933126,0.17072864722537162,0.09000117304571391,0.09000117304571391,0.0,0.018102322729860832,0.3753073349574718,-0.05881410528821929,0.0002063480624113915,0.26980100184580247,-4.69179726132411,0,1.7311755519588463
30.605119999996866,-1.9891393557690156,-0.7261880561890124,1.114445903447474,-0.014408799081936804,0.6771426192704341,0.07872133630496772,-1.6426667669085377,-0.6863234247578409,2.0444845632528197,0.036870643384586746,0.5452134470536989,0.02546259884643577,-1.77969892976809,-0.5760459567578026,1.4469550970731089,0.09125072023435982,0.64463325097514,0.09850501992412031,0.09000117304571391,0.09000117304571391,0.0,0.018003135981216743,0.3697324887401765,-0.05872767951293045,0.00022804688580923838,0.27035962398113783,-4.692035215149573,0,1.728341014487486
30.609279999996865,-1.9891990630485823,-0.7233610005140857,1.1147727974946549,-0.014329747096010181,0.6784933619824135,0.07845457132337207,-1.823453990445785,-0.4092614040698788,1.0629314935030325,0.08414267464862066,0.6857743721239954,0.031694035820149,-1.8014021267508002,-0.4912276633999948,1.2550072943401216,0.08787736168832438,0.6659420486065543,0.0647366452289453,0.09000117304571391,0.09000117304571391,0.0,0.01790448591719915,0.3641996183378444,-0.058639591696254434,0.0002494057315618793,0.27090867785143613,-4.692269614171157,0,1.7255009343314847
30.613439999996864,-1.9892584427368514,-0.7205284149957154,1.1150985817906294,-0.014251125184563831,0.6798205244088619,0.0781882310338681,-2.2572955332705265,-0.5078990306094362,1.4716711130053546,-0.10994040855783842,0.758816400172016,0.0436070967584472,-2.0295806083439945,-0.4979876263598629,1.3634335821316559,-0.011059555371934867,0.7135651433134387,0.053134198211900116,0.09000117304571391,0.09000117304571391,0.0,0.01780636978929316,0.35870845424071485,-0.05854987611661744,0.0002704251390831832,0.27144823718619776,-4.692500515368999,0,1.7226554091500912
30.617599999996862,-1.9893174966163991,-0.7176903971249958,1.1154232581344496,-0.014172931091456507,0.6811242889726873,0.07792232251684851,-1.4917846801681725,-0.6756628667181543,1.1978989113095464,-0.11425800172032949,0.6512671101769426,0.2181710724153293,-1.7609170577909317,-0.5854727684794689,1.2811189643975993,-0.06240048673423249,0.6828506029371525,0.1356004706171984,0.09000117304571391,0.09000117304571391,0.0,0.017708784860506595,0.3532587285097606,-0.05845856653822773,0.0002911058020723085,0.2719783752512706,-4.692727974791366,0,1.7198045358466054
30.62175999999686,-1.9893762264604449,-0.7148470436377465,1.1157468283540515,-0.014095162570989077,0.6824048369398295,0.07765685270442113,-1.776125173362523,-1.233949075647276,1.0241976984183856,0.04024748499459,0.6194463156046771,0.16853406228835216,-1.7684378112078467,-0.9084277269450329,1.1530068159776916,-0.010937467092133531,0.6514878921561137,0.1521918937711865,0.09000117304571391,0.09000117304571391,0.0,0.01761172840552051,0.3478501747679492,-0.058365696217762275,0.00031144856162931877,0.2724991648511147,-4.692952047570006,0,1.7169484105731718
30.62591999999686,-1.9894346340328943,-0.7119984505193075,1.1160692943056456,-0.014017817387876066,0.6836623484253594,0.07739182838261272,-1.9287613190972388,-1.0417497603917005,1.3787335651777912,0.12095308367775963,0.6886153089710716,0.03830604859256983,-1.848350063588738,-0.9736584580680144,1.2659525589486047,0.05545879328746836,0.6705691437248092,0.09472090153628206,0.09000117304571391,0.09000117304571391,0.0,0.017515197710518984,0.3424825281928694,-0.05827129791129354,0.00033145439959209445,0.2730106783310715,-4.693172787935232,0,1.7140871287355497
30.63007999999686,-1.9894927210883828,-0.7091447130093094,1.1163906578731186,-0.013940893317217637,0.6848970023995636,0.07712725619354334,-1.7287730120117981,-0.7238409181596005,0.9778943238240262,-0.009886113412882543,0.5918854583806401,0.2083591414734272,-1.788580667451392,-0.8475186099615042,1.122355020017786,0.022503731539080384,0.6320855660450492,0.15143015536216325,0.09000117304571391,0.09000117304571391,0.0,0.017419190073232407,0.33715552551018546,-0.0581754038818868,0.0003511244320889894,0.27351298757963655,-4.6933902492307755,0,1.7112207849978596
30.634239999996858,-1.9895504893723182,-0.7062859256064177,1.1167109209674417,-0.013864388144471098,0.6861089766940137,0.07686314263756856,-1.9927837825473316,-0.43375607156748375,1.0147122147060783,-0.04365324516120536,0.5396697837287691,0.11290401820937102,-1.8907732163656334,-0.6395140697907647,1.0687677464765253,-0.011164367998578837,0.5869038125755734,0.13214778344701425,0.09000117304571391,0.09000117304571391,0.0,0.017323702802766853,0.33186890498535737,-0.058078045905298636,0.00037045990330049556,0.27400616403073574,-4.693604483928376,0,1.708349473287301
30.638399999996857,-1.9896079406209242,-0.7034221820730526,1.1170300855260893,-0.013788299665422872,0.6872984480076161,0.07659949407539729,-2.1674572497846505,-0.6221639352392168,1.1896184200620052,-0.10329017242852943,0.43964262622291606,0.1669509777365343,-2.0293320746381283,-0.6299250346531072,1.1295424253617978,-0.05719015986662619,0.5135698999382169,0.14894934376142105,0.09000117304571391,0.09000117304571391,0.0,0.017228733219967825,0.3266224064168326,-0.05797925527784065,0.00038946217942441817,0.2744902786660044,-4.693815543642144,0,1.7054732867988482
30.642559999996855,-1.989665076561283,-0.7005535754400832,1.117348153512465,-0.013712625686158667,0.6884655919126461,0.07633631673017628,-2.553177634231043,-0.8932378151203896,0.7577651256487188,-0.12513364844836183,0.786064478147593,0.18837786662380493,-2.291518556270778,-0.7599494281081264,0.9440425386258244,-0.09127204965315304,0.6503536413555273,0.1688802728027468,0.09000117304571391,0.09000117304571391,0.0,0.017134278656928934,0.3214157711279275,-0.05787906282170352,0.0004081327428379902,0.27496540201706765,-4.694023479142674,0,1.702592317999918
30.646719999996854,-1.9897218989113792,-0.6976801980114967,1.1176651269153381,-0.013637364023035432,0.6896105828607617,0.07607361668955194,-1.9127265786516474,-0.474192725655299,1.4818384669942148,-0.057405063835018345,0.7434380145186289,0.13989058708675356,-2.1022374675629742,-0.6155235844509395,1.2132352521261698,-0.0752303541939426,0.697292128952536,0.15437875133707918,0.09000117304571391,0.09000117304571391,0.0,0.01704033645756917,0.31624874196018316,-0.05777749889330058,0.0004264731864526832,0.27543160416782275,-4.6942283403709375,0,1.6997066586350158
30.650879999996853,-1.9897784093801403,-0.6948021413690425,1.1179810077482868,-0.013562512502650646,0.6907335941890022,0.0758113999076967,-2.401400336180574,-0.782167851396272,0.7678867798236777,-0.00839180688843403,0.7772779151349315,-0.04249212392726594,-2.2518380616629425,-0.6972315450162083,0.9904697796751661,-0.04200207203857839,0.7379417471375203,0.05582973937799764,0.09000117304571391,0.09000117304571391,0.0,0.016946903976820624,0.3111210632660526,-0.05767459338778852,0.00044448520825489315,0.2758889547567216,-4.694430176451939,0,1.6968163997303534
30.655039999996852,-1.9898346096674813,-0.6919194963768518,1.1182957980491506,-0.013488068961814722,0.691834798125769,0.075549672207316,-1.690625681237248,-0.45365558215474766,1.6820232873529901,0.12978305017045777,0.5969672052219241,-0.043253222912327915,-1.9709589185668737,-0.5742005062393746,1.3361598331734825,0.044321462623280405,0.6676180781877641,0.007051452302824766,0.09000117304571391,0.09000117304571391,0.0,0.016853978581419054,0.306032480900603,-0.05757037574724766,0.00046217060602811303,0.2763375229790542,-4.694629035708145,0,1.6939216315984449
30.65919999999685,-1.989890501464346,-0.6890323531860318,1.1186094998794907,-0.013414031247519878,0.6929143657967851,0.07528843928162063,-2.111408479923685,-0.0716167464849844,1.3224556126025615,0.03970470030510365,0.6913797307786056,0.10415358390918124,-2.0411013015781942,-0.3214686303723019,1.3295247611732965,0.041630707129175736,0.6802525620155185,0.055356963924956246,0.09000117304571391,0.09000117304571391,0.0,0.016761557649305342,0.30098274221490096,-0.05746487496546637,0.0004795312722510305,0.27677737758923127,-4.694824965672698,0,1.691022443842675
30.66335999999685,-1.9899460864527498,-0.6861408012392358,1.1189221153240585,-0.01334039721691122,0.693972467231038,0.07502770669627848,-1.8952932867891517,-0.44910313606316044,1.1785810095450384,-0.11526591429438572,0.5487522973003314,0.18808573200831333,-1.9684367306317625,-0.38414652426921736,1.2544438739325048,-0.03646761577155798,0.6150574293473934,0.1213128205423955,0.09000117304571391,0.09000117304571391,0.0,0.016669638569988387,0.29597159604884027,-0.057358119595101675,0.0004965691891664452,0.2772085869030666,-4.695018013102407,0,1.6881189253618458
30.66751999999685,-1.9900013663058218,-0.6832449292752079,1.1192336464902723,-0.013267164737256086,0.6950092713667056,0.07476747989133588,-2.0993074985046163,-0.7203079064198259,1.1318811836983025,0.07494600472055737,0.5625206446180958,0.1536742644994381,-2.0337184057088864,-0.5510617493729025,1.1934810385889416,0.019838344617533213,0.5898542369804144,0.13762158270722355,0.09000117304571391,0.09000117304571391,0.0,0.016578218744266803,0.2909987927233024,-0.057250137753367236,0.0005132864240160039,0.2776312188000577,-4.695208223990526,0,1.6852111643546954
30.671679999996847,-1.9900563426878464,-0.6803448253333034,1.119544095507702,-0.013194331685914279,0.696024946057061,0.0745077641831146,-1.980350733856563,-0.36702530554642493,1.0605936874477115,-0.1299307131030165,0.5221845540897071,0.07931558297773149,-2.0073064254989093,-0.45795630931276826,1.1272018339943313,-0.05408595841974357,0.5561190842677272,0.10826711663414403,0.09000117304571391,0.09000117304571391,0.0,0.016487295584270895,0.28606408403304284,-0.05714095712860129,0.0005296851244365932,0.27804534072566545,-4.695395643579318,0,1.682299248324395
30.675839999996846,-1.990111017254306,-0.6774405767579853,1.1198534645275606,-0.01312189595030789,0.6970196580763585,0.07424856476608092,-1.735855213560994,-1.05400047873788,1.6150681448822788,-0.14365477353578712,0.718739407349123,0.11675389605987797,-1.8718782237713698,-0.7544877810266355,1.371381414929906,-0.09862134492085697,0.6375021377763704,0.1124296881168437,0.09000117304571391,0.09000117304571391,0.0,0.016396866513718567,0.2811672232396558,-0.057030604985146505,0.0005457675140127858,0.27845101969359126,-4.695580316372419,0,1.6793832640830209
30.679999999996845,-1.9901653916519222,-0.6745322702032949,1.1201617557222052,-0.013049855427889808,0.697993573125703,0.07398988671469374,-1.8862199642654038,-0.8141685373123368,1.6335194918413198,-0.018188569460971183,0.6812956272055718,0.05655749109074765,-1.8790859630610666,-0.7829113850006804,1.5025705474392308,-0.05892123845114341,0.6593399607629458,0.08419817489845478,0.09000117304571391,0.09000117304571391,0.0,0.01630692896742287,0.276307965063771,-0.056919108171033406,0.0005615358879817905,0.2788483222880521,-4.695762286146988,0,1.6764632977559997
30.684159999996844,-1.9902194675186977,-0.6716199916372995,1.1204689712846436,-0.012978208026114034,0.6989468558388967,0.07373173498521995,-2.1086330895351875,-0.9515258670128786,1.0662176438621633,-0.12246928484612737,0.7556680728624393,0.1695745400204986,-1.9941150617660135,-0.8656494036043834,1.2847453042127228,-0.09107746752948606,0.7081543471114373,0.12613471686764743,0.09000117304571391,0.09000117304571391,0.0,0.01621748039154724,0.27148606567796896,-0.05680649312162428,0.0005769926090857714,0.2792373146660525,-4.695941595965668,0,1.6735394347865324
30.688319999996843,-1.9902732464839576,-0.668703826346515,1.12077511342805,-0.012906951662404702,0.6998796697882681,0.07347411441753426,-2.05766717560845,-0.5977739720639094,1.0765955045574755,-0.08363361412696649,0.7734156654738119,0.11948142746811727,-2.0260665904922486,-0.7301015792583383,1.1809179909871756,-0.08684074347712355,0.7409962209852629,0.12255594458079473,0.09000117304571391,0.09000117304571391,0.0,0.016128518243540276,0.2667012827001045,-0.056692785867126894,0.0005921401035674132,0.2796180625596534,-4.696118288188337,0,1.670611759939993
30.69247999999684,-1.9903267301683916,-0.6657838589403047,1.121080184385287,-0.012836084264125124,0.7007921774904832,0.07321702973688676,-2.201695543077983,-1.0827978851384268,1.3479809361292134,0.03480341227225229,0.6349869228914906,0.24888964451280138,-2.1138089195232888,-0.9051327772843676,1.2649689667764126,-0.026500622086016723,0.6886385492235959,0.18540169382341612,0.09000117304571391,0.09000117304571391,0.0,0.016040039992391217,0.2619533751853207,-0.05657801203756735,0.0006069808573049206,0.27999063127823787,-4.696292404483676,0,1.6676803573083028
30.69663999999684,-1.990379920184094,-0.6628601733552533,1.1213841864084355,-0.01276560376854554,0.7016845404123344,0.0729604855556494,-2.0810720762814423,-0.5921195881811366,1.0961167035854065,-0.0467272641763918,0.5793320036587806,-0.004555574399017034,-2.0975371081690906,-0.7474206438248395,1.1805323287818272,-0.03678190695108663,0.634783297312739,0.09036279891055442,0.09000117304571391,0.09000117304571391,0.0,0.015952043117923063,0.25724210361900046,-0.056462196868210135,0.0006215174120815204,0.28035508571077294,-4.696463985840535,0,1.6647453103142809
30.70079999999684,-1.9904328181346056,-0.6599328528595179,1.1216871217683315,-0.01269550812281359,0.7025569189765102,0.0727044863750391,-1.9486714406477643,-0.5063150096806379,0.773778979672562,0.04942014675981704,0.6702066119611829,0.06084785481997971,-2.0230013079819127,-0.6254736181982186,0.9772799309507666,0.006730838796265277,0.6532085694680302,0.0753373657987247,0.09000117304571391,0.09000117304571391,0.0,0.01586452511136789,0.2525672299098023,-0.05634536520500055,0.0006357523619870175,0.28071149032806697,-4.696633072579128,0,1.6618067017159701
30.704959999996838,-1.9904854256149553,-0.6570019800571539,1.12198899275411,-0.012625795283922145,0.703409472567346,0.07244903658681767,-1.8362568735081788,-0.1712322301268907,1.2081223595311403,0.08050247278264251,0.4763784409858707,0.07666676359418544,-1.929460867231102,-0.3973600323751986,1.0928633628704498,0.043864868930421456,0.5653529997614638,0.07545494224835803,0.09000117304571391,0.09000117304571391,0.0,0.015777483475408357,0.24792851738213573,-0.05622754151088427,0.0006496883499456938,0.2810599091850228,-4.696799704362022,0,1.6588646136109406
30.709119999996837,-1.9905377442116998,-0.6540676368924183,1.1222898016727556,-0.01255646321867675,0.7042423595365533,0.0721941404749647,-1.516794708570485,-0.4595408311201437,1.0154328069115115,0.03498563380696729,0.5976137677594867,0.040226630061844515,-1.7230516116349321,-0.4272097598241276,1.0542315056646092,0.039176005166200206,0.5824007805963753,0.0577024563738761,0.09000117304571391,0.09000117304571391,0.0,0.0156909157234704,0.2433257307695773,-0.05610874986979564,0.0006633280643681389,0.2814004059228865,-4.696963920204965,0,1.6559191274405678
30.713279999996836,-1.9905897755029651,-0.6511299046540477,1.1225895508486612,-0.012487509903665789,0.7050557372089317,0.07193980221733312,-1.773594318596844,-0.5172530105474162,1.480299344385553,0.0002070912857311015,0.7325130564851766,0.056543921246180476,-1.7483222210167695,-0.47070804651665826,1.2673866492044101,0.019373310196779226,0.6572728114863411,0.05681886144437572,0.09000117304571391,0.09000117304571391,0.0,0.015604819380512044,0.23875863620665738,-0.05598901399366035,0.0006766742359229664,0.2817330437714911,-4.697125758487517,0,1.6529703239942881
30.717439999996834,-1.990641521058487,-0.6481888639795141,1.1228882426231914,-0.012418933325227128,0.7058497618880554,0.07168602588727517,-2.3480014783902727,-0.9293796843112103,1.1262356499732011,-0.1017787704682583,0.5709665297174509,0.054932170392419,-2.04837707145815,-0.6988598601231053,1.1969241193302413,-0.041517798664813935,0.6143073932452175,0.05601982622649454,0.09000117304571391,0.09000117304571391,0.0,0.015519191982423047,0.2342270012229748,-0.05586835722556993,0.0006897296344246593,0.2820578855514947,-4.6972852569635215,0,1.6500182834138293
30.721599999996833,-1.990692982439651,-0.645244594859256,1.123185879354255,-0.01235073147941707,0.7066245888619456,0.07143281545525428,-1.8880893536381804,-0.907561957848938,1.0071291760726753,-0.022630968096312105,0.6767794489944032,-0.03393271300477815,-1.968278993189669,-0.8018037524253592,1.1019550317496312,-0.0321570949950705,0.6450896492834831,0.010909297185527654,0.09000117304571391,0.09000117304571391,0.0,0.015434031076279074,0.229730594735152,-0.05574680254703851,0.0007024970658344499,0.2823749936766139,-4.697442452771393,0,1.6470630851974204
30.725759999996832,-1.9907441611995342,-0.6422971766408864,1.1234824634158818,-0.012282902371978,0.7073803724087173,0.07118017479042618,-1.4860209271785454,-0.49902671110161156,1.4909554458444403,0.03613692020863248,0.7206507953354693,0.15390074470901166,-1.727070449613044,-0.6489145618403377,1.2967786993422028,0.0015180555208990539,0.6830487936924599,0.08209320716938737,0.09000117304571391,0.09000117304571391,0.0,0.015349334220275325,0.22526918704015353,-0.0556243725810035,0.0007149793693707189,0.28268443015585143,-4.6975973824442425,0,1.644104808203975
30.72991999999683,-1.990795058882944,-0.6393466880333771,1.1237779971978077,-0.01221544401830612,0.7081172658022088,0.07092810766220693,-1.9989029906108073,-0.47606604013915743,1.3204799851844136,0.04832284623066014,0.6291539332927407,0.05516052943901166,-1.8628878966972535,-0.561180571444202,1.308743249040137,0.02481386146696891,0.6561537742434895,0.06910527870301858,0.09000117304571391,0.09000117304571391,0.0,0.015265098983766979,0.22084254980772822,-0.055501089599122644,0.0007271794147254164,0.2829862565957175,-4.6977500819198275,0,1.6411435306572515
30.73407999999683,-1.9908456770264582,-0.6363932071112205,1.1240724831050652,-0.012148354443418783,0.7088354213175867,0.07067661774180978,-2.081995164252239,-0.7984200116399569,0.42480978691941174,0.005622053496565487,0.6354367812589431,0.1541824811848654,-1.9724312065469232,-0.6784799754800938,0.8670922832889035,0.0151406069649891,0.6456590195009143,0.11103472090591814,0.09000117304571391,0.09000117304571391,0.0,0.015181322946774701,0.21645045607442914,-0.05537697552438614,0.0007391000993833743,0.2832805342024455,-4.697900586550345,0,1.6381793301499932
30.73823999999683,-1.9908960171584662,-0.6334368113185666,1.124365923557581,-0.012081631681923702,0.7095349902369363,0.07042570860377055,-1.94722732588937,-0.5694816834093446,0.5922111972519077,0.034405930105878134,0.4961588990693948,0.10816279815026943,-1.9597580648034707,-0.6229490695475108,0.729875442022198,0.025030862005118715,0.571398826729327,0.10928651585476923,0.09000117304571391,0.09000117304571391,0.0,0.01509800370077279,0.2120926802349401,-0.055252051937809965,0.000750744346042226,0.2835673237842017,-4.69804893111206,0,1.6352122836480416
30.742399999996827,-1.9909460807992079,-0.6304775774733381,1.1246583209897787,-0.012015273777984645,0.7102161228548234,0.07017538372744458,-1.9183660430649268,-0.4374347514423742,1.259324396126729,0.05490994930519523,0.6564839931203321,0.16610255999074822,-1.9389468961691554,-0.5288270884799928,0.9949489960906732,0.03965256960415488,0.6148705761719525,0.13774681651949103,0.09000117304571391,0.09000117304571391,0.0,0.015015138848088173,0.2077689980364772,-0.055126340082583714,0.0007621151001286795,0.283846685753288,-4.698195149814778,0,1.632242467494428
30.746559999996826,-1.9909958694608132,-0.627515581771322,1.124949677850189,-0.011949278785289445,0.7108789684838412,0.06992564649848565,-1.6933381357441653,-0.40437971362885905,1.2911437495605143,-0.01129021829333314,0.7597814949092304,0.1125029490905897,-1.8161639678431811,-0.46502261233377884,1.1432845832582044,0.014034031977939178,0.6875117377309024,0.12409993192405108,0.09000117304571391,0.09000117304571391,0.0,0.014932726001832975,0.20347918657135056,-0.054999860868235106,0.0007732153274088202,0.28411868012833874,-4.698339276311152,0,1.629269957413443
30.750719999996825,-1.9910453846473424,-0.6245508997902381,1.1252399966010653,-0.011883644767018083,0.711523675460135,0.06967650021030695,-2.3766392600313453,-0.6762807455842152,0.5182436746177268,0.07922175851751617,0.7298961603643142,0.26967657386384325,-2.0962405681348075,-0.5691345191254971,0.8313224956980048,0.046532956625445376,0.7084726742174478,0.1960033074112608,0.09000117304571391,0.09000117304571391,0.0,0.014850762786371687,0.19922302426907623,-0.05487263487652472,0.0007840480116900154,0.28438336653651075,-4.69848134370585,0,1.6262948285146808
30.754879999996824,-1.991094627854825,-0.6215836064937844,1.125529279718005,-0.011818369795808631,0.7121503911489004,0.06942794806551686,-2.0872477054619525,-0.24031613845022065,0.97355965360965,0.003878156971973688,0.8723146572791866,0.20253471436086135,-2.0917358001669824,-0.40290933484393227,0.9028629630021177,0.02510863256216628,0.7907178696200348,0.19944807247942492,0.09000117304571391,0.09000117304571391,0.0,0.014769246836826518,0.19500029089102822,-0.054744682365220565,0.000794616152610532,0.2846408042156654,-4.698621384564559,0,1.6233171552970638
30.759039999996823,-1.9911436005712988,-0.6186137762356599,1.1258175296895772,-0.011753451953725052,0.7127592619498696,0.06917999317733836,-2.2456183432672017,-1.144686811086529,1.3071770309040254,-0.03880543918400178,0.7275703356228315,0.09061589681624092,-2.1687588480139968,-0.7722899959406301,1.1052113741127194,-0.006851371136640638,0.7591757995684164,0.14500550667408332,0.09000117304571391,0.09000117304571391,0.0,0.014688175799116444,0.19081076752207782,-0.05461602327274534,0.0008049227635153072,0.28489105201654574,-4.6987594309228475,0,1.6203370116528415
30.76319999999682,-1.9911923042768498,-0.6156414827635651,1.1261047490169565,-0.011688889332224646,0.7133504333027677,0.06893263857100844,-1.9458845291280356,-0.68089142417258,1.1609723948628548,0.057823360812280525,0.7864575937215422,0.1517515082331652,-2.057200113792244,-0.7249556599587886,1.1334077683329922,0.025604800883230684,0.7734873366828778,0.14844782677204996,0.09000117304571391,0.09000117304571391,0.0,0.01460754733021027,0.18665423656413127,-0.05448667722326911,0.0008149708694147983,0.28513416840494465,-4.698895514294878,0,1.6173544708715684
30.76735999999682,-1.9912407404436503,-0.6126667992231787,1.1263909402135612,-0.011624680032124256,0.7139240496927518,0.06868588718515571,-1.8243864969608754,-0.5613268843802075,1.2306391506639527,0.014768940496459118,0.5112489733833182,0.1703788059153708,-1.9407612674269321,-0.6420759323699855,1.1823783946581836,0.020336684665594986,0.6419945789564858,0.15947354297198219,0.09000117304571391,0.09000117304571391,0.0,0.01452735909773822,0.18253048172964648,-0.054356663529894655,0.0008247635050242256,0.28537021146386654,-4.699029665681979,0,1.614369605644058
30.77151999999682,-1.9912889105359985,-0.6096897981621128,1.1266761058046995,-0.011560822163567889,0.714480254655829,0.068439741873164,-2.079670473680043,-1.2521821352612788,1.1922806603070832,-0.022241144681069476,0.6700683854903802,0.11471549504293112,-2.010264362432491,-0.9457383269160818,1.1875694999823148,-0.0003441645791275947,0.6554270170818276,0.13647310296797377,0.09000117304571391,0.09000117304571391,0.0,0.01444760878035153,0.17843928803427178,-0.05422600120085391,0.0008343037128806025,0.2855992388956816,-4.6991619155810715,0,1.611382488066318
30.775679999996818,-1.9913368160103568,-0.606710551533845,1.1269602483272183,-0.011497313845992662,0.7150191907842519,0.0681942054045096,-2.0409622782446455,-0.8227743401457385,0.9930283932407751,-0.023156172188990534,0.7932679968775382,0.19776696507432628,-2.025661285448585,-0.8826048912879386,1.0907093642924188,-0.011947709148349204,0.7240465958041535,0.16690961654103892,0.09000117304571391,0.09000117304571391,0.0,0.01436829406722685,0.17438044178967504,-0.05409470894208657,0.0008435945415356568,0.28582130802427286,-4.69929229399296,0,1.6083931896434567
30.779839999996817,-1.9913844583153906,-0.6037291307016288,1.1272433703291604,-0.011434153208096627,0.7155409997318907,0.06794928046608714,-2.0470712191835054,-0.917276827289891,0.723731023828136,0.0702032958704603,0.7354036523306073,0.011914985259557767,-2.0362197678544813,-0.8984111874640386,0.9072406317328355,0.028827559284395548,0.7295819484044601,0.09027677503100169,0.09000117304571391,0.09000117304571391,0.0,0.014289412658532352,0.17035373059774117,-0.05396280516261387,0.0008526390438222932,0.2860364757971749,-4.699420830430485,0,1.6054017812935741
30.783999999996816,-1.9914318388920065,-0.6007456064423805,1.1275254743694252,-0.011371338387804466,0.7160458222195879,0.06770496966351239,-1.5193379181098066,-0.5713137546106224,1.2174695855145379,-0.08271242837735253,0.6451662809393617,-0.05083879681976251,-1.7779461450965381,-0.7335181697011719,1.0622517380592422,-0.027474053931731305,0.6873384565623255,0.01963097164292814,0.09000117304571391,0.09000117304571391,0.0,0.014210962265038905,0.1663589433422874,-0.053830307978219194,0.0008614402751913154,0.2862447987877057,-4.699547553926544,0,1.6024083333516255
30.788159999996815,-1.9914789591733908,-0.5977600489505451,1.1278065630174352,-0.011308867532234626,0.7165337980404861,0.0674612755224091,-2.383745269232824,-0.27132223551660906,1.0227667950238464,-0.02125200387826005,0.6471071328530331,0.12571208243787615,-2.080894013263208,-0.5010708971494715,1.0427695315066738,-0.02442907194111115,0.6671737991374528,0.07311490447560927,0.09000117304571391,0.09000117304571391,0.0,0.01413294060815827,0.1623958701834296,-0.05369723521578601,0.0008700012921174993,0.28644633319709,-4.699672493041971,0,1.599412915573265
30.792319999996813,-1.9915258205850477,-0.5947725278419396,1.1280866388528088,-0.011246738797666125,0.7170050660653379,0.06721820048967724,-2.2858683098951995,-0.6913701600222283,1.1040969269048477,0.04159100837970041,0.7127713961866968,-0.056246515123568805,-2.183295651206241,-0.5947392761214234,1.0733149332446392,0.008366814209962074,0.6899502899352483,0.009276237376005487,0.09000117304571391,0.09000117304571391,0.0,0.014055345420088256,0.1584643025508572,-0.0535636044176519,0.0008783251505723112,0.28664113485657533,-4.699795675873302,0,1.5964155971386689
30.796479999996812,-1.9915724245448372,-0.5917831121575737,1.1283657044650368,-0.011184950349504562,0.7174597642477948,0.06697574693474231,-1.9362821981327212,-0.4049136868326675,1.1083727930847018,-0.021661658793334822,0.7982611253375514,0.10600781359429992,-2.0598332879212715,-0.4981654897194698,1.091063613486348,-0.006147302475273617,0.7444336551101235,0.05811098074878477,0.09000117304571391,0.09000117304571391,0.0,0.013978174443637206,0.15456403313558997,-0.05342943284512336,0.0008864149045607754,0.28682925922954006,-4.699917130060395,0,1.593416446656333
30.80063999999681,-1.9916187724630132,-0.5887918703674501,1.1286437624531651,-0.0111235003622487,0.7178980296296681,0.06673391715078962,-2.209748300974949,-0.40197856882407684,1.1323645608335335,-0.07561656972683778,0.7430303180347629,-0.0655192134379315,-2.134949109364627,-0.4485273106913896,1.1115771342577079,-0.04088440305370537,0.7444225198274139,-0.0032327507716437237,0.09000117304571391,0.09000117304571391,0.0,0.013901425432261943,0.15069485588491816,-0.05329473748286051,0.0008942736047211192,0.2870107614135928,-4.700036882793935,0,1.590415532166851
30.80479999999681,-1.9916648657422609,-0.585798870374341,1.1289208154254817,-0.011062387019456709,0.7183199983461748,0.06649271335597941,-2.4480909304439376,-0.4105845515571118,0.6983451576736254,-0.04455029917734398,0.5694350294355863,-0.0038692620747037693,-2.2916157972249436,-0.42837240824119854,0.9049504297941269,-0.042273404694070905,0.6574933709821873,-0.003658368457407862,0.09000117304571391,0.09000117304571391,0.0,0.013825096149784829,0.14685656599497032,-0.05315953504242221,0.0009019042969846576,0.2871856961426643,-4.700154960822814,0,1.5874129211466717
30.80895999999681,-1.9917107057777346,-0.5828041795175445,1.1291968659992093,-0.011001608513713419,0.7187258056311585,0.0662521376946468,-1.9104375385024783,-0.4074324736974163,1.1143090210706408,-0.04233186023791413,0.5993728150739126,0.05359359202729094,-2.1011140158456016,-0.4166565799600317,1.0097430096743394,-0.04135718946480898,0.6289001113826237,0.024797507867489122,0.09000117304571391,0.09000117304571391,0.0,0.01374918437085897,0.1430489599037943,-0.053023841966467644,0.0009093100212947322,0.28735411778909137,-4.700271390461386,0,1.584408680511832
30.813119999996808,-1.9917562939570954,-0.5798078645766183,1.129471916800203,-0.010941163046595474,0.7191155858222879,0.06601219223848358,-1.5232393772769577,-0.5373696107686479,1.7146635402737869,0.2022869546437982,0.5953045370027289,0.03339371644799324,-1.811751301627207,-0.4757754247824316,1.3622774022296138,0.08016065116378715,0.6119606257994143,0.02922170233851904,0.09000117304571391,0.09000117304571391,0.0,0.013673687880578496,0.1392718352851634,-0.05288767443297371,0.0009164938103817819,0.2875160803656918,-4.700386197596604,0,1.5814028766216703
30.817279999996806,-1.991801631660548,-0.5768099917750923,1.1297459704626518,-0.010881048828637935,0.7194894723662341,0.06577287898770172,-1.775681243059723,-0.7549621056664764,1.8283154948427107,-0.07739700299090721,0.7397722535076835,0.20208123499670566,-1.7938761142679183,-0.6138313369481955,1.5957201103483332,0.0009643508609418778,0.6755326722145026,0.11560307954238377,0.09000117304571391,0.09000117304571391,0.0,0.013598604474301931,0.1355249910413996,-0.05275104835796934,0.0009234586885937552,0.28767163752783176,-4.700499407695041,0,1.5783955752825178
30.821439999996805,-1.9918467202608785,-0.5738106267841597,1.130019029628786,-0.010821264079301462,0.7198475978238256,0.06553419987218498,-1.9717947001245975,-0.2684371546042945,1.1269649929571968,-0.2035518778159979,0.9693663230434905,-0.07079344396655621,-1.8832604902758157,-0.4391160466211485,1.361193250924478,-0.1010613586377385,0.8226573955482436,0.021826429912783992,0.09000117304571391,0.09000117304571391,0.0,0.013523931958223913,0.13180822729735064,-0.052613979399994515,0.0009302076707795445,0.28782084257548407,-4.700611045809792,0,1.5753868417513681
30.825599999996804,-1.9918915611234906,-0.5708098347263465,1.1302910969485886,-0.01076180702693695,0.7201900938751817,0.06529615675262129,-1.4316344908311849,-0.6036859537000174,0.8391772028802387,0.017973447661271527,0.6347453502710352,0.007962874847331665,-1.6574075575544749,-0.5200808803611001,1.1002001559861365,-0.04125754255313152,0.7282231722675468,0.013924567046401446,0.09000117304571391,0.09000117304571391,0.0,0.013449668148557383,0.1281213453930634,-0.05247648296371926,0.0009367437612236749,0.28796374845527917,-4.700721136587264,0,1.5723767407395266
30.829759999996803,-1.9919361556064439,-0.5678076801791597,1.130562175079512,-0.010702675908753413,0.7205170913248226,0.06505875142161952,-2.2725315666137744,-0.6322816208227467,1.359887204354121,0.10227810685192319,0.6029932853419244,0.007982536679585421,-1.9647618096906758,-0.5749289762809041,1.2300625667224228,0.030827475149421676,0.6661687469606642,0.010729885000439506,0.09000117304571391,0.09000117304571391,0.0,0.01337581087242555,0.12446414787793225,-0.05233857420336224,0.0009430699526309453,0.2881004077625463,-4.700829704273854,0,1.5693653364162377
30.8339199999968,-1.9919805050604888,-0.5648042271787149,1.1308322666861987,-0.010643868970781999,0.7208287201067585,0.06482198560481127,-1.9202350185087647,-0.5835990666339043,0.9527241393213799,0.01784844052070758,0.7608847646294244,0.14868745061375643,-1.9424615389314388,-0.5776826572385497,1.0917012664019778,0.024608367049195657,0.7140944656105598,0.07941687520345973,0.09000117304571391,0.09000117304571391,0.0,0.013302357966723164,0.12083643850333026,-0.052200268026551366,0.0009491892251587803,0.2882308727433476,-4.700936772722517,0,1.56635269241229
30.8380799999968,-1.9920246108291049,-0.5617995392233418,1.1311013744402068,-0.010585384467844587,0.7211251092895553,0.06458586096193614,-2.4771261690100617,-0.9404908744604614,2.275321780366169,-0.01228370619855618,0.6440707514403803,0.08199226908833267,-2.2098225483548544,-0.7577504950125664,1.683690678990347,0.005877787152049674,0.6794904312157214,0.08054491114706706,0.09000117304571391,0.09000117304571391,0.0,0.013229307279114807,0.11723802221692714,-0.05206157909755632,0.0009551045454967122,0.28835519529650205,-4.701042365399222,0,1.5633388718236039
30.8422399999968,-1.9920684742485362,-0.5587936792771694,1.1313695010197398,-0.010527220663518076,0.7214063870813803,0.0643503790879128,-2.070062015389012,-0.21624693420809787,0.6486193998257772,-0.08484569857411363,0.6934212005450874,-0.018257364296282316,-2.140117964497166,-0.48555453115172664,1.1661104727986626,-0.03938966922878959,0.6873692932363134,0.030837035063028886,0.09000117304571391,0.09000117304571391,0.0,0.013156656667430568,0.11366870515581451,-0.05192252184096208,0.0009608188659905562,0.28847342697560274,-4.701146505389311,0,1.5603239372147952
30.846399999996798,-1.9921120966478283,-0.5557867097736902,1.131636649109381,-0.010469375830101038,0.7216726808350242,0.0641155415138943,-1.6912539997261797,-1.0205355383837371,1.3992751587008887,0.14543673785797248,0.7479786431462133,0.03469478277844708,-1.9153800139573283,-0.7514944821087913,1.2827681398824875,0.05285637081899369,0.718380586405404,0.03203073668154075,0.09000117304571391,0.09000117304571391,0.0,0.013084403999809209,0.1101282946394988,-0.05178311044471401,0.000966335123810039,0.2885856189910241,-4.701249215403742,0,1.5573079506227183
30.850559999996797,-1.992155479348864,-0.5527786926193031,1.1319028213998323,-0.010411848248579629,0.7219241170528998,0.06388134970830997,-1.9106049716085818,-0.19544441683495334,1.3060047221713273,-0.08399812822118334,0.8285616445303007,0.03617541938333911,-1.9131684468806467,-0.4717418824974734,1.2944632535493636,-0.014949606746138532,0.7733236987891035,0.03342189618762522,0.09000117304571391,0.09000117304571391,0.0,0.013012547154520639,0.10661659916405242,-0.051643358864245814,0.0009716562401587243,0.288691822211921,-4.701350517785234,0,1.55429097355999
30.854719999996796,-1.9921986236663998,-0.5497696891968363,1.132168020587657,-0.01035463620859409,0.7221608213920196,0.06364780507788964,-2.035775272164593,-0.6364380685590953,0.5296031859902582,-0.04504423312710322,0.8164740268993261,-0.041535223127778145,-1.9745648364864397,-0.552392730184107,0.9119418132161197,-0.03075071175694223,0.7948212858581439,-0.004214197269785886,0.09000117304571391,0.09000117304571391,0.0,0.012941084020108861,0.10313342839549322,-0.051503280825123454,0.0009767851195244593,0.28879208716821925,-4.701450434514314,0,1.5512730670184904
30.858879999996795,-1.9922415309081014,-0.546759760369049,1.1324322493750265,-0.010297738008404509,0.722382918668952,0.06341490896867619,-2.1366115989254078,-0.40661068463533134,0.8657365308738514,0.062059924444941496,0.7903925695330607,-0.07145847292150395,-2.055459667065355,-0.4778571729210895,0.8886899979867933,0.015359335759999647,0.7928376072110748,-0.037726635497981366,0.09000117304571391,0.09000117304571391,0.0,0.012870012495428153,0.0996785931635733,-0.05136288982655651,0.0009817246489693323,0.2888864640525971,-4.701548987215258,0,1.5482542914728465
30.863039999996793,-1.99228420237458,-0.5437489664821126,1.1326955104694725,-0.01024115195485628,0.7225905328647544,0.06318266266702299,-2.5345282962815636,-0.452724814244563,1.4101870966054293,0.0024743018717696963,0.7658439594203741,-0.017040088431345912,-2.2949909494380023,-0.4636986858806766,1.1494071508400896,0.008322349329818249,0.7797278073747407,-0.027575704691479082,0.09000117304571391,0.09000117304571391,0.0,0.012799330489251373,0.09625190545490492,-0.05122219914492304,0.00098647769745706,0.28897500272245846,-4.701646197161937,0,1.5452347068838934
30.867199999996792,-1.9923266393594272,-0.5407373673690714,1.1329578065836416,-0.010184876363347067,0.7227837871298838,0.06295106740057597,-2.214562499708681,-0.5836610111123108,0.7590028813664633,-0.0074601449723318706,0.5751434049622204,0.03219894390514896,-2.254793053925401,-0.5224862656717583,0.9542699981850706,0.0010933909121658783,0.6783427094956515,0.0019514631002482583,0.09000117304571391,0.09000117304571391,0.0,0.012729035920626193,0.09285317840702678,-0.0510812218366648,0.0009910471152178193,0.2890577527018974,-4.701742085283567,0,1.5422143727021136
30.87135999999679,-1.9923688431492514,-0.5377250223532836,1.1332191404350551,-0.010128909557792132,0.7229628037890857,0.06272012433924314,-2.3998387932491103,-0.593953815857921,1.1057047915692848,0.05047736964986397,0.6954580286608365,0.13597415540893873,-2.327210357386893,-0.5567735373684282,1.030271923617991,0.02501783452998196,0.686672782829963,0.06864323083734343,0.09000117304571391,0.09000117304571391,0.0,0.012659126718590128,0.08948222630148939,-0.05093997074119433,0.000995435733148282,0.2891347631836534,-4.701836672170367,0,1.5391933478710595
30.87551999999679,-1.9924108150237123,-0.5347119902518408,1.1334795147458725,-0.010073249870590719,0.7231277043462591,0.062489834596151345,-2.3598085839201657,-0.36227297020291305,1.077575208215594,0.07853368281296742,0.7135767764004759,0.07946918320545789,-2.3433470675826116,-0.45803763150361376,1.0540892026773645,0.0521169011597024,0.7001026974396011,0.07404966308120761,0.09000117304571391,0.09000117304571391,0.0,0.012589600822205865,0.0861388645580945,-0.05079845848509795,0.0009996463622457287,0.28920608303105794,-4.7019299780791135,0,1.536171690830753
30.87967999999679,-1.9924525562555564,-0.5316983293789687,1.1337389322426583,-0.010017895642592149,0.723278609489301,0.06226019922858508,-2.0510778336791957,-0.5968751014336241,1.7865890543734606,-0.17929494024422443,0.6361940836378047,-0.08120261101207185,-2.1975835966174686,-0.5261333571734703,1.4201746106804587,-0.06344780881109113,0.6678083765276547,-0.003208586794849294,0.09000117304571391,0.09000117304571391,0.0,0.012520456180596547,0.0828229097289026,-0.05065669748357002,0.0010036817930753723,0.28927176077997285,-4.702022022938618,0,1.5331494595210677
30.883839999996788,-1.9924940681106524,-0.5286840975494065,1.1339973956561538,-0.009962845223061637,0.7234156390949306,0.062031219238918626,-1.6996574276272756,-0.771564946763335,0.6427489997463938,0.03613888108624366,0.7998361821884266,0.2061687026238083,-1.9485429235276364,-0.647187946971211,1.031886232511732,-0.013149486241292568,0.7341569443001649,0.10096542350638553,0.09000117304571391,0.09000117304571391,0.0,0.012451690752981096,0.07953417949072183,-0.05051469994485247,0.0010075447952695576,0.2893318446407195,-4.7021128263550995,0,1.530126711385087
30.887999999996786,-1.992535351848026,-0.525669352081767,1.1342549077210518,-0.009908096969645832,0.7235389122334852,0.06180289557552923,-1.988768027951189,-0.1792907743282301,1.6697193407435944,-0.01122707047566346,0.6131492141615841,0.08193854527540391,-1.9686776067298832,-0.41196102598470463,1.3509782181504113,-0.012910842354698207,0.6737915892210365,0.09119426837869796,0.09000117304571391,0.09000117304571391,0.0,0.01238330250838858,0.07627249263971492,-0.050372477872762306,0.0010112381170575644,0.28938638249999915,-4.702202407617481,0,1.527103503372446
30.892159999996785,-1.992576408719894,-0.5226541498018766,1.1345114711757756,-0.009853649248339412,0.7236485471736988,0.061575229133699144,-2.114179047998371,-0.3575257454292057,0.9837312250600152,-0.09701278574683465,0.8657417320789496,0.07517125539598443,-2.041630739261292,-0.3829432400335906,1.1675096183819682,-0.05514396737390178,0.7702125379590699,0.08264882687483556,0.09000117304571391,0.09000117304571391,0.0,0.012315289425692856,0.07303766908534604,-0.05023004306944373,0.0010147644848257807,0.28943542192280447,-4.702290785702591,0,1.5240798919426537
30.896319999996784,-1.9926172399717001,-0.5196385470460956,1.134767088762261,-0.009799500433451406,0.7237446613874572,0.06134822075650569,-1.8377859033617299,-0.5693128855140956,0.868813935375704,-0.001069952586151621,0.9102448759250262,0.08208730086119166,-1.9397084343372597,-0.47423681480738084,1.0183310909069614,-0.028440295416859135,0.8405711228139078,0.08204836652340988,0.09000117304571391,0.09000117304571391,0.0,0.012247649493861174,0.06982952984366508,-0.050087407138130674,0.0010181266027061396,0.289479010154322,-4.702377979280281,0,1.5210559330683913
30.900479999996783,-1.9926578468421483,-0.5166225996646183,1.135021763225743,-0.009745648907570351,0.723827371554531,0.06112187123569926,-1.597634410418299,-1.0164222335737607,1.2563103211077844,-0.1057116429640268,0.8421379034249449,-0.03216538720437624,-1.7688880766878325,-0.7435820984414598,1.1372566422856265,-0.0674697214416236,0.8415480176150884,0.024384251329781326,0.09000117304571391,0.09000117304571391,0.0,0.012180380711454358,0.06664789703132135,-0.04994458148699085,0.0010213271521919125,0.28951719412182686,-4.70246400671846,0,1.5180316822387963
30.904639999996782,-1.992698230563238,-0.5136063630247546,1.1352754973145454,-0.009692093061531416,0.7238967935672854,0.06089618131256472,-1.8807663237474088,-0.7208339622106644,0.9519774183806899,0.004397079341367049,0.7702086353162698,0.050143457496330424,-1.8248187365898934,-0.7306064702066856,1.0447206338401938,-0.0315893388315665,0.8061764915699652,0.036972230323033824,0.09000117304571391,0.09000117304571391,0.0,0.012113481087088703,0.0634925938594495,-0.049801577330413904,0.0010243687917808639,0.28955002043656713,-4.702548886088045,0,1.5150071944627235
30.90879999999678,-1.992738392360298,-0.5105898920141906,1.1355282937798736,-0.009638831294381462,0.7239530425353685,0.06067115167877695,-1.622577258756434,-0.05133129000736486,0.9059687335691866,0.05032812607878707,0.7769543227828839,0.04931837880627245,-1.723592725849005,-0.38934804762347586,0.9754462856012811,0.009760551716492835,0.79154953893745,0.04314835217354164,0.09000117304571391,0.09000117304571391,0.0,0.012046948639149901,0.06036344462764487,-0.04965840569373209,0.0010272541566436649,0.2895775353956406,-4.702632635167827,0,1.5119825242719873
30.91295999999678,-1.9927783334520202,-0.5075732410442306,1.1357801553756122,-0.009585862013345187,0.7239962327903783,0.060446782977236206,-1.9864458840787118,-0.35333776794821936,0.9477028546899607,0.08198893460488745,0.6064818355379326,0.15489801395715266,-1.8548502410012633,-0.37008210498371014,0.9618964461724614,0.04569284767285307,0.699466891617648,0.09907046242109321,0.09000117304571391,0.09000117304571391,0.0,0.011980781395399345,0.057260274717382265,-0.049515077413888525,0.0010299858583173937,0.28959978498386196,-4.702715271449266,0,1.5089577257245865
30.91711999999678,-1.9928180550504944,-0.5045564640530202,1.1360310848581243,-0.009533183633792774,0.7240264778905046,0.06022307580290009,-2.705005488753147,-0.7378702736388556,1.2319624765439061,-0.14999455333763617,0.7082030965532985,0.1314004185151098,-2.280244486291134,-0.5525064380496892,1.097204265813498,-0.052769112754835264,0.7041791816335542,0.11542300123929353,0.09000117304571391,0.09000117304571391,0.0,0.01191497739386321,0.05418291058648639,-0.04937160314375022,0.0010325664844231114,0.28961681487562163,-4.702796812141196,0,1.5059328524079065
30.921279999996777,-1.9928575583612411,-0.5015396145087487,1.136281084986056,-0.009480794579203734,0.724043890625152,0.06000003070359707,-1.766343292225744,-1.0640030543367716,1.4467195934209771,0.058782708156767276,0.6657335393792692,-0.035585758036862015,-2.023168682317231,-0.8068742918150753,1.2718896393117145,0.0033147989776897576,0.6852823348532209,0.04027385946575542,0.09000117304571391,0.09000117304571391,0.0,0.011849534681797828,0.05113117976283288,-0.049227993354080624,0.0010349985984057113,0.2896286704367353,-4.702877274174458,0,1.502907957441905
30.925439999996776,-1.9928968445832458,-0.498522745412834,1.1365301585201428,-0.00942869328113493,0.724048583019539,0.05977764818083131,-2.0842199276325055,-0.9815983857468689,1.0127587635718645,-0.025149278351768684,0.5859702215637839,0.21811461605766957,-2.0537485106171105,-0.8930186981442533,1.1427755522648726,-0.010209226610992517,0.6356026950295431,0.12942710593863987,0.09000117304571391,0.09000117304571391,0.0,0.011784451316257393,0.04810491083845969,-0.049084258336162645,0.001037284739296795,0.2896353967262849,-4.702956674206456,0,1.4998830934822789
30.929599999996775,-1.9929359149089925,-0.495505909303087,1.1367783082230203,-0.009376878179186119,0.7240406663392762,0.05955592869057591,-2.2931530652904906,-0.5526124342407506,1.7930640879519242,-0.05390967423516864,0.6060955741098911,0.06326446982507523,-2.173564653765379,-0.7215519900797341,1.4680551934802903,-0.03202779012040775,0.6205947490504484,0.09671799162326998,0.09000117304571391,0.09000117304571391,0.0,0.011719725364127943,0.04510393346323083,-0.048940408205074226,0.0010394274214986436,0.289637038498451,-4.7030350286256395,0,1.496858312723609
30.933759999996774,-1.9929747705244965,-0.4924891582568582,1.1370255368590372,-0.009325347720965249,0.7240202510949201,0.059334872644052135,-1.363980878381672,-0.6025927153627039,1.1911577272750922,0.18402119113173135,0.8580188280395363,0.024841958090935583,-1.7683832702659383,-0.6602868623501517,1.3296569742934499,0.0754674005922545,0.739289783189867,0.060409063102346096,0.09000117304571391,0.09000117304571391,0.0,0.01165535490141252,0.04212807833912069,-0.04879645290104828,0.001041429134588334,0.2896336402043359,-4.703112353555906,0,1.4938336669024905
30.937919999996772,-1.9930134126093384,-0.4894725438941644,1.1372718471940726,-0.00927410036205661,0.7239874470465066,0.05911448040850238,-1.8780685723452075,-0.5287498156227629,0.44956546055072566,-0.11885220215783995,0.5218748587139149,-0.03009115263788259,-1.8234739379411653,-0.5934316127155659,0.8895426530894498,-0.021660735823315076,0.6304417270810034,0.015076841016550175,0.09000117304571391,0.09000117304571391,0.0,0.011591338014119372,0.039177177214483105,-0.04865240219319453,0.0010432923431426201,0.28962524599377804,-4.703188664860942,0,1.4908092073006407
30.94207999999677,-1.9930518423366967,-0.48645611738079747,1.1375172419953556,-0.009223134565985183,0.7239423632080637,0.05889475230794715,-2.1152528497942313,-0.9552267920603189,1.1968063803769455,0.053712160173263315,0.7709341283666751,-0.05879138534758761,-1.9692542814006184,-0.7727280314559613,1.043056516600943,0.01629282359078098,0.7005914042830202,-0.0228787314332064,0.09000117304571391,0.09000117304571391,0.0,0.011527672797440356,0.036251062877443285,-0.04850826568130728,0.0010450194865808612,0.28961189971715817,-4.70326397814848,0,1.4877849847479898
30.94623999999677,-1.9930900608733808,-0.48343992943141373,1.1377617240312887,-0.009172448804184288,0.723885107852098,0.058675688623933984,-2.0955267076427986,-0.310677284173939,1.4181876341226007,-0.0338829548532951,0.9234603330060954,0.14344846896439264,-2.03246256768229,-0.5397793301904816,1.2309219522006967,-0.008448531488640621,0.8123367400532394,0.0608112130027609,0.09000117304571391,0.09000117304571391,0.0,0.011464357356104286,0.03334956915076859,-0.048364052798751084,0.0010466129790268276,0.2895936449271955,-4.7033383087744935,0,1.4847610496257533
30.95039999999677,-1.993128069379864,-0.4804240303126051,1.1380052960712732,-0.009122041555961673,0.723815788514064,0.05845728959627389,-2.0607463419861336,0.0646211706283199,1.1189953357875604,-0.16383157779923166,0.7676596683063819,0.02542871272240227,-2.046944925250382,-0.23597862177238826,1.175012156339897,-0.08636688170829321,0.7902323648602921,0.04244685782162969,0.09000117304571391,0.09000117304571391,0.0,0.011401389804516986,0.030472530885331306,-0.04821977281428652,0.0010480752091880504,0.28957052488073654,-4.70341167184732,0,1.4817374518694852
30.954559999996768,-1.993165869010316,-0.47740846984595176,1.138247960885539,-0.009071911308464894,0.7237345119968077,0.05823955542376964,-1.9233328566634014,0.22963020558188096,1.0132915522832113,-0.09813206880302779,0.8569808861623095,0.1789674686561029,-1.9853427861099107,-0.0013883495539637487,1.0945246187883697,-0.09193700494972087,0.8235517927315772,0.10990553129718712,0.09000117304571391,0.09000117304571391,0.0,0.011338768266045775,0.027619783954942134,-0.04807543483518803,0.001049408540251995,0.2895425825405339,-4.703484082231718,0,1.4787142409721137
30.958719999996767,-1.9932034609126354,-0.47439329741105596,1.138489721244976,-0.00902205655664958,0.7236413843749911,0.05802248626493063,-1.7838406800955278,-0.07097907810310555,1.3372371444204971,0.08809774909897869,0.7445726668464873,-0.07890083467535026,-1.8844069198611542,-0.03463602604848803,1.215717531643627,-0.00200927477505278,0.7843147864625359,0.015964926304032633,0.09000117304571391,0.09000117304571391,0.0,0.011276490873907023,0.02479116524956182,-0.047931047809088384,0.0010506153097987847,0.2895098605770172,-4.703555554552854,0,1.4756914659869567
30.962879999996765,-1.9932408462284823,-0.4713785619485581,1.1387305799209706,-0.008972475803243892,0.7235365109994917,0.057806082238679474,-2.2067540501700593,-0.47570657741969924,1.154178166059991,-0.15453816273476928,0.736206927161843,0.07277768690267652,-2.045903919637241,-0.25364182540591385,1.1850986250588593,-0.07838699405987443,0.7596514754937232,0.04444876067168888,0.09000117304571391,0.09000117304571391,0.0,0.0112145557702369,0.02198651267073859,-0.04778662052690097,0.0010516978297290644,0.2894724013700547,-4.703626103200227,0,1.4726691755307213
30.967039999996764,-1.9932780260933103,-0.468364311963134,1.1389705396852416,-0.008923167558716761,0.7234199965017838,0.05759034342504607,-2.2330876143761564,-0.20872897384583605,0.9780961623194508,-0.056031397365943966,0.5834252671935369,0.10462877657124914,-2.1396136382640685,-0.22997055162852886,1.081813267218592,-0.06720208343227296,0.6710562378381955,0.07468050720244218,0.09000117304571391,0.09000117304571391,0.0,0.011152961106764756,0.019205665124677695,-0.04764216162403964,0.0010526583862074663,0.28943024701070647,-4.703695742331526,0,1.4696474177864842
30.971199999996763,-1.9933150016363987,-0.46535059552647445,1.1392096033096828,-0.008874130341243201,0.7232919447982948,0.057375269865856,-2.0660457691099707,-0.527998588956291,0.6622331950105023,0.010159697035361074,0.5271967187055833,-0.00893250213773334,-2.102807665950731,-0.3778877792533523,0.872001585548906,-0.028714185719002045,0.5980188630150874,0.032941965423392755,0.09000117304571391,0.09000117304571391,0.0,0.011091705044311118,0.016448462517106188,-0.04749767958399975,0.001053499239620136,0.2893834393029686,-4.703764485876426,0,1.4666262405066537
30.975359999996762,-1.9933517739808848,-0.46233746028024636,1.1394477735662054,-0.008825362676671637,0.7231524590947411,0.05716086156540357,-2.1618829358582685,-0.22472600306823765,1.2261201203285033,-0.09848447082874083,0.7933985148439161,0.045018126250217956,-2.132550835065579,-0.2996563707510882,1.0491571234264792,-0.06346217643416031,0.696079487591942,0.03890418740075888,0.09000117304571391,0.09000117304571391,0.0,0.011030785753033387,0.013714745747482215,-0.047353182739595684,0.0010542226245458387,0.28933201976550893,-4.703832347540318,0,1.4636056910159143
30.97951999999676,-1.9933883442437952,-0.4593249534390362,1.139685053226585,-0.008776863098490092,0.7230016418904422,0.05694711849111924,-2.362589355237152,-0.2565068064987409,1.1688755484376283,0.053596275312694834,0.9363551791893536,0.1558596635402173,-2.247462085963519,-0.27613456273077264,1.1093412983443485,-0.004046173260309539,0.816619113482909,0.09740275261190907,0.09000117304571391,0.09000117304571391,0.0,0.010970201412244075,0.011004356703397944,-0.04720867927548922,0.001054830749741018,0.2892760296333939,-4.7038993408079826,0,1.4605858162141532
30.98367999999676,-1.9934247135360776,-0.45631312179327527,1.139921445062311,-0.008728630147793046,0.722839594982614,0.056734040574226006,-1.9252791134421268,-0.9101484798167163,1.055513496303472,0.07809109337614444,0.7943220923588885,-0.014294556184953726,-2.0862064349147857,-0.5914932214223688,1.0823971730826933,0.03726574121971359,0.8051981805937142,0.04161669651719977,0.09000117304571391,0.09000117304571391,0.0,0.010909950210335601,0.008317138254322787,-0.04706417723115505,0.0010553257981370217,0.2892155098598068,-4.7039654789472,0,1.4575666625793684
30.98783999999676,-1.9934608829626328,-0.4533020117121476,1.1401569518444377,-0.008680662373248509,0.722666419470637,0.056521627710383,-2.2089802343131564,-0.694891453919338,1.2037344560817596,-0.006393117662645026,0.6132752442992706,-0.028205299301281316,-2.1476074299086614,-0.6419178167605417,1.1430084624411412,0.015409624459428901,0.7094173916186004,0.006486574985786921,0.09000117304571391,0.09000117304571391,0.0,0.010850030344918795,0.005652934246934249,-0.046919684501287334,0.0010557099268496462,0.28915050111775753,-4.7040307750123,0,1.4545482761705617
30.991999999996757,-1.9934968536223456,-0.45029166914647967,1.1403915763434391,-0.00863295833106442,0.7224822157603087,0.05630987976032693,-1.6741897485371444,-0.44535375769642854,0.8419245225759184,0.07505943519757383,0.6210299923767039,0.1757275744486206,-1.9107394993899547,-0.5423421631308526,0.9928296507987912,0.04539628489460947,0.6649772270300935,0.09121314538399639,0.09000117304571391,0.09000117304571391,0.0,0.01079044002274765,0.0030115894983968605,-0.04677520883942127,0.0010559852672005097,0.28908104380178334,-4.7040952418476545,0,1.4515307026306097
30.996159999996756,-1.9935326266081164,-0.44728213963161273,1.1406253213290662,-0.008585516584955275,0.7222870835680675,0.05609879655049794,-2.229920099007764,-0.23431749052494674,0.8046673415735084,0.09880908074849482,0.7051054540681975,-0.04629564989214057,-2.0701269079823645,-0.3868607798848865,0.8986499225297084,0.07228935598108371,0.6848980193654046,0.02293078061737904,0.09000117304571391,0.09000117304571391,0.0,0.010731177459429968,0.0003929497917654068,-0.04663075785942547,0.001056153924749165,0.2890071780296411,-4.704158892091113,0,1.448513987189121
31.000319999996755,-1.9935682030068917,-0.4442734682902577,1.1408581895702066,-0.008538335706109861,0.7220811219252011,0.05588837787365887,-2.440813082104153,-0.8270234881370813,1.7913938222443664,0.0006392121169010324,0.6433246258884218,0.18321998975296783,-2.255470168688747,-0.6056067119180745,1.3454089423572595,0.03594442754070874,0.6639189405946081,0.1031945880237254,0.09000117304571391,0.09000117304571391,0.0,0.01067224087967214,-0.0022031381304510322,-0.04648633903785748,0.0010562179793366232,0.2889289436439912,-4.704221738177381,0,1.4454981746652757
31.004479999996754,-1.9936035838996966,-0.4412656998353326,1.1410901838347463,-0.008491414273157886,0.7218644291820292,0.05567862348950418,-1.845397740524823,-0.18418045238647884,1.2033239942413074,-0.27228516662836166,0.8224199661190327,-0.15057995855633333,-2.050996731376106,-0.39318088826565406,1.2740537257423898,-0.11848673913828552,0.7435750559222918,-0.024375396794570073,0.09000117304571391,0.09000117304571391,0.0,0.010613628517417446,-0.0047768265709216,-0.046341959715470726,0.001056179485138281,0.2888463802140723,-4.704283792341343,0,1.4424833094706446
31.008639999996753,-1.9936387703616638,-0.4382588785727823,1.1413213068894348,-0.008444750872135939,0.721637103012068,0.05546953312526215,-2.058410337177505,-0.9341736332457786,1.030866357815487,-0.08473864847763359,0.6625269641238165,-0.10084584837437638,-2.0548811935118523,-0.6623023820705789,1.1522497947700596,-0.10096407044784929,0.7027544828595236,-0.06318808131072572,0.09000117304571391,0.09000117304571391,0.0,0.010555338615128765,-0.007328266884069734,-0.046197627099584526,0.0010560404707270394,0.2887595270373682,-4.70434506662133,0,1.4394694356119941
31.01279999999675,-1.9936737634620658,-0.43525304840438156,1.1415515614997527,-0.008398344096456355,0.7213992404161697,0.055261106476286896,-2.5194257961722983,-0.532222183828065,1.360015207257506,-0.09657329831657271,0.8034660825200903,0.08222081854316934,-2.2873579006182103,-0.5955883085959471,1.2563069277813856,-0.09863169473434,0.7522007984370765,0.008566534723264935,0.09000117304571391,0.09000117304571391,0.0,0.01049736942456736,-0.009857609480635965,-0.046053348266462624,0.0010558029391459643,0.2886684231412655,-4.704405572862334,0,1.4364565966940739
31.01695999999675,-1.9937085642643444,-0.43224825283052054,1.1417809504297805,-0.008352192546872746,0.7211509377266441,0.055053343206639814,-1.9264378732408474,-0.35947927536831925,1.344415166664532,-0.10027207947448341,0.649977856360128,0.020817908756245708,-2.107103314083096,-0.4761801819364172,1.3004052762068783,-0.09974524683261109,0.70108487900428,0.014541510949934762,0.09000117304571391,0.09000117304571391,0.0,0.010439719205968628,-0.012365003833431087,-0.04590913016220116,0.0010554688679892286,0.2885731072847031,-4.7044653227191695,0,1.4334448359223853
31.02111999999675,-1.9937431738261422,-0.4292445349529732,1.1420094764420707,-0.008306294831448886,0.720892290611358,0.05484624294966709,-1.920380862373819,-0.48968722059821596,1.3885932583222589,0.1023193238211271,0.81694614686541,0.20736574470288724,-2.0135272869078844,-0.48123457128166486,1.3449304735906407,0.0009502557168851191,0.7590079563815715,0.1112901272602755,0.09000117304571391,0.09000117304571391,0.0,0.010382386228927638,-0.014850598483216348,-0.04576497960533407,0.0010550402094923537,0.2884736179598132,-4.704524327659583,0,1.4304341961059355
31.025279999996748,-1.9937775931993318,-0.426241937477649,1.142237142297523,-0.008260649565523814,0.7206233940778108,0.054639805308565846,-1.797191236213315,-0.3755682823891889,1.3321034581486944,-0.0962189741069984,0.8093574515965971,0.030733360942543468,-1.9055571622128842,-0.4267168727471567,1.338580628689268,-0.04797348089309701,0.783999287976859,0.07109956438984202,0.09000117304571391,0.09000117304571391,0.0,0.010325368771253948,-0.0173145410436375,-0.04562090328901938,0.0010545188906295002,0.28836999339355374,-4.70458259896731,0,1.4274247196599712
31.029439999996747,-1.993811823430047,-0.4232405027173274,1.1424639507552603,-0.008215255371681635,0.7203443424771924,0.05443402985694073,-1.8790184567552974,-0.2746378758243633,1.5455321980599714,0.011048433844506801,0.7627181786004873,0.3083504936896753,-1.8922642976540516,-0.3490903369287079,1.4426981971085355,-0.018632528306500185,0.773580521925622,0.1902024449375566,0.09000117304571391,0.09000117304571391,0.0,0.010268665120070436,-0.019756978206496356,-0.04547690778237701,0.0010539068132198576,0.2882622715493319,-4.704640147745084,0,1.4244164486087012
31.033599999996746,-1.9938458655587126,-0.42024027259437563,1.1426899045725076,-0.008170110879716655,0.7200552295084183,0.05422891613935454,-1.748652485957282,-0.27780407655825734,1.1528725387699923,-0.11598921702027866,0.9721186494873366,0.05773366099298065,-1.820697312780277,-0.31142556845947145,1.2979042038312651,-0.06794333857612528,0.8732403199670928,0.12360166457022524,0.09000117304571391,0.09000117304571391,0.0,0.010212273570988813,-0.022178055747786418,-0.04533299953225989,0.0010532058540398063,0.2881504901286204,-4.704696984917594,0,1.4214094245879954
31.037759999996744,-1.9938797206200733,-0.41724128864345006,1.1429150065044738,-0.008125214726601876,0.7197561482221428,0.05402446367187105,-1.487108137426054,-0.7090457252530531,0.5853795733267468,-0.20853231894194585,0.7739205296835456,0.30540875240700094,-1.6543343415727287,-0.508628403893644,0.9422723088528694,-0.13812804783403088,0.8234458320019241,0.21441431306134914,0.09000117304571391,0.09000117304571391,0.0,0.010156192428139154,-0.02457791853235891,-0.04518918486546056,0.0010524178649433296,0.2880346865725635,-4.704753121234394,0,1.4184036888480724
31.041919999996743,-1.9939133896432253,-0.41424359201418026,1.1431392593042344,-0.008080565556457284,0.7194471910247532,0.05382067194258824,-2.0285169926500752,-0.15283491154478696,1.196245275299982,-0.0739007225172618,0.553259080216654,0.022138690615681134,-1.8415813669716203,-0.32957748182223034,1.0693073895219278,-0.10632134069209583,0.6879257136398296,0.11791738701093953,0.09000117304571391,0.09000117304571391,0.0,0.010100420004734306,-0.026956710519349558,-0.04504546999028275,0.001051544672988731,0.2879148980635765,-4.704808567272767,0,1.4153992822561687
31.046079999996742,-1.9939468736516441,-0.4112472234738372,1.1433626657226184,-0.008036162020515708,0.7191284496823419,0.05361754041216453,-1.7671021371373006,-0.7378882050721453,0.8343444596071035,-0.02106123892310159,0.9278255392050753,0.038540063450522605,-1.8043853979871098,-0.531804860166093,0.9519037812550841,-0.06352348251095803,0.8073840936528441,0.07855181594601693,0.09000117304571391,0.09000117304571391,0.0,0.010044954622244733,-0.02931457476805277,-0.04490186099854768,0.0010505880805709881,0.2877911615269356,-4.704863333440535,0,1.4123962452991907
31.05023999999674,-1.9939801736632154,-0.40825222340998446,1.1435852285080947,-0.007992002777092045,0.7188000153246566,0.05341506851433629,-1.4237448751450774,-1.0587159062111948,1.515956950871729,-0.026062592212554386,0.7380949050146369,0.05100887126080761,-1.6141175550661575,-0.7937290928021963,1.2340399260098578,-0.044375858703546184,0.7728586021329946,0.06501481953658751,0.09000117304571391,0.09000117304571391,0.0,0.009989794610962253,-0.0316516534423148,-0.04475836386696502,0.0010495498655610819,0.28766351363236,-4.704917429978831,0,1.4093946180863517
31.05439999999674,-1.9940132906902637,-0.4052586318331135,1.1438069504066632,-0.007948086491550056,0.7184619784490318,0.05321325565642922,-2.476147628687346,-0.5118865536892906,1.3229095553003853,0.03686391330334557,0.7138647318727391,-0.07674187929246694,-2.045062656807589,-0.6513212617117631,1.2783149832239555,-0.0034203758849157295,0.7434753217584333,-0.005489781940020394,0.09000117304571391,0.09000117304571391,0.0,0.009934938309602109,-0.03396808781633198,-0.04461498445893744,0.0010484317814502416,0.2875319907955852,-4.70497086696482,0,1.4063944403517927
31.05855999999674,-1.9940462257395815,-0.40226648837926227,1.144027834161746,-0.007904411836270745,0.7181144289242979,0.05301210121986175,-1.766218611543942,-0.27937577657574164,0.6562203810082303,0.0748440646678658,0.766009019945454,-0.09375804561310916,-1.9054832466155076,-0.46375304711234777,0.9670675895661542,0.03582085381771879,0.7549364852294718,-0.04926944387688652,0.09000117304571391,0.09000117304571391,0.0,0.009880384065439052,-0.036264018279932975,-0.04447172852637202,0.001047235557500063,0.2873966291799287,-4.705023654314378,0,1.403395751457185
31.062719999996737,-1.994078979812459,-0.3992758323126178,1.144247882514082,-0.007860977490620102,0.7177574559946693,0.05281160456064066,-1.9950658706997972,-1.0956744836306844,1.0933473594632432,0.03759634575793987,0.617830513751129,0.17402834175673298,-1.9501964138737433,-0.7784319947964747,1.0305698327759654,0.036433287332698905,0.6858523151704545,0.06260522516251299,0.09000117304571391,0.09000117304571391,0.0,0.009826130234336625,-0.038539584343447064,-0.04432860171149816,0.0010459628988972365,0.28725746469784624,-4.705075801784725,0,1.4003985903943184
31.066879999996736,-1.9941115539047127,-0.3962867025281028,1.1444670982016232,-0.007817782140916643,0.7173911482836131,0.052611765009848516,-2.749867568236046,-0.45744753185456855,1.2536593002862604,-0.06327785099669792,0.7542517789286591,0.014639293554774307,-2.350168019330052,-0.6163684874404437,1.1421464639294576,-0.013984972851876998,0.7199476287909051,0.03867964970385925,0.09000117304571391,0.09000117304571391,0.0,0.009772175180562549,-0.04079492464259138,-0.04418560954826389,0.0010446154869133977,0.28711453301248113,-4.705127318977014,0,1.3974029957876746
31.071039999996735,-1.9941439490067143,-0.3932991375539457,1.144685483959432,-0.007774824480399663,0.7170155937976975,0.052412581874125126,-2.12582857682447,-0.3089131037558447,1.1172447405031272,-0.10245103308386827,0.535791492132947,0.09820331144801639,-2.2382107189093947,-0.46152515407259453,1.1298995201167232,-0.05778176268181702,0.6283336186631122,0.06851839426667282,0.09000117304571391,0.09000117304571391,0.0,0.009718517276710591,-0.04303017694465372,-0.04404275746373745,0.0010431949790692635,0.28696786953920467,-4.705178215338882,0,1.3944090058969811
31.075199999996734,-1.9941761661034194,-0.3903131755542356,1.1449030425195825,-0.007732103209197725,0.7166308799304171,0.052214054436142576,-2.200954334160921,-0.7696277470430017,1.2169774419166557,-0.053876140950607096,0.898644772857488,-0.024350095085309692,-2.2196965752714313,-0.6137096479456373,1.1733877140809714,-0.05474797495800148,0.7635663409334108,0.02244051383082251,0.09000117304571391,0.09000117304571391,0.0,0.00966515490394318,-0.04524547815255753,-0.04390005078037093,0.0010417030093032276,0.286817509447148,-4.705228500166954,0,1.3914166586197523
31.079359999996733,-1.9942082061743955,-0.38732885433146064,1.145119776611062,-0.0076896170342960835,0.7162370934659997,0.05201618195507059,-2.1943934116409967,-0.10342684650746525,0.9944971342079544,0.11653464413194893,0.851721158272064,0.027305020646463524,-2.206801047161371,-0.3567926201303795,1.0839976936514335,0.030218544896201113,0.8073971208250402,0.025003415294852095,0.09000117304571391,0.09000117304571391,0.0,0.009612086451378626,-0.04744096431032885,-0.043757494717201084,0.0010401411881438688,0.2866634876607266,-4.705278182609309,0,1.3884259914938142
31.08351999999673,-1.9942400701938519,-0.3843462113290307,1.1453356889596746,-0.007647364669506587,0.7158343205831933,0.05181896366703643,-1.972184253780884,0.09303671893743753,1.3208051701830037,0.1070260750084488,0.6909170072165542,-0.015927001730563876,-2.0892683627124327,-0.13043850004295796,1.2023700290109554,0.06860060878804236,0.7495416788094064,0.0045082556272752535,0.09000117304571391,0.09000117304571391,0.0,0.009559310317081666,-0.04961677060847314,-0.043615094391268844,0.0010385111028862258,0.28650583886115594,-4.705327271667901,0,1.3854370416998119
31.08767999999673,-1.9942717591306662,-0.38136528363378475,1.1455507822879478,-0.0076053448354333865,0.7154226468590297,0.05162239878557858,-1.3201827152413137,0.05006118451603708,0.9279738527022462,0.020660033201386898,0.8529785870726834,-0.06554892858676076,-1.7046756726494419,-0.03841120498474243,1.0650340008589803,0.04390617324652423,0.8002826533707296,-0.030669697065513653,0.09000117304571391,0.09000117304571391,0.0,0.009506824906809508,-0.05177303138830136,-0.04347285481883009,0.00103681431777136,0.28634459748795915,-4.705375776200948,0,1.3824498460637036
31.09183999999673,-1.994303273948414,-0.3783861079784824,1.14576505931504,-0.007563556259443806,0.7150021572725717,0.05142648650209493,-1.969345616661204,-0.08401825550811304,1.0135754411692772,-0.00747752265144714,0.8991577115747827,0.0429445160863155,-1.8370288620581174,-0.05934280475828098,1.0393934756954095,0.01860822124044549,0.8487412380785642,0.006232992710902123,0.09000117304571391,0.09000117304571391,0.0,0.009454628634787753,-0.053909880147549494,-0.0433307809182846,0.0010350523741694863,0.28617979774046703,-4.7054237049252725,0,1.3794644410592383
31.095999999996728,-1.9943346156053956,-0.3754087207442797,1.1459785227566495,-0.007521997675635905,0.7145729362086372,0.05123122598627847,-2.196693997166611,-0.1272326573583475,1.5577421941496752,0.009356878942035827,0.7278566360495762,0.1596293068297473,-2.01684490464936,-0.09177366635985447,1.2989030085748428,0.01418524816741373,0.7880089661548421,0.08315107667686766,0.09000117304571391,0.09000117304571391,0.0,0.009402719923525081,-0.05602744954548511,-0.04318887750990197,0.0010332267907661946,0.28601147357930945,-4.705471066418611,0,1.3764808628104166
31.100159999996727,-1.9943657850546657,-0.37243315796319015,1.1461911753249268,-0.007480667824806763,0.7141350674615027,0.0510366163865537,-2.0796066851488995,-0.08278345588260677,0.9309367973040565,-0.03565455100198151,0.7954718325311503,-0.10667719227066026,-2.0483008425591698,-0.0856246914629742,1.1146968120579304,-0.010516019469487938,0.792101274270455,-0.012409375021515531,0.09000117304571391,0.09000117304571391,0.0,0.009351097203734489,-0.05812587140684844,-0.04304714931833231,0.0010313390637511197,0.2858396587278985,-4.7055178691218815,0,1.3734991470939388
31.104319999996726,-1.994396783244059,-0.3694594553205294,1.1464030197283872,-0.007439565454421016,0.7136886342385907,0.05084265683050229,-2.4641182227747476,-0.06878133321536323,0.8287564177142177,-0.059376615474115664,0.8094958764526152,-0.09658151707147897,-2.2563363088722146,-0.0755176235522025,0.9715249817272409,-0.03476773466298498,0.800055497890543,-0.055093246041691205,0.09000117304571391,0.09000117304571391,0.0,0.009299758913933353,-0.06020527672794973,-0.04290560097405438,0.0010293906670095878,0.28566438667390465,-4.705564121341414,0,1.370519329341637
31.108479999996725,-1.9944276111162198,-0.36648764815734547,1.1466140586718259,-0.007398689318581006,0.7132337191641329,0.050649346425282286,-1.9688511934385848,0.015942101605666614,1.6258898751938329,0.11975091665295642,0.6687660889454237,0.12176322771438067,-2.112343723970094,-0.02839602217759,1.298965248382406,0.042992789564680084,0.7343784148825571,0.033334712129848384,0.09000117304571391,0.09000117304571391,0.0,0.009248703501219356,-0.06226579568107016,-0.042764237014186635,0.0010273830523169734,0.2854856906707238,-4.705609831251148,0,1.367541444642889
31.112639999996723,-1.9944582696086282,-0.36351777147283376,1.1468242948562344,-0.007358038177993631,0.712770404282814,0.05045668425804362,-1.9051793627647193,-0.6184542372043946,1.3322307350588432,0.019977013976952715,0.46850542845571663,-0.024451945086665795,-2.008718078933545,-0.3224525616911584,1.315547606616435,0.03126365230498972,0.6003918263745984,0.004328980695550284,0.09000117304571391,0.09000117304571391,0.0,0.009197929420336355,-0.06430755761930684,-0.04262306188458673,0.0010253176495343378,0.28530360373893693,-4.705655006894785,0,1.3645655277470226
31.116799999996722,-1.9944887596536278,-0.36054985992673627,1.147033730978719,-0.007317610799941029,0.7122987710633978,0.05026466939633452,-2.034766878931546,-0.26661117497949727,0.9514109755697411,-0.1503904370445605,0.7978939709841297,0.03926475463188542,-2.0220560702812675,-0.2928723457558122,1.1335582732164153,-0.059262620765118346,0.6993535628526383,0.021861652311766608,0.09000117304571391,0.09000117304571391,0.0,0.009147435134235892,-0.06633069108164591,-0.0424820799406731,0.0010231958668074064,0.2851181586677616,-4.70569965618792,0,1.3615916130656989
31.12095999999672,-1.9945190821784538,-0.35758394784172653,1.1472423697324212,-0.007277405958248859,0.7118189004023309,0.050073300888504146,-2.2145327925924585,0.06994752102530005,1.0644082178224656,0.1546618630886588,0.6909704081948757,0.12781736183513112,-2.117974445319891,-0.11002254741176136,1.0992478713018574,0.04785865023566433,0.695101075149586,0.07519178409858832,0.09000117304571391,0.09000117304571391,0.0,0.009097219113997987,-0.06833532379762342,-0.042341295449321,0.0010210190907663484,0.2849293880164956,-4.70574378692012,0,1.358619734675286
31.12511999999672,-1.994549238105259,-0.3546200692057793,1.1474502138064382,-0.007237422433254862,0.711330872627328,0.049882577764096984,-2.3206969388179983,-0.41301007842448306,1.3571313355130767,-0.12254829319236812,0.5209128456245505,0.24694175202372468,-2.219592684666467,-0.2604327881579433,1.2287052736814128,-0.03700830970169704,0.6069788458339666,0.16094322224490554,0.09000117304571391,0.09000117304571391,0.0,0.009047279838537738,-0.07032158269189348,-0.04220071258947991,0.0010187886867279938,0.28473732411595265,-4.705787406756986,0,1.3556499263192148
31.12927999999672,-1.9945792283511414,-0.3516582576745254,1.1476572658857476,-0.007197659011778575,0.7108347675009388,0.049692499034244345,-1.7619749336580237,-0.6892239332681451,1.3484847878706194,0.04687918673394874,0.8824519930350437,-0.07933182580319471,-1.9906820073711566,-0.4729955875687283,1.2884301458456706,0.004404864525390586,0.7445539507937343,0.04116496731805641,0.09000117304571391,0.09000117304571391,0.0,0.0089976157946322,-0.07228959388988154,-0.04206033545472146,0.0010165059988991663,0.28454199906989064,-4.705830523242168,0,1.3526822214103198
31.133439999996718,-1.9946090538281709,-0.3486985465735917,1.1478635286511312,-0.007158114487090886,0.7103306642240909,0.049503063692044914,-1.770951005244114,-0.3561451574424309,0.7335221886259502,-0.01635620001141637,0.7603308122351184,-0.027310270377471073,-1.8808489875966432,-0.41298876587178873,1.0109154512886716,-0.005975092327426217,0.7527668902986088,0.006945395116732858,0.09000117304571391,0.09000117304571391,0.0,0.008948225476947241,-0.074239482721421,-0.04192016805301141,0.0010141723505817035,0.28434344475643114,-4.705873143799354,0,1.3497166530331681
31.137599999996716,-1.9946387154434162,-0.3457409689009266,1.1480690047791018,-0.007118787658883416,0.7098186414396184,0.04931427071294588,-1.775713614269088,-0.20892042483025777,1.392115658654544,0.04077293647976582,0.6681217466993268,0.060120280884490715,-1.82819626244128,-0.30956419188231193,1.2016436532908445,0.017638134617013003,0.7107854947298371,0.03334554293598509,0.09000117304571391,0.09000117304571391,0.0,0.008899107388278364,-0.07617137372654215,-0.04178021430905196,0.001011789044378656,0.2841416928294721,-4.705915275734222,0,1.3467532539463694
31.141759999996715,-1.9946682140989713,-0.3427855573291109,1.1482736969418315,-0.007079677333236843,0.7092987772357663,0.04912611905511405,-1.992809788513565,-0.6505292120419164,1.1126580807933282,0.023065856187309098,0.6695314183869034,0.1904889189587324,-1.9104555015578417,-0.4786565959168297,1.1575474527946463,0.020015306563351366,0.6902158720647947,0.11142776994643942,0.09000117304571391,0.09000117304571391,0.0,0.00885026003893617,-0.07808539065913833,-0.04164047806556123,0.0010093573624014745,0.28393677472009193,-4.705956926236365,0,1.3437920565848762
31.145919999996714,-1.9946975506919822,-0.3398323442076539,1.1484776078070806,-0.007040782322591733,0.7087711491496802,0.0489386076598012,-2.2172342156499543,0.06767262085610959,1.2642383626865883,0.01841764566121997,0.6982483228746594,0.07984165061043702,-2.0638090154140873,-0.20403422529060983,1.2110596623422416,0.019369627567618286,0.6934607419981662,0.09566571429361612,0.09000117304571391,0.09000117304571391,0.0,0.008801681947200239,-0.07998165649289057,-0.0415009630839146,0.0010068785664781466,0.2837287216379466,-4.705998102381179,0,1.3408330930622654
31.150079999996713,-1.9947267261146726,-0.33688136156527526,1.1486807400381294,-0.007002101445717426,0.708235834170871,0.0487517354517066,-2.1466964152037087,-0.7614404053067169,1.038295062115631,-0.03015769514227728,0.7555869698779779,0.07215205475527109,-2.105315521763837,-0.48116734591842175,1.1248269349245934,-0.005631608550506716,0.7234279370749461,0.08357022550119457,0.09000117304571391,0.09000117304571391,0.0,0.008753371638918097,-0.08186029342442946,-0.04136167304585986,0.0010043538983622521,0.2835175645726582,-4.706038811131722,0,1.33787639517301
31.15423999999671,-1.9947557412543713,-0.33393264111217247,1.14888309629371,-0.006963633527682541,0.7076929087446667,0.048565501339331886,-1.5802451171654044,-0.20516612056316014,1.0647125549578287,-0.08317441547107805,0.6462314759413169,0.060696193301530366,-1.842951353091297,-0.3418198493693034,1.094896469807089,-0.04357705046380077,0.684445216914567,0.07170230395637822,0.09000117304571391,0.09000117304571391,0.0,0.008705327647959086,-0.0837214228795018,-0.0412226115548098,0.0010017845799429842,0.28330333429519694,-4.706079059340546,0,1.3349219943947306
31.15839999999671,-1.9947845969935372,-0.330986214242274,1.1490846792279406,-0.006925377399823537,0.7071424487756389,0.04837990421533037,-1.3746985675425891,-0.2883205116188104,1.4103619604395319,-0.009338534174206128,0.7262053451432018,0.08544528218793666,-1.6088412283429043,-0.3135581749422915,1.2528090222577088,-0.026401927339848273,0.7047719476773735,0.07863255227567229,0.09000117304571391,0.09000117304571391,0.0,0.008657548515599404,-0.08556516551669491,-0.04108378213628308,0.0009991718134550777,0.28308606135925396,-4.706118853751491,0,1.3319699218904388
31.16255999999671,-1.994813294209786,-0.32804211203547806,1.1492854914902608,-0.006887331899715785,0.7065845296310136,0.048194942956854156,-2.2446994771931914,-0.3646191398786772,1.1153383408067834,-0.03157503796050487,0.795726001785443,-0.07311382291401639,-1.9268387784313319,-0.33743424582945686,1.1839225223468974,-0.02980504927907741,0.7503960805996103,0.0018663568578804364,0.09000117304571391,0.09000117304571391,0.0,0.008610032790975516,-0.08739164123170995,-0.04094518824027424,0.0009965167816897457,0.28286577610260766,-4.706158201001458,0,1.329020208510763
31.166719999996708,-1.9948418337759157,-0.3251003652598778,1.1494855357253686,-0.006849495871142702,0.7060192261440642,0.04801061642589105,-2.6441845910835204,0.09094845518973216,1.477218028477349,-0.03987095464743909,0.782844399546583,0.19617440172551073,-2.2855982029743354,-0.12161028310589568,1.3309805833901622,-0.03552583328129934,0.7659829537691588,0.09890283351867164,0.09000117304571391,0.09000117304571391,0.0,0.008562779030575717,-0.08920096916335729,-0.04080683324127607,0.000993820648205539,0.2826425086484826,-4.706197107622148,0,1.32607288479616
31.170879999996707,-1.9948702165599326,-0.3221610043739716,1.1496848145731586,-0.0068118681640669514,0.7054466126174799,0.047826923469601115,-2.1729267310197407,-0.19350768351601283,0.9286023835261218,-0.07315292837092094,0.7471620207853364,-0.1134491716281605,-2.229414752145524,-0.15600418572863986,1.1295517334168297,-0.0538957546425413,0.7559844590982125,-0.006796326871475656,0.09000117304571391,0.09000117304571391,0.0,0.00851578579880032,-0.09099326769636251,-0.04066872044065856,0.0009910845575401485,0.2824162889068993,-4.706235580041772,0,1.3231279809791148
31.175039999996706,-1.9948984434250767,-0.31922405952886024,1.1498833306686613,-0.006774447634599264,0.7048667628267218,0.04764386292064301,-2.1584722555330083,-0.2755551680311112,1.1391305835871157,-0.12046670093849436,0.7108502280987192,0.0067493777160661655,-2.1941949522187447,-0.2143011322719764,1.1343556896894111,-0.08651458182750135,0.7330195102898666,-0.00022901003827337403,0.09000117304571391,0.09000117304571391,0.0,0.008469051667453197,-0.09276865446696259,-0.04053085306627141,0.000988309635421389,0.28218714657601845,-4.706273624586737,0,1.3201855269863247
31.179199999996705,-1.9949265152298474,-0.31628956057042956,1.1500810866419842,-0.006737233144969328,0.7042797500233564,0.04746143359750163,-1.6760001883575022,0.03957209902010428,1.4603656993844236,-0.04729107505268676,0.7301823389160045,0.1840610538228576,-1.9351937082349597,-0.08584359048468533,1.2977447102703101,-0.06623219083901966,0.7314127827278654,0.0924365888775218,0.09000117304571391,0.09000117304571391,0.0,0.008422575215767102,-0.09452724636744891,-0.040393234274830436,0.0009854969889787715,0.28195511114347627,-4.7063112474833,0,1.31724555244087
31.183359999996703,-1.9949544328280286,-0.3133575370415197,1.1502780851182541,-0.006700223563496524,0.7036856469383695,0.047279634304805605,-2.001354680704151,-0.26731867267468856,0.9988805816329069,0.11628897109571092,0.7163478683675162,0.05077145607986767,-1.9680312429203728,-0.17509179791066642,1.148416849412095,0.024277742657360716,0.7235827737326564,0.07127413787717816,0.09000117304571391,0.09000117304571391,0.0,0.008376355030535952,-0.09626915954976245,-0.040255867152812264,0.0009826477069549366,0.2817202118877127,-4.706348454859196,0,1.3143080866643715
31.187519999996702,-1.9949821970687143,-0.3104280181840803,1.150474328717561,-0.006663417764560067,0.7030845257854652,0.04709846383364069,-2.024857195602126,-0.23773503886266567,1.3994776348096747,-0.027253410181511773,0.6960642682966737,-0.033765875922473626,-1.9965007083925592,-0.20496588236929708,1.2738778046329478,-0.0017705419332366859,0.7097382760079609,0.019223530404104187,0.09000117304571391,0.09000117304571391,0.0,0.008330389706033394,-0.09799450943091736,-0.040118754716924554,0.0009797628599167542,0.2814824778792923,-4.706385252745241,0,1.3113731586791344
31.1916799999967,-1.9950098087963333,-0.3075010329413122,1.150669820054902,-0.006626814628569438,0.7024764582643424,0.04691792096186096,-2.0979391705963044,0.24620201585506857,1.2655059578227748,-0.019012611542161148,0.7185513514120955,0.14749213262941382,-2.0472611270930337,0.022115138840975872,1.269999343330287,-0.009942281999054668,0.7144571967455061,0.08299315857787705,0.09000117304571391,0.09000117304571391,0.0,0.008284677843931132,-0.09970341069726629,-0.039981899915648766,0.0009768435004663283,0.2812419379822179,-4.706421647076907,0,1.3084407972102763
31.1958399999967,-1.9950372688506746,-0.30457660995979574,1.1508645617401285,-0.006590413041935112,0.701861515563953,0.04673800445439327,-1.9364737586415994,-0.0327598260326844,1.2492511518281342,-0.029498049482328377,0.6872436812451139,0.16909878110474416,-1.991927781395228,-0.003891441788563447,1.2599756154986776,-0.019834951619510544,0.6999679479243631,0.12662104118831685,0.09000117304571391,0.09000117304571391,0.0,0.00823921805321706,-0.10139597730770711,-0.039845305630574146,0.0009738906634514152,0.2809986208552358,-4.706457643695873,0,1.3055110306878466
31.1999999999967,-1.9950645780669123,-0.30165477759160514,1.1510585563778932,-0.006554211897039586,0.7012397683657475,0.04655871306353589,-2.007391282564999,0.3617130171753697,1.3291335421102732,-0.013235145466825665,0.7129019240514691,0.046140286946872576,-1.9996853943227024,0.18039704160978015,1.294651680255458,-0.017388755628859304,0.7060108009332694,0.08607468066951669,0.09000117304571391,0.09000117304571391,0.0,0.008194008950434071,-0.10307232250000387,-0.039708974676665454,0.0009709053661757858,0.28075255495313534,-4.706493248351546,0,1.3025838872489268
31.204159999996698,-1.9950917372756298,-0.29873556389640976,1.1512518065675985,-0.006518210092207359,0.7006112868468927,0.04638004552925576,-1.8329770696553414,0.026715858031998496,0.759678614597923,-0.009648126348773472,0.7177759925676469,-0.10430309775110899,-1.9163501115767774,0.10504862169253924,1.0269437991611086,-0.01352936807522641,0.7117512376538759,-0.00878592755372318,0.09000117304571391,0.09000117304571391,0.0,0.008149049159063518,-0.10473255879370225,-0.03957290980403144,0.0009678886086086926,0.2805037685280397,-4.706528466702562,0,1.2996593947397217
31.208319999996696,-1.995118747302845,-0.2958189966435619,1.1514443149033464,-0.006482406531677453,0.6999761406834777,0.046202000579478014,-1.945449794170848,-0.2866602171213662,1.4163907472974449,0.08838540210270981,0.7201033257032424,0.010399844722054095,-1.9307172323706432,-0.08930961091482004,1.2216923966390192,0.03786143082592949,0.7153815634643155,0.00043698344742765997,0.09000117304571391,0.09000117304571391,0.0,0.008104337310191053,-0.10637679799476674,-0.03943711369841402,0.000964841373594007,0.2802522896306896,-4.706563304318263,0,1.2967375807176356
31.212479999996695,-1.995145608970035,-0.2929051033141715,1.1516360839738897,-0.006446800125573105,0.6993343990537013,0.046024576930373325,-2.0925571185192187,-0.7099947450963042,0.7815750448722647,0.15501825866549845,0.6382930205754376,-0.057163250969800884,-2.011315497029058,-0.3983281441927215,1.0015122482841472,0.0962508688129205,0.6764834498985465,-0.028602338941874018,0.09000117304571391,0.09000117304571391,0.0,0.008059872042104036,-0.10800515120044607,-0.039301588982536356,0.0009617646270586497,0.27999814611172064,-4.706597766680142,0,1.293818472453335
31.216639999996694,-1.9951723230941594,-0.2899939111031672,1.151827116362584,-0.006411389789873097,0.6986861306410372,0.04584777328663928,-2.020731205628849,-0.7948091921388946,1.3103717030588038,-0.14808866765730141,0.6328187892005914,0.1948439405480513,-2.0163297570479553,-0.5952558979195701,1.1563492399572681,-0.02671120813398249,0.6549905208490802,0.08318664764405519,0.09000117304571391,0.09000117304571391,0.0,0.008015652000102015,-0.10961772880286857,-0.039166338216812896,0.0009586593182200629,0.27974136562293206,-4.706631859183273,0,1.290902096932799
31.220799999996693,-1.995198890487686,-0.28708544692134474,1.1520174146473414,-0.006376174446383838,0.6980314036373851,0.04567158834177852,-1.8241672270372429,-0.2676863499537774,0.9264632319755693,-0.04682268208266823,0.687610553788877,-0.022531312719724375,-1.9203452917155601,-0.43003750752927306,1.0413586461125,-0.0364028605628028,0.6707626488245896,0.029909735172668827,0.09000117304571391,0.09000117304571391,0.0,0.00797167583705557,-0.11121464049329277,-0.03903136390113307,0.0009555263797934436,0.27948197561854937,-4.706665587137714,0,1.287988480859356
31.224959999996692,-1.995225311958614,-0.2841797373974022,1.1522069814005846,-0.006341153022709079,0.6973702857462033,0.04549602077836924,-2.2610281087183792,-0.35600791036892687,1.5833687030674066,-0.09763087722080815,0.6430823469665351,-0.013421667003612948,-2.0908918357311466,-0.391682642727345,1.3123405239643253,-0.06716575708832466,0.6559839247191349,0.0077787870346465076,0.09000117304571391,0.09000117304571391,0.0,0.007927942212468645,-0.11279599526722461,-0.03889666847408091,0.0009523667281974081,0.27922000335647945,-4.706698955769886,0,1.2850776506557096
31.22911999999669,-1.9952515883104984,-0.28127680887996215,1.1523958191892028,-0.006306324452223489,0.69670284418562,0.04532106926833865,-2.203001652552787,-0.19821774321310065,0.8211243210625043,-0.054526693149065136,0.6830088586334315,0.0907853297131919,-2.1470609301017882,-0.29352839199350755,1.0669183758229914,-0.06085302589799079,0.6695866634497263,0.049007600292110404,0.09000117304571391,0.09000117304571391,0.0,0.007884449793357435,-0.11436190142773328,-0.038762254315793526,0.000949181263759451,0.278955475899558,-4.706731970223931,0,1.2821696324659462
31.23327999999669,-1.9952777203424736,-0.27837668743958077,1.1525839305745078,-0.006271687674042535,0.6960291456915303,0.04514673247322423,-2.1460431895773295,-0.3556893861772696,0.5439839874993718,-0.048067185045236736,0.7850359550235968,0.05133845918369067,-2.146651128795926,-0.32297461691911766,0.805555749404769,-0.05489476777427627,0.7264118706314812,0.04947832566904829,0.09000117304571391,0.09000117304571391,0.0,0.007841197253633398,-0.11591246658995358,-0.038628123747616316,0.0009459708709197943,0.2786884201167906,-4.706764635563046,0,1.2792644521575367
31.23743999999669,-1.9953037088492778,-0.27547939887074463,1.152771318112193,-0.006237241632994892,0.6953492565206739,0.04497300904443627,-1.754616263991717,-0.2850732180428825,0.8883606773623645,-0.09455783599478572,0.7745514364408217,0.07862380822761432,-1.9508281312224336,-0.30241289282704364,0.8471230344002236,-0.07448308500659603,0.7506156124758381,0.06370955855520755,0.09000117304571391,0.09000117304571391,0.0,0.0077981832743407534,-0.11744779768506652,-0.0384942790338994,0.0009427364184348339,0.27841886268458627,-4.706796956770799,0,1.2763621353233212
31.241599999996687,-1.9953295546212761,-0.27258496869385423,1.152957984352291,-0.006202985279593828,0.6946632424536964,0.044799897623512545,-1.353860334282476,-0.12000430035369214,0.992123589855534,-0.03703915927915015,0.6755106994284891,-0.07382442086947427,-1.6524168021871977,-0.2098032500754616,0.9194699163404728,-0.05590472304496974,0.7135355657028013,-0.00463617731418075,0.09000117304571391,0.09000117304571391,0.0,0.007755406543573481,-0.1189680009650429,-0.0383607223818723,0.000939478759579143,0.278146830087984,-4.706828938752418,0,1.273462707283481
31.245759999996686,-1.9953552584444845,-0.2696934221571951,1.1531439318391343,-0.006168917570008896,0.6939711687981894,0.04462739684237337,-1.5716836378894383,-0.24464029276550237,1.1654718868737661,-0.06414575399581543,0.7575401438804868,-0.0070972114289752225,-1.6121829048506577,-0.2256460150387188,1.0424584599302185,-0.06010720341504665,0.7353721764360384,-0.006154520489633874,0.09000117304571391,0.09000117304571391,0.0,0.007712865756178159,-0.12047318200579427,-0.038227455943660366,0.0009361987323461929,0.2778723486218724,-4.70686058633606,0,1.2705661930875
31.249919999996685,-1.995380821100593,-0.26680478423889625,1.1533291631113158,-0.006135037466038828,0.6932731003917186,0.04445550532356796,-2.4900743440396473,-0.2922571756359597,0.684767108978934,0.11507070853250297,0.829480481323551,0.10313422091199548,-2.0508944922133177,-0.25722646958315226,0.8638266888447316,0.027022622965923424,0.7822776858646006,0.047573519421188155,0.09000117304571391,0.09000117304571391,0.0,0.007670559614311932,-0.12196344571247542,-0.0380944818161664,0.0009328971596484783,0.27759544439220196,-4.706891904274067,0,1.2676726175161124
31.254079999996684,-1.9954062433669892,-0.2639190796488761,1.1535136807016513,-0.006101343935082068,0.6925691016048281,0.044284221680521,-2.2488768013667624,-0.24454530081637493,1.6499141973358564,-0.06598872851759646,0.5870924049305406,0.13914229997309507,-2.150023387525836,-0.24966271605610918,1.2571651584370482,-0.01990950708008235,0.6837621646021457,0.09344688256287315,0.09000117304571391,0.09000117304571391,0.0,0.007628486826717882,-0.12343889632234162,-0.03796180204287933,0.0009295748495158724,0.277316143317191,-4.706922897244187,0,1.264782005083237
31.258239999996682,-1.9954315260167814,-0.261036332830776,1.153697487137142,-0.006067835950110291,0.6918592363440326,0.044113544517771525,-1.8662652960763235,-0.0724200775898565,0.8737491832528343,-0.000489978057997666,0.6449246171162002,0.03183786560835404,-2.0081433835315265,-0.1596970006888062,1.0655204028443583,-0.010197050202312949,0.6635133294937707,0.06279387888325466,0.09000117304571391,0.09000117304571391,0.0,0.007586646109175589,-0.12489963740964671,-0.03782941861397607,0.0009262325952931127,0.2770344711285239,-4.706953569850789,0,1.2618943800379026
31.26239999999668,-1.9954566698188216,-0.25815656796388103,1.1538805849389386,-0.00603451248964001,0.6911435680547894,0.04394347243121107,-2.1886588505016036,-0.24111388150812726,1.9994533617040084,0.06253688329385981,0.6928332685016317,0.1975215454457256,-2.0982734560515097,-0.19896530672209709,1.5329042394101184,0.026718599115821664,0.6783488232450405,0.13015731891956903,0.09000117304571391,0.09000117304571391,0.0,0.007545036184310709,-0.1263457718894878,-0.03769733346749446,0.000922871175835953,0.2767504533725431,-4.706983926626051,0,1.2590097663661557
31.26655999999668,-1.9954816755377287,-0.25527980896502916,1.1540629766223067,-0.006001372537704935,0.6904221597244532,0.043774004008316734,-2.4793782762031276,-0.28481064241418685,1.1785841838397266,-0.01705569157973127,0.4735888060168164,-0.021219098264241683,-2.2888641155776894,-0.24090234587095874,1.3556981267129646,0.004885864451186586,0.5754152656510549,0.05422417214277664,0.09000117304571391,0.09000117304571391,0.0,0.007503655781511099,-0.1277774020214466,-0.037565548490082146,0.000919491355705733,0.2764641154114336,-4.707013972031126,0,1.2561281877929613
31.27071999999668,-1.9955065439339112,-0.2524060794905074,1.1542446646965916,-0.005968415083828662,0.6896950738852157,0.04360513782838086,-2.5236817028539456,-0.013591009397722204,0.8414500135328246,-0.03395941346880275,0.7910115431921014,0.13641312794702787,-2.4063449914838175,-0.1255992242920218,1.0988542776450942,-0.014628271505873777,0.6829198808508974,0.09527942863946895,0.09000117304571391,0.09000117304571391,0.0,0.007462503637056653,-0.12919462941420523,-0.03743406551753378,0.0009160938853630633,0.27617548242440115,-4.707043710457298,0,1.2532496677840885
31.274879999996678,-1.9955312757635904,-0.24953540293793647,1.1544256516651863,-0.0059356391229967755,0.6889623726170248,0.04343687246273828,-1.0892525231278822,-1.0367050765083268,1.1457183664051223,0.0870837485215355,0.7232254497724391,0.00375941183179921,-1.7476107954257352,-0.5796526725618184,1.1222952417874261,0.0373685650560875,0.7023173800968328,0.04915389492790737,0.09000117304571391,0.09000117304571391,0.0,0.007421578493928455,-0.13059755502889314,-0.0373028863366153,0.0009126795013594007,0.27588457940884326,-4.707073146227109,0,1.2503742295479843
31.279039999996677,-1.9955558717788222,-0.24666780244814276,1.1546059400254987,-0.0059030436556297165,0.6882241175504902,0.04326920647498569,-1.8332619481790595,0.02472461837772602,1.1549008763011108,0.11405847349715059,0.7637566796891881,0.10155578012809753,-1.7901996923272547,-0.2758710817202251,1.1388093311490668,0.0756891315705917,0.7329731913638132,0.07544241985984812,0.09000117304571391,0.09000117304571391,0.0,0.007380879101831427,-0.13198627918340544,-0.037172012684538375,0.0009092489265279428,0.27559143118151364,-4.707102283595474,0,1.2475018960376358
31.283199999996675,-1.9955803327275203,-0.2438033009070187,1.1547855322689204,-0.0058706276875555305,0.6874803698697701,0.04310213842120303,-2.936192474909482,-0.5806490186802538,1.4392081367520304,0.005500904145715627,0.6095992415983904,0.02349565702820703,-2.363192818802283,-0.4269927219065704,1.289059333889476,0.04067540252042374,0.670566942759725,0.04965141693910491,0.09000117304571391,0.09000117304571391,0.0,0.00734040421700302,-0.13336090155652225,-0.037041446250789284,0.0009058028701727319,0.2752960623796795,-4.7071311267507765,0,1.2446326899524212
31.287359999996674,-1.9956046593534786,-0.24094192094737105,1.154964430880796,-0.005838390229983375,0.68673119031544,0.04293566685016701,-1.2372698100774064,0.012869484710853807,1.1629668143338023,-0.22443686667706914,0.5274991142362845,-0.11927743931987411,-1.8006905355303464,-0.20595995766140435,1.2257648707652615,-0.09173030042980115,0.5983689127467433,-0.03517368964330857,0.09000117304571391,0.09000117304571391,0.0,0.007300152602663326,-0.13472152119086234,-0.03691118867660809,0.0009023420282565223,0.2749984974622728,-4.707159679815944,0,1.2417666337399476
31.291519999996673,-1.9956288523963932,-0.2380836849507571,1.1551426383403942,-0.005806330299475122,0.6859766391873489,0.04276979030356657,-1.9654277131208453,-0.5311367471455224,1.0917001881575814,0.05305538684824049,0.5687330512301273,-0.01026540076342767,-1.8829480445067082,-0.3673659074640734,1.1587110287294358,-0.02025016957301555,0.5827007533409982,-0.023100576885758818,0.09000117304571391,0.09000117304571391,0.0,0.0072601230283963186,-0.13606823649830835,-0.036781241557893,0.0008988670835866008,0.27469876071103405,-4.707187946849507,0,1.2389037495978767
31.295679999996672,-1.9956529125918845,-0.2352286150493094,1.1553201571208784,-0.005774446917919509,0.6852167763474518,0.04260450731620604,-2.624550301312851,-0.30810206226883646,0.7549408487644722,-0.08902538042948827,0.6719518980015615,-0.10294677491064558,-2.253940419001192,-0.336337579752124,0.9566102252202797,-0.054207092382805806,0.6281139824739534,-0.0636139128909492,0.09000117304571391,0.09000117304571391,0.0,0.007220314270385567,-0.13740114526202296,-0.03665160644361662,0.0008953787059996224,0.27439687623164966,-4.7072159318466404,0,1.236044059475742
31.29983999999667,-1.99567684067152,-0.23237673312754842,1.1554969896892793,-0.005742739112505281,0.6844516612226345,0.04243981641621467,-1.2943552407526622,-0.1669717794298598,1.0447890621478764,0.030907989109775984,0.7175116009628884,0.08839355996215548,-1.7740773422448959,-0.2501609787849872,1.0008842413702006,-0.011407477607460548,0.6727530117271407,0.012320172463962704,0.09000117304571391,0.09000117304571391,0.0,0.0071807251116503806,-0.13872034464221739,-0.036522284837878394,0.0008918775525449708,0.2740928679548833,-4.707243638740192,0,1.233187585076749
31.30399999999667,-1.9957006373628354,-0.22952806082418378,1.1556731385064678,-0.005711205915693313,0.683681352807512,0.042275716125247394,-1.7255899821459422,-0.7264193945040442,0.862522379278849,-0.17239852483958779,0.6399779209927803,0.009315858214385263,-1.750191058030007,-0.48696044340757194,0.9317218529773593,-0.09230082889177732,0.6554345453971384,0.010753715660826888,0.09000117304571391,0.09000117304571391,0.0,0.007141354341426624,-0.14002593117797812,-0.0363932782006787,0.0008883642676659977,0.2737867596376996,-4.707271071401687,0,1.2303343478595687
31.30815999999667,-1.995724303389357,-0.2266826195339037,1.155848606027129,-0.0056798463651912875,0.6829059096672203,0.04211220495868219,-2.478497868417964,-0.20960887256294486,1.1328460023666405,0.10338783174330368,0.7423099915336691,0.17028260444566,-2.1141345807563097,-0.34673816411759084,1.0326394215872765,0.005562183561964215,0.6985926656620934,0.09055426050099837,0.09000117304571391,0.09000117304571391,0.0,0.007102200755508945,-0.14131800079305878,-0.03626458794783885,0.000884839483380324,0.2734785748643822,-4.707298233642319,0,1.227484369040117
31.312319999996667,-1.9957478394706234,-0.22384043040915294,1.1560233946997365,-0.0056486595039269205,0.6821253899401823,0.04194928142581753,-1.681315407073574,-0.5139845638004894,1.0604496964040115,0.03037847948386193,0.6979875885282569,-0.07233192202276503,-1.8976576031073087,-0.4289102355143877,1.0463948953757252,0.01740337076921696,0.6980473991383627,0.008837864480155482,0.09000117304571391,0.09000117304571391,0.0,0.0070632631563797375,-0.14259664879794332,-0.036136215452634596,0.0008813038194579949,0.2731683370476442,-4.707325129213926,0,1.2246376695933225
31.316479999996666,-1.9957712463222068,-0.22100151436189933,1.1561975069665285,-0.005617644380020615,0.6813398513408649,0.04178694403006283,-2.3023007364797454,0.2574392080215123,0.35645493734650757,-0.0426550519815038,0.5568488335091167,-0.02592923854061157,-2.1000703920434285,-0.08457171369827786,0.7013658186332065,-0.012780914866997825,0.6270878861748143,-0.008381025200934852,0.09000117304571391,0.09000117304571391,0.0,0.007024540352696474,-0.14386196989469968,-0.03600816204572152,0.0008777578835982096,0.2728560694297334,-4.70735176180995,0,1.2217942702548847
31.320639999996665,-1.995794524655735,-0.21816589206538883,1.1563709452634832,-0.005586800046760233,0.6805493511625156,0.041625191269129,-2.0356812278576286,-0.007779679764168629,1.3914130148569974,0.03823670058903166,0.6957949228351956,-0.060055538026268465,-2.0677971662359815,-0.044727645150882206,1.0462695853902377,0.013368023359315723,0.6613018714567872,-0.034337021220850604,0.09000117304571391,0.09000117304571391,0.0,0.006986031159633716,-0.1451140581800272,-0.03588042901613117,0.0008742022716048919,0.2725417950835298,-4.707378135066383,0,1.2189541915230193
31.324799999996664,-1.9958176751789123,-0.2153335839558893,1.1565437120202966,-0.005556125562574406,0.6797539462798846,0.04146402163521469,-1.6844175435467648,0.09125996966270006,1.5169380610652454,-0.23771482399519486,0.7077686756525163,0.03630748872552022,-1.8766001003940513,0.024740474113219373,1.2816829258021107,-0.1116821302634296,0.6839446958847237,0.0008410017507633792,0.09000117304571391,0.09000117304571391,0.0,0.006947734398797915,-0.14635300714970567,-0.035753017612270815,0.0008706375675599865,0.27222553691363804,-4.70740425256269,0,1.2161174536601924
31.328959999996663,-1.9958406985955415,-0.21250461023442294,1.1567158096603598,-0.005525619991006179,0.6789536931519294,0.041303433615188095,-2.4687921232957732,0.15185241654519785,1.0053720627709084,0.1375196744571882,0.6757857711984978,-0.04253504449574305,-2.17241516834485,0.08970264820712284,1.1434371162778105,0.013359411562248019,0.6800106408374362,-0.02085728946933179,0.09000117304571391,0.09000117304571391,0.0,0.006909648898034984,-0.1475789097012392,-0.03562592904185535,0.0008670643439953306,0.27190731765747145,-4.707430117822725,0,1.2132840766948445
31.33311999999666,-1.9958635956055444,-0.20967899086848749,1.156887240600738,-0.0054952824006874335,0.6781486478245062,0.04114342569076892,-1.9819744201723541,-0.25856022517915866,0.6753549198875832,0.030643294234044792,0.5157212186668761,0.004994350118486007,-2.07713012860154,-0.08335737615997374,0.909403172143972,0.02219455787075379,0.5973166669514984,-0.007953010012600152,0.09000117304571391,0.09000117304571391,0.0,0.00687177349155838,-0.14879185813896711,-0.03549916447355278,0.0008634831620628553,0.27158715988633186,-4.707455734315628,0,1.2104540804231012
31.33727999999666,-1.9958863669049831,-0.2068567455937665,1.1570580072521492,-0.005465111865312744,0.6773388659330398,0.04098399633870322,-1.7297060177464316,-0.13593781474744226,1.4796912520271004,0.036522930452595165,0.5244598103019268,0.18565017380766358,-1.903340276089624,-0.10855588535996487,1.194936198285908,0.029646639083331223,0.5603077763669201,0.08938980055347412,0.09000117304571391,0.09000117304571391,0.0,0.006834107019756466,-0.14999194417598383,-0.03537272503649322,0.0008598945717034121,0.27126508600648114,-4.70748110545671,0,1.2076274844104757
31.34143999999666,-1.9959090131860815,-0.20403789391582822,1.157228112018945,-0.0054351074636140185,0.6765244027051853,0.0408251440309402,-2.3550049562309177,-0.4206667230644946,1.1662405155949696,0.00427623024424551,0.6199077735014457,0.11487881609037033,-2.129167697686318,-0.2633205841794395,1.1808268791270131,0.017355153725721065,0.5884143460282028,0.10223923526665038,0.09000117304571391,0.09000117304571391,0.0,0.006796648329534307,-0.15117925893905704,-0.03524661182191838,0.0008562991118133889,0.27094111826020817,-4.707506234608316,0,1.204804307993559
31.345599999996658,-1.9959315351372453,-0.20122245511181377,1.15739755729909,-0.005405268279333685,0.6757053129634678,0.040666867234801875,-2.078823421315117,-0.3879883908915072,0.9743287217028034,0.11043253411296569,0.583616487912314,-0.020887696381904332,-2.1037649745300686,-0.3244398979433104,1.0775348030249043,0.06363004790451819,0.585267229567673,0.0397732410517059,0.09000117304571391,0.09000117304571391,0.0,0.006759396273693359,-0.1523538929720658,-0.035120825882908685,0.0008526973104100409,0.27061527872688795,-4.707531125080689,0,1.2019845702816976
31.349759999996657,-1.9959539334430836,-0.19841044823211415,1.1575663454841447,-0.005375593401200447,0.6748816511279077,0.040509164413153644,-1.7305557016008548,0.10632431881545665,1.1377097376754224,-0.13581593575860534,0.7210364368807003,0.22750913791850613,-1.9174401783093722,-0.1075547029064611,1.1080961959203675,-0.03610009859676383,0.6529808188283369,0.13348871740883286,0.09000117304571391,0.09000117304571391,0.0,0.006722349711486554,-0.1535159362389127,-0.03499536823582333,0.00084908968479495,0.2702875893240353,-4.707555780132801,0,1.1991682901586627
31.353919999996656,-1.995976208784429,-0.19560189210203652,1.1577344789592472,-0.005346081922902689,0.6740534712186325,0.04035203402456882,-2.7386760499247647,-0.2102745199132247,1.7890141329413132,-0.029257213908330366,0.5471592629061627,0.010000125686551967,-2.3281230225614693,-0.1577755100240415,1.4485810680635478,-0.033492813311808464,0.5992378341986819,0.07158934452989932,0.09000117304571391,0.09000117304571391,0.0,0.006685507508211714,-0.15466547812751474,-0.034870239860888,0.000845476741716108,0.2699580718083522,-4.707580202973187,0,1.196355486284308
31.358079999996654,-1.9959983618383585,-0.19279680532345955,1.157901960103095,-0.005316732943063569,0.6732208268584721,0.04019547452349038,-2.2957593355357946,-0.6866305145412988,0.9447020799938608,0.07987382093307605,0.7110550675671182,0.10243521326106694,-2.3117752986971394,-0.42072588045936216,1.1968515038813456,0.023414693531675284,0.6542455933355228,0.08682110645508993,0.09000117304571391,0.09000117304571391,0.0,0.006648868535231979,-0.15580260745402108,-0.03474544170149976,0.0008418589775278483,0.26962674777676887,-4.707604396760753,0,1.1935461770962148
31.362239999996653,-1.9960203932782137,-0.18999520627647815,1.1580687912879302,-0.00528754556521599,0.6723837712755348,0.04003948436039552,-1.8013508935514326,-0.48321520133437756,0.7485184324626377,0.1655301929367289,0.520713256791526,0.03823784788710526,-2.0562155788920564,-0.45088777317711254,0.9727627802665975,0.09463281476059827,0.5874223011606204,0.06185186988160877,0.09000117304571391,0.09000117304571391,0.0,0.006612431670103213,-0.15692741246447595,-0.03462097466674266,0.0008382368783492909,0.26929363866747835,-4.707628364605579,0,1.1907403808113308
31.366399999996652,-1.996042303773621,-0.1871971131210374,1.1582349748795215,-0.005258518897777022,0.6715423573057767,0.03988406198194954,-2.462862336310707,-0.4813937844173113,1.0239076489574954,-0.06901778003599011,0.7158003607390804,0.16466166142503014,-2.2596859266535234,-0.4646522402938099,0.9986800278804946,0.013091380967100472,0.6516473265332443,0.11230586024944247,0.09000117304571391,0.09000117304571391,0.0,0.006576195796380699,-0.15803998084087256,-0.034496839630269976,0.000834610920221141,0.26895876576096545,-4.707652109569705,0,1.1879381154275925
31.37055999999665,-1.9960640939905128,-0.18440254379855597,1.1584005132371513,-0.0052296520540231145,0.6706966373955439,0.03972920583116417,-2.2367756030226067,-0.6098817042128282,1.107815411787621,0.0686844090744935,0.5328229792080923,-0.0643767904320701,-2.248088806318061,-0.5361591382664959,1.0531160162355677,0.041395643915296876,0.5919571671699371,0.023286041908720155,0.09000117304571391,0.09000117304571391,0.0,0.006540159803853304,-0.15914039970219718,-0.03437303743239617,0.0008309815692608999,0.26862215018102914,-4.707675634667904,0,1.1851393987255414
31.37471999999665,-1.9960857645911463,-0.18161151603353884,1.1585654087135995,-0.0052009441520643,0.6698466636041104,0.03957491434754705,-2.0030597812907756,-0.07129053694423407,1.044224559543452,0.002831239259868578,0.5148627156669878,0.1543155273792925,-2.1255663237701956,-0.3026511957720161,1.0489910542759342,0.021939657529567946,0.5536603612595326,0.08886125622596457,0.09000117304571391,0.09000117304571391,0.0,0.006504322588029245,-0.1602287556093278,-0.034249568879411024,0.0008273492818158764,0.26828381289579917,-4.707698942868445,0,1.1823442482699296
31.37887999999665,-1.9961073162341247,-0.1788240473351797,1.1587296636551296,-0.005172394314820528,0.6689924876061948,0.03942118596725387,-1.7838316385662307,0.46409676196197475,0.9378328549326029,-0.0749051879087436,0.6833231801579677,0.10632433074541017,-1.9548514525649836,0.08214966235307122,0.99363488193287,-0.026927559868881745,0.6183769073019554,0.09636378839791013,0.09000117304571391,0.09000117304571391,0.0,0.0064686830506905085,-0.1613051345682377,-0.03412643474439095,0.0008237145046152527,0.26794377471874653,-4.707722037093842,0,1.179552681411311
31.383039999996647,-1.9961287495744164,-0.17604015499895279,1.1588932804014764,-0.00514400166999566,0.6681341606944625,0.039268019123236984,-1.4558604043031105,0.10068622044886186,1.3308256178339795,0.09175304035272983,0.6209619964843143,0.04711550798641438,-1.7051622688571262,0.09270988597724134,1.162331501729368,0.032730076139311455,0.6195577368884633,0.0713131841631589,0.09000117304571391,0.09000117304571391,0.0,0.006433240099271658,-0.16236962203320582,-0.03400363576865564,0.000820077674919605,0.2676020563096876,-4.707744920221588,0,1.176764715287627
31.387199999996646,-1.996150065263375,-0.1732598561081944,1.1590562612858322,-0.005115765350054047,0.6672717337820141,0.03911541224538776,-2.1812606630964666,-0.3284819845114656,1.4384192214513694,-0.16109535127523691,0.6427936206777128,-0.013486013052782166,-1.9435502103501046,-0.1165508601478279,1.3003503207580034,-0.06400711522893486,0.6306239291547212,0.028400783441647832,0.09000117304571391,0.09000117304571391,0.0,0.0063979926473070395,-0.16342230291025306,-0.03388117266108756,0.0008164392206694579,0.26725867817578264,-4.7077675950848805,0,1.1739803668257793
31.391359999996645,-1.9961712639487592,-0.17048316753567413,1.159218608634835,-0.005087684492195203,0.6664052574048581,0.03896336376068163,-2.7106366635968424,0.7412519896618945,1.2794144065150153,0.11941539390016401,0.5785830051434289,-0.12074579046178427,-2.326849631937288,0.313561132287982,1.2896315518249106,0.027311497022938353,0.6040638072861161,-0.04639492347083677,0.09000117304571391,0.09000117304571391,0.0,0.006362939614237046,-0.1644632615605881,-0.033759046099591156,0.0008127995606319138,0.26691366067252825,-4.707790064473338,0,1.171199652743192
31.395519999996644,-1.9961923462747522,-0.16771010594515592,1.1593803247685572,-0.005059758238329284,0.6655347817243692,0.03881187209331686,-2.0949333456764703,0.219010078588095,1.2081426556464991,-0.08784191659579495,0.5928051200434401,-0.1899193264004161,-2.211072251783659,0.2675190832129034,1.2484918721231508,-0.03041306581749715,0.5978956838915098,-0.11832357880479934,0.09000117304571391,0.09000117304571391,0.0,0.006328079925213927,-0.16549258180395743,-0.03363725673084339,0.0008091591045451535,0.26656702400474364,-4.707812331133694,0,1.1684225895493663
31.399679999996643,-1.9962133128819814,-0.1649406877929487,1.159541412000494,-0.005031985735053346,0.6646603565297314,0.03866093566485424,-1.568131918484886,-0.2889244346408588,0.8443767860857754,0.03100094667702777,0.773486029615128,0.11717745528334278,-1.8895332187569507,-0.00909593772461504,1.0466766642382017,0.00034466034782898794,0.6848125410639085,-0.0012792044644834356,0.09000117304571391,0.09000117304571391,0.0,0.006293412511442033,-0.16651034692211186,-0.033515805171542845,0.0008055182532619865,0.2662187882275512,-4.707834397770494,0,1.1656491935474205
31.40383999999664,-1.9962341644075383,-0.1621749293294472,1.1597018726375539,-0.005004366133626172,0.6637820312403658,0.03851055289435139,-2.090645353531204,-0.154284269401718,0.492250116833013,0.06661141946117466,0.6704618493085412,3.7865931790191654e-05,-1.9899522330738317,-0.08029498970312411,0.769461869395421,0.033516817007290305,0.6768742148221971,-0.0017169148990851509,0.09000117304571391,0.09000117304571391,0.0,0.006258936309876874,-0.16751663966164254,-0.03339469200859174,0.0008018773988911535,0.26586897324735137,-4.707856267046767,0,1.162879480835626
31.40799999999664,-1.9962549014849964,-0.1594128466006624,1.1598617089800476,-0.004976898589944332,0.662899854908346,0.038360722198496136,-2.5613026362613236,0.2295977547447952,1.3438947607040332,-0.009070653657599558,0.5588013968591965,0.24160056422527398,-2.2756503617779362,0.07581605624354047,1.057183795105747,0.01225581025143807,0.6177421671869733,0.12043674585387047,0.09000117304571391,0.09000117304571391,0.0,0.006224650262923516,-0.16851154223821507,-0.03327391779949326,0.0007982369249371825,0.26551759882279125,-4.7078779415847,0,1.1601134673089268
31.41215999999664,-1.996275524744432,-0.15665445544974244,1.1600209233216798,-0.00494958226451948,0.6620138762207948,0.0382114419917381,-1.834857699284124,-0.7507129988394265,1.6753631930421422,0.09887481394402457,0.5498225388191733,-0.09157080396621847,-2.0550468198059675,-0.33630859111842776,1.3660885800601985,0.056295667209194905,0.5828014970544733,0.013857563881435025,0.09000117304571391,0.09000117304571391,0.0,0.006190553319204048,-0.16949513633867808,-0.03315348307296381,0.0007945972064386033,0.2651646845657273,-4.7078994239662855,0,1.1573511686604547
31.416319999996638,-1.996296034812442,-0.15389977151848297,1.16017951794954,-0.004922416322452441,0.6611241435022712,0.038062710686417575,-1.928521703552843,-0.007965132417291826,1.462355088357284,-0.1148914421231181,0.6859185580217073,0.1081894307245268,-1.9920234608926195,-0.17070828184545297,1.4144484614225588,-0.028751416792046472,0.6345497503325025,0.060573780817736136,0.09000117304571391,0.09000117304571391,0.0,0.006156644432722007,-0.17046750312553138,-0.03303338832954769,0.0007909586101044377,0.2648102499421831,-4.707920716733976,0,1.1545926003830307
31.420479999996637,-1.9963164323121647,-0.15114881024882823,1.1603374951440937,-0.004895399933410756,0.6602307047171387,0.03791452669289169,-2.3977594061279315,-0.45071480003040154,1.3187754080721596,-0.1335115161831915,0.6835725277654328,0.09142105222713759,-2.195170307337627,-0.3092901157315227,1.3668027166647954,-0.08192553591718663,0.6583013615139734,0.07537119007311209,0.09000117304571391,0.09000117304571391,0.0,0.006122922563415657,-0.1714287232389471,-0.03291363404159109,0.0007873214944489595,0.26445431427330013,-4.707941822391312,0,1.1518377777706583
31.424639999996636,-1.9963367178632965,-0.1484015868843619,1.1604948571791756,-0.0048685322716039035,0.6593336074719233,0.03776688841966053,-2.3886946358665253,0.1464323268177205,1.0700885832278677,-0.049368140268623906,0.652529764685983,-0.06493589080961883,-2.292036049759535,-0.08006689557350141,1.2183100763580523,-0.06587026107745099,0.6546624330835682,0.0044729500838868435,0.09000117304571391,0.09000117304571391,0.0,0.006089386676642683,-0.1723788768014718,-0.03279422065471535,0.0007836862099249453,0.2640968967362839,-4.707962743403553,0,1.149086715920007
31.428799999996635,-1.9963568920821122,-0.14565811647178833,1.1606516063219818,-0.004841812515760661,0.6584328990176512,0.03761979427348697,-2.767322489377638,0.13530784502869653,1.2161067827753478,0.053876174903282475,0.5780588172167687,0.11662315079300928,-2.529569355991433,0.02882589417279052,1.2174510979403217,-0.0065713784836556564,0.6156121265409694,0.06048748537805952,0.09000117304571391,0.09000117304571391,0.0,0.006056035743519523,-0.173318043419318,-0.03267514858736717,0.0007800530990551144,0.26373801636534333,-4.707983482198285,0,1.1463394297318867
31.432959999996633,-1.9963769555814834,-0.14291841386240425,1.1608077448330631,-0.004815239849105024,0.6575286262521817,0.03747324265951824,-1.7934591919982041,0.1805130180740531,1.1373523144502973,0.13907807688087986,0.6512843650653006,0.10804761627016449,-2.161219618070384,0.10602746043413372,1.1776264549942037,0.06613504612153535,0.6323446714945694,0.08398879885954337,0.09000117304571391,0.09000117304571391,0.0,0.006022868740726526,-0.17424630218762172,-0.03255641823122446,0.0007764224965620444,0.26337769205262584,-4.70800404116603,0,1.1435959339127098
31.437119999996632,-1.9963969089708973,-0.14018249371356045,1.160963274966319,-0.004788813459332929,0.6566208357225148,0.03732723198140568,-1.7704571547570869,-0.4503788917136017,0.745839718843333,-0.19164455096924396,0.7021052491381621,-0.30315393642030786,-1.966233719726264,-0.17071877167552688,0.9611012346142321,-0.06300147694180758,0.6669902089026414,-0.11038506674685886,0.09000117304571391,0.09000117304571391,0.0,0.005989884650633574,-0.17516373169207333,-0.03243802995267414,0.0007727947294966686,0.26301594254914507,-4.7080244226608405,0,1.1408562429759468
31.44127999999663,-1.9964167528564747,-0.13745037049011422,1.1611181989689916,-0.004762532538588432,0.6557095736270939,0.03718176064141814,-2.56243098731514,-0.14286598638556086,0.8813563325119539,-0.011516213706146585,0.8135015877119943,0.12152049645261473,-2.264360845502465,-0.1550988553133622,0.9214823603365729,-0.03708581184576411,0.7396262459881618,0.00489139074520798,0.09000117304571391,0.09000117304571391,0.0,0.005957082460998037,-0.1760704100129109,-0.03231998409215292,0.0007691701173645376,0.26265278646570434,-4.70804462900088,0,1.1381203712435712
31.44543999999663,-1.996436487840989,-0.13472205846587218,1.1612725190816606,-0.0047363962834411355,0.6547948858180888,0.03703682704055802,-2.5547868426538916,0.1264170385428051,0.8079600359093417,-0.07620796907548925,0.7274838813581221,0.04627647091161512,-2.4097330029210893,-0.012826490840447131,0.864816835677091,-0.057309753737501655,0.7338912994830828,0.02549559125944976,0.09000117304571391,0.09000117304571391,0.0,0.005924461165196926,-0.1769664147274277,-0.03220228096519967,0.0007655489722510622,0.262288242273814,-4.708064662469003,0,1.135388332847495
31.44959999999663,-1.9964561145238844,-0.13199757172502355,1.1614262375382385,-0.004710403894862625,0.6538768178036684,0.03689242957867278,-2.00887242178718,-0.3636787406125527,1.1259830650831433,-0.05409217406141475,0.7740849568793735,0.045694404126641996,-2.2094125845479677,-0.18664427474778106,0.9954962562599039,-0.05562083973261233,0.7536384465658352,0.03586521378266189,0.09000117304571391,0.09000117304571391,0.0,0.005892019762031592,-0.177851822913768,-0.03208492086265405,0.000761931598945069,0.2619223283066032,-4.708084525313319,0,1.1326601417309934
31.453759999996628,-1.9964756335012936,-0.12927692416356415,1.1615793565659658,-0.004684554578203713,0.6529554147502568,0.03674856665456552,-1.6246394282449341,-0.3715239285357279,1.401085717137437,-0.016112316083215,0.5836975231321438,0.0068802856592086944,-1.9170563658809905,-0.2778698899202447,1.1983074301711212,-0.035417946717160954,0.6679905129891477,0.021713800774876134,0.09000117304571391,0.09000117304571391,0.0,0.005859757255745945,-0.17872671115345495,-0.03196790405107036,0.0007583182950604418,0.2615550627597263,-4.7081042197477485,0,1.1299358116501232
31.457919999996626,-1.9964950453660568,-0.1265601294907109,1.1617318783854078,-0.004658847543171586,0.6520307214847776,0.036605236666103644,-1.5227454450619418,-0.169297989771464,1.132362793535164,-0.1059624368009755,0.7317227643739397,0.20449184625496292,-1.7201173544934714,-0.2220600775478373,1.1657612729697089,-0.07125815151814335,0.6993041566809186,0.11247302253681728,0.09000117304571391,0.09000117304571391,0.0,0.005827672656044653,-0.17959115553488547,-0.03185123077356089,0.0007547093511564745,0.2611864636922633,-4.708123747952572,0,1.1272153561751288
31.462079999996625,-1.9965143507077394,-0.12384720123030724,1.1618838052104508,-0.004633282003806863,0.651102782496883,0.0364624380103239,-1.6401821541624861,0.3227309579271623,0.9125029203395598,0.09412103305614883,0.6256986471809219,-0.02175932040664673,-1.6799531875486984,0.05164278190866585,1.039086153066637,0.011306214448899225,0.6614989599452464,0.044842608320028954,0.09000117304571391,0.09000117304571391,0.0,0.005795764978218321,-0.18044523165608806,-0.031734901249570985,0.0007511050508566537,0.26081654902761564,-4.708143112074969,0,1.1244987886918412
31.466239999996624,-1.9965335501126498,-0.12113815272221902,1.1620351392482988,-0.004607857178460121,0.6501716419411704,0.03632016908353824,-1.891802864222842,0.028815546995129795,1.1143024554332033,0.12739124623864395,0.8446304575633494,-0.05692090778056914,-1.7856156162571397,0.04198719277866977,1.0765773776888772,0.06985966406474625,0.7523888115994226,-0.006485079534266095,0.09000117304571391,0.09000117304571391,0.0,0.0057640332426270625,-0.18128901462781144,-0.031618915675724474,0.0007475056709656236,0.2604453365543957,-4.7081623142295435,0,1.1217861224030663
31.470399999996623,-1.9965526441638572,-0.11843299712372159,1.1621858826994715,-0.004582572289770556,0.6492373436393851,0.03617842828143601,-1.727310617709733,-0.17047306942986568,1.5122817171652476,0.015433076023471312,0.6307603129669319,0.038509571850319044,-1.7564300560116781,-0.0629303108657549,1.294511908454536,0.04238412546853272,0.6905480361279106,0.016387591832396218,0.09000117304571391,0.09000117304571391,0.0,0.005732476475145701,-0.18212257907694074,-0.03150327422602922,0.0007439114815849682,0.26007284392731145,-4.708181356498852,0,1.119077370329965
31.47455999999662,-1.99657163344121,-0.11573174741087738,1.1623360377578016,-0.0045574265646427725,0.6482999310826085,0.036037213999185164,-2.5848720381947756,-0.0014140536597413988,1.2681236164227732,-0.06627613697752839,0.7219438391513249,0.12971026664263488,-2.170793927153856,-0.030671040573226557,1.2815881136077336,-0.012309007177141328,0.7066819425277786,0.07268477988867333,0.09000117304571391,0.09000117304571391,0.0,0.005701093706968039,-0.1829459991488558,-0.03138797705229737,0.0007403227462270803,0.2596990886680452,-4.708200240933912,0,1.1163725453134241
31.47871999999662,-1.9965905185213526,-0.11303441637990475,1.162485606610433,-0.004532419234224383,0.6473594474334347,0.0358965246315316,-2.0664083278593197,-0.16619553080919752,1.164557919866611,-0.16464064016454769,0.5215359890623155,0.07453518888514737,-2.118944538249454,-0.0973489373722776,1.2232256648931226,-0.08765080609559203,0.6138722328436621,0.07436187180267737,0.09000117304571391,0.09000117304571391,0.0,0.005669883974517646,-0.18375934851086706,-0.03127302428456713,0.0007367397219278499,0.2593240881661275,-4.7082189695547045,0,1.1136716600154175
31.48287999999662,-1.9966092999777438,-0.11034101664853753,1.16263459143782,-0.004507549533883959,0.6464159355281326,0.035756358572896586,-1.7815348535725393,0.07775687426590717,1.3094187626406986,-0.01964508926852656,0.7572960529457982,0.05319708711343213,-1.950278131491022,-0.008217431288769806,1.2664334453596358,-0.05368336830841474,0.6845069200915355,0.06379041927436593,0.09000117304571391,0.09000117304571391,0.0,0.005638846319679345,-0.18456270035491174,-0.031158416031739855,0.0007331626593576321,0.2589478596798054,-4.708237544350676,0,1.1109747269203594
31.487039999996618,-1.9966279783806737,-0.10765156065737588,1.1627829944137262,-0.004482816703188008,0.6454694378787956,0.035616714217471486,-1.95768701519915,-0.1260449101940664,0.8697381739192069,0.042450067776189836,0.7883321274226257,0.039381820541024334,-1.9538947537544318,-0.06549184830414577,1.068164864729658,-0.005419181136356274,0.7362017651543232,0.051627149148303665,0.09000117304571391,0.09000117304571391,0.0,0.005607979789282326,-0.18535612740111462,-0.031044152381791007,0.0007295918029306374,0.2585704203369058,-4.708255967281222,0,1.1082817583364486
31.491199999996617,-1.9966465542972816,-0.10496606067122807,1.1629308177052233,-0.004458219985880093,0.6445199966754755,0.03547758995931136,-2.056593982515195,0.018769505007528484,0.9835788097571417,0.002240531122668892,0.6914753643613498,-0.05283855935928105,-2.0052402138314798,-0.02192132523062336,1.02576259982244,-0.0016920894174419709,0.7133566605652277,-0.0012034975236788995,0.09000117304571391,0.09000117304571391,0.0,0.0055772834356519006,-0.18613970189975437,-0.03093023340133899,0.0007260273909130838,0.2581917871356928,-4.708274240276166,0,1.1055927663970024
31.495359999996616,-1.9966650282915726,-0.10228452878044346,1.1630780634726918,-0.004433758629857637,0.6435676537883076,0.035338984192430374,-1.868681009932864,0.20902364308127236,1.5659661861802683,-0.14598286475949465,0.7883498532429508,0.06868138875449739,-1.9372626636433705,0.09519470273987839,1.296009993154536,-0.07413250667620022,0.7497987734327076,0.034232238218573074,0.09000117304571391,0.09000117304571391,0.0,0.005546756316092609,-0.1869134956352696,-0.03081665913778303,0.0007224696555297185,0.2578119769457202,-4.708292365236239,0,1.1029077630617834
31.499519999996615,-1.9966834009244356,-0.09960697690223672,1.1632247338698205,-0.00440943188715087,0.6426124507696177,0.035200895310888096,-2.518597331838946,-0.6135096346621493,0.8208968168097331,-0.11093090458963123,0.7778308864899627,0.12448247412085442,-2.2281651293389957,-0.25754442198264593,1.058708582712473,-0.09237035520616155,0.7637469086190636,0.07955237598594339,0.09000117304571391,0.09000117304571391,0.0,0.005516397493226018,-0.187677579927922,-0.03070342961780656,0.0007189188230688297,0.257431006508679,-4.708310344033533,0,1.1002267601183175
31.503679999996614,-1.9967016727536602,-0.09693341678200329,1.1633708310436075,-0.004385239013900365,0.6416544288560216,0.03506332170888192,-2.1239875176664724,-0.48066557430955287,0.7532639948005719,-0.11386502530848416,0.5303865186405978,0.1371823913606763,-2.1763133250310625,-0.3680018137082444,0.9062704627004416,-0.10268617121264476,0.6463328836547326,0.10789444297375413,0.09000117304571391,0.09000117304571391,0.0,0.005486206034687345,-0.18843202563792638,-0.03059054484908852,0.0007153751139859914,0.25704889243923945,-4.7083281785119695,0,1.0975497691832021
31.507839999996612,-1.9967198443339533,-0.09426385999462618,1.163516357134361,-0.004361179270335813,0.6406936289705071,0.0349262617808323,-1.9943245931137263,-0.4922144601415708,1.122589503760703,-0.016849017781084153,0.6636382835030609,0.1193527042710593,-2.0853516913664913,-0.4287284357187002,1.0146797809711734,-0.060273018212796,0.6548776961255138,0.11360653977381932,0.09000117304571391,0.09000117304571391,0.0,0.005456181013356279,-0.1891769031674535,-0.030478004819878474,0.0007118387430061692,0.256665651225888,-4.70834587048774,0,1.094876801703406
31.51199999999661,-1.9967379162169565,-0.09159831794577407,1.1636613142757004,-0.0043372519207538355,0.6397300917245049,0.034789713921469574,-1.442540077736503,-0.7228655279709807,0.6273866998114118,-0.08716416884081868,0.6491857693552883,0.007491480163722735,-1.76412185341013,-0.574447498976371,0.8210472202900108,-0.07411693424509128,0.6514293258321675,0.060023072741156355,0.09000117304571391,0.09000117304571391,0.0,0.005426321506946399,-0.189912282463921,-0.030365809499641044,0.0007083099192244497,0.2562812992317589,-4.708363421749754,0,1.0922078689575627
31.51615999999661,-1.9967558889512627,-0.08893680187319096,1.1638057045945585,-0.004313456233497491,0.6387638574199475,0.034653676525918005,-1.938888899554749,-0.15790210520220535,0.6619555916981221,0.06414944688813644,0.5134554266904947,-0.07210953977547524,-1.8513729646689479,-0.36510227222722647,0.7413514060952663,-0.005091529182136791,0.5816613093485783,-0.0065632602016360946,0.09000117304571391,0.09000117304571391,0.0,0.005396626598449512,-0.190638233022548,-0.03025395883948831,0.0007047888462054912,0.2558958526954611,-4.708380834060069,0,1.0895429820572504
31.52031999999661,-1.9967737630824332,-0.08627932284797715,1.1639495302111826,-0.004289791480933924,0.6377949660513138,0.03451814798977796,-1.6348294581307903,-0.5978434808077006,1.1332894428142681,-0.017581454448027237,0.6568935633052889,-0.1452134999406291,-1.7431348110972442,-0.4801067012589755,0.937021156751097,-0.012034809067471735,0.6185588804197336,-0.07589372520297154,0.09000117304571391,0.09000117304571391,0.0,0.005367095375939013,-0.19135482388934366,-0.030142452772185052,0.0007012757220813561,0.2555093277318996,-4.708398109154324,0,1.08688215194827
31.524479999996608,-1.9967915391530142,-0.0836258917758619,1.1640927932391376,-0.004266256939432821,0.6368234573076629,0.034383126709207866,-2.07298591556123,0.15207599509307762,0.7393785863473886,-0.09412766055374953,0.5644686700315632,-0.07067573349313236,-1.9082565096109978,-0.16283524751351156,0.8380495377898773,-0.05401103782734791,0.5907462244202585,-0.07234873328300971,0.09000117304571391,0.09000117304571391,0.0,0.0053377269323728205,-0.19206212366421194,-0.030031291212582467,0.0006977707396479715,0.2551217403330922,-4.7084152487421544,0,1.0842253894119092
31.528639999996606,-1.9968092177025532,-0.08097651939846752,1.1642354957853085,-0.004242851889345675,0.635849370574652,0.03424861108100436,-2.05081366481693,-0.03317467443140993,1.1817518388560972,-0.07911181749165609,0.6830640920093419,-0.07776794688082511,-1.9797014960710855,-0.09658303780689671,1.0097412290426646,-0.06614580214161454,0.6367730598583472,-0.07500545375729731,0.09000117304571391,0.09000117304571391,0.0,0.00530852036550283,-0.19276020050267517,-0.02992047405869569,0.0006942740864605615,0.25473310636898083,-4.708432254507613,0,1.0815727050662003
31.532799999996605,-1.9968267992676156,-0.07833121629456524,1.164377639949903,-0.00421957561498542,0.6348727449365474,0.03411459950267774,-1.9198559830086181,-0.15222417188006668,1.412628434118141,0.08066360124779948,0.7446853664750511,-0.09669909673762099,-1.9496102682465597,-0.12285456919394473,1.210985358138034,0.007117475524031715,0.6904813539835886,-0.08529247427003143,0.09000117304571391,0.09000117304571391,0.0,0.005279474778425993,-0.1934491221199579,-0.02981000119064292,0.0006907859449274398,0.2543434415882383,-4.708449128109573,0,1.078924109367171
31.536959999996604,-1.9968442843818015,-0.07568999288132267,1.1645192278264553,-0.0041964274046037585,0.6338936191782173,0.0339810903725318,-2.1488952157323626,-0.1201999179269789,1.0323222074571652,-0.13525213511381484,0.6764588092786228,-0.08256437759624818,-2.0495350314077103,-0.12011934683926401,1.121479564541223,-0.06426285399386791,0.6830557693166041,-0.08333401540789219,0.09000117304571391,0.09000117304571391,0.0,0.005250589278852819,-0.1941289557930468,-0.029699872471937117,0.0006873064924021212,0.25395276161906943,-4.708465871182125,0,1.0762796126100846
31.541119999996603,-1.9968616735757614,-0.07305285941554301,1.1646602615018293,-0.00417340655037153,0.6329120317871147,0.033848082089738135,-1.7240395942239999,-0.04791268426038518,1.423461537545703,-0.05930522358913771,0.6347003149691071,0.10320887698643737,-1.8869081982136082,-0.08269450391045671,1.2726878147346807,-0.061875758961038856,0.6584732925104428,0.009695116524736029,0.09000117304571391,0.09000117304571391,0.0,0.00522186297955104,-0.194799768363082,-0.02959008774971081,0.0006838359012747779,0.253561081970008,-4.70848248533498,0,1.0736392249306737
31.545279999996602,-1.996878967377213,-0.07041982599489614,1.1648007430562226,-0.004150512348357216,0.6319280209552502,0.033715573054409455,-2.1854085926372244,0.2765414010999484,0.8745135137074544,0.03168492188671871,0.6596686732396083,0.062290689917235686,-2.03609302043551,0.09829889686470014,1.0737279184040167,-0.015851525066395266,0.6586656161815581,0.035759899045944184,0.09000117304571391,0.09000117304571391,0.0,0.005193294998148306,-0.19546162623925034,-0.029480646854513293,0.0006803743390620102,0.2531684180307082,-4.708498972153852,0,1.0710029563063634
31.5494399999966,-1.9968961663109568,-0.06779090255914136,1.1649406745631712,-0.004127744098506263,0.6309416245811469,0.03358356166767358,-2.2672405048361823,0.17309794577398566,1.3591469801868217,-0.03550746433408299,0.6846726483731729,-0.017831682821257744,-2.151742117204087,0.13712309323704672,1.21640202853689,-0.025734675362081797,0.6716437463043515,0.009125537447176833,0.09000117304571391,0.09000117304571391,0.0,0.005164884457041432,-0.19611459539980314,-0.02937154960160626,0.000676921968495283,0.25277478507273154,-4.70851533320084,0,1.0683708165574912
31.5535999999966,-1.9969132708988928,-0.06516609889134223,1.1650800580895535,-0.0041051011046207755,0.6299528802717905,0.033452046331742,-1.8200018742635773,-0.6023644092173648,0.7688398651380987,0.09315594809023822,0.47659214543959816,-0.14170082138556997,-1.985676530782826,-0.2316342571078958,0.9923235167865989,0.034000213514169375,0.5739969243394064,-0.06648731967198648,0.09000117304571391,0.09000117304571391,0.0,0.005136630483519354,-0.19675874139671468,-0.029262795790121754,0.0006734789476081061,0.25238019825032865,-4.708531570014801,0,1.0657428153485125
31.5577599999966,-1.9969302816600358,-0.06254542461907323,1.1652188956955951,-0.00408258267433868,0.6289618253445595,0.0333210254499818,-1.5555779590168162,0.0630582858612295,1.5775372241321255,-0.13643296205250105,0.5761679024469751,0.1100018822246254,-1.7709083644484391,-0.08308632873318036,1.285161534457033,-0.05103594028927189,0.5745137716449236,0.022578673225232933,0.09000117304571391,0.09000117304571391,0.0,0.005108532209565387,-0.19739412935639544,-0.0291543852037168,0.0006700454298219278,0.25198467260121615,-4.708547684111726,0,1.0631189621892028
31.561919999996597,-1.996947199110532,-0.05992888921561843,1.1653571894348742,-0.004060188119113715,0.6279684968291503,0.033190497426984766,-1.8811286399292075,-0.4538119535711201,1.5137424024375434,0.03609972251524933,0.5477366250464117,-0.11777498608976597,-1.8259453227795073,-0.2673111405398114,1.3992079962559458,-0.0069275986647418545,0.5604929160183083,-0.0472991627345871,0.09000117304571391,0.09000117304571391,0.0,0.0050805887721939134,-0.1980208239838317,-0.029046317611443856,0.0006666215640308737,0.2515882230473494,-4.708563676985094,0,1.0604992664358504
31.566079999996596,-1.9969640237636745,-0.05731650200116224,1.1654949413543267,-0.0040379167541940006,0.626972931469486,0.0330604606686328,-2.0230203431608973,-0.02314399940759785,0.37471098855375795,0.01143722727731103,0.6056783321539981,0.06840202845876084,-1.9244603476679796,-0.1439638638083603,0.8870952790152904,0.0022174646818360483,0.5820228181175309,0.010216441149098008,0.09000117304571391,0.09000117304571391,0.0,0.005052799312931951,-0.19863888956427678,-0.0289385927673394,0.0006632074946850582,0.2511908643956895,-4.708579550106236,0,1.0578837372924412
31.570239999996595,-1.9969807561299187,-0.054708272143972184,1.1656321534942524,-0.0040157678986027685,0.625975165725615,0.03293091358216494,-2.25447066262639,-0.32894241191567336,1.183693107448013,-0.015258987137705507,0.5038975072692184,0.11665632660932604,-2.08949858721336,-0.2354048243860401,1.0356379483029186,-0.006983855696609044,0.5422363498883976,0.06389220163376026,0.09000117304571391,0.09000117304571391,0.0,0.0050251629780484145,-0.19924838996665972,-0.028831210411295688,0.0006598033618728148,0.25079261133896635,-4.708595304924687,0,1.055272383811835
31.574399999996594,-1.9969973967168984,-0.052104208661573864,1.16576882788832,-0.003993740875118123,0.6249752357755963,0.032801854576240595,-1.9882170627551978,-0.24730200910709962,1.517509000230531,0.1831637910942856,0.5806789926925809,-0.030801369185093956,-2.0384755614815764,-0.2401449107061267,1.2765114706504672,0.08779918695956603,0.5610734795731398,0.017181156955542173,0.09000117304571391,0.09000117304571391,0.0,0.0049976789186768535,-0.19984938864529056,-0.028724170268436378,0.0006564093014015092,0.2503934784564361,-4.708610942868525,0,1.0526652148969358
31.578559999996592,-1.9970139460294412,-0.04950432042191813,1.1659049665635741,-0.0039718350102522825,0.6239731775173765,0.03267328206100539,-1.8941973256498676,0.16564536358276213,1.08507702024371,-0.04575482373765933,0.5290159797050193,0.014507617241346256,-1.9664322612233953,-0.03614441799321741,1.1808221586378673,0.021828216580181692,0.5439994120414441,0.016288212904721815,0.09000117304571391,0.09000117304571391,0.0,0.004970346290403554,-0.20044194864339238,-0.028617472050417453,0.0006530254448773947,0.24999348021463513,-4.708626465344717,0,1.0500622393018513
31.58271999999659,-1.9970304045695837,-0.04690861614454042,1.1660405715404414,-0.003950049634232535,0.6229690265706499,0.03254519444815144,-1.7536949209609896,-0.29542437359039897,1.4391547623350527,0.04414763151874554,0.6666042331815017,0.07689431636739297,-1.8599691963933778,-0.16439868170939487,1.3101496943495061,0.032467054892367814,0.6048078552293202,0.04683345764657866,0.09000117304571391,0.09000117304571391,0.0,0.004943164253496571,-0.2010261325947158,-0.028511115455233077,0.0006496519197839703,0.249592630968128,-4.708641873739452,0,1.0474634656330486
31.58687999999659,-1.9970467728365877,-0.04431710440171245,1.1661756448327372,-0.003928384080981228,0.6219628182787126,0.03241759015097832,-1.882206479262208,-0.16673288772349976,1.0427318902452154,0.122847985202991,0.6762972771913741,-0.03051042642488805,-1.8708323730928174,-0.16415747105332684,1.1763758243940856,0.07760360138104903,0.6397539620947221,0.007991368893977101,0.09000117304571391,0.09000117304571391,0.0,0.004916131973135229,-0.20160200272708617,-0.028405100167234965,0.0006462888495594681,0.24919094496025174,-4.70865716941847,0,1.0448689023504993
31.59103999999659,-1.9970630513269547,-0.0417297936195862,1.1663101884476723,-0.0039068376880947945,0.6209545877103,0.032290467584453954,-2.218364758273798,0.18149325310908268,1.3240076546401047,-8.687434845314548e-05,0.6287603055287552,0.1762807906565454,-2.0446012735196133,0.00997844978048346,1.2505591022713183,0.03880915257434991,0.6340958268875784,0.09228360764345392,0.09000117304571391,0.09000117304571391,0.0,0.004889248618784267,-0.20216962086424717,-0.028299425857579913,0.0006429363536728939,0.248788436323855,-4.708672353727385,0,1.042278557768817
31.595199999996588,-1.9970792405344415,-0.0391466920793303,1.166444204385861,-0.0038854097968253815,0.6199443696614159,0.03216382516527346,-1.987012161377821,0.38837445223512,1.309643037106229,-0.001049138966231867,0.5155767225522054,0.03510322124071286,-2.0158078921483424,0.20025368270042868,1.2801757480372533,0.018591891161696076,0.573786354334795,0.06309543461826993,0.09000117304571391,0.09000117304571391,0.0,0.004862513364636382,-0.20272904842824713,-0.02819409218510721,0.0006395945476989343,0.2483851190820327,-4.708687427992005,0,1.0396924400583898
31.599359999996587,-1.9970953409500751,-0.036567807918258845,1.1665776946413273,-0.0038640997520606292,0.6189321986571507,0.03203766131191429,-2.1121551571389166,0.3716775957357172,1.1363781184328714,0.040411264991682135,0.6323374835697424,0.15609291342032267,-2.063896783891395,0.2872830937917111,1.2086003708081654,0.02884591296878076,0.6025718155069691,0.1096963735461954,0.09000117304571391,0.09000117304571391,0.0,0.004835925389306849,-0.2032803464431161,-0.028089098795505335,0.0006362635433919807,0.24798100714885646,-4.708702393518644,0,1.0371105572465014
31.603519999996585,-1.997111353062168,-0.033993149130952666,1.1667106612015135,-0.0038429069023047124,0.6179181089534836,0.03191197444469476,-2.4395145109988383,-0.3246592972969764,0.5478752698551282,0.17382784882088642,0.6661289351549167,-0.0919680620804999,-2.251347105072485,-0.01730555430654228,0.8780413953704316,0.101513261013616,0.6337208780621174,0.009122602124045144,0.09000117304571391,0.09000117304571391,0.0,0.004809483876062359,-0.2038235755354496,-0.02798444532197497,0.0006329434487586977,0.24757611433009974,-4.7087172515944316,0,1.03453291721845
31.607679999996584,-1.9971272773563333,-0.03142272357037316,1.1668431060472877,-0.0038218305996584236,0.6169021345390814,0.031786762985829754,-2.1205698770653663,0.027934136779493766,1.808489312511532,-0.11619569167579964,0.5993632589085446,0.12009892250718415,-2.1861994080071065,0.006561207529190869,1.3435208688491564,-0.007255930736250406,0.6165723492757917,0.06498744188574378,0.09000117304571391,0.09000117304571391,0.0,0.00478318801272935,-0.20435879593895545,-0.027880131386322615,0.0006296343681298268,0.2471704543239593,-4.708732003487616,0,1.031959527718653
31.611839999996583,-1.9971431143154992,-0.028856538948968672,1.166975031152952,-0.0038008701997996335,0.6158843091370769,0.03166202535948173,-1.5429806080111919,0.007121787176890385,1.590014752105765,-0.05453350425040291,0.7037047104214866,0.21634135760742593,-1.8646976171275162,0.00830640366543384,1.4672205163261027,-0.03152546882271793,0.6595477381502576,0.1401751825876657,0.09000117304571391,0.09000117304571391,0.0,0.004757036991388196,-0.20488606749548066,-0.027776156597701468,0.0006263364022301903,0.24676404072177135,-4.70874665044786,0,1.0293903963517503
31.615999999996582,-1.997158864419924,-0.02629460283977349,1.1671064384862513,-0.0037800250619650162,0.6148646662068433,0.031537759991816953,-1.770336938515741,-0.1961226511166838,1.012788849017472,0.22242202708413628,0.530167089375277,0.17480094519633457,-1.8170536809228448,-0.09280458998548397,1.240365173097811,0.09528524387719806,0.5937924075224378,0.15744284795287183,0.09000117304571391,0.09000117304571391,0.0,0.004731030008815525,-0.20540544965797003,-0.02767252055413269,0.0006230496482486363,0.24635688700872393,-4.708761193706538,0,1.0268255305836973
31.62015999999658,-1.9971745281472113,-0.023736922677499515,1.1672373300083807,-0.0037592945489299296,0.613843238945754,0.03141396531105526,-1.4201574985393932,-0.22895749499518117,1.6827222983351293,-0.046378361237838193,0.6166358740926396,0.14757202833946673,-1.6186983429809356,-0.15959846131356809,1.461855675761009,0.02401286766417855,0.604756250436939,0.15159489523755654,0.09000117304571391,0.09000117304571391,0.0,0.004705166266071657,-0.20591700149268255,-0.02756922284188948,0.0006197741999059742,0.2459490065645643,-4.708775634477023,0,1.0242649377428514
31.62431999999658,-1.9971901059723238,-0.021183505759620625,1.1673677076739954,-0.0037386780269900045,0.6128200602909334,0.031290639747522345,-2.303321556718917,-0.11675184738818646,1.7470384719524101,-0.08856600217273962,0.7762601588351388,-0.021398601169475895,-1.9611999774852382,-0.1365592988173716,1.6044051901348695,-0.031777809189732914,0.6900369814464421,0.06480668221545209,0.09000117304571391,0.09000117304571391,0.0,0.0046794449687289725,-0.20642078168216527,-0.02746626303616423,0.0006165101475222801,0.24554041266430243,-4.70878997395497,0,1.0217086250210505
31.62847999999658,-1.9972055983675985,-0.018634359247449817,1.1674975734312192,-0.0037181748659417804,0.6117951629209937,0.031167781733699173,-2.19189378283016,0.1372527390069178,1.223441195244137,0.05176126962727173,0.6814208421986722,0.17312499639756893,-2.076440454793343,0.0017681052989714661,1.4142808415103882,0.009804768813075742,0.6847035039294167,0.11885328801335715,0.09000117304571391,0.09000117304571391,0.0,0.004653865326565874,-0.20691684852695036,-0.027363640701095135,0.0006132575780831791,0.24513111847890956,-4.708804213318598,0,1.0191565994746856
31.632639999996577,-1.9972210058027613,-0.016089490167209133,1.1676269292216537,-0.003697784439064609,0.6107685792577642,0.031045389704271224,-2.149170287267147,0.01723855845067955,1.2326314738884887,0.10203907739775112,0.526052906886051,-0.031221535402209497,-2.112594095740875,0.010599574177519486,1.3233897909688117,0.05613436702695501,0.604446245319486,0.0439003734172305,0.09000117304571391,0.09000117304571391,0.0,0.004628426554115867,-0.20740525994854275,-0.027261355390435504,0.0006100165753050173,0.24472113707601273,-4.708818353728962,0,1.0166088680257648
31.636799999996576,-1.9972363287449408,-0.013548905411092438,1.1677557769803877,-0.003677506123100265,0.6097403414680069,0.030923462096174834,-2.1808442337221168,0.3530098918338044,0.8624132013031238,0.1754375061849563,0.5829742096762933,-0.08375665872384146,-2.146353588893309,0.18302051398558636,1.0927243148376569,0.1152260548846937,0.5933194389093432,-0.020042967756172855,0.09000117304571391,0.09000117304571391,0.0,0.00460312786972011,-0.20788607349113186,-0.027159406646939693,0.0006067872196986083,0.24431048142058476,-4.708832396330223,0,1.0140654374629716
31.640959999996575,-1.9972515676586835,-0.011012611738321087,1.167884118636007,-0.003657339298236499,0.6087104814651244,0.030801997348646033,-1.858077623661829,-0.09684996642011498,1.0997234671658012,0.14658659996437842,0.6099416955007331,-0.02134958003952283,-2.001908686309555,0.04435375708044825,1.0961790255537291,0.1309010028488492,0.6007732685043874,-0.02045196356588146,0.09000117304571391,0.09000117304571391,0.0,0.00457796849650351,-0.2083593463248068,-0.02705779400346074,0.0006035695886328523,0.2438991643756302,-4.708846342249919,0,1.011526314442715
31.645119999996574,-1.9972667230059673,-0.008480615776192532,1.168011956110604,-0.003637283348086521,0.607679030910853,0.030680993903264783,-1.9066667287211572,0.16255398217413644,1.4121062352312597,-0.011709949675225076,0.6814694345503312,-0.11601591383154236,-1.95431116619519,0.10487287242559654,1.2539025614392934,0.05949347293660749,0.6407607972634557,-0.06776144676488868,0.09000117304571391,0.09000117304571391,0.0,0.004552947661641221,-0.20882513524717683,-0.026956516982766132,0.0006003637563964063,0.24348719870286656,-4.708860192599222,0,1.0089915054901724
31.649279999996573,-1.9972817952462159,-0.005952924021121912,1.1681392913197872,-0.0036173376596715288,0.6066460212169489,0.030560450203999834,-1.9353897340141388,-0.025668024983616873,1.3715841838134337,0.06457475178161183,0.5596908782785235,-0.06686436012131854,-1.9447164057501976,0.040767565504737105,1.3126061559084887,0.06222691652543887,0.5993104585393473,-0.06781097829878178,0.09000117304571391,0.09000117304571391,0.0,0.0045280645964793816,-0.20928349668585144,-0.026855575097138734,0.0005971697942590005,0.24307459706340162,-4.708873948473197,0,1.0064610170003279
31.65343999999657,-1.9972967848363135,-0.003429542839676651,1.1682661261726925,-0.0035975016234027378,0.6056114835468626,0.030440364697255223,-2.4804392583359878,0.04446009548067973,0.5791659462117974,-0.05646931699436109,0.4468498099039281,0.07218682700208334,-2.2126989484578696,0.043543371841403625,0.9460323890824404,0.002844642111635801,0.5230509841303248,0.0015424517684319258,0.09000117304571391,0.09000117304571391,0.0,0.004503318537083984,-0.20973448670135708,-0.02675496785011819,0.0005939877705315108,0.24266137201840648,-4.708887610951055,0,1.0039348552389997
31.65759999999657,-1.9973116922306178,-0.0009104784696041487,1.1683924625719921,-0.003577774633061111,0.6045754488174006,0.03032073583190945,-1.4355191540016286,-0.10546643454709483,1.2061412146639225,-0.1477354721935685,0.5011388479647702,-0.03863517413967127,-1.8244120079995338,-0.029918484284890697,1.0760094045465693,-0.07190224537981846,0.5112618025441075,-0.01909319655731022,0.09000117304571391,0.09000117304571391,0.0,0.004478708723079249,-0.21017816098834952,-0.02665469473482085,0.0005908177506250619,0.2422475360297839,-4.708901181096403,0,1.0014130263438645
31.66175999999657,-1.9973265178809751,0.001604262979147438,1.168518302413906,-0.0035581560857819304,0.6035379477003808,0.03020156205936152,-1.8103809369483599,-0.2665397661141415,1.3702157607180074,-0.04896258409049409,0.6233292679002927,0.009100280534727188,-1.8174967469298666,-0.14693318263435992,1.2231334946466834,-0.06113980569578199,0.5667634880459078,-0.004962194911312464,0.09000117304571391,0.09000117304571391,0.0,0.004454234398943974,-0.21061457487891821,-0.026554755235895247,0.0005876597971094288,0.24183310146083328,-4.708914659957489,0,0.998895536325473
31.665919999996568,-1.9973412622367337,0.004114675523415246,1.1686436475882127,-0.0035386453820339583,0.6024990106242739,0.030082841833568866,-2.1440523028267404,-0.23506701833718877,1.2326831811634453,0.06805454201414435,0.6313520703472295,0.09787398563475842,-1.9806359142637904,-0.18968558418760698,1.228112054524099,0.0037644263855321643,0.5981212611240849,0.046413370207090625,0.09000117304571391,0.09000117304571391,0.0,0.004429894812957115,-0.21104378334450702,-0.02645514882869944,0.0005845139697700074,0.24141808057691067,-4.708928048567443,0,0.9963823910682578
31.670079999996567,-1.997355925744757,0.006620753305814559,1.1687684999782588,-0.003519241925602991,0.601458667775835,0.029964573611088556,-2.150882748456454,-0.13488318893001358,1.0137823765788945,-0.03998924836790831,0.5298968516682657,-0.11100929677531501,-2.0658438553280565,-0.16118150511099633,1.1207151817380272,-0.01803450651420742,0.5638557351173193,-0.03246198240813463,0.09000117304571391,0.09000117304571391,0.0,0.0044056892175318085,-0.2114658409977893,-0.026355874979118107,0.0005813803256641903,0.241002485546085,-4.7089413479445135,0,0.9938735963315368
31.674239999996566,-1.9973705088494387,0.009122490593738423,1.1688928614609717,-0.003499945123574017,0.6004169491017275,0.029846755851119212,-1.7723021539394765,-0.1587372915582899,1.5071145253485054,-0.1876902030385776,0.5928643834012901,0.22312942240961883,-1.9194611017348753,-0.15872454739477046,1.314381296690686,-0.1029664203100104,0.5775440599745839,0.09549209135062375,0.09000117304571391,0.09000117304571391,0.0,0.004381616869443085,-0.21188080209556537,-0.02625693314530657,0.0005782589191770538,0.24058632843979028,-4.708954559092303,0,0.9913691577505088
31.678399999996564,-1.997385011992715,0.011619881778363978,1.1690167339068698,-0.003480754386312418,0.5993738843101332,0.029729387015535614,-2.00806040390218,-0.0592408502986173,1.4578436181100098,0.0028821425037346225,0.6090746802228525,0.1098996249933782,-1.9637542986340146,-0.10771535298691852,1.3863429274591932,-0.0505679206968138,0.5934073094205538,0.1022726828425653,0.09000117304571391,0.09000117304571391,0.0,0.004357677029414185,-0.21228872054064896,-0.026158322776441742,0.0005751498020757494,0.2401696212334734,-4.708967682999998,0,0.9888690808372417
31.682559999996563,-1.9973994356140794,0.014112921373665453,1.1691401191800737,-0.003461669127446895,0.5983295028723542,0.029612465568928433,-1.998318433270803,-0.6554898921969066,1.1380438158259785,0.026591505281887667,0.6933658357846094,0.10707616257651609,-1.9809806841648372,-0.3801633899248673,1.2624148324197657,-0.012288423977161053,0.642954655696801,0.10444189698694752,0.09000117304571391,0.09000117304571391,0.0,0.004333868962343831,-0.21268964988403116,-0.02606004331318247,0.0005720530235629451,0.23975237580723796,-4.70898072064259,0,0.986373370981655
31.686719999996562,-1.9974137801505953,0.016601604015433806,1.169263019138318,-0.0034426887638514428,0.5972838340244051,0.029495989978641994,-2.0954190913874644,-0.07568014951636076,0.9790488260939408,0.02189098380492744,0.5692676056404705,-0.008335719028112733,-2.038155315047695,-0.2267350104174246,1.120711713135266,0.004875593728680034,0.6058424238229663,0.04844267674346718,0.09000117304571391,0.09000117304571391,0.0,0.00431019193710604,-0.21308364332710195,-0.025962094188345317,0.000568968630329691,0.23933460394648415,-4.708993672981104,0,0.983882033452496
31.69087999999656,-1.9974280460369105,0.01908592446030295,1.169385435632963,-0.003423812715628151,0.5962369067685943,0.029379958714809116,-1.8464025309532588,0.009237469282254362,1.9088087474772002,0.036481545729367355,0.7061107453911968,0.21171874951923683,-1.9422017453374896,-0.10727850598986677,1.5152074542545464,0.02069802993558644,0.6560069199126355,0.12942574363463613,0.09000117304571391,0.09000117304571391,0.0,0.004286645226884379,-0.2134707537243592,-0.02586447482672566,0.0005658966666075098,0.23891631734254473,-4.709006540962815,0,0.9813950733983079
31.69503999999656,-1.9974422337052693,0.021565877584782508,1.1695073705090062,-0.003405040406088615,0.5951887498750938,0.0292643702503867,-1.809927992091175,0.007983340964697773,0.9777033904072898,-0.11684372852877144,0.7188060080804471,0.14872594946648246,-1.8763060151591724,-0.04814985917459236,1.2467598549175853,-0.04852542373763657,0.686526733585204,0.13962847935552106,0.09000117304571391,0.09000117304571391,0.0,0.0042632281085440964,-0.21385103358452362,-0.025767184645560798,0.000562837174218851,0.23849752759331636,-4.709019325521459,0,0.9789124958483931
31.69919999999656,-1.9974563435855266,0.024041458384297106,1.1696288256050944,-0.0033863712617379542,0.5941393918835034,0.02914922306118927,-1.6387596666984503,0.27485031238715935,1.2897939034702521,0.01705296821153884,0.5399599303044041,0.009904886730642937,-1.7574957630657289,0.11447801954801631,1.2682992129403792,-0.01571443887784433,0.6120834028153346,0.0740870305881402,0.09000117304571391,0.09000117304571391,0.0,0.004239939863072687,-0.21422453507400785,-0.025670223053923247,0.0005597901926278629,0.23807824620388784,-4.709032027577455,0,0.9764343057137692
31.703359999996557,-1.997470376105161,0.026512661972232104,1.1697498027535358,-0.0033678047122569967,0.5930888611043993,0.029034515625925024,-1.7815457376211312,-0.101578056985425,1.599209006046251,-0.0073587810201379686,0.6481543927760199,0.06859567133045488,-1.7695362945247666,0.007799774105339335,1.4338987562042154,-0.011503562144485946,0.6285959872019905,0.07150798818203967,0.09000117304571391,0.09000117304571391,0.0,0.0042167797755934275,-0.2145913100179374,-0.025573589454254073,0.0005567557589894556,0.23765848458716354,-4.709044648038101,0,0.9739605077881182
31.707519999996556,-1.997484331689288,0.028979483578985762,1.1698703037803118,-0.0033493401904843997,0.592037185620878,0.0289202464262254,-2.0746231374136634,-7.044381655610041e-05,0.8723698257389552,0.051365965311834,0.58444156288567,-0.07847568948762589,-1.9219743860335674,0.0050811290051267005,1.1529677161442415,0.01962662430463967,0.6060900515058841,-0.0037539146431280696,0.09000117304571391,0.09000117304571391,0.0,0.00419374713495103,-0.2149514099028319,-0.025477283240902163,0.0005537339081977913,0.2372382540644834,-4.7090571877977885,0,0.9714911067487306
31.711679999996555,-1.9974982107606731,0.03144191855102779,1.1699903305050896,-0.0033309771324004957,0.590984393290088,0.028806413946680685,-1.9425782469954795,0.09260958020274959,1.5158352538227517,-0.08414183296155969,0.6007026721360336,-0.09168517998384249,-1.9324509079130723,0.05009531456085697,1.3342134114718236,-0.032522800755389804,0.6034431526180836,-0.047757115694494666,0.09000117304571391,0.09000117304571391,0.0,0.004170841234259166,-0.21530488587891994,-0.025381303801657568,0.0005507246729341772,0.23681756586623914,-4.7090696477381995,0,0.9690261071574418
31.715839999996554,-1.9975120137397444,0.03389996234996425,1.1701098847412348,-0.003312714977108856,0.5899305117447506,0.028693016674869194,-1.5126717947298478,0.4456982596192596,0.7007351954197041,-0.03655636664266769,0.5972052359472714,0.006762121264883101,-1.7226364036210469,0.24914340269168642,1.0174843747470466,-0.033600000079507655,0.5995178111129142,-0.02071209331735737,0.09000117304571391,0.09000117304571391,0.0,0.004148061370165418,-0.21565178876176683,-0.025285650517147457,0.0005477280837136497,0.23639643113248596,-4.709082028728505,0,0.9665655134615625
31.719999999996553,-1.9975257410446061,0.036353610551608725,1.170228968295824,-0.003294553166820911,0.5888755683946741,0.028580053101388878,-1.9750951531876644,-0.1545001454416926,0.9892825109879737,-0.048306601318353085,0.5027372510232184,-0.043918475459809356,-1.8489676259140049,0.048364050319219906,1.0032922266649231,-0.04114247869635669,0.5513417648211524,-0.032472615251778046,0.09000117304571391,0.09000117304571391,0.0,0.004125406843505332,-0.2159921690344926,-0.025190322761729583,0.0005447441689314912,0.23597486091355088,-4.709094331625564,0,0.9641093299948041
31.72415999999655,-1.9975393930910512,0.038802858845059796,1.1703475829696568,-0.003276491146837844,0.5878195904282567,0.02846752171988519,-2.138855591813496,-0.07553229869355417,0.9220415121114718,-0.11232625687730734,0.48327426436212034,0.09689469374972255,-1.9941463623928417,-0.012578105500304368,0.9628684211638466,-0.0771675202761942,0.5165001165539802,0.03192282508670156,0.09000117304571391,0.09000117304571391,0.0,0.004102876958888071,-0.21632607685037542,-0.0250953199020323,0.0005417729549081934,0.2355528661706372,-4.709106557274108,0,0.9616575609781955
31.72831999999655,-1.9975529702925743,0.041247703031784703,1.1704657305572697,-0.0032585283655342115,0.5867626048139787,0.02835542102708492,-1.8817226921794552,-0.12570827887788857,1.3786410358886745,-0.03693392096140879,0.6177083472534348,0.1207522894520217,-1.9380122814561227,-0.06785820883562038,1.1710080635693922,-0.05622655638559138,0.5666363442482718,0.07668556124305928,0.09000117304571391,0.09000117304571391,0.0,0.0040804710248160386,-0.2166535620341744,-0.025000641299559256,0.0005388144659341721,0.23513045777642477,-4.7091187065069375,0,0.9592102105209961
31.73247999999655,-1.997566473060384,0.043688139024709235,1.1705834128469481,-0.003240664274341059,0.5857046383018876,0.028243749522819196,-1.8433769873320676,0.6694296461515666,1.1814217695484017,0.07088068108294368,0.3629974032399289,0.08389100916210174,-1.8905484863926423,0.3015465630482882,1.1763904858436829,0.008253658049266614,0.4645119765947649,0.07980431414136767,0.09000117304571391,0.09000117304571391,0.0,0.004058188353483817,-0.21697467408458393,-0.024906286308590375,0.0005358687243135958,0.234707646515667,-4.709130780145104,0,0.9567672826216012
31.736639999996548,-1.9975799018034162,0.04612416284731371,1.17070063162074,-0.0032228983277298733,0.5846457174250729,0.028132505710055124,-2.225236667448385,-0.23851982418116605,0.36807385481321986,0.03736153604041475,0.6296206705238654,0.0111730137933552,-2.0578166928793267,0.03282036409934574,0.7722515617621987,0.022558050331676776,0.5464878380212236,0.044623665549209345,0.09000117304571391,0.09000117304571391,0.0,0.004036028261218491,-0.2172894621763708,-0.02481225427750279,0.0005329357504076981,0.23428444308578356,-4.709142778998095,0,0.9543287811684413
31.740799999996547,-1.997593256928346,0.048555770632735085,1.1708173886544688,-0.0032052299831946984,0.5835858685011304,0.028021688094921882,-2.1028377416130124,0.3921887070373344,0.48643250450807074,0.07675176662804702,0.5715366198926122,0.09929082050192245,-2.080167241719242,0.21369612473929261,0.6295462206973074,0.04933931901717206,0.5588687964721146,0.07211455576188597,0.09000117304571391,0.09000117304571391,0.0,0.004013990067744159,-0.217597975162253,-0.024718544548810853,0.0005300155626766017,0.23386085809744966,-4.709154703864011,0,0.9518947099408768
31.744959999996546,-1.9976065388396012,0.05098295862287516,1.1709336857177468,-0.003187658701237315,0.5825251176336184,0.02791129518673662,-2.229038052590411,0.041369008926583156,1.2554619770131643,0.049455559506090443,0.5668533699529527,-0.032902573122995146,-2.1545020235174754,0.12871058194997448,0.9424394904979394,0.04997480481181998,0.5627728362586046,0.019878037504227983,0.09000117304571391,0.09000117304571391,0.0,0.0039920730968355375,-0.217900261574836,-0.02462515645899191,0.0005271081777213901,0.2334369020751815,-4.7091665555297455,0,0.9494650726100843
31.749119999996545,-1.9976197479393734,0.05340572316751477,1.1710495245739887,-0.0031701839453496927,0.5814634907135049,0.027801325498030983,-2.1810987400604986,-0.06093660735563665,1.1079620712031264,0.11467657162443849,0.6383043185110886,-0.09623802638981195,-2.1675645353679913,0.03521389304842415,1.0250022238117464,0.08351950626622688,0.6002556261867827,-0.03839231293840513,0.09000117304571391,0.09000117304571391,0.0,0.003970276676010149,-0.21819636962887679,-0.024532089339168103,0.0005242136103247896,0.23301258545791795,-4.709178334771156,0,0.947039872739939
31.753279999996543,-1.9976328846276317,0.05582406072343395,1.1711649069804244,-0.003152805181997723,0.5804010134206041,0.027691777544574817,-2.3559208864864485,-0.035757219301907374,1.086308109312343,0.002517132109047091,0.6835978098358484,-0.022303003442673518,-2.2617399891117826,0.0011521273873675002,1.0556099468402984,0.04359845202325241,0.6407560328079138,-0.030704935004131673,0.09000117304571391,0.09000117304571391,0.0,0.003948600136433774,-0.21848634722301896,-0.024439342514076867,0.0005213318734913772,0.2325879185995986,-4.70919004235324,0,0.9446191137878904
31.757439999996542,-1.9976459493021341,0.058237967853538145,1.1712798346881137,-0.0031355218806053474,0.5793377112250059,0.02758264984540403,-2.2356124533149084,0.41706453815470984,1.5530851692548862,-0.2937003461059452,0.7720701514141853,-0.11126987237456996,-2.2492870957626665,0.2107162340918807,1.3041200110087323,-0.12494800253476052,0.7068338179028568,-0.07117938234385947,0.09000117304571391,0.09000117304571391,0.0,0.003927042812932666,-0.2187702419421217,-0.024346915304036376,0.0005184629784870762,0.2321629117697382,-4.709201679030297,0,0.9422027991058314
31.76159999999654,-1.9976589423584405,0.0606474412259902,1.1713943094419588,-0.003118333513538628,0.5782736093884933,0.027473940922840282,-1.8013140774469256,-0.1152754330981651,1.2451730588549677,0.1155244780307775,0.5360147179868117,-0.040822990634379316,-2.0250573647459715,0.048834022197276866,1.2745606809768517,-0.004630801116542696,0.6209506047776056,-0.05574788011883503,0.09000117304571391,0.09000117304571391,0.0,0.0039056040442197165,-0.219048101058687,-0.024254807023062028,0.0005156069348781437,0.23173757515399712,-4.709213245546103,0,0.9397909319409626
31.76575999999654,-1.9976718641899243,0.06305247761334834,1.1715083329807192,-0.0031012395560888785,0.5772087329659547,0.027365649302518447,-1.8761640559439046,0.02969866260161362,1.5734105824983358,-0.04064935873228577,0.5176693510507389,0.07704881401659161,-1.9506931260520135,0.040343228661257335,1.4241462789897137,-0.023162800049032532,0.5691805194660996,0.011460949069871674,0.09000117304571391,0.09000117304571391,0.0,0.0038842831724792077,-0.21931997153552008,-0.024163016981046045,0.0005127637505690599,0.23131191885474894,-4.709224742634064,0,0.9373835154366503
31.76991999999654,-1.9976847151877846,0.06545307389170994,1.171621907037025,-0.0030842394864575217,0.5761431068067832,0.027257773513404936,-2.1553717958198044,0.23311742851189055,0.7780636509758253,-0.024068076134321565,0.5032254038945205,0.12423181187913321,-2.053083572408161,0.1377794281996442,1.1013584740470592,-0.0237988974085849,0.5356991837184297,0.0680163690499473,0.09000117304571391,0.09000117304571391,0.0,0.003863079543699509,-0.21958590002711598,-0.024071544482088855,0.0005099334318401749,0.23088595289164338,-4.709236171017386,0,0.9349805526332784
31.774079999996538,-1.9976974957410585,0.06784922703986107,1.171735033337391,-0.0030673327857395597,0.5750767555562698,0.027150312087822943,-1.3887354005805201,-0.04566027576417675,1.0780211262491468,-0.06140242153098868,0.5241705426271872,0.07100700179031448,-1.721030568748489,0.047148031202436484,1.0898385179966628,-0.043552344414424835,0.5301860541339131,0.06893994435964529,0.09000117304571391,0.09000117304571391,0.0,0.003841992507364586,-0.21984593288174314,-0.0239803888256091,0.0005071159833845062,0.2304596872021665,-4.709247531409225,0,0.932582046469095
31.778239999996536,-1.9977102062366332,0.07024093413843185,1.1718477136022305,-0.0030505189379083277,0.574009703656987,0.027043263561473015,-2.284581725910302,0.04599900269525095,1.1461536105198322,-0.042503178946058616,0.5536719046129845,0.038108954701159596,-2.002898792369574,0.047725695177645674,1.1180771418582656,-0.04288539334818923,0.541655887632652,0.052844585492464125,0.09000117304571391,0.09000117304571391,0.0,0.003821021416786693,-0.2201001161435896,-0.023889549306172236,0.0005043114083439185,0.23003313164219705,-4.709258824512847,0,0.9301879997810533
31.782399999996535,-1.9977228470592574,0.07262819236905753,1.17195994954587,-0.0030337974297988623,0.5729419753501627,0.026936626473454302,-2.207119456234566,-0.2885273398758015,1.2390292398247642,-0.0870183634877267,0.614549221145374,0.001472517205641892,-2.1051904121035445,-0.11912487628255274,1.1785557290906208,-0.06549571501155214,0.5780716833992304,0.027821020936642717,0.09000117304571391,0.09000117304571391,0.0,0.0038001656285839343,-0.22034849555448477,-0.023799025213960753,0.0005015197083446767,0.22960629598655918,-4.709270051021781,0,0.9277984153056458
31.786559999996534,-1.9977354185915537,0.07501099901354522,1.1720717428765628,-0.0030171677510934434,0.5718735946770458,0.02683039936628377,-1.9701841394249848,0.3659938998543739,1.6941128483552255,-0.0475735308360527,0.25733190880215495,0.0054483060923972496,-2.0377859298394556,0.12397544528563277,1.4363492463857914,-0.056224561922743055,0.4166183135722817,0.01662756465927295,0.09000117304571391,0.09000117304571391,0.0,0.003779424503226462,-0.2205911165557357,-0.023708815834389163,0.0004987408835323654,0.2291791899295717,-4.709281211619967,0,0.9254132956797346
31.790719999996533,-1.9977479212140299,0.07738935145304632,1.1721830952965042,-0.0030006293943048595,0.5708045854802642,0.026724580785916982,-2.443432381587284,0.6332152043792711,2.053029495303054,-0.09337915063349979,0.5972233170711689,-0.17359499721484772,-2.240805375470326,0.3798441730204677,1.744332167169173,-0.07520562467331361,0.5054293967104911,-0.07825692398986599,0.09000117304571391,0.09000117304571391,0.0,0.00375879740451404,-0.22082802429012838,-0.023618920448574318,0.0004959749326062977,0.22875182308559397,-4.709292306981907,0,0.9230326434413747
31.79487999999653,-1.9977603553050913,0.07976324716723454,1.172294008501845,-0.002984181854761849,0.5697349714051726,0.026619169281766934,-2.600871266346683,0.5060717783755371,1.1541004723225825,-0.049997461824341574,0.81459525004061,0.0001613662433786224,-2.420945059821284,0.44465460595272427,1.4492113804601208,-0.06249444308752732,0.6593133225019103,-0.038502341525423874,0.09000117304571391,0.09000117304571391,0.0,0.0037382837000152604,-0.2210592636038271,-0.023529338333164493,0.0004932218528529463,0.2283242049895681,-4.709303337772807,0,0.920656461030632
31.79903999999653,-1.997772721241052,0.0821326837334895,1.1724044841827064,-0.0029678246305927113,0.5686647759011924,0.02651416340672347,-1.8454466495818944,-0.2971731408464081,1.490827143030119,0.003570918384134096,0.5355917468729113,0.08055365341358361,-2.1331847447428722,0.07485186644870656,1.4701873764806417,-0.029300346291237726,0.5963499179041398,0.020886155509517074,0.09000117304571391,0.09000117304571391,0.0,0.003717882760651864,-0.22128487904838856,-0.023440068761024613,0.0004904816401792881,0.22789634509755796,-4.709314304648725,0,0.9182847507903956
31.80319999999653,-1.9977850193961468,0.08449765882608593,1.1725145240231947,-0.002951557222710648,0.567594022223142,0.026409561717169867,-1.6998067247659747,0.34261822459432567,1.0738959169742524,0.1348512337461141,0.4949452919599851,-0.035003846452082904,-1.9162120637888436,0.20976739404814543,1.2719661210440931,0.052691963794052256,0.5451717967669014,-0.007081398893584414,0.09000117304571391,0.09000117304571391,0.0,0.0036975939609240113,-0.2215049148820849,-0.02335111100063829,0.00048775428914529296,0.22746825278728422,-4.709325208256708,0,0.9159175149671857
31.807359999996528,-1.9977972501425418,0.08685817021538826,1.1726241297014155,-0.002935379134798166,0.5665227334325614,0.026305362773001842,-2.4444589222760786,0.24383563400748287,1.4364240168356934,0.005309224233245929,0.6577932611209065,0.12147538699916087,-2.180329655387582,0.22817065450039764,1.3544499932013523,0.02972920349533114,0.6011333287499625,0.056655903183285734,0.09000117304571391,0.09000117304571391,0.0,0.003677416678601126,-0.22171941507224735,-0.0232624643165788,0.00048503979299565324,0.22703993735865682,-4.709336049234931,0,0.9135547557119542
31.811519999996527,-1.9978094138503473,0.08921421576705087,1.172733302889489,-0.002919289873292765,0.5654509323990252,0.026201565137644548,-1.9303859066969071,0.27213705701021357,0.7867361918859248,-0.13659012703978562,0.6213769534320324,-0.14857986425637632,-2.0556387319955434,0.25144773869238873,1.070279589491869,-0.054094701691086516,0.6107108322381369,-0.045713867080898266,0.09000117304571391,0.09000117304571391,0.0,0.0036573502952678746,-0.22192842329718976,-0.023174127969981473,0.00048233814369155026,0.2266114080343033,-4.709346828212839,0,0.9111964750808815
31.815679999996526,-1.997821510887628,0.09156579344122356,1.1728420452535644,-0.002903288947370354,0.5643786418014479,0.0260981673780676,-2.4167786575746937,0.3775322054399981,0.9977414668811361,0.07180910609783607,0.46423914895069246,0.1477202841245993,-2.2360612486037192,0.3154588567932847,1.0343183614822011,0.008554679361941682,0.5363310570134346,0.05046816535755596,0.09000117304571391,0.09000117304571391,0.0,0.0036373941956945243,-0.22213198294728143,-0.02308610121773222,0.00047964933194113323,0.22618267396009398,-4.709357545811273,0,0.908842675036167
31.819839999996525,-1.9978335416204152,0.09391290129176266,1.1729503584538343,-0.0028873758689312865,0.5633058841293834,0.025995168064803394,-2.401288963092972,-0.1604781776250946,1.1353007709360283,0.01780129256488836,0.44942282297173736,0.016614971279144287,-2.318640716009443,0.07842452711107105,1.0848440483530384,0.013889107212884185,0.4915690934223092,0.03392029561049435,0.09000117304571391,0.09000117304571391,0.0,0.0036175477680617804,-0.22233013712789462,-0.02299838331336687,0.00047697334722983495,0.22575374420566402,-4.70936820264261,0,0.9064933574468141
31.823999999996524,-1.9978455064127176,0.0962555374654473,1.1730582441445507,-0.0028715501525854617,0.5622326816843117,0.025892565771961664,-1.4878766916184878,0.08244552322678958,1.1945825974101636,-0.004674715119938633,0.5608087073125889,0.09389930877139825,-1.9032645104865755,0.08160255686091189,1.1399085345962963,0.005520369725763556,0.5256854715475219,0.06432141162459949,0.09000117304571391,0.09000117304571391,0.0,0.0035978104042930278,-0.22252292865995482,-0.022910973507116517,0.000474310177850176,0.22532462776493184,-4.709378799310886,0,0.9041485240894108
31.828159999996522,-1.9978574056265328,0.09859370020120113,1.1731657039740393,-0.0028558113156360375,0.5611590565809221,0.02579035907724382,-1.7803599472869185,0.2913678246303431,0.9998864185511263,-0.018886991415759686,0.7750099635165402,-0.03520021713488223,-1.8418487920477482,0.188099584979088,1.0698244459455035,-0.0075766877575933695,0.6498854305607771,0.014006981572743993,0.09000117304571391,0.09000117304571391,0.0,0.0035781814992105285,-0.22271040008290077,-0.022823871045738575,0.0004716598109306873,0.22489533355661442,-4.70938933641193,0,0.9018081766489036
31.83231999999652,-1.997869239621858,0.1009273878293194,1.1732727395847142,-0.002840158878066664,0.560085030748384,0.025688546561957924,-1.641970582619189,-0.005211869940429839,1.00239644157436,-0.08648946732331927,0.6564532237568398,0.11077602685713034,-1.7420875341830935,0.09280899130740666,1.0363406734205907,-0.04734061056376708,0.6526482147091025,0.06224559209120777,0.09000117304571391,0.09000117304571391,0.0,0.003558660451294459,-0.2228925936554026,-0.02273707517234727,0.00046902223246485415,0.22446587042473903,-4.709399814533487,0,0.8994723167193677
31.83647999999652,-1.9978810087567018,0.10325659877070112,1.1733793526130936,-0.0028245923625255477,0.5590106259316133,0.025587126811034384,-1.9493743855238208,0.21295172100867593,0.7409904341667096,0.06933909408609058,0.595222167206526,0.04873576921663098,-1.845588150448717,0.15412132376792476,0.8887640769864203,0.010974179418583615,0.622937698733499,0.055866155675653985,0.09000117304571391,0.09000117304571391,0.0,0.0035392466623737507,-0.22306955135806705,-0.022650585127100123,0.00046639742733899233,0.2240362471391522,-4.709410234255341,0,0.8971409458047707
31.84063999999652,-1.9978927133870947,0.10558133153608665,1.1734855446898145,-0.0028091112943108092,0.5579358636925275,0.02548609841303869,-2.039632845391914,-0.6004547107268732,1.0858467249144248,-0.09685479638772422,0.5684380945251722,-0.028351134139550076,-1.942812893267615,-0.2219878446229132,0.9872482849753464,-0.04313422295948308,0.5948286162337745,0.013534754260883516,0.09000117304571391,0.09000117304571391,0.0,0.003519939537530219,-0.22324131489448729,-0.02256440014724391,0.0004637853793601031,0.22360647239602494,-4.7094205961494415,0,0.8948140653197314
31.844799999996518,-1.9979043538671004,0.10790158472530037,1.1735913174396486,-0.0027937152013562377,0.5568607654112945,0.025385459960183952,-1.8201984329369332,-0.39005975974007956,0.7788434001971889,-0.04428729891493439,0.46968659890158737,0.030271255785684664,-1.8815952336119603,-0.30504756602315175,0.8831084836717218,-0.044522239793730996,0.5320358780920498,0.021355671437614496,0.09000117304571391,0.09000117304571391,0.0,0.0035007384852164224,-0.22340792569347623,-0.022478519467160604,0.00046118607128275713,0.2231765548183549,-4.709430900780017,0,0.8924916765902738
31.848959999996517,-1.9979159305488263,0.1102173570264986,1.1736966724815168,-0.0027784036142165535,0.5557853522875731,0.025285210048343238,-2.0895227045284814,-0.3566540696988878,0.9790628702016272,0.020270959463003196,0.4671211049304868,0.24100721247666868,-1.9855188835052544,-0.3298790011213852,0.931586250676802,-0.011830478919226669,0.49930397373654295,0.13183367598068327,0.09000117304571391,0.09000117304571391,0.0,0.0034816429170528088,-0.2235694249102349,-0.022392942317770878,0.0004585994848357491,0.2227465029564654,-4.709441148703698,0,0.8901737808545763
31.853119999996515,-1.9979274437824348,0.11252864721542254,1.1738016114285046,-0.002763176066053518,0.554709645341746,0.025185347277064306,-2.157019845689975,0.36692706309069606,1.1931621843021305,0.14384273414981177,0.6553405830608808,0.08710455380242313,-2.0709716016654336,0.019892619856512344,1.062555858061876,0.06610468718853973,0.5770124217008757,0.11012819429547309,0.09000117304571391,0.09000117304571391,0.0,0.0034626522480523288,-0.22372585342886175,-0.022307667927648864,0.00045602560074826405,0.22231632528850115,-4.709451340469632,0,0.887860379263714
31.857279999996514,-1.997938893916154,0.11483545415465647,1.1739061358878777,-0.002748032092621106,0.5536336654161433,0.025085870249579707,-2.129094231999203,0.7113974873752255,0.7495879898729114,-0.11952297427190557,0.6024705872316644,0.050998568864895975,-2.1002808814159097,0.3669024903170597,0.9061767309112262,-0.027200430761074063,0.5899915353618778,0.08012412477495266,0.09000117304571391,0.09000117304571391,0.0,0.003443765896524561,-0.223877251863266,-0.022222695522426963,0.0004534643987754724,0.22188603022092085,-4.709461476619595,0,0.8855514728823978
31.861439999996513,-1.9979502812962884,0.11713777679289089,1.1740102474610978,-0.002732971232251079,0.5525574331762602,0.024986777572819297,-2.102657230075958,0.08031295273499195,0.845494028870369,0.06737676603736185,0.5654610668541106,0.11258750497177301,-2.101326468041134,0.22478325444468558,0.8760693861715655,0.018897994990155292,0.5770567340721072,0.09623248272776554,0.09000117304571391,0.09000117304571391,0.0,0.0034249832839796145,-0.2240236605594721,-0.022138024325697808,0.00045091585772367304,0.22145562608898667,-4.709471557688108,0,0.883247062689708
31.865599999996512,-1.9979616062672294,0.11943561416419074,1.1741139477438371,-0.0027179930258389566,0.5514809691119646,0.02488806785741899,-2.444643509532818,-0.09542880512587984,1.0250437530026257,-0.0026486795737592004,0.4248252989336601,-0.08825359859078549,-2.27299280504076,0.06556083197216181,0.9503752691195698,0.008080222813925916,0.49988150178251445,0.00341366285027544,0.09000117304571391,0.09000117304571391,0.0,0.0034063038350318217,-0.22416511959681062,-0.022053653557777275,0.0004483799554750519,0.22102512115725037,-4.709481584202547,0,0.8809471495798227
31.86975999999651,-1.9979728691714662,0.12172896538726866,1.1742172383259943,-0.002703097016830393,0.5504042935387002,0.024789739717734606,-1.7657527811113527,-0.3421269753871775,1.2331939120258009,0.055906069966582116,0.4804731203251783,-0.007869932985562517,-2.0192536085672277,-0.13728466329628097,1.091767587933468,0.03230161791494059,0.4892692426006213,-0.0009712600513857649,0.09000117304571391,0.09000117304571391,0.0,0.0033877269776241116,-0.22430166879007296,-0.021969582436819166,0.0004458566690119855,0.2205945236200368,-4.7094915566832505,0,0.8786517343627406
31.87391999999651,-1.9979840703495964,0.12401782966476314,1.1743201207917104,-0.002688282751206616,0.5493274265986783,0.024691791771851053,-1.3496386984302249,0.1129225207417048,0.8754847578666847,0.139657095644152,0.4186330569360214,0.07420924899044297,-1.684152424313715,-0.011306133318136681,0.9837798264682734,0.08666447457370176,0.45278119270493505,0.03622281718920352,0.09000117304571391,0.09000117304571391,0.0,0.0033692521429319255,-0.224433347690979,-0.021885810179076814,0.0004433459744405964,0.2201638416019236,-4.709501475643625,0,0.8763608177650001
31.87807999999651,-1.9979952101403358,0.12630220628252173,1.1744225967193838,-0.002673549777470268,0.5482503882620632,0.0245942226415904,-2.0895803477866344,0.43480027060523607,1.2292894798467657,0.13449608024763393,0.6467145881780563,-0.01388349417426889,-1.8865888023303823,0.21309547825654315,1.106507604417117,0.11025372632615033,0.5496679364811149,0.01111970024046704,0.09000117304571391,0.09000117304571391,0.0,0.003350878765052946,-0.22456019558954055,-0.02180233599788009,0.00044084784701416347,0.2197330831582185,-4.709511341590255,0,0.8740744004303923
31.882239999996507,-1.9980062888805301,0.12858209460888903,1.1745246676816858,-0.0026588976466325387,0.5471731983281524,0.024497030952524146,-2.283855810271928,-0.3676533107675519,0.6266631648447318,-0.0671456315163945,0.588089869673507,0.031080658079954047,-2.085363439118707,-0.0760589527882378,0.866647519198211,0.02093645814071966,0.5684833890882697,0.020692397931854428,0.09000117304571391,0.09000117304571391,0.0,0.0033326062816589385,-0.22468225151623245,-0.021719159104750946,0.00043836226115628125,0.21930225627543304,-4.709521155023002,0,0.8717924829206706
31.886399999996506,-1.9980173069051643,0.13085749409399963,1.1746263352455775,-0.0026443259121975843,0.5460958764265451,0.024400215333980842,-2.244698205005633,0.20528028700630735,0.9964637638969795,0.07735359241205576,0.4655082518830871,0.04513347698451696,-2.1648715452889293,0.06558092939008622,0.9316491220855919,0.04938255723423401,0.516978367856899,0.03353846618803194,0.09000117304571391,0.09000117304571391,0.0,0.0033144341331512797,-0.22479955424331421,-0.021636278709451368,0.00043588919048301615,0.21887136887175368,-4.709530916435112,0,0.8695150657162533
31.890559999996505,-1.9980282645473733,0.1331284042690759,1.1747276009723235,-0.0026298341301504652,0.5450184420183064,0.024303774419053497,-1.579104173019872,0.2660423730602117,1.0471154882439513,-0.15901619961609964,0.5728015821032268,0.00857328895578471,-1.8723133904467155,0.16700642547345448,0.9894007135141897,-0.05534148261067642,0.5439435260330926,0.02116894110375817,0.09000117304571391,0.09000117304571391,0.0,0.003296361763205375,-0.22491214228652878,-0.02155369401896043,0.00043342860782512316,0.2184404287975095,-4.70954062631331,0,0.8672421492169231
31.894719999996504,-1.9980391621384521,0.13539482474573059,1.1748284664175095,-0.002615421858942814,0.543940914397122,0.024207706844611158,-2.1005520541717297,0.19107810267726938,1.2295587130068024,-0.14749437448076214,0.39541819862180405,-0.09030158688653245,-1.986740924873341,0.17986602162242055,1.109293229840007,-0.10149787950758114,0.46914665323416244,-0.034396065371301895,0.09000117304571391,0.09000117304571391,0.0,0.003278388618674347,-0.2250200539066476,-0.02147140423901822,0.000430980485249601,0.21800944383563714,-4.709550285137904,0,0.8649737337425222
31.898879999996502,-1.9980500000078667,0.13765675521527412,1.1749289331310566,-0.0026010886594789078,0.5428633126904472,0.024112011251304077,-2.3161816166262224,0.7097921361297505,0.8579493290207565,0.029852453016165053,0.5264181038009557,-0.0375462644789893,-2.1514012400420643,0.44592759986992053,0.9835404721875757,-0.035948313503379056,0.49783713015592357,-0.035512566470332595,0.09000117304571391,0.09000117304571391,0.0,0.003260514149492492,-0.22512332711117944,-0.021389408573104174,0.0004285447940809531,0.21757842170214264,-4.7095598933828775,0,0.8627098195336402
31.9030399999965,-1.998060778483263,0.13991419544802683,1.175029002657238,-0.0025868340951021424,0.5417856558606471,0.024016686283573094,-2.4205621024369686,0.29228607126391903,1.3239675954405308,0.13556942739164557,0.40593520903828606,-0.07984000867404875,-2.2857026265288862,0.3699516468139854,1.153589969471543,0.05030556794117708,0.4511453418785675,-0.05748997176564454,0.09000117304571391,0.09000117304571391,0.0,0.0032427378083645765,-0.22522199965608503,-0.02130770622312564,0.0004261215049218553,0.21714737004656048,-4.70956945151599,0,0.8604504067522998
31.9071999999965,-1.9980714978904779,0.1421671452926357,1.1751286765346949,-0.002572657731582801,0.5407079627061295,0.023921730589656114,-1.8630457241299343,0.3322221572087439,1.1897733950228202,-0.03231931140656505,0.560847216228049,-9.692598067907385e-05,-2.074438755526842,0.352253309452297,1.171681739964253,0.00914964194061785,0.5059288809995711,-0.028800067703443174,0.09000117304571391,0.09000117304571391,0.0,0.0032250590515242004,-0.22531610904685495,-0.021226296389465785,0.00042371058767393463,0.21671629645240936,-4.709578959998868,0,0.8581954954826367
31.9113599999965,-1.998082158553549,0.144415604675396,1.1752279562964516,-0.0025585591371026658,0.5396302518624727,0.02382714282159439,-2.9209557952543204,0.12252875246345492,1.3812548413182177,0.05233687567362066,0.516600749139804,0.047566529651256906,-2.497596047587731,0.2384668064930062,1.276568737103993,0.031561709724383186,0.5098848453266185,0.009357677446212763,0.09000117304571391,0.09000117304571391,0.0,0.0032074773377821332,-0.22540569254092668,-0.021145178270817383,0.0004213120115574467,0.2162852084376454,-4.7095884192871,0,0.8559450857315746
31.915519999996498,-1.9980927607947252,0.1466595735995774,1.1753268434699318,-0.0025445378822435928,0.5385525418035417,0.023732921635239407,-1.920242730371424,0.3977284366500282,1.1267916792698092,-0.002714020390759327,0.4550447754887173,-0.057904692870254654,-2.2089213633574625,0.3190462692282128,1.2015577777010686,0.014603619161250806,0.48196183489306893,-0.023816087632223128,0.09000117304571391,0.09000117304571391,0.0,0.003189992129391212,-0.22549078714834614,-0.02106435106380182,0.0004189257451312512,0.21585411345511213,-4.709597829830326,0,0.8536991774294963
31.919679999996497,-1.9981033049344752,0.1488990521447549,1.1754253395769745,-0.0025305935399724862,0.5374748508426023,0.0236390656902614,-2.2903082373721113,-0.04146243263816751,1.55879156945429,-0.008321646815499779,0.5955694957235672,0.18105342722195275,-2.2496334591826868,0.14002950110114412,1.3805525988415444,0.003517761848534905,0.5381149164186734,0.07916349166230915,0.09000117304571391,0.09000117304571391,0.0,0.003172602891201428,-0.22557142963392596,-0.020983813964300033,0.0004165517563116891,0.2154230188929877,-4.709607192072326,0,0.8514577704309094
31.923839999996495,-1.9981137912914986,0.15113404046614418,1.1755234461338502,-0.002516725685629793,0.536397197133424,0.023545573650152224,-2.1194142080629472,-0.16271489068193498,0.7252471665919868,-0.056375802534261554,0.5844135630478455,0.001725923857372913,-2.184641424537233,-0.010127807516439793,1.0528997517292604,-0.025827942532418883,0.5605676571695913,0.04003391560053196,0.09000117304571391,0.09000117304571391,0.0,0.003155309091203899,-0.22564765651871788,-0.020903566166645793,0.0004141900123917699,0.21499193207522946,-4.709616506451113,0,0.8492208645151085
31.927999999996494,-1.9981242201827358,0.15336453879394157,1.1756211646512762,-0.002502933896915732,0.535319598671378,0.02345244418223164,-1.8709427935088871,0.062090796918149754,1.0527334130622477,-0.1502162427193033,0.5287499609509505,-0.0917086764773858,-2.0281018639339465,0.027083239047520725,1.0526258394012584,-0.08825233954202562,0.5439614809736334,-0.02583354068288018,0.09000117304571391,0.09000117304571391,0.0,0.00313811020064806,-0.22571950408111197,-0.02082360686345887,0.0004118404800596315,0.2145608602620151,-4.709625773399013,0,0.8469884593868315
31.932159999996493,-1.998134591923377,0.15559054743266879,1.1757184966344332,-0.0024892177538760347,0.5342420732945278,0.023359675957654213,-1.4610216819120698,-0.0217412683367722,1.328729571279298,0.12656331555246242,0.37048752424189435,0.053386015990800735,-1.7442943245501394,0.0034435289641718885,1.1907895663031858,0.01903007939207435,0.45613833603341847,0.014306065627479669,0.09000117304571391,0.09000117304571391,0.0,0.0031210056931963055,-0.22578700835922627,-0.020743935246548273,0.00040950312541668883,0.2141298106501816,-4.70963499334276,0,0.8447605546769122
31.936319999996492,-1.9981449068268724,0.15781206676052176,1.1758154435829806,-0.0024755768388912123,0.5331646386847106,0.02326726765141245,-1.970214729694091,-0.14929666342751066,1.2365864940559828,-0.08210680257446708,0.5477070991391936,-0.06555666918492513,-1.8574273805149415,-0.07178866324993052,1.2135512661071775,-0.0312949529692164,0.5020332416719734,-0.0252698664917006,0.09000117304571391,0.09000117304571391,0.0,0.0031039950457884425,-0.22585020515137388,-0.020664550506104953,0.0004071779139955297,0.21369879037366077,-4.709644166703572,0,0.8425371499429285
31.94047999999649,-1.9981551652049419,0.16002909722872433,1.1759120069910738,-0.002462010736662218,0.5320873123686164,0.023175217942343247,-1.5720665570613048,0.3257508627621555,1.5492751877901467,0.12376695935821072,0.5844674156807423,0.025261705447295058,-1.7144878251615352,0.1281995904792014,1.3814687341488283,0.046363049437516644,0.5432288327778779,-0.0003027236204141918,0.09000117304571391,0.09000117304571391,0.0,0.0030870777383312023,-0.22590913001846102,-0.020585451832033363,0.0004048648107773005,0.21326780650391258,-4.709653293897235,0,0.8403182446698458
31.94463999999649,-1.9981653673675843,0.16224163936088623,1.1760081883473785,-0.0024485190341974063,0.5310101117188547,0.0230835255131288,-1.7282965646350328,0.2832607522904087,0.9490799091224426,-0.048310332496886814,0.5277559879094881,0.015813414846590032,-1.7214925964521,0.20683297280304622,1.1653050072188416,-0.001053729189112388,0.533570392968533,0.007360135526984947,0.09000117304571391,0.09000117304571391,0.0,0.003070253253387091,-0.2259638182848388,-0.020506638412074618,0.0004025637802088681,0.21283686605035504,-4.709662375334189,0,0.8381038382706562
31.94879999999649,-1.9981755136230877,0.16444969375236548,1.1761039891350882,-0.0024351013208007907,0.5299330539550189,0.022992189050305294,-2.32055078473737,0.41441268486236926,1.1420720849748403,-0.08134264810881944,0.2621159069534231,0.11682451482830802,-2.0211936887640065,0.311170652854899,1.1539329182651228,-0.041858564822466734,0.39729407967706126,0.06134331602473572,0.09000117304571391,0.09000117304571391,0.0,0.0030535210766113874,-0.22601430504049447,-0.020428109433778624,0.0004002747862197058,0.21240597596079197,-4.709671411419606,0,0.8358939300870125
31.952959999996487,-1.998185604278038,0.16665326106963524,1.1761994108319394,-0.0024217571880584786,0.5288561561447397,0.02290120724426335,-2.231023100487221,0.45703458014566406,1.089168302411211,-0.04537767810466575,0.6803857272432708,0.21638968626231433,-2.1262055115976772,0.3855201969194741,1.121999953755661,-0.04300990414920949,0.5381595637810269,0.1389948884194329,0.09000117304571391,0.09000117304571391,0.0,0.003036880696441215,-0.22606062514159309,-0.020349864083483868,0.00039799779223814735,0.21197514312183738,-4.709680402553466,0,0.8336885193898597
31.957119999996486,-1.9981956396373288,0.16885234204965496,1.1762944549102279,-0.002408486229826406,0.5277794352047364,0.0228105787892527,-1.8403905451415536,0.1769507264146773,1.31688744647746,0.24021266511915818,0.47867892551854196,0.2848965229893813,-1.98279550532764,0.2822301257181571,1.2200383185414694,0.09815641522478544,0.5081897090015676,0.21161025205835177,0.09000117304571391,0.09000117304571391,0.0,0.0030203316041048645,-0.2261028132129973,-0.020271901546578888,0.00039573276120763413,0.2115443743593377,-4.709689349130637,0,0.8314876053800594
31.961279999996485,-1.9982056200041713,0.17104693749924604,1.1763891228368253,-0.0023952880422180326,0.526702907901856,0.022720302383385762,-1.393115567969664,-0.2118122611119102,0.5068678545597536,0.04935713604981712,0.6638275012828359,-0.008541552183443563,-1.6878477134628798,0.036587022214167875,0.8634314710597097,0.07326199001751375,0.5856115298215631,0.10099975893383759,0.09000117304571391,0.09000117304571391,0.0,0.0030038732938450713,-0.22614090364881734,-0.020194221007978533,0.0003934796556027273,0.21111367643879075,-4.709698251540956,0,0.8292911871890132
31.965439999996484,-1.998215545680103,0.1732370482944715,1.1764834160731945,-0.0023821622235911098,0.5256265908541111,0.02263037672863919,-1.8975830764932,0.19606648102542254,1.0778289406135537,0.04832752209206085,0.5986655411090593,0.10494957420364395,-1.792615518235555,0.11757410128253466,0.9708494793857971,0.060399889740434046,0.5916439719739736,0.10322384994846386,0.09000117304571391,0.09000117304571391,0.0,0.0029875052626078605,-0.2261749306144062,-0.020116821651530822,0.0003912384374442097,0.2106830560657625,-4.709707110169293,0,0.8270992638792785
31.969599999996483,-1.998225416964997,0.1754226753800203,1.1765773360754064,-0.0023691083745357435,0.5245505005317068,0.022540800530857906,-1.8945719017828517,-0.19499775444427445,0.5471778205790722,-0.008330653174661425,0.47204029210370385,-0.019530953939572472,-1.8436110612285985,-0.037731598123310325,0.7589720161565433,0.02570736589115454,0.5315682031944482,0.040914445501523414,0.09000117304571391,0.09000117304571391,0.0,0.0029712270101586256,-0.2262049280477192,-0.02003970266070669,0.0003890090683147055,0.21025251988630075,-4.709715925395639,0,0.8249118344451823
31.97375999999648,-1.9982352341570713,0.17760381976859554,1.1766708842941553,-0.0023561260978619777,0.523474653258063,0.02245157249975618,-1.8370750567712555,0.41262347167491675,1.4855168973028068,-0.016839807263024118,0.5146563686554406,0.22523459103944582,-1.8403775610227215,0.18851926802945562,1.122717642011589,0.0042063969037510925,0.5232529865816135,0.13324548929057342,0.09000117304571391,0.09000117304571391,0.0,0.0029550380389844824,-0.2262309296605166,-0.019962863218006777,0.00038679150937320674,0.20982207448734644,-4.709724697595168,0,0.8227288978134303
31.97791999999648,-1.9982449975528986,0.17978048254030735,1.176764062174776,-0.002343214998587784,0.5223990652108297,0.022362691348921215,-2.144321330594484,-0.6581918032420428,1.6026190877594306,-0.12808247375954845,0.646061054774094,0.004691769052153669,-1.9926175193394646,-0.23349650443962805,1.3626814485610301,-0.062151301062374924,0.5837356534068424,0.06899280540863617,0.09000117304571391,0.09000117304571391,0.0,0.002938937854517317,-0.22625296894021196,-0.01988630250565125,0.00038458572137002974,0.209391726397142,-4.709733427138313,0,0.8205504528437104
31.98207999999648,-1.998254707447415,0.1819526648420694,1.1768568711572585,-0.0023303746839261237,0.5213237524228955,0.022274155795813832,-1.360314186986583,0.2289226629396553,1.5087911001122902,0.09457264975593262,0.40709071219099635,-0.022544879012338166,-1.6762651593937938,-0.0014360158092003345,1.4356898730495604,0.016411792395720368,0.49497618340428173,0.023485143195078523,0.09000117304571391,0.09000117304571391,0.0,0.002922925964929388,-0.22627107915076283,-0.01981001970498661,0.00038239166466083136,0.2089614820856373,-4.709742114390838,0,0.8183764983292944
31.986239999996478,-1.9982643641339286,0.1841203678870002,1.1769493126762658,-0.0023176047632728646,0.5202487307833903,0.02218596456177156,-1.861285745823011,0.1866332517233594,1.3890105632065621,-0.14101785261936442,0.6565160792964821,0.09571223393932435,-1.7690694082812668,0.0939662230552955,1.4125479259748392,-0.0626064788033136,0.5753728812508438,0.06009614560924291,0.09000117304571391,0.09000117304571391,0.0,0.002907001880821509,-0.22628529333452807,-0.019734013997389596,0.0003802092992206593,0.20853134796489298,-4.709750759713903,0,0.8162070329976334
31.990399999996477,-1.9982739679041295,0.18628359295382804,1.1770413881611492,-0.002304904848195996,0.5191740160386804,0.022098116372007984,-2.669532016542057,-0.06707272763053071,0.6264787380116014,-0.00041961887427293667,0.45182483615568436,-0.057661776536679935,-2.2193075605743333,0.014386828750846719,1.0193894416883182,-0.03167359232724392,0.512921379078728,0.00048181631366984843,0.09000117304571391,0.09000117304571391,0.0,0.0028911651160872763,-0.22629564431332638,-0.019658284563674716,0.0003780385846579642,0.2081013303894809,-4.709759363464139,0,0.8140420555109511
31.994559999996476,-1.9982835190480979,0.18844234138630037,1.1771330990359643,-0.002292274552421246,0.5180996237933586,0.022010609955614546,-1.4872225818670204,0.12012550436916813,1.127798332161149,0.054285061143520635,0.5391123939885615,0.12292966689842083,-1.8531467133836126,0.06837933722305957,1.0738491967751012,0.011144569707804752,0.5254898129255363,0.06224551657158006,0.09000117304571391,0.09000117304571391,0.0,0.002875415186746568,-0.2263021646903023,-0.019582830583927985,0.00037587948022755756,0.20767143565688242,-4.709767925993708,0,0.8118815644668301
31.998719999996474,-1.998293017854314,0.19059661459259714,1.1772244467194874,-0.002279713491822558,0.5170255695112258,0.02192344404556299,-1.459018179402649,0.3043013000144553,1.2872196880798028,-0.05653073838192978,0.6540185744806436,-0.03978656685972283,-1.6561962537584396,0.18770293380815276,1.1804535166808416,-0.023177773142132447,0.5894455745345544,0.011074395809616722,0.09000117304571391,0.09000117304571391,0.0,0.0028597516120230614,-0.22630488685067285,-0.01950765123841093,0.0003737319448441649,0.20724167000788368,-4.709776447650373,0,0.8097255583987971
32.00287999999647,-1.9983024646096657,0.19274641404474827,1.177315432625232,-0.0022672212844080846,0.5159518685162686,0.021836617378704033,-1.5617609551416876,-0.27198035860208636,1.481249478556924,0.08730873464835309,0.5372696200772779,-0.08498076722090661,-1.6087958979469537,-0.04102228011823425,1.3306776731224104,0.03184392499829183,0.5623301473473941,-0.03734527348911532,0.09000117304571391,0.09000117304571391,0.0,0.0028441739133914495,-0.22630384296354744,-0.019432745706967985,0.0003715959370952465,0.20681203962696873,-4.709784928777567,0,0.8075740357769031
32.00703999999647,-1.9983118595994587,0.19489174127805506,1.1774060581614643,-0.002254797550310146,0.5148785359936292,0.021750128695768492,-2.6550505544823704,-0.22724664063487074,0.8266383144849804,0.13432800431413,0.5607420819826937,-0.01170322876360795,-2.131652090870225,-0.13296918440424452,1.0786301733912043,0.08353227943636624,0.561415109122396,-0.02454943914793964,0.09000117304571391,0.09000117304571391,0.0,0.0028286816153342623,-0.2262990649832708,-0.019358113169288732,0.00036947141525356874,0.20638255064270977,-4.709793369714447,0,0.8054269950082983
32.01119999999647,-1.9983212031074244,0.19703259789051575,1.17749632473122,-0.0022424419117720432,0.5138055869905689,0.021663976741367302,-2.47962379068649,-0.12935642105009187,0.8275095238510679,-0.04262081599142678,0.332772844041202,0.08943546796061526,-2.305729544104291,-0.1304701994021465,0.9532537358696996,0.020713042660263043,0.4469065519060659,0.032617817486307425,0.09000117304571391,0.09000117304571391,0.0,0.002813274244816537,-0.2262905846504496,-0.019283752804956422,0.0003673583372896277,0.20595320912815498,-4.709801770795967,0,0.8032844344378044
32.01535999999647,-1.9983304954157293,0.19916898554225504,1.17758623373232,-0.002230153993137055,0.5127330364174265,0.02157816026399131,-2.126023301208017,-0.1556975388584686,1.161707339671331,0.09619164960578483,0.4570138865149045,0.05893249408677803,-2.2156750210751026,-0.1421330152307081,1.0576055482762745,0.05841469521470074,0.4517408649106499,0.045305144682892096,0.09000117304571391,0.09000117304571391,0.0,0.0027979513315082097,-0.22627843349383736,-0.019209663793068293,0.0003652566608838494,0.2055240211012141,-4.709810132352937,0,0.8011463523484832
32.01951999999647,-1.9983397368049827,0.20130090595495742,1.1776757865573866,-0.0022179334208365176,0.5116608990485687,0.021492678016012616,-1.4590662898311062,0.04547312118932334,1.389015375030824,0.07720671203248258,0.4149947150488228,0.1232715021711715,-1.8372043047628899,-0.04746386681571989,1.223568017939795,0.06758417229455464,0.4326053661810152,0.0848429741557486,0.09000117304571391,0.09000117304571391,0.0,0.002782712407579043,-0.22626264283110242,-0.019135845313139582,0.00036316634343836905,0.205094992525041,-4.709818454712081,0,0.7990127469621995
32.02367999999647,-1.9983489275542468,0.20342836091130465,1.1777649845938603,-0.002205779823378752,0.5105891895233365,0.02140752875368217,-1.9497449190382508,0.247710682993953,1.315104141805617,0.08564691569608288,0.7186464817058171,-0.07539480621107802,-1.8932963022460512,0.10162020054804442,1.2691798239201388,0.07615563820999188,0.5756253068667488,0.004771589657903426,0.09000117304571391,0.09000117304571391,0.0,0.0027675570081349653,-0.2262432437705607,-0.019062296544725105,0.000361087342088735,0.2046661293084142,-4.709826738196101,0,0.796883616440182
32.027839999996466,-1.998358067941044,0.20555135225441706,1.177853829224015,-0.0021936928313361827,0.5095179223469837,0.021322711237128908,-1.981210142129287,-0.18207839996824216,0.9086776134127172,0.03924012351561921,0.581677276803906,0.022577034780027396,-1.9371713989000632,-0.03901833885208722,1.0889738079052367,0.05730588479429406,0.5772688662168943,0.013359535550144627,0.09000117304571391,0.09000117304571391,0.0,0.002752484670478574,-0.2262202672122704,-0.01898901666703956,0.00035901961371499774,0.2042374373061149,-4.709834983123735,0,0.7947589588835793
32.031999999996465,-1.9983671582413662,0.20766988188729876,1.177942321824975,-0.0021816720773355338,0.5084471118916101,0.021238224230360418,-2.0733163912302928,0.34128169029441024,1.3725028060468936,-0.051797847004598205,0.3952870965131009,0.05155577686546038,-2.0053524581682063,0.15195829472418196,1.2308479415580025,0.0026996534997209627,0.48543748403745896,0.03225514680998823,0.09000117304571391,0.09000117304571391,0.0,0.0027374949347587565,-0.22619374384966762,-0.01891600485943315,0.00035696311495334303,0.20380892231930223,-4.709843189809816,0,0.7926387723340115
32.036159999996464,-1.998376198729683,0.20978395177228662,1.1780304637687302,-0.002169717196045323,0.5073767723970881,0.021154066501261684,-1.8379992189087493,0.06243756872783726,0.5838645476295125,0.08141645488983355,0.4469268099848804,0.04131301276929185,-1.9215063274917177,0.10812768099503269,0.9074383330322481,0.042535711266865825,0.46580910891673516,0.036453726450070605,0.09000117304571391,0.09000117304571391,0.0,0.002722587343551891,-0.22616370417029485,-0.018843260301654424,0.0003549178022066996,0.20338059009588638,-4.709851358565328,0,0.7905230547741201
32.04031999999646,-1.9983851896789504,0.21189356393050324,1.1781182564221535,-0.002157827824165102,0.5063069179719849,0.02107023682159265,-1.4906779259238194,-0.4582933314036241,0.9743753176674823,-0.019256331043274517,0.44119225818854857,-0.08251227939484179,-1.706129095432122,-0.17416767908651695,0.9407345102070817,0.011610385728919892,0.45280860892236124,-0.022463702755108995,0.09000117304571391,0.09000117304571391,0.0,0.0027077614420840156,-0.22613017845776318,-0.018770782173471154,0.0003528836316554211,0.2029524463308992,-4.709859489697463,0,0.7884118041281113
32.04447999999646,-1.9983941313606188,0.21399872044131354,1.178205701147016,-0.00214600360041377,0.5052375625944762,0.0209867339669874,-2.4954428912532025,0.3469900619354238,1.6396216320755501,0.03883864724779769,0.5079771608920518,-0.009911857676128625,-2.100709600577321,0.08747273065668924,1.2901615195001337,0.02467811888025392,0.47975718297234216,-0.015791546857404824,0.09000117304571391,0.09000117304571391,0.0,0.0026930167781325128,-0.22609319679238304,-0.018698569654932537,0.0003508605592678781,0.2025244966668625,-4.709867583509677,0,0.7863050182622979
32.04863999999646,-1.9984030240446418,0.21609942344178545,1.1782927993000032,-0.002134244165518305,0.5041687201132566,0.020903556716952182,-1.7360467402870408,0.46999615568608616,0.7009691147317345,-0.04873469036194445,0.6114659472028281,-0.08725536832595072,-1.9184787174887072,0.2800089930250673,0.9953808117836239,-0.0111907570070267,0.545583047311268,-0.05205076760040691,0.09000117304571391,0.09000117304571391,0.0,0.0026783529018205967,-0.22605278905329396,-0.018626621926203624,0.0003488485408105129,0.20209674669415392,-4.709875640301745,0,0.7842026949856352
32.05279999999646,-1.9984118679994842,0.21819567512615395,1.1783795522327318,-0.0021225491622033467,0.5031004042484412,0.020820703854864134,-1.8251485553445113,0.3260024434017659,0.8576610314211126,0.05899022760689411,0.45594658823015066,0.029050326850623198,-1.87168995691595,0.30395482996271755,0.9265796994042708,0.023737304708591533,0.5005617357234505,-0.01117731541070739,0.09000117304571391,0.09000117304571391,0.0,0.002663769366053205,-0.22600898491872878,-0.018554938168041615,0.0003468475318580382,0.20166920195137014,-4.709883660369814,0,0.7821048320502555
32.05695999999646,-1.9984206634921309,0.22028747774528923,1.178465961291765,-0.002110918235178967,0.5020326285924642,0.020738174167968037,-1.4448165432259366,-0.17129573013429272,1.3662427658106686,-0.02226492781662841,0.40880106226319957,0.05936620258931467,-1.6582956413731014,0.06717735501257774,1.1465374190921884,0.00029096338096184994,0.4542851232613229,0.024267851281196767,0.09000117304571391,0.09000117304571391,0.0,0.0026492657260979843,-0.22596181386799086,-0.018483517560988497,0.00034485748780312836,0.2012418679256882,-4.709891644006458,0,0.7800114271519973
32.06111999999646,-1.998429410788094,0.22237483360616828,1.178552027818629,-0.0020993510311301906,0.5009654066109706,0.020655966447376356,-2.01524168686643,0.26646360434419636,0.9771894500513019,-0.15513198849621013,0.5347082085414753,0.15500740170721944,-1.837093411669947,0.16793746401185455,1.0621876784253623,-0.07761261253292762,0.49285074723536965,0.08817810230430238,0.09000117304571391,0.09000117304571391,0.0,0.002634841539593284,-0.2259113051826337,-0.018412359286702665,0.00034287836386591203,0.20081475005322436,-4.709899591500725,0,0.7779224779309311
32.065279999996456,-1.998438110151422,0.22445774507135036,1.1786377531498293,-0.002087847198706483,0.49989875164370023,0.020574079488063755,-2.1797796392220814,-0.1742019279490683,0.8284125686355819,0.02463950835585603,0.6494171127725652,0.10654928996438603,-2.0083876476351894,-0.0017834272728700865,0.9455206798047253,-0.026505737854499816,0.5709170928829005,0.09708714931867411,0.09000117304571391,0.09000117304571391,0.0,0.002620496366770095,-0.22585748794732385,-0.018341462526724542,0.0003409101151036817,0.20038785371939005,-4.709907503138196,0,0.7758379819718814
32.069439999996455,-1.9984467618447075,0.22653621455845607,1.1787231386168662,-0.002076406388510313,0.49883267690536987,0.02049251208886676,-2.1298237370605784,0.08590389772749779,1.2624770043770976,0.06770205507463482,0.7193461773016557,0.2035990758216395,-2.0689663447700446,0.043557975854156585,1.104424273489212,0.020890719978965317,0.6446855716785531,0.15046451226238183,0.09000117304571391,0.09000117304571391,0.0,0.002606229770460493,-0.22580039105161565,-0.018270826462951556,0.00033895269641978415,0.19996118425924667,-4.70991537920103,0,0.7737579368049461
32.07359999999645,-1.9984553661290954,0.22861024453965,1.1788081855462516,-0.0020650282530856857,0.4977671954865457,0.02041126305248139,-1.897160106524547,0.17748461279554362,1.4525008454810124,-0.007877864887647884,0.34007733794731,0.0007948075407238804,-1.9830782726641314,0.1112295726145799,1.2784670728191891,0.006442633659167054,0.49240567036842736,0.0754351235212224,0.09000117304571391,0.09000117304571391,0.0,0.0025920413155712,-0.22574004319060792,-0.01820045027854278,0.00033700606257259976,0.19953474695785683,-4.709923219968015,0,0.7716823399060107
32.07775999999645,-1.998463923264291,0.23067983754112714,1.1788928952595243,-0.0020537124469088676,0.4967023203545134,0.02033033118545702,-1.9125175501774205,0.04054494968601016,1.2012279477059362,-0.04370128812915588,0.5138858434061125,0.10981378890837792,-1.9478892622815378,0.07695615096552783,1.2400748374926462,-0.018170668619689925,0.5028958689029251,0.0928827617947272,0.09000117304571391,0.09000117304571391,0.0,0.0025779305698397327,-0.2256764728666717,-0.01813033315625616,0.00033507016818452835,0.1991085470506343,-4.709931025714618,0,0.7696111886972602
32.08191999999645,-1.9984724335085675,0.23274499614260272,1.1789772690732667,-0.002042458626375967,0.49563806435414015,0.020249715298197198,-1.4930082280076404,0.7721145827904756,0.45028576141113374,-0.007682705793362848,0.6509396399174185,-0.04363444126440325,-1.720461726261409,0.4258951016015061,0.8450839338037884,-0.012838722573829123,0.5764587655498573,0.02467171995538477,0.09000117304571391,0.09000117304571391,0.0,0.0025638971030944677,-0.22560970839043537,-0.018060474279778888,0.00033314496775041014,0.19868258972369107,-4.709938796713033,0,0.7675444805476868
32.08607999999645,-1.998480897118775,0.23480572297680577,1.1790613082991206,-0.002031266449793595,0.49457444020873215,0.02016941420495481,-2.0596793569852325,-0.03631074057741571,1.3061548543599664,-0.0017100507085673095,0.5541408736812568,0.12664929640770256,-1.8900754529578143,0.1959424655037487,1.075885764825849,-0.0077651644573302255,0.5648577308066989,0.07578979191099734,0.09000117304571391,0.09000117304571391,0.0,0.0025499404877968356,-0.2255397778821464,-0.017990872833776678,0.0003312304156459856,0.19825688011418247,-4.709946533232226,0,0.7654822127735935
32.09023999999645,-1.9984893143503475,0.23686202072897614,1.1791450142438031,-0.002020135577367272,0.4935114605208859,0.020089426723827138,-1.490845267761412,0.4227966516169092,1.0983147827311197,-0.1343360888630151,0.47870190121016726,-0.03500674456021134,-1.6907377597806703,0.310368722977659,1.0870270711026355,-0.07066849612872045,0.5208760709801885,0.020661445598055005,0.09000117304571391,0.09000117304571391,0.0,0.002536060298621865,-0.22546670927239487,-0.017921528003086357,0.0003293264661361591,0.19783142331064976,-4.709954235537987,0,0.7634243826390961
32.09439999999645,-1.9984976854573109,0.23891389213636505,1.179228388209123,-0.0020090656711915854,0.4924491377733359,0.0200097516767542,-1.7141955454289284,-0.37710600372495917,1.020250566473686,0.021736398348371388,0.4913691252384117,0.29200387379341275,-1.7024207587049751,-0.032349154635610874,1.0542447166789102,-0.024879216630899134,0.5050364202497847,0.15679344065154474,0.09000117304571391,0.09000117304571391,0.0,0.002522256112786653,-0.22539053030412415,-0.017852438973405035,0.00032743307338286984,0.19740622435336097,-4.70996190389297,0,0.7613709873566189
32.098559999996446,-1.998506010692291,0.2409613399877392,1.179311431491996,-0.001998056395238975,0.4913874843297935,0.01993038788951424,-2.056886413861834,0.33181459233507093,1.3369671462826993,0.10126463490629366,0.5034705050142539,0.0689183261586016,-1.8794459191269595,0.15078256053317804,1.1957502096057075,0.03841542365060675,0.504210548083125,0.11336558470245982,0.09000117304571391,0.09000117304571391,0.0,0.002508527509630684,-0.22531126853298822,-0.01778360493069618,0.0003255501914530807,0.196981288234649,-4.709969538556742,0,0.7593220240873897
32.102719999996445,-1.9985142903065216,0.24300436712288828,1.1793941453844614,-0.0019871074153502756,0.4903265124357838,0.01985133419172165,-2.0854829970064577,0.15367329961407233,1.0150007335255868,-0.03985162492043864,0.5068017274441078,0.07126215147706715,-1.9825487210737067,0.15328289592308253,1.1055217436246685,-0.0007462481470866626,0.5051151562650559,0.09264658495809223,0.09000117304571391,0.09000117304571391,0.0,0.0024948740712650045,-0.22522895132920795,-0.01771502506252133,0.0003236777743265319,0.19655661989924786,-4.709977139785828,0,0.7572774899419292
32.106879999996444,-1.9985225245498517,0.2450429764321361,1.179476531173698,-0.0019762183992225527,0.48926623421947407,0.01977258941681936,-2.1177250837748933,-0.12295302954612533,1.1203602517072861,-0.044441371262241174,0.39640746767410073,0.16229823559960546,-2.0502303155806167,0.015987836975836698,1.113278755510093,-0.022576346638225046,0.4506140391555396,0.12743025257361143,0.09000117304571391,0.09000117304571391,0.0,0.0024812953816181127,-0.2251436058782028,-0.017646698556377294,0.0003218157759029871,0.19613222424462667,-4.70998470783375,0,0.7552373819805387
32.11103999999644,-1.9985307136707533,0.24707717085585484,1.17955859014204,-0.0019653890164009176,0.4882066616924994,0.01969415240207815,-1.757135878957992,0.17703210198060107,1.284958271125325,-0.02848709007427244,0.41395027662716843,0.036616918479247175,-1.9037415060657703,0.09737351533209478,1.1991973775086295,-0.02495077565971262,0.43160439624913655,0.08130778402796456,0.09000117304571391,0.09000117304571391,0.0,0.002467791027298413,-0.22505525918213398,-0.017578624601026535,0.00031996415000981707,0.19570810612132133,-4.709992242951078,0,0.7532016972137823
32.11519999999644,-1.9985388579163295,0.2491069533839831,1.1796403235669926,-0.00195461893826675,0.48714780675078095,0.019616021988590374,-1.7681620725040625,0.1874733817678547,1.3747447247829434,-0.006423871424672928,0.35076352746537787,0.23272373002094127,-1.8359642856073775,0.14315534005170127,1.2874558279837502,-0.015648324479020637,0.39037983608665683,0.15725136042600846,0.09000117304571391,0.09000117304571391,0.0,0.00245436059717476,-0.22496393806107662,-0.017510802386118074,0.00031812285040900906,0.19528427033326434,-4.709999745385463,0,0.7511704326029673
32.11935999999644,-1.9985469575323211,0.251132327055547,1.179721732721248,-0.0019439078380276695,0.4860896811753394,0.019538197021265274,-1.807300804469683,0.29957294991452343,0.5326456042061188,0.06449663265627324,0.5955615416099189,0.021456436615994702,-1.821500338884178,0.22260603603568355,0.9100906884385213,0.025450679916712553,0.4919738365989691,0.08906189436090764,0.09000117304571391,0.09000117304571391,0.0,0.002441003682170057,-0.22486966915355533,-0.017443231101592918,0.0003162918308042112,0.19486072163811197,-4.710007215381689,0,0.7491435850606222
32.12351999999644,-1.9985550127631158,0.25315329495818495,1.1798028188727014,-0.0019332553907083737,0.48503229663310504,0.01946067634882677,-2.0039253393061998,0.45578952823714564,1.084088022060575,0.1717591268065176,0.41450144564627633,-0.044301010576836664,-1.912356321918349,0.3400618051993765,0.9969976291665075,0.0983360285160822,0.45312699390659783,0.02277307585286174,0.09000117304571391,0.09000117304571391,0.0,0.0024277198759102073,-0.22477247891873742,-0.01737590993880099,0.0003144710448478525,0.19443746474756995,-4.710014653181708,0,0.7471211514509675
32.12767999999644,-1.9985630238517538,0.25516986022767546,1.1798835832844674,-0.001922661273138767,0.48397566467771863,0.019383458823806564,-1.9113971602494553,0.6095860981441952,1.5771329599996429,0.01971553884557979,0.5499008877512715,-0.09434355483384169,-1.9118359952119846,0.4759694711796316,1.2868730229774121,0.0591599611982273,0.5015771445388547,-0.03573002348772441,0.09000117304571391,0.09000117304571391,0.0,0.002414508773876757,-0.22467239363660185,-0.017308838089907755,0.0003126604461473048,0.1940145043277165,-4.710022059024679,0,0.7451031285903879
32.13183999999644,-1.998570991039937,0.2571820260474685,1.1799640272148946,-0.0019121251639456303,0.48291979675033103,0.01930654330253973,-2.3844763766323864,1.1327787727816785,0.9557736240677297,-0.13538155075068187,0.39884901295193026,-0.017202812256797814,-2.148442278774952,0.8052073497086844,1.1212840543157694,-0.037523325146629385,0.4506825174495178,-0.025904545351330986,0.09000117304571391,0.09000117304571391,0.0,0.002401369974162379,-0.22456943940944463,-0.017242014747727463,0.00031085998827184996,0.19359184499932353,-4.710029433147013,0,0.7430895132478976
32.135999999996436,-1.998578914568035,0.25918979564822014,1.1800441519175828,-0.0019016467435411378,0.48186470418039584,0.019229928645160974,-1.9933910027669943,0.05849004575361513,1.0995844899068827,0.1713203034065533,0.4123023969127834,0.10478278104552692,-2.0705589322039586,0.4327033167756313,1.1106517383636378,0.06674935882039883,0.4304047560133531,0.03958800803389515,0.09000117304571391,0.09000117304571391,0.0,0.0023883030767302654,-0.22446364216344283,-0.017175439106840606,0.0003090696247587051,0.19316949133817582,-4.710036775782409,0,0.7410803021456038
32.140159999996435,-1.998586794675094,0.26119317230733036,1.1801239586413979,-0.0018912256941144667,0.48081039818645543,0.019153613715596225,-1.4417187596371948,0.23183966030996198,1.3116504478069175,0.11859021085187627,0.5470838908191271,-0.06801235307510523,-1.7558864619289802,0.33340944531154976,1.211010221532694,0.09203200021440751,0.48804265182792783,-0.013813729747382224,0.09000117304571391,0.09000117304571391,0.0,0.0023753076841696117,-0.22435502764883197,-0.017109110361716307,0.00030728930911977294,0.19274744787538764,-4.7100440871618945,0,0.7390754919591673
32.14431999999643,-1.9985946315988423,0.2631921593484842,1.1802034486304878,-0.0018808616996202592,0.4797568898769253,0.01907759738156206,-2.13328937700573,0.16207605886687682,1.2436495825268752,0.026246897057289813,0.3837373106793713,-0.021695029354235895,-1.9445360802615554,0.2485394969506136,1.2272851895283303,0.05919785072024359,0.4360018012007425,-0.017842414035628067,0.09000117304571391,0.09000117304571391,0.0,0.002362383400955011,-0.22424362144168908,-0.017043027708683836,0.00030551899484715535,0.19232571909771795,-4.710051367513862,0,0.7370750793182591
32.14847999999643,-1.9986024255756998,0.2651867601411962,1.1802826231242984,-0.0018705544457701736,0.47870419025087074,0.01900187851455689,-1.253541397963317,0.5367360100886407,1.165281920210399,0.018355133493304646,0.4775601846321605,-0.14567321872283395,-1.5989959355476493,0.3936347596721377,1.1959793539571821,0.03887998747118357,0.4559713830194083,-0.08137891518933714,0.09000117304571391,0.09000117304571391,0.0,0.0023495298340949597,-0.224129448944972,-0.016977190344697565,0.00030375863541950065,0.19190430944788328,-4.7100586170641074,0,0.735079060807014
32.15263999999643,-1.9986101768407831,0.2671769781003578,1.1803614833575895,-0.0018603036200217327,0.4776523101987789,0.01892645598985727,-1.4883820222740596,0.08584898091882984,1.2647091734663802,-0.0352634209229409,0.3034857958384513,0.00750572228449883,-1.5437606383099887,0.24037317009147174,1.230359817082912,0.0013737968686421678,0.37867478177981767,-0.03668299323507712,0.09000117304571391,0.09000117304571391,0.0,0.0023367465923910345,-0.2240125353896153,-0.01691159746802544,0.00030200818430751823,0.19148322332486845,-4.7100658360358665,0,0.7330874329644804
32.15679999999643,-1.9986178856279146,0.2691628166857883,1.1804400305604499,-0.0018501089115702655,0.4766012605033254,0.018851328686511362,-2.8555019364232597,0.7957270854117005,1.2964585357121958,-0.02710936681818524,0.5306121642870574,-0.054653371294840006,-2.1996959046246927,0.5191579526042303,1.2632959105936061,-0.013321953752686726,0.4544986758283251,-0.04564255411229494,0.09000117304571391,0.09000117304571391,0.0,0.002324033287300123,-0.22389290583504018,-0.01684624827786857,0.00030026759498001334,0.19106246508423513,-4.710073024649852,0,0.7311001922850687
32.16095999999643,-1.9986255521696286,0.27114427940178887,1.1805182659583138,-0.0018399700113372543,0.4755510518401387,0.01877649548733397,-1.7310937675687386,0.28669946124789153,0.6191371708683753,-0.09342422177841436,0.5107222908417903,-0.009944367558832948,-1.9655863575638366,0.40399149051787164,0.9411935878731454,-0.05313675492999036,0.4815862027482277,-0.02887216200521673,0.09000117304571391,0.09000117304571391,0.0,0.0023113895320868464,-0.22377058517132598,-0.016781141974836225,0.0002985368209089288,0.19064203903842922,-4.710080183124289,0,0.7291173352189941
32.16511999999643,-1.9986331766971783,0.2731213697966995,1.1805961907719758,-0.0018298866119622178,0.47450169477855464,0.018701955278899562,-1.8899489349078191,0.7565586692056399,1.3342810321122984,-0.029976547582216267,0.533267683201827,-0.20647111691580575,-1.9278289557403179,0.5813877703305039,1.1373096323329748,-0.041804115347744496,0.5069225421844914,-0.11719176077672329,0.09000117304571391,0.09000117304571391,0.0,0.0022988149422578956,-0.2236455981190858,-0.01671627776013712,0.000296815815575086,0.19022194945708495,-4.710087311674948,0,0.7271388581727188
32.16927999999643,-1.9986407594405442,0.2750940914624594,1.1806738062176072,-0.0018198584077927873,0.47345319978237144,0.018627706951538665,-1.9306845796555447,0.6398491578760087,1.0299550742106849,-0.17484496699686292,0.45380389337195987,-0.1257724325052775,-1.929620679676807,0.6115650265714524,1.0833718712326375,-0.10821045754727532,0.47928257007210856,-0.12238175770220946,0.09000117304571391,0.09000117304571391,0.0,0.002286309135676333,-0.22351796923164324,-0.016651654836909738,0.0002951045324733804,0.18980220056732822,-4.710094410515183,0,0.7251647575093886
32.173439999996425,-1.9986483006284395,0.2770624480341702,1.180751113506771,-0.0018098850948743061,0.4724055772105948,0.01855374939932875,-2.734920961677848,0.15163058180942415,1.3432234146130022,-0.060308446274913406,0.5306624197747095,0.10002103409214488,-2.332401618116969,0.38270067429161525,1.2135077162793204,-0.08439592590786844,0.5038507308412855,-0.011297593455707473,0.09000117304571391,0.09000117304571391,0.0,0.0022738717319272968,-0.22338772289512898,-0.0165872724085582,0.00029340292511784215,0.18938279655407714,-4.710101479855966,0,0.7231950295492685
32.177599999996424,-1.9986558004883184,0.27902644318966263,1.180828113846438,-0.0017999663709420775,0.4713588373181821,0.01848008152009197,-1.366321100786139,0.17569844597062786,1.2684669804626594,-0.016314655664923516,0.5344981260752388,-0.07397664942967543,-1.8493891805152374,0.2803098444291318,1.2408348750330793,-0.0500484541298063,0.5191761937929041,-0.04311941171590228,0.09000117304571391,0.09000117304571391,0.0,0.002261502353180012,-0.22325488333028964,-0.016523129680723878,0.0002917109470467147,0.18896374156034096,-4.710108519905916,0,0.7212296705701735
32.18175999999642,-1.9986632592463827,0.2809860806490659,1.1809048084390021,-0.0017901019354100197,0.4703129902567793,0.018406702215384724,-2.4358054347590725,0.10918662805473847,0.6053420516861693,-0.05304356092691583,0.5073645559923619,-0.010002243194773903,-2.1427123038855242,0.195803445133139,0.9230638713114111,-0.05127474565351754,0.5127408553275794,-0.026879904518009774,0.09000117304571391,0.09000117304571391,0.0,0.0022492006234469636,-0.22311947459291026,-0.016459225859407678,0.0002900285518273073,0.18854503968751696,-4.7101155308713345,0,0.7192686768078985
32.18591999999642,-1.9986706771275884,0.28294136417438026,1.1809811984822958,-0.001780291489362413,0.46926804607545464,0.01833361039049504,-1.9247164391533345,0.5430909242561293,1.1371522016645246,-0.09516014934366478,0.401113221060311,-0.06478352455068496,-2.0339110408349463,0.3702854100703808,1.029973211656393,-0.07308750676441131,0.4562170541255686,-0.045071938046476454,0.09000117304571391,0.09000117304571391,0.0,0.0022369661688042856,-0.22298152057557674,-0.016395560152299177,0.0002883556930607428,0.1881266949956856,-4.710122512956241,0,0.7173120444566421
32.19007999999642,-1.9986780543556533,0.2848922975690529,1.181057285169606,-0.0017705347355447287,0.46822401472142516,0.01826080495443438,-2.1983075810035237,0.7223568949045853,1.049380397226809,0.032243318667609704,0.2790413284568949,0.08194246242194239,-2.1160421049980944,0.5469045816298522,1.039847613376753,-0.021049652852976625,0.3673675638831822,0.018314042882473423,0.09000117304571391,0.09000117304571391,0.0,0.0022247986176125918,-0.2228410450077839,-0.016332131768610286,0.00028669232438670127,0.18770871150390328,-4.710129466362401,0,0.7153597696694302
32.19423999999642,-1.998685391153063,0.28683888467755614,1.181133069689689,-0.0017608313783535408,0.4671809060407824,0.01818828481993018,-2.3740209944745754,0.4713688560205886,1.042912932340784,-0.15055577716888408,0.5417733545679193,0.07233528235586795,-2.2453464685927194,0.5102636353411316,1.0415304855886967,-0.08581269065968455,0.45428413032966514,0.04544814747078274,0.09000117304571391,0.09000117304571391,0.0,0.0022126976000964075,-0.22269807145797038,-0.01626893991805177,0.00028503839948778816,0.18729109319049378,-4.7101363912893595,0,0.7134118485585355
32.19839999999642,-1.998692687741079,0.2887811293849695,1.1812085532267864,-0.0017511811238281928,0.46613872977920867,0.018116048903422593,-1.92885210972445,0.5883447500679373,1.0923864183508214,0.01336530458506618,0.5488264627583952,-0.14049236549879845,-2.087070065878727,0.5504467516924764,1.0666658443621706,-0.03584977898886249,0.501323469505313,-0.047152736416197626,0.09000117304571391,0.09000117304571391,0.0,0.002200662748778504,-0.22255262333374037,-0.01620598381259057,0.0002833938720941315,0.1868738439933373,-4.7101432879344705,0,0.7114682771958931
32.20255999999642,-1.9986999443397442,0.2907190356165641,1.1812837369606408,-0.0017415836796406568,0.4650974955826926,0.01804409612505394,-2.439317808369255,0.30748186160398583,1.5825397075464787,0.09660141189703632,0.4178109939940732,0.27529831272643895,-2.262996396511473,0.4298336789961481,1.3251789975907207,0.030810992010322627,0.4585927317636469,0.1140524719616242,0.09000117304571391,0.09000117304571391,0.0,0.0021886936979523567,-0.2224047238831558,-0.016143262664999866,0.0002817586959875417,0.18645696781015791,-4.71015015649293,0,0.7095290516135158
32.206719999996416,-1.9987071611678904,0.29265260733739007,1.1813586220665102,-0.0017320387550875927,0.46405721299823816,0.01797242540866418,-2.065758252435619,-0.45442687365272805,0.877404293037074,0.09763305468058049,0.361023719075101,-0.05643667075408788,-2.164173374474838,-0.011550584956181676,1.1011712118647277,0.0644601299402787,0.4091984455158232,0.028777227221448456,0.09000117304571391,0.09000117304571391,0.0,0.0021767900843302065,-0.22225439619603304,-0.01608077568933207,0.00028013282500587497,0.18604046849880906,-4.710156997157806,0,0.7075941678039027
32.210879999996415,-1.998714338443145,0.2945818485518674,1.1814332097151843,-0.0017225460610797085,0.4630178914745686,0.017901035681784434,-1.208400805530796,0.3856756243810964,0.8723996095951493,-0.027666831739627057,0.4096428191815895,-0.1750500091968018,-1.6863386319962395,0.1879187803890516,0.9864196244672854,0.018731338254304817,0.40873014423618964,-0.07308174928235778,0.09000117304571391,0.09000117304571391,0.0,0.0021649515463017907,-0.22210166320444003,-0.016018522101393137,0.00027851621304677415,0.1856243498775571,-4.710163810120063,0,0.705663621720448
32.215039999996414,-1.9987214763819372,0.2965067633033792,1.1815075010729994,-0.001713105310134214,0.46197954036282735,0.01782992587562847,-1.9020421041445132,0.32231094919184256,1.3169050931494488,0.0425679805532441,0.5221227183717778,-0.019116763068693976,-1.7941048293941109,0.2562039485369145,1.1516239507051473,0.031365592692711525,0.46438860412452526,-0.04564189398030792,0.09000117304571391,0.09000117304571391,0.0,0.0021531777243682343,-0.22194654768405098,-0.01595650111814735,0.000276908814071944,0.1852086157253631,-4.7101705955685995,0,0.7037374092778461
32.21919999999641,-1.9987285751995054,0.29842735567386786,1.181581497301854,-0.0017037162163654669,0.4609421689172729,0.01775909492508673,-1.6383609679922437,0.7526742845743528,1.505476270750062,-0.06065653792335368,0.34767227688226787,-0.021405694249260237,-1.7163569413470983,0.5051672573431616,1.3285075606668417,-0.015135502421189145,0.4053077441389046,-0.03328352384860424,0.09000117304571391,0.09000117304571391,0.0,0.002141468261148933,-0.2217890722549709,-0.015894711957976787,0.00027531058211098395,0.18479326978216282,-4.71017735369027,0,0.7018155263524927
32.22335999999641,-1.9987356351099033,0.3003436297834344,1.1816551995592235,-0.0016943784954755925,0.45990578629597023,0.01768854176871919,-1.372813392639629,0.6693213488847453,1.4038049533967065,-0.18126794179382835,0.5031929021047133,-0.067626017156252,-1.5449614290731104,0.5882926679526943,1.3660160674380997,-0.09740541297996953,0.45396056527354167,-0.05042548299228762,0.09000117304571391,0.09000117304571391,0.0,0.0021298228011744896,-0.22162925938266853,-0.015833153840727254,0.00027372147126505757,0.18437831574914482,-4.7101840846699154,0,0.6998979687828842
32.22751999999641,-1.9987426563260065,0.30225558978994055,1.1817286089981767,-0.0016850918647459692,0.4588704015614774,0.017618265348748097,-2.248720632830171,0.4597348005060854,1.4519935602010472,-0.04833405002613478,0.4883715807927606,0.05931302528097607,-1.896947028419686,0.5250292361484119,1.4091275325000145,-0.07261345709380339,0.4708740081928085,0.005038907426912376,0.09000117304571391,0.09000117304571391,0.0,0.002118240991000126,-0.22146713137950114,-0.015771825987968474,0.0002721414357107163,0.1839637572890267,-4.710190788690394,0,0.6979847323700138
32.23167999999641,-1.998749639059519,0.30416323988861355,1.1818017267673895,-0.0016758560430282436,0.45783602368152576,0.017548264611049608,-1.857186447392755,0.16906852554396115,1.0393113503032572,0.009921265958525353,0.5108284479310664,-0.14893821241286936,-1.8770451281318958,0.34811011249401946,1.2239079382278069,-0.03168585036128805,0.4902648498652675,-0.07235897244644937,0.09000117304571391,0.09000117304571391,0.0,0.002106722478998398,-0.2213027104044777,-0.01571072762218395,0.00027057042970336196,0.18354959802632942,-4.710197465932604,0,0.696075812877765
32.23583999999641,-1.9987565835209804,0.30606658431165396,1.181874554011161,-0.0016666707507362118,0.45680266152970056,0.017478538505148737,-2.015788332400613,0.3565232917106528,1.4560133028052178,-0.07152818134455331,0.364623136383767,-0.012512129177051731,-1.946566611010085,0.3530766661243926,1.3399361544654882,-0.05154034418197386,0.4267309492540669,-0.04240796220086404,0.09000117304571391,0.09000117304571391,0.0,0.0020952669159002807,-0.22113601846564368,-0.015649857967671738,0.0002690084075808447,0.18313584154765045,-4.710204116575513,0,0.6941712060333024
32.23999999999641,-1.9987634899197715,0.3079656273278461,1.1819470918694286,-0.0016575357098354473,0.4557703238861112,0.017409085984210607,-1.8981669617323536,0.4983027791948795,1.6130949658571592,-0.03640658177553938,0.4659672584588901,-0.018105235723633407,-1.9224428835206238,0.42665985533215606,1.4764800110049323,-0.04363246219087086,0.44638596346093995,-0.03035325502923788,0.09000117304571391,0.09000117304571391,0.0,0.002083873953946705,-0.22096707742027843,-0.015589216250162616,0.0002674553237665819,0.18272249140193417,-4.710210740796185,0,0.6922709075274583
32.244159999996405,-1.9987703584641208,0.30986037324217136,1.1820193414777829,-0.001648450643836468,0.4547390194380604,0.017339906005033268,-2.5435832249871972,0.16815839168712307,1.0360524498048744,-0.042770068848017394,0.5063607232391529,-0.046092205274026146,-2.233107293868206,0.2984613684068418,1.2561681158330298,-0.04275284594410479,0.47596647079803794,-0.03862454903788015,0.09000117304571391,0.09000117304571391,0.0,0.002072543247428979,-0.2207959089754684,-0.015528801697079583,0.0002659111327731259,0.18230955110074118,-4.710217338769807,0,0.6903749130151199
32.248319999996404,-1.9987771893611115,0.31175082639542434,1.182091303967483,-0.0016394152777856527,0.4537087567807103,0.01727099752803944,-2.101658623593366,0.495489059204302,1.4705939668888581,-4.522085259950218e-06,0.36900801437426495,0.15784121862841188,-2.167382535271691,0.3977459060834111,1.3637102366022087,-0.0211472779141896,0.42163451728212065,0.0598892375611645,0.09000117304571391,0.09000117304571391,0.0,0.0020612744528024215,-0.22062253469007287,-0.015468613537155548,0.00026437578920532584,0.18189702411851588,-4.710223910669711,0,0.6884832181156089
32.2524799999964,-1.9987839828166876,0.3136369911638316,1.1821629804654716,-0.0016304293382556872,0.45267954441774055,0.017202359517269818,-1.8094175792269833,0.468243205082162,0.994383771175797,0.006863630081857439,0.5096500503989245,0.057207133093922044,-1.988383386124848,0.4340555533273937,1.179163054427168,-0.007090781367861143,0.4654216348230117,0.05871870638666182,0.09000117304571391,0.09000117304571391,0.0,0.002050067228265353,-0.22044697597503637,-0.015408651000906215,0.0002628492477631783,0.18148491389285193,-4.710230456667404,0,0.6865958184130627
32.2566399999964,-1.9987907390356598,0.3155188719586733,1.1822343720943898,-0.0016214925533377654,0.4516513907620037,0.017133990940374422,-2.4330407470032367,0.7669909930500822,0.3767419659936003,0.14805886129006385,0.49281030437244594,-0.14788490080174,-2.210406443488678,0.6015515801474026,0.7776397123317279,0.07010077154798022,0.4786592678435011,-0.04476862624813337,0.09000117304571391,0.09000117304571391,0.0,0.00203892123387206,-0.22026925409407683,-0.015348913319819413,0.0002613314632451773,0.18107322382475594,-4.71023697693259,0,0.6847127094568113
32.2607999999964,-1.9987974582217125,0.31739647322590736,1.1823054799725923,-0.0016126046526333242,0.45062430413617854,0.017065890768607313,-1.8081195599418702,0.6591026350854424,1.416826684047691,0.05826201184398173,0.4159997182759898,-0.12911519944566094,-2.0091396928981613,0.6311948314476612,1.0969693249654544,0.06451367156642351,0.4463459518773994,-0.08703745769342126,0.09000117304571391,0.09000117304571391,0.0,0.00202783613164599,-0.22008939016539308,-0.015289399727897543,0.000259822390551158,0.18066195727891007,-4.7102434716331985,0,0.6828338867617498
32.2649599999964,-1.9988041405774093,0.3192697994457966,1.1823763052141623,-0.001603765367245308,0.44959829277341484,0.016998057976814897,-1.9565187483016433,0.4328235285094044,0.9787301265254827,0.08189620004957045,0.4447839922324585,0.0341678618498928,-1.9826573951537334,0.5329340195232548,1.037920678533371,0.07266743980474308,0.44504101260553863,-0.026784913590510762,0.09000117304571391,0.09000117304571391,0.0,0.0020168115854792153,-0.21990740516177087,-0.015230109459778096,0.00025832198468502253,0.18025111758393209,-4.710249940935403,0,0.680959345808712
32.2691199999964,-1.9988107863042,0.32113885513253815,1.1824468489289266,-0.0015949744297698535,0.44857336481797805,0.01693049154343202,-1.8748993681421795,0.7710031900599977,0.933445862238572,-0.12586108239756233,0.4338849044291764,-0.09664266379430639,-1.9290408003224382,0.6528735599370706,0.9854818033199233,-0.025918002515868455,0.4390687660234411,-0.06184295402261811,0.09000117304571391,0.09000117304571391,0.0,0.0020058472612456244,-0.21972331991213478,-0.015171041752488873,0.000256830200757792,0.1798407080326344,-4.71025638500365,0,0.6790890820448369
32.2732799999964,-1.9988173956024262,0.323003644833896,1.1825171122224702,-0.0015862315742875065,0.44754952832588674,0.016863190450470796,-2.5749485065949425,0.7411967300636986,1.0034877220523901,0.02916645166569632,0.49607587113088736,0.1541533194222738,-2.2519373405420344,0.6980683990739364,0.9948046782563172,0.0010594293712914236,0.46717791232149486,0.046547593206491295,0.09000117304571391,0.09000117304571391,0.0,0.001994942826593413,-0.2195371551020876,-0.015112195843996146,0.0002553469939899134,0.179430731882281,-4.710262804000679,0,0.6772230908839365
32.277439999996396,-1.9988239686713276,0.32486417313083576,1.1825870961961515,-0.001577536536355305,0.44652679126554745,0.016796153683515423,-1.7260279614093461,0.3866935614935169,1.364864257947127,-0.1116965498663003,0.3443225206390397,0.17266688071558137,-1.989212057406172,0.5430958509198577,1.180196262897862,-0.054945474787012005,0.40534039500276503,0.10956876621182587,0.09000117304571391,0.09000117304571391,0.0,0.0019840979508441055,-0.21934893127493338,-0.01505357097431817,0.0002538723197141505,0.17902119235484276,-4.710269198087548,0,0.6753613677068584
32.281599999996395,-1.9988305057090485,0.3267204446371624,1.182656801947117,-0.0015688890529992861,0.44550516151838515,0.0167293802317124,-2.958318166062379,0.21963893453227634,1.2529646474251457,0.22189429404871,0.3493683596219078,0.03290207339353534,-2.473310325884411,0.3820939612985087,1.2166493555185578,0.08344059404699238,0.3763213023491828,0.07126157569145712,0.09000117304571391,0.09000117304571391,0.0,0.001973312305640172,-0.219158668832649,-0.014995166385142741,0.00025240613337811774,0.17861209263725122,-4.710275567423657,0,0.6735039078618464
32.285759999996394,-1.998837006912643,0.3285724639991602,1.1827262305683162,-0.0015602888627042955,0.4444846468794689,0.016662869087762322,-2.2788925152520374,0.41155425902678683,1.2850442868879202,-0.07278151588604227,0.4055675411939268,0.0480972091626522,-2.37625116188139,0.3976673434384034,1.250945911774,0.005204090976201904,0.391202948827794,0.06036790341243042,0.09000117304571391,0.09000117304571391,0.0,0.0019625855638823937,-0.2189663880365923,-0.014936981319443501,0.0002509483905465597,0.1782034358816506,-4.710281912166765,0,0.6716507066648998
32.28991999999639,-1.9988434724780824,0.3304202358952357,1.1827953831485158,-0.001551735705408228,0.44346525505813444,0.016596619247913263,-1.3850465766824143,0.19196573281178742,1.6831853074996146,-0.07490552521643287,0.5474190212241501,0.033574567568009736,-1.8807981838073293,0.29595544810185176,1.4671382025922801,-0.03462962080654506,0.4684673405596566,0.047100735928272436,0.09000117304571391,0.09000117304571391,0.0,0.0019519174008044878,-0.21877210900847865,-0.014879015022165792,0.0002494990469040549,0.17779522520564828,-4.7102882324730215,0,0.6698017594001281
32.29407999999639,-1.9988499026002595,0.3322637650355632,1.1828642607723157,-0.001543229322491792,0.4424469936786023,0.016530629711951305,-1.9182943961991041,-0.14774677178192858,1.3185686749936754,0.1094059360783382,0.36229348892947266,0.06444607963721775,-1.8993177884498111,0.07485621289520128,1.3929858487764781,0.036800603647810376,0.4147046001039441,0.05605905630037828,0.09000117304571391,0.09000117304571391,0.0,0.0019413074931244208,-0.2185758517314682,-0.014821266739843575,0.00024805805825694544,0.17738746369256347,-4.710294528496978,0,0.6679570613201044
32.29823999999639,-1.998856297472996,0.33410305616173236,1.1829328645201622,-0.0015347694567718144,0.4414298702805909,0.016464899483192647,-1.4700201965275976,0.31201990605909086,0.9079845433635994,-0.01655707887059283,0.44443350211063354,-0.10225097085751916,-1.6847013024083253,0.19436424641642566,1.1502686512396134,0.010546237296452737,0.4295101010003334,-0.02285887282818421,0.09000117304571391,0.09000117304571391,0.0,0.00193075551937066,-0.2183776360507742,-0.014763735720643406,0.00024662538053580934,0.17698015439167436,-4.710300800391616,0,0.6661166076462156
32.30239999999639,-1.998862657289048,0.33593811404639873,1.1830011954683641,-0.0015263558524931846,0.4404138923199269,0.016399427568475563,-1.853045960327767,0.7100549237113829,0.5250407443306037,0.1992907246629336,0.5039912078444279,-0.004167490699657075,-1.7684604684932967,0.4532616616999991,0.8376417610366953,0.10499201231601897,0.4666588296882254,-0.013565603684708787,0.09000117304571391,0.09000117304571391,0.0,0.0019202611602090898,-0.21817748167443418,-0.01470642121462254,0.00024520096979775935,0.17657330031846352,-4.710307048308368,0,0.6642803935690114
32.30655999999639,-1.9988689822401118,0.33776894349293685,1.1830692546891064,-0.0015179882553194427,0.43939906716915195,0.01633421297815124,-1.7056030910270508,0.7728902894758705,1.2527666418294714,0.07450692124980678,0.6205172075363308,0.06360074884091216,-1.736877175975046,0.6143699099054307,1.0453403158727468,0.09014007167783401,0.5430781060632743,0.024569349235787057,0.09000117304571391,0.09000117304571391,0.0,0.0019098240977008562,-0.2179754081747245,-0.0146493224733453,0.00024378478222821252,0.17616690445486205,-4.710313272397135,0,0.6624484142485486
32.31071999999639,-1.9988752725168297,0.33959554933509567,1.183137043250465,-0.00150966641232646,0.4383854021181231,0.01626925472607625,-2.004352752145923,0.8873195252808612,1.720209485440158,-0.1253132293822249,0.3958796843792439,0.12787800554067377,-1.870876098964139,0.7516711722220344,1.3830453303873675,-0.01823857020551864,0.4689466760682621,0.07634938631317362,0.09000117304571391,0.09000117304571391,0.0,0.0018994440158423428,-0.21777143498840312,-0.014592438750140435,0.00024237677414315825,0.17576096974949165,-4.71031947280631,0,0.6606206648147347
32.314879999996386,-1.9988815283087964,0.3414179364366566,1.1832045622164218,-0.001501390071993873,0.43737290437461185,0.016204551829603904,-2.2159922478136758,0.09246331344585959,1.0125298260295228,-0.015503223698704228,0.5050039436332682,-0.09379179090004691,-2.043470018838165,0.4231147107424828,1.1975899662894334,-0.016301640320045666,0.48616173150831243,-0.008741546701664332,0.09000117304571391,0.09000117304571391,0.0,0.001889120600464414,-0.21756558141780857,-0.014535769299931028,0.0002409769019910551,0.17535549911790532,-4.710325649682795,0,0.6587971403676688
32.319039999996384,-1.9988877498045639,0.34323610969109364,1.1832718126468784,-0.0014931589841969378,0.43636158106489836,0.016140103309576343,-1.8284181517823108,0.8606457188020297,1.253861709125828,0.055240326972845394,0.6252750209051647,0.12312530152504338,-1.9358288897258917,0.6431845510005287,1.225980831874296,0.020045381505387257,0.5553629015048673,0.057903078424686505,0.09000117304571391,0.09000117304571391,0.0,0.0018788535389174885,-0.21735786663201517,-0.014479313379706052,0.0002395851223546909,0.17495049544282681,-4.710331803172024,0,0.6569778359779784
32.32319999999638,-1.998893937191648,0.34505007402123683,1.1833387955976713,-0.0014849729001997019,0.4353514392343604,0.016075908190314667,-2.3046421743614465,0.41511863110548525,0.8549096233156388,0.12054864459546534,0.38384508552388585,0.03536586983168827,-2.119987039592959,0.5299502996519025,1.0405154941704782,0.07012923919058567,0.46869277912293034,0.04697098239819951,0.09000117304571391,0.09000117304571391,0.0,0.0018686425206117393,-0.2171483096669754,-0.01442307024770835,0.0002382013919531974,0.1745459615743877,-4.710337933417982,0,0.6551627466871568
32.32735999999638,-1.9989000906565342,0.3468598343789371,1.1834055121205864,-0.0014768315726459244,0.4343424858480615,0.01601196549961242,-1.9163157907657475,0.542667981717824,1.6289479688673478,0.11592388080656303,0.46346746932180655,-0.0021105647938947543,-2.0179082216617097,0.5372743281600477,1.3347317447505929,0.09271106920304693,0.46555171116977057,0.02229602389203121,0.09000117304571391,0.09000117304571391,0.0,0.0018584872363816866,-0.21693692942716192,-0.014367039164761633,0.0002368256676436774,0.17414190033036386,-4.710344040563223,0,0.6533518675078945
32.33151999999638,-1.9989062103846824,0.3486653957447343,1.1834719632633728,-0.0014687347555526486,0.43333472779133153,0.01594827426872358,-2.5172554364592723,0.2055860499122069,0.8601861281449712,-0.05854356939506562,0.4205120724561437,0.10080905211092148,-2.267707348788543,0.37230470833635965,1.097665874711629,0.017216827340190668,0.44198298296883576,0.061269110729689824,0.09000117304571391,0.09000117304571391,0.0,0.0018483873790261767,-0.21672374468571365,-0.014311219392388885,0.00023545790642308005,0.17373831449640967,-4.71035012474889,0,0.6515451934244112
32.33567999999638,-1.9989122965605337,0.35046676312752745,1.1835381500697577,-0.0014606822043015247,0.432328171870347,0.01588483353235835,-1.9808332122035575,0.3504940264850286,1.7785526335421205,0.05225329035287354,0.4395615610303029,0.03136922187099833,-2.124160911450031,0.36231582933977313,1.438178726054043,0.03536928925733787,0.43964760500127653,0.04658055728450519,0.09000117304571391,0.09000117304571391,0.0,0.0018383426428867028,-0.21650877408576252,-0.014255610194779916,0.00023409806542973603,0.173335206826291,-4.710356186114734,0,0.6497427193927837
32.33983999999638,-1.9989183493675156,0.35226394156424706,1.1836040735794604,-0.0014526736756318938,0.4313228248127048,0.01582164232867074,-2.1163869479563444,0.07768487444285982,0.8270880195120869,-0.19253995685518427,0.2917329311816645,-0.13113386207872135,-2.120674623383327,0.22060808983485333,1.1323568574570948,-0.07844064820300589,0.36428912909012184,-0.042513098591519125,0.09000117304571391,0.09000117304571391,0.0,0.001828352724173656,-0.2162920361409585,-0.014200210837123875,0.0002327461019449876,0.17293258004211665,-4.71036222479913,0,0.6479444403412716
32.34399999999638,-1.9989243689880474,0.3540569361195304,1.1836697348282073,-0.0014447089276325136,0.4303186932679938,0.015758699699253163,-2.3586635047476148,0.5632203899100087,1.5311134157367081,-0.20543263361132136,0.5714377231260273,-0.18111907928365797,-2.2400965321947917,0.3931059671965072,1.3313603755761525,-0.14264548778581015,0.4674866240525635,-0.11140865246162249,0.09000117304571391,0.09000117304571391,0.0,0.0018184173206513984,-0.21607354923653388,-0.014145020587363333,0.00023140197339473447,0.1725304368345682,-4.710368240939099,0,0.6461503511706416
32.348159999996376,-1.9989303556035463,0.3558457518853986,1.1837351348477452,-0.0014367877197345989,0.4293157838083617,0.01569600468912366,-1.3137316745087229,0.12715493442921874,1.1446998102299026,0.011117965880060332,0.5020517938705664,0.07622549547105789,-1.7768842378885668,0.26117313216762034,1.2381856106994509,-0.06589774894278,0.48462792607139377,-0.01677516937781261,0.09000117304571391,0.09000117304571391,0.0,0.0018085361318575396,-0.2158533316297262,-0.01409003871431265,0.00023006563735095852,0.1721287798631283,-4.710374234670321,0,0.644360446754488
32.352319999996375,-1.9989363093944326,0.35763039398093643,1.1838002746658565,-0.0014289098127039507,0.42831410292907957,0.01563355634672097,-2.5415105017556994,0.6857358706403103,1.1019862826190379,-0.07235051414258453,0.3315350767921251,-0.07045826547697231,-2.1593528880838257,0.4741486069799059,1.1699396040572116,-0.0692771843735765,0.4073453289986347,-0.044171819238983195,0.09000117304571391,0.09000117304571391,0.0,0.001798708859001737,-0.21563140145106074,-0.014035264489197202,0.00022873705153312067,0.17172761175630777,-4.710380206127159,0,0.6425747219395523
32.356479999996374,-1.9989422305401352,0.3594108675519744,1.1838651553063726,-0.0014210749686335096,0.4273136570491007,0.015571353723893216,-1.7135828199614387,0.4759544516912396,0.9403146668689724,-0.0018499738469993,0.40043283552457,0.1333433898082988,-1.93646853962646,0.47588542421495766,1.0554044419821618,-0.03558857846958056,0.4034117637271875,0.0438229023912652,0.09000117304571391,0.09000117304571391,0.0,0.0017889352048642711,-0.21540777670483202,-0.013980697184627078,0.00022741617380956703,0.17132693511187075,-4.710386155442669,0,0.6407931715460394
32.36063999999637,-1.9989481192190974,0.3611871777707728,1.1839297777891888,-0.0014132829509363339,0.42631445251161754,0.015509395875890824,-1.9007782951497219,0.34888379088949123,0.6849628670245249,0.07520109761293603,0.42151644886724365,0.029289319029844225,-1.9184679772120892,0.413261971141941,0.8702428443259745,0.020388513339722032,0.4117367204379907,0.03614301488386268,0.09000117304571391,0.09000117304571391,0.0,0.0017792148740153253,-0.21518247527001666,-0.013926336075495135,0.00022610296219893625,0.17092675249705874,-4.7103920827486245,0,0.6390157903679315
32.36479999999637,-1.9989539756087822,0.3629593298357087,1.1839941431302778,-0.0014055335243376653,0.425316495584614,0.015447681861355731,-1.8994322381404867,0.28628098906713695,1.1937190047316044,0.015978345968155373,0.45316734201417247,0.11303238466633833,-1.9089180720977048,0.3507137654738233,1.0322184926849327,0.01882424424915866,0.43216134057706274,0.07448633975949318,0.09000117304571391,0.09000117304571391,0.0,0.0017695475726068077,-0.2149555149010801,-0.013872180437950063,0.00022479737487137428,0.170527066448813,-4.710397988175528,0,0.6372425731733014
32.36895999999637,-1.9989597998856774,0.3647273289709646,1.1840582523417043,-0.0013978264548678667,0.4243197924614143,0.015386210742314886,-1.7124059740422253,0.1531764704720519,1.051145498620702,0.06264084499785853,0.3285232009207383,-0.18812660413935073,-1.8105310953789078,0.25262837620171474,1.0412914179608985,0.04108485551707339,0.37971333231812204,-0.057085928597655676,0.09000117304571391,0.09000117304571391,0.0,0.001759933008377683,-0.21472691322857362,-0.013818229550507898,0.00022349937014974044,0.1701278794739955,-4.710403871852628,0,0.6354735147046205
32.37311999999637,-1.9989655922253018,0.3664911804262197,1.1841221064316383,-0.0013901615098553372,0.42332434926122914,0.015324981584169053,-2.1232718017486865,-0.0073054106000510766,1.5409693236946125,-0.055619731045312495,0.3274981450855097,-0.09506684794684137,-1.967017938116403,0.12334199012937173,1.2909342470667788,-0.007927819072307806,0.3530611160399968,-0.07516807257319691,0.09000117304571391,0.09000117304571391,0.0,0.0017503708908732482,-0.214496687760373,-0.013764482693025118,0.00022220890651086905,0.16972919404960857,-4.710409733907938,0,0.6337086096790678
32.37727999999637,-1.9989713528022097,0.36825088947634343,1.1841857064043704,-0.001382538457918518,0.42233017202969597,0.01526399345568596,-2.208865796464522,0.7030057444160607,0.9620151509507601,-0.061194865235610414,0.33462036742760476,0.03244261561244482,-2.088070105304581,0.4138744941019459,1.126539636519688,-0.03491272013046731,0.34356783648966893,-0.021253935481231202,0.09000117304571391,0.09000117304571391,0.0,0.001740860931023009,-0.21426485588201283,-0.013710939147810151,0.0002209259425865911,0.16933101262301284,-4.710415574468252,0,0.6319478527888338
32.38143999999637,-1.998977081789997,0.370006461421091,1.1842490532603245,-0.001374957068959658,0.42133726673941807,0.01520324542898878,-1.621310688408308,-0.18400171481640787,1.6547774242379907,0.051022306858231684,0.24236247791408227,0.018692148493827585,-1.8545814487506624,0.11543794529442124,1.3907004958255949,0.008262281240293691,0.2921867223311435,-0.0009901317403261936,0.09000117304571391,0.09000117304571391,0.0,0.0017314028415734623,-0.21403143485739573,-0.013657598198382283,0.0002196504371650515,0.1689333376121439,-4.710421393659158,0,0.6301912387014246
32.385599999996366,-1.998982779361306,0.37175790158480143,1.1843121479960725,-0.0013674171141567792,0.42034563929050006,0.015142736579549796,-1.6084644142934064,0.08010789064685819,0.9506244796656244,-0.21378965890588847,0.6132909310286057,0.03227992106588721,-1.73196598504695,0.09905098871229197,1.170726082831298,-0.10270165633787975,0.45142449956913316,0.015867213220360374,0.09000117304571391,0.09000117304571391,0.0,0.0017219963367729467,-0.21379644183019908,-0.013604459130582516,0.00021838234919142885,0.1685361714057277,-4.710427191605055,0,0.6284387620599616
32.389759999996365,-1.9989884456878309,0.3735052153160976,1.1843749916043482,-0.0013599183659569571,0.41935529551107725,0.01508246598617942,-1.7738657757376282,0.18544760400455015,0.9524060097491456,0.12270546100363257,0.3622798403684338,0.11349841761635598,-1.7526611516882242,0.14300389382264955,1.061801282871398,0.010084554553761185,0.40663602417272976,0.06434437264303713,0.09000117304571391,0.09000117304571391,0.0,0.0017126411324837228,-0.21355989382389495,-0.013551521231974326,0.0002171216377692096,0.16813951636349417,-4.710432968429169,0,0.6266904174834812
32.39391999999636,-1.9989940809403228,0.37524840798758863,1.1844375850740607,-0.0013524605980691367,0.4183662411578446,0.01502243273101775,-1.3504684507073488,0.7894267823966572,1.162882054223184,-0.13768578791309288,0.5651957181202205,-0.07767766199668857,-1.5518475945325152,0.467395211488234,1.1121810906122664,-0.06416369358654064,0.4860214132824908,-0.006793166946326251,0.09000117304571391,0.09000117304571391,0.0,0.0017033369460803293,-0.21332180774289344,-0.013498783791884982,0.0002158682621609615,0.1677433748163897,-4.710438724253567,0,0.6249461995672302
32.39807999999636,-1.9989996852885956,0.3769874849955744,1.1844999293903087,-0.0013450435854573735,0.4173784819165808,0.014962635899525902,-1.9118162684557527,0.7308093268815914,1.2321493351323762,0.008264987859850352,0.369774416192969,0.05934779115481523,-1.7318187377096688,0.5998751465189708,1.1722908306142326,-0.027243178136255427,0.4269849941015119,0.025630398211550123,0.09000117304571391,0.09000117304571391,0.0,0.001694083496668638,-0.21308220037331527,-0.013446246101661008,0.0002146221817893811,0.1673477490667883,-4.710444459199174,0,0.6232061028829604
32.40223999999636,-1.9990052589015304,0.37872245175975217,1.184562025534394,-0.0013376671043331652,0.4163920234026685,0.014903074580476294,-1.968251857058428,0.3378187034008184,0.833791659742257,-0.02034577549734377,0.44228436164562424,-0.06733896857438403,-1.8500783208220242,0.46976648258580106,1.002898703190697,-0.024251531233943018,0.4339351551039138,-0.020795323780864405,0.09000117304571391,0.09000117304571391,0.0,0.0016848805047704816,-0.21284108838371218,-0.013393907454495965,0.00021338335623813663,0.16695264138870092,-4.710450173385784,0,0.6214701219792205
32.40639999999636,-1.999010801947081,0.38045331372292557,1.1846238744838355,-0.0013303309321490984,0.41540687116161173,0.014843747865943693,-1.7705038452666297,0.5120235762877674,1.6567787234568911,-0.07831789686207961,0.5094089890954921,-0.03541683263346097,-1.8104540604595598,0.49195507466759364,1.3297690797984936,-0.050975782650188595,0.4715741193081375,-0.027844018541674356,0.09000117304571391,0.09000117304571391,0.0,0.0016757276925424879,-0.21259848832552297,-0.01334176714525763,0.00021215174525263938,0.16655805402798401,-4.710455866932078,0,0.6197382513816462
32.41055999999636,-1.9990163145922792,0.3821800763507154,1.1846854772123827,-0.0013230348475915868,0.4144230306695505,0.01478465485129689,-2.1784857169944045,0.12953924728956345,1.2489955418788956,-0.24830211360428264,0.40422650473280963,0.07583561245873276,-1.9949896190775485,0.311585113924387,1.2895402090181582,-0.149292674825502,0.4380442652036585,0.02363934123859088,0.09000117304571391,0.09000117304571391,0.0,0.0016666247837814085,-0.21235441663427934,-0.013289824470956897,0.00021092730874095866,0.16616398920254627,-4.710461539955637,0,0.6180104855932476
32.41471999999636,-1.99902179700324,0.38390274513127276,1.1847468346900294,-0.0013157786305735893,0.41344050733377047,0.014725794635188522,-1.6201006159861984,0.16688566059826018,1.316446058885279,0.03962707444908918,0.3967671679367469,-0.015364933592607334,-1.80745919720174,0.24006125913906756,1.3029591098346158,-0.05526508744372405,0.4166292806882535,0.005223399630453815,0.09000117304571391,0.09000117304571391,0.0,0.0016575715036085256,-0.21210888963001284,-0.01323807873036148,0.00020971000677427797,0.16577044910255412,-4.710467192572955,0,0.6162868190946953
32.418879999996356,-1.999027249345166,0.38562132557499446,1.1848079478830276,-0.0013085620622286442,0.4124593064932107,0.014667166319546437,-1.73638885622951,-0.02290504010591221,1.355528112862979,0.1928816881353693,0.4351913695112728,0.11398933767848578,-1.7715236247740873,0.10948264253950149,1.3294805354409323,0.06940965739620615,0.4253380246709395,0.05985822566368995,0.09000117304571391,0.09000117304571391,0.0,0.0016485675787952367,-0.21186192351814415,-0.013186529224250655,0.0002084997995879658,0.16537743589063603,-4.710472824899456,0,0.6145672463446032
32.423039999996355,-1.999032671782353,0.38733582321424015,1.1848688177539008,-0.0013013849249035507,0.4114794334189672,0.014608769009564012,-1.6822268712216517,0.603724979313362,1.0711349106704424,-0.0251861726732954,0.3792892503511763,-0.005507864592981053,-1.7269277657294748,0.3573968124527645,1.200294877184193,0.0224813464444379,0.40201246767926796,0.026978326875903284,0.09000117304571391,0.09000117304571391,0.0,0.0016396127376614106,-0.21161353439000097,-0.013135175255242423,0.00020729664758208468,0.1649849517020851,-4.710478437049502,0,0.612851761779811
32.427199999996354,-1.9990380644781953,0.3890462436030518,1.1849294452614578,-0.0012942470021514746,0.41050089331479395,0.014550601813691205,-2.0945127740969776,0.06218506388204914,1.515057571416028,0.23143046205403547,0.244356958511799,0.1023427474209039,-1.9102432282233928,0.21029790303180676,1.3578914610932808,0.12778628948525647,0.3228220351858373,0.0645767081095508,0.09000117304571391,0.09000117304571391,0.0,0.0016307067100804935,-0.21136373822403254,-0.013084016127619974,0.00020610051132199025,0.1645929986450609,-4.710484029136412,0,0.6111403598156623
32.43135999999635,-1.99904342759519,0.3907525923168751,1.1849898313608063,-0.001287148078725036,0.40952369131759897,0.01449266384362631,-2.0766494262862123,0.420014303077305,1.2809840626649587,-0.017854723402568905,0.5036098842984786,0.11259890099501908,-1.9934845315734122,0.31620487926658336,1.3196727072929852,0.054928263626611525,0.41329343015982617,0.08796871338544382,0.09000117304571391,0.09000117304571391,0.0,0.0016218492272706683,-0.21111255088579728,-0.013033051148228308,0.00020491135153896217,0.16420157880078928,-4.710489601272473,0,0.6094330348462828
32.43551999999635,-1.9990487612949424,0.39245487495228315,1.1850499770033658,-0.0012800879405702689,0.40854783249793974,0.014434954214304008,-2.2148513776856182,0.4244738380396156,1.450512630732979,-0.01273778511704737,0.27804207531094194,-0.08707973953562888,-2.1041969186049396,0.370918789025496,1.3849112757286663,0.02154229636840106,0.3455065089653522,0.0010257267440848526,0.09000117304571391,0.09000117304571391,0.0,0.0016130400220134653,-0.21085998812923457,-0.012982279625017724,0.00020372912913079735,0.1638106942237614,-4.710495153568952,0,0.6077297812448554
32.43967999999635,-1.9990540657381708,0.39415309712670193,1.185109883136882,-0.0012730663748196723,0.40757332186051326,0.014377472043889467,-2.1639708933507205,0.634685542655833,1.607244786192373,0.16423645147980548,0.47595490157982523,0.15211852891735342,-2.133742411710169,0.50379352640256,1.4963965673440562,0.09273334843851065,0.4109423326943372,0.07628429685604021,0.09000117304571391,0.09000117304571391,0.0,0.0016042788287658444,-0.2106060655972981,-0.012931700868580927,0.00020255380516241331,0.16342034694193136,-4.710500686136112,0,0.6060305933638931
32.44383999999635,-1.9990593410847115,0.39584726447813795,1.1851695507054394,-0.0012660831697847966,0.4066001643446431,0.01432021645376601,-1.8898752882976808,0.6438802004999025,0.8638442950969675,-0.05216500789949363,0.6530636667725999,-0.08379050050327498,-2.011915335526845,0.5751979300240229,1.1799421205785516,0.020144518291611353,0.5311542621545131,-0.003933960604886183,0.09000117304571391,0.09000117304571391,0.0,0.001595565383130651,-0.21035079882232288,-0.012881314190696512,0.0002013853408662092,0.16303053895691225,-4.7105061990832215,0,0.6043354655355108
32.44799999999635,-1.9990645874935238,0.3975373826649078,1.185228980649475,-0.0012591381149510382,0.4056283648247647,0.014263186568528903,-1.9486128060843517,0.3845797288354749,0.8991525246367773,-0.016339956267084517,0.40004415774453805,0.10397431600387116,-1.9802994687931874,0.48072077149456727,1.0397618990592037,0.00279623877730083,0.4650326575296653,0.04987973332364992,0.09000117304571391,0.09000117304571391,0.0,0.0015868994225026831,-0.2100942032273576,-0.012831118905651931,0.00020022369764259446,0.16264127224417127,-4.710511692518567,0,0.6026443920716932
32.45215999999635,-1.9993928778938785,0.39787837091829864,1.1859336054586214,-0.07878969608515543,0.08183718081380625,0.16910995419515606,-2.273782744149299,0.25728416514421887,0.8514912248325845,-0.10933173474200338,0.21964609185549366,0.19772648231576118,-2.1271909452388527,0.3697955614967785,0.9458743512393484,-0.0915456727515115,0.17992856038970645,0.20176558718654483,0.09000117304571391,0.09000117304571391,0.0,0.15722480114135845,0.43818496879761193,-0.6353246713243826,0.015827534024389526,0.09771739819943359,-4.7105261524031,0,0.6022862178903378
32.456319999996346,-1.9997183728351742,0.3982268981403519,1.1866270589633052,-0.07811878591093754,0.08364653329278497,0.1664288411241044,-1.7918351315368022,0.2054195568569033,1.5771603586769158,-0.21462520063486573,0.2776035806082143,0.29496220441979365,-1.959958609969554,0.2881813878330161,1.2621376399429716,-0.152354352450074,0.2299275300919617,0.24722567008342092,0.09000117304571391,0.09000117304571391,0.0,0.1562063253811522,0.43421193741102265,-0.6266633929320897,0.023506722241674924,0.06561671917893326,-4.710549362414471,0,0.6019217399194129
32.460479999996345,-2.00004109065444,0.39858289394336255,1.1873094939751065,-0.07745227662374256,0.08543899272255664,0.1637844028323084,-1.7768137715433932,0.10822841043237291,1.1275135779791352,-0.07551757054483443,0.13290033242779675,0.10533337330549336,-1.8685444964891293,0.1984765040781102,1.1950460603974158,-0.11273256366816257,0.1831341617046271,0.17518117688370088,0.09000117304571391,0.09000117304571391,0.0,0.15519388837835277,0.4302652776861031,-0.6181159932727419,0.027212898632494396,0.04992413492076568,-4.710581110553141,0,0.6015509837820486
32.46463999999634,-2.000361049575141,0.39894628841212737,1.1879810612842359,-0.07679014096834985,0.08721467250356336,0.16117615419103162,-2.3653753415979852,0.48802041415678876,0.9263238353175073,-0.18440723685009808,0.027060048735600938,0.10512613712038872,-2.1173476098229034,0.34330551379362645,1.0609056453252426,-0.14825155398893197,0.10571079214284801,0.13827395756325625,0.09000117304571391,0.09000117304571391,0.0,0.1541874537584328,0.4263448323740428,-0.609680981092436,0.028933618060117544,0.042432124480628594,-4.7106211890601015,0,0.601173976032069
32.46879999999634,-2.000678267707977,0.3993170121008659,1.1886419096863863,-0.07613235188053542,0.08897368529724103,0.15860361651611485,-1.4586116895281247,0.5404526632013903,0.7895997577088817,-0.09616824821186509,0.016761779296280158,0.011094291959833358,-1.7881754675910857,0.4419135723579215,0.9252777685629751,-0.12202077667462384,0.06208810112820037,0.07282194907999892,0.09000117304571391,0.09000117304571391,0.0,0.15318698541744558,0.4224504452363536,-0.6013568849730203,0.029662657327511943,0.03903695620358549,-4.710669394336157,0,0.60079074411486
32.47295999999634,-2.000992763051667,0.39969499603016906,1.1892921860092223,-0.0754788824855985,0.09071614303276168,0.15606631748063654,-2.1137896552390556,0.4662696823867266,0.9537302008955153,0.04807065488840735,0.0131431476950548,0.22718338100528881,-1.950885261834841,0.4541179858516913,0.9399802187212273,-0.03679000298872721,0.03817139102683927,0.14830981904364854,0.09000117304571391,0.09000117304571391,0.0,0.15219244751800873,0.4185819610356458,-0.5931422530622683,0.029896903871681063,0.037686792717490133,-4.710725526862726,0,0.600401316329467
32.47711999999634,-2.0013045534937373,0.4000801716839763,1.1899320351385088,-0.0748297060969024,0.09244215691374184,0.1535637910287687,-1.9970818853078254,0.271675742100858,1.2435081524388654,0.07331368438737323,-0.06421763350967456,0.13011349678741474,-1.9738316601298578,0.3627603414555855,1.0920184869651803,0.01837674880396208,-0.012211130343244473,0.13846984818157046,0.09000117304571391,0.09000117304571391,0.0,0.15120380448912876,0.4147392255240251,-0.585035652806388,0.02988480012498185,0.03735574343709473,-4.710789391124138,0,0.6000057217918822
32.48127999999634,-2.001613656811297,0.40047247100658007,1.1905616000438872,-0.07418479621441212,0.09415183742490496,0.15109557729081505,-1.9870306076412254,0.7131556695044448,1.134508857305194,-0.015535370108833026,0.11199252519195416,0.23545418189157397,-1.980464225518789,0.5381915163733145,1.113756126547041,0.0017527890239598279,0.0507877749438377,0.18579254685265492,0.09000117304571391,0.09000117304571391,0.0,0.15022102102281432,0.41092208543391895,-0.577035670687879,0.029750565709465937,0.03753089082335211,-4.710860795531388,0,0.5996039903994903
32.48543999999634,-2.0019200906718106,0.400871826399658,1.1911810218043015,-0.07354412652324069,0.09584529433870548,0.14866122249940525,-2.248782604203587,-0.3266669349764628,1.5706523463787263,-0.02250538845438066,0.05676602551521606,0.13940342206057532,-2.114672243479628,0.10587361778877402,1.3424993947259003,-0.010307184273828035,0.05410962031365537,0.1616363553824639,0.09000117304571391,0.09000117304571391,0.0,0.14924406207249966,0.4071303884667392,-0.5691409119651124,0.02955630854728335,0.03795580352017045,-4.71093955234734,0,0.5991961527966327
32.48959999999634,-2.0022238726338615,0.40127817071933264,1.19179043963308,-0.07290767089219531,0.09752263672190291,0.14626027890683477,-2.268486834640651,0.5216504079046816,1.010099859445621,-0.036346609354529845,0.09082284755500873,0.1633263905013919,-2.19165798597147,0.31395249483148885,1.1766405301109777,-0.022473808512044533,0.07310642139391241,0.16079119385524462,0.09000117304571391,0.09000117304571391,0.0,0.1482728928506071,0.40336398328322565,-0.5613500004170738,0.02933308042867984,0.03850229292974945,-4.711025477613329,0,0.5987822403412598
32.493759999996335,-2.002525020147913,0.401691437273258,1.192389990902678,-0.07227540337232581,0.09918397294208998,0.14389230470352593,-1.8291518771889994,0.9873470713315793,1.1774792031969918,-0.1063584939002501,0.09822978168946904,-0.013594177805547558,-2.010623945458149,0.6508569197624635,1.1770338407827858,-0.06425309840991317,0.08657550508154187,0.0725307858466832,0.09000117304571391,0.09000117304571391,0.0,0.1473074788265309,0.3996227194933894,-0.5536615780907137,0.02909640480836764,0.039106291507064954,-4.711118391077152,0,0.5983622850726376
32.497919999996334,-2.0028235505570606,0.4021115598177337,1.1929798111690848,-0.07164729819547225,0.10082941067416992,0.14155686393759664,-1.6105648243603055,0.41196836571009326,0.9873167238567815,-0.012322376279434735,0.2055410428221615,0.13229487764089135,-1.8106187623064547,0.5318356929771996,1.0824525601107358,-0.037547386827751945,0.14739581645026836,0.10075692700265224,0.09000117304571391,0.09000117304571391,0.0,0.14634778572418744,0.3959064476458941,-0.5460743050522052,0.028854040715671624,0.03973579191378662,-4.7112181161224145,0,0.5979363196800754
32.50207999999633,-2.0031194810977806,0.4025384725548453,1.1935600341958994,-0.07102332977281262,0.10245905690677731,0.13925352643551778,-1.5424005736186093,0.7883349648377633,1.2818449222551456,-0.10223473049244738,0.21212084755604163,0.14733111434713522,-1.6767208950698833,0.6605275643859106,1.182460101997182,-0.06966636055218067,0.18012181927067147,0.12234794433768688,0.09000117304571391,0.09000117304571391,0.0,0.14539377952084243,0.39221501921842605,-0.5385868591401954,0.02860986472116481,0.04037481660177181,-4.711324479699208,0,0.5975043774726464
32.50623999999633,-2.00341282890067,0.40297211012963136,1.1941307919780821,-0.07040347269340427,0.1040730179486431,0.1369818677238495,-1.9448676402510123,0.6587399908141971,1.0543504168513929,-0.1218019233786522,0.09610083030776831,0.04472916918523075,-1.81105051183556,0.6598314544424855,1.1185010576377967,-0.09523873260870064,0.13917337953093367,0.08178400009211674,0.09000117304571391,0.09000117304571391,0.0,0.14444542644358066,0.3885482866078767,-0.531197935725343,0.028365811931160972,0.04101540261120937,-4.7114373122560895,0,0.5970664923498679
32.51039999999633,-2.0037036109911814,0.40341240762727676,1.1946922147653822,-0.06978770172272818,0.10567139943489924,0.13474146895202807,-1.918064693354336,0.4350485205491723,1.373082979033867,-0.22114632019485703,0.08410446074355162,0.005303228829616452,-1.865020151286266,0.5476110813840601,1.245807695028522,-0.15730840643644528,0.11273299613359881,0.04217105450792723,0.09000117304571391,0.09000117304571391,0.0,0.1435026929679063,0.3849061031201255,-0.5239062474693124,0.028122846495762015,0.04165359397595139,-4.711556447673349,0,0.5966226987733148
32.51455999999633,-2.0039918442903533,0.40385930057033226,1.1952444310854498,-0.06917599180122629,0.10725430633331781,0.1325319168162045,-1.8976980497178215,0.3213026106910247,0.9618678919289173,-0.08072242924202037,0.20718964277950636,0.27647859692618965,-1.8815265228474833,0.43488480680795544,1.10441236570924,-0.11936008835793914,0.16063040219079705,0.15859258526018596,0.09000117304571391,0.09000117304571391,0.0,0.14256554581526917,0.38128832296065107,-0.5167105240905056,0.027881446873318325,0.04228743793230293,-4.7116817231975245,0,0.596173031739136
32.51871999999633,-2.004277545615532,0.40431272491595927,1.1957875677666334,-0.06856831804283604,0.10882184295048407,0.13035280348410547,-2.3714604197458238,0.6377912789668686,0.855113796486914,-0.015742750213655843,0.15151270339891174,0.28472528152102283,-2.126529495358081,0.5366533463332899,0.9803554981454717,-0.06762955346663356,0.15667722309259322,0.2207174539258484,0.09000117304571391,0.09000117304571391,0.0,0.14163395195144007,0.37769480122490273,-0.5096095121303472,0.02764184847274325,0.042915983029406884,-4.711812979377157,0,0.595717526751449
32.52287999999633,-2.0045607316810883,0.4047726170532005,1.1963217499604706,-0.06796465573351806,0.11037411293789878,0.12820372652091405,-2.281267469697726,0.6568747210344245,0.7347839236713114,-0.08359527818111845,-0.08815897923341673,0.18635413235060463,-2.204073172215719,0.5965809588308016,0.8579579430172988,-0.0757406597478511,0.03453828323521609,0.2024131583337886,0.09000117304571391,0.09000117304571391,0.0,0.14070787858316952,0.3741253938885398,-0.5026019747248376,0.0274041649844122,0.04353877819029353,-4.711950059999753,0,0.5952562197965815
32.527039999996326,-2.004841419099129,0.40523891380027555,1.1968471011638713,-0.06736498032978379,0.11191121929800552,0.12608428881614736,-1.9519573784906457,0.1720980774502703,1.3630686938487553,-0.07384836927764347,0.006627174660395946,0.19407293766504002,-2.078169530066876,0.3843500239718896,1.1109228367249175,-0.0736327244566477,0.020732702318813426,0.19712913244974564,0.09000117304571391,0.09000117304571391,0.0,0.13978729315719174,0.3705799577982335,-0.49568669137689514,0.02716844905502335,0.044155622248131104,-4.712092812029926,0,0.5947891473181403
32.531199999996325,-2.005139032357332,0.40540921973288413,1.1975827054104358,-0.07142718196870942,0.04087342382606003,0.1765450191754812,-2.236593685572788,0.05995332832138722,1.1272311128022927,-0.2107484131235119,0.008443825318439957,0.13671090717726825,-2.1578141468497765,0.2222398224534089,1.1193092314755788,-0.1455092408012108,-0.02044157524857193,0.19202942700472922,0.09000117304571391,0.09000117304571391,0.0,0.14822232957036097,0.5127129280514509,-0.7000598917740881,0.027868455616261435,0.03025460182539999,-4.7122415557694115,0,0.5946179016354621
32.535359999996324,-2.0054340130473003,0.405588393018485,1.198306009358132,-0.07079536559240272,0.04300158854420094,0.17359294744705608,-2.3986098633634514,-0.1352588548447325,1.2418290204814642,-0.028891200862143737,-0.08488072225272664,0.13672235772045277,-2.278275396137588,0.04331110120840336,1.1808588593094036,-0.08643199169385925,-0.05249759281902065,0.16221687632462856,0.09000117304571391,0.09000117304571391,0.0,0.14725165245505917,0.5082706042888239,-0.69040259316685,0.028093362370645344,0.023727517462768504,-4.712396124817898,0,0.5944388586023294
32.53951999999632,-2.0057263786653023,0.4057763548405354,1.1990171834120287,-0.07016774832045654,0.04511083729209965,0.17068177293522174,-2.0182685826017903,-0.1755080222420894,1.090750307560796,-0.09216259197068818,0.09051511734292525,0.06451401815142875,-2.1484630615727234,-0.06591436672573024,1.1359401774498956,-0.08872180085872411,0.020270865444342315,0.11239210428703798,0.09000117304571391,0.09000117304571391,0.0,0.14628677193552114,0.5038573845582639,-0.6808727559060449,0.02808174074656513,0.020883577184915646,-4.712556356321573,0,0.5942520490563455
32.54367999999632,-2.0060161465977404,0.40597302690829057,1.1997163957117198,-0.06954430378508383,0.04720129626123067,0.16781095192588155,-2.116306390290098,0.4953031909955211,0.7777913552338829,-0.02337788200621601,0.11396726477389346,0.028694716712061447,-2.1324345894617474,0.21493273214045736,0.9569263463295592,-0.055350445950958775,0.06839002945318956,0.06891297947521291,0.09000117304571391,0.09000117304571391,0.0,0.1453276525775806,0.4994730943632482,-0.6714687060689726,0.027952875008203034,0.019877414133228882,-4.712722090902062,0,0.5940575049705005
32.54783999999632,-2.006303334121917,0.40617833145325805,1.200403812161513,-0.06892500580238776,0.0492730907921882,0.16497994795038318,-2.094068132488982,0.9077426694116437,0.796088660129938,-0.15362496318150956,-0.0022064133918799286,0.10380990946939384,-2.113570103699583,0.5613344953014872,0.8767250032923579,-0.10473349906375934,0.034762007654791614,0.08505905939117135,0.09000117304571391,0.09000117304571391,0.0,0.1443742592069074,0.4951175603893009,-0.6621887920549229,0.027766405533857667,0.019786373682685467,-4.712893172586784,0,0.5938552594032918
32.55199999999632,-2.0065879584067967,0.40639219122568254,1.2010795964602106,-0.06830982837104631,0.05132634538187967,0.1621882316873936,-1.7353727078725272,0.6445637814118528,1.6064832996417386,0.01907560339899296,0.13797167704722396,0.02629076883785031,-1.9244291061574221,0.6032358112493018,1.2416649951864471,-0.042825569679319456,0.08678653646584418,0.05517225098794161,0.09000117304571391,0.09000117304571391,0.0,0.14342655690656594,0.49079061049336314,-0.6530313842820971,0.027552150468372404,0.02014915700651349,-4.713069448740691,0,0.5936453464504993
32.55615999999632,-2.0068700365137593,0.4066145294910605,1.2017439101304863,-0.06769874567102785,0.05336118369070673,0.15943528086616401,-1.7009159358201469,0.5142134737324895,1.3985104639965,0.004495140466353534,-0.01793959369039718,0.2578311606095981,-1.8126619950906417,0.5586847644573525,1.3206282940617144,-0.01898172893598498,0.03536360744089913,0.1549569636091534,0.09000117304571391,0.09000117304571391,0.0,0.14248451101499432,0.4864920736926001,-0.6439948748873738,0.027325016562180383,0.020735142864617993,-4.7132507699993615,0,0.5934278011985612
32.56031999999632,-2.0071495853973524,0.40684527002668436,1.2023969125478662,-0.06709173206233457,0.05537772854973514,0.15672058017116577,-2.1397976077303693,0.4645405090107203,0.8293481797403017,0.04115269021357604,0.16932913771753322,0.11085163535174791,-1.9761491084166756,0.5119612912672324,1.0752186852178376,0.012338674951829429,0.10372567545094907,0.13131176648079465,0.09000117304571391,0.09000117304571391,0.0,0.1415480871248339,0.48222178015413986,-0.6350776774319319,0.027092454603235096,0.021429048503767235,-4.713436990203429,0,0.5932026596795004
32.564479999996315,-2.007426621906035,0.4070843371182171,1.2030387609693165,-0.0664887620837683,0.05737610196786094,0.154043621148066,-1.4321122397312807,0.7825411422600002,1.1584520416599464,-0.030033280487055662,-0.000726696060939197,0.16465504856057042,-1.7041882243324091,0.6472505344253424,1.1171806669340545,-0.009378898074032423,0.052017885924878306,0.14690258087273755,0.09000117304571391,0.09000117304571391,0.0,0.14061725108025708,0.47797956118333906,-0.62627822661018,0.026858187144973317,0.02217326011354028,-4.713627966334303,0,0.5929699588273489
32.568639999996314,-2.007701162782917,0.40733165555629613,1.2036696105614457,-0.0658898104517234,0.05935642513896973,0.15140390211102114,-1.7631521570324908,0.7264829535672321,0.9474982722479235,-0.019888632194813835,0.18308429332750709,0.12894759894303448,-1.7337130028802206,0.6872443845756225,1.0326101955620544,-0.01413695369781382,0.11933326884696245,0.13614422189421965,0.09000117304571391,0.09000117304571391,0.0,0.13969196897621342,0.47376524921340873,-0.6175949779624368,0.02662407238189731,0.022938998060038095,-4.713823558451171,0,0.5927297364360273
32.57279999999631,-2.007973224666496,0.40758715063316736,1.204289614428326,-0.06529485205899646,0.06131881844909735,0.14880092805126596,-2.5558086269043807,0.7846478765834041,0.8642703825895894,-0.16908808892589125,0.18394498211020865,0.10583107683994485,-2.1451187260784637,0.7363266238869259,0.9486619754397363,-0.09138128583039405,0.15297579686665908,0.11967269048651223,0.09000117304571391,0.09000117304571391,0.0,0.13877220715638908,0.469578677794101,-0.6090264075928764,0.026391036098580293,0.02371189950836297,-4.714023629629253,0,0.5924820311186286
32.57695999999631,-2.008242824091386,0.40785074813934896,1.2048989236389382,-0.06470386197361622,0.06326340148359007,0.14623421054696809,-1.421637830752449,0.14461007787554597,1.599915535990962,-0.09032519488524172,-0.16188089926943577,-0.0867307505587428,-1.783562237683221,0.4401262575580567,1.2741148265258315,-0.09030128756345376,-0.0038336469357942433,0.01556524493555882,0.09000117304571391,0.09000117304571391,0.0,0.13785793221158846,0.46541968158106184,-0.6005710118901877,0.026159537655009498,0.024484809739370634,-4.71422804589927,0,0.5922268822680632
32.58111999999631,-2.008509977489043,0.40812237436032506,1.205497687254248,-0.0641168154376895,0.06519029303426845,0.14370326767432945,-2.158028460582768,0.33624220969213414,1.1806587078488784,0.12944799592754358,0.16315044606811824,0.08354641040308512,-1.970528174400522,0.38852139062868923,1.2275626375507258,0.01929627834689927,0.08035177939718414,0.048229068811121684,0.09000117304571391,0.09000117304571391,0.0,0.13694911097811066,0.4612880963242444,-0.5922273072528882,0.025929802989735275,0.025254177813450115,-4.714436676188123,0,0.5919643300190213
32.58527999999631,-2.008774701188486,0.4084019560732692,1.2060860523539143,-0.06353368786626092,0.06709961110659181,0.1412076239199079,-2.7655060391802286,0.6957071466098255,1.0196252629286966,-0.0019265266100704365,0.007667777474460825,0.16694520008955316,-2.3680276557475484,0.5421296744453348,1.1239428233298239,0.009156969591596375,0.045309063298945386,0.1060952056085779,0.09000117304571391,0.09000117304571391,0.0,0.1360457105359075,0.4571837588574149,-0.5839938298178108,0.025701941131570812,0.026018254407710606,-4.714649392260744,0,0.59169441521121
32.58943999999631,-2.0090370114170115,0.40868942054379764,1.2066641640626399,-0.06295445484618452,0.06899147292682807,0.13874681009413833,-1.970560611842438,0.6410654408438483,1.0348720033373329,-0.21034605602516415,0.0430482577256468,0.16418574076637604,-2.1697310192474237,0.591686094462314,1.0797491901016132,-0.09954523034381078,0.044993635710635436,0.13470473381841544,0.09000117304571391,0.09000117304571391,0.0,0.1351476982082335,0.4531065070867749,-0.5758691351932761,0.025476002465225744,0.026776190739767936,-4.714866068663095,0,0.5914171793538253
32.59359999999631,-2.0092969243009073,0.40898469552275274,1.207232165576165,-0.062379092134998815,0.07086599494922458,0.13632036324602648,-2.4465735056607447,0.6961893664955627,0.8121849113760322,-0.013603255884479998,0.013101369899822135,0.25555014411158133,-2.308182847653251,0.6439622494171751,0.9464990144159433,-0.05640970815780922,0.03071458285560216,0.19401421556455156,0.09000117304571391,0.09000117304571391,0.0,0.13425504155851248,0.4490561799796051,-0.5678517981950406,0.025252007873573894,0.027527588034728462,-4.7150865826662995,0,0.591132664591216
32.597759999996306,-2.0095544558661564,0.409287709243016,1.2077901981869108,-0.06180757565981388,0.07272329286317886,0.13392782657899704,-2.1503535168605232,0.6392951562153806,1.2881913393004192,-0.1921295072071434,-0.034752046242248646,0.10569937062314708,-2.2296669132142184,0.641555365080789,1.1175697091190184,-0.12415918551447992,-0.0015232068344668468,0.14876149031130306,0.09000117304571391,0.09000117304571391,0.0,0.13336770838976358,0.4450326175534685,-0.5599404125854613,0.025029963317917445,0.028272272263671003,-4.715310814211879,0,0.5908409136697061
32.601919999996305,-2.0098096220391404,0.40959839041635104,1.208338401309277,-0.06123988151619731,0.07456348160040967,0.1315687493678762,-1.941470270226186,0.5185596145235309,1.448827009714298,0.00775581739192497,0.16349436757453378,0.2234595756092934,-2.0855513989892227,0.5803956567859939,1.2836678919671116,-0.057750543069278286,0.08147311093639426,0.1849396405427048,0.09000117304571391,0.09000117304571391,0.0,0.13248566674295476,0.44103566086490265,-0.5521335908184594,0.024809867136936017,0.02901018151777956,-4.715538645858074,0,0.5905419699055341
32.606079999996304,-2.0100624386473362,0.40991666823027656,1.2088769125045977,-0.06067598596706076,0.0763866753421233,0.12924268687697754,-2.067805107750433,0.3318770330697886,1.137234039116778,-0.0666025641770112,0.17292874559255197,0.09274679487647702,-2.07681933203744,0.4564931416484956,1.210644788065253,-0.06089145274874872,0.12774853467549818,0.13791794717391073,0.09000117304571391,0.09000117304571391,0.0,0.13160888489535144,0.437065151997814,-0.5444299637836663,0.0245917137046749,0.02974130970020423,-4.715769962727228,0,0.590235877153874
32.6102399999963,-2.0103129214200095,0.4102424723449689,1.2094058675057615,-0.060115865441544424,0.07819298752617061,0.1269492002792896,-1.6336877442267808,0.7188681966785668,1.1867036650695064,-0.0051157010484520204,-0.1287199151075184,0.03421467475376709,-1.8552618027254861,0.5874138913257252,1.1987493401861569,-0.03265859109341278,-4.608050405176088e-05,0.08409400311132686,0.09000117304571391,0.09000117304571391,0.0,0.13073733135907445,0.43312093405296553,-0.5368281805593894,0.024375495267758306,0.030465678376690286,-4.716004652454205,0,0.5899226797789062
32.6143999999963,-2.010561085988901,0.4105757328901947,1.2099254002414979,-0.05955949653389595,0.07998253085419507,0.12468785657672216,-2.5581518823391987,0.7743110869882447,1.1568677719041973,-0.24943785484931588,-0.0017006599422669522,0.25107002437183323,-2.2072312929537707,0.6808582382313506,1.1783330870198836,-0.14069368708832455,9.870681871772621e-05,0.1663184114538177,0.09000117304571391,0.09000117304571391,0.0,0.12987097487901111,0.4292028511358845,-0.5293269081632919,0.024161202871929213,0.031183322705497497,-4.716242605135841,0,0.589602422624899
32.6185599999963,-2.0108069478889106,0.4109163804622729,1.2104356428603371,-0.05900685600234405,0.08175541729876046,0.1224582285214164,-1.996712597892772,0.7882100527086875,1.099926946597904,-0.03747395589176553,0.18216876350010894,0.0072780202239430825,-2.102050302628951,0.7349138547727301,1.13914732499551,-0.08818377385028503,0.0910968959060965,0.08550111007755483,0.09000117304571391,0.09000117304571391,0.0,0.12900978443200495,0.4253107483462897,-0.5219248313110612,0.023948826832975192,0.03189428440687062,-4.716483713281381,0,0.5892751509882729
32.6227199999963,-2.011050522558777,0.4112643461210665,1.2109367257542458,-0.058457920767958964,0.08351175811045905,0.12025989453808103,-1.672351964659784,0.6500463494779054,0.8333835964240205,0.04937491437647234,0.03911614174637301,0.16943481186831605,-1.8870963366881979,0.69255888740202,0.9866172506107476,-0.018976517942926995,0.06606252855071011,0.12673652445548178,0.09000117304571391,0.09000117304571391,0.0,0.1281537292253999,0.42144447176658156,-0.5146206521749597,0.02373835697957706,0.03259860825219383,-4.716727871763901,0,0.5889409105906135
32.6268799999963,-2.01129182534175,0.41161956138700395,1.2114287775819432,-0.057912667913500374,0.08525166382499039,0.11809243864735133,-2.0672758012982095,0.82061611517392,0.9988809719450606,-0.20864317664467047,0.24056863094184422,0.20778364321999426,-1.977621030292045,0.7570858555605008,0.9931848789274095,-0.1139281320180065,0.15470728315753932,0.16557297379222577,0.09000117304571391,0.09000117304571391,0.0,0.12730277869408269,0.417603868450783,-0.5074130901471798,0.023529782781857165,0.03329634031289526,-4.7169749777726935,0,0.5885997475526028
32.6310399999963,-2.011530871486259,0.41198195823812983,1.2119119252919022,-0.05737107468225692,0.0869752442702059,0.11595545039014789,-2.2444488025074913,0.5966959986930166,1.3058586754589863,0.09205728702993762,0.09025234279245416,-0.10008546656789087,-2.1108450646722487,0.6770760159249991,1.149317018605803,-0.011065146079184539,0.12321054146329334,0.03217012178791559,0.09000117304571391,0.09000117304571391,0.0,0.12645690250029906,0.4137887864128631,-0.5003008816054586,0.023323093422524498,0.03398752708913621,-4.71722493076659,0,0.5882517083688384
32.635199999996296,-2.0117676761465795,0.41235146910718445,1.2123862941450398,-0.05683311847686393,0.08868260857310999,0.11384852475302328,-2.3373447873635222,-0.06150660254050461,1.5423368639348272,-0.05821835470124619,0.1271989788825267,0.10689262706930115,-2.2242188839335904,0.308041981373983,1.3460539282946664,-0.0340230187366609,0.12622737606004486,0.06861140496817666,0.09000117304571391,0.09000117304571391,0.0,0.12561607053132845,0.40999907461658097,-0.49328277968288353,0.023118277839070424,0.03467221507830202,-4.717477632428205,0,0.5878968398835145
32.639359999996294,-2.012016312870543,0.4124703527932666,1.213054455268839,-0.05967281375124732,0.028532084659710417,0.16035866971177498,-2.0500544111948695,0.5827977903719581,1.0978519947086092,-0.1851948919722416,0.1909488280613469,0.1119777992398665,-2.1375180249127967,0.44588062319146904,1.2221347551378208,-0.1108513452399953,0.12894190904220892,0.11403564816044652,0.09000117304571391,0.09000117304571391,0.0,0.13155319939138804,0.5303740288980077,-0.6816259848440963,0.02352402764117751,0.02297866193583292,-4.717733235531024,0,0.5877974965277051
32.64351999999629,-2.0122626170570803,0.4125984211108372,1.213710651930989,-0.05911300476896932,0.03073639621694301,0.1574871989160383,-1.978510110536019,0.4772599350947513,0.6902631858032323,-0.0846931009048255,0.08152786550713009,0.28326268500467666,-2.0581888914533133,0.46173888318346157,0.9567876619942794,-0.09788102749532522,0.10581065790280215,0.19708275691893534,0.09000117304571391,0.09000117304571391,0.0,0.13067809135394698,0.5258302723648274,-0.672090284783458,0.023618870116424835,0.017570276140234355,-4.717991633929825,0,0.587689517206954
32.64767999999629,-2.012506604456353,0.4127355934315077,1.214355052291223,-0.058556975825432726,0.03292135696090695,0.15465608645612286,-1.7779916433406422,1.1882897442398157,1.4255097488617579,-0.05297468252597767,-0.036714957189117645,0.08079553009537566,-1.918198957520844,0.8249409261745672,1.1913220088629397,-0.07520713786737554,0.035569385794861415,0.13799875414874208,0.09000117304571391,0.09000117304571391,0.0,0.12980823872211394,0.5213161754769282,-0.6626808878678453,0.023559237142236435,0.01530062404316444,-4.718252723936516,0,0.5875729451766435
32.65183999999629,-2.012748290719122,0.41288178966327155,1.2149878222655424,-0.05800470306453633,0.035087095623331045,0.15186479383663157,-2.007302407280857,0.4321659715166813,1.0636716978188197,-0.036404642656571604,0.029602526135658207,0.1034160268562867,-1.9628290824386136,0.6286100493458149,1.1277129034426252,-0.05481979994197113,0.033655458351822994,0.11982437800658155,0.09000117304571391,0.09000117304571391,0.0,0.12894360935795357,0.5168315604502777,-0.6533961344114161,0.02342333983665248,0.01459651597525198,-4.718516404268276,0,0.5874478246121316
32.65599999999629,-2.012987691397433,0.4130369302468613,1.2156091255561268,-0.05745616279468927,0.03723374006153299,0.14911278974025197,-2.144073133603445,0.6599723768154262,1.3775520269813772,0.04761252152844334,-0.19357875367466604,0.0508566842853978,-2.053354253192449,0.6438867643667461,1.252742315744063,-0.003172834965314895,-0.07897100735608636,0.08422850549622099,0.09000117304571391,0.09000117304571391,0.0,0.12808417135468042,0.5123762507195879,-0.6442343868456952,0.02325027877942805,0.0146713840026137,-4.718782575996766,0,0.5873142005626034
32.66015999999629,-2.0132248219452986,0.4132009361521341,1.2162191236808388,-0.05691133148772236,0.039361417265477774,0.1463995499308942,-2.0192114239531067,0.4525632830952241,1.516873947268747,0.06092431711693039,0.1295592441292937,0.11333244608037542,-2.0361548432895153,0.5484914129081835,1.3850479348111717,0.028373701875656673,0.026122959239936714,0.09770785635999865,0.09000117304571391,0.09000117304571391,0.0,0.12722989303456378,0.5079500709282658,-0.6351940294195114,0.023059599131242933,0.01513197080939558,-4.7190511424984,0,0.5871721189065359
32.66431999999629,-2.013459697719373,0.4133737288744876,1.2168179760023314,-0.05637018577783816,0.04147025336484331,0.14372455715822163,-2.431276202608598,0.4012859818227859,1.3936360318252887,-0.16357732017649418,-0.12901028652314114,0.16195883572120326,-2.234058316332357,0.47461816173132565,1.3896801843627165,-0.06768931781861603,-0.050872154153014076,0.12921795278945253,0.09000117304571391,0.09000117304571391,0.0,0.1263807429474687,0.5035528469170515,-0.6262734679037189,0.0228610682016685,0.015781674143241154,-4.719322009405652,0,0.5870216263087205
32.668479999996286,-2.0136923339796255,0.41355523043130465,1.2174058397567629,-0.055832702460595816,0.043560373636095454,0.1410873010635454,-1.3144890211571427,0.6727151616062413,0.9551424940467372,0.02983442150979331,-0.2479342374912118,-0.046850931357219155,-1.77420697358779,0.5731488166012437,1.172313242395027,-0.01807094855686507,-0.1476907040891975,0.04004440489903039,0.09000117304571391,0.09000117304571391,0.0,0.1255366898702479,0.4991844057143905,-0.6174711293005081,0.02265956424122332,0.01652221904214073,-4.7195950845593675,0,0.586862770178794
32.672639999996285,-2.0139227458900084,0.41374536335842793,1.2179828700821256,-0.05529885849192556,0.045631902509587464,0.13848727808705563,-1.7044780158113402,-0.09055631861276381,1.3879079879155929,-0.06119890775691767,0.04320879153630766,0.07532823414535343,-1.7394701569566866,0.24137978836707633,1.2802706517060352,-0.03921949542531301,-0.05144085086532246,0.056795764823591076,0.09000117304571391,0.09000117304571391,0.0,0.1246977028048479,0.4948445755245855,-0.6087854615566799,0.022457520845191953,0.01730449395189361,-4.719870277962066,0,0.5866955986312238
32.676799999996284,-2.014150948519122,0.4139440507066641,1.2185492200461938,-0.0547686309871764,0.047684963576681505,0.13592399137636307,-1.8579244653324372,0.464201997056977,0.9125015401580395,0.08206301844849309,-0.02359595778246558,0.17061204590160783,-1.7985281931895467,0.35273997334682405,1.0967421289692394,0.021770710900001138,-0.03588550444517102,0.11189905572881628,0.09000117304571391,0.09000117304571391,0.0,0.1238637509774791,0.49053318571826987,-0.600214933281116,0.022256149163053802,0.018103968788800884,-4.720147501732221,0,0.586520160446703
32.68095999999628,-2.0143769568408727,0.4141512160383179,1.219105040674095,-0.054241997220190304,0.04971967959690868,0.13339695069632387,-1.659018556931175,0.0566097256429402,1.813308375029314,0.0026317956063733605,0.04486953988604367,0.15450692017887369,-1.72876885966052,0.20476420471716303,1.455353721060183,0.01313283848572166,0.005400416003490308,0.13219771429279376,0.09000117304571391,0.09000117304571391,0.0,0.12303480383649938,0.48625006682044697,-0.5917580334658155,0.022056049010452904,0.018908403974903037,-4.720426670059477,0,0.5863365050349031
32.68511999999628,-2.0146007857351327,0.41436678342375605,1.2196504809755122,-0.053718934622405796,0.051736172505163186,0.13090567234012265,-1.5255369471201892,0.42687259784604586,1.4317199625220596,0.014063659128589902,0.14337739589454018,0.1403442331303376,-1.627122475540263,0.31611559112144494,1.4438320056743528,0.013716602222796448,0.07562312357731275,0.1346272669470699,0.09000117304571391,0.09000117304571391,0.0,0.12221083105243119,0.4819950505001552,-0.5834132712122306,0.0218575144321833,0.019711704959420505,-4.7207076991608,0,0.586144682398544
32.68927999999628,-2.014822449988391,0.41459067743800165,1.2201856879715187,-0.05319942078197918,0.05373456341894253,0.12844967904158108,-1.9793648467360534,0.3560057123817954,1.40581132310797,-0.006101469675662073,0.278677498952255,0.040122410935928304,-1.8032583864432317,0.33663811377617936,1.4249067916271516,0.0036018890037095618,0.1783193084156126,0.08644813933430753,0.09000117304571391,0.09000117304571391,0.0,0.12139180251647984,0.4777679695593026,-0.5751791754592773,0.021660686490433234,0.020510849483230603,-4.720990507237541,0,0.5859447430987326
32.69343999999628,-2.0150419642944035,0.41482282315735847,1.2207108067210548,-0.052683433442926475,0.05571497264563442,0.1260284998886743,-1.8489030827474873,0.13197474586660396,0.896103046714672,-0.15986913854105483,0.13861554619876904,0.2482828849152382,-1.8264141852663665,0.2345899314834019,1.1610197659447088,-0.07783075803542766,0.1600964055571539,0.16633294499998172,0.09000117304571391,0.09000117304571391,0.0,0.12057768833883326,0.4735686579210966,-0.5670542947170982,0.02146562966541834,0.021304351214799705,-4.721275014433379,0,0.5857367382215282
32.69759999999628,-2.0152593432548382,0.4150631461560662,1.2212259803470473,-0.052170950504283595,0.0576775196898517,0.12364167023822,-1.6509244492380486,0.5084637716902451,1.159747986281574,0.04443127330088671,0.15079438544045454,0.17639615391556496,-1.7385753172268772,0.3718409335870256,1.1607521408642767,-0.016878880306142735,0.1561587651946521,0.1707028573094783,0.09000117304571391,0.09000117304571391,0.0,0.11976845884845462,0.4693969506190842,-0.5590371968031762,0.021272370061976364,0.022091491571782168,-4.721561142793146,0,0.5855207193456964
32.70175999999628,-2.0154746013799185,0.4153115725029863,1.2217313500621796,-0.051661950019274774,0.05962232326081979,0.12128873163171956,-1.6712953881988277,0.23708709130835903,1.460396807585579,0.0319234007970903,-0.021221520186794574,-0.027063829779069917,-1.704870023736704,0.30441736920088835,1.3105218487888128,0.008260376536024676,0.06823015869537966,0.07107735865573717,0.09000117304571391,0.09000117304571391,0.0,0.1189640845915894,0.46525268378541385,-0.5511264685829471,0.021080914518915077,0.022871935635394594,-4.721848816222494,0,0.5852967385116058
32.705919999996276,-2.0156877530890625,0.41556802875831883,1.2222270551943142,-0.051156410194490715,0.06154950127981389,0.11896923171232125,-1.9192407971529324,0.5785303663134256,1.4772418328508692,0.11698947279837071,-0.06371703255347448,0.13909352985318738,-1.8118133169732042,0.4413406977478843,1.3941742586188295,0.0624935117454814,0.0034952475635283927,0.10414793774172111,0.09000117304571391,0.09000117304571391,0.0,0.11816453633133783,0.4611356946395476,-0.5433207157123601,0.020891260169516927,0.023645540111120945,-4.722137960448408,0,0.585064848191234
32.710079999996275,-2.0158988127115167,0.4158324419703507,1.2227132332115762,-0.05065430938906789,0.06345917088764709,0.1166827241428866,-2.325326978352972,0.3402738271512117,1.1971398141325829,0.0006601313610505935,0.1185769830688588,0.23393163109414084,-2.068572015703897,0.3910504208433014,1.2961438944414592,0.03141142253855141,0.062361183240217714,0.168230486674562,0.09000117304571391,0.09000117304571391,0.0,0.11736978504529953,0.45704582147581924,-0.5356185623866797,0.02070339922740754,0.024412257312528354,-4.722428502980528,0,0.5848251012592423
32.71423999999627,-2.016107794486991,0.4161047396722349,1.2231900197470975,-0.050155626113872816,0.0653514484522023,0.11442876852512368,-1.8518071348597795,0.24060188481491396,0.954402029011516,-0.04408078336661394,0.16067800973148733,0.2276142105997419,-1.9602807661508665,0.3161572356110687,1.1257468784707958,-0.005838947208811525,0.11250865771078426,0.19653510896839219,0.09000117304571391,0.09000117304571391,0.0,0.11657980192663513,0.4529829036527251,-0.5280186510886973,0.020517321384899298,0.025172087156583922,-4.722720373073274,0,0.5845775509650832
32.71839999999627,-2.0163147125662855,0.4163848498788016,1.22365754862343,-0.049660339030672705,0.06722644957601157,0.11220693031977924,-1.9733415202981612,1.0677892279368695,1.5158536522608879,0.006593931267926116,0.06810138187974285,0.10931872589123905,-1.9667977686848874,0.6921169685420951,1.3210316564038305,0.0004965466376493406,0.09183291367986422,0.1523163035037853,0.09000117304571391,0.09000117304571391,0.0,0.11579455838084977,0.44894678157945833,-0.5205196423438492,0.020333015017368426,0.025925053164670017,-4.7230135016887544,0,0.5843222509061069
32.72255999999627,-2.016519581011916,0.41667270108340104,1.2241159518766294,-0.04916842695130607,0.06908428910386617,0.11001678076785214,-1.877891183058725,0.5457808374872203,1.3019250748211908,0.05342404287994635,0.1890414315231254,-0.07716778081014182,-1.922233479092604,0.6193389401120111,1.311319633896171,0.027315515275289387,0.14145974833446015,0.03667116227751555,0.09000117304571391,0.09000117304571391,0.0,0.11501402602663373,0.44493729670534965,-0.5131202144754137,0.02015046779045418,0.0266711904663953,-4.723307821460439,0,0.5840592550016311
32.72671999999627,-2.0167224137987363,0.416968222254778,1.2245653597800161,-0.04867986883683207,0.07092508113046299,0.10785789681281864,-1.9228487012317796,0.1491223432007242,0.5051011115107884,-0.11224669047512359,0.16302889022199527,-0.08749206532637309,-1.9227745397028184,0.38456623825685,0.9080244168350302,-0.042468491851189255,0.15234315101792129,-0.026203862147083937,0.09000117304571391,0.09000117304571391,0.0,0.11423817669306621,0.44095429150633847,-0.5058190633657862,0.019969666968476275,0.027410539804752807,-4.723603266657592,0,0.5837886174679426
32.73087999999627,-2.0169232248145557,0.41727134283397826,1.2250059008676155,-0.04819464379666963,0.07274893900806677,0.10572986102383695,-1.3688620890323357,0.23236234017539115,1.582962917571166,0.13421398993911737,0.09675091632212707,-0.005431866004132299,-1.645535197426978,0.30866235908363204,1.2454887732573985,0.04582309449374833,0.1255623584115375,-0.01662762754921549,0.09000117304571391,0.09000117304571391,0.0,0.11346698242002143,0.4369976094735485,-0.49861490221764354,0.019790599573276883,0.028143144541898292,-4.723899773150426,0,0.5835103927941986
32.73503999999627,-2.0171220278607542,0.4175819927312874,1.225437701957282,-0.047712731087709105,0.07455597535418786,0.10363226151992451,-1.904235457727626,-0.04091485267680939,1.1760082202921227,-0.22893173019834628,0.15248419056117912,0.2558084784404136,-1.7753649387773824,0.13418780798994687,1.211281817449777,-0.09075315671810305,0.13933973601691432,0.11873985675498067,0.09000117304571391,0.09000117304571391,0.0,0.11270041545622066,0.43306709510087027,-0.491506461320356,0.0196132524680929,0.028869049165187045,-4.72419727837599,0,0.5832246357191971
32.739199999996266,-2.0173188366528936,0.41790010232320096,1.2258608881735116,-0.047234110113402596,0.0763463020592608,0.10156469189508087,-1.987789575769201,0.9681128940238503,1.0548079131959676,-0.224951847955532,0.06612408164972705,-0.07960282500161907,-1.8820480878628973,0.5512915748239049,1.1328810332753205,-0.1571462891190353,0.10376930176780534,0.018218305200267876,0.09000117304571391,0.09000117304571391,0.0,0.11193844825834881,0.429162593872191,-0.48449248781823645,0.019437612403768106,0.02958829854328686,-4.724495721304755,0,0.5829314012089865
32.743359999996265,-2.017513664821322,0.41822560244942725,1.2262755829699463,-0.046758760422825146,0.0781200302943108,0.09952675114434432,-1.922001452886206,0.5183741068645896,1.2743621291131408,-0.14350187980140988,0.08889236034201906,0.16315500598974714,-1.9023257737290362,0.5350166768473945,1.2039650270573792,-0.1492459348554618,0.09672952181632788,0.08918765606550783,0.09000117304571391,0.09000117304571391,0.0,0.1111810534888842,0.42528395224944704,-0.47757174548170905,0.019263666045964016,0.030300937557274914,-4.724795042407888,0,0.5826307444352864
32.747519999996264,-2.017706525911779,0.4185584244099214,1.2266819081515745,-0.046286661709709326,0.07987727051859932,0.097518043590767,-2.970762064248949,0.7712782649263683,1.506214381643808,-0.030817530040229586,0.12407060148222848,0.2213841300237187,-2.436616785426177,0.6534048340529263,1.3555539152572005,-0.08941878829100061,0.1115298720520218,0.15449685424403287,0.09000117304571391,0.09000117304571391,0.0,0.11042820401606189,0.4214310176602171,-0.47074301448183686,0.01909139999270469,0.03100701091917221,-4.725095183625213,0,0.5823227207546917
32.75167999999626,-2.0178974333859934,0.41889849996195155,1.22707998389663,-0.0458177938114417,0.0816181324872335,0.09553817881329292,-1.7566015427908224,0.13720975079781672,0.8598205952183833,-0.041689947142554876,0.009066639254063341,0.23537180279405961,-2.0966940702078936,0.3953224427963177,1.1081745844141468,-0.06413865307418992,0.06035092789229852,0.19433697055760038,0.09000117304571391,0.09000117304571391,0.0,0.10967987291212433,0.4176036384850702,-0.46400509116629346,0.01892080078692583,0.03170656308414092,-4.725396088333821,0,0.5820073856886334
32.75583999999626,-2.018086400622277,0.41924576131719626,1.2274699287781947,-0.045352136708026417,0.08334272525872542,0.09358677157553283,-2.2173488652922693,-0.031465631888132395,0.9352399448861888,-0.2707023085987984,0.18406881269086767,0.010998482420017469,-2.1575859404794278,0.18230599446352885,1.021731203024488,-0.16713052766156994,0.12329937810276416,0.10158701544189437,0.09000117304571391,0.09000117304571391,0.0,0.1089360334509251,0.41380166404595053,-0.457356787839143,0.018751854926369573,0.03239963820945572,-4.725697701317336,0,0.5816847949040713
32.75999999999626,-2.0182734409161145,0.4196001411388733,1.227851859785509,-0.044889670521017035,0.08505115720249129,0.09166344175542093,-2.2690719107162076,0.6875797454997477,1.046067571688381,0.15976156042541545,0.1378782825824092,0.06579369671917873,-2.212999014074291,0.4352310271980215,1.0340383871824508,-0.002932335131736509,0.13162710455282586,0.08274031966086343,0.09000117304571391,0.09000117304571391,0.0,0.1081966591072381,0.41002494459335537,-0.45079693254337133,0.01858454887200047,0.033086280136804286,-4.725999968735814,0,0.5813550041948915
32.76415999999626,-2.0184585674807494,0.41996157253889943,1.2282258923449914,-0.044430375512408554,0.08674353600627203,0.08976781427574447,-2.1751134916415396,0.5930436962241816,1.3182263494215851,-0.021374123124295125,0.19985026518166193,0.08841842366072158,-2.1941007469312943,0.5145534828118451,1.1763197693333292,-0.012007017432274183,0.16605452106777144,0.08485550053880742,0.09000117304571391,0.09000117304571391,0.0,0.10746172355520818,0.40627333129465726,-0.44432436884489535,0.018418869055533735,0.03376653238619204,-4.726302838096265,0,0.5810180694639874
32.76831999999626,-2.018641793447764,0.4203299890750805,1.2285921403409727,-0.043974232083492805,0.08841996868346631,0.0878995190355437,-2.392382886557314,-0.2767927045135082,0.9752413853084165,-0.1229122001300137,-0.00399850168445702,-0.138784341714848,-2.2934989622906627,0.11886588317564042,1.0754943326000708,-0.06740237427674696,0.08135228803848307,-0.028791579461702847,0.09000117304571391,0.09000117304571391,0.0,0.10673120066636967,0.40254667622250295,-0.4379379556204133,0.018254801886376154,0.03444043815558838,-4.7266062582237796,0,0.5806740467060012
32.77247999999626,-2.018847915594225,0.42042062032294697,1.229190925142933,-0.04946931515061975,0.021751499487955017,0.14370835247045585,-2.411954407744327,0.03465841818428517,1.2088577531139035,-0.13546432110844814,0.08971857244072522,0.24846884329165814,-2.3530051627323667,0.0770167760260038,1.1426373609815839,-0.10340668662444182,0.05254820849660351,0.13695120534243657,0.09000117304571391,0.09000117304571391,0.0,0.11794510139272217,0.5360066643565875,-0.6633273926982065,0.01908339207940908,0.021426390181461117,-4.7269106247157975,0,0.5806200232335988
32.776639999996256,-2.0190519504545548,0.4205205398177117,1.2297780787246406,-0.048968366479118584,0.023980678743541806,0.14091685960982298,-2.127932631130206,0.30037691057355126,1.0209232743272394,-0.12014172984689792,0.004755563847740691,0.11711201621602058,-2.2407180904363893,0.18870451301735386,1.0820251921918447,-0.11135137255132745,0.030474758687811635,0.12600550107276884,0.09000117304571391,0.09000117304571391,0.0,0.11714563330543314,0.5314412415454508,-0.6539049878159306,0.019405402032297424,0.015363599249194223,-4.727215872447335,0,0.5805567634278409
32.780799999996255,-2.0192539123925175,0.4206296665534025,1.230353767144005,-0.04847086511100468,0.0261904165657919,0.13816522064745607,-2.1737129923477267,0.03666777547511113,1.2989356924411684,-0.0331800791105048,-0.10513592385277667,0.1222713355482775,-2.2072837348039047,0.11246390525725275,1.190738159160807,-0.07243965568308737,-0.03612199750587132,0.12323554955401968,0.09000117304571391,0.09000117304571391,0.0,0.11635099795152509,0.5269055566721472,-0.6446078585131645,0.01947502871286984,0.012772587261874259,-4.727521937974363,0,0.5804843215800689
32.78495999999625,-2.0194538156807593,0.4207479200618814,1.2309181542348788,-0.047976789178042066,0.02838084203492626,0.1354529018096903,-2.310897623155189,0.3350432842705291,0.751926454905187,-0.029095992695982714,0.07085785437918915,0.2337593772737091,-2.2591534763639722,0.22389975941844262,0.9718209902946724,-0.050023602392838526,0.018695462584277504,0.175826002866314,0.09000117304571391,0.09000117304571391,0.0,0.11556116579701922,0.5223994316309902,-0.6354343577756059,0.019419363815996647,0.011913641170237833,-4.727828759496209,0,0.5804027526799553
32.78911999999625,-2.019651674501431,0.42087522040916875,1.2314714016367125,-0.047486116961118846,0.030552083348973177,0.13277937644010634,-2.434126341108405,0.14656821272408543,0.6898505311972414,-0.2692081452132785,-0.10193679819616384,-0.01147024015823328,-2.3472017021693534,0.18501960397437398,0.830812709904786,-0.15930182594651968,-0.04074003728942404,0.08085313404522096,0.09000117304571391,0.09000117304571391,0.0,0.11477610751656081,0.5179226895487766,-0.6263828605194761,0.0193019463422841,0.011916930237050052,-4.728136276818769,0,0.5803121123738658
32.79327999999625,-2.0198475029468033,0.4210114881917959,1.2320136688238121,-0.04699882688934567,0.032704267830511946,0.13014412490389538,-2.1724976809700687,0.10860388895511047,0.8248268030814234,-0.20598447959482702,-0.035731928333359295,0.1969125083067713,-2.260276796876047,0.1467341125649647,0.8282337231605696,-0.18269494546858828,-0.036900627584186364,0.13674227025685007,0.09000117304571391,0.09000117304571391,0.0,0.11399579399126006,0.5134751547759457,-0.6174517632979738,0.019154538892749623,0.012347564672238924,-4.728444431318534,0,0.580212456924757
32.79743999999625,-2.0200413150198835,0.4211566445331853,1.2325451131342022,-0.046514897539203605,0.034837521933450126,0.12754663449360998,-2.275146686537389,0.44154947185750776,1.6352953034940916,0.159239329172371,0.18551899302418146,0.0753049667606221,-2.26738213825768,0.2945279001828788,1.2319291198697115,-0.011025706887216734,0.07517444978002841,0.1049086404703888,0.09000117304571391,0.09000117304571391,0.0,0.11322019630845272,0.509056652875732,-0.608639484008467,0.018993015821289976,0.012988124953358566,-4.728753165907386,0,0.5801038431735523
32.80159999999625,-2.0202331246350242,0.4213106110800596,1.2330658897981035,-0.04603430763373266,0.036951971249839746,0.12498639933628836,-1.8375888462699679,0.40601441078900113,1.331600417655346,-0.06549748888521745,-0.035277265878756944,-0.009181008055767964,-2.0526185877874785,0.3501968731664582,1.2817457442476732,-0.03832056047280427,0.020766716628180974,0.04817199317973035,0.09000117304571391,0.09000117304571391,0.0,0.11244928576038911,0.5046670106150012,-0.5999444616070683,0.01882530731585348,0.013729926488670281,-4.729062424998158,0,0.5799863285019491
32.80575999999625,-2.0204229456185314,0.42147330999887944,1.2335761519660282,-0.04555703604176395,0.039047740516753186,0.12246292030190979,-2.0573744401458227,0.7011724894434834,2.1602592908414415,-0.10570081557462795,0.07167263462774123,0.05374820852906273,-2.0552168840331566,0.5258334408705222,1.7211229146714324,-0.071774531874051,0.047549960891487345,0.04977927298384412,0.09000117304571391,0.09000117304571391,0.0,0.11168303384313326,0.5003060559531327,-0.5913651558256937,0.01865537144377917,0.014518651951491834,-4.729372154470954,0,0.5798599707966019
32.80991999999625,-2.0206107917092697,0.42164466397230954,1.2340760507364996,-0.04508306177719283,0.041124953623223846,0.11997570491315915,-2.2476321840558455,0.6292969202969352,1.5953269232253575,-0.005219214221160277,0.10074130931668429,0.07416396577144985,-2.1514381470383714,0.5777740110107811,1.6583807552400314,-0.03782278720292294,0.07483105418019644,0.060788325155938266,0.09000117304571391,0.09000117304571391,0.0,0.11092141225652803,0.4959736180324771,-0.5829000468935448,0.018485180179040155,0.015327167450142683,-4.7296823016401826,0,0.5797248284146387
32.814079999996245,-2.0207966765592627,0.42182459619571483,1.2345657351834016,-0.044612363998286116,0.04318373361727096,0.11752426725646858,-1.9405897032964712,0.5020467517283588,1.147909142611447,-0.15897950162763858,-0.08220573400416226,0.06169815989534415,-2.0463429531583865,0.5397372770709481,1.4032723087130434,-0.09847481439093785,-0.00291330547286941,0.059992319790988576,0.09000117304571391,0.09000117304571391,0.0,0.11016439290201958,0.49166952716712753,-0.574547635263672,0.018315712420264814,0.016141930615654485,-4.729992815222319,0,0.579580960150459
32.818239999996244,-2.020980613734292,0.4220130303736857,1.2350453523829612,-0.04414492200702916,0.04522420271301326,0.1151081278943011,-2.21179629916996,-0.12176400941200322,1.1045726367620687,-0.20405907189857433,0.005627139429688503,0.18765420106024389,-2.129494327954371,0.20899137540063795,1.2543139507873928,-0.1516895250109267,0.002478582111920204,0.12225096489653414,0.09000117304571391,0.09000117304571391,0.0,0.10941194788304338,0.48739361483257077,-0.5663064413407866,0.018147450503979888,0.01695619464833393,-4.73030364530436,0,0.5794284252037722
32.82239999999624,-2.021162616714494,0.42220989071659354,1.2355150474403722,-0.04368071524849852,0.04724648229788591,0.11272681377865505,-1.72988312446597,0.7339500447295295,1.3837170437790522,-0.022053221241996625,0.2896484207495294,0.10232410525677096,-1.9297320891496774,0.4720726475921228,1.3192294962248698,-0.08674063195979913,0.1480627903974741,0.11216269376965098,0.09000117304571391,0.09000117304571391,0.0,0.10866404950391212,0.48314571365466674,-0.5581750052163212,0.01798062846530041,0.0177666103437258,-4.730614743312963,0,0.5792672831488305
32.82655999999624,-2.0213426988949537,0.42241510193717674,1.2359749635160628,-0.043219723310262186,0.04925069293996699,0.1103798581657436,-2.1182827961699853,0.5962204650925205,1.4395586018883695,-0.15590095240500063,0.0912163392524061,0.2232100122832063,-2.0243327756145795,0.5343342388992763,1.3798605753944309,-0.1214393980023904,0.12104412059838263,0.16699933873526823,0.09000117304571391,0.09000117304571391,0.0,0.1079206702697698,0.47892565739784937,-0.5501518864045589,0.017815356172185236,0.018571527108252942,-4.730926061984257,0,0.5790975939048139
32.83071999999624,-2.0215208735862946,0.4226285892471576,1.2364252418516122,-0.042761925921797984,0.05123695439541764,0.10806680053182725,-1.840209389809103,-0.07250647098809698,1.3847161223725655,-0.07941204279018385,-0.02525191217411301,-0.05921929836673513,-1.9324365105751882,0.23085610696415043,1.382166859599473,-0.09968718584309127,0.048389856476062934,0.0531105582776734,0.09000117304571391,0.09000117304571391,0.0,0.10718178288483303,0.47473328095431255,-0.5422356635830451,0.01765168139632106,0.019370143469673674,-4.731237555334303,0,0.5789194177073292
32.83487999999624,-2.0216971540152695,0.42285027835389116,1.2368660217953211,-0.04230730295393197,0.05320538561604524,0.10578718649016451,-1.884086947633936,0.5974934398173849,0.9742523305008336,-0.06325575411128902,0.15391510333468306,0.07269092550992608,-1.908393143529637,0.4144942676607799,1.1783596058706205,-0.08138598912723412,0.10268931383568654,0.062096400058272966,0.09000117304571391,0.09000117304571391,0.0,0.10644736025319464,0.4705684203318822,-0.5344249343368737,0.017489620852172212,0.020162082334930144,-4.731549178630201,0,0.5787328150809804
32.83903999999624,-2.0218715533253455,0.4230800954570453,1.2372974408274422,-0.0418558344182802,0.05515610475698724,0.10354056770904663,-2.244939524858955,0.32531127397868964,1.4725119543611453,-0.022148077594849793,0.0073999478776825625,-0.1396347480608404,-2.0767153084495287,0.3699150859580876,1.3251488958179485,-0.051505440265014274,0.05622997330345519,-0.03947443740464238,0.09000117304571391,0.09000117304571391,0.0,0.10571737547727446,0.4664309126419634,-0.5267183149064345,0.017329175719966575,0.020947178621675288,-4.731860888361813,0,0.5785378468129738
32.84319999999624,-2.0220440845772902,0.4233179672453141,1.237719634585071,-0.0414075004666973,0.05708922918451604,0.10132650183088455,-2.3722604179717526,0.560632063373586,1.0227712825321955,-0.05595573042808246,0.11280435079120399,0.056496262650770034,-2.2246064489913784,0.4655077062653392,1.1740788470291585,-0.053667110138876026,0.08539477552510169,0.006887640131095306,0.09000117304571391,0.09000117304571391,0.0,0.10499180185840497,0.46232059608697446,-0.519114439936706,0.017170339410508745,0.021725373076623547,-4.7321726422141115,0,0.578334573927721
32.847359999996236,-2.0222147607497516,0.42356382089316397,1.2381327368867057,-0.040962281390716476,0.05900487548396073,0.09914455239232428,-2.0391440005562687,0.3870621270596491,1.6750943822365887,-0.026119693814964498,-0.007896272001990487,0.07169496457065391,-2.1319310043944664,0.4262651526073998,1.4247397923572784,-0.038573251718686224,0.04009729535077551,0.03902344682084623,0.09000117304571391,0.09000117304571391,0.0,0.10427061289463585,0.45823730994822875,-0.5116119622319593,0.017013101450767492,0.02249665918729845,-4.732484399040117,0,0.5781230576624043
32.851519999996235,-2.022383594739839,0.4238175840576129,1.238536879756478,-0.04052015762098555,0.06090315946774219,0.09699428874535163,-2.171561650646617,0.6191133122583465,1.4842718878661538,-0.08909572576705643,0.05825943680350599,-0.03589677831907065,-2.151931531805848,0.5228092096428244,1.4544334977341342,-0.06401856393889747,0.050403423640509315,0.0006519881131957806,0.09000117304571391,0.09000117304571391,0.0,0.10355378228195572,0.45418089457276895,-0.504209552512036,0.016857449429716852,0.0232610566404641,-4.732796118834422,0,0.5779033594434702
32.855679999996234,-2.0225505993637003,0.42407918487504415,1.2389321934480586,-0.040081109726678,0.06278419618350915,0.09487528597936434,-2.4390279808844473,0.5710676225862832,0.9474030064393192,0.0501616280029393,0.12372575935175664,0.17323271560413012,-2.2953769184900685,0.547193393327643,1.2012786342928623,-0.0071820028750879065,0.0883612633119764,0.08519493716139427,0.09000117304571391,0.09000117304571391,0.0,0.1028412839123061,0.4501511913598992,-0.496905899171709,0.01670336997417078,0.024018598053882824,-4.733107762707294,0,0.5776755408640154
32.85983999999623,-2.022715787357096,0.424348551958054,1.2393188064682428,-0.03964511841488554,0.06464809992236313,0.09278712484418473,-1.9094034375311626,0.09107912210710511,1.7076077904781048,0.06107598283303046,-0.09941867382512902,0.02652763183210935,-2.102261387541546,0.3189257695532641,1.4545040862122158,0.027397802824126977,-0.005272152855809956,0.05482926978855845,0.09000117304571391,0.09000117304571391,0.0,0.10213309187415737,0.44614804274875297,-0.48969970804335133,0.01655084923948697,0.024769322344718927,-4.733419292859336,0,0.5774396636620394
32.86399999999623,-2.022879171375971,0.4246256143923338,1.2396968456002178,-0.03921216452997493,0.06649498422716274,0.09072939167398666,-2.2873988450929383,-0.2575677079758376,1.1408387803621673,0.02430418108828386,0.15928277377148262,-0.0016516612196904312,-2.194780108145779,0.031004443430905054,1.2976703397701561,0.025489754424696687,0.0778876406113248,0.024410974768208256,0.09000117304571391,0.09000117304571391,0.0,0.1014291804505174,0.4421712922039023,-0.48258970216121416,0.016399873157578446,0.025513271416247776,-4.733730672556697,0,0.5771957896995247
32.86815999999623,-2.0230407639970247,0.4249103017335875,1.2400664359265183,-0.038782229052913474,0.06832496190088327,0.08870167831211997,-2.6312553339206177,0.3586004062446999,0.8016270738347588,-0.10040465269950596,0.03318069035428892,0.14481165983650815,-2.4132288853682193,0.19487215898469962,1.049949594197226,-0.03779975497431946,0.05629341801979289,0.0830868524501693,0.09000117304571391,0.09000117304571391,0.0,0.10072952411907432,0.43822078420210797,-0.475574621530106,0.0162504275634571,0.026250488503696143,-4.734041866106812,0,0.5769439809423214
32.87231999999623,-2.023200577718277,0.42520254400448343,1.2404277008516718,-0.03835529310054862,0.07013814501501765,0.08670358203680587,-1.5387982615548401,0.5171520725529085,1.5149604790784208,0.02408486286443006,0.20849888185152604,0.17475076982054455,-1.9759580810952762,0.35644344471425143,1.2828246508716135,-0.006514114612982753,0.13459720905613598,0.12752630050286828,0.09000117304571391,0.09000117304571391,0.0,0.10003409755105465,0.4342963642186611,-0.46865322289484823,0.0161024982609224,0.026981017349624985,-4.734352838834685,0,0.5766842994408049
32.87647999999623,-2.0233586249596303,0.42550227169164173,1.2407807621245373,-0.03793133792484182,0.07193464491799685,0.08473470548769457,-2.4878900828480357,0.3347763324375931,1.5143224490271916,-0.18570652496666684,-0.016284085918927757,0.15687630748307463,-2.232313852097453,0.34557543834003074,1.3989029301233669,-0.09613553023936602,0.059372109175289005,0.14149638456509567,0.09000117304571391,0.09000117304571391,0.0,0.09934287561029191,0.43039787871304747,-0.46182427951351174,0.015956071057705523,0.02770490179405718,-4.734663557059662,0,0.5764168073112781
32.88063999999623,-2.0235149180634306,0.42580941574265674,1.2411257398603426,-0.03751034491205152,0.07371457224360493,0.08279465659326651,-1.6227053087569459,0.6891366098514331,0.8589622459047224,0.1519933861296675,0.08193704144255903,0.12479071268840103,-1.9271900196313794,0.5175265593880897,1.1291909534951423,0.028320199333156035,0.07175686174416808,0.13190277843564333,0.09000117304571391,0.09000117304571391,0.0,0.09865583335207813,0.42652517511548627,-0.4550865809323064,0.015811131785226744,0.028422185571947305,-4.7349739880727295,0,0.5761415667180937
32.884799999996225,-2.023669469295022,0.4261239075631541,1.241462752562422,-0.03709229558186259,0.07547803691936947,0.08088304849906969,-1.7481671989732082,0.40600537460501457,1.630688327637646,0.11112446084131161,0.05453399495660751,-0.003804165071580101,-1.8374451135533882,0.461876834039548,1.3799365460683508,0.06918455417319666,0.06400324393893082,0.06342865439674945,0.09000117304571391,0.09000117304571391,0.0,0.09797294602158389,0.42267810181311294,-0.44843893276363156,0.015667666310547973,0.02913291221428929,-4.73528410011429,0,0.5758586398564702
32.888959999996224,-2.023822290843299,0.42644567901388286,1.2417919171436587,-0.0366771715864614,0.07722514817490206,0.07899949949678252,-1.6723235103689198,0.22615279591941204,1.62928310448979,-0.0633151193905115,0.16106051285662537,0.27800527971305133,-1.7550152503031722,0.3443458136381113,1.5051910626396425,0.0031356142563532296,0.11365709941400493,0.17010234691561352,0.09000117304571391,0.09000117304571391,0.0,0.09729418905334376,0.41885650813575254,-0.44188015646622886,0.015525660544314488,0.029837125001005806,-4.735593862352424,0,0.5755680889359756
32.89311999999622,-2.023973394821255,0.4267746624078419,1.2421133489476341,-0.0362649547095505,0.07895601455016359,0.07714363295409812,-1.8419032965585294,1.1745176036181233,1.405211088974746,0.008350918491308479,0.1739222786459573,0.17948553391657623,-1.7984421940595117,0.7597969583486373,1.4555757100680342,0.005590169668542331,0.14489785202376068,0.1738272492158345,0.09000117304571391,0.09000117304571391,0.0,0.09661953806945567,0.4150602443426211,-0.43540908912701837,0.015385100446585096,0.030534866939687075,-4.735903244861622,0,0.5752699761646567
32.89727999999622,-2.0241227932665273,0.4271107905074404,1.2424271617694902,-0.03585562686530753,0.08067074390363445,0.07531507724543034,-2.4331044877936323,0.3634524575600154,1.6667928490090147,-0.15474310139105318,0.1509326403356776,0.16551326681897321,-2.116097435733802,0.5619354558303806,1.561532869720562,-0.07562759704398923,0.14811402628817336,0.16830068398146159,0.09000117304571391,0.09000117304571391,0.0,0.09594896887820344,0.4112891616086715,-0.42902458324698234,0.015245972031504235,0.0312261807572101,-4.73621221860198,0,0.5749643637337918
32.90143999999622,-2.0242704981419326,0.4274539965216919,1.2427334678765045,-0.03544917009728702,0.08236944342036558,0.07351346568343385,-1.710433151676979,0.9192317735939716,1.3884264509432098,0.20606527394584176,0.15388301090808698,0.12589272991589448,-1.91283432470543,0.7409042435268143,1.4752428035485996,0.06543132706068049,0.15193267857982054,0.1458966956112296,0.09000117304571391,0.09000117304571391,0.0,0.09528245747139152,0.4075431120112267,-0.4227255065278986,0.015108261371295673,0.031911108897749646,-4.7365207553988435,0,0.5746513138032424
32.90559999999622,-2.0244165213360046,0.42780421410344144,1.2430323780283852,-0.03504556657727152,0.08405221961988983,0.07173843645134637,-1.9326998222693017,0.47162518942968296,1.4842798692062635,-0.07022287255088136,0.09566123979074057,0.13567354899356387,-1.9229127300084883,0.6064605281497589,1.4800467014514325,-0.0026486764940969985,0.12441441933381985,0.13929286996765625,0.09000117304571391,0.09000117304571391,0.0,0.09461998002445451,0.4038219485169532,-0.4165107416627136,0.014971954599821681,0.0325896935239336,-4.73682882792289,0,0.5743308884873856
32.90975999999622,-2.0245608746635213,0.4281613773466247,1.2433240014972857,-0.03464479860406274,0.085719178363975,0.06998963253615034,-1.9613979909041022,0.49850835525768245,0.9295178306124745,-0.14533118985625082,0.10001440304094944,0.1686152029855705,-1.9424599649717287,0.5526892039492117,1.2051317864334496,-0.0729948114475854,0.11342258981245575,0.15267409127530246,0.09000117304571391,0.09000117304571391,0.0,0.09396151289271454,0.4001255249691763,-0.41037918612699975,0.014837037915830754,0.03326197651951602,-4.737136409670651,0,0.5740031498416045
32.91391999999622,-2.0247328311895143,0.4282621285209875,1.2438457386101178,-0.04126956623832694,0.02418028184708018,0.12521690707970698,-2.2803247616917894,0.3421290957100166,0.7772127574548802,0.0684416404735328,0.16243835668579656,0.1752565961690994,-2.1112460511008395,0.4478112102898881,0.991476547157283,-0.005324440215699274,0.10635227824809307,0.19149619541436422,0.09000117304571391,0.09000117304571391,0.0,0.10740423791691818,0.5232998068814533,-0.6332075166304489,0.015790996411771337,0.021258746506774513,-4.737443994351886,0,0.5739497847514777
32.918079999996216,-2.0249028905576254,0.4283719457187728,1.2443563839249723,-0.040814248346707965,0.026356127468473548,0.12255487556505798,-2.5426676061953604,0.2711231814753181,1.6301673859927843,-0.13501801967583027,0.13397844792431865,0.06026276598007433,-2.327240211491389,0.35974186103371353,1.3109543443546678,-0.0703887194452133,0.12149539416868185,0.12465513117330766,0.09000117304571391,0.09000117304571391,0.0,0.10666220214949913,0.5188313245767826,-0.6240742622118902,0.016189400038857306,0.015691894889358494,-4.737751539941339,0,0.5738869881730777
32.922239999996215,-2.0250710660715714,0.4284907496890301,1.244856098289618,-0.04036212334708541,0.028512952861753156,0.11993144751499066,-2.2675248176936953,0.04960081613245776,1.313465869692339,-0.050843273481932905,0.0934703053071392,0.21321708896243763,-2.297489406633686,0.2048629626366839,1.3126558939492645,-0.05986840531757269,0.10778336473894311,0.16783220386084996,0.09000117304571391,0.09000117304571391,0.0,0.10592467854560482,0.5143919569180277,-0.6150628762589376,0.01631083473959672,0.013339462670773065,-4.738059005618602,0,0.5738148230036758
32.926399999996214,-2.0252373709503746,0.428618461706128,1.2453450403903044,-0.03991317091275932,0.03065088410349602,0.11734610416471365,-2.4207429023817704,0.4776352171217731,1.614462214468155,0.08425011322399709,0.17099677277461905,0.02983674109401742,-2.358943549888058,0.3416040709578881,1.4636250350744207,0.013033050053061955,0.14063425434884358,0.09797326245971101,0.09000117304571391,0.09000117304571391,0.0,0.1051916396057606,0.5099815300737638,-0.6061717564462938,0.016294586237819993,0.012590495347176798,-4.7383663517399395,0,0.573733352598188
32.93055999999621,-2.0254018183289375,0.4287550035661481,1.2458233667805907,-0.03946737085506183,0.032770046404825476,0.11479833366871127,-2.2790791587916757,0.4271619634490346,1.0751172089517669,-0.011243259316868207,-0.1563961261406247,0.10154164244032378,-2.319034066506962,0.38405651184421913,1.269582921481587,0.0008413280090151312,-0.006994180739011724,0.09816354294942196,0.09000117304571391,0.09000117304571391,0.0,0.10446305802264677,0.5055998714241882,-0.5973993217709378,0.016210290143762435,0.012639540472682457,-4.738673539810745,0,0.5736426407339646
32.93471999999621,-2.0255644212586152,0.4289002975833063,1.2462912319097923,-0.03902470312270503,0.03487056411796045,0.11228763100839159,-1.9335509395480817,0.9696536132804987,1.5177161483136634,-0.12917884111397426,0.05968957880715098,0.057886491407746356,-2.126559287976902,0.676979802914976,1.3937745923955795,-0.06377858752656225,0.028031143344443434,0.07662404335049508,0.09000117304571391,0.09000117304571391,0.0,0.10373890668060341,0.5012468095521565,-0.5887440122693824,0.016092757009922833,0.01308389644421592,-4.73898053245861,0,0.5735427515769425
32.93887999999621,-2.0257251927077866,0.42905426658640156,1.2467487881510468,-0.038585147801179234,0.03695256074286733,0.10981349790107074,-1.9053499219998968,0.07603123253607796,0.7990088768319824,-0.1184234493857858,0.08876593647159997,-0.016293308508907214,-2.016199159883647,0.3766823634098575,1.0963560730659887,-0.09120067226612193,0.06011593155844368,0.029022147925271066,0.09000117304571391,0.09000117304571391,0.0,0.10301915865556102,0.4969221742331764,-0.5802042887363541,0.015959384862177836,0.013722236896138997,-4.739287293407003,0,0.5734337496491082
32.94303999999621,-2.025884145562421,0.42921683391529336,1.2471961858290064,-0.038148685112197794,0.03901615893403083,0.10737544271027119,-1.7403166149804505,0.5211565680986784,1.9530481458819944,-0.08189507531578191,0.14208776035588305,0.11672595526959761,-1.8784259645154462,0.4492130327734038,1.5249521087120308,-0.0867080135457347,0.1025306226466673,0.07228279957719774,0.09000117304571391,0.09000117304571391,0.0,0.10230378721347212,0.49262579642521176,-0.5717786324481134,0.015818865468396188,0.01445392289974358,-4.739593787449521,0,0.5733156997972274
32.94719999999621,-2.0260412926266422,0.4293879234174074,1.2476335732471617,-0.03771529541319152,0.041061480507362656,0.10497298035729638,-2.3026484726632495,0.21817071094031057,1.5263041580152323,0.037550718009364756,0.002773790613878925,0.13236725316615303,-2.090462493298585,0.333692991825569,1.52590516000773,-0.024389158418214037,0.05411683537252495,0.10150512832664157,0.09000117304571391,0.09000117304571391,0.0,0.10159276581002209,0.48835750825851293,-0.5634655448908652,0.01567553747568043,0.015228659065175603,-4.739899980424736,0,0.5731886671627918
32.95135999999621,-2.026196646623296,0.429567459444271,1.2480610967148036,-0.03728495919684339,0.04308864644726687,0.10260563223404011,-2.624744843619978,0.2223764429318415,1.2833039427235173,0.03589808076871818,0.12152963106180341,-0.05523114832782734,-2.357533951990392,0.278285840444261,1.4044909429618846,0.006333311422403636,0.08824017796582433,0.02171971330642771,0.09000117304571391,0.09000117304571391,0.0,0.10088606809140804,0.48411714302515085,-0.5552635474923483,0.015531562981802723,0.01602132159457305,-4.740205839191589,0,0.573052717153142
32.955519999996206,-2.026350220194507,0.4297553668480788,1.2484789005736243,-0.036857657090654104,0.04509777691387714,0.10027292611699527,-2.00380549101681,0.9191761512568097,1.0644289414647936,0.025295581036295728,-0.05696405583741635,0.0407707481389608,-2.180615813638612,0.5986137886407314,1.2345440621122759,0.016381302544145483,0.017190001092305583,0.030427785756493797,0.09000117304571391,0.09000117304571391,0.0,0.10018366789212275,0.4799045351673983,-0.5471711813561915,0.015388015823620862,0.016819372310814203,-4.740511331605335,0,0.5729079154137212
32.959679999996204,-2.0265020259022424,0.4299515709782891,1.2488871272239677,-0.036433369856544925,0.04708899125047539,0.09797439608242647,-2.0618517524164703,1.0626198261016173,0.532694716707565,-0.10030060173202367,0.03493617986260929,0.22844254418810497,-2.1214420582773457,0.8306905656143031,0.8840917363045852,-0.04171947319589388,0.02709809712247608,0.12841069940967212,0.09000117304571391,0.09000117304571391,0.0,0.09948553923658406,0.475719520266776,-0.5391870070020438,0.015245425723873225,0.017616565674077177,-4.740816426494035,0,0.5727543278014197
32.9638399999962,-2.0266520762288693,0.4301559976782521,1.2492859171507287,-0.03601207839047484,0.04906240799110576,0.09570958242265741,-2.0370944891904808,0.024504128416158732,1.733562828791825,-0.08772240266794434,0.1846532253247469,0.1119738355134534,-2.0794520419916203,0.42797383492805524,1.3090679604616602,-0.06380515561630207,0.10680039560857153,0.11931269773347766,0.09000117304571391,0.09000117304571391,0.0,0.09879165633798491,0.4715619350318384,-0.5313096041070052,0.015104050367051789,0.018409802292315133,-4.741121093635565,0,0.5725920203589692
32.9679999999962,-2.0268003835777115,0.43036857328187034,1.2496754089489097,-0.03559376372207587,0.05101814486838633,0.09347803156344152,-1.7819752454251394,0.08158143345410651,1.1755055318360383,0.07831373060596022,0.07600274445084046,0.13471563471555142,-1.930548663699614,0.2549321453730246,1.2425697194945202,0.007241279708157725,0.09195575284460246,0.12523247191327447,0.09000117304571391,0.09000117304571391,0.0,0.09810199359799593,0.46743161728630106,-0.5235375712515763,0.014964011439707624,0.019197555678700857,-4.741425303735135,0,0.5724210592903496
32.9721599999962,-2.0269469602736043,0.43058922461029336,1.2500557393488363,-0.035178407014294324,0.052956318821523525,0.09127929598237067,-2.2760483713668394,0.6153195984822127,1.167384121641977,-0.08275648691125848,-0.06426440779154924,0.26499964805570675,-2.10347211040323,0.4349914330087025,1.2055292425534752,-0.03821144986001654,0.015438887966285453,0.19431058896205447,0.09000117304571391,0.09000117304571391,0.0,0.0974165256066799,0.46332840595553226,-0.5158695256682169,0.014825362652867711,0.019979085632569504,-4.7417290284033236,0,0.5722415109371679
32.9763199999962,-2.0270918185634503,0.43081787896864554,1.2504270432410374,-0.03476598956302799,0.054877046004521764,0.08911293412828483,-1.6906346241869878,0.5652404410952838,1.051872979572246,0.017683657903394268,0.1524359730776851,0.07351892953971534,-1.897016481217833,0.5004321460063628,1.1288551616617204,-0.008928705257700762,0.0847772690584388,0.13286052402158088,0.09000117304571391,0.09000117304571391,0.0,0.09673522714326092,0.45925214105434675,-0.5083041029933818,0.01468812375540431,0.020754044932123426,-4.742032240134588,0,0.5720534417559777
32.9804799999962,-2.02723497061677,0.43105446414278964,1.2507894537007942,-0.03435649279674601,0.05678044179458813,0.08697851034164285,-2.216677358162555,0.555947127895272,0.33126837541665344,-0.05679012287890963,0.10477406614703108,-0.1159066420567215,-2.05696878564665,0.5284064896776747,0.7298175892890434,-0.03213156994672897,0.09547773117319197,0.007298318057345589,0.09000117304571391,0.09000117304571391,0.0,0.09605807317432642,0.4552026636725739,-0.5008399570224052,0.014552297542778543,0.021522282683031958,-4.742334912286266,0,0.5718569182964999
32.9846399999962,-2.027376428526254,0.43129890839612595,1.25114310201236,-0.033949898276092405,0.05866662080071251,0.0848755947758186,-2.3445499726043852,0.8686648193542209,1.3598598535635724,-0.004784301127910784,0.11717438527059722,-0.04840699916056945,-2.200771031179448,0.6987784218343396,1.0447431243408056,-0.018609465690435978,0.1079272747853969,-0.020877433624651075,0.09000117304571391,0.09000117304571391,0.0,0.0953850388550198,0.4511798159613922,-0.49347575946574646,0.01441787836337279,0.022283745994989584,-4.74263701905804,0,0.5716520071807129
32.988799999996196,-2.02751620430831,0.4315511404664277,1.2514881176928572,-0.03354618769345085,0.060535696872411233,0.08280376331929507,-2.0222738884077325,0.18997721195951686,1.0866883419054385,-0.1419872156254755,-0.03757479668039663,0.14505150057569488,-2.1118168781784217,0.4442948170017564,1.0660194275293766,-0.08012785486490744,0.03580346558616641,0.0612599552906506,0.09000117304571391,0.09000117304571391,0.0,0.09471609952766676,0.44718344111930686,-0.48621019971045887,0.01428485637351809,0.023038430822262777,-4.742938535471864,0,0.5714387750827811
32.992959999996195,-2.027654309903612,0.4318110895627136,1.2518246285158519,-0.03314534287247196,0.06238778310861287,0.08076259751871562,-1.9784090015147697,0.5113251374239598,1.1124049907640627,-0.04624232202126655,0.01913911518417965,0.048726831505530165,-2.0452093397293356,0.47784861310221677,1.0893164561125295,-0.06263394804884471,0.02826187115162631,0.05375748505449585,0.09000117304571391,0.09000117304571391,0.0,0.09405123072189553,0.44321338337670163,-0.4790419845809062,0.01415321966677317,0.023786357386237217,-4.7432394373523366,0,0.5712172887097884
32.997119999996194,-2.0277907571776437,0.432078685362158,1.2521527605346134,-0.032747345767547814,0.06422299186665612,0.0787516845027801,-1.6202958752773347,-0.03157206979326077,1.2921762826989005,-0.2392720215215168,0.12459047529548575,0.016580196704534922,-1.8332464709502,0.22339174983762172,1.1907840962943366,-0.15134657883699407,0.0774305922045214,0.034295589195861974,0.09000117304571391,0.09000117304571391,0.0,0.09339040815432816,0.43926948798190285,-0.4719698381053639,0.014022955340233446,0.024527557888966135,-4.7435397013075145,0,0.5709876147832476
33.00127999999619,-2.0279255579212405,0.43235385800703874,1.252472638105059,-0.0323521784632273,0.06604143477137803,0.07677061690694927,-1.9752484060807054,0.4821337312870542,1.0438505607284028,0.08356331761389407,0.05289053013765452,0.30613888537964457,-1.9040756428449692,0.35287226155689055,1.1179569432756336,-0.033416236718111766,0.06626820774244606,0.16833276932612107,0.09000117304571391,0.09000117304571391,0.0,0.0927336077274142,0.43535160118490834,-0.46499250128210384,0.013894050029260918,0.02526207037221663,-4.743839304710155,0,0.570749820021356
33.00543999999619,-2.0280587238511303,0.43263653810172314,1.252784383908388,-0.03195982317356859,0.06784322272425163,0.07481899279895227,-2.5756126970434297,0.46814086784816195,0.9513295541324968,-0.07699366582355593,0.1374305042086145,0.050048651770988134,-2.2400094230921277,0.410791766991565,1.034748318386893,-0.05500526317585089,0.10254478127859042,0.10817125068724738,0.09000117304571391,0.09000117304571391,0.0,0.09208080552890285,0.4314595702230546,-0.4581087318492455,0.013766490176332387,0.025989935649255013,-4.744138225679378,0,0.5705039711219717
33.00959999999619,-2.0281902666104696,0.4329266567096921,1.2530881189734093,-0.031570262241420184,0.06962846591254736,0.07289641560507817,-2.456303058812018,0.7490434571607087,1.2412268111307547,-0.0826310809545314,0.10047232965798447,0.22414782906836817,-2.348331021638738,0.5801268303552207,1.1384587059697762,-0.06814470705638968,0.10253198405664193,0.16448100581124067,0.09000117304571391,0.09000117304571391,0.0,0.09143197783131275,0.4275932433052582,-0.4513173040560337,0.013640262166855854,0.02671119577298739,-4.744436443062735,0,0.570250134746281
33.01375999999619,-2.0283201977693763,0.43322414535060244,1.2533839626985646,-0.031183478137625745,0.07139727381847696,0.07100249403724698,-2.0936587622553695,0.863032548386367,1.1137657986646883,-0.03239639097418645,-0.02323059053751568,0.07814206279308884,-2.221061757268019,0.7215340111398668,1.1262774834166884,-0.04966513663311275,0.03934086642466318,0.11993673255235192,0.09000117304571391,0.09000117304571391,0.0,0.0907871010899019,0.42375246959632407,-0.4446170084372626,0.013515352398381565,0.02742589327225603,-4.744733936418688,0,0.5699883775031324
33.01791999999619,-2.0284485288254603,0.43352893599738695,1.2536720328736515,-0.030799453460155918,0.07314975522828407,0.0691368420208528,-2.14766746610098,0.39855528935500056,1.2296770121496194,0.047395641982118875,-0.010050246278973524,-0.029357628300339417,-2.1842674983632655,0.560020321405284,1.1779190270280588,-0.00018802976572477822,0.015208445930557537,0.04428034535510775,0.09000117304571391,0.09000117304571391,0.0,0.09014615194277181,0.4199370992023926,-0.43800665158914553,0.013391747316424103,0.028134070772185438,-4.745030685999468,0,0.569718765934014
33.02207999999619,-2.0285752712043483,0.43384096107339215,1.253952445701249,-0.030418170933156522,0.07488601824124995,0.06729907862338298,-2.0552961675140904,0.9007168361441007,1.3240221001233983,-0.07404459218740055,-0.08538593172779645,0.2233774075969231,-2.1199362565991366,0.7301905314266415,1.2514384098002524,-0.03647902427333714,-0.03372099967976067,0.13275699384565884,0.09000117304571391,0.09000117304571391,0.0,0.08950910720818947,0.41614698315485243,-0.43148505594749537,0.013269433433503949,0.02883577080651942,-4.745326672734332,0,0.5694413664986488
33.026239999996186,-2.0287004362602064,0.4341601534495529,1.2542253158178482,-0.030039613405924617,0.07660617027857322,0.06548882798381758,-1.729376139818317,0.2895511556149243,1.1690307913758966,0.0762206722437278,0.0031785913043565622,-0.058025566849487994,-1.9244956143152294,0.5098725546644118,1.2101156471912013,0.020193382684749267,-0.014399948240719211,0.03626490836236706,0.09000117304571391,0.09000117304571391,0.0,0.0888759438842559,0.4123819733962464,-0.42505105956822414,0.013148397339717278,0.029531035725912258,-4.745621878213181,0,0.5691562455611859
33.030399999996185,-2.0288240352762554,0.4344864464416033,1.2544907563146932,-0.029663763851804033,0.07831031809209803,0.06370571924281641,-1.9506203633297403,0.26983713629685,1.611415369901292,-0.020701743976863057,0.17490536367649742,0.10424895560031745,-1.9376004226492791,0.39021559720356663,1.4109878088935461,-0.0006400831449521273,0.08089775338660737,0.06897477285753494,0.09000117304571391,0.09000117304571391,0.0,0.0882466391460058,0.4086419227649657,-0.4187035159103872,0.013028625708988974,0.03021990765415106,-4.745916284670556,0,0.5688634693769673
33.03455999999618,-2.0289460794652845,0.4348197738073235,1.2547488787583336,-0.029290605367013844,0.07999856777285486,0.061949386473703426,-2.1057317377086937,0.9249994013147669,0.9170954020358852,-0.13438461413732916,0.07488129129007483,0.018423039213500074,-2.0219465114180295,0.6577656059726094,1.1640791091529168,-0.06762945379885488,0.07855650918694357,0.042432581666112495,0.09000117304571391,0.09000117304571391,0.0,0.08762117034463932,0.40492668498102924,-0.41244129362156784,0.01291010530309107,0.030902428468291283,-4.746209874969984,0,0.5685631040798463
33.03871999999618,-2.02909606974252,0.43491931435263465,1.2552288665696845,-0.035997666536606424,0.023889730874674907,0.11519707472422062,-1.9791050698767771,-0.08242482820320607,1.2294310579538232,0.017418079791245586,-0.17029426344738607,0.10044404188661588,-2.000483170465504,0.2873681516309458,1.1969089093091423,-0.028040054912011766,-0.07333249313207796,0.09814619287756743,0.09000117304571391,0.09000117304571391,0.0,0.10120677995200249,0.5172246542477794,-0.6272133413925487,0.013813361025266596,0.0199808220947701,-4.746503134819486,0,0.5685182409287588
33.04287999999618,-2.02924427488362,0.4350278158614321,1.2556978754202341,-0.03556923386397073,0.02604036211138416,0.11256212413191156,-2.382502158424695,0.10451944250683365,0.722839350539432,-0.014373146182211909,0.10402656148432,0.14334130962715147,-2.1915243742439605,0.19615650566970252,0.9601718946625298,-0.021620562316131575,0.016482067600527325,0.11932898469837043,0.09000117304571391,0.09000117304571391,0.0,0.1004967465662749,0.5128079972167525,-0.6180636748661634,0.01419547591838018,0.01495068279353337,-4.746796032383062,0,0.5684637629524864
33.04703999999618,-2.0293907076026847,0.43514520001720547,1.2561560663810518,-0.035143852575477676,0.028172197385614543,0.10996583059623571,-2.1277577634878377,0.2514509880190373,1.449866232140294,0.027643227598920135,-0.09542124949278372,0.3461596106576587,-2.1595841488033245,0.22360341010809856,1.2057456514246598,0.003500198212578021,-0.03838043170192568,0.23121058613331022,0.09000117304571391,0.09000117304571391,0.0,0.09979105330679999,0.5084201097070984,-0.60903643069861,0.014317750689005737,0.012862542836896564,-4.747088536804298,0,0.5683997383429926
33.05119999999618,-2.0295353805325624,0.4352713890221201,1.2566035983528774,-0.03472150317070478,0.03028536117951499,0.10740767323811809,-2.233383109622319,0.7668376525896988,1.0069863453916164,0.06947560505793351,0.12775940604291727,0.07528893898688521,-2.1963404898875734,0.49548859330518397,1.106522682470292,0.0368931147121246,0.04538816967672049,0.15254998729073743,0.09000117304571391,0.09000117304571391,0.0,0.09908967374301568,0.5040608201535687,-0.6001299987370607,0.014310828689098234,0.01224169298017757,-4.747380618182819,0,0.5683262356311759
33.05535999999618,-2.029678306225401,0.43540630559343463,1.257040628095086,-0.03430216628125901,0.03237997711549334,0.10488713813008464,-1.6706952366571923,0.8044145174683978,1.032476665975438,-0.1704388919131497,0.14105556492982088,0.11980254294290903,-1.9338694530598544,0.6502445042348727,1.0697522576173282,-0.06639416119094779,0.09446800299008211,0.1342955315698434,0.09000117304571391,0.09000117304571391,0.0,0.0983925816286181,0.49972995819762706,-0.5913427902551782,0.014240024606980446,0.012350803039931916,-4.747672247551294,0,0.5682433236541761
33.059519999996176,-2.029819497153194,0.43554987295994524,1.2574673102542688,-0.03388582267025333,0.03445616796254415,0.10240371820387459,-1.942516209702855,0.6250151263465299,0.7879611621518288,-0.233800676370876,-0.07510961684770832,0.07158822732312138,-1.9386777362869536,0.6374719159386733,0.9290073540173354,-0.1507859406987241,0.010409854868445935,0.10115980532331828,0.09000117304571391,0.09000117304571391,0.0,0.09769975089975928,0.49542735467921095,-0.5826732376692818,0.014137988815317842,0.012821232184943226,-4.747963396852943,0,0.568151071523995
33.063679999996175,-2.029958965708327,0.4357020148584566,1.257883797392433,-0.03347245323184859,0.036514055642734106,0.09995691315940801,-1.9334593331742538,-0.4943384580215737,0.7660160413579058,5.181859903440056e-05,-0.0872858827674393,-0.09311844428292591,-1.9360693683998516,0.07137648607105807,0.8473193742061479,-0.07490647045964863,-0.0380610536636685,0.002830681468251518,0.09000117304571391,0.09000117304571391,0.0,0.09701115567602128,0.4911528416264345,-0.5741197942582832,0.014021039547487662,0.013468684083596558,-4.7482540389195735,0,0.5680495485973793
33.067839999996174,-2.030096724204122,0.43586265553028103,1.2582902400148293,-0.033062038990846594,0.03855376123786553,0.09754622937507089,-2.1664536180843537,0.4929984318300654,0.7108623348495189,-0.06317633465321038,-0.03769609114141683,0.09241987642404047,-2.0513944644374473,0.2821096928898558,0.779284262977546,-0.06906420069359179,-0.03676806203231439,0.0465940864203171,0.09000117304571391,0.09000117304571391,0.0,0.09632677025946566,0.4869062522464406,-0.565680933886985,0.013897328988046558,0.0142010344794536,-4.748544147450107,0,0.5679388244469221
33.07199999999617,-2.030232784875382,0.43603171971776583,1.2586867865974096,-0.032654561102338005,0.040575404996350574,0.0951711798192781,-1.7058633924641695,0.03186619032401783,1.7141863621682338,-0.005421925282817687,-0.04354414839912552,0.07565127343153925,-1.878638390649932,0.1568941172805556,1.246901993832672,-0.036957382191438515,-0.0394331220288869,0.05978079926259662,0.09000117304571391,0.09000117304571391,0.0,0.09564656913496354,0.48268742091451416,-0.557355150734893,0.013770926320153972,0.0149722449809465,-4.748833696989595,0,0.5678189688333347
33.07615999999617,-2.0303671598789292,0.4362091326608505,1.2590735836139233,-0.03225000085139432,0.042579106340314525,0.09283128396326291,-2.0433887607044743,0.1691401519498011,1.1811331461076313,0.11550056821064064,-0.048801242312263286,0.08521155173684401,-1.9607757948938083,0.16291415413682517,1.2141957882251524,0.03988894436789532,-0.043365992308252985,0.07180169766850596,0.09000117304571391,0.09000117304571391,0.0,0.09497052696902757,0.4784961831638619,-0.5491409590279946,0.013643859251381635,0.01575931995815332,-4.749122662908714,0,0.5676900516788489
33.08031999999617,-2.030499861294149,0.43639482009365443,1.2594507755626527,-0.031848339652803155,0.04456498387295379,0.09052606769504895,-1.7964486461203983,0.09331487864301402,1.516135621504064,0.04925562278055264,-0.05578049262857674,0.03835224192574716,-1.8785089156295858,0.12799475714393893,1.365247078639219,0.04471365676772323,-0.0480095218223452,0.05532462203303715,0.09000117304571391,0.09000117304571391,0.0,0.09429861861142169,0.4743323756736509,-0.5410368927739462,0.013517134778628212,0.016550784993142505,-4.749411021383727,0,0.5675521430417009
33.08447999999617,-2.0306309011235277,0.43658870824109675,1.2598185049927968,-0.031449559050826886,0.046533155386159944,0.08825506323455673,-1.8823060705139167,0.2486421309972613,1.0762229783940387,-0.04153717434471371,0.028721466131325847,0.11918680397444567,-1.8804943495253101,0.18837750915543514,1.220982568236587,0.0018023330904712634,-0.008918566434170975,0.08645484055607933,0.09000117304571391,0.09000117304571391,0.0,0.09363081909399182,0.47019583625781863,-0.5330415055015352,0.013391249572498232,0.01734092610713329,-4.749698749376895,0,0.5674053130916634
33.08863999999617,-2.0307602912931904,0.4367907238155485,1.2601769125305042,-0.031053640718986444,0.04848373786842686,0.08601780904979095,-2.222957656364883,0.6486177091188363,1.3566855693012445,0.023512653224305655,-0.15621964370058197,0.2797795880938676,-2.051680877482453,0.41817434249737895,1.289418470033558,0.01332148168643863,-0.08181204765921826,0.18237479465262044,0.09000117304571391,0.09000117304571391,0.0,0.0929671036309905,0.4660864038518727,-0.525153370002512,0.013266445171329012,0.018126909376099613,-4.749985824617345,0,0.5672496320865793
33.09279999999617,-2.0308880436534396,0.4370007940135195,1.2605261369045628,-0.030660566459853177,0.05041684751304055,0.08381384977406199,-1.9828177083350362,0.7403073453697796,1.5217295193174407,-0.13069516913818036,0.12671015203592195,0.28913115087656255,-2.01752078287885,0.57950604752796,1.4061793480637694,-0.0586152673168435,0.022726112781411425,0.23461933836307408,0.09000117304571391,0.09000117304571391,0.0,0.09230744761940127,0.46200391850045935,-0.5173710780777259,0.013142835579957287,0.018907340740632134,-4.750272225582359,0,0.5670851703498639
33.096959999996166,-2.031014169979293,0.43721884651238013,1.260866314971747,-0.030270318204836826,0.05233259972655647,0.0816427361241866,-1.9808964468599017,0.7026030496098434,1.2465679599339237,-0.0862220788713222,0.023993663760648855,0.2446007770078056,-1.9993868384547926,0.641102268699333,1.3268839472592644,-0.07283021060521311,0.02482509273194784,0.23833633297388046,0.09000117304571391,0.09000117304571391,0.0,0.09165182663969032,0.4579482213430797,-0.5096932402845833,0.013020471070772466,0.019681545912967363,-4.750557931479103,0,0.5669119982489349
33.101119999996165,-2.031138681971018,0.43744480946711994,1.2611975817418288,-0.029882878013955196,0.05423110913755096,0.07950402481962626,-1.987505185110961,0.024590070383140594,1.5000526173994853,0.018293021810868015,0.1702358173034069,-0.10235770211591078,-1.9934081314188927,0.3331941371978216,1.4132589996397846,-0.027153383917625937,0.09838850989926519,0.06685393031680587,0.09000117304571391,0.09000117304571391,0.0,0.09100021645420536,0.4539191546002518,-0.5021184856888365,0.012899370085830147,0.020449210332636664,-4.750842922226764,0,0.5667301861745367
33.105279999996164,-2.0312615912546663,0.43767861150714343,1.261520070402256,-0.02949822807558229,0.05611248960563592,0.07739727850251102,-1.978345941702863,0.5496301206621662,1.1235209231502408,0.06451204349448757,-0.04039771508603908,-0.067798439634597,-1.9857449579334199,0.44132940917009195,1.2682505887637119,0.01973608730163707,0.029104387002368733,-0.0022300369068262,0.09000117304571391,0.09000117304571391,0.0,0.09035259300856507,0.44991656155851323,-0.4946454616175057,0.012779535189415006,0.021210199146459854,-4.751127178439089,0,0.5665398045209238
33.10943999999616,-2.0313829093826086,0.4379201817331047,1.2618339123424998,-0.02911635070614935,0.05797685423071145,0.07532206565851313,-2.027402346963232,0.4535549329101395,1.5703146570745603,-0.08573453766804154,0.15620190729235503,0.045382270157887136,-2.006752323013076,0.4477646031451057,1.4193807194230443,-0.032966643026973684,0.09387060306597152,0.0208090124547902,0.09000117304571391,0.09000117304571391,0.0,0.08970893243176689,0.4459402865547444,-0.4872728334157236,0.012660961045745477,0.021964467200741786,-4.751410681407334,0,0.5663409236668696
33.11359999999616,-2.031502647834066,0.43816944971378147,1.2621392371780769,-0.028737228349791474,0.05982431536242646,0.07327796053852732,-2.1378831358847044,0.7286009511869111,1.1189050350028178,-0.05725810562538228,0.1431528963357316,0.3474771805201226,-2.0724379958993633,0.5884807165085789,1.269865586697227,-0.0449888451531174,0.11936432488111348,0.183127033181064,0.09000117304571391,0.09000117304571391,0.0,0.08906921103479609,0.4419901749608267,-0.47999928420452226,0.012543638409167427,0.022712014039595607,-4.7516934130835935,0,0.56613361395747
33.11775999999616,-2.0316208180156408,0.43842634548298903,1.2624361727742481,-0.02836084357793404,0.06165498460981434,0.07126454308113211,-2.0002558830630472,0.0766651048817445,1.0312933023995126,0.2600313623504935,-0.01088464310864267,0.03741660252105792,-2.035804751121806,0.3325459944409826,1.150658224987921,0.10710475991670317,0.054582401220271325,0.10901923117663917,0.09000117304571391,0.09000117304571391,0.0,0.08843340531115651,0.438066073167193,-0.4728235146412803,0.012427556120511916,0.023452861406348807,-4.751975356064509,0,0.5659179456867093
33.12191999999616,-2.031737431261844,0.4386907995365351,1.2627248452693973,-0.0279871790888002,0.06346897285105953,0.06928139883580531,-2.1300215807739677,0.41404817209450645,1.58088006921351,0.013482909890604824,0.1931810488902606,0.12275049279387099,-2.0828861843202318,0.3736969195012693,1.3660305824522727,0.06049367615220445,0.12509660435487327,0.11438981529402911,0.09000117304571391,0.09000117304571391,0.0,0.08780149193654542,0.43416782856633696,-0.46574424268241255,0.012312702106453103,0.02418704199650197,-4.752256493575353,0,0.5656939890807612
33.12607999999616,-2.031852498835623,0.4389627428292157,1.2630053790980926,-0.02761621770683365,0.06526639024335007,0.06732811888687512,-2.051795340845921,0.2928277912883207,1.1609535135203666,0.017468558195924976,0.17247245032892183,0.044348799036188644,-2.0673056668426715,0.33361794985354476,1.2635849804842636,0.03968392643158623,0.15002077585587512,0.07835282164353233,0.09000117304571391,0.09000117304571391,0.0,0.08717344776767086,0.4302952895358543,-0.45876020334745715,0.012199063880285476,0.024914593836466877,-4.752536809454473,0,0.5654618142819942
33.13023999999616,-2.0319660319288815,0.4392421067718522,1.2632778970138352,-0.02724794238203277,0.06704734623276633,0.06540429977819881,-1.9155836242710103,0.8931613445890092,1.5221748877784846,-0.005279577332740301,0.040705137880227144,0.05343179475538903,-1.9914537806721715,0.613475996263638,1.3929928081745995,0.016827796829351042,0.0964431124353073,0.06592852985571405,0.09000117304571391,0.09000117304571391,0.0,0.08654924984170723,0.4264483054221909,-0.45187014848627977,0.012086628793331161,0.02563555747518792,-4.752816288138095,0,0.5652214913336564
33.134399999996155,-2.032078041663003,0.43952882322836956,1.2635425201114958,-0.026882336189188005,0.06881194956415863,0.06350954343856043,-2.3153338826373058,0.5222653593868937,1.4655295081094268,0.23658502203288717,-0.017628778986178692,-0.023085734347001757,-2.1529053613818174,0.567831225941334,1.429214971111973,0.12734308339264708,0.04044648372178938,0.02079092138849425,0.09000117304571391,0.09000117304571391,0.0,0.08592887537532082,0.4226267265228538,-0.4450728465466234,0.011975384161583117,0.026349974582190093,-4.753094914645463,0,0.5649730901652126
33.138559999996154,-2.0321885390893657,0.4398228245129152,1.263799367849445,-0.026519382327020904,0.07056030829095669,0.06164345710779747,-2.0975714408324806,0.7047646325938057,1.0107921202514614,-0.07689427226442141,0.14554611429330538,0.1909022555346832,-2.125399949045745,0.6365993388596062,1.2203996783210231,0.026197846246721782,0.09408601703945565,0.10487911857646455,0.09000117304571391,0.09000117304571391,0.0,0.08531230176369217,0.41883040407093214,-0.4383670823456489,0.011865317329888679,0.0270578872488142,-4.753372674564336,0,0.5647166805783097
33.14271999999615,-2.032297535189854,0.4401240433870188,1.264048558071377,-0.02615906411722375,0.07229252978487036,0.0598056532636574,-1.7037196426215788,0.4110341477475024,1.3134885035639938,0.02798700476566422,0.1508514864693547,0.02943324963312092,-1.9144982254232477,0.5241273821421519,1.2670091707730649,0.026896344244367622,0.12321016386789298,0.06561841778464256,0.09000117304571391,0.09000117304571391,0.0,0.08469950657846564,0.41505919021701254,-0.4317516568409844,0.011756415704827149,0.02775933764101223,-4.7536495540367945,0,0.5644523322333456
33.14687999999615,-2.0324050408773684,0.4404324130567914,1.2642902070278328,-0.025801365003405307,0.07400872074542304,0.05799574954940923,-2.4481959389452115,0.3741424976776191,1.5465114186526892,0.054569383478157915,9.974827120756702e-05,0.0817729654890484,-2.1812358185353182,0.4491322544875107,1.4069332367103013,0.0400120187565003,0.06254919955714895,0.07326152120451933,0.09000117304571391,0.09000117304571391,0.0,0.0840904675669773,0.41131293801410007,-0.4252253869064237,0.011648666771861134,0.028454367827877983,-4.753925539745391,0,0.5641801146366211
33.15103999999615,-2.0325110669963267,0.44074786717016345,1.2645244293974254,-0.025446268549940424,0.07570898720928557,0.056213368702218436,-2.3125125966134403,0.6789739442852906,1.557778947430799,0.048206307564756815,0.06120075509927296,0.1081739549712478,-2.2467746609357504,0.564180679308643,1.4825851229540679,0.044013659160178346,0.06251177944194311,0.08928421176352229,0.09000117304571391,0.09000117304571391,0.0,0.0834851626493406,0.4075915014009508,-0.4187871051082233,0.011542058104552728,0.02914301969799465,-4.754200618899607,0,0.5639000971280499
33.15519999999615,-2.032642837955558,0.4408614203744006,1.26495968960333,-0.03162503021544121,0.027252769016924645,0.10446244941709942,-2.5702155011801757,0.28107766784719046,1.2900636339693334,-0.05768757137796085,-0.01013500080698261,-0.04728551937277248,-2.408610209934432,0.42265670013164613,1.386174362126749,-0.010255388999284071,0.0018683975327170761,0.045202224064561036,0.09000117304571391,0.09000117304571391,0.0,0.09599426066287785,0.50454569297314,-0.6133984975643785,0.012319759958952963,0.019751120039024697,-4.754475224772521,0,0.5638450739067307
33.15935999999615,-2.0327729179153287,0.4409837119979013,1.2653842198255876,-0.03121919034499987,0.029349989640170472,0.10188725334184666,-2.1748122623924693,0.9503989459122065,1.1438739408345195,-0.08490028634284547,-0.09633470922100756,0.13531160900301412,-2.291884487581868,0.6863271807465909,1.2653071141775762,-0.04839178686383537,-0.045321912144599366,0.08870574689197197,0.09000117304571391,0.09000117304571391,0.0,0.0953113601128133,0.5002222382421239,-0.6043547962629506,0.012646697733945382,0.015475880093162152,-4.754749331823416,0,0.5637804276511654
33.16351999999615,-2.0329013190876855,0.4411146654004905,1.2657981792014261,-0.030816281365582246,0.0314288166214033,0.09935025020124047,-2.0102240547300325,0.369154954338738,0.8211939164444155,-0.1989476615214989,0.012253077676704752,0.0243256764559448,-2.1514665713818784,0.5277617658018583,1.0432998785635363,-0.12343611773838234,-0.015303129355250925,0.0556186315150274,0.09000117304571391,0.09000117304571391,0.0,0.09463265195152956,0.4959269679700992,-0.5954323989874961,0.012748910307254111,0.013755307297642762,-4.755022915336495,0,0.5637062305974082
33.167679999996146,-2.033028053606429,0.4412542044490515,1.2662017247189121,-0.030416284498453825,0.03348937165464318,0.09685092419663573,-2.006551147357068,0.4369779874562423,1.4069503139787263,-0.05746118532031272,0.07371994714322853,0.21115248192055525,-2.079127515675547,0.48252047746150917,1.2255683441808862,-0.09037942202184157,0.030212111994475082,0.132648455139442,0.09000117304571391,0.09000117304571391,0.0,0.0939581106946281,0.4916597145120012,-0.5866297102009708,0.012739410577610492,0.013308429458259295,-4.7552959514007505,0,0.5636225551968712
33.171839999996145,-2.033153133527648,0.44140225351400597,1.2665950112456557,-0.03001918109257883,0.035531775589077635,0.09438876641845097,-1.9592061514427086,0.392039775206934,1.6829518498057743,-0.1353838870734958,-0.017038564898571217,-0.030273740608165997,-2.019448712205204,0.43724206324497245,1.4542023020642578,-0.11233867396371207,0.007546775672638446,0.0502490733920004,0.09000117304571391,0.09000117304571391,0.0,0.09328771103684463,0.48742031141172976,-0.5779451556057463,0.012674698476618746,0.013494784391145376,-4.7555684168903,0,0.5635294740869744
33.175999999996144,-2.033276570830249,0.4415587374658207,1.2669781915571354,-0.029624952624287746,0.03755614843553033,0.09196327475513544,-2.6154459895879336,0.6593373502190746,0.8679415850737056,-0.09954399197375274,0.16383902029133024,0.30672947373485493,-2.3176579018993406,0.5486300854659582,1.1617066537822807,-0.1062633923273948,0.08662330319867328,0.1780765607476236,0.09000117304571391,0.09000117304571391,0.0,0.09262142785001591,0.4832085933924587,-0.5693771818634924,0.012583017476638694,0.013994164745393715,-4.755840289445171,0,0.5634270600630157
33.18015999999614,-2.0333983774164865,0.4417235816715423,1.2673514163646498,-0.02923358069701336,0.0395626093731869,0.08957395380344604,-2.2791598940513773,0.7791214684833755,1.867995811994744,-0.026308127158606642,0.10464506390859703,0.11900592988279045,-2.2984631809842555,0.6640928279363174,1.5151063159172637,-0.06637153204067174,0.09670077104237547,0.14728912098344918,0.09000117304571391,0.09000117304571391,0.0,0.09195923618446446,0.4790243963469174,-0.5609242563192749,0.012478482846599966,0.01464649041612296,-4.75611154745252,0,0.5633153860512151
33.18431999999614,-2.033518565112491,0.4418967119913615,1.2677148343428997,-0.028845047041074857,0.04155127675661237,0.08722031477998132,-1.6252964929145697,0.21844894607703239,1.144407538588888,0.06069456383171152,0.11185137845433668,0.2618329167521242,-1.9617495952760633,0.44149968305643733,1.33030141846804,-0.002504389959959087,0.1046276430495244,0.20336105370505447,0.09000117304571391,0.09000117304571391,0.0,0.09130111126845952,0.4748675573263611,-0.5525848667305284,0.01236814578170463,0.015371744752808017,-4.756382170028292,0,0.5631945250828881
33.18847999999614,-2.033637145668797,0.4420780547752077,1.2680685921572077,-0.028459333513509995,0.04352226812308556,0.08490187543391252,-2.0205829603272902,0.4591536247959197,1.4938012221608168,-0.02954808691830161,-0.011415417271123003,0.20400953135704414,-1.9912295275676872,0.4503010882107327,1.4124785267001145,-0.01536147161872922,0.047549014149658286,0.20285416601160633,0.09000117304571391,0.09000117304571391,0.0,0.09064702850831763,0.47073791452951186,-0.5443575209985656,0.01225552547000025,0.016129942665286945,-4.756652136999292,0,0.5630645502697043
33.19263999999614,-2.033754130760872,0.4422675368593755,1.268412834490378,-0.028076422097942706,0.04547570020027583,0.08261815996085785,-2.255425575351819,0.2810604320980391,1.2794206854963157,-0.022916287243351114,-0.03442760891246288,0.046870633123251626,-2.123378203304789,0.3656060895929052,1.3460494670699028,-0.01859123830738747,0.007468902461504383,0.12328442023073385,0.09000117304571391,0.09000117304571391,0.0,0.08999696348914416,0.4666353072907195,-0.5362407469041335,0.012142375127315344,0.01690111467865686,-4.756921428885672,0,0.5629255347799902
33.19679999999614,-2.0338695319896405,0.442465085563185,1.2687477040692023,-0.02769629490447182,0.04741168891427817,0.08036869891783711,-2.2574782555572956,0.33550318693197434,1.1843742887532709,-0.12572116515305856,-0.18073861155028403,-0.05321768083542251,-2.1906911696838285,0.35017559061440917,1.2651028053658233,-0.07190627073264388,-0.08522552010478697,0.033722360547162926,0.09000117304571391,0.09000117304571391,0.0,0.08935089197450545,0.4625595760668619,-0.5282330918463929,0.012029565016303615,0.017675298962668937,-4.75719002688382,0,0.5627775518160355
33.20095999999614,-2.0339833608820137,0.4426706286856767,1.269073341690616,-0.027318934169572016,0.049330349398012625,0.07815302913924461,-2.5216849287634897,0.3428570666688737,1.1085839278700933,0.0031939835470215713,-0.15021452427365622,0.08828690928744988,-2.356183169205906,0.34620263778949967,1.1870300149826565,-0.034626731857328674,-0.11713991489322562,0.059025188726998086,0.09000117304571391,0.09000117304571391,0.0,0.08870878990759706,0.4585105624240496,-0.5203331225849027,0.011917523957471535,0.018447537348429452,-4.7574579128496355,0,0.5626206745923621
33.205119999996136,-2.034095628891414,0.44288409450234334,1.2693898862475066,-0.02694432225598618,0.05123179599998985,0.0759706936537797,-2.7407536734467617,0.5590005035690175,1.057692069126634,0.008740812179781957,0.0656831362040543,0.06722773928971491,-2.5484519174343947,0.4527370321449188,1.1225022969703566,-0.013433440665767904,-0.024467505814252437,0.06200644584530773,0.09000117304571391,0.09000117304571391,0.0,0.08807063341070145,0.4544881090233338,-0.5125394249835531,0.011806460086125398,0.0192153733388115,-4.7577250692821975,0,0.5624549763149197
33.209279999996134,-2.0342063473982996,0.4431054117618993,1.2696974747541827,-0.02657244165260071,0.05311614229343126,0.07382124160228007,-1.9035515293094396,0.6468333945906729,1.1130316168037324,-0.05490210626546818,0.06308420612706159,0.06268809866988193,-2.226114117813269,0.5499152225314963,1.1179003868701087,-0.03286092504724312,0.02053481456230761,0.06085334656623377,0.09000117304571391,0.09000117304571391,0.0,0.08743639878571347,0.45049205960541483,-0.504850603758813,0.0116964712322069,0.019977601115777975,-4.757991479307799,0,0.5622805301611703
33.21343999999613,-2.0343155277106924,0.44333450968308985,1.269996242371501,-0.026203274974283222,0.05498350108572243,0.07170422815639563,-1.9794301321344907,0.8666977523354438,0.7380545455687314,0.13490769120371088,0.08015488131788365,0.12020804594255456,-2.1024901999630328,0.7084753074155815,0.9282279671104238,0.0512074960807687,0.05039705960548372,0.08902205914814337,0.09000117304571391,0.09000117304571391,0.0,0.08680606251487952,0.44652225897531195,-0.49726528222823885,0.011587600111500337,0.020733640046212636,-4.758257126664355,0,0.5620974092610277
33.21759999999613,-2.034423181064699,0.4435713179515406,1.2702863224316596,-0.025836804961665766,0.05683398442817212,0.06961921443806232,-1.2633431751353004,0.4688909126602999,1.3657610754889373,0.1087941359829307,0.012142008129831128,0.04213529542765828,-1.6826856874800131,0.5887043049234663,1.1470876170085924,0.08055513647294799,0.03241812982971883,0.06443060600569617,0.09000117304571391,0.09000117304571391,0.0,0.08617960126025376,0.44257855298560417,-0.4897821020628888,0.011479861922451979,0.021483221937052856,-4.758521995686164,0,0.561905686678615
33.22175999999613,-2.034529318625036,0.4438157667166491,1.2705678464626584,-0.025473014480863344,0.05866770362603366,0.06756576743972609,-2.0877063831495954,0.6408923191641219,1.396610604348416,0.03679062449452206,0.0630795531327451,-0.0597392692556859,-1.8851214176588456,0.6149278693104274,1.2717292587980995,0.058229293237080974,0.0487141093331283,0.0010755350519229428,0.09000117304571391,0.09000117304571391,0.0,0.08555699186400764,0.43866078851962953,-0.4823997230406601,0.011373258145722012,0.022226234665112834,-4.758786071289021,0,0.5617054353948121
33.22591999999613,-2.034633951485549,0.4440677865885188,1.2708409442124304,-0.025111886523109878,0.060484769248742645,0.06554345994528687,-2.3922472409143576,0.564963737209589,1.7210964635415076,0.016312263090504608,0.04433649629193097,0.2168192759431683,-2.13865396765708,0.5900367553120217,1.4968687925866493,0.03728249869370525,0.04696648510895303,0.10806367186338386,0.09000117304571391,0.09000117304571391,0.0,0.08493821134745544,0.43476881347416185,-0.4751168228026974,0.011267783445027785,0.02296264399428309,-4.759049338955673,0,0.5614967282905581
33.23007999999613,-2.0347370906697337,0.4443273086349368,1.271105743672646,-0.024753404204304205,0.06228529114031513,0.06355187045173245,-1.963478428104099,0.45439376645598156,1.00563314842717,0.19744704975385557,0.29477878866199747,0.06825597198882472,-2.0506548006432728,0.5228262096785427,1.2513912910690475,0.1176010347299975,0.17144981777899104,0.0873028520387374,0.09000117304571391,0.09000117304571391,0.0,0.08432323691243009,0.43090247674097487,-0.46793209660988605,0.011163429118558114,0.023692454486438672,-4.759311784721614,0,0.5612796381308787
33.23423999999613,-2.034838747131252,0.4445942643783945,1.2713623711021937,-0.024397550764445757,0.06406937842984216,0.06159058309145336,-1.8088782769463148,0.5742697949145098,1.343352557397315,-0.0191246125794698,0.08866995294119534,0.0587246513266626,-1.929803639215876,0.5487306361941164,1.2974947230741642,0.048772667670382,0.13110234855253305,0.07301087880222458,0.09000117304571391,0.09000117304571391,0.0,0.08371204593816779,0.4270616281900736,-0.4608442571024318,0.011060184825596026,0.02441568995921011,-4.759573395161194,0,0.5610542375496146
33.238399999996126,-2.0349389317544477,0.4448685857931529,1.2716109510503406,-0.024044309566970505,0.06583713954202429,0.05965918755522739,-1.9251196725671154,0.33638521726782167,1.6572778054654231,0.09221986848813182,0.036015052715544726,-0.03839973602085336,-1.9272704806960606,0.4426292440267127,1.477311339901744,0.07081671766558065,0.08457794903330143,0.016145040681133885,0.09000117304571391,0.09000117304571391,0.0,0.08310461598310609,0.4232461186498896,-0.45385203406146946,0.010958039450672578,0.025132383717183286,-4.759834157374061,0,0.5608205990348164
33.242559999996125,-2.0350376553548557,0.44515020530235155,1.2718516063795735,-0.02369366409796132,0.06758868220766791,0.057757279015876135,-1.7222225020439748,0.12137414824563292,1.6990607081993692,-0.025056326378196613,0.1335740398892118,0.09702794991604333,-1.8247984776585244,0.2822761846163774,1.5883913525757687,0.023513669396935596,0.10959873015108182,0.05563814448466049,0.09000117304571391,0.09000117304571391,0.0,0.08250092478176357,0.41945579989063747,-0.44695417417035266,0.010856981536409138,0.025842573669796375,-4.760094058971911,0,0.5605787949147859
33.246719999996124,-2.035134928679711,0.44543905577516024,1.272084458288126,-0.023345597965250757,0.06932411347409147,0.05588445805261489,-2.6464769092931,0.5160468900936162,1.1683153106887594,-0.04431790865960494,0.10431097451149707,-0.037232320052927405,-2.2357362264922673,0.3993797469159659,1.3782757562102654,-0.010107654718552597,0.1071427350512106,0.007859530689560273,0.09000117304571391,0.09000117304571391,0.0,0.0819009502448213,0.4156905246052781,-0.4401494407803404,0.010756999500631907,0.026546299892557943,-4.760353088065542,0,0.5603288973447352
33.25087999999612,-2.0352307624084505,0.44573507052397426,1.2723096263321931,-0.023000094897403307,0.07104353971536863,0.05404033057610547,-2.15305691679373,0.15406447850246796,1.1516913238619533,-0.08479490788778532,0.1300386225613589,0.025680988655620775,-2.1945725610540423,0.276989980510957,1.2650368691953255,-0.047351768234158785,0.11901819650335746,0.016048357413922732,0.09000117304571391,0.09000117304571391,0.0,0.08130467045620829,0.4119501463923614,-0.43343661367641184,0.010658081745549303,0.0272436034098841,-4.760611233252205,0,0.5600709782940426
33.25503999999612,-2.035325167153211,0.44603818330165074,1.2725272284478357,-0.022657138742592682,0.07274706664235703,0.052224507754246585,-1.864148044794698,0.9514478782307292,1.3845102987680669,-0.025823199428983083,0.0788070624189817,0.08338347854020611,-2.02941156764037,0.6143855802024355,1.3249500053805985,-0.03665360434168529,0.09986970063978612,0.04867772340481345,0.09000117304571391,0.09000117304571391,0.0,0.08071206367274689,0.4082345197385065,-0.4268144888459977,0.010560216712891833,0.02793452558869386,-4.7608684836032555,0,0.5598051095340792
33.25919999999612,-2.0354480505644545,0.4461388538600625,1.2729543750615786,-0.029492018698398133,0.024160934018826713,0.10251518729828243,-2.257241825323229,0.49414975730676736,0.8650890735620962,0.04391201939889532,-0.14585531885470765,0.00714150199474653,-2.1432304193434977,0.5540134877320887,1.0949773491606833,0.0004814639967062012,-0.04703585779136703,0.05379409684811767,0.09000117304571391,0.09000117304571391,0.0,0.09452661366226525,0.5054618392111407,-0.6295810230144275,0.01140691833685057,0.01850635911925175,-4.761125322249675,0,0.5597687686294143
33.26335999999612,-2.0355692701680246,0.4462482811840607,1.2733705124715993,-0.02909270485682146,0.02626255775955672,0.09987297840493453,-1.8077184793912167,0.5526743068743726,1.200003195323212,0.0025173554586865286,0.07708712332127933,0.04252132461246065,-1.975467295672132,0.553502214137576,1.1475838133041127,0.0017060737353627414,0.01598550404104789,0.04606052473391268,0.09000117304571391,0.09000117304571391,0.0,0.09384792573054046,0.5011424284322368,-0.6202436624346703,0.011772250466376482,0.014214436337935062,-4.761381724375679,0,0.5597225841184525
33.26751999999612,-2.035688838096493,0.4463663887028476,1.273775804965154,-0.028696302832471415,0.028345804508869168,0.09727019845311745,-1.6403084087688462,0.6436571035716093,1.1347171913968896,-0.11821275009488193,-0.035447363802857054,-0.017096332141836826,-1.8081333503877772,0.59850376735818,1.1411188595962032,-0.05730112757539071,-0.008384722467756544,0.012559348396108313,0.09000117304571391,0.09000117304571391,0.0,0.09317341909094298,0.49685115034189453,-0.6110317356211339,0.011897512983707895,0.01248696858076357,-4.761637665959584,0,0.5596666312376151
33.27167999999612,-2.0358067664044412,0.44649310035225437,1.274170414607107,-0.028302793907525606,0.030410795857625867,0.09470631406868976,-1.4942699522279619,0.27472670840478575,1.4105666467821962,0.21978705910413615,0.1725856522978019,0.3727868157728198,-1.650743025537686,0.43697034917957844,1.276622084677938,0.0815720001628161,0.08285640177790941,0.19165935838760573,0.09000117304571391,0.09000117304571391,0.0,0.09250306830262003,0.4925878374329877,-0.60194359185298,0.011903349752277331,0.012038085657996554,-4.761893123754456,0,0.5596009854181745
33.275839999996116,-2.035923067068986,0.4466283405712004,1.2745545012696256,-0.027912159490686938,0.03245765254703608,0.09218079900450048,-2.2784634220957165,0.8110620616707491,1.1354500772192622,0.038024117173425465,-0.0170163476031698,0.03490081526285927,-1.964529860652318,0.6239819999166145,1.2061105470083142,0.06044200729893111,0.03361387256116185,0.11191433166943136,0.09000117304571391,0.09000117304571391,0.0,0.09183684810004338,0.4883523233970379,-0.5929776023845084,0.011850076644304881,0.012224876442075587,-4.762148075269204,0,0.5595257222560808
33.279999999996114,-2.036037751990306,0.4467720342981779,1.2749282226614853,-0.02752438111684262,0.03448649447460891,0.08969313404632498,-2.1722022566869916,0.7599724564188319,1.4478468093639763,0.03450496851267003,-0.006383832292330943,0.03977277918169783,-2.0682950180590596,0.6919627343925514,1.3270663962151001,0.04712679757456946,0.014659641571537405,0.07426128314576011,0.09000117304571391,0.09000117304571391,0.0,0.09117473339417698,0.4841444431164692,-0.5841321601573026,0.011767845556514295,0.012725909163182024,-4.762402498750104,0,0.5594409174830711
33.28415999999611,-2.0361508329921674,0.4469241069677628,1.275291734356986,-0.02713944044679422,0.036497440700370185,0.08724280692020547,-1.4165536758272688,0.43685625142781037,1.7704245963379033,0.08669091679609822,0.09436103185848534,0.10337661809212846,-1.7422383672682373,0.5646031624465983,1.5489674520285233,0.06637522101832985,0.05489642621041675,0.08697403611556281,0.09000117304571391,0.09000117304571391,0.0,0.0905166992717204,0.47996403265491266,-0.5754056795139884,0.011671726419836968,0.013380491558636484,-4.762656373162751,0,0.5593466469390134
33.28831999999611,-2.0362623218224467,0.4470844845071519,1.275645189824491,-0.026757319267062464,0.03849060945338358,0.08482931220115306,-1.89079782361847,0.32176471178196214,1.415030844938575,-0.014143939125479286,0.0803419835683108,-0.06329258508336086,-1.816549703446998,0.4433464861530356,1.4818689515574421,0.026673506115841582,0.06899310342793083,0.010702568596173587,0.09000117304571391,0.09000117304571391,0.0,0.08986272099520547,0.4758109292480722,-0.5667965959204639,0.011569248206040827,0.014108300949262433,-4.762909678174418,0,0.5592429865454371
33.29247999999611,-2.036372230153654,0.4472530933327295,1.2759887404545873,-0.02637799948975661,0.04046611813862393,0.08245215122313358,-1.940035817922564,0.6091673738951906,1.4411470163557445,0.12877448118492427,0.05081997231959252,0.16415320480484116,-1.8780258830537535,0.5263616248937871,1.461849952135918,0.07776816392790147,0.060950888675960886,0.0870241445945907,0.09000117304571391,0.09000117304571391,0.0,0.08921277400330578,0.4716849712934411,-0.5583033656872138,0.011464169432754415,0.014869199279285187,-4.763162394136824,0,0.5591300122802042
33.29663999999611,-2.036480569583456,0.4474298603466638,1.2763225355878802,-0.02600146315249852,0.04242408334423921,0.08011083199029258,-2.277039144745194,0.5186374739936948,1.4354578691022755,0.03606360712555183,0.057148686784793255,0.09041687689869529,-2.077461778420918,0.5226160678462775,1.4488435812859668,0.05763196542008685,0.060153626528046976,0.0878591746923668,0.09000117304571391,0.09000117304571391,0.0,0.08856683391135994,0.4675859983387592,-0.5499244656991238,0.01135836341762275,0.01564314063805994,-4.763414502069301,0,0.5590078001532752
33.30079999999611,-2.036587351635199,0.4476147129335356,1.2766467225424192,-0.02562769241838906,0.04436462084923109,0.0778048690893297,-1.9267211573338885,-0.21728732960911912,1.3774435842770503,0.1405401468105317,0.1419135680623438,0.21543887382841564,-2.001798420895695,0.1529527967307686,1.4135940081656857,0.09923809908917063,0.1017837680792224,0.15028565911970335,0.09000117304571391,0.09000117304571391,0.0,0.08792487651168072,0.4635138510703865,-0.5416583931454808,0.01125276090696422,0.016420125022782305,-4.763665983642336,0,0.5588764261835282
33.30495999999611,-2.0366925877584325,0.4478075789570005,1.2769614466407648,-0.02525666957600388,0.046287845631580476,0.07553378360296396,-2.147287638841296,0.04509978543667975,0.5512954325628361,-0.01259234592372361,-0.1395994827519754,0.134814394986038,-2.0745704887296434,0.09873209481939374,0.9827220226196824,0.04344980418196289,-0.01741205483291177,0.14114400930023066,0.09000117304571391,0.09000117304571391,0.0,0.08728687777450563,0.4594683713002541,-0.5335036652546536,0.011147821391613796,0.017195175221763906,-4.763916821161502,0,0.5587359663765872
33.309119999996106,-2.03679628932943,0.4480083867564873,1.2772668512366998,-0.024888377039399907,0.048193871876828845,0.07329710302440923,-2.2120356250029136,0.7809899612975801,2.2347561730768972,-0.13641721169362434,0.08823850369116364,0.08510657374082986,-2.143587898497372,0.4400467964038472,1.608925161306772,-0.04640685228740925,0.0366274370283376,0.11299271829718137,0.09000117304571391,0.09000117304571391,0.0,0.08665281384745076,0.4554494019518185,-0.5254588190321929,0.011043768766294456,0.01796582525806742,-4.764166997551751,0,0.5585864967036217
33.313279999996105,-2.0368984676517137,0.4482170651439336,1.2775630777415865,-0.02452279734812102,0.05008281298711621,0.07109436117278399,-2.294435456119565,0.45335896134959786,1.5787433360973955,-0.010564502555818232,0.10656460096966151,0.05497711637292421,-2.219036928747643,0.4469214840150472,1.5939502024048005,-0.02741953678719049,0.07310102783948762,0.08311634349085383,0.09000117304571391,0.09000117304571391,0.0,0.08602266105731586,0.4514567870452846,-0.5175224110004313,0.010940709160688282,0.018730864613398727,-4.764416496342066,0,0.5584280930810751
33.317439999996104,-2.0369991339565767,0.4484335434005614,1.2778502656503756,-0.024159913167173936,0.05195478159066472,0.06892509810938902,-2.18864094119879,0.8445582285667139,1.202633964309224,0.045151215595607114,-0.015581074084261876,0.07678057790148686,-2.2037452170586267,0.6457082459489336,1.3984515062147018,0.009057374866531711,0.02971993094922592,0.07876614019093428,0.09000117304571391,0.09000117304571391,0.0,0.0853963959099665,0.44749037168225636,-0.509693016940667,0.010838689856289841,0.019489710342203887,-4.764665301650475,0,0.5582608313512879
33.3215999999961,-2.0370982994036058,0.44865775127369345,1.2781285525672705,-0.0237997072869626,0.05380988955168384,0.06678886005478524,-1.9931519692769397,0.288196283137659,1.0485486629077243,0.10436994516158513,0.02874065345133345,-0.05291427622893828,-2.0982308578225912,0.46700797853586407,1.2233896509314568,0.057104120066681814,0.029982406298381725,0.011936637395510229,0.09000117304571391,0.09000117304571391,0.0,0.08477399509064282,0.443550002028209,-0.501969231639225,0.010737728746083055,0.02024209313094044,-4.764913398169399,0,0.5580847872639755
33.3257599999961,-2.037195975081202,0.44888961897361285,1.2783980742310481,-0.0234421626231595,0.0556482479806529,0.06468519930660545,-2.3076387557996587,0.5575612194117308,0.7006160367091404,0.008042243986006524,0.014894991983110013,0.07684713014862679,-2.2029190831047845,0.5123134248319258,0.9621620627929331,0.032354462213333574,0.02378068990019612,0.042927291970650074,0.09000117304571391,0.09000117304571391,0.0,0.08415543546405385,0.4396355252958811,-0.4943496686331284,0.010637829065560076,0.020987900329999712,-4.765160771151341,0,0.5579000364585289
33.3299199999961,-2.037292172007104,0.44912907717046674,1.2786589645400401,-0.0230872622164958,0.05746996724493639,0.06261367415805912,-1.8694644394910453,0.05223556859738632,1.0338297306659923,0.05119795664794678,0.01396995383758607,-0.08502983631225396,-2.0360832288041504,0.2822979412884011,0.9978217263609077,0.04191498023394868,0.020026658727995698,-0.022095023010453484,0.09000117304571391,0.09000117304571391,0.0,0.08354069407532685,0.4357467897267004,-0.4868329599585939,0.010538986759339668,0.02172709747201015,-4.765407406394907,0,0.5577066544471029
33.3340799999961,-2.037386901128906,0.44937605699121536,1.278911355576778,-0.022734989232449362,0.059275156979663825,0.06057384881708682,-1.773542972685832,-0.28310290513259634,1.3097536951971456,-0.11983316376083884,0.13936638738382992,0.26617271559097466,-1.9050618588381873,-0.00011662298905169106,1.1543458107175815,-0.03830166748548408,0.0797190403122713,0.12092135030161766,0.09000117304571391,0.09000117304571391,0.0,0.08292974814903181,0.43188364457200334,-0.47941775590129354,0.010441194165511324,0.02245968903337392,-4.7656532902311435,0,0.5575047165984595
33.3382399999961,-2.037480173324576,0.449630490016627,1.2791553776323035,-0.0223853269608234,0.06106392609880346,0.05856529332613705,-1.9395054769828446,0.10539658493524101,0.9738984036816765,-0.06343700935585475,0.04936874663358197,0.08719603193477113,-1.9224173086413021,0.05274156151475985,1.0643035389138331,-0.05016927546000182,0.06543218328312587,0.10342172758937382,0.09000117304571391,0.09000117304571391,0.0,0.08232257508905885,0.428045940073889,-0.4721027247483904,0.010344441858768268,0.023185698817449085,-4.765898409510193,0,0.5572942981225368
33.3423999999961,-2.0375719994029726,0.44989230827832016,1.2793911592301475,-0.02203825881520006,0.06283638280635115,0.056587583482550795,-2.2337709702565745,0.8766861877685213,1.4195248315470574,0.048521557167475714,-0.016561637057263795,0.06092117728032731,-2.0779952626556355,0.46468328485604626,1.2420441710945453,-0.0008936737353228945,0.025357767387478723,0.08179626620159866,0.09000117304571391,0.09000117304571391,0.0,0.08171915247828013,0.4242335274461335,-0.46488655254043,0.010248719572859107,0.023905160148568572,-4.766142751588255,0,0.5570754740557139
33.346559999996096,-2.037662390104357,0.45016144425585164,1.2796188271499789,-0.021693768332260763,0.06459263460755282,0.05464030075956076,-1.9830725695118858,0.6672643425348379,1.320591906238548,-0.063870893130067,0.24204398742574115,0.11331872187346514,-2.0306646103848682,0.5664761404174382,1.2815563061919515,-0.033095219258942835,0.13490607124695664,0.0965850286245979,0.09000117304571391,0.09000117304571391,0.0,0.08111945807756832,0.4204462588539889,-0.4577679428263024,0.010154016662622542,0.02461811097147568,-4.766386304314852,0,0.5568483192467423
33.350719999996095,-2.0377513561009026,0.4504378308738519,1.2798385064509286,-0.02135183917097084,0.0663327883200727,0.052723032227911186,-2.127154853933822,0.42551804425599654,1.5164264402595617,0.02577249519368644,0.04160130738065669,0.030283536982744254,-2.0788566958919255,0.496081405266294,1.3990582683671102,-0.0037158173582286886,0.08885119892484182,0.06235050302565009,0.09000117304571391,0.09000117304571391,0.0,0.08052346982481187,0.4166839873952712,-0.450745616419788,0.010060322335737795,0.02532459140344901,-4.766629056020381,0,0.55661290834332
33.35487999999609,-2.0378389079972012,0.4507214014992062,1.2800503204945874,-0.021012455111626836,0.06805695008503056,0.050835370478122685,-2.3843284017735513,0.8136661553236949,1.8745294369185042,0.27322463631010013,0.20599040117101314,0.03763172643403995,-2.2310261574628805,0.6553033827830135,1.6368770566093669,0.13462628096023596,0.14792964921452142,0.04922144853616758,0.09000117304571391,0.09000117304571391,0.0,0.07993116583307142,0.41294656708044053,-0.4438183111557689,0.009967625769257926,0.026024642512738252,-4.766870995503961,0,0.556369315779279
33.35903999999609,-2.0379250563307627,0.45101208993828046,1.2802543909676851,-0.020675600054772314,0.06976522537782619,0.048976913543444314,-1.9164776827826924,0.42929002691945967,1.4199720236463635,-0.08414160663769382,-0.06110580775685541,0.09332563629548157,-2.073923901369726,0.542167282459571,1.5286195927486368,0.024857338776180682,0.04378235007657521,0.07008987756423544,0.09000117304571391,0.09000117304571391,0.0,0.07934252438915904,0.40923385281450564,-0.4369847816508178,0.009875916168461524,0.026718305710105604,-4.7671121120215565,0,0.5561176157623676
33.36319999999609,-2.0380098115725125,0.45130983043419165,1.28045083790445,-0.020341258019985927,0.07145771901868717,0.04714726482352451,-1.8891723130661648,0.7584747282586023,1.3407636647638872,-0.09263607890236479,0.05231181792634261,-0.01752319260300124,-1.9817396595815069,0.6504296758446922,1.4346565696520979,-0.033802603449600455,0.048840007228029794,0.024989175124181796,0.09000117304571391,0.09000117304571391,0.0,0.07875752395221383,0.4055457003777621,-0.43024379906411303,0.009785182796792321,0.027405622446857857,-4.767352395274376,0,0.5558578822625991
33.36735999999609,-2.0381234622463573,0.4514192773356916,1.2808497887075765,-0.027276161722804566,0.02626725635998351,0.0957481927503536,-1.4131775789116596,0.18320049690820867,1.4907461449028152,0.03928934829165973,-0.012147449273155218,0.023054882160130796,-1.69736580150095,0.416834307169379,1.462697565204459,-0.0006841654388248842,-0.004612964542700827,0.04909207802637728,0.09000117304571391,0.09000117304571391,0.0,0.09276320928714288,0.4959620200201049,-0.6261559075905895,0.010629374572489816,0.018647265593106463,-4.767592339917986,0,0.5558155233407971
33.37151999999609,-2.0382354815557107,0.4515373145695885,1.2812377954103291,-0.026884634244851845,0.02832893613526185,0.09312160866062098,-2.2890112540499,0.5622825773428325,1.6300534108027385,0.016182388954329843,0.008010476720150723,0.11657303143737709,-1.993159291737534,0.4895741254316561,1.5466208127416796,0.007884027303863487,0.0026577745263968223,0.0820179504853147,0.09000117304571391,0.09000117304571391,0.0,0.09209091874481617,0.4917140152876629,-0.6167967542623627,0.010997319130944015,0.014682754231921145,-4.767831921762148,0,0.5557633028209636
33.37567999999609,-2.0383458815092235,0.45166386684570264,1.2816150226381675,-0.026495988843072374,0.03037254626739136,0.09053453468121862,-1.9498471764709548,0.2994203307503576,1.456118493217494,-0.005498287509863593,0.09430790952908585,0.01803588663791074,-1.9715145293009566,0.39468988873998984,1.5014079519381571,0.0012716193525226173,0.049518691995454396,0.04934912364243963,0.09000117304571391,0.09000117304571391,0.0,0.09142278223653477,0.4874936927147566,-0.6075635562206516,0.01112771127119917,0.013111553591228196,-4.7680711173765635,0,0.5557012987851975
33.379839999996086,-2.038454674038204,0.4517988593716912,1.2819816327857898,-0.02611020695538262,0.03239820623725006,0.08798643542933673,-1.766695700390416,0.6250573824984045,0.9938910401651129,-0.004683996034351018,-0.1341437744590707,-0.05410679272962754,-1.8691129755621556,0.50959391826815,1.2475380285415285,-0.0019215311230976106,-0.04118803521577552,-0.0045957926837200845,0.09000117304571391,0.09000117304571391,0.0,0.0907587745096759,0.4833008877492341,-0.5984546556864971,0.011139892802389405,0.012733420076052888,-4.768309904072495,0,0.5556295894350727
33.383999999996085,-2.0385618709971447,0.45194221784954947,1.282337786046963,-0.025727270145692243,0.03440603468598554,0.08547678268155301,-1.8351526885766605,0.2985462557414938,1.5224125872999648,-0.0636183903209832,-0.0043054130756658635,0.017938552465243174,-1.8522647646363075,0.4040586629306779,1.3850158564208461,-0.032840156128063736,-0.02227202754882072,0.006038404891530713,0.09000117304571391,0.09000117304571391,0.0,0.09009887048780321,0.47913543702627226,-0.5894684169611859,0.011093529053707502,0.012948255506939226,-4.768548259884805,0,0.5555482530632119
33.388159999996084,-2.0386674841642436,0.45209386847213723,1.282683640443962,-0.025347160103699005,0.03639614942106682,0.08300505527977992,-2.32606971271119,0.44212991426121784,1.071528234411683,-0.1403159944602715,-0.008268631794021056,0.030586642011432637,-2.0894629216769527,0.423074665933679,1.2283366849296218,-0.08632386677233927,-0.013977507538750336,0.01676563049692542,0.09000117304571391,0.09000117304571391,0.0,0.08944304526948142,0.4749971783606961,-0.5806032261388,0.011018447131255056,0.01345603424072788,-4.768786163554403,0,0.5554573680261035
33.39231999999608,-2.03877152524193,0.45225373791973184,1.2830193518566229,-0.0249698586447699,0.03836866742270434,0.08057073903859371,-2.089615584188784,0.9008687794577875,0.9443229621825546,0.055950091050618725,-0.0434104841492548,0.0401104768611307,-2.0894249726718286,0.6618827143388027,1.0864149852893557,-0.014189487910974038,-0.02770198564300634,0.02664760821651369,0.09000117304571391,0.09000117304571391,0.0,0.08879127412965485,0.4708859507367071,-0.5718574908205949,0.010929555048269802,0.014106766732570088,-4.769023594511095,0,0.555357012718112
33.39647999999608,-2.0388740058573878,0.45242175335660967,1.283345074051014,-0.02459534770989019,0.040323704850683,0.07817332665388611,-1.4517607423876795,0.6278881222760926,1.1887399854947736,0.024105517141199195,0.10264113521463053,0.04425359614801713,-1.7705378676862458,0.6450955965579788,1.137671307721273,0.0047685073317290366,0.03893954304596853,0.03493973030167104,0.09000117304571391,0.09000117304571391,0.0,0.08814353251974388,0.4668015942982249,-0.5632296398367795,0.010834301291978007,0.014825481318626085,-4.769260532856823,0,0.5552472655466381
33.40063999999608,-2.038974937563078,0.45259784242765827,1.2836609587077337,-0.024223609365675053,0.04226137705166125,0.07581231761274854,-2.3272796585616584,0.827495351735425,1.4515977562025983,0.07999920751910768,0.059399951879441804,0.4055629812258366,-2.0487461338801993,0.7364187411508314,1.2954823307291807,0.042317008649444904,0.049918307362335594,0.2192453480053519,0.09000117304571391,0.09000117304571391,0.0,0.08749979606795472,0.46274395033749044,-0.5547181229690883,0.010736404608698506,0.015574715109183568,-4.7694969593492855,0,0.5551282049083778
33.40479999999608,-2.039074331837263,0.45278193325502064,1.2839671554498358,-0.02385462580442937,0.04418179856697156,0.07348721810451954,-2.125599918051738,0.3233550679055602,1.7010452334770945,0.1330143591824311,0.051132973148538395,0.06567053098210998,-2.0868977115838176,0.5299893645926719,1.4984061765719958,0.08805119995463982,0.05100862332419493,0.14104268221864766,0.09000117304571391,0.09000117304571391,0.0,0.0868600405800164,0.4587128612822476,-0.5463214106784332,0.010637718898012103,0.01633575943707156,-4.769732855385935,0,0.5549999091666394
33.40895999999608,-2.0391722000845305,0.4529739544347746,1.2842638118703895,-0.023488379344237167,0.04608508314094825,0.07119754093290268,-1.7381584746698584,0.5765227400595117,1.0042284599247047,0.06951757400325766,-0.14107535334911092,0.09260042403620883,-1.9123811519236493,0.5529605540903388,1.2515096304255375,0.07883059143551081,-0.04387128327192847,0.11530328673902548,0.09000117304571391,0.09000117304571391,0.0,0.08622424204013229,0.45470817068353275,-0.5380379938359425,0.010539165661402805,0.01709928258381332,-4.769968202988336,0,0.5548624566296758
33.41311999999608,-2.0392685536363184,0.4531738350336488,1.2845510735596772,-0.02312485242906059,0.047971343729804106,0.06894280542906589,-1.8222355636258627,0.43304730536716474,1.3904916864061145,-0.1782229530184147,0.10816463483995534,0.031520036527440176,-1.8676778699304226,0.49322637279889814,1.32106923805545,-0.04994688804253217,0.03295299083724507,0.072433058215056,0.09000117304571391,0.09000117304571391,0.0,0.08559237661129061,0.4507297231999558,-0.5298663834556867,0.010441200228073063,0.017860641144745053,-4.7702029847868825,0,0.5547159255299865
33.417279999996076,-2.0393634037514388,0.45338150458577814,1.284829084132034,-0.022764027628829623,0.049840692511044914,0.06672253736564013,-2.4045121670474416,1.1533466510074768,0.9647575098821666,-0.03247298085240853,0.11907579860142742,-0.0581610977490781,-2.136167202509214,0.8235377554395237,1.1427921472300606,-0.04078566782961047,0.07651368664143356,0.00606729087537955,0.09000117304571391,0.09000117304571391,0.0,0.08496442063621634,0.44677736458279704,-0.5218051104314563,0.010344044869283073,0.018617535713712302,-4.770437184005865,0,0.554560394004554
33.421439999996075,-2.0394567616166035,0.4535968930895007,1.285097985252332,-0.022405887639496868,0.05169324089341227,0.06453626887152679,-2.203822551929253,0.20300840603950554,1.4050200466033769,-0.03457909898728692,0.36950887800362314,0.11619695425450602,-2.1700683578897664,0.5140364641554753,1.274150334559558,-0.037161680711122594,0.22339746994196455,0.06078059164888419,0.09000117304571391,0.09000117304571391,0.0,0.08434035063811013,0.4428509416592482,-0.5138527252743934,0.010247805356886509,0.019368838727648795,-4.770670784448877,0,0.5543959400759733
33.425599999996074,-2.0395486383469494,0.4538199310041978,1.2853579166621132,-0.022050415283034735,0.05352909952731652,0.06238353834744317,-2.115087162370668,0.1786198708069729,1.4497585938413406,-0.05201246120106556,-0.009276702017502594,0.054761437897931434,-2.1426835688800145,0.34630408121349293,1.3620728151358474,-0.04554343215974064,0.1082504034552452,0.05622314060542849,0.09000117304571391,0.09000117304571391,0.0,0.08372014332095959,0.4389503023144883,-0.5060077978527714,0.010152529243896473,0.020114008391183248,-4.770903770484558,0,0.5542226416344368
33.42975999999607,-2.0396390449865636,0.4540505492471799,1.2856090162053722,-0.021697593507353365,0.05534837831570738,0.06026389038213759,-1.995254281781152,0.4403248062426079,1.624384548839568,0.07446168871203265,0.1507024690265221,0.08350038798583188,-2.06881427397119,0.3936268814656804,1.493406780313025,0.015056544597542297,0.13028004561744774,0.06861732980342797,0.09000117304571391,0.09000117304571391,0.0,0.08310377557027836,0.43507529547296686,-0.4982689171343572,0.010058235005996105,0.02085279564133706,-4.771136127032653,0,0.5540405764205402
33.43391999999607,-2.0397279925090057,0.4542886791906187,1.2858514198539939,-0.021347405386115525,0.057151186425314984,0.05817687566921657,-2.16345921930502,0.08936013017150635,1.232919820011785,0.20601818029246563,0.1943957864166499,0.0920169390152647,-2.1157089225077272,0.2418943303352781,1.3633555802189752,0.11053736118665328,0.16299927204239922,0.07901244440101679,0.09000117304571391,0.09000117304571391,0.0,0.08249122445234754,0.43122577107921434,-0.49063469092901446,0.009964926613447927,0.02158509763233165,-4.771367839550409,0,0.5538498220088744
33.43807999999607,-2.0398154918178326,0.4545342526585278,1.2860852617328462,-0.02099983411843486,0.05893763229818159,0.05612205092454941,-1.8925304772604077,0.5576119855363644,0.9321249835156782,0.01984172594440021,0.05145570909325702,-0.06799101063884502,-2.0040764924824654,0.39985915425181384,1.1475970520310173,0.06501479221730432,0.10879220086897252,0.004939744770561163,0.09000117304571391,0.09000117304571391,0.0,0.0818824672153804,0.4274015800774287,-0.48310374563347785,0.009872600818127518,0.022310884480499515,-4.771598894019264,0,0.5536504557923702
33.44223999999607,-2.039901553747118,0.45478720192379196,1.2863106741445305,-0.020654863028432856,0.06070782366338963,0.054098978804224304,-2.331127632059951,1.0384884552847589,1.190220983805407,0.017756856370705343,0.1175283262108794,0.31107897031170517,-2.1675678019028064,0.7194220556514692,1.1695571501682969,0.041573893895629654,0.11348350717140988,0.15760568087826402,0.09000117304571391,0.09000117304571391,0.0,0.08127748128812079,0.423602574391549,-0.4756747259761668,0.00978125079804054,0.0230301626392779,-4.771829276931851,0,0.5534425549673656
33.44639999999607,-2.039986189061971,0.4550474597052457,1.2865277875937933,-0.02031247556465242,0.062461867548891346,0.05210722782305497,-2.2266434795757672,0.39535601080390853,1.3524131513942848,-0.1350736943005481,0.2073416107106009,-0.010391567670157677,-2.1973876792030156,0.5578152794185102,1.2609673806370667,-0.046413679981860176,0.16172918111481682,0.07238470790809351,0.09000117304571391,0.09000117304571391,0.0,0.08067624427972134,0.41982860690356905,-0.4683462947648267,0.009690867980503066,0.023742956589256042,-4.772058975279299,0,0.5532261965193642
33.45055999999607,-2.0400694084590514,0.45531495916480125,1.2867367308116,-0.019972655299314405,0.0641998702933319,0.05014637227364263,-2.6014162635737508,0.23665792559249588,1.4694938666894843,0.004195693522596609,-0.003664866422002186,0.015219445398763028,-2.399395680152375,0.39722575557761464,1.3652661511483615,-0.021300479675555737,0.07951243182464492,0.042645800576022456,0.09000117304571391,0.09000117304571391,0.0,0.0800787339785506,0.41607953143345827,-0.46111713263358295,0.009601442954573262,0.024449299685740486,-4.772287976538822,0,0.5530014572094584
33.454719999996065,-2.0401512225670824,0.4555896339046253,1.2869376307788751,-0.019635385927417797,0.06592193755777218,0.04821599214602802,-1.7777925024629253,0.5223633652658983,1.7103870617373216,-0.04607507263842936,0.16690723335241042,-0.04867654549987763,-2.088686062412883,0.46014069866561486,1.5377295797384902,-0.03345252539287425,0.1241176350193793,-0.003877014579870593,0.09000117304571391,0.09000117304571391,0.0,0.07948492835121046,0.4123552027184468,-0.45398593779347696,0.009512965928029218,0.025149229585052335,-4.772516268661598,0,0.5527684135613895
33.458879999996064,-2.040231641947356,0.4558714179643637,1.2871306127499083,-0.019300651265683606,0.06762817433721184,0.046315673047965286,-2.0445061798299027,0.8290718569799009,0.8015159826279341,-0.020046748513612076,0.08855331929364671,-0.1901307873130939,-2.066638362287827,0.64479147344438,1.1692258356129972,-0.02634002248758841,0.10709473322593892,-0.09875789533432908,0.09000117304571391,0.09000117304571391,0.0,0.07889480554048091,0.4086554763921538,-0.44695142578157465,0.009425426956541031,0.025842785960144013,-4.772743840060922,0,0.5525271418492189
33.46303999999606,-2.0403106770942365,0.45616024581841297,1.2873158002754328,-0.018968435251352257,0.06931868497182282,0.044445006125882,-2.5967402875465284,0.19051806417288708,1.3526906876210425,-0.10369176060994531,0.11273672032585567,-0.041889027830321675,-2.331907880523732,0.41788329933256385,1.260873637773221,-0.0654098532324148,0.11125199812002043,-0.07091387718431535,0.09000117304571391,0.09000117304571391,0.0,0.07830834386368715,0.40498020896559317,-0.440012329215283,0.009338816058863667,0.02653000936081152,-4.772970679600629,0,0.5522777180855879
33.46719999999606,-2.0404193703908797,0.4562677632875743,1.2877027313192373,-0.0260863911943291,0.02580419259871071,0.09286345051306513,-2.2983737708692855,0.8978690877633537,1.4531939369862819,-0.19211467002967772,0.05322166114493812,0.121706458574372,-2.3155316769266343,0.658036592131379,1.357237014815618,-0.1328446558882918,0.05995834935418749,0.05003372068238805,0.09000117304571391,0.09000117304571391,0.0,0.09267576300780428,0.492041145769509,-0.6351572745389571,0.010190671931408228,0.01809924623139693,-4.773197295230665,0,0.5522411066046667
33.47135999999606,-2.0405264348089216,0.456383803428895,1.288078564399357,-0.025695460330010203,0.027849633916972885,0.09019993922874935,-2.153954529545316,0.9164391885956797,1.1410650270841118,-0.09282467380383533,0.0009085727380823971,0.22573868134776326,-2.2349365708868927,0.7872384982801256,1.2496218541338082,-0.11210362864239672,0.03192305486485367,0.13652093918787056,0.09000117304571391,0.09000117304571391,0.0,0.09199971271366629,0.4878276670899912,-0.6256136548517173,0.010564606521701735,0.01429571034529338,-4.7734236617258965,0,0.5521945260498403
33.47551999999606,-2.040631882419867,0.456508291568373,1.2884434673641214,-0.0253074266268026,0.029877153474727948,0.08757671154344333,-1.4469495628346971,0.6817175075612534,1.0725779911128228,-0.14112154680733202,-0.02202903382278633,0.05216101081146065,-1.841231130734098,0.7344307052706017,1.1612107181846385,-0.1265871254724982,0.005306051549673711,0.09264370882576031,0.09000117304571391,0.09000117304571391,0.0,0.09132784922045317,0.48364164137486065,-0.6161986374426762,0.010700124567080097,0.012802200226028774,-4.773649754628112,0,0.5521380569407428
33.47967999999606,-2.04073572521732,0.45664115352571993,1.2887976057844535,-0.024922271388849525,0.031886869763254194,0.08499322087970967,-1.992359854762376,0.4988927172651165,1.0671579484331286,-0.066462007578653,0.02711615459814715,0.14573228227117008,-1.9169357853466356,0.6167138095856257,1.1144895537019515,-0.09604948244785405,0.01748600429427293,0.11785766909518877,0.09000117304571391,0.09000117304571391,0.0,0.09066014706989048,0.47948290544208594,-0.6069105292111017,0.010716973238918896,0.012460138797175644,-4.773875550227685,0,0.552071779883642
33.48383999999606,-2.0408379751175163,0.4567823156108715,1.2891411429843411,-0.024539976047059157,0.033878900436379915,0.08244892797303173,-1.7001448899761373,0.17909259325048765,1.8037230976689842,0.16969047536571125,0.15827939118360093,0.034591943785069634,-1.808185863097712,0.3982285388580993,1.459186476486347,0.036800451183336295,0.08826645449036746,0.07460602791081496,0.09000117304571391,0.09000117304571391,0.0,0.08999658098104446,0.4753512972970759,-0.5977476596142417,0.010675020934574182,0.012690261008977001,-4.774101025545654,0,0.5519957755430204
33.487999999996056,-2.040938643959845,0.4569317046205227,1.2894742400709076,-0.024160522158937395,0.0358533623162819,0.07994330077595406,-1.6707019057904522,0.22342156456791565,1.0243244832529619,-0.04964705640876679,-0.0747814629276124,0.06746858530282754,-1.7395467050324132,0.31066603176375945,1.2418965768942423,-0.006168601615478518,0.00783648399117688,0.06920708423623878,0.09000117304571391,0.09000117304571391,0.0,0.08933712584871234,0.4712466561240811,-0.5887083803728005,0.010604196675304866,0.013202957653176261,-4.774326158316204,0,0.5519101246144237
33.492159999996055,-2.0410377435073808,0.4570892478346881,1.2897970559640894,-0.023783891408521125,0.03781037139968793,0.07747581436366333,-1.8086935133562736,0.5930782633592917,1.4180486971738642,0.12048817591888712,0.059529489502175195,-0.053734724353008634,-1.7738704356081367,0.45199596003837283,1.3298660879383322,0.057370203003813666,0.03463332587803754,0.005827936252203693,0.09000117304571391,0.09000117304571391,0.0,0.0886817567456593,0.46716882227810524,-0.5797910651824975,0.010519459807125445,0.01385344727201348,-4.774550926969543,0,0.5518149077985299
33.496319999996054,-2.041135285447407,0.4572548730132904,1.2901097474259267,-0.02341006560638817,0.039750042864553255,0.07504595084092558,-1.9932854798059731,0.2994686258049171,1.3411146258130644,-0.035265476762328954,-0.11772692740695939,0.007990933777283618,-1.8836531451160066,0.3754839197641327,1.3355095368062737,0.011202970158851706,-0.04036512154049107,0.0057166708385583825,0.09000117304571391,0.09000117304571391,0.0,0.08803044892164967,0.46311763727406435,-0.5709941094289448,0.010428284853062667,0.014569362114383722,-4.774775310615175,0,0.5517102057763872
33.50047999999605,-2.0412312813919478,0.457428508392779,1.2904124690894696,-0.02303902668974584,0.041672491077261974,0.07265319925029781,-2.296185965979374,0.35656349154408584,1.2204453591434576,0.22701465981264424,0.06292124438581537,0.11419152973520871,-2.0894504466440655,0.36615083970511747,1.2782170285295165,0.1191855408807299,0.01300627058877164,0.05856683947976006,0.09000117304571391,0.09000117304571391,0.0,0.08738317780568443,0.45909294377618404,-0.5623159299058595,0.010334403941056966,0.015314541115666085,-4.7749992890255415,0,0.5515960991857729
33.50463999999605,-2.041325742878292,0.4576100826827807,1.2907053734873093,-0.022670756722569484,0.04357782960040754,0.07029705548152197,-2.161360086933118,0.1877029961562875,1.3610358466619248,-0.1303669750341446,0.021267120256206952,0.1383340742545361,-2.1256772232171874,0.2769683943557364,1.3199173022467212,-0.005433512295922451,0.017862173562152053,0.09721715901002569,0.09000117304571391,0.09000117304571391,0.0,0.08673991900524676,0.45509458558560273,-0.5537549645385514,0.010239678019627118,0.016070926389489346,-4.775222842620039,0,0.5514726685986305
33.50879999999605,-2.041418681369524,0.45779952506278565,1.2909886110797342,-0.022305237895784646,0.04546617120118586,0.0679770221819947,-1.5576948527466803,1.0319895752916106,0.7341631124224316,-0.28694243077407444,0.09615778333923264,0.09242037012324168,-1.8422801043037689,0.6546813172196433,1.027231538129987,-0.14558868884284648,0.05842644152201678,0.09328139035126644,0.09000117304571391,0.09000117304571391,0.0,0.08610064830811254,0.4511224076271393,-0.5453096721092783,0.010145032467359327,0.016829511475574318,-4.7754459524494,0,0.5513399944995376
33.51295999999605,-2.0415101082550553,0.4579967651788707,1.2912623302825184,-0.02194245252745986,0.04733762786042268,0.0656926086682156,-2.263624319311111,0.6522065622881572,1.0413575709225704,0.0013593802058580427,0.006213943944661238,-0.029031799540583728,-2.0529520490503996,0.6534561265721753,1.0342375124245404,-0.0722604405003535,0.0326700672535617,0.03057261743112283,0.09000117304571391,0.09000117304571391,0.0,0.0854653416835214,0.447176255934048,-0.5369785319861936,0.010050924899247877,0.01758581546572826,-4.7756686001804205,0,0.5511981572651619
33.51711999999605,-2.041600034851151,0.45820173314046336,1.291526677494344,-0.021582383062987667,0.049192310782233475,0.06344333083810814,-2.6076353843797566,0.3120674498166177,1.7064288398667278,-0.14438099815977354,0.13978392366554598,0.04003503126878227,-2.330598079448085,0.48304723617819917,1.3704229914957842,-0.10823288543554999,0.08761920796237053,0.03441847742790028,0.09000117304571391,0.09000117304571391,0.0,0.08483397528185178,0.4432559776323597,-0.5287600438537581,0.009957579071399231,0.018337620069029274,-4.7758907680810445,0,0.5510472371446647
33.52127999999605,-2.041688472401465,0.45841435951714793,1.291781797123861,-0.021225012075233113,0.0510303304043002,0.06122871108411907,-2.2325172869375915,0.746362679112211,1.6600559234012446,-0.1495512999518816,0.006408258160650118,0.0998842538972978,-2.2818685665501826,0.6147174687387733,1.515450748004477,-0.12864550743451836,0.04829817055937316,0.06642230772176122,0.09000117304571391,0.09000117304571391,0.0,0.0842065254368613,0.4393614209229379,-0.5206527274456941,0.00986510183485373,0.019083838146717283,-4.776112439005775,0,0.550887314241011
33.525439999996046,-2.0417754320775674,0.4586345753355176,1.2920278316163902,-0.0208703222646111,0.05285179640871962,0.059048278207004076,-1.8155076366196736,0.17820675734620367,1.2362656868471413,-0.0013530141799038414,-0.040528135246199665,0.024021601423513242,-2.04868944514066,0.3963732193657386,1.3759083077195982,-0.06414541864750622,0.004632084574304938,0.04422469137794793,0.09000117304571391,0.09000117304571391,0.0,0.08358296866536351,0.4354924350636511,-0.5126551222811379,0.009773541613896368,0.01982394798204172,-4.776333596381426,0,0.5507184684931471
33.529599999996044,-2.0418609249794804,0.4588623120760733,1.2922649214802662,-0.02051829645907571,0.05465681773336677,0.05690156733021604,-2.3523028502348184,0.262721747688882,1.1521577614501102,0.07000008398531579,-0.03635180530057685,-0.07636394996901227,-2.200352888255029,0.32946956302699293,1.2638738057119274,0.0030217313552103036,-0.01519628860212367,-0.016625267482745003,0.09000117304571391,0.09000117304571391,0.0,0.08296328166840033,0.4316488703490946,-0.5047657873984323,0.009682917646540702,0.020557710417680432,-4.776554224193192,0,0.5505407796590098
33.53375999999604,-2.0419449621362054,0.459097501670172,1.292493205312828,-0.020168917613989222,0.056445502583686226,0.054788119814849774,-2.35765971496766,0.5167349570170132,1.0800472886565102,0.09223859846470692,0.03680677369532914,-0.15713732339537512,-2.2788150945965113,0.4231786480975219,1.171636061370124,0.04740607515583958,0.011513231862337233,-0.08862330636788157,0.09000117304571391,0.09000117304571391,0.0,0.0823474413309184,0.42783057809010294,-0.4969833010940543,0.009593234606022776,0.021285027427020348,-4.776774306971037,0,0.5503543272993302
33.53791999999604,-2.0420275545062547,0.4593400764970254,1.2927128198260576,-0.019822168811853984,0.05821795844481587,0.05270748317508409,-2.055442221064761,0.5863656747142252,0.7989970847731115,0.09442488067470547,0.16054133209137772,-0.10490270617903608,-2.1669292958791013,0.5051059866580362,0.9850990633719375,0.07024030653892442,0.0866129956119441,-0.09834507949118633,0.09000117304571391,0.09000117304571391,0.0,0.0817354247222992,0.42403741059262573,-0.48930626066048494,0.009504489912721186,0.022005871402426866,-4.776993829776391,0,0.5501591907621989
33.54207999999604,-2.0421087129781794,0.45958996938075014,1.2929238998718664,-0.019478033261884364,0.059974292093932915,0.05065921099410806,-1.6211432743137664,0.3466486380622361,1.1413754459728596,0.08921496852386003,0.1308743555656326,-0.09521725677771956,-1.893847533081104,0.4261474490916804,1.06304208407227,0.08003014548769964,0.10920692637464352,-0.09763965377590669,0.09000117304571391,0.09000117304571391,0.0,0.08112720909581962,0.42026922113623144,-0.481733282124091,0.009416677391207558,0.022720249802044134,-4.77721277818915,0,0.5499554491683613
33.54623999999604,-2.0421884483710935,0.4598471135874697,1.2931265784670354,-0.019136494299408988,0.06171460961270382,0.04864286284053483,-1.8055463894549717,0.09116903364996443,1.2016043687258045,0.2243793528246285,0.21158107054943476,0.04722163862969219,-1.8492302766046684,0.2590943691791043,1.1324254516096905,0.1525012021882743,0.16116190961940777,-0.02667809475642264,0.09000117304571391,0.09000117304571391,0.0,0.0805227718874684,0.4165258639511704,-0.47426299998666527,0.009329789099778205,0.02342818747587417,-4.777431138294975,0,0.5497431813972095
33.55039999999604,-2.042266771435198,0.4601114428224685,1.2933209868178075,-0.018797535385097184,0.0634390163997119,0.04665800418531253,-1.739001891477257,0.5843458389987479,1.0205600531272432,0.03223910438848125,0.011808320207616518,0.027283468185847835,-1.7940479730683627,0.42174557597277396,1.07654984825728,0.09224165058815594,0.087151025473405,-0.00024403852709394024,0.09000117304571391,0.09000117304571391,0.0,0.07992209071625662,0.41280719419736306,-0.4668940669650696,0.009243816246141373,0.02412971783148414,-4.777648896672869,0,0.5495224660734458
33.55455999999604,-2.042343692852298,0.4603828912273967,1.2935072543441375,-0.018461140104000337,0.06514761718275155,0.04470420631918408,-2.0860951341220817,0.7010848316102626,1.5379393564651584,0.130274546880765,0.25024791441681604,0.008581329156182725,-1.9398033447353729,0.5619353647818773,1.307266457653459,0.11159937215702172,0.1697959498662073,0.0037940800635646874,0.09000117304571391,0.09000117304571391,0.0,0.07932514338110461,0.4091130679417868,-0.4596251537343331,0.009158749646095993,0.024824878419494736,-4.777866040383057,0,0.5492933815543863
33.558719999996036,-2.0424192232363163,0.4606613933775253,1.293685508703599,-0.01812729216442506,0.06684051603086955,0.042781046270742674,-2.308378126384376,0.2773255098054796,1.1821237931727544,0.02846549590152052,0.18607256481909046,0.05341778087329631,-2.1240342848047975,0.4200137701548146,1.2448064290742304,0.07012312688902306,0.1787511701965714,0.028087337644925464,0.09000117304571391,0.09000117304571391,0.0,0.0787319078605026,0.4054433421375222,-0.4524549486699365,0.00907457995362334,0.0255137087289025,-4.778082556955121,0,0.5490560059178818
33.562879999996035,-2.0425205529424786,0.46078304014848603,1.2940442699531245,-0.024319129478979643,0.029195225030566083,0.08610269988611859,-1.5232416843914214,0.867389728729641,1.6567233916499529,-0.09317510347669684,-0.0561605399683065,0.1972796159390319,-1.8238199651813067,0.6436266250400848,1.4511330288192763,-0.015178021055756401,0.042770513901282246,0.13435831726577643,0.09000117304571391,0.09000117304571391,0.0,0.09123675782818948,0.48073293535117023,-0.6270955497877357,0.00977512743369909,0.018262879037775723,-4.778298871838856,0,0.5490056938912925
33.567039999996034,-2.042620280199442,0.4609130107947789,1.2943920787061798,-0.02393454167121598,0.031192955110286743,0.083474100733273,-2.461358262444526,0.15311395346197476,1.497293688181419,-0.07198270501913459,0.07854054415291878,0.1388245857815894,-2.1427423927673783,0.3985293067230327,1.4745048152721962,-0.044011473490331035,0.06109186862785628,0.13544549060550812,0.09000117304571391,0.09000117304571391,0.0,0.09056607681656285,0.4766011015643831,-0.6176077294409336,0.010076242508404474,0.01504008756552337,-4.778514960847458,0,0.5489454751950349
33.57119999999603,-2.0427184169738317,0.4610512321052418,1.294729101785967,-0.02355282585350885,0.033173114511090326,0.08088553914894418,-2.4608295350101823,0.12354907868921877,1.3065432541382702,-0.09920514847156246,-0.040434673628843384,-0.002151318407649608,-2.3019955897418374,0.26095192393825484,1.3905221082238415,-0.07109690815015109,0.010932127730605673,0.0648654892363584,0.09000117304571391,0.09000117304571391,0.0,0.08989955850725644,0.4724962147876351,-0.6082479589994629,0.010178154229974309,0.01382779348372801,-4.77873080052453,0,0.5488754323971917
33.57535999999603,-2.042814975154969,0.46119763135232344,1.295055503749112,-0.02317396347302186,0.03513581929960065,0.0783364711548103,-1.9502898611607928,0.5150453969275341,0.8572173616405554,-0.10750029202734648,0.05670420764144162,0.12906555503357575,-2.1263638528730646,0.3881151684103183,1.1241381317143395,-0.08930059833000309,0.0353602366044154,0.09519386620953918,0.09000117304571391,0.09000117304571391,0.0,0.08923717762487644,0.4684181152430628,-0.5990145527329516,0.010180972226894566,0.013617249589913932,-4.7789463681266895,0,0.5487956480793784
33.57951999999603,-2.0429099665554027,0.4613521362886482,1.2953714469160202,-0.022797936104006097,0.037081184717941106,0.07582636005799255,-2.041020332880071,0.4049584568395699,1.077954569612889,0.05746909579376107,-0.03980877761524846,-0.03403731850713497,-2.0835731601362952,0.39645233355161563,1.1009762737318354,-0.015348861238930644,-0.0013559554227674706,0.030085093032594615,0.09000117304571391,0.09000117304571391,0.0,0.08857890907153919,0.4643666443244578,-0.5899058473905558,0.01013474642472292,0.013904105324112546,-4.779161641606577,0,0.5487062048104105
33.58367999999603,-2.0430034029114355,0.46151467514360706,1.295677091400837,-0.022424725447836674,0.03900932519013443,0.07335467635604587,-1.5223893727121243,0.3735344836132716,0.5432712903536957,0.07620822488016168,0.038948826856982366,-0.07018665491836476,-1.8028197095833376,0.3850727554330378,0.8219757379394207,0.030847404489907384,0.01951761709810566,-0.020931331164508286,0.09000117304571391,0.09000117304571391,0.0,0.087924727927186,0.4603416445877049,-0.5809202019110182,0.010064496908370487,0.014436208278744471,-4.779376599596238,0,0.548607185121178
33.58783999999603,-2.043095295883657,0.46168517661997815,1.2959725951410175,-0.02205431333313497,0.040920354329070034,0.07092089764327603,-1.8282697518397535,0.7610493975241168,0.829275883903654,-0.14426642351531094,0.10081651574926664,-0.2792491861708397,-1.8158442339254042,0.5732704695714935,0.8250473381606991,-0.05705644792212936,0.06157226453212279,-0.15118270105850706,0.09000117304571391,0.09000117304571391,0.0,0.08727460945160934,0.45634295974007055,-0.5720559971349677,0.009982728855059554,0.015087504955258332,-4.779591221390884,0,0.5484986714806752
33.59199999999603,-2.043185657057473,0.4618635698905786,1.2962581139265104,-0.0216866817159541,0.04281438494410024,0.06852450851828834,-2.234954456396045,0.9349122632741665,0.8094132265489385,-0.10481670757898987,0.07242527858873508,-0.04229419334697332,-2.0256195188783104,0.754242546011097,0.8171443416381916,-0.08130602685473688,0.06795661046256847,-0.09777410618802104,0.09000117304571391,0.09000117304571391,0.0,0.08662852908455652,0.4523704346283921,-0.5633116355226828,0.009895690002564007,0.01579499114425935,-4.779805486933023,0,0.5483807462731408
33.596159999996026,-2.04327449794364,0.4620497845949507,1.296533801428563,-0.021321812680015935,0.04469152904931393,0.06616500049265008,-2.1807212508551848,0.742903421516796,1.4360474657262723,-0.06189600969883877,-0.0846502434445221,0.0790368355467264,-2.103301911630639,0.7483939561140389,1.1267664991895736,-0.07078505623056384,-0.006953074676837503,-0.010279319526554769,0.09000117304571391,0.09000117304571391,0.0,0.0859864624469022,0.44842391522616537,-0.554685540874772,0.009806499385037006,0.01652718711750444,-4.7800193767969406,0,0.5482534917762606
33.600319999996024,-2.043361829978794,0.4622437508360862,1.2967998092281487,-0.02095968843697137,0.046551897872518885,0.06384187190055235,-2.10499514093126,0.5931377674693495,1.594225391292424,-0.09775413411887872,0.02915510333723586,-0.14286409429202543,-2.104352461334055,0.6708241839704259,1.3602032848054657,-0.08398059239333718,0.011691665070896107,-0.07715065453965203,0.09000117304571391,0.09000117304571391,0.0,0.08534838534139431,0.4445032486180317,-0.5461761580553537,0.009716711702575789,0.01726837522595931,-4.780232872173535,0,0.5481169901403872
33.60447999999602,-2.0434476645259885,0.46244539917719013,1.297056286844021,-0.020600291326658318,0.04839560186493685,0.061554627809356145,-1.6384876484196949,0.2940449852377381,1.8678844227582392,0.09774764790144434,-0.0086990642775963,0.10631064071855012,-1.8712145485842535,0.4824123216255608,1.614270615356391,0.007384400597147331,0.0022345707746688377,0.013565204811690526,0.09000117304571391,0.09000117304571391,0.0,0.08471427375404245,0.4406082829843326,-0.5377819527168893,0.00962709950759622,0.018010718701016747,-4.780445954855495,0,0.5479713233687344
33.60863999999602,-2.0435320128752275,0.4626546606384885,1.2973033817603998,-0.02024360381732474,0.05022275071160285,0.059302779930912215,-2.2091510110792836,-0.019331118134328584,1.3840307243869416,0.02003046137734984,0.1400939168408148,0.08251003255360345,-2.0401447539574327,0.23182811678432444,1.4993228473072242,0.01431834152291589,0.07133106599367074,0.04698975577946874,0.09000117304571391,0.09000117304571391,0.0,0.08408410385550771,0.4367388675834858,-0.5295014110301083,0.009538044299549468,0.01875032105742493,-4.780658607222815,0,0.5478165732985057
33.61279999999602,-2.0436148862440016,0.4628714666940819,1.2975412394542896,-0.019889608505785358,0.05203345334242543,0.05708584653353676,-2.338517930671677,0.5150984843425318,1.497115513131599,-0.06069882680402769,0.15203175086742698,0.1644003936735117,-2.1894596237060178,0.3737803423966043,1.4985630129269358,-0.0232134575706237,0.11223495999634932,0.10477391258146627,0.09000117304571391,0.09000117304571391,0.0,0.08345785200078314,0.43289485273217915,-0.5213330394106875,0.009449732073742646,0.019485255797192343,-4.7808708122286285,0,0.5476528215829104
33.61695999999602,-2.0436962957778246,0.4630957492688479,1.2977700034224335,-0.019538288117487743,0.05382781794383873,0.05490335235457171,-1.9415092492157162,0.3971722144114973,0.8172442726414142,-0.008810854544428598,-0.05868545203991299,0.023167274774213042,-2.065501414278404,0.3853529891878477,1.1579482524247229,-0.015827221538090186,0.02745351134291403,0.06340366626017337,0.09000117304571391,0.09000117304571391,0.0,0.0828354947312254,0.4290760897859441,-0.5132753642518917,0.009362251097141113,0.020214581264089496,-4.781082553385374,0,0.5474801496740368
33.62111999999602,-2.043776252550768,0.46332744073539356,1.2979898152079061,-0.019189625506448142,0.05560595197096403,0.05275482851343659,-1.8375711616210795,0.09124924265959672,1.0574408942095708,-0.07539702523338437,0.0988505600718214,0.17659521933736774,-1.9516923965506647,0.23850242351237394,1.108063771882135,-0.04518521198207692,0.06422488524050189,0.1187473362418029,0.09000117304571391,0.09000117304571391,0.0,0.08221700877359463,0.42528243111765,-0.5053269316550552,0.009275640797584504,0.0209378480735421,-4.781293814751261,0,0.5472986388065393
33.62527999999602,-2.0438547675659975,0.46356647391106093,1.2982008144263442,-0.018843603655042698,0.05736796216016676,0.05063981242513359,-2.1362077884690707,0.19011594034479806,1.0595393496909404,0.040161791560424404,0.08749235742948722,-0.07562188951248465,-2.043869168647497,0.21448953007649024,1.08364535323509,-0.0018822973238140303,0.07647973280736461,0.020890772462174925,0.09000117304571391,0.09000117304571391,0.0,0.08160237104165832,0.42151373009498483,-0.49748630716175857,0.009189916209630541,0.02165485283029084,-4.781504580917056,0,0.5471083699821063
33.629439999996016,-2.0439318517563043,0.46381278205498544,1.2984031387918198,-0.018500205673620988,0.05911395454188281,0.04855784771417557,-1.6819409932204379,0.4546637027384347,1.8088983220895467,0.015295028260017763,0.12416199137059569,0.04508625571275113,-1.8628697214823686,0.33483483741696796,1.4463715426885406,0.006217865072299697,0.10114145362986265,0.03257730233009972,0.09000117304571391,0.09000117304571391,0.0,0.0809915586345884,0.4177698410582567,-0.48975207548663807,0.009105080198627328,0.022365514989980982,-4.781714836993155,0,0.5469094239546751
33.633599999996015,-2.0440075159846374,0.4640662988652087,1.298596924142357,-0.01815941479993856,0.060844034453582496,0.04650848412893616,-2.313354794181606,0.6332590593788794,1.5937711433758366,-0.16478466402646386,0.29725683272901654,0.1811061742178969,-2.08845830531623,0.4846647400007659,1.5204501275392226,-0.07920133301610888,0.2004282004984454,0.10632374343077922,0.09000117304571391,0.09000117304571391,0.0,0.08038454883706525,0.4140506192966995,-0.4821228402512602,0.009021129573814178,0.023069815292737657,-4.781924568596959,0,0.5467018812163607
33.637759999996014,-2.0440817710446306,0.4643269584758451,1.2987823044650921,-0.017821214398390843,0.06255830655272784,0.044491277456444676,-2.02594902772131,0.34206649207449763,1.1756253048693777,-0.06713616641040351,0.04500932594638441,0.18205035534453742,-2.057343672396475,0.4134548269552146,1.348416175636838,-0.07278388352134979,0.12436804747700349,0.14311815841904274,0.09000117304571391,0.09000117304571391,0.0,0.07978131911831124,0.41035592102584606,-0.4745972237175695,0.008938058145847395,0.023767764982726466,-4.78213376184053,0,0.5464858219840697
33.64191999999601,-2.044154627661127,0.4645946954543017,1.2989594119210826,-0.017485587959049278,0.06425687482959094,0.042505789437678285,-2.0893381991283317,0.16703388474454184,1.4083974236292016,-0.03451278617603763,0.12503260768476904,0.11086058592854378,-2.0734124203092636,0.2904998947765572,1.3786393432611128,-0.05390318745409345,0.1260470774431952,0.1262523321517696,0.09000117304571391,0.09000117304571391,0.0,0.07918184713047927,0.4066856033646883,-0.46717386652326875,0.008855858256449401,0.02445939042067336,-4.7823424033185296,0,0.5462613261867723
33.64607999999601,-2.0442260964906955,0.4648694447985509,1.2991283768697635,-0.017152519096505187,0.06593984261980304,0.040551587683414415,-1.7121247609553296,0.10891028730074398,1.1173882070501255,-0.058101504098727025,-0.0708155652498777,-0.013069169227481137,-1.8928883819205804,0.19955495965091233,1.2479868779436747,-0.05529526692438947,0.02838153855306127,0.05558382313580765,0.09000117304571391,0.09000117304571391,0.0,0.07858611070639504,0.4030395243124091,-0.4598514274178533,0.008774521544031456,0.025144725392804934,-4.782550480096428,0,0.5460284734533991
33.65023999999601,-2.0443269761168645,0.4649804653305342,1.2994907874891732,-0.02421111028054561,0.026644927676000296,0.08697854865832932,-2.4182273020057954,0.7524806372227565,1.7352123122760321,-0.057833055540542584,-0.06825614369349374,0.08169963302698657,-2.1556757928100763,0.4759204804257774,1.491725023758192,-0.05945685038479954,-0.03954144629597584,0.09167869446166099,0.09000117304571391,0.09000117304571391,0.0,0.09282679639042402,0.4816442789082066,-0.6469441119000015,0.009592187458365252,0.017547695797288043,-4.78275849409165,0,0.5459937729359307
33.65439999999601,-2.0444262257707195,0.4650998274971186,1.2998419003522845,-0.023819916925165434,0.02864691998024225,0.08426708714673165,-2.1783851342028946,0.40468958182897785,1.9413768426577462,0.016589862840851663,0.020189137416279205,0.06731399644788795,-2.1669955589314105,0.4403435805299855,1.7166972542372831,-0.02170621133177967,-0.008263920666997175,0.07797680221893813,0.09000117304571391,0.09000117304571391,0.0,0.09214240550869723,0.4775145154912189,-0.6371342232792494,0.009952246548383805,0.014153017608933068,-4.782966418691478,0,0.5459489803505442
33.65855999999601,-2.044523857664354,0.4652274581196513,1.3001818879468756,-0.02343165447226734,0.030631349407850395,0.08159702270186393,-2.1083371180300143,0.46404660700200057,1.1839049676315492,0.08542285765805521,0.013968029294008828,0.12700009919498004,-2.1374876462534274,0.45222190269339413,1.450565831131953,0.03156070147710435,0.004009463747273453,0.10042160973444725,0.09000117304571391,0.09000117304571391,0.0,0.09146226806557628,0.4734116656626331,-0.6274568124859007,0.010084006003782476,0.012855990955567276,-4.783174228056982,0,0.5458941803345089
33.66271999999601,-2.0446198839308316,0.4653632845031264,1.300510920415345,-0.023046303954656636,0.03259833203401809,0.07896779243270209,-2.3244147726252677,0.4876722327445825,0.8481713688137897,0.05025582842392158,0.11930356740221315,0.18373239463702357,-2.230847165236665,0.47019463243959997,1.1497505891366082,0.040512030594016826,0.06204885319778336,0.14012602072288352,0.09000117304571391,0.09000117304571391,0.0,0.09078635819887658,0.46933556959544115,-0.6179101347743934,0.010102114785109107,0.012604289175152649,-4.783381897104831,0,0.5458294575433116
33.666879999996006,-2.0447143166247237,0.4655072344327312,1.3008291655861273,-0.022663846534049088,0.0345479831051418,0.07637884098773834,-2.4648690837754703,0.08313859835293158,1.153212985428449,-0.024556908188288134,0.050916127174668646,0.18628564499413555,-2.347911721109393,0.2767684601651264,1.151872576301049,0.00840552745188968,0.05713275354460125,0.16161800430962542,0.09000117304571391,0.09000117304571391,0.0,0.09011465022668913,0.46528606864190414,-0.608492468664306,0.010063892739431621,0.012871772038138767,-4.783589401489519,0,0.5457548966227955
33.671039999996005,-2.0448071677226447,0.46565923617041627,1.3011367890046968,-0.02228426350103403,0.03648041704442488,0.07382962045665979,-2.0336493313573274,1.0397169329223512,1.0053579736872085,-0.10650760369650392,0.005429785745870261,0.16602922376762813,-2.191000322220132,0.6582570285733563,1.0789634105134611,-0.04882138482911584,0.032390739097317746,0.1619842241215906,0.09000117304571391,0.09000117304571391,0.0,0.08944711864620698,0.4612630053271088,-0.5992021156386015,0.009997995160229544,0.01339539236010999,-4.783796717585986,0,0.5456705821825919
33.675199999996,-2.0448984491237914,0.4658192184514913,1.3014339539641697,-0.021907536275155553,0.03839574745801846,0.0713195902735134,-1.6912105990107926,0.7813030264688167,1.557146052676541,-0.13155781134373215,-0.06804204026546928,-0.019839759795324707,-1.941377241800318,0.7196380132844625,1.318019484200956,-0.08939475002585695,-0.017170196015520472,0.06979875574683658,0.09000117304571391,0.09000117304571391,0.0,0.08878373813661351,0.4572662233393476,-0.5900373998472804,0.00991874506934358,0.014043649309670943,-4.784003822472624,0,0.5455765987707891
33.679359999996,-2.0449881726504793,0.46598711048124875,1.3017208215355083,-0.021533646405084105,0.04029408714177522,0.06884821712125376,-1.7546909546582168,0.4262317115745318,1.5774688462096025,0.025153058065821462,0.022985204003525106,0.09349821162339492,-1.8479806169682274,0.5729781357043949,1.44794168955965,-0.032059559349406665,0.0040984566298196854,0.08105298737795794,0.09000117304571391,0.09000117304571391,0.0,0.08812448355812424,0.4532955675199909,-0.5809966678166749,0.009833299359898974,0.014750815064058242,-4.784210693914668,0,0.5454730308497883
33.683519999996,-2.045076350048683,0.4661628419316183,1.3019975505973314,-0.021162575568878565,0.04217554808869395,0.06641497483755529,-1.8648675467529674,0.14970422116223497,2.1763202138018016,0.06184755874596364,0.05811074572665657,-0.030303073562756064,-1.8562954634015425,0.36145646110647284,1.8120759287907025,0.014842068975889059,0.03236292640677604,0.02398294068797044,0.09000117304571391,0.09000117304571391,0.0,0.0874693299542349,0.4493508838522607,-0.5720782881603382,0.009745231869664668,0.0154840481387384,-4.784417310347958,0,0.545359962773298
33.687679999996,-2.0451629929885757,0.46634634293785626,1.3022642978653387,-0.02079430557430426,0.044040241497116266,0.0640193443217743,-1.9493266413194628,0.7838114914548757,1.2548020545564904,-0.0368701587782216,-0.005234937158900756,0.1774991250783295,-1.9028897284458433,0.5726237601032689,1.5338069513140862,-0.010368219615885207,0.014664192929184977,0.09944922753214337,0.09000117304571391,0.09000117304571391,0.0,0.08681825255247544,0.4454320194477279,-0.5632806512953914,0.009656324919576222,0.016226950054135075,-4.7846236508630655,0,0.545237478764416
33.691839999996,-2.0452481130650724,0.46653754409527176,1.3025212179213508,-0.020428818359186897,0.04588827777971327,0.061660813442921576,-2.2137906538646592,0.09674401952060913,1.509764786360895,-0.06439128431068354,0.038125247831802205,0.11982186689844843,-2.05847624528205,0.33475822267648686,1.52203554274824,-0.03740196938024222,0.02718014771385214,0.10933797540540598,0.09000117304571391,0.09000117304571391,0.0,0.08617122676537836,0.4415388225319188,-0.554602169160281,0.009567465084785896,0.016971343671065384,-4.784829695189769,0,0.5451056628947556
33.695999999996,-2.0453317217983713,0.46673637645599375,1.3027684632419696,-0.020066095991770786,0.04771976657328126,0.05933887694851833,-1.7375841926787752,0.41066617559175705,1.1388228037251829,0.1228568767162593,0.08459031664473135,0.22366485961457908,-1.8977743478659892,0.372886645858391,1.3308930467714626,0.04363706505761252,0.056857580115972355,0.1658504221108671,0.09000117304571391,0.09000117304571391,0.0,0.08552822819208974,0.4376711424276382,-0.5460412749363093,0.009479091081918408,0.017713162360679914,-4.785035423681885,0,0.5449645990645673
33.700159999995996,-2.0454138306345007,0.4669427715257826,1.303006184226862,-0.01970612067104454,0.04953481674933256,0.05705303637419856,-1.6438955219263836,0.17573412282009282,1.4767923214618843,-0.2717953653807608,-0.021416485903395226,-0.06919274461291045,-1.7713993180625314,0.27426244285199475,1.4037012639539508,-0.11365831638679454,0.018695043490050064,0.047633295852013265,0.09000117304571391,0.09000117304571391,0.0,0.08488923261976875,0.43382882953728874,-0.5375964227695266,0.009391417714366794,0.018450394591801804,-4.7852408173024354,0,0.5448143709838162
33.704319999995995,-2.045494450945863,0.4671566612608886,1.3032345292266703,-0.019348874726998925,0.05133353642544258,0.054802799953942834,-2.168987579456587,0.3188526440181181,1.0261796328229893,0.2850879414447614,0.14375495785410747,0.00908597174768249,-1.9696048256612682,0.2968557988303866,1.214959954269945,0.08644392420904573,0.08172800887474106,0.026799846395999694,0.09000117304571391,0.09000117304571391,0.0,0.0842542160239188,0.4300117353227392,-0.529266087495561,0.009304547846540622,0.019182056227105775,-4.785445857609151,0,0.5446550621541685
33.708479999995994,-2.045573594031783,0.4673779780649606,1.3034536445705487,-0.018994340620784835,0.05311603297727764,0.05258768253083068,-1.868731760007528,0.8092936068980323,1.3184543326368503,-0.09231489431857372,0.12668535504186562,-0.11003556212292512,-1.9193603604140577,0.5533398189544645,1.26648247283711,-0.0025580593165157933,0.10515179402513167,-0.043280468451067214,0.09000117304571391,0.09000117304571391,0.0,0.08362315457021641,0.42621971228503813,-0.521048764363971,0.009218528392517716,0.019907676673843376,-4.785650526740293,0,0.5444867558518506
33.71263999999599,-2.045651271119053,0.4676066547860073,1.303663674593333,-0.018642500944730182,0.05488241305120852,0.05040720546823281,-1.5275640521075533,0.9281017615626463,1.680838650095947,0.022293172815993932,0.16282717339985808,0.14106887594081113,-1.7234123351920148,0.7410605315304438,1.4739590499898914,0.009500371829389178,0.13473440917048446,0.04783903008270848,0.09000117304571391,0.09000117304571391,0.0,0.08299602461420275,0.42245261394151135,-0.512942968764905,0.009133378311817885,0.02062704196194959,-4.785854807400801,0,0.5443095351113401
33.71679999999599,-2.0457274933624787,0.4678426247134131,1.3038647616623387,-0.018293338422193176,0.05663278257737905,0.04826089656137729,-2.2489720887016973,-0.30344015171074334,1.4838424013673177,0.09288429269361452,0.16676503039299648,0.05707660755044232,-1.9860013654050965,0.21914870358447325,1.479021956141484,0.05054867800476293,0.15124959470413427,0.05128224261577722,0.09000117304571391,0.09000117304571391,0.0,0.08237280270182955,0.4187102948030723,-0.5049472359540149,0.009049102608653745,0.02134006628592301,-4.786058682848748,0,0.5441234827098527
33.72095999999599,-2.0458022718454254,0.4680858215750093,1.304057046203794,-0.017946835907222142,0.058367246783090465,0.04614828994926958,-1.837522829377238,0.631116287975999,0.7401890721990269,-0.11741777617410849,0.09307541946017012,0.22619026913080864,-1.9120048651323054,0.42532602762650673,1.1100740126014739,-0.033625194221236165,0.12358232221902564,0.13718675431715724,0.09000117304571391,0.09000117304571391,0.0,0.08175346556979089,0.41499261034992885,-0.4970601207798978,0.008965699332830548,0.02204672777864878,-4.786262136882101,0,0.543928681152588
33.72511999999599,-2.045875617580359,0.46833617953420237,1.3042406667289062,-0.017602976384003186,0.060085910206341644,0.0440689260269587,-1.9286398106707037,0.5291885907827305,1.6370150976762128,-0.19507873363380396,-0.10421791151649988,-0.06308985392921637,-1.9207285348014764,0.4770404686128149,1.3734200228014182,-0.1141866056805768,0.010080080305946756,0.03561612854068629,0.09000117304571391,0.09000117304571391,0.0,0.08113799014457093,0.4112994170075533,-0.4892801974100137,0.00888316308137686,0.02274703640121767,-4.7864651538257785,0,0.5437252126587051
33.72927999999599,-2.0459475415093844,0.4685936331871581,1.3044157598595654,-0.017261742966089014,0.06178887670936712,0.042022351358189054,-2.275221509057166,0.49588596981848243,0.8350672412512234,-0.04123896704309973,-0.017146522841950333,-0.013373673246499393,-2.098062991578558,0.4864238246199284,1.1042149990468009,-0.07785533999756074,-0.0016743892057313775,0.009705416991940847,0.09000117304571391,0.09000117304571391,0.0,0.08052635354084664,0.4076305721225976,-0.4816060590587162,0.008801486750445488,0.023441017890736902,-4.786667718519001,0,0.5435131591479931
33.73343999999599,-2.046018054504782,0.4688581175600415,1.3045824603536842,-0.016923118895407627,0.06347624949201566,0.04000811858849043,-2.016182490855686,0.3561479552342298,1.1314557391169069,0.10582324773978759,0.15101430288236112,0.06844332185941054,-2.056901491668894,0.4215974424117531,1.1179813802855116,0.013699413517050089,0.07544936831182047,0.0374066871264225,0.09000117304571391,0.09000117304571391,0.0,0.0799185330613837,0.4039859339383238,-0.47403631771376525,0.008720662412253628,0.024128705737099593,-4.786869816302927,0,0.543292602228208
33.737599999995986,-2.0460871673695364,0.46912956810631157,1.3047409011301792,-0.016587087541048543,0.06514813110481947,0.038025786358797754,-2.649892659315641,0.49083721649190704,1.4422103426817647,-0.07429932285898928,0.1822928809600058,-0.1809452133853723,-2.3535560553222177,0.45659655260555404,1.2797245772161254,-0.030154902999248112,0.1290687573527528,-0.07310534837194133,0.09000117304571391,0.09000117304571391,0.0,0.07931450619372202,0.40036536157152924,-0.46656960386646196,0.008640681754445788,0.02481013717416676,-4.787071433008562,0,0.5430636231830492
33.741759999995985,-2.046184832334946,0.4692486617643639,1.305084662111716,-0.02343959169831506,0.028582477932558116,0.08250263556884704,-2.168354402792008,0.3632383254480562,1.5130902567211262,0.010065596131371118,-0.030656247607174524,0.017826599891377165,-2.260925880391405,0.4098931975273917,1.396399779988385,-0.013469142131676416,0.0298984083438627,-0.005358970552210562,0.09000117304571391,0.09000117304571391,0.0,0.09313914262804149,0.47349477186434097,-0.6457933916590695,0.009422795831730137,0.017754821253065257,-4.787273055541794,0,0.5430219221982288
33.745919999995984,-2.0462808625522917,0.4693759541743756,1.3054171489293134,-0.023047252162939385,0.03055017840280905,0.0797968362233852,-2.188710696772558,0.7908794784419539,1.4416971246337913,0.040777644530814436,0.022583654758727426,-0.07792047599833048,-2.224732569344758,0.6004338404793198,1.4188885468243488,0.013459599481203146,0.027268951313932654,-0.042524565699029716,0.09000117304571391,0.09000117304571391,0.0,0.09244923627614299,0.46942577178151484,-0.6359503098623094,0.009766205933018355,0.014624452058256073,-4.78747465657442,0,0.5429701387142054
33.75007999999598,-2.046375270326713,0.4695113732444325,1.305738534624342,-0.022657865861117052,0.0325005768136499,0.07713256680686949,-2.3952925354178336,0.39222720447643644,1.4430678984657817,-0.02561941146561288,0.018750313356011537,0.2044357389126984,-2.3100678208949477,0.4963653885493211,1.4314068198151428,-0.005698797449884641,0.02429743299161931,0.0793974542090429,0.09000117304571391,0.09000117304571391,0.0,0.0917636234138075,0.4653833046128393,-0.626240310631293,0.009890752842867463,0.01345308084420241,-4.787676209557458,0,0.5429083592277676
33.75423999999598,-2.0464680678836507,0.46965484735881247,1.3060489898827685,-0.022271413665069982,0.03443378745118935,0.07450926202238449,-2.610750731841045,0.9043062945509155,1.0232025492995849,-0.07571522329418502,0.07365633103328648,0.17329421726368083,-2.460568513914207,0.7004906738916592,1.2276654307083912,-0.04087175533124122,0.04956286666644969,0.12482248326403299,0.09000117304571391,0.09000117304571391,0.0,0.09108227794990403,0.4613672130354268,-0.6166616412122915,0.00990635253008558,0.013257756192871575,-4.78787768870299,0,0.5428366702038465
33.75839999999598,-2.0465592673693918,0.4698063053745676,1.306348683066731,-0.021887876577862796,0.03634992378122604,0.07192636415097674,-1.9978654428294274,0.16963113345807934,1.4653348001878843,0.18882925040944443,-0.15023888414288109,-0.04950190021172471,-2.228821101127755,0.4347423361230924,1.3464007490616412,0.07402168128933183,-0.049190271922079476,0.0367419700695301,0.09000117304571391,0.09000117304571391,0.0,0.09040517397568995,0.4573773408970129,-0.6072125722410602,0.009867958554032032,0.013547025178667096,-4.788079068966415,0,0.5427551580487917
33.76255999999598,-2.046648880851615,0.469965676618131,1.3066377802457028,-0.021507235733528366,0.038249098455221356,0.06938332295322565,-1.7954882363705198,0.8148843316565327,1.4884285038280591,0.02344333694292353,0.10537637884585847,0.15405109881682996,-2.012102967118752,0.6250331225752772,1.4177403865105866,0.04878001578940933,0.02906943415053593,0.09330006426027786,0.09000117304571391,0.09000117304571391,0.0,0.08973228576663891,0.45341353320712546,-0.5978913974407067,0.009803043269883738,0.014075183952435977,-4.788280326029096,0,0.5426639090849092
33.76671999999598,-2.0467369203199373,0.4701328908819516,1.3069164452272537,-0.02112947239730103,0.04013142331693821,0.06687959557223837,-1.7476150943728839,0.4352588041602445,1.2693761911500858,0.011822272363280872,-0.14335950936693986,-0.07729455581378976,-1.8798332392669903,0.5298438317641604,1.343399429991956,0.030615694595476903,-0.05587418357504985,0.006595313485901384,0.09000117304571391,0.09000117304571391,0.0,0.0890635877825594,0.44947563612742725,-0.5886964333268917,0.009725338433332016,0.014719403035130654,-4.788481436281385,0,0.5425630095262138
33.77087999999598,-2.046823397686462,0.47030787842115923,1.3071848395874117,-0.020754567965947615,0.04199700940983403,0.06441464643793221,-2.210755264020076,0.10551932511476558,1.0002742902874457,0.10669563065397476,-0.09777514578722105,0.14455433663331352,-2.045073676671149,0.31747338635133554,1.172137656361576,0.06818592592045578,-0.07593078663568616,0.07435023639552871,0.09000117304571391,0.09000117304571391,0.0,0.08839905466942441,0.4455634969597839,-0.5796260189141773,0.009641705504944257,0.015418289966433574,-4.78868237680604,0,0.5424525454553396
33.775039999995975,-2.046908324786329,0.47049056995026456,1.3074431227006305,-0.02038250396816597,0.04384596698527497,0.061987947172479525,-1.7029145463408684,0.5106096571585267,1.2603551822842374,0.10227207670473527,-0.06181377733015081,-0.06185169490796217,-1.8737783990450123,0.41391144932759727,1.2161219707590563,0.08494059452962155,-0.06750133758037076,0.004534732058417071,0.09000117304571391,0.09000117304571391,0.0,0.08773866126098946,0.4416769641336591,-0.5706785154276011,0.009555570804305729,0.01614117063101258,-4.788883125361997,0,0.5423326028015631
33.779199999995974,-2.046991713378267,0.4706808966398963,1.307691451769367,-0.020013262065022797,0.045678405511623464,0.05959897649676154,-2.1062015088100794,0.7270607378168168,1.3724738349289598,0.13556758923244996,-0.00043336759645410533,0.07303255220653057,-1.9897093054643196,0.5704840146409869,1.2944540265465978,0.11010746579155607,-0.03235180036797614,0.03727709860155818,0.09000117304571391,0.09000117304571391,0.0,0.08708238257912948,0.43781588719101544,-0.5618523060162819,0.009468643088997277,0.016872729923752418,-4.789083660368507,0,0.5422032673198892
33.78335999999597,-2.0470735751451437,0.4708787901135805,1.307929981853274,-0.019646824050401742,0.04749443368421633,0.057247220137685274,-1.8310833673698361,0.38007108046922455,1.7543206181999722,0.12061090240874736,0.09108644673201992,0.09156930354228669,-1.9101443461578884,0.4754642314166787,1.524583200169904,0.11535220806623438,0.030052255466713272,0.0633626534513434,0.09000117304571391,0.09000117304571391,0.0,0.08643019383588653,0.43398011676903875,-0.5531457954703523,0.009381772345934094,0.017605332084639363,-4.789283960889635,0,0.5420646245711501
33.78751999999597,-2.0471539216945245,0.4710841824445648,1.3081588658980081,-0.019283171851416103,0.04929415943622041,0.05493217073621287,-1.9026077387614284,0.4097832397794323,1.2665873851817704,-0.16353027241976043,0.045139795318470705,0.09871558098829913,-1.9067169661141172,0.4427144999804862,1.395791284954996,-0.02366815536354956,0.038876720717908035,0.07984819274187266,0.09000117304571391,0.09000117304571391,0.0,0.08578207043530695,0.43016950458217673,-0.5445574099384487,0.009295379188821725,0.018335180868635774,-4.78948400661909,0,0.5419167599030786
33.79167999999597,-2.0472327645592276,0.47129700615269116,1.308378254763658,-0.018922287528746053,0.05107768995032392,0.05265332775597192,-1.8245905486995098,0.12048480957432706,1.428633136865775,-0.11025499739322737,-0.015003694600569849,0.21319168638671,-1.8658827016215396,0.2815644309835768,1.4126568537995725,-0.0668638551981249,0.012787075364685256,0.14603990865720326,0.09000117304571391,0.09000117304571391,0.0,0.08513798797421121,0.42638390340199495,-0.5360855966466205,0.009209669558601346,0.019060399633205886,-4.789683777865405,0,0.5417597584323067
33.79583999999597,-2.0473101151978814,0.4715171942013211,1.3085882972527927,-0.018564153276863504,0.052845131671180344,0.05041019739232801,-2.013887211241557,0.14734622341611409,1.5255458183341433,0.12304287682921117,0.07300597334867924,0.14479818230130487,-1.9396301999085852,0.21460476847451274,1.4694063594975675,0.028141511724331755,0.04359942252462294,0.14394897030077622,0.09000117304571391,0.09000117304571391,0.0,0.08449792224296439,0.4226231670342563,-0.5277288236186652,0.009124742075314432,0.01978007138480771,-4.78988325553744,0,0.5415937050272481
33.79999999999597,-2.047385984995482,0.4717446799943148,1.3087891401381335,-0.018208751424104993,0.05459659031848555,0.048202292481823325,-1.9848889239108582,1.0428441501407233,1.068284915841924,-0.06064578412797869,-0.01950705281562532,0.17208085973879775,-1.9623871347730362,0.6286877052972232,1.269203232334676,-0.01571046491470602,0.013000118544269624,0.15682144198792433,0.09000117304571391,0.09000117304571391,0.0,0.08386184922646087,0.41888715029717655,-0.519485579395973,0.009040641715594527,0.020493758804985718,-4.790082421130211,0,0.5414186842918292
33.80415999999597,-2.047460385263951,0.4719793973730671,1.30898092818985,-0.017856064432556325,0.056332170900556186,0.04602913241192259,-1.806383275854748,0.49656655380260256,1.6269415712315076,-0.06184865337163589,0.2656185723019298,0.027311527406686627,-1.8845154315997155,0.5631758328208452,1.448133084917215,-0.037490596262350524,0.1406641015167754,0.09141473464938035,0.09000117304571391,0.09000117304571391,0.0,0.08322974510489613,0.4151757089960449,-0.5113543727583763,0.008957386652883183,0.021201264266356344,-4.790281256711036,0,0.5412347805500246
33.808319999995966,-2.0475333272426917,0.4722212806136014,1.3091638042024791,-0.017506074897720575,0.058051977728234706,0.04389024303103505,-2.098332542056035,0.810335123187045,1.1004223008633356,-0.0804992395077936,-0.03216401229308972,0.10093250133972939,-1.9915935783825869,0.6866895334419593,1.2744874094789194,-0.058675150769769334,0.05463319835602887,0.09510890336808961,0.09000117304571391,0.09000117304571391,0.0,0.08260158625261335,0.4114886998986947,-0.5033337324432351,0.008874981678912472,0.0219025098435983,-4.790479744905991,0,0.5410420778311653
33.812479999995965,-2.0476048220991414,0.47247026442372203,1.3093379090214743,-0.017158765547956097,0.05975611442895072,0.0417851565588282,-2.1183577947189343,0.20479020871533715,0.9417401462859836,-0.061668209069485815,0.13352312118021464,0.09272587122842951,-2.055104381623052,0.4460118126746237,1.1083068625183543,-0.06039269205668978,0.09523218252224522,0.09269336727273998,0.09000117304571391,0.09000117304571391,0.0,0.08197734923844416,0.4078259807106498,-0.4954222068674593,0.008793424915722152,0.02259747732197031,-4.790677868886667,0,0.5408406598559846
33.816639999995964,-2.0476748809293235,0.4727262839402252,1.309503381569378,-0.016814119243665836,0.06144468396075824,0.03971341149686445,-1.7248024273248328,0.28688950206345776,0.8628272991818368,-0.12682270944513285,0.04147209795567814,-0.00486735856276882,-1.890214374530202,0.3665327605589354,0.9855590754898187,-0.09384685183239083,0.06981930279243467,0.04207458943068353,0.09000117304571391,0.09000117304571391,0.0,0.08135701082455123,0.4041874100486088,-0.4876183638462751,0.008712711172840972,0.023286178204582397,-4.790875612357226,0,0.5406306100233671
33.82079999999596,-2.047743514758391,0.4729892747261676,1.3096603588716265,-0.01647211897624105,0.06311778862616645,0.03767455253964995,-2.4069303977290395,0.21219001360347772,1.064293489832396,0.15833298536574414,0.05565322902393989,0.014420618431733243,-2.148246495047656,0.2894745085637597,1.024959347894411,0.03214095845135176,0.06348516441270988,0.027037747793938374,0.09000117304571391,0.09000117304571391,0.0,0.08074054796398367,0.40057284741691646,-0.4799207903153666,0.008632833626946654,0.023968638718997633,-4.791072959541742,0,0.5404120113977755
33.82495999999596,-2.0478381322686667,0.47311409415152944,1.3099900591770999,-0.022708202466124438,0.029956662086843062,0.07912807331360103,-1.90968337463974,0.39121909490119877,1.368954108506515,0.02345379935604538,-0.19957366659236922,0.31749083938639344,-2.028907796956028,0.3399677751118734,1.1975761610187818,0.024583379635719223,-0.08503408207369327,0.19308808157012877,0.09000117304571391,0.09000117304571391,0.0,0.09332731990117568,0.4668765667321673,-0.6469897020249658,0.009316049469973026,0.017599142224485192,-4.791270340887387,0,0.5403656704477994
33.82911999999596,-2.0479311123619213,0.47324699644717483,1.3103084672586203,-0.022315222381116204,0.03189655095488843,0.076417939564873,-1.485391665265254,0.4739456876888255,1.6228487691651043,-0.07428575117376934,0.1475596325904896,0.0043572913028613325,-1.7573021099359094,0.4072626434127218,1.4102256922208907,-0.024041922051195923,0.032183234160614166,0.09816340797148865,0.09000117304571391,0.09000117304571391,0.0,0.09263308027275564,0.4628576691079541,-0.6370870186223935,0.009611064026552638,0.01480638110471453,-4.791467729020663,0,0.5403092412990175
33.83327999999596,-2.0480224674162737,0.47338791041620676,1.3106157571824102,-0.02192521304462477,0.03381935256766857,0.07374958170956432,-1.9586132705727048,-0.027542166091443,1.3564433933042905,0.010201828511411545,0.08510067876244773,0.03749504058640897,-1.8579380794092748,0.19003242695972244,1.3834147946075,-0.006826075734918459,0.05949258321241167,0.06656389127950796,0.09000117304571391,0.09000117304571391,0.0,0.09194316662417112,0.4588649890876728,-0.6273183521144632,0.00971245440209701,0.013798552596528683,-4.791665097341973,0,0.5402428120850792
33.83743999999596,-2.0481122097296054,0.47353676533179956,1.3109121006432671,-0.021538155199639596,0.035725179742269166,0.07112243060564168,-1.7313909953552389,0.28442028130317554,1.156239286429559,0.044435915791825514,-0.012116858028900779,-0.12615578847072417,-1.7945719311653134,0.23719931674951908,1.2695649245569243,0.019140488753177393,0.02489220545625799,-0.030684736389138875,0.09000117304571391,0.09000117304571391,0.0,0.09125755267753698,0.4548983714024313,-0.6176819373691673,0.009717504863554171,0.013679778003069932,-4.791862420007664,0,0.5401664708693723
33.84159999999596,-2.048200351520112,0.4736934909338089,1.311197666996376,-0.021154029721633518,0.03761414448224303,0.0685359247461571,-1.9501372295701362,0.735189263516152,1.484407298487216,-0.03395908950767005,0.014325902949165664,0.10620173347852843,-1.8724264528858696,0.48622655333275955,1.3772098051347885,-0.007333760314795894,0.02009967442609498,0.03712765945212414,0.09000117304571391,0.09000117304571391,0.0,0.0905762123406685,0.45095766194633535,-0.6081760328246533,0.009674853256245272,0.014002140490581492,-4.792059671912473,0,0.5400803056190255
33.845759999995956,-2.048286904926857,0.47385801742540856,1.311472623288711,-0.02077281761881297,0.0394863579839172,0.06598951016037789,-1.7972971946097218,0.4467386224161528,1.505167971195014,-0.02217804301890152,-0.016049138913178544,0.13976877447265124,-1.8349076321973152,0.466447385141281,1.4414817312767525,-0.014656629359517217,0.002770318665740849,0.08784889935383289,0.09000117304571391,0.09000117304571391,0.0,0.08989911970806126,0.44704270776704164,-0.5987989201882318,0.009608814214405813,0.014541703988405706,-4.7922568286723575,0,0.5399844041801614
33.849919999995954,-2.0483718820103256,0.4740302754697564,1.3117371342900288,-0.02039450003247893,0.04134193064348407,0.06348264031627313,-1.9612399639027922,0.46236028223214914,1.3769707357371346,0.056637569491627696,0.07661072090223298,-0.06360966914359842,-1.897958570112331,0.4645614612067868,1.4090963503010014,0.021799749100352147,0.040499347618015866,0.01074715454486143,0.09000117304571391,0.09000117304571391,0.0,0.08922624906251382,0.4431533570553208,-0.5895489041371506,0.009531540768531122,0.015186522640721373,-4.792453866607708,0,0.5398788542543494
33.85407999999595,-2.0484552947529817,0.47421019618669374,1.3119913625234632,-0.02001905823747319,0.043180972064964775,0.06101477602422109,-1.936729784629007,0.011321790765744466,1.7031850233223975,-0.024601691812921607,0.09479562763008811,0.024539870452021197,-1.9173957699016495,0.23813238894295313,1.5561982420943847,-0.001325671108865991,0.06920079712652263,0.015500409910837913,0.09000117304571391,0.09000117304571391,0.0,0.08855757487611066,0.4392894591318647,-0.5804243120264958,0.009449105151075422,0.015880645534309894,-4.792650762726936,0,0.5397637433762064
33.85823999999595,-2.0485371550598264,0.4743977111494817,1.3122354682957205,-0.019646473642682846,0.04500359106910385,0.05858538534176492,-2.408709606341386,1.0284089377552958,1.0432052529222702,0.20875349926641926,-0.05334855658727742,0.12279220563306065,-2.162624138761626,0.633163270535307,1.2999555015059605,0.10476498751391994,0.00887607600415305,0.06820688388528687,0.09000117304571391,0.09000117304571391,0.0,0.08789307181206192,0.4354508644332564,-0.5714234935961117,0.009364539201277649,0.01659611906450765,-4.792847494710419,0,0.5396391588920925
33.86239999999595,-2.048617474758958,0.4745927523815785,1.312469609726884,-0.019276727791563347,0.04680989570323383,0.056193943479268676,-2.0874438503033987,0.7000571479594342,1.3516222393908301,0.09688389422620337,0.12459662689125733,0.1545702478758204,-2.124832409689669,0.6668679634749062,1.326113814409081,0.10104464461378482,0.0676286984041394,0.10990167180376233,0.09000117304571391,0.09000117304571391,0.0,0.08723271472611785,0.43163742449496323,-0.5625448206840318,0.009279354569496148,0.017318988120432116,-4.7930440408948085,0,0.5395051879398574
33.86655999999595,-2.048696265602136,0.47479525235346226,1.3126939427798268,-0.018909802362640553,0.04859999325210467,0.053839932706292684,-1.4420444917216146,0.3502770113327027,1.586920045027457,-0.11348394425579383,0.15728546512314906,0.0533591616941689,-1.7836697117361417,0.5088972207262061,1.4566314738263477,-0.00620807183959105,0.11254776485186702,0.08080044689306684,0.09000117304571391,0.09000117304571391,0.0,0.08657647866841289,0.427848991933217,-0.5537866869383096,0.009194302821238363,0.018042296680025365,-4.793240380257682,0,0.5393619174295865
33.87071999999595,-2.048773539265344,0.47500514397950244,1.3129086212892374,-0.01854567916994522,0.05037399024964235,0.051522842258547454,-2.6416784348192546,0.27958640471467355,1.6233092668658071,0.08351475436266785,0.13434886841059054,0.08292031089083152,-2.2125055568177836,0.39451775515966553,1.5401466746753005,0.03825710874339429,0.1243579628872564,0.08057824838147527,0.09000117304571391,0.09000117304571391,0.0,0.08592433888467074,0.42408542042422964,-0.5451475075317439,0.009109755490971226,0.01876258811018086,-4.793436492402537,0,0.5392094340253029
33.87487999999595,-2.048849307349358,0.47522236061488393,1.3131137969902593,-0.01818434016333652,0.05213199249155402,0.049242168245282006,-1.8781468183846926,-0.045989719791498296,1.7205172009011327,0.0425406444933623,0.06405994735965473,-0.06422630299517496,-2.0452362792542575,0.1743915605242706,1.6302015896633433,0.04083838894320921,0.09547142524938278,0.007233865550689088,0.09000117304571391,0.09000117304571391,0.0,0.08527627081762448,0.42034656468245,-0.5366257188765133,0.009025894110748028,0.01947815531957113,-4.793632357544122,0,0.539047824127582
33.879039999995946,-2.048923581380311,0.4754468360525867,1.3133096195467469,-0.01782576742866901,0.05387410504866555,0.046997413556999365,-2.0605058135930916,0.23103417729212816,0.8990696671245586,0.10818617862368954,0.2682624158727022,-0.03908566175011914,-2.0526454659122284,0.20326817498058752,1.2645527492601412,0.0741890550837578,0.18333121703366703,-0.017622209196595247,0.09000117304571391,0.09000117304571391,0.0,0.0846322501075828,0.41663228043646866,-0.5282197783397935,0.008942805226161034,0.020188165837963477,-4.793827956494085,0,0.538877173857036
33.883199999995945,-2.04899637281026,0.47567850452042354,1.313496236579136,-0.017469943187765836,0.05560043228083664,0.044788087773419305,-1.8954913212529636,0.23300576171220494,1.070738295133503,-0.06940816801490045,0.18981019365695556,0.22568300481884068,-1.974212572920717,0.21853177366087723,1.1681148324902102,0.0028381817025734607,0.18666763697179922,0.10341261478382813,0.09000117304571391,0.09000117304571391,0.0,0.08399225259342415,0.4129424244042246,-0.5199281639577953,0.0088605279058672,0.02089222435888735,-4.794023270646953,0,0.5386975690386293
33.887359999995944,-2.049067693017752,0.4759173006781372,1.3136737936919347,-0.017116849798162283,0.05731107785127827,0.04261370707165689,-2.4651371354704446,0.6924388472544583,1.1501216099612663,0.04727385054993707,0.1451545671873321,0.0307173660279111,-2.2195813517478356,0.45578985742942313,1.1591843246701867,0.025721799974533558,0.1662438346423207,0.06594538424739048,0.09000117304571391,0.09000117304571391,0.0,0.08335625431209409,0.4092768542671914,-0.5117493741514333,0.008779077497802837,0.021590154014051392,-4.794218281966413,0,0.538509095186786
33.89151999999594,-2.049137553308388,0.47616315961455835,1.3138424345008288,-0.01676646975260013,0.0590061447410776,0.04047379413461225,-1.8631154046640053,0.5796868180349972,1.3687241240352896,-0.009958481849174444,0.06970704383871211,-0.0008625846608006499,-2.0413676741012905,0.5178817415416714,1.263956465239249,0.008401760286574952,0.11916052435717335,0.031310506441955786,0.09000117304571391,0.09000117304571391,0.0,0.08272423149874227,0.40563542864450386,-0.5036819274391366,0.008698457508640386,0.022281887013670877,-4.794412972971907,0,0.5383118374912564
33.89567999999594,-2.0492059649153807,0.4764160168448239,1.3140023006594106,-0.016418785678254513,0.06068573526373143,0.03836787805962654,-2.0699969856333267,0.023599450582533932,1.422179953439583,-0.03378611703209148,0.04476782596624906,0.021955228512055308,-2.0557537522403333,0.2708291140840324,1.3431162072919887,-0.012233692948937641,0.08251661879467523,0.026044656730700687,0.09000117304571391,0.09000117304571391,0.0,0.08209616058493296,0.4020180070659551,-0.4957243621530082,0.008618665544758982,0.022967409969747082,-4.7946073267255205,0,0.5381058808037058
33.89983999999594,-2.0492729390001125,0.4766758083076551,1.314153531885525,-0.016073780335696213,0.06234995107948817,0.03629549426747025,-2.023660669682168,0.30854725569308794,1.6066446777025778,0.12000194273327773,-0.04962473190330302,0.13013422920539464,-2.0394583355457483,0.2895815981763457,1.475155105066319,0.05433231591164309,0.01820111190626602,0.07705228806154019,0.09000117304571391,0.09000117304571391,0.0,0.08147201819813446,0.3984244499465894,-0.48787523615127726,0.008539696283864001,0.02364673656077976,-4.794801326819167,0,0.5378913096249972
33.90399999999594,-2.04936665385268,0.47680013356580553,1.3144781330341353,-0.022491564616200766,0.029838061956101967,0.07790427566647504,-1.7531826963903379,0.7389680928066016,1.6492951929219148,-0.07401647918796884,-0.03580030883364806,0.06187437170936623,-1.8964647208296523,0.5142380607302026,1.5623107689195306,-0.013557498404473895,-0.025401511268403894,0.0907632427028133,0.09000117304571391,0.09000117304571391,0.0,0.09442187143320097,0.46342810770802806,-0.6555508881506898,0.009245224709554568,0.01739946412045476,-4.794995422052786,0,0.5378479429098437
33.90815999999594,-2.0494587124679837,0.4769324819396307,1.314791294316398,-0.022094067672919736,0.031763609718052595,0.07515870774303002,-2.078383427614791,0.4444337495289408,1.7241142810804662,0.0787747020552941,-0.00672352982236981,0.1619470084215296,-1.9872621226819247,0.47931977714640517,1.6435531473363085,0.032903011659927844,-0.015268034467884824,0.12507872880355203,0.09000117304571391,0.09000117304571391,0.0,0.09371766213322548,0.45943849218284377,-0.6454905005094478,0.009551695351055104,0.014665227007175015,-4.7951895839960725,0,0.5377944160547404
33.91231999999594,-2.0495491274004345,0.4770727827534613,1.3150931925607132,-0.021699583788172667,0.033672195319344324,0.07245557863563516,-2.2325590270187354,0.3712683981293304,1.7683046785467373,-0.16509965305849067,0.10049116303203862,0.020016359862492387,-2.1102550133602977,0.4255004571343236,1.7059738308747956,-0.06641282384166733,0.04351443473880644,0.07139470834854039,0.09000117304571391,0.09000117304571391,0.0,0.0930178449248414,0.45547490290493264,-0.635566351062195,0.009659108057420512,0.013684094827719274,-4.795383785010721,0,0.5377308188463542
33.916479999995936,-2.049637911122985,0.47722096579825923,1.3153840021848278,-0.02130809341212839,0.035563930751497594,0.06979430978749732,-2.3613184131776324,0.7141002815629224,1.6357523892849564,-0.07294905005250554,0.09556362421551676,0.22470474983844987,-2.2359409545222264,0.5699991796002468,1.671333552195361,-0.06931866926304006,0.07048716958700998,0.14633094992344403,0.09000117304571391,0.09000117304571391,0.0,0.09232239311852494,0.4515371857412064,-0.6257766451261573,0.009667458588763488,0.013576124936587483,-4.795577998232157,0,0.5376572409832742
33.920639999995934,-2.0497250760276913,0.47737696132823754,1.3156638952281872,-0.020919577129410973,0.03743892719478786,0.06717433040628157,-2.7147048450095514,0.17745441873554474,1.1622422470668141,0.13243089104453518,0.018246760866333336,-0.02850253157402384,-2.4750508622657743,0.37376062952969286,1.4167275180673988,0.03157433721609733,0.045031720791624666,0.057740021029703895,0.09000117304571391,0.09000117304571391,0.0,0.09163128021329742,0.4476251877206818,-0.6161196119916796,0.009626740655350477,0.013901368392013365,-4.795772197551679,0,0.5375737720497749
33.92479999999593,-2.049810634426272,0.4775407000575058,1.3159330413838695,-0.02053401565939358,0.039297295024381,0.06459507736373932,-2.005200608391831,0.6589824143977182,1.546851128631726,-0.01387013214801772,0.2338045742214471,0.186695821049849,-2.2401522025832104,0.5168579273471973,1.4821818067130335,0.009290434865265738,0.1403182937119356,0.12064648942667702,0.09000117304571391,0.09000117304571391,0.0,0.09094447989771348,0.4437387570250246,-0.6065935046153569,0.009561946939349784,0.014439872935542889,-4.795966357598988,0,0.5374805014908567
33.92895999999593,-2.0498945985506745,0.47771211315674456,1.316191608030106,-0.020151389856616853,0.04113914381730102,0.06205599509673556,-1.4084470938126765,0.7366470362060654,0.9679859026110806,-0.06156904844784686,0.008461669968212182,-0.021580031585544314,-1.8244224941825984,0.6267691064226664,1.2250381181748227,-0.025844346018052935,0.07560693350316608,0.0482212631733875,0.09000117304571391,0.09000117304571391,0.0,0.09026196605192027,0.4398777429784778,-0.5971965993176919,0.009485569607860263,0.015081684483545596,-4.796160453725102,0,0.5373775185885132
33.93311999999593,-2.0499769805536383,0.4778911322499126,1.3164397602613955,-0.019771680711303447,0.042964582360332244,0.05955653550951658,-1.9371964956290006,0.2504756327731671,0.46230508959537475,-0.18069071343015283,-0.06356552938811122,-0.02238735183896399,-1.8811861946205437,0.4384876101912707,0.8436232177631766,-0.10321955980059334,0.005987220729296098,0.011230785801600971,0.09000117304571391,0.09000117304571391,0.0,0.08958371274779377,0.436041996034661,-0.5879271954857253,0.00940385057153403,0.015771847874863517,-4.79635446198566,0,0.5372649124391693
33.93727999999593,-2.050057792509263,0.47807768941099144,1.3166776609192166,-0.019394869349944877,0.04477371865892429,0.05709615787704063,-2.3055610605226082,0.0664187397337287,1.5972529455652271,-0.05532317250196303,-0.06496047011124867,0.14896466809834602,-2.0934923420533593,0.25231278118534667,1.220754663338036,-0.07895018498827924,-0.028196160111660557,0.0793840118791015,0.09000117304571391,0.09000117304571391,0.0,0.0889096942518559,0.432231367762639,-0.5787836152778738,0.009319906615949274,0.01648290724671447,-4.796548359124578,0,0.5371427719322391
33.94143999999593,-2.050137046413579,0.4782717171607712,1.3169054706223382,-0.019020937035909853,0.04656665994714684,0.05467432874919433,-1.61741648163192,0.7607720896052299,1.5819672154572222,-0.15823309208785918,-0.021163564283761052,0.10340983298729206,-1.8557826043662236,0.5065003349284153,1.4015816048082739,-0.11743080859224174,-0.023892312725186146,0.08992960560250123,0.09000117304571391,0.09000117304571391,0.0,0.0882398850271266,0.42844571082974614,-0.5697642033301299,0.009235291969304865,0.017201156224918693,-4.796742122558072,0,0.5370111857297556
33.94559999999593,-2.050214754185121,0.47847314846368244,1.317123347796737,-0.01864986517003315,0.048343512698692435,0.05229052185571826,-2.3519344464391465,0.09961805097961468,1.3703861565387983,-0.08620872333500096,0.07487616396700733,0.1586688932256987,-2.1040401853693984,0.3032111014604512,1.3863150147723764,-0.10236197712860542,0.02595902921290496,0.12365739995570002,0.09000117304571391,0.09000117304571391,0.0,0.08757425973412286,0.42468487898287033,-0.5608673264659864,0.009150779588217355,0.017919763021483986,-4.7969357303590465,0,0.5368702422470181
33.949759999995926,-2.050290927665501,0.4786819167246778,1.3173314487051189,-0.018281635291139,0.05010438263888912,0.04994421801166171,-1.894095362335649,0.40193961021564617,1.2186976067090112,0.0679146505508442,-0.035919692589597284,-0.03387565949274113,-1.9989241164845992,0.3524991274269015,1.302437814055967,-0.017680673537171034,-0.003914996579855085,0.04339275529885743,0.09000117304571391,0.09000117304571391,0.0,0.08691279323271436,0.4209487270274984,-0.5520913734056054,0.00906675180250352,0.01863533298606059,-4.7971291612418065,0,0.5367200296342166
33.953919999995925,-2.050365578619986,0.47889795578616795,1.317529927476049,-0.017916229076444252,0.05184937475763689,0.04763490502322277,-2.1484126742498906,0.6629561362644881,1.2839776515604966,0.049172768661437306,0.19823472247219248,-0.0007349180629817598,-2.0735673980305553,0.5081393845602907,1.2932074437143166,0.015854548370504956,0.09846545882435791,0.020673625390110455,0.09000117304571391,0.09000117304571391,0.0,0.08625546058398184,0.4172371108051607,-0.5434347544763731,0.008983395639380522,0.019346189884505455,-4.797322394547127,0,0.5365606357589848
33.958079999995924,-2.050438718738077,0.47912119992501434,1.31771893613269,-0.017553628341791357,0.05357859332314021,0.045362077593847874,-2.351149760604142,0.6562840628517962,0.8204378856608256,0.0344866876070383,0.12042961575690614,-0.025413086103791685,-2.212290254414329,0.5824629365209839,1.0567705229179776,0.025873383588771733,0.10959707655667116,-0.004302108019188594,0.09000117304571391,0.09000117304571391,0.0,0.0856022370510083,0.41354988716804064,-0.5348959013220647,0.008900800487290122,0.02005151654115163,-4.797515410227642,0,0.5363921481898369
33.96223999999592,-2.050510359634084,0.4793515838495821,1.3178986246211504,-0.017193815041670217,0.05529214189626492,0.04312523723051319,-2.2825427238526315,0.4370343807793921,1.2156944181708749,0.16560851241321334,0.04031730485196771,0.12337279887876844,-2.2470723366337317,0.5098297968673511,1.1364922417253926,0.0956439142466272,0.07578047528474692,0.05854276510145103,0.09000117304571391,0.09000117304571391,0.0,0.08495309809902898,0.40988691395438115,-0.5264732666138305,0.00881900692944157,0.02075092516304739,-4.797708188833562,0,0.5362146541804524
33.96639999999592,-2.050580512847705,0.4795890426968543,1.3180691408384426,-0.016836771268993498,0.05699012334533193,0.040923892150139383,-2.3754128136055708,0.42851138922406673,1.3146031070476585,0.25523388183480744,0.12044799814197386,0.008802623806564727,-2.310713144398675,0.46941881175713446,1.2255686808668758,0.17569327276253344,0.0989483213024286,0.03297820584433701,0.09000117304571391,0.09000117304571391,0.0,0.08430801939622212,0.40624804996073194,-0.5181653237578753,0.008738031162112709,0.02144424250526114,-4.79790071149871,0,0.5360282406547637
33.97055999999592,-2.050649189844599,0.479833512029609,1.3182306306600515,-0.01648247925459436,0.058672639861123636,0.038757557186158996,-2.200922160646047,0.3534675147707883,1.4376823524522564,0.040358555432302906,0.0526566976908605,-0.11250968737607775,-2.255732525057658,0.4115500581411926,1.3313951311966599,0.10783522703601424,0.07667970810643814,-0.040788860758474044,0.09000117304571391,0.09000117304571391,0.0,0.0836669768130025,0.40263315491525536,-0.5099705666041034,0.008657877205221149,0.022131402456756294,-4.798092959926861,0,0.5358329941928163
33.97471999999592,-2.0507164020169593,0.4800849278336585,1.3183832379671152,-0.01613092136643588,0.060339792971888274,0.036625753695283564,-2.6680404806258533,0.80381891122762,1.2776590214402643,-0.12495395338886633,0.2277731823546114,-0.1861904000637074,-2.4621490985722794,0.6081578544931604,1.3041404614772056,-0.008635813707038184,0.15372500813768822,-0.1139764487536732,0.09000117304571391,0.09000117304571391,0.0,0.08302994642088468,0.39904208945022307,-0.5018875091548833,0.008578543008917871,0.022812392336546125,-4.798284916378392,0,0.5356290010173614
33.97887999999592,-2.050782160684078,0.4803432265151507,1.3185271046732177,-0.015782080108529037,0.06199168355812417,0.03452800946456348,-2.2463709757004553,0.07829132869351041,1.7146342301653144,0.0031368639498456537,0.035578595589623625,0.08447129724830425,-2.3542524220488388,0.3432945559481461,1.5095666952159648,-0.0025485637094527667,0.09481820898424467,-0.015139909840253736,0.09000117304571391,0.09000117304571391,0.0,0.08239690449112838,0.3954747150751444,-0.49391468527200577,0.008500023508077048,0.023487226044940503,-4.798476563657223,0,0.5354163469811539
33.98303999999592,-2.0508757282395402,0.4804680903551018,1.3188456869792233,-0.02245621331090933,0.02996732158826545,0.07645975344136666,-1.6837610705050936,0.45363850795736504,1.1896312804530238,-0.17868700002922408,0.04163984344031858,0.23299273165081197,-2.0193667903474566,0.3985861699919147,1.3500374808247415,-0.09393772108171296,0.052722416477159036,0.13001274261775317,0.09000117304571391,0.09000117304571391,0.0,0.09586012990410941,0.45950121736075006,-0.6628662013277442,0.009241019227689702,0.017327761979611472,-4.798668377489436,0,0.5353746745754246
33.987199999995916,-2.050967614634357,0.48060090906433517,1.3191527035738493,-0.022052734756057006,0.031876490216009905,0.07368398271022344,-1.4736739329928916,0.56230301310891,1.12781199871015,-0.10073874417276096,-0.037834022941316096,-0.0734396661957476,-1.7467271224861476,0.4803661454432543,1.2387739141695737,-0.0968350150683523,0.007881806253795105,0.026625382178977967,0.09000117304571391,0.09000117304571391,0.0,0.0951437659886564,0.4555439422657471,-0.6526663747849643,0.00956517121475001,0.01463444806513696,-4.798860328008488,0,0.5353227812967322
33.991359999995915,-2.0510578326382483,0.480741612543096,1.3194483337253686,-0.02165232093387182,0.033768834902602206,0.07095123636465919,-1.522736484903568,0.6183846681693259,1.412468277554489,-0.1748639200482943,0.02849587090643137,0.10303216722333366,-1.635093938845452,0.5494331074482629,1.3258387193009238,-0.13584896618078646,0.0194067900278351,0.06381215217111287,0.09000117304571391,0.09000117304571391,0.0,0.09443187297050062,0.4516124842065057,-0.6426047622523982,0.009681369958816981,0.01367082146852323,-4.7990523861665295,0,0.5352607585540217
33.99551999999591,-2.0511463949380144,0.48089013115443113,1.3197327542565787,-0.02125495194392374,0.03564446672042624,0.0682609274904044,-1.9590808201445076,0.6547193561533207,0.6569357830382881,-0.0024135360694200365,0.09561899696179782,-0.08167009306342853,-1.797093896287337,0.6022728086345636,0.99121498400447,-0.0695102202824792,0.058971991557125535,-0.010018321822215872,0.09000117304571391,0.09000117304571391,0.0,0.0937244236717503,0.4477066903190614,-0.6326795427793783,0.009694056643284182,0.013568673174503474,-4.799244523715654,0,0.5351886976477412
33.99967999999591,-2.051233314138109,0.48104639572082175,1.320006139577634,-0.020860608022714902,0.03750349593374393,0.06561247705325332,-1.0779198640312613,0.5193771385889663,1.3919145545007434,0.22928692801836825,-0.08714947923141715,0.20125175645563825,-1.437025153006397,0.5606432111607841,1.1919892442940905,0.07997280288990236,-0.014120740784678497,0.09412541293739335,0.09000117304571391,0.09000117304571391,0.0,0.09302139110673283,0.4438264088990734,-0.622888919747568,0.009655447789746398,0.01389392090646082,-4.799436713189555,0,0.5351066897435041
34.00383999999591,-2.051318602761209,0.4812103375208415,1.3202686617184562,-0.020469269544037216,0.03934603200474777,0.06300531379738694,-1.8592083354184226,0.43069092865716846,1.5825896808179452,0.08361337901389085,0.0473223242225932,-0.05044233303089357,-1.6479455614684555,0.4957600100728845,1.387189862796147,0.08168535686940424,0.018798881013346178,0.020607535931755856,0.09000117304571391,0.09000117304571391,0.0,0.09232274848235203,0.43997148939272895,-0.613231120561466,0.009591647582489107,0.014429545588461113,-4.799628927885587,0,0.5350148258470511
34.00799999999591,-2.05140227324879,0.48138188828584366,1.3205204903607275,-0.02008091701947049,0.041172183600507214,0.06043887414510876,-1.9954837029011483,0.16843583348323393,0.9692653616993872,-0.11421512654789459,0.05856324388343789,0.008777764586918493,-1.8219545902715277,0.33221598451619005,1.1782465903682129,-0.016270594502790735,0.039378933660307834,0.012940732200245813,0.09000117304571391,0.09000117304571391,0.0,0.09162846920122616,0.43614178238623236,-0.6037043963429958,0.00951570403299638,0.0150670595780019,-4.799821141847226,0,0.5349131967804596
34.01215999999591,-2.0514843379617025,0.4815609801966808,1.3207617928694684,-0.019695531098983556,0.04298205860091796,0.057912602097822966,-1.5213100367363745,-0.1372544561846616,1.631758759091306,-0.021982412514218452,0.16973021421704199,0.07458879709429178,-1.6716749055823983,0.09782904910047246,1.4051643897578374,-0.019619930959723517,0.10525011007217618,0.042126426114800705,0.09000117304571391,0.09000117304571391,0.0,0.09093852686183593,0.43233713959312514,-0.5943070216284837,0.009434137064422577,0.015752240784303668,-4.800013329846903,0,0.5348018931595414
34.01631999999591,-2.051564809180751,0.48174754588046304,1.3209927343242103,-0.019313092571615717,0.04477576410773438,0.05542594913807227,-2.63274923206735,0.6545121517010929,1.3894932667583733,-0.04913873423952901,0.13479044320842376,-0.12530000413317957,-2.1523209330268442,0.3764534830354012,1.397071008466248,-0.03441015950955684,0.12067855022263847,-0.04297542192363408,0.09000117304571391,0.09000117304571391,0.0,0.09025289526166709,0.42855741383964785,-0.5850372940706072,0.009350202556000583,0.016457999729573035,-4.800205467369232,0,0.53468100537238
34.020479999995906,-2.0516436991072764,0.48194151840735777,1.3212134775497621,-0.01893358236618258,0.046553406454731126,0.052978374132429555,-2.3185652712135605,0.16370794571382935,1.7943408535131176,0.04026278620580124,0.042573058843676743,0.15246075928511096,-2.235360769440703,0.2701656086067126,1.5960276064125207,0.003041480522850528,0.08267316543612781,0.0538735067324912,0.09000117304571391,0.09000117304571391,0.0,0.0895715483984326,0.42480245904706904,-0.5758935341414771,0.009265524367365545,0.0171708130819634,-4.800397530594589,0,0.5345506235589513
34.024639999995905,-2.051721019863743,0.4821428312874369,1.321424183146575,-0.018556981551963763,0.04831509121899244,0.050569343235050475,-1.4410396839278237,-0.06742231977436502,1.434557354574523,-0.03993559217106109,-0.1414019245503724,0.1307704598736725,-1.8382783479306561,0.10107369083736321,1.5155660717842145,-0.01814876946711198,-0.02863867787630097,0.09100801780716412,0.09000117304571391,0.09000117304571391,0.0,0.08889446047257998,0.42107213021295475,-0.5668740848366471,0.00918091035277822,0.017883940424596532,-4.800589496383067,0,0.5344108375917827
34.028799999995904,-2.051796783494323,0.4823514184675756,1.321625009520707,-0.018183271339311805,0.05006092323328746,0.04819832979170312,-2.5971250049370718,-0.04282654729470897,1.372070290084269,0.10949450727740576,0.23676451884949273,-0.003182519117597364,-2.217479984209596,0.029614073674035606,1.443813798834676,0.04602203265466837,0.10450487948331437,0.04236011436192918,0.09000117304571391,0.09000117304571391,0.0,0.08822160588873285,0.4173662833888091,-0.5579773113813425,0.009096760370229894,0.018594032642820002,-4.800781342258776,0,0.5342617370575968
34.0329599999959,-2.05187100196549,0.48256721432840655,1.3218161129133907,-0.017812433080129746,0.051791006599428424,0.04586481424410548,-1.5053582046015619,0.0893295080653716,1.0716359773425554,-0.12609469982196975,-0.15066683629059716,0.17180162688857892,-1.8616765413825864,0.059156247066987286,1.2580834853659935,-0.03994995599918493,-0.02182455695794849,0.10521693776457018,0.09000117304571391,0.09000117304571391,0.0,0.0875529592573482,0.41368477565675227,-0.549201600936134,0.009013270287910446,0.019299436120768773,-4.800973046394493,0,0.5341034112398994
34.0371199999959,-2.0519436871666077,0.4827901536813335,1.3219976474302009,-0.017444448268161054,0.053505444702470976,0.04356828403444491,-2.2583573662209937,-0.01124316498211031,1.512277434087212,-0.0003372166666390161,0.10311712970101163,0.09208973628876348,-2.0600214173567917,0.024168497021693696,1.3853756427902852,-0.01967183003869724,0.041615367446540555,0.0977596393746476,0.09000117304571391,0.09000117304571391,0.0,0.08688849539616192,0.41002746510379007,-0.5405453623003464,0.008930533989269268,0.019999344842738333,-4.801164587596646,0,0.5339359491024599
34.0412799999959,-2.0520148509105205,0.4830201717656067,1.3221697650698259,-0.017079298539042737,0.055204340225566854,0.041308233510002505,-2.1257890413719878,0.4314785924572692,1.6577480731439957,-0.15210566831003897,0.08882827406626032,0.03851222383415934,-2.0932225673851095,0.22800951573578118,1.5216469612685695,-0.08563867771541343,0.06600707245016642,0.0666524566635267,0.09000117304571391,0.09000117304571391,0.0,0.0862281893301385,0.4063942107953825,-0.5320070256181232,0.008848594377273342,0.020693376447086596,-4.801355945290638,0,0.5337594392736517
34.0454399999959,-2.052084504934146,0.4832572042454619,1.3223326157524418,-0.016716965670086428,0.056887795165253385,0.039084163827834105,-2.1841747271554217,0.3171587229089977,1.816427245771052,0.005374762701185809,0.1671020545618693,-0.02122006191761277,-2.138689528791386,0.27293090543356474,1.6689973191991838,-0.039452859953266875,0.11722372799048722,0.02162066913550585,0.09000117304571391,0.09000117304571391,0.0,0.08557201629248912,0.4027848727471859,-0.5235850420803065,0.008767468878156125,0.021381360256481283,-4.801547099506483,0,0.5335739700316029
34.0495999999959,-2.0521526608990617,0.48350118720732416,1.3224863473476898,-0.016357431579752828,0.05855591084693873,0.036895582859539866,-2.6894683768688803,0.02009873581357785,1.179196696675465,0.02966364284602708,0.07003172107946969,0.007619835061056245,-2.414020623358611,0.14665618162778224,1.4241109818617208,-0.005131768885305266,0.09484906511521386,0.013874762051648048,0.09000117304571391,0.09000117304571391,0.0,0.08491995172397904,0.3991993118973718,-0.5152778836276923,0.008687162194795307,0.022063231296354145,-4.801738030864773,0,0.5333796292901286
34.0537599999959,-2.05221933039209,0.4837520571570756,1.3226311057022573,-0.016000678326809608,0.060208787940345405,0.0347420050961827,-2.2175836049586506,0.4721183343534228,1.1058661300900494,-0.06945718048082085,-0.01010500091473853,-0.22569242394856365,-2.315945962960779,0.30936682926236764,1.2645189344363157,-0.03692758871768573,0.04319041985087883,-0.10687395088334431,0.09000117304571391,0.09000117304571391,0.0,0.08427197127116254,0.3956373900778133,-0.5070840426524538,0.008607672684784282,0.022738977307445965,-4.801928720562942,0,0.5331765045854026
34.057919999995896,-2.052310009725508,0.48388566563297547,1.3229332466720485,-0.02176304002024543,0.032066034215966856,0.07251383274988091,-1.9122241978543515,0.038123826149827955,1.1680673197233473,0.043951080341769394,0.13335555468007104,-0.008548965003029416,-2.1139854949984684,0.17405090022957323,1.2162342797497814,0.000937261445183453,0.07379647540224887,-0.03829633276546976,0.09000117304571391,0.09000117304571391,0.0,0.0959058430993851,0.451879490184362,-0.659319903276913,0.009213622286029694,0.01736685644619274,-4.802119562405932,0,0.5331256197125872
34.062079999995895,-2.0523990076710974,0.4840270951399546,1.3232238866185793,-0.02135950694148861,0.033943081674996066,0.0697535871673882,-1.491173694060055,0.6260949035835097,1.2001449395496215,0.01967536450475906,0.10181560958565697,0.11543300890021346,-1.8025358280854122,0.40028698663918394,1.2084327947978353,0.011033995568848978,0.0882138957689534,0.037019611829533644,0.09000117304571391,0.09000117304571391,0.0,0.0951864815122446,0.44797794958166054,-0.6491331469045645,0.009471073666932797,0.015060998553054759,-4.802310527132004,0,0.5330645559292211
34.066239999995894,-2.052486337047142,0.48417627657372164,1.3235032045549153,-0.020959050250636428,0.03580354410409152,0.0670363047206296,-1.739785616411671,0.2938944275890851,1.5398846284659469,0.027075530633095826,0.04381433080360632,0.09041571554990427,-1.7711042853643424,0.3471806388459886,1.374351982931292,0.019206895407792517,0.06623637035889123,0.06232466816374637,0.09000117304571391,0.09000117304571391,0.0,0.0944716139915587,0.44410188026903025,-0.6390845524494244,0.009554736248529495,0.014284930363654458,-4.80250158628221,0,0.5329934059266673
34.07039999999589,-2.0525720105886602,0.48433314128587196,1.3237713770503088,-0.02056164996438792,0.03764753091607506,0.06436139889440595,-2.29731891718608,0.293154140097907,1.2665042798863024,-0.06988990889608902,0.15316475223947357,-0.06233901434605982,-2.0343621562437577,0.3204850443536186,1.3203009927641607,-0.024612715806789188,0.10995719686277636,-0.0015760318360890503,0.09000117304571391,0.09000117304571391,0.0,0.09376121324176097,0.44025113171875635,-0.6291722997984837,0.009551960723634829,0.01427043732286665,-4.802692712182013,0,0.5329122622443213
34.07455999999589,-2.052656040947987,0.4844976210805582,1.3240285782630408,-0.02016728623843575,0.03947515072469612,0.06172829105568437,-2.099286674405171,0.6075841677210627,1.9067461793365912,-0.03822978602661535,0.1550997114918335,0.051273000235761444,-2.066904433676619,0.4643570396846627,1.6136376511655044,-0.031397683232836246,0.13357293045474503,0.023251065973741172,0.09000117304571391,0.09000117304571391,0.0,0.0930552521627963,0.43642555455104926,-0.6193945931852604,0.009506418413932436,0.014633434062015074,-4.802883877923319,0,0.5328212172444627
34.07871999999589,-2.0527384406953537,0.4846696482111898,1.3242749799728415,-0.01977593936802048,0.04128651135157314,0.059136410352161994,-1.3313334326818347,0.04531064247370953,1.1677166506971282,-0.1937484010132659,0.04100284067442864,0.12223545471756311,-1.699517981592312,0.25491600422850236,1.3909311269324582,-0.11198347152040145,0.08738482896458523,0.07136647229332814,0.09000117304571391,0.09000117304571391,0.0,0.0923537038524111,0.4326250005236274,-0.6097496608807607,0.00943994095079716,0.01518189963920014,-4.803075057346897,0,0.5327203630883715
34.08287999999589,-2.052819222319473,0.48484915537716566,1.3245107516128918,-0.019387589788599068,0.043081719834203475,0.056585193612075355,-2.414055933863518,0.46623258650150284,1.484703589788021,-0.062277354875314134,0.16860200265405395,0.19889747166844218,-2.0569215605792808,0.3609242378155609,1.43823498367335,-0.08710099479125014,0.12905735695385928,0.13355234277103012,0.09000117304571391,0.09000117304571391,0.0,0.09165654160759129,0.42884932251907865,-0.6002357548870276,0.009363440117943149,0.015819845161389193,-4.803266225025184,0,0.532609791713653
34.08703999999589,-2.0528983982281255,0.4850360757206454,1.3247360603014129,-0.019002218076593174,0.04486088243512867,0.0540740852450568,-1.7364425585635745,0.9003492088208024,1.4023046990825765,0.01154696632682082,0.01597034349047806,0.16378804582589873,-1.8966581517836072,0.6306717397080186,1.4206122393226301,-0.0366523424470647,0.07347125938263552,0.14771860602632303,0.09000117304571391,0.09000117304571391,0.0,0.09096373892643003,0.42509837452951404,-0.5908511506360741,0.009282367774941562,0.016499297597603206,-4.803457356245477,0,0.5324895948127174
34.09119999999589,-2.052975980748751,0.4852303428233633,1.3249510708728454,-0.01861980495016847,0.04662410465230088,0.051602537143814256,-2.8321863535622174,0.20781861054953038,1.7955802198308095,-0.04866073590014866,-0.1346892701069898,0.12825786447540752,-2.36452832394601,0.41896074914622694,1.6083689028603099,-0.04346741811296189,-0.0299622718288158,0.1364138599099251,0.09000117304571391,0.09000117304571391,0.0,0.09027526951106776,0.4213720116391506,-0.5815941466882212,0.009199445821123958,0.017196291687877334,-4.803648426993481,0,0.5323598638123604
34.095359999995885,-2.0530519821290425,0.485431890703491,1.3251559459086222,-0.01824033126998554,0.048371491230651986,0.0491700085864325,-1.3876753435511064,0.44742871664663464,1.4332843155197559,0.09249906690688015,-0.0505888203271664,0.09689475729708444,-1.8759033803360492,0.43308907575963324,1.521030321134073,0.024880960263286872,-0.03996982366039078,0.11502255669054838,0.09000117304571391,0.09000117304571391,0.0,0.08959110726913946,0.4176700900043373,-0.5724630644343467,0.009116031179620732,0.01789886590033568,-4.803839413937229,0,0.5322206898543932
34.099519999995884,-2.053126414537542,0.4856406538125527,1.325350845767535,-0.017863778039868636,0.050103146174810834,0.0467759661390852,-2.1301367699833134,0.5395676565753199,1.0903912278329544,-0.03342800978749408,-0.07748169922080793,0.11819796191586096,-2.0030908287166604,0.4861646341957202,1.305956640798645,-0.0045365261000821075,-0.0571282426517153,0.11515245198201664,0.09000117304571391,0.09000117304571391,0.0,0.08891122631607964,0.41399246683085844,-0.5634562477956289,0.009032798291400336,0.018601060412541084,-4.804030294411351,0,0.5320721637772731
34.10367999999588,-2.053199290064239,0.485856567032398,1.3255359286156974,-0.017490126407326938,0.051819172762858204,0.044419883558996544,-2.2446355904079334,0.48954435081927145,1.0792558482200232,-0.17387878576568286,0.026823024319491656,0.17054760608394082,-2.1242253782753227,0.4879080935244349,1.1929609337658815,-0.08976627835306462,-0.014093530933542363,0.14210525589729092,0.09000117304571391,0.09000117304571391,0.0,0.08823560097636102,0.41033900034968607,-0.554572062926354,0.00895008036422995,0.01929991610517979,-4.80422104640169,0,0.5319143760986871
34.10783999999588,-2.0532706207211717,0.4860795656722353,1.3257113504561036,-0.017119357663873083,0.053519673560960365,0.042101241697504795,-1.8500919465990566,0.7036028154158294,1.267880514119873,-0.033668715230935946,-0.01830191210055948,0.18070611208586979,-1.9872277434556427,0.5957166958267172,1.230800544077836,-0.061255003135672656,-0.015139359772033774,0.159752771264989,0.09000117304571391,0.09000117304571391,0.0,0.08756420578494842,0.40670954979058965,-0.545808897912732,0.008868039999006734,0.019993974062080783,-4.804411648530256,0,0.5317474169990434
34.11199999999588,-2.0533404184430264,0.4863095854657298,1.3258772651577835,-0.01675145324508464,0.05520475043867361,0.03981952840315616,-1.7676811555553997,0.13624965650249338,1.5632981830378945,0.23099312847167974,0.049327400941138466,0.14100388387290108,-1.8769738055063525,0.3660811272563219,1.3973477882723206,0.08550009714992546,0.01777910471385741,0.14902640596238007,0.09000117304571391,0.09000117304571391,0.0,0.08689701548854067,0.40310397535424014,-0.5371651624732791,0.008786754504672097,0.0206825253235296,-4.804602080040517,0,0.5315713763058264
34.11615999999588,-2.0534086950877364,0.4865465625681659,1.3260338244845535,-0.01638639473036566,0.05687450458468,0.0375742384247895,-2.314691391686164,0.6723625495479284,0.9960209719286715,-0.12840619974974476,0.27413752220137577,0.005828493688424037,-2.096103916492212,0.5197918422596086,1.1966972645496012,-0.020874948820373433,0.14706582269355511,0.07572020082520395,0.09000117304571391,0.09000117304571391,0.0,0.08623400504446035,0.399522138183662,-0.5286392876556377,0.00870625855730468,0.02136523576631008,-4.804792320783007,0,0.5313863434787767
34.12031999999588,-2.0534754624370795,0.4867904335536772,1.3261811781233646,-0.01602416384238728,0.05852903652269747,0.035364873314651386,-2.5668017316309015,0.3316410179476015,1.0048863781258326,-0.10666300611125448,0.027959138303242006,0.09498381251503685,-2.3316786811947345,0.4257713283790285,1.1009908337589849,-0.06342330307693475,0.08845260743742224,0.08400873239970938,0.09000117304571391,0.09000117304571391,0.0,0.08557514962125137,0.39596390033513856,-0.520229725534537,0.008626565531183315,0.02204195854714039,-4.804982351201256,0,0.5311924075958563
34.12447999999588,-2.053540732197272,0.48704113541254096,1.3263194737122463,-0.015664742446183887,0.060168446127303044,0.033190941331617554,-2.3196788908736923,1.2379227976821447,1.731473035210469,-0.09545923569235722,0.04905585963916099,0.23621890286306174,-2.325877677412627,0.8319525718082829,1.4167309949032776,-0.07923586584922067,0.06981892511901167,0.1585076075993972,0.09000117304571391,0.09000117304571391,0.0,0.08492042459756534,0.3924291247491043,-0.5119349489076883,0.008547678165708172,0.022712640327785284,-4.805172152318033,0,0.5309896573399655
34.128639999995876,-2.053632236630473,0.4871718365904842,1.3266219390528113,-0.021961063968202445,0.03136828270638063,0.07259168173558221,-1.535666044677102,0.8401665374645473,1.2811316299727413,0.03764651731872163,-0.022764885345145376,0.20026082122014477,-1.930682484897116,0.8360426066462815,1.3493056223478008,-0.023467432240468673,0.008942011731889566,0.19922951120699095,0.09000117304571391,0.09000117304571391,0.0,0.09762475259240971,0.44999105862911837,-0.6706978753940059,0.009229524278872931,0.017195111465221676,-4.805362170048233,0,0.5309446839751368
34.132799999995875,-2.0537220296871,0.4873103265418488,1.3269127057848291,-0.02155033359049752,0.03323758832750374,0.06978401568427992,-2.170977954035166,0.33962197464554195,1.5171396297419857,0.08287576827583243,0.13872304014860043,0.12262510366192117,-2.0506599553102185,0.5881159838425555,1.4334815549788544,0.029905837540157923,0.07448440727199153,0.15963497151775713,0.09000117304571391,0.09000117304571391,0.0,0.09689176845010045,0.4461079660713425,-0.6603215135254275,0.00952454777006878,0.01481528612953623,-4.8055523736249475,0,0.5308894354137723
34.136959999995874,-2.0538101244285807,0.4874565364893769,1.3271919562518877,-0.02114273795533798,0.03509038740675339,0.06702011209405984,-1.6895281962183026,0.8893254583813855,1.1832503465805682,-0.23837751405256125,0.16853125011534817,0.1797496308165981,-1.8705872587372432,0.7390723735173435,1.308741061712147,-0.10427074663606963,0.12198043534363473,0.1682543090007076,0.09000117304571391,0.09000117304571391,0.0,0.09616336552509448,0.44225021950671933,-0.6500859332350547,0.009626621787424726,0.014000984080419875,-4.805742733114646,0,0.5308240058754568
34.14111999999587,-2.0538965338314292,0.4876103981096577,1.3274598703072469,-0.02073825668366356,0.036926788867383084,0.06429937328621131,-1.4634625922401057,0.7593431799662859,1.0543379143838778,-0.20205437484551184,-0.05422471390885318,0.12147235212317291,-1.6674433703991989,0.749093185189954,1.1817925680829156,-0.1526627037168462,0.03482560088499567,0.14380787533710662,0.09000117304571391,0.09000117304571391,0.0,0.09543951597015127,0.43841766906305935,-0.6399892795363538,0.009632678949298267,0.013966137207611896,-4.805933219398196,0,0.5307484894214265
34.14527999999587,-2.053981270787836,0.48777184352979835,1.3277166253473112,-0.02033686953761558,0.03874690083376315,0.06162120961544651,-2.0775664467172685,0.7372318535763669,1.651362742099479,-0.14214923326488035,0.09260102551218122,0.1066176372026007,-1.8728042263183018,0.743351407333642,1.416805401861233,-0.14703078877865475,0.06545817564058773,0.12391717424776663,0.09000117304571391,0.09000117304571391,0.0,0.09472019213724045,0.4346101660179238,-0.63002972225759,0.009591181598817798,0.014317733297009269,-4.806123804152302,0,0.5306629799287269
34.14943999999587,-2.054064348106257,0.4879408053241227,1.3279623963446723,-0.019938556421093972,0.04055083063784042,0.058985039366658505,-2.1498386659073248,0.806577175862258,1.5847822753793177,-0.11226975556065927,0.09230898730181525,-0.028517272974468454,-2.011556814455619,0.7751559258865552,1.5007381330546223,-0.12969482242736852,0.07927044697411396,0.04653929070509235,0.09000117304571391,0.09000117304571391,0.0,0.09400536657791775,0.4308275627891698,-0.6202054557273984,0.009526356933532407,0.014859287915374955,-4.806314459831342,0,0.5305675710656782
34.15359999999587,-2.054145778512009,0.48811721651090056,1.3281973558807265,-0.019543297380462517,0.042338684826680476,0.05639028865301918,-2.47236155666322,0.5350787654466347,1.1694354610724502,0.1626493225295767,0.04680480193441746,0.24890759519432867,-2.2416232280608357,0.6552106345649088,1.3356032026061344,0.0160372727797301,0.06418591783671716,0.14722808053876268,0.09000117304571391,0.09000117304571391,0.0,0.09329501204669552,0.42706971292284807,-0.6105146984635601,0.00945031457257885,0.015492580354544054,-4.806505159649613,0,0.5304623562685946
34.15775999999587,-2.054225574647865,0.4883010105491139,1.3284216741778732,-0.019151072605353744,0.04411056917119998,0.053836391315209536,-2.0771477639656615,0.008987190396919309,1.5294516555657807,-0.1354234440591255,0.12235864229972376,-0.008984552658453562,-2.159665529195556,0.33234746373502727,1.4325124533587696,-0.05992031395803777,0.0939557802987091,0.06799918154497463,0.09000117304571391,0.09000117304571391,0.0,0.09258910150163785,0.4233364710790898,-0.6009556928669291,0.00936910534256609,0.016168521605599923,-4.806695877563951,0,0.5303474287196998
34.16191999999587,-2.0543037490746547,0.4884921213352646,1.3286355191312962,-0.018761862429537975,0.045866588676162175,0.05132278882154758,-2.29818689312531,0.1303735726076634,1.7042121681357103,-0.025268630591960488,-0.08964053368531746,0.00843984074608585,-2.228980731411139,0.23117138950640603,1.5683856820312003,-0.04211925010586737,0.00277794597654078,0.036340629223494986,0.09000117304571391,0.09000117304571391,0.0,0.09188760810816489,0.4196276930153363,-0.5915267049160289,0.009285750672775095,0.01686258834827193,-4.806886588256742,0,0.5302228813261822
34.166079999995866,-2.0543803142718704,0.488690483200229,1.3288390563403327,-0.018375647331786607,0.04760684759145742,0.04884893016878945,-2.1647412200207015,0.4681526184212106,1.402044664511158,-0.07263491569379214,0.046550047531446224,0.10230425494765663,-2.1970105417670234,0.34975790866363893,1.4854292707946228,-0.0578862335441352,0.025899985497778007,0.06812977339875526,0.09000117304571391,0.09000117304571391,0.0,0.09119050524093825,0.4159432355669065,-0.5822260238638268,0.009201757294962299,0.017562539948186715,-4.807077267119306,0,0.5300888067003398
34.170239999995864,-2.054455282638273,0.488896030906165,1.32903244913943,-0.017992407936673914,0.049331449424634535,0.04641427178337784,-2.1833078386358973,0.8651684304097065,1.008000139704186,0.006518251416458339,-0.07974177813961718,0.1352412009475448,-2.190145059105136,0.6072992097212675,1.2469953160781784,-0.025917682739910436,-0.026093915876025643,0.10040511180798303,0.09000117304571391,0.09000117304571391,0.0,0.09049776648574914,0.41228295662462877,-0.5730519619349811,0.009117874595402128,0.01826227695828359,-4.807267890235631,0,0.5299452971407574
34.17439999999586,-2.0545286664925033,0.4891086996434758,1.3292158586286924,-0.017612125015249957,0.05104049695458677,0.044018277422938464,-1.8425932499906974,0.25604647154175636,1.2042197659770033,-0.08168723404906181,-0.03626902954598018,0.06875171331387606,-2.0165372384937714,0.4315929285528702,1.2257528374685767,-0.053506124104255606,-0.030211613466275572,0.08333304948778622,0.09000117304571391,0.09000117304571391,0.0,0.08980936564162303,0.408646715110923,-0.564002854022924,0.009034473292974014,0.018958770372531734,-4.807458434366486,0,0.5297924446144745
34.17855999999586,-2.054600478073693,0.48932842502783513,1.3293894437040168,-0.01723477948551683,0.05273409224624189,0.04166041807786315,-1.9555130052172385,0.5496281493432126,1.1001057587860916,-0.08464592673240538,0.14347083081843906,0.08982254831861979,-1.9861993798769761,0.4909077373558346,1.16311736283748,-0.06973567760094726,0.057600698392651827,0.08556010554904245,0.09000117304571391,0.09000117304571391,0.0,0.08912527672249965,0.40503437095325806,-0.555077057385502,0.008951734780182996,0.019650526255989974,-4.807648876933862,0,0.5296303407400884
34.18271999999586,-2.054670729542079,0.489555143097277,1.3295533610868204,-0.01686035241264821,0.054412336666047556,0.03934017187287116,-1.9264472693606192,0.37356196303432554,1.2142811131873603,0.1380811489819112,0.11601911403616513,0.022346447324417838,-1.9560352752153174,0.43247493428462835,1.1887490457913075,0.03395435129539277,0.08700387150419661,0.05252932970853755,0.09000117304571391,0.09000117304571391,0.0,0.08844547395848706,0.40144578505567696,-0.5462729513408802,0.008869745795545236,0.020336818063189266,-4.807839196005767,0,0.5294590767717526
34.18687999999586,-2.0547394329796163,0.489788790309352,1.3297077653533558,-0.01648882500890172,0.05607533089800288,0.037057023968491754,-1.7744748609954462,0.7120397524487534,1.9252503148757318,-0.1391278922723736,-0.04603596160302694,0.18681930753779696,-1.865543777379677,0.5721624243470671,1.5573942483085899,-0.05228826231558178,0.021031876813572256,0.11926393941665443,0.09000117304571391,0.09000117304571391,0.0,0.08776993179561984,0.39788081926993485,-0.5375889369594389,0.008788545761541821,0.021017302800779937,-4.8080293702813535,0,0.5292787435840263
34.19103999999586,-2.054806600390588,0.4900293035383519,1.3298528089636161,-0.016120178633191214,0.0577231749599657,0.03481046646249214,-2.2872391170990256,0.7526370899996397,1.034939235530262,0.08254237110908796,0.08540932323305435,0.12472270540123115,-2.0762225814410726,0.6625753042974939,1.2964255334025945,0.015055496182787108,0.0548343307958904,0.12053711337643634,0.09000117304571391,0.09000117304571391,0.0,0.08709862489625692,0.39433933636560903,-0.5290234367565732,0.00870815045523321,0.0216918291123618,-4.80821937907637,0,0.5290894316575351
34.19519999999586,-2.0548722437022144,0.4902766200726017,1.32998864228983,-0.015754394790292867,0.059355968219951705,0.032599998291317475,-2.7472947637974796,0.5571820592900864,1.3076518366151668,0.1176423380892051,0.05965305734283488,0.14953849328373348,-2.411520323564458,0.6099983738761263,1.3023538609201495,0.06713465997133966,0.05899702536883138,0.1330829576140714,0.09000117304571391,0.09000117304571391,0.0,0.0864315281379815,0.3908211999996058,-0.5205748943827667,0.008628563845072205,0.02236034132440065,-4.808409202308936,0,0.5288912310654048
34.199359999995856,-2.0549628831222213,0.49041153023795003,1.3302815815145617,-0.02175346080162209,0.032378439683606625,0.07030541393559206,-2.0373778004488217,1.3435450642537985,1.1111309666396054,-0.00721661319602147,-0.04572218080087674,0.1389571293900697,-2.2244544717582113,0.9767090849493052,1.2069905510802992,0.026606315784795925,-0.006498947508365236,0.15503746548477804,0.09000117304571391,0.09000117304571391,0.0,0.09853952735629154,0.4447278133445549,-0.6725170760164979,0.00926692073079097,0.017207975018902213,-4.808599261428669,0,0.5288427152920517
34.203519999995855,-2.0550517954653817,0.4905541370794194,1.3305627923469427,-0.021338962358515595,0.03422564195265166,0.06749059977143398,-1.6361988345344929,0.022110693390372693,1.039333709610719,-0.06004381424066475,0.1447765075912284,0.09364033888477458,-1.9304488266823212,0.49970366437292396,1.1233591501183469,-0.016039810308618972,0.06945411192506624,0.12269655393480877,0.09000117304571391,0.09000117304571391,0.0,0.09779811429251686,0.44088488144491533,-0.6620834081764868,0.009540290292095188,0.015006553817956972,-4.808789525251748,0,0.5287839163366149
34.207679999995854,-2.0551389939407834,0.49070437253577737,1.3308324581222537,-0.020927634096372272,0.036056509525905577,0.06471978607464896,-1.5580846545703897,0.5924234052544373,0.8902243199654117,0.1243478215407667,0.014493535522761697,-0.032082358422123786,-1.7440051373098773,0.546091234802287,1.0067260467064207,0.053972952427436015,0.04346550794574625,0.04403153411230457,0.09000117304571391,0.09000117304571391,0.0,0.09706133788386871,0.4370670426767467,-0.6517913890888349,0.009631626175518921,0.014277309099825008,-4.8089799634350285,0,0.5287149297166568
34.21183999999585,-2.0552244916716056,0.4908621689947383,1.3310907596705066,-0.020519455397312272,0.03787115015062037,0.06199237158069469,-2.332376796261727,0.6945034042883854,1.4943820400846544,-0.003206586439317382,0.018142180091105173,0.05855464446935728,-2.0382029261663606,0.6203344175023542,1.250681993374496,0.025950696738920906,0.03161123346438322,0.0499719452130465,0.09000117304571391,0.09000117304571391,0.0,0.09632916995152194,0.4332741488124885,-0.6416391523316198,0.009632401278201322,0.014280878345413512,-4.809170546456951,0,0.5286358507631885
34.21599999999585,-2.0553083016957188,0.49102745928965874,1.3313378753501397,-0.020114405787124572,0.039669670780915434,0.059307763111934655,-2.4124820573549717,0.8188114768573747,1.5580300795355988,0.04620978855809671,0.17799208178191375,0.16393702663437326,-2.225249148858561,0.7199417889654326,1.404702697904297,0.03615256240951114,0.10612200044273153,0.10525149965522923,0.09000117304571391,0.09000117304571391,0.0,0.09560158251935982,0.4295060527678384,-0.6316248564668538,0.00958834811190345,0.014647601918993466,-4.809361245598855,0,0.5285467745952988
34.22015999999585,-2.0553904369662854,0.49120017669626165,1.331573981081281,-0.019712464935961453,0.04145217758469875,0.056665375473895906,-2.0535793491213297,0.5046807037178873,1.5088199176405646,-0.08456898471205823,-0.020145966978377908,0.1007766752501473,-2.139588455075811,0.6122658561124784,1.4569741744014149,-0.02443786764958123,0.04394859623376264,0.10180000948347144,0.09000117304571391,0.09000117304571391,0.0,0.09487854781564281,0.4257626085907756,-0.621746684725863,0.009522328987436757,0.015192671460303706,-4.809552032926712,0,0.5284477960960843
34.22431999999585,-2.055470910352365,0.4913802549293941,1.3317992503785843,-0.019313612659171406,0.04321877595178479,0.05406463135277101,-2.474927485526351,0.3554505534108327,1.433656157446686,0.10438570422413693,-0.09378794662149532,0.08125216272974883,-2.30704412765271,0.4836581320638697,1.4454885795453458,0.040412876515163274,-0.023372451924243018,0.08932773509161125,0.09000117304571391,0.09000117304571391,0.0,0.09416003827532146,0.4220436714492719,-0.6120028446965852,0.009445771109262126,0.01582370408256971,-4.809742881273246,0,0.5283390098898292
34.22847999999585,-2.0555497346395244,0.4915676281398246,1.3320138543836424,-0.01891782891822353,0.04496957050331409,0.051504961213936565,-1.5245562675475848,0.19729675946301756,1.7810704777187234,0.0411798952113899,0.030374449899048646,0.0015280560343751831,-1.9157092548251242,0.3405350911675193,1.613287370286995,0.040885607323761015,0.005194318710234481,0.0443203207139804,0.09000117304571391,0.09000117304571391,0.0,0.09344602654299468,0.41834909761474415,-0.6023915680145117,0.009364384125134857,0.016494529473722805,-4.809933764220456,0,0.5282205103203688
34.23263999999585,-2.055626922530448,0.49176223091108506,1.332217961896981,-0.018525093821665044,0.046704665102520665,0.04898580320123805,-1.9352231715446135,0.06807993068300122,1.3948756445523114,-0.09637687234501256,0.0773693190417222,0.006744294116812585,-1.9256694908116005,0.20446522140636805,1.504098116793238,-0.02644820964836264,0.04190659213951428,0.0235585798575469,0.09000117304571391,0.09000117304571391,0.0,0.09273648547458921,0.4146787444444495,-0.5929111100549307,0.009281018903225705,0.017182083449473605,-4.8101246560825075,0,0.5280923914305878
34.236799999995846,-2.055702486645557,0.4919639982563636,1.3324117394096342,-0.01813538762605205,0.04842416286685017,0.04650660303679769,-2.1799139062138475,0.31561231075951124,2.046112137037765,0.04548246868307497,0.06815129490949995,0.08415861139360495,-2.0526981919936387,0.2601792086960579,1.7752858348196539,0.00918393190565972,0.05603117906579468,0.052956654448915855,0.09000117304571391,0.09000117304571391,0.0,0.09203138814011111,0.4110324703597194,-0.5835597496262674,0.00919709692292428,0.01787485473256841,-4.810315531889013,0,0.5279547469429965
34.240959999995844,-2.0557764395236267,0.4921728656154526,1.3325953511343056,-0.01774869073677762,0.0501281661813545,0.044066813921116395,-1.7960102633585286,0.5483415690711472,1.1833999066327994,0.16247975644895543,0.08257412890187754,0.05284515948026804,-1.9240159680285922,0.40443267379418296,1.4794508509876725,0.08653833180070915,0.07001417500710139,0.0518403877322939,0.09000117304571391,0.09000117304571391,0.0,0.09133070782640157,0.40741013482253674,-0.5743357886638847,0.009113324972414379,0.01856710834538028,-4.810506367368665,0,0.527807670241333
34.24511999999584,-2.055848793622413,0.49238876885175775,1.332768959036111,-0.01736498370872386,0.05181677671323263,0.04166589643327288,-2.20357561597247,0.33553808840324634,1.316261294940212,0.10297818449479981,0.05159028017386882,-0.005070664641380278,-2.063583813456272,0.3700902098480856,1.3978454690417992,0.09488071745352657,0.0617628902052958,0.022866876674013874,0.09000117304571391,0.09000117304571391,0.0,0.09063441803882752,0.4038115983092233,-0.5652375519211379,0.00903005249955174,0.01925599730938635,-4.810697138933236,0,0.5276512543531433
34.24927999999584,-2.055919561319274,0.4926116442493716,1.332932722862907,-0.016984247246672027,0.05349009542731992,0.039303318431083194,-1.8377805644676555,0.7375377015374706,1.7755675435404203,0.0042507626118038384,0.014654888142830197,-0.06751126233694271,-1.950671811497062,0.553843774623439,1.586571154155305,0.04959272169789912,0.03976694115340873,-0.023483026824154467,0.09000117304571391,0.09000117304571391,0.0,0.0899424925025466,0.4002367222824619,-0.5562633866619623,0.00894745028929536,0.019940118498269703,-4.810887823661924,0,0.5274855919332895
34.25343999999584,-2.0559887549117963,0.49284142851021445,1.3330868001752034,-0.016606462205410205,0.05514822260228038,0.036978554951124586,-2.241167467311499,-0.05278460678729552,0.970658665213193,0.19071030165456668,0.011869815071602167,0.14956635075196437,-2.095524628158817,0.25054906517972253,1.278924483157208,0.1199635575862034,0.026283082049274504,0.06168921705953072,0.09000117304571391,0.09000117304571391,0.0,0.08925490516291745,0.396685369161435,-0.5474116623490048,0.008865599804303542,0.02061879056796754,-4.811078399286045,0,0.5273107752483421
34.25759999999584,-2.0560563866184194,0.4930780587512445,1.333231346375656,-0.01623160958949263,0.05679125784721716,0.034691088108620254,-1.7587875997072804,0.2369679229559249,1.043929132187929,-0.024693687782581186,0.11615954252236735,-0.08994617671077637,-1.9272051956432728,0.24399866567568618,1.1612387277348017,0.04768067331389405,0.07186076098850441,-0.014431257613374961,0.09000117304571391,0.09000117304571391,0.0,0.08857163018719356,0.39315740229205665,-0.5386807703313591,0.00878453785698819,0.021291692925271256,-4.811268844174064,0,0.5271268961618166
34.26175999999584,-2.0561224685790553,0.49332147250173786,1.3333665147381444,-0.01585967055261183,0.05841930011840497,0.03244040699723459,-1.9984831237632958,-0.009217134761513424,1.1933547980424573,0.11765955220873381,0.00967616502154,0.06631013149948195,-1.9625992300422492,0.11740721669225848,1.1774364961392794,0.08232905633132752,0.041687491508386444,0.025171962222504327,0.09000117304571391,0.09000117304571391,0.0,0.08789264196172615,0.3896526859148894,-0.5300691235301943,0.008704278947162757,0.02195868521572352,-4.811459137316946,0,0.5269340461202084
34.26591999999584,-2.056212195122704,0.4934598080510599,1.3336515383296956,-0.02153437047575589,0.03320053183728669,0.06840566197230008,-1.5895607632025293,0.6256798700334781,1.4682220437896016,0.04501415972742688,-0.02199389839842189,0.01880851414689716,-1.775978236495881,0.3715283875704536,1.3228326113122826,0.061018978036571025,-0.003148206978514031,0.040173314039759864,0.09000117304571391,0.09000117304571391,0.0,0.09934995649232187,0.44003271631332597,-0.6750157607114406,0.009295833616391087,0.017159962743817436,-4.811649672981559,0,0.526882824390847
34.270079999995836,-2.056300180704486,0.49360575817928687,1.3339247916395778,-0.02111653962762108,0.035028030774483805,0.06558079437169295,-1.917615903564732,0.3060972517339719,1.1907686344706039,-0.02162235808158906,0.09932850435124035,0.1345718185994738,-1.8468437759163108,0.33901768670381127,1.2570836811465718,0.020059852167903826,0.04869689579137199,0.08540619663920425,0.09000117304571391,0.09000117304571391,0.0,0.09860094117645268,0.43622591094237906,-0.6645179421131073,0.009545926133898815,0.015131649257008422,-4.811840419809736,0,0.5268213058639875
34.274239999995835,-2.0563864386667112,0.4937592554689267,1.3341864591174657,-0.02070191093404397,0.036839349513559556,0.06280019469310899,-2.748601215836264,0.43689510214316124,1.5633612827519312,0.0003885449451987502,0.050469635577277454,0.15061543433981442,-2.297727070967845,0.3880612526173788,1.4105407504438074,0.009779825997159954,0.04996881989517409,0.11663644716981181,0.09000117304571391,0.09000117304571391,0.0,0.09785661281353283,0.43244397066575113,-0.6541627214753942,0.009625745900982658,0.014485273329220462,-4.812031347286993,0,0.5267495872797372
34.278399999995834,-2.056470982264881,0.4939202329470407,1.3344367226913094,-0.020290463560744043,0.03863459474736341,0.06006325772249341,-1.6228137149847042,0.33169544414290797,1.3417689137986342,-0.047449429894920486,0.21009274088195815,0.04870952770216749,-1.9603648193301624,0.36031402099911836,1.3762579767803849,-0.0186120616513617,0.13046278299645353,0.0815658833362236,0.09000117304571391,0.09000117304571391,0.0,0.097116942923431,0.4286867487289478,-0.6439482198467391,0.009620883706219151,0.0145266208412076,-4.812222425723392,0,0.5266677651672999
34.28255999999583,-2.056553824668295,0.4940886240819606,1.3346757618012703,-0.01988217681936132,0.04041387238077365,0.05736938639063469,-1.3318166197952985,0.707851874029501,1.646702182515959,0.03190926510336785,-0.07817719982154187,0.14027154167577252,-1.646021540075083,0.5339206254346014,1.5117758637112433,0.007409473617072391,0.027188823373328196,0.10989033448420894,0.09000117304571391,0.09000117304571391,0.0,0.09638190323274304,0.4249540995142153,-0.6338725834431629,0.009574131021321333,0.014908606160082705,-4.8124136262348145,0,0.5265759358199428
34.28671999999583,-2.056634978960663,0.4942643627800357,1.3349037534332238,-0.019477030168266837,0.042177287538037546,0.05471799166881768,-2.496001127841205,0.44109286586419666,1.405730016022217,0.09221556813217346,0.08700039126992762,0.08887587526442188,-2.0708241509306857,0.48768491486751137,1.458941348630397,0.04916996007572563,0.05811953281970807,0.09732089482643665,0.09000117304571391,0.09000117304571391,0.0,0.09565146567604328,0.42124587853002265,-0.6239339833318032,0.009506879651509224,0.01545770773090844,-4.812604920724648,0,0.5264741952712688
34.29087999999583,-2.0567144581407195,0.4944473833824166,1.3351208721518306,-0.019075003213507732,0.04392494457141719,0.05210849246563619,-1.9560854582869207,0.9826269804960335,0.8182344540504005,-0.022697619431638567,0.1257793655724759,-0.037026988122500784,-2.013502705134978,0.7354189712980488,1.1385079147568031,0.013958669589640526,0.09293427591922168,0.029428614661021986,0.09000117304571391,0.09000117304571391,0.0,0.09492560239863448,0.41756194239602307,-0.6141306151159313,0.009429821563104783,0.016087185874561895,-4.812796281865869,0,0.5263626392727281
34.29503999999583,-2.056792275122844,0.49463762066188005,1.3353272901331836,-0.018676075709828915,0.045656947071223405,0.04954031552471724,-1.7830033614083787,0.1442063779734053,1.4932873478495161,0.05755969798408246,0.1393112501108627,0.09877314496491332,-1.8981331568081423,0.4400966150721361,1.3161081621151252,0.03645791098040741,0.11693044238276007,0.06284483135070147,0.09000117304571391,0.09000117304571391,0.0,0.09420428575951645,0.4139021488268,-0.6044606986236021,0.009348298799699981,0.01675369168899649,-4.812987683083518,0,0.5262413632723159
34.29919999999583,-2.0568684427376844,0.494835009819702,1.3355231771970297,-0.01828022756170678,0.047373397877279,0.04701289532308724,-1.568239778421478,0.9486709981112595,1.384945706178779,0.15527353722478768,0.029680239607548304,0.05180471436200281,-1.7328607344761655,0.6944472236821525,1.3506372119320855,0.09563680270443448,0.07421282443899158,0.05634274486028275,0.09000117304571391,0.09000117304571391,0.0,0.09348748833414536,0.41026635661204314,-0.5949224775969555,0.009264978442563514,0.01743557150247292,-4.8131790985375575,0,0.5261104623943981
34.30335999999583,-2.056942973732786,0.49503948648258445,1.335708700838571,-0.017887438824322928,0.04907439909177847,0.044525673969926675,-2.2095021012079967,0.38644236744493854,1.1035758757463228,0.1238732425399337,0.12947760414156553,0.10314852056777987,-1.970926492646666,0.5407100242113462,1.227321459704354,0.10946098761040479,0.1027676458632824,0.07873347832447429,0.09000117304571391,0.09000117304571391,0.0,0.09277518291612798,0.40665442559319964,-0.5855142193823872,0.009181190093106945,0.01812201910304024,-4.813370503106102,0,0.52597003142061
34.307519999995826,-2.057015880773221,0.49525098669964046,1.335884026259844,-0.017497689704404237,0.05076005209344034,0.04207810110548035,-2.022165146812843,0.7071645139062174,1.580605404176203,-0.17312465083089937,-0.09756549899716882,0.10562567534138499,-1.9969066116983094,0.6237351861200491,1.4041888517759282,-0.03165065227454918,0.002765021963734335,0.0906154197186616,0.09000117304571391,0.09000117304571391,0.0,0.0920673425208435,0.4030662166388404,-0.5762342146188145,0.009097594616306992,0.01880765185638887,-4.813561872369019,0,0.525820164771777
34.311679999995825,-2.0570871764422245,0.4954694469394437,1.336049316400677,-0.017110960560843158,0.05243045755278715,0.0396696337999418,-1.9783039647971898,0.7621021091868271,0.4275718880398326,0.14005765883737067,0.137533050738807,0.10532212101337496,-1.9873138241920545,0.6932033648980073,0.9160957842844759,0.05418384580573214,0.07125389654688051,0.09643814357239186,0.09000117304571391,0.09000117304571391,0.0,0.09136394038629038,0.39950159161665255,-0.5670807769261731,0.009014518514514635,0.019489798768105825,-4.813753182591886,0,0.525660956490805
34.31583999999582,-2.0571568732418286,0.49569480408714506,1.3362047319692278,-0.01672723190503713,0.0540857154483157,0.037299736452177816,-2.061524826466665,0.3681260000305548,1.030664546203545,-0.11536764396519072,0.12098561377808238,0.07403412518416184,-2.024659104142724,0.5309121936374458,0.973536162581248,-0.030918509917726506,0.09701124656456159,0.08465728439169784,0.09000117304571391,0.09000117304571391,0.0,0.0906649499745753,0.39596041336413723,-0.5580522425911545,0.008932121116352242,0.020167144518301566,-4.813944410710298,0,0.5254925002264967
34.31999999999582,-2.057224983593499,0.4959269954416587,1.3363504314720955,-0.016346484400882773,0.05572592508327785,0.03496788068824052,-2.308508137503349,0.52852076777723,1.9758772738231711,0.10385536563096359,0.13216105412004198,0.14471340096236657,-2.166369653338172,0.5299908971436867,1.4750168676383988,0.03648981880006427,0.11480411268632584,0.1136544757182604,0.09000117304571391,0.09000117304571391,0.0,0.08997034497340414,0.3924425456575293,-0.5491469702506051,0.008850478173033447,0.02083905148253943,-4.8141355343145245,0,0.5253148892182443
34.32415999999582,-2.057291519838767,0.4961659587129202,1.3364865712440108,-0.01596869886437878,0.05735118510275784,0.03267354525968778,-1.1824608598097357,0.25157897855285893,1.714985052995658,0.2180711741548098,0.05938923423693438,0.029227686448342532,-1.6739560568353407,0.39090505482459237,1.5950664216292916,0.12787802306873716,0.08780354938706833,0.07000906744690293,0.09000117304571391,0.09000117304571391,0.0,0.0892800992945792,0.3889478531806456,-0.5403633405736566,0.008769623658260017,0.021505220745971904,-4.814326531634495,0,0.5251282162815603
34.32831999999582,-2.057356494239862,0.4964116320192149,1.3366133054771017,-0.015593856262822668,0.05896159351072707,0.03041621594180307,-2.0325339481770666,0.23381680520175036,1.5427383790561346,-0.0989825330798696,0.17931644081386086,0.09290829875916068,-1.8534531565366115,0.3127322690800702,1.5690974099742756,0.014348831904344803,0.13381123684076163,0.0804333996305881,0.09000117304571391,0.09000117304571391,0.0,0.08859418707398976,0.3854762014929153,-0.5316997559417298,0.008689570669765723,0.022165522614073244,-4.814517381525122,0,0.5249325737944044
34.33247999999582,-2.057448257366773,0.49654730841864947,1.3368995121088942,-0.022023150458749263,0.03256233586430231,0.0686895916302167,-2.0650590216241786,0.5869929479390896,1.2820022037297745,-0.24921521489027443,0.08326649398648289,0.003503645338021069,-1.9597702577419998,0.45006458919210685,1.4255165213381453,-0.12014384768279962,0.0956221582392252,0.06051648596598338,0.09000117304571391,0.09000117304571391,0.0,0.10156514530488939,0.4382236533916534,-0.6858972207426193,0.009391569613662592,0.01711127384050582,-4.814708553889446,0,0.5248870272264679
34.33663999999582,-2.057538240705659,0.4966905684652541,1.337173759326523,-0.021596001332644058,0.03438241118511061,0.06581933223087441,-2.097934306356863,0.37384527721338795,0.9627450219135189,-0.05955294304501024,-0.059225699543183616,0.16475630368883692,-2.028976525855258,0.4118305115247351,1.1944752995279375,-0.09013663181421015,0.01854501452663313,0.11018811649492975,0.09000117304571391,0.09000117304571391,0.0,0.10079946132387035,0.43443440912869424,-0.675220525699471,0.009695992112684569,0.01495402935874517,-4.8149000152901795,0,0.5248310902215134
34.34079999999582,-2.057626457896862,0.4968413450527266,1.337436234722888,-0.02117212588873922,0.03618638099339435,0.06299409512760903,-2.3071016017473323,0.3130612474140606,1.4509532691160745,0.09548761891377258,0.10969014737556598,-0.019581528093498196,-2.1678418864013222,0.3626707636308413,1.322679505337176,0.0024173743219430424,0.06535087418658063,0.043313563382413024,0.09000117304571391,0.09000117304571391,0.0,0.10003856905220372,0.4306699109700935,-0.664688892981306,0.009802090999053062,0.014242032540436668,-4.815091733177573,0,0.5247648609738393
34.344959999995815,-2.0577129224919197,0.4969995715173976,1.3376871233253713,-0.02075150281385965,0.0379743515210357,0.06021326459598668,-2.264881109104537,0.8632406239710747,1.4018874179545822,0.042926901679799026,-0.03765269492006306,0.08640249476348973,-2.216271958891072,0.6128774291005681,1.3624663354529887,0.022221796358764822,0.01551501343626781,0.06360274934192699,0.09000117304571391,0.09000117304571391,0.0,0.09928243934651929,0.4269300127753873,-0.6543004108253782,0.009809488811054009,0.014249426608897893,-4.815283675869386,0,0.5246884374615625
34.349119999995814,-2.057797647954184,0.49716518163494866,1.3379266076303655,-0.020334110943419255,0.039746428212254784,0.057476233198604565,-2.0052396772537358,0.6032699294395728,1.0903930074339785,0.015471384838049239,-0.010952606775120818,0.0023631149533712772,-2.1107235312554247,0.6080493993996057,1.2264354236306267,0.019505725981707873,0.002971234554676866,0.031668968525045374,0.09000117304571391,0.09000117304571391,0.0,0.09853104327352752,0.4232145695423983,-0.6440531930778357,0.009767992925557606,0.014613304545267769,-4.815475812531305,0,0.5246019174208866
34.35327999999581,-2.0578806476594433,0.49733810961715874,1.3381548676373616,-0.01991992926224579,0.04150271573041486,0.05478240167906057,-1.726985820448269,1.2756856839910053,1.3437385801858932,0.11753690460598148,0.004579019002588822,0.06407281372558626,-1.9186067832796412,0.9418796371505918,1.285225219567824,0.0681620917875532,0.004785045497569022,0.04588428350320802,0.09000117304571391,0.09000117304571391,0.0,0.09778435211106784,0.41952343739725234,-0.6339453788698258,0.00970250312685861,0.015152234043332508,-4.815668113157772,0,0.5245053983217189
34.35743999999581,-2.05796193489655,0.4975182901086843,1.3383720808825998,-0.01950893690557407,0.043243317966138915,0.05213117885719766,-1.6153128538903025,0.20231553408604241,1.1315460537540452,-0.051986364925370815,-0.11296216968818901,0.011826108363327967,-1.7670668193787975,0.5718569248609743,1.2084128833352552,0.008573005725001167,-0.053827316858037905,0.027066697558680443,0.09000117304571391,0.09000117304571391,0.0,0.09704233735172516,0.4158564735809444,-0.6239751322999805,0.009625465393647573,0.015775519988931806,-4.815860548553244,0,0.5243989773445721
34.36159999999581,-2.058041522868051,0.4977056581838795,1.3385784224722888,-0.01910111316014716,0.044968338046850916,0.049521981525348015,-2.0027516536184296,0.714677185180381,1.878973056563447,-0.12285868796280772,-0.10738352282054445,-0.005483395267181022,-1.8851668181284515,0.6430414468597807,1.543687472570012,-0.05694693592752136,-0.07903785622199361,0.010209185883298909,0.09000117304571391,0.09000117304571391,0.0,0.0963049707049551,0.4122135364338374,-0.6141406421177391,0.009543098795011876,0.016437835701921193,-4.8160530903138525,0,0.5242827513586923
34.36575999999581,-2.0581194246908234,0.49790014934366206,1.338774065115394,-0.018696437465368122,0.04667787834780804,0.04695423434530599,-2.283329586761824,0.9274358562206089,1.0438158026217466,-0.03816489048430176,-0.03814465912319695,0.05625035681847942,-2.0843317208241263,0.7851599460538083,1.2938682645801334,-0.046907802122565366,-0.057941978174117954,0.03172385955559182,0.09000117304571391,0.09000117304571391,0.0,0.09557222410070979,0.40859448537621745,-0.6044401214090118,0.009458508940909226,0.017116538559693258,-4.816245710809457,0,0.5241568169013552
34.36991999999581,-2.0581956533967167,0.4981016995124313,1.3389591791560014,-0.01829488941442073,0.04837204050461669,0.04442736974574903,-2.16131696153837,0.3566908996218423,1.3388169222504873,0.0923254156762134,0.05228669806300582,0.02653779799716932,-2.1226316320660743,0.5710297534232089,1.316401501868642,0.02211633294080849,-0.0021490106055056853,0.02749819883088583,0.09000117304571391,0.09000117304571391,0.0,0.09484406969157239,0.40499918088703774,-0.5948718072826981,0.009373244709821864,0.017800327811759754,-4.816438383166101,0,0.5240212701582736
34.37407999999581,-2.058270221933197,0.49831024503504445,1.3391339326052507,-0.017896448755282006,0.05005092542715994,0.04194082781984748,-1.9912649653744476,0.8212982235366468,1.4618211612988739,-0.12503288088386838,0.19309952524492405,0.0778853242600347,-2.0572069063367895,0.6965657193348922,1.389275644492627,-0.05170750011295717,0.09626181260552238,0.052065309572506525,0.09000117304571391,0.09000117304571391,0.0,0.09412047985639227,0.40142748447779664,-0.5854339605554945,0.009288076614931761,0.018483573490133208,-4.81663108124884,0,0.5238762069450602
34.378239999995806,-2.058343143163995,0.49852572267385603,1.3392984911728458,-0.01750109539153461,0.05171463331477436,0.03949405622285081,-2.8180476167109987,0.9390254471889994,1.350381364134786,-0.17342150650268848,-0.05049365739611306,0.030368717487718938,-2.437993222541729,0.817690361032883,1.369894954984587,-0.11259260443398263,0.02380393442356799,0.03950816647158546,0.09000117304571391,0.09000117304571391,0.0,0.09340142720157299,0.3978792586667846,-0.5761248654369212,0.009203385989468533,0.019163480867847433,-4.816823779644949,0,0.5237217226896974
34.382399999995805,-2.058414429869757,0.49874806960582463,1.3394530182981355,-0.017108809382906428,0.05336326367246387,0.03708651006948443,-1.5608466025333243,0.36399352747294644,1.3297608907024274,-0.01651671947288965,-0.06766235313935597,-0.032301798315529255,-1.9994512059326983,0.5906968172187795,1.3497636555402168,-0.06308131097060629,-0.021338383028234067,0.002068938438969121,0.09000117304571391,0.09000117304571391,0.0,0.09268688456300354,0.3943543669477074,-0.566942829211356,0.00911935958153968,0.019838672691746377,-4.817016453647494,0,0.5235579124159582
34.386559999995804,-2.0584840947486964,0.4989772234196907,1.339597675180765,-0.016719570945462215,0.05499691532785303,0.034717651831075204,-2.533888328487886,0.8473211958110081,1.8069909958780603,-0.12894721630976452,-0.12190006530097819,0.08151573481024593,-2.2669414090558044,0.7187551985216541,1.5785519747377348,-0.09615638080158653,-0.07062460492608082,0.040874031302937826,0.09000117304571391,0.09000117304571391,0.0,0.09197682500799212,0.3908526737600577,-0.5578861819168583,0.009036086853579851,0.02050848030254881,-4.817209079239268,0,0.5233848707277383
34.3907199999958,-2.0585521504172437,0.4992131221132264,1.3397326208109,-0.016333360451390073,0.056615686448570644,0.03238695123240443,-2.118862470950719,1.0583023552628055,1.1905700718136432,0.14049107803609912,-0.010755147916030945,0.19465059550834088,-2.192609300197151,0.8885070486138104,1.384967681879215,0.022447308329268723,-0.03986000241342636,0.11558585352138864,0.09000117304571391,0.09000117304571391,0.0,0.09127122183420736,0.38737404445620904,-0.54895327602399,0.008953608633971964,0.02117258919863281,-4.817401633077065,0,0.5232026917942497
34.3948799999958,-2.0586186094106953,0.4994557040905585,1.339858011999018,-0.01595015842835768,0.058219674559713344,0.0300938851483555,-1.9482054371751207,0.5114247371886912,1.6927188550496253,-0.11900529616508015,0.16524059327878582,-0.09229583485855775,-2.070655091827831,0.7003056725855297,1.5386565273467356,-0.04735356097962128,0.06329135012166245,0.010178271152164698,0.09000117304571391,0.09000117304571391,0.0,0.09057004857011369,0.38391834526897073,-0.540142486110565,0.008871941444606953,0.021830861821693325,-4.817594092476316,0,0.5230114693360364
34.3990399999958,-2.0587105989525045,0.49959485897852796,1.3401363852796286,-0.02207749003424194,0.033397173112672984,0.06680958734652809,-1.9549435587327555,1.2514489069879078,0.7185837998963452,-0.08217962847380418,0.0785270469365548,-0.004153408905248804,-2.0129616421320176,0.9760686502005793,1.1285669695752725,-0.06851715537899015,0.0592864656699362,0.02167783863933506,0.09000117304571391,0.09000117304571391,0.0,0.10293634020693873,0.43350375257462087,-0.6880757718106594,0.009529661980896914,0.01709327672369476,-4.817786901384241,0,0.5229631402587773
34.4031999999958,-2.0588007848793604,0.49974151497445085,1.3404027627911792,-0.021644622445372075,0.03519743902149942,0.06393060277214829,-1.7634295584886017,0.5479684652727964,1.6045137976759012,0.12561040365774837,-0.11103591597250081,-0.12263824696160702,-1.887933633233773,0.7617823928128064,1.3662909757120836,0.029036678887963952,-0.024797412397433993,-0.0515988403817071,0.09000117304571391,0.09000117304571391,0.0,0.10215940356005013,0.42975079467800337,-0.6773405110183108,0.009811571687285008,0.01509067260059405,-4.817980025535465,0,0.5229044080344729
34.4073599999958,-2.0588891810302923,0.4998956056183943,1.340657333143101,-0.021215076223633215,0.036981754546425355,0.061096884461267424,-2.3151421490900965,0.7232010318162178,1.0798001187348167,-0.10686928777861296,0.12025803898667849,0.04432623457245204,-2.101763217023299,0.7427403937318153,1.2231394856158526,-0.038882860023593174,0.04828929957179787,-0.005443577009099736,0.09000117304571391,0.09000117304571391,0.0,0.1013873305167943,0.42602235402417793,-0.6667511839695823,0.00990604328670812,0.014452333523644645,-4.81817343156971,0,0.5228353720714968
34.4115199999958,-2.0589758011542063,0.500057064888643,1.3409002823642406,-0.02078882973933373,0.03875022485968534,0.05830781307346822,-2.170378818710666,0.2229767093104899,1.0039859851244652,0.053134966486523216,0.07896166856458699,0.036092742297225526,-2.135960678907346,0.483015774102463,1.1136381146685022,0.0069759556385391415,0.06524795938310236,0.01443671798087655,0.09000117304571391,0.09000117304571391,0.0,0.10062009149748871,0.4223182859533343,-0.6563058674192062,0.009907259258977525,0.014492922873886965,-4.81836708701143,0,0.522756131537318
34.415679999995795,-2.059060658910516,0.5002258271984399,1.3411317939376115,-0.020365861514350814,0.04050295435125403,0.055562777608998665,-2.3116416509586943,0.19239673642650412,1.0018483621656935,0.051402783006273114,-0.05049432400324521,0.07760628934547509,-2.2236963432787302,0.33759749076430534,1.0579068882564062,0.029602601287797153,0.008203654551483528,0.044568571201025045,0.09000117304571391,0.09000117304571391,0.0,0.09985765713634816,0.4186384469376662,-0.6460026639002081,0.009862306947224089,0.014869793519859066,-4.818560960249887,0,0.5226667853331379
34.419839999995794,-2.059143767869779,0.5004018273927571,1.341352048834704,-0.01994615022310323,0.042240046636122415,0.05286117530217915,-2.154220603833277,0.5178524805457296,1.3814104426150962,0.004316816544617328,-0.1319292906751775,0.18889537355994995,-2.1889496536833657,0.427450340033657,1.2200549365652156,0.01727153237298204,-0.06113361932093819,0.11618874784109973,0.09000117304571391,0.09000117304571391,0.0,0.09909999828468326,0.41498269457013576,-0.6358397014006805,0.009794726113774872,0.015411642908305791,-4.818755020519651,0,0.5225674320698711
34.42399999999579,-2.059225141514336,0.5005850007451029,1.3415612255493539,-0.01952967469367933,0.04396160456299211,0.050202411515975924,-2.2207796132614988,0.3078397762259326,1.4674191719887741,-0.05373574048698686,0.2434721614723477,0.011445256509530682,-2.204976076169937,0.36814911624687424,1.3437658652956532,-0.018491447816883288,0.09188061281163303,0.06224930317377267,0.09000117304571391,0.09000117304571391,0.0,0.09834708601282052,0.4113508875501588,-0.6258151330422232,0.009716282720715754,0.016032840611649887,-4.818949237881532,0,0.5224581700454085
34.42815999999579,-2.059304793238957,0.5007752829543717,1.3417595001311766,-0.019116413909067008,0.04566773022449051,0.047585899637461335,-2.156139251134253,0.646476497947947,1.1913043468180278,0.04431601479437982,0.18105895218319845,-0.03377438717201517,-2.1804656324799847,0.5076907752205772,1.2674672287910282,0.013142232070005198,0.13674143206610198,0.012589846817556155,0.09000117304571391,0.09000117304571391,0.0,0.09759889161459245,0.40774288566641914,-0.6159271367615635,0.00963285582276241,0.01669059210412878,-4.819143583203922,0,0.522339097223101
34.43231999999579,-2.059382736351492,0.5009726101417423,1.3419470462185676,-0.018706347008401538,0.0473585249689487,0.045011060973860297,-1.8415596760190356,0.5520758192479869,1.5257159945046013,0.07684184279438161,-0.046261153367945965,-0.03365296197386831,-2.01085252132628,0.52978596281684,1.39652543464995,0.04598202676924873,0.045936153085172286,-0.011496568203956947,0.09000117304571391,0.09000117304571391,0.0,0.09685538660862644,0.40415854977621735,-0.6061739149932239,0.009547381016238334,0.01736352065255941,-4.819338028144541,0,0.522210311211405
34.43647999999579,-2.059458984073526,0.5011769188476328,1.3421240350712713,-0.01829945328815983,0.04903408941370716,0.042477324648895476,-1.7976205790185924,1.1742669229332934,1.1619048540770291,0.01977556097057548,0.17900554212010808,0.001293478753299264,-1.9041940697572914,0.852402338392502,1.2792190812104542,0.032949838188393706,0.11291458224418835,-0.0064911194988674275,0.09000117304571391,0.09000117304571391,0.0,0.09611654274370002,0.4005977417819349,-0.5965536943519626,0.009461322166047578,0.018040958264707238,-4.819532545132582,0,0.5220719092446335
34.44063999999579,-2.0595335495410394,0.5013881460287155,1.342290635602518,-0.017895712203192693,0.050694523459835744,0.03998412749917443,-1.9940465829411917,0.3726397196598631,1.359360410770779,0.03205674945962636,-0.08653287144698091,0.13009209634577443,-1.949054983536852,0.6123369241280615,1.3195642199942772,0.032842606632890264,0.013569974044620238,0.0601927510510266,0.09000117304571391,0.09000117304571391,0.0,0.09538233199939891,0.39706032460460905,-0.5870647253139184,0.009375407271565203,0.018717591166727745,-4.819727107351241,0,0.521923988164757
34.44479999999579,-2.0596064458050707,0.5016062290549992,1.342447014410728,-0.017495103367522902,0.05233992630807309,0.037530913970413624,-2.235790800116514,0.6032862034551464,1.212462466972527,-0.022226900155692918,0.02784047427099623,0.025715899048058773,-2.092471435076031,0.6078667508840199,1.2660678703924841,0.0054582797941811504,0.021981872797742937,0.04209677905374825,0.09000117304571391,0.09000117304571391,0.0,0.0946527265893427,0.39354616215477123,-0.577705281895603,0.009289996401891536,0.019390782545377662,-4.81992168872063,0,0.521766644404202
34.448959999995786,-2.059677685832382,0.5018311057069813,1.3425933358107836,-0.017097606554813006,0.05397039647571905,0.03511713601336467,-2.388007423195326,0.16576276345747126,2.0407702456756898,-0.007338637946976775,0.01304965488698806,0.1599808115245487,-2.240257910388764,0.3868386520948127,1.6537584310242257,-0.00038683428199476073,0.017590558279909255,0.10045588655397499,0.09000117304571391,0.09000117304571391,0.0,0.09392769896291794,0.39005511930161485,-0.5684736613320239,0.009205265665671298,0.020059233922794316,-4.8201162638810615,0,0.521599973969597
34.453119999995785,-2.059747282506126,0.5020627141728736,1.3427297618648644,-0.01670320169843708,0.055586031814161156,0.03274225297938359,-2.269675032575094,0.38199730419830513,1.792111212767431,0.10730965477989363,0.03506708746341229,-0.031547594460286224,-2.2547437855156294,0.38448983756735816,1.7228710087747339,0.05360316767883774,0.02683028697719698,0.03406021120991433,0.09000117304571391,0.09000117304571391,0.0,0.09320722180594387,0.38658706184043456,-0.5593681837492261,0.009121299198061032,0.020722315847680507,-4.820310808176699,0,0.5214240724264205
34.457279999995784,-2.0598152486265056,0.5023009930459015,1.3428564524128463,-0.016311868891107695,0.05718692952668113,0.03040573151569141,-2.0423301355490016,0.5095745225518706,0.8093736770726747,-0.1498157851013908,-0.09463083253039657,-0.09984779999251907,-2.1488473315509675,0.4468346695686396,1.26591087455647,-0.047975530724713195,-0.033144128629041286,-0.03413748758895181,0.09000117304571391,0.09000117304571391,0.0,0.09249126803984045,0.3831418564599385,-0.5503871918365949,0.009038135156121768,0.021379733244744972,-4.820505297639561,0,0.5212390348845051
34.46143999999578,-2.0599065857250825,0.502444379332282,1.343126268892534,-0.021920903658468625,0.034412708731341383,0.06475595512506462,-2.2909490432621347,0.3775954795582093,0.9186655401644392,0.03430866832765778,-0.039769807961178384,-0.1561954664918887,-2.2198228631940933,0.41215440776832035,1.091925081221926,-0.009222465688895051,-0.04729353850792801,-0.07793782255611191,0.09000117304571391,0.09000117304571391,0.0,0.10381865234858896,0.42861990606168265,-0.6888177294542488,0.009621556693835232,0.01705814946790349,-4.820700129959096,0,0.5211866494053475
34.46559999999578,-2.0599961040285217,0.5025951812096746,1.343384078319796,-0.021484392825452465,0.03619245057421789,0.06187426254282995,-2.099843624794859,0.5178188411149066,1.4856708762459299,0.06225668400820365,0.0009797949038224604,-0.03501081245244961,-2.159704878378975,0.46498678837164265,1.2887300276521025,0.02745787516249833,-0.02190334001160558,-0.057494111746947685,0.09000117304571391,0.09000117304571391,0.0,0.10303374991279307,0.42490391619773826,-0.6780459150188444,0.009866268231857519,0.015259671035104613,-4.820895270829504,0,0.5211238625989555
34.46975999999578,-2.060083817515385,0.5027533328767096,1.3436300699329329,-0.021051236847105324,0.03795640008840969,0.059037987152868836,-2.1318172621110714,0.9408695556292281,1.2619336522839553,0.07194677828719115,0.11455304288301668,0.10626721539219128,-2.145611759013921,0.7031675305562854,1.2755547203184738,0.04995486063383554,0.04739243668786653,0.02339749955470586,0.09000117304571391,0.09000117304571391,0.0,0.10225376312264188,0.42121221181798574,-0.6674206070459012,0.009942092677970873,0.014719549851876299,-4.8210906868517,0,0.5210507749551684
34.47391999999578,-2.0601697400731793,0.5029187689656994,1.343864430379951,-0.02062141387071825,0.03970466135755122,0.05624650728434315,-1.6888349763372963,0.21571229496497796,1.658494449722251,0.07283882930666691,-0.0008731160948917266,0.1022275557457297,-1.9170687794283217,0.4594339661465668,1.467243786856379,0.06144860290126589,0.023608757891455168,0.06093612129495577,0.09000117304571391,0.09000117304571391,0.0,0.10147866208976265,0.41754464978921463,-0.6569398748110821,0.009933937580242573,0.014805433007616631,-4.8212863455129185,0,0.5209674866972002
34.47807999999578,-2.0602538854990033,0.5030914245394041,1.3440873437534675,-0.02019490219780647,0.04143733768912628,0.05349920964396885,-1.7404119075836948,0.015774170207302762,1.1458208813769653,-0.004655896228354722,0.04817779058025726,-0.018473578193349695,-1.828752557107577,0.23770032260710672,1.3064938355343014,0.030211238024237655,0.036300158330969313,0.020190495469477952,0.09000117304571391,0.09000117304571391,0.0,0.10070841714516807,0.4139010881025591,-0.6466018134878472,0.00988425279275209,0.01520116501739981,-4.821482215166757,0,0.5208740977567762
34.48223999999578,-2.0603362675001917,0.5032712350878309,1.3442989916251717,-0.01977168028522781,0.04315453162242418,0.05079548920900737,-2.014427623303754,0.9085072486213561,1.6140955743564624,0.11164373534700618,0.06592278468572653,0.03938636257822714,-1.9213594881201652,0.5732438166422035,1.4603824011608524,0.07107343925080022,0.05196566259715701,0.028045949219494663,0.09000117304571391,0.09000117304571391,0.0,0.09994299884075647,0.41028138586084656,-0.6364045438219056,0.00981425931112867,0.01574868894486451,-4.821678265013649,0,0.5207707077506041
34.486399999995776,-2.0604168996949688,0.5034581365250727,1.3444995530798438,-0.019351726746446675,0.044856344938028876,0.048134749121285236,-2.0273274142899727,0.7131805712251809,1.7914708993275323,0.08874832724023746,0.02220468543631851,0.0470909990672813,-1.974159745349028,0.6432575167248916,1.626030637533877,0.07998022957299813,0.03797254724385084,0.03577729211404695,0.09000117304571391,0.09000117304571391,0.0,0.09918237795316721,0.40668540326254277,-0.6263462118088257,0.009734563692966922,0.01636899696592895,-4.821874465081762,0,0.5206574159581134
34.490559999995774,-2.0604957956131056,0.5036520651861931,1.3446892047489352,-0.01893502035286411,0.04654287866891922,0.045516400581931404,-1.9718743219571173,0.7555954964999858,1.2167606617750368,-0.015793843376954993,0.02989034492394943,0.23767040457336097,-1.9730495927316583,0.6994856771590637,1.4218901558953323,0.0319667723058821,0.03575269490704168,0.13525755985216983,0.09000117304571391,0.09000117304571391,0.0,0.09842652548657294,0.4031130015828232,-0.6164249883731044,0.009650465270643536,0.01702260565322242,-4.822070786208312,0,0.5205343213004048
34.49471999999577,-2.0605729686965852,0.5038529578241647,1.3448681208437123,-0.018521540035134256,0.04821423311318798,0.04293986274652276,-2.1883208175294864,0.304223152701192,1.4778083012364671,-0.10684038492938783,0.013894171933316789,-0.23426964753846594,-2.0809093932044758,0.5018790650225416,1.4493644049442553,-0.03720826495932525,0.025538172199255155,-0.050472508970995186,0.09000117304571391,0.09000117304571391,0.0,0.09767541267718792,0.3995640431510141,-0.6066390690476366,0.009564609760284386,0.01768979362118183,-4.8222672000212805,0,0.5204015223203483
34.49887999999577,-2.0606484323002703,0.504060751606866,1.3450364731879638,-0.01811126488436579,0.04987050784830102,0.04040456262034774,-2.2301745181103274,0.3666352935289955,1.0899829397158702,-0.12607179323953518,0.1835998687573514,-0.06152757145590892,-2.155803912892971,0.4346371953672157,1.2695461445271508,-0.0822656366878924,0.10500124027195433,-0.05742382422146318,0.09000117304571391,0.09000117304571391,0.0,0.09692901099500309,0.3960383913251992,-0.5969866736518713,0.00947831606873804,0.018360720351774686,-4.822463678921531,0,0.5202591171637745
34.50303999999577,-2.060722199692575,0.5042753841141441,1.3451944312502702,-0.017704174153121612,0.051511801746734,0.03790993495354447,-1.9157224115023026,0.3136947635014288,1.4397791256961023,0.0983503977811001,0.0016511873131451124,0.04358197169621149,-2.0355578125865033,0.37416613173109214,1.3547576596165491,0.008461807249127009,0.05450406644843143,-0.008458409658100085,0.09000117304571391,0.09000117304571391,0.0,0.09618729214680688,0.3925359104637188,-0.5874660459684455,0.009392239699465964,0.01903048561079903,-4.822660196065312,0,0.520107203561702
34.50719999999577,-2.060794284056142,0.5044967933349471,1.3453421621758366,-0.017300247256116313,0.053138212992740526,0.035455422135932314,-1.853911574207907,0.3715272827776941,0.903348573803554,-0.08364970992770651,0.030879856749135372,-0.09820939954533234,-1.944908416553465,0.37290845733007033,1.1288486795332857,-0.03710468957214205,0.04387665193653795,-0.05476790632471797,0.09000117304571391,0.09000117304571391,0.0,0.09545022807878312,0.3890564658943566,-0.5780754534182925,0.009306704457782325,0.019696659159689482,-4.822856725347142,0,0.5199458788135514
34.51135999999577,-2.0608646984885195,0.5047249176645302,1.3454798308178841,-0.016899463770528804,0.0547498390999397,0.03304047409143579,-2.248623709190581,0.5841795480507656,1.9112237076726921,-0.11491544477933893,0.03187539844658516,0.10796445302668858,-2.097009148197802,0.4786093089466953,1.5202663343058793,-0.07507259883500407,0.0390654288059042,0.02653827372683233,0.09000117304571391,0.09000117304571391,0.0,0.09471779097761529,0.3855999238820663,-0.568813186730154,0.009221868305639282,0.020358045615234185,-4.823053241383068,0,0.5197752397712928
34.51551999999577,-2.060933456002836,0.504959695901736,1.3456075997686012,-0.01650180343586942,0.05634677692936608,0.03066454817210828,-2.312387677083685,0.8027226402239707,1.378010788916965,-0.07635125494907338,-0.06429573496289501,0.1073353884759965,-2.2048595638580597,0.6405317387910359,1.4493639057339007,-0.07530999895395973,-0.011276371086397988,0.06544824345932428,0.09000117304571391,0.09000117304571391,0.0,0.09398995327030803,0.3821661515955015,-0.5596775596106969,0.009137806291038617,0.021014066883335902,-4.82324971949429,0,0.5195953828244863
34.519679999995766,-2.061000569528475,0.5052010672463509,1.3457256293896505,-0.01610724615336272,0.05792912270760349,0.028327109051830862,-1.4399978864231686,0.9895228721015699,0.8978240813055581,-0.12216194279948914,0.061873779086859426,0.08569732875191882,-1.8226791348212157,0.8151569020273697,1.1737694359107267,-0.0979306931530356,0.026035060486287474,0.07506476737992211,0.09000117304571391,0.09000117304571391,0.0,0.09326668762422059,0.37875501707336373,-0.5506669084085972,0.009054552014596415,0.021664453379810072,-4.82344613569114,0,0.5194064038861652
34.523839999995765,-2.0610945013478332,0.5053422921086961,1.3459968873861077,-0.02254363664599565,0.033893966962844455,0.06510191914971311,-1.8734290520916366,0.20978549197571467,1.5379771407192606,-0.030469180435352697,0.07612986325405578,0.05389001566806423,-1.8481103856571275,0.5126503643961836,1.3559489405109035,-0.06778068904468179,0.039031597302420305,0.08322467994339428,0.09000117304571391,0.09000117304571391,0.0,0.10625402988544835,0.4267611394561428,-0.6988156587518033,0.009760741842473528,0.01706853147240689,-4.823642972844856,0,0.5193591023537094
34.527999999995764,-2.0611865716218447,0.5054909006739007,1.346255964485372,-0.022096865762742272,0.03566605564911602,0.062178503823458436,-2.761125012411432,0.4201743266215774,1.6645270336506828,-0.03612436041980207,0.10764805868661215,0.1940499527337494,-2.3046987804570485,0.4666329505469791,1.5106458051772933,-0.05216852441049659,0.074610950267679,0.1376490407932201,0.09000117304571391,0.09000117304571391,0.0,0.10545112643505616,0.42306267374696477,-0.6878804889025733,0.010065685351766392,0.015131695109879294,-4.823840194439242,0,0.5193013123521752
34.53215999999576,-2.0612767946510555,0.505646827451242,1.3465030527966249,-0.02165352701061213,0.03742242656191636,0.05930119470068556,-2.032049029292399,0.34815269975790475,1.3297489744217974,0.17573466464821252,0.13915788452233907,-0.16270527830079026,-2.1680078159715093,0.4076790653841026,1.4198602246246095,0.062413744705130725,0.1080223017125199,-0.013721999374811163,0.09000117304571391,0.09000117304571391,0.0,0.10465325100240207,0.41938837575004123,-0.6770940730560894,0.010170482685105859,0.014521218487311829,-4.824037764912683,0,0.5192331357400647
34.53631999999576,-2.0613651846428134,0.5058100073817595,1.346738341798798,-0.02121359802191414,0.039163183324203446,0.056469360521535235,-1.8710804251113604,0.46105376442328416,1.155839578530641,0.06480021817796111,0.049706681094390914,-0.052462333322022846,-2.0194072704775365,0.4344676140619142,1.2877420938745952,0.06361175681242012,0.0801005038685553,-0.034609087629965514,0.09000117304571391,0.09000117304571391,0.0,0.10386037298794057,0.4157381029463608,-0.6664544505628044,0.010175680011621264,0.014570759783916688,-4.82423564963677,0,0.5191546741040901
34.54047999999576,-2.061451755711922,0.5059803758350235,1.3469620183760205,-0.02077705658606621,0.0408884287833693,0.053682378533422295,-1.9475459227560488,1.2524203224779085,1.6611999604828207,0.07373267289200877,0.056849332968910114,0.09383890397424698,-1.9833226266331705,0.8435662480186773,1.474671646696158,0.06862092466703712,0.06928845511854777,0.02824877360102126,0.09000117304571391,0.09000117304571391,0.0,0.103072462014074,0.41211171394189294,-0.6559596870728246,0.010131546495834894,0.0149471690036879,-4.824433814895385,0,0.5190660287336633
34.54463999999576,-2.0615365218812998,0.5061578686059346,1.3471742668526143,-0.02034388065074477,0.04259826501865921,0.0509396343825236,-2.449499407931876,-0.09003427405425435,1.6306123505788988,-0.11707815636718633,0.0576837757340988,-0.023685192701426168,-2.2166568516577176,0.3768775164118624,1.55259619798362,-0.024672012689151226,0.06440924273698544,0.001144247687246819,0.09000117304571391,0.09000117304571391,0.0,0.10228948792837403,0.4085090684560565,-0.6456078742057719,0.010063212784927663,0.015483891897643065,-4.824632227864237,0,0.5189673005967578
34.54879999999576,-2.0616194970826465,0.5063424219115601,1.347375269027641,-0.01991404832321016,0.04429279335013324,0.04824052200640015,-2.218139149408009,0.3388803300022285,1.2371897177677746,-0.0628582013705289,-0.10939743947252244,0.14621946761031918,-2.2175289388751045,0.35764953299620944,1.395197365537282,-0.04367383316998617,-0.021722850955393613,0.0724789057859868,0.09000117304571391,0.09000117304571391,0.0,0.10151142080702254,0.404930027306949,-0.6353971292240012,0.00998324025516554,0.016097671927144185,-4.824830856590841,0,0.5188585903170844
34.55295999999576,-2.061700695157112,0.5065339723880155,1.3475652042090054,-0.019487537871739277,0.04597211434927715,0.04558444352743431,-1.7491797435295169,0.14685315162585016,1.4426025803046891,0.07153140197341594,-0.12804238910140334,0.07935996286303165,-1.983202471504613,0.25198128581985885,1.419069431561194,0.014013157707898651,-0.07379056430110653,0.07396654845012075,0.09000117304571391,0.09000117304571391,0.0,0.10073823095783017,0.40137445239306146,-0.6253255947081148,0.009897905637873797,0.01674690124806656,-4.825029669974932,0,0.518739998152512
34.557119999995756,-2.0617801298559746,0.5067324570873959,1.3477442492471168,-0.01906432772708233,0.04763632785129787,0.04297080914675338,-2.002467598157519,0.5820805438972633,1.047792752596764,-0.16522275719577154,-0.07943894073896443,0.11015233738196772,-1.9931776017022989,0.41686622692991243,1.233660486129151,-0.07618305907609817,-0.07576469864020242,0.09067308551938587,0.09000117304571391,0.09000117304571391,0.0,0.09996988892454371,0.39784220667200737,-0.6153914382330733,0.009810343335140408,0.017410796205709577,-4.825228637749296,0,0.5186116239746782
34.561279999995755,-2.061857814841324,0.506937813474767,1.3479125785681099,-0.01864439648384038,0.04928553296905609,0.04039903703832595,-1.9648526576313556,0.6558424335667864,1.2638368949295766,0.10909446077677214,0.06359923367688936,0.11795862382476023,-1.9787877531663227,0.5364868079518272,1.2489961047844034,0.016316425615420942,-0.0053804514370247285,0.10342331287415914,0.09000117304571391,0.09000117304571391,0.0,0.09920636549009107,0.39433315413529574,-0.6055928520438375,0.0097221165803211,0.01807898508538957,-4.825427730461024,0,0.5184735672497244
34.56543999999575,-2.0619337636867474,0.507149979425219,1.348070364206622,-0.018227722901662857,0.0509198281084928,0.03786855324295462,-1.6458083084564095,0.14076461965700054,1.558650448726915,0.03734370622750798,0.005740958791650937,-0.09790360936437115,-1.8122178918375234,0.33863319922155954,1.403624964088578,0.026763743436642215,0.0009904982076289744,0.001254640209377384,0.09000117304571391,0.09000117304571391,0.0,0.09844763167876198,0.3908471597805325,-0.5959280527277596,0.009634003020862359,0.018746301991159103,-4.825626919453165,0,0.5183259270201035
34.56959999999575,-2.062007989878023,0.5073688932209912,1.3482177758381302,-0.017814285906164636,0.052539310985322524,0.035378791561958375,-2.146008719396051,0.8684305726554866,1.5053275345541337,-0.08619608936473355,0.06539405887241434,0.0481076347719656,-1.979295371392271,0.6036693501640903,1.4545796064298577,-0.02949510559850273,0.03427521700329925,0.02343615234822234,0.09000117304571391,0.09000117304571391,0.0,0.09769365876053121,0.38738408958082937,-0.5863952808875732,0.009546387512178622,0.01941018378883253,-4.8258261768467845,0,0.5181688018874027
34.57375999999575,-2.0620805068138126,0.507594493548669,1.3483549808108402,-0.017404064589457594,0.05414407864268629,0.032929193450401247,-1.9568463206965918,1.050808653114324,1.342074357202077,0.01678738237730187,-0.09762601539977765,0.13012954779633965,-1.968038009672973,0.8270367518544678,1.3985997155499523,-0.005280717538878763,-0.030551720786642117,0.07540307947801746,0.09000117304571391,0.09000117304571391,0.0,0.0969444182511104,0.3839438104523782,-0.5769928008074918,0.009459458516927036,0.020069368581349462,-4.826025475523407,0,0.5180022899961315
34.57791999999575,-2.0621513278063555,0.5078267194964582,1.3484821441771313,-0.01699703821023479,0.05573422746940243,0.030519207909849595,-2.193503887753592,0.5806526611652094,1.6034708570308622,0.07608359219782973,-0.14779379026205075,0.1012225418938896,-2.0806149275982233,0.7035325567651021,1.5012492897245153,0.035710144366192784,-0.08771365577725182,0.08733510141374212,0.09000117304571391,0.09000117304571391,0.0,0.09619988191349618,0.38052619022029405,-0.567718900119038,0.009373306306833785,0.02072324495042213,-4.826224789107841,0,0.5178264890184255
34.58207999999575,-2.0622204660821613,0.5080655105515349,1.3485994287245509,-0.016593186193344427,0.05730985321842089,0.028148291380712682,-2.1633895561656113,0.0855384467486453,1.6402322017505413,-0.16420982987903848,0.033233766928572786,0.07997195277037003,-2.1223456693786327,0.39460011040454773,1.5709096348774323,-0.06361358803934998,-0.027155259832534306,0.08289558528115187,0.09000117304571391,0.09000117304571391,0.0,0.09546002175802243,0.37713109758464924,-0.558571889461681,0.00928797206563027,0.02137152658136318,-4.826424091951382,0,0.517641496139622
34.58623999999575,-2.062315446558533,0.5082092995724339,1.3488647893458379,-0.02279531432930291,0.034509365015736274,0.06368654910886255,-2.3963374518160983,0.25181078505689153,1.2870399764497813,-0.10508628946557605,0.004100618900377741,0.1207802579987119,-2.2595552854410963,0.3232377989815041,1.429187042378786,-0.08760199360018524,-0.02346430768991599,0.11962472056238639,0.09000117304571391,0.09000117304571391,0.0,0.10797913712195079,0.4226613634569149,-0.7017488115827196,0.009960055116910258,0.017022979924154826,-4.826623847065104,0,0.5175925360878054
34.590399999995746,-2.062408535364933,0.5083604006795609,1.3491179192427967,-0.022341313535919515,0.036264265710470964,0.06075117527011578,-2.0894237000092883,0.4425130620722047,1.3088543182895092,-0.06310593086728392,0.06492776654200375,0.09137701675566325,-2.174619427539663,0.3830102044756783,1.3692142091740047,-0.07541957312504996,0.021259102003859255,0.10343058808724237,0.09000117304571391,0.09000117304571391,0.0,0.10716276921093679,0.41899483627860434,-0.6907478894195475,0.010247235600102902,0.015206694945287192,-4.826824016819,0,0.5175330663307024
34.594559999995745,-2.062499747040664,0.5085187489505806,1.3493590116704093,-0.02189080217544757,0.03800358504472345,0.05786218262702854,-1.9597087739768413,0.20258073023513778,1.2583262687356915,-0.059711978777416394,0.06377987467945977,0.0814272335314925,-2.0672886739534375,0.29292555040657103,1.3139418481785692,-0.06666383950941253,0.04314891426516205,0.09097872566935623,0.09000117304571391,0.09000117304571391,0.0,0.10635151421903244,0.41535227459764945,-0.6798966769464302,0.010342447849450466,0.014653382987514015,-4.82702456456261,0,0.5174631898796386
34.598719999995744,-2.062589096030254,0.5086842798910612,1.3495882572367726,-0.021443757501661692,0.03972742571534849,0.05501893592720012,-1.5548692562282305,0.441847133844832,1.97481335671471,-0.04283608787215365,0.09393968419725265,0.21445706191148586,-1.8111646561045167,0.36758110531932187,1.644831392307813,-0.054665492722576446,0.06934438030955477,0.15121892691907296,0.09000117304571391,0.09000117304571391,0.0,0.10554534102550453,0.4117335371855433,-0.669193200905778,0.010342155099822262,0.014728420641243686,-4.827225454603136,0,0.517383009453523
34.60287999999574,-2.0626765966841236,0.5088569294312635,1.3498058439387874,-0.02100015692874774,0.041435889648532134,0.05222080848358534,-2.1341875093081164,1.6642038545379125,1.6198552776738582,0.0064679343775071695,0.15690263789118464,0.29335037170594297,-1.9726651462479952,1.0162251115173417,1.6329553151884626,-0.02397944819762706,0.11446157321835278,0.22131641145632078,0.09000117304571391,0.09000117304571391,0.0,0.10474421873683672,0.40813848393304375,-0.6586355145229803,0.010294585017665378,0.015114516953766175,-4.827426652184027,0,0.5172926274535561
34.60703999999574,-2.0627622632592595,0.5090366339229618,1.3500119571973928,-0.02055997803259155,0.04312907800761065,0.0494671820652956,-2.1552845031732093,0.984894179420069,1.390227485129237,0.019046520902061746,0.030307321775005287,0.16235600246244958,-2.0639374896421763,1.0006200747460454,1.5119297608893807,-0.001986809879341112,0.07353895336776334,0.19070354152966268,0.09000117304571391,0.09000117304571391,0.0,0.10394811668996508,0.4045669758374461,-0.6482216971742087,0.010223847469389789,0.01565304703587668,-4.827628123464024,0,0.5171921459393142
34.61119999999574,-2.062846109919894,0.5092233301363056,1.3502067798923487,-0.020123198552241584,0.04480709120251721,0.046757446789445184,-2.1169647063273977,0.16196125204606876,0.9251136874610986,-0.17329128861164128,0.09781956896243951,-0.08456379356119514,-2.090813725274847,0.5814880779979482,1.2183459899737792,-0.0867551764660702,0.08576365735119303,0.05103803170082629,0.09000117304571391,0.09000117304571391,0.0,0.10315700445573327,0.4010188749868803,-0.6379498540577819,0.010141993408446763,0.016264718867498997,-4.82782983549666,0,0.5170816666061461
34.61535999999574,-2.062928150738192,0.5094169552567263,1.3503904923965724,-0.01968979639146791,0.046470028900952094,0.04409100101370235,-2.6181634123401007,0.4156606015021082,1.5919234269719256,-0.07156471025931721,0.0803891771480661,0.08752234663856993,-2.354641078659913,0.4987398246058711,1.4053229330984125,-0.07917667913444379,0.08334695194330595,0.06756290467887317,0.09000117304571391,0.09000117304571391,0.0,0.10237085184299509,0.39749404454103887,-0.6278181158663186,0.01005504432172035,0.01690990670313143,-4.828031756210199,0,0.5169612907638182
34.61951999999574,-2.0630083996949433,0.5096174468818983,1.3505632726100274,-0.019259749620320336,0.04811799004129059,0.04146725122920778,-2.259643394590856,0.1506465804567061,1.194497345666705,-0.030439751420631586,0.10946561969615631,0.20215832576485424,-2.3072053866506255,0.32491636520469097,1.3003314640761852,-0.05457044720357488,0.09740805084320003,0.1337381375695737,0.09000117304571391,0.09000117304571391,0.0,0.10158962890229634,0.393992348708489,-0.6178246384599044,0.009966006955526614,0.017568817777532077,-4.828233854388011,0,0.516831119316346
34.62367999999574,-2.0630868706802623,0.5098247430187614,1.350725295993167,-0.01883303647658023,0.04975107284715176,0.038885611953537354,-1.6254109562698678,0.533544421968277,1.3742390410236098,-0.09401878645056341,-0.05796715645611103,0.027960568638768564,-1.966498357795688,0.4291108869552414,1.3373468579122065,-0.07458018933999493,0.019921044291005812,0.07944677458615373,0.09000117304571391,0.09000117304571391,0.0,0.10081330592977683,0.39051365272013294,-0.6079676025368496,0.009876380681348537,0.01823157566183957,-4.8284360996493705,0,0.5166912527429502
34.627839999995736,-2.0631635774942914,0.510038782080609,1.3508767355999314,-0.018409635366991816,0.05136937484345223,0.036345505623443165,-2.252748713666611,0.6839197022828742,1.2055464650552312,0.034735422616761866,-0.015098145209434262,-0.023855580443069013,-2.109553495400393,0.5564858104061603,1.2713997932049061,-0.019830660564240307,0.002348071293497805,0.026036136771471343,0.09000117304571391,0.09000117304571391,0.0,0.10004185346979536,0.38705782280030787,-0.598245213303964,0.009786911181347342,0.018893261945195444,-4.8286384624306695,0,0.5165417910800847
34.631999999995735,-2.0632385338479087,0.5102595028842494,1.3510177621102946,-0.017989524868167787,0.05297299287368314,0.033846362487167256,-2.030922270647008,0.41245114701495683,1.475882113744349,-0.1565722164385226,-0.0545215783341455,0.10583584398632687,-2.0705628694851064,0.4843530898788468,1.373865647286888,-0.08825470200650354,-0.025613021085477014,0.06442707655024732,0.09000117304571391,0.09000117304571391,0.0,0.09927524231777263,0.38362472613482346,-0.5886557001416384,0.009697967293646734,0.019551437079352238,-4.828840913967038,0,0.5163828339044756
34.63615999999573,-2.063311753363438,0.5104868446472414,1.3511485438623623,-0.017572683727069424,0.05456202311806812,0.031387620496232005,-2.2666677784514833,0.7641885287327457,1.2901397612897394,0.16466040362087098,-0.148618703297964,-0.031195553062527373,-2.168274569562162,0.6239632447402723,1.3319390430563651,0.038360825394959414,-0.08691559178774261,0.015751333512693328,0.09000117304571391,0.09000117304571391,0.0,0.0985134435217549,0.38021423083737643,-0.5791973162675774,0.009609729437363766,0.02020490080494411,-4.829043426274365,0,0.5162144803171248
34.64031999999573,-2.0633832495753586,0.5107207469852089,1.3512692468840153,-0.01715909086098765,0.0561365611122117,0.02896872519669801,-1.631787442456905,0.19816313885224218,1.2068543312701943,0.21444188828273134,0.1983603720456676,-0.0008235213053901513,-1.8995826479644828,0.41147218985828454,1.2693964925971333,0.12707715877297396,0.05599562233608686,0.0063140279904320765,0.09000117304571391,0.09000117304571391,0.0,0.09775642838333762,0.37682620591503374,-0.5698683383953272,0.009522283827352204,0.020853072368683147,-4.829245972131706,0,0.5160368289282281
34.64447999999573,-2.063477566986371,0.5108693084948298,1.3515255595876405,-0.02263617864297624,0.03565476230904052,0.06151504887007003,-2.5306820085233808,0.6459665564247886,1.0969583166436965,-0.0828527286075948,0.08365639438144612,-0.09238689555761812,-2.2153029361374723,0.5289172617750536,1.182949894843431,0.019173556800610426,0.05912805776772176,-0.026613801957665113,0.09000117304571391,0.09000117304571391,0.0,0.10882247612694848,0.41770688880279133,-0.7010312014795083,0.010090238540902366,0.016979938010303574,-4.829448947099989,0,0.5159827808088007
34.64863999999573,-2.063569978225762,0.511025095252362,1.3517696557043362,-0.022178697453875875,0.03738882180772662,0.05858306800693068,-1.9116640856212905,0.9769543556071449,1.2711859060719344,-0.13834079370669017,0.08654375282308127,0.36532366074407846,-2.0637700207378074,0.7531156753081644,1.2278314612738,-0.05914571711542923,0.0744098568379704,0.16784848213480746,0.09000117304571391,0.09000117304571391,0.0,0.10799845870218788,0.4140774251648788,-0.6900167716280323,0.010325255821371414,0.015397421696300383,-4.8296523137675,0,0.515918237705548
34.65279999999573,-2.0636604979664623,0.5111880429954984,1.3520017287126782,-0.021724737768136354,0.039107458352741716,0.05569752200209002,-2.296032904119377,0.09992694964174614,1.398582615509657,-0.04541081338257219,0.14598833525362703,0.23562938945646741,-2.179997901545068,0.4268186852959541,1.3137009569072897,-0.05210571079024564,0.1110157801301042,0.20047412351860802,0.09000117304571391,0.09000117304571391,0.0,0.10717960407242438,0.41047169588122756,-0.6791523095438508,0.010394289133858535,0.014957086840214705,-4.829856035699406,0,0.51584330357537
34.65695999999573,-2.063749140785747,0.5113580878852534,1.3522219694402908,-0.02127427662833662,0.040810773541198234,0.05285777462701829,-2.2388969047598595,0.685433365313623,1.1570505926983008,-0.09611770815096557,0.004737116475327083,0.001078157117220535,-2.209648153220204,0.556137359736731,1.2353802239706937,-0.07390891869295929,0.05804110091955111,0.09920079391561634,0.09000117304571391,0.09000117304571391,0.0,0.10636588082650617,0.4068895612709833,-0.6684358387176221,0.010380811224345973,0.01508473585182932,-4.830060077415904,0,0.5157580820562656
34.66111999999573,-2.0638359211659156,0.5115351665027806,1.352430566099615,-0.020827291240435402,0.0424988682065524,0.050063198237776045,-2.2175090194451985,0.798854676427378,1.4796374742286673,-0.1095442931394061,0.15031997168610226,-0.09667417101222375,-2.213807981271271,0.6778082938033929,1.3573125877851526,-0.0910074010662858,0.10517662699367493,-0.0002190590582807838,0.09000117304571391,0.09000117304571391,0.0,0.10555725778539463,0.40333088276296514,-0.6578654091874567,0.01032655446242532,0.01549329047352665,-4.830264404370855,0,0.5156626764426686
34.665279999995725,-2.063920853494979,0.5117192158462279,1.3526277043232213,-0.020383758975235925,0.044171842427355355,0.047313173665503735,-2.1457630103393295,0.39604892453628604,1.1755996912097855,-0.09275491761751957,0.19852670487465815,0.15747332104672218,-2.179978820119331,0.5373381621822708,1.2667836003710184,-0.09146131043657549,0.15252133994191988,0.0780436495215018,0.09000117304571391,0.09000117304571391,0.0,0.1047537040062679,0.3997955228810365,-0.6474390972065307,0.010252381015581964,0.016039231950655614,-4.830468982930861,0,0.515557189662142
34.669439999995724,-2.064003952067354,0.5119101733276352,1.3528135671986703,-0.019943657369988828,0.04582979553774702,0.04460709010775201,-2.2324901575511773,0.05092903512951863,0.9232636841798636,0.04913400498334184,-0.023054037032625735,0.016463385790117555,-2.2061327418853476,0.29407877657128384,1.0950577488746038,-0.02113278670866085,0.06641181434256711,0.046167393914363246,0.09000117304571391,0.09000117304571391,0.0,0.10395518878598964,0.39628334522655007,-0.6371550049123305,0.0101687179392329,0.016650821119227704,-4.830673780354813,0,0.5154417242533649
34.67359999999572,-2.0640852310845625,0.5121079767698842,1.3529883353029215,-0.0195069641300447,0.04747282613974891,0.04194434502029815,-2.3214218364705212,0.5470901052940741,1.7722547140161673,-0.14116186852071907,0.136314144125658,0.17245583887598454,-2.2640728372443837,0.42086694179670603,1.4340237243766871,-0.08059689906192571,0.10270438519453631,0.1073555999208232,0.09000117304571391,0.09000117304571391,0.0,0.10316168166565322,0.39279421445657925,-0.6270112599964671,0.010080774724602875,0.017292208452616156,-4.830878764773862,0,0.5153163823453479
34.67775999999572,-2.0641647046559393,0.5123125644037063,1.3531521867362928,-0.01907365713044423,0.049101032117315244,0.03932434400910303,-1.7949043416550705,1.1201657068774202,1.763000685235761,-0.05432562011705182,0.049571713692835195,0.09499598770036352,-2.0295984776110654,0.770622005182165,1.5987160173906558,-0.06737857631819173,0.0772570933335711,0.09929089224650224,0.09000117304571391,0.09000117304571391,0.0,0.10237315243320863,0.3893279962587265,-0.6170060153735669,0.009991152075461833,0.0179454890880901,-4.831083905171838,0,0.5151812656378154
34.68191999999572,-2.0642423867993447,0.5125238748647564,1.3533052971559683,-0.018643714417336553,0.05071451065200441,0.036746500722102005,-1.867716458414501,0.6561164581539419,1.5487492243646745,-0.02664013747379261,-0.0917700998933097,-0.026816829514551443,-1.948712964460168,0.7131751452544135,1.57368010428245,-0.046426061302064545,-0.00608877951793368,0.03450866634473961,0.09000117304571391,0.09000117304571391,0.0,0.10158957112887451,0.3858845573227188,-0.6071374488481673,0.009901146299213476,0.01860173034357538,-4.831289171366083,0,0.5150364753826937
34.68607999999572,-2.0643182914418827,0.5127418471907566,1.3534478398090541,-0.01821711420909548,0.05231335824003368,0.034210236740589,-1.890166787721239,0.36438152412802116,1.1837087977570746,-0.0509551056810887,-0.0032887065949712066,0.055692421116111904,-1.9195467655557832,0.5387676035972921,1.3788125394363022,-0.04805847099650059,-0.003991707223369452,0.042705280704866455,0.09000117304571391,0.09000117304571391,0.0,0.10081090804670884,0.38246376530915593,-0.5974037627789764,0.009811401505051793,0.019256485479794343,-4.831494533988701,0,0.5148821123666505
34.69023999999572,-2.0643924324206204,0.5129664208187166,1.3535799855651793,-0.017793834897039174,0.053897670710392497,0.03171498147004168,-1.810221146286605,0.6203803270583669,1.5214066490341434,-0.018803358210850628,-0.19042480614274296,-0.02487321912780094,-1.864924734374617,0.5791778957020663,1.4500627093596734,-0.03226289931731264,-0.09692578059331433,0.007067738400233581,0.09000117304571391,0.09000117304571391,0.0,0.10003713373682346,0.37906548881588775,-0.5878031837389904,0.009722235705520629,0.019907550585299007,-4.831699964468222,0,0.5147182768946293
34.69439999999572,-2.0644648234833105,0.5131975355822317,1.353701902948639,-0.017373855045657832,0.055467543243624365,0.0292601720303467,-2.3423774918875546,0.13510532219866273,2.0488533538937506,0.07902650975149243,0.075057762213742,0.08427970274279092,-2.10349098308923,0.3572939779423626,1.7496399007854617,0.02380831687972422,-0.010636520349412263,0.0445244821713215,0.09000117304571391,0.09000117304571391,0.0,0.0992682190073876,0.37568959734319296,-0.5783339621725324,0.00963380386961862,0.020553843023080286,-4.831905435011651,0,0.5145450687743298
34.698559999995716,-2.0645584501219747,0.513349589354901,1.3539515480577307,-0.022470393279400452,0.03649290544065611,0.059914826181983155,-1.986560684072511,0.19023812306290933,1.0410996052022645,-0.1083106440703684,-0.04216436062313044,0.008893468636801044,-2.045244266892295,0.27369702906150556,1.3953533036584957,-0.04514285997183634,-0.035942168503284994,0.04113132664600115,0.09000117304571391,0.09000117304571391,0.0,0.10957125717206624,0.4135476353232921,-0.701898018299774,0.010150528435712554,0.01698650102251744,-4.832111309237941,0,0.5144876041388817
34.702719999995715,-2.064650157727938,0.5135087955648984,1.3541889627648298,-0.02200982543122425,0.0382094903993554,0.05697952970377786,-1.6082576913307072,0.7015830312940698,1.345093121448983,-0.025981408085000646,0.1758346677650805,0.08266225902116528,-1.8268036345410321,0.48800685643207375,1.3703978055149162,-0.03475908033459679,0.07084574226168965,0.06044702423674135,0.09000117304571391,0.09000117304571391,0.0,0.10874035290267012,0.4099497573210054,-0.6908502605052091,0.010359897347359794,0.015553601463598824,-4.832317550033477,0,0.5144196449645534
34.706879999995714,-2.0647399610947113,0.513675090512039,1.3544143411237612,-0.021552808025508265,0.03991078731375255,0.05409080614353329,-2.1552720712025812,0.28349188081713106,0.9726977353531003,0.01051755829791334,0.034293266069556794,-0.14517455171368976,-1.9910194914714678,0.38581944822974457,1.171245408659099,-0.011538786145093743,0.05248447466055911,-0.043494983493886176,0.09000117304571391,0.09000117304571391,0.0,0.10791465665870706,0.40637541567036517,-0.6799529838822824,0.010416074323559732,0.015184821202221364,-4.832524121257268,0,0.5143412961212657
34.71103999999571,-2.064827874919348,0.5138484109155886,1.3546278745286842,-0.021099317912734086,0.04159689685191046,0.05124801718150468,-2.061507039624154,0.663145611500782,1.3112390022641751,-0.06257253985590652,0.15398433967002598,0.32331201545969956,-2.026393869907825,0.5248037618430331,1.241918163874622,-0.037070638894097015,0.10370468768149634,0.13868332079078466,0.09000117304571391,0.09000117304571391,0.0,0.10709413676385565,0.40282447199322363,-0.6692042052427032,0.010396137188729188,0.015345019186226563,-4.832730987719172,0,0.5142526621390652
34.71519999999571,-2.0649139138031365,0.514028693911106,1.3548297517499994,-0.020649332109295124,0.043267918924146095,0.04845053311565135,-2.251286437852805,0.36797831092442657,2.105154411233779,-0.1034136229967073,0.017342886455149205,-0.0337759622832453,-2.1390580734359546,0.4464245446408705,1.6734742033820322,-0.06963753719330867,0.061234729842515774,0.05144131859925312,0.09000117304571391,0.09000117304571391,0.0,0.10627876177845566,0.3992967890132636,-0.6586019680531339,0.01033862080494267,0.015766645245162778,-4.832938115158594,0,0.5141538471838493
34.71935999999571,-2.0649980922522992,0.5142158770473247,1.3550201589697979,-0.020202827799085638,0.044923952692501885,0.04569773275160499,-2.121518667713691,-0.05167612957997225,0.5462406809765001,-0.023109517017207856,-0.04347058485706038,0.030119588453937238,-2.130335753343781,0.19727912542998158,1.109915276284667,-0.04664655336039873,0.009455726552894738,0.039303704569541596,0.09000117304571391,0.09000117304571391,0.0,0.10546850050362273,0.3957922305397937,-0.6481443421002214,0.010262788540971799,0.016315944487489364,-4.833145470223634,0,0.5140449550344403
34.72351999999571,-2.065080424678696,0.5144098982830833,1.3551992798168535,-0.01975978233520052,0.046565096582042116,0.04298900329332637,-1.9364091061347775,0.7811326585687051,0.7843833993522572,-0.05662819210195277,0.17674034398618352,-0.003581159153154087,-2.0334903259817003,0.4895748861270389,0.9471412898054257,-0.05093074419965344,0.0943885490408596,0.017056883794267876,0.09000117304571391,0.09000117304571391,0.0,0.10466332198472823,0.3923106614484011,-0.6378294231578923,0.010178268009697709,0.016926059501843265,-4.833353020450693,0,0.5139260890609416
34.72767999999571,-2.065160925400536,0.5146106959843082,1.3553672954011622,-0.019320173241646234,0.048191448293996395,0.04032374023407749,-2.0868003200789844,0.42140547483480084,0.5096433873280808,0.04671261048560523,0.1382368092422482,0.18616595221976667,-2.0600489595129536,0.45577460876998743,0.7287797618139654,-0.0019112877372362818,0.11757122329988066,0.1000307240703536,0.09000117304571391,0.09000117304571391,0.0,0.10386319551595465,0.3888519476575467,-0.627655332654139,0.010089868939667707,0.017563581460685627,-4.833560734244518,0,0.513797352204314
34.73183999999571,-2.065239608643098,0.514818208921061,1.3555243843480262,-0.018883978214941196,0.049803104820668145,0.03770134724736427,-1.9715665565927214,0.6752382661637975,1.3764695888011118,0.004397998679245275,-0.02659021920019672,-0.003169411992825874,-2.0157996226592436,0.565452007610621,1.0526244391523603,0.002027423693327292,0.04581643942889924,0.047560246517465835,0.09000117304571391,0.09000117304571391,0.0,0.10306809064421713,0.3854159561016278,-0.6176202173364433,0.009999992113659265,0.01821182567547428,-4.833768580858676,0,0.5136588469571067
34.735999999995705,-2.0653164885394544,0.5150323762646524,1.3556707228316827,-0.018451175125484,0.05140016246192213,0.035121236077554796,-2.261400586208807,1.0133231905583928,1.4008990434251822,0.09681655013724218,-0.09941044631281606,0.01203312586023196,-2.138399631997187,0.7891816022747754,1.2267909984977219,0.04902383669951685,-0.025652958988276107,0.028937486012388176,0.09000117304571391,0.09000117304571391,0.0,0.10227797717223594,0.38200255470103756,-0.60772224893391,0.009909833840657625,0.018862469377901595,-4.833976530376454,0,0.5135106753452872
34.740159999995704,-2.0653915791311985,0.5152531375848314,1.355806484608474,-0.018021742018571194,0.052982716842965905,0.03258282642996209,-1.909306989024879,0.5590560316853341,1.9471076583069453,0.0683537851642152,0.04177245785467047,0.013608955796676252,-2.023710213787479,0.6742031659595337,1.5869856130806996,0.05901465527151874,0.008500794391348515,0.019861481766952172,0.09000117304571391,0.09000117304571391,0.0,0.10149282516204158,0.378611612329107,-0.5979596238171734,0.009819988194423136,0.01951137061441409,-4.834184553692172,0,0.5133529389111091
34.7443199999957,-2.0654648943691774,0.5154804328470525,1.3559318410495587,-0.017595657114953926,0.05455086293305492,0.030085545860275686,-2.172091601044069,0.6811515214550005,1.5223430386087795,-0.07694905384962746,0.09318446467839606,-0.03489745241419204,-2.0980611772247055,0.6778712597804001,1.5545929222892585,-0.009352920201979878,0.050814862151245074,-0.008300393423661945,0.09000117304571391,0.09000117304571391,0.0,0.10071260493591849,0.37524299877742134,-0.5883305626530787,0.00973074813520845,0.02015647769755191,-4.834392622492901,0,0.5131857386969673
34.7484799999957,-2.0655364481142224,0.515714202409822,1.356046961173156,-0.017172898810857287,0.0561046950646986,0.027628829663352613,-1.8293568372222409,0.27269229903987335,1.4117563411949712,-0.09093481872297371,0.02269781661481616,0.1190586723270366,-1.9638966668779618,0.47532480547988376,1.4834236739207916,-0.049947211454880375,0.037407025848311425,0.05421548766424623,0.09000117304571391,0.09000117304571391,0.0,0.09993728707820473,0.371896584720203,-0.5788333100554093,0.00964225607288323,0.020796783935795555,-4.834600709240583,0,0.5130091752301897
34.7526399999957,-2.0656315748204426,0.5158660629685609,1.3562960940774689,-0.022830409492796525,0.03644653409732142,0.059791897035078284,-1.9277653992149646,0.8312932657196477,1.600238589820395,-0.1684662630686969,0.05989135426272527,0.19150529965524496,-1.946175822344222,0.6534570250219158,1.5421965260596338,-0.11177778720168648,0.038585618896551786,0.1390792343508717,0.09000117304571391,0.09000117304571391,0.0,0.11136556819550933,0.4111240530223831,-0.7084391517639761,0.0102431689151043,0.017075559819820493,-4.834809237706243,0,0.5129538396608859
34.7567999999957,-2.065724751074493,0.5160250339234278,1.3565328831106045,-0.022362300972129434,0.0381530291680656,0.05682936795254465,-1.470195997881238,0.3713776042242782,1.3027348274441353,-0.1410590806044597,0.08477654051756234,-0.018009398727381436,-1.7084751341399853,0.5125894904109762,1.422431441261284,-0.12682243122486994,0.06272784107011897,0.0581892680564163,0.09000117304571391,0.09000117304571391,0.0,0.11052102706035205,0.4075466223905415,-0.6972804119622178,0.010493850045036739,0.015564002795374635,-4.835018169493945,0,0.5128879548083982
34.7609599999957,-2.065815991913082,0.5161910519374393,1.356757524274369,-0.0218978012612992,0.0398443233627566,0.053913879303475847,-2.0766008617290885,0.4320899521710614,2.0240301835530365,0.012519601483279859,0.15284052866027076,0.14321918344668644,-1.892514727308703,0.4726563456979951,1.7235354293605842,-0.057067132597597534,0.10812276984320857,0.09948921776966091,0.09000117304571391,0.09000117304571391,0.0,0.10968177969621332,0.4039925951724145,-0.6862736918274605,0.010569907925278281,0.015154192740126578,-4.835227467209311,0,0.512811626655962
34.7651199999957,-2.065905312274839,0.5163640540907091,1.3569702108836506,-0.021436886821659673,0.04152051678473705,0.051044786227541945,-2.1742353225186974,0.4400932219651075,1.6577142284765949,-0.13561485978695478,0.25026672046312975,0.23469000734779624,-2.0336615333174204,0.4568937577786586,1.691116012157378,-0.09515209651132624,0.17983270570538307,0.16540022327174117,0.09000117304571391,0.09000117304571391,0.0,0.1088477938888431,0.4004618337603662,-0.6754169877293476,0.010559142727719784,0.01529219002454009,-4.835437094437148,0,0.5127249608381441
34.769279999995696,-2.0659927270010185,0.5165439778772992,1.3571711336027001,-0.020979534283040724,0.04318170878163153,0.04822145257192712,-1.4553786748469957,0.8057710006221204,1.8728597146571495,-0.11487780589261479,0.014290112292897228,0.06673885495743669,-1.744755341635629,0.6313631745875855,1.7821307389664467,-0.10484944082686563,0.09773021777040074,0.11473482822515728,0.09000117304571391,0.09000117304571391,0.0,0.10801903766416604,0.39695420164666584,-0.6647083229711678,0.010505450462262741,0.015701045100897086,-4.835647015719548,0,0.512628062616254
34.773439999995695,-2.066078250836208,0.5167307612021103,1.3573604804809514,-0.020525720445401043,0.04482799795464371,0.04544325078027072,-2.178762179445187,0.500267228062483,1.9114074706083004,0.1289387603761144,0.08355206284054978,0.2300230206351666,-1.9614944726349581,0.5659857036076955,1.847252394950331,0.012445145962753694,0.09177982149053161,0.1704749491179195,0.09000117304571391,0.09000117304571391,0.0,0.10719547929262058,0.393469563407969,-0.6541457474536511,0.010430775044182529,0.016242303300118586,-4.8358571965344685,0,0.5125210368551328
34.777599999995694,-2.0661618984290437,0.5169243423778174,1.3575384369883776,-0.020075422280611613,0.046459482169717244,0.04270956178231763,-1.6456851012693705,0.32418900914090854,1.4249286247157162,0.03351158282419727,-0.022987318592949592,0.15410183775591946,-1.8035177228244164,0.44503692802863387,1.6364116453888709,0.022904342932610258,0.03484761189855145,0.1605760133373404,0.09000117304571391,0.09000117304571391,0.0,0.10637708729243606,0.3900077846860702,-0.6437273373365242,0.010346084330791361,0.016846757232832372,-4.836067603274768,0,0.5124039880012453
34.78175999999569,-2.0662436843329366,0.5171246601218615,1.357705186050394,-0.01962861693426947,0.04807625857059259,0.04001977488391077,-1.6176755928666955,0.38836178884496986,1.6168033393223031,-0.052679845039254714,0.19970643705676935,0.11393792352029383,-1.7107044801851292,0.4171128155879463,1.6268467692973718,-0.01509918395892237,0.11800208000866295,0.13609315911395567,0.09000117304571391,0.09000117304571391,0.0,0.10556383043526849,0.3865687321645976,-0.633451194705319,0.010256858142712523,0.017479822992921168,-4.836278203227695,0,0.5122770200620157
34.78591999999569,-2.066323623006801,0.5173316535535019,1.3578609080822979,-0.019185281727410367,0.049678423593687585,0.03737328765694099,-2.3520346110721424,0.37203507740015096,1.0388466282148547,0.032668252767410776,0.08710673222371526,-0.12125032004183282,-2.0313063225217705,0.3947531694737564,1.3325928180039417,0.008896017619740848,0.10334546476966279,0.006269015908496509,0.09000117304571391,0.09000117304571391,0.0,0.10475567774927924,0.3831522735424966,-0.6233154472314598,0.010165832277397487,0.018124228262657475,-4.836488964554825,0,0.5121402365863403
34.79007999999569,-2.0664017288157925,0.5175452621909378,1.358005781023252,-0.018745394158000566,0.05126607298462271,0.0347695058289648,-1.7232168349163377,0.9899441899210364,1.6211406207884753,-0.046744330336223716,0.0866721662805923,-0.010888592004324252,-1.8773567414596557,0.6925328037954496,1.4768482444392164,-0.01887648090133686,0.09516198377844919,-0.0033443602787199636,0.09000117304571391,0.09000117304571391,0.0,0.10395259852328817,0.3797582775033345,-0.6133182478333239,0.010074370518677038,0.018771356368946154,-4.836699856272421,0,0.5119937406462162
34.79423999999569,-2.0664780160320513,0.5177654259485048,1.358139980369803,-0.018308931902074176,0.05283930181610195,0.032207843172244704,-2.172728002282797,0.4890056379071188,0.9255193720304979,-0.21667029426048892,-0.09719356336068621,0.0802933759627358,-2.0254954708378374,0.5905651195550886,1.201349164067955,-0.11758560705319007,-0.0007547267417132221,0.037408493408072487,0.09000117304571391,0.09000117304571391,0.0,0.10315456231029232,0.37638661368271625,-0.6034577743316427,0.00998315064421167,0.019416918315381754,-4.836910848232235,0,0.5118376348194282
34.79839999999569,-2.0665524988354447,0.5179920851339498,1.3582636792089369,-0.017875872814401828,0.05439820450677916,0.0296877213920966,-2.454231165243641,0.5692056776734393,1.6245707139165388,-0.14838141600366736,-0.1573666339915428,0.08280943275630323,-2.240175316030625,0.5795574600534483,1.4131373789061092,-0.1328041638976484,-0.07882414548304675,0.059030319913162516,0.09000117304571391,0.09000117304571391,0.0,0.10236153892842265,0.3730371526328987,-0.5937322291015876,0.009892507431745249,0.020058788802403985,-4.837121911102709,0,0.5116720211732402
34.80255999999569,-2.066625191314314,0.5182251804457859,1.358377048250664,-0.017446194928606943,0.05594287484067274,0.027208570014537324,-2.4326746693135615,-0.07216832789798,1.3289531286940373,-0.10008950418761464,0.11690906633074971,0.07248347289510987,-2.3366350298538703,0.2539329687273985,1.371199441760796,-0.11620518371618806,0.019128200677022023,0.0638261821491194,0.09000117304571391,0.09000117304571391,0.0,0.10157349846297128,0.3697097657868444,-0.5841398387204607,0.00980260416458944,0.020695924241608994,-4.837333016350594,0,0.5114970012490373
34.806719999995686,-2.0667218283274424,0.5183778844642396,1.3586238835496,-0.023192883150870425,0.03664896442887959,0.05924047174463436,-2.0504747020121505,0.46690374649939326,0.6651093239156364,0.02127252321237809,-0.10086908601066151,-0.07551393799121763,-2.193502395283759,0.3602310019710936,1.017958256778119,-0.05046690666742512,-0.050940569719358376,0.010570449772630119,0.09000117304571391,0.09000117304571391,0.0,0.11318193079309838,0.40820672204841113,-0.7132132842410964,0.010418568668826483,0.017041393700757232,-4.837544600740187,0,0.5114422753164379
34.810879999995684,-2.066816483087812,0.5185376480856949,1.3588582925138075,-0.022717142488724,0.03834326914926474,0.05625815140977271,-1.8612251091541014,0.8190147944478665,0.9799777195177538,-0.01135300607164967,0.001597944927377741,0.09634999493737348,-2.0273867763913054,0.5896277157614888,0.9991723129923967,-0.03007803507404626,-0.023849335937158368,0.05144222259223593,0.09000117304571391,0.09000117304571391,0.0,0.11232357941941745,0.4046529185223286,-0.7019681123562836,0.010675939579716083,0.015561057246355571,-4.83775662457145,0,0.5113769605911871
34.81503999999568,-2.0669091708779823,0.5187044083930616,1.3590804726594508,-0.02224506964078475,0.040022473768015925,0.053323234954352566,-1.9479759193220951,-0.10910377474546862,1.0049725047049882,0.00962469702899927,0.14378599900456862,-0.022761722207906926,-1.9876615005458065,0.24055632298697718,1.0020290035486832,-0.00987942191795404,0.05987530882782875,0.012470774385995205,0.09000117304571391,0.09000117304571391,0.0,0.11147060845977642,0.4011223669113945,-0.6908761734045409,0.010754513547128388,0.015164749294241938,-4.837969049175365,0,0.5113011641189624
34.81919999999568,-2.066999906880805,0.5188781028835621,1.3592906187943974,-0.02177664067750062,0.041686677720102844,0.05043507238720838,-1.9854553386608638,0.41295179775359137,1.4491415213485086,-0.08293078910953611,0.06252317521144789,-0.08311240487358659,-1.98673121241742,0.32688282593780094,1.2254185169354512,-0.046249147710439496,0.062394988444625495,-0.036755867790733865,0.09000117304571391,0.09000117304571391,0.0,0.11062298516101343,0.39761493052969754,-0.6799354476780304,0.010744184804420482,0.015307407375406125,-4.838181836890942,0,0.5112149925841953
34.82335999999568,-2.0670887061801415,0.5190586694655958,1.359488923054799,-0.02131183184075982,0.043335979688087035,0.047593022496416726,-2.489719490401142,0.7075623337359801,1.6042710557663955,0.005093419718431906,0.053709273622975645,0.27624245481984233,-2.238218533811952,0.5173349706542161,1.4154246584427785,-0.02045761563109308,0.05900797052336349,0.11845153998133601,0.09000117304571391,0.09000117304571391,0.0,0.10978067701493083,0.3941304737874369,-0.6691439426275538,0.010689896358714172,0.015716520413735956,-4.838394951042726,0,0.5111185522853853
34.82751999999568,-2.0671755837615815,0.5192460464556438,1.3596755749412046,-0.020850619545635864,0.04497047761150854,0.04479645273734925,-1.454920584693542,0.2817480514647969,1.037588142174434,0.008365362979270548,0.15042554006066486,-0.08882372305363992,-1.8465474561412771,0.39985073408508076,1.2263222450836284,-0.005674015386517617,0.10567700541219148,0.0132695283050907,0.09000117304571391,0.09000117304571391,0.0,0.10894365176157789,0.3906688621751231,-0.6584996925212507,0.010614115589133038,0.01625585286723897,-4.838608355918793,0,0.5110119491118016
34.83167999999568,-2.067260554513174,0.5194401725752196,1.3598507613542106,-0.020392980382275886,0.04659026869818184,0.042044739121418026,-2.1944382430196647,0.7139119803722473,1.0993551324737683,0.02661464886799306,0.12358902538809524,-0.1777136108205436,-2.0204410593548636,0.5571387971447244,1.1624716334705127,0.011013091514177757,0.11550665607325591,-0.08387942244214208,0.09000117304571391,0.09000117304571391,0.0,0.1081118773942506,0.38722996224410233,-0.6480007581068209,0.010528072048998353,0.016857306801357302,-4.838822016749208,0,0.5108952885215083
34.83583999999568,-2.067343633226165,0.5196409869478755,1.3600146666296484,-0.0199388911178147,0.04819544943743166,0.039337266105109306,-2.071982596615541,0.23047967763207505,1.7613249621616234,-0.013414718356008389,0.06267664285823765,0.09161723396326643,-2.04624107411947,0.3939355024053836,1.462096863209457,-0.0007264671077812823,0.08996764576842409,0.0020238837197249487,0.09000117304571391,0.09000117304571391,0.0,0.10728532216407233,0.3838136415829152,-0.6376452262715021,0.010437376369964963,0.01748685292869414,-4.839035899684955,0,0.51076867552064
34.839999999995676,-2.067424834595741,0.5198484290962722,1.3601674725733106,-0.019488328698188305,0.04978611561519018,0.03667342647894164,-1.957548554640741,0.8128011216440167,1.0634784043657135,-0.061102392468174976,0.043526540779595266,0.0683135715764198,-2.002022483464643,0.6034607123010124,1.2629295541448227,-0.03033427701251077,0.06726199730681065,0.03390495879180824,0.09000117304571391,0.09000117304571391,0.0,0.10646395458415465,0.3804197687899632,-0.6274312097027993,0.010344829717064404,0.018127496132298887,-4.839249971777322,0,0.5106322146438694
34.844159999995675,-2.0675041732217814,0.520062438939317,1.3603093584952106,-0.01904127024971124,0.05136236233076488,0.03405262125602006,-2.596654408729003,0.22301447412196052,1.3253006728030146,-0.034583443290794005,0.13589839433550788,0.1253039526901888,-2.2994145040846075,0.4135172837721855,1.2943788870924133,-0.032475656198225844,0.10172581361329008,0.07829620901610983,0.09000117304571391,0.09000117304571391,0.0,0.10564774343355138,0.37704821344295647,-0.617356846543333,0.010251828519110745,0.018770758231050923,-4.839464200957728,0,0.5104860099360011
34.848319999995674,-2.067581663609616,0.5202829567893794,1.3604405012433771,-0.01859769308028284,0.05292428401497854,0.03147425955996696,-2.468966564318558,0.3031692834633112,1.2020671996366172,-0.007776113757938578,0.17347092478681939,-0.07150437610797433,-2.3842093257983055,0.35870273273180675,1.2480776465997792,-0.019439354251660164,0.13787901157689778,0.0014935934217464922,0.09000117304571391,0.09000117304571391,0.0,0.10483665776079112,0.3736988460652432,-0.6074203000440754,0.010159066836666026,0.01941241936635646,-4.839678556017985,0,0.5103301649346331
34.85247999999567,-2.067657320170783,0.5205099233495848,1.3605610752371775,-0.01815757468010154,0.05447197444929088,0.02893775851209973,-2.451954168380859,0.12500436380849606,1.0673022817499733,-0.01962079468742549,0.06971359319159565,0.13450805194569065,-2.41812217062029,0.24199643155901657,1.1579718742732057,-0.01994415755530092,0.10403322354481295,0.06635638701186355,0.09000117304571391,0.09000117304571391,0.0,0.10403066688570439,0.3703715380901377,-0.5976197582119058,0.01006688754863319,0.020050388699692025,-4.839893006590991,0,0.5101647826538318
34.85663999999567,-2.067752757378902,0.5206672671770779,1.3607994225463467,-0.022904929948568173,0.03776251859835811,0.0572033542005978,-1.7839960772614556,0.011898160090110577,1.3598766048976825,-0.10571814039964045,-0.035838997485465915,-0.15570076526943727,-2.1012697506102835,0.1268893166859018,1.2585722445150538,-0.06514651691222591,0.02536682179187908,-0.03044690614502373,0.09000117304571391,0.09000117304571391,0.0,0.11363603051303553,0.40368666191277497,-0.7115783726093886,0.01053909498698677,0.016932693882819556,-4.840107892672441,0,0.5101046551239987
34.86079999999567,-2.067846204683536,0.520831591334401,1.3610253734689044,-0.02242735311224196,0.039437797757567374,0.0542282214138281,-2.286432142657775,0.733113989869922,1.0565694232539449,-0.01988142078181769,0.03588182054470573,0.1464345595037539,-2.1938943142996474,0.43007862399956154,1.1578777579199173,-0.042171038489207356,0.031539388604983475,0.056175556108461075,0.09000117304571391,0.09000117304571391,0.0,0.11277279345004679,0.40016640995254704,-0.7003366228660665,0.010724699131575045,0.015717165032429162,-4.840323175275889,0,0.5100339618632105
34.86495999999567,-2.067937677451443,0.5210028335014814,1.3612391254484533,-0.02195346429762311,0.04109812009926588,0.05130047509172825,-2.1122231041149857,0.6271144774747716,0.9402586055330453,0.03762577967067195,0.10711653531776502,0.04886016830884133,-2.152978588205269,0.5288185593383683,1.0491730964556831,-0.0028975267240330975,0.0703662689330639,0.05020560371918734,0.09000117304571391,0.09000117304571391,0.0,0.11191496971436908,0.39666920155606195,-0.6892481259115818,0.010767501692443022,0.015449678175086187,-4.8405388164331296,0,0.5099528106663282
34.86911999999567,-2.0680271909491257,0.5211809317683834,1.3614408732204741,-0.021483239443839397,0.04274358405648556,0.04841946528499928,-2.6689625157285835,0.5822071158115211,1.7735277854589235,-0.05909728169468015,-0.04715222844743735,0.007451434440427306,-2.41109684086309,0.5554140634822451,1.411373818322369,-0.031110324463634115,0.012130198035355118,0.02748013221374273,0.09000117304571391,0.09000117304571391,0.0,0.11106252637345398,0.39319490145177455,-0.6783108619891783,0.010739399371926271,0.0156531914427884,-4.8407547791714505,0,0.5098613089427472
34.87327999999567,-2.06811476034356,0.5213658246322063,1.3616308088489284,-0.021016654664226565,0.04437428731748745,0.045584550829005435,-1.6335903051808858,0.4132426922491915,0.7035029647626022,-0.0006309652117187717,0.019886501470521994,0.017050124532837937,-2.022341020111984,0.4843660565513661,1.057473836534661,-0.01511513575167194,0.017301217940416874,0.019893081052080708,0.09000117304571391,0.09000117304571391,0.0,0.11021543074473278,0.38974337545296744,-0.6675228385220382,0.010676336353346427,0.016089203857376114,-4.840971027491373,0,0.5097595636923621
34.877439999995666,-2.0682004007029278,0.5215574509940241,1.3618091217623929,-0.020553686248218437,0.04599032683627901,0.04279509923145364,-2.0138052029535904,-0.16275786168876416,1.502125243214466,-0.10079907711359827,-0.01729967574503722,0.08657777006106107,-2.0182823639427405,0.1607621270044007,1.2799852988624936,-0.05811847742920966,0.0007047022377393637,0.05199622136849077,0.09000117304571391,0.09000117304571391,0.0,0.1093736503989108,0.38631449043972677,-0.65688208977226,0.010596280548438933,0.0166384847252942,-4.841187526344876,0,0.5096476814828971
34.881599999995665,-2.068284126997358,0.5217557501558787,1.3619759987897284,-0.020094310663324552,0.04759179884511711,0.040050486560513104,-2.0329391237640553,0.6399499050304466,1.6649751125130838,0.07823694502801663,0.263240163949736,-0.010496714483662656,-2.025449364105888,0.40090488068983743,1.4724638478760645,0.010650718659150762,0.13292707684509764,0.019416501074502174,0.09000117304571391,0.09000117304571391,0.0,0.10853715316583448,0.3829081143370762,-0.646386676499505,0.010508211724120853,0.01724143833790196,-4.841404241614085,0,0.5095257684285337
34.88575999999566,-2.0683659540996793,0.5219606618178327,1.3621316241952826,-0.019638504557059292,0.04917879886896703,0.03735009733297879,-1.9572990799982604,0.8033902925904313,2.096960545019882,-0.006437333301589146,0.01899486690649789,-0.025123003649351612,-1.9913860082316033,0.602188014351123,1.7846666610197373,0.001566168077348962,0.07688062534111183,-0.0039802639552419476,0.09000117304571391,0.09000117304571391,0.0,0.10770590713865755,0.3795241160888877,-0.6360346856186732,0.01041661556887857,0.017868286324927006,-4.841621140090425,0,0.5093939301697697
34.88991999999566,-2.068445896786174,0.5221721260750901,1.3622761797136247,-0.019186244758690348,0.05075142174176945,0.03469332440212086,-2.426206091722279,0.7758321346141979,1.2727091370334425,0.0012628650307489366,0.12676584745447755,0.05087888233244822,-2.2087972287956648,0.6892739062585466,1.5287930987787477,0.0017813638294092015,0.10232615888776657,0.02202464807173726,0.09000117304571391,0.09000117304571391,0.0,0.10687988067780026,0.3761623656280942,-0.6258242298544681,0.010323730728889027,0.018504158834835728,-4.84183818945422,0,0.5092522718544432
34.89407999999566,-2.068523969737343,0.5223900834151912,1.362409844583812,-0.018737508280664682,0.05230976162425222,0.03207956884494176,-1.540978360590755,0.4720556299971704,1.371750507499406,0.06589229951678262,-0.006598700410753437,0.018633052738539484,-1.8747471017424,0.5806486771327681,1.4503108663550188,0.034329995671006655,0.04827744387381129,0.019653052225971288,0.09000117304571391,0.09000117304571391,0.0,0.10605904241491537,0.372822733843893,-0.61575344739306,0.010230672328899966,0.019141640128958626,-4.842055358254736,0,0.5091008981198621
34.89823999999566,-2.068600187538675,0.5226144747152868,1.3625327955831814,-0.01829227231957763,0.053853912022921696,0.02950823984866272,-2.2856382898560086,0.2910404265411866,1.5723309075552367,0.08947721442182865,-0.0019890849366976035,-0.11386879456916815,-2.0800082574656407,0.43583584868681025,1.5110873902566804,0.06132137011676452,0.02436842594022337,-0.04829817319522027,0.09000117304571391,0.09000117304571391,0.0,0.10524336125579102,0.369505092546468,-0.6058205015278435,0.010137993735349092,0.019777041382721287,-4.842272615890656,0,0.5089399130759811
34.90239999999566,-2.0686745646814106,0.5228452412394943,1.3626452070606665,-0.017850514256575897,0.055383965809790645,0.026978754596397994,-1.789361976984596,0.5726419424813511,0.8650047824919953,0.09355697842810295,0.21656491898069913,0.1749072035148146,-1.9344901552010714,0.504688185243349,1.1884074238572127,0.07823893736679809,0.1214720022385191,0.062301368084301534,0.09000117304571391,0.09000117304571391,0.0,0.10443280638133252,0.3662093144299749,-0.5960235803022746,0.010045967440432228,0.02040853709057197,-4.842489932590977,0,0.5087694202895696
34.90655999999566,-2.0687712968967675,0.5230031809828684,1.3628821602989314,-0.02321573168563156,0.03790553840978084,0.056868777183599596,-1.5306876062131778,0.5386155775445346,1.1657436123910268,0.12135868977843427,0.1412035362477494,-0.05245284828348618,-1.7323287496880508,0.521964028228941,1.176936260918908,0.09744818533255215,0.12258036769002706,0.019355870890320842,0.09000117304571391,0.09000117304571391,0.0,0.1152771696645018,0.4010642500872853,-0.7164861330745751,0.010611924934226798,0.017117714697511163,-4.842707715905134,0,0.508710187408285
34.910719999995656,-2.06886601048666,0.523168055423963,1.3631066321991034,-0.0227312615741231,0.03956986586273799,0.05387325604130318,-2.371837399481176,0.5392815780430973,1.1884907469790544,-0.11788342120804947,0.0539623391700928,-0.06860989457804638,-2.052332754390068,0.5307344885884085,1.1825744872466804,-0.010198661163553845,0.0886007046873607,-0.02635673924463336,0.09000117304571391,0.09000117304571391,0.0,0.11440139024258568,0.3975653863574322,-0.7051582621473603,0.010843670416563651,0.015813729653107105,-4.842925925716562,0,0.5086403486117151
34.914879999995655,-2.068958721041193,0.5233398026227208,1.3633188217149472,-0.022250533087961946,0.04121932770186356,0.05092548380249302,-2.244549464130524,0.5477534075946894,0.9514579750435002,-0.08122804700618226,0.001727753409790339,0.02984613124811493,-2.148611673924657,0.539247933910533,1.0670798041431038,-0.04558010920948033,0.045038494200293065,0.0002451427390410391,0.09000117304571391,0.09000117304571391,0.0,0.11353110302819809,0.3940894287437273,-0.6939848457638667,0.010908816401517467,0.015500138517180186,-4.843144522952716,0,0.5085600126806497
34.919039999995654,-2.0690494440487357,0.5235183610467194,1.3635189250708886,-0.021773521810339057,0.042854021759657676,0.04802480542590436,-1.944000435891583,0.6275117150415553,1.9222111573819083,0.034522102892661916,0.0007744396253583224,0.010476461324694729,-2.0462343515744172,0.583379515838212,1.4946752740998075,-0.004796812866514583,0.02412921983422366,0.004389416837557187,0.09000117304571391,0.09000117304571391,0.0,0.11266627459819242,0.390636242800103,-0.6829638482331841,0.010891164961958515,0.015678739590975557,-4.843363469561788,0,0.5084692880001532
34.92319999999565,-2.0691381948966576,0.523703669568081,1.3637071357989123,-0.021300203501296917,0.044474045126778376,0.045170574725698215,-2.043352514178418,0.46252895171605635,1.4134537176144895,0.1021854888533838,0.08273199155104052,-0.04810731219018119,-2.0445804506476395,0.5231233651991908,1.4539674579842823,0.04848591500536373,0.054438086680121435,-0.0235828926431883,0.09000117304571391,0.09000117304571391,0.0,0.11180687178219881,0.38720569516193815,-0.672093261265751,0.010832612933897715,0.016100451883492014,-4.84358272848992,0,0.5083682825353717
34.92735999999565,-2.069224988872073,0.5238956674604252,1.3638836447749885,-0.0208305540997021,0.046079494162583355,0.042362154258267656,-1.5866767637515489,0.33498668378766294,1.517877188420152,-0.06751108899910944,-0.12410396040301122,-0.06967490797973165,-1.8157668199123256,0.4287939850538901,1.4857817979387093,-0.009026352274447536,-0.03405682126034795,-0.048524926886638065,0.09000117304571391,0.09000117304571391,0.0,0.1109528616678529,0.38379765352796796,-0.6613711036289353,0.010754104521818665,0.016640754597226696,-4.843802263658918,0,0.5082571038087194
34.93151999999565,-2.0693098411625948,0.5240942943958738,1.364048640255028,-0.02036454972530627,0.04767046450769488,0.039598915209473375,-1.9631540227964284,0.5553609803049502,2.2469810067961493,-0.0994381243578653,0.05946500193908704,-0.058381831800881766,-1.8896688966260708,0.4922012054418728,1.8662682682567748,-0.05393048402733773,0.013106029792407069,-0.05488175865988582,0.09000117304571391,0.09000117304571391,0.0,0.11010421160581998,0.3804119866384059,-0.6507954208031272,0.010666107604477327,0.01723740687400613,-4.844022039944429,0,0.50813585887838
34.93567999999565,-2.069392766857098,0.5242994904421179,1.3642023079103693,-0.019902166680766577,0.04924705109855922,0.03688023728189802,-1.9473623578663322,0.8069299387384378,1.2369531312535968,0.06408181331005156,0.05516726153660689,0.1405390095603429,-1.9183839490399361,0.6496818857501935,1.5519021047651835,0.005648190906330834,0.03443926097670278,0.04113723531550207,0.09000117304571391,0.09000117304571391,0.0,0.10926088921440019,0.3770485642482536,-0.6403642846362093,0.010573851890887201,0.017859307671237026,-4.844242023154605,0,0.5080046543180525
34.93983999999565,-2.0694737809464874,0.5245111960595505,1.3643448308627932,-0.019443381453482282,0.050809348183847504,0.03420550858175398,-2.1796062678988104,0.6886761690349543,1.6039225904774193,-0.032331119819737034,0.0357790580183987,-2.8674406095732796e-05,-2.0490647981710137,0.6692490414155946,1.5779150188170272,-0.013043793208299934,0.03735854603026017,0.01941885648265169,0.09000117304571391,0.09000117304571391,0.0,0.10842286238371365,0.37370725709782104,-0.6300757929959719,0.0104799480013203,0.018490925703717485,-4.844462180009217,0,0.5078635961978766
34.94399999999565,-2.069552898324475,0.5247293520984774,1.3644763897190648,-0.018988170717100458,0.05235744934243251,0.03157412550515398,-2.7709250667082035,0.28527153417309614,1.3775894133106854,-0.07985851188227128,0.1674140729512879,0.029465980591226675,-2.4101661872581372,0.4776041419689266,1.4778146586096652,-0.04639868215612157,0.10318355655615791,0.02321278403548095,0.09000117304571391,0.09000117304571391,0.0,0.10759009928010688,0.3703879368790077,-0.6199280694183342,0.01038569701070648,0.01912451441853078,-4.844682478119223,0,0.5077127900664761
34.948159999995646,-2.069630133788361,0.5249538997964047,1.3645971626049964,-0.018536511332549542,0.05389144750256177,0.028985492623567873,-2.296876625512244,0.5969634830406803,1.2013067209872692,-0.016708399792288588,0.013353913290564255,0.04259249434030128,-2.353557099832093,0.5373122176011326,1.339649730576135,-0.030722051475950442,0.058373473156391485,0.03175484698418786,0.09000117304571391,0.09000117304571391,0.0,0.10676256834885489,0.36709047620006335,-0.6099192627492174,0.010291745223087925,0.019756219486711725,-4.844902885966779,0,0.5075523409340607
34.952319999995645,-2.069726037027213,0.5251152549395942,1.3648278430841754,-0.023016777324557692,0.038725234365471914,0.05536331500295364,-2.198403079044301,0.9174872275504975,1.2773376663059204,-0.07227075641504525,-0.07281741416053775,0.1396813230523731,-2.2761247355426417,0.7272654570780659,1.3087574336298018,-0.05370044165049124,-0.014201266811963667,0.09838695379630953,0.09000117304571391,0.09000117304571391,0.0,0.11583336339842124,0.3973101569885356,-0.716291682309216,0.010733756188326955,0.016945796050421204,-4.84512372715079,0,0.5074893685451829
34.95647999999564,-2.0698199121454377,0.5252834790165647,1.3650460467529548,-0.022530028373914306,0.04037377847290864,0.05236888050707555,-2.1924169921429297,0.7286278641832464,1.3940708054508817,0.0025174986362186715,0.08685791144624053,0.29202842498743664,-2.234263492030321,0.7281238556466564,1.3520245377815876,-0.026340244320507925,0.03799346049504111,0.19403617259753933,0.09000117304571391,0.09000117304571391,0.0,0.1149521805226845,0.3938395609014737,-0.7049493602391037,0.010903542257963599,0.015879051993745615,-4.845344962028712,0,0.5074157989020361
34.96063999999564,-2.0699117748272426,0.5254585105899328,1.3652519728097399,-0.022047043633212186,0.042007577608335074,0.04942225362843317,-2.335474517770392,0.5306790274150501,1.4313438111635945,-0.18035500894622875,0.11752021259577841,0.0065642157489487,-2.2852463688668827,0.6296434637500415,1.391701385033563,-0.10260565990822587,0.0782493108013781,0.09886864540826076,0.09000117304571391,0.09000117304571391,0.0,0.11407652569500416,0.3903916945215733,-0.6937617422609929,0.010937723263171821,0.01568114582484022,-4.845566551994249,0,0.5073317415148899
34.96479999999564,-2.070001640654484,0.5256402886264642,1.3654458177195803,-0.021567798537918226,0.04362672876754892,0.046522778361680346,-2.3150362846568013,0.5317227845723852,1.1799053132003268,0.04798057247459013,0.12260849703439361,-0.06868098666683695,-2.3000424280661345,0.5809354010850208,1.2856623399654352,-0.026989900034557576,0.10141658208455412,0.013504640381087125,0.09000117304571391,0.09000117304571391,0.0,0.11320636528980349,0.3869664245795885,-0.6827267895437639,0.010904604882442652,0.015914676650913052,-4.845788459454217,0,0.5072373054790079
34.96895999999564,-2.070089525107413,0.52582875249401,1.3656277752511412,-0.021092268702870866,0.045231328210991135,0.043669807574638446,-1.4324716471712637,0.04092994276826778,0.9855209660064426,-0.15615574279274344,-0.017509152574356375,0.04180576132121435,-1.8665763507262065,0.31089105431562436,1.1356791785512388,-0.0912834955593164,0.04264430767333205,0.02636905663652602,0.09000117304571391,0.09000117304571391,0.0,0.11234166593858777,0.3835636188782088,-0.6718424907158438,0.010838335703823733,0.016360963717197925,-4.846010647805883,0,0.5071325994508853
34.97311999999564,-2.070175443565431,0.5260238419584898,1.3657980365132019,-0.020620429924355345,0.046821471475166736,0.04086270289456672,-1.957989350301801,0.7409521355262625,1.6849085591065551,0.17171892841347755,-0.056942732075227105,-0.010124723902394196,-1.911927352492639,0.5258041454041876,1.4102774140529906,0.040697442763743236,-0.006171721840581039,0.007758521776004618,0.09000117304571391,0.09000117304571391,0.0,0.11148239453561123,0.3801831462723368,-0.6611068615210056,0.010755985759188999,0.016910686179184488,-4.846233081414817,0,0.5070177316258561
34.97727999999564,-2.0702594113078567,0.526225497180932,1.3659567899906797,-0.02015225818221847,0.04839725338613322,0.03810083459466165,-1.9798551163582978,0.3927756673295105,1.704087462820641,0.01666532720987566,-0.05210747282914916,-0.022459014740551973,-1.9458572215863208,0.45917883080754945,1.5571396415757788,0.028767181281630957,-0.028289101176450407,-0.008243297617638586,0.09000117304571391,0.09000117304571391,0.0,0.11062851824334022,0.376824876644934,-0.6505179444699686,0.010666085794492026,0.017509202991865175,-4.846455725593198,0,0.5068928097169975
34.98143999999564,-2.070341443514698,0.5264336587145778,1.3661042215801813,-0.019687729641882628,0.04995876807497604,0.035383581480392924,-2.058022770830303,1.015393505321042,1.4020666818874157,0.09683608124330803,0.11679312449530375,0.14600143579301808,-2.001739053112896,0.7375299566942202,1.4799098867454008,0.06264737817117433,0.04569955659617397,0.06688266769872546,0.09000117304571391,0.09000117304571391,0.0,0.10978000449600048,0.37348868087879783,-0.6400738084920727,0.01057289690795369,0.018129212857867283,-4.8466785465786035,0,0.5067579409352658
34.985599999995635,-2.0704215552674317,0.5266482675020573,1.3662405146250785,-0.019226820656114578,0.05150610899506598,0.03271033077531894,-2.689701927188867,0.8410897233987958,1.559010541758773,-0.13050497534043565,-0.08571486780677622,0.0527696842874065,-2.345997985324423,0.7891301530092489,1.5195752968596083,-0.03332279045352901,-0.018976377376893998,0.05753363113496715,0.09000117304571391,0.09000117304571391,0.0,0.10893682100484202,0.3701744308251179,-0.6297725485840346,0.01047854537212909,0.01875708420536803,-4.846901511513255,0,0.5066132319707992
34.989759999995634,-2.0704997615497915,0.5268692648726438,1.366365849950104,-0.018769507766390275,0.053039368940775794,0.030080478006127096,-2.043363307365954,0.7041614629387749,1.4562482608790177,0.07861364975695848,0.1263990030248936,0.05632450293140723,-2.1945157200575465,0.7469064887539276,1.4880324249073678,0.02297749640607169,0.05448620790022298,0.05503664421000924,0.09000117304571391,0.09000117304571391,0.0,0.10809893576127366,0.3668819992684321,-0.6196122854517111,0.010384090047789587,0.019386020181182375,-4.847124588423704,0,0.5064587889753227
34.99391999999563,-2.070576077248557,0.5270965925395906,1.3664804058954656,-0.01831576770372745,0.054558640067230116,0.02749342688678123,-2.120594772381013,0.05214208250569813,1.3971707003547635,0.13391399911897986,-0.050942550652430516,0.1090148193842373,-2.1572770782096415,0.39941139076007126,1.442830451741144,0.07886489744979752,0.0027759488073299003,0.08068686563095766,0.09000117304571391,0.09000117304571391,0.0,0.10726631703957458,0.36361125988984444,-0.6095911651495642,0.010290056093554437,0.020012641151638217,-4.8473477462009695,0,0.5062947175456004
34.99807999999563,-2.07067257959116,0.5272595344250101,1.3667081696979828,-0.02316056222476192,0.03910605250067285,0.05466331260413472,-1.9796241230189806,0.3397147448472913,1.137567542027236,-0.03410190676963122,-0.034629711976983016,-0.05491665887300909,-2.068515815751071,0.3695055606756975,1.2900560463265396,0.020238076291476694,-0.02310790739998121,0.025678976816618328,0.09000117304571391,0.09000117304571391,0.0,0.11706793661191309,0.3944030206618015,-0.719128165360498,0.010788953175787349,0.01713190185233445,-4.847571350559426,0,0.5062309503993
35.00223999999563,-2.0707670322771947,0.5274292944975267,1.3669234079772679,-0.02266864464828977,0.0407424174039955,0.05165718702841947,-2.3020176964867236,0.8341668854843192,1.7174295339621954,0.04489991839158615,-0.03611567034707986,0.2017469079531085,-2.185174902305178,0.6017625319829079,1.5041682084411325,0.03252067378703278,-0.028734382378930112,0.11235530147107498,0.09000117304571391,0.09000117304571391,0.0,0.11617697748618325,0.3909552860233011,-0.7077301078597326,0.01098669437013636,0.016027826114110397,-4.847795361200198,0,0.5061565653897737
35.00639999999563,-2.0708594511642624,0.5276058117260247,1.3671263209061892,-0.022180532896247645,0.042364134839510556,0.04869910294114397,-1.8050682351034602,0.3356064065951571,1.7181180632630046,-0.16273007953947963,0.15935756911175886,0.21276489155722336,-1.9954589716618252,0.46901307608321485,1.6115897319948302,-0.06432819624877753,0.06577553199582241,0.16132549178903421,0.09000117304571391,0.09000117304571391,0.0,0.11529160840833937,0.38753013611148224,-0.6964875482198984,0.011034369497643191,0.01580909811848999,-4.848019738876256,0,0.5060716728626165
35.01055999999563,-2.0709498520064673,0.5277890254808029,1.3673171059103848,-0.021696202129196346,0.043971301146758075,0.04578840100693073,-1.9534433552571981,0.528517673104513,0.9948447699871272,-0.16885297262887045,0.07432195314649512,-0.10638445957457587,-1.9748029447043507,0.4989179524836587,1.3029958801300965,-0.11616749985527476,0.07121470352331029,0.025457847972950733,0.09000117304571391,0.09000117304571391,0.0,0.11441179537421126,0.3841274385681662,-0.6853984371499617,0.011007519197607996,0.01603007969393358,-4.84824444536894,0,0.5059763827357324
35.01471999999563,-2.071038250455174,0.5279788755305286,1.367495957705432,-0.021215627689648305,0.04556401193417845,0.042924430811338884,-2.2837656007882834,0.25148865810024046,1.3729169792900977,-0.13548508885182725,-0.09310530737125719,0.1140412995275572,-2.1295682785872203,0.37500595299817446,1.3381961924279233,-0.12580638342150358,-0.009990142515697244,0.06874815689108904,0.09000117304571391,0.09000117304571391,0.0,0.11353750464112769,0.38074706210133924,-0.6744607529693486,0.010943909504227866,0.016467971331290195,-4.848469443464995,0,0.5058708044756252
35.018879999995626,-2.071124662059775,0.5281753020392406,1.367663068333542,-0.02073878510422204,0.04714236209086802,0.040106550746394805,-1.7459654473894126,1.0634927402360872,0.6285160182788144,0.027944736012609817,0.004617559209482099,0.025785720815194247,-1.9377078337346298,0.7192614238862917,0.9834071437366875,-0.048085137353945075,-0.0015597603737735255,0.04612971278630691,0.09000117304571391,0.09000117304571391,0.0,0.1126687027333809,0.377388876464611,-0.6636725012602745,0.010862419138118638,0.017011392694343232,-4.848694696934093,0,0.5057550470750609
35.023039999995625,-2.071209102268466,0.5283782455634091,1.3678186271997765,-0.020265650085823574,0.04870644580043191,0.037334127896278706,-2.135183597890337,-0.04251451683382568,1.4744402406750734,0.021939676753728793,0.1576964260998957,-0.06016617218703015,-2.036402083133291,0.33869536982881115,1.228804270541984,-0.012779392097797083,0.07842221122012231,-0.008110730687567312,0.09000117304571391,0.09000117304571391,0.0,0.111805356446845,0.3740527524325057,-0.6530317145171458,0.010772483155245583,0.01760467287829681,-4.848920170506841,0,0.505629219032036
35.027199999995624,-2.0712915864290316,0.5285876470490626,1.367962821107788,-0.01979619853571048,0.05025635655683604,0.034606537922764566,-2.3331640105710494,0.6345441533663116,0.9914296117452202,0.07722425397058537,-0.08284013890301563,-0.020361397489599406,-2.1846242632865684,0.4864490233242633,1.1100770404014635,0.03210321659001178,-0.001956594049721468,-0.016212194382937584,0.09000117304571391,0.09000117304571391,0.0,0.11094743285467222,0.3707385617713627,-0.6425364517960275,0.01067881477449837,0.01821999554261134,-4.849145829853266,0,0.5054934283299775
35.03135999999562,-2.071372129789637,0.5288034478289877,1.36809583429508,-0.01933040654527582,0.05179218718202993,0.031923164950058903,-2.932771627146541,0.5882641879968558,1.432839972526155,0.1265407352881467,0.1457288458403109,0.09418261952680346,-2.5584400274563635,0.5376584640157075,1.2716597431175833,0.07933907781779988,0.07282193091947622,0.03749667959296505,0.09000117304571391,0.09000117304571391,0.0,0.11009489931150165,0.3674461772070158,-0.6321847983581861,0.010583766294493348,0.018843471481352434,-4.849371641561761,0,0.5053477824191152
35.03551999999562,-2.071450747499626,0.5290255896200085,1.3682178484677834,-0.018868250397402524,0.05331402984499448,0.02928340144880595,-2.1228678018368843,1.0461867047407898,1.3758327207549124,0.06515317920956404,0.110335176325293,0.26290199410503357,-2.3405151985994026,0.7921532387007418,1.3242962441155577,0.07217422768969915,0.09272922636298142,0.14900458416668683,0.09000117304571391,0.09000117304571391,0.0,0.10924772345596352,0.3641754723892425,-0.621974865310476,0.010488509554859098,0.01946817491257125,-4.849597573118486,0,0.5051923881989575
35.03967999999562,-2.0715274546103233,0.5292540145203491,1.3683290428349464,-0.018409706567256393,0.05482197608176856,0.026686648119142748,-1.9760450626068213,0.3347175093160054,1.2373386344391712,0.016347478097559362,-0.12171361959343704,0.2402598228223685,-2.1582443549397783,0.5631771422751248,1.2813190481360834,0.04463803120993688,-0.013579285467689769,0.19343200900195973,0.09000117304571391,0.09000117304571391,0.0,0.10840587321468473,0.36092632185431633,-0.6119047892384963,0.0103936261695984,0.020090661627391267,-4.8498235928872235,0,0.5050273520018185
35.04383999999562,-2.0716256803417727,0.5294172182552703,1.3685561670730015,-0.023574175547873655,0.03916889638109427,0.05450981713325709,-1.9541542781859231,0.340159341139742,1.1608954411455827,-0.17091911967202394,0.1502874511471157,-0.19741148324107388,-2.056548020689818,0.451996133230635,1.2206658600086793,-0.0657110352896481,0.060237367512411766,0.012427619649918528,0.09000117304571391,0.09000117304571391,0.0,0.11884958969247655,0.39211944764800843,-0.7240571916566529,0.01094204826511045,0.017157998427320534,-4.850050103523504,0,0.5049649235514991
35.04799999999562,-2.0717218251766636,0.5295872004837472,1.3687706803266295,-0.02307476037377709,0.04079573483443654,0.05148318087069399,-2.0613390582455953,0.22624251963140085,0.9208036348115196,-0.04037637211815378,0.009275832675643199,0.05335171889269108,-2.0590285333773086,0.3391351708812502,1.070847284408492,-0.0525747264838662,0.03565869254373673,0.031124657084389752,0.09000117304571391,0.09000117304571391,0.0,0.11794530348956905,0.3886905742869925,-0.7125747848529457,0.01116366075370133,0.016026371245400184,-4.850277063270496,0,0.5048918346470891
35.05215999999562,-2.0718159052102605,0.5297639005096778,1.3689727842488861,-0.022579208063233654,0.04240800622333889,0.04850494134158457,-2.1160164270372293,0.65609535336233,0.8306008059889779,-0.020596600723622363,0.037708588958834555,-0.008876235136412246,-2.0875660610339324,0.4976935921166772,0.950706144163925,-0.0364233958488404,0.03779938769751244,0.01004854194885555,0.09000117304571391,0.09000117304571391,0.0,0.11704669059338521,0.3852841639467546,-0.7012490472241715,0.011222387951357611,0.015792291959081807,-4.850504431455764,0,0.504808196567629
35.056319999995615,-2.071907936432755,0.5299472580361904,1.3691626777248769,-0.022087493398681116,0.044005806363001984,0.04557443423778749,-2.681520526705254,0.5388639513335022,0.9967716215673108,-0.13356058059416875,0.1399529549954377,0.042722454156307224,-2.3848251864605268,0.518567760198861,0.9738298719751024,-0.08501737158314272,0.09002253260855868,0.025515348463638118,0.09000117304571391,0.09000117304571391,0.0,0.11615371647811479,0.3819000849866217,-0.6900779139349609,0.011200187716086708,0.016004036167590666,-4.85073216846713,0,0.5047141201559191
35.060479999995614,-2.071997934730035,0.5301372131626069,1.3693405569092134,-0.021599591347187013,0.045589230339969145,0.042691004240759514,-1.8207462057145625,0.4195490582107203,1.2617105468228613,0.16179272808618286,0.03477220453452366,-0.06825279658574346,-2.102445691061932,0.46912883565474706,1.1176314986164029,0.03859608677795222,0.06298071775439375,-0.02195829219563793,0.09000117304571391,0.09000117304571391,0.0,0.11526634688386098,0.3785382068294567,-0.6790593479743114,0.011138034661014182,0.01643576116958117,-4.850960235729037,0,0.5046097157946073
35.06463999999561,-2.0720859158844624,0.530333706381456,1.3695066152629896,-0.021115477062680302,0.04715837252381512,0.039854004906258775,-1.91718377026563,0.27131799769836895,1.6900374668794447,-0.13746143101200708,-0.025190468671796515,0.06760341234636372,-2.0101011732715937,0.370167806642211,1.4039811084590332,-0.04854474295192402,0.019780898413683464,0.02185170234545557,0.09000117304571391,0.09000117304571391,0.0,0.11438454782083365,0.3751983999410532,-0.6681913398044919,0.01105641176423281,0.016974564954795934,-4.851188595679438,0,0.5044950933836694
35.06879999999561,-2.0721718955756634,0.5305366785755434,1.3696610435902778,-0.020635125888229387,0.04871332658096222,0.037062798549212135,-1.67421865776734,0.6541282489531791,0.7945563395957361,-0.009072977618837325,0.015695595693348913,-0.15382677002677522,-1.842176052305318,0.5121814960977316,1.0989473255029145,-0.028996224932879264,0.018298728106916403,-0.0673327927389075,0.09000117304571391,0.09000117304571391,0.0,0.11350828557611706,0.3718805358055235,-0.6574719070095758,0.010965556176997827,0.017564015703124894,-4.8514172117471706,0,0.5043703623192082
35.07295999999561,-2.0722558893813225,0.5307460710150873,1.3698040300741459,-0.020158513358203737,0.050254185490531594,0.03431675612832299,-2.8572278843870187,0.20978171567671916,0.9882060482334879,-0.06471934851157725,0.28229990071545086,0.0651839368434519,-2.3498431318636896,0.36156596175009076,1.0437142068375105,-0.04712171872640433,0.15062077400288892,-0.0023879914536496655,0.09000117304571391,0.09000117304571391,0.0,0.11263752671745472,0.3685844868965107,-0.6468990939416808,0.010870582131034824,0.01817591653774942,-4.851646048329823,0,0.5042356314735055
35.07711999999561,-2.0723379127779897,0.530961825354929,1.3699357603121878,-0.01968561520016751,0.05178104156200489,0.031615257130063766,-1.9978110010076813,0.29538757481239275,1.459458195888795,-0.04615373578071281,0.07875211325081605,-0.021104894616736265,-2.1739198484899904,0.32863936463673254,1.2515467090568886,-0.04699987549638981,0.11504814384788939,-0.012464625008608255,0.09000117304571391,0.09000117304571391,0.0,0.1117722380987521,0.36531012664426943,-0.6364709713614828,0.010774042395311025,0.01879618790567424,-4.851875070772077,0,0.5040910091762574
35.08127999999561,-2.072417981141891,0.5311838836318221,1.3700564173515704,-0.0192164073363358,0.05329398645434584,0.028957689451810063,-1.9568579416170118,0.42335690101834367,1.2867986579744666,-0.010476008828381364,-0.00887499200776419,-0.07259669955223294,-2.0654087093855793,0.37597773839123455,1.2690257315781104,-0.028959817054057237,0.0543434792527335,-0.044354193622938305,0.09000117304571391,0.09000117304571391,0.0,0.11091238686366348,0.3620573294003199,-0.6261856360764196,0.01067720900740581,0.01941780877223435,-4.852104245344513,0,0.5039366031969296
35.08543999999561,-2.072515602700516,0.5313502269741545,1.3702777695470572,-0.023429174069976876,0.03992240215977052,0.05312452691684717,-2.0701503826353718,0.5600282808458041,1.419192531482082,0.0033399405275227577,-0.13832315775855133,-0.12941901906621867,-2.067767660875666,0.4677306284620514,1.3438171143887014,-0.015202409637062098,-0.04872803312374026,-0.07539869682557244,0.09000117304571391,0.09000117304571391,0.0,0.11944904434705682,0.3886770122891425,-0.7236719581477115,0.011092372756978587,0.01696170567664665,-4.852333882752598,0,0.5038706591915393
35.089599999995606,-2.07261113307431,0.531523288503904,1.3704865185017403,-0.022927289710585542,0.04153476713987126,0.05009974912397868,-2.0655077499546635,0.5866453909107401,1.1704340275330138,-0.179079594168999,0.14820125149800745,0.04730260028315647,-2.067010305036791,0.5274948635262344,1.2572258830847192,-0.09706555783599428,0.050797503058819714,-0.015564449722020918,0.09000117304571391,0.09000117304571391,0.0,0.11853919739843145,0.3852740529626843,-0.7121797042390159,0.011247285472214557,0.016065664564199125,-4.852563941574479,0,0.5037940639302688
35.093759999995605,-2.072704588455624,0.5317030079855455,1.3706828660333974,-0.02242929151542654,0.04313267559395346,0.04712340759771576,-1.9657734471681374,0.7918946081558578,1.6332034974841263,0.06942802154762219,0.1225132602452274,-0.08628635543237288,-2.016246629533535,0.6599506969776464,1.4450397826730264,-0.01389188371718976,0.08699363542036952,-0.05185110426198856,0.09000117304571391,0.09000117304571391,0.0,0.11763506024125461,0.3818933950714126,-0.7008443016166277,0.01127259372042528,0.015946705268688445,-4.852794381467874,0,0.5037069293444973
35.097919999995604,-2.072795984931107,0.5318893255795876,1.3708670111890204,-0.02193515411593819,0.04471622257009513,0.04419483734952058,-1.4572963100850964,0.6324939470002573,0.8867973573575944,-0.0019252040931856743,0.03188416614648179,0.02218370779478178,-1.7367728087333427,0.6462853705609509,1.165962864182195,-0.007310280988915107,0.06092217445452507,-0.015828477339359142,0.09000117304571391,0.09000117304571391,0.0,0.11673659814406484,0.37853490805402557,-0.6896636832045988,0.011233616432932938,0.0162133572145597,-4.853025163146001,0,0.5036093669115898
35.1020799999956,-2.0728853384824855,0.5320821818395637,1.3710391502823285,-0.021444852330774596,0.046285502394274876,0.04131338239393413,-2.159496391711394,0.6380948290777841,1.6251576691082372,-0.04134384811321971,0.06278869857317528,0.13851076527837736,-1.9482220807789035,0.6423187448542431,1.3958554189878798,-0.02503241337561799,0.06276713747774972,0.05948447982572667,0.09000117304571391,0.09000117304571391,0.0,0.11584377664517856,0.3751984624026886,-0.6786358097970274,0.011163008709094934,0.016669904461520408,-4.853256248354034,0,0.5035014876313978
35.1062399999956,-2.0729726649873528,0.532281517709076,1.371199476930798,-0.020958361168123045,0.04784060868293288,0.038478395632688456,-1.7862541491610582,0.708252709076373,0.5928257154921235,0.06608051404097195,0.09417680692521518,0.1241787140806846,-1.8670992630136625,0.6754817830649078,0.9945962648374038,0.02038693099205224,0.07860954429298568,0.0903711560512381,0.09000117304571391,0.09000117304571391,0.0,0.11495656155817649,0.37188392964079775,-0.6677586697054175,0.011077093721615784,0.017218508229843325,-4.853487599846054,0,0.5033834020041391
35.1103999999956,-2.0730579802199696,0.5324872745188995,1.3713481820922098,-0.020475655828009223,0.0493816343576747,0.0356892387387922,-1.921677803531126,0.7538939543120393,1.4129374702874709,-0.06083678616921176,0.12350701151704832,-0.09940065924031838,-1.8945157879661216,0.7149433167382635,1.2035667259506233,-0.020059112605585096,0.10201305383167573,-0.006272825178210207,0.09000117304571391,0.09000117304571391,0.0,0.1140749189780414,0.3685911822966781,-0.6570302784033064,0.010984028672464445,0.01781026816641644,-4.853719181362505,0,0.5032552200095826
35.1145599999956,-2.0731412998520713,0.5326993939841578,1.3714854541007104,-0.019996711704425393,0.050908671661973166,0.03294528204018348,-2.3098771803130154,0.796897541977617,1.845599613269541,-0.03064977742248353,-0.034482885753846775,-0.01941167346887418,-2.1022637373240545,0.7558469108562688,1.5245487985415265,-0.025067162204775468,0.03491271893790723,-0.013568449685098882,0.09000117304571391,0.09000117304571391,0.0,0.11319881528559556,0.3653200938724617,-0.6464486781681567,0.010887887774023428,0.018420752981545788,-4.853950957608135,0,0.5031170510874691
35.1187199999956,-2.073222639453684,0.5329178182015727,1.371611478702388,-0.019521504387119318,0.052421812179585615,0.030245904402621752,-2.050700889989768,-0.09653700084542383,1.4907028714376729,-0.01624055526166802,0.12515696478869406,-0.0361189743819443,-2.0765175843431516,0.3299078555635136,1.5075545115852547,-0.01976409794796642,0.08073000344674423,-0.02678477908228752,0.09000117304571391,0.09000117304571391,0.0,0.11232821715215947,0.3620705388104878,-0.6360119377202937,0.0107907037427465,0.01903776577146315,-4.854182894230406,0,0.5029690041191043
35.1228799999956,-2.073302014493946,0.5331424896467989,1.3717264390903532,-0.01905000966288091,0.0539211468542916,0.027590493111605517,-2.3598353147032554,1.0533134918281224,1.0110954222240678,-0.04814907776008767,-0.019973899346952692,0.009605032863417285,-2.218278659933139,0.6915730921862757,1.2593437935238339,-0.03391668056906493,0.030912648698713293,-0.009708896818731286,0.09000117304571391,0.09000117304571391,0.0,0.11146309154293524,0.3588423924559901,-0.6257181518528884,0.010693488548923661,0.019655226683941686,-4.854414957798377,0,0.5028111874100583
35.127039999995596,-2.073400016932339,0.5333110295113953,1.3719438767192613,-0.023520585214325134,0.040449567503137,0.052185030937942266,-2.205777715263506,0.3726065015539862,1.9052365024706028,-0.11189453569535107,-0.025206685260195046,0.1189916195722504,-2.2122567468641154,0.5320497680504254,1.5825150487934116,-0.07486754946372082,-0.004179193374663256,0.06767244511709018,0.09000117304571391,0.09000117304571391,0.0,0.12051657385203829,0.3856601894326347,-0.724906273338683,0.011150323012870427,0.017168859246291062,-4.854647490738067,0,0.5027433285510907
35.131199999995594,-2.073495909590525,0.5334862348065773,1.3721486903901607,-0.023014237964664442,0.04204927084368416,0.04915528101588003,-2.1961406823854897,0.3486889269619911,0.9927924467846226,-0.035320320731390034,0.20642427224370602,-0.031327951532062526,-2.2042717224478507,0.44079616593940174,1.2875886831944152,-0.05526218348920281,0.1017125038468157,0.0161479049222356,0.09000117304571391,0.09000117304571391,0.0,0.11959814910302116,0.3822804502020758,-0.713382293189153,0.011325641898644158,0.016255402727127114,-4.854880451131538,0,0.5026648122203602
35.13535999999559,-2.0735897088125332,0.53366804570935,1.3723410824724807,-0.02251181328197238,0.043634616665441245,0.04617409975675629,-2.3996419862390397,0.42833616114830014,1.226892585085298,-0.07575455615485624,0.25473444687451796,-0.18857981081514733,-2.3021153876750717,0.4350947785269135,1.2568511579716832,-0.06569989392640192,0.17876090653032256,-0.08773627622609687,0.09000117304571391,0.09000117304571391,0.0,0.1186854886241922,0.3789228664191623,-0.7020156342635135,0.011360728125005796,0.01612547068810572,-4.855113798152606,0,0.5025757510499653
35.13951999999559,-2.0736814308356992,0.5338564027899392,1.37252125255681,-0.022013285559847804,0.0452056993414131,0.043240820239031315,-1.3847148159210687,0.6907337050518043,1.8077924031867016,0.03222446878753066,0.17024257201719756,0.09816264297165872,-1.8433428791344428,0.5632674386260668,1.5325314839703137,-0.01615601488180032,0.1757965004418586,0.004396967944453215,0.09000117304571391,0.09000117304571391,0.0,0.11777855735780761,0.37558730846526545,-0.6908042233717343,0.011326218760557893,0.016384389295754767,-4.855347492042519,0,0.5024762572039618
35.14367999999559,-2.073771091791457,0.5340512470088057,1.372689397492533,-0.021518629381836046,0.046762612527956555,0.04035478457348898,-2.2628943071983567,0.5873700951152679,1.4949834186904116,-0.07523874169165207,0.09727685392495271,-0.020749507489123006,-2.0532782223934736,0.575521677178263,1.5137179283392777,-0.04559789687440151,0.13634521942628566,-0.010049024099361833,0.09000117304571391,0.09000117304571391,0.0,0.11687732052111394,0.3722736477669117,-0.6797460152881035,0.011257427935186035,0.016834840859699718,-4.855581494086155,0,0.5023664423550668
35.14783999999559,-2.0738587077061394,0.5342525197137136,1.3728457114249772,-0.021027819523816126,0.04830544917789902,0.037515343786650786,-1.9696255380795225,0.000969509981667227,1.887121687259813,-0.07892687547755248,0.08190466477502724,0.0015099894143913856,-2.0116163826145814,0.28841036787784946,1.700428575793835,-0.06181685725888306,0.10988074398294041,-0.005719680351372864,0.09000117304571391,0.09000117304571391,0.0,0.11598174361120545,0.3689817567728805,-0.6688389923944583,0.01117200829912389,0.01737818560488979,-4.8558157665887345,0,0.5022464176627368
35.15199999999559,-2.073944294501791,0.5344601626368628,1.3729903858320776,-0.0205408309563447,0.04983430155580629,0.03472185770404898,-2.2076690281394407,0.21864522494394334,1.5443803839324426,0.15009352288855696,-0.01878232006160277,0.02799639839708319,-2.109332570945059,0.25348732296821563,1.6224634138987872,0.04445359365945735,0.04599913435354931,0.010273441042570547,0.09000117304571391,0.09000117304571391,0.0,0.11509179241117343,0.3657115089260066,-0.6580811643234532,0.01107878175578667,0.017965122561228702,-4.856050272853029,0,0.5021162937525478
35.15615999999559,-2.074027867996986,0.5346741178920928,1.3731236095605481,-0.02005763884678211,0.05134926125521534,0.031973694832948596,-1.6686303080883573,-0.05897338346982761,1.4330485989373718,-0.07393419464112667,0.0739983032465068,0.10840068714016245,-1.8891344909070855,0.09740605768938791,1.527982950227469,-0.013600724788882069,0.06126630779264888,0.05798493843596496,0.09000117304571391,0.09000117304571391,0.0,0.11420743299455517,0.3624627786319229,-0.6474705675956611,0.010982154831409546,0.01857102001228112,-4.856284977157064,0,0.5019761806968077
35.160319999995586,-2.074109443907657,0.5348943279721659,1.3732455688615657,-0.01957821856103379,0.0528504192175218,0.02927023224422222,-2.4998095315027835,0.2646180288606668,1.294350693678087,-0.004222139774584103,0.20611466439663922,-0.188674383886623,-2.1944853677351497,0.18143903686972052,1.4107763603401497,-0.008767102156721416,0.1350703426501596,-0.06706497960936939,0.09000117304571391,0.09000117304571391,0.0,0.11332863173021836,0.35923544122350615,-0.6370052652554175,0.010884326362971226,0.019183580723834266,-4.856519844732305,0,0.5018261879963349
35.164479999995585,-2.0741890378479266,0.5351207357461328,1.3733564474259539,-0.019102545664742572,0.054337865752086954,0.02661085545318618,-1.904533937904633,0.2542315294842149,1.2720992100268904,0.060451116618456195,0.07510691664666977,0.08312314479086622,-2.049381412078455,0.21799073552728793,1.3416117629325182,0.025609061145424973,0.1057065993278799,0.007031630313435771,0.09000117304571391,0.09000117304571391,0.0,0.11245535528532827,0.3560293729235856,-0.6266833464972692,0.01078639134510136,0.019796674562623788,-4.856754841742308,0,0.5016664245633401
35.168639999995584,-2.0742887838726727,0.5352896560902426,1.3735732495647919,-0.023939045939078394,0.04054088258634094,0.05203251332110076,-0.8224438491498334,0.749869646348954,1.1929295752380826,-0.09747921612621155,0.06788462567970595,0.10319849030609105,-1.4361036390925845,0.4840897757913727,1.2674580616588944,-0.03744663532644787,0.079746554557983,0.06771496559468539,0.09000117304571391,0.09000117304571391,0.0,0.1222436034621199,0.3834986400108355,-0.7291833437309263,0.011299408340597698,0.017231978612459228,-4.856990352445971,0,0.5015996412583319
35.17279999999558,-2.0743863898217465,0.5354652042679,1.373777353601339,-0.02342542777774983,0.0421315626377912,0.048984968771272855,-1.6153514498537846,0.40408206899889443,1.5124345291857708,0.05611538943418156,-0.02565588288051717,0.10545679813699538,-1.525613199524926,0.44403014200308033,1.3901707309938325,0.009866516443788382,0.027945019693276774,0.08496098560518617,0.09000117304571391,0.09000117304571391,0.0,0.12131232687646773,0.3801366333968047,-0.7175859420992341,0.011501916264076819,0.016277867867284124,-4.857226333461204,0,0.5015221630808169
35.17695999999558,-2.074481872268356,0.5356473207710533,1.3739689631933785,-0.02291578718620312,0.04370796075678686,0.04598630208948263,-2.5897549855315454,0.25031631091126944,0.5111087420106109,-0.051293428132599045,0.0029118612563579227,0.022881422133831073,-2.057798149210224,0.34717639413651463,0.9506851994050265,-0.020747274931550822,0.016167357331148477,0.05199151963618523,0.09000117304571391,0.09000117304571391,0.0,0.12038689467666597,0.37679666809757595,-0.7061468819258716,0.011549702541841126,0.016126131734184417,-4.857462742530341,0,0.5014341035054156
35.18111999999558,-2.0745752476774983,0.5358359464828146,1.3741482792018185,-0.022410098194215685,0.04527017082272637,0.04303584202562791,-1.7410726694739858,0.21683890266220823,1.1328779569902319,-0.17694767660336816,-0.0675083637643949,0.17242090107311686,-1.8998003574190834,0.28186524697700904,1.042143564559226,-0.09926141429630872,-0.025148750432358324,0.1111978739222819,0.09000117304571391,0.09000117304571391,0.0,0.11946727130372903,0.37347861517037295,-0.694864076490082,0.011520656465326446,0.016372684231594093,-4.857699538495138,0,0.5013355755306214
35.18527999999558,-2.074666532406766,0.5360310226744851,1.3743154997285758,-0.021908335024170087,0.046818286000901876,0.04013292642178343,-2.108450148135688,0.428104950868748,1.0931280021894867,-0.006908586826431584,0.09388530705424915,0.034321987848660314,-2.004140387949409,0.35518171220969397,1.0677110679414419,-0.053424857444409404,0.03421099059962686,0.07106313337579598,0.09000117304571391,0.09000117304571391,0.0,0.11855342147770823,0.3701823467147103,-0.6837354672216198,0.011453718243315113,0.01681550152389412,-4.8579366812723155,0,0.5012266916553406
35.18943999999558,-2.0747557427071555,0.5362324910026334,1.374470820153971,-0.021410472093520913,0.04835239875558288,0.03727690209486511,-2.183163374450205,1.1810929803855272,1.5033839982248332,-0.06828345039687841,0.03266030720946174,0.02174207236395747,-2.093794810184079,0.7682085604271646,1.2855978894481728,-0.06102212889414144,0.03463671741813125,0.045403274303933656,0.09000117304571391,0.09000117304571391,0.0,0.11764531020213277,0.3669077358491605,-0.6727590233419454,0.01136835353148494,0.017353590691844063,-4.858174131829628,0,0.5011075638568233
35.19359999999558,-2.074842894723894,0.5364402935062387,1.374614433173634,-0.020916484017230445,0.04987260086527173,0.0344671247191501,-1.9859828475066856,0.060540703964206855,1.905584295528101,0.010536294991835386,0.10037465476424579,0.15866381404643165,-2.0398666451352176,0.41457764429258037,1.5959292428212977,-0.025013862152650373,0.067892096006144,0.10020109891763825,0.09000117304571391,0.09000117304571391,0.0,0.11674290277123947,0.3636546566835194,-0.6619327415045907,0.011274290700584243,0.01793647412133742,-4.858411852162438,0,0.5009783035699087
35.197759999995576,-2.074928004497269,0.5366543726039051,1.3747465288349183,-0.020426345609987448,0.051378983439952494,0.03170295870823791,-1.9798117548271963,0.4210536598838211,1.6762668023324756,-0.051551035242101986,0.054029271661988204,-0.029008804007320928,-2.0099459713666104,0.4179275453535699,1.6360414427949574,-0.03829663455563971,0.061217070054604125,0.034067887446574394,0.09000117304571391,0.09000117304571391,0.0,0.11584616477379284,0.36042298428721786,-0.651254645431917,0.011176389473840108,0.018538931701696692,-4.858649805270801,0,0.5008390216675179
35.201919999995575,-2.0750110879634693,0.5368746710911553,1.3748672945728189,-0.019940031888043858,0.052871636940020214,0.02898377709613815,-1.6917061682503702,0.7096340850745753,1.3709211525270317,0.0064608140481557386,0.21576544180483265,-0.04745575710382561,-1.8508103257225887,0.5642300690560382,1.5033828502172608,-0.015958713389809472,0.13923782400462004,-0.007705364920751444,0.09000117304571391,0.09000117304571391,0.0,0.11495506209819475,0.35721259465397126,-0.6407227855459001,0.011077075248865715,0.01914837192905983,-4.858887955137044,0,0.5006898284423261
35.20607999999557,-2.0751105953449516,0.5370459336158453,1.3750798476639006,-0.023881771555724303,0.04110300592560405,0.05101274185959,-1.843068544086688,0.8640533677860975,1.20685668431805,0.019145589413229157,-0.12355999773851921,-0.06939841612289355,-1.8468940218026422,0.7138994718523775,1.3549501436560305,-0.0010710421818681181,0.0017699521247909618,-0.02739155686866199,0.09000117304571391,0.09000117304571391,0.0,0.12295068259602532,0.3806163141293379,-0.7296175151856461,0.011465509282720627,0.01700808476073741,-4.859126598706339,0,0.5006206369824481
35.21023999999557,-2.0752079504249883,0.5372237735285824,1.3752796958885418,-0.02336521920880558,0.04268157905691122,0.047963573913916535,-2.0856298377241576,0.312821792520366,1.2382182052893764,-0.02840827557845712,0.04988502456222574,0.046969766908501735,-1.9663223985578977,0.5134590124615674,1.2966845783781118,-0.014877420877402554,0.02706140628452695,0.008089400389092463,0.09000117304571391,0.09000117304571391,0.0,0.12201327736571937,0.3772762684247247,-0.7180008421283683,0.011605542730367827,0.0162639641866943,-4.859365692722204,0,0.5005407509734168
35.21439999999557,-2.0753031698845,0.5374081317114312,1.3754670432370135,-0.022852670282863016,0.044245963883696664,0.04496336363319568,-2.1943377731453073,0.6004931827242118,1.48794587195239,-0.013055518745247456,0.09988627512992276,-0.07259581199084518,-2.0803599125305476,0.5571821944252231,1.3921677378142703,-0.013449183362154124,0.0645619956940901,-0.03329216999496345,0.09000117304571391,0.09000117304571391,0.0,0.12108175618827549,0.3739581265343441,-0.7065428109338294,0.011621911209865372,0.01621502643506805,-4.859605195052268,0,0.5004502845075647
35.21855999999557,-2.0753962702954984,0.5375989494349367,1.3756420908976905,-0.02234409863955215,0.0457962536413037,0.04201143856248306,-1.8719815120344367,0.6828061706252798,1.3875108488560832,-0.07367632141283613,0.03344294280090207,-0.023163151492081882,-1.9763213415881815,0.6200645228237517,1.3897922002042475,-0.04411531065922942,0.04905211208152843,-0.02876595081497431,0.09000117304571391,0.09000117304571391,0.0,0.12015608327545209,0.3706617604181943,-0.6952413310363379,0.011576978058236435,0.01651079880899784,-4.859845064663253,0,0.5003493511868069
35.22271999999557,-2.0754872681218965,0.5377961683551725,1.375805037295018,-0.021839478335549525,0.04733254085661151,0.03910713535854854,-2.0770988898393705,-0.008061170078317192,1.5071090156106561,-0.04692079843683744,0.20654977000916347,-0.04755446262131467,-2.02680906802398,0.3064269873384617,1.4483543948508355,-0.04520377957679233,0.1277481846928094,-0.03906197806684596,0.09000117304571391,0.09000117304571391,0.0,0.1192362231209822,0.3673870430699087,-0.6840943400844677,0.011501920458212017,0.016976063990498808,-4.860085261596509,0,0.5002380640994544
35.22687999999557,-2.0755761797203345,0.5379997305108466,1.3759560781269842,-0.02133878362507922,0.04885491736177626,0.03624979967189146,-1.6361550638303952,0.8216138409459248,1.2837302505431079,0.05929596813890217,-0.13940110556783425,-0.11029976337433706,-1.8313557143706414,0.5637320570842357,1.3658161559716733,0.006902814409128552,-0.004842002496948568,-0.07679465468996548,0.09000117304571391,0.09000117304571391,0.0,0.11832214050780332,0.36413384849200187,-0.6730998035792842,0.011412322505051186,0.017523232195657934,-4.860325746944057,0,0.5001165357984078
35.231039999995566,-2.0756630213410108,0.5382095783204721,1.3760954064021027,-0.020841988962352037,0.05036347431013668,0.033438786028474186,-2.379287503698882,0.6121861126445183,1.1876500399382,-0.14064389655711818,0.025948413007891254,0.14828261777570206,-2.105617305568182,0.5880118743442416,1.2770434353346942,-0.06718461777659761,0.011282839026575037,0.034209860021794915,0.09000117304571391,0.09000117304571391,0.0,0.11741380051230516,0.36090205166725936,-0.6622557145125901,0.01131597174334878,0.018108527255897934,-4.860566482825164,0,0.49998487828066174
35.235199999995565,-2.075747809128526,0.5384256545796141,1.3762232124758975,-0.020349069003748953,0.05185830219406776,0.03067345771076791,-2.0815620704325903,0.8830795670982535,1.323010608628835,-0.02804689382525567,0.07824236968642574,0.06234696480550216,-2.0936480437019958,0.7357089409136635,1.3001599201481513,-0.047528196948033036,0.04552111587980355,0.04688379888752837,0.09000117304571391,0.09000117304571391,0.0,0.11651116851093812,0.3576915285251959,-0.651560092999627,0.01121675743875002,0.01871007966264511,-4.8608074323634085,0,0.49984320296804546
35.239359999995564,-2.075830559122733,0.5386479024582159,1.3763396840868884,-0.019859998609556714,0.053339490864423474,0.027953186637829815,-2.1994055674546638,0.30123920434440066,1.1563494455762149,0.0074783585869767945,0.251004113004806,0.005821580450810986,-2.1465126399266614,0.5189908002207136,1.228269726711419,-0.01971633723672348,0.1493618641226626,0.024460123615280657,0.09000117304571391,0.09000117304571391,0.0,0.11561421018362444,0.3545021559062979,-0.6410109859057919,0.011116619716986948,0.019316973094004423,-4.8610485596642485,0,0.4996916206891344
35.24351999999556,-2.075930219730698,0.5388216591194822,1.3765478008212386,-0.023918545911627176,0.041701598703919804,0.049948016244053914,-2.186564164757468,1.283237047194928,1.9466257368647708,-0.08933328527079921,-0.030416681399833764,-0.013236996177995897,-2.1667193046157274,0.9010677397030254,1.5874030693288725,-0.05701523907997859,0.05384194624155171,0.016267689718490255,0.09000117304571391,0.09000117304571391,0.0,0.1238439735601648,0.3776414845024943,-0.7297556470311892,0.011526385393537335,0.01719684719953047,-4.861290179085449,0,0.4996198418202333
35.24767999999556,-2.0760277125080853,0.5390019410894714,1.3767432110959876,-0.023398266572932185,0.043267672797400895,0.046898465939746704,-2.3596330287599185,0.7803547358178422,1.382996647811174,-0.0611522376388125,-0.009579493958936931,0.07507809700400767,-2.2633046614713646,0.840688283984781,1.4853580922267429,-0.05910751635889236,0.023185442957582323,0.04398440455798275,0.09000117304571391,0.09000117304571391,0.0,0.12289924009805232,0.37432403487725724,-0.7181241282389326,0.011676733027878142,0.016460538853892415,-4.8615322470709055,0,0.4995373720323717
35.25183999999556,-2.076123054264989,0.5391886896515287,1.3769261191561155,-0.022882021656863538,0.044819654893726406,0.04389793443068093,-2.3014678190624545,1.250367576935289,1.816624862214324,-0.04631725935330739,-0.11524795004912086,0.15531646482146738,-2.2824845562084426,1.0452901491524886,1.6513201032333846,-0.05189080870984443,-0.045572498801605354,0.09807854387581891,0.09000117304571391,0.09000117304571391,0.0,0.12196043739173018,0.37102834782094807,-0.706651492206697,0.01169791049351477,0.016413256628899687,-4.861774721196715,0,0.4994443260017573
35.25599999999556,-2.0762162617017594,0.539381846474722,1.3770967264407623,-0.022369784824967414,0.046357637566383496,0.04094574831520432,-2.273992017647216,0.11149568489391987,1.4212311938109248,0.1043735971680357,0.05048038095911765,0.23862684915224128,-2.27802100755557,0.5784909047262805,1.5367722743191654,0.02617085638739492,0.0026765799123551347,0.1674306206899281,0.09000117304571391,0.09000117304571391,0.0,0.12102752937990763,0.36775429622079775,-0.6953356453288211,0.011655037213189928,0.016707623876919413,-4.8620175601459925,0,0.4993408178998207
35.26015999999556,-2.0763073514098283,0.5395813536109165,1.3772552316212592,-0.021861529936563144,0.04788171268667991,0.038041243319275574,-2.0873145445042884,0.8263182609713768,1.3672099665294988,-0.15744081688200098,0.034899762950905557,0.0013454874817930979,-2.1829929039106917,0.7024755408350166,1.4519967754772132,-0.06610886201790156,0.020404932220957538,0.08245466175662236,0.09000117304571391,0.09000117304571391,0.0,0.12010048028906598,0.3645017539878607,-0.6841745222646148,0.011580668371269913,0.017169971182955067,-4.862260723684225,0,0.4992269613703222
35.26431999999556,-2.076396339872542,0.5397871534919089,1.3774018306386666,-0.021357231051313246,0.04939197143817216,0.03518376417778603,-2.061323043632572,0.34203271433680343,1.7637552629041062,-0.06493609451423298,0.2914915454509815,0.07895619531325979,-2.1222935440729573,0.522856624674283,1.6080460472294282,-0.06487029813457088,0.15654379003793817,0.0789650566818964,0.09000117304571391,0.09000117304571391,0.0,0.11917925463877677,0.36127059603100403,-0.6731660855769941,0.011491077023417217,0.017713482594084805,-4.862504172635155,0,0.499102869507831
35.268479999995556,-2.0764832434660074,0.5399991889266307,1.3775367167408143,-0.020856862431664187,0.05088850433323072,0.032372664515445876,-2.1574060959661625,0.267560944436347,1.2184562258673306,-0.010207805401032876,0.05585580521213226,0.06006902801060367,-2.13987064802857,0.39532131008032756,1.4133774871419753,-0.03785491547310774,0.10710372188934685,0.06753003015733403,0.09000117304571391,0.09000117304571391,0.0,0.11826381724745695,0.3580606982263436,-0.6623083253644965,0.0113943951548472,0.018294768737982234,-4.86274786885719,0,0.49896865483750213
35.272639999995555,-2.0765680784599447,0.5402174030984285,1.377660080518843,-0.020360398544969256,0.05237140123147909,0.02960730672687609,-2.4142759564716414,1.3500538888980094,1.5726907439000568,0.12062924705601548,0.07984790354390497,0.0645192180131628,-2.2768267139565066,0.8728576464210274,1.493174527804737,0.04252953475432579,0.09478308413985638,0.06357283595564997,0.09000117304571391,0.09000117304571391,0.0,0.11735413323749254,0.354871937383402,-0.6515992588918028,0.011294684212776532,0.01889215338633512,-4.862991775220305,0,0.49882442929608317
35.27679999999555,-2.0766508610185492,0.5404417395624272,1.3777721099432416,-0.01986781406511234,0.053840751359713286,0.026887061855641253,-2.3125608465258867,0.51894499966296,1.3215452637605125,-0.0836640372464489,-0.016365661540676625,0.03838844929424778,-2.2948683453716927,0.6958641013545575,1.4074394951252045,-0.020416694603705703,0.03955485695855098,0.05052379538337212,0.09000117304571391,0.09000117304571391,0.0,0.11645016803994321,0.3517041912073922,-0.6410369302129801,0.011193970375823502,0.019494816740998216,-4.863235855583455,0,0.4986703042140818
35.28095999999555,-2.076751969883383,0.5406162820814733,1.3779790018751428,-0.024266127560171352,0.04189020457105972,0.049654063656259476,-1.9337640708990027,0.899744262524236,1.5850471236856323,-0.060288030447009554,-0.144887807759848,0.051393576786345735,-2.1144348657070253,0.7975172723804729,1.496327554780095,-0.0423755575935674,-0.05891816531677015,0.062448038334492216,0.09000117304571391,0.09000117304571391,0.0,0.12536200105354814,0.37546904530024394,-0.7328715555303844,0.011655959592747685,0.017299507190854456,-4.8634804634976225,0,0.4985988269923029
35.28511999999555,-2.0768508843044926,0.5407973120525489,1.3781731334692895,-0.02373946106627499,0.04344719305813692,0.046591582595234764,-1.3408676081963016,0.4142083314923227,1.5959816893978966,-0.19790982241924937,0.1485540723457703,-0.005764157385349099,-1.7280582990321192,0.606167442323178,1.5461462127581893,-0.11973439363495024,0.045605541086687545,0.026960233490830987,0.09000117304571391,0.09000117304571391,0.0,0.12440589445325732,0.3721690480072549,-0.721184394779713,0.011831621761702705,0.01652408575797095,-4.863725554168298,0,0.4985166321466235
35.28927999999555,-2.076947621294522,0.5409847710689295,1.3783547099460807,-0.02321687760704724,0.04499016393134629,0.04357835442989579,-2.5813115486563185,0.18414366773503738,0.8960518266169724,0.30141187804910774,-0.022165680172453947,0.10269147270032981,-2.1540647248614198,0.39510539274779977,1.2213113271308957,0.09117642231511858,0.012255691748664062,0.06325290173520146,0.09000117304571391,0.09000117304571391,0.0,0.12345578957795701,0.36889070182500316,-0.7096568959836063,0.011864666231042662,0.01645573864329728,-4.863971083961053,0,0.4984238350776163
35.29343999999555,-2.077042197755038,0.5411786011075667,1.3785239337063597,-0.022698350523892723,0.046519209272930274,0.04061370246695031,-1.9211700242671965,0.6573506923099113,1.691786267251219,0.0400321890576454,-0.011408562913945243,0.12154341451299704,-2.0375315573612003,0.5262044448663575,1.4568083393891174,0.0651643723868311,0.001244061132855819,0.09073876420327265,0.09000117304571391,0.09000117304571391,0.0,0.12251164992620506,0.36563388031687805,-0.6982869552335582,0.01182694312698432,0.01673807794001562,-4.864217010375775,0,0.4983205506724849
35.29759999999555,-2.077134630477366,0.5413787445261756,1.3786810043696376,-0.022183853358603272,0.048034420466151306,0.037696959186701295,-2.2368603664848443,0.15324073819015044,1.4127955837016823,0.013378577635034788,0.18218009458244044,0.11809465109093666,-2.1371683207352685,0.34009909965595087,1.4350497136698648,0.03869348690259737,0.09160979324378307,0.10324812488640646,0.09000117304571391,0.09000117304571391,0.0,0.12157343928877398,0.3623984580656673,-0.6870724970299307,0.011754372950595816,0.017192928529625597,-4.86446329202147,0,0.4982068932821074
35.30175999999555,-2.0772249361434327,0.5415851440603832,1.3788261188118196,-0.02167335985599649,0.0495358882098171,0.03482746612367895,-1.5693587039727923,1.2407919138358228,1.7496233311808953,-0.08322552971406459,0.09371910709239045,0.04380337971682312,-1.8534361648226174,0.7906440061949144,1.592433392141328,-0.020566138455623988,0.09397995928094703,0.07181838220390635,0.09000117304571391,0.09000117304571391,0.0,0.12064112175248348,0.35918431064753253,-0.6760114739181656,0.011664911379853832,0.01773122153342721,-4.864709888591588,0,0.49808297669946117
35.305919999995545,-2.077313131326626,0.5417977428209455,1.3789594712024313,-0.02116684396642822,0.05102370253495214,0.03200457374681133,-2.078117550091876,0.5065105781372093,0.904759833434224,0.03567417153162857,0.16451414030813943,-0.20085526103046497,-1.9657053805250253,0.6489137836875581,1.2481777485553516,0.00810439113475862,0.1310239822627184,-0.0662901150640664,0.09000117304571391,0.09000117304571391,0.0,0.11971466170810387,0.35599131460100464,-0.6651018661185832,0.011567531674175732,0.01830844104210607,-4.864956760839891,0,0.4979489141393547
35.310079999995544,-2.0773992324926596,0.5420164842910428,1.379081253041343,-0.02066427984797038,0.052497952823344254,0.029227641338772703,-1.9059822246536482,0.440757100667376,1.6709849891820914,0.016780113270853807,0.004055785956960156,0.02492197491930147,-1.935807734358609,0.5448412256912428,1.459640424888748,0.012081948075058078,0.0681230084858669,-0.022738490762363762,0.09000117304571391,0.09000117304571391,0.0,0.1187940238548513,0.3528193473929663,-0.6543416811544617,0.011466715880084598,0.01890234748472642,-4.8652038705568295,0,0.4978048182193971
35.31423999999554,-2.0775003661087927,0.5421926550201692,1.3792853167046428,-0.02427206787199887,0.04228097499035137,0.04897527919198218,-1.8870144720619642,0.8710014528448048,1.2096102733333431,-0.18260549286406172,0.11715490136636836,0.113358477631113,-1.9117872211392746,0.7081774080072596,1.3348385679970562,-0.08686240401231826,0.08777567885741427,0.05530937115175059,0.09000117304571391,0.09000117304571391,0.0,0.12612229694205018,0.37310987905364956,-0.7340710109791556,0.011820295961756707,0.017068374705742934,-4.865451494108148,0,0.4977319526114059
35.31839999999554,-2.0775992920813198,0.5423752719605519,1.3794765997186715,-0.02374223340650491,0.04382806569183601,0.04590792336688722,-2.286599584689636,0.17467463027202107,1.300487657142656,0.12070438096929714,0.20117771734700257,0.005687492381106898,-2.098945093090576,0.44183918088537233,1.3176778388640211,0.016969748875722404,0.1452141970637808,0.028993294133375785,0.09000117304571391,0.09000117304571391,0.0,0.12515985579623845,0.36982812208623417,-0.7223557741836197,0.01194150305921285,0.0164718491934718,-4.865699586675282,0,0.497648361487584
35.32255999999554,-2.0776960275347314,0.542564277029384,1.3796553077929508,-0.023216508818778642,0.045361216519712325,0.042889937827019005,-1.7582932024700966,0.17325061782320345,1.5892546502949623,-0.023644250400123076,0.18739633332696426,-0.11128188677446832,-1.9286658457565138,0.3079321170153942,1.453240455785183,-0.0033816149809787303,0.16663040690165706,-0.04294996985258141,0.09000117304571391,0.09000117304571391,0.0,0.12420345705953931,0.366567901416709,-0.710800610185796,0.011947072428280003,0.016491191906236144,-4.865948104602596,0,0.49755416083327825
35.32671999999554,-2.077790589481709,0.5427596125253324,1.3798216438103792,-0.02269486727468363,0.046880519027611436,0.03992064418283079,-1.700115561877622,0.9789134511923521,1.453344983946281,-0.019879493677342607,0.2693354765648549,0.09476281042391616,-1.8144302947978415,0.6439868871650426,1.4534935612893167,-0.011705716129198782,0.21836203613061858,0.024100812051023934,0.09000117304571391,0.09000117304571391,0.0,0.12325306399019748,0.36332909134562325,-0.6994034097277115,0.011895367102170692,0.016815632215008418,-4.866197005371553,0,0.4974494661094359
35.33087999999554,-2.07788299482397,0.5429612211256438,1.3799758078655608,-0.0221772821426046,0.04838606407471963,0.03699937324361628,-2.4785600297641324,0.8739068821912462,1.478457836875976,-0.12720755677446277,0.17458503888275703,-0.10545326715695207,-2.146764954150745,0.7593087568972757,1.465760221032267,-0.06918160363608954,0.1978555931108217,-0.04244077958088447,0.09000117304571391,0.09000117304571391,0.0,0.12230864014179244,0.36011156718619464,-0.6881620920405762,0.011815563989744343,0.01728980354009077,-4.866446247575421,0,0.49733439222978987
35.33503999999554,-2.0779732603531205,0.5431690458833136,1.3801179973026338,-0.021663726996121256,0.049877941840737475,0.03412546489749812,-2.323766669319528,0.9942111971419346,2.0328077760378225,0.08495760963593804,0.10981324039601753,-0.08688021120016573,-2.235091557158788,0.876988524748181,1.7491094819374517,0.008462939653521385,0.15456339439249653,-0.0657269405790568,0.09000117304571391,0.09000117304571391,0.0,0.12137014936772068,0.35691520523698284,-0.6770746044780975,0.011722246928209647,0.01783604117298164,-4.86669579089454,0,0.49720905353942335
35.339199999995536,-2.0780614027515227,0.543383030224326,1.3802484067525957,-0.02115417561652129,0.05135624184296901,0.0312982679908666,-1.8950219880835495,0.320673078891088,1.3947067653107972,0.047138728249551815,-0.02665218245777902,-0.20261979878947128,-2.064957061189569,0.5987702905042355,1.5714869769699975,0.028142342092098795,0.06453590874666876,-0.13549968269811055,0.09000117304571391,0.09000117304571391,0.0,0.12043755582953664,0.35373988275048873,-0.6661389221442288,0.011622703212982245,0.018415531191236224,-4.866945596072102,0,0.4970735637946394
35.343359999995535,-2.0781474385931684,0.5436031179449728,1.3803672281701245,-0.020648601994940743,0.05282105295524598,0.028517140206915884,-2.642305435628835,0.49916643530512694,1.7794484822737937,0.02620250568168747,-0.0412783972904947,-0.14922490489356943,-2.3535805459020107,0.5488796243157097,1.6751612922888908,0.027056163488560887,0.012685554550680113,-0.14355914203873846,0.09000117304571391,0.09000117304571391,0.0,0.11951082399974625,0.3505854778978851,-0.655353047518763,0.01152057186600805,0.019008884920173663,-4.867195624890467,0,0.496928036144065
35.347519999995534,-2.078248521228055,0.5437818540978666,1.3805667089339324,-0.02425983237278812,0.0428966766944983,0.047875383313913736,-1.6977336696641045,0.6667468520495674,1.369270407355418,-0.023317455988049983,0.13869583897644117,-0.009459920842224315,-2.0256989037081974,0.6081131455812774,1.5221741970386606,0.0008558823648823679,0.07058608450085027,-0.06698024112219621,0.09000117304571391,0.09000117304571391,0.0,0.12684594184651432,0.37028730316474595,-0.7335085535401968,0.011879005234785812,0.01723152778597309,-4.867446159320435,0,0.49685225580648124
35.35167999999553,-2.0783473836718236,0.543966987013664,1.380753419643145,-0.023726986504504447,0.0444318997913732,0.04481057021104395,-2.033543421167899,0.7743137278044037,1.4614262485679763,-0.01929061875099845,0.08080335894483864,0.010433097626740336,-2.029662808710415,0.691380384113066,1.491824682563155,-0.008510471628520902,0.07679239716128898,-0.029809657926921515,0.09000117304571391,0.09000117304571391,0.0,0.12587740471450476,0.3670268034683749,-0.7217897870184851,0.012002369755056684,0.016661146815959153,-4.86769715441885,0,0.49676575986505606
35.35583999999553,-2.078444043156062,0.544158458986885,1.38092756606328,-0.023198276217261535,0.045953273573038605,0.04179514083242876,-2.147891487030214,-0.28226497743443046,1.7600938399134474,-0.010215036225454813,0.057338868189413056,-0.005922787714636023,-2.0887999855695703,0.20467033691449088,1.6259503418044214,-0.008995564998287589,0.06697865897179112,-0.01859986605492506,0.09000117304571391,0.09000117304571391,0.0,0.1249149490399207,0.36378770773378694,-0.7102311790889018,0.012008751494934996,0.016691415363109266,-4.867948566409867,0,0.4966686647871638
35.35999999999553,-2.078538516799868,0.5443562126909184,1.3810893511320594,-0.022673674513333377,0.04746088896800677,0.03882841650703967,-1.9129073317404712,0.8781791254559927,1.1429857445051845,0.1508254199073565,0.045093915848063854,0.17139901737148133,-2.000538314140564,0.5415218653276411,1.3848239264614837,0.07071177636802306,0.05669776153944038,0.07506132637205769,0.09000117304571391,0.09000117304571391,0.0,0.12395853786033427,0.36056989113917304,-0.6988306195302135,0.011957188851406519,0.017019188877266875,-4.8682003526590165,0,0.4965610865018694
35.36415999999553,-2.0786308216107017,0.5445601911751563,1.381238974997765,-0.022153154600162102,0.04895483621711071,0.03590972776930112,-1.7258026204761772,0.8533008073666077,1.405079716305376,-0.12062038897180058,0.16125390752600183,-0.04954827970031881,-1.8634199709242314,0.6977466704976667,1.3948511322832955,-0.024682806216557773,0.1100514860184978,0.011693124070031006,0.09000117304571391,0.09000117304571391,0.0,0.12300813451160914,0.3573732298643047,-0.6875860266331939,0.011877196373943862,0.017492913700884162,-4.8684524716478235,0,0.49644314037745013
35.36831999999553,-2.078720974485256,0.5447703378621946,1.3813766350570915,-0.021636689893051463,0.050435204889192356,0.03303841423836162,-2.3866587047925294,0.3663966171369739,1.5115339945201216,-0.1391326645105186,0.18047334119913722,0.16387053313042033,-2.125332462489337,0.5324439556443475,1.4535373864331376,-0.08186608803788767,0.14561798325388936,0.08625235284045998,0.09000117304571391,0.09000117304571391,0.0,0.1220637026364554,0.35419760106168163,-0.6764953468314507,0.011783526679903308,0.018036831470565562,-4.8687048829489665,0,0.4963149412002848
35.37247999999553,-2.0788089922103294,0.5449865965451065,1.3815025259924942,-0.02112425401762194,0.051902083898859544,0.03021382449667311,-2.922794731570901,0.17381524298606804,1.460753051346819,-0.1367334404678715,0.05161564812559111,0.04500580766566556,-2.5243545057516084,0.3532321880773469,1.4572414144838906,-0.10885055813511643,0.09970990062812309,0.06441311754069541,0.09000117304571391,0.09000117304571391,0.0,0.1211252061878655,0.35104288282419016,-0.6655565543262493,0.011683551415731493,0.018613081321902532,-4.868957547201976,0,0.4961766031550354
35.376639999995525,-2.078894891463712,0.5452089113847981,1.3816168398090258,-0.02061582081184952,0.05335556152597218,0.02743531596755858,-1.9688622657569557,0.7328656192462897,1.3502848360604063,-0.19594512914811418,0.04148477589453006,0.03776513921623162,-2.2470133279593845,0.5431366215775513,1.4038431471073332,-0.1517820445150431,0.07119042194460762,0.050023435853299866,0.09000117304571391,0.09000117304571391,0.0,0.12019260943619278,0.34790895414808876,-0.6547676507074595,0.01158095174095439,0.019202750996283907,-4.869210426089452,0,0.4960282398060505
35.380799999995524,-2.078997030444321,0.5453887972685071,1.381814499112531,-0.024513355346128717,0.04317261209016811,0.047438232841227806,-1.8819884409191052,0.9874812549764386,1.2560691650057434,0.03610920380769037,-0.11484182167595593,0.11274802273882686,-2.0644184834419255,0.7650827838641601,1.3301679158453599,-0.060127924837062696,-0.02643172889138229,0.09182491436464389,0.09000117304571391,0.09000117304571391,0.0,0.1281023095831892,0.3681276047944806,-0.7355005199386764,0.011983486734945726,0.017362675481593377,-4.869463835025375,0,0.49595200226991326
35.38495999999552,-2.079096927234406,0.5455750422167803,1.3819993541044568,-0.023975229620403295,0.04469878758558668,0.04436519806221157,-1.6742274853729173,0.8377908695204417,1.1757075427210677,-0.18759073633106657,0.09037011238549084,0.05389008525403491,-1.8697103677794242,0.8016235329636308,1.2530512647785428,-0.1238846129188406,0.032812658348484465,0.07164508123512474,0.09000117304571391,0.09000117304571391,0.0,0.12712423015985316,0.364884117267239,-0.7237432468574927,0.012128253059700132,0.016759393117934136,-4.869717728121094,0,0.49586503309735946
35.38911999999552,-2.0791945992351772,0.5457675888261712,1.3821716112241433,-0.023441280185094233,0.046211186253803035,0.04134170872478353,-2.7879649529469037,0.8297316475630927,1.624710025688687,0.017975881223735043,0.10075185972064336,0.1789365704536517,-2.328807739217928,0.8158858658956901,1.439258306203727,-0.052462078864616714,0.06749050753365068,0.12390038146688342,0.09000117304571391,0.09000117304571391,0.0,0.12615229191367006,0.36166192588977536,-0.7121466795248262,0.012144692490642893,0.016771681524661314,-4.869972060676881,0,0.49576744935989
35.39327999999552,-2.0792900637342444,0.545966380070085,1.3823314740735821,-0.02291147977609689,0.04770989853932543,0.03836708386533402,-2.2916793933107753,0.49093677661596224,1.4425706845257946,0.13781907745848512,0.03090605376796097,-0.04755626787017185,-2.309958529695232,0.6534721804568089,1.4408169557175847,0.04357169453090918,0.04975390428748263,0.037532538303101284,0.09000117304571391,0.09000117304571391,0.0,0.1251864575165358,0.35846090650978757,-0.7007087005272924,0.012097521243554643,0.017088948207789122,-4.870226789155548,0,0.4956593675816976
35.39743999999552,-2.079383337906482,0.5461713592959304,1.382479143455908,-0.02238580133697778,0.049195014202905625,0.03544065175823577,-2.107685473668613,0.9711829779917934,1.0111322089128967,-0.022795571207509024,-0.04317841859409998,0.06139691657343685,-2.208869174790049,0.8122391417662136,1.226103003754618,0.010956997605215407,0.0037027771647925108,0.0476723916681313,0.09000117304571391,0.09000117304571391,0.0,0.1242266899437312,0.3552809359707081,-0.6894272210657147,0.012019092741918267,0.01755591546097625,-4.870481871156621,0,0.4955409037172209
35.40159999999552,-2.0794744388149056,0.5463824702223364,1.382614817413385,-0.02186421802170962,0.050666622337450014,0.0325617497944576,-2.070939802876157,0.2398528444304156,1.6517996359526144,-0.18842612559930633,0.07272591488166434,0.026660483996877395,-2.1402963338048204,0.5261910668755116,1.4390116361684544,-0.08829420891463857,0.0392623591086273,0.03626165479844729,0.09000117304571391,0.09000117304571391,0.0,0.12327295248013645,0.35212189208246075,-0.6783001805833608,0.011925579004243816,0.018094962819752397,-4.870737265391082,0,0.49541217313006913
35.40575999999552,-2.0795633834115606,0.5465996569364447,1.3827386912648827,-0.021346703197160147,0.052124811385984425,0.02972972435944123,-1.741352984138734,0.6923002678012122,1.752934782150577,0.02726484356030422,0.07790069385882811,0.054542791307405455,-1.9407672976033705,0.6094083086174136,1.596092378962176,-0.029492934558178488,0.05884459331597618,0.04370575894614006,0.09000117304571391,0.09000117304571391,0.0,0.12232520872645616,0.348983653588407,-0.6673255463885926,0.01182506134129904,0.018667298292752647,-4.870992931656637,0,0.4952732905732417
35.409919999995516,-2.079650188538415,0.5468228638912835,1.3828509576428407,-0.020833230445131693,0.05356966916131697,0.02694393070992826,-2.387454257506765,0.6152523032072373,1.9230172254037035,-0.01143044580838929,-0.09197754212537335,-0.012459906677008269,-2.164138164827918,0.6121380457688843,1.759534659016903,-0.0202288741331671,-0.016080589016402497,0.013950597191279746,0.09000117304571391,0.09000117304571391,0.0,0.1213834226031026,0.3458661001285266,-0.6565013132727778,0.011721575708162103,0.01925354398177993,-4.871248830813531,0,0.49512437017057354
35.414079999995515,-2.0797540804313157,0.5470032099661805,1.3830480414506396,-0.024934054296194004,0.043283057975267145,0.04730011387172317,-2.112532396857623,0.49575951138826846,1.3813325234589764,-0.035526921105699445,-0.1567197117272932,0.15730411567651903,-2.1384045700245764,0.5536329654094126,1.570738492818166,-0.029917914803121504,-0.09166768176292732,0.09506180119832038,0.09000117304571391,0.09000117304571391,0.0,0.129702105864301,0.36629194633337725,-0.7386477856970399,0.012156207093368374,0.017383891524263582,-4.871505302940842,0,0.4950488769862066
35.418239999995514,-2.0798557020450636,0.5471898831508305,1.383232266405205,-0.024389187299463,0.044801564316005016,0.044213989095703225,-1.9298056449400407,0.6509857997377253,1.6649054739476783,-0.04388899496773861,-0.11513053287194941,0.019914552366704055,-2.0341962444380477,0.602068791732294,1.6178675285189512,-0.036273244649809896,-0.10253021863904543,0.05582711696863981,0.09000117304571391,0.09000117304571391,0.0,0.12871224711618748,0.3630633934597255,-0.7268361786054054,0.012316121007995803,0.01676459359564641,-4.871762300714102,0,0.4949626233586295
35.42239999999551,-2.079955070990929,0.5473828263069773,1.3834038398992796,-0.023848547007748824,0.04630635747524682,0.04117763857789311,-2.2865229969116787,0.5966461191241058,1.6716814026699356,-0.014948571502297399,0.07936940189929101,0.2086913871746587,-2.160392459426684,0.5995209068859889,1.6452123003975396,-0.02562164646024292,-0.010824322566752349,0.1306212434716182,0.09000117304571391,0.09000117304571391,0.0,0.12772860265702798,0.3598560409301291,-0.7151860332311034,0.012339241450851626,0.016767657826574356,-4.872019778029823,0,0.4948657270298934
35.42655999999551,-2.0800522047651997,0.5475819826714852,1.383562966474909,-0.023312105824899305,0.04779752748189121,0.03819037815102562,-2.0878997906710857,-0.10618452234724507,1.346134295411316,0.032341554359007485,0.15037821052885061,0.056605516869488455,-2.1240777298898013,0.246972905439717,1.4957923475673995,0.003058894464888636,0.0712721143961021,0.09198104278909483,0.09000117304571391,0.09000117304571391,0.0,0.12675113470297067,0.35666976516128096,-0.7036952221452379,0.012294525714821853,0.01707910667341707,-4.872277689978457,0,0.4947583051877981
35.43071999999551,-2.0801471207500537,0.5477872958535002,1.3837098478621177,-0.022779836364983368,0.04927516368359607,0.0352515329301073,-1.5922651801028795,0.7012512185552504,1.3894218968535224,-0.06167595495494465,0.0318251396733259,0.17551821668280193,-1.8582961241922475,0.4741809578969171,1.4429745978329755,-0.029253247879906966,0.051781121867618844,0.13223100834500773,0.09000117304571391,0.09000117304571391,0.0,0.12577980577601758,0.3535044435623657,-0.6923616466716923,0.012216447725955877,0.017541969849281656,-4.87253599281793,0,0.49464047444334347
35.43487999999551,-2.08023983621445,0.547998709831678,1.3838446830170779,-0.022251711455105135,0.050739354762675076,0.03236043719041908,-2.1423017249464507,0.4203013669625939,0.9773775857911376,0.0014339146721092655,0.0305801213186516,-0.028473859707815116,-2.0002996147023,0.4473024904235696,1.2101184188994007,-0.013101270818038935,0.042095928506540536,0.04957607988537466,0.09000117304571391,0.09000117304571391,0.0,0.12481457871260065,0.3503599545059133,-0.6811832365129218,0.01212223971675471,0.018077780543277557,-4.872794643947744,0,0.4945123508095619
35.43903999999551,-2.0803303683150247,0.5482161689514865,1.3839676681597644,-0.02172770413796559,0.05219018875405794,0.029516434244778005,-2.270081043870676,0.8937804497505817,1.20059106006587,0.07967630306573348,-0.053358555838295976,0.11789680661613344,-2.135026111297806,0.6704304077397797,1.205603374537965,0.033098192867391914,-0.004085406223508139,0.08205885449230299,0.09000117304571391,0.09000117304571391,0.0,0.12385541666832196,0.3472361772944138,-0.6701579493701525,0.012020513066475173,0.018647323534295296,-4.873053601883632,0,0.49437404968165605
35.44319999999551,-2.080434566085508,0.5483976754917037,1.384162839635079,-0.02500746491600889,0.043561569652122566,0.04684115407551476,-2.0533458749623947,0.28645704098611485,1.4878642472709478,-0.2084222423284776,0.11685543365372159,-0.050328131642320736,-2.094614952338305,0.4786912753657752,1.346614521992216,-0.08956099168230569,0.05292392344992194,0.023847551429696016,0.09000117304571391,0.09000117304571391,0.0,0.13052964804869438,0.3643395647884875,-0.7401533990153902,0.012343106605763848,0.017122017750442448,-4.873313124886465,0,0.4942978155172409
35.447359999995506,-2.0805364791572396,0.5485854750428234,1.3843451264623208,-0.024459137215542538,0.04507189226873831,0.0437488385380434,-1.8801241886561966,0.6044486489786518,1.1970132226412094,-0.20600202155806974,0.14783711872813482,0.06207712689192489,-1.9877961422424912,0.5418772430353176,1.2719459901028949,-0.14796906721638572,0.10090145787490683,0.041014423229129154,0.09000117304571391,0.09000117304571391,0.0,0.12953314825890458,0.3611262792265545,-0.7283111748118298,0.01244666447841163,0.01667346684893559,-4.8735731654534815,0,0.49421080873223217
35.451519999995504,-2.0806361252591397,0.5487795107376476,1.3845147365692987,-0.023915064456056276,0.046568566757807635,0.04070642567472049,-1.910232988124236,0.3428778398276756,1.3033168208337804,-0.022829301622958223,-0.0008683062350003587,0.19861740018540375,-1.9490618450309922,0.4423725247272753,1.2880469412979327,-0.08524451912921396,0.05089732613530957,0.11874899297115914,0.09000117304571391,0.09000117304571391,0.0,0.1285429050187804,0.35793409751993166,-0.7166308510328128,0.012441273430208469,0.016760490072055677,-4.873833677309083,0,0.4941131476071063
35.4556799999955,-2.080733522004375,0.5489797260822735,1.3846718750255023,-0.023375218856385077,0.048051682710225675,0.037713229488871125,-2.0671582051826003,0.6859614832401918,0.8632523986027746,-0.019804795980538525,0.010718484261957609,0.05765841311423056,-2.0081518699018743,0.5641879633368693,1.0757710794508821,-0.052612982845967694,0.032271882048552226,0.08606587858414252,0.09000117304571391,0.09000117304571391,0.0,0.12755888029049173,0.35476289669374234,-0.7051102945030223,0.012381972081191964,0.017112515601082533,-4.874094615377645,0,0.49400494985929705
35.4598399999955,-2.08082868689124,0.5491860649532708,1.3848167440808876,-0.022839572847563206,0.049521329039344766,0.034768573292463946,-1.7593261989295397,0.847242778523607,1.3460233209288772,-0.07593594535635954,0.11357324595627893,-0.04463634074947891,-1.8838951033780382,0.7059535908217053,1.2108076722122338,-0.06433761512027035,0.07291246956352593,0.020038792487535293,0.09000117304571391,0.09000117304571391,0.0,0.12658103634557,0.35161255475956454,-0.6937474008824274,0.012296274975354883,0.017594275931215625,-4.874355935756905,0,0.4938863326207144
35.4639999999955,-2.080921637304055,0.5493984715949256,1.3849495432041523,-0.02230809907566176,0.05097759399714578,0.031871789583519786,-2.3992923132176216,0.6289099479167172,1.0963247576630026,0.030555897522204334,0.22685912390558954,-0.09857685166340473,-2.1415324445625847,0.6679011155248595,1.153363193706994,-0.01752915678752844,0.15082565084474864,-0.04061588347552296,0.09000117304571391,0.09000117304571391,0.0,0.12560933577285102,0.34848295068642865,-0.6825400942900465,0.012197934609258854,0.018138155562850644,-4.874617595691925,0,0.4937574124166469
35.4681599999955,-2.081012390514073,0.5496168906165608,1.385070469120497,-0.02178077040435354,0.05242056519245912,0.02902221992272431,-2.058173374180966,0.07837362304934614,1.451708315428933,-0.06466316690592379,0.13678159076331264,0.0846627364017925,-2.0999868817669456,0.3734166527735875,1.3027159980882026,-0.04106516372749136,0.14433008934080024,0.021024967718979704,0.09000117304571391,0.09000117304571391,0.0,0.12464374148429289,0.345373964366507,-0.6714863269236113,0.012093822450011633,0.018710364851419935,-4.874879553549604,0,0.49361830514597044
35.4723199999955,-2.0811164376387894,0.549801061221269,1.3852607565172896,-0.02497130993199505,0.04420094512997353,0.04566897523023499,-1.9586529791747753,0.7936713588206932,1.0037730704571737,0.07912745237163292,-0.07240014504058837,-0.10623381643694044,-2.0291517033374533,0.5834062471208594,1.1530047374721442,0.017746659482413277,0.031222977565916,-0.03454624124857888,0.09000117304571391,0.09000117304571391,0.0,0.13113909375246988,0.3616553788228601,-0.7387509203141007,0.012407598280458785,0.017269299874086666,-4.875142063438648,0,0.49353876123163987
35.4764799999955,-2.0812181895177853,0.5499914777740545,1.3854381844970527,-0.02442045095898642,0.045699972668526455,0.042582715143114264,-1.9049878454304447,0.8286459672574531,1.032628572327602,-0.030879709544327276,0.09736365405745753,-0.0714115652953252,-1.9671341567474305,0.7062294134098916,1.0926714346486317,-0.006071852556587181,0.06473309217402427,-0.05497493195668388,0.09000117304571391,0.09000117304571391,0.0,0.13013736211194843,0.35846210261752687,-0.7269183801864046,0.012506513285570859,0.016860805265013115,-4.875405077845039,0,0.49344846200397574
35.480639999995496,-2.081317663971547,0.5501880837626612,1.3856029608114255,-0.0238738689028093,0.04718543726558046,0.03954631544949727,-1.5209130604243182,0.0666033820214248,1.4076919201468714,-0.1695911456514277,-0.03216701663934625,-0.03515737918541298,-1.7443730491244198,0.38634396160214296,1.250114759879366,-0.08790839478066048,0.016795983893779603,-0.04699291597520107,0.09000117304571391,0.09000117304571391,0.0,0.12914192058774077,0.3552898063303187,-0.7152476462543139,0.012498569437048699,0.01696580844331097,-4.875668550483956,0,0.4933475261160876
35.484799999995495,-2.0814148787042375,0.5503908230456656,1.3857552903557797,-0.023331535845677123,0.048657427921063215,0.03655909064498919,-1.618743329473038,0.9009478251748271,1.487588558578944,-0.0008036263158896738,-0.09282031954488353,-0.06030654488618446,-1.6815606219901584,0.6434554476821722,1.3687304085949996,-0.04357288384736609,-0.037532453094621825,-0.054862273840825454,0.09000117304571391,0.09000117304571391,0.0,0.1281527309593007,0.3521383678176012,-0.7037365867925118,0.012437762923146464,0.017324791564490172,-4.875932436272538,0,0.49323607164433925
35.488959999995494,-2.0815098513045904,0.5505996398496855,1.3858953752079863,-0.022793424084670548,0.05011603296479393,0.03362036452957384,-1.8183773532460858,0.12323725908953653,1.0063815080028549,-0.16707793324840645,0.21167013052371875,0.09279174145564102,-1.750317497456442,0.3837824658041031,1.1877484270840746,-0.10530056668045487,0.08730055802286579,0.017993516359908993,0.09000117304571391,0.09000117304571391,0.0,0.12716975532043684,0.34900766590994803,-0.6923830988995585,0.012351087028597713,0.017808013998037393,-4.876196691303215,0,0.49311421606626477
35.49311999999549,-2.0816025992468177,0.5508144787666581,1.3860234146666708,-0.022259506134544332,0.05156134007342084,0.030729470084274103,-2.5555245383326812,0.13888728990865817,1.6818447185028187,0.06403818083653465,0.2360454633901678,0.10622237011277891,-2.1527931923143577,0.26182400844486003,1.4350241879699475,-0.02076822644325029,0.1617228535400776,0.06055481490118419,0.09000117304571391,0.09000117304571391,0.0,0.12619295608683923,0.34589758038112844,-0.681185108119674,0.01225203357834103,0.018350623570174085,-4.8764612728176235,0,0.49298207623985063
35.49727999999549,-2.081693139891527,0.5510352847511969,1.3861396052889494,-0.021729754730190076,0.052993436289304696,0.027885749346877417,-1.594798761448092,-0.02045743874278827,1.646142543059351,-0.004665422140593817,0.12730608575075014,-0.012858615840240561,-1.8738034234498215,0.12094503265042814,1.5405609638442364,-0.011925826545005095,0.14503111645864428,0.022474438919822353,0.09000117304571391,0.09000117304571391,0.0,0.12522229600169377,0.3428079919128538,-0.6701405680578422,0.0121473436630402,0.018920212189571805,-4.876726139181076,0,0.4928397683841081
35.50143999999549,-2.0817979780803246,0.5512209768367505,1.3863273283878392,-0.02516116531145525,0.04456610053286283,0.04505354373353712,-1.6911137904119418,0.6560172516379091,1.1373361933600061,-0.20041756957659468,-0.06315727151601502,0.17337048521043438,-1.7828714187437922,0.3883631784410166,1.3392882684697454,-0.10749277251764656,0.03630659371931401,0.10661314462796621,0.09000117304571391,0.09000117304571391,0.0,0.13220095346388555,0.35950398203169426,-0.7394849648652618,0.01249840997449459,0.01742826786872306,-4.876991573216455,0,0.49275896151520104
35.50559999999549,-2.08190050244927,0.5514128772519993,1.3865021797856245,-0.02460584854686713,0.046056099659706556,0.04196433546848281,-2.297239327636666,0.9396337149709708,0.9962041479211432,-0.061987186755806556,0.2828736406642409,-0.04603078592738571,-2.0401882311501303,0.6645884270051247,1.1676520514537325,-0.08458559352585124,0.16065437099436009,0.02838400214721066,0.09000117304571391,0.09000117304571391,0.0,0.13119106444215467,0.35632730772456467,-0.7276328833811819,0.012615413260600856,0.01699277368756568,-4.87725752668287,0,0.49266739496496226
35.50975999999549,-2.082000730963495,0.5516109297792696,1.3866643675739678,-0.024054843414034868,0.04753260654488379,0.03892506920239899,-2.5092326121133453,0.6854233168307167,1.5168226200970558,0.017717143440395447,0.11883263218975315,0.06476313640008417,-2.2746773893616425,0.6752507946466225,1.342377138188225,-0.03318268630568647,0.14089609051940655,0.04529526306753279,0.09000117304571391,0.09000117304571391,0.0,0.13018751664863287,0.35317150903306566,-0.7159428992058607,0.012615961705688294,0.017082729777117257,-4.877523952585629,0,0.4925651878622239
35.51391999999549,-2.0820986814708737,0.551815078569732,1.3868140969833105,-0.02350812177096918,0.04899570971097636,0.03593505824223158,-1.9534112075634833,0.9894517437092623,1.4227083146442412,0.10615252497651752,0.09850037794203101,-0.02985133015100496,-2.113821659010703,0.8325547962995322,1.3824841030839083,0.036669668071107116,0.12140763850284708,0.006330207103543191,0.09000117304571391,0.09000117304571391,0.0,0.12919027155684437,0.35003646447720194,-0.7044128768563337,0.012558854566400497,0.01743265456938724,-4.8777908051486465,0,0.4924524587494728
35.518079999995486,-2.0821943717029283,0.5520252681406294,1.386951570421714,-0.02296565569307225,0.05044549701537702,0.032993625216797856,-1.5506792517622356,0.5566497447199916,2.3477040171543875,0.03845035396592582,-0.1048923486856633,-0.1332742074023697,-1.8321675735341754,0.6943817822370203,1.8648259124532351,0.03805724938732123,0.008457055594823841,-0.0645712494926531,0.09000117304571391,0.09000117304571391,0.0,0.12819929095993765,0.3469220535433338,-0.6930407097299724,0.012473486623709555,0.01790982549309588,-4.878058039787433,0,0.4923293255609087
35.522239999995485,-2.0822878192757446,0.5522414433725775,1.3870769875131839,-0.022427417475949264,0.051882055667569454,0.030100101952784016,-2.8370589115424356,1.0480726595359449,1.2823199762681468,-0.0954576230561367,0.06620229075980379,-0.10186652303980992,-2.3348183326793053,0.8713655509296214,1.5733596942634378,-0.028927565868206124,0.03821251810694569,-0.08451734914240615,0.09000117304571391,0.09000117304571391,0.0,0.1272145369758711,0.3438281566523417,-0.6818243197222049,0.01237455041272974,0.018447899325585146,-4.87832561308267,0,0.4921959056018632
35.52639999999548,-2.082393001901112,0.5524277713277649,1.3872639361800778,-0.025243830088146325,0.04471870924495714,0.04486768005456322,-1.9121932961829304,0.8800101704865574,1.2490577442729938,-0.19850213185809396,0.03878433131583053,-0.013521648767119268,-2.1239135525026267,0.8757758579301249,1.411162645439686,-0.11475379650599724,0.03500440592735613,-0.04148456102096233,0.09000117304571391,0.09000117304571391,0.0,0.13296157178923446,0.3579914809860044,-0.7415501420921077,0.012646126148233261,0.017209173584067074,-4.8785937479380035,0,0.4921151170555162
35.53055999999548,-2.0824958574399886,0.5526202812404987,1.387437977429722,-0.024685329330376083,0.046202379056099585,0.04176989991464773,-2.284449625756047,0.6980782526952353,1.1908817394030526,0.05239048151982294,0.09377291268635357,0.012028105157113791,-2.20407525478401,0.7871201788732591,1.3010490957207612,-0.030464854582398566,0.06471087359003237,-0.016379291621574362,0.09000117304571391,0.09000117304571391,0.0,0.1319456357460839,0.35482687609902785,-0.7296612877163426,0.012723073536087037,0.016899216299755673,-4.878862395926117,0,0.49202355089470506
35.53471999999548,-2.0825964039649114,0.5528189171074348,1.3875993199983963,-0.024131165981479994,0.04767260806466207,0.03872221648179013,-2.6170548820416535,0.4669423347540608,1.3729249117888822,-0.14916400047757927,0.0243351502538771,-0.11491106733890527,-2.410878932108425,0.6270781564576096,1.3367536362774035,-0.08946202458917515,0.04523546564399708,-0.06811097896800457,0.09000117304571391,0.09000117304571391,0.0,0.1309360794085951,0.35168306994249954,-0.7179350452588159,0.01270328676599335,0.017050877603627564,-4.879131509872092,0,0.49192132674723793
35.53887999999548,-2.0826946594304485,0.5530236232926536,1.3877481697521092,-0.02358131172894782,0.0491294844525158,0.03572394089109963,-1.8337264230502184,0.8349294367268902,0.9441704162987992,-0.11359423451337222,0.04265206992427234,-0.05237299666081146,-2.1225366732377826,0.7310920860914152,1.1403536129997922,-0.10067955443914152,0.04484790814494064,-0.06181442753829455,0.09000117304571391,0.09000117304571391,0.0,0.12993286401559295,0.34855994150598135,-0.7063692724418926,0.012635708056982504,0.01743060086604796,-4.879401043825667,0,0.49180856364851183
35.54303999999548,-2.0827906416741118,0.5532343445248984,1.3878847297255676,-0.023035738479185382,0.05057309573872783,0.03277439362999582,-1.968820715025349,0.2058931337697945,1.0709199512628245,-0.057146539766953344,0.09292231642929852,-0.00414725523597053,-2.04579881623977,0.4686814184092115,1.105631234411742,-0.07779327233687182,0.06926293724765525,-0.03469838622788541,0.09000117304571391,0.09000117304571391,0.0,0.12893595112759768,0.3454573707420495,-0.6949618559636315,0.012544803631391332,0.017921625923584296,-4.879670953034083,0,0.4916853800195385
35.54719999999548,-2.0828843684172798,0.5534510258948856,1.3880092001606248,-0.02249441836035005,0.05200352879693873,0.029872904413710762,-2.1801122907679127,0.9645089050014686,1.8023837293244045,0.14557431937158358,-0.07024704230578413,-0.013732945173623747,-2.1126546500049526,0.7164514062626184,1.4539849098803224,0.03433157893161342,5.2136171914939035e-05,-0.024753921208368862,0.09000117304571391,0.09000117304571391,0.0,0.1279453026326585,0.34237523853434326,-0.6837107111137444,0.012442801705671198,0.018465590696487975,-4.879941193915512,0,0.49155189364633656
35.551359999995476,-2.082975857266133,0.5536736128526966,1.3881217785442073,-0.02195732372480657,0.05342086987463211,0.02701881205978162,-2.690642249694101,0.8350911803616202,1.2799948499668916,0.06665688684582868,0.09197946183070291,0.0915491405086031,-2.401514394164182,0.7759610810944715,1.367182535166351,0.050753854712905076,0.04714325095153801,0.03172974486633377,0.09000117304571391,0.09000117304571391,0.0,0.12696088075326684,0.33931342666126196,-0.6726137813850002,0.01233581148949733,0.019033332001867152,-4.880211724033061,0,0.49140822166061693
35.555519999995475,-2.0830820048263554,0.5538621979726108,1.3883045521221107,-0.025475414453409152,0.04526042877943032,0.04386565869684264,-2.099912485208,0.3612325769781869,0.8441690156101599,0.11298564190208801,0.08679781725715471,0.17857476323167532,-2.250473160324518,0.568782559525616,1.106025597938172,0.08034532899786112,0.06307532232726817,0.11377291873159887,0.09000117304571391,0.09000117304571391,0.0,0.1341144857025212,0.3554718789916853,-0.7406574812734636,0.012705620360327425,0.017588742177487036,-4.88048284302089,0,0.491324905000454
35.559679999995474,-2.0831858051161243,0.5540569209116943,1.3884744345300057,-0.024912069544484584,0.046733505380054,0.040771777894830774,-2.033329019683299,0.37125905583999896,1.2023482203435265,-0.08110398227668303,-0.08026876555003798,0.1420380681274627,-2.142068435282783,0.46985184629482935,1.1544860998019713,-0.0002868588542111792,-0.008288215968739899,0.12642193695422332,0.09000117304571391,0.09000117304571391,0.0,0.13308979058192372,0.352326281452001,-0.7287717727198839,0.012831010606994889,0.01717400047157873,-4.8807545014502836,0,0.4912308219472614
35.56383999999547,-2.0832872763629475,0.5542577260036111,1.3886316344440865,-0.024353099237579768,0.04819322206003544,0.03772797937938533,-2.5793544481569124,0.3410443262248074,1.3064544336183075,0.016011071656504932,-0.010651696663854501,0.061697631833848965,-2.360683503359282,0.4054246218945098,1.23060172398769,0.008969057084698808,-0.009273711153866143,0.09307118761726393,0.09000117304571391,0.09000117304571391,0.0,0.13207152964335528,0.3492013644210148,-0.717048666871498,0.012834777439958027,0.017271431652882405,-4.881026651167189,0,0.49112609251034234
35.56799999999547,-2.0833864366753847,0.5544645579471443,1.388776357670771,-0.023798474984908297,0.04963966644796673,0.03473357440428816,-2.0634181476658062,0.6350423367693103,1.2204047447964925,-0.10743298059180315,-0.23366778271617356,-0.025639549604590348,-2.212273742380334,0.5197477826190264,1.2254518343698728,-0.04848426105142492,-0.12084030345308958,0.032761332724170866,0.09000117304571391,0.09000117304571391,0.0,0.13105966380864156,0.34609700766188717,-0.7054860217473731,0.012778313553062004,0.017622216320781377,-4.8812992452640245,0,0.4910108360943721
35.57215999999547,-2.0834833040439715,0.5546773618034643,1.3889088071856688,-0.02324816846078725,0.05107292551678414,0.031787883575481235,-1.9897658891381411,0.4562185434015498,1.4862406723387855,-0.01398827365626614,0.05648055792109097,-0.051463312736563974,-2.101047107523897,0.48809883311396074,1.3557445368393612,-0.03135697317794693,-0.031535709404350236,-0.011028921661187293,0.09000117304571391,0.09000117304571391,0.0,0.13005415432610049,0.3430130918888708,-0.6940817243433238,0.012692310370311821,0.01809696283716508,-4.881572238052089,0,0.4908851714777429
35.57631999999547,-2.0835778963421565,0.5548960829934714,1.3890291831720263,-0.022702151564447555,0.05249308560169924,0.028890236725796156,-1.899944076754551,0.321382060028075,1.4027699098886592,0.0491266307782963,-0.06987971707653107,0.12249253722899381,-2.000391247993995,0.40459273621050557,1.379516260786006,0.008516661905108466,-0.05013018524676805,0.05383479806444995,0.09000117304571391,0.09000117304571391,0.0,0.1290549627772436,0.33994949873388514,-0.6828336902444458,0.012592108673135424,0.018630993296566076,-4.881845585034564,0,0.4907492167922619
35.58047999999547,-2.0836853001164006,0.5550845022714146,1.389212814310223,-0.02577690581854872,0.04522062670638372,0.0440714731671845,-1.7400420744146734,0.793149411202084,1.3161124498264194,0.03720418432847718,0.014455954843791204,0.04617657645524019,-1.8701344050533373,0.5989128151736671,1.3478941741498902,0.021391676832380458,-0.022146946875715185,0.057595439222652,0.09000117304571391,0.09000117304571391,0.0,0.13532173004145792,0.35432930640973004,-0.7442068450428211,0.012905058902758228,0.017358830333760122,-4.8821195415081275,0,0.49066742165528154
35.58463999999547,-2.0837903354335485,0.555279039554811,1.3893834924981385,-0.02520847611547356,0.04668894801511404,0.040962765099733574,-2.424661335662623,0.603067877702125,1.301189861291727,-0.11942742863375888,-0.11292829458250885,0.21092171992565328,-2.14765051906859,0.6007534978532639,1.3249845120460946,-0.04883439728956669,-0.06657489969098476,0.13227247775508463,0.09000117304571391,0.09000117304571391,0.0,0.134288084062344,0.3511934203507868,-0.7322641197209611,0.013001379034968907,0.01702959926810877,-4.882394057169736,0,0.4905748263029306
35.588799999995466,-2.0838930206810096,0.5554796393499529,1.3895414274141316,-0.02464445939069363,0.04814395083407986,0.03790437983833356,-1.9911384639204108,0.7786119530697582,0.853694105216646,-0.04561892926011893,0.07169734600622979,-0.07179767257136493,-2.069489192379192,0.6898310910511237,1.0891907285076765,-0.04678929213854898,0.0035175914415791413,0.02830076445988193,0.09000117304571391,0.09000117304571391,0.0,0.13326092811420326,0.3480781514471741,-0.720484778389539,0.012989975953338135,0.01716908971333872,-4.88266908301168,0,0.49047155132343684
35.592959999995465,-2.083993374126177,0.5556862465271596,1.3896868258528814,-0.024084826840194452,0.04958572252960241,0.03489562529993545,-1.7536485457244813,0.6970977574133025,1.7714920778710213,-0.10920791130970026,-0.24234420743038582,-0.005651066401698414,-1.9117936117070489,0.6929590172767659,1.4303390640413045,-0.07808910686220243,-0.11872973665104067,0.009095689856728846,0.09000117304571391,0.09000117304571391,0.0,0.13224022276443048,0.34498337981579064,-0.7088666686642531,0.012925298150608236,0.017540214657143765,-4.882944571292953,0,0.49035771669707146
35.59711999999546,-2.084091413917359,0.5558988063180461,1.3898198917645452,-0.02352954988364674,0.05101434981276377,0.03193581879929684,-1.8512149635859598,0.22087938278228147,1.6945514947064444,-0.04213891665889649,-0.02784710062711078,-0.0215455923134278,-1.881591981748468,0.45685818521295096,1.5624062256530715,-0.05989018387286427,-0.07339507208680218,-0.008103863809531195,0.09000117304571391,0.09000117304571391,0.0,0.1312259289086265,0.3419089865249712,-0.6974076672781006,0.012834564911823908,0.01802444862086008,-4.88322047551123,0,0.4902334417742843
35.60127999999546,-2.0841871580847227,0.5561172643128676,1.3899408262933926,-0.022978600167295065,0.05242991875714713,0.029024286923331335,-1.9838643729963616,0.8106576876257678,1.4043775783944759,-0.0582586495090647,0.0659520688518534,-0.05279251636924806,-1.932851023170517,0.6338964941175768,1.4832835265625388,-0.05861587264401405,-0.0032032319792990203,-0.03166533023380821,0.09000117304571391,0.09000117304571391,0.0,0.13021800777880305,0.338854853561434,-0.686105679694905,0.01273138090983138,0.018562546743489082,-4.883496750375451,0,0.49009884525521125
35.60543999999546,-2.0842950551568675,0.5563072679589149,1.3901216484722585,-0.025895297314812774,0.045600875051375535,0.04339732292783305,-2.050349950404254,1.0939101124242696,1.48905051835642,0.000860399562572764,0.07193297708713806,0.11183083093888173,-1.9915964481364328,0.8640611973164575,1.4863860696654279,-0.03035831077185426,0.03192865778606523,0.0466120064791748,0.09000117304571391,0.09000117304571391,0.0,0.13616864753420843,0.3523448252875387,-0.7442324250955707,0.013024291861981863,0.017384561373584594,-4.883773638279313,0,0.490015446703255
35.60959999999546,-2.084400568983081,0.5565033548798031,1.3902895177608854,-0.02532331829121229,0.047060861013150476,0.040288629270473685,-2.2255034220871117,0.8791425816918165,1.9667651720465775,-0.07137188985197564,-0.009478026452439378,0.08340427385402453,-2.108699547026769,0.871581501993034,1.726753878441904,-0.05109149831302732,0.011602549133098257,0.06432411309973607,0.09000117304571391,0.09000117304571391,0.0,0.13512837004731143,0.34922408700090474,-0.7322813308085094,0.013110159939136891,0.017100967545713504,-4.884051088490457,0,0.4899212496383557
35.61375999999546,-2.084503718068064,0.5567054698504773,1.390444643981263,-0.02475578039583474,0.04850759296183055,0.03723029289061002,-2.3076964908326665,0.45366974129386173,1.623480759218189,-0.06655544832743931,-0.03429813308021844,-0.02616985352110645,-2.2083395919727855,0.6625511819794044,1.6750648760919176,-0.057982379149896436,-0.011260124553932736,0.01777867403311466,0.09000117304571391,0.09000117304571391,0.0,0.13409462430977911,0.3461238711715233,-0.7204937592299531,0.013093102623160928,0.01726183667004836,-4.88432905158275,0,0.48981637503146314
35.61791999999546,-2.084604520795751,0.5569135580080838,1.3905872340694712,-0.024192654644907243,0.04994115782555829,0.03422162116996572,-2.292280449750598,0.9497806941177478,1.1535479059332827,-0.17055987187690755,0.10835154022557088,0.06009030403384289,-2.2506672516588284,0.8063904473941781,1.4144314100862736,-0.11335809420818754,0.04991737875257066,0.03716119440150034,0.09000117304571391,0.09000117304571391,0.0,0.1330673706453661,0.3430440585272363,-0.7088675562547222,0.01302517366485777,0.017642222555425274,-4.884607479407421,0,0.489700943236161
35.62207999999546,-2.084702995430254,0.5571275648492605,1.3907174921148733,-0.023633912280675306,0.05136164188239325,0.031261930896502955,-2.5267269761833906,0.2689005004144062,0.802669729302094,-0.015218779318000584,0.14302270206023446,0.16250297866436753,-2.3887299159975566,0.5379387737654235,1.1088878666799593,-0.06467182108223889,0.09666705236437499,0.09810443974974949,0.09000117304571391,0.09000117304571391,0.0,0.13204656971041884,0.3399845307388776,-0.6974005969235821,0.012932394937691143,0.018129670057322064,-4.884886325064815,0,0.48957507396699673
35.626239999995455,-2.0847991601168134,0.5573474362275039,1.390835619398782,-0.02307952477426747,0.05276913077842618,0.028350548138133702,-2.273483554268552,0.26198706703459285,1.0179467420341946,-0.03682770956804003,0.11892484344050565,0.12715092947451256,-2.331181940416857,0.40020767022359327,1.0636840324119448,-0.05103468594377031,0.10812121452747966,0.11123419463752089,0.09000117304571391,0.09000117304571391,0.0,0.13103218250123488,0.33694517038623684,-0.6860907850317395,0.012827772368600578,0.018667969406116862,-4.885165542876746,0,0.48943888627917326
35.630399999995454,-2.084907879109278,0.5575388882123722,1.3910138917165427,-0.02609255819149598,0.045948476368385505,0.042785356262556626,-2.022865975964808,0.48019197565335403,1.6797125329093852,-0.034898642617313284,0.07218489365780012,0.08550841294314859,-2.1770910792931333,0.44035950385428685,1.3718655794620336,-0.04455908703429427,0.08583803445681543,0.10552245503823347,0.09000117304571391,0.09000117304571391,0.0,0.13717662548652507,0.35041688829327605,-0.7444573653040272,0.013136858801664143,0.01748781828783824,-4.885445388625792,0,0.4893541562180489
35.63455999999545,-2.0850141972113025,0.5577363897456327,1.3911792076950853,-0.02551634448588748,0.04740036798251613,0.03967583485024517,-2.143187295879187,0.31990488253191784,1.6886794719373768,-0.046152077370747585,0.1419232905563491,0.08197929620259199,-2.160236579975911,0.3804262967903112,1.5304487018636153,-0.044569477559054,0.11399720422306135,0.09209603485662546,0.09000117304571391,0.09000117304571391,0.0,0.13612866933843648,0.3473109500329826,-0.7324952947608666,0.013230254057695788,0.01720175999819762,-4.8857258108675365,0,0.4892586270446641
35.63871999999545,-2.0851181330637147,0.5579398858646991,1.3913317773462248,-0.024944604578912132,0.04883906857594466,0.036616716273479705,-2.21111575701445,0.5942942850904658,1.4624520788762494,-0.05956555765487233,-0.025072007666845107,0.017188305870808055,-2.1858007016930503,0.48730708819621354,1.4964885084347814,-0.05193069951677229,0.045697746649628106,0.053280089701114065,0.09000117304571391,0.09000117304571391,0.0,0.13508729287727045,0.3442254415072006,-0.7206969196728308,0.013216404943939945,0.017360026451024496,-4.886006759480499,0,0.4891524201187528
35.64287999999545,-2.085219705185704,0.5581493219674131,1.391471807793013,-0.024377309277454726,0.05026466465134138,0.033607307229187366,-1.7032671384700058,0.5276346133121897,1.7445917171063452,0.14414941811373477,-0.030920104152427914,-0.0052345814915512046,-1.9442303751660013,0.5074036758412457,1.6205337914753644,0.04593246178522077,0.008905567382419018,0.022665544174321543,0.09000117304571391,0.09000117304571391,0.0,0.1340524561420724,0.34116024403549283,-0.7090600837523381,0.013149529834699409,0.017737751637413236,-4.8862881856369205,0,0.4890356561737801
35.64703999999545,-2.0853189319757743,0.5583646438093557,1.3915995033089745,-0.023814429616887085,0.05167724206623609,0.030646923830738953,-1.750986066237738,0.45057961976598077,1.5868368571958575,0.014934406149025168,-0.153389022561391,0.02858019901849535,-1.8475761356457068,0.47867115932100707,1.6037480971374782,0.03059423735334091,-0.07172831162824246,0.023909454886421568,0.09000117304571391,0.09000117304571391,0.0,0.13302411950959658,0.3381152398720783,-0.6975826598898843,0.013056732876032075,0.01822252043482371,-4.88657004177418,0,0.4889084552954365
35.65119999999545,-2.085428183389649,0.5585563855398417,1.3917776922343719,-0.0262203393299106,0.046018015316624,0.04276534209536574,-2.4637985645436014,0.05558625633690373,0.9882661075285216,-0.030155089920230204,-0.07500948897096064,-0.15543912597891724,-2.15575020993094,0.2669774046296015,1.2956680153809947,-0.0017834973392911449,-0.07705906278291451,-0.06023754325798342,0.09000117304571391,0.09000117304571391,0.0,0.13795290159866097,0.34926009018805615,-0.7466685818928637,0.013290388330891162,0.017264886223707792,-4.88685252356217,0,0.4888242245466625
35.65535999999545,-2.0855350203397762,0.5587541566811752,1.3919428864437369,-0.025640868030565995,0.047465073920058685,0.039646610247609654,-2.1840834096082875,0.817183818700457,1.5593481089075252,0.04513848895400038,0.05759633644906666,0.051220882430094386,-2.169823334727382,0.5422013251868425,1.4276197186936237,0.021777123032623646,-0.008328604845973909,-0.006089487625600811,0.09000117304571391,0.09000117304571391,0.0,0.13689893867013328,0.3461635638315319,-0.7346692452591002,0.013345711171881977,0.01708930813799438,-4.887135579277855,0,0.48872917409033406
35.659519999995446,-2.085639461573946,0.5589579024379658,1.392095296603058,-0.025065896200812385,0.04889898162973881,0.03657843823708571,-2.4313615764613807,0.18649495284954565,1.714470401555464,-0.1891600674608782,0.10419423791557612,0.10730114640792851,-2.300988014264848,0.3645619874071427,1.5712750700551374,-0.08354279819198417,0.04811003770394905,0.048281208039656326,0.09000117304571391,0.09000117304571391,0.0,0.13585159338643266,0.343087406797319,-0.7228341199256199,0.013312472637156254,0.0173020433879797,-4.887419158529288,0,0.4886234257356181
35.663679999995445,-2.0857415257175997,0.55916756837416,1.3922351304804361,-0.024495394476867893,0.05031982468660062,0.03356013057074368,-2.2466361087475457,0.793490283662484,1.1943451942924177,0.13836528252787303,-0.136422261347192,0.04592000445297129,-2.273524736756346,0.5787452089680604,1.3829077969325316,0.027806396787565368,-0.04406080404402557,0.04479752276150307,0.09000117304571391,0.09000117304571391,0.0,0.13481082555103546,0.34003150076324223,-0.711161042766451,0.013235553277338837,0.01770623856819377,-4.88770321222621,0,0.48850710066115005
35.667839999995444,-2.0858412312747863,0.5593831004103593,1.3923625929854457,-0.023929333724742416,0.051727688687834346,0.030591001202306144,-2.123690546939069,0.8594202185216566,1.9416509539489826,0.03187581940397816,-0.05230026088739922,0.13752801191163247,-2.1985399124710834,0.7189738678883304,1.6625725860082203,0.02965806334781059,-0.04720541693872324,0.08959579047716194,0.09000117304571391,0.09000117304571391,0.0,0.13377659530676927,0.33699572833998487,-0.6996478799271184,0.013137388287742323,0.018203484813053325,-4.887987692551277,0,0.48838031939344473
35.67199999999544,-2.08595017043476,0.5595770529965658,1.3925366156355943,-0.026145398393730153,0.04654862068956573,0.04176543603564616,-2.3672667066045983,0.6958445537527305,1.3685492921559548,0.0971390464292029,0.1343509481637524,0.044068940502483285,-2.282700078350565,0.7076932204243345,1.5156394148013808,0.06225683402815031,0.041289003263441745,0.07218650484628496,0.09000117304571391,0.09000117304571391,0.0,0.1383247665760036,0.3471765113272469,-0.744939318203458,0.013346101388717415,0.017352862866695865,-4.888272779626131,0,0.48829310091927647
35.67615999999544,-2.0860566887358387,0.5597769984361746,1.3926976743416943,-0.025564392258900483,0.04798690550610161,0.03865408946400936,-2.072785998507166,0.3602201308082032,1.3937279340228625,0.2505281087636646,0.16106731782595504,0.1924880210849874,-2.1772197696640077,0.5342890927145272,1.4550882923813118,0.1560396444358628,0.10125069765558271,0.12987654230863868,0.09000117304571391,0.09000117304571391,0.0,0.13726741040827234,0.34409538636729997,-0.7329571635059091,0.01338882648123618,0.017229185705810605,-4.888558421905059,0,0.48819508239917636
35.68031999999544,-2.0861608049847717,0.5599828822066708,1.3928459794631782,-0.024987899743904283,0.04941210491909124,0.03559322915613942,-2.2369339274776108,0.7928680628259931,2.011960082987934,-0.007627886430991954,0.05140604368995576,0.104736320192892,-2.207094010394354,0.6636861222997144,1.7337483673517708,0.0746386202014107,0.07690277010367197,0.11613745686749259,0.09000117304571391,0.09000117304571391,0.0,0.1362166938948815,0.3410345358239829,-0.7211390167394327,0.013349164218588115,0.01746627852666681,-4.8888445691713365,0,0.48808638586000835
35.68447999999544,-2.0862625378656103,0.5601946501429852,1.3929817384655345,-0.024415891401275674,0.05082430471544397,0.03258216056552547,-2.0707958226174124,-0.12956682361368776,0.7033141926857078,-0.021541707053029418,-0.014054745128568774,-0.003297500704870192,-2.138988763742721,0.2670247505084159,1.2185188201000914,0.026552138708503883,0.0314849355545244,0.05565383986206252,0.09000117304571391,0.09000117304571391,0.0,0.13517257673031696,0.33799384201355864,-0.7094827176622719,0.013268909819414549,0.01788107182542767,-4.889131172507867,0,0.48796713268728154
35.68863999999544,-2.086361905940675,0.5604122484348405,1.3931051559596208,-0.023848338015482334,0.05222359004526843,0.029620198580724937,-2.2181953095525277,1.0369482281150024,1.1786301010903333,0.0852845995253365,0.18318387753686433,0.002802638727798616,-2.1784158660496726,0.652371709873948,1.198583286263186,0.056234194502409234,0.10789405874079967,0.02765669492494467,0.09000117304571391,0.09000117304571391,0.0,0.13413501895256005,0.3349731881731868,-0.6979861352695226,0.013168955774987263,0.018382048597359948,-4.8894181842684405,0,0.48783744360392006
35.69279999999544,-2.0864709247477715,0.5606080833117407,1.3932757403474167,-0.0261645137031322,0.047000370456048414,0.04094025307101372,-1.9854473798319228,0.5751590527780491,1.683229560834708,0.087447850352634,0.10070512534715614,0.07704027541630087,-2.0817455798609976,0.613979980278939,1.4410583143745532,0.07049085179275043,0.10157105014088089,0.057991323851702414,0.09000117304571391,0.09000117304571391,0.0,0.13888381277491646,0.3452405335631511,-0.7438506708460346,0.013393402040736167,0.017520683108527932,-4.8897057978621286,0,0.4877478745054242
35.696959999995435,-2.086577512979489,0.560809877102362,1.3934333803084262,-0.02558117561212963,0.04843050974909616,0.03783359064226053,-1.5018718627451346,0.9202387945349662,1.184551229806589,-0.08809866841477099,-0.04708989334143669,-0.03892389479190269,-1.7919899317726744,0.7670133590925385,1.3127243938711273,-0.007819841919924485,0.027358639820064142,0.008396843592684326,0.09000117304571391,0.09000117304571391,0.0,0.13782185515125564,0.34217387740665683,-0.7318770265113186,0.013443726125578905,0.017390178461175444,-4.88999396158264,0,0.48764751862600536
35.701119999995434,-2.0866816895234,0.5610175755405575,1.393578286048771,-0.02500237053878063,0.04984762516693388,0.03477737768277176,-2.0536256544615386,0.9930940305465564,1.3059538378759896,0.21042501903818359,0.3239436482500333,-0.1475425157530594,-1.9223740912926148,0.8807253745172611,1.3090354601402148,0.10232016234470252,0.17740917593069608,-0.07113797594226416,0.09000117304571391,0.09000117304571391,0.0,0.13676656640386736,0.33912740609618797,-0.720067300785611,0.01340759851768437,0.01762241313648618,-4.890282625057509,0,0.48753649823628703
35.70527999999543,-2.0867834731438855,0.561231124715869,1.3937106648824962,-0.024428068916490523,0.051251802074764284,0.03177092009403917,-2.16240487028861,0.2763600724416319,1.4154559067907226,-0.3121193752743429,-0.19161446896357917,0.13550291009279325,-2.043040171708983,0.5781397493870576,1.362531551076947,-0.10496343977474375,-0.006986453569911295,0.030591699255000018,0.09000117304571391,0.09000117304571391,0.0,0.13571790606950865,0.33610100253823333,-0.7084193347677555,0.013328849317744768,0.018033344194250407,-4.890571739218622,0,0.48741493495607574
35.70943999999543,-2.0868828824831054,0.561450471070899,1.3938307212708598,-0.02385824141273407,0.05264312520718879,0.02881353320727364,-2.062850232632674,0.9588968944999402,1.3775005301005274,-0.08590292662572144,0.07813673786180814,0.07748164821297515,-2.053123920988569,0.7686825409323711,1.3701824378119662,-0.09548026982480888,0.03603490257965953,0.051565579982962864,0.09000117304571391,0.09000117304571391,0.0,0.13467583403114608,0.33309455054931303,-0.6969309987776316,0.013229388423560855,0.018530967833744368,-4.890861256273374,0,0.48728294973340824
35.71359999999543,-2.0869926558477703,0.5616473470080652,1.3939996362393994,-0.02634560751956966,0.04725022491988706,0.040539592449490826,-2.059159335879907,0.9825398573316582,1.3662913732872963,-0.0504071178539835,0.03233311097697136,-0.016853618340401222,-2.056243529601109,0.8756844314375479,1.368190823992942,-0.07438255293760669,0.03202821054313184,0.022649231660636125,0.09000117304571391,0.09000117304571391,0.0,0.13976831193665926,0.34370076012356043,-0.7444171476985313,0.013480179549392669,0.017628025558098025,-4.891151389749813,0,0.48719259992074543
35.71775999999543,-2.087099983146851,0.5618501549414353,1.3941555972434443,-0.025758551779381997,0.048673904008823085,0.03743064097076745,-1.5116775461316774,0.5266946947438907,1.7680444206505357,-0.024551455620467115,0.21985629356165892,0.13218984262447,-1.7840084815258246,0.7016442990985771,1.5683991251055742,-0.04913940592830455,0.1259863138394237,0.07560756505492705,0.09000117304571391,0.09000117304571391,0.0,0.1386996461663624,0.34064603093830964,-0.7324292956196727,0.013543182573793593,0.01747565264781059,-4.891442087286477,0,0.48709145930716596
35.72191999999543,-2.0872048833869967,0.5620588408163795,1.3942988147368018,-0.025176057635036497,0.05008460998658944,0.03437219840578838,-2.2574163518372803,0.665352219355284,1.7282115468211212,-0.12624447636796776,0.09165667407143337,-0.06432652897209702,-2.020978943795078,0.683687966717772,1.6481760803665346,-0.0873842658537765,0.10915151121233117,0.004003361078882641,0.09000117304571391,0.09000117304571391,0.0,0.13763769114943256,0.33761141161431335,-0.7206055724388194,0.013512905470775521,0.01769588216746274,-4.891733297871003,0,0.48697965050067443
35.72607999999543,-2.0873073754508975,0.5622733509325435,1.3944294962776174,-0.02459809533617141,0.05148242787935553,0.031363569795736145,-1.896137101372292,1.2251035325055106,1.2403566261417533,-0.1522467780361074,0.0536673098101672,-0.031200931502473363,-1.9588744634536739,0.95450996460451,1.4442027144800431,-0.11950095104647215,0.08198996466848409,-0.015573719985741091,0.09000117304571391,0.09000117304571391,0.0,0.13658240617242787,0.3345967855270604,-0.7089438165400876,0.013436597051484186,0.018099748415109466,-4.892024971810327,0,0.486857295451877
35.730239999995426,-2.0874179723907225,0.5624695956014866,1.3946003141501675,-0.02654326555802299,0.04709872054633331,0.04099628941205109,-2.2845856252701533,0.8171746213238928,1.645796890040417,0.026086395558672728,0.0398652049807421,0.08383347162888118,-2.121675108983843,0.885928644081721,1.54516612491329,-0.04813775438501925,0.058817646947462054,0.0386718430924807,0.09000117304571391,0.09000117304571391,0.0,0.14058957807579864,0.34318200586818665,-0.7480488968256306,0.013626999723312046,0.017367519589879508,-4.89231726887477,0,0.4867689790212352
35.734399999995425,-2.087526108855784,0.5626717633647429,1.3947581146614125,-0.025952751614801768,0.04852026318152327,0.03787212269881498,-2.2560036756482518,0.19019474079790732,1.3022248773736373,0.18712319134693142,-0.04886510356883076,-0.044935962038758374,-2.1884520971276773,0.5379521078814841,1.423604574234128,0.06994678841929815,0.006463265214190397,-0.005164768727522412,0.09000117304571391,0.09000117304571391,0.0,0.13951479398149078,0.34013219660817906,-0.7360056047967685,0.013659408218775985,0.017300254963467977,-4.892610136244302,0,0.4866698362508261
35.738559999995424,-2.087631803962367,0.5628798002554752,1.3949031092406796,-0.02536682557994056,0.04992885377574978,0.034798699024117814,-1.8604622924641614,1.2158978565046499,1.2223782101789886,-0.10421503934705763,0.0034685747565648337,-0.1466862048243872,-2.0246723031748437,0.8769350324306855,1.3226888640740178,-0.01681561265187349,0.0058836519627467766,-0.07783159793039117,0.09000117304571391,0.09000117304571391,0.0,0.13844675905033876,0.33710246381551334,-0.7241271924019315,0.01361343749797208,0.01756279332799697,-4.892903522459764,0,0.48655999021916735
35.74271999999542,-2.087735076702046,0.5630936526605999,1.3950355064081885,-0.0247854575229391,0.05132457722990071,0.031775320202145525,-2.4586801838025605,0.4970493860047437,1.2788261968105934,0.09516699138650722,0.043095522836036244,-0.03144953032025214,-2.241481467201679,0.6870783440562457,1.3006943536332602,0.03923166740598872,0.02489320126396294,-0.055866891838947295,0.09000117304571391,0.09000117304571391,0.0,0.13738543231696318,0.33409269102948913,-0.7124114879831253,0.013528889834033365,0.017987571830772802,-4.893197377392817,0,0.48643956334705035
35.74687999999542,-2.087835945942671,0.5633132673181686,1.3951555118145764,-0.024208617750033412,0.05270751781648782,0.028801297533079168,-1.8676092872366636,0.5636591623372454,1.3201432159423727,-0.014178420314768752,-0.07299383909118319,0.09177862284221497,-2.0545738395019013,0.6252126477789436,1.3106122001513756,0.013293489403106243,-0.022401161619164778,0.01680086721032619,0.09000117304571391,0.09000117304571391,0.0,0.13633077316623987,0.3311027626968791,-0.7008563492782505,0.013425661146932942,0.018490826646477575,-4.893491652216534,0,0.486308677376403
35.75103999999542,-2.087946465746543,0.5635125131582657,1.3953203202480289,-0.026524752929371717,0.047819001623303166,0.03955402402860729,-2.4136223668836077,0.3785736876988678,1.697728221490928,-0.1010833742483654,-0.03927606799056516,-0.04704544567485462,-2.234309006066281,0.5018149303135695,1.5040622253019276,-0.0447820001436271,-0.033328997076372616,-0.008943672943944924,0.09000117304571391,0.09000117304571391,0.0,0.1410809868389577,0.34069621756427393,-0.7444306082945261,0.013656091847084686,0.017695259490762838,-4.893786547812545,0,0.48621593403395746
35.75519999999542,-2.0880545165646187,0.5637176384144675,1.395472175217117,-0.025932196338132776,0.049230061488442285,0.03644519258115934,-1.7797810869920556,0.9271791573060058,1.796402906107359,-0.08773036482536549,0.10271380194635643,-0.04110782507910712,-2.007224762339049,0.7147136915982729,1.6501517281033529,-0.0660515989468273,0.03466946898443913,-0.026283402490006245,0.09000117304571391,0.09000117304571391,0.0,0.14000202525477373,0.3376644499500201,-0.732430919005395,0.01370823727975294,0.01759440499943568,-4.894082011158248,0,0.4861124028475198
35.75935999999542,-2.088160117585664,0.5639285894391552,1.3956112873790234,-0.02534424505086281,0.050628245925040415,0.033386918857491274,-2.0814589914716857,0.4863598230603051,1.4188255598228772,-0.011535460771718332,-0.056827338418828026,-0.01723195775576518,-2.0443649814837035,0.6004152052185452,1.5344542724858983,-0.03947418050366192,-0.010229210963313877,-0.023243660095041484,0.09000117304571391,0.09000117304571391,0.0,0.13892983924210564,0.3346526486917529,-0.7205955562777612,0.013671860616648917,0.017838242044147294,-4.894377990597055,0,0.4859982069836491
35.76351999999542,-2.088263287873331,0.5641453129362413,1.3957378644921121,-0.024760869040055818,0.05201363930064878,0.030378507141278724,-1.9780460706113356,0.3628506488389181,1.4825847540962778,-0.0963809995148665,0.05702157582550954,0.10739102024809037,-2.01140550634161,0.48174942336036797,1.5087446982023007,-0.06793612025095944,0.023605626418428734,0.04101821462372498,0.09000117304571391,0.09000117304571391,0.0,0.13786438771314852,0.3316606980800985,-0.7089223560616458,0.013591838202550397,0.018251777711431036,-4.894674435808243,0,0.4858734689377369
35.767679999995416,-2.0883748960503024,0.5643440117214342,1.3959043994875864,-0.026785962473137095,0.04768770844631808,0.03996839891382122,-2.398069323178316,0.2948345051798544,1.0574602927187007,0.2560004812172657,0.05354429495568745,0.040113497105691176,-2.2042044968977623,0.38840631580309803,1.2831723405404378,0.09249681924475743,0.03651078449346899,0.04558199598048414,0.09000117304571391,0.09000117304571391,0.0,0.14203267344040946,0.34012772616656417,-0.7478430018033886,0.013795794095170264,0.017532193809069067,-4.894971519116563,0,0.4857826634550346
35.771839999995414,-2.0884840185207794,0.5645485801420099,1.3960579214615247,-0.026189392914433892,0.04909642093815617,0.03684527374520008,-1.9003323219888963,0.5587719191254101,0.865435934860769,-0.03878790543478021,0.08456156521893238,0.005950675790084417,-2.052348573363652,0.4737655202077889,1.0743169490568352,0.027638231174631094,0.060857656493793204,0.024154590549938675,0.09000117304571391,0.09000117304571391,0.0,0.14094674471164848,0.3371012176581336,-0.7357910470176169,0.0138341881821097,0.017469060727488453,-4.895269186780983,0,0.485681036440315
35.77599999999541,-2.0885906745983194,0.5647589646441417,1.3961986419907297,-0.025597458609561988,0.05049228051161973,0.033772927009174794,-2.387609023899036,0.10457255333321347,1.3318826594971174,0.06107344754375371,0.02735010426396889,0.08846012622895623,-2.219856356129748,0.28922098358430737,1.2032873072254373,0.04543198321279392,0.04523944707117245,0.05548286332662675,0.09000117304571391,0.09000117304571391,0.0,0.1398676349540947,0.3340946401002175,-0.7239041271308395,0.013790426686008779,0.017731491527405947,-4.895567386443519,0,0.4855687115150969
35.78015999999541,-2.088694883470519,0.5649751120249706,1.3963267697405033,-0.0250101293278935,0.05187537139894783,0.0307506599456569,-2.0644280147846703,0.7109463548614513,1.3001572451502748,-0.08805270517634671,0.0013643527347066767,0.19647682603377034,-2.142324540120301,0.5000868068151464,1.2521349948374836,-0.021159872542245866,0.024579522700660807,0.12434812821834854,0.09000117304571391,0.09000117304571391,0.0,0.13879530279716223,0.331107877961097,-0.7121800686191585,0.013706207447720288,0.01815406037813086,-4.895866067098712,0,0.48544581162914197
35.78431999999541,-2.088806749576492,0.5651749227939694,1.396491360827033,-0.026847865433586762,0.047954584559704486,0.03950186076717073,-1.9420301516575558,0.5626308034387417,1.6315626432386896,0.07866629610918495,0.015183879988058153,0.14154583544879945,-2.0420108898976763,0.5313945777672904,1.4421342885990005,0.028058828088697002,0.018077738131538682,0.1385220076569064,0.09000117304571391,0.09000117304571391,0.0,0.1425885312943454,0.33876220749508057,-0.747734742605883,0.013884935815282558,0.017525186188062793,-4.896165384159208,0,0.4853538311554072
35.78847999999541,-2.0889161202808935,0.5653805792955682,1.3966429411191268,-0.026248969056390497,0.04935756038369063,0.036379270102480196,-2.241243268745928,0.6442490244871526,1.287320324851271,-0.04819607060632249,0.08787605967114524,0.17103645595548173,-2.141729216992678,0.5880033211025554,1.3650852088019207,-0.00982470718728147,0.05395784552741559,0.15322186512504823,0.09000117304571391,0.09000117304571391,0.0,0.14149818970470818,0.3357461026281044,-0.7356791042167292,0.01391043731088809,0.017506418809216752,-4.8964652836653775,0,0.48525103152001914
35.79263999999541,-2.0890230149752496,0.5655920281603294,1.3967817222561505,-0.025654726645421157,0.05074772754269015,0.033307472885707255,-2.452675335102537,0.00032318074032733346,1.7031567420992713,0.11314315413721127,-0.028919016241691062,-0.13955512768948558,-2.2969703257390712,0.29409818506864704,1.5338365076619422,0.05223235896389815,0.012910761769685634,0.0051993865415281846,0.09000117304571391,0.09000117304571391,0.0,0.1404146949541422,0.33274986378139654,-0.7237885677527809,0.013859953505697697,0.017790051256031274,-4.896765713046703,0,0.48513753658858055
35.79679999999541,-2.0891274529246324,0.565809216368538,1.396907912964947,-0.02506510785193875,0.05212516997006226,0.03028577011116941,-1.734796585644755,0.36631976583059644,1.2515388940588683,-0.1593479879493276,0.2269184283581606,-0.08866512107286088,-2.016210644623784,0.33067806899826346,1.3925036229088763,-0.05369643227715681,0.1215336065931127,-0.04284158300465694,0.09000117304571391,0.09000117304571391,0.0,0.13933800551254727,0.3297733758388676,-0.7120609588915751,0.013772099883545776,0.018222247620970994,-4.897066621091132,0,0.4850134695485754
35.800959999995406,-2.089239552595123,0.5660104201899862,1.3970699313820003,-0.026903920917775395,0.048288917147573295,0.03888442009276907,-2.0825171449356725,1.0923427092474463,1.4037699938373012,-0.13550825733913704,0.11680949022545317,-0.026038860025666466,-2.049642897694454,0.7117625278476633,1.3980732391265285,-0.09619074680909695,0.11732127669420665,-0.029879104878706323,0.09000117304571391,0.09000117304571391,0.0,0.14313362494639212,0.3372569733445473,-0.7469967336202427,0.013951356561354078,0.01761447971111124,-4.897368165519441,0,0.4849197985089457
35.805119999995405,-2.089349147360873,0.566217443366882,1.397218952277709,-0.026302743779975893,0.04968556245500632,0.035765014970057185,-1.571756943564842,0.7033404937339354,1.5041642488455833,0.014326338960930822,0.1303285426742914,0.16885523975162517,-1.8106677791251597,0.7078202610846446,1.451474019704116,-0.04045802306968826,0.12491574579628877,0.06787927552907565,0.09000117304571391,0.09000117304571391,0.0,0.1420389385868927,0.33425218312551985,-0.7349461796299286,0.013976834982075997,0.017605159082024584,-4.897670292121226,0,0.48481531711652487
35.809279999995404,-2.089456256689975,0.566430232730196,1.397355187199427,-0.02570623898443734,0.05106944719536857,0.03269638121234231,-2.369989750634685,0.29247870349250643,1.1467620782039556,-0.11544942999786077,0.05094550677777508,0.015182113714675049,-2.0905738550912463,0.5002510978635081,1.2991512615490772,-0.0774464960004802,0.08862932805477787,0.03972301248665087,0.09000117304571391,0.09000117304571391,0.0,0.14095112645037336,0.3312671887534403,-0.7230606786348124,0.013926055234429338,0.017892417214155514,-4.897972948081754,0,0.4847001494386973
35.8134399999954,-2.0895608999235953,0.5666487354592593,1.397478844783067,-0.025114376068918916,0.05244065497519873,0.029677820073598718,-1.6837517355263996,0.7735271493633514,1.6057839495805797,-0.2347131414707928,-0.06565378786897604,-0.1025456318556585,-1.8876488857487908,0.6367534766518429,1.4522586977861767,-0.15571361310754783,0.011979076189683467,-0.032478556960980294,0.09000117304571391,0.09000117304571391,0.0,0.13987014685651436,0.3283018755679912,-0.7113380570800474,0.013837772030727849,0.01832533737425151,-4.898276081951176,0,0.48457441885745267
35.8175999999954,-2.089673566419837,0.5668509959505085,1.3976390060457202,-0.027039959098062616,0.0485425178997882,0.0384387030367546,-2.605467764793949,0.306311968245436,1.8295487879457717,-0.05618502444397601,-0.15054169249014832,-0.24001526941443138,-2.2466776704713514,0.47122161669590445,1.6403987851135886,-0.10717746837019596,-0.0713523795009879,-0.13220755118502733,0.09000117304571391,0.09000117304571391,0.0,0.14384015115150273,0.3359083832566251,-0.7469182322267464,0.014030617487537778,0.017702264271855644,-4.898579862278681,0,0.4844797053894617
35.8217599999954,-2.0897837156447596,0.5670590521968097,1.3977861714808524,-0.026435813981379175,0.04993349911229618,0.035319704431727085,-2.395879764158841,0.6610713218291244,1.4780783222957061,-0.005091169387015045,0.12855376895993262,0.010886638648181866,-2.321289562357127,0.5664130407768896,1.5592634893146926,-0.05651998299549206,0.029619324831316914,-0.062317709294704905,0.09000117304571391,0.09000117304571391,0.0,0.14274007378056414,0.3329139063121954,-0.73486374053117,0.014062487293128107,0.017684338703855572,-4.89888423434771,0,0.4843741833631897
35.8259199999954,-2.089891367161972,0.5672728512118899,1.3979205527030654,-0.0258363641310157,0.051311763619241196,0.03225149333113496,-1.9732690988611363,0.8405557479671821,1.4849683533672287,-0.0896639191093833,0.1953253986427585,-0.06427921616391892,-2.1474637366977425,0.7038907848526742,1.5219853312283826,-0.07292489550735376,0.11332677155852955,-0.06504313542833857,0.09000117304571391,0.09000117304571391,0.0,0.1416469042833574,0.32993916076882246,-0.7229743717755299,0.01401450396505433,0.017966349710365023,-4.899189144849286,0,0.4842579770853781
35.8300799999954,-2.090005078313057,0.567473927086724,1.3980838080347326,-0.02729067626040485,0.04825820996016911,0.03918127960015799,-2.211752065412251,0.16013545198355494,0.9032039080959603,0.09495946843428815,-0.005602416721751727,0.06924620648443217,-2.179409306016036,0.4320012204969851,1.2127279933462236,0.010269916988240577,0.05215807214378074,0.005134958340536675,0.09000117304571391,0.09000117304571391,0.0,0.14467390095004679,0.3358549792430409,-0.7512277045535038,0.014165484057735888,0.017451064033121286,-4.899494715401543,0,0.48416620377455194
35.8342399999954,-2.0901162575260073,0.5676807979894114,1.398233992162345,-0.026683011108002964,0.04964901664499744,0.03604419062694427,-2.1818080580026264,0.5995171630988486,1.5080743279356588,0.03578217039335574,0.08915615808430226,-0.07441995202419635,-2.1805353272537227,0.5159435835446431,1.360251213693807,0.023531373486981963,0.07172348454640191,-0.03597303069076705,0.09000117304571391,0.09000117304571391,0.0,0.14356780221361776,0.33286203725700664,-0.7391097914989224,0.014175987589079198,0.017487163419829387,-4.899800890694403,0,0.48406357841319403
35.838399999995396,-2.090224924472794,0.567893410961669,1.3983713178173947,-0.026080067228796373,0.0510271133418206,0.03295815721189955,-1.6269902413850859,0.8140199563785249,1.6832774994135251,-0.06816928987924038,-0.11162116249060573,0.002075863189491746,-1.9039008135212252,0.6647505306563722,1.5217740826588517,-0.022259002061194695,-0.01938110377584795,-0.01846469405653583,0.09000117304571391,0.09000117304571391,0.0,0.142468648889469,0.32988881391448066,-0.7271578525383833,0.014116891662267223,0.01779631847132314,-4.900107616839824,0,0.4839502257661135
35.842559999995395,-2.0903310986971,0.5681117133922395,1.398495994803524,-0.02548181383347766,0.05239258333691676,0.029922476671070296,-2.0804650556059436,0.8944767789792321,1.352610964519608,0.03992008920234728,0.027102472743914544,0.13481574533905227,-1.992102529200595,0.7796716350848462,1.4374744142673432,0.009495772500216798,0.003857514562020787,0.05688593506812104,0.09000117304571391,0.09000117304571391,0.0,0.14137639884433803,0.32693519498731466,-0.7153697018426786,0.014023629442404836,0.018239381974664744,-4.900414841340453,0,0.48382626990878963
35.84671999999539,-2.0904442363047586,0.5683161148225204,1.398652263585302,-0.02715302583799025,0.049056343267423266,0.037504507626698005,-1.9960034907055437,0.7028951526287159,2.042407645807533,0.16414463449465302,0.14198952041623225,0.1574596578714883,-1.993709598283282,0.7415815247557053,1.7402634238192953,0.08583761880641735,0.07131153149404611,0.11166254461512573,0.09000117304571391,0.09000117304571391,0.0,0.14483731690976293,0.3334139667732069,-0.746215234773205,0.014183282314996253,0.01774074182979688,-4.900722710368349,0,0.4837291167897987
35.85087999999539,-2.090554839247417,0.5685262683247809,1.3987955494397852,-0.026544706237971463,0.050436840542527,0.034388605075942776,-2.109235373634431,0.4012709766074105,1.3255187066191136,0.032550640106867555,0.1206470112490938,-0.13780654156871666,-2.051405387013043,0.5716732514830701,1.5326046801111017,0.059099952409996076,0.0967262937022998,-0.014570988988279326,0.09000117304571391,0.09000117304571391,0.0,0.14372933091006113,0.3304383940499779,-0.7341615083993553,0.014198037717768978,0.017783225701950144,-4.901031168783565,0,0.4836211642535204
35.85503999999539,-2.0906629272282964,0.5687421212476095,1.3989260639641041,-0.025941115411093008,0.051804701478857636,0.03132348583652817,-2.2814325846661707,0.3545137138394794,1.1442118436555702,0.09428373069541221,0.08695490518434348,0.24725759721879628,-2.1662249590864264,0.4632707488254666,1.3389222593107022,0.07691608859745624,0.09284037448209224,0.11515975111190331,0.09000117304571391,0.09000117304571391,0.0,0.1426283026511174,0.32748243508481734,-0.7222729268143242,0.014140984251908607,0.01809364881954522,-4.9013401628652105,0,0.4835025369983758
35.85919999999539,-2.0907770773249656,0.5689457843670369,1.399084449194994,-0.027396023200641245,0.048879148662580994,0.038012455413594784,-2.4601345455884345,0.8741333202347676,0.8599669840229206,-0.1199109982860462,0.08020379959257645,-0.03339716079686186,-2.3134295285378235,0.6688751100215425,1.0993645502944793,-0.022298347270724855,0.08489818532841009,0.044379165379234184,0.09000117304571391,0.09000117304571391,0.0,0.14565693149288067,0.33313925436977415,-0.7495468388253256,0.014291013705768262,0.017617273555703736,-4.901649817756965,0,0.4834075221734619
35.86335999999539,-2.0908886783422616,0.5691551949118802,1.399229793275014,-0.026784244151004243,0.05025853076238821,0.03488257920476703,-2.200981220976212,0.5645494359730026,1.5212604554852076,0.08604024253068604,-0.009986033225736893,-0.07878690512900105,-2.2570259320726627,0.6166879862860194,1.3101548906074827,0.03201084881515714,0.03880177798973125,-0.018787548981913576,0.09000117304571391,0.09000117304571391,0.0,0.14454301358067678,0.33016665852886645,-0.7374433029210721,0.01430050884461271,0.017670835853913134,-4.901960077672254,0,0.4833016743718439
35.86751999999539,-2.0909977500898744,0.5693703002841298,1.399362308678123,-0.02617721942709432,0.0516252893399187,0.03180369674618662,-2.632785685979654,0.7830345362490763,0.8636897637449122,0.046203016056603236,-0.10227358806261955,0.0748073770631167,-2.444812409726415,0.6996483084416711,1.0870771614656696,0.03914076717258541,-0.031058153989347186,0.02686854425333692,0.09000117304571391,0.09000117304571391,0.0,0.14343609028837281,0.32721365536506786,-0.7255055828700437,0.01424038085971401,0.017986745686148442,-4.902270888258844,0,0.4831851186866903
35.871679999995386,-2.0911120871205036,0.5695747906637193,1.3995192537714123,-0.027440887351011838,0.04907769110146721,0.03766682238939838,-2.03946174987948,0.20728233949351682,1.2661735516118837,-0.2504212122373658,0.07005642101767189,0.09071739152752263,-2.242654004080732,0.45360989710970806,1.1768071938397704,-0.10615451814478448,0.018385222356785535,0.06268628984897726,0.09000117304571391,0.09000117304571391,0.0,0.14608181338450849,0.33211252684134196,-0.7494665048615727,0.014365019019149843,0.01759438099388093,-4.902582356918881,0,0.48308923179588315
35.875839999995385,-2.0912238676626704,0.569785010497451,1.399663159365614,-0.026827330120022974,0.0504527600956185,0.03453734260839306,-2.148370431079668,0.2610786424554313,1.6368493802006938,-0.2970085900694205,0.20977294553903833,-0.03281640593150133,-2.196129489259117,0.3577776019117603,1.4067661126912971,-0.20149134683175912,0.1148564953514109,0.013564078314266377,0.09000117304571391,0.09000117304571391,0.0,0.1449645129352054,0.32914776174692095,-0.7373602417522573,0.014361605737901822,0.017689211811006883,-4.902894427720858,0,0.4829825135880939
35.879999999995384,-2.0913331115858305,0.5700009073260691,1.3997942379810742,-0.026218541558380895,0.05181523886835794,0.031458867710473425,-2.5180380751461686,0.6853288033659389,1.869829171056669,0.00718998913108445,0.06010284327801098,0.15994457001026685,-2.357071529976161,0.5216791593264711,1.6386362376374215,-0.09694756391659178,0.08813110725698978,0.0854585071117059,0.09000117304571391,0.09000117304571391,0.0,0.14385422848969082,0.3262025404536848,-0.7254198441934583,0.014294812956334346,0.018025025094949437,-4.903207046171887,0,0.4828650893394465
35.88415999999538,-2.0914474504494165,0.570206697702715,1.3999486695269294,-0.027441327260600026,0.049389690395032874,0.03706357100524944,-2.4017285727243,0.9427042082790725,1.286867681752737,-0.10438141645648827,0.12059829481992171,0.13474873570592544,-2.3796153809025276,0.7324481429434262,1.4630242172128016,-0.10167052395004411,0.10307778673672269,0.11277124760326551,0.09000117304571391,0.09000117304571391,0.0,0.14641805794269902,0.33085562121751566,-0.7483378795954618,0.014412239748410053,0.017667968394580305,-4.9035203171524975,0,0.4827674277940602
35.88831999999538,-2.0915592269886543,0.5704181954845305,1.4000900816178907,-0.02682636941708978,0.05075946763572036,0.03393890183069176,-1.83746145785783,1.1066933405819845,2.0720684893336636,-0.0336808298779032,-0.004756029324801514,0.051921547153847884,-2.1086050520800814,0.9195634057186611,1.7676603670202533,-0.06750150763402285,0.049197791548880376,0.08150562252433206,0.09000117304571391,0.09000117304571391,0.0,0.14529794777604532,0.32790017864262994,-0.7362434092395391,0.014405052572762228,0.017779512355660707,-4.903834184669218,0,0.48265894747676763
35.89247999999538,-2.091668461122192,0.5706353483772292,1.4002186865646595,-0.026216192049022324,0.05211669424766242,0.03086518722450552,-2.4377247425349613,0.423072114896731,1.3717161863609613,-0.34995232690275496,-0.14138697525031801,0.05923328990017586,-2.2738968744667805,0.671019120373996,1.569814071790176,-0.2078512714818071,-0.04556071165176319,0.06779253714038357,0.09000117304571391,0.09000117304571391,0.0,0.14418487147679931,0.32496422244073453,-0.7243146623562928,0.014336206403844285,0.01812274863834567,-4.904148594169519,0,0.48253977377759394
35.89663999999538,-2.091782991817597,0.5708422605409447,1.4003710016706639,-0.02748736689724822,0.049658919291720574,0.03655562544103762,-1.687459533355492,0.5411565607559836,1.4781501937383639,-0.02334980938804863,0.17466481005047957,0.08425448669010639,-1.9807229728871565,0.6064516114741698,1.524151005059118,-0.11546538387313182,0.06387348744302238,0.07877918067505123,0.09000117304571391,0.09000117304571391,0.0,0.14684582614709046,0.32968073767276246,-0.7475698377084633,0.014460415804089763,0.01776107092761209,-4.90446365679602,0,0.48244069193539296
35.90079999999538,-2.0918949527291493,0.5710548595150408,1.4005103110339512,-0.026870618772498103,0.051023753783070704,0.033434247188934695,-2.226568516944249,0.5983651825716659,1.57991451121839,-0.036273437865104424,0.11606886451030185,-0.014524898791260982,-2.1037242796931994,0.6026463022789779,1.5520060150092514,-0.07521727846739616,0.09163058101337773,0.030653077955512028,0.09000117304571391,0.09000117304571391,0.0,0.14572231405226374,0.32673409524645447,-0.735482243955047,0.01445638527906644,0.01786944555619855,-4.904779316340623,0,0.4823308000881613
35.90495999999538,-2.0920107158604155,0.57125989079356,1.4006672833087568,-0.02778315150391535,0.049207506844620795,0.03767334595333349,-2.0547668381509006,0.1420414983535277,1.613888734043848,-0.28021090985312436,-0.10336335795783735,0.03350981348875933,-2.079826986866478,0.37212952985590103,1.5830129069603769,-0.1782106701276472,-0.007702918930731043,0.03429312799283783,0.09000117304571391,0.09000117304571391,0.0,0.14766606743073601,0.330167379149118,-0.7529367295470399,0.014566773261092975,0.017529868149469344,-4.905095648598837,0,0.4822358465170472
35.909119999995376,-2.0921238947404643,0.5714706176519426,1.4008111558264782,-0.02716293121173668,0.050574446011821525,0.0345294042531342,-2.2331116671459443,0.36762932699242457,1.6968407815567534,0.053124698714306556,0.08238909994674146,-0.08540008137298538,-2.156360415104151,0.3700504545224688,1.6397544242212463,-0.062310966739690825,0.03748606830160989,-0.027667819167114506,0.09000117304571391,0.09000117304571391,0.0,0.1465368178408505,0.32721839274102027,-0.7407724268269449,0.014555393929034622,0.017649858762506812,-4.905412596670031,0,0.4821300279199853
35.913279999995375,-2.0922345094517176,0.5716869879112342,1.4009421421266612,-0.02654753070077628,0.051928862229969015,0.03143671204390841,-1.9895065400848564,0.5250988032716049,1.4501836349973534,-0.16089627900056894,-0.021213849947641646,0.09568578516611924,-2.0732688649928326,0.4475312487156821,1.5451711369633583,-0.1106859449051458,0.008303801998211947,0.03188048788382479,0.09000117304571391,0.09000117304571391,0.0,0.14541465909272117,0.3242888489678264,-0.7287747919406038,0.014483785281996415,0.017997029245134175,-4.905730105116359,0,0.48201347028978514
35.91743999999537,-2.092349194490339,0.5718955246696379,1.4010914807564885,-0.027524409269095464,0.050048822016900904,0.03584127115852027,-2.3945692976189656,0.06187914195340416,1.5723065662216213,-0.04977910301983583,-0.004223095161064144,0.046475959141563286,-2.2340258103401425,0.2546961760374135,1.558831573381045,-0.07978363905465861,0.0008567497672173064,0.04116638602397533,0.09000117304571391,0.09000117304571391,0.0,0.14748623228905608,0.32784641840550144,-0.7468692786418163,0.0145702590544241,0.01776174195878604,-4.9060482580442715,0,0.4819124393017224
35.92159999999537,-2.0924612986010147,0.5721097161063383,1.4012278263376456,-0.026904986562135334,0.05140594480810561,0.03272293947770553,-2.413512826816789,0.9331073760058692,0.8182008372960161,-0.13002262093752548,0.002951494718477443,0.18499418570311124,-2.324041211458433,0.5939093222311218,1.188899724811413,-0.10480679841144494,0.0035099790159672374,0.11118643723234617,0.09000117304571391,0.09000117304571391,0.0,0.14635750565666283,0.32491363163384035,-0.7347849993563602,0.014547048494320817,0.01793197651717421,-4.906366999103067,0,0.4818006069757053
35.92575999999537,-2.0925768313734903,0.5723172939387642,1.4013797369431158,-0.027727865394104097,0.04981867978221113,0.03645854531281998,-2.134818998086508,1.0256339194966493,1.41340760316083,0.0615916439178605,0.025051229970406166,0.19013181436479884,-2.229301332967434,0.8098282662738909,1.3015462630932348,-0.02130034290441712,0.013549029158436955,0.15278924393375154,0.09000117304571391,0.09000117304571391,0.0,0.1481214335252005,0.3278856712411085,-0.750207100704493,0.01463851984774931,0.017671518385210527,-4.906686397722521,0,0.4817019464589028
35.92991999999537,-2.0926897720347175,0.5725305272931366,1.401518596087885,-0.027105758694524636,0.051176005049366896,0.03332619474465358,-2.3981290014633707,0.49189522788587214,1.089282300550818,-0.012876702553105017,0.01698253961165639,0.06532543582988831,-2.3137430958609104,0.6508935850658585,1.19555144222799,-0.01710631914669062,0.01587164589405869,0.10773067299627281,0.09000117304571391,0.09000117304571391,0.0,0.14698816685550858,0.32495343695090206,-0.7380741966956735,0.014617467380132507,0.017829334333458166,-4.907006397046484,0,0.4815924506316144
35.93407999999537,-2.092800140736903,0.5727493642867855,1.401644616754998,-0.026488488524472404,0.05252087847572383,0.030244960107127856,-2.3335263546283405,0.9898028295642936,1.9637396563703535,-0.026575201051591817,0.18881884780003333,-0.12971903601835877,-2.323689846783471,0.8207431841772507,1.579384558026648,-0.02198081781781016,0.10239782236660282,-0.012635548980599147,0.09000117304571391,0.09000117304571391,0.0,0.14586201678762598,0.3220405426127888,-0.7261075686428602,0.01454080975949967,0.018193696411905692,-4.907326941682287,0,0.4814722456221179
35.93823999999537,-2.0929149924822776,0.5729599807662319,1.4017899381099912,-0.02756441888992322,0.05054795506715405,0.034877125198362745,-1.998916629424288,1.0667429240662858,1.7238599196775537,-0.09577778588197597,0.060314236686651874,-0.05378542079403723,-2.1614986843373734,0.9438725599661256,1.6515075679439484,-0.05959399751277575,0.08023711712250416,-0.031375974840861715,0.09000117304571391,0.09000117304571391,0.0,0.14813217775853835,0.3257820964229874,-0.7451018864387449,0.014640000234017281,0.017944717007125643,-4.907648127918837,0,0.48136841709608746
35.94239999999537,-2.093032638392605,0.5731652841562656,1.4019478129492173,-0.028235018478604917,0.04927281360808738,0.03788996141426896,-2.3393072856217794,0.7394378450773075,1.6244774878929382,0.2057808736577295,0.08351117019349792,-0.010561242010585871,-2.2499761082368868,0.841829732622302,1.637967579960815,0.07302706067746818,0.08078732476622974,-0.01962756756882821,0.09000117304571391,0.09000117304571391,0.0,0.1495931722038399,0.3281311629429354,-0.7576461688727822,0.01477444466790984,0.017541624143704845,-4.907970010933944,0,0.48127524932273713
35.946559999995365,-2.0931476662529995,0.5733762477146662,1.4020925061003202,-0.027606686494712165,0.05063125401616819,0.03472635626469475,-1.6764706309246131,0.8264688746909499,1.5157828212018303,0.10017272968005096,0.15019014242716072,0.19660685039879827,-1.9630104366159682,0.8344583297597209,1.5772891354010468,0.0863272031539257,0.11705063684489711,0.08566132790061375,0.09000117304571391,0.09000117304571391,0.0,0.1484495222119049,0.32519896459270514,-0.7454055482075777,0.014774052464905561,0.01762862565733516,-4.9082925325318385,0,0.48117116992220765
35.950719999995364,-2.0932600964028807,0.573592819560928,1.4022242324439693,-0.02698323597149707,0.05197724310283593,0.03161432247581246,-2.2108425966176193,0.6659146970903799,0.9603796730097476,-0.008212703673074528,0.1936666621842405,0.0474451449153889,-2.0869468814106598,0.7505864517673462,1.2689318402572871,0.03980783160597818,0.15617275526128008,0.06508030557333636,0.09000117304571391,0.09000117304571391,0.0,0.14731305307651518,0.32228610050552314,-0.733332643148358,0.014706906204227842,0.017958081754083303,-4.908615636011153,0,0.4810563057466625
35.95487999999536,-2.0933699490490425,0.5738149481544615,1.4023432039026165,-0.02636463507887506,0.05331086244805783,0.028553150075332708,-2.1055649981446205,0.5046122155018435,1.1577910393559177,-0.06821980685532526,-0.04470291416105027,0.005329521055812799,-2.0963971522932336,0.6275051197835673,1.2133752432243896,-0.01458998461912763,0.05551307286627399,0.033527788866138976,0.09000117304571391,0.09000117304571391,0.0,0.1461837212422214,0.3193924588005655,-0.7214252450224106,0.014607041566397031,0.01840618975158154,-4.908939266132016,0,0.4809307829278356
35.95903999999536,-2.0934848830839328,0.5740282113464146,1.4024830041807268,-0.02758416837369517,0.0511831660687355,0.033552066746455604,-2.2958012371859775,0.31483783248061353,1.1708133434437302,-0.17400389107103473,0.11793439944731401,0.13172787502301755,-2.196463128901992,0.47141621904804826,1.1923614324265717,-0.09399063387830874,0.08593564817509898,0.0857725851367965,0.09000117304571391,0.09000117304571391,0.0,0.148741630627331,0.3234414079069373,-0.7418723568790418,0.014716123149770326,0.018162862702169914,-4.909263536237076,0,0.4808229976571458
35.96319999999536,-2.0936031949968776,0.5742353966021139,1.4026371765019547,-0.028394859106768863,0.04972446136783795,0.037001357094706464,-2.0878322145657418,0.7032050516724772,1.3034376722410508,0.01993031440414648,0.1264237969407238,0.140520424584074,-2.142105017721351,0.5875784254190118,1.2481883745032325,-0.03724872737176703,0.10463349811174098,0.11517861630324591,0.09000117304571391,0.09000117304571391,0.0,0.15048392237421823,0.32615630738861034,-0.7561541460711924,0.014875412037370637,0.01772093627351911,-4.909588516869955,0,0.4807274497268355
35.96735999999536,-2.093718873278746,0.5744482074086726,1.4027781936998551,-0.02776278764847309,0.05107459357409501,0.03384412749607952,-1.900253130357046,0.18377933445679323,1.164108845190238,-0.08626977838401695,0.11430889390389933,-0.01573908883359372,-2.0213578053771832,0.3859110821474509,1.2061183316660975,-0.06128245957860816,0.11078392854796257,0.048263023948698115,0.09000117304571391,0.09000117304571391,0.0,0.14933343186938872,0.323238904822687,-0.7439280406191653,0.01488690404683928,0.017787108501884332,-4.909914149153564,0,0.4806210058107175
35.97151999999536,-2.093831938389715,0.5746665921474591,1.4029062703965571,-0.02713562663258148,0.0524123373087433,0.030738407208483885,-1.1638120544643717,0.521588947639111,1.0209993896207117,0.075225050714235,0.061333641088846994,0.04345770329996437,-1.5924243657896004,0.4538766841967976,1.1136519505495381,0.007877329269787825,0.08695259894887235,0.04393995828389114,0.09000117304571391,0.09000117304571391,0.0,0.1481901648170557,0.3203407449744463,-0.7318694810954469,0.014825166804458058,0.01810474854309196,-4.910240375721005,0,0.48050379297531876
35.97567999999536,-2.093948379844805,0.5748790543886798,1.4030484733280735,-0.027945949221615227,0.05099093789298284,0.03412870356392,-1.8702680375920293,0.3959291631839332,1.3306682194628958,-0.013478661590131641,-0.025740839887549286,-0.10591000292471617,-1.7313737551302424,0.42485048760327876,1.2219373077540594,-0.003965807293694043,0.029887219742972128,-0.0290491515090089,0.09000117304571391,0.09000117304571391,0.0,0.14992984863809541,0.3229756373321209,-0.7458790079807054,0.014900231226868725,0.01795053155596693,-4.910567269060436,0,0.4803985834635529
35.979839999995356,-2.0940670358825115,0.5750875906889724,1.4032000987075732,-0.028477449049591395,0.05004871207021213,0.036390091079945425,-2.1027807717936358,0.9164606257018217,0.9312874944184388,-0.09851385427303319,-0.28128196303198477,0.0792893923080272,-1.9172834478088603,0.6700754351950077,1.0767717323687171,-0.051868735059444414,-0.1263971784562294,0.026822337774162187,0.09000117304571391,0.09000117304571391,0.0,0.15111320785676338,0.32465457263189035,-0.7553939302570982,0.015007728303627073,0.017665262198891873,-4.910894873412458,0,0.48030140843119695
35.983999999995355,-2.094183047303916,0.5753017262298074,1.4033385826168154,-0.027842741137107923,0.05139252980038929,0.03323613821811208,-2.132351624414915,0.8603489629130749,1.5837205756116883,-0.08645968348211304,0.05017905835557097,0.04707527585022932,-2.0250007191998534,0.7653152599197041,1.3303510433535446,-0.06827507828359736,-0.03685020229934238,0.035299780596151686,0.09000117304571391,0.09000117304571391,0.0,0.1499577691329996,0.321748494522627,-0.7431733528910274,0.014992976405255194,0.01780868879688896,-4.911223129588408,0,0.48019334577173045
35.988159999995354,-2.0942964346565147,0.5755214095930481,1.4034641395783378,-0.02721296462372995,0.052724007177783444,0.03013367076535901,-1.9088438414843887,0.9483674668104958,1.8269305860777905,-0.014783651379557651,0.1262671706212648,0.14669960910302063,-1.9669551071448876,0.8571032809646228,1.5789538475262463,-0.04014314608125888,0.04565748292179545,0.08886385765921806,0.09000117304571391,0.09000117304571391,0.0,0.14880958494434782,0.31886158884890314,-0.7311202663526948,0.014917772625659735,0.018163890422536272,-4.911551979917941,0,0.48007452275366225
35.99231999999535,-2.0944130927037685,0.5757355449124593,1.4036029909618588,-0.027997931340930423,0.05139247665867028,0.0333243320450526,-1.5213468973220943,0.3743886839566417,1.2838864585131715,-0.03036787619960427,0.1645366716318916,-0.0493107930339199,-1.7442102607670544,0.6160855934444313,1.4313127904781169,-0.035634857539689285,0.10472533903391852,0.02109940566320408,0.09000117304571391,0.09000117304571391,0.0,0.1504986923450203,0.3213147822937098,-0.7443199185788344,0.014984326842278383,0.018046909098371672,-4.911881495894999,0,0.4799670174639431
35.99647999999535,-2.094532046652852,0.5759457786949579,1.4037512370541634,-0.02854894778001054,0.050456107799683035,0.03557906215308139,-2.047913872261485,0.7104839000847885,1.725970213474458,0.10851367947346119,0.12673693938031036,0.061947962877495905,-1.8958375118529236,0.6635483431281318,1.5787706399888446,0.035961596898978994,0.11605349393775566,0.0423739838463009,0.09000117304571391,0.09000117304571391,0.0,0.15172144525061373,0.3229802874114721,-0.7537980306861166,0.01509140144928604,0.017780510603427294,-4.912211724946823,0,0.4798675411528732
36.00063999999535,-2.094651934670416,0.5761545048876794,1.4039032163701406,-0.02877312421534945,0.050094286253156706,0.03647503583452799,-1.6451087162370586,0.10808710455832382,1.4967404064660388,-0.017503933352263253,0.10444195974565931,0.1864310880501456,-1.7705067429338406,0.3860312349222044,1.5381411095802766,0.008739725604636909,0.11017073029081925,0.11516788816693825,0.09000117304571391,0.09000117304571391,0.0,0.15229040465317045,0.32349636399621584,-0.7578436067808192,0.015177389279011319,0.01756496206921474,-4.91254268266425,0,0.47977131438837534
36.00479999999535,-2.094769157410863,0.5763688101722921,1.4040420116186072,-0.028133457707291334,0.05143326830704684,0.03331085963198723,-2.4598849129177736,0.2256014170230805,0.5557575967980122,-0.029679643663293277,-0.08295950766054949,0.09102670307769975,-2.1152632635355837,0.3056434890765747,1.047133347204656,-0.010044892186614291,0.01321451331437288,0.10236059234698512,0.09000117304571391,0.09000117304571391,0.0,0.15112624416417944,0.32059980299465596,-0.7455830045352501,0.015151219038357443,0.017742566188738235,-4.912874309001166,0,0.4796641749146711
36.00895999999535,-2.094883735577328,0.5765886432998105,1.4041678380253761,-0.027498759951683768,0.052759950604408086,0.0301983376245392,-1.9472869732809692,0.5599061621330753,1.6148806843935475,0.1597996405336461,0.13110104622576527,0.043445105823806604,-2.0309410066390754,0.4330493282338834,1.3311045506882093,0.07459831535408486,0.0721324116807646,0.07136912708663645,0.09000117304571391,0.09000117304571391,0.0,0.14996939253180794,0.31772235308558017,-0.733490443661655,0.015069648620621733,0.018114180119243924,-4.91320654545037,0,0.47954625047409105
36.01311999999535,-2.095000706866137,0.5768045959161253,1.404303107090854,-0.028073109314066192,0.05182862791554495,0.0324645757146783,-2.4686883979002183,1.115854342408741,1.07783022629192,0.03953498815679106,-0.11916020063730852,0.1144433745952793,-2.249734157553949,0.7742095195614881,1.2047028465805314,0.05640715608063947,-0.023865200396860964,0.09329225818596491,0.09000117304571391,0.09000117304571391,0.0,0.15123690340879098,0.3193720308556073,-0.7429757303859221,0.015107278693046348,0.018092032236973782,-4.9135394441882445,0,0.4794363815041122
36.017279999995345,-2.0951195931441604,0.5770174921300072,1.4044458244387377,-0.028532706725583546,0.05109509133164972,0.03425216349209351,-2.1124396869239987,0.559857643979436,1.0761198701609904,-0.07093171156496694,0.11406622740891674,0.16297076023004958,-2.1812337292800428,0.6672714112518323,1.1407456095460466,-0.007142641327505037,0.04409396235033454,0.1299655346869187,0.09000117304571391,0.09000117304571391,0.0,0.15227645757852476,0.3206285588883223,-0.7505656924350835,0.015189807792340118,0.017916296830968383,-4.913873045451937,0,0.4793329052906073
36.021439999995344,-2.095239440297466,0.5772289832411156,1.4045920591010113,-0.028763316793291305,0.0507578666660199,0.03509631894564659,-2.0985491393804945,1.2006836543601795,1.2591894941802813,-0.015276077578012484,-0.021361165666695485,0.2266688892002332,-2.139922114662791,0.9339369154142043,1.200438370172558,-0.011456412536204653,0.011331799561272643,0.17902035116160275,0.09000117304571391,0.09000117304571391,0.0,0.15285826400202632,0.321092597956765,-0.7543864294891802,0.015265703933955046,0.01775055443646533,-4.914207366919609,0,0.4792325054153852
36.02559999999534,-2.0953566123269933,0.5774460112281137,1.4047251707448434,-0.02812128708663737,0.05208671687954569,0.03194679451969896,-2.343739200734067,0.6180061322810891,1.3629575324641692,0.05333671959713718,0.1780905805172121,0.038739827554173746,-2.2417209302467946,0.7763372783685843,1.2817832873923838,0.02083270678315224,0.09588240850597655,0.10714788861957499,0.09000117304571391,0.09000117304571391,0.0,0.15168931883056774,0.3182136104074271,-0.7421674774577205,0.015234166847327306,0.0179512524604716,-4.914542348398764,0,0.4791212294169579
36.02975999999534,-2.095474950809002,0.5776613459204978,1.4048625470741656,-0.0284012356820942,0.05168032617217464,0.03297031903731221,-2.057408293171549,0.1879894134807782,1.1443341380101448,-0.018448879108923705,-0.013574770420275446,-0.16626970805616137,-2.1496008441917156,0.48213027489709437,1.2127101724224327,0.0007852714176736642,0.04150651856318767,-0.028705637166350304,0.09000117304571391,0.09000117304571391,0.0,0.15236845177472624,0.3188123596640666,-0.7466802655707689,0.015259944465707134,0.017958171924709214,-4.91487801362572,0,0.4790136408865425
36.03391999999534,-2.0955942126765876,0.5778754300373207,1.4050031042560716,-0.028622848220583086,0.05138018803749079,0.033733723657460836,-1.8160579563143207,0.5214359604405464,1.2141788798770787,-0.1266717930290015,0.06161360053962663,0.12038758363032159,-1.9830887483174513,0.5019116988772485,1.213695054383695,-0.06379658086180427,0.05148584337532593,0.0457759982911347,0.09000117304571391,0.09000117304571391,0.0,0.15293164901581652,0.31919951379782935,-0.7501604492162686,0.015307176407706022,0.017891334981467905,-4.915214380546681,0,0.47890884186665356
36.03807999999534,-2.095713940222383,0.5780890779135442,1.4051448843101197,-0.028734610990898787,0.05127549029365319,0.034027212971562554,-1.942508716759118,0.3954528160217276,1.2346157075950517,-0.1419538145826325,0.06208628745128873,0.025992181297852357,-1.963091856054697,0.4488107052851907,1.2242098780470683,-0.10376086490097278,0.056758888284245,0.03574702592694758,0.09000117304571391,0.09000117304571391,0.0,0.15327526031630956,0.3191955969789667,-0.7517616279766965,0.015351463959505058,0.01783030928411294,-4.915551456543654,0,0.4788051880330347
36.04223999999534,-2.09583374137712,0.5783029988190234,1.405286184501448,-0.028752277136917716,0.05134101731498406,0.03391204591876635,-2.0396688481198293,0.5227881175210982,1.491372400488697,-0.2428910442951448,-0.06982129983268062,0.011425170444882525,-2.0018867227721127,0.4856555159661003,1.3578157976770786,-0.17301482757013723,-0.006914112411203095,0.02405650901504928,0.09000117304571391,0.09000117304571391,0.0,0.1534304503852815,0.3188504120083253,-0.7517241220891385,0.015382717288528514,0.017809316627883785,-4.915889240211827,0,0.47870124747960274
36.04639999999534,-2.095950857485827,0.5785224172469979,1.405414408777306,-0.028107866089645626,0.052660422713898654,0.030773826205906154,-2.1928763422586,0.6234038606816951,1.4916720190126578,0.029174544026422312,0.0010138977273221675,0.0617237585098625,-2.0973227207497582,0.5545325909419413,1.424874453741852,-0.07167631781928253,-0.0028687992615122225,0.04229864029064883,0.09000117304571391,0.09000117304571391,0.0,0.15225667897958473,0.31598795391907347,-0.7395357992723153,0.0153285571013701,0.0180807190148951,-4.91622767129007,0,0.47858645942912903
36.050559999995336,-2.0960691450595283,0.5787402909273116,1.4055465557008957,-0.028389017688298653,0.05228968327529422,0.031715261661554785,-1.9653368913497937,0.4957433553865217,1.4464374780708438,-0.03111009181410531,0.010732324088980297,0.18839736997284728,-2.0313935799309206,0.5251613703378475,1.4360469824896702,-0.051400914471553594,0.003216546050942225,0.11581725732371079,0.09000117304571391,0.09000117304571391,0.0,0.15293817087748937,0.3165127473834221,-0.7437040167082256,0.015344616130335196,0.01812982080920237,-4.916566775217239,0,0.47847508783736714
36.054719999995335,-2.0961885935872333,0.578956663016786,1.40568248443104,-0.02866764664918909,0.05192930147387986,0.032622895234643894,-1.9422223592991181,0.5644065606531695,1.06660587875038,-0.06629393982870943,0.013212164048276479,0.06075567994111157,-1.9869454941823153,0.5448115045572453,1.2514486637101436,-0.058721900379589784,0.008317803549525075,0.08903615399813711,0.09000117304571391,0.09000117304571391,0.0,0.15361577036846277,0.3170182939666524,-0.7477481553549868,0.015395659894615426,0.018069869547055938,-4.91690657695207,0,0.47836703644374917
36.058879999995334,-2.096308819968149,0.579172189754194,1.4058206077951227,-0.028854331419794897,0.05172641697791586,0.03314960737984072,-2.098894724963959,0.6222622084168201,1.7077892810190125,-0.10874942631153103,-0.03406180144409374,0.14593079750263088,-2.043147733220214,0.5834673022796579,1.479924543721902,-0.0834224936386711,-0.013230582509052211,0.11803457278144065,0.09000117304571391,0.09000117304571391,0.0,0.1541099646391533,0.31720918649196483,-0.750272750387963,0.015452549401231825,0.01798993965310198,-4.917247092255158,0,0.4782609719317385
36.06303999999533,-2.0964294030080435,0.5793875978989597,1.4059591754868963,-0.028939929574634055,0.05169795474374989,0.033256246025661095,-1.4972276396979294,0.8850759302753778,1.7276361582568356,-0.025655332368772116,0.028397664367892695,-0.1271932279612776,-1.770238647354738,0.7343344466734962,1.6035164640935033,-0.053860484102044796,0.006785774584134795,-0.00405296530459872,0.09000117304571391,0.09000117304571391,0.0,0.15440201834193004,0.31705079404064784,-0.7511156916275749,0.01549965002368014,0.017938266647390594,-4.917588327045196,0,0.4781554188053682
36.06719999999533,-2.0965500519171054,0.5796034000396557,1.406096953265546,-0.028955738174877337,0.05179251376704544,0.033066666875942625,-2.52601169264974,0.2905000062167613,1.8366771129817963,0.09495087303845698,-0.15824433364179233,0.045608212673723,-2.1479339661108408,0.5120863764318423,1.7201925393205768,0.021017783185881905,-0.07639156452856297,0.021132434277104553,0.09000117304571391,0.09000117304571391,0.0,0.15455433511996014,0.3166455707795495,-0.7507694931137165,0.015533213085238095,0.017927639913599164,-4.917930280647451,0,0.47804933629151103
36.07135999999533,-2.096670642003838,0.5798198271665093,1.4062333859665028,-0.028941620815812523,0.05194251044484484,0.0327438482296373,-1.9240457697034345,1.299436049328776,1.927890296417781,-0.11057204675277554,-0.04560416282914702,0.1014212392024925,-2.0362190239886067,0.9056708122454713,1.8242540951643185,-0.0444147680008086,-0.06049265975554884,0.0611415325987304,0.09000117304571391,0.09000117304571391,0.0,0.15464664524071703,0.31612866953851637,-0.7498854472810055,0.015556432960711788,0.01794960187304638,-4.918272949736384,0,0.47794225608856233
36.07551999999533,-2.0967911792405385,0.5800368872994416,1.4063684555350355,-0.02892893680807887,0.052094431903768015,0.03241669644782439,-2.008123679338646,0.7862352807738436,1.4896938709982042,-0.05666208352196329,-0.13647537981150765,0.10414088862053447,-2.0222876876208518,0.845666741107223,1.6571893441909713,-0.051173756534700375,-0.09770749197478808,0.08211330111449595,0.09000117304571391,0.09000117304571391,0.0,0.15474177380801812,0.31560727956001855,-0.7489799517327111,0.015574866694546823,0.01798816735792437,-4.918616331372938,0,0.4778341635419468
36.07967999999533,-2.0969117416730243,0.5802544669753272,1.4065024346652777,-0.028934983796636875,0.05221912221256287,0.032154991258142356,-1.8886605357038149,0.5072728215424214,1.4011488640933534,-0.23416243463994738,0.010734671125414659,-0.07785563992440236,-1.9559609548306525,0.6764898821624173,1.5290056317923437,-0.14230673314219555,-0.043561119389747396,0.0020156098390725183,0.09000117304571391,0.09000117304571391,0.0,0.15487444959889723,0.31513991961811094,-0.7483333907671377,0.015593483156779553,0.018028926613402038,-4.918960424656099,0,0.4777252910313133
36.08383999999533,-2.0970324267001357,0.5804724217325671,1.406635667852929,-0.028964406506780643,0.05230914173756698,0.03197596503631981,-2.131736598952289,0.13159437058337609,1.8023897527678772,0.1950837694641287,-0.05797151187006648,0.03893901885000375,-2.0434457758636655,0.40391809101973286,1.6657831013592455,0.027106238227534284,-0.05093686153415159,0.019270909623163357,0.09000117304571391,0.09000117304571391,0.0,0.15505407434983662,0.31474163728673743,-0.7480158378389308,0.015615363990373261,0.018063025055579454,-4.919305231143511,0,0.4776159335567442
36.087999999995326,-2.097153317419247,0.5806906322507843,1.406768436567026,-0.02901377258674657,0.052370524372125256,0.03186449138331746,-2.2365735559706543,0.633619491964903,0.8907318513638013,-0.05852369746880967,0.21698436476149277,0.14212073082284069,-2.1401318112955976,0.5192217086034404,1.2785488957867663,-0.016152168503877712,0.0830120808882749,0.0800937146859987,0.09000117304571391,0.09000117304571391,0.0,0.15527385545350422,0.3144004647601564,-0.7479675347944098,0.01564161861630684,0.018087354284652767,-4.9196507544858505,0,0.4775063343330476
36.092159999995324,-2.0972744694412278,0.5809090252079928,1.4069009100433023,-0.029076485275363034,0.052414309730042165,0.03179363430628872,-2.232814071338515,0.48101266285204713,1.4870335175693594,0.05646546957938961,-0.18981746459231105,-0.030279547489973233,-2.186355962203989,0.4997229080927704,1.382730681698567,0.020064913030136057,-0.053772083045981744,0.02443488149525689,0.09000117304571391,0.09000117304571391,0.0,0.1555206338550832,0.3140943607494635,-0.748081072703183,0.015671959217134025,0.018102789655399708,-4.919996999754256,0,0.4773966423572058
36.09631999999532,-2.097395912568209,0.5811275696134303,1.4070331550156492,-0.029146350475491935,0.05245065730497916,0.03173879336324521,-1.9279987462042931,0.4039706809098229,1.4536757296156952,-0.08650237707317636,-0.05383000094994778,0.10788185198985979,-2.0573559535844734,0.4517360957294145,1.4184271893348983,-0.03297880023560142,-0.054731981996948224,0.06658764197992384,0.09000117304571391,0.09000117304571391,0.0,0.15578203130925178,0.31380300469548866,-0.7482580923035567,0.015705445165721824,0.01811201068730548,-4.92034397281247,0,0.4772869199953837
36.10047999999532,-2.0975176596057503,0.5813462619304819,1.407165172038716,-0.029219289009886698,0.05248615609238791,0.03168408553601962,-2.0002605513682763,0.48088011911012435,1.7471287260668724,-0.05979782044475268,-0.021450882672742408,0.0191766656230253,-2.028931839417818,0.46626335439565,1.5828206404609075,-0.04657472670074188,-0.0379301986799988,0.04264680321334688,0.09000117304571391,0.09000117304571391,0.0,0.15604988919286464,0.3135132010254664,-0.7484349613726431,0.015741078700704174,0.018117813939181368,-4.92069167990324,0,0.47717717342764254
36.10463999999532,-2.0976397159902525,0.5815651103090318,1.4072969336127674,-0.02929353228048452,0.052523610851983885,0.03162277777237684,-2.733846921298813,0.6472360434159559,1.5034325092003862,-0.07222273824760454,0.09940247659038304,0.0810648393384813,-2.381545402089778,0.5569578975786424,1.5432946609893154,-0.05897977015094131,0.030641732473494707,0.06183933687209176,0.09000117304571391,0.09000117304571391,0.0,0.1563206700778168,0.3132193230804358,-0.7485846220416496,0.01577813083856384,0.018122219061287526,-4.921040127467365,0,0.4770673848992467
36.10879999999532,-2.097762086754114,0.581784123384944,1.4074284111162856,-0.02936898332675251,0.052563138218939605,0.03155460084437011,-1.8629694775997125,0.8435454202996279,1.6322795203083191,-0.11417092038114038,0.007632532031605688,-0.028624911005883276,-2.1224899038545733,0.7002700546786323,1.5877271198504297,-0.08723510635614065,0.018891020060111955,0.01712003871199938,0.09000117304571391,0.09000117304571391,0.0,0.1565941847644832,0.3129211285803391,-0.7487059098086286,0.01581622335815469,0.018126262273702374,-4.921389322130362,0,0.47695753563356713
36.11295999999532,-2.097884779944209,0.5820033048986656,1.4075595876489122,-0.029446365622733478,0.052603563293191186,0.031482367830396096,-1.9459893887151885,0.6395444255279421,1.2366881309974214,-0.023306863515583497,0.03728285014837176,0.03824654912176535,-2.0342877665909223,0.6699837790380708,1.4122841317245658,-0.05485301182371582,0.028366269887589623,0.02796516380180851,0.09000117304571391,0.09000117304571391,0.0,0.15687189056672607,0.31262096735057576,-0.7488100443184869,0.01585526028234425,0.018130201328414267,-4.92173927077083,0,0.47684761683933224
36.11711999999532,-2.0980078071941493,0.5822226528855168,1.4076904598615765,-0.029526539985646,0.052643516844277545,0.031409331039427876,-2.2310761392763494,0.45501745519221803,1.1856581850554748,0.058111977542983986,-0.10961778415500228,0.006155880454661162,-2.1325624188089294,0.5622721174636647,1.2989837377546278,0.0016030557851406289,-0.04110082910879458,0.016407438069904363,0.09000117304571391,0.09000117304571391,0.0,0.15715552351164902,0.3123215842052559,-0.748910045608075,0.01589530517197825,0.018133860875712126,-4.9220899806018545,0,0.47673763135558545
36.121279999995316,-2.0981311827129896,0.5824421613510196,1.4078210338366557,-0.029610124521697034,0.052682031720656754,0.031337754019004314,-2.312868204090851,1.0890984978534832,1.350528240876712,-0.09632444419995757,0.14639138137528065,0.06408923951732365,-2.222916925005002,0.8259921620303095,1.3248887523409405,-0.047354510538982854,0.05326889773339624,0.04067871898075888,0.09000117304571391,0.09000117304571391,0.0,0.15744633600161495,0.31202492254187353,-0.749015000624589,0.015936470225915905,0.01813693762265268,-4.922441459227418,0,0.4766275902030793
36.125439999995315,-2.0982549218287545,0.5826618225993766,1.407951319440017,-0.029697387783572483,0.05271869960567909,0.03126854480670361,-2.0295853083528996,0.19035006505540342,0.7831461476406089,0.031247519854281515,0.036123614289277836,-0.06686756370921967,-2.1261844402292875,0.5082424214418524,1.0538749608883722,-0.008217048895558387,0.04439936388313517,-0.013272335924245957,0.09000117304571391,0.09000117304571391,0.0,0.15774488133111472,0.31173180799820066,-0.7491285769367519,0.015978846635730064,0.018139188088346164,-4.922793714663354,0,0.4765175077964008
36.129599999995314,-2.098379039799234,0.5828816290989769,1.408081325823925,-0.029788312915133435,0.052753559904058514,0.031201532137944313,-1.8937194427869606,0.5126035061403922,1.341024562608365,-0.039667292615018085,0.04081075266308786,-0.03182794246240721,-2.0100317419241613,0.510508061356597,1.1973852922782113,-0.02445933158741516,0.04251783737700953,-0.022415470488284645,0.09000117304571391,0.09000117304571391,0.0,0.15805114099135925,0.3114421691701122,-0.7492501158448834,0.016022477875964718,0.0181404981458508,-4.923146755329536,0,0.4764073981075286
36.13375999999531,-2.098503551160352,0.58310157448406,1.4082110590290664,-0.029882726668260733,0.05278689241992733,0.031135969233912947,-2.0062806262696316,1.0655895520773075,1.5276676059809347,-0.09556618443787059,0.062211499681456645,0.04477342947818169,-2.008355478822389,0.7881811351915321,1.3626205066475043,-0.059745626278399216,0.0528220354153888,0.011838744509861525,0.09000117304571391,0.09000117304571391,0.0,0.15836478246703817,0.31115545191830746,-0.7493766435692316,0.016067363066056668,0.018140871907790568,-4.923500590026521,0,0.47629727260490934
36.13791999999531,-2.0986284695726534,0.5833216537768087,1.408340521466925,-0.029980418952357646,0.052819030259685665,0.03107098508604717,-1.762091251093646,0.3494354106465758,1.350750349543144,-0.08018451863391615,0.013654805966830656,-0.07293601580755754,-1.885388486901097,0.5688335326860903,1.35653347195471,-0.06993313087757158,0.03327541013586028,-0.030462290914913346,0.09000117304571391,0.09000117304571391,0.0,0.15868539856367914,0.31087099394016326,-0.7495046777262521,0.016113474269247353,0.018140384601216357,-4.923855227908816,0,0.4761871397955301
36.14207999999531,-2.098753807982838,0.5835418631282078,1.4084697125544314,-0.030081218444303764,0.05285024433577419,0.031005861001552636,-2.58938824500647,1.0071717657245884,1.5124928624180716,0.06540648320700815,0.08524408291357662,0.11930756886525287,-2.237255475117577,0.7881835565612514,1.4347634583128788,-0.0031247417636394974,0.0589992311039624,0.04391128555591128,0.09000117304571391,0.09000117304571391,0.0,0.15901265903306494,0.3105882563914541,-0.7496313371888046,0.0161607750911807,0.01813913325181528,-4.924210678462453,0,0.4760770057568029
36.14623999999531,-2.0988795789040067,0.583762199385643,1.4085986297561501,-0.030185021080539793,0.0528807017844517,0.03094012841248187,-1.9484525284448253,0.11789705440681164,1.3824825642421834,-0.09806191164345893,-0.11303282198092354,0.10505276542595571,-2.0930561545192945,0.4528013810133712,1.408839792483069,-0.05048737635153262,-0.027424514410482215,0.07513188547239721,0.09000117304571391,0.09000117304571391,0.0,0.15934636792748405,0.3103069076166515,-0.7497547370748961,0.016209233774358546,0.018137202687362183,-4.924566951489711,0,0.4759668750245697
36.15039999999531,-2.099005794675375,0.5839826596997014,1.4087272695237099,-0.030291785128332437,0.05291047537402862,0.030873544214309483,-2.2869686622227774,0.2064672591164451,1.4918444426171407,-0.13874639189381063,-0.16607839203625566,-0.1151080500136035,-2.1903028584182738,0.329289013442028,1.4501037614485472,-0.09436856211119656,-0.09763468700857529,-0.020208859009195813,0.09000117304571391,0.09000117304571391,0.0,0.15968645398699824,0.3100268046952871,-0.749873892763172,0.01625882913782909,0.01813465057110218,-4.924924057100413,0,0.47585675139968364
36.15455999999531,-2.099132467636356,0.5842032412656173,1.40885562790581,-0.030401510635443815,0.052939575819802506,0.030806011704044574,-2.2027385370686012,0.12444959791012661,1.6960751643313026,-0.21469379489364082,0.04893238353690674,0.006245994564752274,-2.196968988497543,0.22696994960642436,1.5731034104756951,-0.1537315914726414,-0.02450447318657385,-0.006615244672151414,0.09000117304571391,0.09000117304571391,0.0,0.16003292964645746,0.3097479289671389,-0.7499884049675497,0.01630955085783154,0.018131507089257815,-4.925282005707648,0,0.47574663847642873
36.158719999995306,-2.0992596102086982,0.5844239412050621,1.4089837008181505,-0.030514217362134662,0.05296798546676226,0.03073749896170267,-2.0131790345238314,0.811894175766144,1.0472360503294225,-0.07777024909756017,0.10640437844459988,0.09835839277417727,-2.105233522411916,0.519656476030824,1.31036887277081,-0.11621877246748386,0.04142129019600217,0.046711359545600024,0.09000117304571391,0.09000117304571391,0.0,0.16038584691175817,0.30947031867722335,-0.7500981335511012,0.016361396695365956,0.01812778230281971,-4.925640808025595,0,0.47563653988099636
36.162879999995305,-2.099387234912275,0.5846447565470261,1.4091114840746226,-0.03062992885849307,0.05299568207135618,0.030667981553299885,-2.455856502578948,0.5485018613666001,1.4783188313473568,0.03399538977427702,0.12433244505679808,-0.05336701725067451,-2.2804760992052637,0.5343383874339245,1.3942323650744222,-0.04143738144647194,0.08267488823281233,-0.0025230567362308862,0.09000117304571391,0.09000117304571391,0.0,0.1607452654780714,0.30919402135492463,-0.7502029680624389,0.016414368994615194,0.018123475141926814,-4.926000475067815,0,0.47552645930513493
36.1670399999953,-2.0995153543481386,0.5848656842562457,1.4092389733046484,-0.030748664607217324,0.053022650212719326,0.030597415206197635,-1.9964867121260088,0.47173741809259173,1.028316036433383,0.15646233879706764,0.17877778168617156,-0.03260106947418896,-2.1381562711432394,0.5034097000516314,1.2112053699797076,0.05860083645772476,0.13053614183531026,-0.018300145276671606,0.09000117304571391,0.09000117304571391,0.0,0.16111123697484517,0.30891907092660764,-0.750302718015688,0.016468471879161298,0.018118580465853757,-4.9263610181451645,0,0.47541640044139627
36.1711999999953,-2.099643981175724,0.5850867212690439,1.4093661638531678,-0.03087043862050603,0.053048883071555475,0.03052573164466911,-2.1962220895594453,0.8539849439851235,1.8242211504548025,-0.18221515064693578,0.011015532033712278,-0.041808138752946006,-2.167569108528186,0.6787230541321957,1.5176310204405292,-0.06154187854180549,0.07060702623610761,-0.030259573514984744,0.09000117304571391,0.09000117304571391,0.0,0.16148380213030142,0.3086454841164433,-0.7503970959050765,0.01652370965417002,0.018113093001134922,-4.92672244886322,0,0.4753063669028763
36.1753599999953,-2.0997731280990997,0.585307864515025,1.4094930507146053,-0.030995261610075917,0.05307437903545767,0.030452846744967753,-1.9776769927157412,0.3803465402995148,0.9668829672339275,0.03264520066852537,-0.011782936157577806,0.08096268240774698,-2.072554845938964,0.5295069877543414,1.2424212037570679,-0.013961434704266184,0.030000771068687797,0.02550611927763445,0.09000117304571391,0.09000117304571391,0.0,0.16186299510655716,0.308373267224829,-0.7504857496798445,0.016580086290233942,0.018107008555984197,-4.927084779119399,0,0.47519636217197664
36.1795199999953,-2.0999028078663344,0.5855291109192158,1.4096196285132334,-0.031123144136364043,0.05309913700578992,0.030378671670740747,-1.9599742990891342,0.32044564612044707,1.3751263657379718,-0.007516999850419967,0.13265363045461043,0.055560802455475886,-2.016280776752196,0.42525077478749024,1.3088890414522896,-0.0100871917970153,0.0813181969362592,0.04112621319573048,0.09000117304571391,0.09000117304571391,0.0,0.16224884980612742,0.3081024255275416,-0.7505683072975126,0.01663760558232983,0.01810032357675863,-4.927448021100131,0,0.47508638958932453
36.1836799999953,-2.1000330332793617,0.5857504573889369,1.409745891519196,-0.03125409912658353,0.05312315273308333,0.030303121431048925,-1.7143427685181867,0.7021862651894433,1.458277281865054,-0.12040911419632624,0.09864144366392,-0.09255460652862042,-1.8655590621880003,0.5639245948461373,1.3833924427692113,-0.06574361313499481,0.09047605451411217,-0.026064662426961385,0.09000117304571391,0.09000117304571391,0.0,0.162641404927111,0.30783297062973514,-0.7506444110601216,0.016696271564712945,0.018093034102467355,-4.9278121872783265,0,0.47497645237393316
36.1878399999953,-2.1001638172092347,0.58597190079302,1.4098718336816736,-0.031388143169484926,0.053146416979926156,0.030226118994626933,-2.4247167980445092,1.168107529186961,1.5440481235168029,-0.10574673145684782,0.2036241679813921,-0.05108281072857171,-2.14535966729469,0.8664441553340513,1.4636152909151232,-0.08676470148786943,0.14688264920000946,-0.03863673401061027,0.09000117304571391,0.09000117304571391,0.0,0.16304070657124414,0.3075649241670605,-0.7507137341964838,0.016756088891254,0.0180851348269708,-4.928177290411273,0,0.47486655365879155
36.191999999995296,-2.1002951726121535,0.5861934379400587,1.4099974486630833,-0.031525296700478406,0.05316891528929156,0.030147595538328097,-2.2475515745035684,0.009456962345774755,1.6482284368274898,-0.1320032537817923,0.05951851086237652,0.05164459518351601,-2.1967307549359942,0.43806841551504017,1.556029544768851,-0.10945031133360648,0.10317892566427274,0.006993505027342154,0.09000117304571391,0.09000117304571391,0.0,0.16344680863078503,0.3072983182913047,-0.7507759819601417,0.016817063049680624,0.018076618575846564,-4.928543343538963,0,0.47475669652799424
36.196159999995295,-2.1004271125434406,0.5864150655596488,1.410122729864878,-0.03166558350893784,0.0531906287016213,0.03006748843073542,-1.9110782307243126,0.7728182333643908,1.2601032516201227,0.012770367548666367,0.19360717721681753,-0.049888180993225104,-2.0538749318192915,0.605848625588621,1.407961315448478,-0.048828711357593,0.14826155048156303,-0.021806229565960022,0.09000117304571391,0.09000117304571391,0.0,0.16385977181609845,0.3070331942528014,-0.7508308836279698,0.016879200401004695,0.018067476204964426,-4.928910359982809,0,0.4746468840471946
36.200319999995294,-2.100559650168515,0.5866367802878338,1.4102476704420892,-0.031809030017885986,0.05321153476440532,0.0299857385307182,-2.290685087037068,0.9482467393200733,1.230323541151272,0.15218403303827083,0.008398528338634935,-0.08517311088865312,-2.1719657256771367,0.7770661283798528,1.31896250745522,0.05195211364391541,0.07902115109556113,-0.05275462914264517,0.09000117304571391,0.09000117304571391,0.0,0.16427966222355372,0.3067696003924564,-0.7508781817216919,0.016942508100012084,0.018057696776974604,-4.929278353344651,0,0.4745371192848333
36.20447999999529,-2.10069279877121,0.58685857865615,1.410372263308109,-0.03195566464675486,0.05323160839587163,0.029902287844762173,-2.264573369404849,0.10312477011295695,1.400274121020451,-0.07781554567756549,0.2062867415436468,0.02022533758001268,-2.218432715736526,0.44051991554764347,1.359660086077753,-0.012603123868809752,0.14259205491527738,-0.01585327097782783,0.09000117304571391,0.09000117304571391,0.0,0.16470655006687202,0.30650759042262377,-0.7509176226357176,0.017006993966707077,0.018047267844884758,-4.929647337505986,0,0.47442740532537997
36.20863999999529,-2.100826571760352,0.5870804570828976,1.4104965011329853,-0.03210551739410455,0.053250822419433165,0.029817077970311624,-1.3905516518221388,0.6196067771163519,1.9775090816812055,-0.23447317821405259,-0.12805717515063106,-0.004622139634405224,-1.8049738346618414,0.5297974991424621,1.6685783975675759,-0.12364580554824144,0.007643055295118782,-0.009807696551717142,0.09000117304571391,0.09000117304571391,0.0,0.16514050884783618,0.30624722236537627,-0.7509489503953501,0.01707266636239188,0.01803617571557254,-4.930017326627368,0,0.474317745277407
36.21279999999529,-2.100960982675531,0.5873024118652944,1.4106203763383967,-0.03225861964294823,0.053269147775247376,0.02973004929871976,-2.506818234645617,0.16204635530977557,1.4604985719662769,0.03136396722563702,0.09336181260803472,0.10686929792755356,-2.1558362220636305,0.3461135801268906,1.5647586046890465,-0.045904456147487824,0.05047945500177712,0.04886428234778607,0.09000117304571391,0.09000117304571391,0.0,0.16558161497305535,0.30598855813622566,-0.7509719034491806,0.017139534097825336,0.0180244056307104,-4.93038833514796,0,0.4742081422792525
36.21695999999529,-2.101096045192703,0.5875244391715841,1.4107438810914361,-0.03241500412134236,0.05328655350954347,0.029641140729481357,-1.7895353940277137,0.536499996508316,1.4217964266122964,0.20199323757110843,-0.04518809997563029,0.11894973783043432,-1.972263362101322,0.44121385486455333,1.493523928667337,0.07815224463701728,0.0027843887518290895,0.08390185190272095,0.09000117304571391,0.09000117304571391,0.0,0.16602994767929052,0.30573166357373827,-0.7509862135045591,0.017207606378208805,0.018011941856335673,-4.9307603777852105,0,0.4740985995041565
36.22111999999529,-2.101231773129939,0.5877465350326572,1.4108670072981668,-0.0325747049366782,0.05330300665751304,0.02955028961537724,-1.9283559625439202,0.6903276457546884,1.44993396757668,0.12731300348059083,0.011668508928574538,0.03768872313069756,-1.9500440446451777,0.5657965809348288,1.4718063620512407,0.10248757139516923,0.007313731291240333,0.06112160678783448,0.09000117304571391,0.09000117304571391,0.0,0.16648558910880487,0.30547660868223514,-0.7509916052894209,0.01727689277634479,0.017998767702776024,-4.931133469534675,0,0.4739891201657447
36.22527999999529,-2.1013681804533597,0.5879686953330979,1.4109897465970511,-0.03273775762096107,0.053318472105787086,0.02945743173221636,-2.675410028301158,0.07042433484773103,1.287747808565202,-0.13599282285870745,0.26202958027000445,0.11905728100642161,-2.3130149443640344,0.3186523658966433,1.3800228081272334,-0.016751290549978634,0.13448203058642919,0.09038621795483774,0.09000117304571391,0.09000117304571391,0.0,0.16694862440561173,0.30522346791653926,-0.7509877964106622,0.01734740322107478,0.017984865505279383,-4.93150762566996,0,0.47387970752398995
36.229439999995286,-2.1015052812831683,0.5881909158017553,1.4111120903519272,-0.03290419915403445,0.05333291247776878,0.029362501170243315,-2.3623256630287637,0.49216829599166867,1.9461492378842005,0.03274507493127729,0.024761058938592227,-0.06286341529312936,-2.3376011606317615,0.405462098547043,1.66295970830115,0.007330499466649029,0.08008481056876258,0.013541412070791518,0.09000117304571391,0.09000117304571391,0.0,0.16741914176805112,0.3049723204206553,-0.7509744968981618,0.01741914798997123,0.017970216590404764,-4.9318828617428006,0,0.47377036489140223
36.233599999995285,-2.101643089899656,0.5884131920019633,1.4112340296441277,-0.03307406795705291,0.05334628804990883,0.02926543012810489,-2.0087616320885022,0.42320441027872047,1.1590704959311195,0.02164459116050836,-0.06436339968616313,-0.030675624212927168,-2.173133563257569,0.41420003835458874,1.4109470479134663,0.014240472808704477,0.007613283534023609,-0.00821622748016531,0.09000117304571391,0.09000117304571391,0.0,0.16789723244177138,0.3047232502057374,-0.7509514083559422,0.017492137699634813,0.017954801242624975,-4.93225919358325,0,0.47366109563912734
36.23775999999528,-2.101781620749087,0.5886355193214925,1.4113555552634491,-0.03324740386348773,0.05335855668700016,0.029166148637159668,-2.1445965115654713,0.8704345735939605,1.1626369691842802,0.08018900129718728,-0.06026572635453827,-0.05514008725581137,-2.1586984747610862,0.6421945429158629,1.2866764088516054,0.04741623157233766,-0.02603116498324509,-0.03207310805077321,0.09000117304571391,0.09000117304571391,0.0,0.16838299066796847,0.30447634628946757,-0.7509182228301925,0.0175663832911917,0.017938598675733046,-4.932636637299989,0,0.47355190320273244
36.24191999999528,-2.1019208884494187,0.588857892962238,1.4114766576978508,-0.03342424807957721,0.05336967377891079,0.029064584256392762,-1.9343184798325248,0.3979048105097221,1.1868278683249434,0.0636850502505379,0.1385696051948332,-0.14190034722956418,-2.046373660077734,0.5203352252597014,1.236456229205819,0.05517258843117407,0.056721629925076275,-0.0869498387296139,0.09000117304571391,0.09000117304571391,0.0,0.16887651360882688,0.3042317028331898,-0.7508746215566923,0.01764189601135474,0.017921587007405718,-4.9330152092807245,0,0.4734427910876069
36.24607999999528,-2.1020609077958525,0.5890803079295894,1.4115973271218922,-0.03360464314414678,0.05337959216433043,0.028960661769927083,-2.4510846952951253,1.244016596841793,1.4494742079649017,-0.06316979434935764,0.03602220762122822,-0.03418583620681723,-2.248863965003437,0.8822553654669933,1.3428935049423303,-0.003719826436490924,0.04663033632646501,-0.05956208539872687,0.09000117304571391,0.09000117304571391,0.0,0.16937790127364932,0.3039894193053022,-0.7508202737132064,0.0177186873905361,0.01790374323285608,-4.933394926192673,0,0.4733337628740249
36.25023999999528,-2.1022016937662396,0.5893027590213966,1.411717553383988,-0.03378863289290824,0.05338826203371443,0.02885430290297831,-2.066203608868283,0.454414446151448,1.549879449315213,-0.05771785682254606,0.053725245722115234,-0.054350913110982314,-2.1576520256603673,0.6684437109874427,1.4462744943379382,-0.03097242958486861,0.050152313268438845,-0.056772741682215445,0.09000117304571391,0.09000117304571391,0.0,0.16988725645230934,0.3037496006866873,-0.750754835244124,0.017796769219401404,0.017885043193794088,-4.933775804983121,0,0.4732248222219827
36.25439999999528,-2.1023432615263555,0.5895252408164364,1.4118373259925625,-0.03397626242783719,0.053395630809541315,0.028745426057846107,-1.9952218453597153,0.5857154246311276,1.1821363200949784,-0.14579460230768115,-0.041881642709134685,-0.04840851515725639,-2.0767405369386083,0.6269912632489313,1.3141022508584521,-0.08765995965522243,0.00443601288273876,-0.05229316347569484,0.09000117304571391,0.09000117304571391,0.0,0.17040468465903788,0.30351235772211727,-0.7506779477607944,0.017876153524582054,0.017865461540410847,-4.934157862880044,0,0.4731159728759279
36.25855999999528,-2.102485626435061,0.5897477476622933,1.4119566341011576,-0.034167578089259736,0.05340164300566563,0.02863394606283843,-1.7798423417203295,0.6450272439121577,1.5817903878493422,-0.16992974527562793,0.03666741290299468,-0.01305115190261611,-1.9286409153976591,0.6360845484559107,1.447922013645371,-0.12970092617295842,0.021077842017500275,-0.03313971725009673,0.09000117304571391,0.09000117304571391,0.0,0.17093029408185856,0.3032778072141991,-0.7505892374910325,0.017956852543507,0.017844971685696938,-4.934541117392766,0,0.4730072186694831
36.26271999999528,-2.1026288040493406,0.5899702736625795,1.412075466492509,-0.03436262742717955,0.05340624006867065,0.028519773924369496,-2.190528401758151,0.07645125911757134,1.3536785241788343,0.11814371836628443,-0.01341754267001525,0.3321029154866573,-2.0593408843034706,0.3562373195224689,1.401488393473328,-0.005732595908103828,0.003236185796508522,0.1504104622716531,0.09000117304571391,0.09000117304571391,0.0,0.17146419552998127,0.3030460723536894,-0.7504883142385507,0.01803887869777375,0.017823545752470984,-4.93492558631266,0,0.4728985635302282
36.266879999995275,-2.1027728101292094,0.5901928126634277,1.4121938115615662,-0.03456145916854963,0.0534093602035807,0.02840281657369942,-2.0026531877471956,0.016704015778060466,1.372313040457365,0.07237418090433298,0.03273130706672697,0.02069498417299136,-2.030844188783378,0.18653625258584342,1.386943774428089,0.032395288215001955,0.018039247307087624,0.08545684927625886,0.09000117304571391,0.09000117304571391,0.0,0.17200650237380194,0.3028172830826146,-0.7503747703165916,0.018122244564219257,0.01780115451391557,-4.935311287713866,0,0.47279001148458333
36.271039999995274,-2.1029176606424507,0.5904153582391987,1.4123116572974106,-0.03476412317793679,0.053410938185026804,0.028282976602647805,-2.1255242186288856,0.17291387742455738,1.6795148514594023,-0.173139614710254,-0.0399786536374631,-0.04344322368417611,-2.0785459289854957,0.17964072728164124,1.533141901912616,-0.06990827458492409,-0.010442856031785054,0.020581178713119413,0.09000117304571391,0.09000117304571391,0.0,0.17255733047000477,0.3025915764863064,-0.7502481794349153,0.018206962842812577,0.017777767328349826,-4.935698239954001,0,0.4726815666628134
36.27519999999527,-2.1030633717691583,0.590637903677339,1.4124289912640162,-0.034970670409804214,0.05341090515369025,0.028160151985348755,-2.2033213557919638,0.41610557113438207,1.328261352743575,-0.05459067547376789,0.07391764540254576,0.059347492952244084,-2.1410488205942944,0.2980278550811913,1.430823637967323,-0.06188594416301049,0.0320663405354124,0.03996030190574299,0.09000117304571391,0.09000117304571391,0.0,0.1731167980708802,0.30236909721671107,-0.7501080955282278,0.018293046320567788,0.017753352068653833,-4.9360864616748685,0,0.4725732333041714
36.27935999999527,-2.1032099599060374,0.5908604419623267,1.412545800579786,-0.0351811528510437,0.0534091883970434,0.028034235784762218,-2.073368700990387,0.3434751754529795,1.0956464935167538,-0.0720694255382415,0.025558573932549282,-0.06898674007343239,-2.107358395927293,0.3208033397434784,1.2630896673938357,-0.06687777947481327,0.029608481992044824,-0.01471659489116379,0.09000117304571391,0.09000117304571391,0.0,0.1736850257133344,0.3021499979474623,-0.7499540515179534,0.01838050783075767,0.017727875046428632,-4.93647597180312,0,0.4724650157621945
36.28351999999527,-2.1033574416704233,0.5910829657586304,1.4126620718958007,-0.035395623452578975,0.05340571111288455,0.027905115843566572,-2.6017417515787713,0.8959192848154225,1.5740587124730527,-0.019878909924348723,0.15429297350959342,0.06846957800718052,-2.35459519312588,0.6086852694710019,1.4187190612483618,-0.04323114907446242,0.09241977256084795,0.026736253053138592,0.09000117304571391,0.09000117304571391,0.0,0.1742621360866912,0.3019344398645813,-0.7497855580092976,0.01846936020676241,0.01770130093070138,-4.9368667895508604,0,0.472356918510174
36.28767999999527,-2.1035058339039594,0.5913054673926058,1.4127777913727126,-0.035614136048643504,0.05340039215410654,0.027772674458884154,-1.997764869959273,0.43693899008310577,1.3003264496612665,-0.1532618034432032,-0.004017321460629865,-0.06825127057885651,-2.1764966902023963,0.5228019252854595,1.3593816675584602,-0.09805888791219308,0.04451839636635745,-0.021569436181413045,0.09000117304571391,0.09000117304571391,0.0,0.17484825387325367,0.30172259319613753,-0.7496021019180544,0.018559616229868986,0.017673592660846994,-4.937258934416168,0,0.47224894614681784
36.29183999999527,-2.1036551536758843,0.5915279388332442,1.412892944656212,-0.03583674526200957,0.053393145753202365,0.027636788039849154,-1.8236156759400182,0.6982030515671983,1.389047645704217,-0.02633013548318148,0.10866222852194432,0.11346143994343563,-2.000109408339884,0.6107297489280875,1.3744500801198316,-0.061752579909699644,0.0765771380189597,0.04631269862627711,0.09000117304571391,0.09000117304571391,0.0,0.17544350556285254,0.3015146377829284,-0.7494031450256688,0.018651288570265413,0.01764471135335745,-4.937652426183508,0,0.47214110340213133
36.29599999999527,-2.1038054182858557,0.5917503716716815,1.4130075168509904,-0.036063506393125964,0.053383881224965554,0.02749732674680056,-1.7494244377420292,0.7248457828447825,1.2479068825210937,0.03581418046202774,0.19427849916954876,0.05477042343679527,-1.874691252525817,0.6681933147024789,1.3112906818732617,-0.012698431472426878,0.13510453635136466,0.050942446666291476,0.09000117304571391,0.09000117304571391,0.0,0.17604801923362598,0.3013107636949676,-0.7491881224552741,0.018744389720373362,0.017614616202076275,-4.93804728492399,0,0.47203339514353915
36.300159999995266,-2.1039566498453355,0.5919727515527876,1.41312150474854,-0.036295574275151815,0.05337117146545587,0.027357095411919875,-1.5557941620301965,0.619090519818233,1.6758811586305546,-0.009262132409216788,0.09254264045313665,-0.11717671122243441,-1.715259671503659,0.6438315682123642,1.4933442216547193,-0.01101380565562875,0.11502429458413126,-0.03285361448145939,0.09000117304571391,0.09000117304571391,0.0,0.17666413036448225,0.30111384406929326,-0.7489682618894394,0.018839086452862124,0.017582955643804264,-4.938443531116702,0,0.47192583772108815
36.304319999995265,-2.1041088634203486,0.592195072515116,1.4132348849678955,-0.03653125800320817,0.05335703095881398,0.02721125264532398,-2.2609602969942246,0.22140863819890572,1.7254751729600906,0.014290770777903763,0.09002407507698851,0.045378570802530716,-1.9880848634031727,0.432804945490675,1.609505124081837,0.0020143249687249237,0.1022609738884937,0.00653812007341162,0.09000117304571391,0.09000117304571391,0.0,0.17728846679206034,0.30091984944236605,-0.7487240965917497,0.018935222075906137,0.01755002099957298,-4.9388411854536205,0,0.47181842957953635
36.308479999995264,-2.104262074633324,0.5924173277342146,1.4133476345450267,-0.03677069111405618,0.05334125258366749,0.027059898511458156,-2.6453759160503614,0.10613676255067689,1.2227985482963453,-0.13411571250781218,0.08716562600068176,0.15927272682225857,-2.317013557736572,0.2696498479575392,1.4164803699664392,-0.06622862139449709,0.09472492690380785,0.08291627017179345,0.09000117304571391,0.09000117304571391,0.0,0.17792131164062164,0.30072920154531557,-0.7484559585688721,0.01903273451224162,0.01751591039680006,-4.939240268848844,0,0.471711170213428
36.31263999999526,-2.104416300424819,0.5926395085993327,1.413459732809813,-0.03701418995876166,0.05332340762834327,0.026903583548741724,-2.4406438453917114,0.18731812142228804,1.5097274413627788,0.17429476198844057,-0.08828573918964629,0.056505783982297955,-2.3784659761143456,0.22830105835733797,1.4632241454392074,0.053506779751419986,0.0026150874694954246,0.06872368551063014,0.09000117304571391,0.09000117304571391,0.0,0.17856331556666694,0.3005427677862207,-0.7481659914933046,0.019131634551463744,0.01748057391156058,-4.939640802467717,0,0.4716040619840291
36.31679999999526,-2.104571559032381,0.5928616047271338,1.4135711611860133,-0.0372620658149122,0.05330307067227443,0.02674281028803744,-2.4932450014924736,0.479624519044525,1.7965758076911376,0.01501636670094205,-0.045601209113660744,0.1473600284998338,-2.4358237952302475,0.3538707909765418,1.6302078241534241,0.03365667493178614,-0.022015449388207025,0.10851266427234572,0.09000117304571391,0.09000117304571391,0.0,0.17921512036023496,0.30036141075310274,-0.7478561529813691,0.019231968415018,0.017443888384385042,-4.9400428077546366,0,0.4714971100167735
36.32095999999526,-2.1047278695825624,0.5930836044257229,1.413681902027294,-0.03751453204359559,0.05327992766138723,0.026577801907334213,-1.8658668370104903,0.8446468948204264,1.7456972072580492,0.04203518871398272,0.12567850062694108,0.07038991538691364,-2.150753576481866,0.5995233735525514,1.6881011139469846,0.03769181445406058,0.05197169577566008,0.08878962981706028,0.09000117304571391,0.09000117304571391,0.0,0.17987717255449287,0.30018577125256585,-0.7475272842363039,0.01933378583795031,0.01740572008252369,-4.940446306449183,0,0.4713903211866635
36.32511999999526,-2.1048852516364462,0.5933054952007119,1.4137919373928776,-0.03777169293217082,0.05325378599733022,0.026408487740058727,-1.9191043409806305,0.10228397440615744,2.159634460602432,0.031114619875735217,-0.05264528466723677,0.15923921506895505,-2.034862334655287,0.3507908275488433,1.9242028089275378,0.03426630604762664,-0.00039436628415909886,0.12376508499751959,0.09000117304571391,0.09000117304571391,0.0,0.18054970061905468,0.300016247593082,-0.747179048316736,0.019437122444540298,0.017365958529576578,-4.94085132058942,0,0.4712837030271458
36.32927999999526,-2.105043724877707,0.5935272640820108,1.4139012482329467,-0.03803357790253252,0.05322453151174748,0.02623460161659302,-2.2628600840021362,1.1097809193270831,1.011090272381661,-0.09491305225641192,0.16963953645711297,-0.09314070931998061,-2.149060431896014,0.7306435506930398,1.4674475358124348,-0.030213760559181655,0.08484205712790072,0.014790119364884393,0.09000117304571391,0.09000117304571391,0.0,0.1812327831761329,0.2998530814473212,-0.7468103216884119,0.019541995703819127,0.017324523518868977,-4.941257872506315,0,0.4711772630087868
36.33343999999526,-2.1052033089861384,0.593748897724946,1.4140098140650175,-0.03830018602357365,0.05319207430443262,0.02605579969700548,-2.3779786003949925,0.534404250257341,1.7358026172254002,-0.008416575289449287,0.04105204465045303,0.00548783530798326,-2.2635377444524254,0.6326085501264443,1.6016374502708706,-0.01973959222529234,0.06264414848258769,0.01058126834693588,0.09000117304571391,0.09000117304571391,0.0,0.18192643803970615,0.29969646624854035,-0.746419665340005,0.019648409152064603,0.01728135607017936,-4.941665984814319,0,0.47107100827526277
36.337599999995255,-2.1053640236490407,0.5939703823448177,1.4141176129978636,-0.038571519096613036,0.05315630876920824,0.025871743883073194,-2.0033517383305424,0.2915247551578064,1.5424726882275783,-0.20477053873933532,-0.154517277269472,0.046359141890183184,-2.1338681481056603,0.46174393029681626,1.5721489044650419,-0.11257471347021658,-0.04643034723861938,0.029514432123447114,0.09000117304571391,0.09000117304571391,0.0,0.18263068850593994,0.2995466273322479,-0.7460056590379963,0.019756359138968373,0.017236404626452376,-4.9420756804018176,0,0.47096494571107106
36.341759999995254,-2.105525888633936,0.5941917035756933,1.4142246219002337,-0.03884759637480301,0.05311709541013905,0.025682136568790766,-2.1080290928240726,0.7273258521891999,1.7880741164176035,-0.07866541260682611,-0.050769752442105784,0.030803594361632915,-2.1211115546303287,0.5944333745934829,1.6801754485221818,-0.09586591866464447,-0.049669420067116304,0.030949154680037026,0.09000117304571391,0.09000117304571391,0.0,0.18334559291043656,0.29940385850334855,-0.7455670410565007,0.0198658402304293,0.017189613940151262,-4.94248698242303,0,0.47085908215418115
36.34591999999525,-2.105688923859581,0.5944128463265594,1.4143308165575776,-0.039128454154866675,0.053074260207880385,0.025486717762536942,-2.433813524089307,0.1974236271067794,1.4878367216320374,-0.10052843569265052,0.08263160334352321,-0.11875727587983753,-2.277673765627299,0.39609816010742366,1.5837584728513223,-0.09822480594480291,0.01620047258009484,-0.04425286758508642,0.09000117304571391,0.09000117304571391,0.0,0.18407124388131318,0.2992685234493278,-0.7451026971188494,0.019976847785590668,0.01714091940783275,-4.942899914291239,0,0.4707534246054482
36.35007999999525,-2.105853149432614,0.594633794671585,1.4144361717419907,-0.039414137527904895,0.053027602806115993,0.025285244259101614,-2.2432048820038673,1.3174201142790207,0.7580746721075518,0.06869795962324055,0.11178475110361426,-0.08371327617276361,-2.260295167253261,0.8569986492008864,1.1707374604182317,-0.015267256629878058,0.06371912969650659,-0.06435888292804834,0.09000117304571391,0.09000117304571391,0.0,0.18480775185231224,0.29914103945076753,-0.7446115771615626,0.020089377997727857,0.01709024620519203,-4.943314499672322,0,0.47064798036167393
36.35423999999525,-2.106018585644876,0.5948545317788232,1.4145406611900053,-0.039704690942797195,0.052976905737181744,0.02507746752351896,-2.1032195727026974,0.38755764706953344,1.318106957498475,0.02529908293461356,0.03171447047693043,-0.019762774563410867,-2.181704612941848,0.6223404298407956,1.2443806980095289,0.0054765822128711025,0.04791049203321561,-0.04137311855181115,0.09000117304571391,0.09000117304571391,0.0,0.18555522615537492,0.2990218589720207,-0.7440926066610414,0.020203426488267912,0.01703751108215449,-4.94373076247744,0,0.47054275706479765
36.35839999999525,-2.1061852529423852,0.5950750398634359,1.414644257519706,-0.04000015140220025,0.0529219403070524,0.024863119128140647,-1.8991502574805728,0.2595199198020061,1.3857260666862792,0.01770037830700146,0.060294930028422025,0.038184752725807264,-2.040387807227571,0.44105350428817247,1.31513388422041,0.01118641907873488,0.05388236861824899,-0.0016423742589707507,0.09000117304571391,0.09000117304571391,0.0,0.18631376136034664,0.29891145791891316,-0.7435446280405554,0.020318986541767795,0.01698262472035601,-4.944148726854045,0,0.4704377626957919
36.36255999999525,-2.1063531718806874,0.5952953001474262,1.4147469321249724,-0.04030054519248145,0.052862468157647516,0.024641905263940677,-2.0644354524476665,0.43070097008165487,1.3059993229209654,0.12100761819891684,0.04375189381935858,0.14392720846592177,-2.0521607428679043,0.4359665990052488,1.3108654792686767,0.06639632335584465,0.04957192667228703,0.07133735554178809,0.09000117304571391,0.09000117304571391,0.0,0.18708343067979666,0.29881033254957,-0.7429663783618037,0.020436047653813558,0.01692549337055896,-4.944568417174766,0,0.4703330055491879
36.36671999999525,-2.106522363077297,0.5955152928126094,1.4148486550731414,-0.040605887186346924,0.05279823964397738,0.024413507560583317,-1.8796353725777761,0.5943489381578619,1.1807471622776593,0.020290606964158686,0.15547195615118486,-0.1450474001350639,-1.9658546688815808,0.5154819136140955,1.2455039152761211,0.04335712589950375,0.10267883650139467,-0.03693704226811828,0.09000117304571391,0.09000117304571391,0.0,0.18786428452428822,0.2987190027723694,-0.7423564923050148,0.020554594590284095,0.01686601939306549,-4.9449898580240115,0,0.47022849421401325
36.370879999995246,-2.1066928471654376,0.5957349969410195,1.4149493950162784,-0.04091618115371954,0.052728990818432686,0.024177586352872333,-1.9207175217911263,0.6940985580528154,1.5089205827995094,0.11285624134457281,0.07987422172995576,-0.05611420744361392,-1.943050333958255,0.6049595591886054,1.3770983424922805,0.07776188286367991,0.09034639868156095,-0.04698894343665224,0.09000117304571391,0.09000117304571391,0.0,0.188656351079123,0.2986380182464309,-0.7417135149882331,0.020674606833374673,0.016804100932659077,-4.945413074182237,0,0.4701242375717391
36.375039999995245,-2.1068646447479487,0.5959543904429322,1.4150491191141452,-0.041231419802667986,0.052654440459048206,0.02393378348806183,-1.3426514724395775,0.6172657847441991,1.7117302667744376,0.05861318432950608,0.09800845901585689,-0.09901437297480789,-1.6427238421698374,0.6113160774170822,1.5442099726816705,0.06773387268960143,0.09443438073776982,-0.07264899079213587,0.09000117304571391,0.09000117304571391,0.0,0.1894596363398085,0.29856796440673594,-0.7410359129836368,0.020796058168894016,0.016739631182170672,-4.945838090607786,0,0.470020244809963
36.379199999995244,-2.1070377763475867,0.5961734499755748,1.4151477929616665,-0.04155158391313437,0.052574287834203405,0.023681723405103255,-2.7818670000653163,0.7193681465959592,1.6847266106027357,-0.13064450595866028,0.024269239615615473,0.1022356412908955,-2.212574506877914,0.6653920574243266,1.6146825268879708,-0.03174177423265248,0.059976574192728324,0.014491311914549764,0.09000117304571391,0.09000117304571391,0.0,0.19027412232742058,0.2985094670231932,-0.7403220784246813,0.0209189162002446,0.016672497626138875,-4.946264932416097,0,0.46991652544504303
36.38335999999524,-2.107212262349677,0.5963921508557366,1.4152453805139984,-0.041876640501675826,0.052488211238838865,0.023421012559666537,-2.451070668401645,0.14658655537608578,1.0450176873741097,-0.13066686787905962,0.17007706776646964,-0.10157192111284076,-2.3320943766796165,0.406339608080493,1.3296357402107695,-0.08199767898205836,0.11493482863209864,-0.043958871221339894,0.09000117304571391,0.09000117304571391,0.0,0.19109976335470996,0.2984631952202978,-0.7395703264765265,0.02104314167193099,0.016602581470433857,-4.9466936248559294,0,0.46981308934682786
36.38751999999524,-2.1073881229341285,0.5966104669681693,1.4153418440053736,-0.04220654026831483,0.052395866983841306,0.023151237930016003,-2.250105829111014,0.6548696565748218,1.7444195460491463,-0.10048562429851826,-0.1937085077666213,0.019271418811499148,-2.2913083212013854,0.530202982585731,1.5370716045908828,-0.0913439225237176,-0.03913591700547145,-0.012816601774134911,0.09000117304571391,0.09000117304571391,0.0,0.19193648084340387,0.2984298635930201,-0.7387788891076149,0.021168687578620893,0.016529757287657793,-4.947124193282208,0,0.4697099467613908
36.39167999999524,-2.1075653779950665,0.5968283706701167,1.4154371438611524,-0.04254121462510514,0.052296888467386476,0.022871965386896724,-1.9235505448536383,0.6629718945886304,1.6194910552574173,0.08119510883000491,0.17642043582484224,-0.08566616434829238,-2.1072574324632756,0.5969565057327455,1.5781049511353342,-0.005346889354145524,0.06805688185485816,-0.049827002457220236,0.09000117304571391,0.09000117304571391,0.0,0.19278415729219134,0.29841023416286,-0.7379459082938706,0.021295498089100928,0.016453892807454497,-4.947556663124987,0,0.4696071083307675
36.39583999999524,-2.107744047047127,0.5970458326913033,1.4155312386045966,-0.042880572494459056,0.05219088508477701,0.022582738426606522,-2.344509444133288,1.1775350669141211,1.4115822185522549,0.06547049255444615,-0.021142444449070666,0.02885358725746617,-2.225749747706693,0.8872060313495269,1.494902219379301,0.030454422205969466,0.023386904009206778,-0.010388436625221374,0.09000117304571391,0.09000117304571391,0.0,0.19364262976848834,0.2984051186613149,-0.7370694306640204,0.021423507325103744,0.016374848760437582,-4.947991059854026,0,0.46950458511069965
36.39999999999524,-2.1079241491176024,0.5972628220284119,1.4156240847605626,-0.043224496914153546,0.052077440906068403,0.022283077431817424,-1.7116866817181158,0.5963369427764418,1.1318650559191865,-0.07526638874962409,0.008308867719400405,-0.17388726773477653,-1.9688706322956717,0.7417860778247749,1.3130201021708485,-0.02265750725894717,0.01616432277658094,-0.09245691941490894,0.09000117304571391,0.09000117304571391,0.0,0.19451168300004187,0.2984153812847785,-0.7361474042489399,0.021552638018799232,0.01629247871481396,-4.948427408938412,0,0.4694023885879869
36.40415999999524,-2.108105702623335,0.5974793058333238,1.415715636758092,-0.04357284137588389,0.05195611317884392,0.02197247940708439,-2.029492110214738,0.5388498843665899,1.4806770851566131,0.2778047631818642,0.15765813704467738,-0.04437678049641409,-1.9986029693967793,0.6406448925115441,1.3967580211298947,0.12707345037991394,0.08670641545343252,-0.06868760903627552,0.09000117304571391,0.09000117304571391,0.0,0.19539104191794576,0.2984419418051837,-0.7351776771295904,0.02168280004919922,0.01620662889001165,-4.9488657358006485,0,0.469300530698674
36.408319999995236,-2.108288725230762,0.5976952492948541,1.4158058468334083,-0.0439254257824165,0.05182643076727093,0.021650418075902483,-2.3508854566784256,0.6884966681520539,0.9008685105900387,0.09670878594018288,0.08133490031139254,0.04878273721198727,-2.1745452024775855,0.6647397074187169,1.148911735739071,0.11173717740510243,0.08430083953204026,-0.010187478375449264,0.09000117304571391,0.09000117304571391,0.0,0.19628036341675423,0.2984857788155737,-0.7341579975350108,0.021813888840397627,0.016117137966698808,-4.9493060657645485,0,0.4691990238475754
36.412479999995234,-2.108473233697102,0.5979106155141599,1.4158946649345743,-0.0442820319216423,0.05168789263340904,0.021316344279862898,-2.292260463944543,1.0196035364311469,1.5106043330785692,-0.012962052362971585,0.13817354212736935,-0.0008540193259553644,-2.2334305662279204,0.8424614888167451,1.3297595862840133,0.049370833935132086,0.11124009459267806,-0.005904704147872501,0.09000117304571391,0.09000117304571391,0.0,0.1971792271298451,0.29854793289649106,-0.7330860151556562,0.02194578359833195,0.01602383692856002,-4.94974842399621,0,0.4690978809290445
36.41663999999523,-2.108659243690412,0.5981253653743125,1.4159820386292292,-0.044642398394414494,0.05153996643661286,0.02096968671716735,-2.056583695864955,0.5658180752049938,1.2403294933429863,-0.1487471610751318,0.13825174473862506,0.13705728837506975,-2.1453152232125934,0.704425161296151,1.2853298666814434,-0.04970439161605237,0.1248617611508711,0.0651452168649122,0.09000117304571391,0.09000117304571391,0.0,0.19808712508943943,0.29862950955233447,-0.7319592838251363,0.022078345365805205,0.015926548971570424,-4.950192835437292,0,0.4689971153486342
36.42079999999523,-2.108846769586128,0.5983394574047344,1.4160679130173273,-0.04500621497180177,0.051382087301259656,0.02060985314351791,-2.5647069022385294,0.19052714996403308,1.5419262928834216,-0.09355037629276981,-0.024856051099734232,0.012631618872891515,-2.355207940717608,0.44742126949404815,1.413655705267383,-0.07193171555877172,0.04981542633618105,0.03910500302107551,0.09000117304571391,0.09000117304571391,0.0,0.1990034502187246,0.2987316818155126,-0.7307752660693276,0.022211414883421838,0.01582508950992749,-4.950639324729721,0,0.4688967410453203
36.42495999999523,-2.109035824237729,0.5985528476413894,1.416152230651537,-0.04537311638427428,0.05121365679720633,0.02023623221036567,-2.282176342176593,0.22135268606424668,1.421324270841415,0.062328548996026516,0.028970704144892227,-0.015197524269223474,-2.318561349127803,0.3344472459563009,1.4174588420925924,-0.005117773203499914,0.03862896945074538,0.011759693107974933,0.09000117304571391,0.09000117304571391,0.0,0.1999274836614019,0.2988556924283179,-0.7295313402332615,0.022344810253040692,0.015719266302122746,-4.951087916130888,0,0.4687967725141394
36.42911999999523,-2.109226418719236,0.5987654894838568,1.4162349314687772,-0.04574267556168237,0.05103404219217063,0.01984819613764132,-2.061290823246025,1.0025298557029076,1.9002827705895338,-0.1403053118900479,0.1235751717350169,0.10952137844636459,-2.1902153219583362,0.6687490390631873,1.6591012654005688,-0.07308513171377223,0.0816829802486229,0.06098085481281843,0.09000117304571391,0.09000117304571391,0.0,0.20085838098223854,0.2990028554837456,-0.7282248109834044,0.02247832440873542,0.015608879719895071,-4.95153863341835,0,0.46869722482927695
36.43327999999523,-2.1094185620373933,0.5989773335507862,1.4163159527372227,-0.04611439635766204,0.05084257606306928,0.019445104426906116,-1.6036234914005398,0.7593860236003189,1.5449931174683815,0.034701935077434284,0.0703700405113994,0.0757535764109973,-1.8968440319167166,0.7142137609830198,1.6022044066076384,-0.018761452676117115,0.0763985445185496,0.06815065815972268,0.09000117304571391,0.09000117304571391,0.0,0.2017951573052249,0.29917455734852966,-0.7268529240245979,0.022611722408682304,0.0154937231871284,-4.951991499782978,0,0.46859811366775755
36.43743999999523,-2.109612260811625,0.5991883275357234,1.4163952290240234,-0.04648770581563129,0.05063855638491888,0.01902630883214645,-1.8824719557177523,0.9174743835305694,1.67826319996182,-0.19904231226238206,0.1463802912434918,0.21574634997064304,-1.8900715895305127,0.8161498907346106,1.6406836295926122,-0.10903745063692305,0.1114188773798706,0.14167557969629163,0.09000117304571391,0.09000117304571391,0.0,0.20273667149994168,0.29937225662909395,-0.7254128859189081,0.022744738571746092,0.015373583822899854,-4.952446537709471,0,0.4684994553339479
36.441599999995226,-2.109807520655559,0.5993984137577533,1.416472695174947,-0.046862362544211465,0.05042069328718677,0.018591876221635564,-2.056077527972267,0.5934028413797381,1.2681786566296354,-0.11628123237408483,0.075846980934375,-0.11220127832262232,-1.9733172824543908,0.7049334104317663,1.454196126050708,-0.11280288866716147,0.09322960383109304,0.014289421492546374,0.09000117304571391,0.09000117304571391,0.0,0.20368244562387278,0.29959859488172136,-0.7239047691051503,0.022877128002981376,0.015248115886293675,-4.952903768885729,0,0.4684012705454916
36.445759999995225,-2.110004339106846,0.5996075378753074,1.41654827465604,-0.04723642830890553,0.05018978821300551,0.01813907546234271,-2.190676043168332,0.11478716890390944,1.2649905377985198,-0.12951517010288352,0.22470670728171502,0.09744890722432296,-2.0822655191786077,0.4103239471150789,1.3597945784099899,-0.12214482187222084,0.15876568710146344,0.055921755701127306,0.09000117304571391,0.09000117304571391,0.0,0.2046285945333129,0.29985202099289543,-0.7223174019423103,0.02300842596910797,0.015117394587141411,-4.953363213932216,0,0.46830356992565747
36.449919999995224,-2.1102027114186477,0.5998156407047218,1.4166218907399981,-0.04760935483233926,0.04994467905946696,0.01766786014991794,-2.3365817630152996,0.0510431502672285,1.3763141730680035,-0.0717553306584138,-0.03283959470693328,0.04938913223167219,-2.2095737121091283,0.2306132890367245,1.3681560219241784,-0.0974137320688565,0.06270612993361377,0.05323160132043809,0.09000117304571391,0.09000117304571391,0.0,0.20557401516938387,0.30013492207681,-0.7206503683335149,0.023138234257550294,0.01498125846715891,-4.953824892272644,0,0.46820636750941963
36.45407999999522,-2.1104026304593244,0.60002265753728,1.4166934671606761,-0.0479805697623992,0.04968403981395786,0.017178340962728578,-1.7616323495770092,0.03877148632836391,1.5435719603071199,-0.009989825156949905,-0.0665164078651195,-0.11548170247202236,-1.9856204240659228,0.13455353275367612,1.455626775901083,-0.05382799538729757,-0.0023006165000212723,-0.03195855434347802,0.09000117304571391,0.09000117304571391,0.0,0.2065175538615997,0.30045001911743474,-0.7189038829031921,0.02326617496966596,0.014839397385129148,-4.954288821994859,0,0.4681096815982267
36.45823999999522,-2.110604094524384,0.6002285060293989,1.4167629426456367,-0.04835137561426987,0.04940363810853927,0.016674116390527235,-2.652828619522764,0.7498396940856409,1.6927402915251655,0.048823651052135264,-0.028097357018141568,-0.10751838434362898,-2.319127593915172,0.44214170999021707,1.5739623022189575,-0.0025303239764016138,-0.014828436899037576,-0.07009157777369115,0.09000117304571391,0.09000117304571391,0.0,0.20746181811062747,0.3008058727595868,-0.7170921788605764,0.023392104392753958,0.01469077293543251,-4.954755019885656,0,0.4680135536727978
36.46239999999522,-2.110807084896824,0.600433116959853,1.4168302325381459,-0.048717689385648785,0.04910662330897321,0.016149574202171682,-2.107710501136789,0.43571136001328664,1.3810019386138306,-0.06930110138737734,0.04134655529131243,-0.017295656509472165,-2.2135618983011045,0.43901288419711526,1.4774447625477252,-0.03582205721307727,0.013065745181618358,-0.043681046635337444,0.09000117304571391,0.09000117304571391,0.0,0.20839861010851393,0.3011962433987544,-0.7151925173347725,0.023515303685806975,0.014535674549917468,-4.955223500924847,0,0.46791799904288456
36.46655999999522,-2.111011576534219,0.6006364188801457,1.4168952491908764,-0.04907799297479717,0.04879246087024145,0.015603996655320376,-1.9003818758067925,0.6871212829087868,0.9859712429105643,-0.2628956893273134,0.07317060548808814,-0.08915891426059211,-2.0575155992768774,0.5632197436257089,1.2315204915169928,-0.14978271512155306,0.04372441186392847,-0.06707861293482226,0.09000117304571391,0.09000117304571391,0.0,0.20932486374329975,0.3016222732868158,-0.713201759813504,0.02363508826552059,0.01437421816223321,-4.9556942780372,0,0.4678230318946039
36.47071999999522,-2.1112175399490876,0.6008383345995985,1.4169579066499285,-0.04943121956844875,0.048459772668648864,0.01503779017252476,-1.9171698311695518,1.096837859717012,1.9165236040570184,-0.008317539989387883,0.03800078968345829,-0.022724392243881543,-1.987359724267106,0.8301102857382506,1.5739809146991586,-0.07872698358751122,0.04148346613646201,-0.045548512394529936,0.09000117304571391,0.09000117304571391,0.0,0.21023841248204894,0.30208680027890317,-0.7111212767306467,0.023750837425305628,0.014206248102317522,-4.956167361882839,0,0.4677286708931452
36.47487999999522,-2.111424940808892,0.601038780886127,1.4170181213789719,-0.049776206353076016,0.04810710876685772,0.01445153497039885,-2.603153428777044,0.6553673989848523,1.1750445965996605,-0.12814198556859346,0.07207187629135854,-0.06876093493965905,-2.2955267822400396,0.7428875153231295,1.374368417181425,-0.10373660133885478,0.056781331071802124,-0.057861909331219735,0.09000117304571391,0.09000117304571391,0.0,0.21113689263799287,0.3025928121289694,-0.7089531420632467,0.023861939821648515,0.014031464185419769,-4.956642760631486,0,0.4676349396676333
36.479039999995216,-2.1116337384263693,0.6012376700219505,1.4170758110993054,-0.050111428194566,0.04773339259762023,0.013845532880046337,-2.0379404321465606,0.2809075854793509,1.9043014132266964,0.04919381086672002,0.15147144266391252,0.16805249797169847,-2.1666309705686593,0.5122086570333523,1.639688549782494,-0.02656592263040104,0.10446502130553191,0.05489712161498178,0.09000117304571391,0.09000117304571391,0.0,0.21201720836731316,0.3031425531398555,-0.7066983182339613,0.023967736086113953,0.01384958460973932,-4.957120479697933,0,0.46754186457363495
36.483199999995215,-2.1118438844368836,0.6014349114130264,1.4171308939849347,-0.050435042523452815,0.04733793385822887,0.013219892551059435,-2.5223283518610455,0.4257238562895962,0.8954716647828254,-0.23008977324276608,0.043306061648817604,0.1230467213947144,-2.344959902462161,0.4690560253333284,1.267831980908767,-0.12871284756138182,0.07374592486322791,0.08841571545962333,0.09000117304571391,0.09000117304571391,0.0,0.2128756202611093,0.303737496723556,-0.7043569950599844,0.024067499676583927,0.013660427864901733,-4.957600521447428,0,0.4674494726159931
36.48735999999521,-2.112055322213942,0.601630412367428,1.4171832891301857,-0.050745066494003316,0.046920229056366655,0.012574834860204763,-2.371965581013833,1.0221169160950565,1.1785158713965622,-0.1021656821334658,0.014476326425752736,0.036771849534297345,-2.3586745956527047,0.7456219243118539,1.2232505123722646,-0.11584328130331532,0.04340653696514627,0.06224759951015633,0.09000117304571391,0.09000117304571391,0.0,0.2137080996458377,0.3043787441702773,-0.7019298147471967,0.024160452183049217,0.013463906491574192,-4.958082884891256,0,0.467357790845966
36.49151999999521,-2.112267986878553,0.6018240781979137,1.4172329179787022,-0.05103951950669467,0.04647979931658848,0.011910923643948247,-1.9741328584356026,1.2524109441058644,1.2335424653501317,-0.04650144310368321,0.02716329734205812,0.027958638382677148,-2.166496881721603,0.9990749733547931,1.2284559409743365,-0.08159808280247673,0.036010083905516736,0.04451535370926527,0.09000117304571391,0.09000117304571391,0.0,0.21451061409549,0.30506734945317027,-0.6994188005866439,0.024245790824409395,0.013259985611620935,-4.958567565388432,0,0.46726684692394527
36.49567999999521,-2.1124818055453978,0.6020158122249613,1.417279706004619,-0.05131648004271916,0.04601616649140639,0.011229126220034982,-2.008278412479147,0.30172899615232174,1.2650501721091074,0.08723583507012614,0.054770370641556286,0.16752338087956964,-2.087204977078439,0.6505102417508748,1.247103574660356,0.0027528275891851163,0.04576605644737649,0.10513719139692096,0.09000117304571391,0.09000117304571391,0.0,0.21527924152835753,0.30580436707911096,-0.6968276044722541,0.0243227120657453,0.013048654794229743,-4.95905455436154,0,0.4671766699431422
36.49983999999521,-2.1126967059668518,0.602205499537714,1.4173236005366172,-0.05157610114891917,0.04552495506064047,0.010534687679594056,-1.8946297182836054,0.798832669907816,1.6287934854563137,-0.13705273107524002,-0.06354560610780254,-0.08224062382924227,-1.9912007488349786,0.7245422634081015,1.4377816759578101,-0.06729342830360728,-0.009816905562735562,0.010723086303696793,0.09000117304571391,0.09000117304571391,0.0,0.21601421628127518,0.3065986770234848,-0.6941770823774167,0.024390623539724682,0.012829059426767531,-4.959543839173563,0,0.46708731462545405
36.50399999999521,-2.1129125934845177,0.602393052863072,1.4173645263743488,-0.05181300423985426,0.04501279808593894,0.009822201055579379,-1.8136055020744528,0.7011224794792636,1.3731811329116663,-0.10104436535909311,0.10020934613615018,0.043282166197592176,-1.9026125197088577,0.7130402822184276,1.4055719321847844,-0.08394188023970404,0.04536125626478453,0.02654175375769152,0.09000117304571391,0.09000117304571391,0.0,0.21670466928542165,0.30743707917633895,-0.6914453461726922,0.024448503829162853,0.01260232902762154,-4.960035402616287,0,0.46699879604223055
36.50815999999521,-2.113129369085748,0.6025783807860968,1.4174024207110725,-0.05202614429531964,0.04447870152595603,0.009094640813694398,-2.401008629577937,0.2616478516539851,1.8244118082005043,-0.04160850894511167,-0.016375498232213286,0.07915308309989921,-2.151899566335847,0.4873075860501933,1.6151592572032458,-0.06327812593303725,0.01414183400914174,0.05293056621310623,0.09000117304571391,0.09000117304571391,0.0,0.2173484081387988,0.3083216562211935,-0.6886441243674788,0.02449558549844921,0.01236889516540852,-4.960529222759719,0,0.4669111372620857
36.512319999995206,-2.1133469316690743,0.6027613848792408,1.4174372374633768,-0.052215019998295774,0.043920982354550824,0.008356020553035515,-2.331624391358679,0.5615545773885342,1.3018937103229842,-0.030067068400713753,0.062247782561598484,-0.18225968515407404,-2.2418257505707246,0.5245625952276325,1.4581462150047235,-0.04668651517540192,0.037460669333959355,-0.06513907546386867,0.09000117304571391,0.09000117304571391,0.0,0.2179443274990169,0.3092558780323077,-0.685789358836595,0.02453129925905248,0.012128680754397977,-4.9610252728596365,0,0.46682437436101965
36.516479999995205,-2.1135651769573967,0.6029419640444041,1.41746894424175,-0.052378869197399244,0.04333899963918912,0.007609626809583821,-1.8611962760150682,0.6125198625703111,1.2158235949852407,0.051094442708405255,-0.04058509393384835,-0.219711095150684,-2.0514015162533488,0.5684578689250008,1.3365262103338593,0.0019290933308565438,-0.001768959814984519,-0.14241215061159312,0.09000117304571391,0.09000117304571391,0.0,0.21849079634315233,0.3102411296270663,-0.6828941196226301,0.024555175078822954,0.01188156973111346,-4.961523521271985,0,0.46673855105819306
36.520639999995204,-2.1137839965795853,0.6031200194747112,1.4174975187537797,-0.05251670932526108,0.0427333032736756,0.006857882887131907,-2.057715555574622,0.29460962967058135,1.3918830477859427,0.09134137137993399,-0.028940693278197434,-0.0032523865229477627,-2.054369116826242,0.4314728526284991,1.3642006252456436,0.04688152900468116,-0.01593748787827582,-0.07398253565529067,0.09000117304571391,0.09000117304571391,0.0,0.2189857380164195,0.31127640826229724,-0.6799680485975358,0.02456680845395668,0.011627668721840475,-4.962023931388131,0,0.46665371260006866
36.5247999999952,-2.114003278759744,0.6032954568202631,1.4175229478363571,-0.05262772323813685,0.042104962932450356,0.006102979818579168,-2.3034730269233625,0.38828377219875354,2.045546621072513,-0.060267744979746955,0.023958663607916025,-0.03323847959439259,-2.1790468120460345,0.4099298423867579,1.7048090806391112,-0.007339269705903992,0.003046905539618701,-0.05352889173004857,0.09000117304571391,0.09000117304571391,0.0,0.21942740383607295,0.31235966551054417,-0.6770198844488894,0.024565885699936636,0.011367288703701326,-4.962526461622609,0,0.4665699036402093
36.5289599999952,-2.1142229101063847,0.6034681860157556,1.4175452284328915,-0.052711523193768595,0.041455006918186176,0.005347343168253516,-2.0825396393025435,0.4523811099889548,1.4935386900764975,0.10843481233845975,-0.01381014359322836,0.12343141574935027,-2.130567387365242,0.4311287342144842,1.5994289521712999,0.05072224049260922,-0.00619107421014053,0.03503061290884067,0.09000117304571391,0.09000117304571391,0.0,0.21981490368365114,0.31348893153593016,-0.6740593358125389,0.024552220149069062,0.011100813870846164,-4.963031065469414,0,0.4664871692862791
36.5331199999952,-2.1144427774930135,0.6036381206166928,1.4175643686058572,-0.05276817279084693,0.0407843042249287,0.004593641511759131,-2.2984613621739363,0.7962960100436735,2.0391264940951497,-0.01864133329326701,0.09009304739361043,0.12879592045124977,-2.2145542385303654,0.6139032375577369,1.8195510808502948,0.01600425874075766,0.04150281082360023,0.08075846206589984,0.09000117304571391,0.09000117304571391,0.0,0.22014825183374123,0.31466255200966703,-0.6710971182845625,0.024525768574274145,0.010828611921173983,-4.963537691623763,0,0.46640555660867516
36.5372799999952,-2.1146627694879006,0.603805177768863,1.4175803875103332,-0.05279807877285985,0.04009371652086336,0.0038445370742480377,-2.429472924362774,0.44005327678769446,0.9569841565520775,-0.05991001510867005,-0.06105813793008739,-0.02878474591186327,-2.3221405537003377,0.5268508034427248,1.388201762794724,-0.021535810076850806,-0.010137466212841749,0.025969187686582372,0.09000117304571391,0.09000117304571391,0.0,0.2204281516451564,0.3158788836877491,-0.668143955296385,0.0244866258871243,0.010551023819216212,-4.964046284157814,0,0.46632511502013746
36.5414399999952,-2.1148827773364984,0.6039692788052156,1.4175933144097566,-0.052801883663520836,0.03938424872461864,0.003102455861617654,-2.134423566438895,0.5502187305737384,1.7935072800828742,-0.08917591297582396,0.14517926792402042,-0.07960105442943118,-2.2284661784747355,0.5388380333765996,1.5906907994452946,-0.05537622466403625,0.06696559596393951,-0.026333034684284943,0.09000117304571391,0.09000117304571391,0.0,0.22065578147009493,0.31713599217913074,-0.6652096542132484,0.024435009168738774,0.010268393021126644,-4.964556782739166,0,0.4662458955684562
36.5455999999952,-2.1151026955520713,0.6041303503758668,1.4176031869144654,-0.052780371737504043,0.038657176956306105,0.0023694011301349143,-2.0880101970798677,0.5649166680909012,0.9775000421126288,-0.042494909708019626,-0.016914137185663064,0.13883384974976998,-2.1583251655740545,0.5518444352990848,1.2843813512591304,-0.04914196854897986,0.02402951556711226,0.05554218745453921,0.09000117304571391,0.09000117304571391,0.0,0.22083260688518597,0.3184313945033346,-0.6623023537326773,0.024371237923506664,0.00998110942089648,-4.965069122882369,0,0.46616794931893224
36.549759999995196,-2.115321967050182,0.6042895626237826,1.4176088790597627,-0.05262515954652731,0.03821093949980921,0.001366114871372399,-2.1275179578281853,0.9318066381476842,1.1598389141505856,-0.06591246288120926,0.15000224378396282,0.03394883566680212,-2.1430586086752523,0.7421412903764779,1.222181441778861,-0.057446062427036496,0.08648150725991012,0.04399295551071306,0.09000117304571391,0.09000117304571391,0.0,0.22074095652644599,0.31916608741668917,-0.6582998538113377,0.02428943353461014,0.009752592654030858,-4.965583232553153,0,0.46608961646709846
36.553919999995195,-2.1155401953384603,0.6044477728217541,1.4176096022816431,-0.05237478918676896,0.037970447513159755,0.0001735732513003334,-2.550998510363484,0.5584166997206024,1.5212099225201685,-0.09205679055552873,0.07626324977985562,0.03166774918745119,-2.347222499554235,0.6504358879523991,1.3717658099163617,-0.07493672086535232,0.08158788278971985,0.03678901105237382,0.09000117304571391,0.09000117304571391,0.0,0.2204576416261202,0.3194896319996572,-0.6535242124991442,0.024190442354983743,0.009598100233857359,-4.966099035097856,0,0.46600969965194405
36.55807999999519,-2.115757116769217,0.6046055752701003,1.4176048480192995,-0.05206114338154153,0.037872587603083416,-0.0011410229624546652,-2.2912135342820847,0.07212791838206467,1.71627703796457,0.09879546356293492,-0.04236712143908397,-0.055592202124663904,-2.3190138841645394,0.36118897096473546,1.5439092916895134,0.012760131658248174,0.01998524985413993,-0.009918449860941932,0.09000117304571391,0.09000117304571391,0.0,0.22004626617141787,0.31952786302500635,-0.6482431379582958,0.02407775306919023,0.009511454083302737,-4.966616451574036,0,0.4659273881966083
36.56223999999519,-2.115972568759841,0.6047633583482614,1.4175943235984565,-0.05170847774986555,0.037867938758692675,-0.002525861002323191,-2.191469063349047,0.4567205681125396,0.8799821106666538,-0.21605693131817383,0.11026498433566187,-0.13889895532864294,-2.255691396756706,0.4091841779207809,1.2116544072280266,-0.10094935034298869,0.06541171643341485,-0.07548601427140797,0.09000117304571391,0.09000117304571391,0.0,0.2195552565600037,0.31937939253579306,-0.6426633353693707,0.023955361190084266,0.009478786615392653,-4.9671354024250975,0,0.4658421720617088
36.56639999999519,-2.1161864616476094,0.6049213572112107,1.4175778945013024,-0.05133429306434289,0.037919727107816346,-0.003942983316949308,-2.4577362663555,0.8182711062005916,1.3153524343430552,-0.07975856469497478,0.19296938297251048,0.020439501787248692,-2.356881751949617,0.6141314282676065,1.2635488036892535,-0.09006147639453911,0.12939735648091583,-0.028560170439616585,0.09000117304571391,0.09000117304571391,0.0,0.2190195807669294,0.31911765098628714,-0.6369364747019391,0.02382682497749083,0.009485169465267248,-4.96765580861005,0,0.4657537633059374
36.57055999999519,-2.116398756315032,0.6050796974640384,1.417555537438874,-0.05095072018148346,0.038001660678664825,-0.005365694982831467,-1.7560180416676738,0.4952380296780143,1.522432111734143,-0.03662292067260839,-0.048335412422057356,-0.11022835152708221,-2.056522203709327,0.5545837356189779,1.3927651201806472,-0.06318365888282974,0.04036210239172372,-0.0704097082641652,0.09000117304571391,0.09000117304571391,0.0,0.21846350026829442,0.31879518098413784,-0.6311694369046223,0.023694958907232277,0.009517440546474246,-4.968177592326369,0,0.4656620316249747
36.57471999999519,-2.116609447407789,0.605238428983393,1.4175273044847654,-0.050565862261638964,0.038095564645081216,-0.006775908986040987,-2.167998751130807,1.0189619826310632,0.8897428829343346,-0.13394304050684402,0.12971945096806572,0.11000550677673468,-2.112539835666982,0.7870465723270001,1.141482545295853,-0.09856816632759474,0.0847220143998756,0.018221046755136038,0.09000117304571391,0.09000117304571391,0.0,0.217903242002425,0.3184483405576999,-0.6254348421960397,0.02356182607408467,0.009565093347722884,-4.9687006774435405,0,0.46556695476876087
36.57887999999519,-2.1168185512107778,0.6053975509100735,1.4174932968041338,-0.05018491271730826,0.038189262403337115,-0.008161843351584399,-1.9320477686421242,0.7935074535679284,1.5909828563743467,0.012708038916072951,0.025347377733664862,0.0567303765826568,-2.0222666185457,0.7903304221196541,1.3663556643278634,-0.04269112395027742,0.054729723559021434,0.036597840185348236,0.09000117304571391,0.09000117304571391,0.0,0.21734922572461185,0.3181015228012005,-0.6197801974974462,0.023428847570398027,0.00962025586322487,-4.969224989736609,0,0.46546858206487385
36.58303999999519,-2.1170260971375963,0.6055570294938962,1.417453646023057,-0.04981102243643422,0.03827486011744674,-0.00951618745848646,-2.035538590779307,0.5742164916516834,1.4773547805827665,-0.12723058691702877,0.10023369951399894,-0.04505206733168221,-2.0291682840510994,0.6824804619626792,1.4217635818108076,-0.08449836111542473,0.07746237716706614,-0.004841990868267824,0.09000117304571391,0.09000117304571391,0.0,0.21680779272340708,0.3177705744374965,-0.6142351870336635,0.02329694096679421,0.009677304799672073,-4.969750456984803,0,0.46536700845854784
36.587199999995185,-2.117232121907233,0.6057168105005583,1.417408501365239,-0.049445944712837635,0.0383474415988918,-0.010834717876286926,-1.519063836822495,0.10561198552430962,1.5249125879821275,-0.0378078641282722,0.025840184755826716,0.0065195883033786345,-1.7741924166047913,0.3940965579004154,1.473352939067265,-0.06053757023060676,0.051354563776987466,0.0005631128671731219,0.09000117304571391,0.09000117304571391,0.0,0.2162824919249912,0.3174653978350044,-0.6088171792709125,0.023166650125657398,0.009732387860364847,-4.970277008981705,0,0.4652623565200652
36.591359999995184,-2.1174366656599664,0.6058768276506611,1.4173580209832046,-0.049090500655905846,0.03840411602467663,-0.012115291688252759,-2.074429916064502,0.34370989845294314,1.245516770379461,-0.08292944964925329,0.01153143479094531,-0.09177617344833755,-1.924485860323368,0.3689274813425359,1.3592438895821408,-0.07168291639076166,0.031147093139643207,-0.04633193125473732,0.09000117304571391,0.09000117304571391,0.0,0.21577500832013707,0.3171918501845161,-0.6035352340703073,0.02303825311774986,0.009782977283956803,-4.970804577489669,0,0.4651547642556966
36.59551999999518,-2.117639769439004,0.6060370082491658,1.4173023662556326,-0.04874490696906097,0.038443343641147314,-0.013357134617317594,-2.4754301943677253,0.8345193549845515,0.9936702304133105,-0.04841586658524889,0.0790611765648746,-0.08105302309136271,-2.200062659520589,0.6018904068222206,1.1762878973603068,-0.060015607813383214,0.05544451174190382,-0.0646439425941714,0.09000117304571391,0.09000117304571391,0.0,0.2152858170533123,0.3169530886235479,-0.5983929376399033,0.022911846170461762,0.009827499671252429,-4.971333096161107,0,0.46504437702570595
36.59967999999518,-2.117841473613611,0.6061972768702053,1.4172416981352847,-0.048409001905668686,0.038464469049475584,-0.014560348883495292,-2.1012027907148942,0.6291367465088782,1.5726305125884776,0.09574390027525201,0.05328782323430893,0.12698942094378501,-2.150435141062266,0.6156246378989595,1.3747272839828568,0.01893714081941056,0.0543502184147639,0.030597267903364977,0.09000117304571391,0.09000117304571391,0.0,0.21481463448223717,0.31675050147620765,-0.5933903633021193,0.02278740614089623,0.009865049215547924,-4.971862500441993,0,0.46493134230396993
36.60383999999518,-2.1180418169383826,0.6063575577202152,1.4171761748873033,-0.04808239794517058,0.03846740400237222,-0.015725579515535326,-1.8609147924556764,0.9471815819583151,1.4157978791215544,0.05508779710273119,-0.1282966242701736,-0.2479501590527763,-2.0055561046116783,0.7811377053149289,1.3947466178226735,0.0359257621910856,-0.03654249661459359,-0.10840762047567043,0.09000117304571391,0.09000117304571391,0.0,0.21436072307862356,0.3165843413135094,-0.5885254016029009,0.02266483545592643,0.009895175236480418,-4.972392727467698,0,0.46481580636719844
36.60799999999518,-2.118240836033899,0.6065177761165345,1.417105950753558,-0.047764582923968325,0.0384524151166287,-0.016853792098892116,-2.02298788539857,0.0131130179461455,1.213716591990079,-0.04453479199056441,0.09983708175242359,-0.013646163893146416,-2.0143635339335475,0.3973291288106913,1.3042023258275817,-0.004883161164549765,0.03092538810082191,-0.06121149097792077,0.09000117304571391,0.09000117304571391,0.0,0.21392309349378452,0.3164541487299557,-0.5837946467362934,0.022543993512023464,0.009917729753668643,-4.972923715957672,0,0.46469791227299423
36.61215999999518,-2.118438565140648,0.6066778593821801,1.41703117522301,-0.047454985619672846,0.03841998375495774,-0.01794612733148662,-1.8243313724462387,0.6383066279103633,1.5501380854775455,0.03494932289737587,0.07618207558422233,-0.05066552815822986,-1.9192726905615505,0.5179790944909881,1.427067419532816,0.014675045621399032,0.0530347077079149,-0.05636028835341839,0.09000117304571391,0.09000117304571391,0.0,0.2135006356929346,0.3163590321343345,-0.5791939770652703,0.02242471801597188,0.009932760832060555,-4.973455406112999,0,0.4645777986854736
36.61631999999518,-2.1186350360458683,0.6068377373603498,1.4169519926912328,-0.047153017252867795,0.03837071476072897,-0.019003807626550198,-2.613247311069907,0.8425408720654269,1.4870760276658286,-0.09448210275824462,-0.10360651976318416,0.21233652733467295,-2.2664613857025726,0.6800467975243671,1.4575152711255133,-0.039892319128488715,-0.02529592124799602,0.0772622570773825,0.09000117304571391,0.09000117304571391,0.0,0.21309220201724252,0.31629785005804323,-0.5747189282879401,0.02230683907370577,0.009940439479138016,-4.97398773951913,0,0.46445559924951973
36.620479999995176,-2.1188302781164565,0.606997342684583,1.416868542364337,-0.046858096941193625,0.038305277815960825,-0.020028078454983434,-2.151439891216204,0.5406430054151501,1.6505453896982423,-0.028501053392214065,-0.06988079536207908,-0.08888065518638397,-2.2090097289449844,0.6101998845538673,1.553848493519105,-0.03390218793506997,-0.04821471980432041,-0.0066071231899148845,0.09000117304571391,0.09000117304571391,0.0,0.21269665820693073,0.3162693283571463,-0.5703649281547144,0.0221901881811137,0.00994101044059343,-4.974520659055051,0,0.4643314423140497
36.624639999995175,-2.119024318394088,0.6071566108942672,1.4167809583120476,-0.04656966663158017,0.03822437032419441,-0.02102017254942227,-2.1664233399090627,0.41294733281586116,1.0204367911941958,-0.08110834113712842,0.287141189046983,0.07499333237871005,-2.187883898298859,0.5121707672837056,1.28729596432239,-0.058002852849380684,0.11881978470257691,0.0336731182798993,0.09000117304571391,0.09000117304571391,0.0,0.21231291340922254,0.3162721344498919,-0.5661274400425191,0.02207460371097119,0.00993475964261792,-4.975054108809395,0,0.4642054508727199
36.628799999995174,-2.11921718172429,0.60731548045401,1.4166893696081153,-0.046287199248523384,0.03812869433826513,-0.02198128894374985,-2.018982488753972,0.15038336584691064,1.2789900866094914,-0.01740732728714897,0.0010363773271492988,0.035105455664986115,-2.1034672500844596,0.3312774754606704,1.283216927595671,-0.03817327826411153,0.05955822644704122,0.0339362828889625,0.09000117304571391,0.09000117304571391,0.0,0.21193993662918753,0.3163049235158179,-0.5620020473509493,0.021959934043107428,0.009921993019376157,-4.97558803400359,0,0.4640777426364142
36.63295999999517,-2.1194088909015787,0.6074738927146526,1.4165939005185413,-0.046010202549190686,0.038018942554220184,-0.022912581497765826,-1.6820271249251462,0.9369338567770618,1.854838002145017,-0.18122275109271546,0.016320159182767666,0.012038798103672237,-1.8931208553060295,0.6341431745557958,1.5690552916241114,-0.10984331752012623,0.03826656886137294,0.02357244113818161,0.09000117304571391,0.09000117304571391,0.0,0.2115767645979737,0.3163663665917824,-0.557984500042134,0.021846039144090154,0.009903023005993243,-4.976122380921848,0,0.46394843018246
36.63711999999517,-2.1195994668195866,0.6076317918400455,1.4164946707127712,-0.04573822032184208,0.03789579009429731,-0.023815153384816334,-2.0399717046469763,0.6503502375624222,1.244174636137366,-0.07450762660111063,0.1543477043071587,-0.03970695444485243,-1.9667006648148253,0.6425681370529175,1.4065312699133536,-0.09295497957100403,0.09616562544723756,-0.0086251573102009,0.09000117304571391,0.09000117304571391,0.0,0.21122250432336664,0.3164551671056855,-0.554070737359429,0.021732791151659776,0.009878160120441421,-4.9766570968476715,0,0.46381762114565467
36.64127999999517,-2.119788928619537,0.6077891247148121,1.416391795482559,-0.045470831988116876,0.03775988994398369,-0.024690055250945333,-2.341906000843207,0.24926732146163666,1.3846272472353747,0.03889916462622519,0.06289751509368079,-0.0020615054549270005,-2.154225657506079,0.4460468304613508,1.3955766729341441,-0.026743845217160722,0.07903924398734744,-0.006235947382761792,0.09000117304571391,0.09000117304571391,0.0,0.2108763324418912,0.31657007010893673,-0.5502568958588774,0.021620074339186682,0.009847707879220804,-4.9771921300064665,0,0.4636854184293004
36.64543999999517,-2.119977293833232,0.6079458408425868,1.4162853859593403,-0.045207651286821894,0.03761187066594483,-0.02553828557246429,-2.1127834217669506,0.8689084239323572,1.6457324654617322,-0.020746911672452815,0.13806586294484502,0.031209996583727456,-2.1335482687525937,0.657768098092328,1.5207240603128036,-0.023329291911857616,0.1083857957927326,0.011126373701102305,0.09000117304571391,0.09000117304571391,0.0,0.21053749272501984,0.31670986695799397,-0.5465393086293584,0.02150778470930262,0.009811959868408392,-4.977727429513807,0,0.46355192042289367
36.64959999999517,-2.1201645785185055,0.6081018922405494,1.4161755493248542,-0.0449483244656226,0.03745233551103402,-0.02636079227666596,-1.9444982091230485,0.548720918119294,1.2715525885600654,-0.19245704790616122,0.10253617637814835,-0.06187315613461039,-2.0394240625334072,0.6034573850951702,1.396008185920804,-0.10699692669932326,0.10528451634848698,-0.025512693256133093,0.09000117304571391,0.09000117304571391,0.0,0.21020529259231047,0.31687339720050933,-0.5429144994302848,0.021395829379172206,0.009771198188923007,-4.978262945328918,0,0.4634172212184939
36.65375999999517,-2.12035079738619,0.6082572333337567,1.416062389012188,-0.04469252824429463,0.03728186236974665,-0.027158475039920565,-1.8305864669994936,0.23507086517440434,1.0957760649343389,0.0014342595617056406,0.1515991730193272,0.012976613892298362,-1.9350007273292784,0.41957891676198106,1.245918399063876,-0.05283293271850585,0.12745434702863553,-0.006935754429229488,0.09000117304571391,0.09000117304571391,0.0,0.20987909915766234,0.31705954877814196,-0.5393791740882151,0.0212841258613235,0.009725692764250813,-4.978798628212932,0,0.46328141082118607
36.657919999995165,-2.120535963918311,0.608411820851322,1.4159460048959278,-0.044439967708973814,0.03710100421567107,-0.027932187902409224,-2.036020728385498,0.296171418664747,1.6081105919041692,-0.2098352016920461,0.13099455301595736,0.13927100255142835,-1.9859490195977816,0.358148622391734,1.4273076232501638,-0.13077887440532113,0.12833305679876014,0.06571892697857422,0.09000117304571391,0.09000117304571391,0.0,0.20955833513015681,0.31726725724230675,-0.5359302105914975,0.021172601305042164,0.009675701179138992,-4.979334429691508,0,0.4631445753511592
36.662079999995164,-2.1207200904776067,0.6085656137255933,1.4158264934710034,-0.04419037423102517,0.036910289825125155,-0.028682741981838764,-2.230989514096615,0.5210584490759272,1.4759297791542727,-0.057608558620828636,0.1804662833309357,-0.25497229272077204,-2.108592161485108,0.4399799307363438,1.4510910063273292,-0.09354645740552801,0.15444902074418443,-0.095712010467641,0.09000117304571391,0.09000117304571391,0.0,0.20924247475447882,0.317495504413201,-0.532564648754943,0.02106119173786812,0.0096214688369037,-4.979870302021422,0,0.4630067972362092
36.66623999999516,-2.120903188408703,0.6087185729949307,1.4157039480203426,-0.043943503463128746,0.036710224640980976,-0.029410908158602887,-2.072446734944763,0.7520266179982584,1.8125746235461837,-0.024284614125543735,-0.06488971552530631,0.01526736166511191,-2.090570324258799,0.5958717868186288,1.631866711201905,-0.05862296391563979,0.04416973988180439,-0.04004243826087994,0.09000117304571391,0.09000117304571391,0.0,0.20893103989735096,0.3177433167466802,-0.5292796799640895,0.020949841330327637,0.009563229300873206,-4.98040619816077,0,0.4628681553942509
36.67039999999516,-2.1210852681313694,0.6088706617103522,1.4155784587717553,-0.0436991334399618,0.03650129170116893,-0.03011741966095387,-2.4124371236113102,0.7119859932758859,1.3236980004068784,-0.08126809365692828,0.22159931782380052,-0.020492280644347036,-2.251674651098841,0.654391182394048,1.4777380098241535,-0.07011735616691427,0.13260404606406964,-0.03047718494840543,0.09000117304571391,0.09000117304571391,0.0,0.2086235963363564,0.31800976356777544,-0.5260726372889664,0.020838501696630922,0.00950120473586899,-4.9809420717424375,0,0.46272872540587834
36.67455999999516,-2.1212663392263513,0.6090218448461222,1.415450113044617,-0.04345706279566876,0.036283952584813435,-0.030802974513140253,-2.2042728868479435,0.9705675143552914,1.6143580630263654,-0.10534712623546943,0.04335678624626846,0.10575066156760733,-2.2281917405800815,0.8125719220310258,1.5462683142466451,-0.08812218485030164,0.08789940159792696,0.03793406122743685,0.09000117304571391,0.09000117304571391,0.0,0.2083197502753361,0.31829395526445203,-0.5229409861163926,0.02072713123758857,0.009435606397877943,-4.981477877050537,0,0.46258857967726413
36.67871999999516,-2.121446410514274,0.6091720892142423,1.4153189953869914,-0.04321710910137941,0.03605864834882526,-0.031468237830188754,-2.176489830990959,0.4874457610686025,0.478756893635386,-0.21393356777717862,0.13279401168276317,-0.0027466707042554037,-2.202785847321992,0.6502833254209426,1.0125002887274188,-0.15080454193458845,0.11007876817338237,0.017179086306004395,0.09000117304571391,0.09000117304571391,0.0,0.20801914509240993,0.31859504149726925,-0.519882315366988,0.02061569452805563,0.00936663514050005,-4.9820135689995215,0,0.4624477875938266
36.68287999999516,-2.121625490128111,0.6093213633827421,1.415185187703844,-0.04297910732087882,0.035825800439953454,-0.032113843955376704,-2.246457589343118,0.4397938699098083,1.519099276045006,0.011066555673743476,0.019851109779621012,0.14183722421001727,-2.224598893985858,0.5450779382773105,1.2660992122543087,-0.06993312121858467,0.06519969782767115,0.07908297914904307,0.09000117304571391,0.09000117304571391,0.0,0.20772145831897992,0.3189122094538647,-0.5168943293159423,0.020504161748871673,0.009294481919596385,-4.982549103115715,0,0.46230641566515296
36.68703999999516,-2.1218035855796935,0.6094696375976352,1.4150487693769969,-0.042742908379831086,0.03558581157432276,-0.03274039844327738,-1.3698084751271398,0.8305229318583647,1.72936183277267,0.10602707764570893,0.07381407669247432,-0.060267740135664216,-1.7969767150839282,0.6879567019454246,1.497608662241767,0.017817007945419953,0.06915130998380924,0.009294788795698424,0.09000117304571391,0.09000117304571391,0.0,0.20742639884058264,0.31924468216532076,-0.5139748400088018,0.020392508161936832,0.009219328285484212,-4.9830844355210155,0,0.4621645276616899
36.691199999995156,-2.1219807038207037,0.6096168837083892,1.414909817377433,-0.04250837784247717,0.03533906658095715,-0.03334847989530692,-1.9534707993812261,0.7952056476837007,1.3208084508977045,-0.03846749584957066,0.04953482742520772,0.04362436720609087,-1.8753052390111966,0.7416854524030202,1.4093000203892019,-0.010141115778046262,0.05910577264741344,0.025513226712661957,0.09000117304571391,0.09000117304571391,0.0,0.20713370430637096,0.31959171689064597,-0.5111217602440119,0.020280713626347383,0.009141346856933392,-4.983619522918557,0,0.4620221847437039
36.695359999995155,-2.1221568512985756,0.6097630750967559,1.4147684063705315,-0.04227539468926689,0.03508593320800037,-0.03393864165635189,-1.7763444295377933,0.863885171525218,2.038546907300003,0.024072696994494408,0.0980332224514368,-0.08046782128241062,-1.8257752316190234,0.8029911099341612,1.7237620862931802,0.007521531624077509,0.07806855590552067,-0.028235060569929683,0.09000117304571391,0.09000117304571391,0.0,0.2068431387369739,0.31995260357310473,-0.5083330970908536,0.020168762153183868,0.009060701774127516,-4.984154322580125,0,0.46187944558300087
36.699519999995154,-2.122332034007695,0.6099081866088057,1.414624608814773,-0.042043850188668894,0.0348267628919605,-0.0345114133820525,-2.5118298514580863,0.7617868962478522,1.116979553913915,0.019144550011642808,0.004671196918478556,-0.01842735789655782,-2.1687686076520123,0.7823977823617809,1.4203289449875007,0.013854276148920444,0.041686327461230084,-0.023668040532915463,0.09000117304571391,0.09000117304571391,0.0,0.20655449031511125,0.32032666336721444,-0.5056069459072503,0.020056641496424346,0.008977549129535835,-4.984688792335137,0,0.46173636647786853
36.70367999999515,-2.1225062575362643,0.6100521944900177,1.4144784950544136,-0.04181364685664052,0.034561891490867455,-0.03506730248624461,-2.6057788022569333,0.5739402728016741,0.9782767788145631,-0.15737969177650857,0.18036229514388796,-0.013640535696661814,-2.3876044333403126,0.6785438198004076,1.1992713449129575,-0.07159536511388077,0.11048527862621667,-0.01863001426316037,0.09000117304571391,0.09000117304571391,0.0,0.2062675693484414,0.320713247235012,-0.5029414848177272,0.019944342777472396,0.008892037376633638,-4.985222890561038,0,0.4615930014616758
36.70783999999515,-2.1226795271091703,0.6101950763232792,1.414330133406589,-0.04158469749745219,0.034291639982752434,-0.0356067954779252,-2.0596717081320484,0.6341319024794606,1.5207272554576121,0.06178994971923749,0.03551506088949796,-0.048256415626214626,-2.2235073270158887,0.656411377977577,1.359899645697729,-0.004876487584322686,0.07302549091931493,-0.0327047092289336,0.09000117304571391,0.09000117304571391,0.0,0.2059822063908897,0.32111173460869247,-0.5003349696191776,0.01983186014086881,0.008804307716997927,-4.985756576174927,0,0.46144940240554005
36.71199999999515,-2.12285184762717,0.6103368109696582,1.41417959024327,-0.04135692431993877,0.03401631513095681,-0.03613035919659493,-1.6753728866063822,0.9862725781545059,0.9608864228651157,0.014259002803633888,-0.1610024385954434,0.025296930778345134,-1.9494074342075867,0.821010243891194,1.16044418633232,0.005084930739512938,-0.04437644560977833,-0.004345797542052483,0.09000117304571391,0.09000117304571391,0.0,0.205698250511669,0.32152153211735607,-0.49778572907684493,0.019719190438875468,0.008714494466602753,-4.98628980862631,0,0.461305619115441
36.71615999999515,-2.123023223702685,0.6104773785118159,1.4140269300684603,-0.04113025812359793,0.03373621011786179,-0.036638441954296656,-2.072232931958655,0.9228182546681419,1.0090030467096724,-0.015394491506461945,0.12340320077674186,0.12576782088756278,-2.0108539973422688,0.8721730343122951,1.0849841860646692,-0.004704033399522182,0.038830638637469245,0.06068545021989895,0.09000117304571391,0.09000117304571391,0.0,0.20541556770032698,0.3219420723738843,-0.49529216058072906,0.01960633294275336,0.008622725402288856,-4.986822547890823,0,0.4611616994241365
36.72031999999515,-2.123193659692474,0.6106167601999352,1.413872215590993,-0.040904637549320194,0.03345160514862338,-0.03713147459210291,-2.3614644888185325,0.8881396547209754,1.1447191000543007,-0.11309046568329999,0.03130887474048389,0.05383412277397601,-2.186398826001197,0.8802213018013358,1.1149626569408781,-0.057974485713509556,0.035202944147443155,0.05792258871984595,0.09000117304571391,0.09000117304571391,0.0,0.20513403939869612,0.3223728128196695,-0.49285272613146286,0.019493289078695433,0.008529122089440124,-4.987354754464825,0,0.46101768927820996
36.72447999999515,-2.123363159727432,0.6107549384000452,1.4137155077932506,-0.04068000838989185,0.03316276802642869,-0.037609871458193056,-2.1386167723324303,0.5319565712988215,1.3227046185212716,0.08525336928229948,0.10022498466944574,0.25589937926204964,-2.1623302800196926,0.7062939410197551,1.2193673158549687,0.013697465694675509,0.06820199043150119,0.1569169753974961,0.09000117304571391,0.09000117304571391,0.0,0.20485356114953307,0.32281323462395284,-0.49046594862738524,0.01938006218651124,0.008433800191899564,-4.987886389360752,0,0.4608736328205547
36.728639999995146,-2.1235317277397474,0.6108918965446318,1.4135568659961084,-0.04045632295572914,0.032869954700784666,-0.03807403131414865,-2.70004154855547,0.44557514945361143,1.6664527287898712,-0.1961967378475194,0.006127467119433471,-0.09409176556218529,-2.431596671655661,0.5759465702250799,1.442720116661678,-0.09175972274842868,0.03663765858689911,0.03014290832322392,0.09000117304571391,0.09000117304571391,0.0,0.20457404135289695,0.3232628416348945,-0.4881304084285172,0.01926665729929121,0.008336869765142514,-4.988417414103138,0,0.4607295724685799
36.732799999995144,-2.1236993674876294,0.6110276190854244,1.4133963479203773,-0.040233539491651225,0.032573409790202124,-0.038524338175486575,-2.0472724771846966,0.10294220753506345,1.789872956925785,0.03534240351865379,-0.024780508870175147,0.034425487226348944,-2.239356794117098,0.3393895048264539,1.6163702964505984,-0.028976434091114767,0.005947639384803254,0.03241545764146769,0.09000117304571391,0.09000117304571391,0.0,0.2042954001232214,0.323721159379707,-0.48584474017349544,0.019153080942405,0.008238435533673174,-4.9889477907252076,0,0.4605855489884024
36.73695999999514,-2.1238660825777993,0.6111620914482605,1.4132340097449938,-0.0400116216407519,0.03227336708066938,-0.03896116209204126,-1.6563884748116418,0.8747276785963386,1.264499493167447,-0.09672284347728202,0.03131191494761368,0.09613657914983753,-1.9480691899012708,0.6071273158849694,1.440634318682339,-0.06310781647241982,0.018700144879239357,0.06334642566414819,0.09000117304571391,0.09000117304571391,0.0,0.20401756823638367,0.3241877341112844,-0.4836076298277992,0.019039340950303622,0.008138597153579823,-4.989477481765979,0,0.46044160156526825
36.74111999999514,-2.124031876485932,0.6112952999899317,1.4130699061621887,-0.03979053795178282,0.03197005000109206,-0.03938485987319244,-2.1542595836157385,0.8457661636039864,1.5571756204778189,-0.14932337820444502,-0.006236144216711023,0.12427056374641725,-2.0514763499823583,0.7264353722808357,1.4991649627560806,-0.10624271505467534,0.006265493464151715,0.09346871927141874,0.09000117304571391,0.09000117304571391,0.0,0.20374048616503704,0.3246621318989127,-0.4814178119432462,0.018925446299710436,0.00803744946111026,-4.990006450267788,0,0.46029776787043253
36.74527999999514,-2.1241967525752092,0.6114272319569192,1.4129040904298442,-0.039570261426626493,0.031663672076989544,-0.03979577576267312,-2.6742965593696493,0.16203360756051732,1.6206940727647998,-0.03807912201053142,0.10584560592439998,-0.06246124686455898,-2.362968383684765,0.44445189981796435,1.559800260416047,-0.07295031123938953,0.05547048396636967,0.015605153867425205,0.09000117304571391,0.09000117304571391,0.0,0.2034641031893435,0.32514393776064615,-0.4792740671120982,0.018811406957883442,0.007935082708107558,-4.9905346597741795,0,0.4601540841247081
36.74943999999514,-2.1243607141131458,0.6115578754459338,1.4127366144212312,-0.03935076910478201,0.03135443736349285,-0.040194242067119676,-1.6667670369855392,0.9180983596762555,1.2883626762679241,-0.05929603212402096,0.17934302340504957,-0.09181982991978879,-2.014987999210427,0.6816510036800884,1.4238884275892811,-0.06524578905724845,0.11762418098974349,-0.03802410755871451,0.09000117304571391,0.09000117304571391,0.0,0.203188376582626,0.3256327548355122,-0.47717521959734865,0.01869723374473431,0.007831582785071678,-4.99106207432811,0,0.46001058515888077
36.75359999999514,-2.1245237642868204,0.6116872193661786,1.412567528672305,-0.039132041681935854,0.031042540858765767,-0.04058057974228021,-1.6143494438617108,0.4642664999517319,1.6981573646072077,-0.20867432679020925,-0.11192574993628346,-0.10185548237667169,-1.815100179871154,0.5727259016757387,1.560812943803664,-0.1368425603546543,0.0021554834658658118,-0.06992847408085093,0.09000117304571391,0.09000117304571391,0.0,0.2029132708611876,0.3261282035930116,-0.47512013512627305,0.01858293820767548,0.007727031432583926,-4.991588658470404,0,0.4598673044711714
36.75775999999514,-2.1246859062166537,0.6118152534032569,1.4123968824267201,-0.0389140631599732,0.03072816889879311,-0.04095509894035036,-2.3786442371885004,0.5138950514450954,1.6624024989823558,-0.06372459692525627,0.139991565100421,0.12492775207882907,-2.097008263828012,0.5436020600118104,1.6118686786292333,-0.100496652583427,0.07067198527966288,0.02729470187275251,0.09000117304571391,0.09000117304571391,0.0,0.202638757098007,0.3266299210783373,-0.4731077188332117,0.018468532508155645,0.00762150644176943,-4.992114377238414,0,0.4597242742819176
36.761919999995136,-2.124847142968845,0.6119419679846508,1.412224723678713,-0.03869682052592196,0.030411499534525745,-0.04131809952168959,-1.8703845618694803,1.1615797454390653,0.7840048670112931,-0.2212802418467653,0.10206571805295134,-0.07463901740749414,-1.9841541742026167,0.8528065976194741,1.1977760952313128,-0.1613179492937802,0.08681071289797279,-0.023839871357440083,0.09000117304571391,0.09000117304571391,0.0,0.20236481229167438,0.32713756019135626,-0.47113691333707886,0.01835402931891833,0.007515081844444703,-4.992639196164861,0,0.4595815255856301
36.766079999995135,-2.125007477566585,0.6120673542467017,1.412051099213989,-0.038480303457567804,0.030092702892212587,-0.04166987153377225,-2.164642668133131,0.5427444993390048,1.5279357578518873,-0.10928474975081962,0.04543260128624366,-0.11316281784721835,-2.074626943660653,0.6978681668403374,1.3626233094942144,-0.13532851486347108,0.06598508887234923,-0.06871105931485791,0.09000117304571391,0.09000117304571391,0.0,0.20209141878768955,0.3276507889980913,-0.46920669694568684,0.01823944173109536,0.007407828093541176,-4.9931630812767915,0,0.45943908820057455
36.770239999995134,-2.125166913000142,0.6121914040030259,1.4118760546487386,-0.03826450405360234,0.029771941517804663,-0.04201069566008072,-2.3399833923693936,0.7444720369165827,1.2338226131502952,0.020523170917080107,-0.0698636144176985,-0.04727245633450017,-2.207263494659183,0.7210269734040643,1.2981253829630428,-0.0578177918784263,-0.0028247831983992822,-0.05878567248487306,0.09000117304571391,0.09000117304571391,0.0,0.2018185637485972,0.3281692900718852,-0.4673160819746628,0.01812478317031328,0.007299812234372529,-4.993685999094641,0,0.4592969908160129
36.77439999999513,-2.125325452235918,0.6123141097143016,1.4116996344668997,-0.03804941658636612,0.029449370706164213,-0.04234084364130385,-1.5796633059755607,0.7017066899066555,1.6753530653511859,-0.15856953994816814,0.024133995125347307,0.019712718108147627,-1.8937891460922307,0.711419408383902,1.4867824100357223,-0.10803461470007086,0.00944409645753179,-0.01932240829407414,0.09000117304571391,0.09000117304571391,0.0,0.20154623866685856,0.32869275986468605,-0.4654641131710529,0.01801006732105503,0.007191098067263503,-4.994207916631358,0,0.45915526103723453
36.77855999999513,-2.1254830982245654,0.6124354644593676,1.4115218820557702,-0.03783503727537438,0.029125138815855066,-0.04266057867106176,-1.7602730423710493,0.4938694760799311,1.021131082049165,-0.13749788262101695,-0.038718636313357584,-0.03676196047316599,-1.8273166225254516,0.6025648489322284,1.2538788268677121,-0.12253789961930787,-0.015818317331217673,-0.02890802885321013,0.09000117304571391,0.09000117304571391,0.0,0.2012744389203364,0.32922090810504256,-0.4636498662351043,0.017895308058578863,0.007081746302035335,-4.994728801391575,0,0.4590139254284964
36.78271999999513,-2.1256398539082317,0.6125554619075766,1.4113428397400698,-0.037621364079967835,0.028799387570170205,-0.04297015576811973,-2.059822869453144,0.5576304820817078,1.0459147463465333,0.04329605945300897,0.16626968335869666,0.23281374912935332,-1.9434826640880452,0.5804423265147863,1.1503822604957736,-0.03898447714548451,0.07562787154459756,0.10064588437599135,0.09000117304571391,0.09000117304571391,0.0,0.20100316336320972,0.3297534572227079,-0.46187244643133607,0.017780519387750094,0.006971814704801457,-4.995248621370792,0,0.45887300955398325
36.78687999999513,-2.1257957222270214,0.6126740962923477,1.411162548814541,-0.03740839650955851,0.028472252345060137,-0.04326982212691019,-2.6236750508718725,1.1141470226870598,1.574108794969531,-0.02411361228620952,0.32248798733608136,0.1560686925010124,-2.2836330650717853,0.8479694837287145,1.362571912747017,-0.031890264181445964,0.19889359707205173,0.1289299504165066,0.09000117304571391,0.09000117304571391,0.0,0.20073241395282176,0.3302901417984647,-0.4601309872812695,0.017665715388194097,0.006861358237501657,-4.995767345054564,0,0.45873253801689373
36.79103999999513,-2.12595070612473,0.6127913623858668,1.4109810495751742,-0.03719613545004548,0.028143862444590148,-0.043559817448017187,-2.33770181142036,0.414438325766349,1.1702247909474786,0.04342084723114818,0.024302042847433272,-0.009125868461622999,-2.3105771321578747,0.6312533206091472,1.266378151400051,0.005582401264845541,0.11069446414324108,0.05984978969452566,0.09000117304571391,0.09000117304571391,0.0,0.20046219540761684,0.33083070803762277,-0.4584246493344435,0.01755091016522406,0.006750429190578813,-4.99628494141766,0,0.45859253449675047
36.79519999999513,-2.126104808553918,0.6129072554748856,1.410798381349132,-0.03698458300510596,0.027814341364490004,-0.04384037425011477,-1.2460202695062366,0.18912699670091754,1.664598903437512,-0.07365961074258619,-0.026461832063335727,0.09760074494328908,-1.7784443883309657,0.41013390340945893,1.4656954197986576,-0.034068695326109136,0.04122190312513372,0.07819435002749321,0.09000117304571391,0.09000117304571391,0.0,0.20019251489430617,0.3313749132661169,-0.4567526190068367,0.01743611780604197,0.006639077309171407,-4.996801379923193,0,0.45845302178502423
36.799359999995126,-2.126258032480381,0.6130217713375703,1.4106145825234457,-0.03677374235116333,0.027483807044337175,-0.04411171816470448,-2.2502966503688797,0.5098226043971814,1.2541076270758735,0.13348719820081784,0.04137659814803575,0.09497604020242172,-2.0140961878599257,0.4600676034575722,1.3600982334489171,0.04970632707791224,0.04005393691910893,0.08627484877440061,0.09000117304571391,0.09000117304571391,0.0,0.19992338174154428,0.331922525448613,-0.45511410748734704,0.017321352340751564,0.00652734991317091,-4.997316630521694,0,0.45831402181916064
36.803519999995125,-2.126410380887068,0.6131349062213574,1.4104296905725502,-0.036563617604927545,0.027152372108893125,-0.04437406821490639,-1.8317500734960501,0.31073674962677356,1.4513884977504805,-0.03098494081133868,0.048028023769739345,-0.0935411858415045,-1.9229876384517095,0.38550010969849896,1.4055502203442438,0.01000823781517621,0.04448226088893606,-0.003996179493214745,0.09000117304571391,0.09000117304571391,0.0,0.19965480717888834,0.33247332272717234,-0.4535083497026994,0.017206627707759565,0.006415292011472415,-4.997830663650133,0,0.4581755557150892
36.80767999999512,-2.126561856777495,0.6132466568217703,1.4102437420847191,-0.036354213702481604,0.026820144099094015,-0.04462763707943981,-2.428508556745638,0.44991711195578565,1.376096036029775,0.024056104263108807,-0.1302215117047496,-0.030814921327798374,-2.17570236985387,0.41743861021050926,1.3907600791877879,0.017401938238030597,-0.04305346405758526,-0.018005479953768888,0.09000117304571391,0.09000117304571391,0.0,0.19938680409809845,0.33302709297971644,-0.4519346033396915,0.017091957723174973,0.006302946410729551,-4.99834345023086,0,0.45803764379829154
36.81183999999512,-2.126712463178699,0.6133570202621583,1.4100567727874573,-0.036145536288983975,0.02648722569314732,-0.04487263134281981,-2.2028979040846117,0.030177705284707756,1.314489468386406,-0.009055238674355946,0.09297257566042354,0.055531950434552654,-2.1893185791278813,0.2239989843825364,1.3527402053235067,0.0038948229216834687,0.02487572690256093,0.01853715264875469,0.09000117304571391,0.09000117304571391,0.0,0.1991193868344739,0.33358363339742747,-0.4503921479183264,0.01697735605384907,0.006190353818901682,-4.998854961670473,0,0.4579003056334988
36.81599999999512,-2.1268622031437743,0.6134659940743173,1.4098688175719045,-0.03593759161813362,0.02615371491815677,-0.04510925173269155,-2.12417172867389,0.7287673491763125,1.2285635394548506,0.1658216800395785,0.17250099226914814,-0.049264172794221635,-2.1564013790591,0.47674617124631397,1.2905488584807392,0.08561015650921637,0.09835419635252118,-0.01551451147830706,0.09000117304571391,0.09000117304571391,0.0,0.1988525709684813,0.3341427500800005,-0.4488802839149298,0.016862836193728928,0.006077552943860625,-4.999365169858596,0,0.4577635600530882
36.82015999999512,-2.127011079754027,0.6135735761799536,1.4096799105162996,-0.03573038646059653,0.025819705352697574,-0.04533769334517658,-2.0056188775320845,1.0240483187509013,1.1748294520102482,-0.17406309583616245,0.11950340154310804,0.014345037591216928,-2.0813725146530357,0.750649930418461,1.232718334239433,-0.04353894842375322,0.10878700063562827,-0.0006594841119033938,0.09000117304571391,0.09000117304571391,0.0,0.19858637314472222,0.3347042576487883,-0.4473983319287782,0.016748411443222692,0.005964580587311416,-4.999874047166566,0,0.4576274251842402
36.82431999999512,-2.1271590961207796,0.6136797648729568,1.4094900849085537,-0.03552392802065008,0.025485286320777706,-0.04555814585904908,-2.4954275454451245,0.619333232661562,1.8381846812142375,0.006426204105607895,-0.02444856225888281,-0.09737869069006169,-2.288389577652748,0.684939750712906,1.5352529133825112,-0.01855159873857646,0.04220642335279503,-0.04887526105382119,0.09000117304571391,0.09000117304571391,0.0,0.19832081090571074,0.33526797887546966,-0.44594563189302505,0.016634094891299953,0.005851471734275094,-5.000381566446024,0,0.45749191847491755
36.82847999999512,-2.1273062553868645,0.6137845588024462,1.4092993732679728,-0.03531822386041697,0.025150543077459616,-0.04577079373938004,-2.2950018015151685,0.9398771713703005,1.4212592220478906,0.01691325164540481,0.023387598497349175,0.031168980608756523,-2.2916603865480134,0.8124591564979291,1.478319347692715,-0.0009032977567321233,0.03267030702034423,-0.008496227467874004,0.09000117304571391,0.09000117304571391,0.0,0.19805590254305877,0.33583374432766616,-0.4445215423223603,0.016519899400076594,0.005738259638341361,-5.000887701027405,0,0.4573570567187227
36.832639999995116,-2.127452560727827,0.6138879569565572,1.4091078073661754,-0.03511328183101222,0.024815556986625503,-0.04597581643141707,-1.9952841019921235,0.20016702713704548,1.1981936242048072,0.062321342564797814,0.05487686537966378,-0.1480410499396103,-2.1433407111270006,0.5064232171090117,1.3379465324388116,0.03078543242797805,0.04364353406411976,-0.0782249640461819,0.09000117304571391,0.09000117304571391,0.0,0.19779166695990208,0.3364013920285493,-0.4431254396009544,0.01640583759164927,0.005624975902922054,-5.001392424718319,0,0.4572228560786867
36.836799999995115,-2.127598015352869,0.6139899586469367,1.408915418247237,-0.03490911001009341,0.02448040569109775,-0.04617338854520423,-2.1472402961364203,0.0967015982662649,1.0623716598676387,-0.10532256823084885,0.13335247762620328,0.0013377460950136089,-2.1455083738089478,0.30183650081986096,1.2001591446379636,-0.037848877511211486,0.08868898459207238,-0.038061310241435234,0.09000117304571391,0.09000117304571391,0.0,0.1975281235460885,0.336970767132126,-0.44175671730096666,0.01629192183696978,0.00551165055868683,-5.001895711801843,0,0.45708933211004016
36.840959999995114,-2.127742622505558,0.6140905634939181,1.4087222362471055,-0.03470571664525286,0.024145163275540567,-0.04636368003157753,-1.8709260858179946,0.528451974685065,1.2826732178000109,-0.22629861513140315,0.14780295948080507,-0.15265983665505367,-2.0086863444161236,0.41545383791218843,1.241100467325877,-0.13189750227139585,0.11795918383444594,-0.09594790742320658,0.09000117304571391,0.09000117304571391,0.0,0.19726529206743942,0.33754172161118856,-0.440414785537932,0.016178164246564694,0.00539831213738216,-5.0023975370346845,0,0.456956499782016
36.84511999999511,-2.1278863854643193,0.6141897714123447,1.4085282910123138,-0.03450311010278606,0.023809900422376892,-0.04654685635000397,-1.6975774508423946,0.6636577188675886,1.3146708381018697,-0.03156822426933134,0.04573325191903291,-0.1938855956510696,-1.8531954475867276,0.5396532936710521,1.2774831989482354,-0.08170757209179443,0.08153606170308994,-0.1450584966820647,0.09000117304571391,0.09000117304571391,0.0,0.19700319256119736,0.3381141139595077,-0.4390990703526538,0.01606457666292086,0.005284987742202628,-5.002897875645259,0,0.45682437349872607
36.84927999999511,-2.1280293075427417,0.6142875825980157,1.4083336115180274,-0.034301298821399644,0.023474684561055434,-0.04672307862875733,-1.6622223572309522,0.5686061893299962,1.277824908855568,-0.07469023938894223,0.22707501876814712,-0.13749938195951336,-1.7578635903327433,0.554601233079714,1.2773696231347176,-0.07787684180922883,0.1547868964327518,-0.14203027656305064,0.09000117304571391,0.09000117304571391,0.0,0.1967418452458039,0.33868780890626654,-0.4378090131248318,0.01595117065437677,0.005171703114885504,-5.003396703331649,0,0.4566929671191586
36.85343999999511,-2.1281713920897016,0.6143839975147279,1.408138226085453,-0.03410029127043859,0.023139580010929563,-0.046892503817866346,-1.6695982476131386,0.7364622424924782,1.2119833659903347,0.015456670184111586,0.0228411923561805,-0.11658306382688138,-1.7136980101407235,0.6455798230910688,1.2444334568081525,-0.03128422787596564,0.08915728527103098,-0.1292646212912379,0.09000117304571391,0.09000117304571391,0.0,0.1964812704358382,0.3392626771428705,-0.4365440700116775,0.015837957510368705,0.005058482699685922,-5.003893996259459,0,0.4565622939763341
36.85759999999511,-2.128312642489336,0.6144790168818864,1.4079421623986395,-0.03390009591227126,0.022804648118026905,-0.047055284835242024,-2.04053198889233,0.7665824296993057,1.6311897778860578,0.06885919927366871,0.14609571035054592,-0.13907125143641413,-1.8769737783261549,0.7063835081977327,1.4375245365641158,0.01864496361123017,0.11874788721248832,-0.1339158546941022,0.09000117304571391,0.09000117304571391,0.0,0.19622148846747528,0.3398385950611425,-0.435303711413742,0.015724948237897517,0.004945349704383271,-5.0043897310595655,0,0.45643236689566086
36.86175999999511,-2.1284530621608715,0.6145726416626611,1.4077454475206963,-0.033700721168489475,0.022469947385934858,-0.04721157070633934,-2.5330339689888186,0.4419950071216546,1.3419062074821757,-0.00519233933539472,0.15122982348897032,0.08096317643555122,-2.2050197728609255,0.5745017488098437,1.3898838928132708,0.006972351331522334,0.13508891898824185,-0.026869387373874534,0.09000117304571391,0.09000117304571391,0.0,0.19596251962978017,0.34041544450335737,-0.43408742146290696,0.01561215355909127,0.004832326158455058,-5.00488388482577,0,0.45630319821252463
36.86591999999511,-2.1285926545583282,0.6146648730526657,1.4075481079094558,-0.033502175389598196,0.022135533601094257,-0.047361506697736734,-2.5419926670552866,0.4636424794124179,1.493420104437881,0.02062314831657907,0.1498212192476744,0.0754126146697828,-2.373465558844723,0.5193837136486984,1.4418089541368027,0.013737479204356471,0.14209277750805574,0.02456560415562988,0.09000117304571391,0.09000117304571391,0.0,0.1957043841048455,0.34099311252205433,-0.4328946975356121,0.015499583909750984,0.004719432968559294,-5.005376435112342,0,0.4561747997891498
36.870079999995106,-2.128731423170111,0.6147557124691353,1.407350169432602,-0.03330446682790908,0.021801459952695196,-0.047505234444933576,-2.819387851856509,0.6779871230697714,1.063030307788164,-0.07549479654488991,0.10628492429743555,0.020689843168690943,-2.596586459596422,0.5989092695025069,1.2524593803442867,-0.03106195073181584,0.12338729283885336,0.022933010807191352,0.09000117304571391,0.09000117304571391,0.0,0.19544710191186973,0.341571491151254,-0.4317250497845493,0.015387249438775015,0.004606689971448093,-5.005867359931461,0,0.45604718303076336
36.874239999995105,-2.1288693715185003,0.6148451615405829,1.4071516573822909,-0.033107603613374,0.02146777714742145,-0.047642892074671775,-2.3308772449103667,0.3873565408521673,1.742487577024596,0.08338382963747235,-0.04356918527952836,0.10885271378455329,-2.4635577924914136,0.493041754391874,1.497703569621443,0.026747677737380193,0.03946188926457448,0.06576643583660666,0.09000117304571391,0.09000117304571391,0.0,0.19519069285946436,0.3421504771865376,-0.43057800069381147,0.01527516000836914,0.004494115984434781,-5.006356637750572,0,0.4559203589010947
36.8783999999951,-2.129006503159051,0.614933222096913,1.4069525964892822,-0.03291159373210482,0.021134533519248454,-0.04777461432207039,-2.392970469779357,0.7224531919706652,1.6359234481058518,0.09034876022389413,-0.2054852737798364,0.008292719375282552,-2.4280757206275903,0.6073233814282311,1.5668314272475525,0.058547138616429156,-0.08381648608897976,0.037176267365981314,0.09000117304571391,0.09000117304571391,0.0,0.19493517650064413,0.34272997197513044,-0.4294530846517931,0.01516332519495497,0.004381728853528442,-5.006844247489636,0,0.4557943379372403
36.8825599999951,-2.129142821679915,0.6150198961599734,1.4067530109366038,-0.03271644500737102,0.020801775134484262,-0.04790053264281208,-2.173184962896817,1.1839842701769032,1.7635050669907395,0.013064063893082012,-0.016041263017661057,0.0053036723439769395,-2.3006028955856443,0.8956258193531009,1.6651824263841533,0.03653471609799681,-0.050569712453406565,0.020390177023174434,0.09000117304571391,0.09000117304571391,0.0,0.194680572095427,0.34330988121483474,-0.42834984754211414,0.01505175429070012,0.00426954549934014,-5.007330168518291,0,0.4556691302639223
36.8867199999951,-2.1292783307010934,0.6151051859345247,1.4065529243727677,-0.03252216508284045,0.020469545892290608,-0.04802077532066491,-2.192153733372415,0.030461212851259578,1.5266100014763337,0.20951313293671256,0.1934218221639709,-0.15137091277905507,-2.2459412338319127,0.46343882205194714,1.5955793639633016,0.12275293502664458,0.07186811842448841,-0.06498256778076059,0.09000117304571391,0.09000117304571391,0.0,0.1944268985752833,0.3438901147619922,-0.42726784635284437,0.014940456305596837,0.004157581960870901,-5.007814380652928,0,0.45554474560716907
36.8908799999951,-2.129413033873626,0.6151890937996115,1.406352359924557,-0.03232876140789472,0.02013788762084325,-0.04813546757054414,-1.4770795584761833,0.7938080355285166,0.9933696688275424,0.01801782221935167,0.03078677721895793,-0.07564597309119674,-1.8614680937464976,0.6286898936511649,1.2943142531780887,0.07065857870966112,0.0512735751266444,-0.07093490645695108,0.09000117304571391,0.09000117304571391,0.0,0.19417417451435887,0.344470586447105,-0.4262066488019465,0.014829439970025862,0.0040458534372760455,-5.008296864153673,0,0.455421193307442
36.8950399999951,-2.1295469348787295,0.615271622300317,1.4061513402094015,-0.03213624122482806,0.019806840169319904,-0.048244731637338,-2.752331964365582,0.7296326707493936,1.058497656547866,-0.12790880790436843,0.020414688663985277,0.0030714529786069963,-2.3071721690910407,0.679203744958598,1.176410196793368,-0.028679903228058717,0.036185359317931556,-0.03369773673335188,0.09000117304571391,0.09000117304571391,0.0,0.19392241810149585,0.345051213898987,-0.42516583297856425,0.01471871373774477,0.003934374327699592,-5.008777599721292,0,0.45529848233223463
36.8991999999951,-2.129680037426887,0.6153527741398831,1.405949887347357,-0.031944611557787696,0.019476441495871518,-0.048348686890682085,-2.1065773658286484,0.5901968265452191,1.7996170969535217,0.10709546633288147,-0.003061518703299699,-0.04493710693724132,-2.206650208146909,0.6346949663779244,1.48792334641466,0.039006661533794056,0.015760798186692047,-0.03874283933081242,0.09000117304571391,0.09000117304571391,0.0,0.19367164711797347,0.34563191837639556,-0.42414498699935327,0.014608285789249068,0.003823158269262949,-5.00925656849402,0,0.45517662128816727
36.9033599999951,-2.1298123452569007,0.6154325521721822,1.4057480229727075,-0.03175387920328295,0.019146727751782527,-0.048447449915910976,-1.9368767834886613,0.08084732294516428,1.609159174780428,-0.08208890968013524,-0.12057838109984681,-0.0454878037958977,-2.071931756317827,0.3575169912461698,1.5484485196036222,-0.02181914003469758,-0.052650895257018035,-0.04260725205417497,0.09000117304571391,0.09000117304571391,0.0,0.19342187891734422,0.346212624607105,-0.4231437086781903,0.01449816403545591,0.003712218173299094,-5.009733752044295,0,0.4550556184325999
36.907519999995095,-2.1299438621349096,0.6155109593945237,1.405545768245202,-0.03156405072213732,0.018817733361960357,-0.04854113460134464,-2.1922475222867344,0.5614904959667717,1.4140906437275655,0.06362022126297696,-0.09590596003736956,-0.05827442199297258,-2.1319598422663653,0.45930509688669074,1.4811488173103686,0.021707334972423168,-0.0739908036769387,-0.05110575283912328,0.09000117304571391,0.09000117304571391,0.0,0.1931731304084392,0.3467932606335837,-0.42216160521102075,0.01438835612166657,0.0036015662599113945,-5.010209132375445,0,0.4549354816847838
36.911679999995094,-2.1300745918533797,0.6155879989407815,1.4053431438609434,-0.0313751324327674,0.01848949110187669,-0.04862985222205817,-1.627551942815272,0.01147349349740534,1.564378930418044,-0.03711377505483947,-0.13340523738757615,0.0144900209850553,-1.879830466670468,0.23510821176612529,1.5227965601773612,-0.007262785757243893,-0.10346787874187287,-0.019256952246642516,0.09000117304571391,0.09000117304571391,0.0,0.19292541804090724,0.34737375766603684,-0.4211982928726822,0.014278869431767777,0.0034912140909266424,-5.0106826919182845,0,0.4548162186365741
36.91583999999509,-2.13020453823007,0.6156636740748281,1.405140170062942,-0.031187130405649417,0.018162032171174784,-0.048713711520351956,-2.158128446794149,0.3680685106624879,1.788011952247514,0.004328644936460284,0.004064410088247594,-0.006401474901902619,-2.018972080021627,0.3015970550669996,1.6553917708897488,-0.0016219886164310535,-0.0493766500541838,-0.012336561194098773,0.09000117304571391,0.09000117304571391,0.0,0.19267875779265203,0.3479540499412274,-0.42025339672595846,0.014169711092635148,0.0033811726013258814,-5.01115441352765,0,0.45469783656272045
36.91999999999509,-2.130333705106982,0.6157379881842615,1.4049368666513462,-0.03100005045889434,0.017835386264011727,-0.0487928187830076,-2.3177038667965704,0.3020951658184847,1.368912666097283,-0.10316249603146467,-0.030492859202032502,0.09653971603371209,-2.1685546070209814,0.3017815262489895,1.5123500878872498,-0.05240101053058543,-0.03937654717113605,0.04253975614652977,0.09000117304571391,0.09000117304571391,0.0,0.19243316516088213,0.3485340745881563,-0.4193265503426916,0.014060887978706665,0.0032714521292123693,-5.011624280478878,0,0.45458034243075685
36.92415999999509,-2.1304620963492935,0.6158109447744129,1.4047332529933647,-0.030813898154804703,0.017509581636335505,-0.04886727791553232,-2.457633381044897,0.3803767556298643,1.0355323824758045,0.00474985582275856,0.08104811342815685,0.10822370003827637,-2.3130855342462846,0.3412492484042985,1.27416188798109,-0.024119203309403973,0.020356962532375667,0.07591261090781538,0.09000117304571391,0.09000117304571391,0.0,0.19218865515293063,0.3491137714989596,-0.41841739553635005,0.013952406716695169,0.003162062444391896,-5.012092276464216,0,0.4544637429105062
36.92831999999509,-2.1305897158442826,0.6158825474626219,1.404529348032892,-0.03062867879735403,0.017184645170166896,-0.04893719051347426,-1.3680093214808915,1.2718654330756007,1.3401850427443056,0.026088781517074895,0.02994962050652393,-0.17966545521664745,-1.8404877882370057,0.8066263572028712,1.3067990372587657,0.0015765825569417822,0.025051629640753446,-0.051287302047680554,0.09000117304571391,0.09000117304571391,0.0,0.19194524228133691,0.34969308320610437,-0.4175255821056627,0.01384427369041474,0.0030530127756197524,-5.0125583855891795,0,0.45434804438321863
36.93247999999509,-2.130716567500243,0.6159527999727681,1.4043251702998463,-0.03044439743047242,0.0168606024350743,-0.04900265593099637,-2.5498390043980605,0.7451841485252365,1.1490050770343423,-0.15610246680927914,0.13339865210613744,-0.001749032196595876,-2.195494041025248,0.7761811912269717,1.2278979071750844,-0.0767756472022139,0.07974569087586891,-0.026806053318418732,0.09000117304571391,0.09000117304571391,0.0,0.19170294055806472,0.3502719547646644,-0.41665076758635883,0.013736495045695022,0.0029443118365842296,-5.0130225923688565,0,0.4542332529503575
36.93663999999509,-2.1308426552453974,0.6160217061300468,1.4041207379192349,-0.03026105883709637,0.016537477746896137,-0.049063771346761896,-2.4115240559295446,0.7660871098437949,1.517102041650776,-0.07949744925511659,-0.17882337901011425,-0.0269917843171077,-2.3036760404269776,0.7707634390609953,1.3724476832333836,-0.07807487388829218,-0.050150551550902346,-0.027777514420475713,0.09000117304571391,0.09000117304571391,0.0,0.19146176349277536,0.3508503336397968,-0.41579261701596637,0.013629076695363496,0.002835967850674492,-5.01348488172416,0,0.45411937444205025
36.940799999995086,-2.1309679830268093,0.6160892698559797,1.4039160686199543,-0.030078667538880076,0.016215294223886647,-0.04912063182731838,-2.4747273508997183,0.5461425000461714,1.191801884166214,-0.03701714799332467,0.18719092733137296,-0.060413033124006366,-2.38928075420682,0.6588410007249469,1.2819981379834542,-0.057131740604699326,0.06838417856397094,-0.044225752525867225,0.09000117304571391,0.09000117304571391,0.0,0.19122172409024374,0.3514281695993751,-0.4149508027055021,0.0135220243242744,0.002727988574596367,-5.013945238978037,0,0.4540064144252186
36.944959999995085,-2.1310925548092947,0.6161554951636478,1.4037111797433375,-0.029897227796528942,0.015894073840350645,-0.04917333038803745,-2.0751121301569224,0.6785740090088394,1.1871095611354265,-0.06718470940840528,-0.12109319337708725,-0.2703341278904917,-2.2323334965003396,0.6684557000197063,1.233992416187898,-0.06239296644477317,-0.026307468372766755,-0.1579952513012109,0.09000117304571391,0.09000117304571391,0.0,0.19098283485033896,0.3520054146113097,-0.41412500402150404,0.013415343394368059,0.0026203813208827446,-5.0144036498516265,0,0.45389437821140144
36.949119999995084,-2.1312163745743393,0.616220386153139,1.4035060882514552,-0.029716743610681766,0.015573837477897293,-0.0492219580517442,-1.9629863821169125,0.7520301472389103,1.4631270953228799,0.037675915717922996,-0.13525039305934097,-0.11538953808549478,-2.0975805686966584,0.7099635897184488,1.3483216955024029,-0.011942297319094158,-0.08144424646056449,-0.1368601735808491,0.09000117304571391,0.09000117304571391,0.0,0.19074510776886253,0.3525820227452981,-0.4133149071752279,0.01330903914974425,0.0025131529793511256,-5.014860100460386,0,0.453783270864284
36.95327999999508,-2.1313394463190196,0.616283947007199,1.4033008107351839,-0.02953721872329242,0.015254604974402728,-0.049266603905119555,-1.6367540944726051,0.3105693608384514,1.5673232775537795,-0.008083046983568154,-0.06954883399032154,-0.11606699061704068,-1.8671823130803449,0.5101188293434961,1.4575839234988863,-0.009342814258343674,-0.07540515894267952,-0.12709984513197584,0.09000117304571391,0.09000117304571391,0.0,0.19050855433839078,0.35315795007933587,-0.41252020502160247,0.013203116621735563,0.0024063100375548057,-5.015314577310176,0,0.45367309720694676
36.95743999999508,-2.131461774054934,0.6163461819870774,1.4030953634220464,-0.029358656619461573,0.01493639517078957,-0.04930735515298586,-2.326267211372276,0.7891957946393096,1.7703850291127166,0.026807902907270236,0.09810862440597595,-0.048370465580320314,-2.096672404562355,0.6498647153103317,1.6138860653716944,0.0088213754209464,0.010673516126700018,-0.08774471547476878,0.09000117304571391,0.09000117304571391,0.0,0.1902731855523307,0.3537331546098748,-0.4117405968647643,0.013097580633968969,0.0022998586002745593,-5.015767067293306,0,0.45356386182884595
36.96159999999508,-2.131583361807141,0.6164070954285594,1.4028897621838359,-0.02918106052966487,0.014619225955709537,-0.04934429717055623,-2.477610411907508,0.5649557787013489,1.5651449053982889,-0.058175049156260226,0.09361317348693302,0.13878110996204523,-2.2872638433316856,0.6076049632568059,1.5898044467279646,-0.025265384142759195,0.051850629216669226,0.025195129226663913,0.09000117304571391,0.09000117304571391,0.0,0.19003901190663247,0.35430759616659974,-0.4109757882721211,0.012992435807402967,0.0021938044080940778,-5.01621755768456,0,0.45345556909253726
36.96575999999508,-2.1317042136131095,0.616466691738177,1.4026840225440287,-0.02900443343234648,0.01430311430822613,-0.049377513553742924,-2.2111327869962176,0.9179603761486137,1.997848263414482,0.2836416346816653,0.030364873365266946,-0.12443125227058621,-2.248606964602132,0.7628478673190293,1.793570670601921,0.12875892870796055,0.04117266602396413,-0.049740059502379655,0.09000117304571391,0.09000117304571391,0.0,0.18980604340557342,0.3548812363302824,-0.4102254908944037,0.012887686565332287,0.0020881528551012483,-5.016666036137179,0,0.45334822314015355
36.96991999999508,-2.1318243335216795,0.6165249753895877,1.4024781596849971,-0.028828778056830536,0.013988076338566928,-0.049407086167589494,-2.371952454346704,0.34031693070951824,1.409289727870814,-0.10936479345487282,0.1268906095005449,0.03282708449682691,-2.3105088782668224,0.5518406153768707,1.601495879647682,0.010111447145064546,0.08535122390118756,-0.008505061670536947,0.09000117304571391,0.09000117304571391,0.0,0.18957428956498829,0.35545403835527023,-0.4094894222938672,0.012783337138349685,0.0019829090057526277,-5.017112490678829,0,0.4532418278996484
36.97407999999508,-2.13194372559204,0.6165819509201171,1.4022721884550267,-0.028654096886519397,0.013674127327054461,-0.049433095192932125,-2.533908819097777,0.5827435373668053,1.6983341349578345,-0.03443711972294888,-0.0923245671424865,-0.12138012681984622,-2.422281010165258,0.5671012583389344,1.649663874259087,-0.012655229772472175,-0.003955243478884665,-0.06525102305623988,0.09000117304571391,0.09000117304571391,0.0,0.18934375941914577,0.3560259670945882,-0.4087673057781007,0.012679391569258774,0.0018780776109425627,-5.0175569097075385,0,0.45313638709081494
36.978239999995075,-2.132062393892716,0.6166376229274558,1.4020661233751461,-0.028480392162338584,0.01336128176127795,-0.04945561917134853,-2.0859901932069866,0.3543755398688171,1.384200520416647,0.020170481753560354,0.09139316012725489,0.016057961274294173,-2.25409297148764,0.460929701088583,1.5169639430632107,0.004561893193557622,0.04241679921461557,-0.02469944464895391,0.09000117304571391,0.09000117304571391,0.0,0.189114461525502,0.3565969889289423,-0.40805887024031917,0.012575853717929571,0.0017736631233121914,-5.01799928198762,0,0.45303190423108863
36.982399999995074,-2.1321803425005763,0.616691996066504,1.4018599786457775,-0.0283076658864129,0.013049553371573158,-0.04947473504845703,-2.0673787685063867,0.6725703093639561,1.1363902837578974,-0.11122531673758744,0.09612980326089743,-0.04229224045576024,-2.1609640103474153,0.5669517504760292,1.3265867258517485,-0.05423719199045237,0.06911738813492035,-0.03361114157749206,0.09000117304571391,0.09000117304571391,0.0,0.18888640397181933,0.35716707169877776,-0.40736385000594777,0.012472727266092354,0.001669669711829883,-5.018439596645568,0,0.452928382641146
36.98655999999507,-2.1322975754998508,0.6167450750463579,1.4016537681532122,-0.028135919825924484,0.012738955164921953,-0.04949051821567212,-2.8165024826646925,0.6039480669315691,1.5254066475943637,-0.10881270020487069,0.09145781469530544,0.022189624757832753,-2.4889649302987604,0.585641159150525,1.426044955077462,-0.08115148669972444,0.07991978654091088,-0.006062138678413773,0.09000117304571391,0.09000117304571391,0.0,0.18865959438180444,0.3577361846392917,-0.4066819846853037,0.012370015722063683,0.0015661012756833308,-5.018877843165952,0,0.4528258254503049
36.99071999999507,-2.1324140969811722,0.6167968646274299,1.4014475054759188,-0.027965155517157333,0.012429499457277832,-0.04950304255042472,-2.831019815896548,0.04993189668262621,0.9477768993073551,-0.04794143409280899,-0.024515818246146362,0.007675684475041189,-2.660095521075815,0.31773172424500595,1.186923334707016,-0.06404963660636083,0.02773889490386201,0.0009073560462206085,0.09000117304571391,0.09000117304571391,0.0,0.1884340399241834,0.3583042983187275,-0.4060130190302559,0.012267722425401596,0.0014629614575045668,-5.019314011387278,0,0.45272423560173797
36.99487999999507,-2.132529911040629,0.6168473696186985,1.4012412038906896,-0.027795374269663723,0.012121197904467033,-0.04951238045497901,-2.2663766294892573,0.21824945127725914,1.2322548895964707,-0.12315943232950645,-0.031197669453917245,0.14280334700407654,-2.4634898615204457,0.2679248413920242,1.209885966216589,-0.09342128117306363,-0.001648682398623352,0.0720818563707418,0.09000117304571391,0.09000117304571391,0.0,0.18820974731794649,0.3588713845791025,-0.40535670279787406,0.012165850551484003,0.0013602536559711243,-5.019748091497859,0,0.45262361585750416
36.99903999999507,-2.1326450217788397,0.6168965948750803,1.401034876378632,-0.02762657717058021,0.011814061531638703,-0.04951860289382972,-3.047076640520511,0.574454468076805,0.9696041035972961,-0.07143160115542795,0.012125910149778983,-0.08201159916300585,-2.7554378611286787,0.4212161712781881,1.0895721768327338,-0.08148982251632417,0.00564641218845371,-0.004668928806689159,0.09000117304571391,0.09000117304571391,0.0,0.1879867228416708,0.3594374164798013,-0.4047127906189493,0.012064403116009927,0.0012579810377984875,-5.020180074031662,0,0.45252396880340945
37.00319999999507,-2.132759433300044,0.6169445452949195,1.4008285356310077,-0.027458765089028878,0.011508100761407777,-0.04952177942981225,-2.0042640058798327,0.5799659704397208,1.1184967361743756,-0.12905535171031773,-0.1647431624905436,-0.170452619174369,-2.3801146280657153,0.500249942892018,1.103680102524163,-0.10501974088666893,-0.07974046502359468,-0.08754060033738995,0.09000117304571391,0.09000117304571391,0.0,0.18776497234051115,0.3600023682439352,-0.4040810418696893,0.011963382979418753,0.0011561465491628973,-5.020609949864158,0,0.4524252968537013
37.00735999999507,-2.1328731497112132,0.616991225817589,1.4006221940549288,-0.027291938680613585,0.01120332544070274,-0.049521978258929004,-2.2323816071019786,0.5123052941190138,1.6525871486460764,-0.04154184913556846,0.018022484434387483,-0.03984930669609881,-2.3063352292221855,0.5063153957883311,1.3780540984666052,-0.07244841075929927,-0.030964626970440914,-0.06346590980418071,0.09000117304571391,0.09000117304571391,0.0,0.1875445012349184,0.36056621520667065,-0.4034612205504543,0.011862792851226718,0.0010547529265759776,-5.0210377102081605,0,0.4523276022556053
37.011519999995066,-2.13298617512118,0.617036641421199,1.4004158637789124,-0.027126098391986746,0.010899744866378073,-0.04951926624395945,-1.7157927680890368,0.9948842746769981,1.3535987986308333,0.1100322569896147,0.08516539832739582,0.0632678914277903,-2.0108303675598935,0.7507810230967823,1.365958551006756,0.01847496649988682,0.026791199751695152,-0.0004332283183956098,0.09000117304571391,0.09000117304571391,0.0,0.18732531452830847,0.3611289337663333,-0.40285309516706,0.011762635294278272,0.0009538027072350506,-5.021463346609666,0,0.45223088709371023
37.015679999995065,-2.133098513639786,0.6170807971204059,1.4002095566583002,-0.026961244465473683,0.010597367809656161,-0.049513708946904184,-2.815600437223505,1.295029105337938,1.4772179170274586,-0.0903589298114413,-0.07974722401219018,-0.058259155695966285,-2.4134086324999737,1.0227439592819887,1.4214682988791931,-0.036101003842742216,-0.02693212581929498,-0.029565443607907586,0.09000117304571391,0.09000117304571391,0.0,0.18710741681581872,0.361690501337813,-0.40225643861701255,0.01166291272891162,0.0008532982388744337,-5.0218868509436945,0,0.4521351532942083
37.019839999995064,-2.1332101693770515,0.6171236979643203,1.4000032842805488,-0.026797376943732087,0.010296202539464401,-0.0495053706603268,-2.1234365160254054,0.6509333754003115,1.0371614974125036,-0.02654379464555904,0.034338845267567045,-0.042623657635497914,-2.268475402306995,0.8369080596820879,1.2292244650563364,-0.03149284260068457,0.0034252260757636527,-0.03653226727215279,0.09000117304571391,0.09000117304571391,0.0,0.18689081229308432,0.3622508963075784,-0.40167102808069155,0.011563627437037078,0.000753241689144485,-5.022308215410126,0,0.4520404026289971
37.02399999999506,-2.133321146442362,0.6171653490345065,1.399797057970392,-0.02663449567444612,0.00999625684468253,-0.049494314437612645,-2.0749923308084295,1.2138168461156966,1.6333555633562362,0.013058096415197448,-0.06170152298165511,-0.039361425324724364,-2.1717051133833163,1.025236322556059,1.4312113029749676,-0.009335056975354266,-0.02892703561670806,-0.03810605603021763,0.09000117304571391,0.09000117304571391,0.0,0.18667550476460668,0.3628100979913752,-0.40109664491428654,0.011464781566127465,0.0006536350545348916,-5.022727432529547,0,0.4519466367196476
37.02815999999506,-2.1334314489436745,0.6172057554430705,1.399590888794883,-0.026472600315036326,0.00969753805537724,-0.049480602122204516,-1.871704304345789,0.2407334018723027,1.6497552329419547,0.04909706892636882,-0.10931392196348544,-0.14152214981702316,-2.0215990290613095,0.6327540164783649,1.5401889959787107,0.01917520686445386,-0.07008354349949766,-0.08911542263884821,0.09000117304571391,0.09000117304571391,0.0,0.18646149765171305,0.363368086593437,-0.4005330745489897,0.011366377133120519,0.0005544801688665333,-5.023144495139098,0,0.45185385704124525
37.03231999999506,-2.1335410809867468,0.6172449223308333,1.399384787568317,-0.026311690337383127,0.009400053063051427,-0.04946429437585258,-2.1303429292658516,0.4089214807726206,0.8785863974732069,-0.03857955329604034,0.016704503875829592,0.1409633711783458,-2.0760527965465227,0.5208698084647134,1.209676447079477,-0.009307988771209643,-0.026157123271131753,0.0258226045064848,0.09000117304571391,0.09000117304571391,0.0,0.18624879400224612,0.36392484316785345,-0.3999801063915407,0.011268416028233832,0.0004557787113696444,-5.023559396388329,0,0.4517620649261087
37.03647999999506,-2.1336500466743824,0.6172828548655831,1.3991787648570424,-0.02615176503254232,0.009103808339966487,-0.04944545070592197,-1.8018339109450365,0.524993777120582,1.4925885875411928,-0.12196774904309543,0.10482757101940858,-0.10956293033092064,-1.939194424795172,0.5231496155907948,1.3509072363565982,-0.0659669936948831,0.03944433738139749,-0.042163022226294235,0.09000117304571391,0.09000117304571391,0.0,0.18603739649920525,0.3644803495816197,-0.39943753373019736,0.011170900018691294,0.0003575322143698262,-5.023972129735062,0,0.4516712615673925
37.04063999999506,-2.1337583501056967,0.6173195582404064,1.3989728309841598,-0.025992823515447027,0.008808809957583857,-0.04942412949180966,-1.8665452918785046,0.23919780659116002,1.2008814025222967,-0.0827812093407633,-0.12294168515261776,0.08330782641743037,-1.9030410920237453,0.38091694357846245,1.2760672691368047,-0.07458481403917613,-0.04218765550949765,0.020217378131652496,0.09000117304571391,0.09000117304571391,0.0,0.18582730746833798,0.36503458847915593,-0.39890515364229584,0.011073830752361645,0.00025974207060202844,-5.024382688941268,0,0.45158144802257644
37.04479999999506,-2.1338659953754036,0.6173550376720902,1.3987669960341163,-0.025834864729609133,0.008515063604119414,-0.049400388010457826,-2.340759786768418,0.5534114848504772,1.003600207338335,-0.052939338197130835,0.038888008986596834,-0.09102564128024301,-2.122012140124972,0.46724662058228406,1.1396415391510881,-0.06447244845119675,-0.0018057120299387838,-0.03493453501739973,0.09000117304571391,0.09000117304571391,0.0,0.18561852888831581,0.3655875432491575,-0.39838276690661845,0.01097720976131087,0.0001624095401608227,-5.024791068068943,0,0.45149262521684835
37.048959999995056,-2.133972986573119,0.6173892983995958,1.398561269857195,-0.02567788745177221,0.008222574601335835,-0.04937428246108416,-2.351999114781285,1.141349766544466,1.306615001515951,-0.02097410756459226,0.004055706053815489,-0.21134269647713588,-2.2370511444405152,0.8043111179878051,1.2226891550911505,-0.04259040593672063,0.0012344229231137454,-0.12279219303706637,0.09000117304571391,0.09000117304571391,0.0,0.18541106239793764,0.36613919799196,-0.39787017791651524,0.010881038465267242,6.553575711802973e-05,-5.025197261476015,0,0.4514047939463831
37.053119999995054,-2.1340793277826884,0.6174223456825979,1.3983556620739073,-0.025521890296557142,0.00793134792050791,-0.049345867989062944,-1.549583373992721,0.04261478456096979,2.0473544029778763,0.006241831040424185,0.010870586640019591,-0.1041913441836613,-1.8933018146417169,0.42347962310660053,1.6348088132054106,-0.01704802198496986,0.0063445796613934985,-0.11252096997585652,0.09000117304571391,0.09000117304571391,0.0,0.1852049093063447,0.366689537489455,-0.3973671945989248,0.010785318175001678,-3.0878264191351546e-05,-5.025601263812251,0,0.451317954881524
37.05727999999505,-2.134185023081526,0.6174541848000883,1.398150182079286,-0.025366871721049872,0.007641388197689044,-0.04931519870908411,-2.6808655343321073,0.7630931124668493,1.7878365676630896,-0.15057850885854426,0.22427377369400428,0.04687311505436243,-2.287402266742829,0.5937553159542985,1.7114230361062102,-0.08386127952150109,0.11525252999075784,-0.033690088821195306,0.09000117304571391,0.09000117304571391,0.0,0.18500007059962126,0.3672385471756885,-0.3968736283328857,0.010690050095622457,-0.0001268316231867735,-5.026003070015181,0,0.4512321085698678
37.06143999999505,-2.134290076539982,0.6174848210490393,1.3979448390470879,-0.025212830029365668,0.00735269974824225,-0.049282327727545275,-2.1976465765932196,0.6763923518551742,1.7785388484676727,0.04196050117107157,-0.1575569750147019,-0.1953346440058893,-2.2424365368392936,0.6347458074339216,1.7445755251912185,-0.020948892844101293,-0.0207064349039602,-0.11469610588346847,0.09000117304571391,0.09000117304571391,0.0,0.18479654695147518,0.3677862131091074,-0.3963892938737512,0.010595235329787546,-0.00022232352735811426,-5.026402675306048,0,0.4511472554392603
37.06559999999505,-2.13439449222072,0.6175142597431257,1.3977396419339034,-0.025059763377150004,0.007065286580718373,-0.04924730716426487,-2.308204703224282,0.8521562202083618,1.5936788597137714,0.12634939564618652,-0.024295576243794824,-0.21054271005255662,-2.2750588736277324,0.7434017522469593,1.668688448543526,0.052977620779721256,-0.02238113910540112,-0.16272612556269228,0.09000117304571391,0.09000117304571391,0.0,0.18459433872944936,0.3683325219461355,-0.39591400927819875,0.010500874880833214,-0.0003173532868589614,-5.02680007518576,0,0.45106339580070415
37.06975999999505,-2.1344982741781204,0.617542506211501,1.3975345994831805,-0.024907669776047813,0.006779152410064106,-0.049210188173492674,-2.2909552636890775,0.7059187606884189,1.3574744616480119,-0.07816477689492846,0.1168637909616742,0.09611514404035976,-2.2831691843629014,0.7249031499201524,1.5132802834299741,-0.012862144192298884,0.04719276771466698,-0.03384585354684065,0.09000117304571391,0.09000117304571391,0.0,0.18439344600521212,0.36887746091576223,-0.3954475958313227,0.010406969655822718,-0.00041192030937177947,-5.027195265430882,0,0.45098052985118237
37.07391999999505,-2.134601426457696,0.617569565797627,1.3973297202291626,-0.024756547098099654,0.0064943006702462315,-0.049171020964297076,-1.9026467728264933,-0.06275797451186049,1.2063801439083435,0.005909491943223089,-0.08418192250028404,-0.0985178604121687,-2.092893515094933,0.33089152875593747,1.3596234196902,-0.0032415458431267986,-0.01826914370451022,-0.06630650244713264,0.09000117304571391,0.09000117304571391,0.0,0.18419386856123335,0.3694210177956266,-0.39498987797796,0.01031352046851396,-0.0005060240952229978,-5.02758824208962,0,0.4508986576764025
37.07807999999505,-2.1347039530955296,0.6175954438581531,1.3971250125007446,-0.024606393080098706,0.006210734526257391,-0.049129854820303666,-1.9990491185238686,1.1235979826617895,1.5371036690187907,-0.09058315791314947,0.0056103742353531185,-0.08227743227724564,-2.04616053268712,0.7272608025500044,1.448193531874981,-0.046203672179955094,-0.005768560609588468,-0.07423337419689942,0.09000117304571391,0.09000117304571391,0.0,0.18399560590025704,0.3699631808889051,-0.39454068325419234,0.01022052804224944,-0.0005996642327455893,-5.027979001477858,0,0.4508177792534632
37.082239999995046,-2.134805858117729,0.6176201457618431,1.3969204844252494,-0.02445720532787099,0.005928456885594906,-0.049086738118862376,-1.966736686430051,0.6112001613427892,1.5903799391621984,0.030764219851172663,-0.04261343648661568,-0.0944836911543619,-2.0063850130085843,0.6691442621089496,1.5190920249438737,-0.007268865989609043,-0.02574030471805895,-0.08475046818423516,0.09000117304571391,0.09000117304571391,0.0,0.18379865725201316,0.37050393900259343,-0.3940998422226687,0.010127993012768278,-0.0006928403938679145,-5.02836754017519,0,0.45073789445344653
37.086399999995045,-2.1349071455398976,0.617643676888548,1.396716143932126,-0.02430898132050652,0.00564747040918427,-0.04904171834962277,-2.2210690175642256,0.8129721701462359,1.6345598387087457,0.25230899075600915,-0.005629404392038469,-0.016662755388423954,-2.113204674199464,0.7410491892248177,1.5767916583430674,0.12296121917411727,-0.016491861934333413,-0.05050737181254152,0.09000117304571391,0.09000117304571391,0.0,0.1836030215825124,0.37104328142638204,-0.39366718840854653,0.010035915930943275,-0.0007855523299251809,-5.028753855020989,0,0.4506590030439391
37.090559999995044,-2.1350078193666246,0.6176660426282222,1.3965119987565737,-0.02416171841451806,0.005367777521799321,-0.04899484213256124,-2.15891045676978,0.5248379866002897,1.646114966922441,0.05843247801336421,0.10405319076062074,0.02200792214416561,-2.13593586346482,0.6331600186909632,1.6114990753315546,0.0904682562932017,0.043043950310517325,-0.01401479865612415,0.09000117304571391,0.09000117304571391,0.0,0.18340869760079354,0.3715811979130377,-0.39324255823862575,0.00994429726544296,-0.0008777998676801576,-5.029137943110496,0,0.45058110469148527
37.09471999999504,-2.135107883590991,0.6176872483799806,1.3963080564430925,-0.024015413847938427,0.005089380421997073,-0.04894615523547986,-2.2011775037350136,0.8518070700278197,1.452600329484622,0.03432118467343587,-0.10001340362490364,-0.16329857594958339,-2.1684855613255607,0.7422773284139752,1.531707886724428,0.062306119125898944,-0.028609746692522697,-0.08814345370962276,0.09000117304571391,0.09000117304571391,0.0,0.18321568376718375,0.372117678659276,-0.39282579098197196,0.009853137405321392,-0.0009695829055435262,-5.029519801790934,0,0.45050419896397403
37.09887999999504,-2.1352073421940925,0.6177072995511955,1.3961043243489633,-0.02387006474434513,0.004812281091596203,-0.048895702591003946,-2.1041330892530024,0.7932074101677107,1.769045825670811,0.08180682427714109,-0.2764365157683504,0.13983746061822988,-2.1361385343646235,0.7671678122889057,1.6506687600459362,0.07196636219803552,-0.15253925863285284,0.026128018403958987,0.09000117304571391,0.09000117304571391,0.0,0.18302397830050754,0.37265271428776986,-0.3924167286918207,0.009762436662536459,-0.0010609014099826526,-5.029899428657647,0,0.4504282853329631
37.10303999999504,-2.1353061991445794,0.6177262015566318,1.3959008096476588,-0.02372566811682066,0.004536481304705513,-0.048843528313080864,-1.9097511454148623,0.7818036389744744,1.092631075449721,-0.09485481720362604,0.03432143248081712,-0.10783047792653079,-2.0231401380061125,0.774557875221445,1.3714202069476276,-0.01163213820848775,-0.059438028529184006,-0.040110974992241644,0.09000117304571391,0.09000117304571391,0.0,0.18283357918638107,0.3731862958297598,-0.3920152161502659,0.009672195274398703,-0.0011517554121123256,-5.030276821550265,0,0.4503533631759418
37.10719999999504,-2.135404458398212,0.6177439598176165,1.3956975193321879,-0.02358222087183745,0.004261982636335632,-0.04878967571301658,-2.6338818002986755,0.6655813396119912,1.4328995032899379,-0.14435505900265672,0.041012625504928284,-0.07601165915652762,-2.3288148932450907,0.7201544527039311,1.4020011144007085,-0.07827547582220425,-0.009364718260926962,-0.0575450620855621,0.09000117304571391,0.09000117304571391,0.0,0.18264448418317145,0.3737184147089639,-0.3916211008129582,0.009582413405951333,-0.001242145004457024,-5.030651978548895,0,0.4502794317785359
37.11135999999504,-2.1355021238974334,0.6177605797612441,1.3954944602183752,-0.023439719813076333,0.003988786470614343,-0.048734187315059914,-2.155981103504577,0.5655340499043325,1.9085596423557751,-0.05882919549034992,-0.08641955560055814,-0.43311402938948046,-2.242518782196476,0.6426636397024459,1.654384355812983,-0.06873138912685943,-0.04799323681788046,-0.24592933785988208,0.09000117304571391,0.09000117304571391,0.0,0.18245669083075072,0.3742490627255057,-0.3912342327583114,0.009493091152284446,-0.001332070337876026,-5.031024897970341,0,0.450206490336656
37.11551999999504,-2.135599199570955,0.6177760668196133,1.395291638948077,-0.02329816164516989,0.003716894008608769,-0.04867710487155288,-2.1243928130280856,1.2184559874232086,1.3662212632258977,0.010641389629602514,0.020607659030575407,-0.00552158919331161,-2.1834340132061705,0.9306069430229778,1.5102893587750494,-0.02848463348738528,-0.013811151699094821,-0.12576509006316966,0.09000117304571391,0.09000117304571391,0.0,0.18227019645627357,0.3747782320413583,-0.39085446463437723,0.009404228540783228,-0.001421531618645661,-5.031395578364351,0,0.45013453795859126
37.119679999995036,-2.1356956893333607,0.6177904264290958,1.3950890619923366,-0.02315754297737533,0.0034463062757958034,-0.048618469377666326,-2.4045878482563263,0.09587132211705163,1.2316847043945154,0.010074540173219064,-0.036488900890130134,-0.0734111390531145,-2.29399112310532,0.51315898212357,1.3708334516937186,-0.009400039757892551,-0.025911402799086394,-0.10010243795104781,0.09000117304571391,0.09000117304571391,0.0,0.18208499818232135,0.3753059151658639,-0.390481651611308,0.009315825533313246,-0.001510529105688125,-5.031764018509891,0,0.4500635736670523
37.123839999995035,-2.135791597084724,0.617803664029634,1.3948867356544794,-0.023017860327170115,0.0031770241291830563,-0.04855832108574272,-1.6677466826896843,0.3624321238616708,1.3680741631722964,-0.01777961048295455,0.07626188627839488,-0.017418767296902372,-1.9809022595232268,0.4379520881612567,1.3694159275222666,-0.013224962972582383,0.025665228788996037,-0.057982093035119135,0.09000117304571391,0.09000117304571391,0.0,0.1819010929324965,0.3758321049423443,-0.39011565133149884,0.009227882028342965,-0.0015990631079405536,-5.032130217411453,0,0.44999359640116193
37.12799999999503,-2.13588692671024,0.6178157850640678,1.3946846660731493,-0.02287911012378428,0.0029090482640871146,-0.04849669951923567,-2.509628582592767,-0.010663069206844011,1.2858812626722245,0.00657386302434353,-0.07617883696026306,0.04789925732226942,-2.2452555863279495,0.21348425873931057,1.3277472830588597,-0.0032600004654371843,-0.025893745617972218,-0.004876742663024713,0.09000117304571391,0.09000117304571391,0.0,0.18171847743895506,0.3763567945351103,-0.38975632386361486,0.009140397863006413,-0.0016871339818606116,-5.032494174295384,0,0.4499246050183993
37.13215999999503,-2.135981682079872,0.6178267949774869,1.3944828592252898,-0.022741288711650442,0.0026423792206138486,-0.04843364348629885,-2.3495134763759493,0.7117993664984882,1.9113661299616231,-0.11745750545608753,0.009074820001247867,-0.15008665777591057,-2.2976291433488254,0.4626632234319178,1.6192484793852422,-0.0605561564311001,-0.00795418284425255,-0.0774074418871341,0.09000117304571391,0.09000117304571391,0.0,0.18153714824909953,0.37687997741713813,-0.38940353165708935,0.009053372815106406,-0.0017747421290568938,-5.032855888606257,0,0.4498565982964961
37.13631999999503,-2.1360758670480124,0.6178366992166112,1.394281320929069,-0.022604392353783215,0.002377017389830439,-0.048369191093011604,-2.0851869669320133,0.7519680034847515,1.2612449860907713,-0.04415539444875016,0.11539748139343398,0.03341319563312069,-2.1914999768589563,0.607559039679334,1.4403139377795429,-0.05160366770623546,0.053050963465624004,-0.022106003952983132,0.09000117304571391,0.09000117304571391,0.0,0.181357101731003,0.3774016473582537,-0.38905713949795057,0.00896680660505991,-0.0018618879940408004,-5.033215360003257,0,0.4497895749352881
37.14047999999503,-2.1361694854531588,0.6178455032291931,1.3940800568467513,-0.022468417235094552,0.0021129630196385467,-0.04830337975625102,-2.748295301520299,0.9449676413805579,1.8779160174284102,-0.2081801488509337,0.1352760533351439,-0.18024479707067928,-2.470333684156549,0.7765474630490292,1.6587428877976438,-0.13029533713329186,0.09397011722894912,-0.10104603832092451,0.09000117304571391,0.09000117304571391,0.0,0.18117833408119863,0.37792179841414664,-0.38871701446555496,0.008880698897787927,-0.0019485720620967366,-5.0335725883566145,0,0.44972353355852407
37.14463999999503,-2.136262541117599,0.6178532124634448,1.3938790724875167,-0.02233335946561625,0.0018502162204175093,-0.048236246216271386,-2.0989954312740102,0.6065286585320652,1.302176957419774,-0.04793722675659279,-0.03476037110997808,-0.26394187670180647,-2.284763415928971,0.6914647230414324,1.479907707732867,-0.08828075397344733,0.029539775570469946,-0.18213329634907754,0.09000117304571391,0.09000117304571391,0.0,0.18100084132927652,0.37844042491552077,-0.38838302589087137,0.008795049304549815,-0.0020347948572539743,-5.033927573744059,0,0.44965847271563136
37.14879999999503,-2.1363550378471143,0.617859832367488,1.3936783732102296,-0.022199215083675825,0.0015887769703532722,-0.04816782654891766,-2.177368135661653,0.5805083458044457,1.518565157315491,-0.25517609759515414,0.023701891736925072,-0.018855601994037068,-2.231595110428186,0.6360360126716906,1.4991969923072865,-0.17204121749228138,0.026161805651665197,-0.1002685087462218,0.09000117304571391,0.09000117304571391,0.0,0.18082461934484462,0.3789575214579163,-0.388055045316108,0.00870985738472524,-0.00212055694037063,-5.034280316447303,0,0.44959439088344216
37.152959999995026,-2.1364469794306933,0.6178653683888237,1.3934779642261563,-0.02206598005898564,0.0013286451205533503,-0.04809815617756542,-2.151934844498716,0.3645353584158137,1.159451678219139,-0.15112390265169323,-0.081066702529718,-0.06348040456617744,-2.1920791555527868,0.5001158537776565,1.3291897941291715,-0.1613905093078231,-0.027774690019808552,-0.08181604382768964,0.09000117304571391,0.09000117304571391,0.0,0.18064966384364867,0.37947308289209764,-0.38773294645418777,0.008625122647543872,-0.002205858907313318,-5.03463081694857,0,0.44953128646788015
37.157119999995025,-2.1365383696402587,0.6178698259738233,1.3932778506016366,-0.021933650295657605,0.0010698203999343783,-0.048027269884770074,-1.9330667903163712,0.6176374502887992,1.1920978557996862,-0.07068878491680597,0.08327281959531233,-0.10336369735519596,-2.0627173110920385,0.5590494178482524,1.2604283611333797,-0.1164685987192644,0.02834857446128305,-0.09282359701497166,0.09000117304571391,0.09000117304571391,0.0,0.18047597039284982,0.3799871043147954,-0.38741660515128384,0.008540844553764266,-0.002290701387227367,-5.034979075927139,0,0.4494691578056102
37.161279999995024,-2.1366292122304054,0.6178732105672394,1.3930780372607048,-0.02180222163515911,0.0008123024198585286,-0.047955201823612924,-1.6219742959848218,0.3713150556586016,1.3965393286859211,-0.08678520207507745,0.05960131654722909,0.12802248110656952,-1.8425248560697687,0.46530657378292933,1.3287513916376472,-0.1008469915090247,0.04316432377740964,0.017435644828121565,0.09000117304571391,0.09000117304571391,0.0,0.1803035344163136,0.38049958105964077,-0.38710589934771455,0.008457022517303877,-0.002375085040900494,-5.035325094255934,0,0.4494080031656497
37.16543999999502,-2.136719510938152,0.6178755276117335,1.3928785289876682,-0.021671689859198463,0.0005560906785630679,-0.047881985528774984,-2.241182044589143,0.5559243677022407,1.139732052572467,-0.040882517176392824,0.01745393251296347,-0.06804534442884028,-2.041941843519281,0.5106518488810919,1.2340983498741933,-0.0705949247893081,0.03057986436227603,-0.025050673854741357,0.09000117304571391,0.09000117304571391,0.0,0.18013235120098053,0.3810105086892045,-0.38680070904318903,0.008373655906821657,-0.002459010559212036,-5.035668872998138,0,0.44934782075094715
37.16959999999502,-2.136809269482704,0.6178767825474227,1.3926793304296374,-0.02154205069252876,0.00030118456541433094,-0.04780765392737928,-2.0460773124457297,0.5672571914548286,0.6356656995827823,-0.15095094242514046,-0.060438531094950655,-0.22335152168232691,-2.044323788230979,0.538829981431497,0.9344122157439355,-0.11066790026060794,-0.015296424377142246,-0.12368026085159155,0.09000117304571391,0.09000117304571391,0.0,0.17996241590196635,0.38151988298658956,-0.3865009162593506,0.008290744047253676,-0.0025424786616570633,-5.036010413403843,0,0.4492886086999249
37.17375999999502,-2.136898491565228,0.6178769808114433,1.3924804460990143,-0.02141329980569392,4.758336494150011e-05,-0.047732239349549385,-1.9777023171175188,0.6945807609362995,1.3235620538863746,-0.03036746893343272,0.18065106767445316,-0.10347104450243857,-2.011077033904728,0.6170815004580071,1.1287726211483529,-0.06990544604183711,0.08300596203298255,-0.11260566525774954,0.09000117304571391,0.09000117304571391,0.0,0.1797937235478877,0.3820276999479152,-0.3862064050056059,0.00820828622130352,-0.00262549009494989,-5.036349716906734,0,0.4492303650879897
37.17791999999502,-2.136987180868635,0.6178761278375294,1.3922818803759363,-0.021285432817705504,-0.00020471373930830016,-0.0476557735387307,-2.3340507083485824,0.7703149829914681,1.3322888351868272,-0.07817576573007327,-0.021401599550529185,-0.04341780814928384,-2.172730014720478,0.6936551192314934,1.2304421612947356,-0.07342447345491819,0.030655012787057265,-0.07816849449590112,0.09000117304571391,0.09000117304571391,0.0,0.17962626904512935,0.3825339557748908,-0.38591706124503844,0.008126281670888656,-0.002708045631700475,-5.036686785120806,0,0.44917308792901006
37.18207999999502,-2.1370753410573795,0.6178742290556082,1.3920836375106789,-0.02115844529865853,-0.00045570766109497745,-0.0475782876617716,-2.0543955755159513,0.4947349107182286,2.0184772951092005,-0.0894492755216654,-0.15990328071618076,0.06223182493929586,-2.1137476755074514,0.593861073489918,1.6245925669362724,-0.08160099576753664,-0.06463339773279124,-0.0069599077735656035,0.09000117304571391,0.09000117304571391,0.0,0.17946004718447434,0.38303864686806977,-0.3856327728614782,0.008044729598544785,-0.0027901460691611814,-5.037021619837109,0,0.44911677517676474
37.18623999999502,-2.137162975777264,0.6178712898914084,1.3918857216260172,-0.02103233277226837,-0.0007053994079574152,-0.0474998123187953,-2.2861748751743534,-0.16359633503069582,1.3920087307148103,-0.005059091224097836,-0.056521650892044,-0.07296935704326518,-2.1999728508668634,0.21500873525564995,1.5081476404056036,-0.043408891125911855,-0.06020766023819826,-0.04014948373828909,0.09000117304571391,0.09000117304571391,0.0,0.17929505264475304,0.3835417698200339,-0.38535342962644575,0.007963629168787643,-0.0028717922280350494,-5.037354223020532,0,0.44906142472635935
37.190399999995016,-2.1372500886552572,0.617867315766084,1.391688136719547,-0.020907090718350493,-0.0009537900778502138,-0.04742037755284426,-2.0697683392265276,0.5897979665944416,1.1565199578804188,0.028467303151584446,0.026036149458701557,-0.04678505156006795,-2.134811895360278,0.4024590526584364,1.3322337599853202,-0.0067913637055810995,-0.016574238234149115,-0.043338410165925365,0.09000117304571391,0.09000117304571391,0.0,0.17913127999821155,0.3840433214090985,-0.3850789231681128,0.00788297950943499,-0.002952984951345861,-5.037684596806622,0,0.4490070344156153
37.194559999995015,-2.1373366832993206,0.6178623120958509,1.3914908866659665,-0.020782714575239825,-0.0012008808559479658,-0.04734001285929993,-2.0975246172965885,0.48061878634176447,1.5407676287222998,0.1747012072652452,-0.08434274890690366,0.04106940907568581,-2.115805302545014,0.44136528965042837,1.4365895094486687,0.08427054646514097,-0.051056978761383674,-0.0020692196373047487,0.09000117304571391,0.09000117304571391,0.0,0.17896872371439443,0.38454329859316366,-0.384809146939716,0.007802779712889183,-0.003033725103370288,-5.038012743498428,0,0.4489536020264286
37.19871999999501,-2.1374227632982463,0.617856284291636,1.3912939752193203,-0.020659199742146916,-0.0014466730115817621,-0.04725874719510538,-2.475448796010766,0.5205233933237384,1.6163559547687616,-0.04968652600564475,-0.03357372751305107,-0.06235269661955112,-2.295732523926886,0.48087515379421364,1.526343710042831,0.01711378686916741,-0.04236012006497537,-0.03192427905590332,0.09000117304571391,0.09000117304571391,0.0,0.17880737816638892,0.38504169850397985,-0.3845439961904208,0.007723028837382139,-0.0031140135686253435,-5.038338665563389,0,0.4489011252861043
37.20287999999501,-2.1375083322215023,0.6178492377587389,1.3910974060152044,-0.02053654158144098,-0.0016911678952998422,-0.04717660898780586,-2.3333528485488126,0.2428411367060962,1.4542504067175979,0.08682037140232267,0.08650963181341585,-0.1774861992322262,-2.3143629536111754,0.36203775006078426,1.4899263323378789,0.052245336994793404,0.02142558455814302,-0.1041884282029134,0.09000117304571391,0.09000117304571391,0.0,0.17864723763301765,0.38553851844177567,-0.38428336793414575,0.007643725908182183,-0.0031938512509054233,-5.038662365630246,0,0.44884960186866135
37.20703999999501,-2.137593393619089,0.6178411778965053,1.390901182572936,-0.020414735420886336,-0.0019343669360704736,-0.0470936261443794,-2.216535081790423,0.5212135758510908,1.5461154238636332,-0.0019926655841226992,0.015286997941755674,-0.0029800060942724582,-2.265452893715405,0.44165861766010406,1.5180149110289685,0.025329775863671616,0.018335352771198115,-0.053512832353124144,0.09000117304571391,0.09000117304571391,0.0,0.17848829630510132,0.3860337558696594,-0.3840271609223386,0.007564869918766226,-0.003273239072371153,-5.038983846485996,0,0.4487990293961136
37.21119999999501,-2.1376779510214052,0.6178321100980111,1.3907053082976866,-0.020293776555814068,-0.002176271638618538,-0.0470098260598816,-2.002254006550636,0.06043958030573804,1.6175536924986713,-0.15471396199187434,-0.1277532271606195,0.04059837780462292,-2.134173151257076,0.250780769966137,1.5678675907085888,-0.06480447543748814,-0.05472918535216836,-0.005573209439082685,0.09000117304571391,0.09000117304571391,0.0,0.17833054828873912,0.3865274084088105,-0.3837752756147188,0.007486459831956079,-0.0033521779726882195,-5.039303111072873,0,0.44874940543972525
37.21535999999501,-2.1377620079391186,0.6178220397497576,1.3905097864825786,-0.02017366025122854,-0.002416883580847903,-0.04692523562593522,-2.280149313824275,0.3623386722246291,1.26528723116395,-0.1354441306055983,-0.008921329124491796,-0.12604926901030028,-2.2074440218146054,0.30654217942780554,1.416313102633795,-0.1000967223685163,-0.031940614281028186,-0.06579766836882155,0.09000117304571391,0.09000117304571391,0.0,0.17817398760902453,0.3870194738336608,-0.38352761415162306,0.007408494581021133,-0.0034306689082061388,-5.0396201624853685,0,0.44870072752124146
37.21951999999501,-2.1378455678630512,0.6178109722313767,1.3903146203107495,-0.020054381743870878,-0.0026562044114135427,-0.04683988123901245,-2.383634744783769,1.0735640388543208,1.4796961870382455,0.036128671449904046,-0.018491069443181594,-0.06690160016843189,-2.295465913232984,0.6900198587680542,1.4478656938572692,-0.03177943031668597,-0.02514134960358094,-0.06623362402456102,0.09000117304571391,0.09000117304571391,0.0,0.1780186082152666,0.38750995006711825,-0.38328408032731504,0.00733097307074862,-0.0035087128511853073,-5.039935003967278,0,0.4486529931140963
37.22367999999501,-2.137928634264069,0.617798912915346,1.3901198128573804,-0.019935936244207624,-0.0028942358473613592,-0.04675378880858671,-2.3774205397121984,0.4217742545134534,0.838005202872249,-0.04965006839604079,-0.12399458234272484,-0.030896317301824676,-2.336547904284328,0.5556381062830522,1.1428664704006442,-0.040312761215230926,-0.0749616052950746,-0.048352281655072715,0.09000117304571391,0.09000117304571391,0.0,0.1778644039840826,0.3879988351763149,-0.3830445795634071,0.007253894178481133,-0.003586310789058908,-5.04024763890879,0,0.4486061996445968
37.227839999995005,-2.1380112105929787,0.6177858671667131,1.3899253670916925,-0.019818318938376586,-0.0031309796718963405,-0.04666698376509689,-2.1262420393175034,0.6742058921116854,1.4584920903001157,0.0043087493611377314,-0.1416382125794221,-0.12357313767186537,-2.2313850730656446,0.614629776643642,1.3004256315609393,-0.01774763708215715,-0.10904148321963499,-0.08652103089779223,0.09000117304571391,0.09000117304571391,0.0,0.17771136872271173,0.38848612736834587,-0.38280901888282265,0.007177256755123404,-0.003663463723736342,-5.0405580708436,0,0.448560344493085
37.231999999995004,-2.1380933002804374,0.6177718403428287,1.3897312858789101,-0.01970152499008008,-0.0033664377322459122,-0.046579491067755094,-1.970494245757055,0.8508121817320771,1.4061975629235,-0.036835807287830556,-0.14459217186175766,0.016322053483802668,-2.1010141439669936,0.732421780675691,1.353346340757283,-0.027438248259790195,-0.12676469610762758,-0.035132025925361195,0.09000117304571391,0.09000117304571391,0.0,0.17755949617404726,0.38897182498621236,-0.3825773068845148,0.0071010596261195,-0.0037401726709445924,-5.040866303446068,0,0.44851542499507846
37.236159999995,-2.138174906736864,0.6177568377930888,1.3895375719821925,-0.019585549542410922,-0.003600611937590981,-0.04649133521222435,-2.3185623154437778,0.9238202229883836,0.9996282630955676,-0.05741810465539523,-0.03462961660917141,-0.00426514580489213,-2.209909631385259,0.8280497438887586,1.1764760802595564,-0.04220920642266588,-0.08042962064140241,-0.019760593446017976,0.09000117304571391,0.09000117304571391,0.0,0.17740878001889798,0.38945592650496985,-0.3823493537180884,0.007025301592399957,-0.0038164386595994325,-5.041172340528395,0,0.4484714384423884
37.240319999995,-2.1382560333523624,0.6177408648586842,1.3893442280645336,-0.01947038771964006,-0.003833504257107807,-0.04640254023812518,-2.2324250512935544,0.7542717269805734,1.3341206647556652,-0.1678986891573076,-0.053232741987730633,0.007294952951878035,-2.2215182100555833,0.7910499551202949,1.2553141500308416,-0.10433100584774266,-0.06705338566785961,-0.005994670196256456,0.09000117304571391,0.09000117304571391,0.0,0.17725921388039406,0.38993843052813526,-0.3821250710600377,0.006949981431301247,-0.0038922627312124153,-5.0414761860378485,0,0.4484283820842191
37.244479999995,-2.1383366834966497,0.6177239268723589,1.3891512566906319,-0.019356034628944516,-0.004065116718079346,-0.04631312973641334,-1.5304354423526965,0.7337385921134365,1.421156280826252,0.01680186946215504,0.043757842976928675,-0.09744493139586605,-1.8759392338343446,0.762486269070832,1.3380333454764184,-0.042718866258368855,-0.012319115079299989,-0.051546709027070745,0.09000117304571391,0.09000117304571391,0.0,0.17711079132711863,0.3904193357840324,-0.38190437208946393,0.00687509789745731,-0.003967645939327331,-5.04177784405401,0,0.44838625312824565
37.248639999995,-2.138416860518992,0.6177060291581752,1.3889586603287294,-0.019242485362084817,-0.004295451404081196,-0.04622312685662139,-2.0129336036082517,0.5207083726898514,1.042146401871941,0.0775967273803583,0.15936314408049304,-0.09879574020987061,-1.9442773535118913,0.6419286945494185,1.1898804571189134,0.018092435227551457,0.07274418599879709,-0.07427681175432062,0.09000117304571391,0.09000117304571391,0.0,0.17696350587581802,0.3908986411224504,-0.3816871714645563,0.006800649723664391,-0.004042589348984426,-5.042077318786061,0,0.44834504874167197
37.252799999995,-2.1384965677481462,0.6176871770312866,1.3887664413524212,-0.019129734997043738,-0.004524510453265246,-0.0461325543139443,-2.019804558711285,1.1795456984124828,0.8316049878530711,0.03223085596630376,-0.05948522514546115,-0.10978303231398939,-1.9819735007294816,0.9106177798857878,1.0105108047949183,0.024706522302765457,0.006373974609238154,-0.09151548500349083,0.09000117304571391,0.09000117304571391,0.0,0.17681735099540155,0.3913763455112946,-0.3814733852994107,0.006726635621720477,-0.0041170940362166356,-5.042374614570096,0,0.44830476605227026
37.256959999995,-2.138575808492311,0.6176673757977171,1.388574602042437,-0.0190177785996037,-0.0047522960566861745,-0.04604143439621955,-2.0223688734398166,0.3852366252750698,1.6484423729457538,0.07417477627992165,0.059918065158078015,-0.15303293438221943,-2.0020166158371397,0.6480475864505238,1.3291621038424217,0.04916218600512738,0.03341552357047509,-0.12196018273190912,0.09000117304571391,0.09000117304571391,0.0,0.17667232011009382,0.3918524480337651,-0.38126293114247267,0.006653054283239165,-0.004191161087568011,-5.04266973586648,0,0.4482654021494022
37.261119999994996,-2.1386545860390815,0.6176466307541475,1.388383144588392,-0.01890661122488109,-0.00497881045670682,-0.045949788970773106,-2.2025577908503364,0.5067108241935518,1.6460153357421312,-0.15821043888546943,-0.2202699036550471,0.008913619735508999,-2.102618012570769,0.5769193704124493,1.4876091085029168,-0.05435081678953622,-0.09307873639429862,-0.05635445069616555,0.09000117304571391,0.09000117304571391,0.0,0.17652840660173807,0.39232694788510086,-0.38105572795275444,0.006579904380438976,-0.004264791599637357,-5.042962687257225,0,0.4482269540850208
37.265279999994995,-2.13873290365541,0.6176249471877081,1.3881920710905122,-0.018796227918815314,-0.005204055945461728,-0.04585763949114159,-1.5315390233658843,0.332919673061228,1.2064268350183214,-0.0762155405214698,0.023268467218868837,-0.06370714074634762,-1.8172343350581066,0.45496692083625556,1.3468834727968038,-0.06466289286734486,-0.03525337302547143,-0.06001955616976852,0.09000117304571391,0.09000117304571391,0.0,0.17638560381338786,0.3927998443696909,-0.38085169607938824,0.006507184566909487,-0.004337986678644471,-5.043253473443406,0,0.4481894188746548
37.269439999994994,-2.1388107645875754,0.6176023303757773,1.3880013835613303,-0.018686623719616713,-0.005428034863401937,-0.045765007003661914,-2.5879061729834536,0.3820632654985223,1.3314884728763505,0.09946829539489876,0.0602616831293312,-0.051779186295349756,-2.202369210455395,0.41864057796961257,1.339078552790476,0.017610896742755792,0.012184345656045918,-0.056085925150904624,0.09000117304571391,0.09000117304571391,0.0,0.17624390505162296,0.3932711368986608,-0.38065075723981484,0.006434893478354186,-0.004410747440022251,-5.043542099242614,0,0.44815279349837583
37.27359999999499,-2.1388881720611552,0.6175787855857862,1.3878110839273554,-0.018577793659164732,-0.005650749597873329,-0.0456719121539631,-1.8685972406641795,0.6375534705648808,1.875552691211074,-0.0922882072965811,-0.025383939917843865,-0.20150691446175845,-2.035672425082041,0.5280484730835345,1.6069001591514802,-0.03753439082347744,-0.007902786328805455,-0.1287446546440922,0.09000117304571391,0.09000117304571391,0.0,0.17610330358993953,0.3937408249868651,-0.3804528344985303,0.00636302973331144,-0.0044830750080266275,-5.043828569586426,0,0.44811707490174857
37.27775999999499,-2.1389651292810066,0.6175543180750289,1.3876211740307165,-0.018469732764358805,-0.005872202581746686,-0.04557837519334779,-2.0352437184059733,0.9283378034619112,1.206861964001025,-0.13304553311589862,0.021549211675765303,-0.15447632388778304,-2.035734420856582,0.7282400378061423,1.4065582989906658,-0.0854659546382054,0.007169078680575723,-0.14225457528931248,0.09000117304571391,0.09000117304571391,0.0,0.1759637926710777,0.3942089082505683,-0.38025785224703623,0.006291591933853503,-0.00455497051536387,-5.044112889517924,0,0.4480822599967638
37.28191999999499,-2.13904163943125,0.6175289330904784,1.3874316556307789,-0.018362436058439457,-0.006092396292131765,-0.045484415985036504,-2.3198531400042715,0.3296143081713563,1.4471311519483956,0.15201081882671996,0.2542843688265319,0.04821011653757817,-2.177478612526806,0.5294539572209414,1.4269464895876836,0.03278700452283059,0.1303889778906178,-0.04761362027866784,0.09000117304571391,0.09000117304571391,0.0,0.17582536550978234,0.39467538640496097,-0.3800657361830692,0.006220578666264694,-0.004626435102842197,-5.044395064189239,0,0.4480483456627558
37.28607999999499,-2.1391177056752593,0.6175026358686071,1.3872425304057359,-0.01825589856225449,-0.006311333249102274,-0.04539005401033726,-1.7538446496305276,0.8697420672038683,1.6537000995247948,0.06452429859362863,0.189697915417695,-0.11005435058851548,-1.9655252161826096,0.6999956238635713,1.5400952840283109,0.04901816261215478,0.15972020814922688,-0.07849946808302831,0.09000117304571391,0.09000117304571391,0.0,0.17568801529514103,0.3951402592618292,-0.37987641329124955,0.006149988501699262,-0.004697469919035647,-5.044675098859121,0,0.44801532874730343
37.29023999999499,-2.1391933311556572,0.6174754316352133,1.3870537999541745,-0.018150115295493645,-0.00652901601449221,-0.04529530837469102,-2.01085692982252,0.12531654675264087,1.6796990174900377,0.06457263284118703,-0.049639431960849925,-0.11114355603953611,-1.9880563771721271,0.4125493189236527,1.6096659768969992,0.056455968838434935,0.05481168440838384,-0.09435042572320564,0.09000117304571391,0.09000117304571391,0.0,0.1755517351931415,0.39560352672716725,-0.3796898118227986,0.006079819996819672,-0.004768076119967071,-5.044952998890547,0,0.44798320606711495
37.29439999999499,-2.139268518994315,0.617447325605252,1.386865465796618,-0.018045081277885382,-0.006745447190742537,-0.045200197813607824,-2.507293782722961,0.7560131752694437,1.2249455602554469,0.17390708066826552,0.019502075855875784,-0.15935443316161496,-2.247315144914186,0.5843242306845441,1.4169731535958028,0.11428603459541282,0.0371512277766241,-0.1275837961700487,0.09000117304571391,0.09000117304571391,0.0,0.17541651834902006,0.3960651887992646,-0.37950586127774716,0.006010071694415744,-0.004838254868809264,-5.045228769748363,0,0.4479519744088991
37.298559999994986,-2.139343272292358,0.6174183229826696,1.3866775293770408,-0.017940791530345352,-0.00696062941976104,-0.045104740698534956,-2.3443559644899814,0.6781119381841173,1.3344328362585478,0.06143113534150256,0.08341923664953745,-0.0979298083336949,-2.295708312012978,0.631393918727538,1.3754995774425058,0.0877914006097966,0.059480027289728996,-0.11316800827348698,0.09000117304571391,0.09000117304571391,0.0,0.17528235789004293,0.3965252455665223,-0.37932449238386245,0.0059407421240053595,-0.004908007335595931,-5.045502416996948,0,0.4479216305302202
37.302719999994984,-2.139417594130175,0.6173884289602453,1.3864899920643634,-0.017837241076093115,-0.007174565381845478,-0.045008955042599025,-1.6725691219983574,0.2871097447966467,1.1942557233481539,0.10302534199820393,0.031267611965218926,-0.0011939347166755807,-1.983919162424518,0.45931422437093405,1.284874213478437,0.09497249778233001,0.04548813615260003,-0.05733944861550649,0.09000117304571391,0.09000117304571391,0.0,0.17514924692679573,0.39698369720531745,-0.3791456370802063,0.00587182980241684,-0.004977334696948884,-5.045773946297917,0,0.4478921711603384
37.30687999999498,-2.1394914875674322,0.6173576487194343,1.3863028551539207,-0.017734424941733287,-0.007387257794637343,-0.044912858506270074,-2.1316166782854804,0.8736085301214096,0.7546086868546077,0.02161609152841794,0.033943092538820906,-0.06861766871766117,-2.0577248453502768,0.6665348297032005,1.019595248881818,0.05870881862164742,0.039739051587846505,-0.0630893886478284,0.09000117304571391,0.09000117304571391,0.0,0.1750171785564012,0.39744054397813044,-0.3789692284976297,0.005803333234354472,-0.005046238135818165,-5.046043363407849,0,0.44786359300103606
37.31103999999498,-2.139564955643092,0.6173259874302172,1.3861161198689085,-0.017632338158299125,-0.0075987094121200095,-0.04481646840292107,-2.3927398670954787,0.8730702686713498,1.4827709315326563,-0.02098786205945883,0.1509551335390398,0.08306216089311093,-2.225277949666852,0.7701191044816359,1.2513593940800678,0.018670857593563808,0.09479769595546905,0.009834739289745358,0.09000117304571391,0.09000117304571391,0.0,0.17488614586403178,0.39789578623188204,-0.3787952009411203,0.005735250912946588,-0.005114718841235861,-5.0463106741760475,0,0.4478358927274303
37.31519999999498,-2.1396380013754346,0.6172934502509521,1.3859297873618073,-0.017530975762258413,-0.00780892302363567,-0.04471980170431231,-1.7657831620224913,0.6481624262223263,1.0042231996445805,-0.021416002904197318,-0.1278881620113021,-0.008714800785589512,-1.9955708026175116,0.7088762155471305,1.1277726899328429,-0.0018905531546841228,-0.017640390515437178,-3.9378332276784824e-05,0.09000117304571391,0.09000117304571391,0.0,0.1747561419248535,0.39834942439573157,-0.3786234898727242,0.005667581320277514,-0.005182778008079125,-5.046575884542334,0,0.44780906698877065
37.31935999999498,-2.1397106277620868,0.6172600423282314,1.3857438587157824,-0.017430332796492816,-0.008017901452957695,-0.044622875045971906,-2.3578086996914744,0.17207658928808361,1.5984478274153433,-0.012102600798111254,-0.06497327748648461,-0.12097361810608148,-2.176717537906793,0.4403373450696003,1.3628610491557833,-0.006957966085466713,-0.04122755674970385,-0.06007492202033927,0.09000117304571391,0.09000117304571391,0.0,0.17462715980640156,0.39880145897977964,-0.3784540318926872,0.005600322927903755,-0.005250416836847716,-5.046839000534868,0,0.44778311240922447
37.32351999999498,-2.13978283778005,0.6172257687967424,1.3855583349460636,-0.017330404311234133,-0.008225647557369101,-0.04452570473250524,-1.845166131053776,0.7618613725447585,1.015548990108084,-0.005328676027579169,-0.055551677647730405,0.08650680779472544,-2.0109483921221445,0.6009867161768647,1.1893832015532204,-0.007204067581391046,-0.04870287121434263,0.012879309558178972,0.09000117304571391,0.09000117304571391,0.0,0.17449919257010513,0.3992518905729658,-0.3782867647239511,0.0055334741973546205,-0.005317636533448328,-5.047100028267994,0,0.44775802558864786
37.32767999999498,-2.1398546343857374,0.6171906347791307,1.385373217001302,-0.017231185364976503,-0.00843216422679235,-0.044428306742809766,-2.105858959656594,0.2718688813048644,0.860141600314866,-0.11328142027771623,-0.03027258833157076,0.0951463244618991,-2.0586387156414707,0.4363637058347748,1.024958356057443,-0.06083529101639508,-0.040054467286946914,0.05383570052592106,0.09000117304571391,0.09000117304571391,0.0,0.17437223327388476,0.3997007198418703,-0.37812162719466125,0.005467033580618049,-0.0053844383089915295,-5.047358973940127,0,0.4477338031033451
37.331839999994976,-2.1399260205150097,0.6171546453858685,1.3851885057649052,-0.017132671025347275,-0.008637454382927547,-0.044330696735221276,-1.6388259933226772,0.7235908327838159,1.476873354810573,0.10280063246764878,-0.02818206572277755,-0.020718126831790966,-1.8485168173622688,0.5799206621746715,1.2508751135053475,0.021560185459118673,-0.034119446394878884,0.016953563410854817,0.09000117304571391,0.09000117304571391,0.0,0.17424627497282996,0.40014794752865773,-0.3779585592208208,0.005400999520611488,-0.005450823379594981,-5.047615843831659,0,0.4477104415068129
37.335999999994975,-2.139996999083218,0.617117805715125,1.3850042020563529,-0.017034856369958693,-0.008841520978439028,-0.044232890052559516,-2.2745850883259413,0.9845858043802205,1.55717026634489,-0.01828393794515195,0.006553520685582967,-0.18818360312445193,-2.0615911170827412,0.7822695450585928,1.4036345941564548,0.0012332949282048778,-0.013712963936061496,-0.08616800788534042,0.09000117304571391,0.09000117304571391,0.0,0.1741213107218033,0.40059357445003224,-0.3777975017918769,0.005335370451639334,-0.005516792966198698,-5.047870644302897,0,0.44768793733047485
37.340159999994974,-2.140067572985248,0.617080120852641,1.38482030663249,-0.0169377364872222,-0.009044366996156334,-0.04413490172711171,-2.7392542244420346,0.7172753214220667,1.6222413231568062,-0.011600645230620734,0.021832216284995133,0.013833479218100457,-2.4004495520381326,0.7498170400112921,1.512968098587197,-0.006139560364002268,0.004225071195487341,-0.03609528643637212,0.09000117304571391,0.09000117304571391,0.0,0.1739973335765524,0.4010376014954412,-0.37763839695239443,0.005270144799836405,-0.0055823482943876054,-5.0481233817920295,0,0.4476662870844011
37.34431999999497,-2.1401377450955694,0.6170415958716065,1.3846368201888002,-0.016841306477134048,-0.009245995448295182,-0.0440367464855349,-1.6504361650722477,1.178921937784376,1.203234560027013,-0.05381003669971693,-0.12137865975683795,0.25670752328315016,-2.0255490090650548,0.9641193451023312,1.358632976166258,-0.030223991421721157,-0.05824064672976168,0.11034987166988618,0.09000117304571391,0.09000117304571391,0.0,0.17387433659632168,0.40148002962575685,-0.37748118778772993,0.005205320983598461,-0.005647490594220588,-5.048374062813124,0,0.4476454872580177
37.34847999999497,-2.1402075182682863,0.617002235832541,1.3844537433606598,-0.01674556145202785,-0.00944640937570101,-0.043938438753689704,-1.7508638782484462,0.4853337251444599,1.2816249973676304,0.1628055569487622,-0.03266764294260817,-0.16963945883509757,-1.8878656169440773,0.7246558192603526,1.3197759558882973,0.06614678317748594,-0.04573571482894709,-0.029796670192960336,0.09000117304571391,0.09000117304571391,0.0,0.1737523128436882,0.40192085987200776,-0.37732581840857743,0.005140897413999262,-0.005712221100065796,-5.048622693954152,0,0.4476255343208032
37.35263999999497,-2.1402768953371916,0.6169620457831779,1.3842710767245707,-0.01665049653731289,-0.009645611847132933,-0.04383999266138424,-1.7028729284569466,0.5987359578713016,1.319420130673025,0.11647237152914529,-0.0035903334307658963,0.07129868602200662,-1.7951240631941825,0.6616880578928918,1.319746375868146,0.0905101477125066,-0.024914909579007383,0.020727283476506365,0.09000117304571391,0.09000117304571391,0.0,0.17363125538782015,0.4023600933336801,-0.3771722339341702,0.005076872495196239,-0.005776541050446657,-5.048869281875036,0,0.44760642472297285
37.35679999999497,-2.1403458791158254,0.6169210307583506,1.3840888207993747,-0.01655610687217062,-0.009843605958548296,-0.04374142204705942,-2.1588696466983595,0.5436753303473094,1.620378290627801,-0.14704433251041463,-0.014078826586543984,-0.017625308547291635,-1.9773043175822116,0.6026515452757244,1.4700275064434913,-0.02869935854114753,-0.019478567225731942,0.001683432944321793,0.09000117304571391,0.09000117304571391,0.0,0.1735111573051747,0.40279773117787054,-0.3770203804788444,0.005013244624823237,-0.005840451687891449,-5.049113833305735,0,0.4475881548961531
37.36095999999497,-2.1404144723975347,0.6168791957798822,1.383906976047448,-0.016462387610230986,-0.010040394832415112,-0.04364274046240196,-2.5986513696769316,0.4784934175784339,1.4260702668292957,-0.11527434292653492,-0.15319913348540665,-0.15547281414942293,-2.2882215475468284,0.5402524498313879,1.4477258066825922,-0.07217904456078504,-0.08608359367647177,-0.07717629283473065,0.09000117304571391,0.09000117304571391,0.0,0.17339201168083887,0.40323377463763505,-0.37687020513598024,0.004950012194371799,-0.0059039542587894095,-5.049356355044347,0,0.44757072125404335
37.36511999999497,-2.1404826779555357,0.6168365458564778,1.3837255428758777,-0.016369333920222127,-0.010235981617041591,-0.04354396117688648,-2.6289141034642056,0.5045823651904793,1.6050227913892938,0.09248314099823782,0.08790369887628215,-0.10885475011430651,-2.45837857140547,0.5225993114129892,1.526148014304056,0.01048970967114643,0.0012276348791746172,-0.09254674354775795,0.09000117304571391,0.09000117304571391,0.0,0.17327381160987326,0.4036682250109756,-0.37672165596380847,0.00488717358956122,-0.005967050013252356,-5.049596853955247,0,0.4475541201930664
37.369279999994966,-2.14055049854298,0.6167930859836198,1.3835445216376183,-0.01627694098659999,-0.01043036948593745,-0.043445097182238754,-2.3419484616105564,0.5079918579980237,1.725416652776946,-0.09596428872731516,-0.07435571702472948,0.06833778348801038,-2.4003600397952436,0.5151398374093789,1.625925710927302,-0.043819536766936264,-0.03608444776905737,-0.012038998426385356,0.09000117304571391,0.09000117304571391,0.0,0.17315655019887233,0.4041010836596646,-0.3765746819711626,0.004824727190697698,-0.00602974020498449,-5.049835336967246,0,0.4475383480930095
37.373439999994964,-2.140617936893022,0.616748821143465,1.3833639126326314,-0.01618520401014221,-0.010623561637162816,-0.04334616119685966,-2.1391100966182965,0.7981725694222391,0.7941543485657725,-0.1424790719813561,0.025753590928306137,0.15068505295130324,-2.2700307801507527,0.6567124657597061,1.2103498249405142,-0.09257189336268701,-0.005513235616577956,0.06825718630867662,0.09000117304571391,0.09000117304571391,0.0,0.17304022056709978,0.40453235200790555,-0.37642923310274656,0.0047626713730227225,-0.006092026091152315,-5.050071811071781,0,0.4475234013176529
37.37759999999496,-2.1406849957188907,0.6167037563047453,1.3831837161090057,-0.01609411820852854,-0.010815561292722736,-0.043247165670156414,-1.7102867883268102,0.5253560088417677,1.7042590463339555,0.07550790316121367,-0.1567777173475071,-0.22727755698098967,-1.9899976102005308,0.5907093389347129,1.456833679275547,-0.008640359069421528,-0.08215223326845683,-0.07877877751504697,0.09000117304571391,0.09000117304571391,0.0,0.17292481584805414,0.40496203154125876,-0.3762852602254171,0.0047010045070511085,-0.006153908932263005,-5.05030628332113,0,0.4475092762153889
37.38175999999496,-2.1407516777139612,0.6166578964226704,1.3830039322640606,-0.016003678816891964,-0.011006371697963709,-0.04314812278682309,-2.290822880573666,1.1134393811507661,1.2078376483105508,0.141837576021831,0.15164370593013798,0.1275510003209548,-2.1401179130527486,0.8523932326717963,1.3325986318128138,0.06686818925723893,0.03482678024637885,0.024657564831290762,0.09000117304571391,0.09000117304571391,0.0,0.17281032919018186,0.40539012380561756,-0.37614271511419844,0.004639724958898736,-0.006215389992046097,-5.050538760826652,0,0.44749596911983
37.38591999999496,-2.1408179855518292,0.616611246438833,1.382824561245431,-0.015913881088346755,-0.011195996120977348,-0.04304904447106411,-2.2029548200015148,1.036269338257485,1.4306843509150204,0.07326750406635994,-0.025118555528251964,0.1387110096602252,-2.1713839141178664,0.9442806181885331,1.3819306395361972,0.06982805992211755,0.0047175833324639566,0.0817024941963775,0.09000117304571391,0.09000117304571391,0.0,0.1726967537575912,0.4058166304060757,-0.3760015504386721,0.004578831090600873,-0.006276470537337304,-5.050769250757053,0,0.4474834763504065
37.39007999999496,-2.1408839218863895,0.6165638112811161,1.3826456031521364,-0.01582472029450747,-0.011384437852051664,-0.04294994239072691,-2.007560935906432,0.4348458523328034,1.4480446504127638,-0.1747509011620243,0.04155966224449475,-0.16126726058646496,-2.0898354671407775,0.6896468290278468,1.414652183096981,-0.052103562564776926,0.02279215760344183,-0.03952963744129632,0.09000117304571391,0.09000117304571391,0.0,0.17258408273269366,0.40624155300584525,-0.3758617197499552,0.0045183212604214375,-0.006337151837972371,-5.050997760336683,0,0.4474717942129554
37.39423999999496,-2.1409494893519145,0.6165155958636033,1.3824670580356304,-0.015736191725964632,-0.011571700203090816,-0.04285082796141555,-2.6779345856753163,0.13346391349023373,1.3852932228665196,-0.10138883894875876,-0.026955378064859873,-0.0845835879363119,-2.3840997815388785,0.4114971557488065,1.399796773744357,-0.07686129371503458,-0.002916417844865718,-0.06215355260576253,0.09000117304571391,0.09000117304571391,0.0,0.17247230931585494,0.4066648933252793,-0.3757231774665587,0.004458193823152155,-0.006397435166677696,-5.05122429684385,0,0.44746091900029755
37.39839999999496,-2.1410146905631344,0.6164666050864904,1.3822889259008366,-0.01564829069275633,-0.011757786507079059,-0.04275171235051346,-2.277956416196483,0.46199670503440676,1.3137312725147061,0.001792510118954968,-0.054027109906679825,-0.06963366915041572,-2.331024207287864,0.43663505202166325,1.3566181203598353,-0.03726076716770545,-0.028537289605944254,-0.06566977229165408,0.09000117304571391,0.09000117304571391,0.0,0.17236142672654292,0.4070866531408389,-0.37558587886233236,0.004398447130403455,-0.006457321798967956,-5.051448867609167,0,0.44745084699280585
37.402559999994956,-2.141079528115321,0.6164168438360006,1.382111206707165,-0.015561012524816682,-0.011942700117550747,-0.042652606481157276,-1.9119915805093244,0.5782276434493546,1.2291994019805539,-0.07273404817028317,0.1399269664351698,-0.18090624491436397,-2.12165472418866,0.5077224345965257,1.2925318666934325,-0.05572708672074676,0.05613986731889734,-0.12341375792798798,0.09000117304571391,0.09000117304571391,0.0,0.17225142820511954,0.4075068342841112,-0.3754497800526496,0.004339079530886938,-0.0065168130130473624,-5.051671480013917,0,0.4474415744589641
37.406719999994955,-2.141144004584373,0.6163663169843003,1.3819339003695144,-0.015474352572397695,-0.012126444408061807,-0.0425535210361586,-2.256607660995129,0.09711593964122156,1.2757352328972096,0.05957975278098192,0.12809717158319117,-0.24799527126074555,-2.1890078792001866,0.30268482420204,1.283618111307561,0.0017585607587231168,0.09111766360915842,-0.1859379189610056,0.09000117304571391,0.09000117304571391,0.0,0.17214230701313887,0.4079254386408252,-0.37531483798289567,0.004280089370688954,-0.006575910089711725,-5.051892141488449,0,0.44743309765591577
37.410879999994954,-2.1412081225269,0.6163150293894183,1.3817570067592566,-0.01538830620648027,-0.012309022771689443,-0.042454466461859235,-2.3494614034123,0.6926743196230987,1.489149045447218,0.1660001248173168,-0.07361241108433962,-0.18218543312584753,-2.268889655687698,0.4975292288757927,1.386005987215966,0.0834683133098614,0.0087440833221824,-0.1840191390598359,0.09000117304571391,0.09000117304571391,0.0,0.17203405643407305,0.4083424681500257,-0.3751810104145541,0.004221474993536275,-0.006634614312256017,-5.052110859510594,0,0.4474254128300039
37.41503999999495,-2.141271884480313,0.616262985895166,1.381580525705207,-0.015302868819162603,-0.012490438620527714,-0.042355452971937664,-1.765650412034774,0.7128688029345092,1.4902730717165231,-0.10003801734679374,0.022864825141023656,-0.010852835070167974,-2.017473835390592,0.6052487005666487,1.4381171642291017,-0.008635288145363587,0.015505597249736627,-0.09719642498169787,0.09000117304571391,0.09000117304571391,0.0,0.1719266697751099,0.40875792480303197,-0.3750482559140251,0.0041632347410542146,-0.006692926966382835,-5.052327641604109,0,0.4474185162173016
37.41919999999495,-2.1413352929629133,0.616210191331061,1.3814044569945771,-0.015218035824025589,-0.012670695385191798,-0.042256490551167654,-2.530998371931239,0.6274392299335176,1.1826793157892284,0.18609399106878943,-0.028787870021328696,-0.12479835179889612,-2.273852514696483,0.6162846339136125,1.310136677349971,0.08866291131996809,-0.006826462025866923,-0.11090027328971053,0.09000117304571391,0.09000117304571391,0.0,0.171820140366814,0.4091718106425003,-0.3749165338396869,0.004105366953016493,-0.006750849340111857,-5.052542495337143,0,0.44741240404413324
37.42335999999495,-2.141398350473982,0.6161566505122512,1.3812288003739142,-0.0151338026564965,-0.012849796514363986,-0.042157588959091954,-1.7673035701049993,0.4417477632685076,1.4023462912468558,0.13197681017383295,-0.22466941140146698,0.060410080869249566,-2.0202998445066362,0.5285474408229828,1.3563678564005637,0.11024717460992249,-0.11562310943961296,-0.025292437145020844,0.09000117304571391,0.09000117304571391,0.0,0.17171446156471293,0.40958412776169895,-0.37478580433040654,0.004047869967588248,-0.006808382723697937,-5.052755428320721,0,0.4474070725275866
37.42751999999495,-2.1414610594938743,0.6161023682394416,1.3810535555500238,-0.015050164774177314,-0.013027745474305063,-0.04205875773368343,-1.9442802984851162,0.870838198282479,1.5370199833612694,-0.2197486404861387,-0.06243154094289203,-0.12078465086928133,-1.9827472804205333,0.6995654610529313,1.4464441771384107,-0.054407409552205195,-0.08907982876532766,-0.07313903726064366,0.09000117304571391,0.09000117304571391,0.0,0.17160962674981647,0.4099948783036205,-0.3746560282940061,0.003990742121561638,-0.006865528409545033,-5.052966448207266,0,0.4474025178760177
37.43167999999495,-2.1415234224841124,0.6160473492988233,1.3808787221908783,-0.014967117657165041,-0.013204545748397014,-0.0419600061949358,-1.4505894154938126,0.3864462786937555,0.891617705079617,-0.07564072897410273,0.13800259090791278,-0.1127844915646769,-1.7168214957602292,0.5432933526762055,1.168793297937433,-0.06524338799990982,0.023181055759653596,-0.09335720628575846,0.09000117304571391,0.09000117304571391,0.0,0.17150562932935098,0.41040406445998595,-0.37452716739418535,0.0039339817505844935,-0.006922287692123787,-5.053175562689126,0,0.4473987362895444
37.43583999999495,-2.1415854418874805,0.6159915984620038,1.38070429992651,-0.01488465680835615,-0.013380200836695626,-0.04186134344839682,-1.9535804734986177,0.6928187490507456,1.3882651518462288,-0.09701966152513915,0.1405403846523228,-0.09339223920722811,-1.8354032346106133,0.6183492263862617,1.2783352845112899,-0.08170880837407223,0.08194490032518933,-0.09278665967558644,0.09000117304571391,0.09000117304571391,0.0,0.17140246273749485,0.4108116884704595,-0.37439918404082156,0.0038775871893822174,-0.006978661867892053,-5.053382779497141,0,0.4473957239605338
37.439999999994946,-2.141647120128121,0.6159351204859392,1.3805302883498907,-0.01480277775373703,-0.013554714255497155,-0.04176277838865334,-1.8818779448769272,0.7509369302274425,1.029090223947793,0.22315235385926002,-0.1632555227090824,0.13915857527490533,-1.858176495433347,0.6843040315578562,1.1540012124364336,0.07057286325713,-0.04044353770894134,0.022807357103016065,0.09000117304571391,0.09000117304571391,0.0,0.1713001204361153,0.41121775262202315,-0.3742720413772324,0.0038215567719730326,-0.007034652235218968,-5.053588106399218,0,0.44739347707407967
37.444159999994945,-2.1417084596116323,0.6158779201128689,1.3803566870177957,-0.014721476042652046,-0.013728089536891712,-0.04166431970277886,-1.7703441901144006,0.01644778635394606,1.161194782375978,0.02869348680403143,-0.01129215763119109,-0.014653195350289024,-1.8142018144955583,0.35034717082205324,1.1575667716002844,0.05048594882996434,-0.02559204878178755,0.00446314931203628,0.09000117304571391,0.09000117304571391,0.0,0.17119859591507897,0.41162225924786755,-0.37414570326974694,0.003765888831876914,-0.007090260094307079,-5.05379155119894,0,0.44739199180847244
37.44831999999494,-2.1417694627251658,0.6158200020702508,1.3801834954516552,-0.014640747248064403,-0.013900330228343931,-0.0415659758737193,-2.380555991774548,0.9561423714879398,1.1885555872823732,0.015454484691952633,-0.0052880275851878225,-0.059675241841617384,-2.0973504725451524,0.6532384122349856,1.1729364746833528,0.03285284184199629,-0.015634143577232487,-0.027217831777207106,0.09000117304571391,0.09000117304571391,0.0,0.17109788269320417,0.41202521072692294,-0.37402013429680725,0.0037105817023184817,-0.007145486747118441,-5.053993121734192,0,0.4473912643356606
37.45247999999494,-2.1418301318375272,0.6157613710706996,1.38001071313839,-0.014560586966798789,-0.014071439892272945,-0.04146775518363715,-2.2252613372560184,0.5852975249478369,0.7524073035893418,-0.08171512529234072,0.0037566455060902768,-0.1694753432127849,-2.1614756393330667,0.6192753684686871,0.9623168821832571,-0.02496509112606982,-0.005969599549202576,-0.09854880020344414,0.09000117304571391,0.09000117304571391,0.0,0.1709979743190016,0.41242660948274656,-0.3738952997371718,0.00365563371642379,-0.007200333497301632,-5.054192825875805,0,0.4473912908217042
37.45663999999494,-2.1418904692992764,0.6157020318119261,1.379838339531235,-0.014480990819770842,-0.014241422105644518,-0.04136966571720109,-2.230307475841664,0.5630018282184128,1.5980362221989666,0.18821623064156334,-0.15593224165501174,-0.0036495909698775336,-2.1954999878767807,0.5908136510556868,1.2801724962384473,0.08133925505437527,-0.08083602532546966,-0.050666096731589366,0.09000117304571391,0.09000117304571391,0.0,0.1708988643709881,0.4128264579830498,-0.37377116556000145,0.0036010432074110397,-0.007254801650120863,-5.05439067152623,0,0.44739206742722043
37.46079999999494,-2.141950477442827,0.6156419889766779,1.3796663740505481,-0.014401954452201004,-0.014410280459560212,-0.04127171536483996,-2.314199486292884,1.159229664328365,1.0032001596586142,-0.009981203564868955,0.07222879723794734,0.14347247309659883,-2.254872044496372,0.8751761032808572,1.1419821904395324,0.03602924546852885,-0.004426073707111421,0.04668790660808403,0.09000117304571391,0.09000117304571391,0.0,0.17080054645757306,0.4132247587387963,-0.37364769841426443,0.0035468085087757974,-0.00730889251238478,-5.054586666618228,0,0.44739359030782083
37.46495999999494,-2.1420101585825515,0.6155812472326826,1.3794948160846068,-0.014323473533824673,-0.014578018558873399,-0.04117391182593342,-1.9281801780939902,0.7325009058048819,1.29546930222531,-0.06675233074426992,-0.019494671788599524,-0.10716018963013421,-2.0916612946274777,0.803797285038891,1.2185034390805074,-0.016015420242530904,-0.012116745066412173,-0.029990108916073493,0.09000117304571391,0.09000117304571391,0.0,0.17070301421929782,0.4136215143035122,-0.37352486561788656,0.003492927954471205,-0.007362607392380129,-5.054780819113582,0,0.44739585561454204
37.46911999999494,-2.142069515014881,0.6155198112325918,1.3793236649903902,-0.014245543759071588,-0.014744640021780083,-0.04107626261198295,-2.0444004312579933,0.8117167932762522,1.2443610426553615,-0.10515475700523011,-0.15320182591482262,-0.14069307757937344,-2.068248565474615,0.8074402651621904,1.2311404224409888,-0.060909044059805816,-0.08352823116865948,-0.08564135126919786,0.09000117304571391,0.09000117304571391,0.0,0.17060626132722853,0.41401672727259403,-0.3734026351475023,0.0034393998790818578,-0.007415947599801237,-5.054973137001832,0,0.4473988594942672
37.473279999994936,-2.142128549018411,0.6154576856139274,1.3791529200943498,-0.01416816084725238,-0.014910148479447128,-0.04097877504971098,-2.54348224194644,0.5549395169037799,1.9527254484661167,0.10382878738329279,-0.15843794464987931,-0.08678396216769857,-2.3056527652743597,0.6808598023768782,1.5917554892530013,0.021447876929150178,-0.12156709299842772,-0.0852569831309535,0.09000117304571391,0.09000117304571391,0.0,0.1705102814847684,0.41441040028240234,-0.37328097562880996,0.003386222617993553,-0.007468914445685138,-5.0551636282990255,0,0.4474025980901412
37.477439999994935,-2.142187262854006,0.6153948749990289,1.378982580693166,-0.014091320542724823,-0.015074547575639809,-0.04088145628412448,-2.398289351348934,0.6981216983866593,1.3379655664883392,0.0743361814437771,-0.038328366098563674,-0.051490135187401524,-2.3518161711351984,0.6894111996997967,1.4647493618473175,0.04744708879775581,-0.07997729693722369,-0.067273568502105,0.09000117304571391,0.09000117304571391,0.0,0.17041506842840407,0.4148025360098871,-0.3731598563258174,0.003333394507557463,-0.0075215092423481615,-5.055352301046497,0,0.4474070675419784
37.481599999994934,-2.142245658764902,0.6153313839950025,1.3788126460544927,-0.014015018615038184,-0.015237840966327501,-0.04078431328155494,-2.5431568345285,0.6868611861181937,1.2343759557857363,0.0032864045325398973,0.241158530745099,-0.042172864808128235,-2.447481610113561,0.6886378823043952,1.3494737815407927,0.025660000203051442,0.08051981244940563,-0.054942685610335606,0.09000117304571391,0.09000117304571391,0.0,0.17032061592652747,0.4151931371715174,-0.37303924713154735,0.003280913885249047,-0.007573733303317852,-5.055539163309659,0,0.44741226398666195
37.48575999999493,-2.142303738976815,0.615267217193672,1.3786431154176901,-0.01393925085908799,-0.015400032319340094,-0.04068735283262001,-2.3301420836888522,1.2173760813334291,0.9690531186330114,-0.22651595853116507,0.15150782402059207,-0.07188823235533597,-2.3892818174292327,0.9533257532152721,1.1591122383845447,-0.10058253489347006,0.11603827285951475,-0.06388353578956876,0.09000117304571391,0.09000117304571391,0.0,0.17022691778103655,0.4155822065229577,-0.37291911855827825,0.0032287790898231005,-0.00762558794327293,-5.055724223176816,0,0.44741818355853713
37.48991999999493,-2.142361505698045,0.6152023791715303,1.3784739879945436,-0.013864013095242654,-0.015561125313993713,-0.040590581555172874,-1.8787255724075922,0.2064243450245764,1.069887446797432,0.056047852245247595,-0.05205178471622337,-0.11873753614198107,-2.133884493797635,0.579762318147457,1.1142545566137991,-0.021820861547494613,0.03163776704736986,-0.09241727519135491,0.09000117304571391,0.09000117304571391,0.0,0.17013396782786938,0.4159697468581011,-0.3727994417273188,0.003176988461463832,-0.007677074477979743,-5.055907488758003,0,0.44742482238979736
37.49407999999493,-2.1424189611195845,0.6151368744896939,1.378305262969972,-0.013789301169463744,-0.015721123640736554,-0.040494005897195644,-2.5339701702177204,0.28206165666077754,0.8916846315481841,-0.033454025854846296,0.012371964076236457,0.10727842434752574,-2.333999563581894,0.4309349514054533,1.0031901748699372,-0.02770950759050157,0.022336033448891814,0.007897566392704888,0.09000117304571391,0.09000117304571391,0.0,0.1700417599366831,0.4163557610085824,-0.37268018836024397,0.003125540341930088,-0.007728194224230418,-5.056088968183835,0,0.4474321766108627
37.49823999999493,-2.1424761074152237,0.6150707076938572,1.3781369395027234,-0.013715110953420215,-0.01588003100080384,-0.04039763213965044,-1.7710785699453744,0.5966265715265415,1.3195828986146612,-0.09613526262889772,0.06922897596452907,0.23063018048686038,-2.052736414312637,0.5139263926054671,1.1618682012867056,-0.0612794383936009,0.04554992340894687,0.11937149912493866,0.09000117304571391,0.09000117304571391,0.0,0.1699502880109603,0.4167402518430219,-0.3725613307692397,0.003074433074696562,-0.007778948499783294,-5.056268669604383,0,0.4474402423507515
37.50239999999493,-2.1425329467416594,0.6150038833142494,1.3779690167260596,-0.013641438344591635,-0.016037851105871727,-0.040301466399294286,-2.551551339137667,1.016293481990043,1.7532697402916388,0.06342783613641778,0.11799340003694667,0.044613644901189325,-2.302014232575159,0.7653588264064406,1.4576659144600987,0.00048606537775632377,0.08179060412485943,0.08199242046865361,0.09000117304571391,0.09000117304571391,0.0,0.16985954598961253,0.41712322226642873,-0.3724428418476253,0.0030236650050911766,-0.007829338623303636,-5.056446601188062,0,0.44744901573744617
37.50655999999493,-2.1425894812386024,0.6149364058655923,1.3778014937484286,-0.013568279266351502,-0.01619458767770245,-0.04020551463146455,-2.6387151143067245,0.7811416457164102,0.9150612982958344,-0.05957418064859958,-0.029021274510150928,-0.0655216694366382,-2.4704907827936813,0.7731893353174877,1.186224512067543,-0.02961679668111941,0.026703231576393534,0.007770842416458178,0.09000117304571391,0.09000117304571391,0.0,0.1697695278458061,0.41750467521954904,-0.37232469506162524,0.0029732344804275328,-0.007879365914301582,-5.056622771120549,0,0.447458492898251
37.510719999994926,-2.142645713028886,0.6148682798470596,1.3776343696541253,-0.013495629668060446,-0.016350244447831872,-0.04010978263279595,-1.93549079865915,0.5226115892157581,1.7628500684044361,0.19075366383582013,0.0040836795364203,0.012842628326176789,-2.2025901315874603,0.6479070911904765,1.4745672400414718,0.08048056385304275,0.01544856270842888,0.010689838824592119,0.09000117304571391,0.09000117304571391,0.0,0.1696802275883522,0.4178846136782659,-0.37220686443996664,0.0029231398501340473,-0.007929031693077425,-5.056797187603704,0,0.44746866996014434
37.514879999994925,-2.1427016442185742,0.6147995097422378,1.3774676435039424,-0.013423485525129751,-0.016504825157215283,-0.04001427604393274,-2.1600021036942976,0.8734843741735898,1.7884837964425964,0.041159757293506585,-0.10888511700946839,-0.03688871670452515,-2.1812095514442795,0.7604711277994176,1.6314502931375976,0.060506723020446185,-0.04685193589340913,-0.012762561247940075,0.09000117304571391,0.09000117304571391,0.0,0.16959163926096035,0.4182630406528382,-0.3720893245666511,0.0028733794658788022,-0.00797833728066074,-5.056969858854523,0,0.4474795430501234
37.519039999994924,-2.1427572768970706,0.6147301000190881,1.3773013143358084,-0.013351842839097492,-0.016658333555928197,-0.03991900035216601,-1.7085553028914184,1.0414364110525516,1.7964713131528447,0.07345205031023114,0.13794868115089257,-0.03207375293271137,-1.9447257596684009,0.9012431144710323,1.713894161810349,0.06669871984557077,0.04532028896027084,-0.021895888377283356,0.09000117304571391,0.09000117304571391,0.0,0.16950375694341574,0.4186399591875114,-0.37197205057091387,0.0028239516816910334,-0.008027283998757705,-5.057140793104103,0,0.44749110829554356
37.52319999999492,-2.142812613137228,0.6146600551299097,1.3771353811654163,-0.013280697637672373,-0.016810773402812375,-0.039823960894078,-2.206106972151215,1.423203982406918,1.5949244845073098,-0.11130627527674584,-0.17210190783390333,0.001478005824774635,-2.0756507040995875,1.1618711637901957,1.6544109455769083,-0.021813777876801475,-0.0643048626709858,-0.00991265320874005,0.09000117304571391,0.09000117304571391,0.0,0.16941657475126093,0.4190153723597003,-0.3718550181192868,0.0027748548540786747,-0.008075873169690044,-5.057309998596623,0,0.4475033618244505
37.52735999999492,-2.142867654995456,0.6145893795113048,1.3769698429868409,-0.0132100459747908,-0.01696214846518347,-0.03972916285810304,-2.2634316638216916,0.7065522576413297,0.984889494039699,-0.010058291136105606,0.02604179241550271,-0.19537673865820152,-2.169563534473848,0.934262804713985,1.3192379166845922,-0.015881218403585442,-0.01919209147948208,-0.1020364801368115,0.09000117304571391,0.09000117304571391,0.0,0.16933008683590456,0.41938928327954383,-0.37173820340720276,0.0027260873421423807,-0.008124106116342317,-5.057477483588349,0,0.4475162997659067
37.53151999999492,-2.142922404511834,0.6145180775841443,1.3768046987731446,-0.013139883930654041,-0.017112462518505615,-0.039634611287083614,-2.2653501056018275,0.6882945309410615,1.3579327687763822,0.06567447789935774,-0.10265692116318165,-0.03166604576372182,-2.2173199240076573,0.8110630188135474,1.338519134978302,0.024427261833901287,-0.060724692261938586,-0.06656050028889425,0.09000117304571391,0.09000117304571391,0.0,0.16924428738580014,0.4197616950891382,-0.37162158314992544,0.002677647507686361,-0.008171984162105805,-5.05764325634665,0,0.4475299182503114
37.53567999999492,-2.1429768637102162,0.6144461537535357,1.3766399474769746,-0.013070207611755995,-0.01726171934607803,-0.03954031108078091,-1.8547733780368734,0.30652155761649047,1.459432631206863,-0.05427056800717091,-0.09712636616529233,-0.03242366551942993,-2.0361576467509193,0.5585871519570105,1.398909360162843,-0.014603379685331801,-0.07912240037615312,-0.04952853189939468,0.09000117304571391,0.09000117304571391,0.0,0.16915917062484523,0.4201326109621427,-0.37150513457515855,0.002629533715325153,-0.008219508630822357,-5.057807325149033,0,0.4475442134097148
37.53983999999492,-2.143031034598345,0.614373612408791,1.3764755880311481,-0.013001013150917503,-0.017409922738743925,-0.03944626699833663,-2.0425137364877908,1.1326290613175654,1.7136433704274894,0.023526208529749456,-0.14363483329056406,0.028279079609463145,-2.0392869163941194,0.8453136820437269,1.5563380846547044,0.004513851038508104,-0.11152586982233487,-0.010965017222844924,0.09000117304571391,0.09000117304571391,0.0,0.16907473081420066,0.4205020341031176,-0.3713888354141275,0.002581744332588152,-0.008266680846732814,-5.0579696982822,0,0.4475591813781256
37.54399999999492,-2.143084919167959,0.6143004579233968,1.3763116193492284,-0.012932296707297937,-0.01755707649457882,-0.03935248366071757,-2.2707558363688625,0.44264783078521897,1.1270474641319004,-0.019465558454384156,-0.07801053209196726,-0.08980129620979543,-2.1550621218042307,0.6438160107887818,1.3415028624588732,-0.008129254922000409,-0.09492981969602438,-0.050318537545447066,0.09000117304571391,0.09000117304571391,0.0,0.16899096225154567,0.4208699677468597,-0.37127266389412605,0.002534277730020228,-0.008313502134422345,-5.058130384041112,0,0.44757481829181367
37.548159999994915,-2.1431385193949026,0.614226694654986,1.3761480403260904,-0.012864054466408308,-0.017703184418596342,-0.039258965553116296,-2.6124579492102606,0.5672343152535972,1.2137976456784045,-0.15217358203322592,0.0760550099935364,-0.09301008830362961,-2.3840793820292925,0.6056835864721886,1.2774567142076176,-0.08032045703753464,-0.009817208001283865,-0.07205203586009734,0.09000117304571391,0.09000117304571391,0.0,0.16890785927161514,0.42123641515789767,-0.3711565987301787,0.002487132281279566,-0.008359973818767562,-5.0582893907280795,0,0.44759112028960574
37.552319999994914,-2.1431918372392365,0.6141523269453092,1.3759848498384766,-0.01279628264011414,-0.01784825032245267,-0.03916571702731964,-2.484611208872531,1.335796039622028,1.4429038744517981,-0.02373937231708205,0.07705479396129557,0.03873871016298019,-2.4343946110537327,0.9709049393387132,1.360261834989092,-0.05240140997541124,0.033735553614825955,-0.01657121796087831,0.09000117304571391,0.09000117304571391,0.0,0.16882541624588177,0.4216013796300932,-0.37104061911752795,0.002440306363232326,-0.008406097224883589,-5.058446726651862,0,0.44760808351317644
37.55647999999491,-2.1432448746453474,0.6140773591202086,1.375822046745543,-0.012728977466635934,-0.017992278024160424,-0.03907274230403909,-2.5268720909234914,0.24061258835746796,1.4194917346489635,-0.09670896205931445,-0.12967416202246962,0.08616689219049631,-2.4808348965900704,0.6054831826842119,1.3900581717275244,-0.07467416341592127,-0.04759703130750913,0.03395084517550291,0.09000117304571391,0.09000117304571391,0.0,0.16874362758330713,0.42196486448586634,-0.37092470472366457,0.0023937983560446924,-0.008451873678072656,-5.05860240012679,0,0.4476257041073331
37.56063999999491,-2.143297633542058,0.6140017954895928,1.3756596298893964,-0.012662135210536309,-0.018135271347794458,-0.03898004547521718,-1.6069313413503603,0.6616678368173174,1.8695307862881652,-0.022684466958273926,-0.18397526068388864,-0.016156527790521423,-2.0439249513423934,0.6331939413038993,1.629764138732167,-0.04831505649103648,-0.1161147691687762,0.008943770883339612,0.09000117304571391,0.09000117304571391,0.0,0.16866248772981046,0.4223268730756873,-0.3708088356809704,0.0023476066432717114,-0.008497304503770998,-5.058756419471894,0,0.4476439782202949
37.56479999999491,-2.1433501158427357,0.6139256403474127,1.37549759809562,-0.012595752162709056,-0.018277234123216416,-0.03888763050628863,-2.4884685880642285,0.4731924646940908,1.5473130235735295,0.008393697229129863,0.02936413404167988,-0.03175868552531526,-2.266183304893848,0.5532550644344341,1.5884726377263314,-0.01953965758057937,-0.04430038161779965,-0.011736950587325823,0.09000117304571391,0.09000117304571391,0.0,0.16858199116859188,0.42268740877761984,-0.3706929925789048,0.002301729611943645,-0.008542391027498515,-5.05890879301006,0,0.44766290200396647
37.56895999999491,-2.143402323445404,0.6138488979716386,1.3753359501737934,-0.012529824640359318,-0.01841817018579686,-0.03879550123841221,-1.992351201035454,0.5157891700065447,0.9605773256234825,0.11301133441566766,0.009104557018283145,-0.023058672451351597,-2.129030035020709,0.5345404977185096,1.274472757223042,0.04661122373562476,-0.017459699765602445,-0.01745988655248581,0.09000117304571391,0.09000117304571391,0.0,0.16850213242045595,0.423046474996704,-0.3705771564572331,0.002256165652649603,-0.0085871345748087,-5.059059529067192,0,0.44768247161420693
37.57311999999491,-2.1434542582328495,0.613771572624238,1.3751746849179989,-0.012464348986975092,-0.018558083376135286,-0.03870366139067796,-2.145052236147761,1.1502262749054646,1.578865814403331,-0.021433987177624785,-0.04863449550100573,-0.020981764327517312,-2.1370863027744105,0.8422865157717877,1.4266267684171348,0.012820411375790446,-0.03303526573164698,-0.01873691445478867,0.09000117304571391,0.09000117304571391,0.0,0.16842290604328003,0.42340407516449746,-0.3704613087977292,0.0022109131596183924,-0.008631536471237624,-5.059208635971394,0,0.4477026832110922
37.57727999999491,-2.143505922072734,0.6136936685511556,1.3750138011073227,-0.012399321572296841,-0.01869697753978631,-0.03861211456227569,-2.278158917909865,0.5926238199129494,1.3839138939480526,-0.034021145631682265,0.05419649031255156,-0.1338994881482804,-2.207693562181889,0.7175667666393412,1.4049919761365484,-0.01098122541164939,0.010277542836359989,-0.07652762925580893,0.09000117304571391,0.09000117304571391,0.0,0.16834430663255096,0.4237602127384555,-0.3703454315179896,0.002165970530797169,-0.008675598042253454,-5.059356122052165,0,0.4477235329591729
37.581439999994906,-2.143557316817702,0.6136151899822931,1.3748532975063452,-0.012334738792282916,-0.01883485652699879,-0.03852086423462829,-2.808857332405565,0.5750487237744369,1.408560108780769,-0.026601498732033844,-0.02561514352957074,-0.05173151079596495,-2.508333566670972,0.6462526301038943,1.406669557129261,-0.019471998231123337,-0.007263041450144221,-0.06465514421233506,0.09000117304571391,0.09000117304571391,0.0,0.16826632882147466,0.4241148912015771,-0.3702295069637242,0.002121336167927399,-0.008719320613208261,-5.059501995639611,0,0.4477450170277274
37.585599999994905,-2.1436084443054897,0.6135361411314914,1.3746931728656222,-0.012270597069063777,-0.018971724192440642,-0.038429913773505964,-2.1953272660930545,0.7416554896878884,1.86412147775606,0.11096391279963662,0.11509925369646568,0.12643339221892969,-2.35159683326808,0.6941943092660416,1.6356624282164245,0.045453364443861624,0.053824353923811595,0.03052493040320838,0.09000117304571391,0.09000117304571391,0.0,0.1681889672804442,0.4244681140616761,-0.370113517901661,0.0020770084766182986,-0.00876270550928748,-5.05964626506367,0,0.44776713159100867
37.589759999994904,-2.143659306359035,0.6134565261965124,1.3745334259221593,-0.01220689285089964,-0.019107584394944924,-0.03833926643109465,-2.4236390483461827,0.4745500735379098,0.7764466886871694,-0.060385558641629644,-0.01079542183387284,0.04699700547908935,-2.3877445900622387,0.5843486003574861,1.2061456614060018,-0.007197298503991213,0.02132622946053301,0.0390662548546992,0.09000117304571391,0.09000117304571391,0.0,0.1681122167173618,0.42481988485107836,-0.36999744751370933,0.0020329858664182555,-0.008805754055462299,-5.059788938653353,0,0.4477898728284869
37.5939199999949,-2.1437099047865855,0.6133763493590239,1.3743740553998758,-0.012143622612129543,-0.019242440997251146,-0.038248925348044756,-1.9041642730319273,0.20163618029907154,1.7586683391638682,-0.061209062087411316,0.07650696222773212,0.061303531779542945,-2.1460779947641484,0.3931508265496168,1.4825370105101503,-0.03437571233778669,0.04796004878895474,0.050840105015968445,0.09000117304571391,0.09000117304571391,0.0,0.16803607187817582,0.42517020712583686,-0.36988127938852966,0.00198926675088393,-0.008848467576441974,-5.059930024735996,0,0.4478132369250869
37.5980799999949,-2.143760241381807,0.6132956147845833,1.3742150600100613,-0.012080782853110232,-0.01937629786574018,-0.0381588935554923,-2.3140653571980234,0.9617267201513802,1.158850564148884,-0.014841285474736135,-0.07170809513091805,-0.0036356742489303956,-2.2301050611142927,0.6772933072885722,1.3206842164795323,-0.023965329475353552,-0.011725040928028563,0.023482492435717085,0.09000117304571391,0.09000117304571391,0.0,0.1679605275459205,0.4255190844656943,-0.36976499751628644,0.0019458495476467122,-0.008890847396624085,-5.06006953163653,0,0.4478372200714207
37.6022399999949,-2.143810317923891,0.6132143266226241,1.3740564384518237,-0.012018370100161943,-0.019509158870192573,-0.03806917397703782,-2.199399212942504,0.05221782832473698,1.179853251743119,-0.04858623889370975,-0.005321711620210473,0.02221995925789868,-2.214852666621418,0.3647406581512514,1.2503133889907165,-0.03642495402306864,-0.008780220003706202,0.023128522098615125,0.09000117304571391,0.09000117304571391,0.0,0.16788557854125147,0.425866520473136,-0.36964858628080943,0.001902732678477558,-0.00893289484004853,-5.060207467676763,0,0.4478618184640149
37.6063999999949,-2.143860136177664,0.6131324890064427,1.373898189412529,-0.011956380905500308,-0.0196410278835293,-0.03797976943071023,-2.5274996870582496,0.5516249419411642,1.5876495358435307,0.16581245999658847,0.012002700332683362,-0.03852400358807775,-2.370834695817707,0.458208296124748,1.4189040226116065,0.06526566622184307,0.0019834772150038576,-0.007851748501068382,0.09000117304571391,0.09000117304571391,0.0,0.16781121972234006,0.42621251877308264,-0.3695320304542966,0.0018599145693495732,-0.008974611230349046,-5.060343841174678,0,0.44788702830553384
37.6105599999949,-2.143909697893694,0.6130501060531861,1.3737403115682336,-0.011894811847171718,-0.019771908781576246,-0.03789068263088874,-2.1252747139813537,0.28935433796028276,1.6212852842347034,-0.025319176783512184,0.102626986646905,0.23578588721702115,-2.248105790474215,0.37399415237201533,1.520584861128208,0.020046707922843778,0.05203157205479502,0.11473824287262241,0.09000117304571391,0.09000117304571391,0.0,0.1677374459849812,0.4265570830124758,-0.369415315189855,0.001817393650498493,-0.009015997890708064,-5.060478660443739,0,0.4479128458049977
37.6147199999949,-2.143959004808398,0.612967181863841,1.3735828035841078,-0.011833659528978172,-0.01990180544281369,-0.03780191619020731,-2.0340771661084798,0.31791363781086807,1.5398347845002758,0.05846958316930414,0.024177770957808632,-0.09911965286687435,-2.1409688866863124,0.34600304141231153,1.5300023258601017,0.03950624563621818,0.038467234085181955,0.008527725398479513,0.09000117304571391,0.09000117304571391,0.0,0.16766425226227355,0.4269002168597548,-0.3692984260159412,0.0017751683564811084,-0.009057056143809564,-5.060611933792217,0,0.4479392671779963
37.618879999994896,-2.1440080586441495,0.6128837205232238,1.373425664114852,-0.011772920580401025,-0.02003072174813301,-0.037713472621430884,-2.054177228585522,0.7910426997498834,0.7870985540394861,-0.11036614196688249,-0.12228371786226727,-0.014391663388433364,-2.0978033856030724,0.5682721855833456,1.1585156135378685,-0.03475827914392035,-0.042161173901500835,-0.003077777101585696,0.09000117304571391,0.09000117304571391,0.0,0.16759163352472645,0.42724192400428,-0.369181348829282,0.0017332371262319636,-0.009097787311792118,-5.060743669522524,0,0.44796628864689775
37.623039999994894,-2.144056861109385,0.6127997260999712,1.3732688918051048,-0.011712591656526005,-0.020158661580613156,-0.03762535433928658,-2.2040866462381348,0.25375779910528273,1.513657616228483,-0.01700936640151945,-0.11010936744961061,-0.00835553119189026,-2.1509809084391205,0.41078368630115497,1.336071982454795,-0.025995639691027448,-0.07609199692270739,-0.005842166966012692,0.09000117304571391,0.09000117304571391,0.0,0.16751958478036694,0.42758220815607484,-0.3690640698892679,0.0016915984031180128,-0.009138192716205671,-5.0608738759305645,0,0.4479939064410532
37.62719999999489,-2.1441054138987097,0.6127152026465327,1.3731124852898453,-0.011652669437951853,-0.02028562882526279,-0.037537563662300856,-2.5075672156437534,0.5230536267448249,1.6925287369545305,-0.1289121054158181,-0.07339650609601117,0.10705341813479824,-2.3295456233087233,0.46676686191121586,1.5145251449818717,-0.07699884206263342,-0.07478403394355684,0.05077968547993014,0.09000117304571391,0.09000117304571391,0.0,0.16744810107399102,0.4279210730450863,-0.36894657581232493,0.0016502506349914939,-0.00917827367796251,-5.061002561305094,0,0.44802211679699655
37.63135999999489,-2.1441537186930044,0.6126301541991626,1.3729564431947847,-0.011593150630718183,-0.020411627368824816,-0.03745010281456214,-2.1821841451204587,0.09891042001109784,1.1155694790801087,-0.11298583836879066,0.06005546425337531,-0.14364821693937793,-2.2560993998247247,0.2829617949276611,1.3147462645000303,-0.09473061824596613,-0.007764516703191851,-0.046675834064000964,0.09000117304571391,0.09000117304571391,0.0,0.16737717748855255,0.4282585224210862,-0.3688288535645529,0.0016091922742412093,-0.009218031517298216,-5.061129733927098,0,0.44805091595864105
37.63551999999489,-2.1442017771595303,0.6125445847779146,1.3728007641367534,-0.011534031966196972,-0.02053666109950195,-0.037362973927519194,-2.5334940256109713,1.1577004146037062,1.260376006562483,-0.018410158965191804,-0.08179398193727688,-0.12481716122207184,-2.394836035050328,0.7201664184344168,1.2873007317305654,-0.05701347274686433,-0.04444840751074745,-0.08554566012153485,0.09000117304571391,0.09000117304571391,0.0,0.16730680914313173,0.42859456005282237,-0.3687108904571199,0.001568421777841522,-0.009257467553720162,-5.061255402069175,0,0.4480803001774697
37.63967999999489,-2.1442495909520347,0.6124584983866364,1.3726454467240798,-0.011475310201019042,-0.020660733906775038,-0.03727617904168398,-2.3438641581167565,1.0355568339980683,1.6756920673770594,0.13321989656922537,-0.12225313494467163,-0.02274019777978356,-2.3690722536640436,0.877607954830057,1.4814510826428182,0.03790219581797607,-0.08257868147525367,-0.053793183926783894,0.09000117304571391,0.09000117304571391,0.0,0.1672369911945362,0.4289291897279179,-0.3685926741399265,0.001527937607400398,-0.009296583105969421,-5.061379573994938,0,0.44811026571272294
37.64383999999489,-2.1442971617108553,0.6123718990129648,1.3724904895569616,-0.011416982116966899,-0.02078384968115293,-0.03718972010836555,-2.3880998646714766,0.5943021116186564,1.1082257168788108,0.13863786249443744,-0.02632899381455365,0.09579033884713756,-2.378297528183253,0.7358976303933856,1.2950367212678286,0.0881186530058138,-0.05414159345510856,0.0201754140696448,0.09000117304571391,0.09000117304571391,0.0,0.16716771883612389,0.4292624152521809,-0.36847419259567415,0.001487738229205247,-0.009335379491974143,-5.061502257958426,0,0.4481408088315816
37.64799999999489,-2.1443444910630256,0.6122847906283233,1.372335891227831,-0.011359044520883026,-0.020906012313966302,-0.037103598991343634,-2.5515051893316603,0.7359609334643502,1.6663754788819019,0.036209978633008746,0.162992279184067,-0.062442633302387224,-2.4648275256300307,0.7362679313807016,1.480577301886935,0.06229773087356441,0.05458944823676354,-0.02039852395116697,0.09000117304571391,0.09000117304571391,0.0,0.16709898729876277,0.4295942404493417,-0.368355434134769,0.0014478221142675155,-0.00937385802880775,-5.061623462203527,0,0.44817192580934584
37.652159999994886,-2.144391580622378,0.6121971771879186,1.372181650321712,-0.011301494244560464,-0.021027225697132564,-0.037017817468545516,-1.9972228636393208,0.6050404615256539,0.9324357358632648,0.2128118269779034,-0.040791894432663366,-0.16919266398625976,-2.2305800503104627,0.6705686998191616,1.206152204230968,0.13791545879715378,0.00677621723968325,-0.0954769326145844,0.09000117304571391,0.09000117304571391,0.0,0.1670307918494389,0.4299246691605212,-0.368236387389135,0.001408187738365244,-0.009412020032642809,-5.0617431949634115,0,0.4482036129296099
37.656319999994885,-2.1444384319896472,0.6121090626307395,1.3720277654165716,-0.011244328144649412,-0.021147493722962325,-0.03693237723366301,-2.0925540536319196,0.5485931949591957,1.334676488985572,0.07575977159129912,0.07090158825059661,0.015398619466178397,-2.1614078827509773,0.6097268754866101,1.2704474398749004,0.10654094142088909,0.03916735629378921,-0.040125704889595715,0.09000117304571391,0.09000117304571391,0.0,0.16696312779221478,0.4302537052438053,-0.3681170413070758,0.0013688335820846774,-0.009449866818711452,-5.061861464459982,0,0.4482358664844331
37.660479999994884,-2.1444850467525747,0.6120204508795565,1.3718742350836641,-0.011187543102546538,-0.021266820283938163,-0.03684727989777203,-2.0040478559430213,0.7348705970094529,1.4208938990488449,0.04815979783939732,0.11610908127405947,-0.054078008759371715,-2.0826253899736544,0.672541253303951,1.3455589147288325,0.07677360425770999,0.07756700925773213,-0.046943828220041506,0.09000117304571391,0.09000117304571391,0.0,0.1668959904676919,0.43058135257381897,-0.367997385147688,0.0013297581308599903,-0.009487399701262555,-5.06197827890333,0,0.4482686827745063
37.66463999999488,-2.1445314264860094,0.611931345840921,1.3717210578878687,-0.011131136024287802,-0.021385209272508,-0.03676252699091722,-2.113342629885295,0.6972908921330316,1.0367718743943823,0.022481870451416697,0.10302728550038394,-0.07742821323638921,-2.097937611235516,0.6851305782729413,1.1910023784016064,0.049702374824085675,0.09027695089792608,-0.06227687295717059,0.09000117304571391,0.09000117304571391,0.0,0.16682937525268587,0.4309076150415126,-0.36787740847568334,0.001290959875011643,-0.00952461999352009,-5.0620936464912045,0,0.4483020581093158
37.66879999999488,-2.144577572752011,0.6118417514051674,1.37156823238802,-0.011075103840434657,-0.021502664580864844,-0.036678119963686244,-1.9865373135077111,0.4280711649520259,1.3917503688744828,0.05796950538559473,-0.08474073624681562,0.1874322515689362,-2.042116202664101,0.5564236557990843,1.2917671615492012,0.05388094557049813,0.00237481622930658,0.06278791901019624,0.09000117304571391,0.09000117304571391,0.0,0.16676327756054252,0.43123249655330664,-0.3677571011557622,0.001252437309783671,-0.009561529007638916,-5.062207575408495,0,0.4483359888073013
37.67295999999488,-2.1446234870999525,0.6117516714464142,1.3714157571372336,-0.011019443505970198,-0.021619190100771818,-0.036594060188724645,-2.725367730272423,0.8146920593948301,1.6721084389908387,-0.049421991567186664,-0.11673754731004178,-0.11239839982132833,-2.3838507115503202,0.6853172379964758,1.4817059609961514,0.0027975781996179634,-0.057358322627035906,-0.024450083725426442,0.09000117304571391,0.09000117304571391,0.0,0.16669769284102642,0.43155600103109,-0.3676364533478237,0.0012141889353791003,-0.009598128054668292,-5.062320073826721,0,0.4483704711960126
37.67711999999488,-2.14466917106662,0.6116611098225669,1.3712636306832242,-0.010964152000174874,-0.021734789723334286,-0.03651034896227442,-1.9401472933221666,0.39857288129111834,1.5774000728602304,-0.0822886593401486,-0.01162283906503622,-0.1921759165571165,-2.16216780691876,0.5419188707679176,1.5291539982422573,-0.03937885464078919,-0.03449003619680462,-0.10831765797806424,0.09000117304571391,0.09000117304571391,0.0,0.16663261657978137,0.4318781324116834,-0.36751545550215753,0.0011762132569941436,-0.009634418444507754,-5.062431149903537,0,0.4484055016122607
37.68127999999488,-2.144714626176314,0.6115700703753219,1.3711118515686174,-0.010909226326514471,-0.021849467338811802,-0.0364269875056599,-2.0901992357320474,0.5620896599320007,1.058431292669749,-0.09959482312339413,-0.23039033403461256,0.010607596838210775,-2.1263910137062187,0.551526275383721,1.2938115657776896,-0.06907829021479685,-0.13294410592419875,-0.048935105143439746,0.09000117304571391,0.09000117304571391,0.0,0.16656804429843108,0.4321988946463557,-0.367394098353119,0.0011385087848512594,-0.00967040148586733,-5.062540811782241,0,0.44844107640226627
37.68543999999488,-2.1447598539409496,0.6114785569301701,1.3709604183312558,-0.010854663512520403,-0.021963226836418475,-0.036343976966757806,-2.2385730025073634,0.18933967877962993,1.1416492807265377,-0.05061796612075222,0.01996003118678973,-0.1345005113634841,-2.182589173295224,0.37047380625994325,1.2174496176467207,-0.059322167103465766,-0.057390068155394054,-0.09172016884559028,0.09000117304571391,0.09000117304571391,0.0,0.16650397155425206,0.4325182917004991,-0.36727237291535075,0.0011010740342309005,-0.009706078486227034,-5.062649067591302,0,0.4484771919218035
37.689599999994876,-2.1448048558601567,0.6113865732964028,1.3708093295044999,-0.010800460609675017,-0.022076072104143425,-0.036261318421435,-1.8459564042081174,0.25744615406450205,1.3002057035671535,0.02954487346152855,-0.17347380929373804,-0.16250211259621755,-2.014208983630469,0.3135962075307002,1.2584904548854499,-0.01489292040877125,-0.11438530116775486,-0.12720992301907968,0.09000117304571391,0.09000117304571391,0.0,0.1664403939404876,0.4328363275532504,-0.36715027047891996,0.0010639075255020627,-0.009741450751799966,-5.062755925443892,0,0.4485138445363417
37.693759999994874,-2.1448496334213787,0.6112941232671172,1.3706585836175207,-0.01074661469328514,-0.022188007028549603,-0.03617901287498436,-2.6068159005190426,0.3255788736806704,0.8882174787760502,0.06938279912482116,-0.11499766980306093,-0.09259798121016613,-2.3103727006504227,0.31934737808244973,1.073158077255296,0.027444392590912237,-0.11418437137546117,-0.10957078763754667,0.09000117304571391,0.09000117304571391,0.0,0.16637730708580617,0.4331530061971115,-0.36702778260336555,0.001027007784151411,-0.009776519587492156,-5.062861393437434,0,0.4485510306211827
37.69791999999487,-2.144894188099972,0.6112012106192232,1.3705081791955893,-0.010693122862355419,-0.02229903549457399,-0.03609706126353513,-2.1507213729652794,0.5712123180517032,1.0178622991079629,0.044520080027504474,-0.07060826612524625,-0.08981510389930566,-2.2304540602122476,0.44513486593471224,1.0453238831816987,0.036337460013175255,-0.0924561270024562,-0.10012443118819993,0.09000117304571391,0.09000117304571391,0.0,0.16631470665440057,0.43346833163751564,-0.3669049011142954,0.000990373340811471,-0.009811286296860844,-5.062965479653148,0,0.44858874656159503
37.70207999999487,-2.144938521359303,0.6111078391134508,1.3703581147603583,-0.010639982239468701,-0.022409161385359058,-0.03601546445542349,-1.557537692047013,0.797833281459731,1.0746044483879098,-0.13060351586331354,-0.12062283593283976,-0.12709118265879496,-1.894263579155948,0.6212367168273327,1.0596987152731299,-0.04675679425687288,-0.10705078808042795,-0.11297645266442814,0.09000117304571391,0.09000117304571391,0.0,0.16625258834544498,0.4337823078924998,-0.36678161809739884,0.0009540027312873962,-0.009845752182078173,-5.063068192155623,0,0.4486269887529441
37.70623999999487,-2.1449826346508476,0.6110140124943588,1.3702083888301393,-0.010587189970658856,-0.022518388582063377,-0.03593422325255571,-1.91449432127009,0.7456780590925214,1.6115508735188204,-0.04220389693522918,0.14347547827134421,-0.13177489275132967,-1.904466285007209,0.6837550080393131,1.335353644002782,-0.044764161436786826,0.01900196445324622,-0.12193016147519903,0.09000117304571391,0.09000117304571391,0.0,0.16619094789340674,0.43409493899216206,-0.3666579258952234,0.0009178944965829447,-0.009879918543892951,-5.06316953899239,0,0.44866575360082017
37.71039999999487,-2.1450265294142863,0.6109197344903434,1.3700589999201738,-0.010534743225283213,-0.02262672096368371,-0.035853338391749305,-2.592145860589119,0.4420556776414417,1.0844056188066187,0.14328168827812968,0.17343171909573218,0.06757609523552721,-2.248012341410424,0.5632650400217962,1.2100175968930893,0.048995889179760124,0.09589175057691446,-0.02678774830795718,0.09000117304571391,0.09000117304571391,0.0,0.1661297810675026,0.4344062289786,-0.3665338171013677,0.0008820471829250867,-0.009913786681593418,-5.063269528193498,0,0.448705037521162
37.71455999999487,-2.1450702070776027,0.6108250088136481,1.3699099465428985,-0.010482639195894521,-0.02273416240687646,-0.03577281054604979,-1.7692248124142753,0.540520484954378,1.6468853789838696,0.09689327568902513,0.21058597888676236,-0.022963381560552623,-2.008413779713705,0.5523315282168632,1.4284080302193476,0.07298397706183882,0.15279291626470778,-0.025476120713260438,0.09000117304571391,0.09000117304571391,0.0,0.1660690836720094,0.4347161819052599,-0.36640928455636773,0.0008464593417877463,-0.009947357892970164,-5.063368167771117,0,0.44874483694037776
37.71871999999487,-2.145113669057178,0.610729839160374,1.3697612272082067,-0.010430875098105861,-0.022840716785770515,-0.03569264032603859,-2.0402773228549216,0.693963176421132,0.9206050427820702,-0.10675637455884013,0.11685256937826632,-0.0235540421004549,-2.024568467817125,0.6233910688061164,1.1744549215022266,-0.016565318220370894,0.1349810846132832,-0.024962415909408855,0.09000117304571391,0.09000117304571391,0.0,0.1660088515452917,0.43502480183676634,-0.366284321343996,0.0008111295299142889,-0.009980633474276851,-5.0634654657191325,0,0.4487851482954631
37.722879999994866,-2.1451569167578883,0.6106342292104915,1.3696128404237022,-0.010379448170469218,-0.022946387971816008,-0.0356128282810954,-2.0195888352045084,0.4037953246133632,1.3899822967472433,-0.020183265126982267,0.03426911465731088,0.014100174612027054,-2.022121528344377,0.5136634909543577,1.2822482412130087,-0.01792636461819717,0.08436607295599736,-0.004854685059317777,0.09000117304571391,0.09000117304571391,0.0,0.16594908056096652,0.43533209284843066,-0.3661589207860475,0.0007760563093393403,-0.010013614720197331,-5.063561430012761,0,0.4488259680341155
37.727039999994865,-2.145199951573198,0.6105381826278515,1.3694647846949495,-0.010328355674329685,-0.023051179833582992,-0.03553337490068115,-1.9164452072922022,1.139322246324336,1.454740938269588,0.15961266423993006,-0.045941440866035646,0.04490353247717789,-1.968951293944342,0.8264008910812367,1.3685901005673227,0.07114687700647943,0.019604717191617257,0.019585711332793236,0.09000117304571391,0.09000117304571391,0.0,0.16588976662586108,0.43563805902597186,-0.36603307643796335,0.0007412382474090149,-0.010046302923804692,-5.063656068608171,0,0.4488672926148455
37.731199999994864,-2.145242774885255,0.610441703060199,1.369317058525718,-0.010277594893707704,-0.02315509623662543,-0.03545428061554837,-2.7339557175556473,0.8429044699919148,1.5331443702456502,-0.17713410053701328,-0.0631356241584177,0.11500749064798516,-2.3518271460712854,0.8345210131037893,1.4511065470982687,-0.053048195438853106,-0.02153769655792738,0.0677963393998912,0.09000117304571391,0.09000117304571391,0.0,0.16583090568203115,0.4359427044650771,-0.3659067820852959,0.0007066739168010073,-0.01007869937653029,-5.0637493894421075,0,0.4489091185070855
37.73535999999486,-2.145285388064985,0.6103447941391853,1.3691696604182222,-0.010227163135151577,-0.02325814104328903,-0.0353755457989841,-1.7671296069349098,0.7058926460043573,1.7199785918102293,0.006572793226843858,0.04688017653769609,-0.13737038992205144,-2.059458561545689,0.7703046452924346,1.5852596080207346,-0.024228351473737943,0.012086774228581388,-0.0351987406339054,0.09000117304571391,0.09000117304571391,0.0,0.1657724937042906,0.4362460332712286,-0.36578003173951734,0.0006723618955427637,-0.010110805368124975,-5.063841400431538,0,0.44895144219129507
37.73951999999486,-2.1453277924721834,0.610247459480383,1.3690225888733556,-0.010177057727613686,-0.023360318112565715,-0.035297170767996204,-2.5100854025221735,0.5969901351519618,1.1023448802414049,0.025238931984926972,-0.10469899719582816,0.0002245143674662331,-2.2847226870751,0.6834302010228035,1.3438001584260444,0.0005252193738492805,-0.04716146893128402,-0.017886792464176234,0.09000117304571391,0.09000117304571391,0.0,0.16571452670222814,0.4365480495592086,-0.3656528196329564,0.0006383007670298215,-0.010142622186626649,-5.06393210947329,0,0.4489942601590639
37.74367999999486,-2.1453699894556095,0.6101497026832999,1.3688758423909202,-0.010127276022305088,-0.02346163129991599,-0.03521915578450588,-2.369649457826993,0.7591440628818034,1.531413373009472,-0.015871437681311558,-0.15327145735864736,-0.07237694301459739,-2.3272206278250445,0.7209693793314632,1.437455574277324,-0.007215758745315111,-0.10045862291844014,-0.04418482063126694,0.09000117304571391,0.09000117304571391,0.0,0.1656570007181637,0.436848757452765,-0.365525140215645,0.0006044891200422226,-0.010174151118323232,-5.0640215244437154,0,0.4490375689132106
37.74783999999486,-2.1454119803530785,0.6100515273313952,1.3687294194698514,-0.01007781539256654,-0.02356208445712153,-0.03514150105650221,-1.8505674953606006,0.36196249293989746,1.3448032146579119,-0.14270536861477354,-0.06021110143910731,-0.05902877691760873,-2.0891891590165934,0.5413381058976137,1.3910069144776285,-0.07417784869581957,-0.08029860807786506,-0.052060952601430906,0.09000117304571391,0.09000117304571391,0.0,0.1655999118285228,0.4371481610843287,-0.36539698815108146,0.000570925548760857,-0.010205393447720024,-5.064109653198349,0,0.44908136496788054
37.75199999999486,-2.1454537664915523,0.6099529369920947,1.3685833186084382,-0.010028673233725796,-0.02366168143212027,-0.035064206739193526,-1.8850890849416846,0.611723011197275,1.5854322650753403,-0.14393595050474065,-0.23242645965291586,-0.039740156825065515,-1.9874374820948495,0.576048417796779,1.4881377745928268,-0.10885735225896291,-0.15674083602272632,-0.04565260444875971,0.09000117304571391,0.09000117304571391,0.0,0.16554325614243287,0.43744626459467745,-0.3652683583126215,0.0005376086527822733,-0.010236350457504765,-5.064196503571581,0,0.44912564484863926
37.75615999999486,-2.1454953491872315,0.6098539352168079,1.3684375383045377,-0.009979846962963989,-0.023760426068857775,-0.034987272936130416,-2.3570497532019203,0.6318602000788918,1.8628780268594014,-0.11043357094462512,0.04633765616695675,-0.19015886968224854,-2.1724764541211274,0.6040502925518653,1.6751150000226407,-0.10938017739891373,-0.05483573119369983,-0.117897437401368,0.09000117304571391,0.09000117304571391,0.0,0.16548702980224156,0.43774307213265257,-0.36513924577857043,0.0005045370371331456,-0.010267023428515097,-5.064282083376339,0,0.44917040509256373
37.760319999994856,-2.1455367297456447,0.6097545255409448,1.3682920770557865,-0.009931334019173966,-0.023858322207126782,-0.034910699700318036,-2.346326157921878,0.6624343362763675,1.0228599826541933,0.08218175581561309,-0.0525516344390862,0.025570682020579855,-2.2592318592413365,0.6331334909343391,1.3490360380240158,-0.013480503842126788,-0.053729338131189554,-0.04613628241839985,0.09000117304571391,0.09000117304571391,0.0,0.16543122898275253,0.43803858785476796,-0.36500964582961415,0.000471709312283755,-0.010297413639704238,-5.0643664004037765,0,0.4492156422483312
37.764479999994855,-2.14557790946174,0.6096547114839347,1.368146933359806,-0.009883131862826012,-0.023955373682425837,-0.03483448703530232,-1.863541923750764,0.7364334155309353,1.3566332746438756,-0.11611674948690887,-0.0957571536849118,-0.06483867484716066,-2.061625203015732,0.6845846839773467,1.3527002614154464,-0.06500319669820356,-0.07458668714442249,-0.05568557755197564,0.09000117304571391,0.09000117304571391,0.0,0.16537584989217097,0.4383328159247647,-0.3648795539443126,0.00043912409416091284,-0.010327522368109666,-5.0644494624229655,0,0.44926135287630503
37.76863999999485,-2.1456188896199726,0.6095544965492439,1.368002105714405,-0.009835237975823986,-0.02405158432580734,-0.03475863489624667,-2.325505232084197,0.8132867909848867,0.654740179066488,-0.06601676572350056,-0.015609768319946518,0.017995695721620075,-2.1937046094914514,0.7489034336186076,1.0037538898164446,-0.0653981247072039,-0.04474782159704812,-0.01938964513680766,0.09000117304571391,0.09000117304571391,0.0,0.16532088877026946,0.43862576051364655,-0.3647489657960761,0.00040678000415937215,-0.010357350888820475,-5.064531277180605,0,0.44930753354861774
37.77279999999485,-2.145659671494395,0.609453884224395,1.3678575926177758,-0.009787649861368847,-0.02414695796372953,-0.03468314319099172,-2.148957299105306,0.37924923380601905,2.1396518968549456,0.2310978749252712,-0.025113619002639143,-0.0272147986982203,-2.1708491030647457,0.5640212644201397,1.5716550099366764,0.08241677499401513,-0.03481318796708386,-0.02367396600621769,0.09000117304571391,0.09000117304571391,0.0,0.1652663418897592,0.4389174257991269,-0.36461787724841765,0.00037467566915348977,-0.010386900474945119,-5.06461185240073,0,0.4493541808492523
37.77695999999485,-2.145700256348744,0.609352877980987,1.367713392568688,-0.009740365043813681,-0.02424149841790644,-0.03460801178109789,-2.288601292044149,0.42422197024068126,1.5521508521237144,0.09786737380198124,-0.1457982300700292,-0.019698580235561612,-2.2295228374049474,0.49381761823858067,1.5618635595876567,0.09032244308783458,-0.09041171262225044,-0.02252198794056106,0.09000117304571391,0.09000117304571391,0.0,0.16521220555509641,0.43920781596512815,-0.3644862843523297,0.00034280972150738435,-0.0104161723975782,-5.06469119578443,0,0.4494012913741195
37.78111999999485,-2.1457406454365295,0.6092514812747154,1.367569504066676,-0.009693381068530576,-0.02433520950518462,-0.03453324048285562,-2.1123204376696214,0.5402843024187607,0.8861928045829611,0.03507971138576001,0.11190240534906193,-0.10048050413489748,-2.1708469202813143,0.5172855425347584,1.2238142489008488,0.06225630088823967,0.010009552175138532,-0.06139592398113532,0.09000117304571391,0.09000117304571391,0.0,0.16515847610256998,0.43949693520202887,-0.36435418334236613,0.0003111807990846027,-0.010445167925772433,-5.064769315009579,0,0.449448861731134
37.78527999999485,-2.14578084000112,0.6091496975453929,1.3674259256122248,-0.009646695501764342,-0.024428095037385286,-0.034458829068306024,-2.062387323234323,0.40248512673610143,1.5947125484918911,-0.19688231413000834,0.0599064010535606,0.08399627503534517,-2.1170262199768053,0.46000880690226,1.4094391912722168,-0.06712924600218918,0.035112493180731175,0.01201818029222856,0.09000117304571391,0.09000117304571391,0.0,0.16510514990038871,0.43978478770578866,-0.36422157063356675,0.00027978754525728917,-0.01047388832650558,-5.064846217730566,0,0.44949688854028813
37.78943999999485,-2.1458208412758304,0.6090475302169713,1.3672826557069488,-0.009600305930495014,-0.02452015882118089,-0.03438477726622232,-1.6393241692617946,0.44396155705130624,1.8259910450270667,-0.04484870933553782,-0.22253560639327627,-0.15501582093079616,-1.878265648339963,0.4515222623854954,1.6173968354911867,-0.055744010585928615,-0.09372405565901243,-0.07208000456882847,0.09000117304571391,0.09000117304571391,0.0,0.16505222334812716,0.4400713776780333,-0.36408844281708586,0.0002486286089142495,-0.01050233486465181,-5.064921911578037,0,0.44954536843372156
37.793599999994846,-2.1458606504840065,0.6089449826975633,1.3671396928537694,-0.009554209962291834,-0.024611404657942947,-0.0343110847630955,-2.435436245465329,0.4953294083625151,0.907767766585978,-0.18009958576779617,-0.07216876931244226,0.13572670560547667,-2.157230570977622,0.4732773780323979,1.2628601450585744,-0.11737367469778864,-0.08359454606391929,0.03156865177881215,0.09000117304571391,0.09000117304571391,0.0,0.16499969287638383,0.4403567093255524,-0.36395479665794683,0.00021770264446868687,-0.010530508802949024,-5.064996404158644,0,0.44959429805579054
37.797759999994845,-2.1459002688391116,0.6088420583794648,1.3669970355570857,-0.009508405225178141,-0.024701836343624262,-0.03423775120408296,-2.425674598447371,0.8036736038036825,1.5722146996027158,0.07839431811585709,-0.11847474654022876,-0.08725456567807299,-2.291291638607365,0.6382310682820247,1.4173577831306587,-0.0193899968124651,-0.10088308780300613,-0.02768295311322823,0.09000117304571391,0.09000117304571391,0.0,0.16494755494729424,0.44064078686017016,-0.3638206290908606,0.0001870083118653106,-0.010558411401971238,-5.0650697030547995,0,0.4496436740631337
37.801919999994844,-2.1459396975448093,0.6087387606391789,1.3668546823229442,-0.00946288936748604,-0.024791457668621144,-0.03416477619395579,-2.3554391549174056,0.46788531802555133,1.768834204499813,-0.06369496778518019,0.14423491729807866,-0.1567544959616638,-2.3234978248126685,0.553355923570894,1.5927728129430494,-0.04178222968726337,0.022180505396390333,-0.09240494707705103,0.09000117304571391,0.09000117304571391,0.0,0.16489580605333357,0.4409236144982951,-0.36368593721731435,0.00015654427658643287,-0.010586043920098816,-5.065141815824439,0,0.44969349312473583
37.80607999999484,-2.14597893779505,0.6086350928374387,1.3667126316592024,-0.009417660057717922,-0.024880272417646496,-0.03409215929802545,-2.548323293351941,1.117095674006773,0.900259493978733,-0.006246833813996188,0.02905088935973102,-0.04377629408991605,-2.4359258553135295,0.8352883885320761,1.246420921994121,-0.023665897404510142,0.026471159119204595,-0.06841483711843561,0.09000117304571391,0.09000117304571391,0.0,0.1648444427184697,0.4412051964607362,-0.36355071830286423,0.00012630920965794559,-0.01061340761348997,-5.065212750000789,0,0.44974375192198973
37.81023999999484,-2.1460179907741517,0.608531058319232,1.3665708820756897,-0.009372714984400446,-0.024968284369599063,-0.03401990004306198,-2.395790445633417,0.3790852975096192,1.7096997056049528,-0.017508728825575817,-0.11332517106208419,-0.06654676688994482,-2.4158938619887262,0.6069488172402882,1.4779245860185934,-0.020792199632168853,-0.0438409815617146,-0.067214427029573,0.09000117304571391,0.09000117304571391,0.0,0.1647934614961096,0.4414855369724119,-0.3634149697724898,9.630178765395195e-05,-0.010640503736051441,-5.065282513092145,0,0.44979444714875494
37.81439999999484,-2.146056857656885,0.6084266604138261,1.366429432084364,-0.009328051855948464,-0.025055497297441318,-0.03394799791818584,-2.0485226071257134,0.6920643602161847,1.6835950922137013,-0.11898518303879023,0.25748678511837075,-0.08269956110567148,-2.2324532855488233,0.6500427058210944,1.580590083524608,-0.06981703814898374,0.10682454556323574,-0.07534928575701372,0.09000117304571391,0.09000117304571391,0.0,0.16474285897089208,0.44176464026211176,-0.36327868920914597,6.652069270182699e-05,-0.01066733353941091,-5.065351112581647,0,0.44984557551141535
37.81855999999484,-2.1460955396085537,0.6083219024347924,1.366288280199465,-0.009283668400519623,-0.02514191496807619,-0.033876452375754464,-2.041784957101015,0.9505704180345841,1.0616108178536248,0.13421723278696984,-0.07319459969911218,-0.166348619480266,-2.1368409207131656,0.8001567753619531,1.3207523599027444,0.03329370029939792,0.016656693214991393,-0.12158412419188266,0.09000117304571391,0.09000117304571391,0.0,0.164692631757061,0.4420425105621512,-0.36314187434930933,3.696461248566787e-05,-0.010693898272889213,-5.065418555927076,0,0.4498971337289342
37.82271999999484,-2.146134037785078,0.6082167876800332,1.366147424937664,-0.009239562365872853,-0.025227541142219752,-0.03380526283223378,-2.0817382360989747,0.7900439181408778,1.752703951053676,-0.012617644500476203,0.058046286338356914,-0.069816329257474,-2.1093166511737156,0.7952199508670931,1.53658573967156,0.01092470955156862,0.03785838742710521,-0.09559657733495928,0.09000117304571391,0.09000117304571391,0.0,0.1646427764987607,0.44231915210807854,-0.36300452308129477,7.632240249806129e-06,-0.010720199183471798,-5.065484850560645,0,0.4499491185329065
37.82687999999484,-2.1461723533330748,0.608111319431807,1.3660068648182095,-0.00919573151923006,-0.025312379574291218,-0.033734428669048605,-1.9720028747097758,0.5986113450861847,1.7241095127211035,-0.10167107034126006,-0.11690413624784912,-0.13327654530521008,-2.0408698352387096,0.6966714186486274,1.6300717013056765,-0.04557740845988045,-0.03965897179224135,-0.11442176807789259,0.09000117304571391,0.09000117304571391,0.0,0.1645932898699034,0.4425945691384886,-0.3628666334407801,-2.1477725198407782e-05,-0.010746237515783057,-5.065550003888799,0,0.4500015266676101
37.831039999994836,-2.1462104873899377,0.6080055009567558,1.3658665983630702,-0.009152173647134576,-0.025396434012295514,-0.03366394923342015,-2.168099342820406,0.10163571358298218,1.7135683480619868,-0.006193921788040837,-0.059748494742460516,-0.08740692696999668,-2.104498641433487,0.3990261617516481,1.6716388521165353,-0.025754060400333553,-0.05019988365572705,-0.10093868990124488,0.09000117304571391,0.09000117304571391,0.0,0.16454416857403686,0.44286876589478286,-0.3627282036091001,-5.036657948642299e-05,-0.01077201451206031,-5.0656140232920235,0,0.4500543548900546
37.835199999994835,-2.146248441083918,0.607899335505932,1.3657266240970736,-0.009108886555304438,-0.025479708197692956,-0.03359382383920675,-2.445410388811751,0.5810483605926087,1.2473535244325684,-0.07453333173369317,-0.035961163297049716,-0.007068819230769442,-2.2751095770496246,0.4899640426386083,1.4594777298131765,-0.051270907543456146,-0.04322854275386049,-0.0536315382447507,0.09000117304571391,0.09000117304571391,0.0,0.1644954093437832,0.443141746620875,-0.3625892319098205,-7.903561267485688e-05,-0.010797531412124663,-5.0656769161246595,0,0.45010759997002797
37.839359999994834,-2.1462862155342037,0.6077928263148266,1.3655869405480414,-0.009065868068497396,-0.025562205865300714,-0.033524051767704455,-2.0322581501564456,0.1416652555473631,1.4723689361116257,-0.3378272954237651,-0.07659862467299136,0.02677571862406776,-2.1543845318105026,0.3156521131019395,1.4659781380728312,-0.19467664274042365,-0.05953838313152028,-0.012962886966365484,0.09000117304571391,0.09000117304571391,0.0,0.16444700894070446,0.44341351556278963,-0.3624497168055142,-0.00010748610925626691,-0.010822789453356855,-5.065738689714718,0,0.45016125869014084
37.84351999999483,-2.146323811850997,0.6076859766033966,1.3654475462469229,-0.009023116030371203,-0.02564393074318252,-0.033454632268444195,-2.158875354365173,0.4349629053331405,1.624916400419925,-0.014009102848982222,-0.05108757229554994,-0.11479406501897776,-2.156659077603033,0.3752024410038528,1.5452097728341612,-0.10437147247574934,-0.0554854534302481,-0.06394876542728614,0.09000117304571391,0.09000117304571391,0.0,0.16439896415538163,0.4436840769686875,-0.3623096568960246,-0.00013571934815439327,-0.010847789870672933,-5.065799351363709,0,0.4502153278458701
37.84767999999483,-2.146361231135594,0.6075787895760943,1.365308439727923,-0.008980628303340968,-0.02572488655253412,-0.033385564559984156,-2.0962608152019966,0.5546631609375485,1.5831948397899185,0.06394675068536342,-0.1874084177432781,-0.056564455903360886,-2.1263264872973346,0.4645422133510565,1.564083777180985,-0.020237118846398214,-0.12045790262096866,-0.059707721874852814,0.09000117304571391,0.09000117304571391,0.0,0.16435127180727985,0.4439534350884634,-0.3621690509145823,-0.000163736602724013,-0.010872533896498606,-5.065858908346472,0,0.4502698042455993
37.85183999999483,-2.1463984744804625,0.6074712684218961,1.3651696195286285,-0.008938402768434495,-0.025805077007564563,-0.03331684783068973,-2.3079342531835194,0.7503532313513037,1.6949003519536996,-0.0802413516473934,0.04828831291621712,0.020453513729067237,-2.2172978962308076,0.6075515336483915,1.629535812887704,-0.05054528718502774,-0.03675580852060386,-0.019771782292837565,0.09000117304571391,0.09000117304571391,0.0,0.16430392874418498,0.4442215941733967,-0.3620278977258339,-0.00019153914075134847,-0.010897022760741877,-5.06591736791101,0,0.4503246847106581
37.85599999999483,-2.1464355429693174,0.607363416314332,1.3650310841901305,-0.008896437325158522,-0.025884505815407157,-0.03324848123948141,-1.8516208701512529,1.0607954797073813,1.501734173276969,0.07546541308853513,-0.18325986989975065,-0.164725786688489,-2.034301580223814,0.833796022865887,1.5652923233269374,0.013279864686088718,-0.11024841062606146,-0.09264792065103536,0.09000117304571391,0.09000117304571391,0.0,0.1642569318418532,0.4444885584761217,-0.3618861963223656,-0.00021912822445495193,-0.010921257690770916,-5.065974737278333,0,0.4503799660753588
37.86015999999483,-2.146472437677198,0.6072552364115152,1.3648928322571448,-0.00885472989135954,-0.02596317667601234,-0.03318046391658203,-2.5999725904704,0.9921690143152662,1.4798648250591344,0.016184991874446046,-0.12848746444297865,-0.14350196692047326,-2.3171076462860225,0.9127166244972148,1.5222798976393845,0.014860614320850818,-0.11948596022690378,-0.1182645718045494,0.09000117304571391,0.09000117304571391,0.0,0.16421027800451504,0.4447543322503847,-0.36174394582357106,-0.00024650511048671195,-0.010945239911390636,-5.066031023642307,0,0.45043564518703266
37.86431999999483,-2.1465091596705443,0.6071467318561735,1.364754862278127,-0.008813278403076805,-0.02604109328202743,-0.03311279496426988,-2.1700473963299896,0.06520548076077581,1.4770814287983904,-0.09462250827279148,0.11816375776566652,-0.1185297120102882,-2.243774400456398,0.48920184273876877,1.4994345459707108,-0.039346876999244475,-0.0011299214807870685,-0.11875168398759084,0.09000117304571391,0.09000117304571391,0.0,0.16416396416388324,0.4450189197504257,-0.3616011454710859,-0.00027367104993364865,-0.010968970644815407,-5.066086234169504,0,0.4504917189060626
37.868479999994825,-2.146545710007271,0.6070379057756788,1.364617172805387,-0.00877208081441419,-0.02611825931872411,-0.03304547345757511,-2.3123724829141787,0.805091019913108,1.141079013096804,0.15814258763428185,-0.06716549577483648,-0.04485210177332401,-2.277747024002751,0.647008525556132,1.3201609922010271,0.0603633769794026,-0.03394445282764469,-0.08181206544294001,0.09000117304571391,0.09000117304571391,0.0,0.16411798727965532,0.4452823252313754,-0.3614577946278501,-0.0003006272883200455,-0.010992451110649941,-5.06614037599906,0,0.45054818410591563
37.872639999994824,-2.1465820897368433,0.6069287612820794,1.3644797623951996,-0.008731135097393527,-0.026194678463878684,-0.03297849844500842,-1.8298110679933202,0.937796000448961,1.4100880322775795,-0.14509700335692227,-0.020769624718032193,-0.01993861991524712,-2.0540789176314793,0.7923602602972045,1.3650834715944695,-0.04177256592625522,-0.026955290121395605,-0.05078401969601421,0.09000117304571391,0.09000117304571391,0.0,0.164072344338948,0.44554455294842277,-0.36131389277459514,-0.00032737506561008743,-0.011015682525863935,-5.0661934562425435,0,0.45060503767317317
37.87679999999482,-2.146618299900351,0.6068193014721307,1.364342629607911,-0.00869043924181739,-0.02627035438767804,-0.03291186894925603,-2.3147625581375686,0.6382838860374564,1.5269338024824268,-0.03476470268511196,0.008290586695527038,-0.15878783132523705,-2.1844951199344,0.7153393801345116,1.4456801895570561,-0.03814966671724114,-0.009883211680452838,-0.1051127347647783,0.09000117304571391,0.09000117304571391,0.0,0.16402703235594362,0.44580560715705086,-0.36116943950781805,-0.0003539156162109283,-0.01103866610476888,-5.066245481983817,0,0.450662276507559
37.88095999999482,-2.1466543415305805,0.606709529427328,1.364205773008045,-0.008649991255134366,-0.026345290752630618,-0.03284558396786054,-1.6486537424833436,0.7672119396416197,1.248621902853421,0.08578416371128231,-0.08197782104903459,-0.05970850879170815,-1.9163916473170488,0.7411062948294516,1.3470249555805898,0.02351803340925671,-0.04630261286670071,-0.08216361107390162,0.09000117304571391,0.09000117304571391,0.0,0.16398204837175023,0.446065492112417,-0.36102443453753497,-0.00038025016897601954,-0.011061403058996905,-5.066296460278915,0,0.450719897521966
37.88511999999482,-2.14669021565209,0.6065994482139385,1.3640691911644038,-0.008609789162303327,-0.026419491213476438,-0.03277964247389424,-1.4571447484318436,0.5012226950196046,1.0492967633007328,0.07742132874551548,0.12824083238195733,-0.15730367012923002,-1.686605487170579,0.6214304910066478,1.1978313204509616,0.051205269432862924,0.04050717183164422,-0.11959968616864364,0.09000117304571391,0.09000117304571391,0.0,0.1639373894546885,0.4463242120694809,-0.3608788776843833,-0.0004063799472088359,-0.011083894597480205,-5.066346398155922,0,0.450777897642482
37.88927999999482,-2.1467259232812803,0.606489060883034,1.3639328826501678,-0.008569831005650154,-0.02649295941708041,-0.03271404341663272,-2.2837290227207827,0.6091478622615253,1.5460322439713705,0.024856579178908628,-0.10158271011261401,-0.28400494480170013,-1.9851190980185696,0.6150775265477368,1.3713432818943756,0.037727600852019545,-0.030396418143181055,-0.20168849676400838,0.09000117304571391,0.09000117304571391,0.0,0.1638930526997238,0.44658177128259846,-0.3607327688773572,-0.0004323061686672214,-0.01110614192642692,-5.066395302614854,0,0.450836273808413
37.89343999999482,-2.146761465426467,0.6063783704705242,1.363796846042992,-0.008530114844733082,-0.026565699002347315,-0.0326487857222018,-2.3651302926155755,0.45236635212736476,1.1247238438532143,-0.03869356051132375,-0.22544571382251274,-0.07002593236122032,-2.1752075638560417,0.5332519277498778,1.2478847212636182,-0.0006089080110693234,-0.12793142622016906,-0.1351616969294524,0.09000117304571391,0.09000117304571391,0.0,0.1638490352276827,0.44683817400532816,-0.3605861081521766,-0.0004580300455680835,-0.011128146249299746,-5.066443180627548,0,0.45089502297230505
37.89759999999482,-2.146796843087951,0.6062673799971903,1.3636610799250994,-0.008490638756213252,-0.026637713600145583,-0.032583868294210415,-2.388561917649864,0.6021172163710627,1.4131653495320482,0.031726393820275735,-0.035134494078443934,-0.014811399507989403,-2.2818201614882065,0.5676112135515661,1.3304952089453619,0.015517132893971606,-0.08117265980132446,-0.07490975597495801,0.09000117304571391,0.09000117304571391,0.0,0.16380533418617946,0.44709342449029077,-0.3604388956479377,-0.00048355278459206937,-0.011149908766797736,-5.066490039137555,0,0.45095414209996487
37.901759999994816,-2.1468320572580915,0.6061560924687186,1.3635255828833728,-0.008451400833712168,-0.026709006833205727,-0.032519290014389565,-2.0321417807342104,0.7377480821689414,0.9886623365294822,0.04711097492463219,-0.06257274066651501,-0.026481819468371838,-2.156881394848868,0.652549893391015,1.1595199698430279,0.0313891177476937,-0.07149137436139101,-0.05005960843313828,0.09000117304571391,0.09000117304571391,0.0,0.16376194674861855,0.4473475269888154,-0.36029113160525106,-0.0005088755868890699,-0.011171430676833852,-5.066535885060039,0,0.4510136281704787
37.905919999994815,-2.1468671089213736,0.6060445108757351,1.3633903535094427,-0.008412399187679201,-0.026779582316039448,-0.0324550497432071,-2.452364237723363,0.8012056729842911,1.532354298659686,-0.08822454805308654,0.04643583316917801,-0.02762534366167624,-2.304808034361558,0.7269762734922006,1.3458820477289735,-0.028580303195365395,-0.012951196291071743,-0.03873066726542714,0.09000117304571391,0.09000117304571391,0.0,0.16371887011469283,0.4476004857509586,-0.3601428163648013,-0.0005339996480838425,-0.01119271317451483,-5.066580725281672,0,0.4510734781762303
37.910079999994814,-2.146901999054479,0.6059326381938399,1.363255390399774,-0.00837363194525317,-0.02684944365484951,-0.032391146320483025,-2.5063844156838107,0.858225244833692,1.3734840957058005,-0.03711071187619075,-0.019631529894344073,-0.13560919956811723,-2.405676172413822,0.7925607204279934,1.3594005360874166,-0.03219695489974221,-0.016231245835258652,-0.08684369476100796,0.09000117304571391,0.09000117304571391,0.0,0.16367610150895684,0.4478523050249891,-0.35999395036397386,-0.0005589261582823462,-0.011213757452119836,-5.066624566660551,0,0.451133689122916
37.91423999999481,-2.1469367286263545,0.6058204773836421,1.363120692155749,-0.008335097250138522,-0.026918594447468105,-0.032327578565968615,-2.3061913588114353,0.553967834801926,1.5110841757430555,-0.07987244101991474,-0.10010751877257097,-0.058900217126068515,-2.3560994556826778,0.6730548837617466,1.435121353743588,-0.05590958110265232,-0.0584027134200845,-0.0730887559425056,0.09000117304571391,0.09000117304571391,0.0,0.16363363818196466,0.4481029890576202,-0.35984453413561257,-0.0005836563020778046,-0.011234564699084758,-5.066667416026102,0,0.4511942580295603
37.91839999999481,-2.1469712985982814,0.6057080313907952,1.3629862573837492,-0.008296793262460874,-0.026987038283249602,-0.03226434527995547,-1.8788040667108303,0.19863875589544094,1.481549949636858,-0.1136766606169454,0.10527659759188437,-0.010005780398996293,-2.117685275947529,0.4360620655114615,1.4583173901956836,-0.08459205316441246,0.023622099399789456,-0.04262133849668724,0.09000117304571391,0.09000117304571391,0.0,0.16359147740927016,0.4483525420932802,-0.3596945683052728,-0.0006081912585574945,-0.011255136101979119,-5.066709280178995,0,0.4512551819285282
37.92255999999481,-2.1470057099239424,0.6055953031460326,1.3628520846952332,-0.008258718158642956,-0.027054778743015248,-0.032201445243832845,-1.689881866730111,0.9680200453966574,0.9944872633414925,0.17087941342618734,-0.09038445091209565,0.0174172666597567,-1.903424860048152,0.7018560910015816,1.226436033784463,0.04298618903754807,-0.03304220145368879,-0.012954606743640542,0.09000117304571391,0.09000117304571391,0.0,0.163549616491709,0.4486009683744508,-0.3595440535895364,-0.0006325322013098662,-0.011275472844490313,-5.066750165891068,0,0.45131645786553765
37.92671999999481,-2.1470399635494894,0.6054822955652036,1.3627181727068138,-0.008220870131263259,-0.027121819398950794,-0.03213887722067382,-2.1530519404641235,0.7940197718991481,1.6874503146853495,-0.06442076897643709,0.19613583447879535,-0.11489110047076546,-2.0283725350172346,0.748345652238538,1.4567062099406822,-0.011482317475155239,0.08195574613853517,-0.06332966524607295,0.09000117304571391,0.09000117304571391,0.0,0.16350805275482513,0.44884827214104367,-0.3593929907941066,-0.0006566802984319066,-0.011295576107401308,-5.066790079905245,0,0.45137808289966963
37.93087999999481,-2.14707406041361,0.6053690115493097,1.3625845200403315,-0.008183247388934138,-0.027188163814558294,-0.032076639955771265,-2.1911521674896934,0.5654711128825606,1.3257759473382118,7.229047827364554e-06,0.005695576261513621,-0.14824153369102544,-2.109765334648207,0.656918413978791,1.390932931812362,-0.00484421852471833,0.04408805484974666,-0.10631265999889282,0.09000117304571391,0.09000117304571391,0.0,0.16346678354851,0.4490944576304712,-0.3592413808110394,-0.0006806367125369482,-0.011315447068576408,-5.06682902893547,0,0.4514400541033772
37.93503999999481,-2.1471080014475943,0.6052554539845406,1.3624511253229266,-0.008145848156166502,-0.027253815544564994,-0.03201473217719559,-2.0042801494586713,0.6350669710567758,1.1495793102054608,-0.0017238861805517428,0.09544834311687382,-0.06868246482663243,-2.0570254285997125,0.6461906442064365,1.2701108168311284,-0.0033616455408340714,0.06996935556799848,-0.08713560058775469,0.09000117304571391,0.09000117304571391,0.0,0.16342580624771047,0.44933952907750324,-0.3590892246178931,-0.0007044026007623538,-0.01133508690294192,-5.066867019666634,0,0.4515023685624935
37.939199999994806,-2.1471417875753995,0.6051416257423121,1.3623179871871085,-0.008108670673234345,-0.027318778134842372,-0.031953152596340434,-2.061083513751687,0.7632701861800668,1.0791104479963876,-0.06469955210161826,0.05330941664023814,-0.14026874733176062,-2.05919071076639,0.7048422602263641,1.1743168709548237,-0.033239057497464454,0.06157133861033729,-0.1133766007164944,0.09000117304571391,0.09000117304571391,0.0,0.1633851182509988,0.4495834907136963,-0.35893652327473324,-0.0007279791147780435,-0.011354496782466002,-5.066904058754511,0,0.45156502337623833
37.943359999994804,-2.1471754197137165,0.6050275296793023,1.3621851042708233,-0.008071713196056225,-0.027383055122361367,-0.03189189990842795,-1.8247240664999085,0.9071574739225468,1.2959167453704323,0.21347228883306435,-0.2665192572432642,0.11906144386494022,-1.9415120930509442,0.805448366743629,1.235365394879679,0.09027452699024209,-0.10314357614812016,0.0027835577546360857,0.09000117304571391,0.09000117304571391,0.0,0.16334471698149278,0.4498263467677302,-0.35878327792284,-0.0007513674007949395,-0.011373677876145892,-5.0669401528257,0,0.45162801565722305
37.9475199999948,-2.1472088987720332,0.6049131686374893,1.362052475217519,-0.008034973996056162,-0.027446650035098025,-0.03183097279304641,-2.2573115224338345,0.5253149040767264,1.5272837199298162,-0.028379907966887104,0.06097469700344571,-0.08158829966553732,-2.0994718151570235,0.6655055093721081,1.38115687153215,0.03036262108194714,-0.020618237942823983,-0.03938385529946256,0.09000117304571391,0.09000117304571391,0.0,0.1633045998858521,0.4500681014648901,-0.3586294897829837,-0.0007745685995739218,-0.011392631349987947,-5.066975308477569,0,0.45169134253145504
37.9516799999948,-2.1472422256527,0.6047985454441894,1.361920098676208,-0.007998451360039986,-0.02750956639197576,-0.03177036991465226,-2.0322300780914184,0.5464707047357509,1.1057056517754864,-0.20801058774713982,-0.040766221972450986,0.038592253031442744,-2.0662820213559283,0.6059024932807653,1.2435110128317435,-0.08934280195227208,-0.030696579106221512,-0.0010777529085859488,0.09000117304571391,0.09000117304571391,0.0,0.16326476443477034,0.45030875902692213,-0.3584751601526227,-0.0007975838464348515,-0.01141135836699186,-5.067009532278197,0,0.4517550011383404
37.9558399999948,-2.147275401250992,0.6046836629120944,1.3617879733015283,-0.00796214359006502,-0.027571807702795662,-0.031710089923069645,-2.3900850557171145,0.48250794659001406,0.8141461856585804,-0.05363761247556003,-0.2526743505779937,-0.01873238408504143,-2.228296042211848,0.5436797966955107,1.028786248319768,-0.07213046937818025,-0.14214993684651964,-0.009719471575175775,0.09000117304571391,0.09000117304571391,0.0,0.16322520812218383,0.45054832367204867,-0.35832029040501967,-0.0008204142712661999,-0.011429860087134116,-5.06704283076633,0,0.4518189886306853
37.9599999999948,-2.1473084264551723,0.6045685238393104,1.3616560977538035,-0.007926049003312797,-0.027633377468167304,-0.031650131453985014,-2.5638323759277086,-0.025448261664360428,1.3469936645374077,0.07336342408759286,-0.008733800295308625,0.008695996269550713,-2.3959139109180025,0.25909284358788376,1.1879100171038943,0.0005820307917071938,-0.0750775590103928,-0.0003910738521123142,0.09000117304571391,0.09000117304571391,0.0,0.16318592846490695,0.4507867996145564,-0.3581648819874981,-0.0008430609985346109,-0.011448137667351194,-5.0670752104513355,0,0.4518833021746967
37.9641599999948,-2.1473413021465553,0.6044531310093959,1.3615244706990977,-0.007890165931970328,-0.027694279179463037,-0.03159049312941626,-1.6948131832004119,0.8585149651163739,1.2651202523400487,-0.007938411183386184,0.08309494204674203,-0.06952076455578224,-2.0453743383842364,0.5589795105153478,1.2263718216809556,-0.004069237294211641,0.004682967836043186,-0.03531108890305807,0.09000117304571391,0.09000117304571391,0.0,0.16314692300376402,0.4510241910648649,-0.35800893641862147,-0.0008655251472945683,-0.011466192261527505,-5.067106677813156,0,0.4519479389499816
37.9683199999948,-2.147374029199568,0.6043374871914012,1.3613930908092717,-0.007854492723090871,-0.027754516318726434,-0.031531173558205616,-2.5103281111737763,0.5651791704495931,1.6004964410605464,0.09219225249878896,-0.015752545019712624,-0.14733455058805375,-2.2776633951020067,0.5620442282544148,1.4131298203251264,0.04437944035741658,-0.004383906664001812,-0.09108609893857546,0.09000117304571391,0.09000117304571391,0.0,0.16310818930194204,0.4512605022291135,-0.35785245528750553,-0.000887807831198988,-0.011484025020475509,-5.0671372393022756,0,0.45201289614954526
37.972479999994796,-2.1474066084818118,0.6042215951399069,1.3612619567620363,-0.007819027738475948,-0.027814092358625836,-0.031472171336474244,-2.0164318768415073,0.7830718510045082,1.1995834324975778,-0.053241601797895555,-0.186074929390275,-0.15555801053026125,-2.147156733889617,0.6721719020873047,1.3060308462275059,-0.004335927080260339,-0.09490344721419697,-0.12296703209795741,0.09000117304571391,0.09000117304571391,0.0,0.16306972494505162,0.45149573730928305,-0.3576954402520562,-0.0009099101585095146,-0.011501637091921691,-5.067166901339682,0,0.45207817097978836
37.976639999994795,-2.147439040854122,0.6041054575950636,1.3611310672410026,-0.007783769354555435,-0.027873010762403994,-0.03141348504807151,-2.1165166894349476,0.49876046657248707,1.1290208198382925,0.08463302095943932,-0.012584041288080838,0.13552332720750254,-2.1316607677505193,0.5854382444039709,1.2178053173470427,0.04028937047985779,-0.05348356931984022,0.006820164849189822,0.09000117304571391,0.09000117304571391,0.0,0.1630315275418296,0.4517299005026757,-0.35753789303677386,-0.0009318332321069486,-0.011519029620494482,-5.067195670316837,0,0.45214376066050277
37.980799999994794,-2.1474713271706314,0.6039890772826311,1.3610004209357316,-0.0077487159622564765,-0.02793127498380561,-0.03135511326503347,-1.9418218124935147,1.0195512118733632,1.3054775563257437,-0.010417855794137468,0.056255553085301044,0.12297712111048854,-2.0367628422874335,0.8026147176255997,1.2618995438802483,0.015521644505179559,0.0014069185151281281,0.06407151364231518,0.09000117304571391,0.09000117304571391,0.0,0.1629935947231315,0.4519629960022494,-0.3573798154311923,-0.000953578149502435,-0.011536203747708036,-5.067223552595643,0,0.452209662424867
37.98495999999479,-2.1475034682788268,0.6038724569140185,1.3608700165417815,-0.007713865966880592,-0.02798888846701703,-0.03129705454802338,-1.8965670626247177,0.7446364800118316,1.349597630109618,-0.15453948658592903,-0.1033669049442982,0.007138967247651312,-1.9669851280928736,0.7734107067731628,1.3057652132633526,-0.06963314382104374,-0.05122034764409552,0.03504930501792288,0.09000117304571391,0.09000117304571391,0.0,0.1629559241419915,0.45219502799588374,-0.3572212092887412,-0.000975146002848496,-0.01155316061194667,-5.067250554508427,0,0.45227587351943954
37.98911999999479,-2.14753546501961,0.6037555991863243,1.3607398527607533,-0.007679217787984039,-0.02804585464661972,-0.031239307446758093,-1.8571948994970557,0.7900880157072048,1.1716412826691338,0.01505861083363498,-0.003220411380581486,-0.03439694675163888,-1.912058537229697,0.7817431493532143,1.238631619467688,-0.02699785442897705,-0.02740125308100467,-8.033904192359081e-05,0.09000117304571391,0.09000117304571391,0.0,0.16291851347304048,0.45242600066666055,-0.357062076524319,-0.0009965378789504721,-0.011569901348452268,-5.06727668235791,0,0.45234239120415204
37.99327999999479,-2.147567318227357,0.6036385067823762,1.3606099283003348,-0.007644769859258686,-0.028102176947537923,-0.03118187050042728,-1.9381050446026806,0.8230488920439176,1.4577415370561173,-0.019494454020303417,-0.07353523271886456,0.0666149368980064,-1.9251241980931941,0.802243323764972,1.3483275072046992,-0.022440260265849995,-0.050448544882784344,0.03285980337212154,0.09000117304571391,0.09000117304571391,0.0,0.16288136041342055,0.4526559181926635,-0.35690241911400006,-0.0010177548592778226,-0.011586427089311981,-5.067301942417193,0,0.45240921275230145
37.99743999999479,-2.1475990287299753,0.6035211823707721,1.3604802418743427,-0.007610520628403509,-0.028157858784971887,-0.031124742238122748,-2.162274347450406,0.8478313317384604,1.237674288425271,0.14547909179853213,-0.12925593945545505,-0.04065593349143931,-2.0433981101014886,0.8247682950900314,1.2929162593706272,0.061398150443454924,-0.08960530352799344,-0.004229470101908107,0.09000117304571391,0.09000117304571391,0.0,0.16284446268113373,0.45288478474656363,-0.35674223909216984,-0.0010387980199762614,-0.011602738963442577,-5.067326340929738,0,0.4524763354505406
38.00159999999479,-2.1476305973489627,0.6034036286059207,1.3603507922027624,-0.007576468557011851,-0.02821290356435915,-0.031067921179234133,-2.112911623899814,1.002098490372701,0.9821439886220349,-0.04020368841370245,0.2751304945834866,-0.11603250121701669,-2.078237529608585,0.9140068339323578,1.1372857590905168,0.00990829081043282,0.09276958924965056,-0.05971701577102344,0.09000117304571391,0.09000117304571391,0.0,0.1628078180159546,0.45311260449573915,-0.3565815385503648,-0.0010596684318794443,-0.0116188380965793,-5.06734988410936,0,0.4525437565988681
38.00575999999479,-2.1476620248994647,0.6032858481280818,1.3602215780117881,-0.007542612120448615,-0.028267314681318333,-0.031011405833852507,-2.1683225671938002,0.8250449334998475,1.3313175698504482,-0.010434070401375364,0.10721888366995481,0.02679831903161009,-2.1233028532023384,0.8697482519631246,1.234358494861987,-3.469547062602497e-05,0.10000360187914499,-0.016336468738911883,0.09000117304571391,0.09000117304571391,0.0,0.16277142417927506,0.4533393816021277,-0.3564203196369644,-0.0010803671605212528,-0.011634725611262876,-5.067372578140212,0,0.45261147351061815
38.009919999994786,-2.1476933121903303,0.6031678435634086,1.3600925980338583,-0.007508949807726656,-0.02832109552158958,-0.030955194703175003,-1.8770282984465778,0.7741290882693068,1.5555093539475018,0.013670682798372195,-0.11321720979285715,-0.1506876809562241,-2.000135584328699,0.8217028671545906,1.394622423228967,0.006897142114048032,-0.0067636806038585805,-0.08334843901080916,0.09000117304571391,0.09000117304571391,0.0,0.16273527895266487,0.4535651202218114,-0.3562585845536695,-0.0011008952661484487,-0.011650402626824777,-5.067394429176782,0,0.4526794835124476
38.014079999994784,-2.1477244600241696,0.6030496175239877,1.3599638510076921,-0.007475480121400033,-0.028374249461009585,-0.03089928627986807,-2.1835848070364836,0.4909447413757431,1.4567320604261833,0.002797072977586689,0.06263226867305376,0.020246925346448792,-2.0918561499404724,0.6564519097336782,1.4257193933655783,0.005082213263826997,0.027859339340095185,-0.03136693167094941,0.09000117304571391,0.09000117304571391,0.0,0.16269938013921026,0.45378982450529604,-0.3560963355556102,-0.0011212538037328726,-0.01166587025937911,-5.067415443343887,0,0.4527477839443238
38.01823999999478,-2.147755469197409,0.6029311726078816,1.3598353356783235,-0.007442201577435214,-0.028426779865437724,-0.03084367904846809,-2.518934594344522,0.8585123354236364,1.1959541398869198,-0.07734381159970553,-0.003280671949793111,-0.0998795421348427,-2.305557813061058,0.7574754148441251,1.3106276959989127,-0.0368085224505912,0.01291542814756396,-0.0657552625271453,0.09000117304571391,0.09000117304571391,0.0,0.16266372556250205,0.4540134985969355,-0.3559335749497406,-0.0011414438229843287,-0.011681129621806976,-5.067435626736672,0,0.4528163721595109
38.02239999999478,-2.147786340500347,0.6028125113991702,1.359707050797133,-0.0074091127051017095,-0.028478690090729886,-0.03078837148573882,-2.3963067409113097,0.6657592832103599,1.2774617659658583,0.05460449682412728,-0.08735342411067246,-0.17930291419079444,-2.350818969750601,0.711435236298116,1.293670818489827,0.008715917372513792,-0.037319150977801356,-0.12216813163348876,0.09000117304571391,0.09000117304571391,0.0,0.16262831306669118,0.4542361466351573,-0.35577030509279944,-0.00116146636836361,-0.011696181823747234,-5.0674549854206115,0,0.45288524552455534
38.02655999999478,-2.1478170747172087,0.6026936364679923,1.3595789951218786,-0.007376212046853116,-0.028529983482684634,-0.030733362061040635,-2.161363343807938,0.45384688593766365,1.219649710708445,0.1546653351536562,-0.0881627911380772,0.02419843779057895,-2.2557677179830433,0.5824559520216986,1.2567104451780289,0.08148237008841194,-0.06277109437586215,-0.04917043723432994,0.09000117304571391,0.09000117304571391,0.0,0.16259314051611617,0.4544577727521536,-0.35560652839033535,-0.0011813224790956072,-0.011711027971584468,-5.067473525431514,0,0.45295440141927007
38.03071999999478,-2.1478476726262015,0.6025745503705882,1.3594511674167258,-0.007343498158213899,-0.02858066337700348,-0.030678649236684924,-2.042663136500206,0.4140761821436699,1.281123717065594,-0.01438790316164133,0.019490211874293856,-0.06352679634261293,-2.1492422108127234,0.49830517928660956,1.2687841914581013,0.0327591919255779,-0.021526152508081698,-0.0559021502102802,0.09000117304571391,0.09000117304571391,0.0,0.16255820579578584,0.45467838107373215,-0.3554422472955142,-0.0012010131891825237,-0.011725669168438452,-5.06749125277553,0,0.45302383723671913
38.03487999999478,-2.1478781349995666,0.6024552556493413,1.3593235664522745,-0.0073109696076600625,-0.028630733099240295,-0.030624231468291685,-1.916518261563331,0.5379054701053159,1.7576732436416713,-0.19821033561382959,0.07589022625302258,-0.07919450571570204,-2.03328942738799,0.5182629903505226,1.5130673141845865,-0.08340898996881062,0.02739742566971933,-0.06749774724856791,0.09000117304571391,0.09000117304571391,0.0,0.16252350680972308,0.45489797571932794,-0.35527746430749463,-0.0012205395274176504,-0.011740106514151787,-5.067508173429158,0,0.4530935503831995
38.03903999999478,-2.1479084626036355,0.6023357548328214,1.3591961910055865,-0.007278624976513562,-0.028680195964771445,-0.030570107205123445,-2.3958984908271446,0.816880918215276,1.6920887040869863,0.04537298045989767,-0.031044344889072553,0.025748650291528494,-2.2145011085287303,0.6675086268155684,1.602633568649082,-0.019513551402377413,-0.001413071534285028,-0.021241321631199274,0.09000117304571391,0.09000117304571391,0.0,0.16248904148294235,0.4551165608017468,-0.3551121819706544,-0.0012399025173984465,-0.011754341105281316,-5.067524293339261,0,0.45316353827822486
38.043199999994776,-2.1479386561988805,0.6022160504358267,1.3590690398602097,-0.007246462858820328,-0.028729055278743587,-0.030516274890433463,-1.9416558685396132,0.1250306995587701,1.3150737514013684,0.024398565953684954,0.01244304434973608,-0.2065236809577977,-2.078027158149079,0.3962925371280887,1.4584214939642877,0.0030778420825823254,0.005134837856796684,-0.11358665251208572,0.09000117304571391,0.09000117304571391,0.0,0.16245480775893845,0.45533414042701614,-0.354946402872101,-0.001259103177540916,-0.011768374035085962,-5.067539618423075,0,0.4532337983545052
38.047359999994775,-2.147968716539969,0.6020961449594265,1.3589421118062022,-0.007214481861248712,-0.028777314336051834,-0.030462732961779558,-2.0699555507440386,1.2445724331275454,1.308910471414269,-0.08712754602234025,-0.1564588304993486,-0.0005647429632573385,-2.0741734510303886,0.820112030612442,1.383663446369516,-0.04157175401026183,-0.07518979734406751,-0.056931240504429055,0.09000117304571391,0.09000117304571391,0.0,0.1624208036016624,0.4555507186945027,-0.3547801296421727,-0.0012781425210930757,-0.01178220639351978,-5.067554154568234,0,0.45330432805792914
38.051519999994774,-2.1479986443758143,0.6019760408910045,1.3588154056401547,-0.0071826806029662805,-0.02882497642127835,-0.03040947985136996,-3.0624899495104874,1.0438950196102432,1.4646087264169025,0.024256991995277106,-0.030449135279288757,0.10282803541408964,-2.5682862409182294,0.931942228127551,1.4243508614085436,-0.009585400587627305,-0.05304852141425,0.022779843502346724,0.09000117304571391,0.09000117304571391,0.0,0.16238702699386462,0.4557662996964955,-0.35461336495172807,-0.0012970215561493794,-0.011795839267218533,-5.06756790763278,0,0.4533751248475427
38.05567999999477,-2.1480284404496293,0.6018557407043018,1.3586889201652115,-0.007151057715534967,-0.028872044808667202,-0.030356513986370057,-1.9986107672700753,0.3054741890401403,1.8355149834491638,0.13874255004533959,0.05321960013115977,-0.11547380536131611,-2.283156300784833,0.6188146775592105,1.6296965387505302,0.06474384466709711,3.0275863793704713e-06,-0.0467811584957916,0.09000117304571391,0.09000117304571391,0.0,0.16235347593757396,0.45598088751816285,-0.35444611151178324,-0.0013157412856648664,-0.011809273739491009,-5.067580883445191,0,0.4534461861955292
38.05983999999477,-2.1480581054989742,0.6017352468594597,1.3585626541910898,-0.007119611842805606,-0.028918522762103792,-0.03030383378920348,-2.1484791512403882,0.7557124490116907,1.7223144375211996,0.10559049775685575,-0.11134740189758027,-0.1429494546895237,-2.2155964962774446,0.6870332320274201,1.6757085020121443,0.08484616028413469,-0.05581419659003872,-0.09471321295860832,0.09000117304571391,0.09000117304571391,0.0,0.16232014845329376,0.456194486237723,-0.35427837207164786,-0.0013343027074697324,-0.01182251089031335,-5.067593087804403,0,0.4535175095871868
38.06399999999477,-2.148087640255811,0.6016145618030636,1.3584366065340987,-0.007088341640801977,-0.028964413535052885,-0.030251437677876587,-2.550710968842871,0.6229966942291376,1.232999496997066,-0.15741028606441004,-0.30536669641287006,0.011022813042403039,-2.3834839132590404,0.6543783603045418,1.4543752018621217,-0.03606127822634746,-0.18009321231619194,-0.042512193178786635,0.09000117304571391,0.09000117304571391,0.0,0.16228704258112178,0.4564070999258132,-0.35411014941855523,-0.0013527068142833267,-0.01183555179631632,-5.067604526479836,0,0.4535890925209074
38.06815999999477,-2.148117045446551,0.6014936879681864,1.358310776017156,-0.007057245777614936,-0.029009720370543772,-0.030199324066265878,-2.4249193666979862,0.5888283135968218,0.880045479625009,0.15267100129261083,-0.031887767507865754,0.09407814662888678,-2.403884693872576,0.6215367763310181,1.1674025892785262,0.05844433892558676,-0.10610753415134139,0.025491699538236944,0.09000117304571391,0.09000117304571391,0.0,0.162254156379305,0.4566187326458734,-0.3539414463757909,-0.0013709545937293957,-0.0118483975307784,-5.067615205211421,0,0.45366093250815304
38.07231999999477,-2.1481463217921064,0.6013726277744317,1.3581851614698042,-0.007026322933293067,-0.029054446501125753,-0.03014749136441883,-2.3532605452857687,1.0372128238592633,1.664841965771851,0.06688177579770718,-0.08184889855066778,-0.11607973362123877,-2.3784328220641227,0.8292081507535427,1.4158828665919827,0.06250329940969186,-0.09430928533406752,-0.04458808411267299,0.09000117304571391,0.09000117304571391,0.0,0.16222148792450286,0.45682938845378235,-0.35377226580188703,-0.0013890470283506558,-0.011861049163615916,-5.067625129709633,0,0.45373302707343244
38.07647999999477,-2.1481754700079385,0.6012513836279781,1.3580597617282257,-0.006995571799738846,-0.029098595148845302,-0.03009593797883499,-2.0090050080734123,0.2904985523912953,1.097371082419053,0.11013472604801353,-0.09345755580932917,-0.1769128681825033,-2.193489628155681,0.5596550654272086,1.256257250835151,0.08745803900495618,-0.09382215069592173,-0.11097219871767856,0.09000117304571391,0.09000117304571391,0.0,0.16218903531183698,0.45703907139776045,-0.3536026105900275,-0.0014069850956236604,-0.011873507761375971,-5.067634305655521,0,0.45380537375427676
38.080639999994766,-2.148204490804108,0.601129957921623,1.3579345756352559,-0.006964991080601605,-0.02914216952521519,-0.03004466231275041,-2.7037568016947935,0.5742846605566135,1.937338098377744,-0.024624204566510953,-0.08849249770223107,0.021469839557062338,-2.448678092866005,0.5667846167094782,1.5968473027242387,0.03146723233099957,-0.09053890741860277,-0.04485852566674288,0.09000117304571391,0.09000117304571391,0.0,0.162156796654727,0.4572477855183259,-0.3534324836655241,-0.0014247697679739585,-0.011885774387228943,-5.067642738700746,0,0.45387797010121506
38.084799999994765,-2.148233384885321,0.6010083530348265,1.3578096020403958,-0.0069345794911685734,-0.029185172831176123,-0.02999366276641695,-1.8446531764486958,0.2624874518677877,1.0288386055701113,0.07058823910773472,-0.010339472456289078,-0.12709443935312775,-2.146514704509234,0.41461354604516276,1.312574886671312,0.051081966607806395,-0.05099578171807468,-0.08609618572179376,0.09000117304571391,0.09000117304571391,0.0,0.16212477008386997,0.4574555348481437,-0.3532618879864968,-0.0014424020127913842,-0.011897850100959105,-5.0676504344676125,0,0.4539508136777479
38.08895999999476,-2.14826215295098,0.6008865713337553,1.3576848397998234,-0.006904335758266437,-0.02922760825707812,-0.0299429377373688,-2.404342679237853,0.6004658534839269,1.7610854024460734,-0.033980556780795576,-0.09893154943244234,0.0655533599502762,-2.275499776722355,0.5073343664952193,1.5369693341213666,0.007884000839710036,-0.07454754655544492,-0.01013784476704834,0.09000117304571391,0.09000117304571391,0.0,0.16209295374878535,0.4576623234119817,-0.3530908265413439,-0.001459882792444952,-0.011909735958958615,-5.0676573985491125,0,0.45402390206032256
38.09311999999476,-2.148290795695231,0.6007646151713276,1.357560287776404,-0.006874258620151084,-0.029269478982646556,-0.02989248562068984,-1.9951851965552208,0.8104683315427685,1.144613953764375,0.013341056473966283,-0.13701793091144457,0.1531458532837014,-2.1353127520031587,0.6586187776951451,1.3411072314280654,0.01060057729032377,-0.10592338105616837,0.07159257462297952,0.09000117304571391,0.09000117304571391,0.0,0.16206134581572543,0.45786815522661306,-0.3529193023489878,-0.0014772130642988059,-0.011921433014219381,-5.0676636365089625,0,0.4540972328383053
38.09727999999476,-2.1483193138070074,0.600642486887257,1.3574359448396986,-0.006844346826408805,-0.029310788176956905,-0.029842304809274953,-1.4010567820911808,0.8107151827647776,1.2099263570047507,-0.05750921844163487,-0.04624604041972129,-0.05087163431403975,-1.7682985199893677,0.734572640586721,1.2754101649390517,-0.02379934448539942,-0.07646669961121266,0.01032013758821242,0.09000117304571391,0.09000117304571391,0.0,0.16202994446879096,0.45807303430055796,-0.352747318456338,-0.001494393780727299,-0.011932942316326169,-5.0676691538816465,0,0.4541708036139542
38.10143999999476,-2.148347707970082,0.6005201888080969,1.3573118098659733,-0.006814599137854153,-0.02935153899841469,-0.029792393694076828,-2.278148221868783,0.8018909812781387,1.6619426307717138,0.019362657684868615,-0.06595596122230514,-0.07086212557295725,-2.023186297576343,0.768095407036177,1.4685320457926225,-0.0023976951827068675,-0.07136179541045412,-0.030426562318629374,0.09000117304571391,0.09000117304571391,0.0,0.16199874790976507,0.45827696463425316,-0.35257487793895803,-0.0015114258891307556,-0.011944264911450952,-5.067673956172462,0,0.45424461200239175
38.10559999999476,-2.1483759788631085,0.6003977232472856,1.357187881738205,-0.006785014326422233,-0.029391734594716685,-0.029742750664368996,-1.9400401852066291,0.41403629523147134,1.1810166993216806,0.07014041205051215,-0.014918513653046552,0.11969659776904137,-1.9814670328963742,0.5910315708393682,1.3250223148069185,0.03399333753181083,-0.04277222490076304,0.0441500094415346,0.09000117304571391,0.09000117304571391,0.0,0.1619677543566633,0.4584799502196867,-0.3524019838989505,-0.0015283103319514283,-0.011955401842343888,-5.067678048857565,0,0.45431865563157603
38.10975999999476,-2.1484041271596714,0.6002750925051904,1.3570641593460886,-0.006755591175079021,-0.029431378102849112,-0.02969337410797174,-1.949710328583186,0.9879580399867738,1.2628097959212352,-0.012548752893862062,0.03461025037152747,-0.11318218074784568,-1.965613374910256,0.789568345658857,1.2936810840961126,0.010155644924955949,-0.0034966462075449872,-0.03492901281405002,0.09000117304571391,0.09000117304571391,0.0,0.1619369620457034,0.45868199504056706,-0.3522286394647628,-0.0015450480466888794,-0.011966354148330648,-5.067681437384017,0,0.45439293214227217
38.113919999994756,-2.1484321535283284,0.6001522988691528,1.3569406415860406,-0.006726328477707505,-0.029470472649038282,-0.02964426241151294,-1.803885496789399,0.2709152333547407,1.1187290703243113,-0.07559870020173672,-0.07701293973096797,-0.031048741693465776,-1.8849049665742728,0.5300783235066251,1.2061393469149917,-0.032995254193102404,-0.04041739155661662,-0.033024903713628255,0.09000117304571391,0.09000117304571391,0.0,0.16190636922878637,0.45888310307201136,-0.35205484778885066,-0.0015616399659164099,-0.01197712286530225,-5.067684127169836,0,0.4544674391880222
38.118079999994755,-2.1484600586326574,0.600029344613533,1.3568173273612045,-0.006697225039021619,-0.02950902134875386,-0.029595413960638788,-1.9313094151160979,0.6539355455064364,1.3020899811219213,0.037685022553108544,0.051332536310303656,-0.1494105079418728,-1.9080288759430315,0.5921147732222205,1.2538030227093468,0.0022173309954537663,0.005354646502856009,-0.09046822257169751,0.09000117304571391,0.09000117304571391,0.0,0.1618759741754652,0.4590832782806072,-0.3518806120489751,-0.0015780870172966161,-0.011987709025712794,-5.067686123604048,0,0.45454217443511585
38.122239999994754,-2.148487843131301,0.5999062319997552,1.3566942155814534,-0.00666827967445622,-0.02954702730666557,-0.029546827140265033,-2.0024851371294377,0.5111502448082175,1.5032553162155522,-0.04263675571775882,0.04269603047370002,-0.1528596919052806,-1.9553468801680225,0.5517201769384166,1.3782133517786874,-0.019952255676984203,0.024298002052435663,-0.12184291705391834,0.09000117304571391,0.09000117304571391,0.0,0.1618457751714941,0.4592825246241542,-0.3517059354452199,-0.0015943901235978448,-0.011998113658570678,-5.067687432046738,0,0.45461713556255945
38.12639999999475,-2.1485155076780096,0.5997829632763526,1.3565713051633919,-0.0066394912100751005,-0.029584493616636637,-0.029498500334787646,-1.8478215532590858,0.20786297497343992,1.0857306157684214,-0.0619763222885659,-0.12956366536165573,0.20300297446656004,-1.9017120566302312,0.37951999313834045,1.2323928381045612,-0.04111384384609383,-0.052772993261949806,0.04024155357649171,0.09000117304571391,0.09000117304571391,0.0,0.16181577051865867,0.45948084605183265,-0.3515308212002128,-0.0016105502027104163,-0.012008337789434564,-5.067688057829107,0,0.45469232026204515
38.13055999999475,-2.1485430529216867,0.5996595406790122,1.3564485950303573,-0.006610858482476096,-0.02962142336170594,-0.029450431928301928,-2.0720493905424773,0.4273711662762859,1.5947493207845376,0.10352924669926218,0.042145156388925326,-0.014623748717348931,-1.9866672151856402,0.4035328770553063,1.4135422384553977,0.031504972599920314,-0.00498427714291735,0.01327382592194617,0.09000117304571391,0.09000117304571391,0.0,0.16178595853567523,0.4596782465038912,-0.3513552725578473,-0.0016265681676626157,-0.012018382440409285,-5.067688006253528,0,0.4547677262379195
38.13471999999475,-2.1485704795064313,0.5995359664306202,1.3563260841124205,-0.006582380338688113,-0.02965781961405895,-0.029402620304825315,-2.158138473421686,0.13115912323632273,1.1488869523447889,-0.04017192951399336,0.05700685522672833,-0.09553336432526627,-2.0724877081914044,0.2674613992465527,1.2810140339605112,-0.00427716526031296,0.02661681596844588,-0.041121411672081054,0.09000117304571391,0.09000117304571391,0.0,0.16175633755673838,0.4598747299116554,-0.3511792927826441,-0.0016424449266373977,-0.012028248630138978,-5.0676872825936,0,0.45484335120715114
38.13887999999475,-2.148597788071582,0.5994122427413077,1.356203771346385,-0.006554055636080848,-0.02969368543501833,-0.0293550638485017,-1.8117092732579718,0.1347707398639021,1.3830042442470127,-0.1152421551987175,-0.021682450914954878,-0.02198170342360415,-1.9423357074959355,0.20106982625961672,1.3319641399250943,-0.060069317656951594,0.0025740994050364907,-0.031556845133255795,0.09000117304571391,0.09000117304571391,0.0,0.16172690593241895,0.4600703001974286,-0.35100288515889505,-0.0016581813829885839,-0.012037937373803263,-5.0676858920942145,0,0.45491919289929894
38.14303999999475,-2.1486249792517578,0.599288371808495,1.3560816556757858,-0.006525883242268873,-0.029729023875029743,-0.029307760943805605,-2.6761776479419686,1.0093317679386329,1.2729585713355087,0.010487234997194323,0.14006706049127826,-0.21096821189399984,-2.3092403931619088,0.6054975705416161,1.3020227903367922,-0.024606328674544112,0.07141649267362743,-0.1215661583383796,0.09000117304571391,0.09000117304571391,0.0,0.1616976620286384,0.46026496127450056,-0.3508260529895915,-0.0016737784352576243,-0.012047449683113578,-5.067683839971609,0,0.4549952490564785
38.14719999999475,-2.1486520536769036,0.5991643558169382,1.3559597360508868,-0.006497862035017491,-0.029763837973640028,-0.029260709975747097,-1.859491808438249,0.4066891708147661,1.4500019601858456,0.050544280041702694,0.08425747275826975,0.10944011231659559,-2.084256792609924,0.5062666023093293,1.3762398432884035,0.012468688039619908,0.07813923310034625,-0.005500943048306469,0.09000117304571391,0.09000117304571391,0.0,0.16166860422778015,0.4604587170469414,-0.3506487995959911,-0.0016892369771899052,-0.012056786566308153,-5.067681131413435,0,0.4550715174333299
38.151359999994746,-2.1486790119723294,0.5990401969387738,1.355838011428678,-0.006469990902141679,-0.029798130759469722,-0.02921390933007929,-2.0119060239301225,0.3079408708855077,1.7712232436371909,-0.02773224608914435,0.11905263158797322,0.001782767306459241,-2.0481379611614874,0.40735022381806285,1.5737367295488056,-0.007928816200220824,0.09847358857728009,-0.0012412406916917453,0.09000117304571391,0.09000117304571391,0.0,0.16163973092702205,0.46065157140950286,-0.3504711283161126,-0.001704557897751831,-0.012065949028144677,-5.067677771578816,0,0.45514799579698273
38.155519999994745,-2.148705854758752,0.5989158973335644,1.355716480772872,-0.006442268741426191,-0.029831905250228413,-0.029167357393466348,-1.7471427757627402,0.4478640244256593,1.689988684357372,-0.08641825142166405,-0.025701324383403383,-0.1237930873867995,-1.8978173709443584,0.42755418403281503,1.631606068547414,-0.04747564878782553,0.03628135886758499,-0.062525738187259,0.09000117304571391,0.09000117304571391,0.0,0.16161104053880454,0.46084352824784014,-0.35029304250515353,-0.0017197420811474625,-0.0120749380699012,-5.067673765598418,0,0.4552246819270228
38.159679999994744,-2.1487325826523374,0.598791459148345,1.3555951430538984,-0.0064146944605251895,-0.029865164452674127,-0.029121052553694935,-1.8316804523130983,0.2857717859570373,1.412905314548385,0.0733343273171026,0.06874463580213871,-0.04783091430072911,-1.8645946636056836,0.3568053904451507,1.5221553172333078,0.012319616972371106,0.052313425961909334,-0.055488421204483156,0.09000117304571391,0.09000117304571391,0.0,0.16158253149151405,0.4610345914379317,-0.35011454553312504,-0.001734790406834929,-0.012083754689369156,-5.0676691185745115,0,0.4553015736154572
38.16383999999474,-2.148759196264741,0.5986668845176674,1.355473997248899,-0.0063872669768724145,-0.02989791136261508,-0.029074993199844506,-2.587423730240969,1.321213733610782,1.5011748573772559,-0.04053218324747306,0.013132643589490577,-0.20212952671382256,-2.2260980484685517,0.8390442317734729,1.5112441067440021,-0.014349187309242265,0.03243425304855634,-0.12860234157911604,0.09000117304571391,0.09000117304571391,0.0,0.16155420222802774,0.46122476484656805,-0.349935640785692,-0.0017497037495438714,-0.01209239988085099,-5.067663835581044,0,0.4553786686666798
38.16799999999474,-2.1487856962031477,0.598542175563647,1.355353042341722,-0.00635998521759213,-0.029930148964893828,-0.02902917772247248,-1.774268746543063,0.3055506881096767,0.963762644147488,0.09080595120479976,-0.10012757926219806,0.00770216483270738,-1.9999913553422222,0.5720843190337953,1.2375159462039476,0.03821840301043164,-0.03328745615806099,-0.06064223737478382,0.09000117304571391,0.09000117304571391,0.0,0.16152605120639502,0.4614140523307721,-0.34975633166265957,-0.0017644829792920996,-0.01210087463515677,-5.067657921663704,0,0.4554559648974354
38.17215999999474,-2.148812083070312,0.5984173343960079,1.3552322773229144,-0.006332848119409044,-0.029961880233379205,-0.02898360451378839,-2.1642965527217535,0.08240060706136199,1.8169821932720676,-0.11300112056207937,0.1370998411314163,0.049726315319039226,-2.0823793722461783,0.3275235090755805,1.527355961956181,-0.03775219174268122,0.052227593972819064,-0.005180426772871215,0.09000117304571391,0.09000117304571391,0.0,0.1614980768992365,0.4616024577381803,-0.34957662157688396,-0.0017791289614027162,-0.012109179939601575,-5.067651381839994,0,0.4555334601367845
38.17631999999474,-2.1488383574645975,0.598292363112129,1.3551117011897151,-0.0063058546285576274,-0.029993108130947486,-0.02893827196782989,-2.142839198844056,0.3224806552710624,1.0215329298578468,-0.09607430493516515,-0.24909458988989996,-0.09781888472368216,-2.1128103531840607,0.3244829068086605,1.2742383985116832,-0.06651868456863175,-0.09791867400964528,-0.051951738536636344,0.09000117304571391,0.09000117304571391,0.0,0.16147027779421144,0.46178998490657014,-0.34939651395446447,-0.0017936425565209593,-0.012117316778001097,-5.067644221099302,0,0.4556111522260671
38.18047999999474,-2.148864519980017,0.5981672637970894,1.3549913129460458,-0.006279003700695885,-0.030023835609484763,-0.028893178480624337,-2.571587528802784,0.8157396175997179,1.7136640610197797,-0.0895647009019082,-0.18936095865256547,-0.03642766931256038,-2.342387710574095,0.5697204909154978,1.4938774499614602,-0.0783925165857181,-0.1434687640312815,-0.043668417624902145,0.09000117304571391,0.09000117304571391,0.0,0.16144265239320232,0.4619766376642411,-0.3492160122330089,-0.001808024620631628,-0.012125286130670576,-5.067636444402973,0,0.45568903901886637
38.18463999999474,-2.1488905712062705,0.598042038523715,1.3548711116025025,-0.006252294300813321,-0.03005406560986025,-0.028848322450363496,-1.9963008270441,1.0650917528993191,1.5706062847280005,-0.1893176105534473,0.12822609369955296,-0.11358914703240991,-2.1697351471235398,0.8176752494014329,1.5320058828462755,-0.13407639511719147,-0.007136052645519437,-0.0784996326126854,0.09000117304571391,0.09000117304571391,0.0,0.16141519921278144,0.46216241982938155,-0.34903511986203517,-0.0018222760050759877,-0.012133088974419405,-5.067628056684384,0,0.455767118380972
38.188799999994735,-2.1489165117287836,0.5979166893526235,1.354751096176346,-0.0062257254031495655,-0.030083801061939967,-0.02880370227755054,-2.0204277341084484,0.7718535221484166,1.3475270593677533,-0.14638668930690604,0.04753070543636972,0.1072781389324849,-2.095385756475338,0.7948641941437489,1.4399879619837572,-0.1398073369526575,0.019584836971037536,0.014547409174555983,0.09000117304571391,0.09000117304571391,0.0,0.1613879167831807,0.46234733521055704,-0.348853840301661,-0.0018363975565693401,-0.012140726282551837,-5.067619062849019,0,0.45584538819034276
38.192959999994734,-2.1489423421287466,0.5977912183322712,1.3546312656914912,-0.006199295991105372,-0.030113044884562574,-0.028759316365168385,-1.935127849231399,0.7960656982541591,1.351761347463138,-0.005272944671286684,-0.07434564680350329,-0.06589610937601259,-2.015265317056363,0.7953110024594361,1.3957364154026255,-0.07318920888746774,-0.027703592023919567,-0.025399949351141714,0.09000117304571391,0.09000117304571391,0.0,0.16136080364939856,0.4625313876063437,-0.34867217702171793,-0.0018503901172178096,-0.012148199024862992,-5.067609467774544,0,0.45592384633706956
38.19711999999473,-2.1489680629831516,0.5976656274989981,1.354511619178496,-0.006173005057157523,-0.03014179998554278,-0.02871516311882389,-1.7243903930564457,1.002781131021738,1.0761299202633983,-0.012057529961482207,0.047391536110098026,-0.05346470929700195,-1.8698506776078616,0.8991461570342894,1.2358192822661913,-0.042733722622509435,0.009807667599587542,-0.039217000370410746,0.09000117304571391,0.09000117304571391,0.0,0.16133385837016986,0.46271458080538935,-0.3484901335017194,-0.0018642545245360362,-0.012155508167637871,-5.067599276310884,0,0.45600249072333776
38.20127999999473,-2.1489936748648297,0.5975399188770746,1.3543921556745506,-0.006146851602770478,-0.030170069261651347,-0.028671240946908927,-1.606747565678148,0.6633053112356341,1.7359752690576098,0.14402552796473211,0.05497221954632506,0.07493093937700701,-1.7379973443147543,0.7813384998539554,1.486054943685037,0.05045731033897469,0.03235080041851941,0.018660349539093197,0.09000117304571391,0.09000117304571391,0.0,0.16130707951778928,0.4628969185861537,-0.34830771322997195,-0.0018779916114644085,-0.012162654673647183,-5.0675884932803035,0,0.4560813192633886
38.20543999999473,-2.1490191783424892,0.5974140944787469,1.3542728742234642,-0.006120834638322128,-0.030197855598636397,-0.028627548260726682,-1.9881215296209773,0.43853854850842977,1.4773000647153431,-0.11901497434237981,-0.1736553839685089,0.025783394166114856,-1.8633089027418233,0.609575699608284,1.4817297950615629,-0.0341872782126716,-0.07101046429658865,0.022835246358456917,0.09000117304571391,0.09000117304571391,0.0,0.16128046567878987,0.4630784047172364,-0.348124919702684,-0.0018916022063864058,-0.012169639502150189,-5.067577123477484,0,0.4561603298834816
38.20959999999473,-2.1490445739807518,0.5972881563042837,1.354153773875653,-0.00609495318300656,-0.030225161871183324,-0.02858408347465928,-1.3736412381279866,0.48415554939384126,1.1419245432703997,-0.0439674425604792,-0.07336935134473482,0.010465899099306009,-1.6185625850510708,0.5467128795021788,1.311846854229486,-0.03932193364167822,-0.07254497169776151,0.016509959258204098,0.09000117304571391,0.09000117304571391,0.0,0.1612540154531256,0.46325904295690346,-0.34794175642392866,-0.0019050871331461165,-0.012176463608887878,-5.067565171669605,0,0.4562395205218558
38.21375999999473,-2.1490698623401885,0.5971621063420215,1.3540348536881268,-0.006069206264759037,-0.030251990942932353,-0.02854084500629236,-2.1157565447869864,1.094910730520575,1.4468071576950856,0.05907239726770234,-0.16794840345617174,0.034785993843374455,-1.8670417121895946,0.8204650801123271,1.3794024847683686,0.010607996861018291,-0.11964765439650389,0.02459830791763611,0.09000117304571391,0.09000117304571391,0.0,0.1612277274539937,0.46343883705325534,-0.3477582269045353,-0.001918447211065807,-0.012183127946083573,-5.067552642596423,0,0.45631888912869056
38.21791999999473,-2.149095043977356,0.5970359465684112,1.3539161127244745,-0.00604359292017678,-0.030278345666481205,-0.02849783127654534,-1.796377893670415,0.7259338930899464,1.4678981946310885,0.05203740909917007,-0.07440698762544136,-0.12336736941356549,-1.8316002539747942,0.7730431239433402,1.423392595844042,0.030926635480234478,-0.0965797631924143,-0.04852755453948516,0.09000117304571391,0.09000117304571391,0.0,0.1612016003078707,0.46361779074423376,-0.3475743346616207,-0.001931683254963355,-0.012189633462444059,-5.067539540970357,0,0.45639843366606686
38.222079999994726,-2.1491201194448326,0.5969096789480638,1.3537975500548503,-0.006018112194433048,-0.030304228883367812,-0.02845504070981424,-1.9917494994920326,0.5793008249543445,1.6051567526097856,-0.11968158340711495,-0.120071114907992,0.1293512411726694,-1.9119241297075067,0.6759210430122038,1.5145458049656995,-0.044753409308582716,-0.10840505130147138,0.040010006144610116,0.09000117304571391,0.09000117304571391,0.0,0.16117563265476242,0.4637959077574159,-0.347390083218119,-0.0019447960751695983,-0.012195981103156714,-5.067525871476571,0,0.4564781521079277
38.226239999994725,-2.1491450892912543,0.5967833054337969,1.353679164755958,-0.005992763141195054,-0.030329643424068513,-0.02841247173410096,-2.597256871697768,0.42132980885722987,0.9512472872235749,-0.06571016157388768,-0.042828094776144535,-0.011892960126233521,-2.254733205393559,0.5485343130982374,1.232866132307762,-0.0546371577011801,-0.07550048910575562,0.014896146565725774,0.09000117304571391,0.09000117304571391,0.0,0.16114982314781232,0.4639731918099146,-0.3472054761023095,-0.0019577864775460804,-0.0122021718098877,-5.0675116387730545,0,0.45655804244003834
38.230399999994724,-2.1491699540613483,0.5966568279666802,1.3535609559110366,-0.005967544822547242,-0.030354592108007755,-0.02837012278113161,-2.451143118735698,0.7442522275695294,1.4623378651914734,0.11280641911400911,0.16311066269684357,-0.14812421951532478,-2.3527049463920497,0.6467340746051767,1.3472960419312456,0.02909508225286329,0.04370840853071949,-0.06685917997894734,0.09000117304571391,0.09000117304571391,0.0,0.1611241704526953,0.4641496466086527,-0.3470205168471301,-0.0019706552635028875,-0.012208206520783138,-5.0674968474907125,0,0.45663810265994703
38.23455999999472,-2.1491947142959686,0.596530248476082,1.353442922609843,-0.005942456308909674,-0.03037907774354455,-0.028327992286488184,-1.9079180499677069,0.28104088155107126,1.2516512394280954,0.10600581118605305,-0.1269383276847047,0.0063268743533099955,-2.1300900122178392,0.46362134031327806,1.2994860349179467,0.06856270304852653,-0.0418200294678181,-0.030224578013070085,0.09000117304571391,0.09000117304571391,0.0,0.1610986732480798,0.46432527584994354,-0.34683520898948783,-0.0019834032300159376,-0.01221408617046701,-5.067481502233447,0,0.45671833077694407
38.23871999999472,-2.149219370532131,0.5964035688797155,1.3533250639486358,-0.005917496678961927,-0.03040310312798284,-0.028286078689720134,-2.650018076381575,0.7386220116133523,1.1138742137708642,0.045233500009646835,-0.12898904264212224,0.05633174972005492,-2.389963096455728,0.6008559357201666,1.2067963755096158,0.05665837254208212,-0.08570135546481407,0.012864568252682798,0.09000117304571391,0.09000117304571391,0.0,0.1610733302256628,0.46450008321960456,-0.3466495560697818,-0.0019960311696447207,-0.012219811690042177,-5.067465607578246,0,0.4567987248120219
38.24287999999472,-2.149243923303046,0.5962767910836839,1.3532073790301589,-0.005892665019561635,-0.03042667104756564,-0.028244380434465224,-2.09249082521005,0.3780852650660512,1.3329629319722147,0.03095968429944882,-0.12720509372048522,0.13956092623722513,-2.241160883306084,0.48920370118803697,1.2701708644659673,0.04400265854107757,-0.10608634478255588,0.07618290011698718,0.09000117304571391,0.09000117304571391,0.0,0.16104814008892127,0.4646740723930184,-0.3464635616318537,-0.0020085398705502093,-0.012225384007089498,-5.067449168075269,0,0.45687928279783446
38.24703999999472,-2.149268373138153,0.5961499169825277,1.353089866963623,-0.0058679604256724124,-0.030449784277481486,-0.02820289596856026,-2.1926867107138803,0.4522601973479329,1.77145709950821,0.11397563251263956,-0.15400760557857654,0.03859538734072792,-2.216686935096581,0.47041077620839605,1.5208990742744302,0.079245898178518,-0.12976347876131805,0.05676296858558751,0.09000117304571391,0.09000117304571391,0.0,0.1610231015550701,0.464847247034873,-0.3462772292218664,-0.002020930116512089,-0.012230804045668842,-5.067432188247938,0,0.4569600027786567
38.25119999999472,-2.149292720563154,0.59602294845927,1.352972526864689,-0.0058433820002777356,-0.03047244558185442,-0.028161623744159824,-2.1221428261745054,1.0443952544638364,1.318581313311645,0.21614220318923535,-0.12354009808479874,0.09088255456049459,-2.1689655946036956,0.7571504668753505,1.4199285815705427,0.14813969651340345,-0.126842068679285,0.07345012886145243,0.09000117304571391,0.09000117304571391,0.0,0.1609982133521033,0.465019610799276,-0.346090562388251,-0.002033202686947178,-0.012236072726316941,-5.067414672593023,0,0.457040882810343
38.25535999999472,-2.149316966100047,0.5958958873854626,1.352855357855448,-0.00581892885431654,-0.03049465771376121,-0.0281205622178334,-1.9933892960058426,0.37832437291037607,0.99058659891528,-0.04010298532233241,-0.01343743141208479,-0.048067021475974726,-2.0812598934327324,0.5677064831108456,1.2051549772954229,0.05415718790875479,-0.06998521205664493,0.01252172143933223,0.09000117304571391,0.09000117304571391,0.0,0.1609734742216054,0.4651911673296013,-0.34590356468079686,-0.0020453583569263996,-0.01224119096605017,-5.067396625580734,0,0.4571219209602865
38.259519999994716,-2.149341110267158,0.5957687356212326,1.3527383590644035,-0.005794600106598725,-0.030516423415224387,-0.028079709850676884,-1.934315760185707,0.7107856440425115,1.3710069249904384,-0.07026704194233847,-0.14169744028653597,-0.22602141221200456,-2.007933433315385,0.6389537420994998,1.2876112156021786,-0.007815516839552986,-0.10651177511473817,-0.10636042706720784,0.09000117304571391,0.09000117304571391,0.0,0.16094888291664813,0.46536192025860407,-0.34571623965038145,-0.0020573978971931673,-0.012246159678363813,-5.067378051654809,0,0.4572031153073774
38.263679999994714,-2.1493651535791733,0.5956414950153275,1.3526215296264519,-0.0057703948837330285,-0.030537745417215465,-0.028039065108414467,-2.5475637324730274,1.0027445493996385,1.0024196054386647,0.07542288064685108,-0.08248037369507127,-0.2247719706603145,-2.2775966571731665,0.8206802700675347,1.1445458254382266,0.03436363738995387,-0.09456275273014271,-0.1655248178830725,0.09000117304571391,0.09000117304571391,0.0,0.16092443820203567,0.46553187320826717,-0.3455285908489135,-0.0020693220741809927,-0.012250979773232234,-5.067358955232607,0,0.45728446394196187
38.26783999999471,-2.1493890965471736,0.5955141674051623,1.3525048686828622,-0.005746312320054421,-0.030558626439660043,-0.027998626461498758,-2.616038314535919,0.4420931052825787,1.2468166174351372,0.01449679343524974,0.024410821548256557,0.03664623305576305,-2.4467888303048237,0.6314361336054173,1.195758392505463,0.02401273387783655,-0.03571890484099321,-0.06456394353338564,0.09000117304571391,0.09000117304571391,0.0,0.16090013885497864,0.46570102978964856,-0.3453406218277777,-0.002081131650030975,-0.012255652157109774,-5.067339340705199,0,0.45736596496579945
38.27199999999471,-2.149412939678663,0.5953867546168645,1.3523883753812573,-0.005722351557551038,-0.030579069191450915,-0.02795839238519849,-2.155678301617492,0.8636221294852864,0.7883976374307877,-0.2344368317798272,-0.16773881474515026,-0.003065555243543898,-2.3017186771780174,0.7471823164813761,0.9920687097563524,-0.10542320013932704,-0.1019377837653956,-0.03378096550204939,0.09000117304571391,0.09000117304571391,0.0,0.16087598366405761,0.46586939360320945,-0.3451523361390577,-0.0020928273826100034,-0.012260177732933388,-5.067319212437459,0,0.45744761649202226
38.27615999999471,-2.149436683477604,0.595259258465321,1.352272048875592,-0.00569851174578938,-0.03059907637044146,-0.02791836135970456,-2.1989427043713246,0.4971224504489818,1.1440893996924195,-0.13093421190993554,0.05120907881687109,0.025079481239625723,-2.250602979251574,0.6222583414941397,1.0681323581420001,-0.1178557293734622,-0.025948477309659893,-0.00439060222444317,0.09000117304571391,0.09000117304571391,0.0,0.160851971429896,0.466036968238287,-0.34496373733312363,-0.0021044100255283252,-0.012264557400122267,-5.067298574768161,0,0.4575294166450919
38.28031999999471,-2.149460328444445,0.5951316807542233,1.3521558883261326,-0.005674792041840239,-0.030618650663451482,-0.027878531870217823,-1.970769203390326,0.4679577195456044,1.32484777886233,0.11357589913509364,-0.19906510350981071,0.03469650002995599,-2.110447482208096,0.5446941208821416,1.1965630904451428,-0.002354952871440055,-0.11308218976489022,0.01560345898983304,0.09000117304571391,0.09000117304571391,0.0,0.16082810096412278,0.46620375727352964,-0.34477482895985223,-0.00211588032815761,-0.012268792054578266,-5.067277432010067,0,0.4576113635607578
38.28447999999471,-2.1494838750761542,0.5950040232761138,1.3520398928994366,-0.005651191610212561,-0.030637794746282296,-0.027838902407033194,-2.3064149882714373,1.0419016054485497,1.3532578398285282,0.10216802389010757,0.19051368184809964,-0.06106903749203718,-2.208221151948495,0.7936961270920286,1.274784417620923,0.05040566134070227,0.039407087158590814,-0.022669141433754897,0.09000117304571391,0.09000117304571391,0.0,0.16080437109025852,0.4663697642765303,-0.34458561456749526,-0.0021272390356485297,-0.012272882588688947,-5.067255788450023,0,0.4576934553860149
38.28863999999471,-2.149507323866249,0.5948762878124316,1.3519240617683297,-0.00562770962277677,-0.03065651128371256,-0.027799471465634117,-2.1156440843079367,0.6902964516319535,1.2266191559187622,0.020083817083732608,0.044066681092589086,-0.15554395980603117,-2.161890767084377,0.742086438636865,1.2503788537369978,0.03552100588263923,0.04211385163908131,-0.08954566503680317,0.09000117304571391,0.09000117304571391,0.0,0.16078078064267753,0.4665349928039943,-0.3443960977021875,-0.002138486888948794,-0.012276829891327522,-5.067233648349057,0,0.45777569027906073
38.292799999994706,-2.149530675304827,0.5947484761335586,1.3518083941118848,-0.005604345258699147,-0.030674802929513544,-0.027760237546769453,-2.4796566767113815,1.0881047080010375,1.2918145050919332,-0.02151294673220317,-0.04028300850589538,0.0662428176563923,-2.320820857350108,0.9150117373645485,1.2712342275586004,0.007087299481641451,0.0021082317223074915,-0.01140898487809026,0.09000117304571391,0.09000117304571391,0.0,0.16075732846727953,0.4666994464015332,-0.34420628190788105,-0.002149624624820776,-0.012280634847855576,-5.067211015942469,0,0.457858066409253
38.296959999994705,-2.1495539298785955,0.594620589998865,1.3516928891153992,-0.005581097704371854,-0.030692672326460408,-0.027721199156533205,-2.0585343013068327,0.6375546335055917,0.8146768020323175,0.10407984246878732,0.1533144080689732,0.18694721248317542,-2.189459100526056,0.7766010590460631,1.0433404873786887,0.055500231684340845,0.07725657739125863,0.08808215099773595,0.09000117304571391,0.09000117304571391,0.0,0.16073401342109273,0.4668631286038326,-0.3440161707254239,-0.002160652975859572,-0.012284298340126077,-5.067187895439931,0,0.4579405819570667
38.301119999994704,-2.149577088070901,0.5944926311567553,1.3515775459703723,-0.005557966153336693,-0.030710122106319043,-0.027682354806457705,-2.525613578096828,1.111099985603468,1.3123739634431024,-0.04357251161905191,-0.18665259601589917,0.0031573303602395256,-2.3576296912703523,0.9434637683508137,1.1778658358588774,0.006148189809159327,-0.05426632270827642,0.045547887804298685,0.09000117304571391,0.09000117304571391,0.0,0.16071083437166236,0.46702604293444605,-0.34382576769291995,-0.002171572670510804,-0.012287821246481437,-5.067164291025579,0,0.4580232351140515
38.3052799999947,-2.1496001503617603,0.5943646013447141,1.3514623638744825,-0.005534949806226562,-0.030727154889878937,-0.027643703013574075,-2.366898513655398,0.6179355937079662,1.1272163683130973,0.08431157220058766,-0.026983814137482447,0.02240435698884279,-2.3620884025033275,0.7806416051013041,1.1525868053117831,0.04503292795337809,-0.04078428793425338,0.034238585414387346,0.09000117304571391,0.09000117304571391,0.0,0.1606877901979352,0.46718819290585606,-0.3436350763448057,-0.002182384433088295,-0.012291204441758883,-5.067140206858114,0,0.4581060240827882
38.3094399999947,-2.1496231172278883,0.5942365022893519,1.3513473420315638,-0.0055120478706908935,-0.03074377328694885,-0.027605242300495908,-2.284765113560063,0.7709116073385084,1.7566347202253234,-0.0649486788709831,-0.07201661310176855,0.13233269641694279,-2.323562014006523,0.7756275846618693,1.4548905933888399,-0.00961151928843508,-0.056801868044845015,0.08310835547088426,0.09000117304571391,0.09000117304571391,0.0,0.1606648797894344,0.4673495820194284,-0.34344410021135285,-0.0021930889837921356,-0.012294448797291342,-5.067115647070896,0,0.45818894707684593
38.3135999999947,-2.1496459891427273,0.5941083357064504,1.3512324796515827,-0.005489259561329798,-0.03075997989636823,-0.02756697119548889,-1.9009808150902137,1.327988777221945,1.3512054024467985,-0.2915287057242192,-0.1909721539518831,0.08008645142837087,-2.112875062197934,1.0514133931221703,1.403213641132691,-0.1504398286202815,-0.12318773188529103,0.08169796545384155,0.09000117304571391,0.09000117304571391,0.0,0.16064210204607454,0.4675102137654198,-0.343252842819026,-0.0022036870387265213,-0.012297555180909574,-5.067090615772043,0,0.4582720023207388
38.3177599999947,-2.1496687665764758,0.5939801033010086,1.3511177759506137,-0.005466584099629144,-0.030775777306019082,-0.02752888823254104,-2.408801040681034,0.7152555151255482,1.0926968703222792,-0.14680932143192457,0.0813190553387664,-0.0994831852482323,-2.2611455973645684,0.8835028447278805,1.2477469904633618,-0.14856899553758598,-0.02171753227825545,-0.00927996790948209,0.09000117304571391,0.09000117304571391,0.0,0.16061945587861778,0.4676700916229324,-0.34306130768934223,-0.002214179309917394,-0.012300524456945005,-5.067065117044528,0,0.45835518804988246
38.3219199999947,-2.149691449996117,0.5938518067672884,1.3510032301508161,-0.00544402071389251,-0.030791168092834217,-0.027490991951430555,-1.7712684971944002,0.6588309811027194,0.9379519397844029,0.05049043575866079,-0.04384162863644723,0.03968427417149717,-2.016097937555916,0.7710741541230189,1.0929305259789837,-0.0493708989638822,-0.03277944248325375,0.014868921754546084,0.09000117304571391,0.09000117304571391,0.0,0.16059694020827547,0.4678292190597074,-0.34286949833944136,-0.0022245665053303876,-0.012303357486231955,-5.06703915494628,0,0.4584385025105509
38.3260799999947,-2.149714039865447,0.59372344778886,1.3508888414804088,-0.005421568639178394,-0.030806154822816744,-0.027453280897787893,-2.464111745022814,0.7556953738544026,0.7931872887979367,-0.022504511540891142,-0.09105309458274922,0.019953968571150903,-2.240154732747169,0.7631940895055221,0.9430986383341928,-0.03596454415912473,-0.06134559170073202,0.017254981664875806,0.09000117304571391,0.09000117304571391,0.0,0.16057455396630843,0.46798759953250757,-0.34267741828030185,-0.0022348493288888126,-0.012306055126111985,-5.067012733510278,0,0.4585219439598325
38.330239999994696,-2.149736536645102,0.5935950280386474,1.3507746091736457,-0.005399227117231691,-0.030820740051036185,-0.02741575362316618,-2.1522282752452147,1.169290514784977,1.2363146621039978,0.014216092399234563,-0.09897578644809558,-0.013936744677899699,-2.1961613331481815,0.966037972457367,1.0896791323450568,-0.010870957902641355,-0.079530986576482,0.001940782010968146,0.09000117304571391,0.09000117304571391,0.0,0.1605522960946966,0.46814523648664347,-0.3424850710179498,-0.0022450284804911872,-0.012308618230434436,-5.066985856744656,0,0.45860551066558647
38.334399999994694,-2.1497589407925872,0.5934665491789738,1.3506605324707912,-0.005376995396421676,-0.030834926321653876,-0.027378408685095865,-2.2657415051423193,0.5484660534049188,1.1402497767937754,0.019013501285878115,0.17607015692124758,-0.06786322822799884,-2.2309120645898024,0.7576157898255468,1.11482389332516,0.003928035197617455,0.04802336614614089,-0.03307140124083342,0.09000117304571391,0.09000117304571391,0.0,0.16053016554509786,0.46830213335640963,-0.3422924600523162,-0.002255104656029413,-0.012311047649560963,-5.0669585286327985,0,0.4586892009064
38.33855999999469,-2.1497812527623026,0.5933380128616075,1.3505466106180948,-0.00535487273167525,-0.030848716167919215,-0.02734124464715445,-1.7282565407269446,1.054347114440375,0.8561384062716484,-0.22658348644515983,-0.06956453056572935,0.14707156174557584,-1.9800516296172466,0.9058384587391578,0.9857842788183357,-0.11152587646965957,-0.010581508561690479,0.05745275291765149,0.09000117304571391,0.09000117304571391,0.0,0.1605081612793029,0.4684582935645042,-0.34209958887694764,-0.0022650785474062204,-0.012313344230366214,-5.06693075313344,0,0.45877301297154255
38.34271999999469,-2.149803473005571,0.5932094207278066,1.3504328428677657,-0.005332858384419657,-0.030862112112202536,-0.027304260079009268,-2.3291641275396913,0.5212058535898894,0.6719802834063684,-0.06356767209448028,0.046818732496794205,-0.06257307606338673,-2.154740553395067,0.7136161749095434,0.8287496990586009,-0.08850526765496958,0.018437770453208772,-0.0024389852070328052,0.09000117304571391,0.09000117304571391,0.0,0.16048628226926248,0.468613720522625,-0.34190646097914423,-0.0022749508425530963,-0.012315508816244035,-5.06690253418077,0,0.45885694516092423
38.34687999999469,-2.1498256019706647,0.5930807744083649,1.350319228477947,-0.005310951622514661,-0.030875116665994077,-0.02726745355648364,-1.8823930476498312,0.7307747622594715,1.527957507271633,-0.10168024341935782,-0.27512308954883524,-0.1510120002941747,-2.0187782795524005,0.7216235204495112,1.178042578094122,-0.09418176814350573,-0.12841033650354244,-0.07584220599661634,0.09000117304571391,0.09000117304571391,0.0,0.1604645274964733,0.46876841763088983,-0.3417130798390279,-0.00228472222544813,-0.012317542247109296,-5.066873875684527,0,0.45894099578505
38.35103999999469,-2.1498476401028324,0.5929520755236569,1.3502057667126903,-0.005289151720194009,-0.030887732329924922,-0.027230823661604238,-1.7835110263849825,0.6216344239343042,1.4189322847751031,-0.0752125674549116,-0.18072717458404067,0.08038979683054501,-1.9012999729268703,0.6712518133752919,1.2986547904345707,-0.08444532329353162,-0.15430004219012047,0.003001912329778669,0.09000117304571391,0.09000117304571391,0.0,0.1604428959526459,0.4689223882782718,-0.34151944892967856,-0.0022943933761336776,-0.012319445359402227,-5.066844781530104,0,0.4590251631649771
38.35519999999469,-2.149869587844324,0.5928233256836829,1.3500924568419292,-0.005267457957996274,-0.030899961593763133,-0.027194368982665574,-1.7595867667099578,0.5668190352113671,1.5899855627707842,-0.14414537679422454,-0.0808830550659377,0.007634987985112401,-1.8307430819233674,0.618864646200194,1.4443378417846582,-0.1138657225098154,-0.11672452376991403,0.005440264223388593,0.09000117304571391,0.09000117304571391,0.0,0.16042138663844868,0.46907563584228745,-0.34132557171705685,-0.0023039649707343015,-0.012321218986088577,-5.066815255578651,0,0.4591094456322699
38.35935999999469,-2.149891445634419,0.5926945264881143,1.3499792981414531,-0.005245869622717448,-0.03091180693646025,-0.027158088114257496,-1.982428174446676,0.45312554066376826,1.4311625677627515,0.05990704794863992,0.01230501241308777,0.04041689659246512,-1.906462543626533,0.5360205195263553,1.4378333469921218,-0.026769780082513944,-0.05269489921240048,0.023326185619808818,0.09000117304571391,0.09000117304571391,0.0,0.16039999856460227,0.4692281636891115,-0.341131451658856,-0.0023134376814742848,-0.012322863956668572,-5.06678530166717,0,0.45919384152895637
38.363519999994686,-2.1499132139094494,0.5925656795263388,1.3498662898928808,-0.005224386007337985,-0.030923270826134133,-0.027121979657334143,-2.260743482130638,0.12690472341113185,1.3044924099420239,0.0943278445892405,-0.06106740266745343,0.0011047186825590277,-2.0834110699197663,0.33133263225455073,1.3711634314922383,0.03462579679982132,-0.056828678906972255,0.012607172864838607,0.09000117304571391,0.09000117304571391,0.0,0.1603787307510511,0.4693799751734249,-0.3409370922052778,-0.0023228121766954075,-0.0123243810971765,-5.066754923608621,0,0.45927834920748384
38.367679999994685,-2.1499348931028286,0.592436786377505,1.349753431383634,-0.0052030064109728665,-0.03093435572011108,-0.02708604221924241,-2.6596144411157487,1.117553491346709,1.370434889957296,-0.07357094239659381,-0.21293135146015793,0.0030161934399785782,-2.3716686596276575,0.7240055192670978,1.370803830768771,-0.020020191349408814,-0.1347964144297109,0.008580892815433913,0.09000117304571391,0.09000117304571391,0.0,0.16035758222741642,0.4695310736387438,-0.3407424967980981,-0.002332089120874725,-0.012325771230188281,-5.066724125192026,0,0.4593629670306749
38.371839999994684,-2.1499564836450737,0.5923078486105678,1.3496407219069098,-0.005181730138799993,-0.030945064064907275,-0.02705027441378981,-2.2251781724740987,0.7249288356681347,1.2985386538715,0.047482266006032635,0.10134768635287314,-0.09915287788480018,-2.298323545768149,0.7246768667727872,1.3344637206982075,0.013686574396545933,-0.016202190506970342,-0.04490363777585995,0.09000117304571391,0.09000117304571391,0.0,0.16033655203216673,0.46968146241689396,-0.34054766887058635,-0.0023412691746422343,-0.012327035174820086,-5.066692910182566,0,0.459447693371683
38.37599999999468,-2.149977985963832,0.5921788677843334,1.3495281607616545,-0.00516055650201317,-0.030955398296275236,-0.027014674861265336,-2.357107891815722,0.7374478252122234,1.193593825793382,-0.11681523728889406,0.033930908993894004,0.08383920118168882,-2.3279600073005793,0.7311332379062552,1.264201531428091,-0.05112088376921536,0.008751882731982942,0.019766885318051517,0.09000117304571391,0.09000117304571391,0.0,0.1603156392130702,0.46983114482839283,-0.34035261184721044,-0.002350352994798474,-0.012328173746736327,-5.066661282321686,0,0.45953252661394806
38.38015999999468,-2.1499994004839063,0.5920498454475033,1.3494157472525359,-0.005139484817762304,-0.030965360839216284,-0.026979242188482525,-2.363676296369575,0.49799622181156494,1.26759030525732,0.019605213402127813,0.2477029571095782,0.01951174779600735,-2.3457778282648665,0.6150769742555905,1.26593641860432,-0.015663895696837567,0.12885605270128245,0.019690935748089066,0.09000117304571391,0.09000117304571391,0.0,0.16029484282721984,0.4699801241823515,-0.3401573291435558,-0.0023593412343322056,-0.012329187758155015,-5.0666292453271975,0,0.4596174651511526
38.38431999999468,-2.1500207276272776,0.59192078313872,1.3493034806899158,-0.0051185144090879695,-0.030974954107976318,-0.026943975028834333,-1.796167891655365,0.6471357488069029,1.481139954442412,-0.052776792851981086,-0.13602614480694245,0.1535431047864856,-2.0710798341415226,0.6308237479025989,1.3738567702198028,-0.03371507272923366,-0.003612555323205913,0.0877083110054588,0.09000117304571391,0.09000117304571391,0.0,0.16027416194041713,0.4701284037763232,-0.3399618241658156,-0.0023682345424380627,-0.012330078017848228,-5.066596802893382,0,0.459702507387177
38.38847999999468,-2.1500419678131313,0.5917916823866113,1.349191360389823,-0.0050976446048721195,-0.030984180506083026,-0.02690887202231547,-2.480523323875305,0.4577319381180027,1.3162992398699247,-0.06275770927776132,-0.02273962681937603,-0.11692006153320487,-2.275935633108422,0.544229954182357,1.344833848349217,-0.04791967230031528,-0.013473054386357418,-0.014321774669429091,0.09000117304571391,0.09000117304571391,0.0,0.16025359562740976,0.4702759868964184,-0.33976610031092236,-0.0023770335645341197,-0.012330845331148976,-5.06656395869109,0,0.4597876517360552
38.39263999999468,-2.1500631214578805,0.5916625447098348,1.3490793856739247,-0.00507687473977992,-0.030993042426358766,-0.02687393181556246,-2.419170082553952,0.9391620195857713,1.2029289180939313,-0.11570817202163622,0.07705885377979703,-0.14435663525005119,-2.3477949886164677,0.7418585329249764,1.2735808574549237,-0.08158894023309068,0.032026401788730834,-0.07967939993416807,0.09000117304571391,0.09000117304571391,0.0,0.16023314297191626,0.47042287681731404,-0.33957016096582354,-0.002385738942279463,-0.012331490499956042,-5.0665307163678515,0,0.45987289662193076
38.39679999999468,-2.15008418897519,0.5915333716171226,1.3489675558695002,-0.00505620415419989,-0.031001542250928212,-0.026839153061894,-2.1699295359076,0.5910658824200221,1.6688463002547451,0.05551499405666813,0.007000682670013306,-0.2565561923833007,-2.2587467755836577,0.6664759963290987,1.470682119508592,-0.012455516348849173,0.019379254185013715,-0.1678199953007142,0.09000117304571391,0.09000117304571391,0.0,0.1602128030662224,0.4705690768022088,-0.33937400950804003,-0.002394351313591764,-0.012332014322736645,-5.066497079547971,0,0.45995824047901224
38.400959999994676,-2.150105170775999,0.5914041646073257,1.3488558703094113,-0.005035632194191627,-0.031009682351244343,-0.026804534421340016,-2.324391743823244,0.23386078668538035,1.6162914903616652,-0.2324289873133649,0.08502285262571171,0.06847658505066112,-2.2920529458378796,0.4503420526628292,1.543629935176269,-0.12253335546955214,0.05227219232633294,-0.04953393780907295,0.09000117304571391,0.09000117304571391,0.0,0.1601925750112047,0.4707145901027251,-0.33917764930429933,-0.0024028713126647717,-0.012332417594531936,-5.066463051832636,0,0.4600436817515284
38.405119999994675,-2.1501260672685465,0.5912749251694586,1.3487443283320752,-0.005015158211432458,-0.03101746508811099,-0.026770074560667403,-1.7792106253068622,0.6572639642706088,1.1122933315107477,0.07892359582712921,-0.08050479299924354,0.10568345571525956,-2.035465136581325,0.553636675080999,1.3281795169112585,-0.021289620242497146,-0.01394735177144758,0.027543921681177815,0.09000117304571391,0.09000117304571391,0.0,0.16017245791635407,0.47085941995897157,-0.33898108371152036,-0.00241129956998579,-0.012332701106963159,-5.066428636800018,0,0.4601292188936843
38.40927999999467,-2.150146878858393,0.5911456547827432,1.348632929281436,-0.004994781563161363,-0.031024892811697697,-0.026735772153414928,-1.983138575840864,0.647653559278062,1.3812008240417422,0.03535809176881529,-0.02784196432849117,-0.03216543837331845,-2.009227414510328,0.6005880591513711,1.3546226203084557,0.0067749280339161316,-0.020987323225385445,-0.001817440899837871,0.09000117304571391,0.09000117304571391,0.0,0.16015245090001323,0.47100356959965906,-0.33878431607587417,-0.0024196367123531758,-0.012332865648236433,-5.066393838005379,0,0.46021485036961723
38.41343999999467,-2.1501676059484436,0.5910163549166534,1.3485216725069364,-0.004974501612117882,-0.031031967861541384,-0.02670162587993309,-2.5803201467480683,0.5011652610119932,1.1957086349538377,-0.03994778634025589,-0.03336155320194491,0.023197186686697936,-2.294861670497132,0.5508065874264213,1.2752126891755786,-0.016197124098224585,-0.027180432885588607,0.010724782271966257,0.09000117304571391,0.09000117304571391,0.0,0.16013255308811702,0.47114704224189596,-0.3385873497326988,-0.002427883362893954,-0.012332912003144014,-5.06635865898117,0,0.46030057465335145
38.41759999999467,-2.1501882489389708,0.5908870270309592,1.348410557363489,-0.0049543177265015045,-0.031038692566594805,-0.026667634427389727,-1.882583472525385,0.7534975241171038,1.3789554486298936,0.08122756618526616,-0.002521041068759264,-0.013113800164537741,-2.0885511068423184,0.6521495008650183,1.3270581352709439,0.03268748100425575,-0.015463198895261746,-0.0014895411184074907,0.09000117304571391,0.09000117304571391,0.0,0.16011276361549742,0.47128984109125094,-0.33839018800641374,-0.0024360401410809234,-0.012332840953073895,-5.066323103237142,0,0.4603863902287543
38.42175999999467,-2.150208808227637,0.5907576725757707,1.3482995832114482,-0.004934229279910763,-0.03104506924522976,-0.02663379648980767,-1.9799481435332495,0.2115362119481795,1.0683981049921474,0.006858219877474847,0.028800393456823295,-0.11417515208741004,-2.0342352277375957,0.4318994469416773,1.1974901314401591,0.020076178433302765,0.00677648222645354,-0.05845131669510347,0.09000117304571391,0.09000117304571391,0.0,0.1600930816248377,0.4714319693417622,-0.33819283421043517,-0.002444107662750254,-0.01233265327601369,-5.0662871742604425,0,0.4604722955894919
38.42591999999467,-2.150229284209517,0.5906282929915821,1.3481887494165812,-0.004914235651292931,-0.031051100205258895,-0.026600110768088103,-2.2198389417274553,0.800930354865248,1.3699122431304205,0.03603454096480693,-0.07801367219692068,-0.08605236976907568,-2.126963109864716,0.6162561275433793,1.2835236241858092,0.027899109268717127,-0.036050980610111374,-0.07235432419469028,0.09000117304571391,0.09000117304571391,0.0,0.1600735062673362,0.4715734301760003,-0.3379952916468759,-0.0024520865401186764,-0.0123323497465558,-5.066250875515723,0,0.4605582892389845
38.43007999999467,-2.1502496772771207,0.5904988897093156,1.3480780553500393,-0.004894336224888963,-0.031056787743951136,-0.02656657597003673,-2.1543400404152275,0.43975170911271083,1.3920353470989384,-0.19648529917710958,-0.1438312667749361,-0.04121237932458438,-2.141059070574608,0.5277031491964829,1.3376931850275575,-0.08494221419661335,-0.08975670336092753,-0.05614132293821598,0.09000117304571391,0.09000117304571391,0.0,0.1600540367018735,0.4717142267649709,-0.3377975636060317,-0.0024599773818009952,-0.012331931135901657,-5.066214210445245,0,0.46064436969036265
38.43423999999467,-2.1502699878204132,0.5903694641503654,1.3479675003883294,-0.004874530390186734,-0.03106213414806183,-0.026533190810377017,-2.366566198932139,-0.0035877004690557657,1.5830089239716816,-0.05694329562018277,-0.013620296068093101,-0.09555903202440039,-2.253932167466315,0.2620267297957436,1.4601539354675483,-0.07117807366571319,-0.05219967042980456,-0.07581129387166952,0.09000117304571391,0.09000117304571391,0.0,0.16003467209567546,0.4718543622680172,-0.3375996533669359,-0.002467780792827251,-0.012331398211868808,-5.066177182468979,0,0.4607305354664223
38.438399999994665,-2.150290216226838,0.590240017726641,1.3478570839132844,-0.004854817541864955,-0.031067141693843267,-0.026499954010779925,-2.208357968698417,0.20395334765546985,1.2031702905042772,-0.042793409530483745,-0.0027865095552653714,-0.01605303011260267,-2.231233782551267,0.2329832464787919,1.3316258415434574,-0.056975860323075375,-0.02721254805929824,-0.045415062206784894,0.09000117304571391,0.09000117304571391,0.0,0.1600154116232665,0.4719938398331505,-0.33740156419663225,-0.002475497374660165,-0.01233075173889504,-5.066139794984713,0,0.46081678509958074
38.442559999994664,-2.1503103628813367,0.5901105518406116,1.347746805312035,-0.004835197079748228,-0.031071812647074416,-0.02646686429987527,-2.356773184197108,0.2780755156151064,1.5218220557258118,-0.07226671825213066,0.12807307717954702,-0.04224043722287135,-2.294152617863248,0.2557962047844244,1.426637158332328,-0.06560922115093498,0.050362659681786354,-0.04370182058720431,0.09000117304571391,0.09000117304571391,0.0,0.15999625446734544,0.47213266259663234,-0.33720329935008736,-0.0024831277252120266,-0.012329992478045351,-5.066102051368154,0,0.46090311713183224
38.44671999999466,-2.1503304281663733,0.5899810678853488,1.3476366639769797,-0.004815668408754036,-0.031076149263078542,-0.02643392041327245,-2.0204045252275957,0.7014028618222654,1.368398429180012,0.02816478602181077,0.12998481009416574,0.046325613157678046,-2.1572181543328,0.4788721088862359,1.397613233116936,-0.018689620922718815,0.09060483866153207,0.0015509015589071306,0.09000117304571391,0.09000117304571391,0.0,0.15997719981859398,0.47227083368330464,-0.3370048620701032,-0.0024906724388620302,-0.012329121187017487,-5.066063954973033,0,0.46098953011470417
38.45087999999466,-2.1503504124619517,0.5898515672445707,1.3475266593057564,-0.004796230938841033,-0.031080153786741,-0.026401121093579297,-1.4183725930376472,0.43238206989886263,1.4454081822061815,-0.10560803848272517,-0.017072783789641097,0.2021358864926544,-1.7880096149475975,0.4555915176513582,1.4219316738069976,-0.06226363184114904,0.03664575284689821,0.10173682348913364,0.09000117304571391,0.09000117304571391,0.0,0.15995824687462862,0.47240835620643984,-0.33680625558723043,-0.002498132106473627,-0.012328138620146825,-5.066025509131207,0,0.46107602260921215
38.45503999999466,-2.150370316145639,0.5897220512926851,1.3474167907012131,-0.004776884084965409,-0.031083828452538695,-0.026368465090412165,-2.443275596011927,0.7194977283250088,1.3343739507260757,-0.06686791797487657,0.09153016362786338,-0.04387197344259478,-2.1157860802567017,0.5877367467375537,1.3780623164288985,-0.0646586476754599,0.06413397562246707,0.028283344336471346,0.09000117304571391,0.09000117304571391,0.0,0.15993939484151787,0.47254523326769704,-0.3366074831196806,-0.0025055073154112827,-0.012327045528413658,-5.065986717152769,0,0.4611625931858165
38.45919999999466,-2.150390139592585,0.5895925213948328,1.3473070575713781,-0.004757627267024457,-0.031087175484549798,-0.026335951160419747,-2.9799931242523012,0.19081827953630376,1.6668362348653298,0.10938172304657866,-0.1288472466528795,-0.07758830361875374,-2.54766683346342,0.3890075346791298,1.5222910070381792,0.02172277889115861,-0.032727752562428686,-0.02517083348804432,0.09000117304571391,0.09000117304571391,0.0,0.15992064293187935,0.4726814679572392,-0.33640854787281066,-0.002512798649557966,-0.012325842659447016,-5.065947582326143,0,0.4612492404243776
38.46335999999466,-2.1504098831755423,0.5894629789069307,1.3471974593294311,-0.004738459909818415,-0.0310901970964942,-0.026303578067281824,-1.582944004853272,0.6570773315139822,1.2274742925815825,0.07498079212666024,-0.07465640484924059,-0.061602641656575696,-2.0651437674715223,0.5228897930329065,1.3747523162965078,0.04885653277127218,-0.0540583280863979,-0.043317648712704035,0.09000117304571391,0.09000117304571391,0.0,0.1599019903666101,0.47281706335368956,-0.3362094530392488,-0.0025200066893317956,-0.012324530757533779,-5.065908107918197,0,0.46133596291411216
38.46751999999466,-2.150429547264888,0.5893334251757151,1.3470879953936739,-0.004719381442992572,-0.031092895491736258,-0.02627134458173552,-2.470313691233443,0.5712075219046957,0.8379166340895472,0.07354225572379063,-0.10030691009668428,0.0682824831378199,-2.2675775697709324,0.546840262346184,1.1064725157415205,0.06070303213731905,-0.07713264710500996,0.012585160897671454,0.09000117304571391,0.09000117304571391,0.0,0.159883436373411,0.472952022524089,-0.3360102017990204,-0.0025271320117033827,-0.012323110563621939,-5.065868297174341,0,0.461422759253549
38.471679999994656,-2.1504491322286423,0.5892038615387846,1.3469786651875006,-0.0047003913009965185,-0.031095272863320474,-0.026239249481578086,-1.8279602630050296,0.7380083905091699,1.7921390775905752,0.022799213434864532,0.09214999545668248,0.058554768780939195,-2.0477184206130836,0.6426176580867743,1.4494319685585284,0.04175457796284964,0.007341735570444982,0.03576814044964262,0.09000117304571391,0.09000117304571391,0.0,0.15986498018744785,0.4730863485239595,-0.33581079731903263,-0.0025341751902126543,-0.01232158281532826,-5.065828153318634,0,0.461509628050485
38.475839999994655,-2.1504686384324883,0.5890742893246429,1.3468694681393687,-0.004681488923035013,-0.03109733139398983,-0.02620729155167952,-2.2068005771829884,1.1574938824354433,1.496740675531957,0.023718326095744487,0.09574535837006855,0.025622502778239815,-2.1272101565435615,0.9002579247429202,1.4731397864156108,0.03219805754889005,0.05182442864250324,0.03077325660806214,0.09000117304571391,0.09000117304571391,0.0,0.1598466210507299,0.47322004439731435,-0.33561124275277143,-0.0025411367949858057,-0.012319948246944282,-5.065787679553885,0,0.46159656792194115
38.479999999994654,-2.1504880662397925,0.588944709852742,1.3467604036827687,-0.004662673753024901,-0.031099073256214565,-0.02617546958398601,-1.400339729049937,0.8581293825842508,1.6337811780962819,-0.05193522986820093,-0.10078889931119552,-0.03007472967656727,-1.7638792815337951,0.8789832419695977,1.5533981616207093,-0.009189435342453603,-0.024242185180604066,0.000781178935657671,0.09000117304571391,0.09000117304571391,0.0,0.1598283582129847,0.4733531131765092,-0.3354115412406408,-0.0025480173927519933,-0.012318207589443811,-5.065746879061762,0,0.46168357749411865
38.48415999999465,-2.150507416011624,0.5888151244335246,1.3466514712561957,-0.004643945239542708,-0.031100500612203888,-0.026143782377537207,-2.2199119062444863,0.8707553716703644,1.6296326525716625,0.07766701041648823,-0.12236329209175259,-0.011192584426411079,-1.9917374260647718,0.8746152447846293,1.591493761801486,0.034322768412715206,-0.0735405447860245,-0.005734581576130301,0.09000117304571391,0.09000117304571391,0.0,0.1598101909306093,0.4734855578825724,-0.33521169590987493,-0.0025548175468604727,-0.012316361570487287,-5.065705755002888,0,0.46177065540235523
38.48831999999465,-2.150526688106773,0.5886855343684665,1.3465426703031187,-0.0046253028357839,-0.031101615613938705,-0.026112228738466622,-1.7563548463064795,0.9856531253554002,1.1646232931878013,0.1066076321533994,-0.2356979389248226,-0.24850587875444885,-1.8738218329042216,0.9296445480807684,1.3775390468581898,0.07002040482412018,-0.15452754445139313,-0.12729288418083032,0.09000117304571391,0.09000117304571391,0.0,0.15979211846690283,0.47361738152484256,-0.33501170987380746,-0.002561537817297307,-0.012314410914429304,-5.0656643105169525,0,0.4618578002910812
38.49247999999465,-2.150545882881771,0.5885559409501199,1.346434000271952,-0.004606745999519107,-0.03110242040319873,-0.026080807480003774,-2.2423780994244678,0.3634003689529409,1.4620135033102066,-0.0712806243088857,0.015162956227792748,-0.07900059397024756,-2.0582513233084634,0.6465508094274484,1.4196135930868554,-0.0003726897297972756,-0.07006565216883155,-0.10365270340056526,0.09000117304571391,0.09000117304571391,0.0,0.15977414009229948,0.47374858710113904,-0.3348115862324244,-0.002568178760702062,-0.012312356342326384,-5.065622548722811,0,0.4619450108137755
38.49663999999465,-2.1505650006909085,0.588426345462155,1.3463254606160249,-0.004588274193045771,-0.03110291711157849,-0.026049517422485836,-2.5152026037141453,0.47132404942999373,1.2710926860772176,0.022929254995730765,-0.08233071281209495,-0.07886246469791806,-2.2866816350902335,0.5587651773245538,1.3451870021220926,0.010875894010726927,-0.07630295528366214,-0.0907463302754633,0.09000117304571391,0.09000117304571391,0.0,0.15975625508396027,0.4738791775978801,-0.33461132807206173,-0.0025747409303846338,-0.01231019857194247,-5.065580472718587,0,0.46203228563292253
38.50079999999465,-2.1505840418862547,0.5882967491794029,1.3462170507935525,-0.004569886883144256,-0.03110310786051057,-0.026018357393362064,-2.166467705280688,1.0124681794953845,1.165088244515265,0.128741725873064,-0.021533546774236613,0.09022584166719075,-2.2263073848684485,0.7855736998170222,1.25532448035611,0.07044314747509017,-0.04826578617578785,-0.0004882746640547023,0.09000117304571391,0.09000117304571391,0.0,0.15973846272579156,0.47400915598988036,-0.3344109384648888,-0.0025812248763418737,-0.012307938317754886,-5.065538085581781,0,0.4621196234199681
38.50495999999465,-2.1506030068176756,0.5881671533678975,1.3461087702676058,-0.004551583541035759,-0.031102994761295372,-0.02598732622719165,-2.6822359412698566,0.4958482026319468,1.106819922216563,-0.03686487989222527,0.010414211835891734,0.012825877110298662,-2.4543511131077276,0.64073077747033,1.1810983779777655,0.016594917949687635,-0.019022025732717326,0.005909066817058014,0.09000117304571391,0.09000117304571391,0.0,0.15972076230846383,0.4741385252404683,-0.3342104204694605,-0.0025876311452742266,-0.012305576290961864,-5.065495390369368,0,0.4622070228552761
38.509119999994645,-2.150621895832852,0.5880375592849179,1.3460006185060822,-0.004533363642338551,-0.03110257991512543,-0.025956422765647205,-2.189433924780415,-0.09990433468091131,1.1380125576070221,0.020299077866753217,-0.035927555839532235,-0.04202909476341855,-2.3218468939708905,0.27033475651121774,1.1594689338203312,0.017701593691321616,-0.028168985995277635,-0.01862761106599342,0.09000117304571391,0.09000117304571391,0.0,0.15970315312921624,0.47426728830144455,-0.33400977713020136,-0.0025939602806023926,-0.012303113199489665,-5.065452390117905,0,0.46229448262808487
38.513279999994644,-2.150640709277298,0.5879079681790299,1.345892594981676,-0.004515226667026319,-0.031101865413113425,-0.0259256458575131,-2.4871359820349506,0.4186106240765515,1.679972363236592,-0.17231774326908564,-0.0831528646326256,-0.055168147282332075,-2.4048519564963238,0.34430141452514795,1.419609609402715,-0.07684104531409777,-0.055966205897723255,-0.036927660420548875,0.09000117304571391,0.09000117304571391,0.0,0.15968563449166107,0.4743954481132535,-0.3338090114775303,-0.0026002128224838954,-0.012300549748000307,-5.06540908784363,0,0.46238200143646396
38.51743999999464,-2.1506594474943785,0.5877783812901286,1.345784699171848,-0.004497172099384775,-0.031100853336311993,-0.025894994358689492,-2.1011040683086226,0.8236574731778039,1.2005536407257276,0.05896480225899048,-0.08314500720835699,0.055790809708841364,-2.2528524583628498,0.5838076268436867,1.3101957029787232,-0.009323545910252994,-0.0684805897366517,0.009633605921674695,0.09000117304571391,0.09000117304571391,0.0,0.1596682057062292,0.47452300760472754,-0.33360812652712946,-0.002606389307829389,-0.012297886637897909,-5.06536548654257,0,0.46246957798727073
38.52159999999464,-2.1506781108253286,0.5876487998494797,1.3456769305587972,-0.004479199427967104,-0.031099545755735987,-0.02586446713219189,-2.5179055497535567,0.4491726152984309,1.5662141294981473,-0.003853071789962027,0.026845341722874026,-0.06604707372923473,-2.3853868198002584,0.5165461631678387,1.4380694929540576,-0.007575933907166197,-0.02137508785973142,-0.028279412132271677,0.09000117304571391,0.09000117304571391,0.0,0.159650866089761,0.47464996969325873,-0.33340712528135297,-0.0026124902703192673,-0.01229512456733469,-5.065321589190637,0,0.462557210996107
38.52575999999464,-2.1506966996092682,0.5875192250797614,1.34556928862943,-0.004461308145554109,-0.031097944732393457,-0.02583406304814957,-1.5782778594391869,0.3644681678308079,1.3522951370133387,-0.1215852022957313,-0.06902700841814491,-0.0039140092503866415,-1.9820808613168428,0.4403630382109634,1.3951730457829035,-0.06395984438782144,-0.045443727737904706,-0.015844401784651706,0.09000117304571391,0.09000117304571391,0.0,0.15963361496488218,0.47477633728481083,-0.3332060107274274,-0.0026185162404202154,-0.012292264231218715,-5.065277398743738,0,0.4626448991872761
38.52991999999464,-2.150715214183223,0.5873896581951059,1.3454617728753309,-0.004443497749117338,-0.0310960523173171,-0.025803780983795765,-2.2776885654322507,0.835908012133747,0.8676562781185502,0.015923640734026533,-0.15029568767173881,0.07513829789012104,-2.129853587414437,0.6378262834394856,1.131567588774308,-0.024058681039012222,-0.09815203050689543,0.029481179005310762,0.09000117304571391,0.09000117304571391,0.0,0.15961645166151786,0.47490211327387744,-0.33300478583843174,-0.0026244677454012044,-0.012289306321222774,-5.065232918137872,0,0.4627326412937396
38.53407999999464,-2.150733654882139,0.587260100401141,1.345354382792733,-0.004425767739770517,-0.031093870551579837,-0.025773619823473176,-2.0198268261158594,0.7355674087670981,1.025013860551267,-0.018594662975597566,0.030826485165358738,-0.07605354046105314,-2.074879306351744,0.6867617581030092,1.0781316812116917,-0.020753315382081354,-0.03372385363771417,-0.023227164043976452,0.09000117304571391,0.09000117304571391,0.0,0.15959937551477266,0.47502730054354736,-0.33280345357256647,-0.0026303453093503653,-0.012286251525790031,-5.065188150289237,0,0.4628204360570743
38.53823999999464,-2.1507520220389003,0.5871305528950312,1.3452471178824887,-0.004408117622733539,-0.031091401466320612,-0.02574357845862847,-2.2803222737258664,0.593236353256577,0.975223142366277,0.04578262366931893,0.05302331609126479,-0.04630258412867967,-2.177507271653134,0.6401095020113501,1.0265803020725037,0.012640489220140742,0.009252864914199393,-0.03472416678895984,0.09000117304571391,0.09000117304571391,0.0,0.1595823858664434,0.4751519019654098,-0.33260201687413493,-0.002636149453190691,-0.01228310053014079,-5.065143098094326,0,0.46290828222742925
38.542399999994636,-2.150770315984347,0.5870010168655196,1.3451399776500395,-0.004390546907293064,-0.031088647082780006,-0.02571365578780398,-2.3419306196813743,0.22188949304310918,1.271942900522393,0.02610989976113652,0.05547685046618425,0.12494166606712769,-2.259666137033068,0.43111338363452345,1.1495230901891103,0.019541975193835166,0.03167797481343711,0.04514808677606957,0.09000117304571391,0.09000117304571391,0.0,0.15956548206460947,0.47527592039967315,-0.3324004786719573,-0.002641880694696502,-0.01227985401628141,-5.0650977644300355,0,0.462996178563483
38.546559999994635,-2.150788537047292,0.5868714934929683,1.3450329616053869,-0.004373055106760504,-0.031085609412321524,-0.02568385071663227,-2.1485499004270956,0.7845379031582164,1.5856710574589419,-0.11753878690641366,0.045019556092221,0.026535940660971452,-2.204352910962069,0.6079215566778811,1.367653993086979,-0.048416229958654286,0.038443679108678415,0.03648111287100064,0.09000117304571391,0.09000117304571391,0.0,0.15954866346300822,0.4753993586951776,-0.33219884188099275,-0.0026475395485098347,-0.012276512663011378,-5.065052152153762,0,0.4630841238324012
38.550719999994634,-2.1508066855545356,0.5867419839493997,1.3449260692630625,-0.004355641738433249,-0.03108229045645475,-0.02565416215783583,-2.041897075758455,0.45563849526956757,1.3348649918651638,0.047644415005946225,-0.06880005275493298,0.07422106498909467,-2.1230255442059653,0.5316356095832474,1.3514134067937222,-1.3815903539894517e-05,-0.015051747241382094,0.055461140087417704,0.09000117304571391,0.09000117304571391,0.0,0.15953192942169284,0.4755222196893535,-0.33199710940032584,-0.0026531265261563494,-0.012273077145930025,-5.065006264103508,0,0.4631721168097933
38.55487999999463,-2.150824761830884,0.5866124893985377,1.3448193001420992,-0.004338306323554337,-0.03107869220686225,-0.025624589031215464,-2.27863970538539,0.13006420074967573,1.231776078027512,-0.023152177695961545,-0.0757052308946783,-0.18951405775473207,-2.200881089036154,0.3306887923420657,1.291201074493126,-0.01195682095207301,-0.0449715902963871,-0.06766133977504359,0.09000117304571391,0.09000117304571391,0.0,0.15951527930597997,0.475644506208181,-0.3317952841154308,-0.002658642136061584,-0.012269548137443624,-5.064960103097982,0,0.46326015627967004
38.55903999999463,-2.150842766199164,0.5864830109958484,1.3447126537660006,-0.004321048387281429,-0.031074816645441056,-0.025595130263637626,-2.343395269535961,0.5131736355087827,1.181425710824484,-0.12975718832079472,0.0058401595390417775,-0.10224818988713508,-2.2724081570443198,0.42194708965588484,1.2360992717456227,-0.07128734469711832,-0.02074770794742329,-0.08462582107789145,0.09000117304571391,0.09000117304571391,0.0,0.15949871248774844,0.4757662210663088,-0.3315933688955165,-0.0026640868835666703,-0.012265926306776025,-5.064913671936696,0,0.4633482410344013
38.56319999999463,-2.150860698980242,0.5863535498885805,1.344606129662713,-0.004303867458640036,-0.03107066574431234,-0.025565784789032615,-1.9929166690190872,-0.05259059473519656,1.2297634532447639,0.10442144269876827,-0.09727046338731432,0.031433517191152796,-2.1324435197068334,0.1844720996408258,1.2329963290273018,0.016678887265534292,-0.058760156107523706,-0.026425700587680897,0.09000117304571391,0.09000117304571391,0.0,0.15948222834460118,0.47588736706717416,-0.3313913665962185,-0.0026694612709446,-0.012262212319973964,-5.064866973400075,0,0.46343636987467396
38.56735999999463,-2.1508785604930356,0.5862241072158061,1.3444997273645947,-0.004286763070485378,-0.031066241465846297,-0.02553655154839253,-2.3377943257245777,0.2427354383407342,1.2154342419102375,0.01708345281985019,0.13932200410450604,-0.12956780413960134,-2.2350838817667453,0.21389355964398696,1.2239465859225998,0.016426847048798984,0.040461909109779176,-0.0784328137604036,0.09000117304571391,0.09000117304571391,0.0,0.1594658262592396,0.4760079470026417,-0.3311892800569445,-0.002674765797416192,-0.012258406839913161,-5.064820010249547,0,0.4635245416094487
38.57151999999463,-2.1508963510545334,0.5860946841084614,1.3443934464083873,-0.004269734759474187,-0.03106154576270999,-0.02550742948974264,-2.4227974418895752,0.21278621883581528,1.7661033193630387,-0.15917573260436743,-0.12455525244768147,-0.13629814429334766,-2.3292724493828594,0.21308081572351592,1.494745294022415,-0.07165500626520449,-0.042038771915312696,-0.1073828454514021,0.09000117304571391,0.09000117304571391,0.0,0.1594495056207616,0.47612796365338983,-0.3309871121027105,-0.0026800009591657153,-0.012254510526309745,-5.064772785227655,0,0.46361275505591854
38.57567999999463,-2.1509140709798085,0.585965281689387,1.3442872863351867,-0.004252782066019084,-0.031056580577877458,-0.025478417568145742,-2.647017255456165,0.5253992536553826,1.2962271627435158,0.24316661752987523,-0.012961026417574524,-0.05770810397764786,-2.487642035473454,0.36921459891275743,1.3953649755386226,0.08609105904229152,-0.027183126642298414,-0.08262917446302073,0.09000117304571391,0.09000117304571391,0.0,0.1594332658236094,0.4762474197887104,-0.3307848655434121,-0.002685167249356977,-0.012250524035726056,-5.0647253010581474,0,0.4637010090394666
38.579839999994626,-2.1509317205820344,0.5858359010733676,1.344181246690413,-0.004235904534255486,-0.031051347844664966,-0.02544951474568594,-2.356377681211791,0.700491789739498,1.8529705409570267,-0.0881017915347389,0.09186260163022701,-0.037421643558718916,-2.422192115367852,0.5350466522306171,1.624092186084865,-0.001029616904678834,0.032299297933001514,-0.05957712129744057,0.09000117304571391,0.09000117304571391,0.0,0.15941710626758454,0.4763663181667355,-0.33058254317352237,-0.002690265158149123,-0.012246448021579176,-5.064677560446086,0,0.46378930239362404
38.583999999994624,-2.1509493001725013,0.5857065433671728,1.344075327023782,-0.004219101712005227,-0.031045849486755484,-0.025420719991457858,-2.091605493156976,0.4908987291259054,1.8137871543236246,-0.148396500134479,0.010957579761253333,-0.12426066701793238,-2.257205872597673,0.512995306515771,1.7186829340236036,-0.07435684358363147,0.021565701634558187,-0.09210468662185561,0.09000117304571391,0.09000117304571391,0.0,0.15940102635850487,0.47648466153418373,-0.3303801477722176,-0.0026952951727121565,-0.01224228313414856,-5.06462956607794,0,0.46387763396002824
38.58815999999462,-2.150966810060629,0.5855772096695968,1.3439695268892755,-0.0042023731507365835,-0.03104008741822143,-0.02539203228155807,-1.605027635969539,0.039825050888379065,1.1429940801598837,-0.03252682789334076,-0.028928001739352942,0.04862911766899199,-1.9311808045494998,0.2763477159985418,1.4309357723300988,-0.05298338017855499,-0.004167267431555228,-0.021817215510054246,0.09000117304571391,0.09000117304571391,0.0,0.15938502550672326,0.47660245262653333,-0.3301776821039317,-0.002700257777242916,-0.012238030020582606,-5.0645813206216905,0,0.46396600258838067
38.59231999999462,-2.150984250553986,0.5854479010714986,1.3438638458451126,-0.004185718405538514,-0.03103406354357071,-0.025363450599061504,-2.023893991094805,0.6901165448748344,1.402294796683126,-0.03688031195928683,-0.20227378740609567,-0.07248563975523042,-1.9776136259844828,0.48281401402854296,1.416462444003848,-0.04547649802459158,-0.10306929227463452,-0.04624802521071768,0.09000117304571391,0.09000117304571391,0.0,0.15936910312928051,0.47671969416803617,-0.3299751489171995,-0.002705153452980273,-0.012233689324910042,-5.064532826726928,0,0.4640544071364059
38.59647999999462,-2.1510016219582986,0.5853186186558412,1.343758283453721,-0.004169137035073001,-0.031027779757753723,-0.025334973934020382,-2.189091465754222,0.37054090420882224,1.2402818537964528,-0.06851121903478884,0.06893572831858816,-0.2899000857689998,-2.0834957914466496,0.42682093620454914,1.3277689525803043,-0.057346077644540513,-0.0175001597830656,-0.16854903416718364,0.09000117304571391,0.09000117304571391,0.0,0.15935325864714173,0.47683638887173097,-0.3297725509460665,-0.002709982678221353,-0.012229261688044836,-5.064484087024949,0,0.4641428464698093
38.60063999999462,-2.1510189245774716,0.585189363497732,1.3436528392817066,-0.00415262860155163,-0.031021237946208362,-0.025306601283441796,-1.8609584906622654,0.5839796263871615,1.0443569462692412,0.010814229201997915,-0.004046000941170205,-0.05143315248403068,-1.9722038505115271,0.5053923703375283,1.1859530866484007,-0.022904877844695738,-0.010487790137204864,-0.10956576428190211,0.09000117304571391,0.09000117304571391,0.0,0.1593374914875617,0.47695253943940397,-0.3295698909082914,-0.0027147459283363984,-0.012224747747796656,-5.0644351041288616,0,0.464231319462236
38.60479999999462,-2.1510361587135995,0.5850601366644617,1.3435475128998264,-0.004136192670693991,-0.031014439984880012,-0.025278331651275354,-2.8866684547266255,1.023414032692323,1.5950207143988444,0.032944919649655596,-0.10482553468225767,-0.12424835605355176,-2.4293731127109255,0.7641871712281916,1.3902329848254544,0.004576775095504542,-0.056871151812008885,-0.11770182035064564,0.09000117304571391,0.09000117304571391,0.0,0.15932180108281824,0.4770681485616556,-0.32936717150696904,-0.002719443675784663,-0.012220148138878142,-5.064385880633677,0,0.46431982499522967
38.60895999999462,-2.1510533246669814,0.584930939215544,1.3434423038829582,-0.004119828811694179,-0.031007387740249526,-0.02525016404840139,-2.605193219053042,0.41850521804987456,1.305823741828221,0.16132026637163663,-0.06604202674177267,-0.09833116432320683,-2.51694718479283,0.5912067944059011,1.347821615220071,0.08213552576018195,-0.06164072325084645,-0.1072332479982897,0.09000117304571391,0.09000117304571391,0.0,0.15930618686979828,0.4771832189179686,-0.32916439542937503,-0.0027240763901298847,-0.012215463492912594,-5.0643364191164135,0,0.46440836195819074
38.613119999994616,-2.1510704227361366,0.584801772202755,1.3433372118100724,-0.004103536597189687,-0.031000083069362857,-0.0252220974926128,-2.252761225169993,0.6094862551378635,0.8297729164596885,0.052230881381867114,0.019752792511916122,-0.11264185635573115,-2.3847460212234783,0.6003881787836538,1.0885586893861232,0.06829277084678109,-0.021161159677589025,-0.10962002988940407,0.09000117304571391,0.09000117304571391,0.0,0.15929064829150905,0.4772977531765612,-0.32896156534773474,-0.002728644538055235,-0.012210694438442346,-5.064286722136194,0,0.46449692924833585
38.617279999994615,-2.1510874532178166,0.5846726366701722,1.343232236264203,-0.004087315603221236,-0.030992527819852667,-0.02519413100860584,-1.8766012626037143,0.18737895334204996,1.3404787561744174,-0.01777996162969634,0.11265233720555871,0.020303818096642647,-2.130706384840243,0.39411603317818794,1.2145628297980944,0.02493343313091262,0.045235243387504856,-0.044720687112487584,0.09000117304571391,0.09000117304571391,0.0,0.15927518479474093,0.47741175399461533,-0.3287586839182811,-0.002733148583379182,-0.012205841600935314,-5.06423679223434,0,0.4645855257706563
38.621439999994614,-2.1511044164070214,0.584543533654214,1.34312737683242,-0.0040711654092131224,-0.030984723829991487,-0.025166263627943868,-1.9319897996554936,0.27261208911815166,1.4577472870315447,0.08951882970336777,0.019315221837908642,0.03374818337227019,-2.0311600621392816,0.33340348556776417,1.336226513614752,0.0570089721331241,0.03222902742865907,-0.005278878082004729,0.09000117304571391,0.09000117304571391,0.0,0.15925979583243247,0.47752522401802355,-0.3285557537826661,-0.0027375889870701704,-0.012200905602797943,-5.064186631934473,0,0.46467415043787763
38.62559999999461,-2.151121312597013,0.5844144641836777,1.3430226331057988,-0.004055085597930187,-0.030976672928705075,-0.02513849438905548,-2.211550950940042,0.19217234116501497,1.2513902994876107,0.010306992501417155,-0.09701301421137853,0.002256247687196143,-2.121335433294622,0.262587336930306,1.2938129125352003,0.033710360773916835,-0.03343967709736601,-0.0017073514586555569,0.09000117304571391,0.09000117304571391,0.0,0.1592444808621892,0.47763816588183106,-0.32835277756637804,-0.002741966207262387,-0.012195887063382252,-5.064136243742613,0,0.46476280217041877
38.62975999999461,-2.1511381420793274,0.5842854292797794,1.3429180046793938,-0.004039075755440408,-0.030968376935581726,-0.025110822337227192,-2.563796295504433,0.933514737590738,1.5667626057608293,-0.13980708960573573,-0.09016575296543522,-0.09506089973554423,-2.3428577558448,0.5978678488388476,1.4300927616758123,-0.05399862107251722,-0.0616350784116988,-0.048770741397312606,0.09000117304571391,0.09000117304571391,0.0,0.15922923934586905,0.4777505822097695,-0.3281497578795105,-0.002746280699270751,-0.012190786598989537,-5.0640856301472725,0,0.46485147989635084
38.63391999999461,-2.15115490514379,0.5841564299561922,1.342813491152208,-0.004023135471097401,-0.0309598376609385,-0.025083246524560617,-1.9320768738310323,0.5781752558080122,1.2963102924472718,-0.0185355101963392,0.05038999915714473,0.08701318131933769,-2.137504294450433,0.5881267050172118,1.363379982557296,-0.03564389785245881,-0.005860876090901755,0.019878624194265143,0.09000117304571391,0.09000117304571391,0.0,0.15921407075087846,0.47786247561459194,-0.327946697316463,-0.002750532915605735,-0.012185604822884437,-5.064034793619555,0,0.4649401825513571
38.63807999999461,-2.15117160207853,0.5840274672190846,1.3427090921271665,-0.004007264337498635,-0.030951056905828937,-0.02505576600996812,-2.3530125945112292,0.5475534450191343,1.080922208935853,-0.04170259036994371,-0.01404999492027462,-0.23183792293266797,-2.245345879570278,0.5678108057620264,1.2216668006433817,-0.03906382583488683,-0.010069463861131568,-0.10591426673152314,0.09000117304571391,0.09000117304571391,0.0,0.15919897454954562,0.47797384869803433,-0.32774359845692536,-0.002754723305988649,-0.012180342345301489,-5.0639837366132525,0,0.4650289090786929
38.64223999999461,-2.1511882331699903,0.5838985420671593,1.3426048072110868,-0.003991461950453119,-0.030942036462071415,-0.025028379859157946,-1.811683855641797,0.5335408114393901,1.6103888397352077,0.10225255772955927,-0.07459554039998956,-0.061835244687236085,-2.0282990013536444,0.5505227932414604,1.4159009758439474,0.031513502855875786,-0.043473245768317945,-0.08342130314689786,0.09000117304571391,0.09000117304571391,0.0,0.15918395021827852,0.4780847040507771,-0.32754046386429686,-0.002758852317366838,-0.012174999773452454,-5.0639324615649395,0,0.4651176584291444
38.64639999999461,-2.151204798702944,0.5837696554916915,1.342500636014651,-0.003975727908955618,-0.030932778112286514,-0.025001087144606336,-2.0615280575973243,0.49663781269381624,1.1463107145817024,0.0708330953772679,0.13887368970172487,0.07600197207278335,-2.044766574965067,0.5238690338659281,1.2812626969535175,0.05123990158878816,0.04756607183630523,-0.00403544332123453,0.09000117304571391,0.09000117304571391,0.0,0.15916899723843264,0.47819504425245984,-0.3273372960864547,-0.0027629203939282454,-0.01216957771153613,-5.063880970894071,0,0.4652064295609887
38.650559999994606,-2.151221298960507,0.5836408084765667,1.342396578152378,-0.003960061815155691,-0.030923283629929625,-0.024973886945535866,-2.1525711326908614,0.6075094357486749,1.5667632612214109,0.011375917631994595,-0.05576699455427553,0.030020135730326303,-2.098646273256641,0.5655725936006639,1.4240776265577157,0.031467523827886895,-0.0035010947390962614,0.012889827957726563,0.09000117304571391,0.09000117304571391,0.0,0.1591541150965387,0.47830487187185744,-0.32713409765609824,-0.002766927977116341,-0.012164076760748155,-5.063829267003079,0,0.4652952214399545
38.654719999994605,-2.15123773422415,0.5835120019983197,1.3422926332425948,-0.003944463274320383,-0.03091355477930637,-0.024946778347906453,-1.8374971468995664,0.4500115550173789,2.1169739214887717,0.05321593552653707,0.011753264727507522,0.03711455210380779,-1.9679588492485722,0.5078161659161936,1.7706081349674971,0.042174042601864054,0.0039069069921111345,0.024849068392603656,0.09000117304571391,0.09000117304571391,0.0,0.15913930328324716,0.4784141894666274,-0.3269308710902374,-0.0027708755056452504,-0.012158497519287104,-5.063777352277467,0,0.46538403303918147
38.6588799999946,-2.1512541047737117,0.5833832370261712,1.3421888009074099,-0.003928931894809471,-0.03090359331561336,-0.024919760444387026,-1.8365119635928318,0.6234898296899045,1.0973072917514903,0.015333303106375316,0.1194177457412824,-0.15973516653505598,-1.9022028070350159,0.5659021826395876,1.433620771272579,0.028857922371966754,0.06165975433781799,-0.06743788408616523,0.09000117304571391,0.09000117304571391,0.0,0.15912456129376806,0.4785229995836464,-0.32672761889053625,-0.002774763415514408,-0.012152840582364353,-5.063725229085903,0,0.46547286333918053
38.6630399999946,-2.151270410887412,0.5832545145220672,1.3420850807726834,-0.0039134672880440525,-0.030893400984962998,-0.0248928323343385,-1.8585051013334632,0.2606362849688239,1.9790497654096568,-0.12616556114253324,-0.008186076440801458,-0.09775933645465697,-1.8806162707313456,0.4132510330580512,1.706134885950678,-0.04854694969867774,0.0262786713578127,-0.08218197252952752,0.09000117304571391,0.09000117304571391,0.0,0.15910988862788394,0.4786313047587051,-0.3265243435425873,-0.0027785921400231423,-0.012147106542212332,-5.063672899780319,0,0.4655617113277941
38.6671999999946,-2.151286652841864,0.5831258354407155,1.341981472468001,-0.0038980690684785263,-0.03088297952441977,-0.024865993123786387,-2.6144821922734844,0.5980863737100316,1.0426449715734216,0.09826194267440382,0.06099101387035504,-0.014601652246130345,-2.247349370337791,0.5057968424446924,1.3743555841869952,0.024552675097117855,0.04363928361722777,-0.04871791244958182,0.09000117304571391,0.09000117304571391,0.0,0.15909528478996265,0.4787391075168439,-0.3263210475171112,-0.0027823621097854087,-0.012141295988094356,-5.063620366696003,0,0.4656505760001568
38.6713599999946,-2.151302830912087,0.5829972007296237,1.3418779756266452,-0.0038827368535703263,-0.030872330662028307,-0.024839241925402895,-2.7506977467899243,0.4033222846004203,1.2125020948085248,0.032794724049971725,-0.060502869549616874,-0.06726213406242305,-2.49895708377911,0.4544329307976112,1.293286363687582,0.027814931705727335,-0.008390771487673074,-0.057296449021262165,0.09000117304571391,0.09000117304571391,0.0,0.15908074928854246,0.47884641037220943,-0.3261177332685906,-0.002786073752744465,-0.012135409506313534,-5.063567632151691,0,0.4657394563586558
38.6755199999946,-2.151318945371519,0.5828686113291368,1.3417745898855682,-0.003867470263749874,-0.030861456116837518,-0.024812577858486264,-1.773430098929647,0.7111694041615402,1.5628334444680603,0.0661385654130594,-0.022702304724459,-0.11885809599694877,-2.136050991607476,0.5827546757124306,1.4278139521510167,0.046995168898551834,-0.015032018563081473,-0.08777680112839856,0.09000117304571391,0.09000117304571391,0.0,0.15906628163698572,0.47895321582801614,-0.32591440323646964,-0.002789727494187255,-0.012129447680220451,-5.0635146984496675,0,0.46582835141289175
38.6796799999946,-2.151334996492029,0.5827400681724746,1.3416713148853643,-0.003852268922390255,-0.030850357598931698,-0.02478600004894006,-2.119966551603967,0.6002142638223115,1.2135067783281257,0.030329928023293526,-0.09097142995928736,0.085810596739592,-2.127946423265111,0.5912939629450223,1.3208372250694151,0.03907212356006923,-0.052318369790834734,-0.0009345372720693731,0.09000117304571391,0.09000117304571391,0.0,0.15905188135263654,0.4790595263766695,-0.32571105984464466,-0.00279332375675916,-0.012123411090221536,-5.063461567875852,0,0.4659172601796393
38.683839999994596,-2.1513509845439285,0.5826115721857684,1.3415681502702423,-0.0038371324557831175,-0.030839036809469724,-0.024759507629244167,-2.0919417358872106,0.56129843617671,1.6192616614385558,0.019238236376862766,-0.2217343267798957,-0.016820015036055284,-2.1099041794701052,0.5758346213490037,1.4700144728130766,0.029332824138719217,-0.13693502783510467,-0.007879233405164252,0.09000117304571391,0.09000117304571391,0.0,0.15903754795704625,0.479165344499889,-0.32550770550116725,-0.0027968629604783824,-0.012117300313789684,-5.063408242699897,0,0.46600618168280816
38.687999999994595,-2.151366909795983,0.5824831242880988,1.3414650956879988,-0.003822060493106632,-0.030827495440702058,-0.02473309973843934,-2.314567911888961,0.7709091719628339,1.6606146583705215,-0.09076617623499135,-0.19388808673625246,-0.059503318923038166,-2.2124263053892657,0.6729698423715077,1.5651919165131887,-0.030691404861396272,-0.16534168251932066,-0.033583328264066035,0.09000117304571391,0.09000117304571391,0.0,0.15902328097598534,0.47927067266845735,-0.3253043425990176,-0.002800345522750121,-0.01211111592547128,-5.063354725175281,0,0.46609511495340417
38.692159999994594,-2.151382772515426,0.582354725391532,1.34136215078999,-0.0038070526664044724,-0.030815735176022225,-0.024706775522091565,-2.6230917976044914,0.048734801231213654,1.138666648669387,-0.15078990927533842,-0.10457201185249024,0.1087673589302439,-2.4180743449661377,0.3606309483159723,1.352152426859696,-0.09131900642194367,-0.13520179478647296,0.03763294568670883,0.09000117304571391,0.09000117304571391,0.0,0.15900907994009728,0.479375513342504,-0.3251009735153815,-0.0028037718583809454,-0.012104858496898636,-5.0633010175393975,0,0.4661840590294909
38.69631999999459,-2.1513985729679703,0.5822263764011572,1.3412593152311054,-0.003792108610545977,-0.030803757689968316,-0.024680534132286956,-2.2108248304343032,0.31836791141288173,1.5098825569459835,0.004361079072458021,-0.009285144173460439,-0.041677795980336746,-2.314440107389842,0.3394797775591814,1.4309327803753342,-0.042984614872319346,-0.07223049481892796,-0.0024372944745694744,0.09000117304571391,0.09000117304571391,0.0,0.15899494438341433,0.47947986897136113,-0.32489760061199613,-0.0028071423795934143,-0.01209852859679444,-5.063247122013652,0,0.46627301295615026
38.70047999999459,-2.151414311417817,0.5820980782151227,1.3411565886697405,-0.0037772279632086007,-0.03079156464827364,-0.02465437472759425,-1.7194577967059668,0.6645876404163216,1.1833943093076469,-0.22086979206580473,-0.05919243756108361,-0.12205043282285236,-2.017404205165565,0.5019121872047378,1.3069082806337626,-0.13190920410610965,-0.06538620913040086,-0.062394542964864255,0.09000117304571391,0.09000117304571391,0.0,0.15898087384400947,0.4795837419937411,-0.3246942262352828,-0.00281045749604001,-0.012092126790982954,-5.063193040803551,0,0.4663619757854446
38.70463999999459,-2.15142998812767,0.5819698317246732,1.3410539707677696,-0.003762410364850365,-0.030779157707894314,-0.024628296473043043,-1.9230032056669883,0.671223764562575,1.1319422887426287,0.048996003985206364,-0.11981728063354559,0.20847521816872633,-1.9701034138991174,0.5863204668203421,1.219858125753775,-0.04037219638083491,-0.09284956533626133,0.07280999227386714,0.09000117304571391,0.09000117304571391,0.0,0.1589668678648638,0.4796871348375926,-0.3244908527158382,-0.002813717614817063,-0.012085653642399562,-5.0631387760987945,0,0.46645094657637814
38.70879999999459,-2.151445603358748,0.5818416378141856,1.3409514611905191,-0.003747655458676342,-0.030766538517030546,-0.024602298540104504,-2.3052383874061717,0.6353685968070714,1.307040870129457,0.1051572670310741,0.0007617782234150966,0.10420773373067274,-2.137453834582774,0.6108467599318376,1.2636669676870904,0.03205283076587647,-0.04619434083344246,0.08845365749686,0.09000117304571391,0.09000117304571391,0.0,0.15895292599238223,0.47979004992022445,-0.3242874823692089,-0.0028169231404793714,-0.012079109711097862,-5.06308433007337,0,0.4665399243948586
38.71295999999459,-2.1514611573707922,0.5817134973612058,1.3408490596067413,-0.003732962890618842,-0.03075370871516961,-0.024576380106659676,-1.4439360026308492,0.15190148236436335,1.2773053735260864,-0.01648634165008133,-0.13648651754888838,0.11793520369977976,-1.7907245797553755,0.3810900529362457,1.2707325410141894,0.007893538595249962,-0.0927921827158817,0.10272460148261173,0.09000117304571391,0.09000117304571391,0.0,0.15893904777661755,0.47989248964832265,-0.32408411749538396,-0.0028200744750540804,-0.012072495554260541,-5.06302970488564,0,0.46662890831365905
38.71711999999459,-2.1514766504220812,0.5815854112364846,1.3407467656885872,-0.003718332309310985,-0.030740669933111635,-0.024550540356977266,-2.192525295206406,0.512711231172568,1.254713615053269,0.07218002383284852,0.008028349602237896,-0.04265763379094751,-1.9914784712083022,0.4469171115904882,1.262634880056756,0.04044353391684218,-0.04183530172859271,0.029734689453729105,0.09000117304571391,0.09000117304571391,0.0,0.15892523277256496,0.4799944564179677,-0.3238807603791426,-0.0028231720180543138,-0.012065811726208457,-5.062974902678433,0,0.4667178974123804
38.721279999994586,-2.15149208276944,0.5814573803040137,1.3406445791115802,-0.0037037633660534303,-0.030727423792990743,-0.024524778481695857,-2.469340987253805,0.6369318522619887,1.2943747222543762,-0.15734482917938947,0.007050675922055962,0.05703611884664363,-2.2307407978205656,0.5419401104440899,1.2786247807233588,-0.058220609879401274,-0.017219306346369596,0.04284319492505806,0.09000117304571391,0.09000117304571391,0.0,0.15891148053803572,0.48009595261465166,-0.32367741328954663,-0.002826216166493643,-0.01205905877840743,-5.062919925579138,0,0.4668068907774128
38.725439999994585,-2.1515074546682516,0.5813294054210624,1.3405424995545894,-0.0036892557148000787,-0.03071397190832676,-0.02449909367778258,-2.385524702820318,0.651949725350768,1.344373103090076,0.01229177720558533,-0.09469138538854388,0.16049043369592114,-2.308107513994685,0.5967493952730929,1.3118342013574684,-0.02333094390658215,-0.056269140404651585,0.10118616716428167,0.09000117304571391,0.09000117304571391,0.0,0.15889779063537773,0.48019698061324234,-0.323474078480288,-0.0028292073148995286,-0.012052237259480958,-5.06286477569979,0,0.4668958875018982
38.72959999999458,-2.1515227663724685,0.5812014874382122,1.3404405266998038,-0.00367480901212389,-0.030700315884037863,-0.02447348514852007,-2.5943426214065077,0.6474769875212238,1.398117258907072,-0.10442625237935563,0.02019685223237254,-0.018813838238862395,-2.451445464068554,0.6221550286509888,1.3549376018763482,-0.06330127155015149,-0.017787839452064892,0.04100140473970521,0.09000117304571391,0.09000117304571391,0.0,0.15888416263063215,0.4802975427782145,-0.3232707581902522,-0.002832145855327322,-0.012045347715217144,-5.062809455137163,0,0.46698488668569343
38.73375999999458,-2.1515380181346235,0.5810736271993936,1.340338660232706,-0.0036604229171943933,-0.030686457316477685,-0.024447952103478037,-1.9567318207803375,0.060793627688180085,1.63776213454158,-0.10291693655131184,-0.17476508996184256,0.1149684422661962,-2.2042985630772374,0.3411052427568442,1.4965902534868902,-0.08343441721215626,-0.09547255972425901,0.07832869945044979,0.09000117304571391,0.09000117304571391,0.0,0.158870596093758,0.48039764146340025,-0.32306745464258435,-0.0028350321773740446,-0.012038390688578137,-5.062753965972857,0,0.46707388743533185
38.73791999999458,-2.1515532102058392,0.5809458255419209,1.3402368998420457,-0.003646097091751823,-0.030672397793465506,-0.024422493758486187,-2.5321575923051762,0.5497431397638919,1.54346332092439,-0.0049207290794877345,0.08345870871236896,0.07986366316478247,-2.3682394319518467,0.44559821981217923,1.5201927265963975,-0.04474753404789291,-0.005526443227530916,0.07933779887741679,0.09000117304571391,0.09000117304571391,0.0,0.15885709059800135,0.48049727901227424,-0.32286417004503765,-0.002837866668192252,-0.01203136671970926,-5.062698310273389,0,0.4671628888639866
38.74207999999458,-2.1515683428358394,0.5808180832965278,1.340135245219814,-0.0036318312000848873,-0.030658138894317948,-0.024397109335606515,-1.999206868038548,0.40817604168479527,1.3848284136034923,0.08559352824716093,0.0037989902852445245,-0.03288093732456755,-2.1835420715141063,0.4268934717160091,1.4524406604841174,0.020191483663468925,-0.00023973430210024976,0.02351017637016325,0.09000117304571391,0.09000117304571391,0.0,0.15884364572054707,0.48059645775781135,-0.3226609065905369,-0.002840649712503345,-0.01202427634594852,-5.0626424900902816,0,0.4672518900914331
38.74623999999458,-2.15158341627296,0.5806904012874033,1.3400336960612178,-0.003617624909003888,-0.030643682189875784,-0.0243717980631115,-2.4228675953938934,0.8447738239501879,1.1712393610883578,0.06257905116842728,-0.14333032585638544,0.008620252485930357,-2.3030756357318842,0.6355382516469045,1.311855844451409,0.04104125925213818,-0.07168095981025668,0.01612795814259001,0.09000117304571391,0.09000117304571391,0.0,0.15883026104252987,0.4806951800224509,-0.32245766645645996,-0.002843381692611185,-0.012017120101835053,-5.062586507460149,0,0.4673408902440122
38.75039999999458,-2.1515984307641594,0.5805627803322261,1.3399322520646535,-0.0036034778878182654,-0.030629029242543952,-0.024346559175450137,-1.8346628217581065,0.5264617044511958,1.4349688378843473,-0.08207966095194758,0.020666636838751903,-0.1981296425860516,-2.0690366518955354,0.5810411430904139,1.3729998151965312,-0.02052211356345811,-0.02500448903545126,-0.09036994620933211,0.09000117304571391,0.09000117304571391,0.0,0.1588169361484035,0.48079344811838237,-0.32225445180520107,-0.002846062988415949,-0.012009898519119789,-5.06253036440479,0,0.46742988845459355
38.75455999999458,-2.1516133865550273,0.5804352212421998,1.3398309129316817,-0.00358938980831096,-0.030614181606312692,-0.024321391913228227,-1.3614962563415154,0.10922467438310318,1.214090503021304,-0.10589888085533157,0.008994458145782869,-0.068863077292358,-1.715481466063545,0.34514949129473477,1.293401131206461,-0.06335103552847457,-0.008572596383354744,-0.07977043823567177,0.09000117304571391,0.09000117304571391,0.0,0.15880367062616452,0.48089126434734997,-0.3220512647836664,-0.0028486939774274044,-0.012002612126773476,-5.062474062931269,0,0.4675188838625382
38.758719999994575,-2.151628283889797,0.5803077248220881,1.3397296783670019,-0.003575360344717361,-0.03059914082679609,-0.024296295523174933,-1.749396813351103,0.3147066929241087,1.8054439794600008,-0.002524259205458245,-0.203806385173106,-0.07330947344101887,-1.7324442849677644,0.3295028740488416,1.549274830398593,-0.033106201255197774,-0.10565111095952083,-0.07710469135955328,0.09000117304571391,0.09000117304571391,0.0,0.15879046406757652,0.4809886310008313,-0.32184810752426674,-0.0028512750347782804,-0.011995261450996943,-5.062417605032012,0,0.46760787561366285
38.762879999994574,-2.151643123011354,0.5801802918702496,1.3396285480784262,-0.0035613891736982163,-0.030583908441254477,-0.024271269258123875,-2.185517748568229,0.9934415168294958,1.4158891577907067,-0.20784928999715524,-0.13092607067192408,-0.06426407235002832,-1.9594154364792646,0.6612030221590133,1.482446930596567,-0.1209816064924923,-0.1175672722939477,-0.07046270373777071,0.09000117304571391,0.09000117304571391,0.0,0.15877731606753878,0.4810855503598422,-0.3216449821433436,-0.002853806533237677,-0.01198784701522901,-5.0623609926848845,0,0.46769686286020234
38.76703999999457,-2.151657904161247,0.5800529231786719,1.3395275217768554,-0.003547475974322512,-0.030568485978639454,-0.024246312376972494,-2.0714204026991245,0.9322433125026284,1.0094729897338517,-0.11272090149435507,0.07257677020819873,0.12320091522230647,-2.0156524201816883,0.796875713764091,1.2462122837590262,-0.1172072919989648,-0.02235944706870988,0.026655358793700547,0.09000117304571391,0.09000117304571391,0.0,0.1587642262251655,0.48118202469522264,-0.3214418907432318,-0.002856288843224244,-0.011980369340158163,-5.062304227853286,0,0.4677858447607744
38.77119999999457,-2.151672627579697,0.5799256195330068,1.3394265991762526,-0.003533620428036028,-0.03055287495960791,-0.024221424144670184,-2.0446623488068894,0.8651800564017668,1.239243546632658,0.02455056716685211,-0.032981547884316675,0.12507583057911173,-2.0301070956996066,0.8309596949888661,1.2429866994552785,-0.0460620705491093,-0.027637412564851076,0.0764945136250266,0.09000117304571391,0.09000117304571391,0.0,0.15875119414229963,0.48127805626749537,-0.32123883541068776,-0.0028587223328197763,-0.011972828943729284,-5.06224731248623,0,0.46787482048034285
38.77535999999457,-2.151687293505608,0.5797983817126044,1.3393257799936185,-0.003519822218644902,-0.03053707689656333,-0.024196603832181404,-1.6345134368446672,0.5042260819592616,1.3929294537977552,-0.05911647038515308,-0.10350464803511836,-0.1860221561975844,-1.832430604599131,0.6673753314390479,1.317571861910277,-0.05251825656263625,-0.06557383713409291,-0.054581966226870095,0.09000117304571391,0.09000117304571391,0.0,0.15873821942437707,0.48137364732699145,-0.3210358182172403,-0.0028611073677821154,-0.011965226341154035,-5.062190248518435,0,0.46796378919018167
38.77951999999457,-2.151701902176576,0.5796712104905474,1.3392250639489665,-0.0035060810322929564,-0.030521093293688364,-0.024171850716455723,-2.1592294612498657,0.4264533189442098,1.0686615423498185,0.05939549656882337,0.03774088361747352,0.031429643899899266,-1.9957096829051297,0.5469921956305471,1.1931795480491498,0.003866190486946764,-0.014431019688384249,-0.011204169794061542,0.09000117304571391,0.09000117304571391,0.0,0.15872530168043697,0.4814688001138163,-0.3208328412199716,-0.00286344431155827,-0.01195756204492103,-5.0621330378704075,0,0.4680527500678391
38.78367999999457,-2.151716453828899,0.579544106633685,1.3391244507652982,-0.0034923965574345925,-0.030504925646964047,-0.024147164080410014,-1.9553316727483954,0.5529376753524589,1.3000939055199516,0.013283953130026067,-0.08508753926435073,0.06302987062070267,-1.9754940634589406,0.549787096625901,1.2467690579724744,0.009198794602091963,-0.04932158884571121,0.02567597100621744,0.09000117304571391,0.09000117304571391,0.0,0.15871244052249003,0.48156351685781523,-0.3206299064610154,-0.0028657335252976015,-0.011949836564803026,-5.062075682448527,0,0.4681417022971018
38.78783999999457,-2.1517309486975855,0.5794170709026675,1.3390239401685777,-0.003478768484822564,-0.03048857544422633,-0.02412254321288313,-2.2098090006077378,0.6071589255049463,1.459023596053997,0.10728389260567517,0.056273851057715055,0.10149930169549704,-2.092429434838317,0.5785884495998972,1.3531084577801038,0.05795164370334933,0.004436288281364297,0.0638088137134788,0.09000117304571391,0.09000117304571391,0.0,0.15869963556616926,0.48165779977886014,-0.3204270159668401,-0.0028679753678647947,-0.011942050407870667,-5.062018184145134,0,0.46823064506795953
38.791999999994566,-2.1517453870163665,0.5792901040519793,1.3389235318877084,-0.0034651965074731935,-0.030472044165160906,-0.024097987408628518,-2.289355959221113,0.39789779979928563,1.3747420649822746,-0.06016762518055928,-0.004955363613862899,0.012037849261812564,-2.1910192474267243,0.4882319545764645,1.363950800516112,-0.001088172103889153,-0.00045188200653247337,0.03775865029660121,0.09000117304571391,0.09000117304571391,0.0,0.15868688643031226,0.48175165108654816,-0.3202241717503137,-0.002870170195852748,-0.011934204078496368,-5.06196054483861,0,0.4683195775765694
38.796159999994565,-2.1517597690177026,0.5791632068299737,1.3388232256545072,-0.0034516803206551634,-0.030455333281365612,-0.024073495968270114,-1.8659553287374682,0.22260581730371382,1.753207731967338,0.03209192624640729,0.007626701444996782,0.04643674932784227,-2.028418251009805,0.3554331672320233,1.5586792955880413,0.015493902277637854,0.0034538497477806383,0.04175169188804781,0.09000117304571391,0.09000117304571391,0.0,0.15867419273697056,0.48184507298043533,-0.32002137580849227,-0.0028723183635956558,-0.011926298078367537,-5.061902766393466,0,0.4684084990252207
38.800319999994564,-2.1517740949327937,0.5790363799789056,1.338723021203681,-0.003438219621861755,-0.030438444256361392,-0.024049068198283202,-2.2132407293430014,0.5475157146032007,1.6002171958630602,-0.019903830336936244,-0.11133302332152403,-0.09649710245979246,-2.120870672289194,0.45124293841512103,1.5792467937256627,-0.0029290364802816923,-0.05331813999638325,-0.02686787641410142,0.09000117304571391,0.09000117304571391,0.0,0.1586615541112051,0.4819380676500027,-0.3198186301242565,-0.002874420223181756,-0.011918332906493679,-5.061844850660424,0,0.4684974086222996
38.80447999999456,-2.1517883649915888,0.5789096242349654,1.338622918272802,-0.003424814110794776,-0.030421378545636365,-0.024024703410959407,-2.32824049706989,0.2882428918047661,0.7193201868227406,-0.05202011733365337,-0.26284290309221364,-0.08736849972748092,-2.22466507383942,0.36919519491210434,1.1490952522809792,-0.02754944536767702,-0.1581276898256953,-0.05687546904558871,0.09000117304571391,0.09000117304571391,0.0,0.15864897018152282,0.4820306372747296,-0.3196159366655981,-0.002876476124466022,-0.011910309059217448,-5.0617867994765,0,0.4685863055822543
38.80863999999456,-2.151802579422794,0.5787829403283126,1.3385229166022838,-0.003411463489340136,-0.030404137596669517,-0.02400040092438217,-1.978253453241794,0.15885315767338754,1.6527758375347839,0.029815154249900694,-0.06242966713172623,-0.173935282680954,-2.101396486786231,0.26389374293517504,1.400577277821387,0.0015918264881895994,-0.11071293912331678,-0.11539247106277761,0.09000117304571391,0.09000117304571391,0.0,0.1586364405792447,0.482122784024007,-0.31941329738554664,-0.0028784864150830005,-0.011902227030223244,-5.06172861466509,0,0.4686751891255595
38.81279999999456,-2.151816738453884,0.5786563289831085,1.3384230159353572,-0.003398167461550574,-0.030386722848968355,-0.023976160062392567,-1.9818972901744238,0.20901283037950708,0.947834010529047,0.15032566789296728,-0.10065602669229962,-0.11340441509134033,-2.041333141628802,0.23624462478740116,1.1739656840026267,0.07583496137877785,-0.10620624079804618,-0.11395897638003173,0.09000117304571391,0.09000117304571391,0.0,0.15862396493937003,0.4822145100573176,-0.31921071422273833,-0.0028804514404593418,-0.011894087310547717,-5.06167029803605,0,0.4687640584786825
38.81695999999456,-2.1518308423111074,0.5785297909175497,1.3383232160180465,-0.0033849257336204318,-0.030369135734092684,-0.02395198015456612,-2.196463149200472,0.7353035234638607,1.4664281038124687,-0.027719127917123013,-0.1369130732574368,-0.005254708610588001,-2.11895775431044,0.4854939892958769,1.3201865245877897,0.02448210081652043,-0.12213384085962696,-0.058899187197425894,0.09000117304571391,0.09000117304571391,0.0,0.15861154289930285,0.4823058175241495,-0.3190081891015594,-0.0028823715438267405,-0.011885890388588028,-5.061611851385781,0,0.46885291287404823
38.82111999999456,-2.1518448912194987,0.5784033268439011,1.3382235165991458,-0.003371738013870525,-0.030351377675692723,-0.023927860536180567,-2.208260359623886,0.3453140470441728,0.9676339575199964,0.25131132630380837,-0.19660823173966563,-0.1743583086767302,-2.163087214492285,0.4149949513711133,1.1435446528185662,0.13800379018632625,-0.15977666888222258,-0.11639967095877767,0.09000117304571391,0.09000117304571391,0.0,0.15859917409992919,0.4823967085641235,-0.3188057239314328,-0.0028842470662341748,-0.011877636750112386,-5.061553276497306,0,0.46894175155000467
38.82527999999456,-2.151858885402885,0.578276937468528,1.338123917430195,-0.003358604012724373,-0.030333450089534416,-0.023903800548188775,-1.870766259900314,0.7051031851245025,1.1651492621727286,-0.17089213042717233,-0.12218721800072369,0.08324113703940532,-2.0172803490487543,0.5597961402581275,1.1545202254972067,-0.01632501092699788,-0.14059383114059848,-0.01658131059166063,0.09000117304571391,0.09000117304571391,0.0,0.15858685818477125,0.48248718530695994,-0.31860332060717383,-0.0028860783465605513,-0.011869326878268714,-5.061494575140358,0,0.46903057375078844
38.829439999994555,-2.1518728250838963,0.57815062349193,1.3380244182654568,-0.0033455234426902347,-0.03031535438353145,-0.02387979953718852,-2.652543808149007,0.4956443631365547,1.3435397287669741,-0.22784149148015065,-0.075849126421666,-0.008235948106895517,-2.335390786181132,0.5275603743722844,1.2490154305433163,-0.12189725658163496,-0.10742529242214796,-0.013015635120360605,0.09000117304571391,0.09000117304571391,0.0,0.158574594800851,0.4825772498724996,-0.3184009810095615,-0.0028878657215269405,-0.011860961253594007,-5.0614357490714585,0,0.469119378726491
38.833599999994554,-2.1518867104839727,0.5780243856087727,1.3379250188618927,-0.003332496018339794,-0.030297091957777873,-0.023855856855393938,-1.717469010847062,0.7522015167165083,1.5863061287631277,-0.15459153592458508,-0.07881723099372671,-0.013712206522866954,-2.026747947245814,0.6397172237917923,1.4176337575548617,-0.13784477835079004,-0.0924710143110906,-0.0129497333277236,0.09000117304571391,0.09000117304571391,0.0,0.15856238359763028,0.48266690437072446,-0.31819870700484076,-0.0028896095257092817,-0.011852540354023935,-5.061376800033998,0,0.46920816573302454
38.83775999999455,-2.151900541823374,0.5778982245079203,1.3378257189791403,-0.0033195214562925343,-0.030278664204584388,-0.023831971860602277,-2.033022863687959,0.7938505737745922,0.8619519524160965,-0.09862981809961112,-0.10357527105854135,0.10005244602339829,-2.0300909042387767,0.7165684219138089,1.1399967324496099,-0.11809184782354995,-0.0974829965907645,0.04370777124872391,0.09000117304571391,0.09000117304571391,0.0,0.15855022422787413,0.4827561509018853,-0.31799650044465233,-0.0028913100915505044,-0.011844064654903636,-5.061317729758318,0,0.46929693403208766
38.84191999999455,-2.1519143193211874,0.5777721408724682,1.3377265183794895,-0.0033065994751887424,-0.030260072508490332,-0.023808143916176108,-1.7961003293999551,0.5093462423257704,1.6241320381975535,-0.02522442874131084,0.0010541369190987943,-0.06480707493999437,-1.9131474099864871,0.6129597240085298,1.3819313577431331,-0.07120034419628797,-0.049013804110124376,-0.009764481463526965,0.09000117304571391,0.09000117304571391,0.0,0.1585381163468043,0.4828449915564159,-0.3177943631666038,-0.0028929677493728712,-0.011835534628993722,-5.061258539961789,0,0.4693856828911321
38.84607999999455,-2.151928043195336,0.5776461353797752,1.3376274168278603,-0.003293729795681011,-0.030241318246321397,-0.02378437239099718,-2.1425684843911457,0.9331126801503247,1.5732564478506263,-0.14288503367934696,0.006396551817567299,0.10200966843265147,-2.0281572503134506,0.7730524949404413,1.4778058005071433,-0.10679718150255299,-0.02167181597227716,0.046893544396737534,0.09000117304571391,0.09000117304571391,0.0,0.15852605961296268,0.48293342841495446,-0.31759229699398783,-0.00289458282739006,-0.01182695074648377,-5.061199232348892,0,0.4694744115833287
38.85023999999455,-2.1519417136625876,0.5775202087014951,1.3375284140917794,-0.0032809121404085728,-0.030222402787206056,-0.023760656659446718,-2.2718527176218086,0.7321937274471304,1.4093839420968977,-0.0046657015186371345,-0.10243232980208207,0.04460617536572251,-2.150016308171988,0.7524100170454994,1.4436872597679569,-0.055779124471639886,-0.06216616450948111,0.045707836487009594,0.09000117304571391,0.09000117304571391,0.0,0.1585140536873647,0.48302146354852493,-0.317390303735926,-0.0028961556517195595,-0.011818313475000616,-5.061139808611301,0,0.4695631193875345
38.85439999999455,-2.1519553309385624,0.5773943615036092,1.337429509941357,-0.003268146233981369,-0.030203327492609733,-0.023736996101373607,-2.5798032454089905,0.6701187915310376,1.4393473396063883,-0.14218955916466083,-0.05472497371229121,-0.08081641888995386,-2.3652083903106944,0.7111492290988072,1.4413473608568368,-0.09904807796542488,-0.05807435528371398,-0.016674598500912602,0.09000117304571391,0.09000117304571391,0.0,0.15850209823414887,0.48310909901845167,-0.31718838518708714,-0.002897686546394586,-0.011809623279617999,-5.061080270427956,0,0.4696518055882588
38.85855999999455,-2.1519688952377414,0.5772685944464577,1.337330704149265,-0.003255431802956404,-0.030184093716354197,-0.023713390102071442,-2.1670236955599385,0.6084176415578285,1.6103367492672906,0.02096504595135623,-0.24820888769826596,-0.12973623766427164,-2.2660714441580003,0.6592645328527876,1.5255736361556644,-0.0388594078716678,-0.15220800104254154,-0.07331656080598105,0.09000117304571391,0.09000117304571391,0.0,0.1584901929199437,0.483196336876381,-0.3169865431286878,-0.0028991758333762278,-0.011800880622863635,-5.061020619465145,0,0.4697404694756308
38.862719999994546,-2.151982406773474,0.5771429081847717,1.337231996490714,-0.0032427685758268203,-0.030164702804667296,-0.023689838052239103,-2.0105184306321062,0.7780286984648408,1.4402382338316808,-0.03351754301746874,-0.11483997618430694,0.010135038084269906,-2.138363646484189,0.7184070333240989,1.4829260037022354,-0.03581289657621485,-0.1327812847079294,-0.03139667781827513,0.09000117304571391,0.09000117304571391,0.0,0.15847833741408923,0.4832831791643031,-0.316784779326928,-0.0029006238325654026,-0.011792085964731504,-5.0609608573765845,0,0.46982911034536534
38.866879999994545,-2.1519958657579865,0.5770173033677042,1.337133386743431,-0.003230156283000154,-0.030145156096202354,-0.023666339347954975,-2.0986956219119133,0.408396531467565,1.6695370434565253,-0.22103607027808359,0.06802859203856401,-0.005016341325053825,-2.1189893512986515,0.563541613797685,1.5762222934789456,-0.12829430393714494,-0.03263115606230106,-0.01815912113119329,0.09000117304571391,0.09000117304571391,0.0,0.15846653138907296,0.4833696279147336,-0.31658309553506175,-0.002902030861814656,-0.011783239762690327,-5.060900985803493,0,0.4699177274987315
38.871039999994544,-2.1520092724023896,0.5768917806388622,1.3370348746876366,-0.0032175946567807264,-0.0301254549220752,-0.023642893390647228,-1.8458104857225877,1.0849334114519151,1.3357201204197222,0.00021903395557358596,-0.2644513321495778,0.1251236421920397,-1.982398326470714,0.8236903783909345,1.4562293666689663,-0.06367315681811804,-0.14817463246223408,0.053670669440781034,0.09000117304571391,0.09000117304571391,0.0,0.158454774519255,0.48345568515057596,-0.3163814934914059,-0.002903397236940361,-0.011774342471693733,-5.060841006374673,0,0.47000632024251854
38.87519999999454,-2.152022626916687,0.5767663406363376,1.3369364601060238,-0.0032050834313526594,-0.030105600605886657,-0.023619499587065787,-2.088312673460528,0.7396135583986376,1.1962506646574618,0.02736240240090113,0.1161847341915346,-0.0801049718438358,-2.0352995677400276,0.7818935031246567,1.3260703412478223,-0.01804597438899575,-0.016234104503712665,-0.012612732985688907,0.09000117304571391,0.09000117304571391,0.0,0.15844306648279982,0.4835413528850895,-0.31617997492119754,-0.0029047232717339787,-0.011765394544188547,-5.060780920706585,0,0.47009488788900433
38.87935999999454,-2.1520359295097817,0.5766409839927386,1.3368381427837353,-0.003192622342760033,-0.03008559446376142,-0.023596157349251003,-2.296185288724011,0.28572417265173217,1.7997269710503014,-0.19264781638106737,-0.09342594345377273,-0.020492854979693883,-2.1661454833653893,0.5336126988228617,1.562858743673515,-0.105081965858613,-0.05562140687858303,-0.01626266231444576,0.09000117304571391,0.09000117304571391,0.0,0.15843140695911911,0.4836266331221789,-0.3159785415352452,-0.002906009277974549,-0.011756396430125032,-5.060720730403427,0,0.47018342975592187
38.88351999999454,-2.1520491803894854,0.5765157113352203,1.3367399225083416,-0.003180211128897584,-0.030065437804385323,-0.023572866094496728,-1.9321294374277138,0.5708926764047919,1.5529852177811179,-0.1375922468127292,-0.0947446879556174,-0.04898093644842266,-2.049423041061099,0.5520567808744142,1.5578197624508834,-0.12083960926317146,-0.0756126184205546,-0.03248975238391125,0.09000117304571391,0.09000117304571391,0.0,0.15841979563165803,0.4837115278562565,-0.3157771950311456,-0.002907255565439678,-0.01174734857696852,-5.060660437057211,0,0.4702719451664282
38.88767999999454,-2.152062379762525,0.5763905232855161,1.3366417990698194,-0.003167849529480796,-0.030045131929015284,-0.023549625245337047,-2.4094606376377032,0.8050909784928164,1.3254344839707035,0.022446191512527233,0.018229600086017844,0.025287869379568513,-2.229397014625923,0.6786146370461157,1.4416790722428103,-0.0495216229590091,-0.029211876451206042,-0.004074471105957102,0.09000117304571391,0.09000117304571391,0.0,0.15840823218533834,0.4837960390722644,-0.3155759370919352,-0.0029084624419178124,-0.01173825142970518,-5.060600042247837,0,0.4703604334490712
38.89183999999454,-2.1520755278345503,0.5762654204599681,1.3365437722605298,-0.003155537286036865,-0.03002467813152032,-0.023526434229506284,-2.066697609034116,0.6400246146412297,1.2591865374702018,0.03340904653979112,-0.11261495718886455,-0.007882100887927974,-2.1479778947471044,0.65908655864728,1.3504158586212078,-0.00747918143059445,-0.07159984606392945,-0.006326790946634894,0.09000117304571391,0.09000117304571391,0.0,0.1583967163082755,0.4838801687458045,-0.315374769387735,-0.0029096302132193552,-0.011729105430852111,-5.060539547543171,0,0.4704488939377583
38.89599999999454,-2.1520886248101414,0.576140403469558,1.3364458418751968,-0.0031432741418877105,-0.03000407769841975,-0.023503292479907283,-2.050222501867497,0.17534520649488455,1.543841995723129,0.060370311013166006,0.02508384791472639,-0.17603376591408496,-2.0989731996806853,0.4172643319304689,1.446764038826409,0.026082472601421842,-0.02310101822741278,-0.09112290561816935,0.09000117304571391,0.09000117304571391,0.0,0.15838524769050372,0.483963918843,-0.3151736935746178,-0.002910759183188512,-0.011719911020468522,-5.0604789544991196,0,0.4705373259717238
38.900159999994536,-2.152101670892817,0.5760154729199375,1.336348007710886,-0.003131059842135725,-0.029983331908913623,-0.02348019943458034,-1.8155546200788197,0.4656442473320202,1.3305417026632838,-0.06421751809801747,-0.020035429569479894,0.019666216562176927,-1.9573946315144788,0.441413529570088,1.3886928389804987,-0.01947801308630308,-0.021844666652937113,-0.03567597452411347,0.09000117304571391,0.09000117304571391,0.0,0.158373826025266,0.4840472913206795,-0.31497271129539806,-0.002911849653714469,-0.011710668636166181,-5.060418264659705,0,0.47062572889549814
38.904319999994534,-2.1521146662850406,0.5758906294114587,1.3362502695669831,-0.003118894133640488,-0.02996244203490136,-0.02345715453668265,-1.749494554840984,-0.010972699539340547,0.770047022842133,0.009837458762220946,-0.06409202225946567,-0.19094137831480743,-1.8534227036974555,0.21508388177179127,1.07897014571762,-0.004809206273301761,-0.0429376868014427,-0.11411437621155306,0.09000117304571391,0.09000117304571391,0.0,0.1583624510079531,0.4841302881263993,-0.3147718241789269,-0.002912901924743128,-0.011701378713116644,-5.06035747955714,0,0.4707141020588755
38.90847999999453,-2.152127611188228,0.5757658735392045,1.336152627245173,-0.003106776765006481,-0.02994140934102026,-0.023434157234451296,-2.376154911219325,0.5422432726344893,1.188140895115468,0.06747863212318497,-0.08201627066989997,-0.16967408698251193,-2.114651111222569,0.37849560377793895,1.1332024567407502,0.030849030081816827,-0.06263254714073144,-0.14145290510441866,0.09000117304571391,0.09000117304571391,0.0,0.15835112233611037,0.4842129111984134,-0.31457103384109725,-0.0029139162942884364,-0.011692041684061365,-5.060296600711905,0,0.47080244481688277
38.91263999999453,-2.1521405058027554,0.5756412058930184,1.336055080549418,-0.0030947074865678896,-0.02992023508467507,-0.023411206981176318,-2.3731020532027736,0.5889252865051707,1.3338784176174703,0.11231997351568242,-0.023625800001045666,0.04902144365126892,-2.243645025572157,0.483663793302402,1.233643571566052,0.07170292515855486,-0.043620517053720886,-0.0461158763818797,0.09000117304571391,0.09000117304571391,0.0,0.15833983971008614,0.4842951624656967,-0.3143703418839253,-0.0029148930584434293,-0.011682657979321349,-5.0602356296328175,0,0.4708907565297481
38.91679999999453,-2.152153350327965,0.5755166270575347,1.335957629285938,-0.003082686050371374,-0.02989892051606968,-0.023388303235168318,-2.0653403109920077,0.39517816786269844,1.1586900320897282,0.06637939922643242,-0.08315437092824277,-0.04508585587753737,-2.154354754856368,0.43925048612991163,1.1960712471011548,0.0697153856262995,-0.06486752623355621,-0.04499845585489962,0.09000117304571391,0.09000117304571391,0.0,0.15832860283261188,0.4843770438480752,-0.31416974989634255,-0.0029158325113916774,-0.011673228026806844,-5.060174567817108,0,0.4709790365628699
38.92095999999453,-2.152166144962174,0.5753921376122088,1.3358602732631892,-0.0030707122101604313,-0.029877466878237325,-0.02336544545972983,-2.0518425032897776,0.08194305363774823,0.9876879667422782,-0.036471145421042635,0.08270876096268465,0.07270159573539176,-2.103174040670434,0.26076540883854654,1.0920293088529842,0.01675874337866051,0.009340372599906648,0.01387150003540476,0.09000117304571391,0.09000117304571391,0.0,0.1583174114088093,0.4844585572560356,-0.31396925945413395,-0.0029167349454185454,-0.011663752252026871,-5.060113416750494,0,0.4710672842867856
38.92511999999453,-2.1521788899026797,0.575267738131346,1.335763012291843,-0.0030587857213588863,-0.02985587540706916,-0.023342633123127895,-1.7136196485179394,0.704444409091927,1.9694091302164998,0.019584196963450425,0.010389437913654834,-0.09981376096059374,-1.9083526702738476,0.48263055693140083,1.530518365357127,0.017828039093574357,0.009415928241720667,-0.04326009310604271,0.09000117304571391,0.09000117304571391,0.0,0.1583062651457695,0.4845397045911231,-0.3137688721194475,-0.002917600650922415,-0.01165423107809829,-5.060052177907253,0,0.47115549907714105
38.92927999999453,-2.1521915853457676,0.5751434291841321,1.3356658461847655,-0.0030469063410580293,-0.029834147331346924,-0.023319865698560583,-2.5217574266277945,0.8190676615003204,1.0151698847845119,-0.4182213686982432,-0.00693711912716392,0.014586221801254868,-2.21592886287891,0.6508370566772219,1.2728707916308337,-0.20034481365967122,0.0012297508345113393,-0.01430879967150424,0.09000117304571391,0.09000117304571391,0.0,0.15829516375341507,0.48462048774564476,-0.31356858944137356,-0.0029184299164254747,-0.011644664925755653,-5.059990852750294,0,0.47124368031465963
38.933439999994526,-2.1522042314867176,0.5750192113346622,1.3355687747569982,-0.003035073827998011,-0.029812283872769994,-0.02329714266413033,-2.075662595942797,-0.14450341521143262,0.8081484429163156,-0.1343474919978249,0.032652161114271466,-0.006188132753609306,-2.146072590222614,0.2532289537346889,1.0404933497030868,-0.1681180568950397,0.01704336331944954,-0.010179482614118282,0.09000117304571391,0.09000117304571391,0.0,0.15828410694343822,0.4847009086027998,-0.31336841295631185,-0.002919223028585011,-0.011635054213360009,-5.059929442731231,0,0.47133182738511153
38.937599999994525,-2.1522168285198116,0.5748950851419705,1.3354717978257364,-0.0030232879425580042,-0.029790286245994915,-0.02327446350281002,-1.977826806461649,0.7029601968208278,1.0529107343823008,0.05036654874826819,-0.102713359942046,-0.045904499260306264,-2.0618435248232907,0.47788246822177577,1.0466059342289138,-0.0590028597441563,-0.04205162612095512,-0.027696058948454415,0.09000117304571391,0.09000117304571391,0.0,0.1582730944303765,0.4847809690367038,-0.31316834418705486,-0.002919980272204149,-0.011625399356910104,-5.059867949290451,0,0.47141993967928364
38.941759999994524,-2.15222937663834,0.5747710511600594,1.3353749152103096,-0.0030115484467348142,-0.02976815565865367,-0.023251827702419126,-2.4771175470345277,1.0991576896949415,1.3344398808144495,0.04949985624955149,-0.10241613493967511,0.12541382507837526,-2.269379189292367,0.7883128291196614,1.1907858362008745,-0.005380769171266,-0.07291539191365505,0.048821456718094916,0.09000117304571391,0.09000117304571391,0.0,0.15826212593076475,0.4848606709125732,-0.31296838464358184,-0.002920701930243065,-0.011615700770049989,-5.059806373857194,0,0.47150801659294916
38.94591999999452,-2.152241876034607,0.5746471099379287,1.3352781267321614,-0.00299985510413186,-0.029745893311391474,-0.023229234755589506,-2.326367923169211,0.8182389389539433,1.4266161600208143,0.008598227086688805,-0.003880990771394102,-0.017770130429434452,-2.297856095911372,0.8032679803704652,1.308666434429496,0.001619838421065189,-0.03838302627880539,0.015170520853071592,0.09000117304571391,0.09000117304571391,0.0,0.15825120116314148,0.4849400160864822,-0.3127685358232132,-0.002921388283829785,-0.011605958864079228,-5.0597447178496155,0,0.47159605752683725
38.95007999999452,-2.15225432689994,0.5745232620196041,1.3351814322148292,-0.002988207679945634,-0.02972350039789802,-0.02320668415973675,-1.6883971784436143,0.64221045350378,1.3851015960161392,-0.26144911765357637,-0.07792075054806294,-0.028157397098935014,-1.9936654068752049,0.7225761776362012,1.3468247356706415,-0.13026909682363877,-0.058226575978793195,-0.005890657363284438,0.09000117304571391,0.09000117304571391,0.0,0.15824031984848297,0.48501900640565443,-0.31256879920969416,-0.002922039612270841,-0.01159617404796297,-5.059682982674861,0,0.471684061886603
38.95423999999452,-2.152266729424694,0.5743995079441669,1.335084831483925,-0.002976605940950317,-0.02970097810493741,-0.02318417541702764,-1.8112296388891274,0.22737558958463094,1.170379021771141,-0.05900588910387802,0.076395720905145,-0.19526783840061587,-1.9025669644810606,0.4751318433953006,1.2581943209592674,-0.09560966213821138,0.00882396609207174,-0.10048458635524711,0.09000117304571391,0.09000117304571391,0.0,0.1582294817102103,0.4850976437083273,-0.3123691762746325,-0.002922656193062107,-0.011586346728341579,-5.0596211697291364,0,0.47177202908279825
38.95839999999452,-2.1522790837982586,0.5742758482457822,1.3349883243671152,-0.002965049655477397,-0.029678327612363244,-0.02316170803436352,-2.6014535276151003,1.0811330478080077,1.4572995399984774,0.040035939909490344,0.052809113983749434,-0.02971719557327795,-2.251930967141958,0.7782470559296953,1.3576868207159847,-0.028226258873745698,0.030559639778376724,-0.06525347062053116,0.09000117304571391,0.09000117304571391,0.0,0.1582186864735547,0.4851759298238297,-0.3121696684765843,-0.00292323830189966,-0.011576477309536924,-5.059559280397779,0,0.4718599585308409
38.96255999999452,-2.1522913902090646,0.5741522834537273,1.3348919106941013,-0.002953538593411138,-0.029655550093173732,-0.023139281523333197,-2.4358520753577646,0.2241155424355965,0.7648378567325884,-0.16867599554350016,-0.0668919103542773,0.036701969474390236,-2.3442463157863083,0.5010380489135066,1.0613353980885232,-0.09716003930754283,-0.018044731461764656,-0.014700020890187989,0.09000117304571391,0.09000117304571391,0.0,0.1582079338657772,0.4852538665726605,-0.3119702772612081,-0.002923786212690396,-0.011566566193565582,-5.0594973160553245,0,0.4719478496509859
38.96671999999452,-2.1523036488445904,0.5740288140924209,1.3347955902966004,-0.0029420725261696833,-0.02963264671352513,-0.023116895400193523,-1.9835861489486162,0.8038090273287865,1.2954012204623297,0.08446400716225161,0.032693209232965884,-0.20188770769365438,-2.1637372115822417,0.6524927424702495,1.1779508448861729,-0.006751229677158074,0.007761059508178311,-0.10867535224698668,0.09000117304571391,0.09000117304571391,0.0,0.1581972236166028,0.48533145576640646,-0.3117710040620624,-0.002924300197562407,-0.011556613780146684,-5.05943527806558,0,0.47203570186829574
38.970879999994516,-2.152315859891368,0.573905440681451,1.3346993630083261,-0.002930651226692095,-0.02960961863276933,-0.023094549185837483,-2.8297156696490515,0.8848618411569213,1.849163102392271,-0.05974346856227071,-0.21006921348426938,-0.0027478839266053857,-2.496855575268634,0.7682420784381789,1.5135557363994305,-0.03314307728455228,-0.10118748792210992,-0.0556133239346984,0.09000117304571391,0.09000117304571391,0.0,0.15818655545758567,0.48540869920792734,-0.31157185029969237,-0.002924780526875752,-0.011546620466712017,-5.05937316778169,0,0.4721235146126109
38.975039999994515,-2.1523280235349906,0.5737821637356032,1.3346032286649687,-0.0029192744694250517,-0.02958646700348135,-0.023072242405764515,-2.1695174933495682,0.45008618922279436,1.099652195665114,-0.07450771305025898,0.053649429609810936,-0.1708706304671241,-2.333340569738644,0.609273966557104,1.3062448640722228,-0.053172608320517685,-0.02400481846032405,-0.11285005767394557,0.09000117304571391,0.09000117304571391,0.0,0.1581759291227568,0.4854855986912211,-0.31137281738199907,-0.0029252274692328165,-0.01153658664841534,-5.059310986546206,0,0.47221128731852086
38.97919999999451,-2.152340139960117,0.5736589837648887,1.334507187104177,-0.0029079420303059983,-0.029563192971484516,-0.023049974590054027,-2.121574211744964,0.4351701362937688,0.8259818505584602,-0.08658773857157642,-0.09359702461936971,0.018490941573492993,-2.227636047268167,0.5220261850338609,1.0661495064348332,-0.06985957927954542,-0.058811366678526066,-0.04769242517526977,0.09000117304571391,0.09000117304571391,0.0,0.15816534434777538,0.4855621560017159,-0.3111739067050376,-0.002925641291488988,-0.011526512718140617,-5.059248735691155,0,0.47229901942533564
38.98335999999451,-2.1523522093504783,0.5735359012745724,1.334411238165538,-0.0028966536867531503,-0.02953979767588496,-0.02302774527333523,-2.394938567621934,0.5947656322645519,1.759035263214718,0.10471524022011615,-0.2761684886123751,0.18546255891939128,-2.31107292519603,0.5578213128606829,1.4129826619698111,0.018499363672824596,-0.1671479123504358,0.06902787982942876,0.09000117304571391,0.09000117304571391,0.0,0.15815480087036188,0.4856383729159221,-0.31097511965146335,-0.00292602225876281,-0.011516399066511918,-5.059186416538108,0,0.47238671037705554
38.98751999999451,-2.1523642318888854,0.5734129167652011,1.3343153816905597,-0.002885409217653419,-0.029516282249105966,-0.023005553994751366,-1.8542683415240804,0.6328366026749884,1.3980583539657863,0.115422569891829,-0.17963010461463444,0.07746450471594522,-2.0824272237364103,0.594954793970789,1.4056820968533337,0.06688862332557412,-0.17287692232201374,0.07297186194431089,0.09000117304571391,0.09000117304571391,0.0,0.1581442984307323,0.4857142512017775,-0.3107764575926133,-0.0029263706344463073,-0.011506246081903987,-5.059124030398248,0,0.47247435962234396
38.99167999999451,-2.1523762077572326,0.5732900307326307,1.3342196175226517,-0.002874208403342899,-0.02949264781690424,-0.022983400297943442,-1.66418469878841,0.9237387250931541,1.6316708400956341,-0.030925923297833762,-0.03483018840885031,-0.10328842135671232,-1.8733683173090223,0.7592751770986086,1.5184641436246273,0.01844809417001662,-0.10317127343178852,-0.015594519414997626,0.09000117304571391,0.09000117304571391,0.0,0.15813383677032147,0.4857897926185133,-0.3105779218871678,-0.0029266866802155128,-0.011496054150449237,-5.059061578572434,0,0.4725619666144975
38.99583999999451,-2.152388137136506,0.5731672436680539,1.334123945507106,-0.0028630510256076004,-0.029468895498431923,-0.02296128373099855,-2.386057397096292,-0.3082324579052165,1.156192080310619,0.012230363590214191,-0.02702753634856116,0.031568340940850814,-2.129691120571988,0.2254572476952396,1.3373895514609104,0.015394747449381579,-0.06489966055216144,0.008794942118318145,0.09000117304571391,0.09000117304571391,0.0,0.15812341563328525,0.4858649989169468,-0.3103795138810933,-0.0029269706560404465,-0.011485823656052926,-5.058999062351272,0,0.47264953081141853
38.99999999999451,-2.152400020206788,0.5730445560580281,1.334028365491079,-0.002851936867650501,-0.02944502640621357,-0.022939203846452788,-1.5116540466878328,0.5834930717155788,1.354708024325645,-0.06910949917588391,-0.18677137966041607,-0.09359230769129899,-1.820811661517543,0.40408798280625724,1.3458534843222292,-0.027016969194642956,-0.12524916959931598,-0.04202886726125439,0.09000117304571391,0.09000117304571391,0.0,0.15811303476543825,0.4859398718390264,-0.31018123490887006,-0.0029272228201953562,-0.01147555498039414,-5.058936483015178,0,0.4727370516755863
39.004159999994506,-2.1524118571472632,0.5729219683845022,1.3339328773235737,-0.0028408657140934286,-0.029421041646217696,-0.022917160201238383,-1.4533044732845535,1.001788803080832,1.7671840694208942,0.1888979654433082,-0.09594833905998797,-0.09027093650835184,-1.6366625574642122,0.7027424806286584,1.5563351908078182,0.08090935178136266,-0.11034820599361302,-0.06673661081150628,0.09000117304571391,0.09000117304571391,0.0,0.15810269391425918,0.4860144131183387,-0.3099830862925824,-0.002927443429268979,-0.011465248502939812,-5.058873841834449,0,0.47282452867402874
39.008319999994505,-2.1524236481362258,0.5727994811248444,1.333837480855421,-0.002829837350962422,-0.02939694231787605,-0.022895152356659815,-2.310689507770492,0.1300596908359537,1.5590116893303976,0.15953665556797622,-0.1509568977281528,-0.1466008558245598,-1.9733474456879325,0.41608379154792274,1.5573690472045656,0.11951026400544505,-0.13098611090384352,-0.10691073444174588,0.09000117304571391,0.09000117304571391,0.0,0.158092392829752,0.48608862447986706,-0.3097850693425047,-0.002927632738174357,-0.01145490460095435,-5.0588111400693245,0,0.47291196127829477
39.012479999994504,-2.152435393351083,0.5726770947518689,1.3337421759392611,-0.0028188515656708494,-0.029372729514107583,-0.02287317987836975,-2.4117286200845904,0.1660324464650354,1.3244137124591875,0.0435646659401069,-0.0015223884495315816,-0.0717800099897232,-2.192450421532357,0.2910526173628403,1.44073962941693,0.08151074184697885,-0.06598105709508088,-0.08895334221710774,0.09000117304571391,0.09000117304571391,0.0,0.15808213126316922,0.4861625076401783,-0.3095871853564057,-0.002927791000159189,-0.01144452364950773,-5.058748378970052,0,0.4729993489644261
39.0166399999945,-2.1524470929683623,0.5725548097338633,1.3336469624295264,-0.002807908147010701,-0.029348404321350524,-0.022851242336336168,-1.9991307109023742,0.7026662725751054,1.0310050969272748,-0.03978994203302223,0.024823425861064605,0.016450890651971868,-2.095870661345824,0.4969139390065081,1.2359050026699312,0.020236321982117368,-0.020575862225814767,-0.03687788362255659,0.09000117304571391,0.09000117304571391,0.0,0.15807190896808634,0.486236064307289,-0.3093894356205627,-0.0029279184668154533,-0.011434106021484949,-5.058685559776955,0,0.47308669121292934
39.0207999999945,-2.152458747163717,0.572432626534615,1.3335518401824231,-0.0027970068851414123,-0.029323967819600925,-0.022829339304809734,-1.6740791890717828,0.3674001403960192,1.0568103496006422,-0.05226116720978616,-0.08623180445785758,-0.12668155004323203,-1.8850810224980492,0.4319773561956473,1.1460934401965206,-0.015840902657104403,-0.0536796758333551,-0.08201977921189704,0.09000117304571391,0.09000117304571391,0.0,0.15806172569955243,0.4863092961809054,-0.30919182140949514,-0.002928015388089589,-0.011423652087597175,-5.058622683720496,0,0.4731739875087489
39.0249599999945,-2.1524703561119316,0.5723105456134382,1.3334568090559136,-0.0027861475715750634,-0.029299421082428227,-0.022807470362304214,-1.8796160702665565,0.9064080074838455,1.1759129667261308,0.012025547218983693,-0.059783974515024846,-0.07460380080337246,-1.8823234710200274,0.6690722240897209,1.16084744470254,-0.0019211612180758753,-0.05700616331600633,-0.07793063032388996,0.09000117304571391,0.09000117304571391,0.0,0.15805158121516488,0.4863822049523435,-0.3089943439854829,-0.00292808201229206,-0.011413162216389197,-5.05855975202134,0,0.4732612373412392
39.0291199999945,-2.1524819199869283,0.5721885674252007,1.3333618689096987,-0.00277532999915912,-0.029274765176997404,-0.022785635091570722,-2.419362341229409,0.8675509564429946,1.7425378959922548,0.04854960528657723,-0.05297687655127625,0.09455125808667555,-2.1507457369858503,0.7682028629623144,1.451892690192793,0.023337296470386404,-0.055027458238895946,0.008642782189110165,0.09000117304571391,0.09000117304571391,0.0,0.15804147527379292,0.4864547923043417,-0.3087970045993683,-0.0029281185861075483,-0.011402636774246057,-5.058496765890423,0,0.47334844020413724
39.0332799999945,-2.1524934389617703,0.5720666924203502,1.3332670196052006,-0.0027645539620750276,-0.029250001164123674,-0.022763833079554433,-2.3032191566318136,0.1567956791589883,1.3156049652088033,0.0697921223513671,-0.12343060320045816,-0.06000264971311359,-2.2268389029538898,0.4622384307822248,1.3836234633969153,0.04682850406701115,-0.08930644239498388,-0.02586457388094493,0.09000117304571391,0.09000117304571391,0.0,0.15803140763579576,0.48652705991162204,-0.30859980449050434,-0.002928125354604653,-0.011392076125406513,-5.058433726529009,0,0.4734355955955353
39.0374399999945,-2.1525049132086695,0.5719449210449407,1.3331722610055448,-0.0027538192558259405,-0.029225130098294916,-0.022742063917370464,-1.8975238817188085,0.2506269799329171,1.1955233775376843,-0.1425575886687815,-0.11980571173504079,-0.030209080294158464,-2.062475867704043,0.356182655973965,1.289508815267609,-0.04772542920324158,-0.10485405141085764,-0.027817785199280125,0.09000117304571391,0.09000117304571391,0.0,0.1580213780640975,0.48659900944043677,-0.3084027448860598,-0.0029281025612452405,-0.011381480631973064,-5.05837063512876,0,0.4735227030178541
39.041599999994496,-2.1525163428989913,0.5718232537406587,1.3330775929755436,-0.002743125677215148,-0.029200153027680524,-0.022720327200286817,-2.361165933360579,0.38201619956293176,1.7338248338970021,0.07396198142378849,-0.16861110940817628,-0.018340730147725318,-2.211670183874398,0.3687471147564048,1.5116319533010418,0.013606728370594234,-0.1358689638635678,-0.023160552637062275,0.09000117304571391,0.09000117304571391,0.0,0.15801138632291026,0.48667064254875503,-0.30820582700246496,-0.0029280504478944244,-0.011370850653917103,-5.058307492871795,0,0.473609761977816
39.045759999994495,-2.1525277282032595,0.5717016909448496,1.3329830153816782,-0.002732473024344707,-0.029175070994185377,-0.022698622527683315,-2.21266482947885,1.0449387350329191,0.7785199528849603,-0.1698001247124497,0.027531609814091383,0.055989272397865344,-2.212521726504488,0.7069029493679957,1.1451872139191777,-0.0775879916822973,-0.05323086617058804,0.016440688636913215,0.09000117304571391,0.09000117304571391,0.0,0.15800143217838075,0.48674196088645083,-0.3080090520436487,-0.0029279692548301204,-0.011360186549091466,-5.0582443009307525,0,0.47369677198641774
39.04991999999449,-2.152539069291162,0.5715802330905435,1.3328885280920821,-0.002721861096597807,-0.029149885033461234,-0.022676949503030248,-1.9395308990059188,0.61475385884346,1.238678994161284,0.13965253927099708,-0.034909417480571775,-0.08223613158640763,-2.0757337383648364,0.6607545453390049,1.1917626969721904,0.03092656888227188,-0.04378118526855206,-0.03288538909976917,0.09000117304571391,0.09000117304571391,0.0,0.15799151539816797,0.48681296609506314,-0.3078124212031256,-0.00292785922075259,-0.011349488673237563,-5.058181060468857,0,0.47378373255890405
39.05407999999449,-2.1525503663315564,0.5714588806064812,1.3327941309765243,-0.0027112896946307964,-0.029124596174943226,-0.02265530773385992,-2.0740623034453396,1.1001712494192328,0.950981924928889,0.0590865724924539,-0.0923363507504173,-0.018769468697698775,-2.074775154881667,0.8802749291507288,1.0713315568893316,0.0450259367297491,-0.06854317290211258,-0.025814266469031715,0.09000117304571391,0.09000117304571391,0.0,0.15798163575187596,0.48688365980809056,-0.3076159356624487,-0.0029277205827938297,-0.01133875737999519,-5.058117772639976,0,0.47387064321474115
39.05823999999449,-2.1525616194924746,0.5713376339171401,1.332699823906392,-0.0027007586203609034,-0.02909920544187755,-0.02263369683173657,-2.1441612172013818,0.4340506387862104,1.4862881757808077,0.08772903136458968,-0.14749683599718488,-0.06674241459320443,-2.10928418808611,0.6568531894835133,1.2786734778703264,0.0654084354560713,-0.10816742030239149,-0.046049805559030196,0.09000117304571391,0.09000117304571391,0.0,0.15797179301084577,0.4869540436506981,-0.30741959659201384,-0.002927553576527119,-0.011327993020911722,-5.058054438588686,0,0.47395750347759014
39.06239999999449,-2.152572828941129,0.5712164934427595,1.3326056067546745,-0.0026902676769562745,-0.029073713851354377,-0.022612116412226897,-2.68952838601195,0.25736061608299005,1.5291720647196483,-0.04521750685272401,-0.27756785036696463,-0.020738154138298298,-2.3995045673006166,0.45652650027881286,1.4038812563888405,0.010183758097662464,-0.1927250401941907,-0.03333164353008142,0.09000117304571391,0.09000117304571391,0.0,0.15796198694794675,0.48702411924022604,-0.3072234051510094,-0.0029273584359765666,-0.011317195945452128,-5.0579910594503295,0,0.47404431287528115
39.06655999999449,-2.1525839948439156,0.5710954595993665,1.3325114793959458,-0.002679816668820967,-0.02904812241432097,-0.022590566094881713,-2.604289380373746,1.262226331902776,1.383390869094874,-0.15997087207942995,-0.0773094733733069,0.11510021732249395,-2.502230850652473,0.8592217188534748,1.3938756910641044,-0.07502255437059284,-0.1352488776384356,0.04069851270835322,0.09000117304571391,0.09000117304571391,0.0,0.15795221733758144,0.48709388818573673,-0.30702736248715223,-0.0029271353936262553,-0.011306366501005333,-5.057927636351081,0,0.47413107093978657
39.07071999999449,-2.152595117366422,0.5709745327988013,1.3324174417063492,-0.002669405401593685,-0.029022432135638328,-0.02256904550318937,-2.022776993287103,0.6907706660324078,1.9256381825909472,0.07641823651607008,-0.03186914769072888,-0.19328490869413859,-2.2623427894563526,0.7749276368932876,1.6593571532706723,0.0012508098896025757,-0.08304155541000446,-0.07556775231902522,0.09000117304571391,0.09000117304571391,0.0,0.15794248395611837,0.48716335208830974,-0.30683146973770814,-0.002926884680429561,-0.011295505032897862,-5.057864170408003,0,0.4742177772071956
39.07487999999449,-2.152606196673431,0.5708537134487426,1.3323234935635802,-0.002659033682127683,-0.028996644014084676,-0.022547554264566998,-1.8980195962567024,0.35275366621005655,1.833420487998185,0.029971267840367705,-0.02150234646961038,0.22271043066699103,-2.0801164793441584,0.5637927249393296,1.746853779893085,0.015693443199009074,-0.052156544504823585,0.07330700580882624,0.09000117304571391,0.09000117304571391,0.0,0.15793278658146992,0.4872325125410163,-0.30663572802815914,-0.002926606525818493,-0.011284611884399876,-5.05780066272911,0,0.4743044312176881
39.079039999994485,-2.1526172329289244,0.5707330019527326,1.3322296348468705,-0.002648701318483321,-0.02897075904239206,-0.022526092010324652,-2.4968619530544993,0.13614061616124523,1.8520434940769404,0.10494642490956915,-0.22171014796160055,-0.047186871709786055,-2.2882736576909504,0.3495025784781394,1.7993519347079483,0.06022326255983974,-0.13694705350143976,0.01272687387267998,0.09000117304571391,0.09000117304571391,0.0,0.1579231249930972,0.4873013711290013,-0.30644013847365176,-0.0029263011577129123,-0.011273687396734438,-5.057737114413427,0,0.4743910325155093
39.083199999994484,-2.1526282262960907,0.5706123987102023,1.332135865436972,-0.0026384081199173457,-0.02894477820727287,-0.022504658375641695,-2.19499316725771,-0.011706599680188057,0.9551005913552313,-0.07175260443698132,-0.17602994441114356,0.16900342513823996,-2.2417825428683007,0.16852983730564686,1.3775721181355147,-0.005496672357687773,-0.1567324864597152,0.09073949033901194,0.09000117304571391,0.09000117304571391,0.0,0.157913498972229,0.48736992942935087,-0.3062447021776651,-0.0029259688025296314,-0.011262731909086325,-5.0576735265510475,0,0.47447758064894335
39.08735999999448,-2.1526391769373276,0.5704919041164962,1.3320421852161406,-0.002628153896874592,-0.028918702489456823,-0.02248325299953105,-1.9895484482659545,-0.0506469295934151,0.8420408613082992,-0.1288933455725542,-0.28639950776271056,-0.20301674472182524,-2.115930947402332,0.058343039299799976,1.109378945311192,-0.06760907983008498,-0.2209911621556218,-0.05538505277351916,0.09000117304571391,0.09000117304571391,0.0,0.157903908301225,0.4874381890114417,-0.30604942023367376,-0.002925609685191692,-0.011251745758612703,-5.057609900223197,0,0.47456407517028876
39.09151999999448,-2.1526500850142485,0.5703715185628974,1.3319485940681206,-0.0026179384609771447,-0.028892532863710615,-0.02246187552482062,-2.336761406762838,0.5691116705866717,1.8568913457766216,-0.005882095435350102,0.02141382822162355,0.1848626447102688,-2.2263593582843004,0.31377519827707984,1.4835239598510632,-0.03703738789890332,-0.09967391874880176,0.06516835110694179,0.09000117304571391,0.09000117304571391,0.0,0.1578943527646498,0.4875061514365421,-0.3058542937236032,-0.0029252240291370466,-0.01124072928045132,-5.0575462365022865,0,0.47465051563583266
39.09567999999448,-2.152660950687686,0.570251242436652,1.3318550918781284,-0.0026077616250118484,-0.028866270298867795,-0.022440525598122547,-2.0089912701872277,1.2028267775038741,1.3311158226164028,0.15700038572509917,0.09221164418507842,-0.0028541273743337495,-2.117348232873539,0.7584975812547693,1.4073113219712345,0.060447948432865314,-0.0030580796120927177,0.031914594068596064,0.09000117304571391,0.09000117304571391,0.0,0.15788483214799529,0.48757381825821444,-0.3056593237188507,-0.0029248120563279602,-0.011229682807729261,-5.057482536451978,0,0.4747369016058252
39.09983999999448,-2.152671774117698,0.5701310761209943,1.3317616785328377,-0.0025976232029234687,-0.02883991575785782,-0.02241920286980603,-2.147337861947779,0.8044824025368056,1.5056940641727825,0.016939430973000796,-0.16699189387640112,-0.14035264822234855,-2.132308140286028,0.7811426211579366,1.4562129654414724,0.038752513847094626,-0.08484416571672858,-0.0549356839594114,0.09000117304571391,0.09000117304571391,0.0,0.15787534623896796,0.4876411910221303,-0.30546451128045293,-0.0029243739872596135,-0.011218606671572214,-5.057418801127237,0,0.4748232326444555
39.10399999999448,-2.1526825554635725,0.5700110199951705,1.3316683539203629,-0.0025875230098024527,-0.028813470197735922,-0.02239790699397078,-2.3913072666008506,0.8009081300827361,0.9212183816380216,-0.07892324874519392,-0.04560766007159365,-0.20440909485397052,-2.261973498221677,0.7909308303653397,1.188288184347007,-0.02016228419196341,-0.06531451350332584,-0.130345321203498,0.09000117304571391,0.09000117304571391,0.0,0.15786589482621136,0.4877082712663134,-0.3052698574583975,-0.0029239100409694215,-0.011207501201113763,-5.057355031574391,0,0.47490950831982565
39.10815999999448,-2.1526932948838304,0.5698910744344634,1.3315751179302444,-0.0025774608618752285,-0.028786934569703215,-0.02237663762842308,-1.8303230080528552,0.2770177012826497,1.2928695521531797,0.08925251356216891,0.05420800679426427,0.05467202069948142,-2.045960989454136,0.534084189298387,1.240692768316481,0.03521100454764985,-0.005930424462432931,-0.03758501380470645,0.09000117304571391,0.09000117304571391,0.0,0.15785647770016548,0.4877750605208474,-0.3050753632922175,-0.002923420435045552,-0.011196366723503048,-5.057291228831193,0,0.47499572820392655
39.112319999994476,-2.1527039925362326,0.5697712398102169,1.3314819704534333,-0.0025674365764973514,-0.028760309819147338,-0.022355394434641757,-2.406483263045845,0.3444109206248267,1.2651949089541283,-0.10474910013348981,-0.07558090338008258,0.041062151892059834,-2.226441668102969,0.43908915762864287,1.2530304984392076,-0.035171676912276,-0.04081659221284216,0.0012141021153715891,0.09000117304571391,0.09000117304571391,0.0,0.15784709465264424,0.4878415603082798,-0.30488102981115944,-0.0029229053856358943,-0.011185203563915648,-5.057227393926872,0,0.475081891872613
39.116479999994475,-2.152714648577783,0.56965151648986,1.3313889113822759,-0.002557449972139743,-0.02873359688565546,-0.022334177077761412,-2.599670595620802,0.5083775909584138,1.2707760029309938,-0.0757796171658725,0.08063676788206486,-0.16023509042968764,-2.4132160324540033,0.47390239480086355,1.2615686001818436,-0.05563195087267525,0.01951113900766249,-0.0787835451223076,0.09000117304571391,0.09000117304571391,0.0,0.15783774547705376,0.4879077721432764,-0.3046868580339242,-0.002922365107456695,-0.011174012045560407,-5.057163527882192,0,0.47516799890557926
39.120639999994474,-2.1527252631647347,0.5695319048369306,1.3312959406104987,-0.002547500868385928,-0.028706796703064783,-0.022312985226531398,-1.745139321658392,0.9526512156945455,1.3176919234484612,-0.021814064306555792,0.003531497749393802,-0.04154890800076541,-2.0792176914778233,0.7132879710627316,1.2895441406122041,-0.039053746865297015,0.011296172186341678,-0.06012369613750196,0.09000117304571391,0.09000117304571391,0.0,0.15782842996839733,0.48797369753297165,-0.304492848968835,-0.002921799813801486,-0.011162792489692038,-5.057099631709513,0,0.47525404888633455
39.12479999999447,-2.152735836452593,0.5694124052110995,1.3312030580331933,-0.002537589085912508,-0.028679910199459854,-0.02229181855330844,-2.111177194128408,0.8327748978691133,1.034384506291978,-0.02455162627831034,0.07457338132365515,-0.005729618157500609,-2.0952480584690605,0.7731876869448487,1.1619501798726526,-0.03212800591288064,0.042783635368001734,-0.032718249883852586,0.09000117304571391,0.09000117304571391,0.0,0.1578191479228524,0.48803933797694476,-0.304299003613578,-0.0029212097165497164,-0.011151545215615465,-5.057035706412841,0,0.4753400414021788
39.12895999999447,-2.15274636859612,0.5692930179681944,1.3311102635468015,-0.0025277144464862285,-0.02865293829721615,-0.022270676734018537,-1.9166470840644767,0.396456743498223,1.3970464798590942,0.027319058750270936,0.2832312716765462,-0.05859146105627676,-2.00589000108654,0.5854088836756614,1.2793778793455162,-0.0021666930481729087,0.16289983127463178,-0.04554401602768334,0.09000117304571391,0.09000117304571391,0.0,0.15780989913798849,0.48810469496692854,-0.304105322956013,-0.00292059502617525,-0.01114027054069586,-5.056971752987888,0,0.47542597604417824
39.13311999999447,-2.1527568597493407,0.5691737434602234,1.331017557049101,-0.002517876772959002,-0.028625881913040593,-0.022249559448124887,-2.0470360914552224,0.8682995818979173,1.7008669390543463,0.20221508143555345,-0.013100525733485016,-0.05486009986272639,-2.0260440963030373,0.7268305489056069,1.490012280437407,0.10066678374831205,0.07414863998905111,-0.05069638029098976,0.09000117304571391,0.09000117304571391,0.0,0.1578006834131995,0.48816976998737327,-0.30391180797370165,-0.002919955951754964,-0.01112896878037081,-5.056907772422127,0,0.47551185240714194
39.13727999999447,-2.152767310065546,0.5690545820353985,1.3309249384391901,-0.002508075889249711,-0.02859874195797513,-0.02222846637861581,-1.8344904273315612,0.9436667765345951,1.503749600147888,0.10406958052209862,0.011430952126127335,-0.2646520482000489,-1.9300492612196078,0.8352727698547932,1.4963301645380342,0.10227251552660739,0.04336418916975351,-0.15746658934568425,0.09000117304571391,0.09000117304571391,0.0,0.15779150054885338,0.4882345645150495,-0.3037184596340774,-0.0029192927009773894,-0.01111764024815571,-5.056843765694847,0,0.47559767008959736
39.14143999999447,-2.1527777196972973,0.5689355340381592,1.3308324076174736,-0.0024983116203412697,-0.028571519337437654,-0.0222073972119705,-2.1527601130081324,0.8569267425444724,0.673867513260302,-0.011350300900394225,-0.05935723862107333,0.01591248994139873,-2.041429864361942,0.8459766642247577,1.085125876920412,0.04547344442579464,-0.008094692461812993,-0.07064181417644844,0.09000117304571391,0.09000117304571391,0.0,0.15778235034693736,0.48829908001918426,-0.30352527889418696,-0.002918605480151036,-0.011106285255653821,-5.0567797337772085,0,0.47568342869376656
39.14559999999447,-2.1527880887964317,0.5688165998091957,1.330739964485648,-0.0024885837922694024,-0.028544214951244977,-0.022186351638134646,-2.153560291247102,0.5097753539010106,1.1407851004390472,0.019520684301287432,0.06794967253300313,-0.04835851359240797,-2.0974554545361648,0.6780157912294452,1.1128552177887394,0.03259227473303463,0.029537285685989376,-0.05946501486920366,0.09000117304571391,0.09000117304571391,0.0,0.1577732326110629,0.48836331796170535,-0.3033322667015024,-0.002917894494212884,-0.01109490411256472,-5.0567156776322975,0,0.47576912782554315
39.149759999994465,-2.1527984175140653,0.5686977796854722,1.3306476089466874,-0.002478892232113441,-0.028516829693641468,-0.02216532935049513,-1.5578014414406578,0.3211036140666652,1.5139437046416564,0.1330233979033817,0.023455386414071137,-0.0381101339786927,-1.8273480137707543,0.49960566630871406,1.313322922239354,0.08281429578301387,0.026653176403507062,-0.04875161942060346,0.09000117304571391,0.09000117304571391,0.0,0.15776414714561487,0.4884272797970042,-0.3031394239934511,-0.002917159946736997,-0.011083497126693143,-5.056651598215183,0,0.47585476709446833
39.153919999994464,-2.1528087060005987,0.56857907400025,1.3305553409048296,-0.0024692367679897487,-0.02848936445332509,-0.022144330045854872,-2.036683990838309,0.6886342759165572,1.874970089894451,-0.01976207853013615,-0.09566126463026862,-0.10687575749769271,-1.9320594569801028,0.5939206988649599,1.5939280983441024,0.031958358867969314,-0.03371614150250085,-0.07779103528530167,0.09000117304571391,0.09000117304571391,0.0,0.15775509375703817,0.4884909669719659,-0.30294675169737223,-0.0029164020399424697,-0.011072064603957725,-5.056587496472965,0,0.4759403461137073
39.15807999999446,-2.1528189544057197,0.5684604830831105,1.3304631602655612,-0.0024596172290400286,-0.02846182011347465,-0.02212335342440656,-2.304716781093753,0.6194737210935805,1.431270202389954,-0.007355883196960152,-0.05343559758077601,-0.12024022413596355,-2.118407305715975,0.6065866338081434,1.5123487574677579,0.012918740686702335,-0.043761898420772015,-0.09941752041372431,0.09000117304571391,0.09000117304571391,0.0,0.15774607225234602,0.4885543809262669,-0.3027542507309018,-0.002915620974702153,-0.011060606848399551,-5.056523373344837,0,0.47602586450002626
39.16223999999446,-2.152829162878409,0.5683420072599781,1.3303710669356041,-0.0024500334454292294,-0.028434197551785768,-0.02210239918970158,-1.8658330243011745,0.8570712437527065,1.3458957099230873,-0.023848875157888645,-0.07558953464786088,0.002187995913723609,-1.9921693379235552,0.7316729117419718,1.429125492956251,-0.00482063582951658,-0.05940644510939762,-0.04856021976914176,0.09000117304571391,0.09000117304571391,0.0,0.15773708244062024,0.48861752309213846,-0.3025619220019308,-0.002914816950550493,-0.01104912416219292,-5.056459229762131,0,0.47611132187376926
39.16639999999446,-2.152839331566944,0.5682236468531427,1.3302790608229014,-0.0024404852483270664,-0.02840649764047675,-0.022081467048638375,-2.6221848054477923,0.44697803768482264,0.9669017048221257,-0.06460003878119008,-0.15758204818188765,-0.138424924420073,-2.3073173282490647,0.5889946431582477,1.1977241688468891,-0.03399398843677893,-0.10797186530706995,-0.0943158698872875,0.09000117304571391,0.09000117304571391,0.0,0.15772812413173318,0.48868039489461074,-0.30236976640834906,-0.002913990165692011,-0.011037616845650425,-5.056395066648377,0,0.47619671785883516
39.17055999999446,-2.152849460618902,0.568105402181283,1.3301871418366038,-0.0024309724699087157,-0.028378721246335982,-0.022060556711422607,-2.0001406596345848,0.2606379530820065,0.6124163092385185,0.11586922720660782,-0.13419562311738498,-0.030937907765878063,-2.1534856781321525,0.424534757130193,0.9050029759247552,0.0408502658975883,-0.12102420755009256,-0.06319954116395092,0.09000117304571391,0.09000117304571391,0.0,0.1577191971372069,0.4887429977512766,-0.3021777848390733,-0.002913140817009288,-0.011026085197234312,-5.056330884919351,0,0.4762820520826546
39.17471999999446,-2.152859550181166,0.5679872735594883,1.3300953098870556,-0.0024214949433434517,-0.028350869230744223,-0.0220396678915481,-2.27239161483376,0.8276236663961605,1.3191343477655249,-0.0044705703659437745,0.14771459462537065,-0.03403176133860014,-2.212949307333165,0.6263887407540745,1.1120017011544872,0.018447664500523066,0.013584607812789572,-0.049063015417290426,0.09000117304571391,0.09000117304571391,0.0,0.15771030126957591,0.48880533307258955,-0.3019859781725087,-0.0029122691000712736,-0.011014529513565432,-5.056266685483132,0,0.4763673241761674
39.17887999999446,-2.1528696003999275,0.5678692612992813,1.3300035648857815,-0.0024120525027842036,-0.028322942449689893,-0.022018800305774897,-2.3121947486559167,0.7895050027631981,1.317735426506987,0.10244752642798437,-0.16299893765345747,0.27576131527216413,-2.2623599991027583,0.7076102998967727,1.215443585992444,0.06061749148159292,-0.07533046486182537,0.11332498188967632,0.09000117304571391,0.09000117304571391,0.0,0.15770143634303282,0.4888674022617876,-0.3017943472784328,-0.0029113752091411127,-0.011002950089429737,-5.056202469240152,0,0.4764525337737999
39.183039999994456,-2.1528796114206914,0.5677513657086405,1.3299119067454728,-0.002402644983359935,-0.028294941753802212,-0.021997953674103937,-1.7688557006060128,0.36206602709531144,1.2855853840391773,-0.024192418329946803,-0.005799924486765761,-0.12089754392151371,-2.0156548876859706,0.5348227152512501,1.2502637405388064,0.018300473039465463,-0.040104852327282475,-0.0038809618341437676,0.09000117304571391,0.09000117304571391,0.0,0.15769260217257725,0.4889292067148177,-0.3016028930164578,-0.0029104593371844095,-0.010991347217787086,-5.056138237083249,0,0.47653768051344214
39.187199999994455,-2.1528895833882795,0.5676335870920222,1.3298203353799738,-0.0023932722211734325,-0.02826686798838972,-0.02197712771974203,-2.3259879094540192,0.32741327131606074,0.9050570570885228,-0.0730599132344447,0.04767501802636924,0.006553291645824341,-2.170975780770456,0.4312157353770576,1.0776707679669004,-0.027254550897951913,0.0037646615291115773,0.0017422489857430853,0.09000117304571391,0.09000117304571391,0.0,0.15768379857487483,0.488990747820634,-0.3014116162370591,-0.0029095216758770357,-0.0109797211897826,-5.056073989897715,0,0.47662276403642595
39.191359999994454,-2.1528995164468347,0.5675159257503828,1.3297288507042693,-0.0023839340532848243,-0.02823872199344513,-0.021956322169091533,-2.0104763017973997,0.5048874660976136,0.808831815296815,0.03832506258164431,0.05503172720018125,-0.041937533114335936,-2.0906459686829497,0.4681657678303599,0.9431636979625155,0.0058991435777507005,0.029785745455849996,-0.020823977228189537,0.09000117304571391,0.09000117304571391,0.0,0.1576750253676202,0.489052026960855,-0.3012205177815359,-0.002908562415613154,-0.010968072294751982,-5.056009728561356,0,0.476707783987502
39.19551999999445,-2.152909407045331,0.5673983813244468,1.3296374526761348,-0.002373743639092416,-0.02821066222464857,-0.021935526752276224,-2.294474022901137,0.610527474110023,1.503654073478246,-0.01625637375572496,-0.14343650820864332,0.009346162772798969,-2.1925933414424197,0.5390497154548531,1.223432155515243,-0.006087623624919808,-0.057026861715324985,-0.005696612626809374,0.09000117304571391,0.09000117304571391,0.0,0.15766450247620087,0.489113361914031,-0.3010296386682938,-0.002907759336016606,-0.010956370769044235,-5.055945453810269,0,0.4767927394371904
39.19967999999445,-2.1529192551136975,0.5672809539044809,1.3295461413144924,-0.0023635364079720228,-0.028182580791825715,-0.02191472679417413,-1.969693790942309,1.048667523605058,1.0243528634259742,-0.07968898800598359,-0.17008794502972008,-0.020917444650948094,-2.081307378600907,0.7935082419264065,1.123847671460076,-0.04306565564348869,-0.11347050688851709,-0.013336212807437731,0.09000117304571391,0.09000117304571391,0.0,0.15765390336685578,0.48917453646373965,-0.3008390377489486,-0.002907036746587586,-0.010944637715107161,-5.055881166365756,0,0.4768776301818094
39.20383999999445,-2.1529290605732783,0.5671636436114736,1.329454916617119,-0.0023533102993458658,-0.0281544703217395,-0.021893927369624658,-2.367536151076046,0.6236855544464911,1.196322555919302,-0.1169568583662928,0.013743447041154742,0.02926353029347127,-2.2246681970775364,0.7086242768884718,1.160145620573336,-0.07944755686297626,-0.04986256535617532,0.008378083099039577,0.09000117304571391,0.09000117304571391,0.0,0.15764322383324758,0.48923553571891637,-0.3006486946845902,-0.002906356698678173,-0.010932882156225524,-5.055816866934646,0,0.47696245598145987
39.20799999999445,-2.1529388233370663,0.5670464505962337,1.3293637785614651,-0.0023430633091469327,-0.02812632365757994,-0.021873133356948737,-2.024332903686157,0.8760722518976993,0.9469377625443334,0.02635869942669163,-0.0025384913459178537,0.10310016096421126,-2.124445487449119,0.7923432556959267,1.0537552250285507,-0.025991389914045097,-0.02577059904500916,0.05545414844163757,0.09000117304571391,0.09000117304571391,0.0,0.15763245977363222,0.489296345192197,-0.30045858986337537,-0.0029057001187956493,-0.01092110712066012,-5.0557525562096135,0,0.4770472165611552
39.21215999999445,-2.152948543312204,0.5669293750316373,1.3292727271097693,-0.0023327940330127427,-0.02809813550313731,-0.02185234840701927,-2.052706465225572,0.9047501142800427,1.7910728854879698,0.06370060859969731,-0.09485225741764151,0.07298480634458543,-2.0884437539224483,0.8483504039339502,1.4225708581218317,0.019221513919186334,-0.060413904966694076,0.06429662598617358,0.09000117304571391,0.09000117304571391,0.0,0.1576216082822311,0.4893569541012433,-0.300268708544831,-0.0029050573836267176,-0.010909313029932382,-5.055688234869481,0,0.4771319116200574
39.21631999999445,-2.1529582204027617,0.5668124171040477,1.3291817622146307,-0.0023225017338683084,-0.02806990262150796,-0.021831574833243987,-2.6596620397639796,0.4898260420611802,1.6947673334326794,0.09728535524681768,-0.0028234575059119353,0.07199532258741265,-2.373853815460089,0.6690786420917121,1.5588214801595262,0.05789850096690611,-0.031045636954505428,0.06779374135835711,0.09000117304571391,0.09000117304571391,0.0,0.15761066778630464,0.48941735577556256,-0.30007904131831425,-0.0029044236080721297,-0.010897499434942145,-5.05562390357951,0,0.4772165408416757
39.220479999994446,-2.1529678545120032,0.5666955770063271,1.329090883823516,-0.002312186217973942,-0.028041623452937856,-0.021810813867543563,-2.2167490546739823,0.201596227472763,1.5728022706879674,0.09144778108780416,0.11288656782840577,0.19004633450677777,-2.2951097186930505,0.4355686838240892,1.5662067228830594,0.07447466203448733,0.04104614513518592,0.12917245123674825,0.09000117304571391,0.09000117304571391,0.0,0.15759963780117886,0.48947754689781536,-0.2998895830910702,-0.002903796286754536,-0.010885665803714143,-5.055559562991676,0,0.47730110390216124
39.224639999994444,-2.15297744554395,0.566578854932988,1.3290000918818685,-0.002301847667277616,-0.028013297601403035,-0.02179006599542929,-2.0550419235068063,0.6336498132799895,1.665047308468068,-0.03854061375379535,0.029543770939177382,-0.03130539702794278,-2.1751542689464283,0.5346726204004584,1.6155625450263598,0.017957120394288182,0.03503815998195177,0.04896686209295822,0.09000117304571391,0.09000117304571391,0.0,0.15758851859532752,0.48953752648005344,-0.2997003317537627,-0.0029031741116917987,-0.010873811807295547,-5.055495213744941,0,0.477385600476054
39.22879999999444,-2.152986993404336,0.5664622510772132,1.3289093863350092,-0.002291486492640737,-0.027984925385952,-0.021769331246237818,-2.294581866638011,0.8551869256077158,0.9332171196268003,0.04067351510389327,-0.02210721203941142,-0.19112415377427291,-2.234785120038172,0.6948856249888603,1.2739883885375356,0.029706362334208876,0.006665529852416233,-0.07147852875345968,0.09000117304571391,0.09000117304571391,0.0,0.15757731089754382,0.48959729496837956,-0.29951128702492746,-0.0029025563785197587,-0.010861937368329761,-5.055430856465509,0,0.4774700302398093
39.23295999999444,-2.1529964980011163,0.5663457656292327,1.3288187671291656,-0.002281103227294771,-0.02795650751531621,-0.02174860940247727,-1.7812590503340409,1.1962791060886635,1.045568532057411,0.044224353936812566,-0.024487859048230573,0.004741186549136751,-2.0079258890645098,0.9455335098613447,1.1597871207241828,0.03646569952520346,-0.00822150737881965,-0.03356456667292283,0.09000117304571391,0.09000117304571391,0.0,0.15756601568394576,0.4896568535921546,-0.29932244961477195,-0.002901942687739405,-0.01085004261689097,-5.055366491767079,0,0.47755439287371254
39.23711999999444,-2.1530059592446946,0.5662293987755648,1.3287282342119455,-0.0022706984588265703,-0.027928044880288994,-0.021727900132796855,-2.0661395338304596,0.4555438836025216,1.9860549871293578,-0.1919904791176074,-0.25775607728746774,0.018837024646932207,-2.0374331497979052,0.7000005006051758,1.5729653909620758,-0.07741291869558725,-0.13362566068549117,-0.007066492263821939,0.09000117304571391,0.09000117304571391,0.0,0.15755463404198697,0.4897162039493838,-0.29913382069347694,-0.0029013327941650137,-0.010838127824721645,-5.055302120251096,0,0.4776386880627685
39.24127999999444,-2.1530153770479883,0.5661131506987493,1.3286377875324988,-0.0022602727905066565,-0.027899538435689986,-0.02170720306722518,-2.427627819468416,0.8747977090566657,1.560436961581197,0.11678980133969838,0.06653806227166292,-0.11447390888800263,-2.2322904781183643,0.7875391240366173,1.5664635520607229,0.01976376243073645,-0.03374838116398489,-0.06103541172127772,0.09000117304571391,0.09000117304571391,0.0,0.15754316709301971,0.4897753477702066,-0.2989454015910665,-0.0029007265309857902,-0.010826193347518288,-5.055237742506994,0,0.477722915497007
39.24543999999444,-2.153024751326414,0.5659970215773257,1.3285474270415223,-0.002249826822076675,-0.027870989141693663,-0.02168651783434628,-2.308118273269815,0.2552459088772804,1.5580613008976478,-0.07850702092069482,-0.030348434190799987,-0.06235591439364849,-2.2703676833189523,0.5213249833765428,1.5621331460893688,-0.02961311510852533,-0.03171948898091979,-0.06192488592121362,0.09000117304571391,0.09000117304571391,0.0,0.15753161595406345,0.4898342867994384,-0.2987571936471163,-0.0029001237714689765,-0.010814239583731223,-5.055173359112428,0,0.47780707487149937
39.24959999999444,-2.1530340819978386,0.5658810115859086,1.328457152691205,-0.002239361141997556,-0.027842397940097536,-0.021665844076169127,-2.451224055958313,0.6143959439831163,1.158219352734171,-0.07614033040750616,0.03803852259403452,0.06670384962002839,-2.360955411565001,0.5679383856386799,1.360312080977408,-0.05291860012174111,0.0040437962496323995,0.0024216982131384642,0.09000117304571391,0.09000117304571391,0.0,0.15751998172131662,0.48989302274920293,-0.298569198153157,-0.002899524409677897,-0.010802266948973103,-5.055108970633515,0,0.4778911658862578
39.253759999994436,-2.153043368982529,0.5657651208952889,1.3283669644351572,-0.0022288763256689908,-0.027813765748762626,-0.021645181451469958,-1.6546888513332678,0.7656344787290065,1.3552213456803606,0.05435302770993937,-0.07458549055050254,0.08395579470541475,-2.007704962645828,0.6666342436803265,1.3579418085640802,0.0011075224986245896,-0.03601773484991298,0.04294058664136785,0.09000117304571391,0.09000117304571391,0.0,0.15750826546818264,0.48995155728730294,-0.29838141633644766,-0.0028989283507956615,-0.010790275862056184,-5.055044577625057,0,0.47797518824610813
39.257919999994435,-2.1530526122030964,0.5656493496725227,1.328276862228348,-0.0022183729362208267,-0.02778509346389353,-0.02162452963418959,-2.883415008884441,0.15745509505235422,1.1467350904920017,-0.03755918407810663,-0.04257893030302905,-0.013900162454947976,-2.445642316786294,0.4119531858845592,1.252309610085745,-0.01914596699832828,-0.039606816146664704,0.013778355505817817,0.09000117304571391,0.09000117304571391,0.0,0.15749646824521749,0.49000989204198747,-0.2981938493685427,-0.002898335506294351,-0.010778266738493542,-5.054980180630769,0,0.4780591416605737
39.262079999994434,-2.1530618115844553,0.565533698081003,1.328186846027055,-0.0022078515261113813,-0.027756381964738636,-0.021603888310349498,-2.2547624031813696,0.08227942890826179,1.7632985897065951,-0.18338208021630523,-0.11233169318212119,-0.020951121188171065,-2.3505827061511746,0.2468806971032868,1.5077646359865047,-0.10113212266399703,-0.0761296466830315,-0.0038429347879539158,0.09000117304571391,0.09000117304571391,0.0,0.15748459108392848,0.49006802861116844,-0.2980064983762425,-0.002897745791537276,-0.01076623998824241,-5.054915780183494,0,0.4781430258437827
39.26623999999443,-2.153070967053783,0.5654181662805112,1.3280969157888252,-0.0021973126386382056,-0.027727632118016564,-0.02158325717517134,-2.2540555374752507,1.2525618066665731,1.1630999383806424,-0.14092798898833211,0.006885651844161567,0.029972907211644157,-2.302612136224839,0.7497424996981489,1.3354908596721742,-0.12075643981579837,-0.03457375298822562,0.013716039760224437,0.09000117304571391,0.09000117304571391,0.0,0.15747263499972505,0.4901259685712823,-0.2978193644532207,-0.0028971591245954905,-0.010754196015511128,-5.054851376805424,0,0.47822684051439757
39.27039999999443,-2.1530800785404876,0.5653027544272562,1.3280070714724463,-0.0021867568090813173,-0.027698844781211214,-0.02156263593093721,-1.7560703749074573,0.6165696551674622,1.2349822963516686,-0.04828107310646772,-0.04577981756945327,-0.14064427111404387,-2.0294384418002234,0.6830595466455299,1.2849433058560498,-0.08424093778364626,-0.0399942038193425,-0.06343843835977951,0.09000117304571391,0.09000117304571391,0.0,0.15746060099466191,0.49018371348381684,-0.29763244866847605,-0.002896575425664293,-0.010742135219360082,-5.054786971008309,0,0.4783105853955609
39.27455999999443,-2.153089145976177,0.5651874626739035,1.327917313037923,-0.0021761845654488087,-0.027670020804654704,-0.021542024285630432,-1.8823678360395313,0.7609133927770424,0.8900742811087472,-0.12010448522152295,-0.15722112841424402,-0.18237736674418367,-1.956151198863983,0.7216605401713264,1.0871281056655857,-0.10251891047897027,-0.09886032148351669,-0.12358062262862364,0.09000117304571391,0.09000117304571391,0.0,0.15744849005762057,0.4902412648994981,-0.29744575207202606,-0.002895994616772966,-0.010730057994444597,-5.054722563293663,0,0.4783942602148517
39.27871999999443,-2.1530981692946307,0.5650722911696007,1.3278276404464555,-0.002165596428928589,-0.027641161032694962,-0.02152142195216342,-2.265891028674227,0.5251253914571884,1.6855813325501314,-0.02439689391609721,-0.15211653148425514,0.07427771076619363,-2.111072856782495,0.6230766995350261,1.3865124480538114,-0.06402510414760697,-0.1262096071361982,-0.024205302576710084,0.09000117304571391,0.09000117304571391,0.0,0.15743630316663085,0.4902986243606141,-0.29725927569762084,-0.0028954166216348383,-0.010717964731636656,-5.054658154152967,0,0.4784778647042477
39.28287999999443,-2.153107148431773,0.56495724006,1.327738053660422,-0.0021549929141030685,-0.0276122663041571,-0.021500828648052573,-1.7257088871403552,0.8259773938225369,1.5093649182201638,0.053445368315625436,-0.10852713968211566,0.05875169599755138,-1.9182779200012707,0.724302040062523,1.4480613906575788,-0.004860097226760662,-0.11703622697191003,0.017438083238039175,0.09000117304571391,0.09000117304571391,0.0,0.15742404128862975,0.49035579340184565,-0.2970730205643945,-0.0028948413655647005,-0.01070585581843704,-5.054593744067869,0,0.47856139860009006
39.28703999999443,-2.153116083325644,0.5648423094872816,1.3276485526433581,-0.00214437452904031,-0.027583337452419674,-0.021480244095338042,-2.2219559779952482,0.4944479874572557,0.9987838713575574,-0.08435804813970942,0.046129937188882295,-0.12833594082605126,-2.0702951961618856,0.6094684046352964,1.2231538241493605,-0.044286682797899275,-0.03500695839937982,-0.056051214477487746,0.09000117304571391,0.09000117304571391,0.0,0.1574117053790061,0.49041277355040386,-0.2968869876763801,-0.0028942687754272105,-0.010693731639201877,-5.054529333510381,0,0.4786448616430479
39.291199999994426,-2.1531249739163747,0.5647274995901761,1.327559137359939,-0.0021337417753343447,-0.02755437530532946,-0.021459668020601542,-2.8170051835121814,0.5996717102521959,1.4807889999088544,-0.12920164473140686,0.09649273561317871,-0.034261947038948484,-2.4439240631417123,0.6047720523036991,1.3519011479014937,-0.08678077841656051,0.030079894904829506,-0.044771827106552926,0.09000117304571391,0.09000117304571391,0.0,0.15739929638306976,0.49046956632595373,-0.2967011780228802,-0.002893698779599543,-0.0106815925752425,-5.0544649229430645,0,0.4787282535780841
39.295359999994425,-2.1531338201461585,0.5646128105039887,1.3274698077759595,-0.0021230951480957698,-0.027525380684982535,-0.02143910015506845,-2.371830446671617,0.49228136684509693,0.9580967288085271,-0.1115040540210875,-0.36345038816023284,-0.06122214182416448,-2.4081077905163895,0.5477693368424228,1.154870778028707,-0.09956642472992086,-0.1663622565404243,-0.053926634868635734,0.09000117304571391,0.09000117304571391,0.0,0.15738681523452863,0.4905261732399496,-0.29651559257841004,-0.002893131307941517,-0.010669439004833517,-5.054400512819223,0,0.478811574154418
39.29951999999442,-2.153142621959225,0.5644982423606241,1.327380563858315,-0.0021124351359517787,-0.02749635440751736,-0.021418540234703434,-2.539101685752014,0.6920188776436349,1.278865506816754,0.18541758767567812,-0.053922576868127556,0.12591937691264132,-2.4732199779901456,0.6197821352923372,1.2171320125269127,0.042900812008007126,-0.10975342830071952,0.03545891568541547,0.09000117304571391,0.09000117304571391,0.0,0.15737426285653006,0.4905825957954505,-0.2963302323013559,-0.0028925662917685083,-0.010657271303177802,-5.054336103583083,0,0.4788948231254897
39.30367999999442,-2.1531513793018124,0.564383795288612,1.3272914055749803,-0.0021017622210375473,-0.02746729728289525,-0.021397988000308163,-2.432948334342359,1.6470626007626046,1.4425641045114228,-0.08538848334939576,-0.05591512314578154,0.10337363073302262,-2.4532616828831757,1.1333125547109415,1.3300661932702857,-0.02113803681906637,-0.0825011975964399,0.06866992275732497,0.09000117304571391,0.09000117304571391,0.0,0.15736164016120657,0.49063883548639997,-0.2961450981339148,-0.0028920036638265005,-0.010645089842347044,-5.054271695669973,0,0.4789780002489213
39.30783999999442,-2.1531600921221417,0.5642694694131339,1.3272023328949902,-0.0020910768790061065,-0.027438210114734553,-0.0213774431975868,-2.4163128952574806,0.4241623644941034,1.6991048278037133,-0.047720649775586044,-0.0744119066088918,0.11027449205991355,-2.434885569936652,0.7785782296340644,1.5148166665941512,-0.03477295447755291,-0.07870080623161083,0.08985133925214348,0.09000117304571391,0.09000117304571391,0.0,0.157348948049649,0.49069489379749354,-0.2959601910022477,-0.0028914433582683473,-0.010632894991221416,-5.054207289506505,0,0.4790611052864787
39.31199999999442,-2.1531687603703875,0.56415526485605,1.3271133457884186,-0.002080379579036404,-0.0274090937001391,-0.0213569055772155,-1.5207652761440102,0.4919362511104909,1.7038491127162405,-0.06021787490171852,-0.06637317843709495,0.04500264405632249,-1.977943673550974,0.6351149883148605,1.6094267006498613,-0.047784391173601386,-0.07148378298394202,0.06796645066009034,0.09000117304571391,0.09000117304571391,0.0,0.15733618741166527,0.4907507722035104,-0.2957755118155628,-0.0028908853106305527,-0.010620687115427602,-5.05414288551074,0,0.4791441380040323
39.31615999999442,-2.1531773839986537,0.5640411817359268,1.3270244442263566,-0.0020696707838592514,-0.027379948829581228,-0.021336374894875602,-1.8394938733188329,0.4002281795706259,1.4819075035229279,-0.037063527931367045,-0.06582130249198984,0.1193220227753524,-1.908795419006948,0.5175334844665247,1.5459159967959526,-0.042173016870326874,-0.06886953879893613,0.09287127896058808,0.09000117304571391,0.09000117304571391,0.0,0.1573233591266088,0.4908064721694998,-0.29559106146562497,-0.002890329457810608,-0.010608466577287496,-5.054078484092362,0,0.47922709817151726
39.32031999999442,-2.1531859629609444,0.5639272201680653,1.3269356281808928,-0.0020589509497695247,-0.027350776286752105,-0.021315850911304144,-2.348035705510888,0.21882993536841905,1.0915081900458046,-0.10670785708949711,0.15045510315184463,-0.08857583661667391,-2.1286405826846075,0.36849156059141586,1.3185246922995666,-0.07443745595057923,0.041260251858299575,0.0021527191829018182,0.09000117304571391,0.09000117304571391,0.0,0.15731046406228286,0.49086199514995194,-0.2954068408275484,-0.002889775738044991,-0.010596233735765152,-5.0540140856528435,0,0.479309985562893
39.324479999994416,-2.1531944972131387,0.5638133802645299,1.3268468976250916,-0.002048220526667999,-0.027321576848492738,-0.021295333392299498,-2.783171674672566,0.4362399633550893,0.9700523842595641,0.11822948274013376,0.06892700797201606,0.04736269572026183,-2.455665475942468,0.40250915144623384,1.144383306228309,0.022211170459610165,0.05530860454595281,0.025383100480742268,0.09000117304571391,0.09000117304571391,0.0,0.1572975030757685,0.4909173425890363,-0.29522285075866406,-0.002889224090887303,-0.010583988946430036,-5.053949690585606,0,0.4793927999561033
39.328639999994415,-2.153202986712964,0.563699662134177,1.3267582525329717,-0.0020374799580891835,-0.027292351284691443,-0.02127482210874216,-2.240176538815415,0.045928827607056966,1.7412262826898863,-0.1506010805414621,-0.28926366505052564,0.09634465483755103,-2.348232690533201,0.22361460025801735,1.4430081211812213,-0.06421026026863334,-0.11684291696550818,0.06145738127527963,0.09000117304571391,0.09000117304571391,0.0,0.15728447701361223,0.4909725159200923,-0.29503909209909795,-0.0028886744571868465,-0.010571732561421191,-5.053885299276181,0,0.47947554113303487
39.332799999994414,-2.1532114314199693,0.5635860658826846,1.3266696928794859,-0.0020267296812308475,-0.027263100358190982,-0.021254316836612865,-2.674767168784892,0.6254658368119463,1.3753825188430209,0.05866140840727978,0.027661304390110088,0.05876587958408545,-2.511380693623006,0.42459887217681125,1.4093183174368409,-0.0025452042719077512,-0.04378598829190711,0.05951589351883409,0.09000117304571391,0.09000117304571391,0.0,0.1572713867109445,0.49102751656559984,-0.2948555656712803,-0.0028881267790677456,-0.010559464929413792,-5.053820912102367,0,0.47955820887947664
39.33695999999441,-2.1532198312954987,0.5634725916125816,1.3265812186404984,-0.002015970126998457,-0.027233824824730826,-0.021233817356986852,-2.400996965971154,0.49262854269343165,1.6137202973539515,-0.043491011063536214,-0.026189822883335642,-0.015400289335260896,-2.456279373784295,0.4585591632599692,1.5114884201433936,-0.022603718094484734,-0.03472642573122719,0.022199826333021484,0.09000117304571391,0.09000117304571391,0.0,0.15725823299230804,0.4910823459369366,-0.2946722722796669,-0.002887580999907862,-0.010547186395594491,-5.053756529434382,0,0.47964080298507833
39.34111999999441,-2.1532281863026657,0.5633592394232779,1.326492829792765,-0.0020052017200442394,-0.02720452543288457,-0.021213323456030234,-2.561404825177662,0.18559024818654124,1.4911037739883513,-0.19000085720314483,0.007905834621068857,-0.09241903506342163,-2.5092369206040397,0.32208887990221985,1.5011031072600132,-0.1068256626872093,-0.013240099708300817,-0.03480498633343768,0.09000117304571391,0.09000117304571391,0.0,0.1572450166714179,0.491137005434241,-0.2944892127115317,-0.0028870370643182663,-0.010534897301639925,-5.05369215163501,0,0.4797233232433088
39.34527999999441,-2.1532364964063273,0.5632460094110945,1.3264045263139108,-0.001994424878812446,-0.027175202924014454,-0.021192834924989294,-2.3594334340055445,0.44636422476831267,0.9018342744392639,-0.040015234373576354,0.11027192217450735,-0.11396417113999344,-2.4344161269611515,0.3844577567319141,1.2012276590034547,-0.07401741293452792,0.04804044439973396,-0.0744774540239788,0.09000117304571391,0.09000117304571391,0.0,0.1572317385513495,0.4911914964463289,-0.29430638773583373,-0.00288649491812297,-0.010522597985700403,-5.053627779059754,0,0.4798057694514149
39.34943999999441,-2.1532447615730588,0.5631329016692936,1.32631630818241,-0.0019836400155765635,-0.02714585803220359,-0.021172351560188735,-2.3599665199220055,0.5698260707608159,1.483494238594827,0.05474855225675768,-0.16702354172013337,-0.1462495519703982,-2.397076928478114,0.47679471897722353,1.3420588214720073,-0.009642000993666123,-0.058954742841470856,-0.11040330463371036,0.09000117304571391,0.09000117304571391,0.0,0.15721839942472668,0.491245820350343,-0.29412379810422273,-0.002885954508338791,-0.010510288782381472,-5.053563412056977,0,0.4798881414103794
39.35359999999441,-2.1532529817711277,0.5630199162881093,1.3262281753775642,-0.0019728475364881046,-0.027116491484228573,-0.0211518731630099,-2.100977498391883,0.8198577993371281,1.2852662089246403,0.12037596389048391,-0.13260955069917799,0.05808717216970456,-2.248774864220203,0.6480536255909797,1.3137832913068515,0.05540734041733425,-0.09615722778733347,-0.026339010083954447,0.09000117304571391,0.09000117304571391,0.0,0.1572050000734824,0.4912999785120427,-0.2939414445501205,-0.00288541578315577,-0.01049797002273279,-5.05349905096804,0,0.4799704389248797
39.35775999999441,-2.153261156970468,0.562907053354778,1.3261401278794813,-0.0019620478416240684,-0.02708710399952425,-0.021131399539869065,-2.0152760956443556,0.8349961257047829,1.3249350243639664,0.08143111072083753,0.00478365013689535,0.01940588902066519,-2.131853290470269,0.741535212684655,1.3194002664042965,0.06784958654151069,-0.04525042375954224,-0.0037901345028386784,0.09000117304571391,0.09000117304571391,0.0,0.1571915412686191,0.4913539722852932,-0.2937593277895131,-0.0028848786919176,-0.010485642034239104,-5.0534346961274474,0,0.4800526618032455
39.361919999994406,-2.1532692871426553,0.562794312953569,1.3260521656690556,-0.0019512413250402667,-0.027057696290165432,-0.02111093050218973,-1.7772549418412735,0.7242916691466574,1.3210096250170402,-0.15667810320747222,0.061016288276661036,-0.09942101629556435,-1.9548787801436343,0.733040428248026,1.3199983572575285,-0.043794328229272664,0.007781940761333074,-0.0516923081428132,0.09000117304571391,0.09000117304571391,0.0,0.15717802377125223,0.49140780301230147,-0.29357744852088863,-0.0028843431851020484,-0.010473305140815852,-5.053370347862976,0,0.48013480985741763
39.366079999994405,-2.1532773722608836,0.5626816951658155,1.3259642887279457,-0.0019404283748164506,-0.027028269060837065,-0.02109046586638095,-2.2864672840093183,0.1934742858541023,1.0249809841116528,0.0353154216120457,0.01238478709285322,0.13684256308482573,-2.1206013174295184,0.4632803058195047,1.1727707862782295,-0.004523345566311997,0.009619360055505326,0.043259591770658946,0.09000117304571391,0.09000117304571391,0.0,0.15716444833215834,0.4914614720233723,-0.293395807424319,-0.002883809214302149,-0.010460959662804348,-5.053306006495811,0,0.4802168829029062
39.3702399999944,-2.153285412299938,0.5625692000699454,1.3258764970385548,-0.0019296093731069417,-0.026998823008816335,-0.021070005453804913,-2.1943974214311632,0.8166696504198514,1.9247240773553607,-0.10507185251811009,-0.06617830690129377,0.0858835399504142,-2.1577179080345537,0.6398390468694956,1.548931636331444,-0.055043209158812216,-0.027911525706345287,0.06442099583887145,0.09000117304571391,0.09000117304571391,0.0,0.15715081569153633,0.4915149806368238,-0.29321440516289393,-0.0028832767322075183,-0.010448605916969405,-5.053241672340677,0,0.4802988807587488
39.3743999999944,-2.153293407236172,0.5624568277415122,1.32578879058401,-0.0019187846961964102,-0.02696935882396888,-0.02104954909074195,-1.9520066139648524,1.3213314504322422,1.3106362050210296,0.09740482893488366,-0.1275057282699182,0.1073846872355142,-2.0546571661823734,0.9803258434765868,1.4300050656824366,0.02066321978099283,-0.07819958177520511,0.08616193151245558,0.09000117304571391,0.09000117304571391,0.0,0.15713712657940995,0.4915683301590632,-0.29303324238201917,-0.0028827456925856754,-0.01043624421650114,-5.053177345705963,0,0.480380803247469
39.3785599999944,-2.1533013570474826,0.5623445782532257,1.325701169348142,-0.0019079547145550578,-0.026939877188748705,-0.021029096608349968,-1.6290707204196515,0.9595168659027346,0.9817976825430965,-0.03845210404213898,-0.2018667193207954,-0.04319519523039665,-1.841941291215903,0.9695015691993976,1.2058077431769778,-0.008723956255343463,-0.1401392052257333,0.021804123822800798,0.09000117304571391,0.09000117304571391,0.0,0.15712338171603132,0.4916215218845029,-0.2928523197097823,-0.002882216050263721,-0.010423874871019579,-5.053113026893848,0,0.48046265019503537
39.3827199999944,-2.1533092617132863,0.5622324516749833,1.3256136333154644,-0.0018971197928895212,-0.02691037877819098,-0.021008647842629867,-1.4999306964769006,0.9551859907901783,1.1431560325846668,-0.10140326331057982,-0.17909443412627266,-0.0750202903356796,-1.6711448755388565,0.9619717386569104,1.1743261017522373,-0.054885024375896034,-0.1598884258264299,-0.026934769278085652,0.09000117304571391,0.09000117304571391,0.0,0.15710958181121562,0.49167455709542257,-0.2926716377564641,-0.0028816877611105114,-0.010411498186578967,-5.053048716200424,0,0.48054442143081916
39.3868799999944,-2.1533171212144953,0.5621204480739003,1.3255261824711546,-0.0018862802902016055,-0.026880864259921228,-0.020988202634379075,-2.2965144747452655,0.12116617013612924,1.6346754479873755,0.021645378888039486,-0.01761112551034788,-0.027590594934711415,-1.9837885535751043,0.5415260327116569,1.4044482834957863,-0.016853514059112142,-0.08856292388221357,-0.028068029495777896,0.09000117304571391,0.09000117304571391,0.0,0.15709572756495785,0.49172743706215183,-0.29249119711554744,-0.0028811607820186714,-0.010399114465675617,-5.0529844139158175,0,0.48062611678755424
39.3910399999944,-2.1533249355334947,0.5620085675143413,1.3254388168010331,-0.0018754365598461402,-0.026851334294170567,-0.020967760829144987,-2.105939763891103,0.4788729874594865,1.3780448574664919,0.015580724580585414,0.03255063015991872,-0.09672050089054132,-2.0448313328949514,0.5102650531296151,1.3910461934721847,-0.0012506417381055468,-0.02718545950871957,-0.06286281182844643,0.09000117304571391,0.09000117304571391,0.0,0.1570818196678374,0.49178016304287936,-0.2923109983632301,-0.0028806350708870717,-0.010386724007258558,-5.052920120324304,0,0.4807077361012956
39.3951999999944,-2.153332704654118,0.5618968100579506,1.325351536291545,-0.0018645889495802477,-0.026821789533770138,-0.020947322277189536,-2.431004388796143,0.33622651368430123,1.5751019223418412,0.05859880291995139,-0.10075031865904543,0.1393569517431562,-2.237798958938698,0.42303508297780473,1.4833650534452378,0.028804720253489204,-0.06399930846809002,0.03830663636193334,0.09000117304571391,0.09000117304571391,0.0,0.15706785879992563,0.4918327362837288,-0.29213104205900764,-0.002880110586603777,-0.010374327106737097,-5.052855835704425,0,0.48078927921137854
39.399359999994395,-2.153340428561625,0.561785175763683,1.3252643409297389,-0.00185373780163319,-0.026792230624196237,-0.020926886833424804,-2.0581235562903193,0.2545796130540489,0.922281673096643,0.035866371421144745,0.021295999707365905,-0.04582071785827374,-2.1478862313559515,0.33885061129011035,1.2027251330892819,0.03273516330624223,-0.021427785751186895,-0.004233336798065384,0.09000117304571391,0.09000117304571391,0.0,0.15705384563225852,0.4918851580187816,-0.2919513287449726,-0.0028795872890286832,-0.0103619240559978,-5.0527915603291005,0,0.48087074596037843
39.403519999994394,-2.153348107242678,0.5616736646878349,1.3251772307032499,-0.0018428834527546073,-0.026762658203567782,-0.020906454357374735,-2.009814748688463,0.803411009747697,1.6289934579693668,0.011317548306702875,0.04133661601984054,-0.03239007348091803,-2.0788269365931913,0.5712202273677324,1.4157951369187152,0.02248591412521739,0.009860416911225245,-0.01842001160552147,0.09000117304571391,0.09000117304571391,0.0,0.15703978082595926,0.491937429469939,-0.29177185894725405,-0.002879065138976906,-0.010349515143415701,-5.052727294465741,0,0.48095213619406996
39.40767999999439,-2.153355740685321,0.5615622768840737,1.3250902056002785,-0.0018320262342801825,-0.026733072902687824,-0.02088602471311626,-1.5082509988514508,0.7508492749903737,1.4875223359439382,0.007993278140772482,0.09778442672678102,0.07294942481339962,-1.7935183772753307,0.6612400451582909,1.4518112459179537,0.015253956282052101,0.05350508477167369,0.0271266793075962,0.09000117304571391,0.09000117304571391,0.0,0.15702566503285642,0.4919895518472663,-0.2915926331744629,-0.0028785440982021524,-0.01033710065387215,-5.052663038376352,0,0.48103344976138723
39.41183999999439,-2.153363328878955,0.5614510124034693,1.3250032656095734,-0.0018211664721856924,-0.02670347534505658,-0.020865597769230235,-1.8792344803673648,1.020662255421783,1.5585398646938902,0.009493552150630533,-0.006940446075789215,0.12596571068035528,-1.8363580034590785,0.8409395240360046,1.5054380464873802,0.012720880030366151,0.023144523054259514,0.07666520629379543,0.09000117304571391,0.09000117304571391,0.0,0.1570114988952479,0.492041526348641,-0.2914136519199879,-0.0028780241293803748,-0.010324680868769778,-5.052598792317645,0,0.4811146865143841
39.41599999999439,-2.153370871814318,0.5613398712945238,1.3249164107204119,-0.0018103044871526776,-0.026673866146919512,-0.02084517339874149,-1.8543935242498448,0.1780048505419864,1.5526558065428224,-0.032836756535132905,0.03748196243254559,-0.10198684230137652,-1.8454449546299594,0.5095456557707847,1.5288353810467619,-0.009687146513466532,0.030242138729276506,-0.012771417339426147,0.09000117304571391,0.09000117304571391,0.0,0.15699728304652016,0.4920933541600438,-0.2912349156598014,-0.0028775051960936862,-0.010312256066053462,-5.052534556541138,0,0.48119584630819445
39.42015999999439,-2.153378369483462,0.5612288536032018,1.3248296409225824,-0.0017994405946189181,-0.026644245917275756,-0.020824751479073044,-2.5785969046277053,0.39290477319421235,1.076544221685028,0.10557205211440043,0.011029110426074924,0.0107859465027683,-2.2118059380957362,0.45124897276672243,1.3027082860444172,0.04767784916351166,0.019851046051077945,-0.0006168455237057416,0.09000117304571391,0.09000117304571391,0.0,0.15698301811048487,0.49214503645542085,-0.2910564248547557,-0.0028769872628146174,-0.01029982652022575,-5.05247033129326,0,0.4812769290009929
39.42431999999439,-2.1533858218797324,0.5611179593729605,1.3247429562063657,-0.001788575104847308,-0.026614615257936694,-0.02080433189197966,-2.610731303264375,0.31731158523827907,1.3143349647397822,-0.10058475979514289,-0.056924574662933755,-0.018293046664495508,-2.411480628952508,0.3841593035755803,1.3084836246348404,-0.02644232091060525,-0.017744843692563707,-0.009437894347555964,0.09000117304571391,0.09000117304571391,0.0,0.15696870470199836,0.49219657439692127,-0.29087817994924625,-0.0028764702948903906,-0.010287392502370221,-5.052406116815448,0,0.48135793445395564
39.42847999999439,-2.1533932289977447,0.5610071886447789,1.3246563565625178,-0.0017777083229845697,-0.02658497476356087,-0.020783914523489547,-2.959984607787792,0.08619663059838534,1.4046002179563575,-0.09262394653807722,0.03112761200115579,-0.0905539538138309,-2.685930806596811,0.23523956984474134,1.356353887983929,-0.05871389599932088,0.007196395919701917,-0.049819411857211386,0.09000117304571391,0.09000117304571391,0.0,0.15695434342672612,0.4922479691348138,-0.29070018137222664,-0.0028759542585275275,-0.010274954280173686,-5.052341913344248,0,0.4814388625312219
39.432639999994386,-2.153400590833366,0.5608965414571886,1.3245698419822518,-0.0017668405491218645,-0.02655532502169258,-0.02076349926384824,-1.8616759459615584,0.576860129026739,1.3891259854070368,0.07449628190788668,-0.08459845058716195,-0.22363484700794622,-2.273643764642288,0.40587581780888976,1.3722743429361985,0.008414558219138508,-0.03847406548898153,-0.1363942738532311,0.09000117304571391,0.09000117304571391,0.0,0.15693993488219096,0.49229922180740343,-0.2905224295371556,-0.0028754391207764986,-0.010262512117948592,-5.052277721111409,0,0.48151971309985586
39.436799999994385,-2.1534079073836927,0.5607860178463019,1.3244834124572207,-0.0017559720783501742,-0.02652566661279922,-0.020743086007463097,-2.0427392131851194,0.771968545242415,1.1744375892010244,0.030106581836355936,0.08040341354952323,-0.12081227945955414,-2.15812694917145,0.5890931613395254,1.2731023971965865,0.019113403082254118,0.020389041480723843,-0.12817224725129736,0.09000117304571391,0.09000117304571391,0.0,0.15692547965604176,0.4923503335415364,-0.29034492484173074,-0.002874924849517272,-0.010250066276654986,-5.052213540343976,0,0.48160048602980793
39.440959999994384,-2.1534151786470295,0.5606756178458422,1.3243970679795005,-0.0017451032008284025,-0.02649600011032452,-0.02072267465283583,-2.1162532761844637,0.7261163814846455,0.8190185301013251,-0.043429348652478016,-0.11237886569647536,-0.08166426723958281,-2.1372811562440215,0.6573712466708616,1.0458887765210132,-0.011670827281485625,-0.0456311783005423,-0.10557017945099688,0.09000117304571391,0.09000117304571391,0.0,0.15691097832816994,0.4924013054520897,-0.2901676676691198,-0.002874411413443961,-0.01023761701392607,-5.0521493712643855,0,0.48168118119387743
39.44511999999438,-2.1534224046228703,0.5605653414871724,1.3243108085415733,-0.0017342342018395384,-0.026466326080735007,-0.020702265102505415,-2.339718720480973,1.0778326865603851,2.248703011576226,0.03791514095403149,0.10563335013309005,-0.18219598914752924,-2.2384230381797856,0.8678229218094801,1.646924207687486,0.013381354077256429,0.030809442087040766,-0.14332969759250322,0.09000117304571391,0.09000117304571391,0.0,0.15689643146940713,0.4924521386425299,-0.28999065838705484,-0.0028738987820507867,-0.0102251645840935,-5.0520852140905514,0,0.48176179846767514
39.44927999999438,-2.153429585311878,0.5604551887993242,1.3242246341363109,-0.0017233653618516477,-0.02643664508356309,-0.02068185726298791,-2.2299626504674115,0.2499570143831315,1.0052192144602592,-0.041544317589716453,-0.05691280416478612,0.08999060897329803,-2.2342786826530596,0.5587656908927007,1.326255298640702,-0.014324848398348517,-0.012287921835514692,-0.027117248366811026,0.09000117304571391,0.09000117304571391,0.0,0.15688183964257346,0.4925028342046168,-0.2898138973488513,-0.0028733869256175795,-0.010212709238212221,-5.052021069035957,0,0.4818423377295865
39.45343999999438,-2.153436720715864,0.5603451598090264,1.3241385447569578,-0.0017124969565755317,-0.026406957671455476,-0.02066145104471792,-2.121857807627137,0.5927072432399009,0.9021741132525902,-0.0637715160366334,-0.13336089414426494,-0.09239879925658458,-2.1781984978726747,0.5754596517091911,1.1140194772272094,-0.03981604144013634,-0.07297721935878929,-0.05971806999282865,0.09000117304571391,0.09000117304571391,0.0,0.15686720340138888,0.4925533932187488,-0.2896373848929309,-0.0028728758151959797,-0.010200251224085886,-5.0519569363097405,0,0.4819227988607343
39.45759999999438,-2.1534438108377683,0.5602352545407338,1.3240525403971162,-0.0017016292570321686,-0.026377264390237416,-0.020641046361977673,-2.2725935791495924,0.6912945040816177,1.647377428136231,0.08048137203794907,-0.1040030287189001,-0.115236059055462,-2.2252295721119566,0.6331612415459056,1.3804633179746537,0.02045574731394057,-0.08833252522650302,-0.08786817193580425,0.09000117304571391,0.09000117304571391,0.0,0.1568525232917355,0.49260381675382736,-0.2894611213436281,-0.002872365422595201,-0.010187790786296152,-5.051892816116777,0,0.4820031817449426
39.46175999999438,-2.153450855681642,0.5601254730166547,1.3239666210507293,-0.001690762529610724,-0.026347565778965347,-0.02062064313283674,-2.0815078344190705,0.5107949362199901,1.2822643676271732,0.00911012422483982,-0.20035396850759887,0.0794435726415526,-2.15335061572336,0.5715605925747395,1.3315285180410639,0.015681357453830466,-0.14437953213742158,-0.004281700611945028,0.09000117304571391,0.09000117304571391,0.0,0.15683779985163884,0.492654105867496,-0.28928510701092924,-0.0028718557203685586,-0.010175328166231156,-5.051828708657767,0,0.4820834862687011
39.46591999999438,-2.1534578552526256,0.5600158152567799,1.3238807867120663,-0.0016798970361185243,-0.02631786236995423,-0.020600241279105327,-2.5560455638372797,0.23894644552314454,0.7393787571050358,-0.08771756392981238,0.0653181670839563,-0.05761871240051846,-2.3548833703497722,0.4053883127995916,1.0353294630159449,-0.03600536201151293,-0.0401505947106369,-0.030857476567667366,0.09000117304571391,0.09000117304571391,0.0,0.15682303361017955,0.4927042616061119,-0.28910934219106654,-0.002871346681800196,-0.010162863602108234,-5.051764614129311,0,0.48216371232112887
39.470079999994375,-2.1534648095569335,0.5599062812789095,1.323795037375707,-0.0016690330338598406,-0.026288154688881377,-0.020579840726243935,-2.335421772384366,-0.0025559884847018433,1.130404297094992,0.06168780636935533,-0.0903027063574429,-0.009378525747565966,-2.3450242316385337,0.2012270141705889,1.0828483579015344,0.012885600656410867,-0.0659608528572034,-0.02027306173544827,0.09000117304571391,0.09000117304571391,0.0,0.15680822508961198,0.49275428500493224,-0.28893382716625815,-0.002870838280891555,-0.01015039732901011,-5.0517005327239985,0,0.48224385979393963
39.474239999994374,-2.153471718601832,0.5597968710986813,1.3237093730365264,-0.001658170775670576,-0.026258443254780495,-0.02055944140333764,-2.723386820316962,0.8686334885761486,1.458700595229444,-0.19283882879733955,-0.1140634186089339,0.2309162278938104,-2.5346091184385258,0.5346974975378662,1.2712567904343828,-0.09003763167615912,-0.08992471257836426,0.10560131294094209,0.09000117304571391,0.09000117304571391,0.0,0.15679337480299432,0.49280417708797897,-0.28875856220508994,-0.002870330492348692,-0.010137929578904196,-5.051636464630476,0,0.48232392858140616
39.47839999999437,-2.1534785823956235,0.5596875847295972,1.3236237936896806,-0.0016473105100055872,-0.026228728580170654,-0.020539043242991006,-2.1220392685606617,0.27234002539774255,0.8846955571048467,-0.02431396968108561,0.04108156945838408,-0.20687676256945625,-2.3283729094067644,0.4036021420154419,1.077541553901959,-0.056684498589378275,-0.024318362845022437,-0.04984008673325843,0.09000117304571391,0.09000117304571391,0.0,0.15677848325694857,0.4928539388684928,-0.288583547563541,-0.002869823291569089,-0.010125460580682382,-5.05157241003353,0,0.4824039185803268
39.48255999999437,-2.1534854009476274,0.5595784221830512,1.3235382993305917,-0.0016364524809717633,-0.02619901117105076,-0.020518646181307096,-1.7604348632279532,0.28872753271824897,1.3319015933616434,0.24992328395859403,0.06482863937245796,-0.033883199138754046,-2.043879154899503,0.3462993754567632,1.2046531844674855,0.09615541938080949,0.02000889923665406,-0.04201029203897221,0.09000117304571391,0.09000117304571391,0.0,0.1567635509495056,0.4929035713486924,-0.28840878348322824,-0.0028693166546294316,-0.010112990560182097,-5.051508369114161,0,0.48248382968999026
39.48671999999437,-2.1534921742681625,0.5594693834683554,1.3234528899549343,-0.0016255969284009763,-0.02616929152699225,-0.020498250157800636,-2.46902226599283,0.7681933367634471,1.0793317969436311,-0.07106543721154913,-0.0033322129336512997,-0.0005501498078110054,-2.256600087365528,0.557243351451563,1.1419913513230298,0.011876722918784187,0.007871476934639382,-0.021706899437821593,0.09000117304571391,0.09000117304571391,0.0,0.15674857837158268,0.492953075520014,-0.28823427019414344,-0.002868810558272917,-0.010100519740219194,-5.051444342049655,0,0.48256366181214266
39.49087999999437,-2.1534989023685287,0.5593604685927671,1.3233675655586203,-0.0016147440879058078,-0.026139570141197367,-0.020477855115342662,-2.249398453698735,0.5670923491726526,1.1389850719866657,0.029847969822600184,-0.04936412030147839,-0.09155411461026733,-2.2529362688282992,0.5620643091194392,1.1402985260460907,0.020443636081548547,-0.02029347151836318,-0.05699403245949882,0.09000117304571391,0.09000117304571391,0.0,0.15673356600611102,0.49300245236313867,-0.2880600079124728,-0.002868304979897222,-0.010088048340619087,-5.051380329013658,0,0.48264341485095325
39.49503999999437,-2.153505585260991,0.5592516775615148,1.3232823261377866,-0.001603894190939279,-0.026109847500559127,-0.02045746100009503,-1.959926635166707,0.5094228073545037,1.217832252763939,-0.11174762441143876,0.030026159620374512,0.02774612167446995,-2.1066611702508005,0.5358063730863651,1.1791236190926844,-0.04596243701344026,0.004512271563583558,-0.014617847993078928,0.09000117304571391,0.09000117304571391,0.0,0.15671851432930056,0.493051702848233,-0.2878859968424793,-0.0028677998975421884,-0.010075576578247626,-5.0513163301762445,0,0.4827230887129823
39.49919999999437,-2.153512222958761,0.5591430103778243,1.3231971716887805,-0.0015930474648460278,-0.02608012408571106,-0.020437067761458313,-2.2737913434041017,1.0560458554184744,1.6075935951904237,-0.019129021474546846,0.003965377204698386,-0.026612506031756286,-2.190266763400858,0.7959398816128916,1.3933048082718176,-0.032764172056106274,0.0033353067550191216,-0.019920154828525195,0.09000117304571391,0.09000117304571391,0.0,0.15670342380976832,0.49310082793492277,-0.2877122371758206,-0.0028672952898782505,-0.010063104667039321,-5.051252345703988,0,0.48280268330714804
39.503359999994366,-2.1535188154759815,0.5590344670429448,1.3231121022081471,-0.0015822041329203959,-0.026050400371088033,-0.020416675352010163,-1.7808572119329593,0.3986336748096322,1.1434391469639784,-0.12403383112353508,0.1382296817467758,-0.0027291333239646727,-1.985815263269351,0.5975703261407946,1.2683645641142225,-0.07928094010725796,0.07134396242934281,-0.011331247677953595,0.09000117304571391,0.09000117304571391,0.0,0.1566882949089486,0.4931498285722136,-0.28753872909236494,-0.002866791136194663,-0.010050632818026803,-5.051188375760027,0,0.48288219854469416
39.507519999994365,-2.1535253628277085,0.5589260475561739,1.3230271176926163,-0.0015713644144715292,-0.026020676825015535,-0.020396283727430298,-2.1593875092461716,0.36230664789627054,0.5373857197287717,-0.15709471082158274,-0.020649296201303544,-0.12775100997667077,-2.0729289325006346,0.4798937787260254,0.9026052700665683,-0.11838515950018298,0.02540712320141165,-0.06999602426484476,0.09000117304571391,0.09000117304571391,0.0,0.1566731280810759,0.49319870569905305,-0.2873654727597236,-0.0028662874163881934,-0.010038161239376727,-5.051124420504135,0,0.4829616343391584
39.511679999994364,-2.1535318650298954,0.5588177519148834,1.3229422181390893,-0.001560528524869253,-0.02599095390973739,-0.020375892846459024,-1.9814757545136852,1.182238415206784,1.1143235029039782,-0.055092528308739466,0.0009788317939152281,0.0067668734626260205,-2.027314989230599,0.8310723251311904,1.0084796138873153,-0.08737047801099102,0.01354190913470363,-0.03146129522909486,0.09000117304571391,0.09000117304571391,0.0,0.15665792377359616,0.4932474602440381,-0.28719246833363954,-0.0028657841109515432,-0.010025690136416021,-5.05106048009278,0,0.4830409906063406
39.51583999999436,-2.153538322099377,0.5587095801145437,1.3228574035446274,-0.0015496966756046574,-0.025961232081496626,-0.0203555026708262,-2.4226463828423066,0.9870892507362221,0.9303392936513697,0.11038338373393752,0.13015432653477363,-0.14282564009052212,-2.224752731229853,0.9093517026578771,0.9691107504753926,0.010951939039777104,0.0722706266799887,-0.08661543363652242,0.09000117304571391,0.09000117304571391,0.0,0.15664268242715065,0.4932960931256573,-0.2870197159590197,-0.0028652812009623977,-0.010013219711664287,-5.050996554679193,0,0.4831202672642722
39.51999999999436,-2.1535447340538534,0.5586015321487496,1.3227726739064392,-0.001538869074342218,-0.025931511790589737,-0.02033511316519993,-2.1912239980279504,0.8662763944668306,0.9690575942540232,-0.04951245589370889,-0.025924016634784348,0.07630982536589671,-2.2080895179783506,0.887758724047105,0.9692430241232797,-0.020044046654062883,0.02370942165144106,-0.005225697866875407,0.09000117304571391,0.09000117304571391,0.0,0.1566274044751321,0.4933446052522654,-0.286847215769043,-0.002864778668072597,-0.010000750164863723,-5.050932644413427,0,0.48319946423318466
39.52415999999436,-2.153551100911874,0.5584936080092436,1.322688029221868,-0.0015280459249835492,-0.02590179348145234,-0.020314724297112716,-1.9842204898604026,0.7182407652512164,2.2963723678095267,0.008750199013907315,-0.16836819976342537,-0.08702967669298081,-2.096134142878417,0.8026485388682173,1.6326359058170332,-0.006174976303685725,-0.07240430886297651,-0.046094792595038285,0.09000117304571391,0.09000117304571391,0.0,0.15661209034495155,0.49339299752248683,-0.28667496788555036,-0.002864276494497239,-0.009988281693014474,-5.050868749442422,0,0.48327858143548
39.52831999999436,-2.153557422692823,0.5583858076859408,1.3226034694883808,-0.0015172274277052379,-0.025872077592679378,-0.02029433603692745,-2.2201403548885654,0.8657783577003263,1.5656087932700946,0.04928793547117834,-0.12672239514133984,-0.1113766630306636,-2.158034909380702,0.8339503949822896,1.5988903021827094,0.02122126631947969,-0.09960019007342392,-0.07877092012789673,0.09000117304571391,0.09000117304571391,0.0,0.15659674045674044,0.4934412708250304,-0.2865029724198652,-0.002863774663004276,-0.009975814490398659,-5.050804869910061,0,0.48335761879570033
39.53247999999436,-2.1535636994169023,0.5582781311669528,1.3225189947035567,-0.001506413779026185,-0.02584236455712276,-0.020273948357760956,-1.303335660767925,0.1067217779300551,1.5208340078299192,0.08321121176662366,0.009769112161180902,0.03985440574438494,-1.7305076181896417,0.4703519578490653,1.5599458825564445,0.05288100174581112,-0.04523060833542537,-0.02012831914007754,0.09000117304571391,0.09000117304571391,0.0,0.15658135522418942,0.4934894260388262,-0.28633122947211676,-0.0028632731569039243,-0.009963348748615266,-5.050741005957228,0,0.4834365762404978
39.53663999999436,-2.1535699311051184,0.5581705784386114,1.3224346048650757,-0.001495605171858363,-0.025812654801947554,-0.020253561235429176,-2.568186840176275,0.4917449380054719,1.2333530190673365,0.003478381570445662,-0.02415133776351943,0.06497990984478459,-2.1493454462880037,0.48099790844388207,1.3967826367033733,0.027985896430418707,-0.03447349232095295,0.02226893368435281,0.09000117304571391,0.09000117304571391,0.0,0.15656593505517533,0.4935374640332145,-0.28615973913270326,-0.0028627719600383536,-0.009950884656611593,-5.050677157721871,0,0.4835154536986065
39.540799999994356,-2.1535761177792665,0.5580631494854918,1.3223502999707073,-0.0014848017955557957,-0.025782948748691758,-0.02023317464839583,-1.939342770245691,0.5695638165328133,1.2125917916061781,0.05747154646794097,-0.07818018959964435,-0.011299453407284341,-2.044222588537684,0.5251208849865819,1.3046615876420167,0.04248108118710115,-0.05729306539971914,0.00588843831534723,0.09000117304571391,0.09000117304571391,0.0,0.15655048035046354,0.49358538566813714,-0.2859885014809757,-0.0028622710567720463,-0.009938422400713503,-5.050613325339054,0,0.4835942511008128
39.544959999994354,-2.1535822594619165,0.5579558442904363,1.3222660800183001,-0.0014740038359702494,-0.025753246813329363,-0.02021278857771315,-2.396705355887084,0.28210105567921034,1.1986047850187684,-0.12987993695486558,-0.09283043623236381,-0.10903139274210277,-2.2207369018111973,0.4034164333602077,1.2514048921914525,-0.04353615691556588,-0.07517880156018555,-0.05119393392563062,0.09000117304571391,0.09000117304571391,0.0,0.15653499150518918,0.49363319179395276,-0.28581751658648746,-0.0028617704319814615,-0.009925962164656152,-5.05054950894101,0,0.48367296837992696
39.54911999999435,-2.1535883561763978,0.5578486628345767,1.322181945005771,-0.0014632114754979438,-0.02572354940632677,-0.020192403006972268,-1.7346339290741113,0.541166898519229,1.455134310793361,-0.03282050959047664,0.07617379226033821,-0.14563768282574197,-1.9777491888379453,0.4724499607861717,1.3529682118189208,-0.0387035214752589,0.0010207373398792873,-0.09846115366978657,0.09000117304571391,0.09000117304571391,0.0,0.15651946890777418,0.4936808832517885,-0.28564678450853476,-0.0028612700710455696,-0.009913504129613109,-5.050485708657203,0,0.48375160547075513
39.55327999999435,-2.1535944079467857,0.557741605097357,1.322097894931095,-0.0014524248931366678,-0.02569385693271652,-0.02017201792224048,-1.6260642106547016,0.6621143828905756,1.5521136539654075,0.026489901567459333,-0.2147780021432731,-0.047542280445399786,-1.801848386889231,0.5668366747039885,1.4524431286420458,-0.00647339956971456,-0.10682043423015049,-0.07285533479981872,0.09000117304571391,0.09000117304571391,0.0,0.15650391294098137,0.4937284608736238,-0.2854763052971947,-0.0028607699598360015,-0.00990104847422862,-5.050421924614372,0,0.4838301623100718
39.55743999999435,-2.153600414797888,0.5576346710565564,1.322013929792295,-0.001441644264534306,-0.025664169792159033,-0.02015163331200982,-2.0569137221949347,0.1718905897252901,1.4764256791772037,-0.06565333710788968,0.18088567348627205,0.10015575353580378,-1.9295192314274203,0.3697374529663573,1.4646431343178614,-0.03613890076697629,0.03684714401021579,0.013522997385530157,0.09000117304571391,0.09000117304571391,0.0,0.15648832398168733,0.4937759254822146,-0.28530607899222543,-0.0028602700847078243,-0.009888595374648633,-5.050358156936587,0,0.4839086388365922
39.56159999999435,-2.1536063767552296,0.5575278606883106,1.321930049587432,-0.0014308697620341849,-0.025634488378991765,-0.02013124916714868,-2.414241018571376,0.9909560547095748,1.3487308393208666,-0.023819065842991427,-0.11055251457287948,-0.097703557136436,-2.171933610093336,0.6801206916712255,1.4064834808570126,-0.029715168575052957,-0.036620566093918665,-0.04233593248619748,0.09000117304571391,0.09000117304571391,0.0,0.15647270240022654,0.4938232778913913,-0.2851361056247465,-0.0028597704324903614,-0.009876145004548576,-5.050294405745301,0,0.48398703499094503
39.56575999999435,-2.153612293845041,0.5574211739671343,1.3218462543145952,-0.0014201015547334415,-0.025604813082310624,-0.020110865480840567,-2.549968209713409,0.2493346778462357,1.1871056140386993,-0.08025709891507934,0.038681950918539196,0.04562779850366658,-2.361120265691095,0.46480410022278773,1.2968887301910228,-0.055089613585519906,0.0015199095742315773,0.001249217827204975,0.09000117304571391,0.09000117304571391,0.0,0.15645704856208817,0.4938705189060906,-0.2849663852161408,-0.002859270990477738,-0.009863697535166506,-5.050230671159398,0,0.4840653507156465
39.56991999999435,-2.153618166094243,0.5573146108659426,1.321762543971893,-0.00140933980852053,-0.025575144286008714,-0.020090482248543512,-2.009766177655643,0.1944233769716005,1.380233086648843,0.13402083796897254,-0.017535115130311696,-0.13162675421607437,-2.185162997548307,0.3295730306579717,1.3382885366050559,0.039931421086226,-0.00687957694713472,-0.06557686077939137,0.09000117304571391,0.09000117304571391,0.0,0.15644136282597876,0.493917649322387,-0.2847969177788809,-0.002858771746420347,-0.00985125313532949,-5.050166953295241,0,0.4841435859550733
39.574079999994346,-2.1536239935304353,0.5572081713560723,1.3216789185574433,-0.001398584686137623,-0.025545482368868305,-0.02007009946792132,-2.2919007687998296,0.2580587592365546,1.7719648202367129,-0.054012056906593636,0.004320096803075532,-0.11716233287632144,-2.238644065636906,0.2938245667026648,1.5548860800558173,-0.007470877696595463,-0.0013701329089024423,-0.09139573892988773,0.09000117304571391,0.09000117304571391,0.0,0.15642564554594626,0.49396466992773846,-0.2846277033169289,-0.0028582726885156185,-0.009838811971488283,-5.05010325226672,0,0.4842217406554374
39.578239999994345,-2.153629776181882,0.5571018554073031,1.321595378069365,-0.001387836347216242,-0.025515827704596723,-0.02004971713880912,-2.0808603565882393,1.0921194523412505,1.2011149459431159,0.02605798473728205,0.04539318814514656,0.07658808045565885,-2.1596977343465396,0.6930702853562621,1.378158071015028,0.009689143792144844,0.0228388132593129,-0.007766814345266621,0.09000117304571391,0.09000117304571391,0.0,0.1564098970696574,0.49401158150096514,-0.28445874182506764,-0.002857773805399754,-0.009826374207743821,-5.050039568185302,0,0.4842998147647596
39.582399999994344,-2.1536355140775,0.5569956629878785,1.3215119225057685,-0.001377094948330207,-0.025486180661894495,-0.020029335263157064,-1.1912428316121448,0.5849300961515027,1.616405373534896,-0.01824473010024651,-0.08531493101255308,-0.08788933430831726,-1.6755019195771574,0.6388214812841727,1.497100615313242,-0.004052493047960321,-0.03099062930849408,-0.047838893251813716,0.09000117304571391,0.09000117304571391,0.0,0.1563941177400945,0.4940583848123886,-0.28429003328994296,-0.002857275086138803,-0.009813940005876837,-5.049975901160073,0,0.4843778082328452
39.58655999999434,-2.1536412072468463,0.5568895940645263,1.3214285518647477,-0.0013663606430389017,-0.025456541604515777,-0.020008953844982597,-1.9066593840943078,0.3218677166277519,1.5869063194201094,0.16238529764528717,-0.07837605704600459,0.029424956663304785,-1.7907437386583953,0.48018040874719775,1.5420656608772787,0.07878358056769401,-0.055184030554810345,-0.009385996347250219,0.09000117304571391,0.09000117304571391,0.0,0.15637830789404678,0.49410508062402525,-0.2841215776896096,-0.002856776520220714,-0.009801509525376943,-5.049912251297783,0,0.48445572101125856
39.59071999999434,-2.1536468557201043,0.5567836486024791,1.3213452661443714,-0.0013556335819379876,-0.02542691089133202,-0.019988572890318513,-2.2079977089421514,0.8722791699113419,1.1904709425889213,0.15877903652566366,-0.0860170495118925,0.05687871284219752,-1.9990421978311437,0.6760526005483842,1.3663846130555617,0.11820402948679809,-0.07010833995553425,0.02351827140306119,0.09000117304571391,0.09000117304571391,0.0,0.15636246786337982,0.4941516696894584,-0.28395337499436185,-0.0028562780975466594,-0.009789082923472567,-5.049848618702894,0,0.4845335530532985
39.59487999999434,-2.153652459528074,0.5566778265654941,1.321262065342675,-0.0013449139127039975,-0.02539728887639472,-0.019968192407165245,-2.21898069342609,0.6987197969714132,0.9153657520461518,0.047052277715534135,-0.04666719321465035,0.14573786068748254,-2.108916633288044,0.6872900004586568,1.1411772960600486,0.0833616614644587,-0.05873041540388003,0.08359173393899838,0.09000117304571391,0.09000117304571391,0.0,0.1563465979750241,0.49419815275419254,-0.2837854251660665,-0.002855779808423098,-0.00977666035516071,-5.049785003477616,0,0.48461130431397453
39.59903999999434,-2.1536580187021577,0.5565721279158734,1.3211789494576522,-0.0013342017801339285,-0.0253676759089813,-0.01994781240544957,-2.1667617390549183,0.8040465795710177,1.2949398563141827,0.0010610435903886037,-0.0365973827503103,0.08672104115566379,-2.1378377644213504,0.7455924314617943,1.2182385181292827,0.042399538856384644,-0.04739890024553719,0.08588285316668094,0.09000117304571391,0.09000117304571391,0.0,0.15633069855010756,0.4942445305556331,-0.28361772815877967,-0.0028552816435540194,-0.009764241973233122,-5.049721405721958,0,0.48468897474998274
39.60319999999434,-2.1536635332743503,0.5564665526144831,1.3210959184872482,-0.0013234973261958037,-0.025338072333664953,-0.019927432896971714,-2.2529221754096174,0.9673424432988392,1.6638495374220375,0.028057558614010634,0.10283662319883685,0.12450690002414141,-2.195321305427391,0.8566834033902018,1.4413068010875698,0.03469531156853447,0.027460590176400904,0.1048633067674798,0.09000117304571391,0.09000117304571391,0.0,0.15631476990543994,0.49429080382317364,-0.28345028391936544,-0.0028547835940327653,-0.009751827928305923,-5.049657825533762,0,0.48476656431968235
39.60735999999434,-2.1536690032772254,0.5563611006207733,1.321012972429351,-0.0013128006900672584,-0.025308478490366784,-0.019907053895365352,-2.0549334861407056,0.6812352650959339,1.2766157050554034,0.052016333164460624,0.14110228498560617,0.03888469518305399,-2.125017467779938,0.769251964690401,1.3590407762574686,0.042992555142170326,0.0840964971314104,0.07197603705691955,0.09000117304571391,0.09000117304571391,0.0,0.15629881235179105,0.4943369732781764,-0.28328309238683097,-0.0028542856513347325,-0.009739418368846814,-5.049594263008746,0,0.48484407298307197
39.611519999994336,-2.1536744287439262,0.5562557718927965,1.3209301112817842,-0.0013021120081891753,-0.02527889471443303,-0.019886675416040035,-2.3023014193614157,0.7125601851706562,1.3821767424135334,0.16245796064057763,0.05129583619663084,0.011252802585827615,-2.2133223074057486,0.741012998333407,1.3706317207403766,0.10249215916665147,0.06739713787796121,0.0419096885057527,0.09000117304571391,0.09000117304571391,0.0,0.1562828261962303,0.49438303963448715,-0.2831161534927312,-0.0028537878073093288,-0.009727013441206817,-5.049530718240546,0,0.4849215007017678
39.615679999994335,-2.1536798097081524,0.556150566387227,1.3208473350423002,-0.0012914314142937844,-0.02524932133666197,-0.019866297476153753,-2.251346241892863,0.5481083672118939,1.91073442460597,-0.2382193493002668,-0.07042647587576398,0.034209527479156475,-2.232829724952103,0.6444140462671263,1.6407571983928826,-0.06798848725949747,-0.0020820668375305124,0.03844883999836044,0.09000117304571391,0.09000117304571391,0.0,0.15626681173997847,0.49442900359809616,-0.28294946716157454,-0.002853290054173021,-0.00971461328964309,-5.049467191320751,0,0.48499884743898025
39.61983999999433,-2.15368514620415,0.5560454840593796,1.320764643708573,-0.0012807590394559444,-0.02521975868337693,-0.01984592009456084,-2.6277644758256278,0.5014671660674074,1.0710300167585056,-0.0584270643044749,-0.1251919184198473,0.00608632790834843,-2.4304222490872314,0.5726795308841729,1.3559015456515018,-0.06279556224480133,-0.06378323845814571,0.022622902553300017,0.09000117304571391,0.09000117304571391,0.0,0.15625076927989193,0.49447486586727907,-0.28278303331101545,-0.002852792384501603,-0.00970221805634751,-5.049403682338944,0,0.48507611315949184
39.62399999999433,-2.1536904382667004,0.5559405248632275,1.3206820372781907,-0.0012700950121369667,-0.025190207076495857,-0.019825543291762397,-2.099552382089866,0.9238592003955552,1.4758033541452735,-0.060856886174433494,-0.1523278220819118,-0.0891341657792263,-2.2651104905305517,0.7479542160978043,1.4156672946753028,-0.062350630558934986,-0.10767986882331547,-0.03296105279079346,0.09000117304571391,0.09000117304571391,0.0,0.15623469910823853,0.4945206271329526,-0.2826168518516198,-0.0028522947912232315,-0.009689827881477008,-5.049340191382737,0,0.48515329782963534
39.62815999999433,-2.1536956859311096,0.5558356887514211,1.3205995157486494,-0.001259439458216915,-0.02516066683356071,-0.019805167089878502,-1.9047574573456598,0.7767840539009603,1.2605469521688137,-0.058134456874974885,-0.03077553323921261,-0.07542750487198639,-2.0850527800774756,0.7623056790327476,1.3379494159473013,-0.06004580153024698,-0.06940308399724208,-0.054318979558961276,0.09000117304571391,0.09000117304571391,0.0,0.156218601512473,0.494566288078603,-0.28245092268705774,-0.002851797267611377,-0.00967744290317642,-5.04927671853781,0,0.48523040141727264
39.63231999999433,-2.1537008892331975,0.5557309756753052,1.3205170791173468,-0.0012487925010416555,-0.025131138267811312,-0.019784791512595244,-2.1512373601565793,0.422742445811888,1.061088733621221,-0.06953646277907057,-0.072898453607893,-0.08417315462676153,-2.118289418588995,0.592369695652608,1.1993424339439782,-0.06515041830233902,-0.07097551106639839,-0.06942408606330167,0.09000117304571391,0.09000117304571391,0.0,0.15620247677543972,0.49461184938042824,-0.28228524571493985,-0.002851299807277853,-0.009665063257606979,-5.0492132638879434,0,0.4853074238917727
39.63647999999433,-2.153706048209287,0.5556263855849375,1.3204347273815755,-0.0012381542614615481,-0.0251016216882357,-0.01976441658512873,-1.6802136075604521,0.8829931093848797,1.2361833851988675,0.04005153063105897,0.08413872557445438,-0.06562492350577873,-1.8991659144015414,0.737857765831614,1.217626306708873,-0.012184596989535652,0.006896929718077395,-0.06735033562570289,0.09000117304571391,0.09000117304571391,0.0,0.15618632517536218,0.49465731170721317,-0.2821198208261563,-0.002850802404165912,-0.009652689078972612,-5.049149827515059,0,0.48538436522399103
39.64063999999433,-2.1537111628961947,0.5555219184291057,1.3203524605385164,-0.0012275248578744555,-0.025072117399634875,-0.019744042334178244,-2.028234881972692,1.3067090298450839,1.140941444934337,-0.005258328751806163,-0.15444784279432924,0.01012385713843282,-1.9637125835711369,1.0219654646859913,1.1793036223627347,-0.008555990729436913,-0.07344457487080491,-0.02824593932716303,0.09000117304571391,0.09000117304571391,0.0,0.15617014698647408,0.4947026757207928,-0.281954647904857,-0.00285030505254349,-0.009640320499548185,-5.049086409499247,0,0.48546122538624875
39.644799999994326,-2.1537162333312208,0.5554175741553447,1.3202702785852336,-0.0012169044062557907,-0.025042625702654052,-0.01972366878789775,-1.9375062900445337,0.1081039685123677,0.6472374952678933,0.11396116445260979,-0.05910661498684067,-0.07348386385568847,-1.9503715760607878,0.5649064523046103,0.9131149331751974,0.05238630690572113,-0.06679123805735104,-0.051314851393072944,0.09000117304571391,0.09000117304571391,0.0,0.15615394247836817,0.4947479420759283,-0.2817897268299312,-0.00284980774699676,-0.009627957649701499,-5.049023009918804,0,0.48553800435231276
39.648959999994325,-2.1537212595521384,0.5553133527099536,1.3201881815186676,-0.001206293020204286,-0.025013146893855774,-0.019703295975849428,-1.7970048361620563,0.5613813901882606,1.2375195767039935,0.11777959050717997,0.15387832739870985,0.15644412525402895,-1.8734425837228434,0.563463246928716,1.075644709151106,0.08528500152270353,0.04387182482555296,0.052654737793859985,0.09000117304571391,0.09000117304571391,0.0,0.1561377119164135,0.49479311142034316,-0.28162505747327815,-0.0028493104824236313,-0.009615600657921122,-5.048959628850265,0,0.48561470209737495
39.653119999994324,-2.1537262415971843,0.555209254038013,1.3201061693356302,-0.001195690810973305,-0.024983681265753486,-0.019682923928972997,-1.7069298576877752,0.6910949102123998,1.400709275225924,0.07836826021592502,0.059493823839657595,0.03334189692959236,-1.7900230062519211,0.6274036120757628,1.2382477521975048,0.08228599300528398,0.05173232095566286,0.04341538189619119,0.09000117304571391,0.09000117304571391,0.0,0.15612145556153173,0.4948381843949731,-0.28146063970171453,-0.0028488132540273195,-0.009603249650838721,-5.0488962663684385,0,0.4856913185980328
39.65727999999432,-2.153731179505049,0.5551052780834009,1.3200242420327988,-0.001185097887519046,-0.024954229106895164,-0.019662552679533166,-2.4154867011495758,0.7586434264688916,0.9990043390163881,0.0783699440087163,-0.06890083921880927,0.05341939692895731,-2.1025939874255446,0.6928813471125346,1.1187343815553226,0.07925318830776532,-0.008682916057988765,0.048946026171730016,0.09000117304571391,0.09000117304571391,0.0,0.15610517367082868,0.49488316163395,-0.28129647337588853,-0.00284831605731005,-0.009590904753259208,-5.048832922546431,0,0.4857678538322699
39.66143999999432,-2.153736073314868,0.5550014247888098,1.3199423996067108,-0.0011745143565278023,-0.024924790701889566,-0.01964218226109614,-2.6320026779135204,0.5606135661591019,1.1562676910568115,0.05793265682468473,-0.06489139045604218,0.02511604820127404,-2.367180484449518,0.6266124028790931,1.1375546463763104,0.0680872388072887,-0.037189377734246805,0.036500379665362875,0.09000117304571391,0.09000117304571391,0.0,0.15608886649694373,0.4949280437646383,-0.2811325583509047,-0.002847818888067018,-0.009578566088182564,-5.048769597455687,0,0.4858443077794363
39.66559999999432,-2.1537409230662115,0.554897694095762,1.3198606420537589,-0.0011639403224570277,-0.024895366331468202,-0.019621812708487715,-2.162098166681982,0.5782632279224659,1.357370487300061,-0.0789141372364416,-0.0787080158322904,0.0412031037451142,-2.2648024290660156,0.6022751681730594,1.247548853306817,-0.0052119706961829375,-0.05861992254363499,0.03930965298092028,0.09000117304571391,0.09000117304571391,0.0,0.15607253428910925,0.4949728314079928,-0.28096889447673623,-0.0028473217423801824,-0.009566233776829178,-5.0487062911660106,0,0.4859206804202307
39.66975999999432,-2.1537457287990764,0.5547940859446264,1.319778969370185,-0.0011533758875639632,-0.024865956272521084,-0.01960144405776764,-2.6293693933459186,1.0169609938583861,1.2076151597209537,0.07033143714156312,-0.11413142584524558,0.1409804256249858,-2.4469420352043314,0.809385378483957,1.2278750794696953,0.03248772037569275,-0.08723077911493468,0.09008217444159639,0.09000117304571391,0.09000117304571391,0.0,0.15605617729185892,0.4950175251782225,-0.2808054815971392,-0.0028468246166126103,-0.009553907938661156,-5.048643003745603,0,0.4859969717366802
39.67391999999432,-2.1537504905538762,0.554690600274634,1.3196973815520758,-0.0011428211519521171,-0.02483656079817353,-0.019581076346176243,-2.057302231747168,0.8156043379821285,1.1629814885019263,0.061357037465901834,-0.16513828881096146,0.12832174883054825,-2.2519908906403856,0.8121521311564075,1.1956951175161987,0.046489949123730896,-0.12652202026905304,0.10901577693730735,0.09000117304571391,0.09000117304571391,0.0,0.1560397957460868,0.495062125683255,-0.2806423195513482,-0.0028463275074024122,-0.009541588691410547,-5.048579735261087,0,0.48607318171212305
39.67807999999432,-2.153755208371433,0.5545872370238931,1.3196158785953587,-0.0011322762135978146,-0.0248071801778129,-0.019560709612116207,-2.5459690118163003,0.16224618549064396,1.2029766023463067,0.051897821334123864,0.020889572585868092,-0.1685206240760117,-2.3988734779065983,0.48723867776045005,1.1989857314940897,0.04891250314314901,-0.05312254604051573,-0.029897477012190674,0.09000117304571391,0.09000117304571391,0.0,0.15602338988903908,0.4951066335246143,-0.2804794081734213,-0.0028458304116569283,-0.009529276151100267,-5.048516485777535,0,0.4861493103311902
39.682239999994316,-2.153759882292968,0.554483996129405,1.3195344604957957,-0.0011217411683878903,-0.024777814677151587,-0.019540343895110848,-2.1537270970781823,0.5275374408359961,1.3764938894782202,0.030402190279198826,-0.09554461371348691,-0.08634347283880422,-2.2762365841044003,0.5071884588682992,1.287563098174965,0.04025846791868863,-0.0737767458824957,-0.05890422853140935,0.09000117304571391,0.09000117304571391,0.0,0.15600695995409136,0.4951510492975657,-0.280316747292225,-0.0028453333265473293,-0.009516970432068943,-5.048453255358501,0,0.4862253575797876
39.686399999994315,-2.1537645123600937,0.5543808775270789,1.31945312724898,-0.00111121611015125,-0.02474846455826722,-0.01951997923577519,-2.1304960415786622,0.28012197950071793,1.5736462954637678,-0.05158984305359261,-0.0718650214349043,-0.03420886604541101,-2.2034715273408985,0.3935032335890434,1.4305348323567657,-0.00617481353179343,-0.07237885271421636,-0.046215347991744184,0.09000117304571391,0.09000117304571391,0.0,0.15599050617052607,0.4951953735912608,-0.2801543367318481,-0.0028448362495030475,-0.009504671646993004,-5.048390044066044,0,0.48630132344507837
39.69055999999431,-2.153769098614805,0.554277881151747,1.319371878850331,-0.001100701130694746,-0.024719130079654074,-0.019499615675781914,-2.213058025047084,0.38051508171849713,0.8944710774687115,0.032307184773214016,0.10731330393401639,0.09005454935378958,-2.208198297304436,0.3872326500383911,1.1626873310351282,0.0133772450188508,0.01727554725550637,0.021518334607010036,0.09000117304571391,0.09000117304571391,0.0,0.15597402876437894,0.4952396069885621,-0.27999217631158846,-0.002844339178206071,-0.009492379906909817,-5.048326851960757,0,0.48637720791546535
39.69471999999431,-2.153773641099471,0.5541750069371792,1.3192907152950901,-0.0010901963198358335,-0.024689811496276314,-0.019479253257826654,-1.8730047541595152,0.60278834987087,1.6616116851439244,-0.0072521946291441396,0.06905992367308038,0.1172289220252524,-2.0406153664951847,0.4951553868197952,1.4123967076460135,0.0035936905544860357,0.04329141758491193,0.06942732241789204,0.09000117304571391,0.09000117304571391,0.0,0.15595752795821732,0.49528375006656256,-0.27983026584593973,-0.002843842110585861,-0.009480095321241461,-5.048263679101796,0,0.4864530109805749
39.69887999999431,-2.153778139856827,0.5540722548160976,1.3192096365783168,-0.0010797017654272753,-0.02466050905959169,-0.019458892025609083,-2.489254138876802,0.5490735356187809,1.4530038272304342,-0.2472664587600096,-0.1599554568395158,-0.08532310208567623,-2.2654527722031883,0.5217811346054718,1.4325246085162806,-0.12154474561248234,-0.0578375938105708,-0.00867198517819523,0.09000117304571391,0.09000117304571391,0.0,0.15594100397027658,0.4953278033962505,-0.2796686051452202,-0.0028433450448141326,-0.00946781799781272,-5.048200525546896,0,0.48652873263123897
39.70303999999431,-2.1537825949299663,0.5539696247201907,1.3191286426948843,-0.0010692175534024579,-0.024631223017631043,-0.01943853202378508,-2.2590303696251604,0.6322186628945446,1.3388368872644654,0.18823358624060807,-0.05004749494814342,-0.050793807768922714,-2.2618496690648318,0.5768955587751053,1.3855743443328672,0.03316278182776246,-0.05345478732864466,-0.029682916774376122,0.09000117304571391,0.09000117304571391,0.0,0.1559244570161618,0.4953717675427085,-0.2795071940149193,-0.0028428479792993646,-0.009455548042878084,-5.048137391352409,0,0.48660437285947916
39.70719999999431,-2.153787006362332,0.5538671165801281,1.3190477336394761,-0.0010587437677965594,-0.024601953615023348,-0.0194181732979473,-2.3009769399702296,0.2665278676662562,0.7858505641935494,-0.11003078712225764,-0.1701781477970446,-0.09318298820198524,-2.2816438238718666,0.4213540960315516,1.0855152642802357,-0.03775901070773462,-0.11109745416513563,-0.06182532945326591,0.09000117304571391,0.09000117304571391,0.0,0.15590788730734403,0.4954156430653668,-0.2793460322567551,-0.002842350912682119,-0.009443285561141379,-5.048074276573319,0,0.4866799316584901
39.71135999999431,-2.15379137419771,0.5537647303255737,1.3189669094065821,-0.001048280490784858,-0.024572701093054913,-0.019397815894589724,-2.2649118657370164,0.7082609432981459,1.2253689391316556,-0.1869212198033957,0.01055547385005979,-0.13224915317309993,-2.273665235388222,0.5648320150836765,1.155165536779703,-0.1129474994852518,-0.0505349235360022,-0.09584546942486066,0.09000117304571391,0.09000117304571391,0.0,0.15589129505264848,0.49545943051788177,-0.27918511966780735,-0.0028418538438297735,-0.009431030655779288,-5.048011181263271,0,0.486755409022624
39.71551999999431,-2.1537956984802213,0.5536624658852,1.3188861699904941,-0.0010378278027019855,-0.02454346568968878,-0.019377459861091947,-1.9110926273980167,0.7323635361630413,0.5917052809830874,-0.011153422718225257,0.08491558575987014,-0.13274677764825066,-2.0923995520593643,0.6487769534072646,0.8731564284018374,-0.06207670443318526,0.01651640669281163,-0.11480910419220608,0.09000117304571391,0.09000117304571391,0.0,0.15587468045675074,0.4955031304483366,-0.2790244560407193,-0.0028413567718319306,-0.009418783428458047,-5.047948105474593,0,0.486830804947374
39.719679999994305,-2.1537999792543134,0.5535603231867015,1.3188055153853038,-0.001027385782082686,-0.024514247639631958,-0.01935710524567612,-2.3814044760611646,0.15515073299890875,1.3320960159267146,0.11037189894474074,0.06417761372859547,-0.025233879581089132,-2.2366745369577146,0.4020950335045534,1.1025766277017883,0.024170666242234337,0.03978769108625435,-0.06987328325859239,0.09000117304571391,0.09000117304571391,0.0,0.15585804372166506,0.49554674339911997,-0.27886404116518493,-0.0028408596959952565,-0.009406543979357175,-5.047885049258322,0,0.48690611942935913
39.723839999994304,-2.1538042165647537,0.5534583021568082,1.318724945584898,-0.0010169545056882723,-0.024485047174377977,-0.0193367520973847,-1.95583570933396,0.6005186413858692,0.9541633875825625,0.07682721848950227,-0.024603671978709177,0.1419299934455238,-2.096092991877131,0.5012581453022479,1.02866353780021,0.050318756973470644,0.007069943721499673,0.036323296059552236,0.09000117304571391,0.09000117304571391,0.0,0.15584138504566847,0.4955902699072334,-0.27870387482601366,-0.0028403626158390884,-0.009394312407191133,-5.047822012664221,0,0.4869813524663085
39.7279999999943,-2.1538084104566226,0.5533564027212989,1.3186444605829561,-0.0010065340485351311,-0.02445586452224107,-0.019316400466054234,-1.9824056850023524,1.2829878640933474,0.9634533746298142,-0.07640569080840078,0.209116316800171,0.034552770106921704,-2.039406582713598,0.8925623461212702,0.9961297637594608,-0.013459366751081503,0.10860170369352715,0.035488588317190206,0.09000117304571391,0.09000117304571391,0.0,0.15582470462436193,0.4956337105043317,-0.278543956804831,-0.0028398655310904923,-0.00938208880922847,-5.047758995740807,0,0.4870565040570468
39.7321599999943,-2.1538125609753056,0.553254624805014,1.3185640603729467,-0.0009961244839222381,-0.024426699908401732,-0.01929605040228952,-2.1304567357295547,0.8759245059558549,1.3474121420883698,0.09783605500216248,-0.11431439482645689,0.10252779347915654,-2.0847305377569407,0.884006326639232,1.1719863605028196,0.04301670607203463,-0.0032208066019251544,0.06915072024317513,0.09000117304571391,0.09000117304571391,0.0,0.15580800264980849,0.4956770657166023,-0.27838428687899913,-0.0028393684416799705,-0.009369873281311829,-5.047695998535372,0,0.4871315742014787
39.7363199999943,-2.1538166681664865,0.5531529683318684,1.3184837449481241,-0.0009857258834580895,-0.02439755355493951,-0.019275701957440973,-1.9840229546795969,0.5340460771934621,1.9400255086966804,-0.0688056563268963,-0.02554202215940934,0.20729513434052485,-2.0345191138056404,0.7089694875416668,1.556442456767503,-0.012907262267920234,-0.013832374616499492,0.13822371412103523,0.09000117304571391,0.09000117304571391,0.0,0.155791279311167,0.49572033606502014,-0.27822486482267694,-0.0028388713477367506,-0.009357665917875914,-5.047633021094,0,0.4872065629005744
39.7404799999943,-2.153820732076141,0.5530514332248647,1.318403514301526,-0.0009753383170951748,-0.02436842568089782,-0.01925535518356729,-2.2151325606155914,0.6708115092747168,1.2270140707801136,-0.022483171847823124,-0.03941276815788891,0.05540042932197885,-2.124873223020994,0.6898071673056856,1.3918413719634404,-0.01800348117136299,-0.026098416993684634,0.09672982076563996,0.09000117304571391,0.09000117304571391,0.0,0.15577453479468556,0.49576352206538776,-0.2780656904063832,-0.002838374249584561,-0.009345466811970987,-5.047570063461594,0,0.48728147015635553
39.7446399999943,-2.153824752750529,0.5529500194061051,1.31832336842597,-0.0009649618531481629,-0.02433931650229743,-0.019235010133425847,-2.344861922360492,0.568976610027603,1.5035271015187652,0.06854533202564098,-0.09704934082685894,0.03156910591060588,-2.2347252032256026,0.6291901064770777,1.4477505838936084,0.024622729661508767,-0.06201321157099838,0.06420036473152571,0.09000117304571391,0.09000117304571391,0.0,0.1557577692832669,0.49580662422832295,-0.2779067633972018,-0.002837877147737312,-0.009333276055278363,-5.047507125681891,0,0.4873562959718804
39.7487999999943,-2.1538287302361887,0.5528487267968042,1.3182433073140516,-0.0009545965583321578,-0.024310226232208014,-0.019214666860430458,-2.1454242293049126,1.220041777077506,1.135730323822853,0.08318996601020426,-0.08597347544376781,-0.04969055530066933,-2.1898997506542877,0.924440584260301,1.2916342181347706,0.053273654577958136,-0.07366980918862868,0.007597556325457411,0.09000117304571391,0.09000117304571391,0.0,0.15574098295710262,0.49584964305940643,-0.277748083558987,-0.0028373800428947876,-0.009321093738134185,-5.047444207797488,0,0.48743104035123
39.752959999994296,-2.1538326645799293,0.552747555317301,1.3181633309581406,-0.0009442424977802019,-0.024281155080762347,-0.019194325418642744,-2.1355784536605342,0.4813021556315086,1.79301944988193,0.054551918144569576,-0.17745496938609884,0.0218095101271982,-2.162625158059391,0.7024995340216651,1.5423756931240529,0.053865782649271846,-0.12573178336210442,0.014708618294471908,0.09000117304571391,0.09000117304571391,0.0,0.15572417599366714,0.49589257905922324,-0.27758965065235575,-0.002836882935938456,-0.00930891994954516,-5.0473813098498574,0,0.4875057032994946
39.757119999994295,-2.1538365558288253,0.552646504887071,1.3180834393503793,-0.0009338997350706549,-0.024252103255202,-0.01917398586274515,-2.6436848563766575,0.33516731281130496,1.118217200489346,-0.04787920510614696,0.06140933911643792,-0.012683013212962625,-2.4032569127177816,0.5189589316196235,1.3302667197030744,0.0024958520972637064,-0.03234099406784698,0.001196678362009095,0.09000117304571391,0.09000117304571391,0.0,0.15570734856728347,0.4959354327235106,-0.2774314644344651,-0.002836385827927547,-0.009296754777206843,-5.047318431879368,0,0.4875802848227596
39.761279999994294,-2.1538404040302095,0.552545575424738,1.3180036324826792,-0.0009235683322542193,-0.024223070959915948,-0.019153648248016825,-2.228251382092924,0.6579384220203648,0.8888438493446971,-0.043866040474846144,0.0035799183266414097,-0.03068019966614744,-2.3158444911502554,0.588456846696962,1.1094872814718468,-0.0205242894649466,-0.014263225247875587,-0.014210665281933441,0.09000117304571391,0.09000117304571391,0.0,0.15569050084954392,0.4959782045430394,-0.2772735246594322,-0.0028358887200948583,-0.009284598307521865,-5.047255573925301,0,0.48765478492809244
39.76543999999429,-2.1538442092316674,0.5524447668480861,1.3179239103467195,-0.0009132483498781221,-0.024194058396476443,-0.019133312630313072,-1.8860255418998455,-0.15522468250391552,0.9433545958194188,-0.06128590760268903,0.08877860830674549,-0.16612417887615982,-2.1010603208092147,0.21679732824503045,1.026074465630408,-0.040499051864230945,0.036388894255307,-0.09026490484336086,0.09000117304571391,0.09000117304571391,0.0,0.15567363300951803,0.49602089500381596,-0.27711583107896953,-0.002835391613842787,-0.00927245062561741,-5.047192736025875,0,0.48772920362352945
39.76959999999429,-2.15384797148103,0.5523440790740707,1.3178442729339443,-0.0009029398470163875,-0.02416506576369701,-0.01911297906603429,-1.7916530882096853,1.0412372244702637,0.877803018193682,-0.024768059047759777,0.02886935597672469,0.010619468827019446,-1.9464069273950206,0.6290838577538556,0.9519595430024247,-0.03221569656698654,0.03226178039103847,-0.039709171891534834,0.09000117304571391,0.09000117304571391,0.0,0.15565674521310485,0.4960635045871772,-0.2769583834410941,-0.0028348945107397544,-0.009260311815366892,-5.047129918218258,0,0.48780354091806233
39.77375999999429,-2.153851690826369,0.5522435120188305,1.3177647202355605,-0.0008926428812869537,-0.024136093257639706,-0.019092647612118412,-2.2112146163016795,0.6549880907285913,0.8293905210877662,-0.11817197320303363,0.07502145928110066,-0.061531502304926794,-2.079059511067862,0.642190849582239,0.8905472270481702,-0.07466327582323774,0.05428723285398947,-0.05111728630763442,0.09000117304571391,0.09000117304571391,0.0,0.15563983762388156,0.49610603376972584,-0.27680118149140365,-0.0028343974125159873,-0.009248181959403308,-5.047067120538589,0,0.4878777968216259
39.77791999999429,-2.1538553673159893,0.5521430655976985,1.3176852522425355,-0.0008823575088819191,-0.024107141071676125,-0.01907231832600796,-2.5880482070417052,0.09308139529150805,1.424927958006147,-0.16406002919374635,-0.06099259155568808,-0.10172914111204104,-2.3338991379230984,0.36750474585520687,1.1575305260548683,-0.11912650426030276,-0.003022477468637638,-0.07679880673648377,0.09000117304571391,0.09000117304571391,0.0,0.1556229104026704,0.49614848302342596,-0.2766442249728569,-0.002833900321060001,-0.009236061139139414,-5.047004343021992,0,0.4879519713450849
39.78207999999429,-2.153859000998425,0.5520427397252131,1.3176058689455954,-0.0008720837845867218,-0.024078209396507493,-0.019051991265639456,-2.223908578762883,0.6064535651918976,1.1493946474382555,-0.047642102102301104,0.1042238762869596,-0.05694971091352556,-2.2790019342693584,0.4871966723231204,1.1533442315124416,-0.08350841453993474,0.05104479985316783,-0.06695026915603641,0.09000117304571391,0.09000117304571391,0.0,0.15560596370796015,0.49619085281585873,-0.2764875136251252,-0.0028334032384148703,-0.009223949434782872,-5.046941585702599,0,0.48802606450022223
39.78623999999429,-2.1538625919224326,0.551942534315129,1.3175265703352228,-0.0008618217618034619,-0.024049298420203064,-0.019031666489419004,-2.059624820523633,0.22415339297479453,0.9716408266546677,-0.15582429707495307,-0.0493145001901021,-0.032440944166702866,-2.169635241378229,0.3555701107040233,1.0624222330423636,-0.12000357096667455,0.0011161153980017503,-0.048953308002777286,0.09000117304571391,0.09000117304571391,0.0,0.1555889976952592,0.4962331436099447,-0.27633104718586926,-0.002832906166774759,-0.00921184692535261,-5.046878848613558,0,0.4881000762997261
39.790399999994285,-2.153866140136985,0.5518424492804279,1.3174473564016553,-0.0008515714925802495,-0.024020408328250253,-0.019011344056197137,-2.1222767276065664,1.0197183037982345,1.404666144214991,0.015094188549938933,-0.1581364454899364,-0.013170126097176299,-2.145925060510678,0.6873193384245507,1.233518724093512,-0.05207728059808154,-0.07821291867826985,-0.030839983042943442,0.09000117304571391,0.09000117304571391,0.0,0.15557201251794445,0.4962753558643064,-0.2761748253900931,-0.002832409108481248,-0.009199753688698416,-5.0468161317870575,0,0.4881740067571783
39.794559999994284,-2.153869645691267,0.5517424845333297,1.3173682271348834,-0.0008413330276270618,-0.023991539303572354,-0.018991024025258683,-2.0830949032115766,0.44632843887192325,1.6389868423629106,0.11285775313777581,0.18129670348495647,-0.0756151165978208,-2.114274928501608,0.5671985067723779,1.436097809394004,0.030440813232215515,0.05190390303353304,-0.052967989346052166,0.09000117304571391,0.09000117304571391,0.0,0.15555500832682867,0.49631749003309766,-0.2760188479701375,-0.0028319120660199523,-0.009187669801515095,-5.04675343525434,0,0.488247855887042
39.79871999999428,-2.1538731086346683,0.5516426399853024,1.3172891825246489,-0.0008311064163388785,-0.023962691526564328,-0.01897070645630259,-1.680287950383582,0.19779601376076777,1.142425710244599,-0.042392193706899055,0.06036312026637941,0.09745062813541147,-1.8973656336064952,0.3826200102484804,1.2894607482230278,-0.006424722413561167,0.05623811133290977,0.023025604595416888,0.09000117304571391,0.09000117304571391,0.0,0.15553798526994073,0.49635954656631365,-0.27586311465610286,-0.0028314150420170924,-0.009175595339357856,-5.046690759045715,0,0.48832162370465027
39.80287999999428,-2.15387652901678,0.5515429155470727,1.317210222560443,-0.0008208917068233662,-0.023933865175139863,-0.018950391409416456,-2.5101157892131907,0.4098009098436398,1.020834947384952,0.004361103532847461,-0.006655519326894451,0.0019143448361645422,-2.203734851547411,0.39619688650435,1.155149176587752,-0.001550171605263957,0.02475707152674626,0.01284315361766257,0.09000117304571391,0.09000117304571391,0.0,0.15552094349358914,0.4964015259095129,-0.2757076251756301,-0.002830918039235936,-0.009163530376660699,-5.04662810319058,0,0.48839531022619426
39.80703999999428,-2.153879906887388,0.5514433111286362,1.3171313472315052,-0.0008106889459162706,-0.023905060424754418,-0.018930078945064408,-2.102033229355587,0.5572582599408279,1.4081746884694621,-0.012483746308727364,-0.0636346225115044,0.05286464317161796,-2.152909933451035,0.47659597959419464,1.2817735992099257,-0.006709087668929947,-0.01925882014319469,0.03288056278048327,0.09000117304571391,0.09000117304571391,0.0,0.1555038831412883,0.49644342850428835,-0.2755523792543236,-0.002830421060573883,-0.00915147498675098,-5.0465654677174285,0,0.48846891546871246
39.81119999999428,-2.153883242296468,0.5513438266392677,1.3170525565268214,-0.0008004981792023768,-0.023876277448430364,-0.018909769124074507,-2.45437018366788,0.22544210401931736,1.3879831242825356,0.05541045253305422,-0.1485402014462091,-0.09258403254892766,-2.303527347990701,0.3507065792901222,1.3346860645716623,0.024554475118024412,-0.08305180357710124,-0.029618538969116655,0.09000117304571391,0.09000117304571391,0.0,0.15548680435418014,0.49648525478788286,-0.2753973766153191,-0.002829924109058985,-0.009139429241862807,-5.046502852653872,0,0.48854243945007864
39.81535999999428,-2.153886535294181,0.5512444619875311,1.316973850435123,-0.0007903194510428025,-0.023847516416809544,-0.018889462007609544,-2.2904585791485896,0.4085110681951567,1.1701198647420274,0.0031265446406695237,-0.1282137073726551,0.05822157045468297,-2.296987079120039,0.379343171930663,1.2525206918708305,0.014183333749731245,-0.10593013941547587,0.015363550229240307,0.09000117304571391,0.09000117304571391,0.0,0.15546970727145684,0.4965270051935532,-0.2752426169799208,-0.002829427187846765,-0.00912739321315548,-5.046440258026651,0,0.4886158821889912
39.81951999999428,-2.1538897859308666,0.5511452170812887,1.3168952289448848,-0.0007801528045914597,-0.023818777498176468,-0.018869157657156455,-2.015318527252433,0.46738416751995676,1.651039741889961,0.13746773418301203,0.08550984535630471,-0.009965308615802691,-2.155865506670694,0.42354050535870874,1.451763001426506,0.07610775427343723,-0.009434582919186994,0.002352871868941861,0.09000117304571391,0.09000117304571391,0.0,0.15545259202971431,0.49656868015061384,-0.27508810006716944,-0.0028289303002172915,-0.009115366970728157,-5.046377683861648,0,0.48868924370496264
39.823679999994276,-2.1538929942570406,0.5510460918277117,1.3168166920443243,-0.00076999828181466,-0.023790060858482374,-0.018848856134513245,-2.0179374386430995,0.5817857077785052,1.7546765512079934,0.06480592680021638,0.08407245812201262,-0.1142887205079931,-2.086764302091644,0.5028382310612742,1.6029856693723072,0.06977911444867188,0.03772219076109763,-0.05667721278731163,0.09000117304571391,0.09000117304571391,0.0,0.1554354587638024,0.49661028008432,-0.27493382559405233,-0.002828433449571868,-0.009103350583633022,-5.046315130183904,0,0.48876252401830844
39.827839999994275,-2.1538961603233884,0.5509470861332892,1.3167382397214002,-0.0007598559235090479,-0.02376136666137647,-0.018828557501773046,-2.2930100816144408,0.6482202236033714,0.8394406631593851,0.05111690808805775,0.13333967824111098,-0.16427557936470802,-2.189780713647776,0.5758066583176287,1.2208665438207527,0.0596799970229277,0.08597150068207095,-0.11066611261152494,0.09000117304571391,0.09000117304571391,0.0,0.15541830760596506,0.49665180541596526,-0.2747797932757129,-0.0028279366394302783,-0.00909134411988895,-5.046252597017633,0,0.48883572315013635
39.831999999994274,-2.1538992841807607,0.5508481999038382,1.3166598719638114,-0.0007497257693293772,-0.023732695068256912,-0.018808261821297516,-1.5546087805558089,0.5894035079111436,1.120119068634042,-0.06614453448594766,-0.025664517579120506,-0.20500747375508993,-1.8723279263888835,0.5825516012192413,1.1700649513150299,-0.0032024892139028783,0.030254681930759565,-0.157474765523998,0.09000117304571391,0.09000117304571391,0.0,0.1554011386866903,0.4966932565630318,-0.27462600282523375,-0.0028274398734277626,-0.009079347646499796,-5.04619008438623,0,0.4889088411223364
39.83615999999427,-2.1539023658801684,0.550749433044512,1.316581588758996,-0.0007396078577976423,-0.023704046238273428,-0.01878796915571653,-1.8348957819421041,0.5696908753715317,1.7325855653564155,-0.2136390678770977,-0.20180616825322817,-0.24076109444308322,-1.8540556601423381,0.5757018075838689,1.450828251966092,-0.10854922432248677,-0.08595815065705911,-0.1990325256546489,0.09000117304571391,0.09000117304571391,0.0,0.15538395213385048,0.496734633939235,-0.27447245395448894,-0.0028269431553122016,-0.009067361229464624,-5.046127592312291,0,0.4889818779575705
39.84031999999427,-2.153905405472778,0.5506507854598104,1.3165033900941296,-0.0007295022263321712,-0.023675420328382088,-0.01876767956790166,-2.58115445938512,0.03691470768009941,1.0842455426205817,0.06568208066891243,0.07582148030078896,0.05320289466323256,-2.2174737776084332,0.3064607454663022,1.2676453877472256,-0.021326051906540428,-0.004382202984234366,-0.07312095390914633,0.09000117304571391,0.09000117304571391,0.0,0.15536674807355227,0.496775937954407,-0.2743191463724295,-0.002826446488941043,-0.00905538493379509,-5.046065120817623,0,0.4890548336792619
39.84447999999427,-2.153908403009908,0.550552257053588,1.3164252759561257,-0.0007194089112606145,-0.023646817493361127,-0.018747393120954855,-1.8563907006123728,0.345959483592977,1.3935906940426142,0.07112341682534831,-0.021816896654275032,0.04773424734749049,-2.036782345702184,0.3261648632930374,1.3307173358502813,0.02516583528104907,-0.013026732389127577,-0.012281705145180066,0.09000117304571391,0.09000117304571391,0.0,0.15534952663013268,0.49681716901486184,-0.2741660797876468,-0.0028259498782785834,-0.009043418823527959,-5.046002669923255,0,0.48912770831158636
39.84863999999427,-2.153911358543024,0.5504538477290637,1.3163472463316332,-0.0007093279478349293,-0.023618237885831922,-0.018727109878204123,-1.6268083387296959,0.5569111041970667,1.2046158180530926,-0.05069122467198928,-0.12844458454291902,-0.06653682346961146,-1.831896870726631,0.4412702377644008,1.2675274562597953,-0.013257417986224524,-0.0696706094878648,-0.03948097514325249,0.09000117304571391,0.09000117304571391,0.0,0.15533228792572717,0.4968583275230122,-0.27401325390601794,-0.0028254533273933888,-0.009031462961736323,-5.045940239649452,0,0.4892005018794614
39.85279999999427,-2.1539142721237337,0.5503555573888291,1.3162693012070368,-0.0006992593702556418,-0.023589681656305192,-0.018706829903175844,-1.5540092652935118,0.4047595994574025,1.3008991130043221,-0.1013574287944363,0.03348139443299683,-0.060724757427713896,-1.6931610526210816,0.4230839481294723,1.2840860098610105,-0.057730392678371205,-0.017930354923830664,-0.049523270482402904,0.09000117304571391,0.09000117304571391,0.0,0.15531503208026481,0.496899413877788,-0.273860668432199,-0.0028249568404556877,-0.009019517410545519,-5.045877830015728,0,0.48927321440853666
39.85695999999427,-2.1539171438037825,0.5502573859348575,1.3161914405684552,-0.0006892032116876163,-0.023561148953199,-0.018686553259588415,-2.296338464971816,0.04045144696434011,1.1300302520243397,-0.0284110881871264,0.10724935909530789,-0.09161747057261194,-1.9948113805985075,0.2319881357067499,1.2068672774777525,-0.043886751401846384,0.04463221951907988,-0.07094571613052009,0.09000117304571391,0.09000117304571391,0.0,0.15529775921189115,0.49694042847457437,-0.27370832306919524,-0.0028244604217344837,-0.009007582231145526,-5.045815441040856,0,0.48934584592518493
39.861119999994266,-2.1539199736350505,0.5501593332685122,1.3161136644017413,-0.0006791595042780684,-0.023532639922870205,-0.01866628001133656,-1.9544048958757847,0.7490223543302548,1.376222740324315,-0.019709391404389286,-0.1198774431097766,-0.05171748978596227,-1.9746484569264242,0.49025941513913834,1.2914367560123003,-0.031988841198469356,-0.03756100674596969,-0.06043507229318855,0.09000117304571391,0.09000117304571391,0.0,0.15528046943696439,0.4969813717052029,-0.2735562175187871,-0.002823964075595,-0.008995657483804289,-5.045753072742882,0,0.4894183964564924
39.865279999994264,-2.153922761669547,0.5500613992905553,1.3160359726924808,-0.0006691282791746808,-0.023504154709646286,-0.01864601022247728,-2.1586487495172433,0.5763179330211929,1.20341752276844,0.04407363872123853,-0.07061845585151524,0.08563572790765799,-2.0665604272634672,0.5331429681286805,1.247605970652845,0.0070994070725658946,-0.054364668589431536,0.01195273879482959,0.09000117304571391,0.09000117304571391,0.0,0.1552631628698373,0.4970222439579431,-0.27340435148088593,-0.0028234678064962726,-0.008983743227881563,-5.045690725139133,0,0.4894908660302493
39.86943999999426,-2.1539255079594075,0.549963583901156,1.3159583654259923,-0.0006591095665395032,-0.02347569345584105,-0.01862574395722219,-2.1541432596488117,0.3979190762975152,1.148846094461689,-0.03816847338434632,0.058377066826660926,0.09524264544870395,-2.1104309484487804,0.4656522646095728,1.1984240974451463,-0.01596303450803426,0.0016306515927969182,0.053277880839915866,0.09000117304571391,0.09000117304571391,0.0,0.15524583962306682,0.49706304561776093,-0.27325272465438766,-0.002822971618988582,-0.00897183952183974,-5.045628398246232,0,0.48956325467494133
39.87359999999426,-2.153928212556889,0.5498658869998985,1.315880842587326,-0.0006491033955674876,-0.023447256301787452,-0.01860548127992316,-2.0870898033158976,0.8413788122380664,1.633782327995077,0.16969735665879176,-0.002700377213017812,0.11080001413710387,-2.0984069068746902,0.6535124883472055,1.4163361414701905,0.07669173991628242,-0.0005045275583008604,0.08231341535303496,0.09000117304571391,0.09000117304571391,0.0,0.15522849980762402,0.4971037770662042,-0.27310133673674364,-0.002822475517711009,-0.008959946423256657,-5.045566092080106,0,0.48963556241974054
39.87775999999426,-2.1539308755143662,0.5497683084857907,1.3158034041612634,-0.0006391097945002067,-0.023418843385858434,-0.018585222255063167,-2.461888248513611,0.6062691756031809,0.6879979671986292,-0.06745609499699926,-0.08650101096182916,0.044143907194962,-2.2802908625515133,0.6297115185564635,1.0522544976769064,0.00483606068731663,-0.0439476910578586,0.06288401750101985,0.09000117304571391,0.09000117304571391,0.0,0.15521114353224857,0.49714443868139363,-0.2729501874235304,-0.0028219795073892153,-0.008948063988836834,-5.045503806656,0,0.4897077892944959
39.88191999999426,-2.1539334968843273,0.549670848257272,1.3157260501323167,-0.0006291287906484178,-0.02339045484450748,-0.018564966947234286,-2.102636134267497,-0.26191473149316113,0.7803746130018375,-0.038141274172630434,-0.04771743609738294,-0.006330830824405833,-2.1915412805176167,0.18379293154679083,0.9163001462016122,-0.01679771189950603,-0.04584580294532569,0.02796305333564186,0.09000117304571391,0.09000117304571391,0.0,0.15519377090408587,0.4971850308382824,-0.2727992764097311,-0.0028214835928329087,-0.008936192274426245,-5.045441541988483,0,0.4897799353297251
39.88607999999426,-2.1539360767193707,0.5495735062122208,1.3156487804847286,-0.0006191604104041999,-0.023362090812283937,-0.018544715421134603,-1.6795998025690029,0.600021947417473,1.3607554029504911,0.05798066040238211,-0.06098323005263822,-0.1367111028981493,-1.9354469663849168,0.39178325208956527,1.1382460833630528,0.020877706865502454,-0.05329016202025184,-0.054148952827088606,0.09000117304571391,0.09000117304571391,0.0,0.15517638202868336,0.4972255539085414,-0.27264860338866587,-0.0028209877789334994,-0.008924331335023385,-5.045379298091462,0,0.4898520005566061
39.89023999999426,-2.153938615072201,0.5494762822479631,1.315571595202472,-0.0006092046792523373,-0.02333375142184652,-0.018524467741561985,-2.4637299757469244,0.23361558161475576,1.6256954661783511,-0.010400086760429791,0.10567203649767404,-0.1685193961662937,-2.1996137605625417,0.3129188723481901,1.381624111509361,0.005222042419216606,0.025811716482302502,-0.11153902867568806,0.09000117304571391,0.09000117304571391,0.0,0.15515897700977316,0.4972660082605508,-0.2724981680530594,-0.002820492070661864,-0.008912481224788094,-5.045317074978193,0,0.4899239850069685
39.894399999994256,-2.153941111995625,0.5493791762612797,1.3154944942692495,-0.0005992616217939025,-0.023305436804013025,-0.01850422397339188,-1.8286548613077442,0.6746200892550245,1.4366575043770196,0.04160494993945744,-0.017149772450976236,-0.008921216928286015,-2.0140455978771596,0.4937359928669959,1.409122101362876,0.0236130267718228,0.004501007605852272,-0.059979054619859334,0.09000117304571391,0.09000117304571391,0.0,0.1551415559494818,0.49730639425955314,-0.2723479700937568,-0.0028199964730662086,-0.008900641997056912,-5.045254872661287,0,0.48999588871328503
39.898559999994255,-2.153943567542549,0.549282188148414,1.315417477668493,-0.0005893312617579501,-0.02327714708777445,-0.018483984181569466,-1.8476058127508261,0.5025939105854023,1.5254140232957785,0.06589687470317858,0.03284589506823486,-0.023158455891732217,-1.9306877463566545,0.498233673371944,1.4672212809365022,0.04488172678157285,0.018507596469689424,-0.04184700163224103,0.09000117304571391,0.09000117304571391,0.0,0.15512411894832698,0.49734671226780564,-0.2721980092012197,-0.0028195009912699094,-0.008888813704354188,-5.045192691152722,0,0.49006771170866387
39.902719999994254,-2.153945981765974,0.5491853178050794,1.3153405453833633,-0.0005794136220087436,-0.02324888240029501,-0.018463748431115614,-1.6746037549460338,0.5630046397765295,0.9452142665652308,-0.12204530834624662,-0.10161243945395457,-0.06095617278704052,-1.8028976369011018,0.53040760702463,1.2060879419892059,-0.03865405095011929,-0.04123129267073281,-0.051692732956445345,0.09000117304571391,0.09000117304571391,0.0,0.15510666610499974,0.4973869626442522,-0.27204828506381395,-0.0028190056304692648,-0.008876996398398104,-5.045130530463852,0,0.4901394540268398
39.90687999999425,-2.153948354718993,0.549088565126467,1.3152636973967504,-0.0005695087245736446,-0.02322064286697575,-0.01844351678709066,-2.044538359387171,0.9646180990531669,1.0066262755290578,0.0972731240665883,-0.0015416799584518637,0.0734417697415127,-1.9235168559997755,0.7475113946418046,1.106508176706469,0.02905669061490866,-0.02076868338318421,0.011007427891904245,0.09000117304571391,0.09000117304571391,0.0,0.15508919751657466,0.49742714574488966,-0.2718987973701615,-0.0028185103959314423,-0.008865190130117537,-5.045068390605418,0,0.49021111570216663
39.91103999999425,-2.1539506864547873,0.5489919300072525,1.315186933691273,-0.0005596165906529042,-0.023192428611462992,-0.018423289314598204,-2.1809540604366844,0.8792885819662373,1.9373207755189052,-0.01635191484827858,0.06457649181052452,-0.023849594308991202,-2.052270146263254,0.8135340697434231,1.5218698808718423,0.005814411449274297,0.022455201214089032,-0.006033038924345196,0.09000117304571391,0.09000117304571391,0.0,0.1550717132789341,0.49746726192276075,-0.27174954580700217,-0.0028180152929923397,-0.008853394949662714,-5.045006271587556,0,0.49028269676960956
39.91519999999425,-2.153952977026623,0.548895412341604,1.315110254249278,-0.0005497372406283826,-0.023164239755658626,-0.018403066078778892,-2.058544000510113,0.3785030531696953,1.5407405982620674,0.06006151840670805,-0.09429553382115669,0.019848085830972587,-2.0552826494364362,0.5958188907835453,1.5313463903597426,0.033154889561147934,-0.035674880839154446,0.007033142854102764,0.09000117304571391,0.09000117304571391,0.0,0.15505421348612367,0.49750731152789335,-0.2716005300604752,-0.002817520327054715,-0.008841610906413062,-5.044944173419805,0,0.4903541972647372
39.91935999999425,-2.1539552264878483,0.5487990120231884,1.3150336590528413,-0.000539870694079922,-0.02313607641974706,-0.018382847144800367,-1.9452012255171063,0.433165768637538,1.4435935102156476,0.025177101161953146,0.05749287206766708,0.21296516180831648,-2.0001879330395953,0.5146097269125816,1.48791285100625,0.02874985710400255,0.011407016494822514,0.109719864312618,0.09000117304571391,0.09000117304571391,0.0,0.15503669823077615,0.49754729490739996,-0.27145174981547754,-0.002817025503586108,-0.0088298380489873,-5.044882096111118,0,0.4904256172237141
39.92351999999425,-2.1539574348918893,0.5487027289451791,1.314957148083767,-0.0005300169698019982,-0.02310793872222831,-0.018362632577840862,-2.582208066089469,-0.07808505690272127,0.7647748456995695,-0.07785436525563229,0.029447610396097144,-0.14975150760402994,-2.291362136113387,0.21832006420215952,1.1260277999861619,-0.025445051699519515,0.02012496316422369,-0.020235096686678944,0.09000117304571391,0.09000117304571391,0.0,0.15501916760389453,0.49758721240541726,-0.2713032047567333,-0.0028165308281169763,-0.008818076425255807,-5.044820039669867,0,0.49049695668329274
39.92767999999425,-2.1539596022922467,0.5486065630002627,1.3148807213235874,-0.0005201760858172578,-0.02307982677993873,-0.018342422443084268,-2.2086516112377104,0.8044191527837317,1.5704934376398203,-0.08846448387807679,-0.12268904322303398,-0.1239944455650851,-2.2501911350371264,0.5111170258391741,1.3480066651057216,-0.05654847802080264,-0.05055441677524194,-0.07251251000820093,0.09000117304571391,0.09000117304571391,0.0,0.15500162169484827,0.4976270643634199,-0.2711548945672966,-0.00281603630623875,-0.008806326082351617,-5.044758004103858,0,0.49056821568080655
39.931839999994246,-2.153961728742494,0.5485105140806458,1.3148043787535635,-0.0005103480593859053,-0.023051740708057652,-0.01832221680571616,-2.008759630572526,0.5021873485079337,1.0114197552743445,0.15059677609752942,-0.19151805509530856,0.07170583972828441,-2.1291610006098813,0.5062543231281419,1.1798597802900042,0.04727253141205677,-0.12129187791710828,-0.0003064443337257212,0.09000117304571391,0.09000117304571391,0.0,0.1549840605922257,0.4976668511197859,-0.27100681893004785,-0.0028155419436016694,-0.008794587066677788,-5.044695989420333,0,0.49063939425416275
39.935999999994245,-2.1539638142962736,0.5484145820780618,1.3147281203546848,-0.0005005329070233323,-0.023023680620153326,-0.018302015730905084,-2.334178531831173,0.6959782938563799,1.63474124247648,-0.0663686729596233,-0.1079925886414611,-0.019079880914254957,-2.2318100750417265,0.6008912096960829,1.4072655593058974,-0.009142037379088282,-0.11377519845825745,-0.01043749634349364,0.09000117304571391,0.09000117304571391,0.0,0.15496648438254848,0.4977065730103775,-0.2708589775268395,-0.00281504774591355,-0.008782859423920906,-5.04463399562598,0,0.49071049244183484
39.94015999999424,-2.1539658590072923,0.5483187668837778,1.314651946107669,-0.0004907306445076594,-0.022995646628177727,-0.018281819283807472,-2.4010708179237126,0.8021528998588705,0.9284247459089513,0.12227051398215921,-0.05872872369308422,0.0387969167971606,-2.3161871004697407,0.7014016174211094,1.1679232601085265,0.05645422680401926,-0.08640375141725554,0.013810293486533547,0.09000117304571391,0.09000117304571391,0.0,0.154948893150909,0.4977462303681609,-0.2707113700384951,-0.002814553718937563,-0.008771143199057354,-5.044572022726943,0,0.4907815102828552
39.94431999999424,-2.153967862929321,0.5482230683886007,1.3145758559929623,-0.0004809412868973654,-0.022967638842503413,-0.018261627529549924,-2.1725758627124527,0.9252684803013497,1.2727461171436165,0.03782250137397805,-0.013968471902289782,-0.09506655992129627,-2.2443015096237655,0.8133064323790867,1.2201386637072942,0.046996580373081236,-0.04964789452551556,-0.041091070340525684,0.09000117304571391,0.09000117304571391,0.0,0.1549312869816092,0.4977858235234661,-0.27056399614566534,-0.00281405986849036,-0.008759438436364562,-5.044510070728826,0,0.49085244781680903
39.94847999999424,-2.15396982611619,0.5481274864828842,1.3144998499907405,-0.0004711648485394341,-0.02293965737193821,-0.018241440533226898,-1.507426734622418,0.03109202583540005,1.2356034386929065,0.06282362992652354,-0.1855572328096065,-0.0415277118491707,-1.8757276459235304,0.4218065561289441,1.2277823910623875,0.05459721783656613,-0.11699483895644014,-0.04015923812005298,0.09000117304571391,0.09000117304571391,0.0,0.15491366595708894,0.4978253528038742,-0.2704168555281875,-0.0028135662004407187,-0.00874774517942993,-5.044448139636708,0,0.49092330508382664
39.95263999999424,-2.153971748621786,0.5480320210565353,1.3144239280809076,-0.00046140134308497336,-0.022911702323749852,-0.01822125835989036,-1.682162775272813,0.7731746898438695,1.4265987295234004,-0.033949103451782155,0.07045887361331384,0.04284406566427561,-1.779015621495225,0.5976401106748411,1.3272800018771105,0.010883752759220013,-0.023509139620560525,0.0018487325719080871,0.09000117304571391,0.09000117304571391,0.0,0.15489603015834993,0.49786481853431713,-0.27026994786487135,-0.002813072720707666,-0.00873606347116097,-5.04438622945514,0,0.49099408212457657
39.95679999999424,-2.153973630500051,0.5479366719990199,1.314348090243097,-0.00045165078350355777,-0.022883773803691915,-0.01820108107453761,-2.1090679421017904,0.06211667836038659,1.2509711260996035,-0.0019131298325480075,0.016248914164731197,-0.12322922131552418,-1.9440475684841574,0.3299107182419939,1.2888684020246515,0.0042446992892456415,-0.0047259725508324935,-0.06053087282792776,0.09000117304571391,0.09000117304571391,0.0,0.15487837966580847,0.4979042210372319,-0.2701232728345695,-0.0028125794352586893,-0.00872439335379621,-5.044324340188162,0,0.49106477898025985
39.96095999999424,-2.1539754718049764,0.5478414391993699,1.3142723364566715,-0.00044191318208330736,-0.022855871915995543,-0.018180908742122272,-2.2553191562998123,0.4994575076482652,0.9576358772831712,-0.11791155790797297,-0.22826719343174534,-0.0016100527266358217,-2.0999307010804675,0.4142093067211218,1.1232462692935923,-0.05686986792379465,-0.11590358682022779,-0.030976285371570014,0.09000117304571391,0.09000117304571391,0.0,0.1548607145575825,0.4979435606323407,-0.26997683011468054,-0.0028120863501084267,-0.008712734868909087,-5.044262471839304,0,0.49113539569260223
39.965119999994236,-2.1539772725906032,0.5477463225461889,1.3141966667007234,-0.00043218855045587805,-0.022827996763418373,-0.018160741427527674,-2.1243803198921385,0.569935383253318,1.8806336225546887,-0.046754497422598636,0.09654365631412992,0.01984681153820577,-2.1122545118792817,0.49227385161127263,1.5019861060244921,-0.051051994325165044,-0.00950552267840975,-0.0053657981302179065,0.09000117304571391,0.09000117304571391,0.0,0.15484303491119825,0.4979828376369649,-0.2698306193828605,-0.0028115934713166405,-0.008701088057420765,-5.044200624411599,0,0.4912059323038483
39.969279999994235,-2.1539790329110184,0.5476513219276588,1.3141210809540753,-0.0004224768996019014,-0.02280014844725347,-0.01814057919556887,-2.489675565700289,0.7327015508801982,1.207368936926714,0.07914974792436026,0.043424016998987604,0.3015485400827336,-2.3008025940058388,0.6125784958144079,1.355303418699745,0.013820989467841117,0.017536958125674518,0.14771272928875046,0.09000117304571391,0.09000117304571391,0.0,0.15482534080294713,0.4980220523656986,-0.26968464031595557,-0.0028111008049868996,-0.008689452959608589,-5.044138797907583,0,0.49127638885675523
39.973439999994234,-2.153980752820351,0.5475564372315448,1.3140455791952796,-0.0004127782398623015,-0.02277232706734909,-0.018120422110985003,-2.437737479042269,1.0944558168964553,1.2582098738409022,-0.02870419070829375,-0.05329900326789011,0.017395952617364666,-2.3693307537788773,0.853409226931163,1.3067928318912072,-0.007412349811416578,-0.017664450537123583,0.08223476970407635,0.09000117304571391,0.09000117304571391,0.0,0.15480763230724126,0.4980612051309367,-0.26953889259000174,-0.002810608357265209,-0.00867782961511478,-5.044076992329306,0,0.4913467653945856
39.97759999999423,-2.153982432372772,0.5474616683452026,1.3139701614026196,-0.00040309258095026594,-0.02274453272212076,-0.01810027023843463,-2.074635577859133,0.5820392690712239,1.5836347687400447,0.06409395152181321,-0.07930040233519824,-0.017871860026021046,-2.221850015899925,0.7175566824973667,1.4451785900567076,0.02940645388130722,-0.048130323372968215,0.03217560318995688,0.09000117304571391,0.09000117304571391,0.0,0.15478990949810695,0.49810029624238833,-0.26939337588086776,-0.002810116134338004,-0.008666218062953843,-5.04401520767834,0,0.4914170619611023
39.98175999999423,-2.1539840716224883,0.5473670151555835,1.3138948275541091,-0.0003934199319597635,-0.022716765508573832,-0.018080123642489086,-1.9426732070696846,0.3495045321958804,1.4529336038099623,-0.03929998582321889,0.01659386536965891,0.13693657264927608,-2.082340522858943,0.5335622508870816,1.4493410261543165,-0.005364504562743646,-0.01563015026316792,0.08452492379970013,0.09000117304571391,0.09000117304571391,0.0,0.15477217244768632,0.49813932600744454,-0.2692480898638282,-0.002809624142431139,-0.008654618341521092,-5.0439534439557825,0,0.4914872786005612
39.98591999999423,-2.153985670623744,0.5472724775492405,1.3138195776274941,-0.0003837603013809148,-0.0226890255223269,-0.01805998238762265,-1.9116563053006748,0.7627373456969317,1.570016750004711,0.10232415434641152,-0.12309139844900585,0.08974268936411622,-1.9967841316586172,0.6478948663735566,1.5098650724765206,0.048349455594130814,-0.06910913118577539,0.08776924142084389,0.09000117304571391,0.09000117304571391,0.0,0.15475442122751698,0.4981782947310658,-0.2691030342142071,-0.002809132387808144,-0.008643030488602332,-5.043891701162264,0,0.4915574153577061
39.99007999999423,-2.1539872294308156,0.5471780554123337,1.3137444116002517,-0.0003741136971067804,-0.022661312857625557,-0.018039846538211134,-2.1487693773179153,0.9970824144208703,1.4459373062133747,-0.04318830422555437,-0.023638880850590918,-0.08162118320292663,-2.0728657949782447,0.8224421598568926,1.4777299838085383,0.0016952296570243656,-0.046494340356855866,0.003560184829651115,0.09000117304571391,0.09000117304571391,0.0,0.15473665590746088,0.4982172027159366,-0.26895820860609565,-0.0028086408767691003,-0.008631454541381742,-5.043829979297954,0,0.491627472277762
39.99423999999423,-2.153988748098009,0.5470837486306364,1.3136693294495911,-0.00036448012644317964,-0.02263362760735087,-0.01801971615852754,-2.5671978098434525,0.7404712637832187,1.4068195442647289,-0.08654416671398554,-0.0646024881278044,0.10475045707602064,-2.320214680079485,0.7813217505747769,1.4424909121506622,-0.04270288177515718,-0.05553938884706075,0.05474200331307763,0.09000117304571391,0.09000117304571391,0.0,0.15471887655634267,0.49825605026229947,-0.26881361271363535,-0.002808149615648915,-0.008619890536448058,-5.043768278362572,0,0.4916974494064295
39.99839999999423,-2.1539902266796593,0.5469895570895403,1.3135943311524547,-0.00035485959612350506,-0.02260596986305327,-0.0179995913127295,-2.2726854793476,0.3446678547389015,1.2568218481369344,0.002877920921701881,0.0003364130843361707,-0.05081381524017611,-2.296443268485714,0.5629922949963366,1.3495493459024217,-0.020152282311061535,-0.02753201925012121,0.0019918939584773598,0.09000117304571391,0.09000117304571391,0.0,0.1547010832423753,0.49829483766816285,-0.26866924621080723,-0.0028076586108159796,-0.008608338509805028,-5.043706598355384,0,0.49176734678987916
40.002559999994226,-2.1539916652301274,0.5468954806740614,1.3135194166855177,-0.00034525211231359147,-0.022578339714959914,-0.017979472064859923,-2.4139450918693637,1.0848152760292886,1.6281919314747475,-0.018610673405604357,0.031078605604069068,0.08069669938235291,-2.3552328779866802,0.8239713529907304,1.4890412776092263,-0.019782627281899858,0.0021189029267697874,0.040934232957737064,0.09000117304571391,0.09000117304571391,0.0,0.1546832760320891,0.4983335652292959,-0.2685251087710048,-0.0028071678686712085,-0.00859679849687835,-5.043644939275217,0,0.4918371644747454
40.006719999994225,-2.1539930638037967,0.5468015192688448,1.3134445860251893,-0.00033565768062028144,-0.022550737251979147,-0.01795935847884754,-2.6617883355775063,-0.2597887553470295,1.1556089504960643,0.14578404731908565,-0.08183825850207355,0.033507400817464214,-2.5082079867669487,0.28191441508109,1.3223931077739044,0.06225031893263807,-0.04029718125156586,0.036917166709182894,0.09000117304571391,0.09000117304571391,0.0,0.15466545499096984,0.49837223323911595,-0.26838120006746347,-0.002806677395646347,-0.00858527053252054,-5.043583301120462,0,0.491906902508121
40.01087999999422,-2.153994422455072,0.5467076727581709,1.3133698391476123,-0.00032607630610940737,-0.02252316256174483,-0.017939250618487404,-1.9281618290990894,0.8161247574362238,1.1507171793102722,-0.03192853864688269,0.011147275072223274,-0.009214039762598946,-2.218247564905786,0.5490468984194495,1.2365356270711008,0.015313767760148537,-0.01476482133315187,0.013445917305110664,0.09000117304571391,0.09000117304571391,0.0,0.1546476201836707,0.49841084198889674,-0.2682375197726202,-0.002806187198202739,-0.008573754651022905,-5.043521683889079,0,0.49197656093755143
40.01503999999422,-2.153995741238378,0.54661394102596,1.3132951760286646,-0.000316507993308637,-0.02249561573061406,-0.017919148547444034,-2.365605976175819,1.2405777927411363,1.1476519146029776,-0.0643007442551693,-0.1247852502414932,0.0293823916734206,-2.292061453500207,0.8945574103676054,1.1921549523624986,-0.02453256116597759,-0.0696600462619505,0.021081852751247642,0.09000117304571391,0.09000117304571391,0.0,0.15462977167379638,0.49844939176776326,-0.268094067559398,-0.0028056972828301475,-0.008562250886121288,-5.0434600875786035,0,0.49204613981102957
40.01919999999422,-2.1539970202081538,0.546520323955778,1.3132205966439594,-0.00030695274621349755,-0.022468096843672396,-0.017899052329255715,-2.430129775897982,0.3651673304291582,1.0545300635330284,0.0869038747625588,-0.20232439785601958,-0.0012215772022941065,-2.3609166124459313,0.6294395770549944,1.1233392011435355,0.03155797662258665,-0.13682034887522265,0.00983680678722881,0.09000117304571391,0.09000117304571391,0.0,0.15461190952347306,0.4984878828624728,-0.2679508430999253,-0.0028052076560454876,-0.008550759271000317,-5.043398512186152,0,0.4921156391769898
40.02335999999422,-2.153998259418855,0.5464268214308413,1.3131461009688457,-0.0002974105683110431,-0.022440605984790956,-0.017878962027305358,-2.421482404739904,0.31829462941744596,1.5771425136964947,0.0003386895000597644,0.06215506877559773,0.16725726004917013,-2.3911998739977975,0.4739942268013055,1.350590605843499,0.016260981091366717,-0.03735502004184526,0.08917036294428968,0.09000117304571391,0.09000117304571391,0.0,0.154594033794415,0.4985263155579437,-0.2678078460663924,-0.0028047183243915556,-0.008539279838307864,-5.043336957708427,0,0.49218505908430327
40.02751999999422,-2.153999458924949,0.5463334333340222,1.3130716889784089,-0.0002878814625704956,-0.022413143236589973,-0.017858877704845347,-2.59306945176849,0.5752859601270001,1.3307123965401204,0.013949764169110666,0.04068239661261227,0.02136892612269799,-2.4921060786074216,0.524724476054965,1.3406960881844472,0.01463345739469394,0.0021127963104099557,0.05513966323144052,0.09000117304571391,0.09000117304571391,0.0,0.15457614454706783,0.4985646901367162,-0.2676650761306262,-0.0028042292944359145,-0.008527812620154757,-5.043275424141725,0,0.4922543995822721
40.03167999999422,-2.1540006187809135,0.5462401595478534,1.3129973606474714,-0.0002783654314656074,-0.022385708680494724,-0.01783879942497081,-2.274075703150627,0.19062065900625386,0.9108826861372119,0.224627707652764,0.08954528282508066,0.10436243758087854,-2.3826218864177213,0.3578558086436099,1.1260025173915384,0.11949226963872824,0.046146847246647624,0.08019651628197288,0.09000117304571391,0.09000117304571391,0.0,0.15455824184081995,0.4986030068794283,-0.2675225329640908,-0.0028037405727698514,-0.008516357648126676,-5.043213911481936,0,0.4923236607206244
40.03583999999422,-2.154001739041234,0.5461469999545338,1.3129231159505939,-0.000268862476973773,-0.022358302396718162,-0.01781872725063229,-2.398253937079213,0.598501946199337,1.3122076860229888,-0.11987133642651374,-0.17886663102354974,-0.05522602430315594,-2.3906859045630826,0.477808144529795,1.2189897178152467,-0.0008692481375376403,-0.06616305190843974,0.013368236437641887,0.09000117304571391,0.09000117304571391,0.0,0.1545403257337862,0.4986412660645434,-0.26738021623874636,-0.002803252166007026,-0.00850491495328676,-5.043152419724556,0,0.49239284254950905
40.039999999994215,-2.1540028197604033,0.5460539544359324,1.3128489548620745,-0.00025937260059831556,-0.02233092446431613,-0.017798661244612535,-2.1273074507434964,0.5255909874643626,1.5406228432596403,0.03836495098984512,-0.08371382595115535,-0.036050927910388456,-2.2589157555919313,0.5015255199862075,1.379733168177328,0.0190910182634128,-0.07481323594732749,-0.011156377339964984,0.09000117304571391,0.09000117304571391,0.0,0.15452239628408904,0.4986794679685591,-0.2672381256253391,-0.0028027640807822647,-0.008493484566188777,-5.043090948864685,0,0.49246194511949076
40.044159999994214,-2.1540038609929173,0.5459610228735943,1.3127748773559513,-0.00024989580335719314,-0.022303574961151353,-0.017778601469545994,-2.045723069505287,0.2747129754968999,1.6296516481779735,0.14413188228300883,-0.03165587924910182,-0.02444105328801532,-2.152019252361016,0.38805157258095424,1.5046435927702222,0.08214282581602513,-0.053119641220071886,-0.017928879397401582,0.09000117304571391,0.09000117304571391,0.0,0.15450445354771897,0.49871761286589555,-0.267096260795542,-0.002802276323750883,-0.008482066516876177,-5.043029498897038,0,0.49253096848154476
40.04831999999421,-2.1540048627932746,0.5458682051487445,1.3127008834060019,-0.00024043208581118873,-0.022276253963955894,-0.017758547987893235,-2.207833487678111,-0.03817484749109823,1.2471845705939264,0.07626822284794678,0.10442975157904093,-0.024704265795728313,-2.1797676621977455,0.17515292294365373,1.375861263486238,0.07898341781475643,0.0254853023441856,-0.021492858290671484,0.09000117304571391,0.09000117304571391,0.0,0.1544864975804556,0.49875570102905076,-0.2669546214204607,-0.002801788901587174,-0.008470660834895252,-5.042968069815947,0,0.49259991268705217
40.05247999999421,-2.154005825215975,0.5457755011422931,1.3126269729857438,-0.00023098144805838445,-0.022248961548310783,-0.017738500861954335,-1.8318276901960264,0.6123398618651005,1.3190087023631052,-0.01645896629134213,0.04183253029361747,-0.047470777413147466,-2.0058284588974553,0.39383656828475005,1.3473358841238425,0.030779434432707566,0.03360679306154999,-0.03449787887090201,0.09000117304571391,0.09000117304571391,0.0,0.15446852843722553,0.49879373272854266,-0.26681320717063456,-0.0028013018209834834,-0.008459267549297503,-5.042906661615365,0,0.4926687777877951
40.05663999999421,-2.1540067483155156,0.5456829107348403,1.312553146068436,-0.00022154388974504028,-0.02222169778867021,-0.01771846015385791,-1.7824925134813867,0.7086331530362762,1.225623851806642,-0.27086254429526674,-0.05521815884290602,-0.0004261803881800662,-1.8947223121075938,0.5511231465308833,1.2864783865569862,-0.12002105015422894,-0.011249701523232895,-0.017587647045468863,0.09000117304571391,0.09000117304571391,0.0,0.1544505461716724,0.49883170823285067,-0.2666720177171076,-0.0028008150886493725,-0.0084478866886461,-5.042845274288871,0,0.49273756383595146
40.06079999999421,-2.154007632146391,0.5455904338066804,1.3124794026270796,-0.0002121194100800311,-0.022194462758391365,-0.017698425925551608,-1.850016238959989,1.1515036245155716,1.4730914910122763,0.08962430694910205,-0.15249414668449382,-0.0075942966979940865,-1.8721839031755718,0.8509999344538366,1.3797705078133182,-0.01455956863728901,-0.08163745115448186,-0.012620039478770247,0.09000117304571391,0.09000117304571391,0.0,0.15443255083636845,0.49886962780867816,-0.2665310527307906,-0.002800328711310507,-0.008436518281025686,-5.042783907829679,0,0.49280627088409057
40.06495999999421,-2.15400847676309,0.5454980702378065,1.312405742634418,-0.00020270800783730352,-0.022167256529727987,-0.017678398238809335,-2.118904533304896,0.9031601769732653,1.1513436737624447,0.03235087078705296,-0.010567560032287726,0.0804069270383341,-1.9954792532969148,0.8770582771263469,1.2657230629821699,0.009179950598214316,-0.04602850352344106,0.033730478116922646,0.09000117304571391,0.09000117304571391,0.0,0.1544145424838819,0.4989074917207881,-0.26639031188246254,-0.0027998426957073263,-0.00842516235404622,-5.042722562230635,0,0.49287489898516856
40.06911999999421,-2.1540092822200956,0.5454058199079155,1.312332166062938,-0.0001933096813621127,-0.02214007917385126,-0.017658377155223746,-2.070945300816444,0.6044854329460451,1.0864119403375525,-0.036693815665181574,-0.19652772771771304,-0.03504646583529576,-2.033287530476439,0.7403616376384773,1.1759941946267338,-0.014521760516336257,-0.12149057424020501,-0.001059093978753989,0.09000117304571391,0.09000117304571391,0.0,0.15439652116506536,0.4989453002319977,-0.26624979484255895,-0.0027993570485946545,-0.008413818934849248,-5.042661237484227,0,0.4929434481925235
40.073279999994206,-2.154010048571881,0.5453136826964119,1.3122586728848704,-0.00018392442858127347,-0.02211293076086032,-0.017638362736203627,-1.7326897013538347,0.5565116712431869,1.2053421541135616,-0.016416852630055115,0.0004700472856263467,-0.17436623439768745,-1.8830218570668433,0.64843536414606,1.190305183022584,-0.014893139437513395,-0.06004612973852124,-0.0874515301754265,0.09000117304571391,0.09000117304571391,0.0,0.15437848693033598,0.49898305360338835,-0.2661095012820294,-0.002798871776740354,-0.008402488050113687,-5.042599933582588,0,0.49301191855987087
40.077439999994205,-2.1540107758729103,0.5452216584824128,1.3121852630721913,-0.00017455224700981583,-0.022085811359798355,-0.017618355042971268,-2.363489973363443,0.834907005131011,1.6484837043942229,-0.10713312884114135,-0.11991663103954608,-0.18504884146590014,-2.1234817856910566,0.7414221739823683,1.4190125002554295,-0.061163687777328224,-0.08954845608249423,-0.13612212161891,0.09000117304571391,0.09000117304571391,0.0,0.15436043982924674,0.49902075209408725,-0.2659694308712712,-0.0027983868869245376,-0.008391169726062186,-5.042538650517502,0,0.4930803101412992
40.081599999994204,-2.1540114641776342,0.5451297471447517,1.3121119365966223,-0.00016519313375760352,-0.022058721038663076,-0.017598354136558948,-1.7343909818577843,0.41335905347916735,1.5532274915557818,-0.1066841917680638,-0.16572433633693698,0.0575884676124151,-1.929156413115774,0.5770440294948886,1.4862391932128114,-0.08351136028723322,-0.12783019253768535,-0.03854633177211565,0.09000117304571391,0.09000117304571391,0.0,0.1543423799102706,0.49905839596152995,-0.2658295832812004,-0.0027979023859386917,-0.008379863988466726,-5.042477388280402,0,0.4931486229912655
40.0857599999942,-2.1540121135404906,0.5450379485619833,1.3120386934296315,-0.00015584708553982574,-0.022031659864426435,-0.017578360077804264,-1.7232501603991317,0.36209909198425316,1.191415956895828,-0.06622515391449983,0.018849096250671264,0.2413574602715416,-1.8263402017023407,0.4696093976955976,1.3393265451524465,-0.0745763511242199,-0.054565067883699706,0.10186049512106554,0.09000117304571391,0.09000117304571391,0.0,0.15432430722144025,0.49909598546129597,-0.2656899581823994,-0.0027974182805846387,-0.008368570862655807,-5.042416146862384,0,0.49321685716459096
40.0899199999942,-2.1540127240159017,0.5449462626123873,1.3119655335424343,-0.00014651409867890916,-0.02200462790303574,-0.017558372927352406,-2.054982493558695,0.4859205384408614,0.8157122532109805,0.013457912920046696,0.14010016283521562,0.07161697209214808,-1.940634478147795,0.4780564039771125,1.0776644238410276,-0.03079437394158914,0.04279475432979089,0.08687173273536292,0.09000117304571391,0.09000117304571391,0.0,0.15430622180970527,0.49913352084721146,-0.2655505552453324,-0.0027969345776738194,-0.00835729037351838,-5.042354926254201,0,0.49328501271645653
40.0940799999942,-2.154013295658273,0.5448546891739731,1.311892456905994,-0.00013719416911323274,-0.021977625219427713,-0.017538392745652023,-1.876747121953226,0.2221395386995142,1.640107782578348,-0.13868781594689866,0.14172976503196139,0.09000294611668223,-1.9089780411654456,0.35039065889699117,1.3590755899282165,-0.08510850074679197,0.09240760999263584,0.08923171298221161,0.09000117304571391,0.09000117304571391,0.0,0.1542881237213578,0.49917100237134465,-0.26541137414077576,-0.002796451284026295,-0.008346022545509039,-5.042293726446275,0,0.49335308970239866
40.0982399999942,-2.1540138285219914,0.5447632281244833,1.3118194634910234,-0.00012788729240633236,-0.021950651877550343,-0.01751841959294865,-2.189797275561917,0.7707304181466483,1.6042803167037771,-0.014812958723168606,0.09094203453775039,0.07127726535325848,-2.0494201598439714,0.5607521294487694,1.4818283936488954,-0.050097011788367944,0.09191878687635145,0.08002970259744759,0.09000117304571391,0.09000117304571391,0.0,0.1542700130020314,0.4992084302840554,-0.2652724145398212,-0.002795968406470007,-0.008334767402655336,-5.042232547428695,0,0.49342108817830527
40.1023999999942,-2.154014322661424,0.5446718793413985,1.3117465532679846,-0.00011859346375047678,-0.02192370794036615,-0.017498453529288114,-2.2489007307502398,0.34623470056580485,1.7407402966752328,-0.058032710657240555,-0.17381220262834363,0.03368048571981008,-2.1492821493931626,0.45313095520981894,1.6113556493488164,-0.05425578220626162,-0.041201668742691225,0.057128279013746786,0.09000117304571391,0.09000117304571391,0.0,0.15425188969627154,0.49924580483399106,-0.2651336761128086,-0.002795485951840048,-0.008323524968562285,-5.042171389191226,0,0.4934890082004114
40.1065599999942,-2.1540147781309154,0.5445806427019407,1.3116737262070908,-0.00010931267797546513,-0.021896793469866685,-0.01747849461450944,-1.8388056893436657,-0.3141475630710735,0.9999465741801317,-0.003869415928918445,-0.08240580370804709,-0.05707603043609391,-1.9940521584652549,0.06931523435637932,1.3055271562248185,-0.027929422034868426,-0.06194966912406412,0.0004953878512337928,0.09000117304571391,0.09000117304571391,0.0,0.1542337538479615,0.49928312626813576,-0.2649951585310387,-0.0027950039269776464,-0.00831229526641792,-5.042110251723308,0,0.4935568498252949
40.110719999994195,-2.1540151949847886,0.5444895180830779,1.3116009822783063,-0.00010004492955643029,-0.021869908527089598,-0.01745854290824331,-1.882746327909509,0.4924073339140939,0.8199663404545167,0.016677716812938597,-0.09225652319518889,-0.003989012835974328,-1.9383631566323383,0.2806711162832062,1.0627352268340284,-0.005926118750389588,-0.07650609613255915,-0.001829821058268679,0.09000117304571391,0.09000117304571391,0.0,0.15421560550074886,0.49932039483175283,-0.26485686146528026,-0.00279452233872939,-0.008301078318999806,-5.042049135014064,0,0.4936246131098731
40.114879999994194,-2.154015573277341,0.5443985053615273,1.3115283214513485,-9.079021261400495e-05,-0.02184305317211703,-0.01743859846991467,-2.6535887857946148,0.3801264534981508,0.44240512729054304,-0.04995234218388514,-0.014227930525973369,-0.1681640459458366,-2.296084410873768,0.3303710200012665,0.7522153966343378,-0.02815978092523836,-0.04591571748178564,-0.08466732316340002,0.09000117304571391,0.09000117304571391,0.0,0.15419744469676128,0.4993576107685414,-0.2647187845868405,-0.0027940411939467802,-0.008289874148677996,-5.041988039052302,0,0.49369229811139803
40.11903999999419,-2.1540159130628447,0.5443076044137602,1.311455743695687,-8.15485209251836e-05,-0.021816227464090756,-0.01741866135874021,-1.936232554104083,0.7618380644352016,1.432878773369784,0.08461846280161754,-0.01588955434747602,0.016839822424156322,-2.1159807321425705,0.5460735333192105,1.0925868765778886,0.02859316317106522,-0.03043416685091179,-0.033921353105495204,0.09000117304571391,0.09000117304571391,0.0,0.15417927147810115,0.49939477432041857,-0.2645809275664989,-0.00279356049948503,-0.008278682777420079,-5.041926963826516,0,0.4937599048874528
40.12319999999419,-2.1540162143955444,0.5442168151160051,1.3113832489805466,-7.231984792993563e-05,-0.02178943146123454,-0.017398731633718044,-2.249290491325136,0.8559110333379081,1.3937988192599442,-0.08194442062230016,0.1016787186425109,-0.04896252687500431,-2.1828075935870497,0.7012048543510676,1.2430934437281578,-0.02637668198450246,0.036135932630370286,-0.04159903523433335,0.09000117304571391,0.09000117304571391,0.0,0.15416108588577584,0.49943188572783603,-0.26444329007579287,-0.00279308026220274,-0.008267504226798342,-5.041865909324894,0,0.4938274334959477
40.12735999999419,-2.1540164773296557,0.5441261373442515,1.3113108372749065,-6.310418673480776e-05,-0.02176266522085158,-0.017378809353635557,-2.393467353853037,0.8943896396177955,1.9818060623840161,0.02103850674687876,-0.09556975962045142,-0.017617866722123298,-2.288096256557288,0.7975989225786424,1.6124183047151954,-0.002158476676445809,-0.029278667033494646,-0.029623053561672264,0.09000117304571391,0.09000117304571391,0.0,0.15414288796012326,0.49946894522956264,-0.26430587178616544,-0.002792600488960963,-0.008256338517993112,-5.041804875535319,0,0.4938948839951162
40.13151999999419,-2.154016701919365,0.5440355709742543,1.311238508547502,-5.39015301242446e-05,-0.02173592879935323,-0.01735889457705713,-2.2507063388017863,0.9001167349396113,1.4391451189891074,-0.024442481028924892,-0.24779058316472685,0.09324715676313702,-2.269452824420361,0.8483433445837862,1.525975727685945,-0.012842869267681734,-0.13861472190697952,0.031190188999202128,0.09000117304571391,0.09000117304571391,0.0,0.15412467774102462,0.4995059530628944,-0.26416867236896735,-0.0027921211866225567,-0.008245185671800583,-5.041743862445372,0,0.49396225644351155
40.13567999999419,-2.1540168882188255,0.5439451158815366,1.3111662627668257,-4.471187055491387e-05,-0.021709222252234997,-0.017338987362340134,-2.410978409499028,-0.10826072100978812,1.531139475658306,-0.033125221737008534,-0.02602198453100671,0.04930121790990069,-2.340286593742608,0.36998107172171907,1.5286610805872254,-0.022460095247507618,-0.08260383263923546,0.03981290453022368,0.09000117304571391,0.09000117304571391,0.0,0.15410645526726163,0.4995429094634904,-0.26403169149631595,-0.0027916423620514457,-0.008234045708631805,-5.041682870042338,0,0.49402955090000256
40.13983999999419,-2.1540170362821596,0.5438547719413944,1.3110940999011274,-3.553520017598414e-05,-0.02168254563412867,-0.017319087767613393,-2.1334151009210762,0.5004624220140852,1.7949244180241708,-0.07571102516990194,-0.07585479018308636,-0.045625090918629194,-2.2370067352323235,0.4350640074180778,1.6617004919104916,-0.049150069757096335,-0.07880817584367977,-0.003274857809622302,0.09000117304571391,0.09000117304571391,0.0,0.15408822057737007,0.49957981466542245,-0.26389492883960036,-0.0027911640221118758,-0.00822291864852337,-5.041621898313207,0,0.49409676742376996
40.143999999994186,-2.1540171461634547,0.5437645390288994,1.3110220199184157,-2.6371510825142896e-05,-0.02165589899878723,-0.01729919585078592,-1.8747116997014066,0.48402956428933563,1.3811775576551666,0.10156092480318069,-0.0217869920520971,-0.1613194018969397,-2.0556453620589816,0.45950199823441495,1.521102441652479,0.026159006044072102,-0.050390694576011336,-0.08272913938231444,0.09000117304571391,0.09000117304571391,0.0,0.1540699737092114,0.4996166689013851,-0.26375838407098096,-0.002790686173667896,-0.008211804511139623,-5.041560947244677,0,0.49416390607430316
40.148159999994185,-2.1540172179167634,0.5436744170189032,1.3109500227864592,-1.722079403402297e-05,-0.021629282399093827,-0.017279311669548245,-1.6949005187646549,0.6467907233713923,1.635046489296089,-0.2410422334457561,0.015384429726463901,-0.19159788000235023,-1.875772338740361,0.55317901539766,1.577675763255714,-0.10715437762656431,-0.017192334418543724,-0.13668458795086316,0.09000117304571391,0.09000117304571391,0.0,0.15405171469975765,0.4996534724023718,-0.26362205686275125,-0.002790208823582728,-0.00820070331577581,-5.041500016823158,0,0.49423096691139606
40.152319999994184,-2.154017251596101,0.5435844057860403,1.310878108472787,-8.083041039075333e-06,-0.02160269588708653,-0.017259435281363315,-1.6780133658111418,0.38822567428325194,1.0087962240713362,0.175869102212001,0.07719854729046115,-0.1636202930298077,-1.7765262589056332,0.47086236963463557,1.2928921352039553,0.034624416334610296,0.029704562398505947,-0.15036599444070414,0.09000117304571391,0.09000117304571391,0.0,0.15403344358530335,0.49969022539804464,-0.2634859468873407,-0.002789731978718075,-0.008189615081365047,-5.041439107034776,0,0.49429794999514387
40.15647999999418,-2.154017247255446,0.5434945052047321,1.310806276944689,1.0417572138734371e-06,-0.021576139513964632,-0.017239566743466564,-2.3163586449581306,0.34580380139545785,1.6057598398558373,0.037873241268601074,0.009625722501884305,-0.20781381615432015,-2.0463672685268386,0.4083533214168223,1.4488956084293778,0.03615936044648364,0.019142422731790506,-0.1789315438761703,0.09000117304571391,0.09000117304571391,0.0,0.15401516040210625,0.49972692811651787,-0.26335005381688914,-0.002789255645933398,-0.008178539826483271,-5.041378217865375,0,0.49436485538593933
40.16063999999418,-2.154017204948737,0.5434047151491901,1.3107345281692189,1.015361007064195e-05,-0.021549613330086096,-0.017219706112869455,-1.9789529036893638,0.38971255288895856,1.5689548276813738,0.04573688521651372,0.12770441203229077,-0.04948834287428999,-2.0125642040448817,0.39929869280425545,1.5088240396656771,0.04081338406715952,0.07328922628445582,-0.11465858237011534,0.09000117304571391,0.09000117304571391,0.0,0.15399686518488961,0.4997635807844608,-0.26321437732474695,-0.002788779832085653,-0.008167477569351173,-5.041317349300521,0,0.4944316831444695
40.16479999999418,-2.154017124729874,0.5433150354934193,1.3106628621131924,1.9252527154860004e-05,-0.021523117384992598,-0.01719985344635409,-2.0130634025441743,0.5169713423969836,1.1872491441812651,0.033486042740760905,0.07528121362670664,0.007300947314415357,-2.012744615539115,0.4582927557315104,1.3480485908519309,0.037370764362115526,0.07412546155923959,-0.05323626289832742,0.09000117304571391,0.09000117304571391,0.0,0.15397855796876458,0.49980018362714806,-0.26307891708333975,-0.002788304544028237,-0.00815642832784079,-5.0412565013255035,0,0.4944984333317123
40.16895999999418,-2.154017006652714,0.5432254661112218,1.3105912787431904,2.8338518372674577e-05,-0.021496651727400708,-0.017180008800477188,-2.4647656053856903,-0.08877276220752517,1.352790279905805,-0.06296257828577856,-0.03153033553382128,-0.025749382436800583,-2.2388896181694564,0.18469207234772023,1.3503660291006567,-0.01260466882846809,0.02058987195008854,-0.039551564560943483,0.09000117304571391,0.09000117304571391,0.0,0.15396023878730558,0.49983673686834906,-0.2629436727660951,-0.002787829788610854,-0.008145392119476815,-5.04119567392534,0,0.49456510600893266
40.17311999999418,-2.1540168507710726,0.5431360068762,1.3105197780255589,3.7411593897159314e-05,-0.02147021640523274,-0.017160172231560793,-2.133101911343646,0.667019651582454,1.552714166699411,-0.010175229946439145,-0.0729728179321642,0.03937868442565416,-2.186015553267436,0.4257067727770354,1.4516229019558071,-0.011695640134066808,-0.02585710675562526,0.00015777042133294813,0.09000117304571391,0.09000117304571391,0.0,0.15394190767425883,0.4998732407304316,-0.2628086440463768,-0.0027873555726785565,-0.008134368961444101,-5.041134867084776,0,0.49463170123767974
40.17727999999418,-2.154016657138722,0.54304665766176,1.31044835992641,4.6471764170758975e-05,-0.02144381146561234,-0.01714034379569739,-2.2380954613687187,0.8193105373727008,0.8410381830806629,0.12279773548343385,-0.18555982775914553,-0.016735913799373135,-2.2118001413341695,0.6221247917709388,1.1462914614638593,0.055391123193317314,-0.10538161597101878,-0.008288816422871067,0.09000117304571391,0.09000117304571391,0.0,0.153923564662473,0.499909695434412,-0.26267383059770144,-0.002786881903071529,-0.008123358870590416,-5.041074080788294,0,0.4946982190797833
40.181439999994176,-2.154016425809389,0.5429574183411147,1.3103770244116235,5.551903989839044e-05,-0.02141743695487592,-0.01712052354874728,-1.8393152892141111,0.643244908797782,1.4996750796060416,-0.13619385293730035,0.06816261719974623,-0.06674459810449417,-2.025838610932386,0.6328256821511773,1.322846447063467,-0.04028194276269018,-0.018095443241048628,-0.03728723875856808,0.09000117304571391,0.09000117304571391,0.0,0.15390520978389743,0.49994610119989824,-0.2625392320939549,-0.0027864087866244637,-0.008112361863430416,-5.04101331502011,0,0.49476465959735044
40.185599999994174,-2.1540161568367555,0.5428682887872872,1.3103057714468471,6.455343203939283e-05,-0.02139109291858756,-0.017100711546335048,-2.2983835669137136,0.41057967395098705,1.7271039056948556,0.21521256639994646,-0.04565698195685447,-0.2481629354909571,-2.161665918834888,0.5216049033256708,1.52446283400152,0.08771758515275689,-0.031271301474217805,-0.1431926797564278,0.09000117304571391,0.09000117304571391,0.0,0.15388684307065012,0.4999824582451404,-0.2624048482093958,-0.002785936230165773,-0.008101377956150973,-5.040952569764179,0,0.49483102285276254
40.18975999999417,-2.1540158502744564,0.5427792688731141,1.3102346009974977,7.357495181054203e-05,-0.02136477940153298,-0.017080907843857254,-2.1455527523708913,0.4557792640353627,1.463589468680741,-0.19328553927923312,0.06097552845704871,-0.11721198870454147,-2.1540111811726423,0.4888177700550718,1.4937808249728086,-0.05279964156602221,0.01517334145684758,-0.12967368912886842,0.09000117304571391,0.09000117304571391,0.0,0.15386846455373446,0.5000187667870273,-0.2622706786180164,-0.00278546424051743,-0.008090407164612495,-5.040891845004197,0,0.49489730890867184
40.19391999999417,-2.1540155061760786,0.5426903584712485,1.3101635130287623,8.258361067309857e-05,-0.021338496447747518,-0.017061112496469102,-2.0165815274585204,0.880738070618522,1.042295676283422,-0.0679048342801709,-0.013489753393159653,-0.07401611571423788,-2.085435274285048,0.6847513863362115,1.267882286217832,-0.06100446359714019,0.0014293667054369732,-0.10239960806926708,0.09000117304571391,0.09000117304571391,0.0,0.15385007426367892,0.5000550270410831,-0.2621367229946146,-0.0027849928244943253,-0.008079449504355716,-5.040831140723605,0,0.49496351782799836
40.19807999999417,-2.1540151245951606,0.5426015574541629,1.3100925075055994,9.157942033109713e-05,-0.021312244100516596,-0.017041325559090423,-1.867670085373446,0.7290573109692022,1.2669312378222322,0.1614198763757275,0.04720024757014119,0.07641810561943842,-1.976216512283095,0.7070022166793226,1.267566926986119,0.050724753938223274,0.02460862442422177,-0.013590828312544585,0.09000117304571391,0.09000117304571391,0.0,0.15383167223075,0.5000912392215712,-0.26200298101394215,-0.0027845219889037,-0.008068504990605282,-5.04077045690559,0,0.4950296496739268
40.20223999999417,-2.154014705585191,0.542512865694153,1.3100215843927394,0.00010056239273132782,-0.021286022402373362,-0.017021547086409357,-2.1896197782624216,0.08455785142569566,1.35092426192147,0.025196003506033692,-0.06471235128521956,0.14164662989126775,-2.082866240460209,0.39564081076845686,1.3095398928100743,0.037485432584144135,-0.019917316364460282,0.0644535108304187,0.09000117304571391,0.09000117304571391,0.0,0.15381325848431004,0.5001274035413845,-0.261869452351349,-0.002784051740544793,-0.00805757363827109,-5.04070979353309,0,0.4950957045099036
40.20639999999417,-2.1540142491996073,0.54242428306334,1.3099507436546858,0.00010953254005005532,-0.021259831395130872,-0.017001777132870394,-2.440495683519148,0.5038686623223463,1.279027817102771,0.05531596949306724,-0.02514971761786369,-0.03258381910085481,-2.2615689119872684,0.4497044217483976,1.2942150784890145,0.04664146784810375,-0.023128728553717608,0.01632070747324602,0.09000117304571391,0.09000117304571391,0.0,0.15379483305367117,0.5001635202121488,-0.26173613668171647,-0.0027835820862082685,-0.008046655461955904,-5.040649150588791,0,0.49516168239963354
40.21055999999417,-2.154013755491796,0.5423358094336739,1.3098799852557161,0.00011848987470009268,-0.02123367111985981,-0.016982015752687034,-2.1575218350627274,1.0304141458005056,1.155336036138646,-0.009851346383376241,-0.011103504652809319,0.02426286584136323,-2.209565246224289,0.7400393596755016,1.2248237174884955,0.018451689790763996,-0.016687670928949933,0.02093275209650398,0.09000117304571391,0.09000117304571391,0.0,0.15377639596723955,0.5001995894442735,-0.261603033680957,-0.0027831130326759082,-0.008035750475954489,-5.040588528055138,0,0.49522758340707723
40.214719999994166,-2.1540132245150905,0.5422474446769368,1.3098093091598835,0.0001274344093197936,-0.0212075416169129,-0.016962262999835418,-2.0749481693915395,0.9138761630274461,1.196386677272164,0.09500475987071394,-0.01928797880646925,0.14376446403963233,-2.142058616298929,0.8269172555650433,1.2109030728212642,0.05694336083302388,-0.017216504468960878,0.0827982511931938,0.09000117304571391,0.09000117304571391,0.0,0.15375794725272754,0.5002356114466809,-0.26147014302516314,-0.0027826445867200128,-0.008024858694258487,-5.040527925914329,0,0.49529340759644747
40.218879999994165,-2.1540126563227706,0.5421591886647452,1.3097387153310167,0.00013636615675966695,-0.021181442925960848,-0.016942518928038865,-2.3453048580983027,0.38357367709291124,0.7032692260015148,0.004819795030765258,-0.2259287925933367,-0.06735983098115775,-2.2436720515692365,0.6047729840301148,0.9569410866177334,0.030364258277038612,-0.1218214953657758,0.008403984425810276,0.09000117304571391,0.09000117304571391,0.0,0.15373948693822215,0.5002715864273386,-0.26133746439039574,-0.0027821767551029415,-0.008013980130566537,-5.0404673441483245,0,0.49535915503220707
40.223039999994164,-2.154012050968062,0.5420710412685538,1.3096682037327216,0.0001452851301006258,-0.02115537508593885,-0.01692278359079838,-2.044573742958892,0.7035733767485576,0.6396978167471719,-0.08521098257518647,-0.12604866656625213,-0.012001687949415663,-2.1442981343368843,0.6539108841963546,0.7982926358152076,-0.027707403375254815,-0.12354533684296219,-0.001974109403073312,0.09000117304571391,0.09000117304571391,0.0,0.1537210150504742,0.5003075145927209,-0.26120499745290016,-0.002781709544576949,-0.008003114798278014,-5.040406782738844,0,0.4954248257790654
40.22719999999416,-2.154011408504134,0.5419830023596575,1.3095977743283826,0.0001541913426321486,-0.021129338135101275,-0.016903057041367093,-2.1967008162522093,0.8201240500547446,0.9327858495104775,-0.0752187690918834,-0.07463760126978393,6.000815202599624e-05,-2.17065669100586,0.7368630252780943,0.8655407222775853,-0.051269550578500356,-0.09892107221284975,-0.0011560961010626913,0.09000117304571391,0.09000117304571391,0.0,0.15370253161575162,0.500343396148181,-0.26107274188996565,-0.0027812429618835574,-0.00799226271050165,-5.040346241667374,0,0.49549041990197545
40.23135999999416,-2.1540107289841015,0.5418950718091948,1.3095274270811628,0.0001630848078507743,-0.021103332111021007,-0.01688333933275725,-2.2809651160727107,0.1620896723032489,1.1083331267655951,0.05477454279068714,0.1090762896885927,0.0019426664432380357,-2.225698795475669,0.44970041474347755,0.9869435469033276,0.002250353673130842,0.004481324734980272,-3.13750884067673e-05,0.09000117304571391,0.09000117304571391,0.0,0.1536840366606943,0.5003792312978407,-0.26094069737821746,-0.00278077701375297,-0.007981423880059828,-5.040285720915163,0,0.4955559374661316
40.23551999999416,-2.15401001246102,0.5418072494881507,1.3094571619540054,0.000171965539464228,-0.02107735705058266,-0.016863630517743526,-1.898065242934712,0.35159912105415475,1.7468147645841774,-0.06006072278852929,0.03248578230182868,-0.1224383417520607,-2.0620030917150856,0.40071708612265955,1.3666290248836968,-0.02965103150564907,0.01827249873386342,-0.060852038757434175,0.09000117304571391,0.09000117304571391,0.0,0.15366553021038934,0.5004150202445874,-0.26080886359532984,-0.0027803117069041873,-0.00797059831948915,-5.040225220463233,0,0.4956213785369662
40.23967999999416,-2.1540092589878896,0.541719535267359,1.3093869789096353,0.00018083355137589702,-0.021051412990013223,-0.016843930648853464,-2.230577238050228,0.9155664955510749,1.6821772169325633,-0.13181442277878588,-0.05570405467622823,-0.035920468559349855,-2.146564445198909,0.6580282010903078,1.5243303562139898,-0.08124041714586687,-0.018071729358154764,-0.048263211486153236,0.09000117304571391,0.09000117304571391,0.0,0.15364701229050756,0.500450763190179,-0.2606772402191751,-0.00277984704804415,-0.007959786041047533,-5.040164740292374,0,0.4956867431801472
40.24383999999416,-2.1540084686176493,0.5416319290175055,1.3093168779105586,0.00018968885769469503,-0.021025499964859293,-0.0168242397783827,-2.0863364680024774,0.6694937890899586,1.536771281666549,0.01256952852367589,0.00844552905429899,-0.04725903634379025,-2.1164230953382983,0.6637778223756163,1.5304526950727713,-0.03472398450265997,-0.004420799055402196,-0.047802779270510284,0.09000117304571391,0.09000117304571391,0.0,0.15362848292516532,0.500486460335187,-0.2605458269271836,-0.002779383043867773,-0.00794898705671281,-5.04010428038315,0,0.49575203146157515
40.24799999999416,-2.1540076414031795,0.5415444306091304,1.3092468589190653,0.00019853147271950335,-0.020999618010017724,-0.016804557958379047,-2.3554418425715458,1.1557857675496435,0.6432391693086034,0.0729004978786364,-0.1596390471876574,-0.007219286356378909,-2.2357821656217203,0.9094532011717442,1.0868242796330057,0.0189155047889858,-0.0820238187578154,-0.0273076448974006,0.09000117304571391,0.09000117304571391,0.0,0.15360994213884685,0.5005221118788865,-0.2604146233982717,-0.0027789197010570457,-0.007938201378188806,-5.0400438407159,0,0.4958172434473805
40.252159999994156,-2.1540067773973006,0.5414570399126315,1.3091769218972293,0.00020736141093907843,-0.020973767159742987,-0.01678488524064737,-1.5679802701691503,0.44310611346975176,1.243527183972872,0.034211783498226664,0.09530480844911457,0.018224349008166843,-1.9018056859698766,0.6764745476797012,1.1652153836151904,0.02670716797571301,0.006666465763514373,-0.004856707021949085,0.09000117304571391,0.09000117304571391,0.0,0.15359138995554952,0.5005577180195219,-0.2602836293109214,-0.00277845702628109,-0.007927429016909796,-5.039983421270741,0,0.49588237920392114
40.256319999994155,-2.1540058766527714,0.5413697567982664,1.3091070668069096,0.00021617868703451395,-0.020947947447633362,-0.01676522167675708,-1.8750862211524075,0.6302281972767532,0.9530211012522449,0.08081207614285395,-0.05645814122194305,0.0031904941606741184,-1.8882773688047596,0.6532327306285601,1.0591235559123036,0.05360660914741844,-0.024465318967328984,-0.0009115988820209207,0.09000117304571391,0.09000117304571391,0.0,0.15357282639835487,0.5005932789541961,-0.2601528443440373,-0.0027779950261958308,-0.007916669984039938,-5.03992302202757,0,0.4959474387977797
40.26047999999415,-2.154004939222289,0.5412825811361553,1.3090372936097512,0.00022498331586723872,-0.020922158906659126,-0.01674556731803109,-2.541897599039581,0.986969604770447,1.0192600842802426,-0.014144369387429882,-0.04788285538750477,-0.015204143467846048,-2.2151202063139177,0.8200039006120052,1.0391612411052993,0.019124222643243274,-0.03616900098251205,-0.008693647427509015,0.09000117304571391,0.09000117304571391,0.0,0.15355425149028276,0.5006287948787618,-0.2600222681769499,-0.0027775337074434176,-0.007905924290479104,-5.039862642966065,0,0.49601242229576054
40.26463999999415,-2.154003965158487,0.5411955127962839,1.3089676022671863,0.00023377531247772737,-0.020896401569167496,-0.01672592221554736,-2.3636944265442077,0.26626268917906515,1.9684780407883737,-0.08488923637197511,0.038379631775431244,-0.07902478283624043,-2.289585651487507,0.5432091632620276,1.503661385641404,-0.032525670600602165,0.001141586319047501,-0.04366769811341031,0.09000117304571391,0.09000117304571391,0.0,0.15353566525364945,0.5006642659880852,-0.2598919004892051,-0.002777073076652066,-0.007895191946866803,-5.039802284065687,0,0.4960773297648876
40.26879999999415,-2.1540029545139365,0.5411085516485052,1.3088979927404358,0.00024255469208331673,-0.020870675466881407,-0.016706286420142297,-1.7464507530646463,0.5048144723966933,1.04103187619189,0.11205380433613654,-0.07529976622412474,-0.19424942208984092,-2.0177788140395294,0.5238537972812873,1.271940725482821,0.03854358245986061,-0.03653058282401777,-0.11960524499735384,0.09000117304571391,0.09000117304571391,0.0,0.1535170677109221,0.5006996924758309,-0.25976174096120896,-0.0027766131404355346,-0.00788447296358405,-5.0397419453056855,0,0.49614216127240207
40.27295999999415,-2.1540019073411445,0.5410216975625431,1.308828464990509,0.0002513214700788749,-0.02084498063090106,-0.016686659982415857,-2.2398649741445684,0.47931501496496237,1.3846765535533665,-0.018720173808403837,-0.0024153208196361596,0.01658532706753893,-2.1288636556287543,0.5015810940866235,1.3283441614015796,0.01052606846186696,-0.020448071075046908,-0.05163216044592867,0.09000117304571391,0.09000117304571391,0.0,0.1534984588834355,0.5007350745346183,-0.25963178927273367,-0.002776153905393152,-0.007873767350754533,-5.039681626665096,0,0.496206916885759
40.27711999999415,-2.1540008236925527,0.5409349504079943,1.3087590189782061,0.00026007566202786267,-0.02081931709171881,-0.016667042952722894,-1.8204131612178769,1.1040561263134254,1.5359869671488733,-0.0066211276150957244,-0.1332788775173974,0.14712288910200103,-1.9746503380267884,0.802545994284292,1.432474583360463,0.0021056223825634225,-0.07704111650897412,0.04698504894410949,0.09000117304571391,0.09000117304571391,0.0,0.15347983879267357,0.5007704123558596,-0.2595020451048445,-0.0027756953781091324,-0.00786307511824861,-5.039621328122743,0,0.49627159667262555
40.28127999999415,-2.1539997036205376,0.5408483100543309,1.308689654664118,0.0002688172836576451,-0.02079368487923831,-0.016647435381170653,-2.084268797183204,0.8949562955787655,1.2221221702403593,0.07483472439409881,-0.002722151516812408,0.05273391764944177,-2.0293057942458033,0.8487454979880386,1.3274072727555433,0.03900099710096454,-0.03958269882655161,0.04953076130608486,0.09000117304571391,0.09000117304571391,0.0,0.15346120745941397,0.5008057061300242,-0.259372508138407,-0.002775237565152637,-0.007852396275689195,-5.039561049657244,0,0.4963362007008783
40.285439999994146,-2.153998547177409,0.5407617763709027,1.3086203720086278,0.0002775463508630705,-0.02076808402275446,-0.01662783731763036,-2.024691806797946,0.5827060662934129,1.1178413968968854,-0.1142387719453949,-0.157397507008467,0.04538306440243288,-2.027237245429552,0.7153957879275905,1.222717979572553,-0.03719369862665286,-0.09812175639244411,0.047113029505703286,0.09000117304571391,0.09000117304571391,0.0,0.15344256490394073,0.5008409560464757,-0.2592431780545167,-0.0027747804730772437,-0.007841730832450693,-5.0395007912470104,0,0.4964007290386005
40.289599999994145,-2.15399735441541,0.5406753492269403,1.3085511709719122,0.000286262879695676,-0.020742514550983235,-0.016608248811724336,-2.2619538387592533,0.7487022121436391,1.374259895730173,-0.08789389330784567,-0.15106301084982593,0.02025222147770304,-2.1447803256625253,0.7317356846521017,1.2985307960955181,-0.0623845667764906,-0.12490549294231804,0.034321934584027526,0.09000117304571391,0.09000117304571391,0.0,0.15342391114668527,0.5008761622934699,-0.25911405453535813,-0.0027743241084205936,-0.007831078797664804,-5.039440552870249,0,0.4964651817540803
40.293759999994144,-2.153996125386717,0.5405890284915568,1.3084820515139421,0.000294966886367865,-0.02071697649205201,-0.016588669912837754,-2.5295587035481706,0.8671480159164375,1.768271829569066,-0.024492506530730866,0.00672879279982147,0.0882390138174812,-2.3372231628693814,0.7994564795453698,1.5335870276054633,-0.04343515191425125,-0.0589458010334501,0.06180922140336961,0.09000117304571391,0.09000117304571391,0.0,0.15340524620737092,0.5009113250582052,-0.2589851372629255,-0.0027738684777044434,-0.007820440180221301,-5.039380334504964,0,0.4965295589158078
40.29791999999414,-2.1539948601434364,0.5405028140337504,1.3084130135944834,0.0003036583872469122,-0.020691469873510702,-0.016569100670113864,-2.378949277115215,0.029499122682176804,1.3926633534514625,0.09833633530452711,-0.029176486973568283,0.05193582294864677,-2.357881075166015,0.414411702403811,1.4632325296320945,0.027008722988612104,-0.04405117212004009,0.05672879925410193,0.09000117304571391,0.09000117304571391,0.0,0.1533865701047978,0.5009464445269811,-0.2588564259192378,-0.002773413587434316,-0.0078098149887709245,-5.039320136128958,0,0.4965938605924728
40.30207999999414,-2.153993558737608,0.5404167057224074,1.3083440571730982,0.00031233739884916896,-0.02066599472233934,-0.016549541132451637,-2.193017268237023,0.3644112554647624,1.3841847320667235,-0.11242379966531993,0.18563528752788605,-0.04359903078597796,-2.2756809258164648,0.38979923485026974,1.4236167174389478,-0.04314602733796258,0.06982058992912941,0.00689613869232786,0.09000117304571391,0.09000117304571391,0.0,0.15336788285855246,0.5009815208848215,-0.25872792018741214,-0.0027729594440987597,-0.00779920323172862,-5.039259957719836,0,0.49665808685296264
40.30623999999414,-2.1539922212212,0.5403307034263034,1.308275182209146,0.0003210039378409615,-0.020640551064958018,-0.016529991348507474,-1.779560079541749,0.2886215151584037,1.2275869313671695,-0.044260364092262604,0.013652616003099118,0.1896730458788181,-2.027711418558026,0.33923864167363443,1.3259959724019916,-0.0425841151565598,0.0414624581707769,0.09778951010492677,0.09000117304571391,0.09000117304571391,0.0,0.15334918448665638,0.5010165543160062,-0.25859961975038365,-0.002772506054169837,-0.007788604917276983,-5.039199799255006,0,0.4967222377663596
40.31039999999414,-2.1539908476461127,0.5402448070141066,1.3082063886617847,0.0003296580210312655,-0.020615138927230246,-0.01651045136669388,-1.4876144288259594,0.5825660316465529,1.6680874382255282,-0.04674007777907455,-0.25725197820998263,0.08169913773309034,-1.7577569627269796,0.4603701029719463,1.4972141466270796,-0.044373157298516354,-0.10842392390094722,0.08968971838606427,0.09000117304571391,0.09000117304571391,0.0,0.15333047500791613,0.5010515450035888,-0.2584715242917636,-0.00277205342410224,-0.007778020053369087,-5.03913966071168,0,0.4967863134019391
40.31455999999414,-2.1539894380641735,0.5401590163543797,1.3081376764899715,0.00033829966537751125,-0.02058975833445686,-0.0164909212351878,-1.896875668980747,0.5314200752106208,1.2690248570007419,-0.047220119970831594,-0.161539819221591,0.023960397589674047,-1.8274144977857805,0.4955596391947183,1.3831685603396902,-0.04628115233319053,-0.1350030212558437,0.056435771789888595,0.09000117304571391,0.09000117304571391,0.0,0.15331175443957196,0.5010864931297137,-0.2583436334956294,-0.0027716015603336027,-0.007767448647728352,-5.039079542066875,0,0.4968503138291666
40.31871999999414,-2.1539879925271403,0.5400733313155822,1.3080690456524635,0.00034692888797083134,-0.020564409311404058,-0.01647140100191923,-2.432697439484593,0.34554112822110505,1.6515822816213896,-0.062027176027489896,-0.0901483675430733,0.09093022123482013,-2.1301889576836968,0.42036210724164025,1.5175657883961367,-0.05427871822388999,-0.11271284648285178,0.07398997682208841,0.09000117304571391,0.09000117304571391,0.0,0.1532930227996478,0.5011213988755078,-0.2582159470458851,-0.002771150469283714,-0.007756890707854734,-5.03901944329742,0,0.49691423911769633
40.322879999994136,-2.1539865110866985,0.5399877517660727,1.3080004961078195,0.00035554570604349567,-0.02053909188229154,-0.016451890714578615,-2.563688642079881,0.04720685807181274,1.1009633749601364,-0.11878854430277842,0.10599860747600638,-0.06015474210239478,-2.3471897931130288,0.23400145066417039,1.3091384173385063,-0.08610487139406675,-0.0029408318683838888,0.006026582034941348,0.09000117304571391,0.09000117304571391,0.0,0.15327428010502778,0.5011562624211848,-0.25808846462733387,-0.002770700157354801,-0.0077463462410251056,-5.0389593643799495,0,0.4969780893373685
40.327039999994135,-2.1539849937944613,0.539902277574111,1.3079320278144002,0.0003641501369614589,-0.02051380607080245,-0.016432390420616862,-2.3481600251406314,1.2364492981979034,1.3169120224721969,0.054715388395645666,-0.08436025304550832,0.03368832114726404,-2.3475606819326935,0.7350568724631198,1.3130941767590691,-0.01590934348161884,-0.043621428823340774,0.02041742918487592,0.09000117304571391,0.09000117304571391,0.0,0.15325552637273757,0.5011910839459364,-0.25796118592461176,-0.002770250630930958,-0.007735815254295776,-5.038899305290913,0,0.49704186455820715
40.33119999999413,-2.153983440701969,0.5398169086078607,1.30786364073037,0.00037274219822485007,-0.02048855190008557,-0.01641290016724527,-2.0649623665686794,0.22557662552890867,0.9639354222009797,0.02429852560838551,0.06724873897874052,0.16159627328110504,-2.2062097688738573,0.48045270672207696,1.138850675726499,0.004558573520968232,0.011976109690748905,0.08993808224136275,0.09000117304571391,0.09000117304571391,0.0,0.15323676161908903,0.5012258636278759,-0.257834110623688,-0.0027698018963781233,-0.007725297754504151,-5.038839266006572,0,0.49710556485041807
40.33535999999413,-2.1539818518606877,0.5397316447353908,1.3077953348136975,0.0003813219074571357,-0.02046332939278287,-0.016393420001428426,-2.1786695511044196,0.684972135822012,1.3230261919141988,0.10798960605381479,-0.0493804371272729,0.12101086222892221,-2.1922137506688633,0.5826109883490483,1.2311901888840255,0.0557378907551722,-0.018624105265953993,0.1060652472686698,0.09000117304571391,0.09000117304571391,0.0,0.15321798586010685,0.5012606016443574,-0.25770723840972964,-0.0027693539600438365,-0.00771479374827546,-5.038779246503002,0,0.49716919028438644
40.33951999999413,-2.1539802273220108,0.5396464858246783,1.3077271100221561,0.00038988928241240936,-0.020438138571002618,-0.016373949969896263,-1.947961868522507,0.3526278301455962,0.9633256266643409,-0.07463506130039113,0.15172247528419802,0.07035630449887943,-2.070241707451222,0.46793257869206367,1.0974036646366772,-0.009263174317715832,0.06692275405746236,0.08759173435975891,0.09000117304571391,0.09000117304571391,0.0,0.15319919911195584,0.501295298171706,-0.25758056896902803,-0.002768906828256805,-0.0077043032420205555,-5.038719246756096,0,0.4972327409306752
40.34367999999413,-2.1539785671372567,0.5395614317436103,1.3076589663133265,0.0003984443409685938,-0.020412979456345518,-0.01635449011913673,-2.0483555947495313,0.7326143318569106,1.3680284601309778,-0.062480951867216826,0.1205201270607843,-0.048244224709792574,-2.0594281467944935,0.6005261142726468,1.2326193666442977,-0.03601758226161695,0.09365620628344888,0.01883754334930948,0.09000117304571391,0.09000117304571391,0.0,0.15318040139008582,0.5013299533852695,-0.25745410198836205,-0.0027684605073271186,-0.007693826241940193,-5.038659266741564,0,0.4972962168600227
40.34783999999413,-2.153976871357669,0.5394764823599857,1.3075909036445956,0.0004069871011254595,-0.020387852069903064,-0.016335040495400334,-2.5528167962881314,0.7037265909326973,1.208690274124737,-0.004241206246605179,0.048259574299832186,-0.08489927718542017,-2.30613412008218,0.6522276278569237,1.2204767568637038,-0.02043220350279215,0.07087684073175766,-0.03239526823208233,0.09000117304571391,0.09000117304571391,0.0,0.15316159270965798,0.5013645674595226,-0.25732783715414437,-0.0027680150035459274,-0.007683362754026982,-5.038599306434937,0,0.49735961814334034
40.35199999999413,-2.1539751400344147,0.539391637541518,1.3075229219731594,0.00041551758100413674,-0.020362756432256542,-0.01631560114470055,-1.811347188346547,0.2761892499127894,1.8251380706011315,0.1602721916954426,0.1158326377158031,-0.023525583506024423,-2.058403954266253,0.4644464267926236,1.5227619832542647,0.06996796318789822,0.09350057755552567,-0.02761043476776387,0.09000117304571391,0.09000117304571391,0.0,0.15314277308533059,0.5013991405679584,-0.2572017741539216,-0.002767570323185153,-0.007672912784066201,-5.038539365811565,0,0.4974229448517108
40.35615999999413,-2.1539733732185864,0.5393068971558367,1.3074550212560228,0.00042403579883598566,-0.0203376925635083,-0.016296172112803698,-2.264593482397748,0.655088823420579,1.7299814948178296,-0.03400449181587797,0.051405682086653234,0.046774027223073306,-2.161569994258971,0.5598745455686923,1.6264706510078344,0.017557926605497768,0.07309816362901518,0.009493687455426463,0.09000117304571391,0.09000117304571391,0.0,0.15312394253189987,0.5014336728832461,-0.25707591267509433,-0.0027671264724972843,-0.007662476337642828,-5.038479444846623,0,0.49748619705638597
40.360319999994125,-2.153971570961199,0.5392222610704898,1.307387201450001,0.00043254177297235533,-0.02031266048325313,-0.016276753445244756,-2.5624566065741408,0.27080449562666803,1.293339102217125,-0.08933011851076209,0.03865830005146445,-0.02341541007575976,-2.3622009813564757,0.4154168700248295,1.459853672398248,-0.036325619879595136,0.05637855826153612,-0.006877128737872561,0.09000117304571391,0.09000117304571391,0.0,0.1531051010634448,0.5014681645770693,-0.2569502524059898,-0.0027666834577153303,-0.007652053420139006,-5.03841954351511,0,0.49754937482878475
40.364479999994124,-2.153969733313191,0.5391377291529456,1.3073194625117204,0.00044103552187461296,-0.02028766021060295,-0.0162573451873198,-1.9465617050436568,0.33439983543270946,1.7655187984133434,-0.20908294023687954,0.02831430623959793,-0.1434046126469883,-2.1548121674062855,0.3749646850595774,1.6123909469926079,-0.12324801216607736,0.04330686724306291,-0.07554090338102394,0.09000117304571391,0.09000117304571391,0.0,0.15308624869396745,0.5015026158202305,-0.2568247930345807,-0.0027662412850525267,-0.007641644036738093,-5.038359661791848,0,0.4976124782404914
40.36863999999412,-2.153967860325424,0.5390533012705948,1.30725180439762,0.0004495170641128194,-0.020262691764191525,-0.016237947384083497,-2.2757365761344235,0.4981415834340296,1.1474650657723258,-0.04088954940690791,-0.015348118942359632,-0.1023484840866952,-2.215359351226734,0.43652164866556287,1.3797128216949022,-0.0825143937487902,0.014186939752622911,-0.08940001073109638,0.09000117304571391,0.09000117304571391,0.0,0.15306738543739312,0.5015370267826484,-0.2566995342502003,-0.0027657999607022805,-0.007631248192427645,-5.038299799651489,0,0.49767550736325333
40.37279999999412,-2.1539659520486807,0.5389689772907524,1.3071842270639518,0.0004579864183673084,-0.020237755162169992,-0.016218560080358494,-1.774767788453723,0.17228308966193306,1.3027353722748765,0.09552739194387701,-0.1271568008128763,-0.18513905690308888,-1.9948608967930503,0.30413666177855014,1.3408390928827696,0.006064362620550239,-0.05677595957895551,-0.1375607551995432,0.09000117304571391,0.09000117304571391,0.0,0.1530485113067144,0.5015713976334645,-0.25657447574161985,-0.002765359490838188,-0.007620865891999971,-5.038239957068513,0,0.49773846226897933
40.37695999999412,-2.1539640085336664,0.5388847570806599,1.3071167304667821,0.000466443603422532,-0.02021285042221546,-0.01619918332072971,-2.565229235676221,0.12398506092890871,1.8273442578773302,0.20705196028600104,-0.14487610582734156,-0.15430087104680384,-2.279616792771238,0.2137583257192965,1.5837736739188228,0.10577473026745052,-0.10085071518674073,-0.1457064148727169,0.09000117304571391,0.09000117304571391,0.0,0.1530296263152733,0.501605728540772,-0.2564496171987626,-0.0027649198816134743,-0.007610497140054413,-5.03818013401723,0,0.4978013430297374
40.38111999999412,-2.1539620298310074,0.5388006405074868,1.3070493145619924,0.0004748886381663414,-0.02018797756154019,-0.0161798171495461,-2.1366206465928665,0.08063691172734616,0.8290795150158085,-0.06684896404702093,-0.2301348078080435,-0.05640697066532678,-2.2082570892511315,0.14671768016217202,1.2063063866728492,0.01963081867240894,-0.16532420388351038,-0.1022154672033781,0.09000117304571391,0.09000117304571391,0.0,0.15301073047569216,0.5016400196718822,-0.25632495831120966,-0.002764481139161193,-0.00760014194100027,-5.03812033047178,0,0.49786414971775267
40.38527999999412,-2.1539600159912506,0.538716627438333,1.3069819793052802,0.00048332154158637806,-0.02016313659689508,-0.016160461610918487,-2.2344071045303178,0.4254425614469093,1.3643462198060696,-0.05568450848204791,-0.06420112897011938,-0.061353608135993914,-2.221447184617782,0.2859487949088152,1.2852016785530511,-0.018463152485697736,-0.11489425613114682,-0.08269264202739825,0.09000117304571391,0.09000117304571391,0.0,0.15299182380051432,0.501674271193269,-0.25620049876948603,-0.0027640432695939096,-0.0075898002990591506,-5.038060546406138,0,0.49792688240540617
40.38943999999412,-2.1539579670648643,0.5386327177402307,1.3069147246521604,0.000491742332770703,-0.020138327544568003,-0.016141116748725686,-2.200549871196491,-0.02409219784144423,0.46718354303824927,-0.08712854342014799,-0.07033380465681055,0.07443793778262518,-2.211180450104931,0.13078195231889483,0.8763427669403021,-0.05238582315801505,-0.09363412197200796,-0.004642993963003245,0.09000117304571391,0.09000117304571391,0.0,0.1529729063022041,0.501708483270513,-0.25607623826442216,-0.002763606279003583,-0.007579472218265782,-5.0380007817941115,0,0.4979895411652325
40.393599999994116,-2.1539558831022356,0.5385489112801457,1.3068475505579662,0.0005001510309038417,-0.020113550420397548,-0.016121782606609934,-2.6124001229443974,0.2077427675162355,1.005093276914445,-0.005659920192373289,-0.1905844020873186,-0.043869373661287514,-2.4118046677728633,0.16886536601443028,0.9406256716759097,-0.02912142824117844,-0.14156335321239905,-0.02328999785767089,0.09000117304571391,0.09000117304571391,0.0,0.15295397799229088,0.5017426560684071,-0.25595217648715723,-0.0027631701734616835,-0.007569157702471267,-5.037941036609346,0,0.4980521260699177
40.397759999994115,-2.153953764153672,0.53846520792498,1.3067804569778496,0.0005085476552633966,-0.020088805239772554,-0.016102459227979572,-2.0038842969309867,0.7997858355685143,1.434650686866075,0.07166526344450223,-0.3267171155159634,-0.07384423976630124,-2.207692530186085,0.48365099084581004,1.187488113221554,0.02124811631553149,-0.23438673385635075,-0.04859796867123292,0.09000117304571391,0.09000117304571391,0.0,0.15293503888265125,0.5017767897508473,-0.25582831312914134,-0.0027627349590186017,-0.007558856755344841,-5.037881310825321,0,0.49811463719229815
40.401919999994114,-2.1539516102694,0.5383816075415732,1.306713443866783,0.0005169322252197091,-0.020064092017639985,-0.016083146656007578,-1.6097995989202543,0.3648178645425574,1.614419359569403,0.07524228125492789,-0.23695922244090814,-0.16801099010217407,-1.9085861963044992,0.4237408621007687,1.4006070048868975,0.048634709871133844,-0.2357373537825839,-0.10817134650083242,0.09000117304571391,0.09000117304571391,0.0,0.15291608898486778,0.501810884480938,-0.25570464788235264,-0.0027623006417038408,-0.007548569380376246,-5.037821604415356,0,0.49817707460535804
40.40607999999411,-2.153949421499566,0.5382981099967045,1.3066465111795593,0.000525304760237111,-0.02003941076849829,-0.016063844933638365,-2.122431298930946,1.1403635151024876,1.3788804568433994,-0.016834749532520232,-0.18716710099360612,0.1438396474813666,-2.0155463001402723,0.781667835864406,1.3900429374436223,0.01640441147273362,-0.21142399794665498,0.01773323807840481,0.09000117304571391,0.09000117304571391,0.0,0.15289712831001487,0.5018449404209367,-0.2555811804390864,-0.002761867227525947,-0.007538295580875586,-5.0377619173526105,0,0.4982394383822281
40.41023999999411,-2.153947197894233,0.5382147151570944,1.3065796588707943,0.0005336652798657053,-0.02001476150641905,-0.01604455410357908,-1.7104154831125131,0.1538856244711005,1.2817332515564528,0.20454541007800148,-0.015295788364107618,-0.08355362511742152,-1.8625532827868114,0.4677419577184484,1.3357133894524431,0.11045075821218049,-0.11406256198226404,-0.03282771863211448,0.09000117304571391,0.09000117304571391,0.0,0.15287815686887163,0.5018789577323588,-0.2554579104921718,-0.0027614347224723464,-0.00752803535997787,-5.037702249610084,0,0.4983017285961835
40.41439999999411,-2.153944939503384,0.5381314228894067,1.3065128868949263,0.0005420138037437351,-0.019990144245036624,-0.01602527420830819,-1.744966081334886,0.8507601259619675,1.270192416649086,0.024656182852492024,-0.15201143387929822,-0.13124792312119854,-1.8037081740398755,0.6589360905527566,1.3026796546729762,0.06784695167711163,-0.13233634816038095,-0.08212863470420975,0.09000117304571391,0.09000117304571391,0.0,0.15285917467213547,0.5019129365758156,-0.2553348377347612,-0.0027610031325090755,-0.007517788720643167,-5.037642601160619,0,0.49836394532064215
40.41855999999411,-2.153942646376919,0.5380482330602502,1.3064461952062176,0.0005503503515937997,-0.019965558997561358,-0.016006005290071325,-2.1656865509097156,0.7820157745438202,1.5893565661861913,0.05961647035276861,0.006678447610674387,0.14971366215050283,-1.9845753196817593,0.7204905934566831,1.446330156910818,0.06345565571142808,-0.06279393744564772,0.034431422596006275,0.09000117304571391,0.09000117304571391,0.0,0.15284018173020822,0.501946877111173,-0.25521196186033257,-0.0027605724635808137,-0.007507555665659418,-5.037582971976901,0,0.498426088629163
40.42271999999411,-2.1539403185646555,0.5379651455361802,1.3063795837587555,0.0005586749432213559,-0.01994100577678183,-0.015986747390882475,-2.304553839244223,0.609022159573283,0.978503734940592,6.63312733228434e-05,-0.09026516965269321,0.03635498112298756,-2.144566815116693,0.6645682007536636,1.212490372359334,0.03182975876085173,-0.07669760957386001,0.03487245671504653,0.09000117304571391,0.09000117304571391,0.0,0.15282117805340942,0.5019807794974427,-0.25508928256269253,-0.002760142721610784,-0.007497336197644365,-5.037523362031461,0,0.49848815859544426
40.42687999999411,-2.1539379561163283,0.5378821601837008,1.3063130525064532,0.0005669875985163575,-0.01991648459506032,-0.01596750055252892,-1.9704943747179888,0.4256847502440954,1.3682877135041016,0.02006928769734099,0.10724755261395169,5.5803939071341624e-05,-2.0574885602891153,0.5453475588159464,1.290389792778341,0.02639600035714303,0.015415571810680132,0.017685819083607845,0.09000117304571391,0.09000117304571391,0.0,0.15280216365133473,0.5020146438929407,-0.254966799536407,-0.002759713912500763,-0.007487130319045538,-5.037463771296675,0,0.4985501552933218
40.431039999994105,-2.153935559081589,0.537799276869266,1.306246601403051,0.0005752883374448481,-0.019891995464351744,-0.015948264816565444,-2.0389683643730114,0.4986842994472915,1.490604630682419,0.03228670702609508,0.06647164951410182,0.10378781333425594,-2.048161795682429,0.522153204274048,1.3907158571235727,0.029638305943780703,0.04125645962566258,0.06007315437049865,0.09000117304571391,0.09000117304571391,0.0,0.1527831385339241,0.5020484704551788,-0.2548445124761629,-0.0027592860421307326,-0.007476938032144376,-5.037404199744768,0,0.4986120787967673
40.435199999994104,-2.1539331275100055,0.5377164954592818,1.3061802304021162,0.0005835771800530186,-0.019867538396196788,-0.01592904022431951,-2.3244132985785946,0.46303262079352314,0.890045748356647,0.09934262107972065,-0.008653174331630563,-0.031251590926247026,-2.186081562825995,0.4925743813227491,1.140312435954209,0.0638668716493485,0.016362135315278477,0.014349767239907883,0.09000117304571391,0.09000117304571391,0.0,0.15276410271017923,0.5020822593408093,-0.25472242107677,-0.002758859116359067,-0.007466759339056718,-5.037344647347812,0,0.49867392917988634
40.4393599999941,-2.153930661451062,0.5376338158201078,1.3061139394570458,0.0005918541464582571,-0.019843113401740338,-0.015909826816883393,-1.7154752522669883,0.5970252077706739,1.2521811592197207,-0.09979304874864471,0.13643007094734078,-0.07895403857814313,-1.9509825089916324,0.545084945406689,1.1960828584505816,-0.01803538247698286,0.0760761685759762,-0.03205582603173662,0.09000117304571391,0.09000117304571391,0.0,0.15274505618965917,0.5021160107058373,-0.25460052503423397,-0.0027584331410221343,-0.007456594241737103,-5.037285114077728,0,0.4987357065169176
40.4435199999941,-2.153928160954158,0.537551237818059,1.306047728521066,0.0006001192568571347,-0.019818720491714167,-0.015890624635128962,-2.3531155229311262,1.0710291734106259,1.233794550746347,-0.00784975945765478,-0.11266226763066704,-0.1325782083591096,-2.1520683362411313,0.8078272468389741,1.2146637259052264,-0.012857110369192633,-0.018685539058859682,-0.08255880928293759,0.09000117304571391,0.09000117304571391,0.0,0.1527259989811981,0.5021497247054051,-0.25447882404426225,-0.0027580081219345425,-0.0074464427419771335,-5.037225599906291,0,0.4987974108822302
40.4476799999941,-2.15392562606861,0.5374687613194071,1.305981597547234,0.0006083725315189595,-0.019794359676450185,-0.015871433719700734,-2.0647466921219806,0.6684519380699818,1.187282770805491,-0.06748093358138953,0.14298078220436378,-0.07713727085166663,-2.108546132147044,0.7384360208882835,1.2008140496534931,-0.04070857481828321,0.06213350393337092,-0.08053895326299353,0.09000117304571391,0.09000117304571391,0.0,0.15270693109354586,0.5021834014940042,-0.25435731780312165,-0.002757584064888915,-0.007436304841407559,-5.0371661048051255,0,0.49885904235032263
40.4518399999941,-2.1539230568436483,0.5373863861903826,1.305915546488438,0.0006166139907831235,-0.01977003096588923,-0.015852254111014374,-2.3450895151720594,0.7725755880024947,1.4017040932178129,0.12650379919513535,-0.09800067591001574,0.11845300186775612,-2.2265551938532737,0.7553017019025327,1.301505483858747,0.04232875818505663,-0.01768153494119801,0.01960404686184013,0.09000117304571391,0.09000117304571391,0.0,0.15268785253515393,0.50221704122526,-0.2542360060076415,-0.0027571609756558623,-0.0074261805415011695,-5.037106628745709,0,0.4989206009958211
40.4559999999941,-2.1539204533284186,0.537304112297176,1.3058495752973993,0.0006248436550578546,-0.019745734369583212,-0.015833085849259194,-2.011853671414692,0.46993359322543066,1.414018193876127,-0.06578144362687353,-0.018173165486224316,-0.06260252565488733,-2.119339402420782,0.6125789434071294,1.3576329051566614,-0.011888357382314805,-0.01845256532521731,-0.021729788443072974,0.09000117304571391,0.09000117304571391,0.0,0.15266876331417506,0.5022506440521441,-0.254114888355003,-0.0027567388599839026,-0.007416069843574696,-5.037047171699376,0,0.4989820868934776
40.4601599999941,-2.153917815571982,0.5372219395059398,1.3057836839266725,0.000633061544818191,-0.019721469896698804,-0.01581392897439839,-2.4907020890316636,0.8485608750518528,0.8828471155519821,0.043050153437842305,0.136827490657851,0.08547872069693256,-2.304933528306968,0.7308556432586487,1.1204130213012171,0.015446133762272952,0.05942489246254993,0.03256962701721656,0.09000117304571391,0.09000117304571391,0.0,0.15264966343889064,0.5022842101268654,-0.2539939645427416,-0.0027563177235993015,-0.007405972748790607,-5.0369877336373134,0,0.4990435001181689
40.464319999994096,-2.1539151436233124,0.5371398676827898,1.305717872328647,0.0006412676806103455,-0.019697237556006858,-0.015794783526177015,-2.504384859879475,0.8239290428552958,1.0698592873123896,-0.18854729320388716,-0.07786498798604324,0.013358663916160834,-2.4050543167295952,0.7772305121976568,1.0951629713077087,-0.08579025793705228,-0.008958711870779918,0.02326103315873952,0.09000117304571391,0.09000117304571391,0.0,0.15263055291685543,0.5023177396008687,-0.25387323426896413,-0.0027558975722061763,-0.007395889258155701,-5.036928314530568,0,0.49910484074489436
40.468479999994095,-2.1539124375312997,0.5370578966938068,1.3056521404555466,0.0006494620830367036,-0.019673037355923354,-0.01577564954410407,-2.0189704619827094,0.46210585029506435,1.459731999356552,-0.053314318723208194,0.14819679387271414,0.015132288047780475,-2.212121900564503,0.6199743179780316,1.2774808509771336,-0.0689193754529964,0.06956244193869289,0.01951460102864823,0.09000117304571391,0.09000117304571391,0.0,0.15261143175596592,0.5023512326249401,-0.25375269723170946,-0.002755478411486334,-0.007385819372529127,-5.036868914350043,0,0.49916610884877477
40.472639999994094,-2.1539096973447465,0.5369760264050382,1.3055864882594321,0.0006576447727715166,-0.019648869304464068,-0.015756527067476492,-1.8467659857381515,0.7876854039285934,0.939963650395466,-0.0880821474077048,0.08497756478151731,-0.13291391899731733,-2.029624725231562,0.7040067888937677,1.108442759657459,-0.07843685770720904,0.07774816027305108,-0.05636669835016351,0.09000117304571391,0.09000117304571391,0.0,0.15259229996339146,0.5023846893490984,-0.2536323531298065,-0.002755060247099312,-0.007375763092616788,-5.036809533066499,0,0.49922730450505065
40.47679999999409,-2.1539069231123693,0.5368942566824995,1.3055209156922014,0.0006658157705477703,-0.019624733409279362,-0.015737416135365365,-2.1797157843727017,0.36226083931823494,1.3168634945474942,0.08389379628616278,0.030677888968697584,0.04601839950365014,-2.1044957209089628,0.533195433298449,1.2127489597004464,0.0021951713114434467,0.054119177243643325,-0.004535054320437277,0.09000117304571391,0.09000117304571391,0.0,0.1525731575464288,0.5024181099226471,-0.25351220166245,-0.002754643084682151,-0.007365720418975972,-5.036750170650559,0,0.4992884277890808
40.48095999999409,-2.1539041148827978,0.5368125873921759,1.3054554227055906,0.0006739750971583554,-0.019600629677653858,-0.015718316786618444,-1.8107759815491276,0.43382455082077476,0.6141067047873531,-0.0015858487553445364,-0.009284230175649359,-0.09243125847634609,-1.9576370691300224,0.4834899529348288,0.9132336019614752,0.00029272918288100096,0.022437326209749548,-0.04954164233232034,0.09000117304571391,0.09000117304571391,0.0,0.15255400451186063,0.5024514944941727,-0.2533922425294171,-0.0027542269298495153,-0.007355691352017524,-5.036690827072706,0,0.4993494787763405
40.48511999999409,-2.153901272704575,0.5367310184000237,1.3053900092511745,0.0006821227734505342,-0.019576558116519316,-0.015699229059856788,-1.7818652680453924,0.5889780759648318,0.8845451029528536,-0.008977759638630204,0.21455034841755488,0.11775832256105256,-1.8697689766141714,0.5366823161160617,0.8991339545448497,-0.004166652640879871,0.11785403400691968,0.034160647278545384,0.09000117304571391,0.09000117304571391,0.0,0.15253484086681043,0.5024848432115966,-0.2532724754304286,-0.002753811788193547,-0.00734567589200972,-5.036631502303287,0,0.4994104575424206
40.48927999999409,-2.153898396626157,0.5366495495719719,1.3053246752803684,0.0006902588203364633,-0.019552518732426225,-0.015680152993489942,-2.6794887410267405,1.149510216294709,1.1781262924321234,-0.00809945712815227,0.10618609648273997,-0.026622126166961784,-2.274651523846155,0.8433217512483502,1.0385756022720327,-0.00605952950968909,0.11186078989965491,0.004302174237718518,0.09000117304571391,0.09000117304571391,0.0,0.15251566661745983,0.5025181562221737,-0.2531529000660065,-0.0027533976652840027,-0.007335674039074146,-5.036572196312509,0,0.49947136416302546
40.49343999999409,-2.1538954866959124,0.5365681807739237,1.305259420744428,0.0006983832587797093,-0.019528511531576618,-0.015661088625703024,-1.8640931275734776,0.8669044496446265,1.4262936832316209,-0.013136463808617176,0.07707330380386569,-0.08919072633369718,-2.0693963802463213,0.8552720891577975,1.2322534973283334,-0.009787979041568255,0.09518405546887777,-0.043234386697271886,0.09000117304571391,0.09000117304571391,0.0,0.15249648177054434,0.5025514336723308,-0.2530335161366216,-0.002752984566667888,-0.0073256857931907095,-5.036512909070447,0,0.49953219871397175
40.49759999999409,-2.1538925429621214,0.5364869118717578,1.305194245594451,0.0007064961098008834,-0.019504536519815416,-0.015642035994462056,-2.326581274811028,0.4848369321372855,2.012495086271268,-0.13514048205282167,-0.06654477976287018,-0.09792573984554441,-2.198271592552073,0.6699142252163299,1.6221747301268106,-0.07251530081727366,0.013984799242271452,-0.06993285941691119,0.09000117304571391,0.09000117304571391,0.0,0.15247728633185703,0.5025846757079852,-0.2529143233439798,-0.002752572497869812,-0.0073157111541981385,-5.0364536405470375,0,0.49959296127118696
40.501759999994086,-2.1538895654729777,0.5364057427313301,1.305129149781378,0.0007145973944701436,-0.019480593702643236,-0.015622995137512865,-2.041251427046662,0.024252180375541332,1.3028366060987417,-0.15320342333700282,-0.030689699823026037,0.01942892582254724,-2.1200797856133367,0.34701426593059914,1.4625440338562037,-0.1125099674508893,-0.00806821902800843,-0.02534842271297311,0.09000117304571391,0.09000117304571391,0.0,0.1524580803077445,0.5026178824742764,-0.25279532138931393,-0.002752161464391593,-0.007305750121797133,-5.036394390712088,0,0.49965365191070804
40.505919999994084,-2.1538865542765864,0.5363246732184751,1.305064133255993,0.0007226871339155753,-0.01945668308519829,-0.015603966092389397,-2.429741297409087,0.233563499648765,1.752040061467914,-0.09562761427774494,-0.14574250447706644,0.03381770984752155,-2.275111754599933,0.2899839248525167,1.607364218494818,-0.10400083131965097,-0.07640422231563526,0.004324507227867595,0.09000117304571391,0.09000117304571391,0.0,0.15243886370382442,0.5026510541156717,-0.2526765099746692,-0.0027517514717125104,-0.007295802695547966,-5.03633515953527,0,0.49971427070867974
40.51007999999408,-2.153883509420964,0.5362437031990073,1.3049991959689247,0.0007307653493128406,-0.019432804672282103,-0.015584948896404566,-2.2273099704196753,0.3729308502582965,1.3281460953321542,-0.07192206079563535,-0.07234741052708804,0.03011422138272161,-2.2513580202230274,0.33130686497965267,1.4678154866548057,-0.0889749824231883,-0.0740767605326945,0.01738751578250089,0.09000117304571391,0.09000117304571391,0.0,0.15241963652562618,0.5026841907759109,-0.2525578888026922,-0.002751342525289145,-0.007285868874874823,-5.036275946986124,0,0.49977481774135346
40.51423999999408,-2.1538804309540396,0.5361628325387224,1.304934337870647,0.0007388320618829417,-0.019408958468367477,-0.015565943586649431,-2.239905152457371,0.8172294839371629,0.9491203759158293,0.2757869741306391,0.02444974639902908,-0.038227574379150815,-2.245057181113063,0.5743236776366345,1.2083836713563498,0.0930478917836152,-0.025419983841440487,-0.009878833985798823,0.09000117304571391,0.09000117304571391,0.0,0.1524003987788046,0.5027172925982186,-0.25243945757577857,-0.0027509346305553952,-0.007275948659069605,-5.036216753034061,0,0.4998352930850855
40.51839999999408,-2.1538773189236524,0.5360820611033993,1.3048695589114803,0.0007468872929030992,-0.01938514447756567,-0.015546950200009502,-1.9827351905347603,0.3912552141741832,1.9411037162761162,-0.0926056775208379,-0.03980950023541446,0.0591266383110281,-2.114087791617625,0.4827052761969599,1.5748731420166628,0.0006293293861207394,-0.0325724270374089,0.023975493403240223,0.09000117304571391,0.09000117304571391,0.0,0.15238115046828485,0.5027503597250362,-0.2523212159971437,-0.0027505277929224916,-0.007266042047286921,-5.036157577648363,0,0.4998956968163359
40.52255999999408,-2.1538741733775537,0.5360013887588007,1.3048048590415922,0.0007549310636901724,-0.01936136270367281,-0.01552796877314511,-2.0247323675108815,0.3576424944848928,1.7512904733076264,-0.05200781594055315,-0.037004018380642004,0.13398784633977362,-2.069518445265509,0.42009622715887845,1.6633614032868411,-0.02529340515943398,-0.03487652099031211,0.07913314936783422,0.09000117304571391,0.09000117304571391,0.0,0.15236189159933064,0.5027833922982337,-0.2522031637708272,-0.002750122017778832,-0.007256149038551429,-5.036098420798181,0,0.4999560290116673
40.52671999999408,-2.1538709943634053,0.535920815370675,1.3047402382109983,0.0007629633956111161,-0.019337613150141715,-0.015508999342509858,-2.7712716203243724,0.34917882787747095,1.200154386224697,0.022794211707519742,0.19123698371632641,0.027401328375981873,-2.4203519124509354,0.3850329728683576,1.431810924138028,-0.0015505793462731586,0.07904365878518076,0.05361833818965289,0.09000117304571391,0.09000117304571391,0.0,0.1523426221766895,0.5028163904589478,-0.25208530060041157,-0.0027497173104901185,-0.0072462696317554896,-5.036039282452541,0,0.500016289747743
40.53087999999408,-2.15386778192878,0.535840340804758,1.3046756963695636,0.0007709843100756374,-0.019313895820100808,-0.015490041944339788,-2.414969934268727,0.35526840697992257,1.931833602681001,0.08713660474329557,-0.18036368296022534,0.06137989834850214,-2.4174793336115084,0.3697744630333815,1.6819535391588352,0.04263804393969876,-0.05022633241818452,0.057446476866702435,0.09000117304571391,0.09000117304571391,0.0,0.1523233422050196,0.5028493543476882,-0.25196762619073587,-0.0027493136763992593,-0.0072364038256620454,-5.0359801625803415,0,0.5000764791013259
40.535039999994076,-2.1538645361211612,0.5357599649267731,1.3046112334670026,0.0007789938285349417,-0.019290210716358638,-0.015471096614656878,-2.0363715063945484,0.6169685353394893,1.4439584568871868,0.09269921253377765,0.06268720571942889,-0.12510988388829544,-2.226731760781202,0.4935029925381599,1.5626935371399675,0.0685401829226745,0.006523229088511483,-0.03354565618419535,0.09000117304571391,0.09000117304571391,0.0,0.15230405168910394,0.5028822841043891,-0.2518501402461874,-0.0027489111208263864,-0.007226551618906994,-5.035921061150355,0,0.5001365971492775
40.539199999994075,-2.1538612569879425,0.535679687602434,1.3045468494528807,0.000786991972487634,-0.01926655784138755,-0.015452163389276024,-1.7199732394674903,0.5091448612756525,1.2766238219854469,0.24090035186793057,0.07352167287224592,0.06012752575896182,-1.9728487393865617,0.5014762386350676,1.4197820321530001,0.15511843905237369,0.04036468646018926,0.0131450861642494,0.09000117304571391,0.09000117304571391,0.0,0.1522847506327807,0.5029151798683009,-0.25173284247220107,-0.002748509649068976,-0.00721671300999689,-5.03586197813123,0,0.5001966439685559
40.543359999994074,-2.153857944576428,0.535599508697445,1.3044825442766148,0.0007949787634661463,-0.01924293719735706,-0.015433242303792933,-2.5480110963211,0.49170528358919346,1.0881286705567095,-0.01918860470151766,-0.006600523773702179,-0.0550827700617003,-2.260474183939775,0.4965760642227641,1.253837083964903,0.0681345821508613,0.01731765766121866,-0.020302799483857693,0.09000117304571391,0.09000117304571391,0.0,0.15226543904065348,0.5029480417780428,-0.2516157325741931,-0.0027481092664014776,-0.007206887997314991,-5.035802913491491,0,0.5002566196362148
40.54751999999407,-2.1538545989338322,0.5355194280775029,1.3044183178874749,0.0008029542230494584,-0.01921934878610446,-0.015414333393599728,-2.4717222282323372,0.24580537444215117,1.103210428848788,-0.04962057163711189,-0.17155531315647668,0.059764749840920145,-2.366200659497089,0.37083193428293443,1.1786463117500512,0.008190282762898321,-0.07701046473492364,0.020062240127645865,0.09000117304571391,0.09000117304571391,0.0,0.15224611691659506,0.5029808699716007,-0.2514988102586333,-0.0027477099780756943,-0.007197076579117883,-5.03574386719954,0,0.5003165242294023
40.55167999999407,-2.1538512201072786,0.535439445608298,1.3043541702345838,0.0008109183728508105,-0.019195792609166765,-0.015395436693873507,-2.400784632037212,0.43857440083527965,1.2623517689348749,0.14375018698598557,-0.1890244455339622,0.03017797056380911,-2.3831942580293135,0.40430961000697346,1.220562735304623,0.07613777077969872,-0.13259376912431248,0.024956004992669076,0.09000117304571391,0.09000117304571391,0.0,0.1522267842641742,0.503013664586327,-0.25138207523155054,-0.0027473117893206896,-0.007187278753540637,-5.035684839223656,0,0.5003763578253596
40.55583999999407,-2.1538478081438015,0.5353595611555156,1.3042901012669188,0.000818871234521126,-0.019172268667766813,-0.01537655223958221,-1.7402987688735845,0.825538005649346,1.5966901871044912,0.12900409748097075,-0.08283424265782022,-0.03377060528013354,-2.061474445098974,0.6147542432575873,1.4085581996236596,0.10293061590498542,-0.10761174379215721,-0.004090203652102733,0.09000117304571391,0.09000117304571391,0.0,0.15220744108751083,0.5030464257590984,-0.2512655271998177,-0.0027469147053425444,-0.007177494518596518,-5.035625829531999,0,0.5004361205014194
40.55999999999407,-2.1538443630903443,0.5352797745848372,1.3042261109333126,0.0008268128297526947,-0.019148776962810077,-0.015357680065489996,-2.2715629302346363,0.8612026015248955,1.3641443405498883,0.08706861654358455,-0.060647638490562886,0.04226807550950346,-2.1663379504820024,0.7378537393528559,1.386439358017659,0.09446830172338563,-0.08400660409542077,0.01885403766700084,0.09000117304571391,0.09000117304571391,0.0,0.15218808738977993,0.5030791536259414,-0.25114916587094144,-0.002746518731324734,-0.007167723872176002,-5.035566838092608,0,0.5004958123350051
40.56415999999407,-2.15384088499376,0.5352000857619418,1.3041621991824537,0.0008347431802665593,-0.019125317494915504,-0.015338820206145094,-2.459507246450217,0.40605161607728657,1.1455390547217474,0.02285274733132589,-0.10595042735073788,0.0011955035448113112,-2.3128763664161363,0.5717295271982511,1.2659903668986685,0.058304263284946936,-0.09475836350817116,0.009852985189795797,0.09000117304571391,0.09000117304571391,0.0,0.15216872317427935,0.5031118483224047,-0.2510329909522091,-0.0027461238724279173,-0.007157966812052932,-5.035507864873402,0,0.5005554334036288
40.56831999999407,-2.1538373739008105,0.5351204945525069,1.3040983659628875,0.0008426623078220903,-0.01910189026438693,-0.015319972695893759,-2.39401677562685,0.7006778831472726,1.138781054347174,-0.053357745093948805,0.026654855368898302,0.12028596469443471,-2.353557856380426,0.6362588558103348,1.2026357253107898,0.002352993750206254,-0.033485884222962614,0.06471931717100776,0.09000117304571391,0.09000117304571391,0.0,0.15214934844443026,0.5031445099835046,-0.2509170021519741,-0.002745730133789854,-0.007148223335881549,-5.035448909842184,0,0.5006149837848911
40.572479999994066,-2.153833829858168,0.5350410008222101,1.3040346112230172,0.0008505702342120705,-0.019078495271232405,-0.015301137568875144,-2.4334803087763763,0.7337278242876693,1.597502577690178,0.10023334796138028,0.001808270457065074,-0.1074633308428271,-2.3933112482766834,0.6849968081911938,1.3998484094330421,0.05132964813675173,-0.015372226947949966,-0.021368421136433717,0.09000117304571391,0.09000117304571391,0.0,0.15212996320313582,0.5031771387435635,-0.25080119917837573,-0.0027453375205256673,-0.007138493441198993,-5.035389972966638,0,0.5006744635564793
40.576639999994065,-2.153830252912413,0.5349616044367302,1.3039709349111046,0.0008584669812634506,-0.019055132515156503,-0.015282314859025028,-2.35306994902783,0.4018129913056359,1.0860085888345696,-0.12181007585711016,-0.2120126724656369,-0.06374488324848267,-2.3734410057272144,0.5429626259299211,1.2427914010372474,-0.03651429250014419,-0.11401065561606182,-0.04144103965888177,0.09000117304571391,0.09000117304571391,0.0,0.1521105674532081,0.5032097347362621,-0.2506855817404107,-0.002744946037727664,-0.007128777125425038,-5.035331054214332,0,0.5007338727961652
40.58079999999406,-2.1538266431100346,0.5348823052617486,1.303907336975271,0.000866352570829352,-0.01903180199558729,-0.015263504600066142,-1.9299657359562499,0.38022392943645156,1.0832584844089022,-0.1289963978459777,-0.1052493842315417,-0.06673350264052194,-2.1519688127466936,0.46137298403764243,1.1628859578521147,-0.08263577423675363,-0.10951555062485772,-0.05453533254020381,0.09000117304571391,0.09000117304571391,0.0,0.15209116119736826,0.5032422980947983,-0.25057014954729456,-0.0027445556904654514,-0.007119074385867568,-5.035272153552717,0,0.5007932115818061
40.58495999999406,-2.1538230004974315,0.5348031031629501,1.3038438173634979,0.0008742270247969926,-0.019008503711650047,-0.015244706825522723,-1.9779318768505776,0.4418422722797792,1.000103499178919,-0.12304216936918566,0.16701662069941395,-0.08254565127506405,-2.065204583810939,0.4519561479075497,1.0813232236669434,-0.10306108019276182,0.02812376012848096,-0.06917666086302483,0.09000117304571391,0.09000117304571391,0.0,0.15207174443824625,0.5032748289517256,-0.25045490230867784,-0.00274416648378586,-0.00710938521971983,-5.035213270949133,0,0.5008524799913415
40.58911999999406,-2.15381932512091,0.5347239980060243,1.3037803760236282,0.0008820903650824234,-0.01898523766218536,-0.01522592156871364,-2.1226702289433965,-0.31350135897458087,1.4138982582827766,-0.016902283044797923,-0.030764805151023575,-0.04056564393277389,-2.093971801932939,0.06915794045893546,1.2475276021551205,-0.06054632049609466,-0.001264905510142568,-0.0543485576054976,0.09000117304571391,0.09000117304571391,0.0,0.1520523171779532,0.5033073274390593,-0.25033983973464874,-0.002743778422713063,-0.007099709624062828,-5.035154406370802,0,0.5009116781027928
40.59327999999406,-2.153815617026687,0.5346449896566671,1.3037170129033666,0.0008899426136286263,-0.01896200384574963,-0.015207148862754287,-2.2096268483047687,0.060984815815047055,1.2354282351616568,-0.03294997359790306,0.022770525846885815,0.0136089748144944,-2.1518668886613512,0.06511788093495557,1.2415051719766053,-0.04760615855544082,0.011136923812086568,-0.019908550819110152,0.09000117304571391,0.09000117304571391,0.0,0.15203287941936405,0.503339793688168,-0.25022496153552165,-0.002743391512248337,-0.007090047595866712,-5.035095559784836,0,0.5009708059942626
40.59743999999406,-2.1538118762608853,0.5345660779805812,1.303653727950281,0.0008977837924116347,-0.018938802260607412,-0.015188388740561963,-1.9993759356554148,0.11395617249774764,0.8358069164686709,-0.015285964039436682,-0.019402226541561044,0.1386189472472089,-2.075651884023593,0.08949649454566921,1.038941339832049,-0.03157095541512565,-0.003881695674604485,0.059435883072294665,0.09000117304571391,0.09000117304571391,0.0,0.15201343116397997,0.5033722278299326,-0.2501102674222676,-0.002743005757370635,-0.007080399131989648,-5.035036731158234,0,0.5010298637439321
40.60159999999406,-2.1538081028695375,0.534487262843478,1.3035905211118024,0.0009056139234296892,-0.018915632904749395,-0.015169641234849646,-1.5504451128593821,0.7680706436143792,0.47312520280311254,-0.05072789083628215,0.04905336361496749,-0.04093607753289376,-1.8131500971736099,0.42889016683925807,0.7559438935868734,-0.041262962096090164,0.022669056266591013,0.009387397309564767,0.09000117304571391,0.09000117304571391,0.0,0.1519939724138511,0.5034046299945855,-0.2499957571060889,-0.0027426211630359695,-0.007070764229181329,-5.034977920457883,0,0.5010888514300613
40.605759999994056,-2.1538042968985844,0.5344085441110784,1.3035273923352269,0.0009134330287045216,-0.018892495775897786,-0.015150906378124768,-2.6431081169657316,0.5479534268155912,1.1602021545596601,0.0664015107375186,-0.08374948437189257,0.04592892540080877,-2.227996083688357,0.4882474950773888,0.9581730694726629,0.012217243621565819,-0.03008218445894237,0.02684523687342175,0.09000117304571391,0.09000117304571391,0.0,0.15197450317115002,0.5034370003118152,-0.24988143029842155,-0.0027422377341777136,-0.007061142884085675,-5.034919127650559,0,0.5011477691309875
40.609919999994055,-2.153800458393875,0.5343299216491139,1.3034643415677156,0.0009212411302890859,-0.018869390871483996,-0.01513218420270186,-2.046073150898886,0.4873576148269465,1.33048594799616,-0.10512300809945614,-0.09293514820689087,0.005267295730088868,-2.137253149303094,0.4876083138178744,1.144342795404271,-0.045891344954692326,-0.06105626126485164,0.016189591872476327,0.09000117304571391,0.09000117304571391,0.0,0.15195502343731654,0.5034693389107662,-0.24976728671157952,-0.002741855475706824,-0.007051535093237452,-5.03486035270293,0,0.5012066169251234
40.614079999994054,-2.1537965874011653,0.5342513953233278,1.303401368756296,0.0009290382502575269,-0.018846318188673113,-0.01511347474069404,-2.4511977336556834,0.0410642209828061,1.2426601070504915,-0.04353798388296433,0.1171326550634876,-0.012802912074862675,-2.2943177193358033,0.2645790472245508,1.1934753051367155,-0.04494403294466101,0.02693433290834968,0.001793468844380839,0.09000117304571391,0.09000117304571391,0.0,0.1519355332139119,0.5035016459199838,-0.2496533260576879,-0.002741474392511616,-0.007041940853065851,-5.0348015955815555,0,0.5012653948909568
40.61823999999405,-2.153792683966121,0.5341729649994762,1.3033384738478626,0.0009368244107056351,-0.018823277724366032,-0.015094778024011601,-2.327686012790897,0.5183669250246302,1.0381423523568545,-0.03987253869351055,-0.00691706256845755,0.03973531499993904,-2.311084577633833,0.39146055471002567,1.115889859583544,-0.04262770082555098,0.00992425202009144,0.021017058655817475,0.09000117304571391,0.09000117304571391,0.0,0.15191603250240554,0.5035339214676271,-0.24953954804996864,-0.002741094489457888,-0.007032360159896655,-5.034742856252885,0,0.5013241031070497
40.62239999999405,-2.1537887481343136,0.5340946305433296,1.3032756567891777,0.0009445996337553414,-0.01880026947518426,-0.015076094084374252,-2.065678442559422,0.38612646417420854,1.2748067258236855,0.20106832345878065,-0.03784099989712779,0.06466671774538978,-2.187961840007774,0.3887157520307078,1.1954843589445165,0.07933136823176541,-0.014430429123971649,0.042623039453596266,0.09000117304571391,0.09000117304571391,0.0,0.15189652130396095,0.5035661656809868,-0.24942595240124604,-0.0027407157713888975,-0.007022793009950144,-5.034684134683262,0,0.5013827416520357
40.62655999999405,-2.153784779951224,0.5340163918206734,1.3032129175268723,0.0009523639415472703,-0.01877729343749289,-0.015057422953298767,-2.6264487244122656,0.6961225030405972,0.8926004262576934,-0.1301578960072008,-0.09183815028125035,-0.023407571228864756,-2.4074788869169153,0.542230905892911,1.0439908753097413,-0.025490368487999723,-0.05344090073788345,0.009953737974903754,0.09000117304571391,0.09000117304571391,0.0,0.15187699961964926,0.5035983786871251,-0.2493125388254459,-0.002740338243125405,-0.007013239399344874,-5.034625430838924,0,0.5014413106046205
40.63071999999405,-2.1537807794622394,0.5339382486973092,1.3031502560074468,0.0009601173562426073,-0.018754349607393875,-0.015038764662106617,-2.1675099710006727,0.4128462746392505,1.442231235323136,0.06644198117138095,0.17821223887229543,0.028125391185582528,-2.287355160377538,0.4779076016759824,1.2431732445571293,0.020762265371964538,0.06273603773010669,0.018604415024718487,0.09000117304571391,0.09000117304571391,0.0,0.15185746745044928,0.503630560612394,-0.24919930703631513,-0.002739961909465645,-0.007003699324098167,-5.034566744686001,0,0.5014998100435801
40.63487999999405,-2.153776746712656,0.5338602010390562,1.3030876721772722,0.0009678599000227783,-0.01873143798072791,-0.01502011924192292,-2.0552295643957987,0.8797093790324733,1.5795786437738335,0.05479931708545286,-0.018379447575695214,0.2014448432686289,-2.171177226113089,0.678772849306088,1.4117970398275184,0.038004129065190934,0.022291161866394325,0.11013686022515068,0.09000117304571391,0.09000117304571391,0.0,0.15183792479746133,0.5036627115825943,-0.24908625674849338,-0.002739586775185386,-0.006994172780126732,-5.034508076190519,0,0.5015582400477597
40.63903999999405,-2.153772681747676,0.5337822487117517,1.3030251659825902,0.0009755915950896338,-0.018708558553077268,-0.015001486723679005,-2.455360918313312,0.23785058977682993,1.0975792333870962,-0.1452374827410111,0.04252723418828713,0.011991958563131266,-2.3135734853658576,0.4583983818307182,1.254711121532467,-0.053443945147612096,0.03178655165157705,0.06095493521758903,0.09000117304571391,0.09000117304571391,0.0,0.15181837166126597,0.5036948317230817,-0.24897338767666025,-0.0027392128450381913,-0.006984659763247489,-5.034449425318402,0,0.5016166006960727
40.643199999994046,-2.153768584612411,0.5337043915812527,1.3029627373695147,0.000983312463664946,-0.018685711319761378,-0.014982867138114905,-2.306786232892883,0.869294327112881,2.011495418599191,0.013486024620114327,-0.28913020842475307,-0.08480957763076526,-2.3101503351828288,0.6632480711465921,1.6329309852143055,-0.0206688761508571,-0.1287589297248757,-0.01135109271559959,0.09000117304571391,0.09000117304571391,0.0,0.15179880804256485,0.5037269211586584,-0.24886069953596496,-0.0027388401237551955,-0.006975160269177176,-5.0343907920354685,0,0.5016748920674997
40.647359999994045,-2.1537644553518778,0.5336266295134366,1.3029003862840323,0.000991022527986349,-0.01866289627585383,-0.014964260515772966,-2.708042126597374,0.4044217720826433,1.4491017887771989,-0.00449809055580821,-0.13740945390161355,-0.03126694260187064,-2.50910772452036,0.5335475151842881,1.540950846553982,-0.012895384144712838,-0.13318575244075,-0.02168290752837547,0.09000117304571391,0.09000117304571391,0.0,0.15177923394175327,0.5037589800135188,-0.24874819204202914,-0.0027384686160453124,-0.006965674293535626,-5.034332176307435,0,0.5017331142410872
40.65151999999404,-2.1537602940110014,0.5335489623742026,1.302838112672003,0.0009987218103093356,-0.01864011341617311,-0.014945666887004924,-2.346698294056611,0.7632142635171977,1.285998393656665,0.02079439674067139,0.002569653764151098,0.10008994124088229,-2.4278596764647022,0.6483881654190127,1.4136808248129602,0.004454813800956463,-0.06547261108276421,0.03928969475007835,0.09000117304571391,0.09000117304571391,0.0,0.15175964935891986,0.5037910084114091,-0.24863586491094936,-0.002738098326595141,-0.00695620183184552,-5.034273578099916,0,0.5017912672959468
40.65567999999404,-2.1537561006346144,0.5334713900294721,1.3027759164791615,0.0010064103328995813,-0.018617362735305388,-0.014927086281962421,-2.5007945598617796,0.53357612200166,1.8930367402160955,-0.03144728637541531,-0.011228913964307658,0.12540673955241768,-2.464392606985835,0.5909568109102582,1.6536244898895587,-0.01370116951158677,-0.03778992744108475,0.0816162952579057,0.09000117304571391,0.09000117304571391,0.0,0.15174005429470178,0.5038230064755722,-0.2485237178590856,-0.0027377292600689372,-0.006946742879537067,-5.034214997378426,0,0.5018493513112537
40.65983999999404,-2.153751875267456,0.5333939123451905,1.3027137976511172,0.0010140881180471912,-0.018594644227566362,-0.014908518730617583,-1.6684759973642205,0.24327059505667958,1.222064049803728,0.02920599300608223,-0.1694110487090435,-0.011602133711419526,-2.0663692329105494,0.4167587920378388,1.437817545648868,0.008349638945319765,-0.10354015134348614,0.03480737201989562,0.09000117304571391,0.09000117304571391,0.0,0.15172044874900237,0.5038549743286405,-0.24841175060306347,-0.00273736142110889,-0.006937297431942193,-5.034156434108377,0,0.5019073663662467
40.66399999999404,-2.1537476179541724,0.5333165291873279,1.3026517561333557,0.0010217551880532024,-0.01857195788703776,-0.014889964262746054,-2.2699436814346057,0.2058411778377816,1.59316938480326,0.22474339621452127,-0.03348712823465041,-0.036663772672228236,-2.1676909115207055,0.31122896141174433,1.5154185454594635,0.11676806954819689,-0.06856842724838204,-0.001045154162026885,0.09000117304571391,0.09000117304571391,0.0,0.15170083272163185,0.5038869120927941,-0.24829996286020428,-0.0027369948143350295,-0.006927865484299418,-5.034097888255085,0,0.5019653125402255
40.66815999999404,-2.153743328739317,0.5332392404218796,1.3025897918712392,0.0010294115652302158,-0.01854930370756517,-0.014871422907931052,-1.6722630652524368,0.06227417948932645,1.1419271985933965,-0.010103643194734297,-0.06217309353888674,0.11575350064909032,-1.9199946912239927,0.18662137070226303,1.328910783916985,0.053414526555238796,-0.06578494670697403,0.057461388920897694,0.09000117304571391,0.09000117304571391,0.0,0.1516812062127349,0.5039188198897615,-0.24818835434788603,-0.0027366294443451804,-0.006918447031755835,-5.034039359783764,0,0.5020231899125516
40.67231999999404,-2.1537390076673506,0.5331620459148682,1.3025279048100078,0.0010370572719080383,-0.01852668168274563,-0.014852894695569961,-2.2943189486967603,0.5888430517699383,1.569780949630431,-0.0647683088962681,0.11825431815395157,-0.03481524603367482,-2.1072941091628508,0.3879817359913814,1.449275311658625,-0.005691602671965547,0.025864841225014947,0.011245263656822371,0.09000117304571391,0.09000117304571391,0.0,0.1516615692219361,0.5039506978406564,-0.24807692478440135,-0.0027362653157152386,-0.006909042069365377,-5.033980848659532,0,0.5020809985626457
40.67647999999404,-2.1537346547826406,0.5330849455323434,1.302466094894779,0.0010446923304299558,-0.01850409180593459,-0.014834379654874956,-2.4902098306444436,0.11025595565865082,1.4276450348859833,0.037020587947809686,-0.04526196276935015,-0.16609250442201268,-2.2986777483999026,0.24902407212942274,1.4381143248025867,0.015710225005657507,-0.010325470006966061,-0.07730190205011529,0.09000117304571391,0.09000117304571391,0.0,0.15164192174898064,0.5039825460660848,-0.24796567388746238,-0.0027359024329990543,-0.006899650592089513,-5.033922354847408,0,0.5021387385699875
40.680639999994035,-2.153730270129461,0.533007939140384,1.3024043620705505,0.001052316763149215,-0.01848153407026075,-0.014815877814863326,-2.2656872017530323,0.6692431881028992,1.5242947023579507,0.07667046655709955,-0.0162919941897903,-0.013264789906627042,-2.282022943586001,0.4591043153124247,1.4811766536360034,0.04626900423287582,-0.014092881099885948,-0.0448678585094179,0.09000117304571391,0.09000117304571391,0.0,0.15162226379309296,0.5040143646862506,-0.24785460137655582,-0.002735540800728668,-0.00689027259480062,-5.033863878312316,0,0.5021964100141146
40.684799999994034,-2.1537258537519923,0.5329310266050981,1.302342706282199,0.0010599305924286636,-0.018459008468621436,-0.014797389204367115,-1.5576233089108789,0.6925906666114334,1.440360204411054,-0.15636099669293768,0.06675533445278146,-0.027372883204829106,-1.9201454885145648,0.5759886088034762,1.4607117084373626,-0.05397282109303846,0.02602078310995989,-0.03636182575285705,0.09000117304571391,0.09000117304571391,0.0,0.1516025953536178,0.5040461538208475,-0.24774370697016557,-0.0027351804234140753,-0.006880908072282814,-5.033805419019084,0,0.5022540129746212
40.68895999999403,-2.153721405694323,0.5328542077926244,1.3022811274744823,0.0010675338406431032,-0.018436514993678054,-0.014778913852031391,-1.775987184088361,0.8490749606382855,1.0137477264765518,0.011630432840680067,0.053230614881096414,-0.12791531810428713,-1.8480425069697277,0.7126447552354797,1.2369593735542856,-0.02051646406510016,0.03945976761227139,-0.08157679780596486,0.09000117304571391,0.09000117304571391,0.0,0.15158291643023455,0.5040779135889516,-0.24763299038812653,-0.0027348213055432844,-0.0068715570192313495,-5.033746976932444,0,0.5023115475311577
40.69311999999403,-2.153716926000447,0.5327774825691333,1.3022196255920393,0.0010751265301811356,-0.018414053637856524,-0.014760451786320057,-2.266614060247329,0.518320978736616,1.5472622447358304,0.0583568326696475,-0.15407788524269458,-0.18435928072315713,-2.057210625575841,0.6151618658412653,1.391727429936453,0.019296697004055383,-0.057698726191856425,-0.13195717949454822,0.09000117304571391,0.09000117304571391,0.0,0.1515632270216744,0.504109644109287,-0.24752245135013062,-0.0027344634515827416,-0.006862219430252276,-5.033688552017034,0,0.5023690137634289
40.69727999999403,-2.153712414714266,0.5327008508008275,1.3021582005793915,0.0010827086834354761,-0.018391624393367497,-0.014742003035504884,-1.9599931501374104,0.1919825753655448,1.664672480436171,0.09626581700178222,-0.05767398534078143,-0.06705196210030512,-2.008400476066428,0.4034503590489687,1.5280623996661848,0.057535232513200314,-0.0581959717589081,-0.09950905105644169,0.09000117304571391,0.09000117304571391,0.0,0.15154352712721628,0.5041413455000119,-0.2474120895767985,-0.0027341068659769954,-0.006852895299866714,-5.033630144237398,0,0.5024264117511938
40.70143999999403,-2.153707871879588,0.5326243123539434,1.3020968523809429,0.0010902803228107442,-0.01836922725218981,-0.014723567627677993,-2.0304341522999434,0.5912389842501431,1.4052349878322163,-0.03228735750288515,0.027849931763204983,-0.06930179994860133,-2.019483842904947,0.497406121283924,1.4665041310345681,0.01225356348300426,-0.01624047430905305,-0.08462012668881778,0.09000117304571391,0.09000117304571391,0.0,0.15152381674583226,0.5041730178788237,-0.24730190478839842,-0.002733751553148972,-0.006843584622509356,-5.033571753557987,0,0.5024837415742645
40.70559999999403,-2.1537032975401265,0.5325478670947514,1.3020355809409814,0.0010978414707211255,-0.018346862206075582,-0.014705145590747853,-2.035979114855981,0.4261725163300783,1.185251730618123,0.10657402590569838,0.02368659610664207,0.10437226115225504,-2.027509410436454,0.4618386214037566,1.3260929398781538,0.059161090461883385,0.0034639202246011785,0.00991886271415223,0.09000117304571391,0.09000117304571391,0.0,0.1515040958759734,0.5042046613629054,-0.24719189670613123,-0.002733397517500012,-0.006834287392528827,-5.033513379943161,0,0.5025410033125043
40.70975999999403,-2.1536986917395033,0.5324715148895575,1.3019743862036797,0.0011053921495842018,-0.018324529246564983,-0.01468673695243589,-1.9690518258010927,0.524867910212201,1.6122878414948465,0.011684370669654059,-0.05033769538275132,0.22029134854434224,-1.9982560479220433,0.49325010011434844,1.4696518436499135,0.03549405249465524,-0.023959577586092132,0.11449024777516939,0.09000117304571391,0.09000117304571391,0.0,0.15148436451685227,0.5042362760690842,-0.24708206505170613,-0.0027330447634096575,-0.0068250036041910475,-5.0334550233571855,0,0.5025981970458284
40.713919999994026,-2.1536940545212455,0.5323952556047035,1.3019132681130952,0.001112932381830611,-0.01830222836496611,-0.014668341740288568,-2.6134900310132028,0.7834975322446946,0.746423701806971,-0.06334399818462229,-0.09549110397636382,0.11706930055306662,-2.3060085288689365,0.6381773820362759,1.1082754037947733,-0.014192418914853646,-0.05979460608353086,0.1161685547137698,0.09000117304571391,0.09000117304571391,0.0,0.15146462266651944,0.5042678621135642,-0.24697240954648655,-0.0027326932952361294,-0.006815733251676486,-5.033396683764238,0,0.5026553228542018
40.718079999994025,-2.1536893859287876,0.5323190891065686,1.3018522266131716,0.0011204621898903405,-0.01827995955238623,-0.014649959981660587,-2.52534370430346,0.3515651240823201,1.9395018647072888,-0.08023335080545042,-0.19637987719658206,0.12958829116277149,-2.4158456837094,0.49446053865456685,1.5241652887438617,-0.04665603512921029,-0.12796097933971057,0.12225337766326973,0.09000117304571391,0.09000117304571391,0.0,0.15144487032400053,0.5042994196121385,-0.24686292991298942,-0.0027323431173159446,-0.006806476329085579,-5.033338361128403,0,0.5027123808176385
40.722239999994024,-2.15368468600547,0.5322430152615698,1.3017912616477394,0.0011279815962058266,-0.018257722799703304,-0.01463159170373394,-1.5792187500854011,0.7322457491721158,1.8930773617040253,0.054958564963607015,-0.21984926577828293,-0.09219681401664935,-1.9974134937941836,0.6128965156659679,1.7084320113697355,0.0048388022207328536,-0.17341259992914537,0.01510385090211806,0.09000117304571391,0.09000117304571391,0.0,0.15142510748737306,0.5043309486801357,-0.24675362587381894,-0.0027319942339644357,-0.006797232830435193,-5.033280055413679,0,0.5027693710162011
40.72639999999402,-2.1536799547945398,0.5321670339361632,1.3017303731605165,0.0011354906232221764,-0.01823551809758667,-0.014613236933507929,-2.3927820286679986,-0.04106180722442265,1.8240579935438,0.05252578258680351,0.053995991486931336,-0.026580632578908903,-2.1949895515935176,0.2860263116486545,1.7661904173934082,0.02785021709595413,-0.060311113664274496,-0.005684171602324321,0.09000117304571391,0.09000117304571391,0.0,0.15140533415504828,0.504362449432418,-0.2466444971518821,-0.002731646649475457,-0.006788002749661409,-5.0332217665839725,0,0.5028262935299992
40.73055999999402,-2.1536751923391506,0.5320911449968444,1.301669561095109,0.0011429892933906014,-0.018213345436492053,-0.014594895697802967,-2.4434831772262493,0.5382739763461654,1.2718692483026055,-0.0039034002473708742,0.17538831452957698,-0.029849773907197667,-2.3192454156541906,0.41251637297582733,1.5189614248179941,0.011587623127366331,0.05768638232292713,-0.016389094662313843,0.09000117304571391,0.09000117304571391,0.0,0.15138555032513026,0.5043939219833277,-0.2465355434703907,-0.0027313003681216043,-0.006778786080619728,-5.033163494603102,0,0.5028831484391887
40.73471999999402,-2.153670398682362,0.53201534831015,1.301608825395012,0.0011504776291651182,-0.018191204806669727,-0.014576568023257871,-2.026554496637187,0.6151883500386732,1.6930279143481475,0.035146754737605486,0.06775050855357381,0.08346941642788677,-2.1728240204543265,0.5139945623536843,1.6061705015084868,0.022989010631470724,0.06278340379695678,0.03305296170243757,0.09000117304571391,0.09000117304571391,0.0,0.15136575599562935,0.5044253664467926,-0.24642676455329154,-0.002730955394154219,-0.006769582817086946,-5.033105239434799,0,0.5029399358239713
40.73887999999402,-2.1536655738671415,0.5319396437426576,1.3015481660036106,0.001157955653001289,-0.018169096198168998,-0.014558253936330659,-2.2443511968928274,0.45291320886132247,1.4248809595049212,-0.00619126128729997,0.057358763323626806,0.09170465422351373,-2.208601178983333,0.4835727734559009,1.5157145695698238,0.008493137773564623,0.060066282692634435,0.06268056793855445,0.09000117304571391,0.09000117304571391,0.0,0.15134595116489002,0.5044567829363791,-0.2463181601248417,-0.002730611731803446,-0.006760392952763003,-5.033047001042709,0,0.5029966557645936
40.74303999999402,-2.153660717936361,0.5318640311609876,1.30148758286418,0.001165423387366396,-0.018147019600810256,-0.014539953463313585,-2.918216271500549,0.38524821991612745,1.4004236635824363,0.08870199632266815,-0.0687775845616453,-0.06800216215932474,-2.5632303445537077,0.43426529927527374,1.4579256422343152,0.049146051567441236,-0.003648262561509747,-0.0020633714634355946,0.09000117304571391,0.09000117304571391,0.0,0.15132613583030827,0.5044881715649704,-0.24620972990939607,-0.0027302693852784446,-0.006751216481265958,-5.032988779390389,0,0.5030533083413452
40.74719999999402,-2.1536558309327996,0.5317885104318033,1.3014270759198872,0.0011728808547210355,-0.01812497500423511,-0.014521666630308966,-2.5370961399318035,0.6214636681142742,1.374087721968639,0.14101628666406982,0.08670835727964524,0.0855799838317126,-2.5498695183440057,0.5280467380889621,1.4161845919403586,0.09496409485675537,0.04123883205131032,0.04151582844243682,0.09000117304571391,0.09000117304571391,0.0,0.15130630998982725,0.5045195324452467,-0.2461014736318372,-0.002729928358767176,-0.00674205339614016,-5.032930574441313,0,0.5031098936345589
40.751359999994015,-2.1536509128991432,0.5317130814218122,1.3013666451137902,0.0011803280775341508,-0.01810296239786483,-0.014503393463251624,-2.5867425904669066,0.494649395556385,0.8930666774403351,0.04166797931972363,-0.11242296399820204,0.20555905835089228,-2.568219218992907,0.5111134783322036,1.155049164396976,0.06811497268285857,-0.03533301476803887,0.123703240714682,0.09000117304571391,0.09000117304571391,0.0,0.1512864736412969,0.5045508656893103,-0.2459933910173638,-0.0027295886564365416,-0.006732903690851477,-5.032872386158867,0,0.5031664117246097
40.755519999994014,-2.1536459638779837,0.5316377439977666,1.3013062903888406,0.0011877650782760076,-0.018080981770924463,-0.014485133987898404,-2.01185941741323,0.4183325719338078,1.6178703727950074,0.08752400338960914,-0.024996945989516052,-0.07039982969555808,-2.2898537647139676,0.4646685149980094,1.386317043382511,0.07800433508167366,-0.02926744607836008,0.026440153168457124,0.09000117304571391,0.09000117304571391,0.0,0.15126662678204597,0.504582171408738,-0.24588548179192093,-0.0027292502824326492,-0.006723767358789938,-5.032814214506355,0,0.5032228626919134
40.75967999999401,-2.1536409839118194,0.5315624980264647,1.301246011687883,0.001195191879413038,-0.018059033112454208,-0.01446688822982571,-2.4294173843021087,0.4548510665979173,1.828092526223029,0.10575849040411796,-0.14436874329422497,-0.13020630775576172,-2.359416619510734,0.45945809424470135,1.6069365068916308,0.0919003077697208,-0.08616396812575927,-0.05161152630557554,0.09000117304571391,0.09000117304571391,0.0,0.151246769409737,0.5046134497148475,-0.24577774568134678,-0.0027289132408806994,-0.006714644393273529,-5.032756059446997,0,0.5032792466169261
40.76383999999401,-2.153635973043055,0.531487343374751,1.301185808953656,0.0012026085034183025,-0.01803711641128059,-0.014448656214443084,-2.199031749212092,1.2759005310389107,0.7948091017617916,-0.14141232552366034,0.11563301203185675,0.01521039931145666,-2.279514759387037,0.8679266783073217,1.2008999517688619,-0.025912497333338537,0.014173780248243494,-0.018778528956173365,0.09000117304571391,0.09000117304571391,0.0,0.1512269015217253,0.5046447007183763,-0.24567018241201583,-0.0027285775358851074,-0.006705534787543951,-5.032697920943928,0,0.5033355635801434
40.76799999999401,-2.1536309313140016,0.5314122799095176,1.3011256821287938,0.0012100149727653016,-0.01801523165603451,-0.014430437966986632,-1.9665010226481572,0.7900718829853913,1.224474977909525,0.10858632081645993,0.00801745009934458,-0.047874474918462265,-2.1227803754615113,0.8290158545018816,1.2125885275972206,0.04158369694604745,0.010883199792204604,-0.03355318517523463,0.09000117304571391,0.09000117304571391,0.0,0.15120702311527248,0.5046759245296407,-0.24556279171105566,-0.0027282431715295384,-0.006696438534768327,-5.0326397989602025,0,0.5033918136620993
40.77215999999401,-2.153625858766877,0.5313373074977044,1.3010656311558249,0.0012174113099236447,-0.017993378835165795,-0.014412233512514824,-2.3058431646173108,0.2640803616075113,1.4052002662948389,0.032638271316781965,0.0990571168374687,0.09863437714522015,-2.2142427369494353,0.5467497849216645,1.3091009685904424,0.03594436438041274,0.05515969958014857,0.03249981863049178,0.09000117304571391,0.09000117304571391,0.0,0.15118713418776036,0.5047071212586424,-0.24545557330506523,-0.0027279101518770327,-0.006687355628043061,-5.032581693458792,0,0.5034479969433655
40.77631999999401,-2.1536207554438045,0.5312624260063006,1.3010056559771752,0.001224797537367978,-0.017971557936916384,-0.014394042875919354,-1.8904687276410033,0.7220132148158015,1.656440710261631,0.07744387416356421,0.022601509390714807,-0.05312160207989032,-2.052191151081502,0.634429650355448,1.4826604209756102,0.05609781903030564,0.03892423146585892,-0.009171804950808285,0.09000117304571391,0.09000117304571391,0.0,0.15116723473583574,0.5047382910147463,-0.24534852692225603,-0.0027275784809700863,-0.006678286060390136,-5.032523604402588,0,0.5035041135045507
40.78047999999401,-2.1536156213868147,0.5311876353023449,1.3009457565351672,0.001232173677562504,-0.01794976894936376,-0.014375866081910563,-2.404668171204231,0.8123355012341122,1.7518742389006343,0.021120083520422918,-0.03810970102494848,-0.061934527404022645,-2.2283882565869226,0.7233032987173784,1.6171393893649066,0.03863915015374617,0.0010155987725839967,-0.035067808411052254,0.09000117304571391,0.09000117304571391,0.0,0.1511473247571205,0.5047694339071084,-0.24524165229010203,-0.0027272481628304963,-0.006669229824764457,-5.0324655317544,0,0.5035601634262996
40.784639999994006,-2.153610456637844,0.5311129352529267,1.3008859327720212,0.001239539752981101,-0.017928011860368326,-0.014357703155040041,-2.030251905596643,0.7361756469760325,1.0039570663741346,-0.12028667875062668,-0.17765139164839178,-0.11517234766418603,-2.12956889873739,0.7293719410552871,1.3103044404421995,-0.040808155461389356,-0.08921421623705282,-0.07514305133986181,0.09000117304571391,0.09000117304571391,0.0,0.15112740424807442,0.5048005500442995,-0.24513494913726605,-0.0027269192014597985,-0.006660186914046276,-5.032407475476957,0,0.5036161467892921
40.788799999994005,-2.1536052612387353,0.5310383257251866,1.3008261846298559,0.0012468957860883756,-0.017906286657622388,-0.014339554119681413,-2.582971041760088,1.287446987259809,0.9113379090343048,0.0412331092832088,-0.19941414595914453,-0.02342819440439173,-2.356187232717402,1.0079987507578008,1.1107707944333163,0.0001367653186385158,-0.144382667234164,-0.04983776979460812,0.09000117304571391,0.09000117304571391,0.0,0.15110747320570456,0.5048316395344659,-0.2450284171921051,-0.0027265916008389927,-0.006651157321047888,-5.032349435532912,0,0.5036720636742424
40.792959999994004,-2.153600035231238,0.5309638065863174,1.300766512050689,0.0012542417993504943,-0.01788459332862315,-0.014321419000042433,-2.275127404547442,0.71552595646713,1.2592411655179225,0.11441589220137716,-0.09187785243837791,0.016407535807090937,-2.315419172898205,0.8615695835556149,1.1850409410050724,0.05746289254111289,-0.11831623021940428,-0.016620742645361272,0.09000117304571391,0.09000117304571391,0.0,0.15108753162671076,0.5048627024854349,-0.24492205618395552,-0.0027262653649287615,-0.006642141038511159,-5.0322914118848345,0,0.5037279141618982
40.797119999994,-2.1535947786570078,0.5308893777035645,1.3007069149764383,0.0012615778152274774,-0.017862931860695274,-0.014303297820157525,-1.6607581545001484,0.46632361668559574,1.1376630005319601,0.129843882634373,0.21244053646573866,-0.046540195021846475,-1.987815266894409,0.6643853061225792,1.1612549504014493,0.09425253050554008,0.04723255424209178,-0.03163308619795148,0.09000117304571391,0.09000117304571391,0.0,0.15106757950791308,0.5048937390045538,-0.244815865842066,-0.0027259404976695536,-0.006633138059111064,-5.032233404495218,0,0.5037836983330404
40.801279999994,-2.153589491557607,0.5308150389442271,1.300647393348922,0.0012689038561819652,-0.017841302240965147,-0.014285190603900188,-2.5859291697501874,0.7074455297713973,1.4887971451610127,0.00230775605959109,0.06967637197489723,0.04681336429823074,-2.286872405375722,0.6860607075470448,1.3251261451843772,0.04867157440220933,0.0584225123583935,0.007375956786801219,0.09000117304571391,0.09000117304571391,0.0,0.15104761684561047,0.5049247491987431,-0.24470984589645503,-0.002725617002981683,-0.006624148375452008,-5.03217541332648,0,0.5038394162684813
40.805439999994,-2.153584173974504,0.5307407901756588,1.3005879471098596,0.001276219944666082,-0.017819704456398695,-0.01426709737496735,-2.431569156636076,0.3168808312855995,1.7110776926053293,-0.0930753820989515,0.01182795381553627,-0.08363798596051365,-2.359415450118393,0.5014931563402377,1.5179301558402996,-0.02216277451456177,0.03495104752230672,-0.037885171346698776,0.09000117304571391,0.09000117304571391,0.0,0.15102764363664953,0.5049557331744946,-0.24460399607727162,-0.002725294884765265,-0.00661517198007399,-5.032117438340958,0,0.5038950680490649
40.809599999994,-2.1535788259490745,0.530666631265268,1.3005285762008725,0.0012835261031334919,-0.017798138493770585,-0.01424901815689509,-2.6345629135952326,0.42367881398810886,1.0373183250657398,0.1114533680713792,0.01535454776309212,0.014498056988869402,-2.4967582614607284,0.46261757127043424,1.2776520889212621,0.04414341914668898,0.025060962133683078,-0.01220467669443114,0.09000117304571391,0.09000117304571391,0.0,0.15100765987714226,0.5049866910379789,-0.244498316115011,-0.002724974146900561,-0.006606208865449074,-5.032059479500915,0,0.5039506537556655
40.813759999994,-2.153573447522599,0.5305925620805194,1.3004692805634848,0.0012908223540340923,-0.017776604339672746,-0.014230952973055516,-1.7386547578580795,0.6509281415189601,1.2969122197282381,0.0076746827441073395,0.032849103273873206,0.17777245522448895,-2.1176856097508336,0.5568424931633557,1.2876523843270968,0.026088345783361073,0.02895747252478389,0.08261127808941475,0.09000117304571391,0.09000117304571391,0.0,0.15098766556332038,0.5050176228947764,-0.24439280574073044,-0.002724654793247669,-0.006597259023981576,-5.0320015367685365,0,0.5040061734691865
40.817919999994,-2.1535680387362666,0.5305185824889338,1.3004100601391237,0.0012981087198059862,-0.017755101980544977,-0.014212901846644173,-1.8590767241017192,0.4798207658023976,1.5095028596562052,0.21728707171452155,0.058352168491628886,-0.06478829840509091,-1.9879276300287343,0.518452268666264,1.3984433154210554,0.12178294036148905,0.04374558247943601,0.009450416191263746,0.09000117304571391,0.09000117304571391,0.0,0.15096766069174988,0.5050485288503045,-0.244287464685624,-0.002724336827646799,-0.006588322448014459,-5.031943610105935,0,0.504061627270561
40.822079999993996,-2.1535625996311714,0.5304446923580896,1.3003509148691208,0.0013053852228910147,-0.017733631402628375,-0.01419486480070304,-2.5371145070322014,0.8981990364235999,1.6118726199156326,-0.1584847261951544,-0.023874792633440722,0.003282766762325629,-2.262853597109956,0.7082779168833482,1.505166323338685,-0.01879358403495064,0.010292685888485451,0.006350569201560932,0.09000117304571391,0.09000117304571391,0.0,0.15094764525847604,0.505079409009336,-0.24418229268145183,-0.0027240202539184307,-0.006579399129822721,-5.031885699475146,0,0.5041170152407496
40.826239999993994,-2.153557130248314,0.5303708915556229,1.300291844694712,0.001312651885722149,-0.01771219259200244,-0.014176841858104835,-2.003797605280446,0.42659909430302334,1.0980943762466326,-0.0685335250740608,0.008859334397866098,0.04635053356149251,-2.1334650232668455,0.5674552460233735,1.301723964244687,-0.044291675122504696,0.00943939196027315,0.02632146307541007,0.09000117304571391,0.09000117304571391,0.0,0.1509276192592364,0.5051102634764258,-0.24407728946032892,-0.0027237050758633415,-0.006570489061617913,-5.031827804838133,0,0.5041723374607402
40.83039999999399,-2.153551630628603,0.5302971799492289,1.3002328495570388,0.0013199087307248615,-0.017690785534577095,-0.014158833041557886,-2.209515806072103,0.7209457156706323,0.8598119294773094,-0.09098149911182,-0.1773996302198549,0.18412501253605015,-2.1716804246026076,0.6438332662368501,1.08114724998374,-0.06751872776690128,-0.08430350370186955,0.1054916746674305,0.09000117304571391,0.09000117304571391,0.0,0.1509075826905302,0.5051410923555896,-0.2439724547545128,-0.002723391297262393,-0.006561592235548793,-5.031769926156784,0,0.5042275940115475
40.83455999999399,-2.1535461008128514,0.5302235574066618,1.3001739293971488,0.0013271557803210363,-0.017669410216092266,-0.014140838373607065,-2.020374133205118,0.3438429835539213,1.3106367977236444,-0.004277346155193554,-0.21698786366101552,0.11598371370309767,-2.096035640866844,0.4933848886937161,1.1961352238459928,-0.03565013881848615,-0.15072923323384216,0.11056805935406704,0.09000117304571391,0.09000117304571391,0.0,0.15088753554769463,0.50517189575057,-0.24386778829726152,-0.0027230789218771444,-0.006552708643701329,-5.031712063392915,0,0.5042827849742119
40.83871999999399,-2.1535405408417807,0.5301500237957364,1.300115084155996,0.0013343930569244982,-0.017648066622117434,-0.014122857876637728,-2.1514521520190604,1.074657488360661,1.1182230682928473,0.019747987726176378,-0.044724077543806334,-0.15236627134269481,-2.123703319816794,0.7839318585747433,1.1568605384233732,-0.007901325830468445,-0.09755426899968624,-0.02033169881312448,0.09000117304571391,0.09000117304571391,0.0,0.15086747782704193,0.5052026737645693,-0.24376328982112444,-0.0027227679534492927,-0.006543838278098887,-5.031654216508268,0,0.5043379104297988
40.84287999999399,-2.1535349507560184,0.5300765789843278,1.3000563137744425,0.0013416205829436946,-0.01762675473805837,-0.014104891572869538,-2.3857967876960267,0.2729854932019452,1.7590284384000958,-0.02576526537227574,0.07445205503227603,-0.0806550399136184,-2.2548062401303754,0.5286090500928853,1.4577813121420045,-0.016466054087183102,-0.01112524286302433,-0.0506675171203739,0.09000117304571391,0.09000117304571391,0.0,0.15084740952415018,0.5052334265005689,-0.24365895906029666,-0.002722458395701342,-0.006534981130703435,-5.031596385464516,0,0.5043929704593982
40.84703999999399,-2.1535293305960983,0.530003222840373,1.2999976181932578,0.0013488383807818273,-0.017605474549147453,-0.014086939484367553,-2.062685911454662,0.813317207794116,1.3193847902762552,0.07278595639801494,0.07145564793676229,0.10126216267739696,-2.158594480769213,0.6711138041721363,1.388792291411665,0.028703359459992896,0.03013235676018275,0.025486532982953957,0.09000117304571391,0.09000117304571391,0.0,0.15082733063450376,0.5052641540609546,-0.2435547957482691,-0.0027221502523363528,-0.006526137193414284,-5.031538570223258,0,0.5044479651441233
40.85119999999399,-2.1535236804024613,0.529929955231871,1.2999389973531201,0.0013560464728277497,-0.0175842260404746,-0.014069001633024256,-2.120427637303212,0.8816090026342671,1.5201235079531827,0.016250996249842053,0.16131808965652406,-0.028512352027614207,-2.1394780043556514,0.7766963461594908,1.4544012946907308,0.02296553935563338,0.0967107733003349,-0.0023657690090759633,0.09000117304571391,0.09000117304571391,0.0,0.1508072411539212,0.5052948565479436,-0.24345079961932653,-0.002721843527038046,-0.006517306458073918,-5.0314807707460245,0,0.5045028945651103
40.855359999993986,-2.1535180002154553,0.5298567760268837,1.2998804511946176,0.0013632448814712029,-0.017563009196942075,-0.01405107804058448,-1.4284284670024854,0.7110161142085809,1.777715349556544,-0.06884504083694244,-0.07774055888106754,0.03344609532060512,-1.784092330392364,0.7436937533352874,1.6161293064913405,-0.022513339208087894,0.009649731047546434,0.015944142012947755,0.09000117304571391,0.09000117304571391,0.0,0.1507871410779143,0.5053255340631565,-0.24334697040833647,-0.002721538223470915,-0.006508488916461348,-5.031422986994273,0,0.5045577588035176
40.859519999993985,-2.153512290075334,0.5297836850935366,1.2998219796582484,0.0013704336290887653,-0.01754182400330902,-0.014033168728626097,-2.336272355559583,0.3912375940509971,0.9353535456387037,0.058160430549783974,0.03468555842129707,0.07984613985247478,-2.0600663768078284,0.5675347001518533,1.2759031269184866,0.01836748155759617,0.022479638147163482,0.04770500332382355,0.09000117304571391,0.09000117304571391,0.0,0.15076703040168765,0.50535618670799,-0.243243307850538,-0.002721234345280427,-0.006499684560298138,-5.031365218929394,0,0.504612557940525
40.863679999993984,-2.153506550022259,0.5297106823000192,1.299763582684421,0.001377612738048981,-0.017520670444171257,-0.014015273718570968,-1.6323531312119108,0.4225831218455302,1.3734781021948528,-0.08223071496383863,-0.08469734557777821,0.14353831263110933,-1.8463758349241974,0.49488219176448295,1.3249897912716893,-0.03286938144758106,-0.03132465959640446,0.09564513382885068,0.09000117304571391,0.09000117304571391,0.0,0.15074690912078006,0.5053868145833497,-0.24313981168068677,-0.002720931896092826,-0.006490893381247243,-5.031307466512707,0,0.5046672920573326
40.86783999999398,-2.1535007800962975,0.529637767514586,1.2997052602134556,0.0013847822307129754,-0.01749954850396532,-0.013997393031680926,-1.982918653182988,0.14195398637046014,1.8181501649170255,0.00953999816245321,-0.09103601384229655,0.14113988600153868,-1.914628177093228,0.31822668810856075,1.5718673987863365,-0.011753714997258012,-0.06137890513616816,0.11819584297694591,0.09000117304571391,0.09000117304571391,0.0,0.15072677723020955,0.5054174177898094,-0.24303648163519628,-0.0027206308795154214,-0.006482115370913163,-5.031249729705463,0,0.504721961235161
40.87199999999398,-2.153494980337425,0.5295649406055569,1.2996470121855845,0.0013919421294289968,-0.017478458166981053,-0.013979526689058146,-2.3389103555331734,-0.0022771236536501815,1.1214770261305365,-0.038277122571774125,0.05462215183440272,0.19661968528896331,-2.1268495625188284,0.15808685268363004,1.3470776022794653,-0.026113879551710045,-0.0037227183219041013,0.15760556319555152,0.09000117304571391,0.09000117304571391,0.0,0.15070663472554238,0.5054479964276642,-0.24293331745000202,-0.0027203312991364924,-0.0064733505208447424,-5.031192008468847,0,0.5047765655552501
40.87615999999398,-2.1534891507855227,0.529492201441318,1.2995888385409526,0.0013990924565433845,-0.017457399417333617,-0.013961674711656507,-2.128595089246178,0.32196145412554045,1.398954472957612,-0.10729704125466216,-0.051587289043161066,-0.08952936042030148,-2.1279452902708345,0.23991774447277311,1.3728299740426766,-0.0668072750682192,-0.027529047125199088,0.03415398759942822,0.09000117304571391,0.09000117304571391,0.0,0.1506864816018245,0.5054785505966092,-0.24283031886141754,-0.002720033158525572,-0.006464598822530567,-5.031134302763974,0,0.504831105098858
40.88031999999398,-2.1534832914803794,0.5294195498903222,1.2995307392196183,0.001406233234389563,-0.01743637223899501,-0.013943837120267831,-1.7967104780663845,0.13915031663888233,1.2705757652386234,-0.052871482531155325,-0.14821570983139098,0.07574686494434327,-1.962436312721012,0.1892265706072345,1.3218593777043728,-0.05946751626673933,-0.08860011203047098,0.055105329387109596,0.09000117304571391,0.09000117304571391,0.0,0.15066631785379458,0.5055090803961122,-0.24272748560656482,-0.00271973646123349,-0.006455860267403335,-5.031076612551892,0,0.5048855799472606
40.88447999999398,-2.1534774024616907,0.5293469858210897,1.2994727141615536,0.0014133644852877278,-0.01741537661579197,-0.013926013935525752,-2.0066321435188383,0.5696351041202945,0.7867823684547839,0.07269563074465368,0.036003344475095955,-0.0762555067162466,-1.984384639405904,0.3795069155674446,1.0541594224402475,0.00723396909250053,-0.025599714459055293,-0.011000777571531214,0.09000117304571391,0.09000117304571391,0.0,0.15064614347673957,0.5055395859253072,-0.24262481742252087,-0.0027194412107922022,-0.006447134846841651,-5.0310189377935846,0,0.5049399901817516
40.88863999999398,-2.153471483769059,0.529274509102209,1.2994147633066457,0.0014204862315503955,-0.017394412531396376,-0.013908205177909878,-2.3681277959701545,0.19443847022610855,1.5243287141288893,0.004541092047734662,0.13478783292167446,0.007465594606201026,-2.1762488322913445,0.2872502362444211,1.2892622595137744,0.005587037661137469,0.05531294143064958,-0.001467291207947224,0.09000117304571391,0.09000117304571391,0.0,0.15062595846542606,0.5055700672827796,-0.24252231404696087,-0.002719147410715178,-0.006438422552168762,-5.0309612784499675,0,0.5049943358836407
40.892799999993976,-2.1534655354419945,0.5292021196023368,1.2993568865946967,0.00142759849548062,-0.017373479969325843,-0.01389041086774813,-2.170305375174377,0.6255234144424293,1.3451463767322123,0.16161321593234865,-0.18258607613941655,0.050020005101071754,-2.172942577779193,0.45600960359940296,1.3173092031652314,0.08439141992552028,-0.06371025929813263,0.02405483927692924,0.09000117304571391,0.09000117304571391,0.0,0.15060576281474136,0.5056005245669927,-0.24241997521773262,-0.0027188550644972873,-0.006429723374652136,-5.030903634481891,0,0.5050486171342536
40.896959999993975,-2.1534595575199136,0.5291298171901995,1.299299083965425,0.0014347012993719465,-0.017352578912946233,-0.013872631025215425,-2.268357339074562,0.5356374075241588,1.6624485069299635,0.19643268512721743,-0.10575876083951849,-0.03450660594247776,-2.2202418672434483,0.49560339383500884,1.4898086475328138,0.1403161300034235,-0.08439822523637779,-0.0048134786905977105,0.09000117304571391,0.09000117304571391,0.0,0.15058555651947994,0.5056309578758067,-0.24231780067350023,-0.0027185641756149116,-0.006421037305503729,-5.030846005850143,0,0.5051028340149313
40.90111999999397,-2.1534535500421406,0.5290576017345933,1.2992413553584654,0.0014417946655025326,-0.017331709345492333,-0.013854865670327112,-1.8200558660205912,0.6400053942052526,1.5213457838648938,-0.06364867080281209,-0.04993341627195297,0.015917650244450667,-2.020276675992668,0.5677019695100873,1.5056101887074647,0.03749198421682341,-0.06737242598225397,0.005721899447447503,0.09000117304571391,0.09000117304571391,0.0,0.15056533957434348,0.505661367306852,-0.2422157901526768,-0.0027182747475261748,-0.006412364335884416,-5.030788392515443,0,0.5051569866070288
40.90527999999397,-2.1534475130479067,0.5289854731043847,1.2991837007133697,0.001448878616142706,-0.017310871250042072,-0.013837114822950048,-2.1544375620113447,0.5602171595647002,1.6535068447375554,-0.13443017845257854,-0.036211393753277143,-0.1408450025499293,-2.0876379741366455,0.5638824398139064,1.5792665770744703,-0.04831120579015395,-0.05095065738361395,-0.06754205223324011,0.09000117304571391,0.09000117304571391,0.0,0.15054511197394088,0.5056917529574214,-0.24211394339428086,-0.0027179867836708968,-0.006403704456900825,-5.0307307944384485,0,0.5052110749919158
40.90943999999397,-2.15344144657635,0.5289134311685116,1.299126119969608,0.001455953173550959,-0.017290064609529997,-0.01381937850279815,-2.213286405672471,0.41128942455400236,1.7283404959118323,-0.06513186448285711,0.18005133079200072,0.11028543269762248,-2.150597589847761,0.4879612046758774,1.6540334287723282,-0.05717805360820128,0.06365142318680221,0.021620613861024134,0.09000117304571391,0.09000117304571391,0.0,0.15052487371257417,0.5057221149243097,-0.24201226013793922,-0.002717700287470655,-0.006395057659606563,-5.030673211579755,0,0.5052650992509741
40.91359999999397,-2.1534353506665167,0.5288414757959835,1.2990686130665687,0.0014630183599719066,-0.01726928940675178,-0.013801656729432702,-2.691944163149376,0.944060128754327,1.3345081877482643,0.06955498576737237,-0.13218447525027593,0.14035329153276968,-2.4211291299903386,0.7157390866050799,1.4945597531144006,0.005765764924950796,-0.03433487351238311,0.0813399989948905,0.09000117304571391,0.09000117304571391,0.0,0.15050462478509408,0.5057524533040799,-0.24191074012346117,-0.0027174152623287173,-0.006386423935003811,-5.030615643899893,0,0.5053190594655987
40.91775999999397,-2.15342922535736,0.528769606855882,1.2990111799435593,0.0014700741976393559,-0.017248545624362534,-0.013783949522263401,-1.8989766299478998,0.20285330301651133,1.4972587172601464,0.1064331325379628,0.014487443620176923,0.047825215815012305,-2.1598277182132164,0.45932450277619874,1.496008002581041,0.056030409876489544,-0.010774755461263013,0.06493410399341586,0.09000117304571391,0.09000117304571391,0.0,0.15048436518583144,0.5057827681929024,-0.24180938309083996,-0.0027171317116304926,-0.006377803274043607,-5.03055809135933,0,0.5053729557171964
40.92191999999397,-2.15342307068774,0.5286978242173618,1.298953820539807,0.0014771207087777144,-0.017227833244866406,-0.013766256900553943,-2.178020671546319,0.7303259543945667,1.3400670957690815,0.15592470384753881,0.052544011318466394,-0.11089447824924123,-2.1685995524416493,0.5949355870578812,1.417804827487489,0.10575435593274225,0.021278647279026477,-0.022500981573131604,0.09000117304571391,0.09000117304571391,0.0,0.15046409490902432,0.505813059686608,-0.2417081887806823,-0.002716849638743385,-0.0063691956676239095,-5.030500553918475,0,0.5054267880871853
40.926079999993966,-2.153416886696425,0.5286261277496508,1.2988965347944594,0.0014841579155959457,-0.017207152250636785,-0.013748578883414365,-2.5567298913269387,0.3067272535408816,1.6175399211201862,-0.05914588860651906,0.10644142886294722,-0.023370784319460065,-2.362789524311413,0.4510511015872133,1.5176254576909016,0.02286508909023639,0.06370891964416646,-0.023078296816869945,0.09000117304571391,0.09000117304571391,0.0,0.15044381394881795,0.5058433278806334,-0.2416071569337828,-0.002716569047016835,-0.006360601106592858,-5.030443031537671,0,0.5054805566569935
40.930239999993965,-2.1534106734220906,0.5285545173220512,1.2988393226465853,0.0014911858402879767,-0.01718650262391525,-0.013730915489802119,-2.4659604816540095,0.30690522114877794,1.0527534573406916,0.05713922714685123,-0.061838004643679334,-0.061947615116811836,-2.414256099790648,0.3788489605817974,1.2850581002579047,0.03962625787894961,0.000737153269426618,-0.042868651150019914,0.09000117304571391,0.09000117304571391,0.0,0.15042352229969264,0.5058735728700748,-0.2415062872915536,-0.0027162899397823645,-0.006352019581750159,-5.030385524177204,0,0.5055342615080597
40.934399999993964,-2.15340443090332,0.5284829928039395,1.2987821840351748,0.001498204505038449,-0.01716588434679832,-0.013713266738530737,-1.9679133378962854,0.6171835673800786,0.9897573394659305,0.02697474186224422,0.07599711281247047,0.028472969388942032,-2.1910261617727804,0.4981784105840128,1.1374649983536216,0.033624857554045186,0.03720490400441995,-0.0072610236391726386,0.09000117304571391,0.09000117304571391,0.0,0.1504032199558228,0.5059037947497403,-0.24140557959538456,-0.002716012320353872,-0.006343451083844905,-5.030328031797297,0,0.5055879027218316
40.93855999999396,-2.153398159178603,0.5284115540647677,1.2987251188991402,0.0015052139320201358,-0.017145297401243063,-0.013695632648266582,-1.6941797839835422,0.3531035186510785,1.1202688497251752,0.017114885418061117,-0.07130400760945552,0.04317068676688299,-1.9425648551107293,0.4254922054564422,1.1289563364654296,0.025831268197814516,-0.017314886654893787,0.01807711066619346,0.09000117304571391,0.09000117304571391,0.0,0.15038290691086262,0.505933993613989,-0.2413050335872864,-0.0027157361920276397,-0.00633489560357571,-5.030270554358115,0,0.5056414803797656
40.94271999999396,-2.153391858286339,0.5283402009740632,1.2986681271773173,0.0015122141433874738,-0.01712474176908311,-0.01367801323752343,-2.6048993509265834,0.376509037082032,1.2356864637696348,0.04744805526234943,-0.021213702083558036,-0.08832667780593076,-2.273637060970787,0.40095748755345356,1.1821383629649538,0.03616410024555375,-0.019904965711242985,-0.03508572184164529,0.09000117304571391,0.09000117304571391,0.0,0.1503625831594428,0.5059641695569443,-0.2412046490098933,-0.0027154615580821193,-0.006326353131594218,-5.0302130918197605,0,0.5056949945633263
40.94687999999396,-2.1533855282648338,0.5282689334014298,1.2986112088084645,0.0015192051612861242,-0.017104217432011567,-0.0136604085246729,-1.8126830348754452,0.3152633458525068,1.1246407153900297,0.14200956097122747,0.10263225163091966,0.017435727975737038,-2.042862353642871,0.3583235174123131,1.153425711034276,0.08951617336492759,0.041246047166766546,-0.008976642869331222,0.09000117304571391,0.09000117304571391,0.0,0.1503422486950331,0.505994322672333,-0.24110442560539497,-0.0027151884217785837,-0.006317823658503004,-5.030155644142281,0,0.5057484453539857
40.95103999999396,-2.153379169152301,0.5281977512165481,1.2985543637312646,0.001526187007846568,-0.017083724371587405,-0.013642818527939199,-2.026453822917701,1.08411443413415,1.5516007151310858,-0.0737736758017542,0.17046714053193363,0.11113791687129723,-2.0348095810426816,0.7215791941184865,1.35274877946867,0.006997188912851754,0.10557283236609828,0.05029566261106915,0.09000117304571391,0.09000117304571391,0.0,0.1503219035116521,0.5060244530534849,-0.24100436311703477,-0.0027149167863606367,-0.006309307174856146,-5.030098211285662,0,0.5058018328332222
40.95519999999396,-2.153372780986863,0.5281266542891762,1.2984975918843256,0.0015331597051807919,-0.017063262569256096,-0.013625243265393229,-1.8001178502897055,0.8130089534443048,1.0079452339939974,-0.10225606764456331,-0.157680064121759,-0.16247408404940789,-1.9176753928806967,0.7669655616821984,1.18000616104605,-0.04731960587396798,-0.025468451860417178,-0.055839234069696084,0.09000117304571391,0.09000117304571391,0.0,0.15030154760301231,0.506054560793492,-0.2409044612884716,-0.0027146466550546358,-0.006300803671163625,-5.0300407932098326,0,0.505855157082521
40.95935999999396,-2.1533663638065486,0.5280556424891498,1.29844089320618,0.001540123275390925,-0.01704283200631737,-0.013607682754969447,-2.2894221577784455,0.4216936662809073,0.9671710224858601,0.013192663927300044,0.1963428734743198,-0.013020345125886427,-2.103523772733027,0.5947356740667279,1.0735613771557129,-0.01714597574340674,0.08538038633566056,-0.035084852765922714,0.09000117304571391,0.09000117304571391,0.0,0.15028118096316187,0.5060846459850485,-0.2408047198631391,-0.0027143780310695314,-0.006292313137886863,-5.029983389874664,0,0.5059084181833726
40.963519999993956,-2.153359917649296,0.5279847156863834,1.2983842676352864,0.0015470777405648646,-0.01702243266394606,-0.01359013701445456,-2.3498194372695314,0.4562776736749515,1.2315361334586434,0.058161790350482544,-0.06366086115841064,-0.1323510430256306,-2.22655220872951,0.5253737351595021,1.1522732273238208,0.02043341908267488,0.010656344252717824,-0.08306399109167471,0.09000117304571391,0.09000117304571391,0.0,0.1502608035856295,0.5061147087205569,-0.24070513858510248,-0.002714110917597276,-0.006283835565440718,-5.0299260012399705,0,0.5059616162172729
40.967679999993955,-2.1533534425529512,0.5279138737508701,1.29832771511003,0.00155402312277588,-0.017002064523187504,-0.01357260606149189,-2.720986783030115,1.0137292109716705,1.1424121347727945,-0.06915865233286156,-0.0077075083107021065,-0.11562372048828586,-2.4739162398522456,0.7695392366264214,1.1471014171139693,-0.024627984759034792,0.0012939841259301088,-0.09900472509442243,0.09000117304571391,0.09000117304571391,0.0,0.15024041546406552,0.5061447490920731,-0.24060571719906115,-0.0027138453178126546,-0.006275370944193633,-5.029868627265508,0,0.5060147512657215
40.97183999999395,-2.1533469385552677,0.5278431165526827,1.2982712355687236,0.0015609594440804241,-0.01698172756496795,-0.013555089913578625,-2.0922618118541676,0.5364989805162974,1.3206570578846943,0.13743616283848,-0.11768712751903686,-0.1656409230545668,-2.2828013696884786,0.6527726717053286,1.2335367503201682,0.05681573746607072,-0.05817916307893751,-0.1327160519158062,0.09000117304571391,0.09000117304571391,0.0,0.15022001659202833,0.5061747671912538,-0.24050645544992302,-0.002713581234873459,-0.006266919264469812,-5.02981126791098,0,0.5060678234102226
40.97599999999395,-2.1533404056939074,0.527772443961974,1.2982148289496067,0.0015678867265207569,-0.016961421770085968,-0.01353758858807062,-2.219596610268736,0.9840256705271395,1.2983386166123234,0.14386911593471238,-0.08287065543742968,-0.02489901184804011,-2.2508997858775013,0.8182297964706029,1.2658850296924042,0.10056849789196977,-0.07084835952647658,-0.07818068533635268,0.09000117304571391,0.09000117304571391,0.0,0.15019960696298434,0.5062047631095155,-0.2404073530825917,-0.0027133186719205263,-0.006258480516548521,-5.02975392313603,0,0.506120832732283
40.98015999999395,-2.1533338440064402,0.5277018558489772,1.2981584951908476,0.0015748049921248367,-0.01694114711921261,-0.013520102102181719,-1.9250409981871632,0.2937024568933736,1.0098080528395421,0.03888904007317348,-0.029257184714461003,-0.06353492664043225,-2.087885221979126,0.5559028128832556,1.1377120323466408,0.06877018044950274,-0.050637567490067995,-0.07058648036700174,0.09000117304571391,0.09000117304571391,0.0,0.15017918657030813,0.5062347369379272,-0.2403084098426096,-0.002713057632077765,-0.006250054690663764,-5.029696592900249,0,0.5061737793134126
40.98431999999395,-2.1533272535303447,0.5276313520840068,1.2981022342305435,0.0015817142629022617,-0.01692090359290529,-0.013502630472979324,-2.0285936983129482,1.0182337659794194,1.4739397358527369,-0.09530758098827301,-0.11571670780611895,0.0514166910726474,-2.058438555183866,0.7868302529850482,1.3059346332049089,-0.012646125804464588,-0.0828920597525809,-0.009328787190082293,0.09000117304571391,0.09000117304571391,0.0,0.1501587554074962,0.5062646887671566,-0.24020962547616073,-0.002712798118452261,-0.006241641777007008,-5.029639277163172,0,0.5062266632351229
40.98847999999395,-2.153320634303008,0.5275609325374585,1.2980460460067211,0.0015886145608482118,-0.016900691171597773,-0.013485173717391679,-2.1124232312376066,-0.04760945382086901,1.1933702278367466,-0.05996761688443049,-0.027689710756657496,0.05416903480135567,-2.0855564932618176,0.3695461051022964,1.2497652441760887,-0.036067561328501724,-0.05488007663354452,0.021968252940612026,0.09000117304571391,0.09000117304571391,0.0,0.15013831346795367,0.5062946186876832,-0.24011099972943073,-0.00271254013413446,-0.006233241765726403,-5.029581975884279,0,0.5062794845789276
40.99263999999395,-2.1533139863617246,0.5274905970798102,1.297989930457337,0.0015955059079436138,-0.016880509835599366,-0.013467731852207615,-1.7538363435290523,1.211844943799448,0.9300207434737706,-0.010384638149269147,0.008412108278411577,-0.045129722348401236,-1.9197165104786857,0.7907185568496793,1.0897970430608723,-0.022836560077177513,-0.023065646285396223,-0.011651044200122357,0.09000117304571391,0.09000117304571391,0.0,0.15011786074478017,0.5063245267895844,-0.24001253234882175,-0.0027122836821982577,-0.006224854646926207,-5.029524689022997,0,0.5063322434263406
40.99679999999395,-2.153307309743699,0.5274203455816223,1.2979338875202784,0.0016023883261544365,-0.016860359565094317,-0.013450304894077444,-1.8715423093817645,0.7566951622185101,1.1890237968966588,0.006629689634835124,0.02664837954307337,0.10364233645693632,-1.8956146496164055,0.7737615901740907,1.1396271683924748,-0.008410005406837364,0.0020089549599140253,0.04575696973911703,0.09000117304571391,0.09000117304571391,0.0,0.1500973972314113,0.5063544131625342,-0.23991422308138213,-0.0027120287657008604,-0.006216480410666445,-5.0294674165387,0,0.5063849398588768
41.000959999993945,-2.153300604486043,0.5273501779135383,1.2978779171333639,0.0016092618374283232,-0.01684024034015968,-0.013432892859506766,-1.7052509148992514,0.6305222254354916,1.6037743126834043,-0.05346684767582676,0.16521369429147165,-0.13809170103047336,-1.8005424006120412,0.7024857386813143,1.3714171073468602,-0.03106011146125978,0.08302699326118924,-0.04632180927889336,0.09000117304571391,0.09000117304571391,0.0,0.15007692292076372,0.5063842778960708,-0.23981607167459487,-0.0027117753876832115,-0.0062081190469663265,-5.029410158390708,0,0.5064375739580504
41.005119999993944,-2.153293870625778,0.5272800939462852,1.2978220192343437,0.0016161264636968499,-0.0168201521407512,-0.013415495764864355,-2.352776775735352,0.24621325111562647,1.3712024486740424,0.01963202664342748,-0.023999809933580606,0.09171097089781616,-2.0766220037821252,0.4742971028565356,1.3715006861962666,-0.0060128089978092585,0.02917441788741267,0.02261192115178084,0.09000117304571391,0.09000117304571391,0.0,0.15005643780587616,0.506414121079275,-0.23971807787595137,-0.0027115235511697435,-0.006199770545803132,-5.029352914538288,0,0.506490145805375
41.00927999999394,-2.1532871081998324,0.5272100935506738,1.2977661937609004,0.0016229822268749566,-0.016800094946708543,-0.013398113626379469,-1.8942881772937248,0.9711062957670427,0.7709073507153287,0.1402330738178862,-0.009403508709369283,0.046962947427514376,-1.985162676645017,0.7226842375023977,1.0712973185255898,0.06736172310477566,0.010551094530658396,0.034871873911835424,0.09000117304571391,0.09000117304571391,0.0,0.15003594187990973,0.50644394280093,-0.2396202414333803,-0.0027112732591684932,-0.006191434897112681,-5.0292956849406565,0,0.5065426554823628
41.01343999999394,-2.1532803172450454,0.5271401765975998,1.2977104406506499,0.0016298291488600386,-0.016780068737761576,-0.013380746460140206,-2.2119223411827313,0.35488477534742213,1.156390732621992,-0.1007798757385255,-0.1126770964848817,-0.012802279486938723,-2.098754560967464,0.5385473094242321,1.113817133626025,-0.01629148117763242,-0.05093094008962772,0.011450896494732677,0.09000117304571391,0.09000117304571391,0.0,0.15001543513593463,0.5064737431495212,-0.23952256209567802,-0.0027110245146713687,-0.006183112090790817,-5.029238469556977,0,0.5065951030705241
41.01759999999394,-2.153273497798164,0.5270703429580434,1.2976547598411412,0.0016366672515348236,-0.016760073493520496,-0.013363394282101405,-1.8814720155332654,0.5494442995575317,1.098213132349908,0.0774734171913316,0.13806915906317827,0.1386269265335018,-1.9899509480877968,0.5442839904955052,1.1063037674650282,0.03074014458953126,0.043109874216505306,0.07483666223153009,0.09000117304571391,0.09000117304571391,0.0,0.14999491756671593,0.506503522213289,-0.2394250396112269,-0.002710777320654226,-0.006174802116692085,-5.029181268346361,0,0.5066474886513673
41.02175999999394,-2.153266649895844,0.5270005925030706,1.2975991512698575,0.0016434965567641304,-0.016740109193483614,-0.0133460571080786,-2.1690869940260438,0.11525263320509638,1.376644712022886,0.07491315216058904,-0.07226408332024217,0.06486191378868293,-2.079365406233739,0.3296150437437041,1.2416111919304993,0.053304106534833515,-0.014589543842082693,0.06977799930696038,0.09000117304571391,0.09000117304571391,0.0,0.14997438916514128,0.5065332800800143,-0.23932767372906552,-0.0027105316800767813,-0.006166504964630752,-5.029124081267869,0,0.506699812306397
41.02591999999394,-2.153259773574651,0.526930925103833,1.2975436148742168,0.0016503170863953528,-0.016720175817039377,-0.013328734953749616,-2.728779130078436,-0.0019779241451348684,1.1150955740721022,-0.010393324142271497,0.046558374232247575,0.05686528638502801,-2.4040985983648895,0.16391253299543126,1.1784708176852217,0.021540312116821086,0.016243303899423092,0.06330235336581501,0.09000117304571391,0.09000117304571391,0.0,0.1499538499240072,0.5065630168373393,-0.23923046419889124,-0.0027102875958827906,-0.0061582206243816695,-5.029066908280514,0,0.506752074117115
41.03007999999394,-2.153252868871058,0.5268613406315685,1.2974881505915723,0.0016571288622581957,-0.016700273343466573,-0.013311427834656431,-2.2392161840005333,0.8802237524972009,1.3550129982257388,0.0740769392644507,-0.18094845818882313,0.028663604967398486,-2.3215030261250815,0.5216957496893749,1.2668032566719245,0.04822194901979377,-0.08184089309467756,0.045747709598293496,0.09000117304571391,0.09000117304571391,0.0,0.14993329983601927,0.5065927325724994,-0.23913341077042044,-0.002710045071000107,-0.006149949085680752,-5.029009749343257,0,0.5068042741650187
41.034239999993936,-2.153245935821449,0.5267918389576022,1.2974327583592131,0.0016639319061669505,-0.016680401751927136,-0.013294135766208474,-2.0559145843651314,0.3762385506746594,1.3904434538035517,0.03484449957276836,-0.06002340543934989,0.09517507418904471,-2.1886367628707246,0.4488407866459274,1.3288226559261034,0.042635978049828015,-0.07069372033819432,0.07023024762278257,0.09000117304571391,0.09000117304571391,0.0,0.1499127388940059,0.506622427372376,-0.23903651319381747,-0.00270980410834069,-0.006141690338223708,-5.028952604415008,0,0.5068564125316009
41.038399999993935,-2.153238974462116,0.526722419953346,1.2973774381143646,0.0016707262399167399,-0.016660561021481925,-0.013276858763676501,-1.9706392217200388,0.4857866299497261,1.062629948661248,0.0906847020574822,-0.14182419779417238,-0.06366045847223198,-2.079447182533612,0.4670184098759355,1.195592212156197,0.06633857280676163,-0.10598189420892964,0.003204775281157732,0.09000117304571391,0.09000117304571391,0.0,0.14989216709049097,0.5066521013236569,-0.2389397712194826,-0.002709564710800894,-0.006133444371668635,-5.02889547345463,0,0.5069084892983494
41.042559999993934,-2.1532319848292607,0.5266530834902998,1.2973221897941887,0.0016775118852861513,-0.016640751131078584,-0.013259596842198792,-2.252391489412705,0.7452715541287799,1.3686911494231917,-0.05998001504453969,-0.03791512921851038,0.015914503853440485,-2.1660473911319245,0.6060681554996536,1.2821737759252798,0.004191494064688436,-0.07199556081330165,0.010625240442995652,0.09000117304571391,0.09000117304571391,0.0,0.1498715844181213,0.5066817545126752,-0.23884318459805312,-0.002709326881261358,-0.00612521117563484,-5.028838356420935,0,0.5069605045467467
41.04671999999393,-2.153224966958994,0.5265838294400517,1.2972670133357855,0.0016842888640356303,-0.016620972059560032,-0.013242350016777626,-2.3388233797254716,0.30058952643052705,0.7336012321379709,-0.004299239094377117,-0.014236428644430454,-0.06374159442442684,-2.2524437706679885,0.45329772325182116,1.0077504349465582,-0.0009025124719494452,-0.043423208092072424,-0.026240972279765132,0.09000117304571391,0.09000117304571391,0.0,0.14985099086923917,0.5067113870254087,-0.23874675308126164,-0.0027090906225871758,-0.006116990739703961,-5.0287812532726885,0,0.5070124583582684
41.05087999999393,-2.153217920887336,0.526514657674278,1.2972119086761926,0.001691057197902184,-0.016601223785679683,-0.013225118302276184,-2.30224677177201,0.53167328624649,1.0261376743319983,-0.08526271099848036,-0.17840178160004846,-0.0555105184573142,-2.2775225039326763,0.4921146955667126,1.016828105583166,-0.043298273737026646,-0.11076580816865678,-0.04057697541008351,0.09000117304571391,0.09000117304571391,0.0,0.14983038643630972,0.5067409989476938,-0.2386504764200123,-0.0027088559376279306,-0.006108783053423749,-5.028724163968608,0,0.5070643508143838
41.05503999999393,-2.1532108466502167,0.5264455680647444,1.2971568757523866,0.0016978169086134612,-0.01658150628805633,-0.013207901713436046,-2.530985256341932,0.7714264319172115,1.0199568392714085,-0.009152571752160157,-0.03939516361909359,-0.046293300734750145,-2.4042730870839666,0.6316906988540013,1.0182962493731447,-0.026998745240495114,-0.07514343889275596,-0.04345581879728198,0.09000117304571391,0.09000117304571391,0.0,0.14980977111213545,0.5067705903648503,-0.2385543543667348,-0.0027086228292175782,-0.006100588106300503,-5.028667088467362,0,0.5071161819965554
41.05919999999393,-2.1532037442834757,0.5263765604833059,1.297101914501283,0.0017045680178749917,-0.016561819545224215,-0.013190700264859368,-1.9510634808689395,0.43126189659336794,1.1240215542340728,0.16751072728256414,-0.0037114254475111557,-0.0027754916895726157,-2.177316589508025,0.5314668667674172,1.0711532114019844,0.0701927178920621,-0.03928351976780718,-0.022802217825318525,0.09000117304571391,0.09000117304571391,0.0,0.14978914488878725,0.5068001613621088,-0.23845838667346214,-0.002708391300175089,-0.006092405887805592,-5.028610026727573,0,0.5071679519862377
41.06335999999393,-2.1531966138228618,0.5263076348019076,1.297047024859737,0.0017113105473748479,-0.01654216353560725,-0.013173513971018748,-2.199660318880422,0.17159029063299297,1.0138120616360629,-0.13553457915015898,-0.020508096529650334,0.03629150912785082,-2.1887698956591732,0.3514848200109608,1.0425579231492752,-0.03295726252310399,-0.030577772568061955,0.006643450573625346,0.09000117304571391,0.09000117304571391,0.0,0.149768507758459,0.5068297120242364,-0.23836257309268669,-0.002708161353304052,-0.006084236387373531,-5.028552978707816,0,0.5072196608648766
41.06751999999393,-2.1531894553040334,0.5262387908925845,1.2969922067645443,0.0017180445187773821,-0.016522538237543908,-0.013156342846247017,-2.36717105676219,0.27684522748021845,1.5347048840485131,0.071932563964467,-0.005360352432718814,0.026129210361957166,-2.2778217750112058,0.314152999203919,1.2886887669630378,0.019321339168935463,-0.01780100058883525,0.016591086084230017,0.09000117304571391,0.09000117304571391,0.0,0.14974785971346788,0.5068592424358032,-0.23826691337757622,-0.0027079329913928417,-0.006076079594406128,-5.02849594436662,0,0.5072713087139098
41.071679999993925,-2.1531822687625595,0.5261700286274626,1.296937460152441,0.0017247699537339964,-0.01650294362925367,-0.013139186904755502,-2.1593379120691503,0.2987099958872554,1.2899009735532665,0.06751836714335165,0.05143033119812418,-0.03590239404199883,-2.2184386097189974,0.30653907196691543,1.289220261843612,0.04343191839209784,0.016469373423776253,-0.009680682368166368,0.09000117304571391,0.09000117304571391,0.0,0.14972720074625484,0.5068887526811282,-0.23817140728112002,-0.0027077062172146628,-0.006067935498267513,-5.02843892366247,0,0.507322895614766
41.075839999993924,-2.1531750542339183,0.5261013478787591,1.296882784960105,0.0017314868738799285,-0.016483379688850608,-0.013122046160626191,-2.5714554579168682,0.14360964909456791,0.7450935650795427,0.16446750756832954,0.14022447423644452,0.051451767528622086,-2.3946074472347796,0.22536483320275014,1.017259994144066,0.1039567845943218,0.07836307353866553,0.020944128557803976,0.09000117304571391,0.09000117304571391,0.0,0.1497065308487433,0.5069182428441192,-0.23807605455719974,-0.0027074810335278093,-0.006059804088284427,-5.028381916553801,0,0.5073744216488635
41.07999999999392,-2.153167811753498,0.5260327485187826,1.2968281811241558,0.00173819530082502,-0.016463846394369083,-0.013104920627802814,-2.474356222770276,0.7411487283496765,0.9405654624349655,-0.04602861538883367,0.008333178601056701,0.07629102111971856,-2.4345792719740516,0.48327782028725513,0.9790718944308711,0.029522197817547027,0.04330570095612491,0.048123719731951724,0.09000117304571391,0.09000117304571391,0.0,0.14968585001298,0.5069477130083788,-0.237980854959736,-0.002707257443075643,-0.0060516853537518275,-5.0283249229990075,0,0.5074258868976108
41.08415999999392,-2.1531605413565975,0.5259642304199337,1.2967736485811554,0.0017448952561611127,-0.016444343723741612,-0.013087810320101185,-2.193436872418067,0.010080389721353611,1.0780474029460172,-0.060128494500616046,-0.14299851647356132,-0.07594403267900271,-2.314131681836098,0.24637789621633602,1.028402525992825,-0.015186091691441608,-0.049610971733145076,-0.01397246857918294,0.09000117304571391,0.09000117304571391,0.0,0.14966515823134938,0.5069771632574177,-0.23788580824311736,-0.0027070354485866136,-0.006043579283931013,-5.028267942956435,0,0.507477291442406
41.08831999999392,-2.1531532430784246,0.5258957934547054,1.2967191872676087,0.0017515867614650727,-0.01642487165479442,-0.013070715251212386,-2.3201693443391878,-0.2898735923276021,1.1574597111309852,-0.11462065663812596,-0.0326309196801018,-0.03976611508612398,-2.3173884003479537,-0.021818614223733705,1.0928489284026592,-0.06516753883330215,-0.041534402061707415,-0.02668450311017244,0.09000117304571391,0.09000117304571391,0.0,0.1496444554952909,0.5070065936742808,-0.2377909141617741,-0.0027068150527745764,-0.00603548586804766,-5.028210976384388,0,0.5075286353646355
41.09247999999392,-2.1531459169540983,0.5258274374956834,1.296664797119964,0.0017582698382887924,-0.016405430165269425,-0.013053635434692233,-2.112394640795216,0.31520956914088494,1.5717049040641289,-0.007583713389808828,-0.07396132339377529,0.03757538367886779,-2.2149050064541433,0.14654423934209118,1.33235691788966,-0.036789743959563775,-0.05786163737807751,0.006164909878573404,0.09000117304571391,0.09000117304571391,0.0,0.1496237417972227,0.5070360043418132,-0.2376961724708212,-0.0027065962583384152,-0.006027405095295627,-5.028154023241125,0,0.5075799187456744
41.09663999999392,-2.1531385630186475,0.5257591624155468,1.2966104780746142,0.0017649445081722901,-0.016386019232794893,-0.013036570883977515,-2.3516174582889,0.7825278846104389,1.0147796961377986,-0.08508325975251359,-0.05422666865324911,0.0023989897865693798,-2.2834401899194248,0.46442657289005546,1.1735727577101565,-0.06043805234074953,-0.05549167217218124,0.0034728885429312524,0.09000117304571391,0.09000117304571391,0.0,0.14960301712883226,0.5070653953424465,-0.23760158292584704,-0.0027063790679625254,-0.00601933695483247,-5.028097083484862,0,0.5076311416668855
41.10079999999392,-2.1531311813070113,0.525690968087068,1.2965562300678959,0.001771610792629902,-0.01636663883492345,-0.013019521612369495,-2.2183334212369066,0.3812575702733222,1.188876258144595,-0.046495470845563984,-0.015312305975916787,0.1185552686314407,-2.250982745218615,0.4228102047093592,1.181470579731781,-0.05361863758778973,-0.03567587384322671,0.061308098194573925,0.09000117304571391,0.09000117304571391,0.0,0.1495822814819308,0.5070947667585192,-0.23750714528227282,-0.002706163484316799,-0.0060112814357852744,-5.0280401570737725,0,0.5076823042096189
41.104959999993916,-2.1531237718540397,0.5256228543831133,1.2965020530360916,0.0017782687131561465,-0.01634728894911473,-0.013002487633040604,-2.2867721999524306,0.5148214940659259,1.4344412805443465,0.039444827386110076,0.03992191148592465,0.050438859214758165,-2.2687962239384305,0.46890106233377016,1.3080619496390022,-0.006830799314813202,0.0013812090595228651,0.056192496820041585,0.09000117304571391,0.09000117304571391,0.0,0.14956153484845391,0.5071241186720084,-0.23741285929642333,-0.002705949510056647,-0.006003238527249916,-5.027983243965984,0,0.507733406455212
41.109119999993915,-2.153116334694493,0.5255548211766436,1.2964479469154289,0.0017849182912331094,-0.016327969552713713,-0.01298546895904827,-2.147782971558028,0.30189297468648657,1.5604321355542035,-0.3160626322713428,-0.18313467095909441,0.1333708155341637,-2.2089462031680083,0.38501467289232066,1.4345278972312094,-0.16140234089869682,-0.09073884983432493,0.09396830285939796,0.09000117304571391,0.09000117304571391,0.0,0.1495407772200338,0.5071534511645304,-0.23731872472445953,-0.0027057371478230842,-0.005995208218286098,-5.027926344119584,0,0.5077844484849885
41.113279999993914,-2.1531088698630416,0.5254868683407146,1.2963939116420817,0.0017915595483169566,-0.016308680622993437,-0.01296846560331335,-2.2405646868327898,0.20903103223979808,1.3159387332923662,0.07654536893477344,0.02314746115866208,0.01991025497440127,-2.2245972828537885,0.2970704407843339,1.3752735796708748,-0.04204522183889126,-0.03412688180535575,0.05709717218730903,0.09000117304571391,0.09000117304571391,0.0,0.14952000858842707,0.5071827643174999,-0.23722474132323518,-0.0027055264002428573,-0.005987190497923833,-5.027869457492618,0,0.5078354303802578
41.11743999999391,-2.1531013773942673,0.5254189957484765,1.2963399471521708,0.0017981925058427515,-0.016289422137141542,-0.012951477578628807,-2.4522949754539267,0.6695356670826521,1.1786909009166544,0.04138624660124728,0.10771417568723908,0.05912534196100864,-2.338360505502348,0.4835305181170596,1.2771033243427676,-0.0008804687076006292,0.03639244107436389,0.058360853396181606,0.09000117304571391,0.09000117304571391,0.0,0.14949922894508705,0.5072120582121297,-0.23713090884987117,-0.002705317269928594,-0.005979185355163823,-5.0278125840430885,0,0.507886352222315
41.12159999999391,-2.1530938573226623,0.5253512032731755,1.296286053381764,0.0018048171852308097,-0.016270194072235507,-0.012934504897671981,-2.0167531699677124,0.8867327796863989,1.9027713286947514,-0.05774020434150213,0.07145002478120624,0.15281518372965852,-2.177675612760936,0.6852834614246086,1.5902589580922504,-0.02886070944404714,0.05373764223895147,0.10586935343298495,0.09000117304571391,0.09000117304571391,0.0,0.14947843828180524,0.5072413329292169,-0.2370372270617569,-0.00270510975947855,-0.005971192778972541,-5.027755723728958,0,0.5079372140924406
41.12575999999391,-2.1530863096826294,0.5252834907881535,1.2962322302668765,0.0018114336078795608,-0.016250996405273367,-0.012917547572990759,-2.7559243236392077,0.4387401649158307,1.030155749150922,-0.0429439672941445,-0.10070295894482997,-0.10105925211815994,-2.4668938612388964,0.5617988637455629,1.309993295566683,-0.03564921410932602,-0.022624088730867034,0.0023886906935332497,0.09000117304571391,0.09000117304571391,0.0,0.14945763658985645,0.5072705885493561,-0.2369436957165515,-0.002704903871477036,-0.005963212758286053,-5.027698876508146,0,0.5079880160718993
41.12991999999391,-2.1530787345084827,0.5252158581668486,1.2961784777434724,0.0018180417951637199,-0.016231829113173436,-0.012900605617004133,-2.270251299445903,0.36725352713713133,1.7583189110330446,0.09625978698445005,0.06830113362884313,0.1059907367697104,-2.36836931390174,0.4646665726927567,1.5343801046789638,0.02949246104385108,0.022989356139439494,0.053987585463186265,0.09000117304571391,0.09000117304571391,0.0,0.14943682386106763,0.5072998251528322,-0.2368503145726136,-0.0027046996084942702,-0.005955245282011989,-5.027642042338535,0,0.5080387582419399
41.13407999999391,-2.1530711318344475,0.5251483052827954,1.296124795747464,0.0018246417684415202,-0.016212692172759217,-0.01288367904201186,-2.324076169312329,0.39298753024817557,1.337727368670951,0.04620447746514558,-0.16944100650145885,-0.015214593583179305,-2.3461267599703226,0.4284728791289979,1.436019684274246,0.03805525247358383,-0.07261803886154086,0.019886385963788302,0.09000117304571391,0.09000117304571391,0.0,0.14941600008674946,0.5073290428196732,-0.23675708338814733,-0.002704496973086741,-0.005947290339027208,-5.027585221177962,0,0.5080894406837951
41.13823999999391,-2.15306350169466,0.5250808320096255,1.2960711842147132,0.0018312335490506225,-0.016193585560766933,-0.012866767860189638,-2.268431282743265,0.3327257858964865,0.9253007314400052,0.013136237407962128,-0.12204039277076761,0.057059789681144994,-2.3072505293648917,0.3803455694954671,1.1807754567647777,0.025296658642732096,-0.09768544856149486,0.0384034134776798,0.09000117304571391,0.09000117304571391,0.0,0.14939516525833735,0.5073582416297571,-0.23666400192227313,-0.002704295967797087,-0.0059393479181783105,-5.027528412984229,0,0.5081400634786811
41.142399999993906,-2.153055844123167,0.5250134382210678,1.2960176430810315,0.001837817158311356,-0.01617450925383742,-0.012849872083596009,-2.193532275307243,0.8014810564241295,1.77234923967082,0.028929528616158884,-0.0839071266439991,-0.029729002632419663,-2.250330709017347,0.5907415208727494,1.4765039450839543,0.02724509175860524,-0.09069398351785334,0.004681615067079936,0.09000117304571391,0.09000117304571391,0.0,0.14937431936696383,0.5073874216624371,-0.23657106993374596,-0.0027040965951541512,-0.005931418008280151,-5.027471617715096,0,0.5081906267077965
41.146559999993904,-2.1530481591539274,0.5249461237909488,1.2959641722821809,0.0018443926175162493,-0.01615546322854905,-0.012832991724155047,-2.1343709894163956,0.7751272438200741,0.9986662665593333,0.06719579600890302,0.03987067095905566,0.00016317373609025208,-2.192210103511328,0.6830167222480236,1.2375815085938922,0.04713663581812084,-0.024515954989190823,0.0027078017849421175,0.09000117304571391,0.09000117304571391,0.0,0.14935346240410013,0.5074165829970227,-0.23647828718245406,-0.0027038988576730564,-0.0059235005981220015,-5.027414835328283,0,0.5082411304523223
41.1507199999939,-2.153040446820811,0.5248788885931931,1.2959107717538738,0.0018509599479407354,-0.01613644746138704,-0.012816126793674758,-2.1613158717346836,0.6541577778449513,1.4166025073031745,0.08625490805350361,-0.11023276982349023,0.11202443347743397,-2.176583375594583,0.6683575722689475,1.3273241923951458,0.06669896735875736,-0.06727516929669268,0.05835725016425277,0.09000117304571391,0.09000117304571391,0.0,0.14933259436091523,0.5074457257124584,-0.2363856534279235,-0.0027037027578553914,-0.005915595676464129,-5.027358065781474,0,0.5082915747934217
41.1548799999939,-2.153032707157599,0.5248117325018233,1.2958574414317745,0.0018575191708394374,-0.016117461928753157,-0.01279927730384054,-1.9936094732786935,0.5879017602832538,1.3044514070053148,-0.054453579826273156,-0.023993533849469725,0.0030549287618340006,-2.085208486219732,0.6280789762179138,1.315895818183959,0.00616904779879982,-0.04553075138661264,0.029832401434551556,0.09000117304571391,0.09000117304571391,0.0,0.14931171522891706,0.5074748498874833,-0.23629316843060272,-0.002703508298189185,-0.005907703232038157,-5.027301309032312,0,0.5083419598122393
41.1590399999939,-2.1530249401979846,0.524744655390961,1.2958041812514987,0.0018640703074518832,-0.016098506606952424,-0.012782443266224689,-1.9194839050599168,0.27443871574552814,1.1619460767349645,0.03495872217011832,-0.16476010873608837,0.05256202246974756,-2.0022723057966276,0.4509133711136994,1.2390293919185082,0.020553838077456296,-0.10499160424603332,0.04110235787985839,0.09000117304571391,0.09000117304571391,0.0,0.1492908249986699,0.5075039556005246,-0.23620083195079492,-0.00270331548114917,-0.005899823253544369,-5.027244565038403,0,0.5083922855899007
41.1631999999939,-2.1530171459755723,0.5246776571348267,1.2957509911486143,0.0018706133789867909,-0.016079581472234084,-0.012765624692265803,-2.235318890770463,1.3554029406545534,1.0960668817889596,0.12957363242538883,-0.11601749739025267,0.12620167914763258,-2.118526476590878,0.9029224290023872,1.1678098955531115,0.07445905429430522,-0.11014657447361803,0.08351998834438792,0.09000117304571391,0.09000117304571391,0.0,0.149269923661932,0.5075330429297505,-0.23610864374930063,-0.002703124309196464,-0.005891955729659108,-5.027187833757315,0,0.5084425522075123
41.1673599999939,-2.153009324523878,0.5246107376077404,1.2956978710586422,0.0018771484066436416,-0.01606068650073681,-0.012748821593296357,-1.678512015221505,0.14764496737236354,1.27493543088787,-0.05518811694737013,0.01994937012498199,0.23744464321759293,-1.8986312046341807,0.5253188559748584,1.2218678415945745,0.009763034875260458,-0.04460143322334435,0.16020761181309595,0.09000117304571391,0.09000117304571391,0.0,0.14924901120930484,0.507562111953016,-0.2360166035874196,-0.002702934784779118,-0.005884100649026731,-5.027131115146578,0,0.5084927597461606
41.1715199999939,-2.1530014758763296,0.5245438966841214,1.2956448209170568,0.0018836754115890556,-0.01604182166855371,-0.012732033980513369,-1.7598878869386643,0.22297544655525925,1.02267887270079,0.02308724281892608,0.11561287339879577,0.17981359844502792,-1.8292096842594656,0.37438362512783735,1.122645682082087,0.01600601555503486,0.03640035816646474,0.17014797308918952,0.09000117304571391,0.09000117304571391,0.0,0.14922808763194248,0.5075911627480765,-0.2359247112267388,-0.002702746910331932,-0.005876258000269397,-5.027074409163686,0,0.5085429082869117
41.175679999993896,-2.1529936000662673,0.5244771342384894,1.295591840659286,0.0018901944149751298,-0.016022986951678787,-0.01271526186500419,-1.8658222459554494,0.8724553171169691,1.3996550035344377,0.0027834177514921396,-0.0071123960884828495,0.05776625589928696,-1.8475098235709408,0.6234091017749176,1.2612710086350667,0.009103067157987182,0.014195268898359096,0.11464934197580012,0.09000117304571391,0.09000117304571391,0.0,0.149207152920911,0.5076201953922672,-0.23583296642891938,-0.0027025606882765322,-0.005868427771980649,-5.027017715766095,0,0.5085929979108117
41.179839999993895,-2.1529856971269425,0.5244104501454643,1.295538930220712,0.001896705437933593,-0.01600418232602705,-0.01269850525773696,-2.11312767845826,0.5613555964464617,0.8021780135074148,0.058700500845188956,0.011280226859919924,0.09406385550712794,-1.9801978122925525,0.5924040188782748,1.0319167283770554,0.03356104003817304,0.013391179728266396,0.10446383419808941,0.09000117304571391,0.09000117304571391,0.0,0.14918620706697466,0.5076492099627697,-0.23574136895655418,-0.002702376121021547,-0.005860609952726388,-5.026961034911226,0,0.5086430286988849
41.183999999993894,-2.152977767091519,0.5243438442797667,1.2954860895366722,0.0019032085015726597,-0.015985407767442096,-0.012681764169560107,-2.3049062072829054,0.37106665139132444,1.4009389898532363,-0.13915711913717918,-0.02222317493137551,-0.1516383006001229,-2.142843229153572,0.4816886243652291,1.2161147345061676,-0.05302525840630758,-0.00492417212954511,-0.02342486952532998,0.09000117304571391,0.09000117304571391,0.0,0.1491652500610233,0.5076782065363978,-0.23564991857167183,-0.0027021932109625654,-0.005852804531046992,-5.026904366556462,0,0.5086930007321344
41.18815999999389,-2.152969809993073,0.5242773165162179,1.295433318542459,0.001909703626978819,-0.015966663251693117,-0.01266503861120104,-2.3711430180642443,0.4001148764863238,1.1160431219210212,0.06346479000161105,-0.061804352289157274,-0.14304764002059683,-2.256864470615118,0.44077278846133644,1.165779953087272,0.0060558915486063295,-0.03343760469473533,-0.0828728046399096,0.09000117304571391,0.09000117304571391,0.0,0.14914428189407272,0.507707185189918,-0.23555861503766287,-0.002702011960482282,-0.005845011495457689,-5.026847710659152,0,0.508742914091542
41.19231999999389,-2.152961825864593,0.5242108667297409,1.2953806171733202,0.0019161908352224436,-0.01594794875445838,-0.012648328593278666,-2.4220028748436526,0.47928733219906344,1.5020343276896284,-0.06771400004603864,-0.2120725874814132,-0.19834693197912023,-2.339575996661023,0.459588317258416,1.3334961624224893,-0.03066795140517336,-0.12230717618197572,-0.14022980278322225,0.09000117304571391,0.09000117304571391,0.0,0.14912330255683737,0.5077361459995683,-0.23546745811735698,-0.0027018323719506018,-0.005837230834445265,-5.0267910671766085,0,0.5087927688580665
41.19647999999389,-2.152953814738979,0.5241444947953603,1.2953279853644606,0.0019226701473463899,-0.015929264251361555,-0.012631634126283778,-2.0547859822820738,0.6557672889910382,1.8439358596374078,0.07080380057236223,-0.012028595021929333,0.07734523117980185,-2.1970325770125405,0.5576547159716398,1.5888797377042945,0.02047023906879277,-0.0674438338007404,-0.031109548846292835,0.09000117304571391,0.09000117304571391,0.0,0.14910231203994367,0.5077650890414849,-0.23537644757452075,-0.0027016544477247873,-0.005829462536474013,-5.02673443606611,0,0.5088425651126443
41.20063999999389,-2.152945776649044,0.5240782005882022,1.2952754230510415,0.0019291415843727916,-0.015910609717948304,-0.012614955220593131,-1.9958854249821647,0.1266385282944179,0.9343737257525033,-0.008370939116512582,0.10356166547607407,0.004807532710356402,-2.096476486837105,0.3423589913461296,1.2616321769516485,0.006764122905724521,0.01805759302274695,-0.013165612018424238,0.09000117304571391,0.09000117304571391,0.0,0.14908131033414412,0.5077940143916492,-0.2352855831732186,-0.0027014781901493713,-0.005821706589983848,-5.026677817284899,0,0.5088923029361887
41.20479999999389,-2.1529377116275135,0.5240119839834952,1.2952229301681812,0.0019356051673074845,-0.015891985129673953,-0.012598291886475772,-2.5980317906768717,0.4123404583828649,1.518041201434591,-0.09056092559429302,0.09727269311709306,0.11536383367784839,-2.3474455632199054,0.3775536659362392,1.3900766444613695,-0.042108190906185776,0.057118166709594055,0.05195272304878343,0.09000117304571391,0.09000117304571391,0.0,0.14906029743010377,0.5078229221256196,-0.23519486467738573,-0.0027013036015561946,-0.005813962983386729,-5.026621210790184,0,0.5089419824095898
41.20895999999389,-2.1529296197070256,0.5239458448565705,1.295170506650956,0.0019420609171314214,-0.015873390461932917,-0.012581644134078262,-1.7480299789324425,0.9949946114896948,1.3983810239624057,-0.03559833179454999,0.05735775161379943,0.02105826748916478,-2.0478068527050235,0.686397826218328,1.394272984659555,-0.039222702754135974,0.05720692158777239,0.03636718571807335,0.09000117304571391,0.09000117304571391,0.0,0.14903927331861405,0.5078518123187993,-0.23510429185168474,-0.0027011306842646137,-0.005806231705071007,-5.02656461653914,0,0.5089916036137134
41.213119999993886,-2.1529215009201303,0.523879783082862,1.2951181524344,0.001948508854805619,-0.015854825690044892,-0.01256501197343347,-1.7198333169427957,0.6723461996602148,1.4630608870756037,-0.05921108106114554,-0.06537884739875896,-0.0184724408948954,-1.8839402380715027,0.6792390955004317,1.42862989049498,-0.049556568493650824,-0.005600924494406533,0.008520328040161906,0.09000117304571391,0.09000117304571391,0.0,0.14901823798973754,0.5078806850462209,-0.23501386446086586,-0.002700959440581693,-0.005798512743400659,-5.0265080344889075,0,0.5090411666294011
41.217279999993885,-2.1529133552992916,0.5238137985379067,1.2950658674535065,0.001954949001264606,-0.015836290789268043,-0.012548395414454336,-1.7692824922238604,0.6148021716916147,1.390388822837486,0.03470897471988661,-0.045164856810881046,-0.061015529798415666,-1.8265390068125542,0.6469258272384073,1.4093812898511462,-0.007122588860563122,-0.02518135295146568,-0.025815831978843583,0.09000117304571391,0.09000117304571391,0.0,0.1489971914345182,0.5079095403829212,-0.23492358227062432,-0.002700789872801876,-0.005790806086717814,-5.026451464596594,0,0.5090906715374703
41.22143999999388,-2.1529051828768857,0.5237478910973451,1.2950136516432276,0.001961381377428605,-0.01581778573477234,-0.012531794466949285,-2.0851528140820164,0.6877349098121932,1.4144027139523152,0.07703288682749118,0.04221107295761898,-0.032998596326201585,-1.9556863023972173,0.6674176560269123,1.4118215243678998,0.03437682940501695,0.008893227999948915,-0.028504438263177317,0.09000117304571391,0.09000117304571391,0.0,0.14897613364327197,0.5079383784034065,-0.23483344504610434,-0.002700621983207483,-0.0057831117233381945,-5.026394906819273,0,0.5091401184187127
41.22559999999388,-2.1528969836852014,0.5236820606369215,1.294961504938475,0.001967806004191278,-0.01579931050167252,-0.012515209140604321,-1.5853493022691534,0.5735474060268013,1.6463061307093896,0.14671947016885614,0.07951472588245054,0.0030252642447052766,-1.7702095151854504,0.6206483031298614,1.5290725237558207,0.09028924603713541,0.04369907738049161,-0.01310846091619014,0.09000117304571391,0.09000117304571391,0.0,0.14895506460622737,0.5079671991821326,-0.23474345255339718,-0.0027004557740686764,-0.005775429641555857,-5.026338361113986,0,0.5091895073538949
41.22975999999388,-2.1528887577564415,0.5236163070324839,1.2949094272741208,0.001974222902423727,-0.0157808650650142,-0.012498639444992509,-2.0881893596315635,0.22752932884884042,1.330139199822412,-0.12456902051425965,0.04590442634086554,-0.2821037348825097,-1.9294604147988477,0.4241806967858416,1.429018449189164,-0.017293280237695313,0.0452094712366691,-0.14794806549773024,0.09000117304571391,0.09000117304571391,0.0,0.14893398431416716,0.5079960027932915,-0.23465360455868764,-0.002700291247643338,-0.005767759829642675,-5.0262818274377405,0,0.5092388384237578
41.23391999999388,-2.1528805051227207,0.5235506301599848,1.2948574185849977,0.001980632092980728,-0.015762449399761562,-0.012482085389579626,-2.2673689348858144,0.43085547545372177,1.407906278675057,0.23805518752432492,-0.04890997986074506,0.231548497668063,-2.097922686662432,0.4274161807265253,1.4189454627285272,0.11074696141825074,-0.001738079198146037,0.040991015828186594,0.09000117304571391,0.09000117304571391,0.0,0.14891289275693223,0.5080247893107036,-0.23456390082889733,-0.002700128406177448,-0.005760102275845343,-5.026225305747515,0,0.5092881117090161
41.23807999999388,-2.152872225816068,0.5234850298954814,1.294805478805899,0.0019870335966877877,-0.015744063480829695,-0.012465546983711578,-1.81431082953345,0.16490043623144296,1.2156254629406777,0.00558606891007522,0.12201372577257642,0.019835721562315244,-1.9561025620171508,0.29641005811846377,1.3173256173161576,0.05788827613691603,0.060225306366337744,0.030261101093723916,0.09000117304571391,0.09000117304571391,0.0,0.1488917899253453,0.508053558808085,-0.23447434113040233,-0.0026999672519047954,-0.005752456968390839,-5.026168796000252,0,0.5093373272903576
41.24223999999388,-2.152863919868425,0.5234195061151353,1.2947536078715796,0.001993427434354889,-0.015725707283052545,-0.012449024236626348,-2.0644855080038047,0.5644356139864839,1.0994237050835838,0.05938604540334065,0.07092212690737994,-0.062406584868177274,-2.010171601293742,0.43057290483769517,1.2082420675391374,0.05879531855739728,0.06524735100016928,-0.015458545305103603,0.09000117304571391,0.09000117304571391,0.0,0.14887067580928753,0.5080823113589403,-0.23438492523074503,-0.002699807787047484,-0.0057448238954822,-5.026112298152865,0,0.5093864852484435
41.246399999993876,-2.1528555873116466,0.5233540586952137,1.2947018057167567,0.0019998136267697056,-0.015707380781193644,-0.01243251715745313,-2.2943431182831224,-0.274066137266899,1.0909818912663718,0.20274670994980293,-0.03120899458045164,-0.035975017454312745,-2.151837546998027,0.0781831892540134,1.149537255288998,0.13071659348752762,0.017193657613252637,-0.0261594747273908,0.09000117304571391,0.09000117304571391,0.0,0.14884955039898054,0.5081110470363485,-0.23429565289756757,-0.002699650013815548,-0.005737203045298866,-5.026055812162237,0,0.5094355856639077
41.250559999993875,-2.152847228177502,0.5232886875120888,1.29465007227611,0.0020061921946931695,-0.015689083949967753,-0.012416025755202249,-2.5658715850432543,0.18159876322820706,1.4196464641777444,0.08408686190237646,0.014323468800624718,0.00047436217098763625,-2.3586811235356033,0.12992069357430247,1.2845942958165901,0.10671160474166902,0.01614279851863832,-0.012632373889179448,0.09000117304571391,0.09000117304571391,0.0,0.14882841368498723,0.5081397659133366,-0.2342065238988264,-0.002699493934407258,-0.005729594406001248,-5.025999337985217,0,0.5094846286173561
41.254719999993874,-2.1528388424976734,0.5232233924422387,1.2945984074842818,0.0020125631588693,-0.015670816764013145,-0.012399550038778538,-1.610361970836811,0.2036459118454796,1.2710759606329847,-0.05971917390324446,0.013019664154883395,-0.13043624037125737,-1.9846410298725508,0.166810769284683,1.277563173463423,0.023749638358267225,0.014643862578555222,-0.07125914236128289,0.09000117304571391,0.09000117304571391,0.0,0.14880726565692898,0.5081684680626127,-0.23411753800257967,-0.002699339551009439,-0.0057219979657271245,-5.025942875578626,0,0.5095336141893667
41.25887999999387,-2.152830430303757,0.5231581733622475,1.2945468112758778,0.002018926540016448,-0.015652579197909043,-0.012383090016973086,-2.1156050926781287,0.6039076888423348,0.800413632905574,0.0697298092307408,0.012338551018635256,-0.16685521484355706,-2.0499790491325647,0.38538669759849586,1.0386375769809015,0.04678842892062803,0.014094262821829816,-0.11884268253350558,0.09000117304571391,0.09000117304571391,0.0,0.14878610630540942,0.5081971535566184,-0.23402869497763024,-0.002699186865797028,-0.005714413712593696,-5.0258864248992525,0,0.5095825424604893
41.26303999999387,-2.152821991627262,0.523093030148805,1.2944952835854675,0.0020252823588326595,-0.015634371226172887,-0.012366645698467037,-1.516262585685281,0.43894801875134304,1.7116190307162245,0.024972738939461787,-0.17407276710039235,-0.006841103375619906,-1.7830651568892293,0.4118052243702427,1.375117695667403,0.03589002145218894,-0.07976453156951621,-0.06232587813763218,0.09000117304571391,0.09000117304571391,0.0,0.14876493562009122,0.5082258224677431,-0.23393999459267173,-0.002699035880933721,-0.005706841634697759,-5.025829985903856,0,0.5096314135112449
41.26719999999387,-2.152813526499612,0.5230279626787082,1.2944438243475849,0.002031630635996579,-0.01561619282324442,-0.012350217091837649,-2.2945889019132104,1.0060665514283165,1.5065612025284603,0.014708251613368284,-0.003480523103534418,0.045009437739587405,-2.0387989840776086,0.7089319742434187,1.4409340115797884,0.02480428267670279,-0.041227061277288826,-0.008676815030830218,0.09000117304571391,0.09000117304571391,0.0,0.14874375359097775,0.508254474867842,-0.23385143661714516,-0.002698886598571479,-0.005699281720112709,-5.025773558549167,0,0.5096802274221248
41.27135999999387,-2.1528050349521446,0.5229629708288602,1.2943924334967285,0.002037971392159098,-0.015598043963520812,-0.012333804205544774,-1.7406658575448568,0.7495286369174038,1.730787616567925,-0.10270759706270313,0.02867041328423535,-0.11121415788164177,-1.8899454452872928,0.7292906179389478,1.5856308658038016,-0.03823097033289408,-0.0064725635663690495,-0.05962431033460379,0.09000117304571391,0.09000117304571391,0.0,0.14872256020820032,0.5082831108288244,-0.23376302082059924,-0.0026987390208508565,-0.005691733956894238,-5.025717142791884,0,0.5097289842735916
41.27551999999387,-2.1527965170161116,0.5228980544762714,1.2943411109673622,0.0020443046479508044,-0.015579924621333972,-0.012317407047940819,-2.2889329933443774,0.5728618610994871,1.1159574894054525,0.1742347270566545,-0.027922018587026504,0.07723562051702214,-2.0890799510751545,0.65101610838196,1.3509533024883442,0.0681532145415064,-0.016734534118133033,0.00794890468762029,0.09000117304571391,0.09000117304571391,0.0,0.1487013554618044,0.5083117304222252,-0.233674746972905,-0.0026985931499011943,-0.0056841983330784,-5.025660738588679,0,0.5097776841460775
41.27967999999387,-2.1527879727226784,0.5228332134980591,1.2942898566939152,0.002050630423984902,-0.015561834770940313,-0.012301025627276497,-2.4296548126564783,0.752826019032084,1.4980279452346954,0.15008261396779074,0.0828126832117724,0.09502689791916244,-2.2590575577674774,0.702093865655735,1.4246889055073646,0.10909353515429726,0.0331088860431416,0.05167499515754856,0.09000117304571391,0.09000117304571391,0.0,0.148680139341322,0.5083403337193658,-0.2335866148442573,-0.0026984489878406365,-0.005676674836678518,-5.025604345896195,0,0.5098263271199849
41.283839999993866,-2.152779402102925,0.5227684477714485,1.2942386706107831,0.0020569487408454495,-0.015543774386555097,-0.012284659951685381,-1.9541609935366746,0.48322051417186457,1.386231935240184,-0.203902981084467,-0.09033422847475514,-0.16782050313508923,-2.1070289760783796,0.5924683386754506,1.4051101983729433,-0.04848020029174866,-0.028880239288033294,-0.057630216101573074,0.09000117304571391,0.09000117304571391,0.0,0.14865891183684019,0.5083689207913531,-0.23349862420539022,-0.0026983065367760135,-0.005669163455690898,-5.025547964671043,0,0.5098749132756853
41.287999999993865,-2.1527708051878456,0.5227037571737722,1.294187552652328,0.002063259619098524,-0.01552574344232317,-0.012268310029199186,-2.649696343587053,0.2562900882465788,1.7473067256742536,-0.021215820072169805,-0.05054688620809496,-0.11382249269788512,-2.3784100620076676,0.4242717371178164,1.5759751030947968,-0.035101435132206454,-0.03971799991234536,-0.0862007241586319,0.09000117304571391,0.09000117304571391,0.0,0.14863767293814703,0.5083974917090794,-0.23341077482715078,-0.0026981657988031146,-0.00566166417809142,-5.025491594869809,0,0.5099234426935196
41.29215999999386,-2.1527621820083485,0.5226391415824707,1.2941365027528793,0.002069563079287139,-0.015507741912333273,-0.012251975867740864,-2.6157753749369053,1.145752315510224,0.9019750398505646,-0.02632588350146379,0.016137996876832903,-0.18887628123925515,-2.49714798463902,0.7850515121876522,1.2385783461716862,-0.031268080811078104,-0.012212269553369003,-0.13793976537351418,0.09000117304571391,0.09000117304571391,0.0,0.1486164226347308,0.5084260465432228,-0.23332306648092793,-0.002698026776006733,-0.005654176991836877,-5.0254352364490495,0,0.5099719154537974
41.29631999999386,-2.152753532595257,0.5225746008750931,1.294085520846733,0.0020758591419299272,-0.015489769770619203,-0.012235657475125603,-2.754360035580687,0.5236695472421949,1.5198646221944023,0.0552497963575503,0.0717298549156478,0.008425734360047902,-2.6256421503036873,0.6545077016778562,1.3792414646015316,0.012590370877761279,0.029847199179928282,-0.06500047215970187,0.09000117304571391,0.09000117304571391,0.0,0.14859516091663544,0.508454585364139,-0.23323549893801201,-0.0026978894704605154,-0.005646701884865929,-5.025378889365294,0,0.5100203316367965
41.30047999999386,-2.152744856979309,0.5225101349292967,1.2940346068681536,0.0020821478275265437,-0.015471826991151,-0.012219354859064098,-2.263622097651204,0.6146079122813846,1.2186740968300165,-0.10425428788716122,0.09623548762467737,-0.1567001374590064,-2.4448481225500855,0.6347577249348197,1.2986305097194595,-0.045013828499262755,0.06302260247844545,-0.11074071837114981,0.09000117304571391,0.09000117304571391,0.0,0.14857388777360628,0.5084831082420758,-0.23314807197045145,-0.0026977538842273647,-0.00563923884509759,-5.025322553575044,0,0.5100686913227632
41.30463999999386,-2.152736155191157,0.5224457436228472,1.2939837607513738,0.002088429156552423,-0.015453913547849193,-0.012203068027158133,-2.3541220769716364,0.5800601518372758,0.8857745562953327,-0.020087649270291278,-0.15789621493958872,-0.06253670352336271,-2.399527945993125,0.6070800145720792,1.0920698321837037,-0.031735217550577316,-0.04736422965359341,-0.08676808900462249,0.09000117304571391,0.09000117304571391,0.0,0.1485526031948753,0.5085116152470655,-0.23306078535041297,-0.002697620019359531,-0.005631787860433482,-5.025266229034773,0,0.5101169945919112
41.30879999999386,-2.1527274272613672,0.5223814268336199,1.293932982430595,0.002094703149461032,-0.015436029414570857,-0.012186796986906917,-2.714620985977072,0.8371799330946734,1.9274173075283425,0.013893351835996862,-0.08008765202800018,0.15535204669776878,-2.5570475621252164,0.7219648091570668,1.510071005404069,-0.009025286150411252,-0.06363017373014099,0.03501578240560211,0.09000117304571391,0.09000117304571391,0.0,0.1485313071702303,0.5085401064487642,-0.23297363885061048,-0.002697487877898221,-0.005624348918756182,-5.025209915700929,0,0.5101652415244217
41.31295999999386,-2.1527186732204227,0.5223171844395985,1.2938822718399878,0.0021009698266817064,-0.015418174565126659,-0.01217054174570103,-2.0607372428803186,0.4871756940597609,1.3908481158125625,0.1412666515419369,0.016964532770493916,-0.14853227062004978,-2.3085946934182804,0.6046028894425199,1.4501501508541212,0.06591602004076817,-0.022854752155869275,-0.056923113036321214,0.09000117304571391,0.09000117304571391,0.0,0.1485099996893742,0.5085685819168261,-0.2328866322438789,-0.0026973574618740417,-0.005616922007931763,-5.025153613529931,0,0.5102134322004431
41.31711999999386,-2.15270989309872,0.5222530163188766,1.2938316289136926,0.0021072292086259424,-0.015400348973258803,-0.012154302310832107,-2.3492720719813547,0.7193057213964151,1.5874527998371901,0.008407539922996076,-0.08966712593660109,-0.05324772131564032,-2.3289184925032123,0.6617699129616706,1.5186911046405867,0.03827744586213521,-0.05688652352698619,-0.05480783977753897,0.09000117304571391,0.09000117304571391,0.0,0.1484886807417112,0.508597041720529,-0.23279976530338875,-0.002697228773307068,-0.00560950711580648,-5.025097322478175,0,0.5102615667000907
41.321279999993855,-2.1527010869265713,0.5221889223496571,1.2937810535858199,0.0021134813156783033,-0.015382552612668927,-0.012138078689480865,-2.225927535257462,1.203756526019626,1.2380016291331974,-0.06691490890177854,0.004547050353255682,0.07992187352184338,-2.277561680454468,0.9327769213033009,1.3785095921424728,-0.014212856664663051,-0.02639078337381307,0.013051252453816935,0.09000117304571391,0.09000117304571391,0.0,0.14846735031656016,0.5086254859289342,-0.23271303780286196,-0.0026971018142068577,-0.005602104230210982,-5.025041042502029,0,0.5103096451034458
41.325439999993854,-2.1526922547342036,0.5221249024102529,1.2937305457904502,0.0021197261682007525,-0.015364785457003725,-0.012121870888725418,-1.8847634955623556,-0.13489109621797035,1.2918029996507492,0.24387382181594736,-0.06250453631869746,-0.14561604730054165,-2.0806517271400002,0.39880557615233114,1.3348541329514827,0.11439957298571754,-0.044513732680758984,-0.06690739334129656,0.09000117304571391,0.09000117304571391,0.0,0.14844600840358263,0.5086539146109932,-0.2326264495159311,-0.0026969765865723985,-0.00559471333895941,-5.024984773557835,0,0.510357667490556
41.32959999999385,-2.1526833965517596,0.5220609563790869,1.2936801054616354,0.002125963786536214,-0.01534704747984825,-0.012105678915543155,-1.9162060367565548,0.7715909403156589,2.213953301307594,-0.03299129724758405,-0.06892649874623892,0.07052244322259513,-1.998496203852243,0.5850570891807654,1.7745554818194769,0.04064224807497968,-0.05652020674825782,0.0023139113062598925,0.09000117304571391,0.09000117304571391,0.0,0.14842465499214186,0.5086823278353341,-0.23254000021678203,-0.0026968530923923524,-0.00558733442984745,-5.024928515601908,0,0.510405633941435
41.33375999999385,-2.152674512409297,0.5219970841346921,1.2936297325333987,0.0021321941910036352,-0.015329338654739967,-0.01208950277680598,-1.8340209814587898,0.013664478879140796,1.2525317405452654,0.31474132506800157,-0.13727417160460623,0.025758040832920995,-1.9156025413444195,0.2990718958760722,1.5135926759349063,0.17755518962852396,-0.0971980454329494,0.014447211677033571,0.09000117304571391,0.09000117304571391,0.0,0.14840329007151618,0.5087107256704747,-0.23245368968037,-0.0026967313336451002,-0.005579967490654339,-5.024872268590541,0,0.5104535445360615
41.33791999999385,-2.152665602336789,0.5219332855557123,1.2935794269397352,0.0021384174018977196,-0.015311658955169382,-0.012073342479282361,-2.462550603982581,0.2987416349329283,1.3314182021614058,0.1040766215486299,-0.2472739947790144,0.17285882352302337,-2.1888636370835464,0.29839159522471276,1.4228626295920772,0.1406828483832146,-0.17182003316743344,0.09416026852191416,0.09000117304571391,0.09000117304571391,0.0,0.1483819136311131,0.5087391081846088,-0.23236751768113734,-0.002696611312298749,-0.005572612509143999,-5.0248160324799995,0,0.5105013993543799
41.34207999999385,-2.1526566663641247,0.5218695605209016,1.2935291886146116,0.002144633439496694,-0.015294008354556564,-0.012057198029645673,-2.332712100230908,0.0965484877762679,1.1711719496335713,-0.20811106592939327,-0.065515103532091,-0.12678452887885353,-2.2612200962063267,0.19733287650186318,1.2967537171065842,-0.034482280166870466,-0.11892291767260378,-0.017210056505699553,0.09000117304571391,0.09000117304571391,0.0,0.14836052566004188,0.5087674754457661,-0.2322814839942971,-0.0026964930303111766,-0.005565269473060658,-5.024759807226524,0,0.5105491984762988
41.34623999999385,-2.1526477045211077,0.5218059089091254,1.2934790174919681,0.002150842324047464,-0.01527638682629885,-0.01204106943445436,-2.3923095991894554,0.5303872488310929,2.018326164074765,-0.04873696279102039,-0.08428823020770554,-0.05298254792808833,-2.326864991794585,0.36368900220110945,1.657433828716976,-0.042639944264507484,-0.10253391038697496,-0.03463293342309744,0.09000117304571391,0.09000117304571391,0.0,0.1483391261475408,0.5087958275217586,-0.23219558839562165,-0.002696376489630158,-0.005557938370136647,-5.024703592786333,0,0.5105969419816915
41.35039999999385,-2.1526387168374588,0.5217423305993598,1.2934289135057173,0.002157044075777981,-0.015258794343731417,-0.012024956700171965,-1.936120987775821,0.3847601504876224,1.4886094130062595,0.05178097596345491,-0.09209735211465589,0.06361429265654585,-2.1313830004701257,0.37403313689764073,1.5731529735141576,0.004779808902481683,-0.097303277863489,0.014379511425586036,0.09000117304571391,0.09000117304571391,0.0,0.14831771508319166,0.508824164480234,-0.23210983066058785,-0.0026962616921933566,-0.005550619188088041,-5.024647389115616,0,0.510644629950396
41.354559999993846,-2.1526297033428134,0.5216788254706927,1.2933788765897458,0.0021632387148989756,-0.015241230880127373,-0.012008859833165113,-1.7878986744102967,0.6910449151736372,1.1032470715839275,0.1471110785273749,0.018332967673640677,0.06664960378805769,-1.9593320240394085,0.5325782865586115,1.3383362206031106,0.075732887299324,-0.03896853720650679,0.04009914545462622,0.09000117304571391,0.09000117304571391,0.0,0.14829629245563708,0.5088524863885149,-0.23202421056587566,-0.0026961486399286645,-0.005543311914612374,-5.024591196170544,0,0.5106922624622134
41.358719999993845,-2.1526206640667236,0.5216153934023229,1.293328906677914,0.002169426261588319,-0.015223696408739051,-0.011992778839688738,-2.075017236743654,0.6797227629622852,0.9662130529440067,0.01194581094541701,-0.010142615633919966,-0.20333157637879518,-2.0171511916938174,0.606130089828282,1.1518477259870064,0.04413132542587529,-0.024380363009716022,-0.08093559196242171,0.09000117304571391,0.09000117304571391,0.0,0.1482748582542901,0.5088807933139196,-0.2319387278876588,-0.002696037334753919,-0.005536016537396328,-5.0245350139072595,0,0.5107398395969094
41.362879999993844,-2.1526115990386567,0.5215520342735614,1.293279003704056,0.0021756067360103474,-0.015206190902743581,-0.011976713725908299,-1.8394975952475023,0.8973390713833695,0.968903571872908,0.027827846432066428,-0.09821078618309073,0.06916653539088038,-1.92826547699956,0.751531453313739,1.0605182624594784,0.03608053185541528,-0.06086317089954354,-0.005908221230533017,0.09000117304571391,0.09000117304571391,0.0,0.14825341246805243,0.5089090853232804,-0.23185338240267417,-0.0026959277785771098,-0.005528733044108026,-5.0244788422818845,0,0.510787361434212
41.36703999999384,-2.152602508287997,0.521488747963831,1.2932291676019816,0.0021817801583002678,-0.015188714335290796,-0.01196066449787962,-2.3973618644925003,0.9755253717459818,0.7679915147207217,-0.01266670752371354,-0.040909372060286504,-0.11310954616104123,-2.1628425843464556,0.8634449433398115,0.9140167123156734,0.01136609902756745,-0.05091337825468555,-0.05908621524624857,0.09000117304571391,0.09000117304571391,0.0,0.1482319550861693,0.5089373624834784,-0.23176817388822396,-0.0026958199732964473,-0.005521461422403246,-5.024422681250516,0,0.5108348280538129
41.37119999999384,-2.1525933918440447,0.5214255343526666,1.2931793983054751,0.0021879465485770667,-0.015171266679464496,-0.011944631161568096,-1.8685658360416935,0.7696524628987983,1.223200118327663,0.07684829806569386,-0.03107342543497786,-0.004689357924785025,-2.015542910270713,0.8164831991190292,1.0686019831870728,0.04439223066658499,-0.04089087383904957,-0.0324481189877472,0.09000117304571391,0.09000117304571391,0.0,0.14821048609780244,0.5089656248610155,-0.23168310212174922,-0.0026957139208004808,-0.0055142016599203664,-5.024366530769229,0,0.5108822395353662
41.37535999999384,-2.152584249736016,0.5213623933197153,1.2931296957482967,0.0021941059269361407,-0.01515384790830782,-0.011928613722837086,-1.8159989499527835,0.5578852730904732,1.492076433202866,-0.16401907544781733,0.12883668348914304,0.07403551857992413,-1.9161120704392258,0.6874505222556915,1.2804963076297258,-0.05913569788136972,0.043904759244000356,0.02071742667009479,0.09000117304571391,0.09000117304571391,0.0,0.1481890054913882,0.5089938725222277,-0.2315981668810448,-0.002695609622968307,-0.005506953744283121,-5.024310390794075,0,0.5109295959584883
41.37951999999384,-2.152575081993043,0.5212993247447368,1.2930800598641823,0.002200258313441991,-0.015136457994839031,-0.011912612187441256,-1.8820489420770923,0.5654031939589972,1.2645619350852677,-0.03074910482184088,-0.1461270805451354,-0.021736777507530194,-1.8991445596952148,0.6261217802198114,1.2724840742027907,-0.0447833534539224,-0.05096254393345977,-0.000639771026314273,0.09000117304571391,0.09000117304571391,0.0,0.148167513256134,0.5090221055333923,-0.23151336794404637,-0.002695507081669257,-0.005499717663105419,-5.024254261281083,0,0.5109768974027579
41.38367999999384,-2.152565888644176,0.5212363285076035,1.2930304905868446,0.0022064037281459997,-0.015119096912002321,-0.011896626561049081,-1.6814302541666994,0.7250849866784346,0.7514556647139393,-0.0258655552388168,0.060207847196427425,-0.018142338366303343,-1.790340652330507,0.675728785913755,1.0119287278878273,-0.03485961294936102,0.004865861100468902,-0.009505265640099772,0.09000117304571391,0.09000117304571391,0.0,0.14814600938116415,0.5090503239603534,-0.23142870508968788,-0.0026954062987631037,-0.005492493403983306,-5.02419814218626,0,0.5110241439477156
41.38783999999384,-2.15255666971838,0.5211734044883005,1.2929809878499727,0.0022125421910747815,-0.015101764632708393,-0.011880656849227846,-1.953131419920255,0.441235066749813,1.4254654543318903,0.1278659682895777,-0.008045859487652173,0.12022582929940942,-1.8714707915438076,0.5584643238992159,1.2189505423195366,0.04628782423030281,-0.001961142857371621,0.05511576073642157,0.09000117304571391,0.09000117304571391,0.0,0.14812449385487808,0.5090785278688956,-0.2313441780961915,-0.002695307276100435,-0.005485280954499379,-5.0241420334655915,0,0.5110713356728631
41.391999999993836,-2.1525474252445376,0.5211105525669262,1.2929315515872335,0.0022186737222276726,-0.015084461129833098,-0.011864703057440334,-1.9467728277109693,0.31364657249317773,1.3635596762059228,0.0031568415585692807,-0.11937117821932672,0.0748739964860913,-1.9091171812916221,0.4358061074633147,1.2914118807869297,0.025403495815470564,-0.06097645782883112,0.06498212676379472,0.09000117304571391,0.09000117304571391,0.0,0.14810296666644665,0.5091067173245837,-0.2312597867432073,-0.0026952100155222805,-0.005478080302224887,-5.024085935075039,0,0.511118472657664
41.396159999993834,-2.1525381552514475,0.5210477726236921,1.2928821817322707,0.002224798341586136,-0.015067186376197838,-0.01184876519105921,-1.8920485927438566,0.7301486607850682,0.7721739110049073,0.03358607366953238,-0.0970609754135453,-0.10265731691490698,-1.9005116904846622,0.5827779322056678,1.0315758353450897,0.02890810085504279,-0.07919548439407033,-0.018873528509616624,0.09000117304571391,0.09000117304571391,0.0,0.14808142780431627,0.5091348923927093,-0.23117553080946202,-0.0026951145188605107,-0.005470891434716473,-5.024029846970544,0,0.511165554981542
41.40031999999383,-2.152528859767826,0.520985064538923,1.2928328782187066,0.002230916069106867,-0.015049940344583564,-0.011832843255356097,-2.2332856187159096,0.5811874605093904,1.495597794090494,0.0026681823616641408,0.029268261818504306,-0.055180217860474945,-2.0668949628652133,0.5820424262346154,1.2634741544849128,0.01556355088536312,-0.024424259867754844,-0.03647929302650536,0.09000117304571391,0.09000117304571391,0.0,0.1480598772574912,0.5091630531385037,-0.23109141007532658,-0.0026950207879375895,-0.005463714339517627,-5.023973769108027,0,0.5112125827238823
41.40447999999383,-2.152519538822306,0.5209224281930575,1.292783640980142,0.002237026924725049,-0.015032723007728902,-0.01181693725550829,-2.4378113113559494,0.7312097759554892,1.943754054470043,0.03895281090471679,0.08784559701131694,0.10006323567236769,-2.2522742916992544,0.6568098142888554,1.603826200190185,0.02705464561415138,0.03172602954580061,0.03216461206057737,0.09000117304571391,0.09000117304571391,0.0,0.1480383150146793,0.5091911996269248,-0.2310074243206795,-0.002694928824566947,-0.005456549004158859,-5.023917701443386,0,0.5112595559640299
41.40863999999383,-2.152510192443438,0.5208598634666478,1.2927344699501562,0.0022431309283556192,-0.015015534338322332,-0.011801047196599789,-2.042186148770702,0.5350439615143933,1.3723998410100584,0.09202440600771786,0.15770078489592762,-0.1038482387114553,-2.1470394599285854,0.5962533009476049,1.4878947090234893,0.06055371879781348,0.0950649841590392,-0.03550091825409955,0.09000117304571391,0.09000117304571391,0.0,0.1480167410645052,0.509219331922603,-0.2309235733255483,-0.002694838630552929,-0.005449395416156215,-5.0238616439324995,0,0.5113064747812903
41.41279999999383,-2.1525008206596885,0.5207973702403602,1.2926853650623078,0.002249228099885943,-0.01499837430902797,-0.011785173083609468,-2.298009990317875,0.21929661403423167,0.798445746867775,0.034074807002001765,-0.23010965218830695,0.12812191442632803,-2.222456979273147,0.40729364017686265,1.143431582224074,0.04831241719757682,-0.06747354759975435,0.04644964724814964,0.09000117304571391,0.09000117304571391,0.0,0.1479951553955106,0.5092474500902151,-0.23083985687118083,-0.0026947502076909604,-0.005442253563015892,-5.023805596531225,0,0.5113533392549287
41.41695999999383,-2.152491423499442,0.520734948394975,1.2926363262501352,0.0022553184591843117,-0.014981242892455409,-0.011769314921428983,-2.1657483590951565,0.3362350233171836,1.282058616404296,-0.06390205881142023,-0.012423837204364178,-0.07305813798093921,-2.194236162914329,0.37173822972050624,1.2125941719483762,-0.007318282262799185,-0.04006589702431124,-0.01332611840681398,0.09000117304571391,0.09000117304571391,0.0,0.14797355799636816,0.5092755541940565,-0.230756274738336,-0.002694663557767391,-0.005435123432230278,-5.023749559195398,0,0.5114001494641696
41.42111999999383,-2.152482000991,0.5206725978113868,1.2925873534471568,0.002261402026095595,-0.014964140061178164,-0.011753472714851766,-2.004428089759518,0.6814834781664525,1.485505162670274,-0.19408130906084234,-0.059469950934413,-0.027991043585525614,-2.09973370034067,0.526488364929298,1.3489918973724537,-0.10106351816213142,-0.049304748693337765,-0.019956066092004985,0.09000117304571391,0.09000117304571391,0.0,0.14795194885545385,0.5093036442983621,-0.23067282670835326,-0.0026945786825597227,-0.005428005011279754,-5.023693531880836,0,0.511446905488197
41.425279999993826,-2.1524725531625815,0.5206103183706046,1.292538446586871,0.0022674788204399086,-0.014947065787734727,-0.011737646468574026,-2.3431023787857677,0.20453678475077514,1.2594191927686305,0.026431994039087664,0.06196961671990644,-0.022679108751098083,-2.2213639044585114,0.3656395670439233,1.304158015704865,-0.03773758290619852,0.006156993080403876,-0.021446904689593746,0.09000117304571391,0.09000117304571391,0.0,0.1479303279612746,0.5093317204669853,-0.23058951256272636,-0.0026944955838365354,-0.00542089828763387,-5.023637514543335,0,0.5114936074061538
41.429439999993825,-2.152463080042323,0.5205481099537519,1.2924896056027577,0.0022735488620137484,-0.014930020044628137,-0.0117218361871952,-1.8132211894124157,1.141594357815458,1.8797577494947955,-0.03309979095298061,0.11884982958164046,-0.004474493210291412,-2.0173593537136827,0.7538685045521295,1.5919529424428642,-0.03502654837316822,0.06302117671779457,-0.013124744411605467,0.09000117304571391,0.09000117304571391,0.0,0.14790869530268266,0.5093597827638786,-0.23050633208396049,-0.0026944142633576343,-0.005413803248751781,-5.023581507138672,0,0.5115402552971419
41.433599999993824,-2.152453581658279,0.5204859724420673,1.2924408304282775,0.002279612170598522,-0.01491300280430196,-0.01170604187523199,-2.1117268346060256,0.5545018114594341,1.3777394444157514,0.12828451334480684,0.15128118033995633,-0.03593730525620395,-2.064276359004302,0.6544979881004028,1.4847703845541087,0.04634568701997252,0.10735483498312506,-0.02474047461753412,0.09000117304571391,0.09000117304571391,0.0,0.1478870508678067,0.5093878312524526,-0.2304232850538625,-0.0026943347228742844,-0.005406719882077372,-5.023525509622604,0,0.5115868492402212
41.43775999999382,-2.1524440580384208,0.520423905716904,1.292392120996873,0.0022856687659455035,-0.014896014039183584,-0.011690263537095371,-2.2464026791863545,0.3016000221017335,1.3544290196481086,0.011778638445857182,-0.048633092031113434,0.07465996476833674,-2.155316554305484,0.4779460909075249,1.4197541916513852,0.029189396686240394,0.029029160068039902,0.02489998315816884,0.09000117304571391,0.09000117304571391,0.0,0.14786539464512025,0.5094158659962162,-0.23034037125546625,-0.0026942569641290994,-0.005399648175045978,-5.023469521950869,0,0.5116333893144105
41.44191999999382,-2.1524345092106385,0.5203619096597305,1.2923434772419684,0.002291718667788188,-0.01487905372164698,-0.01167450117711163,-2.022290118129836,0.6714736384631552,1.5990129832963063,0.07300818382220886,-0.147240018991439,0.09995830487010417,-2.088651346180884,0.5744057814936329,1.5095922917978912,0.05147859394841405,-0.059487261161732495,0.06264571918891458,0.09000117304571391,0.09000117304571391,0.0,0.1478437266230147,0.5094438870582968,-0.23025759047153743,-0.0026941809888560743,-0.005392588115079897,-5.023413544079185,0,0.511679875598686
41.44607999999382,-2.152424935202739,0.5202999841521303,1.2922948990969705,0.002297761895835011,-0.014862121824038215,-0.0116587547995091,-2.2972843890446177,0.0555456943071434,1.55978100420414,-0.03222702587918964,-0.0059007407942533435,-0.08406172836586354,-2.1930359333887552,0.3149592767823058,1.5345122642988216,0.009426588975088867,-0.03242958782858935,-0.010752014175882252,0.09000117304571391,0.09000117304571391,0.0,0.14782204678958527,0.5094718945018131,-0.23017494248521553,-0.0026941067987807637,-0.005385539689591453,-5.023357575963252,0,0.5117263081719814
41.45023999999382,-2.1524153360424485,0.5202381290758025,1.2922463864952687,0.0023037984697703577,-0.014845218318668129,-0.011643024408421994,-2.257159580646829,0.5493804662603374,0.7861692508936334,-0.01595342824906731,-0.06254938742085406,0.002431864831614193,-2.22513194924244,0.43204232422109484,1.1603403805578485,-0.0029921159538252515,-0.04792668304258731,-0.004065363186061454,0.09000117304571391,0.09000117304571391,0.0,0.14780035513348652,0.5094998883895017,-0.2300924270802292,-0.002694034395620125,-0.0053785028859830615,-5.023301617558752,0,0.5117726871131884
41.45439999999382,-2.15240571175741,0.5201763443125617,1.2921979393702359,0.002309828409260147,-0.01482834317780305,-0.01162731000789682,-2.2643235242535713,0.7144251437364308,1.3150142031280083,0.013597760425798333,-0.05923267771374989,-0.03696663601953168,-2.2447003929435017,0.5731128402851675,1.2376012946641752,0.005621468933884333,-0.05373887474845998,-0.020422544789797086,0.09000117304571391,0.09000117304571391,0.0,0.14777865164264983,0.509527868783983,-0.2300100440406842,-0.002693963781082922,-0.005371477691645159,-5.023245668821346,0,0.5118190125011554
41.45855999999382,-2.152396062375185,0.520114629744338,1.292149557655228,0.002315851733943491,-0.01481149637368364,-0.011611611601884333,-1.906687185524488,0.6295178370941289,1.0857749064685949,-0.05769238180998284,0.036877276096542434,0.01774137836466621,-2.0758115847709426,0.6013928132870531,1.1617245445321558,-0.025953362636686576,-0.008617509839443857,-0.0016338446489821577,0.09000117304571391,0.09000117304571391,0.0,0.14775693630556586,0.5095558357478163,-0.2299277931504221,-0.0026938949568695017,-0.005364464093959257,-5.023189729706679,0,0.5118652844146878
41.462719999993816,-2.152386387923254,0.5200529852531776,1.2921012412835853,0.002321868463440242,-0.014794677878507955,-0.011595929194245307,-2.84764545907948,0.5275555550804651,2.146382232731897,0.21255267464209018,-0.04363574124434734,-0.1139504895817809,-2.4612926612592534,0.5643825419144974,1.6538236610025934,0.09368916913623346,-0.02594910862913411,-0.057975364232250706,0.09000117304571391,0.09000117304571391,0.0,0.14773520911021604,0.509583789343177,-0.2298456741943047,-0.002693827924672078,-0.005357462080295788,-5.0231338001703785,0,0.5119115029325482
41.466879999993814,-2.152376688429015,0.5199914107212423,1.2920529901886322,0.0023278786173462906,-0.014777887664441873,-0.011580262788749586,-2.073049658295182,-0.18457698142633006,0.7893543197737595,0.08998400733125062,-0.02615081838311746,-0.10454009113849495,-2.266980476956421,0.18984336389732215,1.2213667199777958,0.09145120335290491,-0.0261544982479506,-0.08184091217742685,0.09000117304571391,0.09000117304571391,0.0,0.1477134700449276,0.5096117296322321,-0.22976368695714658,-0.002693762686174615,-0.005350471638015294,-5.023077880168052,0,0.5119576681334548
41.47103999999381,-2.1523669639197847,0.5199299060308106,1.2920048043036776,0.0023338822152370597,-0.014761125703612439,-0.011564612389077895,-1.905638887435995,0.41316079136583017,1.2679121810939746,-0.012871834882408388,-0.06939058656382933,0.028589243830099517,-2.086334587323176,0.3013604001983451,1.2446990259581827,0.039613985745978575,-0.04829403582764436,-0.026529485075643323,0.09000117304571391,0.09000117304571391,0.0,0.14769171909751863,0.509639656676765,-0.22968183122392907,-0.0026936992430530255,-0.005343492754467544,-5.02302196965529,0,0.5120037800960823
41.47519999999381,-2.1523572144227985,0.5198684710642767,1.291956683562016,0.0023398792766592346,-0.014744391968130793,-0.011548977998811577,-2.0853481069189477,0.4905919728127721,1.2789473369761737,-0.09385453410032678,-0.0890949177774385,-0.10970826944520998,-2.086037039956421,0.39579270112441906,1.2615949229756613,-0.026878508339681667,-0.06893483743778557,-0.06796539092110192,0.09000117304571391,0.09000117304571391,0.0,0.14766995625636686,0.5096675705385502,-0.22960010678065784,-0.0026936375969750966,-0.005336525416995957,-5.0229660685876665,0,0.5120498388990613
41.47935999999381,-2.1523474399652103,0.5198071057041515,1.2919086278969265,0.0023458698211451887,-0.014727686430051123,-0.011533359621454712,-1.4494473218116486,0.47635113618570846,1.1287747872988787,-0.056412171382884305,0.04616765524610205,0.0744253916681701,-1.767856891623424,0.43616750659638565,1.1953392698226748,-0.04076371314092601,-0.010908607219025321,0.0029605419918759777,0.09000117304571391,0.09000117304571391,0.0,0.14764818150934128,0.5096954712791384,-0.2295185134124385,-0.002693577749600693,-0.005329569612931117,-5.022910176920737,0,0.5120958446209781
41.48351999999381,-2.1523376405740926,0.5197458098330622,1.2918606372416748,0.002351853868198303,-0.014711009061414915,-0.011517757260409316,-2.518759100667983,0.7308508973472512,1.2686903433943506,-0.06343734058475319,-0.12876501394190498,-0.008908444775010533,-2.143445723655854,0.583244212271697,1.2319960666614491,-0.051846511051097055,-0.07020227260521733,-0.002625106713474475,0.09000117304571391,0.09000117304571391,0.0,0.14762639484444318,0.5097233589598575,-0.22943705090604413,-0.002693519702581761,-0.005322625329596852,-5.022854294610041,0,0.5121417973403746
41.48767999999381,-2.152327816276437,0.519684583333753,1.2918127115295122,0.0023578314373055164,-0.014694359834211052,-0.01150217091899998,-1.7113101844329206,1.1713461537375633,1.5868780897850294,0.08423920205017961,0.10249625928469842,0.13669935558764107,-1.9271981552490804,0.8775120401389419,1.4097259209438333,0.01543760549690686,0.016351038505152984,0.06605270602334859,0.09000117304571391,0.09000117304571391,0.0,0.14760459624980646,0.5097512336418119,-0.2293557190475646,-0.002693463457562286,-0.005315692554304908,-5.022798421611101,0,0.5121876971357472
41.49183999999381,-2.152317967099154,0.5196234260890846,1.291764850693677,0.0023638025479248512,-0.014677738720421708,-0.011486600600449244,-2.3685608370480584,0.5952379740277343,1.325252158024079,0.2678946710236118,-0.11967764211329206,0.05457578191128898,-2.1473254434551032,0.7361254774202942,1.3676025784904222,0.14168460112640469,-0.052314093617930824,0.0600197091749863,0.09000117304571391,0.09000117304571391,0.0,0.14758278571305639,0.5097790953860957,-0.22927451762411805,-0.002693409016178695,-0.005308771274361782,-5.022742557879422,0,0.5122335440855479
41.495999999993806,-2.152308093069073,0.5195623379820347,1.291717054667394,0.0023697672194954063,-0.014661145691981127,-0.011471046307899756,-2.040488538571946,1.0662090529805786,1.306496423832179,-0.018568233092843774,-0.09246463507314436,0.028456076363411496,-2.093944621430409,0.9009769046040782,1.337108731587686,0.0614514135789071,-0.07222013570787418,0.04401382017171659,0.09000117304571391,0.09000117304571391,0.0,0.14756096322237824,0.5098069442535264,-0.2291934464223549,-0.0026933563800594436,-0.005301861477063685,-5.022686703370494,0,0.5122793382681834
41.500159999993805,-2.152298194212942,0.5195013188956981,1.2916693233838756,0.0023757254714368275,-0.014644580720786915,-0.011455508044406574,-1.724619305194714,0.07396348322862079,1.1354247293732187,-0.15559346050140677,-0.03645839143377901,0.003266116185116399,-1.9096028377014205,0.487389543922987,1.23627258904396,-0.04713942079142635,-0.054807682875157485,0.023413496029721346,0.09000117304571391,0.09000117304571391,0.0,0.14753912876544917,0.5098347803045904,-0.22911250523017007,-0.0026933055508253988,-0.005294963149696194,-5.02263085803979,0,0.5123250797620142
41.504319999993804,-2.1522882705574293,0.5194403687132867,1.2916216567763217,0.0023816773231409606,-0.014628043778723059,-0.011439985812931272,-2.1798600980673344,0.7298533014129129,1.1790988154579447,0.054143451490073255,-0.04199368135592058,-0.03640213142387328,-2.0446200666002285,0.6085357579564655,1.2076086943550255,0.003170679138111446,-0.04839394644934539,-0.006061366877967997,0.09000117304571391,0.09000117304571391,0.0,0.14751728233007885,0.5098626035998709,-0.22903169383477925,-0.002693256530089839,-0.005288076279538978,-5.0225750218427665,0,0.5123707686453558
41.5084799999938,-2.152278322129121,0.5193794873181299,1.2915740547779202,0.0023876227939773815,-0.014611534837642753,-0.011424479616345788,-2.2819374850996144,0.12086246627351138,1.0768950888394335,0.0699523912649962,0.02892783037589888,0.004802458148586999,-2.1631342663168405,0.36475680600573845,1.1422595633931243,0.03623451362393343,-0.010188710658905795,4.4230125792014095e-05,0.09000117304571391,0.09000117304571391,0.0,0.14749542390399625,0.5098904141995666,-0.22895101202464455,-0.0026932093194584643,-0.005281200853864551,-5.022519194734865,0,0.512416404996477
41.5126399999938,-2.152268348954524,0.5193186745936742,1.2915265173218475,0.002393561903295036,-0.014595053869363633,-0.011408989457439385,-2.0751053918089544,0.36197019315499945,1.0190369805264314,0.025394292894018896,0.014973485650424681,-0.029878380774851214,-2.1190671363700795,0.3633930141941922,1.0805865045638665,0.03117220436930121,0.0031650705267399037,-0.01551188694864015,0.09000117304571391,0.09000117304571391,0.0,0.14747355347506344,0.5099182121638659,-0.22887045958797925,-0.0026931639205294193,-0.005274336859936634,-5.02246337667151,0,0.512461988893601
41.5167999999938,-2.152258351060064,0.5192579304234839,1.2914790443412687,0.002399494670422433,-0.014578600845669332,-0.011393515338915845,-2.4622346162559814,0.40765892267960435,0.853227695187833,-0.06028905466307873,-0.04431294313116559,0.0777783744016761,-2.29077842352405,0.385435733749549,0.9670664629492917,-0.014674502027997695,-0.02135235252801138,0.03152287878218167,0.09000117304571391,0.09000117304571391,0.0,0.147451671031276,0.5099459975526256,-0.22879003631338968,-0.002693120334893433,-0.005267484285009625,-5.022407567608113,0,0.5125075204149041
41.5209599999938,-2.152248328472086,0.5191972546912409,1.2914316357693378,0.0024054211146666174,-0.014562175738316424,-0.011378057263391457,-2.557342513643999,0.3058060254418825,1.754937904501379,-0.02185256246432368,-0.035241441879456464,-0.20462554511740974,-2.424106932300906,0.3455479144685353,1.3605813522994017,-0.018673830985703636,-0.028725518376748308,-0.08618551429972902,0.09000117304571391,0.09000117304571391,0.0,0.14742977655969383,0.5099737704255853,-0.22870974198987656,-0.002693078564134121,-0.005260643116329711,-5.0223517675000675,0,0.5125529996385161
41.5251199999938,-2.1522382812168557,0.5191366472807448,1.2913842915391986,0.0024113412553057067,-0.014545778519047602,-0.011362615233389745,-1.9556466620286723,0.6715855402915356,1.2939171325027194,-0.055149805022354156,0.029444627301035645,-0.20441403479648088,-2.1899874705766753,0.5086300243839479,1.3268237058119543,-0.037274214918875136,0.0004656590480258742,-0.1453427618129291,0.09000117304571391,0.09000117304571391,0.0,0.14740787004836486,0.5100015308423667,-0.22862957640683626,-0.0026930386098275127,-0.005253813341138397,-5.022295976302754,0,0.5125984266425195
41.5292799999938,-2.1522282093205574,0.5190761080759133,1.2913370115839846,0.002417255111601242,-0.014529409159564292,-0.01134718925135481,-2.3816175519811926,0.8364266784777146,1.493971416495016,0.04120232343045724,-0.03589235034165709,0.08994527855964363,-2.285718210786777,0.6724548490766711,1.4105858598023784,0.001987023170354337,-0.017162353279801427,-0.027735663408301796,0.09000117304571391,0.09000117304571391,0.0,0.1473859514848296,0.5100292788623132,-0.22854953935384806,-0.0026930004735424952,-0.00524699494666829,-5.022240193971537,0,0.5126438015049504
41.533439999993796,-2.1522181128092956,0.5190156369607819,1.2912897958368195,0.0024231627027893523,-0.014513067631551142,-0.011331779319640294,-2.2123671193129497,0.4872891170403536,0.7367585461359873,-0.13290122401884255,0.07120071346340656,-0.10153702051921573,-2.2493192346486306,0.5800211770445557,1.0734574951267115,-0.06513486916272568,0.025862271237183227,-0.06520925036925354,0.09000117304571391,0.09000117304571391,0.0,0.14736402085654823,0.5100570145447041,-0.22846963062088887,-0.002692964156840847,-0.005240187920146203,-5.022184420461765,0,0.5126891243037968
41.537599999993795,-2.1522079917090955,0.5189552338195041,1.2912426442308174,0.002429064048084877,-0.014496753906661218,-0.011316385440516856,-2.3360532762067185,0.7339463714154366,1.2681953631703105,-0.027485405574035112,0.04288973789736819,-0.04012950000593639,-2.2927431135662046,0.6570732442164394,1.1707432275210186,-0.046753775195914934,0.03476752326283018,-0.052143928698950445,0.09000117304571391,0.09000117304571391,0.0,0.1473420781513284,0.5100847379486468,-0.2283898499981206,-0.0026929296612771382,-0.005233392248791621,-5.022128655728776,0,0.5127343951169996
41.54175999999379,-2.152197846045901,0.5188948985363521,1.2911955566990834,0.002434959166685291,-0.01448046795650858,-0.011301007616175552,-2.285452642870204,0.6498133978120169,1.031313637988137,-0.1008542227905709,0.04258280129423095,-0.0393500800719074,-2.289309992431194,0.6535326586691735,1.1009450499467457,-0.07265067174096995,0.03828159267592884,-0.04547849151814716,0.09000117304571391,0.09000117304571391,0.0,0.14732012335625644,0.5101124491329171,-0.2283101972761047,-0.002692896988398967,-0.005226607919814295,-5.022072899727888,0,0.5127796140224516
41.54591999999379,-2.152187675845577,0.5188346309957158,1.2911485331747137,0.0024408480777568676,-0.014464209752707177,-0.011285645848711294,-2.153510202939653,0.4647406385291811,1.4706838233861559,-0.13114467426896986,-0.17767290243835604,0.06065669590131684,-2.2216814577270316,0.5587661460798433,1.2859423894268782,-0.1021183878364376,-0.06986119559564236,0.007966328212794863,0.09000117304571391,0.09000117304571391,0.0,0.1472981564589797,0.5101401481563326,-0.22823067224558952,-0.0026928661397468186,-0.0052198349204212804,-5.02201715241441,0,0.5128247810979977
41.55007999999379,-2.1521774811339083,0.5187744310821041,1.2911015735907965,0.0024467308004508573,-0.014447979266823558,-0.011270300140144025,-2.2458545956958695,0.10397890986962027,1.43581995096477,-0.09547874335344816,-0.0035011546103405726,-9.953064609811296e-05,-2.233966211630613,0.33136071148285856,1.3608807295394878,-0.09907654855901639,-0.036035413500213845,0.004550541722854651,0.09000117304571391,0.09000117304571391,0.0,0.14727617744706606,0.5101678350773791,-0.22815127469815352,-0.0026928371168541913,-0.005213073237810457,-5.021961413743634,0,0.5128698964214344
41.55423999999379,-2.1521672619366004,0.5187142986801441,1.2910546778804115,0.002452607353892572,-0.014431776470414805,-0.011254970492404407,-2.4612051811215645,0.6326596697311387,1.0153541051169528,0.12489512273506988,-0.23572130133466795,-0.01114262955107339,-2.347327909746568,0.4815217302906439,1.1880931615985204,0.013088005769190142,-0.13573324973650847,-0.0039386085738452575,0.09000117304571391,0.09000117304571391,0.0,0.14725418630778989,0.5101955099544768,-0.22807200442492281,-0.002692809921247887,-0.00520632285917519,-5.021905683670839,0,0.5129149600705102
41.55839999999379,-2.152157018279279,0.5186542336745815,1.291007845976631,0.0024584777571865168,-0.014415601335007402,-0.011239656907340634,-2.2900581307576853,0.23423967610255886,1.3163478195442406,-0.0986390878076059,-0.14347426608166258,-0.024993607770611895,-2.318897021154426,0.3575805767223758,1.2521690715309137,-0.04313612860579204,-0.1396158487384263,-0.014305832488614806,0.09000117304571391,0.09000117304571391,0.0,0.14723218302855967,0.5102231728458745,-0.22799286121785478,-0.0026927845544478506,-0.0051995837717023164,-5.0218499621512915,0,0.5129599721229244
41.56255999999379,-2.1521467501874896,0.5185942359502811,1.2909610778125196,0.0024643420294172616,-0.014399453832097052,-0.011224359386721179,-2.4494530704478747,0.6002467516370583,1.2369345118435224,-0.01107952007934951,-0.07863682103610617,0.03706129591842176,-2.384199797825173,0.4787507374248309,1.2446298508763811,-0.026728388520419546,-0.10861934259246253,0.010855440204767083,0.09000117304571391,0.09000117304571391,0.0,0.14721016759649036,0.5102508238095417,-0.22791384486888433,-0.002692761017967237,-0.005192855962571042,-5.0217942491402425,0,0.5130049326563276
41.566719999993786,-2.1521364576866993,0.5185343053922262,1.2909143733211352,0.002470200189641554,-0.014383333933173228,-0.011209077932222969,-2.3563334509149643,0.21547052644629971,1.183656160533406,0.13316725043411595,0.09174523993827163,-0.12162333785772024,-2.369988824488055,0.34729949838930657,1.2138888326920136,0.05291065524648679,-0.00839280937462898,-0.055003616741355454,0.09000117304571391,0.09000117304571391,0.0,0.14718813999904495,0.5102784629033824,-0.22783495517078023,-0.002692739313312438,-0.00518613941895756,-5.02173854459293,0,0.5130498417483215
41.570879999993785,-2.1521261408022956,0.5184744418855192,1.290867732435529,0.002476052256898448,-0.014367241609689836,-0.01119381254544725,-2.0586288919811833,0.8674874051263985,1.7089155587959415,0.13047639132227778,0.0885802880806941,-0.035364800352194456,-2.21403476175949,0.6075822675235912,1.4613314927674834,0.09143340704038908,0.03963971209810752,-0.044892556381439325,0.09000117304571391,0.09000117304571391,0.0,0.1471661002236073,0.510306090185182,-0.22775619191607718,-0.0026927194419832396,-0.005179434128031139,-5.02168284846458,0,0.5130946994764582
41.575039999993784,-2.1521157995595863,0.5184146453153814,1.290821155088746,0.0024818982502073906,-0.014351176833071603,-0.011178563227914873,-1.8899017636878879,0.6014824100657965,1.405676347138633,-0.06874506457793503,-0.009865330744543651,0.13548150876935425,-2.0521095076860085,0.6045107005375396,1.4337840862809412,0.011607026875060707,0.015407726548245333,0.04588004778121193,0.09000117304571391,0.09000117304571391,0.0,0.1471440482570544,0.5103337057123932,-0.22767755489793176,-0.0026927014054729205,-0.005172740076953511,-5.021627160710404,0,0.5131395059182408
41.57919999999378,-2.1521054339838006,0.5183549155671533,1.290774641213825,0.0024877381885575573,-0.014335139574745083,-0.01116332998105424,-2.6307865980701757,0.48934255590964787,1.4750682940798145,0.19215895717358966,-0.3078292095797068,-0.11822447349994707,-2.3410533335718906,0.5462862017108536,1.454180630097211,0.10231210002746359,-0.1465050876778432,-0.03618791475822426,0.09000117304571391,0.09000117304571391,0.0,0.14712198408682509,0.5103613095425097,-0.22759904390969604,-0.0026926852052681586,-0.00516605725288511,-5.021571481285602,0,0.513184261151122
41.58335999999378,-2.1520950441000886,0.5182952525262946,1.290728190743799,0.0024935720909240885,-0.014319129806091131,-0.011148112806222651,-2.3591538824700717,0.3842040109222402,2.0014620005113266,0.0675185589116721,0.049153266841546674,-0.08613725538680292,-2.349962862741683,0.4653472896561811,1.7276453885299217,0.08470824710852494,-0.049207804113243096,-0.06087406729827683,0.09000117304571391,0.09000117304571391,0.0,0.1470999077000657,0.5103889017326924,-0.22752065874491825,-0.002692670842849181,-0.0051593856429781575,-5.021515810145362,0,0.5132289652525054
41.58751999999378,-2.152084629933521,0.5182356560783843,1.2906818036116963,0.002499399976258153,-0.014303147498476509,-0.01113291170469223,-2.1965558706157378,0.3155065007038891,0.9029176059161019,-0.10064707530500398,-0.052633310081627985,0.0004422620046667658,-2.2734677507168173,0.3903161167029477,1.3152776082411979,-0.00790249020527853,-0.050798101611729214,-0.03068246287580859,0.09000117304571391,0.09000117304571391,0.0,0.14707781908362957,0.5104164823400364,-0.22744239919777184,-0.0026926583196898645,-0.0051527252343798215,-5.0214601472448575,0,0.5132736182997437
41.59167999999378,-2.1520741915090897,0.5181761261091207,1.2906354797505395,0.00250522186348559,-0.014287192623255035,-0.011117726677651088,-2.304651329415496,0.8492319545679541,1.0365485466795343,0.14750056598322892,0.054639187226828714,0.161795342932522,-2.2887541710358965,0.6198909353586788,1.1762468252455502,0.07037073702131547,0.0018942992873970884,0.06594389903099361,0.09000117304571391,0.09000117304571391,0.0,0.14705571822493235,0.5104440514214641,-0.22736426506241497,-0.0026926476372576037,-0.005146076014234103,-5.021404492539251,0,0.5133182203701402
41.59583999999378,-2.1520637288517084,0.5181166625043218,1.290589219093347,0.0025110377715147902,-0.014271265151749696,-0.011102557726210606,-2.315782445955098,0.3599399630446961,1.0873866977677875,-0.05038678032105132,-0.006363780016382247,0.18726518218138882,-2.302374292694281,0.48989931603257875,1.1322056255305255,0.01047671208955277,-0.0017160188668935202,0.12660654124819345,0.09000117304571391,0.09000117304571391,0.0,0.1470336051106697,0.5104716090336181,-0.22728625613341877,-0.002692638797013646,-0.005139437969678886,-5.021348845983691,0,0.5133627715409464
41.59999999999378,-2.1520532419862115,0.5180572651499248,1.2905430215731328,0.0025168477192265,-0.014255365055278663,-0.011087404851394787,-2.163951600366707,0.7809773189739377,0.9453420684598455,0.10178204598976187,-0.010029723294635494,-0.06631684221698499,-2.232950667882945,0.6354184808500514,1.0386359846543036,0.05631282100952177,-0.005385762772367448,0.029492515978454797,0.09000117304571391,0.09000117304571391,0.0,0.14701147972809966,0.5104991552332352,-0.2272083722057687,-0.0026926318004129087,-0.0051328110878500425,-5.021293207533317,0,0.5134072718893647
41.604159999993776,-2.1520427309373553,0.5179979339319868,1.2904968871229072,0.0025226517254867504,-0.014239492305119051,-0.011072268054157177,-2.081058599371727,0.9537242491266587,1.7248760364178117,0.06950316812743831,-0.0974472646099092,0.0038322996108052978,-2.1568588512384377,0.7943710892616567,1.3817675264907294,0.06283264006358436,-0.05149929232583681,0.017268497305118067,0.09000117304571391,0.09000117304571391,0.0,0.14698934206418815,0.5105266900766655,-0.227130613074866,-0.0026926266489041353,-0.0051261953558757855,-5.021237577143254,0,0.5134517214925456
41.608319999993775,-2.1520321957298174,0.5179386687366845,1.2904508156756764,0.002528449809135474,-0.014223646872543856,-0.011057147335365457,-1.9246931126228484,0.7989317447145766,1.6114288346610894,0.04440985131564204,0.007672417044678335,0.015547900337311002,-2.0406829268818716,0.7966664989940938,1.4966323685977325,0.05407476080084602,-0.021480473964166302,0.016292047295687246,0.09000117304571391,0.09000117304571391,0.0,0.14696719210582246,0.5105542136201928,-0.22705297853588632,-0.0026926233439300536,-0.005119590760881584,-5.021181954768617,0,0.5134961204275887
41.612479999993774,-2.1520216363881968,0.5178794694503145,1.2904048071644438,0.0025342419889951093,-0.014207828728791515,-0.01104204269581337,-2.228681887679425,0.2833592214283696,1.0088020070653174,0.12207871818552292,-0.06742698509613544,-0.025549035414319486,-2.1344297218753185,0.5398688436663424,1.2526596817469553,0.08803356251090277,-0.04436495123394074,-0.004168420754186091,0.09000117304571391,0.09000117304571391,0.0,0.1469450298398113,0.5105817259198745,-0.22697546838506424,-0.0026926218869272427,-0.005112997289986288,-5.02112634036451,0,0.5135404687715425
41.61663999999377,-2.1520110529370142,0.5178203359592932,1.2903588615222097,0.002540028283859038,-0.014192037845106312,-0.01102695413620614,-2.6087982921191473,0.2067471166532282,1.3440938294811082,-0.09335645764342129,0.08125985737684999,0.06394355914947795,-2.3718115780222284,0.37347476253383155,1.2985117411754263,-0.0026147761669031476,0.01839361408852566,0.029236479186709054,0.09000117304571391,0.09000117304571391,0.0,0.14692285525309873,0.5106092270317011,-0.22689808241841147,-0.0026926222793263147,-0.005106414930308597,-5.021070733886022,0,0.5135847666014038
41.62079999999377,-2.152000445400712,0.517761268150157,1.2903129786819714,0.002545808712503643,-0.014176274192699116,-0.011011881657176406,-1.7992771685918783,0.211033319070076,1.260811528027849,-0.026982283042512486,-0.023689715465938822,0.0861997321728344,-2.0855960837701373,0.2922023900769967,1.2798406016379726,-0.01499199728731178,-0.00204905935026713,0.05774431607108448,0.09000117304571391,0.09000117304571391,0.0,0.14690066833233667,0.5106367170114903,-0.22682082043214458,-0.002692624522551916,-0.005099843668962076,-5.021015135288235,0,0.513629013994118
41.62495999999377,-2.151989813803655,0.5177022659095621,1.2902671585767245,0.0025515832936811524,-0.01416053774276909,-0.01099682525927446,-2.2207305956344054,0.27011961077292546,1.185334885297396,-0.03762157896591443,0.10655180262781513,-0.033713438186624034,-2.153242290271122,0.2813823730998283,1.2325162957563758,-0.02642402138916038,0.052291279334198255,0.012340297623222505,0.09000117304571391,0.09000117304571391,0.0,0.14687846906474034,0.510664195914886,-0.2267436822235423,-0.0026926286180226815,-0.005093283493057234,-5.020959544526217,0,0.5136732110265787
41.62911999999377,-2.1519791581701297,0.5176433291242851,1.2902214011394622,0.0025573520461281735,-0.01414482846648335,-0.010981784942981134,-2.6645041792311788,0.41285655075792616,1.722445013444046,-0.02716418854494969,-0.16717262303023017,-0.01979433218270081,-2.408930669222074,0.34677225855133587,1.477443044139792,-0.028065295073277634,-0.057229880732385954,-0.0037888665913030873,0.09000117304571391,0.09000117304571391,0.0,0.14685625743680578,0.5106916637973589,-0.22666666758923557,-0.002692634567151602,-0.00508673438969817,-5.020903961555027,0,0.5137173577756272
41.63327999999377,-2.1519684785243443,0.5175844576812225,1.290175706303176,0.0025631149885522943,-0.014129146335014092,-0.010966760708687533,-2.2271122382105473,0.24652900185923277,1.484835565731736,-0.04946927367717542,-0.18356947870033166,0.049657304343155004,-2.318124009944313,0.29626842535726966,1.4812422954555398,-0.038316884267617944,-0.12054343157586013,0.02309762867573472,0.09000117304571391,0.09000117304571391,0.0,0.1468340334351644,0.5107191207142594,-0.22658977632670466,-0.002692642371345905,-0.005080196345988784,-5.020848386329712,0,0.5137614543180531
41.63743999999377,-2.151957774890429,0.5175256514673913,1.2901300740008563,0.0025688721396456365,-0.01411349131949425,-0.010951752556717804,-2.21598823953741,0.061070769127644975,1.6823278516983646,-0.08394494488327946,-0.02047507666211351,-0.05107635252019837,-2.2672315822755054,0.1786247785537249,1.5816799747847854,-0.060373471095327855,-0.07023420753534583,-0.013855482178149378,0.09000117304571391,0.09000117304571391,0.0,0.14681179704658343,0.5107465667207111,-0.22651300823363935,-0.0026926520320068865,-0.005073669349026602,-5.020792818805309,0,0.513805500730593
41.641599999993765,-2.151947047292437,0.5174669103699285,1.2900845041654925,0.002574623518072604,-0.014097863391063352,-0.010936760487308581,-1.7941740324231679,0.42324336906857735,1.1805484459292892,-0.09813227456145017,0.07718876421984125,-0.03384623513323854,-2.0309030097374134,0.30109512771500757,1.3810415943609924,-0.07953880173847233,0.004048789650586173,-0.024133321716859012,0.09000117304571391,0.09000117304571391,0.0,0.1467895482577523,0.5107740018717702,-0.2264363631081538,-0.0026926635505302716,-0.005067153385909179,-5.020737258936844,0,0.5138494970899312
41.645759999993764,-2.1519362957543433,0.5174082342760917,1.2900389967300732,0.0025803691424794726,-0.014082262520833938,-0.010921784500624985,-2.3779758409879275,0.31598197071664413,0.8804293845523694,0.03974439757535018,-0.017224944771242177,-0.06267727482891447,-2.204359282343587,0.3085022568571626,1.1306026579985344,-0.019858898964410846,-0.006313049783425744,-0.04390217005136883,0.09000117304571391,0.09000117304571391,0.0,0.1467672870554968,0.5108014262223731,-0.22635984074857357,-0.00269267692830618,-0.00506064844373031,-5.020681706679333,0,0.5138934434726999
41.64991999999376,-2.1519255203000456,0.5173496230732588,1.2899935516275867,0.0025861090314927425,-0.014066688679900071,-0.010906824596756851,-2.461191901304708,0.6423038539556464,1.1309362191822652,0.015343444067395632,0.13948455165277918,-0.018615722269799375,-2.33274523224809,0.4756947109931148,1.1307317974115905,-0.0023767474920557805,0.06696301100316841,-0.031778256747629664,0.09000117304571391,0.09000117304571391,0.0,0.1467450134261374,0.5108288398271754,-0.2262834409534365,-0.0026926921667193176,-0.005054154509579861,-5.020626161987781,0,0.5139373399554774
41.65407999999376,-2.1519147209533633,0.5172910766489283,1.2899481687910213,0.002591843203714717,-0.014051141839346682,-0.010891880775714778,-2.2369398317603606,0.5404980492858619,0.9893419465857756,0.034919827335830454,0.0688695472950092,-0.029393482236887952,-2.2847682568586993,0.5082400688889707,1.0599752652286965,0.01580152720431935,0.06792162167553238,-0.030836149419870288,0.09000117304571391,0.09000117304571391,0.0,0.1467227273561305,0.5108562427407657,-0.2262071635217074,-0.002692709267148783,-0.005047671570545731,-5.020570624817186,0,0.5139811866147896
41.65823999999376,-2.1519038977380394,0.5172325948907189,1.2899028481533652,0.0025975716777257105,-0.014035621970244754,-0.010876953037433164,-2.1764780727669435,0.5213458972857394,1.2159452269458764,-0.059005232982931415,0.11226174438290583,-0.05690207037731143,-2.230745392990339,0.5150246565515515,1.1378423331185663,-0.021473601511051998,0.09101176712339436,-0.04355503392429943,0.09000117304571391,0.09000117304571391,0.0,0.14670042883228263,0.5108836350176117,-0.22613100825235108,-0.0026927282309681055,-0.005041199613713783,-5.020515095122531,0,0.5140249835271088
41.66239999999376,-2.151893050677739,0.5171741776863704,1.2898575896476079,0.0026032944720894837,-0.014020129043638278,-0.010862041381775234,-1.518301552611375,0.864028571675769,1.130672192917917,-0.054524314200517315,-0.02191474408174758,-0.0671301930774197,-1.874632056912402,0.689484204211148,1.1341185699776781,-0.037919696780229085,0.03420473737528548,-0.05581520099733663,0.09000117304571391,0.09000117304571391,0.0,0.14667811784110946,0.5109110167119543,-0.22605497494540322,-0.002692749059545505,-0.005034738626164984,-5.020459572858793,0,0.5140687307688542
41.66655999999376,-2.15188217979605,0.5171158249237431,1.2898123932067391,0.0026090116053461795,-0.014004663030565937,-0.010847145808527055,-2.0657419723214785,0.11191831418653397,1.5004302986582831,-0.022291504479278138,-0.05457548947887968,0.0178977189094658,-1.9702327462766918,0.40058395625380233,1.3173152252834923,-0.031054480285748354,-0.010301824705036242,-0.019444761812981652,0.09000117304571391,0.09000117304571391,0.0,0.14665579436862164,0.5109383878778597,-0.22597906340026028,-0.002692771754243987,-0.00502828859497855,-5.020404057980938,0,0.514112428416391
41.67071999999376,-2.1518712851164836,0.5170575364908178,1.28976725876375,0.002614723096006907,-0.01398922390207364,-0.010832266317388465,-2.2841523930865604,0.49206898069397514,1.282729224752098,-0.1104830588533526,0.17837688685115405,-0.08467731607125861,-2.1274241644040854,0.44669613754155646,1.2998466514628264,-0.07095769148666554,0.08498224214812873,-0.05243904037462767,0.09000117304571391,0.09000117304571391,0.0,0.14663345840182127,0.5109657485694342,-0.22590327341717678,-0.0026927963164211175,-0.0050218495072362175,-5.020348550443924,0,0.514156076546031
41.674879999993756,-2.151860366662473,0.5169993122756963,1.2897221862516335,0.0026204289625738984,-0.013973811629159344,-0.010817402908000415,-2.1122617580757153,0.18191799232033629,1.6728297981620455,-0.042869736868161534,-0.11800968805464598,-0.04814019104089446,-2.1199318305774915,0.3140616406000743,1.4862397823728168,-0.05700800950090967,-0.017407192127033046,-0.049846468205686965,0.09000117304571391,0.09000117304571391,0.0,0.14661110992656484,0.5109930988403959,-0.22582760479662536,-0.002692822747429406,-0.005015421350012654,-5.020293050202697,0,0.5141996752340319
41.679039999993755,-2.151849424457375,0.5169411521666012,1.2896771756033838,0.00262612922351948,-0.01395842618283098,-0.010802555579919378,-2.3745103892825705,0.5246861772286389,1.3656832157367673,0.052451107900688326,-0.03439893199527326,0.06070823923621592,-2.2471130450619476,0.41930435048002485,1.42608788378899,-0.0026458430638758483,-0.026150327588940554,0.00496367040389936,0.09000117304571391,0.09000117304571391,0.0,0.1465887489294865,0.5110204387445024,-0.22575205733929754,-0.00269285104861599,-0.005009004110382972,-5.020237557212195,0,0.5142432245565972
41.683199999993754,-2.1518384585244696,0.5168830560518759,1.2896322267519977,0.002631823897298786,-0.013943067534074406,-0.010787724332631563,-2.2447571714543915,0.07406697185275263,1.717649182233063,-0.12839805465440143,0.005326599091949092,0.011372954199064807,-2.24620235341405,0.24669455600286755,1.5718937391642442,-0.0654189725662522,-0.0105251727582012,0.008403251272908521,0.09000117304571391,0.09000117304571391,0.0,0.14656637539693,0.5110477683352839,-0.22567663084631848,-0.0026928812213229667,-0.005002597775419603,-5.020182071427348,0,0.5142867245898766
41.68735999999375,-2.15182746888696,0.5168250238199849,1.2895873396304747,0.002637513002346272,-0.013927735653862188,-0.01077290916555012,-1.6547891108680837,0.34373304563514007,1.5596355241603512,-0.06723281180566534,0.11271109267475854,0.102281695312019,-1.9506317477334834,0.2954491797424219,1.5659778630234844,-0.06617589568703645,0.05095808187985978,0.05506037436234629,0.09000117304571391,0.09000117304571391,0.0,0.14654398931494833,0.5110750876660957,-0.22560132511924832,-0.002692913266887419,-0.004996202332192626,-5.0201265928030745,0,0.5143301754099646
41.69151999999375,-2.151816455567972,0.5167670553595133,1.2895425141718162,0.002643196557071444,-0.013912430513165423,-0.010758110078010872,-1.7307435724999642,0.6652662082221191,1.3701165050353865,-0.006092788025444628,0.016454045422318556,-0.11494097412772461,-1.840699354258367,0.4803945712802058,1.4678068275147873,-0.03586892511227917,0.03367674170465507,-0.029971688381047495,0.09000117304571391,0.09000117304571391,0.0,0.14652159066994513,0.5111023967902796,-0.22552613995922696,-0.002692947186641331,-0.004989817767772433,-5.020071121294287,0,0.5143735770929021
41.69567999999375,-2.151805418590556,0.5167091505591678,1.2894977503090275,0.002648874579865782,-0.013897152082935448,-0.010743327069277773,-2.3439002966212623,0.028921814338395635,1.1263596348122376,-0.02572277551210715,-0.1350108517828904,-0.11391274530834083,-2.0923578200377415,0.25437628811727875,1.296843720411493,-0.030329687176951645,-0.05165309637640159,-0.07184727227644497,0.09000117304571391,0.09000117304571391,0.0,0.14649917944824764,0.5111296957607888,-0.22545107516868584,-0.0026929829819117494,-0.004983444069227166,-5.020015656855888,0,0.5144169297146742
41.69983999999375,-2.1517943579776846,0.5166513093077756,1.289453047975117,0.0026545470890992334,-0.013881900334116591,-0.010728560138542176,-1.9139984414489306,0.8335152694850099,1.1859265231502438,0.08494080400623177,0.025113618613178137,0.029127099288115535,-2.0030011351648658,0.5440024417664187,1.2414456902345514,0.027743864973871053,-0.013454894367776454,-0.021732502063474518,0.09000117304571391,0.09000117304571391,0.0,0.14647675563567886,0.5111569846307762,-0.22537613054985298,-0.002693020654020972,-0.004977081223624072,-5.01996019944277,0,0.5144602333512122
41.70399999999375,-2.151783273752255,0.5165935314942854,1.2894084071030965,0.0026602141031199,-0.01386667523763975,-0.010713809284923442,-2.023657195064357,0.4437726993594669,1.622795051119229,0.13752283696955905,-0.20251661471924287,0.13441723761560728,-2.0130435929722847,0.49346605852688985,1.432402555730055,0.08278347098737136,-0.10817463859071326,0.056364772183272384,0.09000117304571391,0.09000117304571391,0.0,0.14645431921884022,0.5111842634528998,-0.2253013059049664,-0.00269306020428619,-0.00497072921802897,-5.01990474900982,0,0.5145034880783914
41.70815999999375,-2.1517721659370874,0.5165358170077671,1.289363827625982,0.0026658756402585804,-0.013851476764420154,-0.010699074507469845,-2.4872354615275407,0.848604650388121,0.48940838754996796,-0.06003339465483358,-0.10945532922711249,0.050919988676148116,-2.2502667647035253,0.6708098474568139,0.9610050963336284,0.010928145611721257,-0.1086571009381386,0.05349309789115346,0.09000117304571391,0.09000117304571391,0.0,0.14643187018340195,0.5112115322799097,-0.22522660103713066,-0.0026931016340200325,-0.004964388039505294,-5.019849305511913,0,0.5145466939720323
41.712319999993746,-2.1517610345549256,0.5164781657374113,1.2893193094767939,0.0026715317188180446,-0.013836304885381278,-0.010684355805150167,-2.068319721906942,0.24133171944584286,1.1524792091889213,-0.04030376824023659,-0.08280447524320673,0.1893119823197257,-2.1593754072154625,0.4558965467130098,1.057137905624005,-0.01487378220068022,-0.09621300443327668,0.12108149079067083,0.09000117304571391,0.09000117304571391,0.0,0.1464094085155988,0.5112387911643818,-0.2251520157494632,-0.0026931449445302463,-0.00495805767511881,-5.019793868903919,0,0.5145898511079001
41.716479999993744,-2.151749879628438,0.5164205775725305,1.289274852588557,0.0026771823570858042,-0.013821159571419842,-0.010669653176868753,-1.9085464203191136,0.3574790804032356,1.438860025755503,0.0040977107058947455,0.006825189414936587,0.015182068430762322,-2.033949858482588,0.4067022252365559,1.2480315702908618,-0.005762857257948976,-0.04513525404091064,0.06892941583929815,0.09000117304571391,0.09000117304571391,0.0,0.14638693420158966,0.5112660401586638,-0.22507754984552228,-0.002693190137119846,-0.004951738111932533,-5.019738439140699,0,0.5146329595617045
41.72063999999374,-2.1517387011802156,0.5163630524025579,1.289230456894301,0.002682827573327288,-0.01380604079342963,-0.010654966621456017,-1.6310840915923137,0.3715750474805632,1.7421945199092277,0.015816233389368342,-0.15640681994721928,0.029681463581854094,-1.8324810023160416,0.3888133125692961,1.4951790669147793,0.004902035536622475,-0.10088107043331043,0.04891013702922811,0.09000117304571391,0.09000117304571391,0.0,0.1463644472272434,0.5112932793150355,-0.2250032031290944,-0.0026932372130873262,-0.004945429337009142,-5.019683016177105,0,0.5146760194090992
41.72479999999374,-2.151727499232775,0.5163055901170484,1.2891861223270606,0.0026884673857880564,-0.01379094852229025,-0.01064029613767345,-2.4031661954742445,0.006904850582936328,1.842791390421909,-0.03838473435809946,0.133834717027546,-0.016795143188974015,-2.1179075328115498,0.19813534071775457,1.6689534928816063,-0.016689810772996763,0.01619290721075433,0.015693759912820286,0.09000117304571391,0.09000117304571391,0.0,0.14634194757856658,0.5113205086856022,-0.22492897540398063,-0.0026932861737265093,-0.0049391313374099015,-5.019627599967981,0,0.5147190307256824
41.72895999999374,-2.1517162738085553,0.5162481906056781,1.2891418488198765,0.0026941018126908213,-0.01377588272888075,-0.010625641724206865,-2.162851765294615,0.6803011051404834,0.5736911810726869,-0.000806104601540826,-0.060864503431626915,0.061376187993639364,-2.140381714158082,0.4390954110177106,1.121442974907409,-0.008713423738179705,-0.0225282681022454,0.03822367573711616,0.09000117304571391,0.09000117304571391,0.0,0.14631943524148974,0.5113477283223474,-0.2248548664748535,-0.002693337020326722,-0.0049328441001969025,-5.019572190468165,0,0.5147619935869961
41.73311999999374,-2.151705024929921,0.5161908537582445,1.2890976363057944,0.0026997308722376393,-0.013760843384071627,-0.01061100337967278,-2.152300012527727,0.29742036774787983,1.3574425397974654,0.04043895059326551,0.01999931778048165,0.01606643776204327,-2.1462565559484807,0.3682969049032826,1.2394786227726404,0.01572548733145601,-0.0005021315942781212,0.026763586776478922,0.09000117304571391,0.09000117304571391,0.0,0.14629691020186752,0.5113749382771338,-0.2247808761461886,-0.0026933897541728154,-0.004926567612432531,-5.019516787632486,0,0.5148049080685264
41.73727999999374,-2.15169375261916,0.5161335794646664,1.289053484717867,0.002705354582610596,-0.01374583045872254,-0.010596381102617744,-2.108792180201272,0.42282520947674035,1.0332798627777102,0.017706196681705175,-0.04569857266428176,-0.0443052277655247,-2.1274863828691397,0.39546714012108164,1.1362855462513224,0.016285521689779717,-0.02345956469783801,-0.008718156890799208,0.09000117304571391,0.09000117304571391,0.0,0.14627437244569258,0.5114021386017022,-0.2247070042233349,-0.002693444376545164,-0.004920301861178714,-5.019461391415765,0,0.5148477742457033
41.74143999999374,-2.1516824568984854,0.5160763676149844,1.2890093939891523,0.0027109729619734196,-0.01373084392367938,-0.010581774891522467,-2.8054856844316243,1.0397483010477049,1.2400429740990995,-0.04716245299340927,0.03468714167614065,-0.06017245464665734,-2.466588480130205,0.7176834739004262,1.1880395549207463,-0.015624019205802473,0.006044397347030868,-0.03431009946813819,0.09000117304571391,0.09000117304571391,0.0,0.14625182195866812,0.5114293293475122,-0.22463325051101815,-0.0026935008887197954,-0.00491404683349589,-5.0194060017728175,0,0.5148905921938997
41.745599999993736,-2.1516711377900335,0.5160192180993604,1.2889653640527157,0.002716586028467027,-0.01371588374978708,-0.010567184744792936,-2.866548096094661,0.3708299505284205,1.2960966437212416,-0.09008375293402468,0.013609198094204833,-0.032086828037459866,-2.6667587852130357,0.5442839985946168,1.2420025678182198,-0.0526919813217143,0.009149896904582618,-0.03341596260370714,0.09000117304571391,0.09000117304571391,0.0,0.1462292587266353,0.5114565105660616,-0.22455961481526643,-0.002693559291968378,-0.0049078025164452106,-5.01935061865845,0,0.5149333619884325
41.749759999993735,-2.151659795315866,0.5159621308080775,1.2889213948416292,0.002722193800208668,-0.013700949907895051,-0.01055261066076228,-2.1249477381073643,0.09509912190397113,0.86572342325995,0.01893732523005984,0.0929938536140521,-0.026954675231218445,-2.3958125024619465,0.31988076658797665,1.0538039566730428,-0.015717706784976186,0.051583412651691925,-0.03002180620396689,0.09000117304571391,0.09000117304571391,0.0,0.1462066827353599,0.5114836823086737,-0.22448609694170085,-0.0026936195875583765,-0.004901568897090717,-5.019295242027463,0,0.5149760837045619
41.753919999993734,-2.151648429497969,0.5159051056315408,1.288877486288972,0.002727796295301627,-0.013686042368823413,-0.010538052637703452,-1.6003118109851915,0.4846125973551573,1.6946902700316873,-0.05551504878469479,-0.06631171266220315,0.0818629848466297,-1.9981717740181966,0.4021092704340397,1.3744226527683017,-0.03575129566366367,-0.007049920844131665,0.02553731999092108,0.09000117304571391,0.09000117304571391,0.0,0.14618409397053206,0.5115108446264968,-0.224412696696605,-0.0026936817767529327,-0.004895345962493414,-5.019239871834648,0,0.5150187574174911
41.75807999999373,-2.151637040358253,0.5158481424602767,1.2888336383278312,0.0027333935318236795,-0.013671161103403145,-0.01052351067381326,-1.8266831020287424,0.7484404796531778,0.9507901874117899,0.005367714939793756,0.02340741601631312,0.011648780780311228,-1.912414454817477,0.575326621244554,1.1626278564535637,-0.015491831855310917,0.00787098157697315,0.018511426946668106,0.09000117304571391,0.09000117304571391,0.0,0.1461614924179805,0.5115379975705575,-0.22433941388649853,-0.002693745860811036,-0.004889133699716651,-5.019184508034791,0,0.5150613832023665
41.76223999999373,-2.1516256279185537,0.5157912411849331,1.2887898508913012,0.0027389855278360633,-0.013656306082447797,-0.010508984767225192,-2.493817820933663,0.5331636911256101,1.9315261042790317,-0.027493731482217017,-0.10710649550869232,0.012937804214965258,-2.2031758739181377,0.5540224779567494,1.547110159791557,-0.022222156096043808,-0.04980042600552208,0.015297597075039299,0.09000117304571391,0.09000117304571391,0.0,0.14613887806303089,0.511565141191761,-0.22426624831813807,-0.0026938118409876024,-0.004882932095822882,-5.019129150582672,0,0.515103961134277
41.76639999999373,-2.1516141922006313,0.5157344016962798,1.2887461239124844,0.002744572301373272,-0.013641477276782783,-0.010494474915996442,-1.931104979901945,0.420860666234681,0.9010957314402734,0.05640366546127472,0.06544125312909199,0.09437145523909538,-2.0670208723357733,0.48757708092266644,1.224293508634186,0.01692571044797674,0.00765690001988131,0.055409541027215445,0.09000117304571391,0.09000117304571391,0.0,0.14611625089178887,0.5115922755408909,-0.2241931997983034,-0.0026938797185333363,-0.004876741137878241,-5.0190737994330625,0,0.515146491288255
41.77055999999373,-2.151602733226171,0.5156776238852081,1.2887024573244923,0.002750153870459191,-0.013626674657201302,-0.010479981118126916,-1.98926216331914,0.20091642012528194,1.2384597900421073,0.13850759770792592,-0.2197931593343096,-0.17884294902402983,-2.0278526978036857,0.34378801941462217,1.2310049885617027,0.07762033404911078,-0.10626426262329887,-0.06181145229373858,0.09000117304571391,0.09000117304571391,0.0,0.14609361088943004,0.5116194006685023,-0.2241202681348686,-0.002693949494695074,-0.004870560812945454,-5.019018454540729,0,0.5151889737392745
41.77471999999373,-2.151591251016783,0.5156209076427309,1.2886588510604442,0.002755730253088685,-0.013611898194516218,-0.010465503371539914,-2.185903004455054,0.301846982084357,1.4298610626542025,0.11694980047464083,-0.21921830248472657,-0.07565269983689776,-2.1066351513160284,0.3223626814438982,1.3302770965241213,0.09701636489370169,-0.1634273568627468,-0.0687479412729027,0.09000117304571391,0.09000117304571391,0.0,0.14607095804190987,0.5116465166251353,-0.22404745313509183,-0.002694021170715572,-0.004864391108091299,-5.018963115860428,0,0.5152314085622529
41.77887999999373,-2.151579745594003,0.515564252859983,1.2886153050534688,0.002761301467242292,-0.013597147859520984,-0.01045104167409604,-2.338603910055263,0.6482733424358188,1.5311111408418367,-0.1619429226821659,-0.03215784732842178,-0.04664940226191333,-2.2229574645202224,0.48525399839898625,1.4306007880230907,-0.032699594201492155,-0.0980862782164681,-0.05880284115949054,0.09000117304571391,0.09000117304571391,0.0,0.14604829233425384,0.511673623461155,-0.22397475460711255,-0.0026940947478338454,-0.004858232010381992,-5.018907783346915,0,0.5152737958320494
41.783039999993726,-2.151568216979291,0.5155076594282204,1.288571819236704,0.0027668675308748104,-0.013582423623016747,-0.010436596023583981,-2.5990670543615684,0.3739846134862141,1.8057447033832346,0.2527588230355137,-0.15572294309814086,-0.06858147232142309,-2.4104893061812547,0.42929479673909826,1.6180327651803847,0.11008150816272509,-0.12698198738500338,-0.0637116679300016,0.09000117304571391,0.09000117304571391,0.0,0.14602561375248133,0.5117007212268584,-0.22390217235931176,-0.00269417022728479,-0.004852083506886741,-5.018852456954934,0,0.5153161356234657
41.787199999993724,-2.151556665194033,0.5154511272388212,1.2885283935432967,0.002772428461926657,-0.013567725455788287,-0.01042216641773137,-2.356389493945129,0.9482184199359274,0.8542128282792683,0.03658175495018933,0.02377022406916649,0.09480308648279367,-2.3833632627257355,0.6888093443568789,1.236315007561606,0.07349511250808907,-0.05145371900709554,0.015358621909721988,0.09000117304571391,0.09000117304571391,0.0,0.14600292228146816,0.5117278099723138,-0.2238297061998842,-0.0026942476102997078,-0.004845945584674252,-5.018797136639225,0,0.5153584280112454
41.79135999999372,-2.15154509025954,0.5153946561832853,1.2884850279064042,0.0027779842783125456,-0.01355305332862785,-0.010407752854192707,-2.485267485957624,0.9201597676730497,1.0639986486426716,-0.05138740131247422,0.04277245311073801,0.045223358166427086,-2.434422568651843,0.8045762774529798,1.1502501742995555,0.010868039523872275,-0.004893427270786925,0.030054088781211952,0.09000117304571391,0.09000117304571391,0.0,0.14598021790708401,0.5117548897474681,-0.2237573559379087,-0.002694326898105847,-0.004839818230816197,-5.0187418223545235,0,0.5154006730700742
41.79551999999372,-2.1515334921970486,0.515338246153234,1.2884417222591935,0.0027835349979321382,-0.013538407212313579,-0.01039335533056184,-1.5743250904903614,1.1075410227877727,0.8545888182850314,-0.08684011676081768,-0.0026733933596796294,0.059134007626828265,-2.0045494443140743,0.9560565068384558,1.0025398384445772,-0.03749493455404553,-0.004407346117077754,0.044873946558703234,0.09000117304571391,0.09000117304571391,0.0,0.14595750061469692,0.5117819606021995,-0.22368512138270813,-0.002694408091926894,-0.004833701432384206,-5.018686514055555,0,0.5154428708745795
41.79967999999372,-2.151521871027721,0.5152818970404105,1.288398476534842,0.0027890806386627683,-0.01352378707762843,-0.010378973844363624,-2.596432070478111,0.9015758125724747,0.944905635105298,-0.13220661775210676,0.0694357312200523,-0.024536163928360326,-2.3007699674953037,0.9289605444225438,0.9736714959023434,-0.08480505016297629,0.03234519142779288,0.01007864220883114,0.09000117304571391,0.09000117304571391,0.0,0.14593477038938638,0.5118090225862645,-0.2236130023434219,-0.002694491192982978,-0.004827595176452398,-5.018631211697043,0,0.5154850214993307
41.80383999999372,-2.1515102267726443,0.5152256087366799,1.2883552906665376,0.002794621218361514,-0.01350919289534945,-0.01036460839305709,-2.6687055880848627,0.35574511632861444,1.6663071591006848,-0.06653557069853677,-0.015462385849236569,-0.015871640120615593,-2.484880082727298,0.6423166113509601,1.3199612627798059,-0.07502799271534012,0.008466890710615025,-0.0029434602679324962,0.09000117304571391,0.09000117304571391,0.0,0.14591202721658472,0.5118360757491911,-0.22354099863007607,-0.00269457620249041,-0.004821499450096484,-5.018575915233702,0,0.5155271250188384
41.80799999999372,-2.151498559452832,0.5151693811340289,1.288312164587479,0.0028001567548660137,-0.013494624636251503,-0.010350258974036852,-2.04778252082478,0.5293568872787572,1.2720955291982692,-0.182890466031072,-0.1037429416608282,-0.1498682341841858,-2.2667099952504586,0.5856198876612221,1.2957176816021523,-0.12830549829020269,-0.0474919211706277,-0.07704178581060682,0.09000117304571391,0.09000117304571391,0.0,0.14588927108165012,0.5118631201404925,-0.22346911005230097,-0.002694663121661937,-0.004815414240393974,-5.018520624620243,0,0.5155691815075547
41.81215999999372,-2.151486869089224,0.5151132141245659,1.2882690982308764,0.0028056872659944195,-0.013480082271106999,-0.010335925584630553,-2.458709512699991,0.7069422198694191,1.2257492595995176,-0.049415321468915537,-0.04376383011612094,-0.009906595106365823,-2.3628139034473246,0.6461914243207598,1.2607124525650153,-0.08885414500313293,-0.04589214052222725,-0.0435155093747748,0.09000117304571391,0.09000117304571391,0.0,0.14586650196986659,0.51189015580956,-0.2233973364208291,-0.0026947519517068396,-0.00480933953442423,-5.01846533981137,0,0.5156111910398734
41.816319999993716,-2.151475155702684,0.5150571076005214,1.288226091529951,0.002811212769546495,-0.013465565770681892,-0.01032160822210441,-1.9728531439402142,0.7532198869941764,1.168808891515676,0.021099213537577422,0.08229193577037103,0.033197233147414434,-2.1677847651705693,0.6998770107401854,1.2148300869898485,-0.03491543082350403,0.01846032857882284,-0.005649098947229914,0.09000117304571391,0.09000117304571391,0.0,0.14584371986623004,0.5119171828055028,-0.22332567754621346,-0.0026948426938309443,-0.004803275319267667,-5.018410060761782,0,0.5156531536901292
41.820479999993715,-2.1514634193140036,0.5150010614542474,1.288183144417936,0.0028167332832966675,-0.013451075105757165,-0.010307306883652365,-2.4377551367254235,0.548845920067956,1.235836057842841,-0.05067853332066316,0.05988104447986093,0.03514763531555848,-2.30287612918435,0.6244859071782122,1.2254076953370656,-0.04333487281677332,0.03871230653161966,0.014087971091446883,0.09000117304571391,0.09000117304571391,0.0,0.14582092475608965,0.5119442011774685,-0.2232541332392552,-0.0026949353492365974,-0.00479722158200987,-5.018354787426171,0,0.5156950695325979
41.824639999993714,-2.1514516599438993,0.5149450755782179,1.2881402568280758,0.00282224882500654,-0.013436610247090652,-0.010293021566412975,-2.238176421285178,0.7248478449432104,2.098578189236177,0.009156907591705116,-0.006692935564577639,0.06940477001050094,-2.270507221009409,0.6746529093858133,1.6621433109611832,-0.01687855585534958,0.016372182918855935,0.041791503712412234,0.09000117304571391,0.09000117304571391,0.0,0.14579811662450692,0.5119712109744299,-0.22318270331100415,-0.0026950299191227387,-0.004791178309735608,-5.018299519759227,0,0.5157369386414963
41.82879999999371,-2.151439877613014,0.5148891498650285,1.288097428693628,0.002827759412412708,-0.013422171165456768,-0.010278752267452066,-2.041900490003227,0.2006337282572801,1.4975980018594008,0.16321225550747126,-0.07882086948131724,-0.15626465590736507,-2.1558631323990087,0.4374762400729911,1.5795449168816522,0.07332520828773097,-0.03130639330682244,-0.057434418032669514,0.09000117304571391,0.09000117304571391,0.0,0.14577529545668322,0.5119982122452373,-0.22311138757340232,-0.002695126404684998,-0.004785145489534162,-5.01824425771563,0,0.515778761090982
41.83295999999371,-2.1514280723419175,0.5148332842073968,1.2880546599478622,0.0028332650632363395,-0.013407757831615874,-0.010264498983779236,-1.7845495465527739,0.095977438030593,0.9970774910226687,0.061847438227846906,0.07986657939050752,-0.04563219224580271,-1.9700754961427647,0.26689070831637907,1.2882118461273926,0.06777737309248354,0.024206268821950195,-0.051356926860885006,0.09000117304571391,0.09000117304571391,0.0,0.14575246123774607,0.51202520503862,-0.22304018583800125,-0.0026952248071157297,-0.00477912310849556,-5.01818900125006,0,0.5158205369551538
41.83711999999371,-2.1514162441511044,0.5147774784981621,1.2880119505240608,0.002838765795177482,-0.013393370216334044,-0.010250261712336605,-1.9999329109751842,0.1295511806257728,1.7459550635575258,0.10618434823762032,0.02790257368488798,-0.09072359355390255,-1.9847834221291367,0.1982795702885693,1.516897427695371,0.08691589250631028,0.02530873855516928,-0.07078397176634392,0.09000117304571391,0.09000117304571391,0.0,0.14572961395253542,0.5120521894031316,-0.2229690979170316,-0.0026953251276041305,-0.004773111153712817,-5.018133750317189,0,0.5158622663080507
41.84127999999371,-2.1514043930609965,0.5147217326302855,1.287969300355519,0.0028442616259163546,-0.0133790082903756,-0.010236040450004237,-1.9701445403927598,0.16324902622620469,1.312956418111637,-0.1486462521579365,0.010189416115657535,-0.07479589217399207,-1.9777730156900157,0.18078665803546184,1.4147709458962339,-0.030870788352440566,0.017071479791779125,-0.07328173817337956,0.09000117304571391,0.09000117304571391,0.0,0.145706753586031,0.5120791653873106,-0.22289812362254854,-0.002695427367336087,-0.00476710961228154,-5.018078504871682,0,0.5159039492236519
41.84543999999371,-2.151392519091942,0.5146660464968501,1.2879267093755458,0.0028497525731130467,-0.013364672024506488,-0.01022183519359691,-2.2353990491285396,0.5983085532438264,1.2400085760247614,-0.03593305308478106,0.06431886144008767,-1.2482027318638095e-05,-2.106662066979559,0.3896837923964044,1.3273889738791542,-0.03364579913048779,0.04094035866066514,-0.03687383890888766,0.09000117304571391,0.09000117304571391,0.0,0.1456838801233527,0.5121061330394137,-0.22282726276771608,-0.002695531527494249,-0.004761118471300404,-5.018023264868203,0,0.5159455857758775
41.84959999999371,-2.1513806222642153,0.5146104199910605,1.287884177517463,0.0028552386544059977,-0.01335036138950363,-0.010207645939864028,-2.077497233456194,0.8284172976523847,1.608365246318283,-0.023781273235477945,-0.10023715127093154,0.017089869332995253,-2.0921300692862257,0.6088451317730356,1.467915266419073,-0.028156976396318197,-0.029642763598099253,-0.010204982859754592,0.09000117304571391,0.09000117304571391,0.0,0.14566099354954723,0.5121330924077894,-0.22275651516509695,-0.002695637609258332,-0.004755137717873258,-5.017968030261409,0,0.5159871760385879
41.853759999993706,-2.1513687025980177,0.5145548530062434,1.2878417047146067,0.002860719887421787,-0.013336076356119528,-0.010193472685501614,-2.0220994542630675,0.2829997255591895,1.6376426381026872,-0.0021820516197401285,-0.12891770904000763,0.02713125410265861,-2.0571184992787606,0.44565309714803486,1.552836776113921,-0.015320746172190145,-0.07979975771629866,0.008362670356314996,0.09000117304571391,0.09000117304571391,0.0,0.14563809384916004,0.5121600435404506,-0.22268588062814992,-0.002695745613805006,-0.004749167339102838,-5.017912801005952,0,0.5160287200855833
41.857919999993705,-2.151356760113477,0.514499345435847,1.2877992909003269,0.0028661962897594947,-0.013321816895131297,-0.01017931542713387,-1.4382979407817413,0.614461282228078,1.0989595106954801,0.010734678935521762,-0.06799728804711902,0.2083215947813546,-1.7476806624787073,0.5299169951865809,1.3263291170894114,-0.0027272351373493217,-0.07392651532631551,0.10792214868228452,0.09000117304571391,0.09000117304571391,0.0,0.14561518100730433,0.5121869864855025,-0.22261535897037574,-0.0026958555423078007,-0.004743207322097919,-5.017857577056479,0,0.5160702179906044
41.8620799999937,-2.151344794830648,0.5144438971734415,1.287756936007988,0.0028716678790056227,-0.013307582977297314,-0.010165174161331343,-2.6786664841749617,0.13196017461049908,0.9662866176427211,0.1640310706403512,-0.06512248296210761,0.14262341138765755,-2.2128380632222764,0.3307998491400333,1.1466013047831543,0.08023502902342584,-0.06928551301713534,0.12560509468359954,0.09000117304571391,0.09000117304571391,0.0,0.14559225500902043,0.5122139212907143,-0.22254495000574542,-0.0026959673959373,-0.0047372576539677184,-5.017802358367635,0,0.5161116698273315
41.8662399999937,-2.1513328067695117,0.5143885081127191,1.2877146399709687,0.002877134672724197,-0.01329337457339215,-0.010151048884596982,-1.7480742732888659,0.7930419391513812,0.8393148375207597,-0.010658266159653393,0.07210717098158258,-0.058271869293755336,-1.980477057368298,0.5620735865886843,0.9928347942398238,0.035742605272502066,0.0016532141656871373,0.033641300462438926,0.09000117304571391,0.09000117304571391,0.0,0.145569315838634,0.5122408480038405,-0.22247465354827328,-0.002696081175861441,-0.004731318321826362,-5.017747144894057,0,0.5161530756693848
41.8703999999937,-2.1513207959499763,0.5143331781474932,1.287672402722663,0.002882596688455981,-0.013279191654199586,-0.010136939593368397,-2.1910418193922974,0.8916369137750808,1.4088069260078055,0.0452757417056234,0.006881417420467127,-0.09234938320779983,-2.085667045038462,0.7268727584202601,1.2006328920024836,0.0406554395580122,0.0038395284462180573,-0.02992545959675611,0.09000117304571391,0.09000117304571391,0.0,0.14554636348103842,0.5122677666726205,-0.2224044694124453,-0.0026961968832450956,-0.004725389312793831,-5.017691936590379,0,0.5161944355903245
41.8745599999937,-2.1513087623918774,0.5142779071716995,1.2876302241964794,0.0028880539437287737,-0.013265034190485605,-0.010122846284030769,-2.6619638229090876,0.464910719717787,1.1821741566653898,0.08468444329303366,-0.08712701021963294,0.11039751191654837,-2.373644006187104,0.5957085875879182,1.191631904077162,0.06299445961064105,-0.04159139391031673,0.0407630379028636,0.09000117304571391,0.09000117304571391,0.0,0.14552339792126812,0.512294677344512,-0.22233439741300623,-0.0026963145192501984,-0.004719470613990655,-5.017636733411231,0,0.5162357496636503
41.8787199999937,-2.151296706114977,0.5142226950793953,1.2875881043258424,0.0028935064560524663,-0.013250902153019151,-0.010108768952908197,-1.8173031384891138,0.11216004973931126,0.8475146033798776,0.08269255446450212,-0.09211000971739348,-0.206070201454489,-2.0952973524197938,0.3537410014952105,1.0191416468365126,0.07268413536448576,-0.06764209863378234,-0.08235942251290679,0.09000117304571391,0.09000117304571391,0.0,0.14550041914364337,0.5123215800668504,-0.22226443736496032,-0.002696434085036111,-0.004713562212539531,-5.017581535311238,0,0.5162770179628012
41.8828799999937,-2.1512846271389647,0.5141675417647595,1.2875460430441914,0.0028989542429117363,-0.01323679551258818,-0.01009470759625688,-2.356752460585551,0.6435389587494076,1.3720934014265762,0.05702162808717949,-0.09431282903098627,-0.08844423070790525,-2.225907418190988,0.49844472635872605,1.1954363589869246,0.0645103190167188,-0.08044025717941633,-0.0855584333802721,0.09000117304571391,0.09000117304571391,0.0,0.1454774271330525,0.5123484748870635,-0.22219458908357198,-0.0026965555817593766,-0.004707664095569617,-5.017526342245021,0,0.5163182405611559
41.887039999993696,-2.1512725254834573,0.514112447122093,1.287504040284982,0.0029043973217767623,-0.013222714239970845,-0.010080662210277716,-2.675336794585652,0.32330042784944807,1.7179710704690465,-0.11428591474492973,-0.008213020081495485,0.009939512070401849,-2.4508636475833563,0.4108544629747766,1.4567286010547926,-0.024547010194082,-0.04442467914119021,-0.038082918009014616,0.09000117304571391,0.09000117304571391,0.0,0.14545442187409754,0.5123753618521901,-0.22212485238436633,-0.002696679010573899,-0.004701776250212548,-5.017471154167197,0,0.5163594175320324
41.891199999993695,-2.1512604011679985,0.5140574110458183,1.2874620959816858,0.0029098357100977856,-0.013208658305952168,-0.010066632791109706,-1.667593581970971,0.8642220079577498,1.572514799983806,0.06596412536879877,0.13531851608760345,-0.11216490064884631,-2.0590868834999356,0.6378205076690232,1.5143883499981223,0.02116105430206383,0.04656961840159222,-0.07470516518688715,0.09000117304571391,0.09000117304571391,0.0,0.14543140335130772,0.5124022410093608,-0.2220552270833442,-0.0026968043726310026,-0.004695898663603951,-5.017415971032378,0,0.516400548948688
41.895359999993694,-2.1512482542120597,0.5140024334304795,1.2874202100677907,0.002915269425305115,-0.013194627681323193,-0.010052619334831078,-2.639114332811756,0.5813900645328531,0.7814129742452242,0.04651658822223357,-0.000549990478177555,-0.0180761521891554,-2.3490072224854766,0.6096049285514643,1.1478591129432012,0.033504817394087644,0.022444822593447274,-0.04696055368130715,0.09000117304571391,0.09000117304571391,0.0,0.14540837154913935,0.512429112405478,-0.221985712996555,-0.0026969316690794026,-0.004690031322884031,-5.017360792795173,0,0.5164416348843188
41.89951999999369,-2.15123608463504,0.5139475141707425,1.2873783824768013,0.0029206984848109394,-0.01318062233687483,-0.010038621837461612,-2.0807643614801323,0.7564935641673927,0.812538178071488,0.0957568630635518,0.08155297829535313,0.0323557638167557,-2.214684462838981,0.6832180702927955,0.9802635661978564,0.06449191909673926,0.05287588673561121,-0.007292106360984542,0.09000117304571391,0.09000117304571391,0.0,0.1453853264524039,0.5124559760874289,-0.2219163099405252,-0.0026970609010651654,-0.0046841742151965925,-5.017305619410186,0,0.5164826754120604
41.90367999999369,-2.1512238924562648,0.513892653161395,1.287336613142239,0.002926122906010816,-0.01316664224339872,-0.010024640294963218,-1.9773051391482686,0.5207158010993098,1.5142597775535023,0.02728340065779221,0.11143406586183605,-0.18089255394940587,-2.095936503017371,0.6021990037455365,1.2468892565871292,0.045943779976111196,0.08146577428151228,-0.09412898141572862,0.09000117304571391,0.09000117304571391,0.0,0.14536226804519903,0.5124828321018187,-0.2218470177322594,-0.002697192069732024,-0.004678327327688614,-5.017250450832018,0,0.5165236706049868
41.90783999999369,-2.1512116776949886,0.5138378502973462,1.2872949019976423,0.002931542706276756,-0.013152687371702271,-0.010010674703234771,-2.397606792841336,0.2734093655629466,1.3411684556188692,-0.03147791317022459,-0.22036705350170638,-0.12718955578344143,-2.2468397362586736,0.43734196211008913,1.2937643599897255,0.007480351171055018,-0.06867891707586912,-0.1103661227422034,0.09000117304571391,0.09000117304571391,0.0,0.1453391963121909,0.5125096804953448,-0.22177783618838537,-0.002697325176221111,-0.004672490647513327,-5.017195287015265,0,0.5165646205361113
41.91199999999369,-2.1511994403703927,0.513783105473627,1.287253248976567,0.0029369579029649455,-0.013138757692590288,-0.009996725058117457,-2.1169235006795803,0.2667336390086285,1.1275724582761515,0.18422363742488262,0.007570587200789947,-0.06991477271832101,-2.1814969851530828,0.35205302364424645,1.2105223702621652,0.09557890407228217,-0.03088135594327402,-0.09040497094106364,0.09000117304571391,0.09000117304571391,0.0,0.14531611123775987,0.512536521314423,-0.22170876512643733,-0.0026974602216711997,-0.004666664161827785,-5.017140127914521,0,0.5166055252783857
41.91615999999369,-2.1511871805015867,0.5137284185853901,1.287211654012586,0.00294236851341393,-0.013124853176868649,-0.009982791355396385,-2.693065809018657,-0.013719366194095195,1.489607183078987,-0.04613689545336625,-0.10337714087448255,-0.13159206558953898,-2.4373799295119314,0.1689498686296475,1.349792431647263,0.024244105092783443,-0.06742313040411113,-0.11071206853292224,0.09000117304571391,0.09000117304571391,0.0,0.14529301280642784,0.5125633546054534,-0.22163980436378808,-0.002697597207218687,-0.0046608478577924535,-5.0170849734843745,0,0.5166463849047006
41.92031999999369,-2.151174898107608,0.5136737895279094,1.287170117039291,0.002947774554944163,-0.013110973795348717,-0.009968873590796954,-2.439800074914364,0.997629045924312,1.5549324010065695,-0.16523490206376049,-0.18018434143657355,-0.17342159250264583,-2.438933126040413,0.5829207046035753,1.452003491325655,-0.07076066590948518,-0.12390559369181361,-0.14223178341678835,0.09000117304571391,0.09000117304571391,0.0,0.14526990100243076,0.5125901804147154,-0.22157095371893315,-0.002697736133997771,-0.004655041722571878,-5.017029823679412,0,0.516687199487885
41.924479999993686,-2.151162593207421,0.5136192181965809,1.287128637990291,0.0029531760448561796,-0.013097119518850371,-0.009954971759987417,-1.8024690571511286,0.7992472801003698,1.899123013015339,0.16910489884157723,0.09149354537943268,0.16358925069891173,-2.120345508224427,0.6912755684399512,1.6759067856011447,0.049446974058696976,-0.01610365399785807,0.010590001059229392,0.09000117304571391,0.09000117304571391,0.0,0.14524677580993225,0.5126169987883129,-0.22150221300935258,-0.0026978770031403595,-0.004649245743335705,-5.016974678454214,0,0.5167279691007066
41.928639999993685,-2.1511502658199193,0.5135647044869217,1.2870872167992138,0.0029585730004302556,-0.013083290318203298,-0.009941085858573343,-2.624293424048006,0.30191342696299917,1.5225093464356325,0.20721736080906233,0.0885421667218505,-0.14573817489770713,-2.3718916711925426,0.4967758151467614,1.5989042338104116,0.12817049537942557,0.036271764493447926,-0.06774312319569517,0.09000117304571391,0.09000117304571391,0.0,0.14522363721323753,0.5126438097722816,-0.22143358205407748,-0.0026980198157760408,-0.004643459907259459,-5.01691953776336,0,0.5167686938158709
41.932799999993684,-2.1511379159639237,0.5135102482945707,1.2870458533997051,0.002963965438929119,-0.013069486164240498,-0.009927215882106022,-2.573281895257023,0.7680755305622421,1.55505915106766,-0.04675904361463693,0.11448192158528478,-0.13152078742089543,-2.4726846988128877,0.6326657050422027,1.5767079665382873,0.04035576901920014,0.07536476651909882,-0.0996953423456682,0.09000117304571391,0.09000117304571391,0.0,0.1452004851967937,0.512670613412643,-0.22136506067155312,-0.0026981645730321927,-0.004637684201523526,-5.016864401561424,0,0.5168093737060225
41.93695999999368,-2.1511255436581838,0.5134558495152882,1.2870045477254297,0.0029693533776006067,-0.013055707027791687,-0.009913361826081948,-1.8777629381700947,0.47536938910943316,1.1382193479030793,0.08843785099520411,-0.006544054320844692,0.11799171262809245,-2.1750354224797417,0.5540026189034043,1.3577057515659015,0.0642567429955817,0.03451948295897707,0.00925766903036962,0.09000117304571391,0.09000117304571391,0.0,0.14517731974476256,0.5126974097551362,-0.22129664868070775,-0.0026983112760341405,-0.004631918613311231,-5.016809269802978,0,0.5168500088437438
41.94111999999368,-2.1511131489213766,0.5134015080449561,1.2869632997100717,0.002974736833672967,-0.013041952879696936,-0.009899523685938287,-1.8390022730579432,0.09579693523425487,1.8826128072151747,0.0741269082155311,0.022691878825946116,-0.19794051232677512,-2.006861736480909,0.3249435902853722,1.619752366477472,0.06891322700710353,0.02869248018808942,-0.09486889386317131,0.09000117304571391,0.09000117304571391,0.0,0.1451541408410199,0.5127241988454861,-0.22122834590138224,-0.0026984599259051644,-0.0046261631298107585,-5.01675414244259,0,0.5168905993015551
41.94527999999368,-2.1511007317721087,0.5133472237795778,1.286922109287334,0.0029801158243523453,-0.013028223690812173,-0.009885701457053267,-2.6135790932823166,0.47865230058473784,1.7601487677884347,0.16334510894569426,0.007097043935364245,-0.07017581573338681,-2.309885371323713,0.4018137617647282,1.6898061676362366,0.11634624219843523,0.01790618852332368,-0.08280365507612283,0.09000117304571391,0.09000117304571391,0.0,0.14513094847022498,0.5127509807292424,-0.2211601521526194,-0.0026986105237663373,-0.004620417738217311,-5.016699019434824,0,0.5169311451519151
41.94943999999368,-2.1510882922289136,0.5132929966152778,1.2868809763909392,0.0029854903668314996,-0.013014519431991025,-0.009871895134750123,-2.274175639624029,0.2333720824584533,1.1500678107992492,-0.0997501883834678,-0.17281509679182358,-0.21958997631334823,-2.292237480714449,0.317230757744335,1.4194764265767699,0.00819050645160645,-0.07670400644283508,-0.15116639100835988,0.09000117304571391,0.09000117304571391,0.0,0.14510774261589668,0.5127777554519937,-0.22109206725480293,-0.0026987630707370276,-0.004614682425730204,-5.016643900734244,0,0.5169716464672202
41.95359999999368,-2.151075830310254,0.5132388264483024,1.2868399009546296,0.0029908604782821037,-0.013000840074095778,-0.009858104714296777,-2.3379734629154445,0.7073132900002699,0.7015807954168088,0.07004428485714691,-0.0499030609783208,0.03350696487649918,-2.3149608431191693,0.5121713321742555,1.0605925910486904,0.039469902075931394,-0.06348586039382173,-0.05850975503223303,0.09000117304571391,0.09000117304571391,0.0,0.1450845232623369,0.5128045230591004,-0.22102409102773413,-0.0026989175679343258,-0.004608957179553966,-5.016588786295405,0,0.5170121033198046
41.95775999999368,-2.151063346034521,0.5131847131750191,1.2867988829121675,0.0029962261758597667,-0.012987185587992367,-0.009844330190904972,-2.2217264616962686,0.5322003092225739,1.4205752846091835,0.289041230765137,-0.015232584544092122,0.10330048120908746,-2.2677419778600627,0.5221541712609459,1.2408004604615417,0.16432384124702676,-0.03931121762109436,0.0227977285305819,0.09000117304571391,0.09000117304571391,0.0,0.14506129039377638,0.5128312835958017,-0.22095622329212886,-0.0026990740164734195,-0.004603241986897626,-5.016533676072865,0,0.5170525157819408
41.961919999993675,-2.151050839420035,0.5131306566919168,1.2867579221973353,0.0030015874767005935,-0.012973555944562835,-0.009830571559727826,-1.8779994885610394,0.03801745458781147,1.3137257063866725,-0.08518020822454395,-0.11086671729868008,0.08436049995759289,-2.0730454121729376,0.2798528656242563,1.2774402620726337,0.039700214986802755,-0.07558445217993258,0.05299770297659339,0.09000117304571391,0.09000117304571391,0.0,0.145038043993947,0.5128580371072683,-0.22088846386876354,-0.0026992324174678643,-0.004597536834976949,-5.016478570021175,0,0.5170928839258381
41.966079999993674,-2.1510383104850437,0.5130766568956056,1.2867170187439358,0.003006944397923314,-0.012959951114690758,-0.009816828815865581,-2.6697309665529207,0.901621046128844,1.11517794881071,-0.11168994530825917,0.18769021145851109,0.016186553569081448,-2.371624558668892,0.5911315379257498,1.1963407489478184,-0.036041833756653756,0.056112457528903356,0.03502176842690974,0.09000117304571391,0.09000117304571391,0.0,0.1450147840469366,0.512884783638657,-0.2208208125784753,-0.002699392772029248,-0.004591841711012637,-5.016423468094884,0,0.5171332078236442
41.97023999999367,-2.1510257592477244,0.5130227136828169,1.2866761724857927,0.0030122969566306022,-0.012946371069262906,-0.009803101954364114,-2.0559012519034856,-0.005148082892502348,1.4886589139256563,0.016746560413500117,-0.06510807792534198,-0.011922697247182307,-2.213725575001124,0.2928522626656017,1.3424776776326528,-0.009789811916803585,-0.004552809387476309,0.011264245410323406,0.09000117304571391,0.09000117304571391,0.0,0.14499151053654794,0.5129115232347892,-0.22075326924280436,-0.0026995550812673754,-0.004586156602229673,-5.016368370248538,0,0.517173487547444
41.97439999999367,-2.151013185726183,0.5129688269504036,1.28663538335675,0.003017645169901527,-0.01293281577919331,-0.009789390970206901,-2.702997267554032,0.6997653393679355,0.7238714892094256,-0.15134010707684323,0.06809550157314383,-0.073160082118821,-2.4586798837959214,0.49645419663855567,1.033018997665674,-0.08043288939612436,0.03132836964912631,-0.03138189284751877,0.09000117304571391,0.09000117304571391,0.0,0.14496822344672627,0.5129382559406326,-0.2206858336831394,-0.002699719346290354,-0.004580481495862033,-5.016313276436681,0,0.5172137231692597
41.97855999999367,-2.1510005899384548,0.5129149965953395,1.2865946512906736,0.0030229890548053463,-0.012919285215376615,-0.009775695858333553,-2.1028201568531264,0.5176151198610447,1.4475869419301042,-0.06914766527058525,0.007565291821135162,-0.0941675910149692,-2.2808915666633283,0.5070498651095938,1.2401081414936037,-0.07468938339101754,0.019773782276509815,-0.06187473663509103,0.09000117304571391,0.09000117304571391,0.0,0.1449449227613458,0.5129649818008729,-0.22061850572157352,-0.0026998855682044756,-0.004574816379145315,-5.016258186613852,0,0.5172539147610513
41.98271999999367,-2.150987971902503,0.5128612225147197,1.2865539762214502,0.0030283286283871733,-0.012905779348739425,-0.009762016613619712,-2.0568935592628725,0.8099024635082698,1.0522542535751742,-0.020258347083622674,-0.014240754656561893,-0.08446981011948781,-2.1689321724957136,0.6584491590462502,1.1460055263444655,-0.047938864122693485,0.0025302500533815227,-0.07381421752092683,0.09000117304571391,0.09000117304571391,0.0,0.1449216084642097,0.5129917008601818,-0.22055128518026382,-0.0027000537481144914,-0.004569161239323712,-5.0162031007345895,0,0.5172940623947156
41.98687999999367,-2.150975331636221,0.5128075046057605,1.2865133580829882,0.0030336639076785164,-0.012892298150202559,-0.009748353230892896,-2.2114781056446,0.5168387101600089,1.161679726660584,-0.10321735641142951,0.17950111081292164,0.12440444139356549,-2.1904201211304706,0.5880167581478888,1.1541006000772995,-0.0755768574238062,0.09078443213861548,0.025712162847061393,0.09000117304571391,0.09000117304571391,0.0,0.14489828053905002,0.5130184131630562,-0.22048417188164549,-0.0027002238871234995,-0.0045635160636456635,-5.016148018753428,0,0.5173341661420868
41.99103999999367,-2.1509626691574306,0.5127538427657993,1.2864727968092176,0.00303899490969054,-0.01287884159070494,-0.009734705704922452,-2.2406396742537127,0.8601193732993198,1.1744819858803088,0.07643810787731786,0.13803382964777933,-0.09581000493786576,-2.215371635301594,0.7243569893482301,1.164092526516987,0.0006013262899976009,0.11444782352290381,-0.03522046879151347,0.09000117304571391,0.09000117304571391,0.0,0.14487493896974174,0.5130451187540324,-0.22041716564821837,-0.002700395986333025,-0.0045578808393666416,-5.0160929406249,0,0.5173742260749365
41.995199999993666,-2.150949984483883,0.5127002368922944,1.2864322923340907,0.003044321651419529,-0.01286540964118703,-0.009721074030426,-2.1800623746921812,0.8825374241179982,0.961636871386875,-0.0057147001328978105,-0.1678659518510427,0.036152469949835384,-2.197730030487402,0.8030984228127901,1.0629397620453438,-0.0018897666684589585,-0.026337827273876586,-0.00015581239566882818,0.09000117304571391,0.09000117304571391,0.0,0.14485158373987533,0.5130718176773651,-0.22035026630340354,-0.002700570046843115,-0.004552255553747059,-5.016037866303534,0,0.5174142422649731
41.999359999993665,-2.150937277633259,0.5126466868828252,1.286391844591582,0.003049644149842417,-0.012852002272603903,-0.009707458202067056,-1.88829850443527,0.9592177446248998,0.9874444840240086,-0.03544580325918163,0.1176382965355283,-0.02996925690798753,-2.0430860794566867,0.8814033837943892,1.0251287029426932,-0.01854494784729318,0.045870188510008014,-0.014792976940083344,0.09000117304571391,0.09000117304571391,0.0,0.1448282148331841,0.5130985099773483,-0.22028347367026108,-0.0027007460697523063,-0.0045466401940539814,-5.015982795743856,0,0.517454214783842
42.003519999993664,-2.1509245486231676,0.5125931926350922,1.2863514535156886,0.0030549624219193836,-0.012838619455918559,-0.009693858214455328,-2.157199505783366,0.9148577932889655,1.0933705201174702,0.12710982449335817,0.04195972512850321,-0.08603286164840729,-2.0998797725809344,0.8982170140702174,1.0590722227382237,0.054545362505438295,0.044436230568577324,-0.05092744142523542,0.09000117304571391,0.09000117304571391,0.0,0.14480483223311677,0.5131251956981019,-0.22021678757255947,-0.0027009240561577065,-0.004541034747560554,-5.015927728900391,0,0.5174941437031257
42.00767999999366,-2.1509117974711485,0.5125397540469168,1.2863111190404297,0.0030602764845920685,-0.012825261162105474,-0.00968027406214744,-2.2504115809342475,0.4923892804613166,1.449460393476099,0.08226219486135555,-0.1375118110565987,-0.03170984156045474,-2.174975837657231,0.6950148014383423,1.2542030801086477,0.0685032338959298,-0.046773543312436605,-0.04131785796912603,0.09000117304571391,0.09000117304571391,0.0,0.14478143592347897,0.5131518748835707,-0.220150207833921,-0.0027011040071548966,-0.004535439201546498,-5.01587266572766,0,0.5175340290943433
42.01183999999366,-2.15089902419467,0.5124863710162412,1.2862708410998478,0.0030655863547847575,-0.012811927362152609,-0.009666705739644742,-1.881213344790007,0.12457510009009393,2.045465605138867,-0.029818956357201942,-0.047738165217681795,-0.12479400130781554,-2.028154024849448,0.4096915742243542,1.6495793078441368,0.019091982342890133,-0.047212083519935354,-0.08256795296349281,0.09000117304571391,0.09000117304571391,0.0,0.14475802588779219,0.513178547577793,-0.2200837342784636,-0.002701285923838231,-0.0045298535432986755,-5.015817606180183,0,0.5175738710289507
42.01599999999366,-2.150886228811131,0.5124330434411285,1.2862306196280087,0.0030708920494078693,-0.012798618027045301,-0.0096531532414012,-2.1938546598876005,0.518296142330732,1.08247427179462,0.03403236908398357,0.06917977161035185,-0.05443558610790141,-2.1109346973605283,0.4641389701708523,1.365911532221153,0.026552488194634394,0.01075519968055662,-0.06943406048727875,0.09000117304571391,0.09000117304571391,0.0,0.1447346021095073,0.513205213824579,-0.22001736673101624,-0.0027014698073006857,-0.004524277760108079,-5.015762550212474,0,0.5176136695783408
42.02015999999366,-2.1508734113378587,0.5123797712197626,1.286190454559001,0.0030761935853497856,-0.012785333127795678,-0.009639616561812947,-2.1042488392355083,0.6135335510648985,1.6669196532574486,-0.05627976748772667,0.0512931693956525,-0.14509100000877942,-2.1077080049594654,0.5389434054171739,1.5161160529479674,-0.01523186933068628,0.03130474917728359,-0.1073245084775854,0.09000117304571391,0.09000117304571391,0.0,0.1447111645724325,0.5132318736676715,-0.21995110501583612,-0.0027016556586339745,-0.004518711839274442,-5.015707497779049,0,0.5176534248138429
42.02431999999366,-2.1508605717921108,0.5123265542504485,1.2861503458269377,0.003081490979488722,-0.012772072635406506,-0.00962609569523076,-1.8366023954729793,0.8235482632143081,1.2622503120487634,0.14479424907507796,-0.11936689412661018,0.12092131096764255,-1.9718518795368705,0.6810016448076681,1.3894332974780663,0.0646479522640906,-0.045030534936429806,0.006601753054267161,0.09000117304571391,0.09000117304571391,0.0,0.1446877132594504,0.513258527150586,-0.21988494895831978,-0.0027018434789287155,-0.004513155768100923,-5.015652448834419,0,0.5176931368067229
42.02847999999366,-2.1508477101910746,0.5122733924316113,1.2861102933659545,0.0030867842486752626,-0.012758836520920743,-0.009612590635942591,-1.7771249132452858,0.34223749947119053,1.4713885792577133,-0.05040327940271782,0.2378288086556834,-0.11530542585957251,-1.8745925221151194,0.5121120605800102,1.430172823897985,0.007442709102090241,0.09629355338503057,-0.05489410321543328,0.09000117304571391,0.09000117304571391,0.0,0.1446642481544419,0.513285174317037,-0.21981889838329327,-0.002702033269274132,-0.0045076095339019505,-5.015597403333093,0,0.5177328056281832
42.032639999993656,-2.150834826551867,0.5122202856617972,1.286070297110212,0.003092073409752888,-0.012745624755363751,-0.009599101378195023,-2.88987946581847,0.24097318269974827,1.4609635324568646,0.045214886738088975,0.03696885310515699,-0.02493975230403833,-2.382148111985649,0.3766179288392936,1.4455179756242638,0.025874014048428602,0.06648577073896943,-0.040618918976658806,0.09000117304571391,0.09000117304571391,0.0,0.14464076924057678,0.5133118152103522,-0.2197529531167234,-0.0027022250307583697,-0.004502073123994898,-5.015542361229578,0,0.5177724313493628
42.036799999993654,-2.1508219208915356,0.5121672338396731,1.2860303569938947,0.0030973584795427386,-0.012732437309788515,-0.009585627916177997,-1.8861288862840004,0.7721678254948409,1.05488797819582,-0.03000148155257447,0.09681990017373478,0.11734548802146481,-2.1341977699352777,0.5745967595062341,1.250443815423578,-0.0018969235917862858,0.08177980198284895,0.03859516142652615,0.09000117304571391,0.09000117304571391,0.0,0.14461727650138212,0.5133384498738448,-0.21968711298422192,-0.002702418764468443,-0.004496546525705452,-5.0154873224783785,0,0.5178120140413369
42.04095999999365,-2.150808993227057,0.5121142368640262,1.2859904729512113,0.0031026394748508482,-0.012719274155256033,-0.009572170244030889,-2.156969997411225,1.2489288270935521,1.5438879701300066,0.05155130769628164,0.03178333910616094,0.003331248994302944,-2.1454762357458304,0.9118327648270715,1.3971749274554097,0.024543897334687852,0.05719613707246865,0.020940262887752404,0.09000117304571391,0.09000117304571391,0.0,0.14459376992010126,0.5133650783508144,-0.2196213778119009,-0.0027026144714904134,-0.0044910297263661275,-5.015432287033997,0,0.5178515537751172
42.04511999999365,-2.1507960435753386,0.5120612946337644,1.2859506449163953,0.0031079164124673316,-0.012706135262834657,-0.00955872835584388,-2.295956209024517,0.6341696495332269,1.078031200934887,-0.29228429267104983,0.1341091351683397,-0.008022134253220715,-2.2213247113083456,0.773278248888985,1.2375840440858135,-0.13409365002846035,0.09562773302902629,0.006509530188646667,0.09000117304571391,0.09000117304571391,0.0,0.14457024947990743,0.5133917006844402,-0.21955574742615974,-0.002702812152909283,-0.0044855227133154445,-5.015377254850933,0,0.5178910506216513
42.04927999999365,-2.1507830719532173,0.5120084070479161,1.2859108728237052,0.003113189309163894,-0.012693020603608959,-0.009545302245654533,-2.0224567728583116,0.7457796677464832,1.1303953453015974,0.11959128193512576,-0.11623365024881334,-0.08916898645813442,-2.121641508374089,0.759285642453146,1.183803662662842,-0.006832619405038236,-0.009635061178358004,-0.041413482197660084,0.09000117304571391,0.09000117304571391,0.0,0.14454671516411766,0.5134183169176204,-0.2194902216536861,-0.002703011809808994,-0.004480025473899359,-5.015322225883685,0,0.5179305046518233
42.05343999999365,-2.15077007837746,0.5119555740056299,1.2858711566074241,0.0031184581816939175,-0.012679930148682931,-0.009531891907447064,-1.8891296398220006,0.7651662407808086,1.2950795755050122,0.09403677204952449,-0.0907503230663285,-0.033963301659857115,-2.005187539404053,0.7620383463816705,1.2393727872002143,0.043204245461228544,-0.05072683075088838,-0.03818516191471695,0.09000117304571391,0.09000117304571391,0.0,0.14452316695576528,0.5134449270935069,-0.21942480032124215,-0.0027032134432726255,-0.004474537995472585,-5.015267200086749,0,0.5179699159364533
42.05759999999365,-2.150757062864765,0.511902795406175,1.2858314962018609,0.0031237230467971305,-0.012666863869159384,-0.009518497335160189,-2.4690161458072573,0.3277077222360798,1.4670863073786258,0.030199639140731125,-0.19749101806268166,0.020935518546278137,-2.2370420324081475,0.5444600093967993,1.3532743031099919,0.036586670725748796,-0.12447933642630322,-0.008444506204755071,0.09000117304571391,0.09000117304571391,0.0,0.1444996048382413,0.5134715312548107,-0.21935948325630722,-0.002703417054382159,-0.004469060265395041,-5.015212177414617,0,0.5180092845462975
42.06175999999365,-2.15074402543176,0.511850071148941,1.2857918915413498,0.003128983921195751,-0.012653821736160645,-0.009505118522680841,-2.1989813463190506,0.5705084281641098,0.826251380085815,0.14691745671975018,-0.22970269010475364,0.03993395693463235,-2.217705944956029,0.5570060245865465,1.0898423581968266,0.09179595065458246,-0.17679502809608189,0.015672885880190984,0.09000117304571391,0.09000117304571391,0.0,0.14447602879465365,0.5134981294443358,-0.21929427028643725,-0.002703622644218851,-0.004463592271034258,-5.015157157821783,0,0.5180486105520482
42.065919999993646,-2.1507309660950034,0.5117974011334375,1.2857523425602504,0.0031342408215960906,-0.012640803720819223,-0.009491755463847435,-2.270010615685816,0.8224963955222809,1.329914599731718,-0.08592967807649515,0.21106905174798773,-0.02062957384646611,-2.244037524625476,0.6901906712313703,1.209837286773576,0.0030152278891169364,0.017792130926167972,-0.00249372548551582,0.09000117304571391,0.09000117304571391,0.0,0.1444524388082543,0.5135247217047665,-0.21922916123905056,-0.0027038302138631667,-0.004458133999764703,-5.015102141262734,0,0.5180878940243338
42.070079999993645,-2.150717884870984,0.5117447852592947,1.2857128491929486,0.003139493764689369,-0.012627809794278105,-0.009478408152448336,-1.7825385070936293,0.8479441097462449,1.1695776305509913,0.07190616100361391,0.0732894198945129,0.0387907082814655,-2.0131340862065734,0.7692204150383762,1.1897889845295453,0.03690928621904931,0.04578686912290915,0.017605369201573066,0.09000117304571391,0.09000117304571391,0.0,0.14442883486158428,0.5135513080786127,-0.21916415594249816,-0.0027040397643949173,-0.004452685438967448,-5.015047127691958,0,0.5181271350337179
42.074239999993644,-2.150704781776121,0.5116922234262625,1.285673411373856,0.003144742767144504,-0.01261483992770682,-0.00946507658221807,-2.7360291731707362,0.5964666368692453,1.3615517027797535,-0.17511382913501972,-0.07565908371392693,-0.046564623358468726,-2.3749504713841842,0.6826857381975363,1.275573302596811,-0.06930432115957358,-0.015308090604568435,-0.013807202858785434,0.09000117304571391,0.09000117304571391,0.0,0.1444052169381836,0.5135778886084249,-0.21909925422478133,-0.0027042512968929074,-0.0044472465760335075,-5.014992117063942,0,0.5181663336507008
42.07839999999364,-2.150691656826764,0.5116397155342114,1.2856340290374106,0.003149987845619235,-0.012601894092277575,-0.009451760746845181,-2.5123679735623816,0.62102008838036,1.1477318571850639,-0.01580058282492455,-0.0016499041135418068,0.011727362313648565,-2.443693622415797,0.6518496152796185,1.2116758263770928,-0.0422800610430424,-0.008751663657052489,-0.0009206152880695314,0.09000117304571391,0.09000117304571391,0.0,0.14438158502066814,0.5136044633365264,-0.21903445591483517,-0.002704464812435454,-0.0044418173983602795,-5.014937109333168,0,0.5182054899457177
42.08255999999364,-2.1506785100391945,0.5115872614831315,1.2855947021180774,0.003155229016752488,-0.01258897225917972,-0.00943846063996924,-2.0476370292846178,-0.2235347719783931,1.3296925620498996,0.08919793878784428,0.056176823136981885,0.22627762351954717,-2.245476885611397,0.21426797224148064,1.2711556783869171,0.023383341921544336,0.0237902037131227,0.11266036754617556,0.09000117304571391,0.09000117304571391,0.0,0.1443579390922255,0.5136310323052808,-0.2189697608414607,-0.002704680312100048,-0.00443639789335299,-5.014882104454117,0,0.5182446039891405
42.08671999999364,-2.150665341429623,0.5115348611731331,1.2855554305503474,0.0031604662971696463,-0.012576074399610388,-0.009425176255183259,-2.149430917521319,0.4682726536195879,1.736712928677004,-0.019604909441287243,0.007434663672499573,0.1382906357449219,-2.1974929413707196,0.34128790163117817,1.5042272691182508,0.0013795115262761064,0.01544642660350876,0.12447979782165688,0.09000117304571391,0.09000117304571391,0.0,0.14433427913554653,0.5136575955568784,-0.21890516883375233,-0.0027048977969636326,-0.004430988048423305,-5.01482710238127,0,0.518283675851276
42.09087999999364,-2.150652151014192,0.5114825145044465,1.2855162142687389,0.0031656997034775628,-0.01256320048478582,-0.009411907586029325,-2.001256228884116,0.3937844109470984,0.7275637840239925,-0.17646200679806945,0.09468424962615707,-0.0253646587910044,-2.099741913829603,0.36773395463315367,1.1158367187715965,-0.08672877851076798,0.05482440848760023,0.049863044134009916,0.09000117304571391,0.09000117304571391,0.0,0.14431060513389415,0.5136841531333357,-0.21884067972109855,-0.002705117268102458,-0.004425587850991107,-5.014772103069103,0,0.518322705602367
42.09503999999364,-2.150638938808974,0.5114302213774218,1.2854770532077973,0.003170929252269262,-0.012550350485934376,-0.009398654626002161,-1.997342304770352,0.5796504909751685,1.1969380540481962,0.009932812482258845,-0.08935839333900011,-0.010297546602352183,-2.0485212492746347,0.4735074927528223,1.156366143223802,-0.03815582773391631,-0.01708943573644318,0.019975132161326903,0.09000117304571391,0.09000117304571391,0.0,0.14428691706960717,0.5137107050767634,-0.21877629333339682,-0.00270533872659249,-0.0044201972884837645,-5.014717106472093,0,0.5183616933125919
42.09919999999364,-2.1506257048299733,0.5113779816925288,1.285437947302095,0.0031761549601176777,-0.012537524374305541,-0.009385417368546164,-1.9870702091417223,0.4702739702371168,1.3310229817554706,-0.0070553868544052925,0.07974692661772073,0.02888467767964393,-2.0178108795990637,0.47205606659145094,1.2437550441866472,-0.022172249848619246,0.03156948915342109,0.024823501603609504,0.09000117304571391,0.09000117304571391,0.0,0.14426321492580996,0.5137372514290987,-0.2187120095001982,-0.002705562173508948,-0.004414816348337852,-5.014662112544712,0,0.5184006390520641
42.103359999993636,-2.150612449093125,0.5113257953503574,1.2853988964862322,0.0031813768435846102,-0.012524722121150921,-0.009372195807061532,-2.069666472241326,0.5698968620891023,1.2032581824081447,-0.04900384831759553,-0.001029748852409515,0.08903372744799665,-2.0438407174056374,0.5209746940154498,1.2236905445897333,-0.03570555643244587,0.015422514496408963,0.05739230900504337,0.09000117304571391,0.09000117304571391,0.0,0.14423949868534464,0.5137637922320522,-0.21864782805220517,-0.0027057876099266546,-0.004409445017995857,-5.014607121241433,0,0.5184395428908334
42.107519999993634,-2.150599171614295,0.5112736622516167,1.2853599006948369,0.0031865949192118144,-0.012511943697753167,-0.009358989934895921,-2.8308981650177136,1.0406579886860023,1.8654064535903458,-0.11851556730015912,0.059207528524444976,0.02336114368549349,-2.4376208864565303,0.7809448908411851,1.544601269760927,-0.07737987338046358,0.036464465734111,0.04052807241797335,0.09000117304571391,0.09000117304571391,0.0,0.1442157683305565,0.5137903275275354,-0.21858374881977582,-0.002706015036920222,-0.004404083284910586,-5.014552132516726,0,0.518478404898884
42.11167999999363,-2.1505858724092803,0.5112215822971359,1.2853209598625646,0.003191809203526568,-0.012499189075398678,-0.00934579974535349,-1.8815588335535547,0.975808034302527,1.594569501540266,-0.04003007263602843,0.13430817959046149,0.027657945227262518,-2.1596705453657723,0.8786568017874671,1.569642066289617,-0.058075056213038656,0.08556347246608768,0.03466926694141569,0.09000117304571391,0.09000117304571391,0.0,0.14419202384457697,0.5138168573571266,-0.218519771633565,-0.002706244455563584,-0.004398731136541818,-5.014497146325059,0,0.5185172251461363
42.11583999999363,-2.150572551493809,0.5111695553878635,1.285282073924099,0.00319701971304467,-0.012486458225380633,-0.009332625231694402,-2.0025874108052384,1.0623802580571389,1.522124041088255,-0.07698876286435813,0.06641061648511505,-0.02005571068828363,-2.0812879338982175,0.9706567451563947,1.5458401649779692,-0.06756887093612891,0.07656648551639289,0.007714620972341154,0.09000117304571391,0.09000117304571391,0.0,0.1441682652096137,0.5138433817623375,-0.21845589632473925,-0.002706475866930509,-0.004393388560355039,-5.0144421626209,0,0.5185560037024453
42.11999999999363,-2.1505592088835415,0.5111175814248675,1.2852432428141527,0.0032022264642568776,-0.012473751119034003,-0.009319466387120952,-2.174634195779318,0.08120396835546212,1.4597921279870794,0.030332924269421878,0.01627751688778375,-0.014215667787764973,-2.1279000156384686,0.5259583754518596,1.5027862155021832,-0.017956253865283916,0.04624031920193275,-0.003364191607352657,0.09000117304571391,0.09000117304571391,0.0,0.14414449240866045,0.5138699007847208,-0.21839212272476374,-0.0027067092720943504,-0.004388055543828297,-5.014387181358712,0,0.5185947406376018
42.12415999999363,-2.1505458445940677,0.5110656603093355,1.285204466467466,0.0032074294736479376,-0.01246106772768046,-0.009306323204801563,-2.2294460567302075,0.7368157476611287,1.1521907614557483,0.01580644760121676,0.14945610985459262,-0.05208039349641357,-2.1786401454183335,0.6316972780343523,1.3273767166877686,-0.001425373716615036,0.09886259675404756,-0.02724179881535499,0.09000117304571391,0.09000117304571391,0.0,0.14412070542400116,0.5138964144656564,-0.218328450665189,-0.0027069446721282664,-0.004382732074443978,-5.014332202492959,0,0.5186334360213317
42.12831999999363,-2.1505324586409107,0.5110137919425743,1.2851657448188083,0.0032126287576795683,-0.012448408022679346,-0.009293195677848426,-2.0756348258071036,0.8012790618624819,1.3141480487367625,0.06504165284064686,0.07729051770856368,0.08970416701609375,-2.127001782090904,0.716649403327602,1.3209484558683813,0.031949099739749354,0.08842187779507447,0.031423888991698685,0.09000117304571391,0.09000117304571391,0.0,0.14409690423849233,0.5139229228464581,-0.21826487997786498,-0.0027071820681051216,-0.004377418139695443,-5.014277225978102,0,0.5186720899232962
42.13247999999363,-2.150519051039524,0.5109619762260103,1.2851270778029777,0.0032178243328044925,-0.012435771975387245,-0.009280083799335327,-2.2986808777270515,0.5698274259976617,1.5437920400132727,0.367235193867671,0.08273727445971799,-0.045688655654463506,-2.2120785642763936,0.643408654358037,1.432275700719258,0.19950893217637103,0.08597617029582204,-0.006610311643918668,0.09000117304571391,0.09000117304571391,0.0,0.14407308883428074,0.5139494259682669,-0.2182014104949417,-0.002707421461097697,-0.004372113727081786,-5.0142222517686,0,0.5187107024130911
42.136639999993626,-2.150505621805293,0.5109102130611886,1.2850884653548016,0.0032230162154518963,-0.012423159557200428,-0.009266987562279904,-2.4702305713732606,0.17224997655271274,1.1921744603830227,0.07262749411889813,-0.06668982880347799,-0.00938383248510187,-2.3410056404979884,0.4076877953204457,1.3122040513111757,0.13623468735849611,0.009417476659983144,-0.008078138611511364,0.09000117304571391,0.09000117304571391,0.0,0.14404925919429956,0.5139759238723183,-0.21813804204887002,-0.00270766285217855,-0.004366818824114187,-5.014167279818912,0,0.5187492735602481
42.140799999993625,-2.1504921709535343,0.5108585023497739,1.2850499074091364,0.0032282044220453606,-0.012410570739503154,-0.009253906959666061,-2.087971478866345,0.3956685802482327,1.0806739831775156,0.034165985621865284,0.0849120433805746,0.06744841325319784,-2.214415664103804,0.4018550948264922,1.1965785060496297,0.08517767159071245,0.04697886108797219,0.029286884261863582,0.09000117304571391,0.09000117304571391,0.0,0.14402541530034485,0.5140024165995684,-0.21807477447240214,-0.002707906242420279,-0.004361533418308152,-5.014112310083492,0,0.5187878034342331
42.144959999993624,-2.150478698499497,0.51080684399355,1.285011403900868,0.003233388968981905,-0.01239800549372671,-0.009240841984419218,-2.0539362530412992,0.5222823455599963,1.4157662734632728,-0.07973220930552885,-0.09734613296532263,-0.019657819940062816,-2.1343401828935606,0.4618680059634723,1.3061320792782296,0.002496038164378485,-0.02561686959515618,0.005277608478189713,0.09000117304571391,0.09000117304571391,0.0,0.14400155713542653,0.5140289041910142,-0.21801160759837823,-0.0027081516328951744,-0.004356257497192146,-5.0140573425167965,0,0.518826292104448
42.14911999999362,-2.150465204458361,0.5107552378944197,1.284972954764912,0.0032385698726548288,-0.012385463791286867,-0.009227792629432645,-2.5161585510674125,0.8197317173963228,1.5223438196227437,0.13250841743635744,-0.10143714619449294,0.08930216048880107,-2.3249766747994625,0.6405911443528691,1.4144256316068569,0.06761397392944947,-0.06340908133689112,0.04708095794314139,0.09000117304571391,0.09000117304571391,0.0,0.1439776846814178,0.5140553866874805,-0.21794854126015478,-0.002708399024675673,-0.004350991048298612,-5.014002377073278,0,0.5188647396402284
42.15327999999362,-2.1504516888452385,0.5107036839544045,1.2849345599362139,0.0032437471494325128,-0.012372945603643657,-0.009214758887543115,-2.168039151754658,0.4882652482557593,0.8437467996069643,-0.01112522568501288,-0.12599536136170927,-0.007996776232975008,-2.2465301750899656,0.5641653823101767,1.1290651229319741,0.02835511783452791,-0.09485140556951718,0.019769827832418787,0.09000117304571391,0.09000117304571391,0.0,0.14395379792097834,0.5140818641298331,-0.21788557529117747,-0.002708648418834092,-0.004345734059172162,-5.0139474137073865,0,0.5189031461108461
42.15743999999362,-2.150438151675173,0.5106521820756451,1.284896219349749,0.003248920815674341,-0.01236045090225708,-0.009201740751549344,-2.215595805380243,0.3422302440884423,1.2759541770469283,-0.02537532743479657,-0.050978946505565836,0.12426466185226803,-2.231116321667253,0.45309075027116597,1.202766961535913,0.001862593828591858,-0.07317031961879975,0.07306031634120663,0.09000117304571391,0.09000117304571391,0.0,0.14392989683605845,0.514108336558659,-0.21782270952540964,-0.002708899816442902,-0.004340486517364259,-5.013892452373573,0,0.5189415115855068
42.16159999999362,-2.150424592963141,0.5106007321604009,1.2848579329405232,0.0032540908877198692,-0.01234797965861642,-0.009188738214200977,-1.6318540480574681,0.09643989523765156,0.6428962702206495,0.1238472128274717,0.09988969769676724,-0.05035782722737643,-1.9312234355574047,0.2749708307168381,0.9227235451659409,0.06286759178984247,0.013235157174884228,0.011075549058857886,0.09000117304571391,0.09000117304571391,0.0,0.1439059814091815,0.5141348040146928,-0.21775994379669097,-0.002709153218574528,-0.004335248410436802,-5.0138374930262835,0,0.5189798361333517
42.16575999999362,-2.15041101272405,0.5105493341110501,1.2848197006435724,0.003259257381899072,-0.012335531844212705,-0.009175751268208755,-2.3714146142595345,0.7432271949589284,1.85904049726707,-0.03346376714947964,0.04852537156347614,-0.08129267986455314,-2.151392132303707,0.5092034545270153,1.3907195654625568,0.014911712224360905,0.03076562895662334,-0.03514053928703757,0.09000117304571391,0.09000117304571391,0.0,0.1438820516225894,0.5141612665383908,-0.21769727793959368,-0.0027094086263015726,-0.004330019725958053,-5.013782535619965,0,0.5190181198234567
42.16991999999362,-2.1503974109727393,0.5104979878300894,1.2847815223939631,0.0032644203145234868,-0.01232310743056767,-0.009162779906234549,-2.6919752605883973,-0.4083844748885783,0.7421831910104927,0.0032150818094581553,-0.05903985161957736,-0.08163016738867282,-2.4216803047734654,0.05028009731077587,1.0662772428635807,0.00882992039137104,-0.014049368985246752,-0.05847427773901412,0.09000117304571391,0.09000117304571391,0.0,0.1438581074580282,0.5141877241702505,-0.2176347117883535,-0.002709666040696953,-0.004324800451506659,-5.013727580109062,0,0.5190563627248321
42.174079999993616,-2.1503837877239813,0.5104466932201343,1.2847433981267928,0.003269579701888835,-0.012310706389217312,-0.009149824120895987,-1.632235977031459,0.7797204491554803,1.4613106669102724,0.05360832886608872,-0.17671654883853496,-0.03796675157077263,-2.0268411870326597,0.4146371471385903,1.2637189880659856,0.031251850629938766,-0.09505276110607763,-0.04881742887693486,0.09000117304571391,0.09000117304571391,0.0,0.14383414889803092,0.5142141769505972,-0.2175722451781535,-0.0027099254628334844,-0.004319590574670363,-5.013672626448018,0,0.5190945649064234
42.178239999993615,-2.15037014299248,0.5103954501839187,1.2847053277771896,0.003274735560279065,-0.012298328691710833,-0.009136883904770226,-2.0962670508694146,0.32242429647001725,1.1132562996144095,-0.04962166006537705,-0.04458775607792001,0.1352096952213986,-2.0616576924483963,0.36843762199329405,1.188768798268613,-0.00923931382751022,-0.06996133526146477,0.042715512330103976,0.09000117304571391,0.09000117304571391,0.0,0.14381017592463557,0.5142406249196915,-0.2175098779438416,-0.002710186893784387,-0.004314390083044918,-5.013617674591273,0,0.5191327264371104
42.18239999999361,-2.1503564767928722,0.5103442586242953,1.284667311280313,0.0032798879059609577,-0.012285974309623101,-0.009123959250386261,-1.904558066144843,0.525994142620363,1.2938826762152948,-0.011312185941653782,0.016344756572301743,-0.12858265347658973,-1.983130080482998,0.4472498898733838,1.241058345752265,-0.010385502360900023,-0.026288953512702967,-0.04259619433278178,0.09000117304571391,0.09000117304571391,0.0,0.14378618851981234,0.5142670681177283,-0.2174476099212144,-0.0027104503346232376,-0.004309198964236247,-5.0135627244932675,0,0.5191708473857078
42.18655999999361,-2.1503427891397258,0.5102931184442348,1.2846293485713538,0.0032850367551858013,-0.012273643214548829,-0.009111050150230577,-2.0422092133530754,0.5915717408394483,0.696474979608638,0.13959166939774292,0.07394199260959923,-0.03234105577062643,-2.0123788878494127,0.5195642966884121,0.9686946613197462,0.06419637947460495,0.024457576205671017,-0.03702585704168382,0.09000117304571391,0.09000117304571391,0.0,0.14376218666546337,0.5142935065848915,-0.2173854409455205,-0.002710715786423917,-0.004304017205860311,-5.0135077761084395,0,0.519208927820965
42.19071999999361,-2.1503290800475416,0.5102420295468261,1.284591439585534,0.0032901821241923027,-0.012261335378091688,-0.009098156596748555,-2.3736631899789127,0.31762525158297905,1.1570013611761647,-0.025694214834584388,-0.18569573540715165,-0.11783677696242152,-2.1930780410141915,0.4182081208361514,1.0626046819114254,0.019752481349540163,-0.08108718585359355,-0.07764254958113181,0.09000117304571391,0.09000117304571391,0.0,0.14373817034363678,0.5143199403611931,-0.21732337085295786,-0.0027109832502604943,-0.00429884479554079,-5.013452829391225,0,0.5192469678115658
42.19487999999361,-2.150315349530753,0.5101909918352766,1.2845535842581075,0.003295324029203802,-0.012249050771877839,-0.009085278582341932,-2.148152791118879,0.343661536156693,1.057785384964239,0.052605338072461164,-0.06288202579770233,-0.13178785790004058,-2.170504485174098,0.3808019697855652,1.0599216981052133,0.035600304088865616,-0.07124321875708356,-0.10510280335926983,0.09000117304571391,0.09000117304571391,0.0,0.14371413953631332,0.5143463694865801,-0.21726139947960546,-0.002711252727207434,-0.0042936817209106755,-5.013397884296059,0,0.5192849674261286
42.19903999999361,-2.1503015976037263,0.5101400052129118,1.28451578252436,0.0033004624864302794,-0.012236789367548637,-0.009072416099370609,-1.7489259177065237,-0.000677864704609954,0.7737014522782161,0.06460916905398122,0.039815498927650704,0.09082441625228825,-1.9595771427746111,0.1901433798938557,0.9169969921562536,0.049755001779141966,-0.016289160037816997,-0.00643415073203496,0.09000117304571391,0.09000117304571391,0.0,0.14369009422540613,0.514372794000935,-0.2171995266620652,-0.0027115242183396475,-0.004288527969611551,-5.013342940777375,0,0.5193229267332066
42.20319999999361,-2.1502878242807593,0.5100890695831752,1.2844780343196094,0.003305597512065791,-0.01222455113676958,-0.00905956914015009,-2.302604463778915,0.42254872647199465,1.2261879883411326,-0.031012654004354073,-0.031785295366644456,0.013442847258354963,-2.131157794134524,0.3062824095227299,1.071622852498174,0.009417266916637551,-0.024441378072498816,0.0033886568410010517,0.09000117304571391,0.09000117304571391,0.0,0.14366603439276085,0.5143992139440221,-0.21713775223703502,-0.0027117977247325563,-0.004283383529295097,-5.013287998789605,0,0.5193608458012872
42.207359999993606,-2.150274029576083,0.5100381848496285,1.2844403395792054,0.0033107291222892604,-0.012212336051227783,-0.009046737696952205,-1.748086220688692,0.33237705588827854,1.4954173388245329,0.18514754134093708,-0.05081836442459991,0.006851845638076658,-1.9392362273591932,0.31922407455979657,1.2835378753862328,0.09823378710258408,-0.03756085461417212,0.004849515604384666,0.09000117304571391,0.09000117304571391,0.0,0.14364196002015567,0.5144256293555408,-0.21707607604152285,-0.0027120732474621195,-0.004278248387623312,-5.013233058287178,0,0.5193987246987922
42.211519999993605,-2.150260213503861,0.5099873509159509,1.2844026982385304,0.0033158573332672265,-0.012200144082621885,-0.009033921762009896,-1.7555779054203051,0.8129338261824802,1.2939899708151357,0.048163537751703296,0.011859665786516576,0.08429231846227876,-1.8473060895351299,0.5661069043387066,1.288938902196604,0.07343605761616778,-0.012772726480678877,0.04476759822542734,0.09000117304571391,0.09000117304571391,0.0,0.1436178710895152,0.5144520402751799,-0.21701449791263316,-0.0027123507876047727,-0.004273122532266535,-5.0131781192245235,0,0.5194365634940784
42.215679999993604,-2.1502463760781896,0.5099365676859398,1.2843651102329992,0.003320982161152402,-0.012187975202670176,-0.009021121327513168,-1.8224573517417133,0.33286190414517214,1.836919962475299,0.007663949740304585,0.004129728513144134,0.0824388245195649,-1.8348660171524058,0.4494916502708961,1.5631033541275323,0.04075192565866034,-0.0044612745759389245,0.06426582480355265,0.09000117304571391,0.09000117304571391,0.0,0.1435937675822691,0.51447844674251,-0.21695301768820968,-0.002712630346237599,-0.004268005950904094,-5.013123181556067,0,0.5194743622554365
42.2198399999936,-2.1502325173130976,0.5098858350635102,1.2843275754980592,0.0033261036220806,-0.012175829383115384,-0.009008336385609337,-2.3020416416247493,0.7463158071181685,1.6023391764425294,-0.029863618141586855,-0.04322177718346846,0.06720484507225769,-2.068518051324789,0.5978156508636779,1.5828628266913398,0.004889662725709406,-0.023716520753357197,0.06501257663433953,0.09000117304571391,0.09000117304571391,0.0,0.14356964948042095,0.5145048487968772,-0.21689163520576624,-0.0027129119244381126,-0.004262898631225724,-5.013068245236235,0,0.5195121210510915
42.2239999999936,-2.150218637222547,0.5098351529526947,1.2842900939691908,0.0033312217321733034,-0.012163706595725328,-0.0089955669284008,-2.3124461623499486,0.6489735485706803,1.188746652379403,0.06434487483126666,0.07311494968578004,-0.05942676601581863,-2.1903495868082934,0.6235485575482095,1.385677393999898,0.0344252422520253,0.023960756844435206,0.003272939838320611,0.09000117304571391,0.09000117304571391,0.0,0.14354551676547975,0.5145312464778303,-0.21683035030334236,-0.0027131955232846663,-0.004257800560932251,-5.013013310219451,0,0.519549839949203
42.2281599999936,-2.150204735820432,0.5097845212576435,1.2842526655819078,0.0033363365075423264,-0.012151606812269138,-0.00898281294795613,-2.2495069230484512,0.2897761767610888,1.7278439924104825,0.17526734887416365,-0.06927520468564212,-0.017924788921412367,-2.219563715868966,0.4565166938115987,1.5567258355474132,0.10464397269904986,-0.023013152242960112,-0.0073395102628636966,0.09000117304571391,0.09000117304571391,0.0,0.143521369419101,0.5145576398246406,-0.2167691628197186,-0.002713481143856145,-0.0042527117277311195,-5.012958376460136,0,0.5195875190178652
42.2323199999936,-2.150190813120581,0.5097339398826245,1.2842152902717565,0.0033414479642807186,-0.012139530004553421,-0.00897007443629712,-1.90953702398475,0.41896068308004686,1.137781754546539,0.014921730565842306,-0.21313060508421722,0.10181542039208827,-2.0645171577513444,0.4372949099764557,1.3474615944232884,0.05978570664841403,-0.11795863260921585,0.04773208883749292,0.09000117304571391,0.09000117304571391,0.0,0.1434972074228732,0.5145840288765149,-0.21670807259291952,-0.0027137687872322057,-0.004247632119341593,-5.012903443912712,0,0.519625158325106
42.2364799999936,-2.1501768691367538,0.5096834087320228,1.2841779679743173,0.0033465561184691413,-0.012127476144399428,-0.00895735138540461,-1.8105192060755877,0.2948377183769735,1.760683796733863,0.11138520843364581,0.06013442362533452,-0.04810307709139951,-1.9372854631911873,0.366190939692171,1.5539747245259086,0.08593634828715324,-0.029185320163066058,0.00020990967393466728,0.09000117304571391,0.09000117304571391,0.0,0.14347303075831766,0.5146104136726494,-0.2166470794621383,-0.0027140584544932626,-0.004242561723492629,-5.012848512531596,0,0.5196627579388882
42.2406399999936,-2.1501629038826446,0.5096329277103409,1.2841406986252037,0.0033516609861741972,-0.012115445203648824,-0.00894464378721993,-1.6612758119174411,0.1673608592961302,1.4576252295404344,-0.12170832387788588,-0.020586019684833305,-0.08692282734962958,-1.7995324959747996,0.266732131787604,1.5056186021330438,-0.017564953235316868,-0.02509871474371355,-0.0433971660585797,0.09000117304571391,0.09000117304571391,0.0,0.14344883940710268,0.5146367942521232,-0.2165861832664553,-0.0027143501467204985,-0.004237500527923009,-5.012793582271206,0,0.5197003179271084
42.244799999993596,-2.1501489173718804,0.5095824967221986,1.2841034821600636,0.003356762583450989,-0.012103437154157865,-0.008931951633646138,-2.028401335815088,0.5064140727968969,1.360562213450185,0.042160026903974586,0.14386253065970053,0.11110669392292603,-1.9138818398793953,0.3868729196556496,1.4333206465004542,0.012781335463882711,0.05989505681221892,0.03377032337324812,0.09000117304571391,0.09000117304571391,0.0,0.14342463335061595,0.5146631706538978,-0.21652538384547984,-0.0027146438649960102,-0.004232448520380138,-5.012738653085957,0,0.5197378383575977
42.248959999993595,-2.1501349096180205,0.5095321156723327,1.284066318514578,0.0033618609263382014,-0.01209145196781187,-0.008919274916543284,-2.100879930565804,0.05388111873890833,1.2042862835161818,-0.09436733387803903,-0.08105417338268917,0.02646303653332136,-2.0075783125160163,0.22020625963300086,1.3188582625459004,-0.04086429353052979,-0.010647887576642855,0.029464239125981954,0.09000117304571391,0.09000117304571391,0.0,0.1434004125699642,0.5146895429170315,-0.21646468103828057,-0.0027149396104028,-0.004227405688622509,-5.012683724930263,0,0.519775319298121
42.253119999993594,-2.1501208806345584,0.5094817844655972,1.2840292076244624,0.003366956030860663,-0.0120794896165121,-0.008906613627730622,-2.2183653605759828,0.7843465862421246,1.366450821208427,0.1402641133816041,0.015303685858622181,-0.10071606121057286,-2.1126818836296346,0.502312428055539,1.3424465827895393,0.0498409261651491,0.0022174092545641944,-0.03619187361587301,0.09000117304571391,0.09000117304571391,0.0,0.14337617704704242,0.514715911080305,-0.2164040746853111,-0.0027152373840244708,-0.004222372020418271,-5.012628797758537,0,0.5198127608163782
42.25727999999359,-2.150106830434921,0.5094315030069632,1.2839921494254667,0.003372047913031575,-0.012067550072181427,-0.00889396775898952,-2.011737478875302,0.5489408312984413,0.8921471468958986,-0.12928210339329413,-0.05096008942684585,-0.07222598411200057,-2.0624785764626417,0.5255218506459483,1.117144806370103,-0.03937323474036971,-0.02479597391992939,-0.05484153815572735,0.09000117304571391,0.09000117304571391,0.0,0.143351926763038,0.514742275182489,-0.21634356462670065,-0.0027155371869458413,-0.004217347503545464,-5.012573871525189,0,0.5198501629800025
42.26143999999359,-2.1500927590324674,0.5093812712015183,1.2839551438533747,0.003377136588849792,-0.01205563330676431,-0.008881337302061126,-2.036197240505077,0.5970679597315056,1.5704651571933606,0.09456846780832956,-0.07562507680292513,-0.015760462380945552,-2.049140878810136,0.5611368705734776,1.343774220365681,0.02751879025296766,-0.049612332636784065,-0.03474947242770795,0.09000117304571391,0.09000117304571391,0.0,0.14332766169907135,0.514768635262344,-0.21628315070246684,-0.0027158390202527225,-0.004212332125792298,-5.012518946184627,0,0.5198875258565618
42.26559999999359,-2.1500786664404914,0.5093310889544674,1.2839181908440054,0.003382222074301651,-0.012043739292219583,-0.008868722248648061,-1.956614619541922,1.1916832610548505,1.7755545125482497,-0.10689524484821629,-0.04333663654802003,-0.16638744197850744,-2.003099388061449,0.8763235745462797,1.5593208737349737,-0.03970494743648448,-0.04610725461304087,-0.10035180078153141,0.09000117304571391,0.09000117304571391,0.0,0.14330338183662367,0.5147949913584602,-0.21622283275380005,-0.0027161428850317314,-0.004207325874955802,-5.012464021691259,0,0.519924849513558
42.26975999999359,-2.150064552672219,0.5092809561711318,1.283881290333212,0.00338730438535521,-0.012031868000548361,-0.008856122590406728,-1.9952849982669203,0.4479708046658978,1.100283172096596,-0.01947875065988031,-0.03726960855677057,0.05579650992926671,-1.999231191986661,0.6620669164475985,1.3299158398013615,-0.03029599829798483,-0.04180629022530181,-0.022755915051254558,0.09000117304571391,0.09000117304571391,0.0,0.14327908715668208,0.5148213435094714,-0.2161626106213534,-0.002716448782370735,-0.004202328738846823,-5.01240909799949,0,0.5199621340184268
42.27391999999359,-2.150050417740811,0.5092308727569496,1.2838444422568829,0.0033923835379717233,-0.01202001940374564,-0.008843538318964693,-2.4304620428252095,-0.03348733782847757,1.3124120487925315,0.12469530877051671,0.045060970020614544,-0.1259465638681475,-2.214590534572081,0.31437610480823014,1.3209015165456683,0.047315835254259746,0.0028444912811307725,-0.07418111199221598,0.09000117304571391,0.09000117304571391,0.0,0.14325477764080854,0.5148476917537343,-0.21610248414652575,-0.002716756713358409,-0.0041973407052826,-5.012354175063725,0,0.5199993794385385
42.27807999999359,-2.1500362616593605,0.5091808386174752,1.2838076465509416,0.0033974595480935157,-0.012008193473854336,-0.008830969425900248,-2.58949474854042,0.6914277960048989,1.461597576878763,0.11333624304912474,-0.08409825151951096,-0.026324379751145904,-2.4018107964209596,0.5027289013981913,1.3911959062897243,0.08093130675456345,-0.04025323199006769,-0.05031783741345741,0.09000117304571391,0.09000117304571391,0.0,0.14323045326964343,0.51487403612981,-0.21604245317082127,-0.002717066679084887,-0.004192361762094092,-5.012299252838364,0,0.5200365858411968
42.282239999993585,-2.150022084440895,0.5091308536583797,1.2837709031513467,0.003402532431653052,-0.011996390182918839,-0.008818415902761372,-1.8411489125283595,0.8196944886667332,1.4800141397038566,-0.04400869424929887,0.07437128024337084,-0.0010899134599252139,-2.1215675090634334,0.6613680411721486,1.4356038338650865,0.018489020211678097,0.017321881762689034,-0.025926456801116268,0.09000117304571391,0.09000117304571391,0.0,0.1432061140248294,0.5149003766759821,-0.21598251753584935,-0.002717378680641067,-0.004187391897120234,-5.012244331277809,0,0.5200737532936404
42.286399999993584,-2.150007886098376,0.5090809177854505,1.2837342119940922,0.0034076022045702523,-0.011984609503011496,-0.00880587774105437,-2.2714667956887236,0.8690344451502116,0.7962211427305028,-0.022252754557355557,-0.04080611838536837,0.035065013098032505,-2.19656466952982,0.765117275489914,1.115980104976637,-0.0017911928594453335,-0.011476209676543255,0.004970940563220633,0.09000117304571391,0.09000117304571391,0.0,0.143181759887302,0.5149267134305254,-0.2159226770837529,-0.0027176927191193186,-0.004182431098210284,-5.0121894103364575,0,0.5201108818630413
42.29055999999358,-2.149993666644698,0.5090310309045912,1.2836975730152078,0.003412668882751967,-0.011972851406224413,-0.008793354932248688,-2.3992809609279133,0.34079480381113036,0.6157694877476056,-0.03847191932612517,-0.030191948320269085,-0.19006453667359122,-2.2980050689060745,0.5528903123516936,0.8654757048345914,-0.019737470360464,-0.02085224252357458,-0.09240804634096624,0.09000117304571391,0.09000117304571391,0.0,0.1431573908379301,0.5149530464315979,-0.21586293165678155,-0.0027180087956132437,-0.004177479353223457,-5.012134489968707,0,0.5201479716165057
42.29471999999358,-2.149979426092689,0.5089811929218218,1.2836609861507589,0.003417732482089503,-0.011961115864678667,-0.008780847467772631,-2.377503642095681,0.40484907636703704,1.500216095747948,-0.04785814412136234,0.05729216915691218,0.011304901187190079,-2.337854650597592,0.4789875680003594,1.1828735159196266,-0.033702119506805545,0.018338291178822852,-0.04039480899816226,0.09000117304571391,0.09000117304571391,0.0,0.14313300685772998,0.5149793757173484,-0.21580328109750557,-0.0027183269112176275,-0.004172536650030655,-5.012079570128952,0,0.5201850226210739
42.29887999999358,-2.149965164455112,0.5089314037432779,1.2836244513368462,0.003422793018459992,-0.01194940285052227,-0.008768355339014674,-2.6369237695994423,0.7013724718621486,1.308126975928251,0.06361761150879647,0.04901365070517276,0.12512425286915274,-2.4872593173949076,0.5902850083066069,1.24576079027269,0.015113726287627905,0.03295983290880095,0.04263634067028336,0.09000117304571391,0.09000117304571391,0.0,0.1431086079276517,0.515005701325863,-0.21574372524838833,-0.0027186470670285496,-0.004167602976514861,-5.012024650771585,0,0.5202220349437199
42.30303999999358,-2.149950881744663,0.5088816632752117,1.2835879685096074,0.0034278505077315223,-0.011937712335911881,-0.008755878537329946,-1.7497366553144975,0.8491684024429776,1.481966682568582,-0.019119766063178566,0.10292130204010032,0.008396196122239043,-2.118533230716646,0.7199418310778958,1.363881739052535,-0.0016947233991340951,0.06830111460912205,0.026054140832045315,0.09000117304571391,0.09000117304571391,0.0,0.14308419402879313,0.5150320232951118,-0.2156842639530707,-0.0027189692641433395,-0.00416267832056753,-5.011969731850999,0,0.5202590086513521
42.30719999999358,-2.1499365779739725,0.5088319714239907,1.2835515376052156,0.003432904965759675,-0.01192604429302832,-0.008743417054037765,-1.6746370571874694,0.5805799196627626,1.3724850210326314,0.17307535243559616,-0.049045890211606186,-0.08132642623805524,-1.8962219724994402,0.650158547747629,1.3680135540627651,0.08564374110338113,0.009317006760922501,-0.027278461002774382,0.09000117304571391,0.09000117304571391,0.0,0.14305976514197244,0.5150583416630022,-0.2156248970542325,-0.0027192935036608025,-0.004157762670089971,-5.0119148133215825,0,0.5202959438108127
42.31135999999358,-2.149922253155604,0.5087823280960987,1.2835151585598805,0.0034379564083858597,-0.01191439869407964,-0.008730970880415507,-2.413167009931838,0.20970149180740588,1.7973991532342073,-0.004199400340796896,0.1637644028853942,0.08637573494576709,-2.154707705004953,0.43026722453945304,1.582888537229883,0.04114232593076633,0.08669350664306577,0.029772191552333998,0.09000117304571391,0.09000117304571391,0.0,0.14303532124772766,0.5150846564673797,-0.21556562439594523,-0.002719619786681193,-0.004152856012994707,-5.0118598951377225,0,0.5203328404888777
42.315519999993576,-2.1499079073020564,0.508732733198135,1.2834788313098484,0.003443004851434852,-0.0119027755113064,-0.00871854000770129,-1.7517422405099363,0.5431934561630749,1.4155257905870262,-0.1227706401078006,0.07226990738632127,-0.02881217629946247,-1.9534779778256353,0.48688184129994005,1.4991472260245144,-0.04057985957338482,0.07929440841419176,-7.48432976538895e-05,0.09000117304571391,0.09000117304571391,0.0,0.14301086232717217,0.5151109677459732,-0.21550644582174844,-0.002719948114306039,-0.004147958337207318,-5.011804977253806,0,0.5203696987522572
42.319679999993575,-2.1498935404257615,0.5086831866368143,1.2834425557914022,0.0034480503107255926,-0.011891174716952876,-0.008706124427103303,-2.158795640281922,0.6799482801597698,0.8396526958958297,-0.03228213052067581,-0.006280323639939994,-0.0738524964774322,-2.0562057037736707,0.5834019874549033,1.1692409927097285,-0.03628144673882815,0.03716711338018353,-0.03660197331231424,0.09000117304571391,0.09000117304571391,0.0,0.142986388360926,0.5151372755365571,-0.2154473611759328,-0.002720278487638416,-0.004143069630661219,-5.011750059624216,0,0.5204065186675951
42.323839999993574,-2.149879152539086,0.5086336883189673,1.2834063319408615,0.003453092802058695,-0.01187959628330508,-0.008693724129785677,-2.6358781947903194,0.6491478786678143,0.9688955103227632,0.06347580849955246,0.01767177024956743,-0.04633008375348461,-2.3459148333773223,0.6163127818294272,1.0689706639032788,0.014002239874011866,0.02711682677662332,-0.04155172951142145,0.09000117304571391,0.09000117304571391,0.0,0.14296189932975711,0.5151635798767362,-0.21538837030268532,-0.002720610907782934,-0.004138189881303059,-5.011695142203335,0,0.5204433003014696
42.32799999999357,-2.149864743654331,0.5085842381515395,1.2833701596945828,0.003458132341226727,-0.01186804018265741,-0.008681339106881632,-1.8144279600479534,0.8506803443940525,1.1897963830148055,0.05156264629365162,-0.002163180561484016,0.007793779864512011,-2.0800604309363555,0.7334939019200218,1.1294012635902495,0.032781048927541044,0.012383405784702282,-0.01721093859175301,0.09000117304571391,0.09000117304571391,0.0,0.14293739521436763,0.515189880804107,-0.21532947304651714,-0.002720945375845724,-0.004133319077088433,-5.011640224945542,0,0.5204800437203922
42.33215999999357,-2.149850313783731,0.5085348360415923,1.28333403898896,0.003463168944009792,-0.011856506387328224,-0.008668969349487233,-2.035343591989396,0.16028467740336966,1.7132522185148011,-0.010942673863344164,-0.14510000493263814,-0.14011778360652943,-2.0577227631591066,0.4465836801467235,1.4210374764018436,0.01010656131492739,-0.06644693574974582,-0.07773846753675191,0.09000117304571391,0.09000117304571391,0.0,0.14291287599518007,0.5152161783560972,-0.21527066925269248,-0.0027212818929345114,-0.0041284572059829775,-5.011585307805216,0,0.5205167489908088
42.33631999999357,-2.149835862939455,0.508485481896302,1.2832979697604239,0.003468202626171212,-0.011844994869672488,-0.008656614848658553,-1.9903164795402462,0.4264839222782366,0.9429187479099406,-0.17347047458470563,-0.04420215784566951,0.013568304990902419,-2.024379035433221,0.4364418981015454,1.182002786750531,-0.08211632055982383,-0.05541095273026551,-0.03199405667394001,0.09000117304571391,0.09000117304571391,0.0,0.14288834165297867,0.5152424725701793,-0.21521195876573146,-0.0027216204601585568,-0.004123604255965595,-5.011530390736733,0,0.5205534161790988
42.34047999999357,-2.149821391133607,0.5084361756229602,1.283261951945443,0.003473233403466932,-0.011833505602054144,-0.008644275595419235,-1.9086600147636905,0.7391669165485545,1.577780651577944,0.10315850925783153,0.026428450821336033,0.2363497399972606,-1.9663042678823832,0.5878615078346879,1.3803867753298094,0.010566565185174235,-0.014502155571667955,0.10183075018033236,0.09000117304571391,0.09000117304571391,0.0,0.14286379216826844,0.5152687634837109,-0.21515334143154913,-0.002721961078628798,-0.004118760215024227,-5.011475473694467,0,0.5205900453515758
42.34463999999357,-2.149806898378225,0.5083869171289732,1.283225985480523,0.0034782612916361387,-0.011822038556876672,-0.008631951580752596,-2.2914324264891004,0.5058127169179345,0.9157348447978033,-0.10825598822386578,-0.21204647186671877,0.18796284812833047,-2.1290963919229324,0.5463955105227141,1.1484495673898865,-0.04854843570807811,-0.11327262171163545,0.14438570179961316,0.09000117304571391,0.09000117304571391,0.0,0.1428392275214886,0.5152950511339878,-0.21509481709553194,-0.002722303749457927,-0.0041139250711601325,-5.011420556632789,0,0.5206266365744872
42.34879999999357,-2.1497923846852816,0.5083377063218626,1.2831900703022079,0.003483286306408162,-0.011810593706558415,-0.008619642795609096,-2.050733381417877,0.4992728924950816,1.511882577332707,-0.13189100807826434,-0.15550041480208818,-0.034070606165163025,-2.0901891344584627,0.5225103109297693,1.3300971584001926,-0.08998999409796406,-0.13432395036217437,0.05545324305568247,0.09000117304571391,0.09000117304571391,0.0,0.14281464769322666,0.5153213355582443,-0.21503638560360658,-0.002722648473760284,-0.004109098812384914,-5.011365639506069,0,0.5206631899140141
42.352959999993566,-2.1497778500666835,0.5082885431092645,1.283154206347079,0.0034883084635034074,-0.011799171023532224,-0.008607349230907864,-1.3784487639486844,0.7514595505173793,1.254255261993562,0.08823865521456033,0.009269851758255296,0.04970164125353582,-1.7341309966462863,0.637005484478462,1.2922805923929943,-0.0006170021719839739,-0.062377880804224885,0.05183975748180662,0.09000117304571391,0.09000117304571391,0.0,0.1427900526637909,0.5153476167936533,-0.21497804680202715,-0.0027229952526519677,-0.004104281426718898,-5.011310722268676,0,0.5206997054362718
42.357119999993564,-2.1497632945342726,0.50823942739893,1.283118393551756,0.003493327778625371,-0.011787770480271163,-0.008595070877526324,-2.118982952711829,0.41794464122827796,1.5872992623386168,0.009148273222039503,-0.06404527409056524,-0.044771581914732295,-1.9265404052373103,0.5273397973361758,1.439699358118725,0.004152352321512956,-0.06296127361474092,0.0033046832239347484,0.09000117304571391,0.09000117304571391,0.0,0.14276544241363784,0.5153738948772728,-0.21491980053694754,-0.002723344087250866,-0.004099472902195714,-5.011255804874975,0,0.520736183207309
42.36127999999356,-2.1497487180998247,0.5081903590987248,1.2830826318528965,0.0034983442674680998,-0.011776392049264853,-0.008582807726309092,-2.196293797586568,0.32472064824988156,0.7543101820806292,0.008893093703994097,0.04478865683899186,0.06927511573929408,-2.061399739392407,0.42612118866798293,1.097144847839403,0.0061607148567579635,-0.008720360640212893,0.03590893368765954,0.09000117304571391,0.09000117304571391,0.0,0.14274081692294469,0.5154001698460997,-0.2148616466552773,-0.002723694978676703,-0.004094673226859626,-5.011200887279329,0,0.5207726232931086
42.36543999999356,-2.149734120775051,0.5081413381166288,1.2830469211871962,0.0035033579457090253,-0.011765035703042352,-0.008570559768060594,-2.127435925180371,0.9472909933321834,1.2697160553226383,0.1703948671385747,-0.08120737866754514,0.23181914741629642,-2.0940646401389755,0.6865411144225753,1.1839141235946284,0.08863374167203943,-0.045096523566129657,0.13371332565742544,0.09000117304571391,0.09000117304571391,0.0,0.14271617617225088,0.5154264417372301,-0.214803585003613,-0.002724047928051038,-0.004089882388768989,-5.011145969436099,0,0.5208090257595872
42.36959999999356,-2.1497195025715965,0.5080923643607366,1.2830112614913898,0.003508368829024041,-0.011753701414123394,-0.008558326993563287,-1.9144213840968551,-0.1197716241695046,1.293467271229515,-0.11141861515491709,-0.033916409002285944,-0.03686843820380761,-2.004473995689862,0.28330798514392314,1.238614451201061,-0.011142511723057675,-0.039231817213105216,0.048590847768444786,0.09000117304571391,0.09000117304571391,0.0,0.1426915201416031,0.5154527105874317,-0.2147456154295217,-0.0027244029364972733,-0.004085100375987773,-5.011091051299646,0,0.5208453906725954
42.37375999999356,-2.149704863501042,0.5080434377392571,1.28297565270225,0.0035133769330665927,-0.011742389155088483,-0.008546109393551644,-2.0556826385202642,0.622633766449857,1.1260282350453075,-0.0536596685271795,0.07055991583051582,0.04052628903107321,-2.0301892265575328,0.4531209629896682,1.1824067848433526,-0.03290778205010451,0.015200134629991145,0.043628164231241044,0.09000117304571391,0.09000117304571391,0.0,0.14266684881141026,0.5154789764335717,-0.21468773778004452,-0.0027247600051407816,-0.004080327176595951,-5.011036132824326,0,0.5208817180979174
42.37791999999356,-2.1496902035749024,0.5079945581605133,1.2829400947565885,0.003518382273487194,-0.01173109889851422,-0.00853390695873627,-1.9679994734471986,0.8202555021670629,0.9726589481584746,-0.06204761646781633,-0.023685924288781943,-0.04538856648100944,-1.9992212880232583,0.6366422937308253,1.0774383004104913,-0.04828558570774703,-0.004604961407611491,-0.0015036875949305283,0.09000117304571391,0.09000117304571391,0.0,0.14264216216158848,0.5155052393124563,-0.2146299519029798,-0.0027251191351088896,-0.0040755627786811886,-5.0109812139644925,0,0.5209180081012713
42.38207999999356,-2.149675522804628,0.5079457255329424,1.2829045875912561,0.0035233848659175122,-0.011719830617024547,-0.008521719679784498,-2.4389980879836117,0.015054404714820113,1.163217713314443,-0.02021237510022538,-0.0992494176524629,-0.01986664009102882,-2.219154137491857,0.3256369652815036,1.120287371020949,-0.03457245496252569,-0.05163335724733696,-0.01072531739323968,0.09000117304571391,0.09000117304571391,0.0,0.14261746017262997,0.515531499260778,-0.21457225764645643,-0.0027254803275308416,-0.004070807170345416,-5.010926294674499,0,0.5209542607483093
42.386239999993556,-2.149660821201603,0.5078969397650955,1.2828691311431422,0.003528384725984155,-0.01170858428325063,-0.008509547547338032,-2.0363983380492825,0.7417269495616493,1.2917596249214696,-0.02738962342427744,-0.006012124767281151,0.011018148037699769,-2.127831399491041,0.5336732613574151,1.2060462488326147,-0.03123589443446848,-0.029257162156595233,0.0008020597789242378,0.09000117304571391,0.09000117304571391,0.0,0.1425927428243208,0.5155577563151147,-0.21451465485829235,-0.002725843583538055,-0.004066060339699634,-5.010871374908695,0,0.520990476104617
42.390399999993555,-2.1496460987771475,0.5078482007656377,1.2828337253491755,0.003533381869296147,-0.011697359869866567,-0.008497390551995809,-2.2898163343547737,0.7380343636318903,1.4751405847058192,-0.2683651028875029,0.03321028432351536,-0.03027466674372635,-2.209382429233642,0.6359239274192798,1.340533114122018,-0.15015209720704,0.002160818387839175,-0.015111673443880638,0.09000117304571391,0.09000117304571391,0.0,0.1425680100965952,0.5155840105121444,-0.21445714338727803,-0.0027262089042639453,-0.004061322274868887,-5.010816454621429,0,0.5210266542357141
42.394559999993554,-2.1496313555425166,0.5077995084433479,1.2827983701463241,0.003538376311453548,-0.011686157349561162,-0.00848524868432885,-2.549522294731465,1.2525084060298624,0.9159810528839225,-0.13592058854104871,0.04552415780196331,0.11880515541250056,-2.379737617137662,0.9443124729587049,1.1285009983360574,-0.14295831759993313,0.025136642720959473,0.0519466651379066,0.09000117304571391,0.09000117304571391,0.0,0.14254326196996395,0.5156102618883244,-0.21439972308189417,-0.0027265762908438252,-0.004056592963988841,-5.010761533767044,0,0.5210627952070543
42.39871999999355,-2.1496165915088996,0.5077508627071186,1.2827630654715956,0.003543368068049037,-0.011674976695042446,-0.008473121934876548,-1.6600982234083785,0.7003213609350917,0.9906665090781768,-0.17046032053245738,-0.13396851923188566,0.05369241263809922,-2.0202674465458306,0.8220358867833418,1.0596943639727583,-0.1567030225336358,-0.054082529006150265,0.05286938365989341,0.09000117304571391,0.09000117304571391,0.0,0.14251849842380418,0.5156365104800514,-0.21434239379116707,-0.0027269457444154223,-0.004051872395204846,-5.010706612299885,0,0.5210988990840247
42.40287999999355,-2.149601806687422,0.5077022634659558,1.2827278112620366,0.0035483571546561787,-0.011663817879063615,-0.008461010294137126,-2.652100516806753,0.4312097580649635,0.9489186218333447,-0.08541950306563154,-0.1493258710739546,0.06655895521515555,-2.336365738797393,0.6263091920915941,1.004445610256755,-0.12122652112309894,-0.10155286020540275,0.059015205828414255,0.09000117304571391,0.09000117304571391,0.0,0.14249371943849656,0.5156627563238225,-0.21428515536402742,-0.0027273172661184115,-0.004047160556677116,-5.010651690174292,0,0.5211349659319465
42.40703999999355,-2.1495870010891434,0.5076537106289792,1.2826926074547342,0.0035533435868450353,-0.011652680874382659,-0.008448913752583201,-1.9389206752773902,0.11644276332691311,1.3051826881920159,-0.047351812446149576,-0.08604889801959198,0.024440810682587688,-2.137740113021607,0.3711927174917853,1.154867912420688,-0.08371847146532223,-0.09345892297658642,0.04133467513422312,0.09000117304571391,0.09000117304571391,0.0,0.142468924993716,0.5156889994559143,-0.21422800765038047,-0.0027276908570947906,-0.004042457436574685,-5.010596767344602,0,0.5211709958160748
42.41119999999355,-2.1495721747250593,0.5076052041054218,1.2826574539868147,0.0035583273801711,-0.011641565653793054,-0.008436832300652343,-2.044597776583954,0.29995683448345245,0.929038300003268,-0.07112745245441739,0.19133396604288483,-0.08208691784730872,-2.0913154398374796,0.3359720872721809,1.0417806062317756,-0.07780662667688273,0.04899590597899771,-0.02028102800486121,0.09000117304571391,0.09000117304571391,0.0,0.14244411506928603,0.5157152399125969,-0.21417095049939538,-0.0027280665184887544,-0.004037763023078905,-5.010541843765149,0,0.5212069888015983
42.41535999999355,-2.1495573276061,0.5075567438046297,1.282622350795445,0.003563308550178888,-0.011630472190113766,-0.00842476592874729,-1.7841679865104787,0.6104274880100664,1.2167346404922412,-0.013024025325983018,-0.0692861207019261,-0.09759578344600965,-1.9377671484839867,0.47305741676264046,1.12905446418341,-0.045181468193106034,-0.010051823274841973,-0.05826652303201672,0.09000117304571391,0.09000117304571391,0.0,0.1424192896449654,0.515741477730027,-0.2141139837616443,-0.0027284442514467276,-0.004033077304383063,-5.010486919390268,0,0.5212429449536398
42.41951999999355,-2.149542459743132,0.5075083296360622,1.2825872978178317,0.0035682871123988193,-0.011619400456200926,-0.008412714627236147,-2.173475694103944,0.491783561328933,1.0043363181169649,0.08920513132139107,0.0029924783159207442,0.06509560872257461,-2.055437745059874,0.48242649330804,1.0668302253334305,0.022108283073577595,-0.003361713290106132,0.003257625027029309,0.09000117304571391,0.09000117304571391,0.0,0.14239444870066192,0.5157677129444618,-0.21405710728675034,-0.002728824057117464,-0.004028400268694626,-5.010431994174288,0,0.5212788643372557
42.423679999993546,-2.1495275711469555,0.5074599615092917,1.2825522949912214,0.0035732630823589497,-0.01160835042490814,-0.008400678386464078,-1.6651764643079647,0.5684293480180828,1.283617573732754,0.08075547602303584,0.02837277737469457,-0.007837017910328115,-1.860136864415352,0.5254887219583121,1.1752090765535035,0.05164912861902853,0.011933737552752595,-0.0022701487347303382,0.09000117304571391,0.09000117304571391,0.0,0.14236959221600512,0.5157939455918853,-0.2140003209253119,-0.0027292059366520066,-0.004023731904228064,-5.010377068071537,0,0.5213147470174365
42.427839999993544,-2.1495126618283074,0.5074116393340037,1.2825173422529017,0.0035782364755703442,-0.011597322069136612,-0.00838865719673577,-2.277494541736874,0.48999929767090783,1.106896792286686,0.16084026034063817,0.007106076849542722,0.03723568795742671,-2.0684844334155637,0.5077573813126318,1.1411279804682632,0.10640741615344805,0.01007827525538839,0.018405894455760616,0.09000117304571391,0.09000117304571391,0.0,0.14234472017055963,0.5158201757083287,-0.21394362452826277,-0.0027295898912038105,-0.004019072199211719,-5.0103221410363386,0,0.5213505930591065
42.43199999999354,-2.1494977317978594,0.5073633630199961,1.2824824395402004,0.0035832073075328474,-0.011586315361814307,-0.008376651048324623,-1.7703494899343752,0.8999628634449781,1.6319532338241878,-0.0036009034571706376,0.015839821136318162,-0.051580925051214414,-1.91942223681143,0.703895835239949,1.386436713714687,0.05134853576050761,0.012948080996069429,-0.01656324942042251,0.09000117304571391,0.09000117304571391,0.0,0.14231983254403918,0.5158464033298171,-0.21388701794623033,-0.0027299759219286835,-0.004014421141886914,-5.010267213023015,0,0.5213864025271235
42.43615999999354,-2.1494827810662187,0.5073151324771799,1.2824475867904859,0.0035881755937396467,-0.011575330275882359,-0.008364659931476273,-2.0148365351699917,0.06075033059582441,1.220872454680372,0.08482132527095249,-0.024443623539292025,-0.20806555363971754,-1.9669545427274118,0.3822683915135109,1.3032214120345242,0.06852273752298184,-0.006058414773648405,-0.11266598033838876,0.09000117304571391,0.09000117304571391,0.0,0.14229492931587925,0.5158726284921561,-0.21383050103060502,-0.0027303640299848214,-0.004009778720504637,-5.010212283985886,0,0.5214221754862797
42.44031999999354,-2.1494678096439284,0.5072669476155784,1.2824127839411676,0.0035931413496673587,-0.011564366784328307,-0.008352683836397222,-2.4342438062919705,0.6448457430892608,1.4276463187085138,0.05190041027808765,0.04926032847319957,-0.03132771465372085,-2.2004948650389946,0.5136618468651339,1.3653695293018493,0.06039151953543859,0.021365589329022786,-0.07197993543467676,0.09000117304571391,0.09000117304571391,0.0,0.1422700104658783,0.5158988512312523,-0.21377407363289988,-0.002730754216532884,-0.004005144923330825,-5.010157353879267,0,0.5214579120013008
42.44447999999354,-2.1494528175414667,0.5072188083453278,1.2823780309296957,0.003598104590788403,-0.011553424860147425,-0.008340722753270559,-1.7416695239367992,0.41749421987153285,1.0395814561651793,0.0556156186297885,0.11148407656275214,-0.03798134613028575,-1.970964333827543,0.46580965722857093,1.2023942194980504,0.05849857544551394,0.06622040441349139,-0.05498596895515915,0.09000117304571391,0.09000117304571391,0.0,0.142245075973343,0.5159250715828463,-0.2137177356045363,-0.0027311464827361196,-0.004000519738640886,-5.0101024226574715,0,0.5214936121368463
42.44863999999354,-2.1494378047692475,0.5071707145766763,1.2823433276935614,0.0036030653325600493,-0.011542504476376034,-0.00832877667224091,-2.199174246339775,0.604789203614284,1.1819814261181778,-0.0985542281609547,0.005752768376945182,-0.02607504036173377,-2.085276440446121,0.5353136571739064,1.1921332960602733,-0.019746804816327426,0.035370822480136274,-0.040460909600135264,0.09000117304571391,0.09000117304571391,0.0,0.14222012581772903,0.5159512895827266,-0.21366148679770014,-0.002731540829760291,-0.003995903154723971,-5.010047490274811,0,0.5215292759575102
42.45279999999354,-2.149422771337621,0.5071226662199844,1.2823086741702971,0.0036080235904309478,-0.01153160560607109,-0.008316845583425202,-1.8240681979596536,0.2694778451430597,1.4923058641109446,-0.10310556012895115,-0.13712369685015993,0.06503331292855774,-1.954886447541274,0.40210979033032357,1.3423573070516175,-0.06069979605190014,-0.05140040402746112,0.012106775186201539,0.09000117304571391,0.09000117304571391,0.0,0.14219515997864177,0.5159775052665161,-0.2136053270644869,-0.002731937258773679,-0.003991295159880824,-5.009992556685592,0,0.5215649035278198
42.456959999993536,-2.1494077172568713,0.5070746631857248,1.2822740702974766,0.0036129793798440083,-0.011520728222303203,-0.008304929476914604,-2.212165573848305,0.4211491224598567,1.544525879958925,0.015783748435109497,-0.12176184588797731,-0.11314706791981488,-2.0834944248856866,0.4113774078332633,1.443208348966489,-0.022730445901720277,-0.08709559314573583,-0.050840734210759346,0.09000117304571391,0.09000117304571391,0.0,0.14217017843498067,0.5160037186698321,-0.2135492562573296,-0.0027323357709472273,-0.003986695742421208,-5.00993762184412,0,0.5216004949122365
42.461119999993535,-2.1493926425372205,0.5070267053844824,1.2822395160127151,0.0036179327162216683,-0.011509872298200316,-0.008293028342756643,-1.7917232965484118,0.5031603074167387,1.5060669094578483,-0.012021089008057916,0.03820990209735317,0.051211483968456435,-1.9376312964114597,0.4573489309910717,1.4747443556384372,-0.017629448438629527,-0.024429530283350456,0.0002903129994361272,0.09000117304571391,0.09000117304571391,0.0,0.14214518116664973,0.5160299298282334,-0.21349327422899925,-0.0027327363674543533,-0.003982104890671831,-5.009882685704696,0,0.5216360501751555
42.465279999993534,-2.149377547188825,0.5069787927269537,1.2822050112536694,0.0036228836149869354,-0.011499037806887626,-0.00828114217098105,-1.969628800980626,0.42848448410251383,1.0347779247035054,-0.005540504022927913,0.042819171150821705,0.00758408551375199,-1.9536409786717008,0.4430053201669196,1.2547739485636424,-0.011979081379753204,0.009309779684153148,0.0038826985822401202,0.09000117304571391,0.09000117304571391,0.0,0.14212016815242012,0.5160561387772201,-0.21343738083239147,-0.0027331390494713514,-0.003977522592967586,-5.0098277482216185,0,0.5216715693809062
42.46943999999353,-2.1493624312217765,0.5069309251239473,1.2821705559580379,0.003627832091545761,-0.011488224721535243,-0.008269270951579463,-2.5985511079583126,-0.07000306889590213,1.4716517257664603,0.03259291851736466,-0.250390067587895,0.06336770884448345,-2.2760325567327735,0.185976008463963,1.3633459142739126,0.010204528081357897,-0.12017571156817544,0.03373847164637616,0.09000117304571391,0.09000117304571391,0.0,0.1420951393716396,0.5160823455521807,-0.21338157592074058,-0.0027335438181770146,-0.003972948837657324,-5.009772809349183,0,0.5217070525937515
42.47359999999353,-2.1493472946461045,0.5068831024863835,1.2821361500635606,0.0036327781612950404,-0.011477433015339369,-0.008257414674513982,-2.3392266730820417,0.45693659671886183,1.3805542672800935,-0.07945374788174514,-0.17109389951136555,0.043199062545299934,-2.307797115265742,0.32110186538444646,1.3720397499402768,-0.033754963615498575,-0.14540895823098657,0.03861916609092387,0.09000117304571391,0.09000117304571391,0.0,0.14207009480380586,0.516108550188552,-0.213325859347192,-0.002733950674752868,-0.00396838361310267,-5.0097178690416815,0,0.5217424998778887
42.47775999999353,-2.149332137471773,0.5068353247252938,1.2821017935080201,0.003637721839626919,-0.01146666266150948,-0.008245573329721232,-1.9013583262628126,0.6800776023432544,1.3122035951375706,-0.011990946934954665,-0.1713438316633084,0.16555768494452225,-2.1045999089340355,0.5002348918175258,1.3424666340136648,-0.022830399880252334,-0.15791130803188946,0.10158743843906672,0.09000117304571391,0.09000117304571391,0.0,0.1420450344277113,0.5161347527216592,-0.21327023096587236,-0.002734359620383354,-0.003963826907674727,-5.009662927253403,0,0.5217779112974489
42.48191999999353,-2.1493169597086816,0.5067875917518218,1.2820674862292405,0.0036426631419187324,-0.011455913633295423,-0.008233746907104307,-2.5642738418686655,0.46741835120020186,1.3816903011036727,-0.11104664976289207,0.07201481083251364,0.006511002621494396,-2.3346699473555392,0.48397673835975075,1.3620924906711902,-0.0674706517578739,-0.04323116032812149,0.05395627626787694,0.09000117304571391,0.09000117304571391,0.0,0.14201995822251134,0.5161609531866628,-0.21321469063039306,-0.002734770656255589,-0.003959278709758202,-5.009607983938633,0,0.5218132869164969
42.48607999999353,-2.149301761366667,0.5067399034772218,1.2820332281650884,0.0036476020835346226,-0.011445185903988343,-0.00822193539652963,-1.6678298561105043,0.552330971955331,1.2631298578230803,-0.13455731130405393,0.020358518755870265,0.04804988641211992,-2.001526069765142,0.5181979513670039,1.31270986516193,-0.10054859147510911,-0.01205238798644942,0.05127222848754003,0.09000117304571391,0.09000117304571391,0.0,0.14199486616729753,0.5161871516189319,-0.21315923819513322,-0.0027351837835595952,-0.003954739007753548,-5.009553039051654,0,0.5218486267990318
42.49023999999353,-2.149286542455501,0.5066922598128597,1.2819990192534723,0.003652538679836166,-0.011434479446881465,-0.008210138787845338,-2.6446797126613415,0.522875687804892,1.1943411069121048,-0.13285633648070755,-0.08784757030950163,-0.16044438873267872,-2.323384171538625,0.5203524350699656,1.253191438188677,-0.11648759999248355,-0.04912921539015156,-0.054812995978848734,0.09000117304571391,0.09000117304571391,0.0,0.14196975824109737,0.5162133480535112,-0.2131038735141708,-0.0027355990034881525,-0.003950207790069923,-5.009498092546745,0,0.5218839310089864
42.494399999993526,-2.149271302984892,0.5066446606702126,1.2819648594323436,0.0036574729461741617,-0.011423794235300785,-0.008198357070866793,-2.3074524728815797,0.6742106207845759,1.1346606046295316,0.02241719551518324,-0.06539071756244651,0.07262853164659037,-2.315372164215713,0.5971461577488408,1.194076936925076,-0.046764915828673564,-0.05704927596894168,0.008572786476674721,0.09000117304571391,0.09000117304571391,0.0,0.14194463442287447,0.5162395425254942,-0.21304859644256643,-0.0027360163172369463,-0.0039456850451280116,-5.0094431443781815,0,0.5219191996102279
42.498559999993525,-2.1492560429644842,0.5065971059608684,1.2819307486396962,0.0036624048978848253,-0.011413130242618585,-0.008186590235374012,-2.0873282643070317,0.1748666266680468,1.0424162795511587,0.07893008191123968,0.09633001523871826,-0.0820171465212482,-2.2011840059130425,0.3862048248103239,1.1180738726360036,0.01586280704663303,0.01913823995357987,-0.03619655862978677,0.09000117304571391,0.09000117304571391,0.0,0.14191949469152848,0.5162657350700236,-0.21299340683508092,-0.002736435726004704,-0.00394117076136424,-5.009388194500236,0,0.5219544326665572
42.50271999999352,-2.149240762403858,0.5065495955965259,1.2818966868135666,0.00366733455030282,-0.01140248744220596,-0.008174838271129343,-1.7689201098879859,0.6683409406911455,1.5900448400724496,0.06672657305923978,0.04051085072336071,0.07103511196016453,-1.9849102226001611,0.5273595673678793,1.354210448498453,0.04128123665217143,0.029607289697319267,0.017393869542794732,0.09000117304571391,0.09000117304571391,0.0,0.1418943390258951,0.5162919257219709,-0.21293830454681648,-0.002736857230992967,-0.00393666492722306,-5.009333242867176,0,0.5219896302417093
42.50687999999352,-2.14922546131253,0.5065021294889946,1.281862673892034,0.003672261918742949,-0.01139186580749994,-0.008163101167850295,-2.298842623666953,0.34449932154329516,1.4260574031756919,-0.01099927428200739,0.1331986455387605,0.06880403436587158,-2.1419018452389738,0.4362050422997236,1.3902776090616376,0.015311272177922,0.08147899431633074,0.04306196132123853,0.09000117304571391,0.09000117304571391,0.0,0.14186916740474606,0.5163181145164177,-0.21288328943321738,-0.002737280833406407,-0.0039321675311669805,-5.009278289433267,0,0.5220247923993533
42.51103999999352,-2.1492101396999526,0.506454707550195,1.2818287098132206,0.0036771870185202094,-0.011381265311929959,-0.008151378915240521,-2.2028775736089985,-0.03866713705734681,1.1157923946677317,-0.01774900587195329,-0.02473049769433082,0.06738580126867565,-2.17242692462374,0.19871389506742487,1.2531731725104847,-0.0012787277050786154,0.028523337452625395,0.05525557603016111,0.09000117304571391,0.09000117304571391,0.0,0.14184397980700314,0.5163443014881207,-0.2128283613498565,-0.0027377065344525086,-0.00392767856166636,-5.00922333415277,0,0.5220599192030922
42.51519999999352,-2.1491947975755155,0.5064073296921575,1.2817947945152917,0.003682109864935736,-0.011370685928973223,-0.0081396715029668,-2.1097866113596835,0.119329785433689,1.2862574337721226,-0.04961792282230765,-0.06108939343259098,0.0302466451054567,-2.1412085896312063,0.15889486252762905,1.269778856839189,-0.02589908052050977,-0.016585955876886868,0.042555543553886854,0.09000117304571391,0.09000117304571391,0.0,0.14181877621152458,0.5163704866719935,-0.2127735201526494,-0.0027381343353419605,-0.003923198007205709,-5.009168376979943,0,0.5220950107164637
42.51935999999352,-2.1491794349485436,0.5063599958270237,1.2817609279364555,0.003687030473286229,-0.011360127632119642,-0.00812797892067399,-2.1036223277823574,0.8719303961676179,1.1363356233436241,0.13967869968031685,-0.17879268090314218,-0.09356034547287799,-2.1221251656212,0.5150445078377736,1.2028607277362569,0.057118456363996456,-0.09708876139480056,-0.025024493039181087,0.09000117304571391,0.09000117304571391,0.0,0.1417935565966772,0.5163966701026785,-0.21271876569764084,-0.0027385642372885995,-0.003918725856279588,-5.009113417869041,0,0.5221300670029385
42.52351999999352,-2.1491640518282984,0.5063127058670449,1.2817271100149639,0.0036919488588508477,-0.011349590394913742,-0.008116301157967564,-2.3451934184425083,0.5251646368799782,1.601465486183793,0.006443456284486687,-0.04634542948645727,-0.22441131117812002,-2.2336477665274943,0.5200087605718394,1.4017003291321088,0.03193603795634586,-0.0719677534903769,-0.12528307888264517,0.09000117304571391,0.09000117304571391,0.0,0.14176832094119135,0.5164228518150823,-0.21266409784143328,-0.0027389962415093182,-0.003914262097399335,-5.009058456774312,0,0.5221650881259223
42.527679999993516,-2.149148648223978,0.5062654597245828,1.281693340689112,0.0036968650369047992,-0.0113390741909112,-0.008104638204432787,-1.5617107827189778,1.032805365175699,1.0997753268273651,0.1391977635311934,-0.03558724080039782,-0.1616105152604383,-1.8973843251186486,0.7763378994938748,1.2504007062642055,0.08521367121109685,-0.05438989148194872,-0.14399078456533992,0.09000117304571391,0.09000117304571391,0.0,0.14174306922373392,0.5164490318437338,-0.21260951644054546,-0.0027394303492240825,-0.00390980671908733,-5.009003493650004,0,0.5222000741487546
42.531839999993515,-2.1491332241447165,0.506218257312109,1.2816596198972385,0.003701779022712249,-0.01132857899370533,-0.008092990049623027,-1.8124394211662733,0.3199860727419931,1.3759897692206244,-0.030997282983525342,-0.04161010885184657,0.05606437746062632,-1.8549753307731252,0.548072739560116,1.3133132811377595,0.026912998468982235,-0.04823862719077281,-0.04424157869991653,0.09000117304571391,0.09000117304571391,0.0,0.14171780142290819,0.5164752102233724,-0.2125550213518402,-0.002739866561656119,-0.003905359709879595,-5.008948528450359,0,0.5222350251347092
42.535999999993514,-2.1491177795995853,0.5061710985422053,1.2816259475777256,0.003706690831534813,-0.011318104776895828,-0.008081356683072981,-2.401630893633363,0.4799579081763071,1.5999022031874737,0.027892135246121996,0.003212251966447751,-0.06015808724117308,-2.1282478260352895,0.514023129516958,1.4564844055137056,0.026875240227318117,-0.023286248276515722,-0.052095443694555835,0.09000117304571391,0.09000117304571391,0.0,0.141692517517254,0.5165013869884139,-0.21250061243231094,-0.002740304880031808,-0.0039009210583206355,-5.008893561129615,0,0.5222699411469938
42.54015999999351,-2.149102314597591,0.506123983327563,1.2815923236689994,0.003711600478617543,-0.011307651514140305,-0.00806973809427736,-2.3563455304975016,0.6889047766435044,0.8233401356854086,0.1887411308692891,0.03622836221705414,0.0533029595959649,-2.2419053394110398,0.6015396589398562,1.140018295994925,0.10762525130111328,0.006886448071440243,0.0007954986528266284,0.09000117304571391,0.09000117304571391,0.0,0.14166721748503378,0.5165275621735381,-0.21244628953950997,-0.0027407453055809583,-0.0038964907529715296,-5.008838591642006,0,0.5223048222487506
42.54431999999351,-2.1490868291476777,0.5060769115809834,1.2815587481095299,0.003716507979199194,-0.011297219179113027,-0.00805813427270909,-2.1020676718934697,0.3001701698760456,1.2454069014425253,0.0010788222961167675,-0.09722594688363395,0.05703302127660902,-2.171985233241667,0.4506504251191177,1.1928303625532786,0.055296497745531914,-0.045089364883521076,0.029680311332295754,0.09000117304571391,0.09000117304571391,0.0,0.14164190130465984,0.5165537358130481,-0.21239205253090732,-0.002741187839536492,-0.0038920687824054783,-5.008783619941764,0,0.5223396685030558
42.54847999999351,-2.1490713232587257,0.5060298832153771,1.2815252208378307,0.0037214133485097963,-0.011286807745518058,-0.008046545207813206,-2.1570063622096147,0.6454268208450598,1.8276526479976547,-0.05890773739798508,-0.2280793494515001,0.0060510370792051255,-2.164617949789618,0.5475633158287795,1.5102573794312353,-0.0019278978231258318,-0.13548033339383803,0.01842206572617668,0.09000117304571391,0.09000117304571391,0.0,0.14161656895490898,0.5165799079415111,-0.2123379012643184,-0.002741632483134585,-0.003887655135208246,-5.008728645983113,0,0.52237447997292
42.55263999999351,-2.149055796939552,0.5059828981437643,1.2814917417924598,0.0037263166017755625,-0.011276417187077174,-0.008034970889012047,-3.2077426278954064,0.38810807642749706,1.0775573649452097,0.015596977708980862,0.04023156528284423,0.03302075531826247,-2.6861549798437987,0.4679186717342531,1.2939741121444663,0.006753123587699439,-0.04783320758879872,0.025198498964602935,0.09000117304571391,0.09000117304571391,0.0,0.1415912204136396,0.5166060785931713,-0.21228383559769057,-0.0027420792376149743,-0.003883249799975775,-5.0086736697202765,0,0.5224092567212877
42.55679999999351,-2.1490402501989094,0.5059359562792745,1.2814583109120194,0.0037312177542063577,-0.01126604747756305,-0.008023411305691546,-2.302299166657353,0.5873718109093735,1.3680638644803884,0.1809347956544566,-0.08188086697795949,0.11123236317642807,-2.49384774408342,0.5274772569218741,1.3312506392821892,0.09368662302027997,-0.0655710891510277,0.06831934016762248,0.09000117304571391,0.09000117304571391,0.0,0.14156585565928748,0.5166322478023773,-0.21222985538953135,-0.0027425281042206366,-0.0038788527653200807,-5.008618691107472,0,0.5224439988110379
42.56095999999351,-2.1490246830454884,0.5058890575351462,1.281424928135156,0.003736116821006502,-0.01125569859076974,-0.008011866447214853,-1.9987849932470685,0.5921917930215436,1.1718372636898038,0.04514144807939325,0.02662047106627661,-0.10826063988339492,-2.246217199636273,0.5598907642610643,1.2513180684326095,0.06854589512947247,-0.01968154714187768,-0.020157176121145988,0.09000117304571391,0.09000117304571391,0.0,0.1415404746700114,0.5166584156034215,-0.21217596049826737,-0.002742979084197979,-0.003874464019865915,-5.008563710098913,0,0.5224787063049839
42.565119999993506,-2.149009095487916,0.5058422018247274,1.2813915934005604,0.0037410138173732464,-0.01124537050051468,-0.00800033630292035,-2.4917665557538213,0.9173280376712951,1.5998716053627982,0.1467841979386732,-0.07350187425886197,-0.07798281212951456,-2.368686357317656,0.7384597199440539,1.4254346851031918,0.10673118376402839,-0.046924648260547805,-0.04887933752019738,0.09000117304571391,0.09000117304571391,0.0,0.14151507742433458,0.5166845820304876,-0.21212215078288615,-0.0027434321787967474,-0.0038700835522495775,-5.008508726648808,0,0.5225133792658735
42.569279999993505,-2.1489934875347556,0.5057953890614747,1.2813583066469683,0.003745908758495913,-0.011235063180649112,-0.007988820862118912,-2.0964308808778473,0.7131313616776782,1.1333435497976057,-0.16007771228400033,0.02063500485292047,-0.03050221112747329,-2.2328897659864975,0.7258391622606811,1.279324831993923,-0.026610506189971607,-0.013571548709228736,-0.04026999315215928,0.09000117304571391,0.09000117304571391,0.0,0.14148966389986184,0.5167107471177034,-0.21206842610229493,-0.002743887389270429,-0.003865711351120362,-5.008453740711362,0,0.5225480177563883
42.573439999993504,-2.1489778591945075,0.5057486191589536,1.2813250678131596,0.003750801659551176,-0.011224776605061887,-0.007977320114091234,-2.3204453044659767,1.0755623731066217,1.5106660193011896,-0.029436294185249054,0.06668492289341135,-0.015583107538174351,-2.2767293610566766,0.9008405673785604,1.3949644389244034,-0.028029697817158944,0.027200771925820558,-0.027835270794132377,0.09000117304571391,0.09000117304571391,0.0,0.14146423407520325,0.5167369108992482,-0.21201478631574833,-0.0027443447168757603,-0.003861347405142283,-5.008398752240775,0,0.5225826218391447
42.5775999999935,-2.1489622104756085,0.5057018920308385,1.281291876837959,0.0037556925357161847,-0.01121451074764802,-0.007965834048101361,-2.186876772472732,-0.5170147863168764,1.415617001613172,-0.002657017319072936,0.030772627298908246,-0.12085855510251844,-2.231806825046794,0.19196656364607503,1.4050382288593728,-0.015892892772924008,0.029184398355953753,-0.07373815891877306,0.09000117304571391,0.09000117304571391,0.0,0.14143878792805104,0.5167630734091393,-0.2119612312826349,-0.0027448041628731616,-0.003856991702988163,-5.008343761191243,0,0.5226171915766934
42.5817599999935,-2.148946541386433,0.505655207590912,1.2812587336602368,0.0037605814021514183,-0.011204265582358548,-0.007954362653375886,-2.3013190914323642,0.598481697854104,1.0998801068980952,-0.014757075790796884,-0.11729136062509682,-0.13212939410349242,-2.266593691153993,0.3949843266263932,1.2521815277686557,-0.015540368678110535,-0.04467588430846528,-0.10260332211048338,0.09000117304571391,0.09000117304571391,0.0,0.14141332543667523,0.5167892346814453,-0.21190776086311958,-0.0027452657285265735,-0.0038526442333472128,-5.008288767516957,0,0.5226517270315196
42.5859199999935,-2.148930851935291,0.5056085657530655,1.2812256382189071,0.0037654682740140897,-0.011194041083161224,-0.00794290591912258,-1.5572656255006716,0.955138317100739,0.9069848762939826,0.08669674605451036,-0.09731434239864102,0.08945381282476125,-1.9117460442830791,0.6748623176739181,1.0797674033804898,0.03637761534595878,-0.07074514262348786,-0.0068541647538012075,0.09000117304571391,0.09000117304571391,0.0,0.14138784657864145,0.5168153947500732,-0.21185437491664647,-0.002745729415103647,-0.003848304984920518,-5.008233771172103,0,0.5226862282660425
42.5900799999935,-2.148915142130431,0.5055619664312986,1.28119259045293,0.0037703531664509717,-0.011183837224057348,-0.007931463834519745,-2.7081599590352265,0.6379386374659275,1.3703315762599102,-0.0007102467698499176,0.026722688940818817,-0.059690159334671686,-2.309958634247074,0.6564552802569616,1.2249279533604531,0.01715442226641357,-0.021766776769573292,-0.033549645573923946,0.09000117304571391,0.09000117304571391,0.0,0.14136235133230712,0.516841553648928,-0.21180107330386383,-0.0027461952238754424,-0.0038439739464224253,-5.008178772110862,0,0.5227206953426161
42.5942399999935,-2.148899411980037,0.5055154095397191,1.2811595903013102,0.003775236094601784,-0.01117365397908262,-0.007920036388720022,-2.218151473798835,0.29777697294629535,1.6273974634017023,0.1316234495457455,0.1647185152932498,0.1282789898613777,-2.2637799563719523,0.47745625976517114,1.4264301378068351,0.07405354127607706,0.07144792737196769,0.048413800648443986,0.09000117304571391,0.09000117304571391,0.0,0.14133683967511176,0.5168677114119674,-0.2117478558849139,-0.002746663156116971,-0.0038396511065812043,-5.008123770287412,0,0.5227551283235288
42.5983999999935,-2.1488836614922304,0.5054688949925429,1.2811266377030983,0.0037801170735994247,-0.011163491322292638,-0.007908623570853313,-2.4996379646157085,0.6150519479970172,1.0653286774229815,-0.05810754815844419,-0.1417391337130631,0.08718482889814139,-2.3818307637410996,0.5459611806433933,1.2460579220009789,0.007640455884402513,-0.035577798794684846,0.06794143009291863,0.09000117304571391,0.09000117304571391,0.0,0.1413113115852867,0.5168938680729335,-0.21169472252093022,-0.0027471332131066666,-0.0038353364541365833,-5.008068765655924,0,0.5227895272710036
42.602559999993495,-2.14886789067507,0.5054224227040938,1.28109373259739,0.0037849961185696685,-0.011153349227778185,-0.00789722537002405,-2.2328158175358173,0.23487623349363107,1.0180331998960992,-0.04809735897003524,0.015237605905687172,-0.13284090596166853,-2.307421411888424,0.390449748101246,1.131767176991629,-0.020646640181093825,-0.010906177500058803,-0.03220457814392471,0.09000117304571391,0.09000117304571391,0.0,0.14128576704014525,0.5169200236656742,-0.211641673072541,-0.002747605396126945,-0.0038310299778414676,-5.0080137581705655,0,0.5228238922471979
42.606719999993494,-2.1488520995365503,0.5053759925888035,1.281060874923326,0.0037898732446275552,-0.011143227669664765,-0.007885841775308221,-1.8157831304314802,0.21160469117705483,1.352557706343129,0.026332423315287595,0.019020107897541064,0.025912746769516878,-2.0615441599594546,0.3010650095546062,1.2422175523124033,0.0028878275483883824,0.004305032546836809,-0.002989952048576133,0.09000117304571391,0.09000117304571391,0.0,0.14126020601757874,0.5169461782238232,-0.21158870740093802,-0.002748079706463764,-0.0038267316664629203,-5.007958747785497,0,0.5228582233142035
42.61087999999349,-2.148836288084605,0.5053296045612113,1.2810280646200938,0.00379474846688142,-0.011133126622108247,-0.00787447277575702,-2.282891631277358,0.502174895269269,1.6783058902794212,0.1528514441460052,0.07279382991264485,-0.02708881106416816,-2.171901825113041,0.4017724522477742,1.4602088421862034,0.0780077399499004,0.03869722166688936,-0.01523657276149889,0.09000117304571391,0.09000117304571391,0.0,0.14123462849541574,0.5169723317811729,-0.2115358253676638,-0.002748556145406922,-0.0038224415087815817,-5.007903734454876,0,0.5228925205340473
42.61503999999349,-2.148820456327103,0.5052832585359643,1.2809953016269255,0.003799621800436114,-0.011123046059282885,-0.00786311836040208,-2.1519031004937417,0.6142322288680947,1.2937227405296328,-0.028154466366183396,0.151520139327284,0.19207027695919313,-2.161961618702411,0.5083179544578167,1.3773641022822887,0.025287023316803665,0.09559685026760253,0.08841545176695118,0.09000117304571391,0.09000117304571391,0.0,0.14120903445120836,0.516998484371248,-0.21148302683439807,-0.002749034714250116,-0.0038181594935889013,-5.0078487181328555,0,0.5229267839686903
42.61919999999349,-2.1488046042718514,0.5052369544278168,1.2809625858830995,0.0038044932603839426,-0.011112985955411719,-0.007851778518243053,-2.320613229000329,0.044190130868638655,1.5762087517942802,0.16483237635466474,-0.10777028827100249,0.01672267432020177,-2.2409450327568705,0.27602738521761916,1.4768220377600492,0.09473596001354598,-0.006434018569282755,0.05284453855255461,0.09000117304571391,0.09000117304571391,0.0,0.14118342386244562,0.517024636027733,-0.21143031166274362,-0.0027495154142910053,-0.003813885609692103,-5.00779369877358,0,0.5229610136800283
42.62335999999349,-2.1487887319265937,0.5051906921516304,1.28092991732794,0.0038093628618143496,-0.011102946284730653,-0.007840453238261023,-2.2431612069938653,0.699946437511816,1.4013018942438684,-0.12651476305871884,0.03461127096012165,-0.10471232082719793,-2.2423157898746737,0.48806123085714076,1.4388440990443985,-0.016112071766854037,0.014392442906862996,-0.026145029241335525,0.09000117304571391,0.09000117304571391,0.0,0.14115779670655348,0.5170507867841515,-0.21137767971508234,-0.002749998246831003,-0.0038096198459092265,-5.007738676331192,0,0.5229952097298919
42.62751999999349,-2.1487728392990113,0.5051444716223741,1.2808972959008176,0.0038142306198050394,-0.011092927021521596,-0.007829142509407395,-2.1110806882140722,0.48126460854032466,1.2797844495230513,0.09085369461158382,-0.0014650566446802495,-0.034678618539286145,-2.176509525290064,0.48465994043035876,1.3592416505930967,0.03793020162290388,0.006409139361256357,-0.030709322137550375,0.09000117304571391,0.09000117304571391,0.0,0.1411321529613227,0.5170769366739197,-0.21132513085393462,-0.0027504832131753964,-0.003805362191073511,-5.007683650759826,0,0.5230293721800461
42.63167999999349,-2.148756926396722,0.5050982927551237,1.2808647215411484,0.00381909654943047,-0.011082928140088313,-0.0078178463206138,-1.959538274739178,0.36397521706121105,1.307434358765762,-0.038940627457224354,-0.017123732703477598,0.041482819042959085,-2.068103144647217,0.42428091439018595,1.3334260136087253,-0.000612081712633697,-0.0052581806156188704,0.004377950688468024,0.09000117304571391,0.09000117304571391,0.0,0.1411064926038401,0.5171030857306143,-0.2112726649415311,-0.002750970314633627,-0.003801112634030468,-5.0076286220136135,0,0.523063501092191
42.635839999993486,-2.1487409932272814,0.5050521554650622,1.2808321941883951,0.00382396066575573,-0.011072949614768115,-0.007806564660784879,-2.2857874835476553,0.41413757631118336,1.3515490569144268,-0.06365719715146505,-0.005016987793907704,0.15808282933614132,-2.1770789061639686,0.41919855094531144,1.3428173991849321,-0.032292307755015244,-0.0050470873020129385,0.08077365230418553,0.09000117304571391,0.09000117304571391,0.0,0.14108081561155678,0.5171292339875974,-0.21122028184088215,-0.0027514595525189294,-0.003796871163639018,-5.007573590046679,0,0.5230975965279611
42.639999999993485,-2.1487250397981823,0.5050060596674791,1.2807997137820668,0.0038288229838369598,-0.011062991419938174,-0.0077952975187984145,-2.3881183167713567,0.8033976196335442,1.9083258559840428,0.03951842799469007,0.12183049955485913,0.028732762875839403,-2.282518395528576,0.6115530418699417,1.6256349468706237,0.0038510452120358737,0.05892969346008265,0.05494943140794333,0.09000117304571391,0.09000117304571391,0.0,0.14105512196207529,0.5171553814782319,-0.21116798141513735,-0.002751950928148601,-0.0037926377687732384,-5.007518554813141,0,0.523131658548926
42.644159999993484,-2.1487090661168544,0.5049600052777709,1.2807672802617187,0.0038336835187308747,-0.01105305352998338,-0.007784044883518344,-1.6914298605326126,0.5330652398692565,0.6300760048943831,0.07739749370452345,0.12549453637948138,0.09545009030852707,-1.9868101443782888,0.5725694729154154,1.128046696932916,0.04116628287004963,0.09227696109729358,0.07536351438258418,0.09000117304571391,0.09000117304571391,0.0,0.1410294116322941,0.5171815282358269,-0.21111576352737133,-0.002752444442844083,-0.003788412438316537,-5.007463516267115,0,0.5231656872165897
42.64831999999348,-2.1486930721906647,0.5049139922114403,1.280734893566953,0.0038385422854795874,-0.011043135919342478,-0.007772806743774544,-2.5515175139460093,0.45552654229659884,1.3971191836727692,-0.06514617554379853,0.12553421860135128,0.2060975615839999,-2.2693032110073053,0.5143084738468803,1.2630140996891466,-0.012017684634629825,0.10881800402528588,0.1404338493048936,0.09000117304571391,0.09000117304571391,0.0,0.14100368459947607,0.5172076742936383,-0.21106362804143983,-0.0027529400979307782,-0.0037841951611684464,-5.007408474362707,0,0.5231996825923916
42.65247999999348,-2.1486770580269186,0.5048680203840966,1.280702553637418,0.0038433992991187293,-0.011033238562485097,-0.00776158308837484,-1.9635469244554273,0.35349500988200916,1.1356429616677604,0.026218462434503462,-0.14960786307393512,0.0284682462870422,-2.1163693672165027,0.43359027845495834,1.1993863209198232,0.0075656283572054246,-0.02078320051882049,0.08471382786744482,0.09000117304571391,0.09000117304571391,0.0,0.14097794084124937,0.5172338196849763,-0.21101157482091074,-0.002753437894738171,-0.0037799859262431625,-5.00735342905402,0,0.5232336447377055
42.65663999999348,-2.148661023632857,0.5048220897114554,1.280670260412809,0.0038482545746852765,-0.011023361433889451,-0.00775037390611205,-2.4210435605928433,0.7812887917189147,0.7784210326467362,0.06481681212936698,-0.13454745506722562,0.059002266725374355,-2.2685737882887937,0.6071628583606057,0.9890237781854697,0.036192130949492855,-0.07801629497313656,0.07170385135095599,0.09000117304571391,0.09000117304571391,0.0,0.14095218033411067,0.5172599644429907,-0.21095960372991956,-0.002753937834600091,-0.0037757847224640833,-5.0072983802951505,0,0.5232675737138403
42.66079999999348,-2.1486449690156606,0.5047762001093383,1.2806380138328683,0.003853108127200504,-0.011013504508088943,-0.007739179185746469,-2.2356087562188525,0.7602681651668128,0.6258270344252779,0.00436601183968896,0.03917458774406998,-0.01861789377220291,-2.252082876918792,0.6837980957942643,0.8073830055560146,0.020721802670934677,-0.01944310294745366,0.02709432060376553,0.09000117304571391,0.09000117304571391,0.0,0.14092640305577636,0.5172861086007791,-0.21090771463252816,-0.0027544399188542813,-0.003771591538770996,-5.007243328040188,0,0.5233014695820399
42.66495999999348,-2.1486288941824454,0.5047303514936732,1.280605813837385,0.0038579599716835203,-0.011003667759642313,-0.0077279989160171205,-1.566187033318974,0.5658892684868346,1.1669993892514896,0.039897637042846074,0.06909464475084366,0.026314721546420766,-1.9090471085070204,0.6249873726445543,0.9872468973685563,0.030279093685269213,0.02443508930259402,0.02745001366857351,0.09000117304571391,0.09000117304571391,0.0,0.1409006089828319,0.5173122521914927,-0.2108559073935808,-0.002754944148843042,-0.0037674063641171653,-5.0071882722432175,0,0.5233353324034832
42.66911999999348,-2.1486127991402655,0.5046845437804934,1.2805736603661948,0.003862810123145745,-0.010993851163137502,-0.007716833085642483,-1.8516248545809457,1.0088634363457125,2.009150966031135,-0.10923508041144117,-0.008322149969966884,-0.06708746100717833,-1.880562752256465,0.8169106694441374,1.4980663885462058,-0.039485060141318695,0.008112125734702665,-0.019738650508711816,0.09000117304571391,0.09000117304571391,0.0,0.14087479809222703,0.5173383952482308,-0.21080418187720693,-0.0027554505259127088,-0.0037632291874689443,-5.007133212858317,0,0.5233691622392838
42.673279999993476,-2.148596683896113,0.5046387768859385,1.280541553359181,0.0038676585965919776,-0.010984054693194363,-0.007705681683315578,-1.6740424908945113,0.7171401407356477,1.6320391261618385,-0.00225079995403859,0.03614393637179943,-0.047687972196692206,-1.7773063491649006,0.7670998589208663,1.5649537454952096,-0.020634166796007044,0.022138912946744655,-0.03334621272594377,0.09000117304571391,0.09000117304571391,0.0,0.14084897036127686,0.517364537803933,-0.2107525379489603,-0.002755959051413753,-0.003759059997806038,-5.0070781498395585,0,0.5234029591504906
42.677439999993474,-2.148580548456917,0.5045930507262533,1.280509492756274,0.0038725054070229254,-0.010974278324462645,-0.007694544697710178,-2.053931085259978,0.6009372370178442,0.9027627609734352,-0.037663841073871246,-0.0448968386208093,-0.05085881811463354,-1.9156987543807302,0.6839239382222538,1.2337495366976527,-0.02926245092110967,-0.011344424165399958,-0.04291977868326289,0.09000117304571391,0.09000117304571391,0.0,0.14082312576659284,0.5173906798916473,-0.21070097547346697,-0.0027564697267012006,-0.0037548987841210957,-5.007023083141008,0,0.5234367231980878
42.68159999999347,-2.1485643928295444,0.5045473652177882,1.280477478497451,0.0038773505694326173,-0.010964522031621106,-0.007683422117476212,-1.9029187141179316,0.5983491694251959,0.8333149683901511,-0.057279256196641024,-0.01522817451670433,0.055627600364766196,-1.909427269487105,0.6411040972476981,1.0336455861755682,-0.04351646105399501,-0.013197765186459147,0.006139941797151221,0.09000117304571391,0.09000117304571391,0.0,0.14079726428493738,0.5174168215442625,-0.2106494943165638,-0.002756982553134282,-0.0037507455354194997,-5.006968012716725,0,0.523470454442994
42.68575999999347,-2.1485482170207995,0.504501720276999,1.2804455105227377,0.003882194098804979,-0.01095478578939402,-0.007672313931237439,-2.0164113968636617,0.7771431034734306,0.7764295370057418,-0.00941417620404858,0.04994931937564642,0.013812953656873503,-1.962941056060145,0.7092284270311741,0.9050655997598094,-0.02579766906559764,0.018380579251744106,0.00944343237265761,0.09000117304571391,0.09000117304571391,0.0,0.14077138589343813,0.5174429627947222,-0.21059809434380244,-0.0027574975320765645,-0.0037466002407226095,-5.006912938520762,0,0.5235041529460638
42.68991999999347,-2.148532021037424,0.5044561158204468,1.2804135887722061,0.003887036010123735,-0.010945069572521428,-0.007661220127601539,-1.8099983913974875,0.23725177267536657,1.4874984280013686,-0.004970772548843396,0.0970789321306183,-0.12733403608120233,-1.8864782828207938,0.4734391623341952,1.196021316179356,-0.015726830837253382,0.057511334551401845,-0.05897396885921852,0.09000117304571391,0.09000117304571391,0.0,0.1407454905685192,0.5174691036758116,-0.21054677542087652,-0.0027580146648961777,-0.003742462889063122,-5.006857860507166,0,0.5235378187680865
42.69407999999347,-2.1485158048860975,0.5044105517647977,1.2803817131859763,0.0038918763183622036,-0.01093537335578695,-0.0076501406951486675,-2.1154990014570183,0.48309175171221186,1.1216844189561643,-0.03019818379043768,-0.08238179772691168,-0.1596741012146608,-2.0010515220439866,0.47809537737045454,1.1585214892487639,-0.02369918959412896,-0.013005469936245236,-0.10992312661840328,0.09000117304571391,0.09000117304571391,0.0,0.14071957828675558,0.5174952442203705,-0.2104955374138357,-0.002758533952965587,-0.003738333469488665,-5.006802778629977,0,0.5235714519697863
42.69823999999347,-2.148499568573437,0.5043650280268226,1.2803498837042162,0.003896715038485765,-0.010925697114012131,-0.007639075622434298,-2.1849247902279414,0.4904745458185959,0.9831729940878373,0.15028147492637797,-0.10893402640120908,-0.1058901257381566,-2.0926769332180903,0.4840581416844734,1.070627288349486,0.0633144012953839,-0.06080640982473587,-0.10863874728067946,0.09000117304571391,0.09000117304571391,0.0,0.14069364902508746,0.5175213844611879,-0.2104443801895146,-0.002759055397661622,-0.003734211971062369,-5.006747692843228,0,0.5236050526118234
42.70239999999347,-2.1484833121059976,0.5043195445233974,1.280318100267141,0.003901552185459789,-0.010916040822034154,-0.0076280248980009225,-1.926143379662364,0.40033633035256944,1.4635432270445945,0.24949714642649765,0.0747666506535423,-0.18325469336340372,-2.008891327589895,0.4423534176770646,1.2667052429643308,0.15701090316963445,0.006367972895654907,-0.14517273599345817,0.09000117304571391,0.09000117304571391,0.0,0.14066770276017948,0.5175475244310005,-0.21039330361382172,-0.0027595790003657056,-0.003730098382858433,-5.006692603100946,0,0.523638620754793
42.706559999993466,-2.1484670354902717,0.5042741011715028,1.2802863628150145,0.0039063877742455105,-0.010906404454717723,-0.007616988510368509,-1.8877954344276353,1.0454694672022806,1.5732605832940154,-0.07548482630049014,-0.13903163156359366,0.08378094686776912,-1.9484999821086955,0.743627198421077,1.4201580024587477,0.04099055451449345,-0.0666674931529884,-0.030076937273632712,0.09000117304571391,0.09000117304571391,0.0,0.14064173946820613,0.5175736641624409,-0.21034230755409167,-0.002760104762463873,-0.003725992693962417,-5.006637509357152,0,0.523672156459225
42.710719999993465,-2.148450738732689,0.5042286978882237,1.2802546712881477,0.003911221819788191,-0.01089678798699252,-0.007605966448024304,-1.9078375727444685,0.658276960897465,1.2867091493161422,0.09520883791226924,0.009000529305201316,-0.023430866623867185,-1.9279697230582176,0.7009690669795825,1.3533834377397271,0.0677412617800135,-0.02829195720544509,-0.026528900675332562,0.09000117304571391,0.09000117304571391,0.0,0.14061575912570679,0.5175998036883039,-0.2102913918771618,-0.002760632685346677,-0.003721894893479247,-5.006582411565857,0,0.523705659785586
42.714879999993464,-2.1484344218396183,0.5041833345907496,1.2802230256269,0.003916054337038845,-0.010887191393779395,-0.007594958699450075,-1.90093220066971,0.5228796135443496,1.2571704394085665,0.29428926187445986,-0.12320503791969076,0.19233140413988353,-1.9138392649611133,0.611667106673691,1.3056760457308725,0.1812918590672881,-0.07587488641763525,0.08301385898223829,0.09000117304571391,0.09000117304571391,0.0,0.1405897617093725,0.5176259430410128,-0.2102405564502269,-0.0027611627704090215,-0.003717804970521833,-5.0065273096810685,0,0.5237391307942768
42.71903999999346,-2.1484180848173646,0.5041380111963744,1.2801914257716789,0.0039208853409350534,-0.010877614650065464,-0.007583965253092406,-2.113751703835644,0.3995086006752242,1.0752602795985142,0.015403208256487123,-0.006435334356367427,-0.033196666081509354,-2.0137645192371343,0.5055743705745239,1.1903962693597658,0.09820148201157794,-0.04182637180792696,0.025508845175542545,0.09000117304571391,0.09000117304571391,0.0,0.14056374719540488,0.5176520822532605,-0.21018980114083974,-0.00276169501905075,-0.003713722914220864,-5.006472203656784,0,0.5237725695456341
42.72319999999346,-2.148401727672171,0.5040927276224958,1.2801598716629399,0.003925714846414086,-0.010868057730848578,-0.007572986097385757,-1.6945912383601587,-0.2393605923704425,0.3647833994390651,-0.02950440982284132,-0.01605465143850148,-0.032388591212073214,-1.854237224871644,0.13306936611917936,0.7775172245240423,0.034458246556336315,-0.02946285823662283,-0.0036932557208254986,0.09000117304571391,0.09000117304571391,0.0,0.1405377155599427,0.5176782213575825,-0.21013912581669764,-0.0027622294326762366,-0.003709648713718316,-5.006417093446998,0,0.52380597609993
42.72735999999346,-2.1483853504102197,0.5040474837866159,1.2801283632411868,0.003930542868403017,-0.010858520611174143,-0.007562021220737307,-2.6446682342824164,-0.2261316087834736,1.144512872188361,0.0029118109317093546,0.24628778324159062,0.05418036715839951,-2.249452589402574,-0.046022974782026375,0.9611298654794779,0.01887230321655132,0.10916962215644625,0.025453589554309125,0.09000117304571391,0.09000117304571391,0.0,0.14051166677970414,0.5177043603864098,-0.21008853034564257,-0.002762766012694412,-0.0037055823581718292,-5.006361979005692,0,0.5238393505173722
42.73151999999346,-2.148368953037629,0.5040022796063405,1.280096900446972,0.003935369421828171,-0.010849003266110593,-0.007551070611536983,-2.503167008221092,0.3237993073674769,1.0931793217199233,0.08490419660395856,0.13202694074718255,-0.055344603989286784,-2.376134642448466,0.13916466943231354,1.0270402800792349,0.05172368003857975,0.1209319049615393,-0.014881497062198509,0.09000117304571391,0.09000117304571391,0.0,0.14048560083049022,0.51773049937223,-0.2100380145958751,-0.0027633047605191683,-0.003701523836751653,-5.006306860286845,0,0.5238726928581038
42.73567999999346,-2.1483525355604556,0.503957114999379,1.2800654832208964,0.0039401945216078794,-0.010839505670762847,-0.0075401342581524755,-1.8817329441534558,0.8985237158621969,1.3880539429847067,-0.05503064308478109,0.023987779584055083,-0.010444454437809853,-2.129045407527486,0.5188995256667989,1.2075292931544772,-0.0013525412292385317,0.07240568540343534,-0.013326620936367932,0.09000117304571391,0.09000117304571391,0.0,0.14045951768868073,0.5177566383474804,-0.20998757843616944,-0.002763845677568943,-0.003697473138642122,-5.006251737244426,0,0.5239060031822036
42.73983999999346,-2.1483360979846946,0.5039119898835446,1.2800341115036091,0.003945018182656291,-0.010830027800268583,-0.007529212148932363,-2.0389015571483964,0.4730081028714262,0.8119753602586619,-0.16542737657631892,0.02334019147266553,-0.016214542018062522,-2.084316933875043,0.49600362016804034,1.0097163412035475,-0.08338033012890757,0.047116304593221484,-0.01501473694236746,0.09000117304571391,0.09000117304571391,0.0,0.14043341733037984,0.5177827773445479,-0.20993722173458965,-0.0027643887652670264,-0.003693430253041449,-5.006196609832399,0,0.5239392815496863
42.743999999993456,-2.1483196403162785,0.5038669041767537,1.2800027852358082,0.003949840419883388,-0.010820569629794849,-0.007518304272203788,-2.6651378730184856,0.5535922147818704,1.2138206259260202,-0.11644865975702402,-0.034154013016969124,-0.10780872782194591,-2.3749730451028186,0.5247279519298643,1.111544107326472,-0.10021648601354494,0.006163784964054553,-0.060653072378560643,0.09000117304571391,0.09000117304571391,0.0,0.1404072997316295,0.5178089163957695,-0.2098869443604145,-0.0027649340250415154,-0.0036893951691609867,-5.006141478004717,0,0.5239725280205019
42.748159999993455,-2.148303162561078,0.5038218577970265,1.2799715043582405,0.003954661248192146,-0.010811131134548917,-0.007507410616272316,-2.2521641324189345,0.5706022056330013,1.9276532603366041,0.08576085922472813,0.040606733896227674,-0.05582219707669513,-2.3133908995760737,0.5477499455816797,1.5194898768248768,-0.006494291245062076,0.023342198009257176,-0.05900287248525144,0.09000117304571391,0.09000117304571391,0.0,0.1403811648684095,0.5178350555333786,-0.20983674618264164,-0.002765481458325376,-0.003685367876227091,-5.006086341715329,0,0.5240057426545359
42.75231999999345,-2.1482866647249006,0.5037768506624858,1.2799402688117012,0.003959480682481085,-0.01080171228976919,-0.007496531169423785,-2.249000273002293,0.6914794330823172,1.1061764157522527,0.1749114311202965,0.016682573118197763,-0.058066037826408,-2.280830791341344,0.6196516727840355,1.312709510331047,0.08394034344599033,0.01939808961850408,-0.05854983755210267,0.09000117304571391,0.09000117304571391,0.0,0.1403550127166375,0.5178611947897728,-0.20978662707041468,-0.002766031066556427,-0.0036813483634801705,-5.006031200918173,0,0.5240389255116104
42.75647999999345,-2.148270146813494,0.5037318826913578,1.2799090785370348,0.003964298737645395,-0.010792313070720877,-0.007485665919925588,-1.8274981475608094,0.3067747281478873,1.3944716582268197,-0.1381485971125416,-0.10683340274090145,-0.019677198604452634,-2.0544490878595307,0.46298835022150486,1.353549111522891,-0.026875684415351504,-0.04349294987459287,-0.0385789652597968,0.09000117304571391,0.09000117304571391,0.0,0.1403288432525968,0.5178873341970858,-0.2097365868934513,-0.002766582851177299,-0.0036773366201733196,-5.0059760555671815,0,0.5240720766514825
42.76063999999345,-2.1482536088325417,0.5036869538019716,1.2798779334751347,0.003969115428578346,-0.010782933452698007,-0.007474814856027838,-1.8440666600880566,0.8523958002537174,1.3691454057318715,0.1849278145933559,0.07698084073689955,0.2649908262728599,-1.9488706546165455,0.6578546229046038,1.3618974656595237,0.0784822739463414,0.016878138200804027,0.11370355312010642,0.09000117304571391,0.09000117304571391,0.0,0.14030265645165368,0.5179134737875625,-0.20968662552140238,-0.0027671368136357915,-0.0036733326355719385,-5.005920905616278,0,0.5241051961338454
42.76479999999345,-2.148237050787666,0.5036420639127589,1.2798468335669433,0.003973930770160207,-0.010773573411051045,-0.00746397796595069,-1.9205145737675196,0.3493527389202872,1.8158013680887732,-0.13416240870593707,-0.11540415904073358,0.17639786820291417,-1.9349697821251302,0.5033624376887035,1.5892209098773935,-0.0286378975913043,-0.04971269016526282,0.14436660905084647,0.09000117304571391,0.09000117304571391,0.0,0.14027645228975325,0.5179396135933448,-0.2096367428244936,-0.002767692955384533,-0.003669336398959471,-5.005865751019378,0,0.5241382840183285
42.76895999999345,-2.1482204726844274,0.5035972129422541,1.279815778753452,0.003978744777272911,-0.010764232921143195,-0.007453155237904008,-1.6018305333727554,0.6754701570733165,1.7400687657496146,0.2171517499970027,0.02688444838086338,0.25440853820819875,-1.767946318767612,0.5894724842424722,1.665175806598245,0.09431884113217764,-0.010968799824768812,0.19901948305184025,0.09000117304571391,0.09000117304571391,0.0,0.14025023074277876,0.5179657536465789,-0.2095869386726702,-0.0027682512778810773,-0.003665347899631064,-5.00581059173039,0,0.5241713403644966
42.77311999999345,-2.148203874528324,0.5035524008090942,1.2797847689757018,0.003983557464794103,-0.010754911958372113,-0.007442346660076459,-1.5140540790722752,0.5426380919887868,1.022519306002693,-0.030564598902839753,-0.016943114614918924,0.07365222604372872,-1.641061745834825,0.5660208979662089,1.3439966618841348,0.03176492538869758,-0.014522366337664707,0.13614765788729352,0.09000117304571391,0.09000117304571391,0.0,0.14022399178633788,0.5179918939793082,-0.20953721293645233,-0.002768811782588069,-0.003661367126894897,-5.005755427703213,0,0.5242043652318508
42.777279999993446,-2.1481872563247926,0.5035076274320185,1.2797538041747825,0.003988368847594002,-0.010745610498179122,-0.0074315522206334144,-1.7405473884267764,0.8874533352441875,1.5138179577699074,-0.029688548491845976,0.16505507420783594,-0.03176759907502091,-1.6908674339140277,0.7270836216431082,1.4288433001401808,0.0012437443009686259,0.07479995715975109,0.05177875664528828,0.09000117304571391,0.09000117304571391,0.0,0.14019773539619004,0.5180180346236342,-0.20948756548650804,-0.0027693744709732585,-0.0036573940700747962,-5.005700258891738,0,0.524237358679828
42.781439999993445,-2.148170618079207,0.5034628927298683,1.2797228842918336,0.003993178940542408,-0.010736328516026043,-0.00742077190772616,-2.3585791142727897,0.5221479299228474,1.0975381290276656,-0.06313924561823028,0.007866423927937278,-0.05263327803373265,-2.024859447185306,0.6246306341981132,1.2630789685705286,-0.030860447972210544,0.041370883664209705,-0.0004436480589600588,0.09000117304571391,0.09000117304571391,0.0,0.14017146154760507,0.5180441756115557,-0.20943799619386735,-0.0027699393445095,-0.003653428718506698,-5.005645085249848,0,0.5242703207678016
42.785599999993444,-2.14815395979688,0.5034181966215874,1.2796920092680442,0.003997987758498429,-0.010727065987427559,-0.007410005709479441,-1.6826445670587482,0.40567789885320105,1.0328930235611928,0.132407186964741,0.1450791540174009,0.04944836230895541,-1.8534740163486987,0.5154548359530764,1.148086855030149,0.05067010353590909,0.09305435487341225,0.024682588094479225,0.09000117304571391,0.09000117304571391,0.0,0.1401451702166459,0.5180703169750235,-0.2093885049297089,-0.002770506404674658,-0.003649471061543675,-5.005589906731418,0,0.5243032515550805
42.78975999999344,-2.148137281483062,0.5033735390262211,1.2796611790446524,0.00400279531632475,-0.010717822887911451,-0.00739925361400762,-1.869050120699519,0.6887816401991026,1.3637119471405141,-0.0561995532610912,-0.03714857326222042,0.009349246330511853,-1.861378217388888,0.6020414551188257,1.255917915330829,-0.0031683116128143423,0.028311204067027192,0.01819050170807061,0.09000117304571391,0.09000117304571391,0.0,0.14011886137824495,0.5180964587460459,-0.20933909156493152,-0.0027710756529519885,-0.0036455210885500116,-5.005534723290312,0,0.5243361511009101
42.79391999999344,-2.1481205831429415,0.5033289198629167,1.2796303935629465,0.00400760162887507,-0.010708599193048693,-0.007388515609400261,-2.288115305727993,0.27819731749538523,0.942578685592348,0.10103413810285142,0.18895604044561573,-0.12293405012671038,-2.0745395202330457,0.4405102642605825,1.0989904805582433,0.048888092682074044,0.10856516853310993,-0.052397329893509315,0.09000117304571391,0.09000117304571391,0.0,0.14009253500812735,0.5181226009564766,-0.2092897559716521,-0.0027716470908296584,-0.0036415787889047305,-5.005479534880389,0,0.524369019464472
42.79807999999344,-2.1481038647816457,0.5032843390509232,1.2795996527642644,0.004012406710998883,-0.010699394878449772,-0.007377791683728116,-1.9436307407155002,0.12589182086604384,2.0671175442192067,-0.22832918473407457,0.09322908125928134,-0.09281080765557385,-2.0095593518580115,0.28339271469955096,1.582867651556887,-0.08959733098299999,0.10091738817004671,-0.07255748151608078,0.09000117304571391,0.09000117304571391,0.0,0.14006619108174295,0.5181487436382808,-0.20924049802149558,-0.002772220719801207,-0.003637644152002377,-5.005424341455497,0,0.524401856704884
42.80223999999344,-2.1480871264042394,0.5032397965095909,1.2795689565899933,0.0040172105775472785,-0.010690209919739468,-0.007367081825050376,-1.3811642747457529,0.5656980309744514,1.3128181834548447,0.06538558740542706,-0.20651984601422071,0.12451677893928202,-1.6952228772844455,0.42411882821891406,1.4481001759555003,-0.011413147672590898,-0.05327932956165077,0.025891622541879312,0.09000117304571391,0.09000117304571391,0.0,0.14003982957426603,0.5181748868232156,-0.2091913175862354,-0.002772796541365425,-0.0036337171672482464,-5.005369142969476,0,0.5244346628812001
42.80639999999344,-2.148070368015725,0.5031952921583718,1.2795383049815707,0.0040220132433629804,-0.010681044292591093,-0.007356386021400781,-2.455329619927314,0.9356362804408136,1.4734307881180966,0.07353438491864248,0.06270643258512566,0.11919795173961441,-2.0751285666247394,0.6800102086730635,1.461012488638519,0.031030449668691146,0.00535648510663513,0.07306721773343834,0.09000117304571391,0.09000117304571391,0.0,0.14001345046080862,0.5182010305431501,-0.20914221453843612,-0.0027733745570263607,-0.003629797824063135,-5.0053139393761565,0,0.5244674380524107
42.81055999999344,-2.148053589621045,0.5031508259168188,1.279507697880484,0.004026814723282123,-0.010671897972720083,-0.007345704260792523,-2.061621660046621,0.49907714374168677,0.8841345014916873,-0.03541031313460583,0.06308860650585742,-0.01825147959636301,-2.068448678953748,0.5896738784037143,1.1725310183260078,-0.0021819719730844203,0.03410065782888047,0.027643311066447955,0.09000117304571391,0.09000117304571391,0.0,0.1399870537170624,0.518227174829799,-0.20909318875038452,-0.002773954768293292,-0.0036258861118843816,-5.00525873062936,0,0.5245001822774424
42.814719999993436,-2.1480367912250777,0.5031063977045861,1.2794771352282706,0.0040316150321450025,-0.010662770935854516,-0.007335036531228566,-1.5539175066459852,0.23924668408553923,1.3018997573110909,-0.007989993999143859,-0.09102513774587631,-0.1941662071862277,-1.8111952156331579,0.4142690584234636,1.2368128696799396,-0.005516295934555088,-0.02872298525315896,-0.08345721890206488,0.09000117304571391,0.09000117304571391,0.0,0.1399606393178025,0.5182533197149892,-0.20904424009494482,-0.002774537176681063,-0.0036219820201601263,-5.005203516682899,0,0.5245328956151588
42.818879999993435,-2.1480199728326412,0.5030620074414287,1.2794466169665177,0.004036414184781945,-0.010653663157773982,-0.007324382820687119,-2.114490536687004,0.5143003087652792,1.7740214598259234,0.09529312438027512,-0.042801794601766835,-0.18542547815537885,-1.9626459991434357,0.46419733246387845,1.5050352902791093,0.0445009493216457,-0.03623049263145283,-0.13445694846477393,0.09000117304571391,0.09000117304571391,0.0,0.13993420723816924,0.5182794652303935,-0.20899536844491773,-0.0027751217837097865,-0.0036180855383547003,-5.005148297490576,0,0.5245655781243591
42.82303999999343,-2.148003134448491,0.5030176550472025,1.279416143036863,0.004041212196023001,-0.010644574614281015,-0.007313743117132502,-2.288904742140146,0.7537490700940928,1.1190024185897802,0.15405321168727268,-0.07909756961685308,0.10744873561629868,-2.1254574650860563,0.6088092925216727,1.312239771076067,0.09938434078020744,-0.056981263944149076,-0.013580969356916663,0.09000117304571391,0.09000117304571391,0.0,0.1399077574532413,0.5183056114076903,-0.20894657367325384,-0.0027757085909049023,-0.00361419665594529,-5.005093073006186,0,0.5245982298637797
42.82719999999343,-2.1479862760773214,0.5029733404418641,1.279385713380994,0.004046009080692454,-0.010635505281221619,-0.007303117408506522,-2.2738875791801165,0.507259898211547,1.2466619938543495,0.010995169767174594,0.15162629344896605,0.045441674406577495,-2.199650367257108,0.5583495708842918,1.2795448331476922,0.055039677400927994,0.047161148881975125,0.015978408904953813,0.09000117304571391,0.09000117304571391,0.0,0.13988128993803556,0.518331758278511,-0.208897855653696,-0.002776297599797335,-0.0036103153624245186,-5.005037843183515,0,0.524630850892093
42.83135999999343,-2.147969397723765,0.5029290635454705,1.2793553279406493,0.004050804853611847,-0.010626455134474222,-0.007292505682735523,-2.5201513327569747,0.48075016042265006,1.3809925390061455,0.016274467944858373,0.01547829453856935,0.10405776572984382,-2.359868446343253,0.5195805856754315,1.3304844459142608,0.03527683292989392,0.0317695911982119,0.06067945212091485,0.09000117304571391,0.09000117304571391,0.0,0.13985480466772116,0.5183579058745467,-0.2088492142597108,-0.0027768888119235084,-0.0036064416472994494,-5.004982607976336,0,0.524663441267909
42.83551999999343,-2.1479524993923915,0.5028848242781792,1.279324986657617,0.004055599529604383,-0.010617424149936817,-0.007281907927733582,-2.064321358270328,0.488487619059548,1.280765051369131,0.06320823872221547,-0.010558791386050627,-0.0794110798438954,-2.2119617211693345,0.5040122949088338,1.3054576503906372,0.049413006502741885,0.010429192414879109,-0.008598277371330551,0.09000117304571391,0.09000117304571391,0.0,0.13982830161676407,0.5183840542272811,-0.20880064936491521,-0.0027774822288254516,-0.0036025755000883733,-5.004927367338415,0,0.5246960010497732
42.83967999999343,-2.1479355810877103,0.5028406225602476,1.2792946894737363,0.004060393123482073,-0.010608412303565264,-0.007271324131386968,-1.8048129766278214,0.18028619908855226,1.555189802115243,0.005048343179297719,0.19402512468159416,-0.036414451397604755,-2.0083754041918804,0.3425502712633107,1.4302497612957072,0.02790895479871057,0.10234863954886934,-0.022518309609062526,0.09000117304571391,0.09000117304571391,0.0,0.13980178076020955,0.5184102033683646,-0.20875216084350512,-0.002778077852050599,-0.003598716910327275,-5.004872121223508,0,0.5247285302961684
42.84383999999343,-2.1479186428141683,0.5027964583120338,1.2792644363308965,0.004065185650059676,-0.010599419571331477,-0.007260754281572563,-2.311888996556524,0.2857416793015725,1.4909103408217739,0.01600545747386185,-0.036860007460995346,0.0038786035791003592,-2.1601019555306205,0.31406998443913803,1.4605883589093431,0.022401400915678993,0.03223660430769617,-0.009233066380785419,0.09000117304571391,0.09000117304571391,0.0,0.1397752420728276,0.518436353329241,-0.20870374856982837,-0.0027786756831519417,-0.003594865867564262,-5.004816869585361,0,0.5247610290655141
42.84799999999343,-2.147901684576151,0.5027523314539952,1.2792342271710375,0.00406997712414771,-0.010590445929246597,-0.007250198366148529,-1.6688214042985958,0.6739022952409678,0.9297458407781138,0.002657334462760878,-0.05616923046680683,-0.06185805997323337,-1.9144535539527998,0.4938708228413116,1.1950343396434024,0.012934027545079906,-0.01147762771209091,-0.0353581921541048,0.09000117304571391,0.09000117304571391,0.0,0.13974868552932646,0.5184625041414674,-0.20865541241795627,-0.002779275723688102,-0.0035910223613616157,-5.00476161237771,0,0.5247934974161668
42.852159999993425,-2.147884706377982,0.5027082419066896,1.2792040619361502,0.00407476756055272,-0.01058149135335989,-0.007239656372952586,-2.4884813494390645,0.23635876962520358,1.1214253851225717,0.10383827894075906,0.15817889531389073,-0.001397731490371419,-2.201254970607254,0.36544315806522953,1.1582269412452213,0.05813162650175326,0.07278379880145137,-0.018621121438586685,0.09000117304571391,0.09000117304571391,0.0,0.13972211110435268,0.5184886558363944,-0.2086071522629674,-0.0027798779752233518,-0.003587186381296596,-5.004706349554281,0,0.5248259354064193
42.856319999993424,-2.1478677082239233,0.502664189590774,1.279173940568276,0.004079556974077362,-0.010572555819759476,-0.007229128289805438,-1.8375667764579726,0.5843258344655152,1.5572885009426003,0.10682645358035237,0.01839565150786438,0.015492345701487626,-2.019186022855836,0.47492465201059914,1.3577910821436348,0.08242309930185819,0.04541928797957892,-0.0007707818019972538,0.09000117304571391,0.09000117304571391,0.0,0.13969551877270497,0.5185148084455932,-0.20855896797966517,-0.002780482439327675,-0.0035833579169619787,-5.004651081068791,0,0.5248583430945019
42.86047999999342,-2.147850690118175,0.502620174427005,1.279143863009507,0.004084345379528619,-0.01056363930454435,-0.007218614104519828,-1.784515633468192,0.1446512240254028,1.1707454596593032,0.1488701076346225,-0.023897963297466962,-0.026857782416503904,-1.9015401828859042,0.30973530668991667,1.2642100427949579,0.11595120161345424,0.011059936139964388,-0.01330491969721457,0.09000117304571391,0.09000117304571391,0.0,0.13966890850847904,0.5185409620003754,-0.20851085944300488,-0.002781089117576757,-0.0035795369579604934,-5.004595806874944,0,0.5248907205385814
42.86463999999342,-2.147833652064876,0.5025761963362388,1.2791138292019868,0.0040891327916991885,-0.010554741783884554,-0.007208113804876261,-1.7568519749452793,1.0580904511464273,1.3881290615258752,-0.15171995280709352,0.007385929229240321,-0.005157202541126038,-1.8295106910749077,0.6839330425353124,1.3261597728270569,-0.017842470713813455,0.009432575169949659,-0.009270230369956702,0.09000117304571391,0.09000117304571391,0.0,0.13964228028656367,0.5185671165321133,-0.20846282652873624,-0.0027816980115518844,-0.003575723493914637,-5.004540526926436,0,0.524923067796762
42.86879999999342,-2.1478165940681038,0.5025322552394307,1.2790838390879091,0.004093919225387098,-0.010545863233961983,-0.007197627378649513,-2.014222974232646,0.43788486534479165,1.1675198131114612,0.05009012108619823,-0.06425223126417644,0.021586072196238367,-1.9217637564576449,0.5607737015388512,1.2468837526077405,0.016031617572921215,-0.027459009137621403,0.006073570468277943,0.09000117304571391,0.09000117304571391,0.0,0.13961563408135888,0.5185932720721869,-0.20841486911212032,-0.0027823091228402295,-0.003571917514459121,-5.004485241176953,0,0.5249553849270848
42.87295999999342,-2.147799516131873,0.5024883510576349,1.2790538926095192,0.004098704695389033,-0.010537003630988216,-0.007187154813598481,-1.7265962312289325,0.48584133685909836,1.3145691004010032,0.01606907304208252,-0.14844519844614856,-0.15696240754149376,-1.824144902666841,0.5229989108855182,1.2804002624170363,0.01590499045010282,-0.08827023324229644,-0.07535682287811632,0.09000117304571391,0.09000117304571391,0.0,0.1395889698669891,0.5186194286518767,-0.20836698706899837,-0.0027829224530347453,-0.00356811900924089,-5.004429949580169,0,0.5249876719875279
42.87711999999342,-2.1477824182601375,0.5024444837120048,1.2790239897091131,0.004103489216493345,-0.01052816295122793,-0.007176696097458424,-2.411676358652363,0.4307146777144726,1.2319206974927692,-0.06483262385903521,0.09369190578870673,0.05511117077453648,-2.118048465161869,0.4770494398698231,1.2562748406614956,-0.025000415354683614,0.0034613723603381472,-0.010164982804976125,0.09000117304571391,0.09000117304571391,0.0,0.1395622876181584,0.5186455863024716,-0.20831918027536492,-0.0027835380037341114,-0.0035643279679240226,-5.004374652089748,0,0.5250199290360068
42.88127999999342,-2.14776530045679,0.5024006531237925,1.2789941303290384,0.004108272803493317,-0.010519341170959831,-0.007166251217956658,-2.322115388483727,0.43692454633164907,1.4300653966270886,-0.11853237044067114,0.012695153838703718,-0.005673086532862136,-2.220330114571917,0.457012495973023,1.343160209043373,-0.07165658842066648,0.008376707345785286,-0.00824348201610697,0.09000117304571391,0.09000117304571391,0.0,0.13953558730886814,0.5186717450552146,-0.20827144860758182,-0.0027841557765430013,-0.003560544380183937,-5.004319348659342,0,0.5250521561303741
42.885439999993416,-2.14774816272566,0.5023568592143486,1.2789643144116933,0.004113055471174103,-0.01051053826651536,-0.00715582016279759,-2.565651701260308,1.0332548436777729,1.8568619502923407,-0.20569584584931405,-0.09993095037860206,0.03900860529297264,-2.393421376716565,0.7449298682191745,1.6000936255968008,-0.13856616119453105,-0.04577962184763629,0.01643038685878442,0.09000117304571391,0.09000117304571391,0.0,0.13950886891327147,0.518697904941357,-0.2082237919417365,-0.0027847757730719395,-0.003556768235712656,-5.004264039242595,0,0.5250843533284195
42.889599999993415,-2.147731005070517,0.5023131019051226,1.278934541899528,0.004117837234321175,-0.010501754214250899,-0.007145402919672068,-2.2482826201043147,0.6782457194954516,1.2036790615793358,0.020676987119082262,0.16768126487924598,-0.012897987393077816,-2.3208074866195307,0.7119368894839425,1.401857403642522,-0.059189739839402525,0.06055725319445393,0.001450051393500632,0.09000117304571391,0.09000117304571391,0.0,0.13948213240567378,0.5187240659919983,-0.2081762101549256,-0.0027853979949372374,-0.0035529995242156395,-5.004208723793137,0,0.5251165206878702
42.893759999993414,-2.1477138274950685,0.5022693811176618,1.2789048127350435,0.004122618107714739,-0.010492988990572587,-0.007134999476250893,-1.7454898941951271,0.8256233676113665,1.4844249815686403,-0.17382188918178723,-0.02915120416716021,0.1083638614659618,-2.0335067404325162,0.768720022186107,1.443365829600024,-0.11624299453596754,0.01583773765604414,0.05554176781478814,0.09000117304571391,0.09000117304571391,0.0,0.1394553777601052,0.5187502282384596,-0.2081287031239726,-0.0027860224437613245,-0.003549238235415266,-5.004153402264588,0,0.5251486582663908
42.89791999999341,-2.1476966300029594,0.5022256967736123,1.2788751268607927,0.004127398106138202,-0.010484242571901002,-0.007124609820196878,-2.042698888432922,0.290442962891564,0.9513986374481997,0.08077831766755225,0.13380269312586776,-0.02281152559026696,-2.03793540926778,0.5298566443022679,1.1973315035675673,-0.017481897792799007,0.07471996424688619,0.016293255636191314,0.09000117304571391,0.09000117304571391,0.0,0.13942860495053416,0.5187763917117506,-0.20808127072585492,-0.0027866491211724987,-0.00354548435904533,-5.004098074610559,0,0.5251807661215832
42.90207999999341,-2.1476794125977747,0.5021820487947177,1.2788454842193797,0.004132177244369801,-0.010475514934703533,-0.007114233939152036,-2.429154941114507,0.7622999985201391,1.1230058561997625,0.127255357237985,-0.012919995119322233,-0.10162894508141396,-2.2332825140889954,0.646053041774038,1.1599554792168263,0.05453548823097706,0.030921432727905724,-0.04203745715960824,0.09000117304571391,0.09000117304571391,0.0,0.1394018139512952,0.5188025564430498,-0.20803391283791794,-0.00278727802880505,-0.0035417378848549737,-5.004042740784647,0,0.5252128443109869
42.90623999999341,-2.1476621752830365,0.5021384371028199,1.2788158847534599,0.004136955537189452,-0.01046680605547531,-0.00710387182074576,-1.8407866892398146,0.10226900250315396,1.3419057987253724,0.09241774141474499,-0.1848117822940346,-0.013293298353743195,-2.0368388473759396,0.37377305761620916,1.2509036992847773,0.07309837178819552,-0.07704856267250469,-0.02739640579375144,0.09000117304571391,0.09000117304571391,0.0,0.13937500473580633,0.5188287224634377,-0.2079866293374475,-0.0027879091682995443,-0.003537998802606604,-5.003987400740439,0,0.5252448928920792
42.91039999999341,-2.147644918062206,0.5020948616198584,1.2787863284057408,0.004141732999369567,-0.010458115910760304,-0.007093523452585335,-2.2102956485710656,0.3907702197592434,1.6788524386286978,-0.0547815168370237,0.20092503809589135,0.08007484057801093,-2.1236826337497843,0.3826882725993936,1.465046825125363,0.009276267651929689,0.0625951881952504,0.026713035771126974,0.09000117304571391,0.09000117304571391,0.0,0.1393481772782786,0.5188548898039502,-0.20793942010273994,-0.002788542541302408,-0.0035342671020794267,-5.003932054431508,0,0.5252769119222743
42.91455999999341,-2.147627640938682,0.5020513222678704,1.2787568151189814,0.004146509645687656,-0.010449444477118512,-0.007083188822272753,-2.149365715269906,0.12821632163844787,0.6672386371231315,0.0853880628821567,0.015353779783668727,0.016666697849930887,-2.1363463125572686,0.255481915112345,1.0661717540328401,0.04711717635100171,0.039235600166100594,0.02171968974146642,0.09000117304571391,0.09000117304571391,0.0,0.13932133155222054,0.5188810584955794,-0.2078922850113915,-0.0027891781494662486,-0.0035305427730641997,-5.00387670181142,0,0.5253089014589246
42.91871999999341,-2.147610343915803,0.5020078189689906,1.2787273448359924,0.004151285490913988,-0.010440791731161875,-0.007072867917386462,-2.081675732203744,0.34408465239581654,1.8745905610291516,0.042031768712576884,0.10461632659943897,0.12798085190913822,-2.1089236241139817,0.2999996208232959,1.4706519149915305,0.044771530449246824,0.07282663944235988,0.07537041394898826,0.09000117304571391,0.09000117304571391,0.0,0.13929446753172017,0.5189072285693797,-0.20784522394158061,-0.002789815994449711,-0.0035268258053682065,-5.003821342833724,0,0.5253408615593199
42.922879999993405,-2.1475930269968457,0.5019643516454508,1.2786979174996362,0.004156060549819396,-0.010432157649535671,-0.007062560725490436,-1.9211206194452417,0.5917714773653429,0.9847370201984519,0.03469598923812847,-0.03833072902763652,-0.12747947174915872,-2.0149495371353594,0.4458080466448297,1.2274267882500918,0.040165308219990876,0.017167228098595035,-0.026462006331167593,0.09000117304571391,0.09000117304571391,0.0,0.1392675851903769,0.5189334000563616,-0.20779823677185508,-0.0027904560779178295,-0.003523116188813724,-5.0037659774519625,0,0.5253727922806884
42.927039999993404,-2.147575690185024,0.5019209202195805,1.2786685330528273,0.004160834837178222,-0.010423542208900984,-0.007052267234142088,-2.6167480977581032,0.08522353936180921,0.6757140386772863,-0.1047227072376185,-0.007513574766520235,-0.06785491316702229,-2.316071096127457,0.26549719345027245,0.9514258504118479,-0.03215045879419826,0.005043990020908022,-0.04736439576260393,0.09000117304571391,0.09000117304571391,0.0,0.13924068450151447,0.5189595729873316,-0.20775132338070443,-0.002791098401541756,-0.0035194139132337363,-5.003710605619663,0,0.525404693680195
42.9311999999934,-2.1475583334834916,0.5018775246138055,1.278639191438532,0.004165608367754332,-0.010414945385984324,-0.007041987430871408,-1.966624429221782,0.8623646018266875,1.4308828540444778,0.029050521385441307,-0.001537082375742578,0.08363801247578741,-2.1412858649333337,0.5639314175351396,1.191331326053803,-0.0010866331705660596,0.001974862211763964,0.01829469878666896,0.09000117304571391,0.09000117304571391,0.0,0.1392137654390362,0.5189857473933732,-0.2077044836469876,-0.0027917429669987916,-0.003515718968480101,-5.0036552272903405,0,0.5254365658149434
42.9353599999934,-2.14754095689534,0.5018341647506491,1.2786098925997686,0.004170381156317234,-0.010406367157527206,-0.007031721303201726,-1.8232508501116333,0.39029552448671123,1.4493289663631237,0.0654905904352263,0.024706549783280102,-0.08241936842307633,-1.9821308025515547,0.4771638706649214,1.3201599654956147,0.03262518113413677,0.013230695385062953,-0.03178846717020461,0.09000117304571391,0.09000117304571391,0.0,0.13918682797635673,0.5190119233053125,-0.2076577174499335,-0.00279238977597259,-0.0035120313444170466,-5.003599842417499,0,0.5254684087419749
42.9395199999934,-2.1475235604236,0.5017908405527312,1.2785806364796077,0.00417515321763308,-0.010397807500313976,-0.007021468838639536,-2.175626123857382,0.6988919403270875,1.107747365760514,0.1342674798147524,0.0227173645709312,0.009989250960041149,-2.0785989387202544,0.588077797985399,1.2139731334855102,0.08266759385723821,0.017449553722118948,-0.01098732263662833,0.09000117304571391,0.09000117304571391,0.0,0.13915987208704295,0.5190381007539857,-0.20761102466871345,-0.0027930388301531353,-0.003508351030923772,-5.00354445095463,0,0.5255002225182688
42.9436799999934,-2.1475061440712397,0.501747551942768,1.2785514230211716,0.0041799245664674205,-0.010389266391164987,-0.007011230024676232,-2.212278175839087,0.9402854547483381,0.782275521742638,0.11965081999849153,-0.08536665267496475,0.19712527264101157,-2.1451907755085937,0.7640051174686066,0.998530492322387,0.10123042431139549,-0.03327239588834485,0.09345442708176299,0.09000117304571391,0.09000117304571391,0.0,0.13913289774417248,0.5190642797702925,-0.20756440518265468,-0.002793690131236858,-0.0035046780178942796,-5.003489052855214,0,0.5255320072007423
42.9478399999934,-2.1474887078411666,0.5017042988435725,1.278522252167635,0.004184695217585508,-0.010380743806928928,-0.007001004848790942,-1.6908736346536526,0.1878517846912608,1.6140840896287154,-0.015355868102993955,-0.22561935067560138,0.1426960883636436,-1.918061594985029,0.47545528634468937,1.306608666578299,0.04324729263789054,-0.12950500366316978,0.11794489399765902,0.09000117304571391,0.09000117304571391,0.0,0.13910590492140268,0.5190904603850361,-0.20751785887145438,-0.002794343680926306,-0.0035010122952358106,-5.003433648072716,0,0.5255637628462511
42.9519999999934,-2.147471251736226,0.5016610811780537,1.2784931238622248,0.00418946518575116,-0.01037223972449767,-0.0069907932984454154,-2.437869457106002,0.6057809436966393,1.2787616986751764,0.12536143999119664,-0.016300114612063068,-0.0909535091686039,-2.1777081655373705,0.5405835310359745,1.2924949612748917,0.08417904158247647,-0.07214422681277834,0.013915772292383194,0.09000117304571391,0.09000117304571391,0.0,0.13907889359168824,0.5191166426290307,-0.20747138561539472,-0.0027949994809306176,-0.003497353852870971,-5.00337823656059,0,0.5255954895115884
42.956159999993396,-2.1474537757592023,0.501617898869217,1.2784640380482202,0.004194234485726178,-0.010363754120798757,-0.006980595361088664,-1.9858206044021087,1.0510694096899624,1.1873755859299986,-0.02017304879229565,-0.06770210566684176,-0.02586352954486537,-2.0818057182535927,0.795689696314634,1.2398805983305046,0.032354271019501286,-0.07015052250374826,-0.005901942520309331,0.09000117304571391,0.09000117304571391,0.0,0.13905186372856346,0.5191428265330469,-0.207424985294059,-0.002795657532965208,-0.003493702680737389,-5.003322818272279,0,0.5256271872534863
42.960319999993395,-2.1474362799128177,0.5015747518401638,1.2784349946689528,0.004199003132274483,-0.010355286972790213,-0.00697041102415544,-2.4112867591432248,0.4444954643153839,1.1800526638262163,-0.24131778561165598,0.04415942534707225,-0.06651908568087578,-2.247050077196476,0.6201822697988996,1.2098274279443042,-0.10465706572130494,-0.013145499665724246,-0.03600144882457148,0.09000117304571391,0.09000117304571391,0.0,0.13902481530486,0.5191690121277598,-0.20737865778825657,-0.002796317838752103,-0.003490058768786317,-5.00326739316121,0,0.5256588561286148
42.964479999993394,-2.1474187641997338,0.5015316400140909,1.2784059936678067,0.00420377114015461,-0.010346838257479191,-0.006960240275063126,-1.880032566426974,0.4556276958232137,1.3914495026618101,0.13257624271658042,0.04183146062182522,0.09719384634590268,-2.0632628138648132,0.5379893863514076,1.3008413573753907,0.013855442638695278,0.01503822112455828,0.030846941547508406,0.09000117304571391,0.09000117304571391,0.0,0.1389977482939892,0.5191951994440155,-0.20733240297831287,-0.0027969804000197375,-0.0034864221069859343,-5.0032119611808,0,0.5256904961935822
42.96863999999339,-2.1474012286225497,0.5014885633142914,1.2783770349882182,0.004208538524133026,-0.010338407951882088,-0.0069500831012248125,-2.2520896236041006,0.40372955483494566,1.3272732714140196,-0.09263722094623765,0.016329759000171737,0.03885117475568385,-2.157870039544565,0.4708929119271082,1.3141376948772698,-0.03947217648805104,0.015484171420400225,0.035143677729426455,0.09000117304571391,0.09000117304571391,0.0,0.13897066266865965,0.5192213885124043,-0.207286220744924,-0.0027976452185031106,-0.003482792685314595,-5.00315652228445,0,0.5257221075049353
42.97279999999339,-2.147383673183804,0.5014455216641535,1.2783481185736765,0.004213305298965263,-0.01032999603308608,-0.006939939490025526,-2.1071834943594734,0.4183719936412531,1.3614380172673735,0.10343774356179833,0.07716468217901419,0.031246505082872383,-2.1323112583734165,0.444794037880054,1.3378543771529616,0.031970559076648475,0.04562215109406877,0.03261916462949747,0.09000117304571391,0.09000117304571391,0.0,0.1389435584021597,0.5192475793636876,-0.20724011096937164,-0.0027983122959437797,-0.0034791704937703295,-5.00310107642555,0,0.5257536901191595
42.97695999999339,-2.147366097885973,0.501402514987161,1.278319244367723,0.0042180714794180455,-0.010321602478176182,-0.00692980942885311,-1.8710428938573926,-0.06308363833542352,0.8262833695343467,0.026536263704888846,-0.16714841407551626,-0.056591299396784506,-2.0016211938331434,0.1905044296438917,1.0819494086574177,0.02980220025320863,-0.06096472670196771,-0.012857060270577862,0.09000117304571391,0.09000117304571391,0.0,0.13891643546728888,0.5192737720284248,-0.20719407353245348,-0.0027989816340899067,-0.003475555522360342,-5.003045623557477,0,0.5257852440926785
42.98111999999339,-2.147348502731472,0.5013595432068931,1.2782904123139518,0.004222837080249186,-0.01031322726430459,-0.006919692905067707,-1.9273807191089478,0.42101561818110256,1.0011406316894307,-0.012988887295988197,-0.0007967850594203692,-0.047376690666684915,-1.9645285416436729,0.30575946492756395,1.0414447658767305,0.008932623718353207,-0.030637121846468142,-0.029563289751913708,0.09000117304571391,0.09000117304571391,0.0,0.13888929383678505,0.5192999665372937,-0.20714810831576624,-0.002799653234696402,-0.003471947761110215,-5.002990163633592,0,0.5258167694818543
42.98527999999339,-2.1473308877226547,0.5013166062470238,1.27826162235601,0.00422760211621954,-0.010304870368645828,-0.006909589906022205,-2.3456035968223015,0.8358593884075176,1.7997023334689088,0.07507424224901094,0.053606075112247464,-0.056518497819328085,-2.1549128366598858,0.5709232271897698,1.420460768993703,0.04212089951566126,0.012156066828388556,-0.0427844472569141,0.09000117304571391,0.09000117304571391,0.0,0.1388621334835383,0.5193261629209301,-0.20710221520085106,-0.0028003270995247175,-0.0034683472000592193,-5.0029346966072445,0,0.525848266342988
42.98943999999339,-2.147313252861813,0.5012737040313221,1.2782328744375973,0.00423236660209009,-0.010296531768411719,-0.006899500419055253,-2.233307183934582,0.22973541694118194,0.9079528844310802,0.04719427258394833,-0.09764102748989065,0.026823407840052223,-2.194012369264301,0.40012348581895707,1.164258415176967,0.04464433498385556,-0.042563172881502506,-0.007688212587023392,0.09000117304571391,0.09000117304571391,0.0,0.1388349543801634,0.519352361209875,-0.20705639406983528,-0.002801003230343031,-0.0034647538292610124,-5.002879222431771,0,0.5258797347323194
42.993599999993386,-2.1472955981511768,0.5012308364836519,1.278204168502466,0.004237130552620829,-0.010288211440852587,-0.006889424431492557,-2.1513135703802235,0.6166657179777705,1.3989672096194685,0.08103023989134242,-0.07750540277987877,-0.14603363447254913,-2.172494477951917,0.5082341084345318,1.281309378736013,0.0630020280584942,-0.059647510010698866,-0.07621240057665477,0.09000117304571391,0.09000117304571391,0.0,0.1388077564992135,0.5193785614347349,-0.2070106448043629,-0.0028016816289261936,-0.0034611676387842887,-5.002823741060491,0,0.5259111747060266
42.997759999993384,-2.1472779235929162,0.5011880035279717,1.2781755044944216,0.0042418939825716925,-0.010279909363253965,-0.0068793619306452974,-1.8469645739245446,0.016830672650787082,1.160742311702919,0.04092668521780969,-0.044644148002723524,-0.13719643052932207,-2.0096418268391307,0.262437180994267,1.220738890120133,0.05182397308353658,-0.05266973287926809,-0.1063413991169544,0.09000117304571391,0.09000117304571391,0.0,0.1387805398138218,0.5194047636259679,-0.20696496728666353,-0.0028023622970556944,-0.0034575886187124087,-5.002768252446715,0,0.5259425863202266
43.00191999999338,-2.1472602291891385,0.5011452050883345,1.2781468823573223,0.004246656906706413,-0.010271625512933095,-0.00686931290381344,-2.067932897563624,0.5018405898192086,1.0206004945281215,-0.01369536724723568,0.09110768237557407,0.13744574108879248,-2.0388152266881687,0.38232915888907015,1.1209528647042628,0.01857353614418819,0.019644002814000427,0.01616660971446206,0.09000117304571391,0.09000117304571391,0.0,0.1387533042959914,0.5194309678141513,-0.20691936139955358,-0.0028030452365201703,-0.0034540167591423374,-5.002712756543734,0,0.5259739696309759
43.00607999999338,-2.1472425149418894,0.5011024410888876,1.2781183020350795,0.0042514193397841914,-0.010263359867253118,-0.006859277338281445,-1.897268768341732,0.5658773402885431,1.417322516882288,0.13683493839396604,-0.10161704859503064,-0.04080684490620169,-1.9677553539252113,0.47389283976954955,1.269054790111706,0.07719639110264746,-0.04081831166465598,-0.012269602385650644,0.09000117304571391,0.09000117304571391,0.0,0.13872604991830456,0.5194571740298217,-0.20687382702558108,-0.0028037304491148798,-0.0034504520501873024,-5.00265725330483,0,0.526005324694269
43.01023999999338,-2.1472247808531537,0.5010597114538726,1.2780897634716573,0.004256181296568749,-0.01025511240359976,-0.0068492552213258555,-2.742730914819377,0.3931283814167644,1.841056797327181,0.13152687687920236,-0.14023287924582709,-0.019646627964179358,-2.3549743617128756,0.43321839119945443,1.5550187260690989,0.1040583719768664,-0.09053176506842982,-0.01585868084930812,0.09000117304571391,0.09000117304571391,0.0,0.13869877665328234,0.5194833823033143,-0.20682836404745253,-0.002804417936641832,-0.003446894481973142,-5.002601742683266,0,0.52603665156604
43.01439999999338,-2.1472070269248547,0.5010170161076251,1.278061266611073,0.004260942791820598,-0.010246883099411238,-0.0068392465402034195,-1.5552825669551373,0.20045998032282236,1.0277504512159412,0.00368857650005868,-0.011599674023193124,0.022642187731072468,-1.9551149216676833,0.31681526198654614,1.2914272018837332,0.053747809839787566,-0.05195163276011289,0.003770256155327448,0.09000117304571391,0.09000117304571391,0.0,0.13867148447338448,0.519509592665244,-0.20678297234846132,-0.002805107700910082,-0.003443344044642655,-5.002546224632295,0,0.526067950302162
43.01855999999338,-2.1471892531588535,0.5009743549745744,1.2780328113973973,0.00426570384030541,-0.010238671932146448,-0.0068292512821650905,-2.480890919624418,0.3450368843019399,0.8529176301254329,0.17265339228285034,-0.07298375136193318,-0.040905284484496846,-2.217646199018008,0.33077402857711846,1.072084418090305,0.11257429464247064,-0.0622557541791438,-0.018637911635229158,0.09000117304571391,0.09000117304571391,0.0,0.13864417335058152,0.5195358051459186,-0.20673765181163242,-0.002805799743735657,-0.0034398007283511986,-5.002490699105151,0,0.5260992209584471
43.02271999999338,-2.14717145955695,0.5009317279792439,1.2780043977747537,0.004270464456784134,-0.010230478879316426,-0.006819269434441985,-2.3358567483296127,0.7935043757622298,1.1718905364692231,0.036574756414475815,0.06967384768206582,-0.09151165558020065,-2.276676090894137,0.5622878287427869,1.121797792606189,0.07451422197789369,0.0034750682379367168,-0.05505017246141954,0.09000117304571391,0.09000117304571391,0.0,0.13861684325720974,0.5195620197758187,-0.20669240232079183,-0.0028064940669414225,-0.003436264523271085,-5.002435166055059,0,0.5261304635906463
43.026879999993376,-2.1471536461208833,0.5008891350462503,1.2779760256873194,0.004275224656023,-0.01022230391845352,-0.006809300984260039,-1.6626664197868652,0.3128362306512994,1.3428487394539548,-0.022879480698009876,-0.026036032990575334,-0.20836669681358022,-1.9697150553433787,0.4375064454680479,1.2318919370968455,0.0260678074364442,-0.011430296186476365,-0.13194910636781357,0.09000117304571391,0.09000117304571391,0.0,0.13858949416575814,0.5195882365852782,-0.20664722375971187,-0.0028071906723571623,-0.003432735419587305,-5.002379625435223,0,0.5261616782544505
43.031039999993375,-2.14713581285233,0.5008465761003039,1.2779476950793243,0.004279984452787936,-0.01021414702713641,-0.006799345918829166,-2.2033642639050166,0.3341067557953342,1.023970828667887,0.0589091247737655,0.0012826796960304261,0.14250333297454254,-2.0864180587724896,0.38580688025953913,1.128225882017616,0.04214663166518139,-0.004274137606082604,0.0054753142784524055,0.09000117304571391,0.09000117304571391,0.0,0.13856212604779897,0.5196144556046973,-0.20660211601189643,-0.002807889561819985,-0.003429213407500498,-5.002324077198837,0,0.5261928650054891
43.035199999993374,-2.1471179597529058,0.5008040510662082,1.277919405895052,0.00428474386184347,-0.010206008182980921,-0.0067894042253449395,-2.5333872737323127,0.06098445774580691,1.0628849949575219,0.0883394483209854,-0.024403904238309466,0.07781249442669638,-2.3097221886398382,0.22334248981250382,1.095715808670281,0.06530653942097558,-0.014267126972805367,0.04212988291479622,0.09000117304571391,0.09000117304571391,0.0,0.13853473887591167,0.5196406768644368,-0.20655707896186465,-0.0028085907371737783,-0.003425698477226747,-5.0022685212990785,0,0.5262240238993316
43.03935999999337,-2.1471000868241643,0.5007615598688597,1.2778911580788395,0.004289502897961658,-0.010197887363623943,-0.00677947589099858,-1.7321116787537858,0.14370287402062915,1.2087638094895006,0.01868810232548362,0.0659671704437883,0.03209008096878326,-2.0208736682884645,0.18365984222155518,1.1523069479311427,0.04183062709645921,0.025600724060300218,0.03730230298530435,0.09000117304571391,0.09000117304571391,0.0,0.13850733262154558,0.5196669003948176,-0.2065121124936543,-0.002809294200269728,-0.003422190618993885,-5.002212957689108,0,0.5262551549914866
43.04351999999337,-2.147082194067598,0.5007191024332482,1.2778629515750772,0.0042942615759086495,-0.010189784546757185,-0.006769560902960625,-2.0321128348711057,0.5989997640018399,1.4488424118643737,-0.11131548873769914,-0.1157845120088569,-0.051469534623810674,-2.02672659300802,0.3910919497753864,1.3004679674772093,-0.0339008753020573,-0.04511590078324335,-0.006244985464550043,0.09000117304571391,0.09000117304571391,0.0,0.13847990725694315,0.5196931262261205,-0.2064672164923191,-0.0028099999529659324,-0.0034186898230468823,-5.0021573863220725,0,0.5262862583374021
43.04767999999337,-2.147064281484638,0.5006766786844561,1.277834786328209,0.00429901991045383,-0.010181699710107241,-0.006759659248392506,-1.8448862654326375,0.7093178232094534,1.5797349757283623,-0.062433580747800234,-0.11206470266730062,0.06936013837723817,-1.935934355381432,0.5499732501712363,1.4402478940752748,-0.048483449388781526,-0.07821491544663155,0.031455976322616326,0.09000117304571391,0.09000117304571391,0.0,0.1384524627538581,0.5197193543886944,-0.20642239084200376,-0.002810707997127817,-0.0034151960796462025,-5.002101807151105,0,0.5263173339924657
43.05183999999337,-2.1470463490766534,0.5006342885476585,1.277806662282732,0.004303777916370272,-0.010173632831426967,-0.006749770914445284,-2.2454613737090856,-0.18433028362145965,1.098726029484582,-0.06675070246741076,0.17280509336036914,-0.10647286620584255,-2.0908384309991406,0.1831756779993061,1.2692623008178536,-0.0578269827481812,0.04732545599855447,-0.03710980136099358,0.09000117304571391,0.09000117304571391,0.0,0.1384249990839825,0.5197455849127416,-0.20637763542808238,-0.002811418334627926,-0.003411709379065306,-5.002046220129319,0,0.5263483820120048
43.05599999999337,-2.1470283968449517,0.500591931948123,1.2777785793831975,0.004308535608430062,-0.010165583888514082,-0.006739895888256776,-2.233806385264008,0.5832291203584574,1.2135113917439255,-0.15318198870053254,0.07467721867514902,0.04823908876442314,-2.162641178910328,0.38335936808903076,1.2414858271766689,-0.10590407370303655,0.06155586766563568,0.0060231367017271635,0.09000117304571391,0.09000117304571391,0.0,0.13839751621916058,0.519771817828532,-0.20633295013566255,-0.002812130967345993,-0.0034082297115932267,-5.0019906252098165,0,0.5263794024512862
43.06015999999337,-2.1470104247907793,0.5005496088112097,1.2777505375742102,0.004313293001408093,-0.010157552859200312,-0.006730034156953922,-1.9563109320354295,0.37772887860718096,1.5323453860497678,-0.0335059889003801,0.11331387241446274,0.02764079078869643,-2.059546329900129,0.38077895489838315,1.386975224043915,-0.06873513211750537,0.08782517473936446,0.016787254707702245,0.09000117304571391,0.09000117304571391,0.0,0.13837001413096126,0.5197980531663503,-0.20628833485022666,-0.002812845897169072,-0.0034047570675335764,-5.001935022345681,0,0.5264103953655168
43.064319999993366,-2.1469924329153205,0.5005073190623707,1.2777225368004284,0.004318050110080638,-0.010149539721353752,-0.0067201857076525625,-2.2845214352924197,0.7179318452332014,1.8863310776049032,-0.0059443799467818696,-0.06710435744527553,-0.12401373133040114,-2.172047637087206,0.549218482253344,1.6363981836428683,-0.03743220320348571,0.010226997069182078,-0.05335589211842778,0.09000117304571391,0.09000117304571391,0.0,0.13834249279089186,0.5198242909563887,-0.20624378945720404,-0.002813563125991463,-0.0034012914372045728,-5.001879411489982,0,0.526441360809843
43.068479999993365,-2.146974421219699,0.5004650626271503,1.277694577006564,0.004322806949224908,-0.010141544452881408,-0.0067103505274555995,-2.1296157715672783,0.42450964361504273,1.492784374567287,-0.008014856991039262,-0.09564911989556596,-0.038617671710064895,-2.150848240495872,0.48666399483475214,1.564509601648954,-0.022647316925783926,-0.04258500692562085,-0.04581996685620434,0.09000117304571391,0.09000117304571391,0.0,0.13831495217082584,0.5198505312288006,-0.2061993138423988,-0.002814282655714732,-0.003397832810939573,-5.001823792595771,0,0.5264722988393513
43.07263999999336,-2.1469563897049753,0.5004228394311848,1.277666658137383,0.004327563533622433,-0.010133567031723328,-0.0067005286034561755,-2.562579470444554,0.8659167193521733,1.1959272325670238,-0.14075742291565055,-0.10007742602285269,0.1384473347879517,-2.3570104200142743,0.6760834969221563,1.380504439335982,-0.0812562313955489,-0.07067559200748118,0.04599658394941264,0.09000117304571391,0.09000117304571391,0.0,0.13828739224172,0.5198767740137545,-0.2061549078919904,-0.0028150044882480326,-0.0033943811790860213,-5.0017681656160855,0,0.5265032095090679
43.07679999999336,-2.14693833837215,0.500380649400202,1.277638780137705,0.004332319878051677,-0.010125607435867575,-0.0066907199227324325,-2.797902994741362,0.19153994760671628,1.2099865967888952,-0.015620198951465571,-0.04332006051695731,0.022625669755900756,-2.5774912715436606,0.4337193223630307,1.2952905440902733,-0.04892831742363213,-0.05752616607340949,0.0347172521023185,0.09000117304571391,0.09000117304571391,0.0,0.13825981297532425,0.5199030193415407,-0.20611057149189183,-0.0028157286255076964,-0.0033909365320082207,-5.001712530503944,0,0.5265340928739592
43.08095999999336,-2.146920267222161,0.5003384924600215,1.2776109429524034,0.0043370759973008245,-0.010117665643315536,-0.006680924472359353,-2.5474654593941084,0.3243541407458766,1.252146150889754,0.19316714669407045,-0.10945963437979243,-0.122143489792758,-2.56207581629334,0.37880806372435405,1.273464186463332,0.07183608276760924,-0.0833791307450416,-0.043797219052116906,0.09000117304571391,0.09000117304571391,0.0,0.13823221434289992,0.519929267242144,-0.2060663045288191,-0.0028164550694175046,-0.0033874988600813357,-5.001656887212351,0,0.5265649489889318
43.08511999999336,-2.1469021762558853,0.5002963685365542,1.277583146526406,0.004341831906153137,-0.010109741632131566,-0.006671142239391901,-2.11712713391535,0.5899052471520542,1.3607961917778455,-0.1521022984034449,0.01583052228399389,0.06143072071018606,-2.339915208416595,0.48439251730212834,1.3172585708499391,-0.03988870603460657,-0.034481564104946766,0.008811693445098604,0.09000117304571391,0.09000117304571391,0.0,0.1382045963156465,0.5199555177457785,-0.20602210688943662,-0.0028171838219088426,-0.0033840681536987482,-5.001601235694294,0,0.5265957779088323
43.08927999999336,-2.1468840654741377,0.5002542775558025,1.277555390804694,0.004346587619397183,-0.010101835380404179,-0.006661373210879218,-2.247325831862313,0.5466266643627945,0.6696945798250397,0.05608786083308519,-0.15043943037799504,0.11631837421457733,-2.293503759480575,0.5151978767894545,0.9937141710553633,0.00835710393772561,-0.09281856659551214,0.0624676580938922,0.09000117304571391,0.09000117304571391,0.0,0.13817695886470177,0.5199817708825132,-0.20597797846014235,-0.0028179148849205166,-0.0033806444032677165,-5.001545575902743,0,0.5266265796884472
43.09343999999336,-2.1468659348776717,0.5002122194438597,1.2775276757323029,0.004351343151823715,-0.010093946866258724,-0.00665161737385791,-1.9797767168996718,0.2335964518949638,1.9375865769079068,0.03971753485715542,-0.033292100392341414,0.01455633387143271,-2.1365557502314556,0.37432550785115865,1.465687410020145,0.024188535511756166,-0.06284786780527832,0.03844074670939673,0.09000117304571391,0.09000117304571391,0.0,0.13814930196135575,0.5200080266824864,-0.2059339191285656,-0.0028186482603987893,-0.003377227599209814,-5.001489907790652,0,0.5266573543825038
43.097599999993356,-2.146847784467179,0.5001701941269103,1.2775000012543223,0.004356098518227838,-0.010086076067852997,-0.006641874715358035,-2.1732013887742094,0.4539058437314929,1.1016646363698477,-0.11733060010641715,-0.16164330789375,0.09329873152944167,-2.155123271455507,0.4137790835157247,1.283869771882833,-0.04636901991503565,-0.11178931601494448,0.06479045749902809,0.09000117304571391,0.09000117304571391,0.0,0.13812162557640925,0.5200342851756917,-0.20588992878164286,-0.0028193839502975567,-0.0033738177319601837,-5.001434231310957,0,0.5266881020456694
43.101759999993355,-2.14682961424329,0.5001282015312295,1.2774723673158956,0.004360853733398826,-0.010078222963409144,-0.006632145222386893,-2.2339382226015596,0.20199375386085305,1.3538529679224918,0.05269068542213641,-0.006494948309165361,0.1389450412050102,-2.1944217154522105,0.30787273106295815,1.3191514105557494,0.0031602682539938216,-0.05977571044631839,0.1015988774584343,0.09000117304571391,0.09000117304571391,0.0,0.1380939296812428,0.5200605463922459,-0.205846007306686,-0.002820121956578301,-0.003370414791973865,-5.001378546416578,0,0.526718822732552
43.105919999993354,-2.1468114242065726,0.500086241583183,1.2774447738622208,0.004365608812141963,-0.01007038753114211,-0.006622428881958301,-2.137233131437028,0.12595525053412043,1.2858933931510204,0.027393880947600653,0.0883488713844986,-0.00992070424260458,-2.1657701348329375,0.21709443820772759,1.3024992239748865,0.015318818293867878,0.015259311724335645,0.046957140095040324,0.09000117304571391,0.09000117304571391,0.0,0.1380662142463202,0.520086810362228,-0.20580215459159718,-0.002820862281210172,-0.003367018769713995,-5.001322853060417,0,0.5267495164976996
43.11007999999335,-2.146793214357534,0.5000443142092275,1.2774172208385497,0.00437036376925465,-0.01006256974933654,-0.006612725681063512,-2.092099195523616,0.2752961459326725,1.5012587541513405,0.0552369611423145,-0.07672803266907353,-0.13171497660761747,-2.1288190910363523,0.2460340109314999,1.4016056648793709,0.03519486271774541,-0.029720480138131198,-0.04200604725312734,0.09000117304571391,0.09000117304571391,0.0,0.13803847924289858,0.5201130771155734,-0.2057583705242275,-0.0028216049261698246,-0.003363629655662021,-5.001267151195359,0,0.5267801833956014
43.11423999999335,-2.1467749846966195,0.5000024193359095,1.2773897081901886,0.00437511861953901,-0.010054769596313583,-0.006603035606683774,-1.841711379708886,0.5254082265419012,1.2909764594205588,-0.11610419845275369,-0.01836120339399129,0.018721876663607563,-1.9855057689922222,0.3856855284492831,1.3463297608656895,-0.039940443941232716,-0.024351979981812863,-0.011901720881491381,0.09000117304571391,0.09000117304571391,0.0,0.13801072464153225,0.5201393466823406,-0.2057146549925906,-0.002822349893441865,-0.003360247440315719,-5.001211440774272,0,0.5268108234806866
43.11839999999335,-2.146756735224212,0.49996055688986607,1.2773622358624979,0.004379873377802745,-0.010046987050417476,-0.006593358645795415,-2.1876442358225265,0.5812073805818155,1.1717999059020086,-0.16923900227712604,0.012395607801543973,-0.08259780320763534,-2.086927447396445,0.4834739281345374,1.2588925224536893,-0.10505347313117722,-0.00613582603117146,-0.04758728979698871,0.09000117304571391,0.09000117304571391,0.0,0.13798295041292735,0.5201656190925512,-0.2056710078848627,-0.002823097185018462,-0.0033568721141855867,-5.001155721750005,0,0.5268414368073254
43.12255999999335,-2.1467384659406337,0.49991872679782423,1.2773348038008923,0.004384628058854813,-0.01003922209003622,-0.006583694785361533,-2.6058760734989073,0.3027300910017551,1.0017635088727301,0.04224292567783041,0.007106841476961849,0.031048925376188204,-2.346317257699139,0.39311600137996755,1.1303909692206815,-0.031544539223983585,0.0002564832384477979,-0.008356895757025246,0.09000117304571391,0.09000117304571391,0.0,0.13795515652794224,0.5201918943761369,-0.20562742908959672,-0.002823846802899506,-0.003353503667797255,-5.001099994075391,0,0.5268720234298289
43.12671999999335,-2.146720176846144,0.4998769289866009,1.277307411950841,0.00438938267750875,-0.01003147469359255,-0.0065740440123365435,-1.7997263952061169,0.5518488885117163,1.4405486112878607,-0.08772399405583277,0.060420808464798366,0.033714087702010294,-2.0732019063741376,0.4726095942483258,1.2855413450816944,-0.05893762640406706,0.030159266902059542,0.013031635791414064,0.09000117304571391,0.09000117304571391,0.0,0.13792734295694606,0.5202181725630458,-0.20558391849550875,-0.0028245987490928062,-0.0033501420916907674,-5.001044257703244,0,0.5269025834024486
43.13087999999335,-2.1467018679409415,0.49983516338310274,1.2772800602578673,0.004394137248578342,-0.010023744839554514,-0.006564406313661832,-1.8138486986931248,0.2641158304733158,0.9688212911538308,-0.0035570993592748982,-0.02784601449206222,-0.026761101605025553,-1.9435302538634034,0.3683035309814212,1.1271237342831526,-0.03155504259308923,0.0010658763078823443,-0.00700389991723162,0.09000117304571391,0.09000117304571391,0.0,0.1378995096704598,0.5202444536833505,-0.20554047599126396,-0.002825353025613952,-0.003346787376422508,-5.00098851258636,0,0.526933116779377
43.135039999993346,-2.1466835392251626,0.499793429914326,1.2772527486675496,0.00439889178688394,-0.01001603250641453,-0.006554781676272984,-2.1335652332661645,0.4899853091254859,0.7692145987579503,-0.07194934999683686,-0.18664379395735287,-0.1721568115611818,-2.038696692742053,0.42875739988265166,0.9478087698623467,-0.052727223046707836,-0.09294140367256014,-0.08966064787115822,0.09000117304571391,0.09000117304571391,0.0,0.13787165663915663,0.5202707377667665,-0.2054971014663325,-0.0028261096344862698,-0.00334343951256178,-5.000932758677516,0,0.5269636236147479
43.139199999993345,-2.1466651906988825,0.4997517285073564,1.27722547712552,0.004403646307246538,-0.010008337672717131,-0.00654517008709183,-2.1078686333360745,0.7490493594346918,1.8331065850519013,0.01743680524871009,-0.011741073942929493,-0.05419897149100888,-2.073247781313943,0.5888802508152867,1.3903521421268776,-0.01721584266573675,-0.05189012491015774,-0.07241392297431051,0.09000117304571391,0.09000117304571391,0.0,0.13784378383343446,0.5202970248434539,-0.20545379480970663,-0.002826868577741232,-0.0033400984906947614,-5.000876995929473,0,0.5269941039626359
43.14335999999334,-2.1466468223621136,0.4997100590893688,1.2771982455774658,0.004408400824494849,-0.010000660317027761,-0.006535571533035427,-2.407807233130425,-0.29232130947691054,1.5580961684539993,0.02897290627465903,0.03916698348237238,0.11684530269799163,-2.2404706838131605,0.1483551837448087,1.4744683561880187,0.006403688371590926,-0.0065660247204725386,0.02220728980380804,0.09000117304571391,0.09000117304571391,0.0,0.1378158912232016,0.5203233149431097,-0.20541055591096943,-0.0028276298574182453,-0.0033367643014200962,-5.000821224294971,0,0.5270245578770565
43.14751999999334,-2.1466284342148074,0.4996684215876272,1.2771710539691283,0.0044131553534532035,-0.009993000417973533,-0.006525986001002254,-2.84675182938254,0.47449576226925966,1.1713872760927855,0.032358004318304906,0.029737931679051442,0.06475996880125465,-2.543547008706151,0.3114891626508708,1.323061085613606,0.018808609971905654,0.011798349614457136,0.0431484413802945,0.09000117304571391,0.09000117304571391,0.0,0.13778797877915955,0.5203496080958228,-0.20536738465986787,-0.0028283934755645385,-0.0033334369353551947,-5.000765443726734,0,0.5270549854119668
43.15167999999334,-2.1466100262568535,0.49962681592948477,1.2771439022463038,0.004417909908959604,-0.009985357954187986,-0.006516413477893555,-1.7030796502243573,0.9179133314964955,1.5626052884020192,-0.16460888908811425,0.09431031598739606,-0.030685478135585254,-2.123650013221218,0.6149029824945594,1.4427705832944484,-0.07280030488763754,0.052409892784728705,0.006454996660512188,0.09000117304571391,0.09000117304571391,0.0,0.1377600464713071,0.5203759043313254,-0.2053242809460986,-0.0028291594342354214,-0.0033301163831277684,-5.000709654177465,0,0.5270853866212648
43.15583999999334,-2.146591598488079,0.49958524204238325,1.277116790354843,0.004422664505849466,-0.009977732904363898,-0.006506853950591849,-2.4464319104570253,0.3730374733724129,1.1293095691795683,0.01588922339316634,0.06361746861155758,0.01174349668072746,-2.2850107389851884,0.49409923687546764,1.286062099508805,-0.028188289652297974,0.05879244449432869,0.009199605387652415,0.09000117304571391,0.09000117304571391,0.0,0.1377320942695809,0.5204022036795283,-0.2052812446599498,-0.0028299277354942995,-0.0033268026353826486,-5.0006538555998485,0,0.52711576155879
43.15999999999334,-2.14657315090825,0.4995436998538531,1.2770897182406515,0.004427419158961838,-0.009970125247229593,-0.006497307405971793,-2.4460907629741704,0.3451989266555372,1.1706757446249174,-0.13899348009589282,0.05034862765257474,0.08098763545760182,-2.3658411559350996,0.4197527696604392,1.2285368325165262,-0.08349945184265192,0.05456812264875719,0.044961152811931554,0.09000117304571391,0.09000117304571391,0.0,0.1377041221442833,0.5204285061702,-0.2052382756916601,-0.0028306983814125196,-0.0033234956827803007,-5.000598047946552,0,0.527146110278323
43.16415999999334,-2.14655468351707,0.4995021892915133,1.2770626858496894,0.0044321738831406875,-0.00996253496155193,-0.00648777383089828,-2.429602507805809,0.22799585586335247,1.194376610764677,-0.13178723472921164,0.08455723995436093,0.12832532785459436,-2.3979965790759676,0.3240480324649789,1.211723355487516,-0.10755013266820251,0.0699526824480792,0.08665717001530618,0.09000117304571391,0.09000117304571391,0.0,0.13767613006522744,0.5204548118334479,-0.20519537393163187,-0.0028314713740697113,-0.0033201955159965846,-5.000542231170221,0,0.5271764328335863
43.16831999999334,-2.1465361963141816,0.49946071028307115,1.2770356931279718,0.00443692869323959,-0.009954962026111298,-0.006478253212235769,-1.987228255959744,0.5325169713975793,1.1197543591340757,0.05495297003910493,-0.026132700674956995,0.06457764863425147,-2.192496665873448,0.42822832310515635,1.1658730794322443,-0.025624613914110923,0.022532730804860544,0.07535626382371477,0.09000117304571391,0.09000117304571391,0.0,0.13764811800237833,0.5204811206987036,-0.2051525392708598,-0.002832246715553424,-0.0033169021257175766,-5.000486405223483,0,0.5272067292782434
43.172479999993335,-2.1465176892991646,0.49941926275632215,1.2770087400215684,0.004441683604105795,-0.009947406419767558,-0.006468745536824783,-2.038540947291487,0.4599944308336477,0.5957755085484421,-0.14807249581566187,0.05530147336847184,-0.08424106119863897,-2.115823345231314,0.4442267310580205,0.8806453477104954,-0.08798055861903158,0.03886386769328719,-0.004558129410278148,0.09000117304571391,0.09000117304571391,0.0,0.13762008592563912,0.5205074327961111,-0.2051097715998612,-0.002833024407959647,-0.003313615502650527,-5.000430570058946,0,0.5272369996658999
43.176639999993334,-2.146499162471537,0.49937784663914975,1.2769818264766037,0.004446438630601395,-0.009939868121378544,-0.0064592507915105365,-2.4253540778253813,0.6832970032036161,1.0521285278445827,-0.09566100269965322,0.0141111161216066,-0.014959692220972806,-2.2707885308408007,0.563792273230422,0.9663573784266976,-0.0924543818781619,0.02678599401588265,-0.009929626420359586,0.09000117304571391,0.09000117304571391,0.0,0.13759203380442345,0.5205337481552462,-0.20506707080995917,-0.0028338044533924803,-0.003310335637512516,-5.000374725629199,0,0.5272672440501026
43.18079999999333,-2.1464806158307557,0.49933646185952524,1.2769549524392574,0.004451193787580907,-0.009932347109880226,-0.006449768963114459,-2.305284957420747,0.2583097604909226,1.4143567709693776,0.10851172741338064,0.05412387901901451,-0.10647511139911223,-2.2878124909411754,0.41116319033218346,1.190141070247455,0.008596018484274567,0.03961893969928177,-0.05931452855145385,0.09000117304571391,0.09000117304571391,0.0,0.13756396160893808,0.5205600668060775,-0.20502443679242777,-0.0028345868539642344,-0.0033070625210414265,-5.000318871886811,0,0.5272974624843404
43.18495999999333,-2.1464620493762143,0.4992951083455077,1.2769281178557639,0.0044559490899161655,-0.009924843364205582,-0.006440300038464966,-2.0191765353086915,0.6186651364718675,1.3574719294906419,0.046904965326811786,0.008977119342631821,-0.018878290361597837,-2.1533952485573438,0.5149342575667113,1.2737670975139237,0.027832750274364708,0.0243144030515406,-0.03847056350002025,0.09000117304571391,0.09000117304571391,0.0,0.1375358693082592,0.5205863887783252,-0.20498186943891977,-0.002835371611795632,-0.003303796143984462,-5.000263008784329,0,0.527327655022044
43.18911999999333,-2.1464434631072455,0.4992537860252438,1.2769013226724124,0.004460704552476651,-0.009917356863343005,-0.006430844004375378,-2.398977376888192,0.38821204396169784,0.7558547804049435,0.034142580196775504,0.12244456226724466,0.00041738850423591115,-2.2761167904401995,0.4518269096414083,1.0148078481202831,0.030878992629162137,0.07339027830404139,-0.018868038316377626,0.09000117304571391,0.09000117304571391,0.0,0.13750775687225575,0.5206127141016756,-0.20493936864082485,-0.00283615872901546,-0.00330053649710472,-5.000207136274284,0,0.5273578217165856
43.19327999999333,-2.14642485702312,0.49921249482696745,1.2768745668355472,0.004465460190135913,-0.00990988758632652,-0.006421400847646058,-2.163919602640227,0.6439188698854398,1.4328257595479603,-0.02507007644793352,-0.149275311345669,0.04698509816402385,-2.220069718750853,0.5475617864627536,1.2239161665871197,0.002986068460332628,-0.03698623080776818,0.014674576149683233,0.09000117304571391,0.09000117304571391,0.0,0.13747962427052138,0.5206390428058877,-0.20489693429012482,-0.00283694820776106,-0.00329728357118225,-5.000151254309183,0,0.5273879626212797
43.19743999999333,-2.146406231123046,0.4991712346789999,1.2768478502915677,0.004470216017775765,-0.00990243551221657,-0.006411970555073647,-1.994490287741078,0.8232080366575236,0.6196488478798744,-0.036284782498363595,0.12871021187987053,-0.1156827090918076,-2.107351607775958,0.6856524577747548,0.9215379533416962,-0.017747131208814368,0.046859275926573594,-0.050635710058865066,0.09000117304571391,0.09000117304571391,0.0,0.13745147147194622,0.5206653749207935,-0.20485456627896678,-0.0028377400501782887,-0.0032940373570106555,-5.000095362841515,0,0.5274180777893828
43.20159999999333,-2.1463875854061696,0.4991300055097494,1.2768211729869283,0.004474972050278084,-0.009895000620121325,-0.006402553113442379,-1.7778294237755732,0.2571836118767153,0.8858127248325727,-0.3323529646859181,-0.14959428582504977,0.06956038171883591,-1.9432798237230782,0.4711044347684723,0.9038205759425755,-0.17487158484155854,-0.051619349928503505,0.009068400581151301,0.09000117304571391,0.09000117304571391,0.0,0.1374232984464271,0.5206917104760309,-0.20481226449987716,-0.0028385342584211315,-0.0032907978453999443,-5.000039461823747,0,0.5274481672740933
43.205759999993326,-2.1463689198715756,0.49908880724771115,1.2767945348681387,0.004479728302533985,-0.009887582889180166,-0.006393148509531823,-2.0387622604153246,0.013893889715428154,1.2598661758149465,-0.06267661370345941,-0.015570802019312394,-0.047953278833142786,-1.991152242485053,0.24246361190225257,1.0817440877307958,-0.11870110057879805,-0.03361459661051481,-0.018458772264164033,0.09000117304571391,0.09000117304571391,0.0,0.13739510516294415,0.5207180495014716,-0.2047700288451199,-0.002839330834652327,-0.003287565027174276,-4.999983551208327,0,0.5274782311285521
43.209919999993325,-2.146350234518286,0.49904763982146716,1.2767679358817632,0.004484484789440577,-0.009880182298561954,-0.006383756730115341,-2.5059082301980085,0.32362555028479145,1.1323684902093127,-0.08544944293239021,-0.08451774590210695,0.06924528240116137,-2.248710451410522,0.2828708617395023,1.1072016539408418,-0.10261559271923386,-0.05978761663697429,0.02491519330569341,0.09000117304571391,0.09000117304571391,0.0,0.13736689159062887,0.5207443920265797,-0.20472785920733766,-0.0028401297810429554,-0.003284338893170688,-4.999927630947681,0,0.527508269405842
43.214079999993324,-2.1463315293452614,0.4990065031596859,1.2767413759744217,0.004489241525894073,-0.009872798827496337,-0.00637437776194911,-2.509760052267603,0.6757896370722096,1.1561058947074057,0.18078355991211667,-0.0929577048144177,-0.0147720180767716,-2.378862325725555,0.47913926332681134,1.1316245618949006,0.039677347837894096,-0.07618483740102895,0.0045111955695134286,0.09000117304571391,0.09000117304571391,0.0,0.13733865769876455,0.5207707380812672,-0.2046857554795525,-0.0028409310997726863,-0.003281119434244849,-4.999871700994214,0,0.5275382821589883
43.21823999999332,-2.1463128043513997,0.4989653971911225,1.2767148550927894,0.0044939985268026,-0.009865432455227925,-0.006365011591790468,-1.8998534552073967,0.63722624261427,1.5843637250791165,0.009583512274448978,-0.06410487972850715,0.08690946832522843,-2.1393352147080136,0.5580500385848419,1.358178451389143,0.024925438779337828,-0.0699127555288813,0.045526811904880185,0.09000117304571391,0.09000117304571391,0.0,0.13731040345635878,0.5207970876951454,-0.2046437175549523,-0.002841734793029755,-0.003277906641264432,-4.999815761300312,0,0.5275682694409589
43.22239999999332,-2.146294059535537,0.4989243218446181,1.276688373183596,0.004498755807077473,-0.00985808316104752,-0.0063556582063859215,-1.7182312839358636,0.5178810095437956,1.2509782784048022,-0.10369777301875972,-0.1613867794289196,0.005204507184630186,-1.9289953404282891,0.5376303388971647,1.3045881981555187,-0.039690756795647986,-0.11601690849217454,0.02548452223777684,0.09000117304571391,0.09000117304571391,0.0,0.13728212883235696,0.5208234408979001,-0.20460174532646253,-0.0028425408630110456,-0.003274700505112277,-4.999759811818336,0,0.5275982313046639
43.22655999999332,-2.146275294896447,0.49888327704910024,1.2766619301936275,0.004503513381634913,-0.009850750924285745,-0.006346317592471699,-1.8914028181383498,0.2926451786379132,1.1471224754714124,0.09801228176637446,0.1588457855998644,-0.07259704617413645,-1.9099958271987223,0.4154658533025104,1.2257041101634176,0.029572040018132538,0.021678522066831928,-0.023970697786746112,0.09000117304571391,0.09000117304571391,0.0,0.1372538337954284,0.5208497977190768,-0.2045598386880298,-0.002843349311922097,-0.0032715010166866672,-4.999703852500629,0,0.5276281678029556
43.23071999999332,-2.146256510432841,0.4988422627335822,1.2766355260697242,0.004508271265390774,-0.009843435724330439,-0.00633698973677061,-1.9687176964408217,0.31952548921989254,1.5367425895124789,0.032564102824474694,0.11929083141675187,-0.016731634234237777,-1.939288688369008,0.3677439074049294,1.3811887999920947,0.03070630445091563,0.0701004786202363,-0.01942600688384066,0.09000117304571391,0.09000117304571391,0.0,0.13722551831460772,0.5208761581885629,-0.20451799753291122,-0.0028441601419770773,-0.003268308166905094,-4.999647883299511,0,0.5276580789886297
43.23487999999332,-2.146237706143369,0.49880127882716313,1.2766091607587824,0.0045130294732778605,-0.00983613754056791,-0.006327674626011199,-1.7441529826952937,0.6148821625647004,1.7519118276026426,0.07263938418956394,0.16556772623103586,-0.19864317224502187,-1.8415686718054542,0.49165985837405796,1.5661398946726803,0.05180938141043584,0.11748275608546023,-0.10909946001814341,0.09000117304571391,0.09000117304571391,0.0,0.13719718235865377,0.5209025223358394,-0.20447622175538527,-0.002844973355398763,-0.0032651219466938936,-4.999591904167281,0,0.5276879649144239
43.23903999999332,-2.1462188820266177,0.4987603252590279,1.2765828342077536,0.00451778802022652,-0.00982885635245452,-0.00631837224690346,-2.0797041588041734,0.25498602446461816,1.0736354776620858,-0.13424699713066574,-0.23982265465128988,0.07859845682601678,-1.9609176288511734,0.3728224420489196,1.3200471007867307,-0.04105430804935438,-0.06113789729565046,-0.014963628722581553,0.09000117304571391,0.09000117304571391,0.0,0.1371688258962633,0.5209288901906217,-0.20443451124946915,-0.002845788954418854,-0.0032619423469979042,-4.9995359150562155,0,0.5277178256330193
43.243199999993315,-2.146200038081113,0.49871940195844683,1.2765565463636446,0.0045225469211781395,-0.009821592139465322,-0.00630908258615704,-1.9895470805376452,0.7174663451458717,1.192172915115831,-0.0675073408980138,-0.07247730324087552,0.006145447391097628,-1.9753726257835929,0.5449950750222233,1.2561217180534399,-0.054443842117821245,-0.06633587740604652,-0.004325116035587464,0.09000117304571391,0.09000117304571391,0.0,0.13714044889607088,0.5209552617824332,-0.2043928659091318,-0.00284660694127781,-0.003258769358774673,-4.999479915918569,0,0.5277476611970392
43.247359999993314,-2.1461811743053167,0.4986785088547755,1.2765302971735175,0.004527306191077063,-0.00981434488112602,-0.00629980563046791,-1.9261685068085383,-0.07116861234969607,1.647222119747711,-0.054274554079206914,0.08307597965841136,-0.2430831282478517,-1.9508817463008008,0.23708238591392686,1.451170911281632,-0.05501563995031164,0.00803806208475256,-0.12458391906344617,0.09000117304571391,0.09000117304571391,0.0,0.13711205132643495,0.5209816371410856,-0.20435128562914984,-0.002847427318225025,-0.003255602972998153,-4.999423906706575,0,0.5277774716590503
43.25151999999331,-2.14616229069763,0.4986376458774547,1.2765040865844903,0.004532065844874911,-0.00980711455699303,-0.006290541366528448,-2.432071665464705,0.04669100440482454,1.5680926088529084,0.07228899816915065,0.043450468960674685,0.13020357978673122,-2.191329710394714,0.14197579213723627,1.5099042082807081,0.008626803719696676,0.02571626103648931,0.002403855830704678,0.09000117304571391,0.09000117304571391,0.0,0.13708363315586528,0.5210080162960385,-0.20430977030425296,-0.0028482500875186114,-0.003252443180656484,-4.9993678873724425,0,0.5278072570715623
43.25567999999331,-2.14614338725639,0.4985968129560102,1.2764779145437362,0.0045368258975282735,-0.009799901146666977,-0.006281289781021693,-2.088757366605414,0.9112384614306979,1.011343545845381,-0.08984856482376428,-0.1189938818031834,0.02969060563789215,-2.1402313392792705,0.5263644701504159,1.2606830938179518,-0.03981786719114853,-0.04637195207899342,0.015588770351862229,0.09000117304571391,0.09000117304571391,0.0,0.1370551943525955,0.5210343992768799,-0.20426831982912325,-0.002849075251425609,-0.0032492899727536023,-4.999311857868361,0,0.5278370174870274
43.25983999999331,-2.146124463979873,0.49855601002005273,1.2764517809984837,0.0045415863639981496,-0.009792704629791815,-0.006272050860620568,-2.2345420174174153,0.8012541210206409,1.3580790279358084,-0.0994828483097585,0.01465078438820307,-0.06606146521518479,-2.1875935376695836,0.6638405493217736,1.3092431433733178,-0.0699937260718767,-0.015314888889996237,-0.02465743266503305,0.09000117304571391,0.09000117304571391,0.0,0.13702673488522457,0.5210607861133266,-0.2042269340988227,-0.00284990281222193,-0.0032461433403099173,-4.999255818146494,0,0.5278667529578415
43.26399999999331,-2.1461055208662927,0.4985152369992776,1.276425685896017,0.004546347259256777,-0.009785524986036055,-0.006262824591995948,-2.189337957615823,0.16302346287343755,1.3059074909605144,-0.0529697532172784,-0.07569772572031494,-0.05974663344030938,-2.1885763398147837,0.4132709851874225,1.307450862247539,-0.06128836835529516,-0.04547004285759784,-0.042122699888490184,0.09000117304571391,0.09000117304571391,0.0,0.13699825472186175,0.5210871768349574,-0.20418561300857999,-0.0028507327721925754,-0.0032430032743586547,-4.999199768158986,0,0.5278964635363436
43.26815999999331,-2.1460865579138,0.49847449382346465,1.276399629183676,0.004551108598283837,-0.009778362195100993,-0.0062536109618135756,-2.7833745394072142,0.3827117423939912,1.2740373861056125,0.09917385690108092,-0.0915757960152557,-0.04512115717416486,-2.4857741647010885,0.3978023460957092,1.29065055274284,0.019337213129770964,-0.06932351243719886,-0.04386843998370812,0.09000117304571391,0.09000117304571391,0.0,0.13696975383076773,0.521113571471213,-0.20414435645400442,-0.0028515651336314765,-0.0032398697659458313,-4.9991437078579555,0,0.527926149274816
43.27231999999331,-2.146067575120483,0.4984337804224782,1.2763736108088564,0.004555870396060652,-0.009771216236747628,-0.006244409956724473,-2.5280018402844666,0.5404216866489813,1.6259767911360545,-0.07113357850629523,0.03499687624841388,0.0033668400363302785,-2.5070355441945757,0.46918487361710165,1.4583243629273894,-0.026233575698687908,-0.016721268383197443,-0.020898922774230402,0.09000117304571391,0.09000117304571391,0.0,0.13694123217971305,0.52113997005177,-0.2041031643306583,-0.002852399898841827,-0.003236742806135731,-4.999087637195499,0,0.5279558102254842
43.276479999993306,-2.1460485724843683,0.4983930967262667,1.276347630719009,0.004560632667575047,-0.009764087090770956,-0.006235221563373807,-2.4339857043247966,0.087295313079499,1.1005316824122218,-0.12583903196695786,-0.10447194243990962,-0.1662395054009646,-2.4707730515518898,0.2780214239046735,1.279078855682335,-0.0754543992472649,-0.06121676291993827,-0.09313196540981804,0.09000117304571391,0.09000117304571391,0.0,0.13691268973683313,0.521166372606221,-0.20406203653448474,-0.002853237070135719,-0.003233622386008445,-4.999031556123691,0,0.5279854464405174
43.280639999993305,-2.146029550003419,0.49835244266486256,1.2763216888616407,0.0045653954278242655,-0.009756974736996795,-0.006226045768403132,-2.006834791758387,0.32527523045069706,1.4521482343189154,0.16236042327824968,0.020045365184157542,0.06532634615280272,-2.2384638519040143,0.30169030319076184,1.3657501461724517,0.04386170269678207,-0.020567616310390446,-0.013678888754043205,0.09000117304571391,0.09000117304571391,0.0,0.13688412647020118,0.5211927791640207,-0.20402097296159397,-0.0028540766498343388,-0.0032305084966578615,-4.998975464594579,0,0.5280150579720281
43.284799999993304,-2.1460105076755367,0.49831181816838216,1.2762957851843137,0.0045701586918120525,-0.009749879155293784,-0.006216882558445829,-2.0357895197718348,0.5109396055054127,1.5000590953699127,-0.009928922661775554,0.18150290609997818,0.0024175467647726207,-2.137145371188426,0.40669323475719216,1.4329106785595067,0.016706184707098913,0.08079349856209514,-0.00567475346993487,0.09000117304571391,0.09000117304571391,0.0,0.13685554234740036,0.5212191897549145,-0.20397997350783506,-0.002854918640268183,-0.003227401129193137,-4.998919362560192,0,0.5280446448720727
43.2889599999933,-2.1459914454985594,0.49827122316702566,1.2762699196346465,0.004574922474550807,-0.009742800325558233,-0.006207731920130794,-2.668855687654219,0.4566015332561282,0.8525393181631473,-0.07267601080049059,0.1004714731054856,0.07061214631514269,-2.403154144854913,0.4318548982225125,1.1428680309665682,-0.028589467067580147,0.09150286775231252,0.032356810633549116,0.09000117304571391,0.09000117304571391,0.0,0.13682693733637868,0.5212456044081893,-0.20393903807007968,-0.0028557630437767187,-0.0032243002747364014,-4.9988632499725325,0,0.528074207192651
43.2931199999933,-2.145972363470263,0.4982306575910767,1.2762440921603129,0.004579686791055488,-0.009735738227745986,-0.006198593840074107,-2.241790433386055,0.5118821823147863,1.184945719837489,0.03197062782726755,0.0049226975193250345,0.042229665678247354,-2.322404404885611,0.47187980219211006,1.1639937922934374,0.0015630725169685311,0.04799575957635445,0.03787635366132792,0.09000117304571391,0.09000117304571391,0.0,0.13679831140480803,0.5212720231536364,-0.20389816654472553,-0.002856609862708839,-0.0032212059244280736,-4.998807126783578,0,0.5281037449857067
43.2972799999933,-2.1459532615883616,0.49819012137090246,1.2762183027090426,0.004584451656355509,-0.009728692841823098,-0.006189468304895021,-2.1035740434365575,1.148019968434686,1.2856238935566808,0.06106813530380311,-0.0834713483053028,-0.029334466007044896,-2.212861867325496,0.8097804826729149,1.224748764762719,0.03188609432688229,-0.017481294875965815,0.004234100344930752,0.09000117304571391,0.09000117304571391,0.0,0.13676966452029762,0.5212984460205361,-0.20385735882876516,-0.002857459099422587,-0.0032181180694193824,-4.998750992945284,0,0.5281332583031271
43.3014399999933,-2.1459341398505054,0.49814961443695316,1.276192551228621,0.0045892170854776,-0.00972166414783305,-0.006180355301191951,-1.93088782399836,0.8762372456289649,1.473755904272795,-0.24497696032840838,-0.17215457723626534,-0.10371257075432036,-2.0723823519536633,0.8426514945236206,1.349037861198861,-0.10655923291620077,-0.09492432979626653,-0.04949353662628475,0.09000117304571391,0.09000117304571391,0.0,0.13674099665039416,0.521324873038673,-0.20381661481893062,-0.0028583107562855235,-0.0032150367008824962,-4.99869484840958,0,0.5281627471967439
43.3055999999933,-2.1459149982542827,0.49810913671976226,1.2761668376668893,0.004593983093466172,-0.009714652125818601,-0.006171254815570736,-1.9294494220089826,0.8943590407141249,1.531493675955558,0.2859624824154821,-0.07206807942979745,0.11865262588304723,-2.000319937215925,0.8683558191375549,1.4405155952560722,0.08960151806971965,-0.0835405594303894,0.033724463620633326,0.09000117304571391,0.09000117304571391,0.0,0.13671230776258164,0.521351304237375,-0.2037759344125489,-0.002859164835674397,-0.0032119618099994444,-4.998638693128375,0,0.5281922117183325
43.3097599999933,-2.1458958367972185,0.4980686881499461,1.276141161971745,0.004598749695367995,-0.009707656755881713,-0.006162166834623461,-1.964301994098447,0.30778364733542074,1.091150133215591,-0.06173510387596212,-0.04290485005823207,0.25730764907666476,-1.9824387216681583,0.5879768558409159,1.2663659247444352,0.013750953890788295,-0.06336284365652675,0.1453513582414348,0.09000117304571391,0.09000117304571391,0.0,0.13668359782406753,0.5213777396463137,-0.20373531750732893,-0.0028600213399754236,-0.0032088933879689447,-4.998582527053548,0,0.5282216519196125
43.313919999993296,-2.145876655476776,0.49802826865820377,1.2761155240911413,0.004603516906237715,-0.009700678018159352,-0.006153091344938279,-2.5150853516516496,0.6024425786774191,1.618937729930614,-0.02823133040336168,0.15821218187279634,-0.14455340595583238,-2.248823272383706,0.5955401639194451,1.442353813518871,-0.00782018504805959,0.04680045006934194,0.00032811967097975546,0.09000117304571391,0.09000117304571391,0.0,0.1366548668024241,0.5214041792948114,-0.20369476400050576,-0.0028608802715841134,-0.0032058314260048626,-4.998526350136958,0,0.5282510678522472
43.318079999993294,-2.1458574542903546,0.497987878175317,1.2760899239730867,0.00460828474113722,-0.00969371589283402,-0.006144028333093147,-2.122654131557049,0.5965864279597275,1.5180338639698419,0.27877479737590793,-0.02416316627186263,-0.03198835191190722,-2.1851582801475593,0.5960131818390659,1.4801264196399855,0.13560538544517495,0.011257182794347188,-0.015148223936831372,0.09000117304571391,0.09000117304571391,0.0,0.13662611466473365,0.5214306232125883,-0.20365427378990927,-0.002861741632905656,-0.003202775915337501,-4.9984701623304355,0,0.5282804595678449
43.32223999999329,-2.1458382332352914,0.49794751663214987,1.2760643615656464,0.004613053215141435,-0.009686770360104503,-0.0061349777856684875,-1.953328395068364,1.0863251776760725,1.931150349905935,-0.018533118916121364,0.07282170830320311,-0.12793044333244374,-2.069279849571267,0.8413236743260042,1.7053731331408066,0.05834685392618497,0.04222948378033474,-0.07041846441816642,0.09000117304571391,0.09000117304571391,0.0,0.13659734137801527,0.5214570714289612,-0.2036138467735372,-0.0028626054263545695,-0.003199726847208307,-4.998413963585789,0,0.5283098271179575
43.32639999999329,-2.145818992308861,0.4979071839596489,1.2760388368169413,0.0046178223433248605,-0.009679841400238889,-0.006125939689226856,-2.0923323242548353,0.43901564958433514,1.7901411452738438,0.03352458183911214,-0.006103167591349953,-0.008437120274152742,-2.080737464624203,0.6401548243703924,1.7477389510368555,0.04639244593970641,0.017743142056926505,-0.03883918939560064,0.09000117304571391,0.09000117304571391,0.0,0.136568546909653,0.5214835239734857,-0.2035734828497693,-0.002863471654354932,-0.00319668421287816,-4.998357753854801,0,0.5283391705540816
43.33055999999329,-2.1457997315082746,0.49786688008884256,1.2760133496751482,0.004622592140775919,-0.009672928993526887,-0.006116914030332257,-2.3923673295866994,0.8376566664145246,0.8933919677603989,0.0818430395472379,-0.0075006022325579715,0.07714572269627952,-2.236384679131799,0.738891096953802,1.3207209315690684,0.06427537217165506,0.0053293668853721,0.018670010713660368,0.09000117304571391,0.09000117304571391,0.0,0.13653973122632684,0.5215099808757416,-0.20353318191672562,-0.002864340319340553,-0.0031936480036215604,-4.9983015330892275,0,0.5283684899276584
43.33471999999329,-2.1457804508306806,0.49782660495084136,1.2759879000885002,0.004627362622591127,-0.009666033120292343,-0.006107900795543361,-2.0474888318316187,0.9112679127746949,1.2524817224561748,-0.06591173727456982,0.0292697076998066,-0.21322341488382388,-2.1420735953996712,0.8251432934826589,1.2861569696065505,-0.000296692810433608,0.01647948817347098,-0.09707846830863091,0.09000117304571391,0.09000117304571391,0.0,0.13651089429508115,0.5215364421651737,-0.2034929438731216,-0.0028652114237546493,-0.0031906182107264546,-4.9982453012408,0,0.5283977852900736
43.33887999999329,-2.1457611502731644,0.49778635847683755,1.275962488005286,0.0046321338038730715,-0.009659153760909003,-0.00609889997140924,-1.7453729415622263,0.15048516566908876,1.7553393033594142,-0.08446983567326581,0.1324446414555442,-0.04907456499056903,-1.943894458685032,0.4880836042539096,1.5206494654507008,-0.043209095882883304,0.07512080110429133,-0.07313706651206564,0.09000117304571391,0.09000117304571391,0.0,0.13648203608268375,0.5215629078710908,-0.20345276861762715,-0.002866084970050176,-0.0031875948254972922,-4.998189058261224,0,0.5284270566926572
43.34303999999329,-2.145741829832749,0.49774614059810507,1.2759371133738506,0.004636905699730658,-0.009652290895796889,-0.006089911544470134,-2.1004316842469923,0.5753174131018279,1.0870001197033528,-0.16956477294792682,0.09877666262996139,0.09375214476497294,-2.0225161615353895,0.5319064753888862,1.3040172576988267,-0.10671307393483505,0.08699351761717712,0.010057477196320184,0.09000117304571391,0.09000117304571391,0.0,0.13645315655605333,0.5215893780233085,-0.20341265604908002,-0.0028669609606898337,-0.003184577839255843,-4.9981328041021795,0,0.5284563041866843
43.347199999993286,-2.1457224895063933,0.4977059512459993,1.2759117761425953,0.004641678325291087,-0.009645444505379684,-0.006080935501273376,-1.7522156740948818,0.31645628009244653,1.2851157298064795,-0.007428601258997334,-0.0814204954486616,0.09077073168015497,-1.8873792040352388,0.4240102691519136,1.2947548406471223,-0.057208762576521924,0.002916881186278938,0.05056344319315693,0.09000117304571391,0.09000117304571391,0.0,0.1364242556816181,0.5216158526509727,-0.20337260606691412,-0.0028678393981459646,-0.0031815672433327573,-4.99807653871532,0,0.5284855278233745
43.351359999993285,-2.1457031292909945,0.49766579035195696,1.2758864762599773,0.004646451695678273,-0.009638614570162608,-0.006071971828345557,-1.9085249115895826,0.42217477544369736,1.0745458467026066,-0.050933687524028666,-0.11830257405172323,0.016323955939421313,-1.8980593600951106,0.4228467416698835,1.1846824328657057,-0.053488020427337406,-0.05782843979557592,0.033601322687719565,0.09000117304571391,0.09000117304571391,0.0,0.1363953334261706,0.5216423317837888,-0.20333261857030432,-0.0028687202849007488,-0.00317856302907951,-4.998020262052273,0,0.5285147276538927
43.355519999993284,-2.145683749183386,0.49762565784749585,1.2758612136745098,0.004651225826032276,-0.009631801070664386,-0.006063020512216629,-2.2019963205948994,0.2024050315092255,1.1557233695219598,0.04785184671332343,0.0927936645611014,-0.06552546945320344,-2.049930641164469,0.3128175088961636,1.170066839635578,-0.002726253381750733,0.017397615532134557,-0.016163524820313,0.09000117304571391,0.09000117304571391,0.0,0.1363663897562269,0.5216688154511682,-0.20329269345859322,-0.002869603623446187,-0.0031755651878602217,-4.997963974064639,0,0.5285439037293485
43.35967999999328,-2.145664349180338,0.49758555366421486,1.2758359883347623,0.004656000731503422,-0.00962500398743764,-0.006054081539412327,-2.3273648675478875,1.0169512131055698,1.3532395795106216,0.050424411380855794,0.06052325178606782,0.1420935860747918,-2.188543634638128,0.6650150877831686,1.2619517364378685,0.02327840867424772,0.03899949994364236,0.06214007969465931,0.09000117304571391,0.09000117304571391,0.0,0.13633742463802595,0.5216953036823867,-0.20325283063171976,-0.002870489416284117,-0.003172573711051817,-4.9979076747039946,0,0.528573056100796
43.36383999999328,-2.145644929278558,0.49754547773379354,1.2758108001893604,0.004660776427240527,-0.00961822330111172,-0.006045154896439264,-2.1861905469153635,0.2032552342086955,1.2780283520154858,-0.03364503794572685,0.09573801952255032,-0.02382432533114404,-2.1874378596859603,0.4343319813126562,1.2699410590027729,-0.0047927539852848115,0.06692315219742637,0.018944028022417122,0.09000117304571391,0.09000117304571391,0.0,0.1363084380381712,0.5217217965072275,-0.20321302998936364,-0.0028713776659263666,-0.003169588590052992,-4.997851363921886,0,0.5286021848192354
43.36799999999328,-2.1456254894746896,0.4975054299879923,1.2757856491869861,0.0046655529284160896,-0.009611458992302629,-0.006036240569817823,-1.9951383549556758,0.5310789974704938,1.6387689764895075,0.008263462449871308,-0.12293355598867596,-0.08972205102717484,-2.091268754550126,0.4824506364668818,1.4541718978999654,0.001340522350244127,-0.028073981325299244,-0.035823726319066905,0.09000117304571391,0.09000117304571391,0.0,0.13627942992256156,0.5217482939549123,-0.2031732914318008,-0.0028722683748945922,-0.003166609816269989,-4.9977950416698365,0,0.5286312899356113
43.37215999999328,-2.1456060297653137,0.4974654103586519,1.2757605352763777,0.0046703302502000025,-0.00960471104170529,-0.0060273385460484444,-2.260312139761781,0.3465317893077044,1.7513949640643751,0.06250532687193724,0.02569888237895922,0.04023452578642098,-2.1756611192568065,0.41454327942445895,1.602868648835296,0.03167786221419755,-0.0009816819505002925,0.002464321920318418,0.09000117304571391,0.09000117304571391,0.0,0.13625040025767385,0.5217747960550093,-0.2031336148594764,-0.0028731615457203404,-0.003163637381128683,-4.997738707899338,0,0.5286603715008141
43.37631999999328,-2.1455865501469478,0.49742541877769336,1.2757354584063292,0.004675108407776007,-0.009597979430041112,-0.006018448811631738,-2.045014570348216,0.31587127909231183,1.0948723586483162,-0.10082699303236665,-0.13809919629204406,-0.019059855262233097,-2.1105471713281423,0.36491958092931887,1.3488292142339597,-0.03431436187466002,-0.06964439012539722,-0.00921437221747336,0.09000117304571391,0.09000117304571391,0.0,0.13622134900949442,0.5218013028369533,-0.20309400017236223,-0.0028740571809452863,-0.003160671276069626,-4.997682362561859,0,0.5286894295656793
43.38047999999328,-2.1455670506160462,0.4973854551771181,1.2757104185256913,0.004679887416337535,-0.00959126413806768,-0.00600957135306219,-2.104216814346115,0.5445782574822591,1.2029482372737126,0.10817683986656958,-0.007048434134216254,-0.09586413926738206,-2.1071569146260263,0.4547365136011081,1.2756886288140719,0.03690806286856946,-0.03883018483015986,-0.052686847855453,0.09000117304571391,0.09000117304571391,0.0,0.13619227614416002,0.5218278143302586,-0.20305444727145405,-0.002874955283121098,-0.003157711492547674,-4.997626005608839,0,0.528718464180988
43.384639999993276,-2.145547531169,0.49734551948900735,1.2756854155833712,0.004684667291090797,-0.009584565146571234,-0.006000706156834524,-2.530206421043575,0.5110628267035613,1.369671913697786,0.044777461292834,0.06475471593456554,-0.04534818319181007,-2.318591917606896,0.48303436482829326,1.3225855184147617,0.0410467611059782,0.013141909123568465,-0.04849503255419173,0.09000117304571391,0.09000117304571391,0.0,0.1361631816275304,0.521854330564253,-0.20301495605770323,-0.002875855854809528,-0.0031547580220301855,-4.99756963699169,0,0.5287474753974666
43.388799999993275,-2.1455279918021364,0.49730561164552234,1.275660449528332,0.004689448047244874,-0.009577882436402285,-0.005991853209429121,-1.7634158066286525,0.2934163038422014,0.9442495854601416,0.09456010624600257,-0.10976944764372802,0.044938893694116494,-2.0408054528211252,0.38799713208323616,1.1335085498824369,0.06883756477729666,-0.04899920133012784,-0.001867596119096595,0.09000117304571391,0.09000117304571391,0.0,0.1361340654254018,0.5218808515683979,-0.20297552643180203,-0.002876758898582565,-0.0031518108560035104,-4.9975132566617955,0,0.5287764632657872
43.39295999999327,-2.1455084325117197,0.49726573157890386,1.275635520309593,0.0046942297000212825,-0.009571215988439514,-0.005983012497324161,-2.277731903109025,0.6813969996551512,0.9128354684839006,0.06793238426338429,0.11657709374544795,0.06700413737223532,-2.159129772575684,0.5349408103221724,1.0233096329554539,0.06873801659362501,0.03415608242767684,0.032659418458952,0.09000117304571391,0.09000117304571391,0.0,0.13610492750372094,0.5219073773722888,-0.20293615829525308,-0.0028776644170223084,-0.0031488699859687757,-4.997456864570513,0,0.5288054278365676
43.39711999999327,-2.1454888532939504,0.4972258792214722,1.2756106278762305,0.004699012264655084,-0.009564565783589241,-0.0059741840069983355,-2.296232313044384,0.6177807907289227,1.4987010432879524,0.06459430652101118,-0.007352213057285187,0.2652034499951966,-2.227547332390153,0.5763457359739165,1.2615595020588082,0.06651471490188673,0.013573765857749373,0.1492906758620459,0.09000117304571391,0.09000117304571391,0.0,0.13607576782794353,0.521933908005281,-0.20289685154930057,-0.002878572412721088,-0.003145935403439612,-4.99740046066917,0,0.5288343691603715
43.40127999999327,-2.1454692541449654,0.49718605450562714,1.2755857721773767,0.0047037957563863305,-0.009557931802812938,-0.00596536772491858,-1.9326475083425285,0.3166344982161805,1.2796983539904017,-0.04900739043516949,0.17616258680031174,0.04058539311594879,-2.080198150851486,0.4468534041685258,1.2707125917301867,0.009174621485289056,0.09548702171615338,0.09536796268292258,0.09000117304571391,0.09000117304571391,0.0,0.1360465863636753,0.5219604434968111,-0.2028576060957855,-0.0028794828882814237,-0.0031430070999467837,-4.9973440449090685,0,0.5288632872877082
43.40543999999327,-2.1454496350608383,0.49714625736384754,1.2755609531622203,0.0047085801904668545,-0.009551314027104876,-0.005956563637550529,-2.0270145688420182,0.6402676416211015,1.5000099866304126,-0.21116462510105008,0.10675964137331237,0.011204310991989229,-2.054044678049154,0.5437857629632535,1.3853850665953908,-0.10123378400218198,0.1002428176992131,0.05383570120657952,0.09000117304571391,0.09000117304571391,0.0,0.13601738307667247,0.5219869838763429,-0.20281842183629042,-0.0028803958463160476,-0.003140085067035835,-4.997287617241478,0,0.5288921822690331
43.40959999999327,-2.145429996037579,0.4971064877286913,1.2755361707800064,0.004713365582160244,-0.009544712437496767,-0.005947771731354865,-2.529046479958047,0.6014928129483162,1.4510423328101116,-0.023005338663848452,0.006536582461242021,-0.02214752990680622,-2.291596634401039,0.5726537968145242,1.4181682948032175,-0.062181717589426706,0.05315087644306041,0.015751875352459414,0.09000117304571391,0.09000117304571391,0.0,0.13598815793220023,0.5220135291733682,-0.2027792986727806,-0.0028813112894481713,-0.0031371692962668053,-4.9972311776176435,0,0.5289210541547477
43.41375999999327,-2.145410337071134,0.49706674553279523,1.2755114249800363,0.004718151946740488,-0.009538127015056559,-0.0059389919927886,-3.1917546562291648,0.8897406076486551,1.3218547451417375,0.12438821732708238,0.12877895364054665,-0.023094910358832977,-2.741423102481797,0.7314672478347173,1.3699633961782534,0.031034665823117227,0.09097434795382084,-0.0039512350956243695,0.09000117304571391,0.09000117304571391,0.0,0.13595891089567377,0.5220400794171929,-0.20274023650739054,-0.002882229220311289,-0.003134259779213934,-4.997174725988779,0,0.5289499029951992
43.417919999993266,-2.1453906581573863,0.4970270307088748,1.2754867157116685,0.004722939299487655,-0.009531557740909817,-0.0059302244082970095,-2.042625083998797,0.6147772269731147,1.2975557455839022,-0.01903284471286756,-0.08645890654286786,0.0044165223831819705,-2.392060499420281,0.672941413895997,1.3337670134184276,0.00682550339835808,0.002353203170767204,0.0008269181539403199,0.09000117304571391,0.09000117304571391,0.0,0.1359296419324449,0.5220666346375249,-0.20270123524285216,-0.0028831496415494423,-0.0031313565074698652,-4.997118262306069,0,0.5289787288406816
43.422079999993265,-2.1453709592921544,0.496987343189724,1.275462042924317,0.004727727655701055,-0.009525004596189001,-0.005921468964334655,-2.196635577816067,0.8784979762639169,1.457376814161806,0.05542316784683254,0.05041181686186853,0.07757390339951606,-2.294233673634607,0.7758257218873654,1.3957333930423745,0.0322180524117361,0.026507666110171,0.03954995701409362,0.09000117304571391,0.09000117304571391,0.0,0.13590035100758777,0.5220931948635129,-0.20266229478121134,-0.0028840725558170336,-0.003128459472637273,-4.99706178652067,0,0.5290075317414348
43.426239999993264,-2.1453512404711934,0.4969476829082152,1.2754374065674532,0.004732517030682518,-0.009518467562096417,-0.005912725647338012,-1.6413105561706938,0.5388229039307134,1.5251476444790644,-0.06740187170219443,-0.07034136756661825,0.043837405667007515,-1.9679084114600365,0.6571767699363674,1.4605319093308453,-0.0172626780944602,-0.02211426309247858,0.04202784485765053,0.09000117304571391,0.09000117304571391,0.0,0.13587103808611276,0.522119760124868,-0.20262341502553846,-0.002884997965779052,-0.003125568666337705,-4.99700529858371,0,0.5290363117476451
43.43039999999326,-2.1453315016901944,0.4969080497972992,1.2754128065906043,0.004737307439749042,-0.00951194661985498,-0.005903994443747453,-2.150953119288146,0.3756047219226217,2.1760854634925244,0.0078390734850709,0.19721077067778586,-0.04952760108438018,-2.0594149023326014,0.5167988256179178,1.8182106105825182,-0.005116758947334584,0.08760282367285424,-0.0037118336949855286,0.09000117304571391,0.09000117304571391,0.0,0.1358417031329662,0.5221463304507957,-0.2025845958786461,-0.002885925874110846,-0.003122684080205836,-4.996948798446287,0,0.5290650689094448
43.43455999999326,-2.145311742944785,0.4968684437900044,1.2753882429433543,0.004742098898220901,-0.009505441750756224,-0.0058952753399874455,-2.184181487542448,0.38353357462957455,1.015862864742253,-0.11434950712041798,0.04503280064315232,0.0023626953809477687,-2.1220348893890204,0.4502580656884264,1.4170364784859835,-0.06069851540198551,0.06673830131316963,-0.0008869607252294456,0.09000117304571391,0.09000117304571391,0.0,0.13581234611345844,0.5221729058709578,-0.20254583724351605,-0.0028868562834984193,-0.0031198057058964917,-4.996892286059467,0,0.5290938032769138
43.43871999999326,-2.145291964230529,0.4968288648194374,1.275363715575344,0.004746891421443753,-0.009498952936081669,-0.005886568322496657,-2.1434826145203996,0.8653983680021258,1.2757650266604632,0.13298196425467293,-0.08373296919437828,-0.06589063393352664,-2.1324828774388798,0.6576566325487664,1.3462623070963613,0.03640534037829252,-0.008330424900080468,-0.03318925839826299,0.09000117304571391,0.09000117304571391,0.0,0.13578296699198095,0.5221994864146706,-0.20250713902372763,-0.002887789196638408,-0.0031169335350718177,-4.996835761374289,0,0.5291225149000774
43.44287999999326,-2.145272165542926,0.49678931281878236,1.2753392244362702,0.00475168502475987,-0.00949248015720148,-0.005877873377691602,-1.9666605698083721,0.28107018135646245,1.3779733489649066,-0.1369197272177059,0.05294602928423978,-0.07329785797705442,-2.0498562594139824,0.46947246674820864,1.361966113403021,-0.049809942868890074,0.021549565127640447,-0.05349145300443665,0.09000117304571391,0.09000117304571391,0.0,0.13575356573371608,0.5222260721115471,-0.20246850112260234,-0.002888724616238078,-0.0031140675594154284,-4.996779224341761,0,0.5291512038289087
43.44703999999326,-2.145252346877411,0.4967497877213012,1.2753147694758868,0.0047564797235371235,-0.009486023395476884,-0.005869190492002644,-2.3986751732432574,0.6256998650529797,1.457618786831541,0.08565490171434717,0.0990892677888498,0.11902458886007969,-2.224089472707625,0.5477926567377509,1.4100405144760035,0.017661479762576943,0.06065351936131132,0.032838544947683325,0.09000117304571391,0.09000117304571391,0.0,0.13572414230292743,0.522252662990802,-0.20242992344363084,-0.002889662545015409,-0.0031112077706191175,-4.996722674912862,0,0.5291798701133266
43.45119999999326,-2.1452325082293564,0.496710289460333,1.275290350644004,0.0047612755331398636,-0.009479582632360047,-0.005860519651835488,-1.9310640608262972,0.8559428751614365,1.9102134650853868,-0.10452610327969888,0.0014321510840083086,-0.005590916661743016,-2.077791802106802,0.7018719921614461,1.660118798954942,-0.043580991553679345,0.03148365689113876,0.01365600595427268,0.09000117304571391,0.09000117304571391,0.0,0.13569469666466952,0.5222792590820529,-0.20239140589090143,-0.002890602985699148,-0.0031083541603970305,-4.996666113038537,0,0.5292085138031974
43.455359999993256,-2.145212649594069,0.49667081796929424,1.275265967890489,0.004766072468955606,-0.00947315784930538,-0.0058518608436070995,-1.7290213440011946,0.2631731444613658,1.6171930365280804,-0.08937771079557753,-0.005546175318284463,0.037402630168144727,-1.903591054599839,0.48250705717925985,1.6387348226743788,-0.06598643489132744,0.013406489340052794,0.02485033534746453,0.09000117304571391,0.09000117304571391,0.0,0.13566522878286408,0.5223058604147338,-0.2023529483684587,-0.0028915459410289814,-0.003105506720474221,-4.996609538669705,0,0.5292371349483342
43.459519999993255,-2.1451927709667924,0.49663137318167827,1.275241621165265,0.004770870546375946,-0.009466749027826836,-0.005843214053722631,-2.4508297778684542,0.16495148166356616,1.4099331599709675,0.15656045363337537,-0.034768048067616866,0.09860140494670884,-2.1768872910849604,0.3236545976464647,1.524537371187436,0.04464130455698135,-0.010613670127502788,0.06177267289109403,0.09000117304571391,0.09000117304571391,0.0,0.13563573862222328,0.5223324670183083,-0.2023145507805171,-0.0028924914137551643,-0.0031026654425930092,-4.99655295175725,0,0.5292657335984973
43.46367999999325,-2.1451728723427057,0.49659195503105547,1.2752173104183127,0.004775669780808191,-0.009460356149467731,-0.005834579268587228,-2.1712549208950183,0.6544434422266601,1.6352152146637462,0.05535859606701905,0.007592452126939526,-0.059410035601904373,-2.1739570244660893,0.48906736925041794,1.5797520882643183,0.050529222858362734,-0.0016283982852369774,0.0018660843519967712,0.09000117304571391,0.09000117304571391,0.0,0.13560622614718196,0.5223590789222163,-0.20227621303146098,-0.0028934394066388756,-0.0030998303185097126,-4.996496352252029,0,0.529294309803394
43.46783999999325,-2.1451529537169236,0.4965525634510729,1.2751930355996686,0.004780470187672041,-0.009453979195811,-0.005825956474602038,-2.12252905652924,0.6927816193508564,1.8262716487854922,-0.17511885851729433,-0.06681879791075473,0.08857967951430112,-2.1486067782843272,0.5907879283511261,1.7031977583684415,-0.062349847447619136,-0.03469531976179949,0.04525499640518024,0.09000117304571391,0.09000117304571391,0.0,0.13557669132168298,0.5223856961559279,-0.20223793502584453,-0.0028943899224523313,-0.003097001339995171,-4.996439740104865,0,0.5293228636126787
43.47199999999325,-2.145133015084497,0.49651319837545427,1.2751687966594263,0.004785271782398061,-0.009447618148479156,-0.005817345658164206,-2.6454906046549,1.0401750564460794,0.8816164086596407,0.07952938924044037,-0.09301653375295955,-0.11953129349697063,-2.3968870983607937,0.8152919625995405,1.292153745384793,0.008748392682984727,-0.06423556802235954,-0.03762406174192396,0.09000117304571391,0.09000117304571391,0.0,0.13554713411024635,0.5224123187488899,-0.2021997166683918,-0.0028953429639785393,-0.003094178498835091,-4.996383115266551,0,0.529351395075953
43.47615999999325,-2.145113056440412,0.4964738597379995,1.275144593547736,0.004790074580428999,-0.00944127298914028,-0.005808746805664561,-2.2705618343494924,0.024683490269073904,1.0169972957417297,0.08874418303832388,-0.06875559252131609,0.00804594607417711,-2.3335391789867406,0.4198396800451978,1.1545918794293515,0.048828637226907154,-0.06673355266609035,-0.01553676675842566,0.09000117304571391,0.09000117304571391,0.0,0.13551755447647268,0.522438946730633,-0.2021615578639967,-0.002896298534011764,-0.0030913617868312936,-4.996326477687847,0,0.5293799042427664
43.48031999999325,-2.1450930777795905,0.4964345474725849,1.2751204262148046,0.0047948785972179615,-0.009434943699502112,-0.005800159903489815,-2.4499119143578336,0.025391841616774047,1.335051587822135,0.029210007283993273,0.043027597353877775,0.20383121979868393,-2.3916650951044964,0.22270153019299083,1.2452464520394826,0.038775389225127035,-0.011395202352338266,0.09437714403572658,0.09000117304571391,0.09000117304571391,0.0,0.13548795238453915,0.5224655801306114,-0.2021234585181514,-0.0028972566353570733,-0.0030885511958013085,-4.996269827319484,0,0.5294083911626152
43.48447999999325,-2.1450730790968895,0.4963952615131628,1.2750962946108961,0.0047996838482325145,-0.009428630261307427,-0.005791584938026267,-1.7338432726651682,0.6741580370304696,0.9071591614826614,-0.0531163670637259,0.008660091856591199,-0.28635910714488166,-2.06286112124448,0.4484507964445373,1.075604769427495,-0.0066549394719099386,-0.0012924013590392136,-0.09594115033082645,0.09000117304571391,0.09000117304571391,0.0,0.13545832779834507,0.5224922189782034,-0.20208541853609086,-0.002898217270830642,-0.0030857467175770606,-4.9962131641121585,0,0.5294368558849436
43.48863999999325,-2.1450530603871023,0.4963560017937614,1.275072198686331,0.0048044903489521725,-0.00942233265634175,-0.005783021895655177,-2.1632719735967623,0.2805664915262128,1.5948518295235137,-0.08610160939279152,-0.022307281127145133,-0.13576385485214257,-2.113246456601693,0.3644613583153142,1.3349488630448993,-0.04631658816364383,-0.011936782203428689,-0.11552058605653057,0.09000117304571391,0.09000117304571391,0.0,0.13542868068172537,0.5225188633030853,-0.2020474378232199,-0.0028991804432598424,-0.003082948344005832,-4.996156488016537,0,0.5294652984591436
43.492799999993245,-2.145033021644957,0.49631676824848464,1.275048138391486,0.004809298114872863,-0.009416050866415874,-0.005774470762759089,-2.121405776582773,0.4520995715138404,1.1678069757920937,0.02232877665066651,0.1393316486547151,-0.036264101787219144,-2.117279851574196,0.40857051684189893,1.2513014822129847,-0.011940072506616948,0.06386426564903543,-0.0759746590710627,0.09000117304571391,0.09000117304571391,0.0,0.13539901099823662,0.5225455131345902,-0.20200951628511327,-0.0029001461554831708,-0.0030801560669471437,-4.996099798983251,0,0.5294937189345545
43.496959999993244,-2.145012962865118,0.49627756081151214,1.2750241136767955,0.004814107161496832,-0.009409784873403453,-0.0057659315257077345,-2.648152414012772,0.8006422317033361,1.431745878187014,0.03000998100112538,0.04905866138879802,-0.1287713565753449,-2.382657417277339,0.604709163597355,1.3412577643152197,0.009027267822316536,0.057421575622022526,-0.10268800685426088,0.09000117304571391,0.09000117304571391,0.0,0.1353693187115845,0.5225721685021361,-0.20197165382794388,-0.002901114410350374,-0.003077369878278979,-4.996043096962904,0,0.5295221173604635
43.50111999999324,-2.144992884042183,0.49623837941709875,1.2750001244927502,0.004818917504341408,-0.009403534659211246,-0.005757404170871312,-2.1780240632092194,1.080481827672271,1.4262299820618778,0.12197801001041052,-0.09433282455322207,-0.1218256431906272,-2.280085837907908,0.8424024265789171,1.3834903158812173,0.06561095341461029,-0.018355160589163692,-0.11189107378536708,0.09000117304571391,0.09000117304571391,0.0,0.1353396037849824,0.5225988294354926,-0.20193385035784167,-0.002902085210722523,-0.0030745897698946966,-4.995986381906062,0,0.5295504937861061
43.50527999999324,-2.1449727851706872,0.49619922399957467,1.2749761707898977,0.0048237291589384446,-0.00939730020577423,-0.005748888684620943,-2.422264406043958,0.5853938043767872,1.1217351083734408,0.04299460804950033,-0.09425961755031334,0.026898700360682877,-2.351086113623378,0.7136995454208398,1.2526661332069569,0.05402740407613211,-0.05595903023212373,-0.0421704985091283,0.09000117304571391,0.09000117304571391,0.0,0.13530986618243418,0.5226254959639272,-0.2018961057806788,-0.002903058559471667,-0.003071815733700582,-4.99592965376326,0,0.5295788482606654
43.50943999999324,-2.1449526662451004,0.4961600944933452,1.2749522525188421,0.004828542140833576,-0.009391081495074822,-0.005740385053320229,-1.82786837089191,0.2661599812414356,1.453850090057352,0.10591712205766174,0.06054877887077688,0.013678714836658864,-2.089252320497666,0.4900512271552779,1.3532873906015557,0.07950925221027494,0.002933770963427902,-0.013970511990361187,0.09000117304571391,0.09000117304571391,0.0,0.13528010586681058,0.5226521681170054,-0.20185842000313903,-0.0029040344594815958,-0.0030690477616183544,-4.995872912485002,0,0.5296071808332724
43.51359999999324,-2.144932527259827,0.49612099083289046,1.274928369630245,0.004833356465582546,-0.009384878509139629,-0.005731893263328717,-2.085922413208391,0.6574102342961978,1.2890990188801612,-0.07747581920453232,-0.20371849337838166,-0.1256502784716238,-2.08774895815259,0.5733066369633031,1.3209332975051205,0.0012513861992941712,-0.0996404177832117,-0.07071243703851829,0.09000117304571391,0.09000117304571391,0.0,0.13525032280155833,0.5226788459241651,-0.20182079293186334,-0.0029050129136473234,-0.003066285845586011,-4.995816158021755,0,0.5296354915530068
43.51775999999324,-2.1449123682092073,0.4960819129527653,1.274904522074824,0.004838172148755907,-0.009378691230033084,-0.005723413301003719,-2.4260766270821303,0.7706217408507527,0.9490335485269985,0.06293055424989139,-0.13231648993622108,-0.0028670795656358583,-2.2567859887814534,0.6716904861044259,1.1349752986514399,0.03291523794470663,-0.11603932138449381,-0.0370063610561852,0.09000117304571391,0.09000117304571391,0.0,0.1352205169496319,0.5227055294150894,-0.201783224473663,-0.002905993924875377,-0.0030635299775567627,-4.995759390323957,0,0.5296637804688962
43.52191999999324,-2.144892189087516,0.4960428607875993,1.2748807098033546,0.004842989205938345,-0.009372519639853649,-0.005714945152701422,-2.395878662692007,-0.042834155231476156,1.3163351807212451,0.011258432432711369,0.12502147774040617,-0.048337132120797495,-2.326309105424035,0.3146827677516207,1.2255560538513175,0.0217148987718717,0.004686664662446274,-0.04271185877767408,0.09000117304571391,0.09000117304571391,0.0,0.13519068827434846,0.5227322186191733,-0.20174571453552007,-0.002906977496083596,-0.003060780149497813,-4.995702609342008,0,0.5296920476299165
43.526079999993236,-2.144871989888963,0.4960038342720962,1.274856932766668,0.004847807652728978,-0.009366363720740942,-0.005706488804774577,-2.0986936549669117,0.8452647616357507,1.371669779589642,-0.06166048534119703,-0.00974321278095659,0.1126876583158548,-2.2126275636544337,0.57995597421618,1.2988477437441228,-0.020196249972616636,-0.001932257179167223,0.03525802146818963,0.09000117304571391,0.09000117304571391,0.0,0.13516083673853277,0.5227589135658973,-0.20170826302437272,-0.002907963630201485,-0.003058036353391104,-4.995645815026276,0,0.529720293084992
43.530239999993235,-2.1448517706076933,0.49596483334103425,1.274833190915653,0.004852627504739667,-0.009360223454876155,-0.005698044243571353,-1.8562992797897093,0.2458011958776551,1.182768840511534,-0.05518532203193047,-0.24310503889712515,-0.12477723933197661,-2.0345752377236574,0.4123698900879619,1.240549519150732,-0.037916684965258345,-0.12216407517647146,-0.04550539332229318,0.09000117304571391,0.09000117304571391,0.0,0.13513096230494437,0.5227856142849352,-0.20167086984797172,-0.002908952330170087,-0.0030552985812338637,-4.995589007327098,0,0.5297485168829958
43.534399999993234,-2.1448315312377866,0.4959258579292656,1.2748094842012554,0.004857448777594229,-0.009354098824485827,-0.005689611455436224,-2.4308650849728743,0.24828728294655508,0.620161810476453,-0.09333466654673056,0.07188016525171749,-0.10534136910910774,-2.2329169916816305,0.33047763542080266,0.9301325356900055,-0.06565871592564215,-0.025485389146365427,-0.07557294531136244,0.09000117304571391,0.09000117304571391,0.0,0.13510106493649146,0.5228123208056725,-0.20163353491381117,-0.0029099435989419706,-0.0030525668250396573,-4.9955321861947715,0,0.5297767190727494
43.53855999999323,-2.1448112717732575,0.49588690797171625,1.2747858125744773,0.004862271486932094,-0.009347989811832689,-0.005681190426712271,-1.7757744254316312,0.512622406496673,1.0906899826028056,0.12591843400747083,-0.13868654673146405,-0.08655961119583648,-2.004081460739525,0.421263369742065,1.010230720646887,0.030530018581627974,-0.08233751466564436,-0.08028636532827124,0.09000117304571391,0.09000117304571391,0.0,0.13507114459580347,0.5228390331577416,-0.2015962581291275,-0.0029109374394814206,-0.003049841076836946,-4.995475351579563,0,0.5298048997030227
43.54271999999323,-2.1447909922080557,0.4958479834033862,1.2747621759863783,0.004867095648407629,-0.009341896399215056,-0.005672781143739242,-1.906438432690313,0.9190977338079789,1.2552291155106552,0.028050265473816168,0.012382253610309795,0.0327866750013094,-1.9552007340338495,0.6702096476917296,1.1327995777086226,0.02920101415699607,-0.03491522067696925,-0.023636836458566193,0.09000117304571391,0.09000117304571391,0.0,0.1350412012456585,0.5228657513707008,-0.2015590394023971,-0.0029119338547643576,-0.003047121328668293,-4.9954185034317025,0,0.529833058822535
43.54687999999323,-2.1447706925360652,0.4958090841593488,1.2747385743880748,0.004871921277690184,-0.009335818568971622,-0.005664383592856287,-2.1289523626273006,0.21655543823996587,0.9342746968768751,0.02875144455209296,0.16845221688470147,0.2045923009925499,-2.0420167261827165,0.4437306750774623,1.0339617057427783,0.0283820368586811,0.06630790021728483,0.09026521760711524,0.09000117304571391,0.09000117304571391,0.0,0.13501123484834182,0.522892475474035,-0.2015218786416264,-0.002912932847778579,-0.0030444075725908908,-4.995361641701387,0,0.529861196479954
43.55103999999323,-2.144750372751105,0.4957702101747509,1.2747150077307399,0.004876748390459706,-0.009329756303492396,-0.005655997760395167,-2.1094835753989654,0.46381250291402193,1.4146971501370962,0.07354968750173055,0.2151803896491218,0.21271944178478713,-2.075597318878857,0.45421856587261816,1.224773980792171,0.050807756896787,0.14108687625274122,0.15175452518024207,0.09000117304571391,0.09000117304571391,0.0,0.13498124536628708,0.522919205497262,-0.20148477575477827,-0.002913934421523642,-0.0030416998006791646,-4.995304766338778,0,0.5298893127238962
43.55519999999323,-2.144730032846928,0.4957313613848126,1.2746914759656036,0.004881577002412211,-0.009323709585201958,-0.005647623632685868,-1.978733663910839,0.9601139816382264,1.4582975161952496,-0.049472634052510345,-0.05486289862266118,0.06536777158082709,-2.0272675918301983,0.7070544647280609,1.3416735679953316,0.0006146424681962016,0.043718742628024575,0.1084597564157924,0.09000117304571391,0.09000117304571391,0.0,0.13495123276186255,0.5229459414701475,-0.20144773065041366,-0.0029149385790109127,-0.003038998005022567,-4.995247877294001,0,0.5299174076029278
43.55935999999323,-2.1447096728172226,0.49569253772482696,1.2746679790439535,0.004886407129262568,-0.009317678396549095,-0.00563926119606203,-2.1815255682074737,0.1574294507660332,1.4224649156714233,-0.15351520891941556,-0.0010682404737379497,0.18879780207940414,-2.104716378226597,0.432236358832929,1.3824611693918862,-0.07672333366629676,0.021102609778373763,0.1492639746332974,0.09000117304571391,0.09000117304571391,0.0,0.1349211969973712,0.5229726834221702,-0.20141074323747896,-0.0029159453232635545,-0.0030363021777223185,-4.995190974517147,0,0.5299454811655638
43.563519999993225,-2.1446892926556114,0.49565373913016014,1.2746445169171332,0.004891238786737477,-0.0093116627200359,-0.005630910436851025,-2.0820866786197447,0.1824056901920753,1.7838147974901275,0.05765379103827621,-0.05097837664267112,0.14041131634085735,-2.0932815881318176,0.3072141018386498,1.583433409607041,-0.009477848018706806,-0.015346335477062597,0.1445659383024718,0.09000117304571391,0.09000117304571391,0.0,0.13489113803483688,0.5229994313827353,-0.20137381342423571,-0.0029169546573167855,-0.003033612310895775,-4.995134057958271,0,0.5299735334602682
43.567679999993224,-2.1446688923556505,0.4956149655362509,1.2746210895365442,0.004896071990575581,-0.009305662538214776,-0.005622571341371672,-2.2950198390143326,-0.14772492437018353,1.6041105889332588,-0.04791715547458529,0.06936492846616925,0.046810718426019554,-2.1942515285500663,0.07988608493423902,1.5938696278524302,-0.028821488885589386,0.026810291765807365,0.0956373822323399,0.09000117304571391,0.09000117304571391,0.0,0.13486105583600366,0.523026185381603,-0.20133694112018552,-0.0029179665842178635,-0.0030309283966780225,-4.995077127567393,0,0.530001564535454
43.57183999999322,-2.1446484719108314,0.4955762168786106,1.2745976968536443,0.004900906756530734,-0.009299677833672543,-0.005614243895944379,-2.5119048521190517,0.6166459317702713,0.8533349194961697,-0.07970080362926873,-0.020814013052063773,0.058008927469442695,-2.3532471763127076,0.34822652824139266,1.2237192063628815,-0.05378289424800761,0.002974038428184913,0.07612465093951258,0.09000117304571391,0.09000117304571391,0.0,0.1348309503631913,0.5230529454484607,-0.20130012623414584,-0.0029189811070258124,-0.0030282504272194487,-4.995020183294495,0,0.5300295744394846
43.57599999999322,-2.14462803131458,0.495537493092823,1.2745743388199489,0.004905743100378659,-0.009293708589016356,-0.0056059280868931555,-2.2517832200159305,0.45882927929519884,1.6722197974442468,-0.06361003678133612,-0.18426101890034105,0.04094330194493584,-2.302647152370982,0.403144438717464,1.448058467618531,-0.0585240937994744,-0.09015959749861066,0.058215767790577654,0.09000117304571391,0.09000117304571391,0.0,0.13480082157822687,0.5230797116127635,-0.20126336867574654,-0.0029199982288117803,-0.0030255783946814526,-4.994963225089525,0,0.5300575632206724
43.58015999999322,-2.144607570560255,0.4954987941145442,1.27455101538703,0.0049105810379050496,-0.009287754786914636,-0.0055976239005328075,-2.515240413663761,-0.04555781600475595,1.1399580820842032,-0.10793653746227148,0.038425094635618676,0.051508537803941074,-2.4091704201856907,0.17887095191326238,1.2941141519979373,-0.08291716068319595,-0.026287685497867433,0.054431359456724115,0.09000117304571391,0.09000117304571391,0.0,0.13477066944265775,0.5231064839041072,-0.2012266683545751,-0.0029210179526592116,-0.0030229122912428263,-4.9949062529023935,0,0.5300855309272792
43.58431999999322,-2.1445870896411514,0.4954601198795023,1.274527726506517,0.004915420584911116,-0.009281816410072447,-0.005589331323177414,-2.3015781276519642,0.21538361879347417,1.4238604333723297,-0.11421412407687159,0.2172177411112584,0.007173508334529818,-2.355611081425774,0.1975786677156039,1.3590023269781952,-0.098564443063269,0.09577627728293447,0.03118738393858787,0.09000117304571391,0.09000117304571391,0.0,0.13474049391817908,0.523133262352176,-0.20119002517996185,-0.0029220402816636185,-0.003020252109097913,-4.994849266682975,0,0.5301134776075163
43.58847999999322,-2.1445665885504965,0.49542147032349715,1.2745044721300955,0.0049202617572131555,-0.009275893441237585,-0.005581050341136068,-2.8277032798591084,0.016957230946205604,1.9689247518737232,-0.12691268796813523,0.14851562933371187,-0.07159558672425,-2.591923619818973,0.10757533666576757,1.6638179398139181,-0.11314016393830928,0.12226613203816634,-0.01974034417236924,0.09000117304571391,0.09000117304571391,0.0,0.13471029496642029,0.5231600469866894,-0.20115343906204963,-0.002923065218932727,-0.0030175978404568824,-4.994792266381106,0,0.5301414033095455
43.59263999999322,-2.144546067281452,0.49538284538240057,1.2744812522095093,0.004925104570649671,-0.009269985863173971,-0.00557278094072588,-1.9248877916668379,0.4301604291279539,1.3537871424897467,-0.1022405288160909,-0.11254230203803484,0.08944837948044174,-2.258614797150213,0.2686355236391871,1.50898726059695,-0.1071613255692112,0.005132664440894169,0.0344436772655379,0.09000117304571391,0.09000117304571391,0.0,0.1346800725485172,0.5231868378371342,-0.20111690991093883,-0.0029240927675864255,-0.003014949477540359,-4.9947352519465875,0,0.5301693080814778
43.596799999993216,-2.144525525827114,0.49534424499215585,1.2744580666965581,0.004929949041061911,-0.009264093658732028,-0.0055645231082441194,-1.8331966107607855,0.6272583740489099,1.2178647232487698,-0.1019117563681653,0.002230455861106923,0.020533906742322222,-2.0461151252675296,0.4479547325576169,1.363467805596903,-0.10433267322992931,0.0033764276079449123,0.026941108204831452,0.09000117304571391,0.09000117304571391,0.0,0.13464982662618083,0.5232136349331393,-0.20108043763668693,-0.0029251229307569225,-0.0030123070125913512,-4.994678223329182,0,0.530197191971374
43.600959999993215,-2.1445049641805127,0.49530566908877766,1.2744349155430998,0.004934795184318309,-0.009258216810764714,-0.005556276829999795,-2.1263218002058957,0.488953854708358,1.1582234254110433,0.0328900432893616,-0.06012766991972065,-0.05958348467502512,-2.0861487802682808,0.4683281359422417,1.260719293528512,-0.03661165420031273,-0.027707627476960907,-0.015856996444621272,0.09000117304571391,0.09000117304571391,0.0,0.13461955716062904,0.5232404383046367,-0.20104402215016443,-0.0029261557115888392,-0.0030096704378637165,-4.994621180478616,0,0.530225055027246
43.605119999993214,-2.1444843823346114,0.49526711760835196,1.2744117987010486,0.004939643016302808,-0.009252355302166549,-0.005548042092300677,-1.904159558567507,0.10150343264136574,1.208020912771367,0.07278662795344305,-0.08294142816883163,0.021462531410582842,-1.995001814276962,0.2847403574393355,1.2344151558555578,0.018230696934000968,-0.055155467275103356,0.0024253159289676467,0.09000117304571391,0.09000117304571391,0.0,0.1345892641127996,0.5232672479808987,-0.20100766336155768,-0.002927191113239183,-0.003007039745624554,-4.994564123344576,0,0.5302528972970546
43.60927999999321,-2.1444637802823077,0.4952285904870357,1.274388716122376,0.004944492552908763,-0.009246509115895966,-0.005539818881442186,-2.266441371677487,0.12432158735242432,1.398086297537473,0.05339712974652127,-0.046796564658105076,-0.09273882048817007,-2.1306121764794135,0.20443130822441147,1.3160608962814069,0.03569077235617957,-0.05039658820949363,-0.04607307503817851,0.09000117304571391,0.09000117304571391,0.0,0.1345589474439915,0.5232940639919283,-0.20097136118186545,-0.002928229138877406,-0.0030044149281600314,-4.994507051876713,0,0.5302807188287115
43.61343999999321,-2.1444431580164323,0.4951900876610569,1.2743656677591104,0.004949343810053393,-0.009240678234926036,-0.005531607183728032,-2.8674802935038173,0.23850317105649227,0.9060715058227226,0.21315020755126518,-0.1716661813568941,-0.07573514322569747,-2.4986081569957586,0.22111007091735735,1.1109062833320134,0.12446299119829243,-0.11085702391681741,-0.06113208424273877,0.09000117304571391,0.09000117304571391,0.0,0.13452860711479622,0.52332088636723,-0.20093511552204413,-0.0029292697916854624,-0.003001795977768032,-4.994449966024639,0,0.5303085196700783
43.61759999999321,-2.1444225155297505,0.49515160906671396,1.2743426535633378,0.004954196803662303,-0.00923486264229618,-0.005523406985450102,-2.2936004475433878,0.5115159064126119,1.4147116255082346,-0.01309720996234917,-0.060369154362105944,0.010025291077800213,-2.3961288750454495,0.36619039139391857,1.262832158556902,0.05509809882930363,-0.08606672124299114,-0.02566659494617099,0.09000117304571391,0.09000117304571391,0.0,0.13449824308659394,0.5233477151366114,-0.20089892629322137,-0.0029303130748577397,-0.002999182886765278,-4.994392865737929,0,0.5303362998689676
43.62175999999321,-2.14440185281496,0.49511315464037625,1.2743196734872007,0.004959051549687899,-0.009229062321054984,-0.005515218272910209,-1.8860684046880858,0.46254478975226865,1.1030387870479033,0.06868077452806041,0.015335278910106252,-0.0022105704372637003,-2.1409514172764124,0.4143987854116207,1.1829303176809756,0.06150416802003196,-0.0347104170523096,-0.014209810724765248,0.09000117304571391,0.09000117304571391,0.0,0.13446785531962985,0.5233745503297026,-0.20086279340669594,-0.0029313589916013776,-0.002996575647478884,-4.994335750966116,0,0.5303640594731418
43.62591999999321,-2.144381169864693,0.49507472431848326,1.274296727482899,0.004963908064090073,-0.009223277254319272,-0.005507041032397495,-1.9860259466265393,0.4459996786375346,1.4110634983604031,-0.033849251950455975,-0.1306894846251548,-0.035344803660941684,-2.0635589426332945,0.4299281521773775,1.2969257440842679,0.014285216153914194,-0.08294834026399221,-0.025139404192218547,0.09000117304571391,0.09000117304571391,0.0,0.13443744377472344,0.5234013919762237,-0.2008267167739379,-0.0029324075451359986,-0.002993974252254559,-4.994278621658699,0,0.530391798530314
43.63007999999321,-2.1443604666715146,0.4950363180375448,1.2742738155026898,0.004968766362847699,-0.00921750742524104,-0.005498875250201155,-1.6289492958418557,0.9423535534246841,1.0497780094371485,0.16206769819313016,0.04834581032296052,-0.08144556561907099,-1.8459148536949166,0.6862439044290244,1.1731823736612599,0.08858615947563825,-0.01678462092321855,-0.05407299271443448,0.09000117304571391,0.09000117304571391,0.0,0.13440700841262804,0.5234282401059311,-0.20079069630701676,-0.002933458738693942,-0.002991378693453721,-4.994221477765135,0,0.5304195170881486
43.634239999993206,-2.144339743227923,0.4949979357341406,1.2742509374988873,0.004973626461959057,-0.009211752817006617,-0.005490720912612532,-1.8172141613728818,0.5213706320743687,1.6084852022245781,-0.16871042523608257,-0.08549216104366203,-0.04249844940992817,-1.831914316801839,0.6036287186431413,1.390748261513391,-0.04047970724190833,-0.05133849272883426,-0.04820139318335248,0.09000117304571391,0.09000117304571391,0.0,0.13437654919360295,0.5234550947486718,-0.20075473191731796,-0.0029345125755204098,-0.0029887889634518695,-4.994164319234842,0,0.5304472151942602
43.638399999993204,-2.1443189995263503,0.49495957734492046,1.2742280934238626,0.00497848837744297,-0.009206013412826198,-0.005482578005925481,-1.7645434103265032,0.3680896621515423,1.4575878982546937,0.22269641055335757,0.06315696381616505,-0.05101728644998034,-1.7977652432298972,0.4859887237446533,1.4240633060319265,0.09111706454288143,0.005989958742444416,-0.05002888707897391,0.09000117304571391,0.09000117304571391,0.0,0.1343460660778404,0.5234819559339551,-0.20071882351703924,-0.002935569058873176,-0.0029862050546357027,-4.9941071460172,0,0.530474892896214
43.6425599999932,-2.1442982355591615,0.4949212428066038,1.2742052832300441,0.004983352125325162,-0.00920028919598905,-0.005474446516418277,-2.643906646300719,0.421083609582658,1.2199988972696647,-0.011698727707515745,-0.00959960660201658,-0.07381784256708761,-2.220866632672799,0.45351591159671717,1.3218752726526533,0.03992444628525073,-0.001883649215514948,-0.061507314237495135,0.09000117304571391,0.09000117304571391,0.0,0.13431555902610734,0.5235088236917551,-0.20068297101855026,-0.002936628192022885,-0.0029836269594130443,-4.994049958061548,0,0.530502550241527
43.6467199999932,-2.1442774513186547,0.4948829320559797,1.2741825068699175,0.004988217721660816,-0.009194580149786049,-0.00546632643038289,-1.8147106520206957,0.17722021262704896,1.2299441065642922,-0.09055521196829186,0.06623724248971632,-0.04181518715778523,-2.0179754234713188,0.31550281577816736,1.2758208507437447,-0.02469589344549211,0.03269390320111407,-0.051075309379515016,0.09000117304571391,0.09000117304571391,0.0,0.13428502799803538,0.5235356980517627,-0.20064717433417834,-0.002937689978253226,-0.0029810546702016705,-4.993992755317187,0,0.5305301872776667
43.6508799999932,-2.1442566467970607,0.49484464502990644,1.2741597642960254,0.004993085182512016,-0.009188886257581958,-0.0054582177340966155,-2.1161986587149513,0.384245049160038,0.8844688097135717,-0.21855375623226525,0.12766911374250225,0.18960664456297666,-2.067540664675721,0.3501411544151158,1.0805367637869814,-0.12240540932321295,0.07960184809938078,0.06910806452905825,0.09000117304571391,0.09000117304571391,0.0,0.13425447295382992,0.5235625790438128,-0.20061143337642195,-0.0029387544208606996,-0.0029784881794388705,-4.9939355377333765,0,0.5305578040520517
43.6550399999932,-2.1442358219865443,0.49480638166531166,1.2741370554609677,0.004997954523966802,-0.009183207502752545,-0.005450120413846227,-2.5689583602554724,0.18925610991258074,0.8737181602406625,-0.025880486634340182,0.03111516290918718,0.10852329743966029,-2.318306106547836,0.26976182821479855,0.977351402158731,-0.0745074640124935,0.05555240030532845,0.08897565509880885,0.09000117304571391,0.09000117304571391,0.0,0.1342238938536298,0.5235894666975641,-0.20057574805816508,-0.0029398215231546663,-0.0029759274795730876,-4.9938783052593365,0,0.5305854006120517
43.6591999999932,-2.1442149768792023,0.4947681418991919,1.2741143803174013,0.005002825762125173,-0.009177543868740635,-0.00544203445590752,-2.3810571641904286,0.6337302910395592,0.7987696019182154,-0.05398416494150237,0.005768148494466491,0.016988206456599472,-2.349794571006055,0.4517607218489775,0.8880940529328348,-0.06414564912140834,0.030606828761085055,0.05324352418207945,0.09000117304571391,0.09000117304571391,0.0,0.13419329065707933,0.523616361043034,-0.20054011829224924,-0.0029408912884577934,-0.0029733725630712885,-4.993821057844247,0,0.5306129770049884
43.6633599999932,-2.144194111467064,0.4947299256686127,1.2740917388180406,0.00500769891311027,-0.00917189533900589,-0.005433959846563289,-1.5121706746681483,0.701703040986741,1.2881864838351023,0.15194111438697072,-0.07068328015307757,0.027969031190977683,-1.9306608310801563,0.5765859211837794,1.088201820966952,0.043933238947464565,-0.019699948490356115,0.04032988873801052,0.09000117304571391,0.09000117304571391,0.0,0.13416266332375532,0.52364326210985,-0.20050454399190143,-0.002941963720105631,-0.002970823422412384,-4.993763795437247,0,0.5306405332781342
43.667519999993196,-2.144173225742093,0.49469173291070817,1.2740691309156569,0.005012573993055261,-0.009166261897078157,-0.0054258965720843,-1.6905886380720765,0.6890921464075837,1.0900233261992436,0.02561015239454279,0.17755880593484374,-0.11772754809876647,-1.8105702094457992,0.6332094232823634,1.088866644048137,0.03497633121464626,0.07877972973246432,-0.03817306159404569,0.09000117304571391,0.09000117304571391,0.0,0.13413201181359496,0.5236701699279983,-0.20046902507030623,-0.002943038821446842,-0.002968280050094921,-4.993706517987434,0,0.5306680694787131
43.671679999993195,-2.1441523196961843,0.4946535635626811,1.2740465565630787,0.005017451018121333,-0.009160643526494362,-0.005417844618752248,-2.855230852086687,1.022019543809776,1.2475215503949553,0.1117539438287912,-0.12932161118060465,-0.02326494937869577,-2.3326754350526615,0.8273491009358841,1.1681468339255294,0.07337909155477067,-0.025681666657498207,-0.030728102892290585,0.09000117304571391,0.09000117304571391,0.0,0.13410133608625494,0.5236970845272364,-0.2004335614410337,-0.002944116595843267,-0.0029657424386278037,-4.993649225443864,0,0.5306955856539013
43.675839999993194,-2.1441313933211656,0.49461541756180255,1.274024015713192,0.00502233000448409,-0.009155040210850207,-0.005409803972841087,-2.4712893192320546,0.0642780612599203,1.2955397347139972,-0.11865000620309409,0.031508980179078015,0.05784515870672907,-2.402231797414861,0.4458744686771846,1.2319652373929284,-0.0218241305174506,0.0025785092418310423,0.013194445319873387,0.09000117304571391,0.09000117304571391,0.0,0.13407063610068298,0.5237240059375204,-0.20039815301761152,-0.002945197046670214,-0.0029632105805363486,-4.9935919177555546,0,0.5307230818508262
43.67999999999319,-2.1441104466087975,0.4945772948454118,1.2740015083189393,0.005027210968336417,-0.009149451933778967,-0.005401774620624045,-2.4528767782168055,0.5670230189433764,1.4493854832565216,-0.11789604414616107,-0.07956026530024196,-0.013058889106234437,-2.4277984036467704,0.5062830544380905,1.3406515017191705,-0.07055543179142133,-0.03797878475991378,-0.000787446484515103,0.09000117304571391,0.09000117304571391,0.0,0.1340399118164003,0.5237509341885778,-0.20036279971395274,-0.0029462801773159648,-0.0029606844683610816,-4.993534594871479,0,0.5307505581165666
43.68415999999319,-2.144089479550773,0.4945391953509161,1.273979034333321,0.005032093925888467,-0.00914387867896373,-0.0053937565483702455,-2.178969405833181,1.0654346144904585,1.389625537807849,0.045226081352063435,-0.02964170886380238,-0.1847895336074163,-2.30328865424649,0.7858001782077288,1.3647542921148876,-0.012402999441776991,-0.03337080421958224,-0.09267406021450399,0.09000117304571391,0.09000117304571391,0.0,0.134009163192861,0.5237778693104419,-0.20032750144392816,-0.0029473659911822105,-0.0029581640946594926,-4.993477256740569,0,0.530778014498154
43.68831999999319,-2.144068492138717,0.49450111901579064,1.2739565937093946,0.005036978893373434,-0.009138320430115723,-0.0053857497423517205,-2.560362188302399,0.5088285584678092,1.3211195172598762,-0.09349767413386992,-0.008359567962895493,0.10086252287286608,-2.4320217045279136,0.6472952431874892,1.3431441440717011,-0.05293940417517159,-0.02096324875474675,0.0051619970096227884,0.09000117304571391,0.09000117304571391,0.0,0.13397839018881036,0.5238048113330249,-0.20029225812200807,-0.002948454491684169,-0.002955649452002429,-4.993419903311716,0,0.5308054510425717
43.69247999999319,-2.144047484364188,0.4944630657775782,1.2739341864002744,0.0050418658870428745,-0.009132777170983146,-0.005377754188842038,-2.2747367834866705,0.7584017966638138,1.3706929933989538,0.012189572623480797,-0.01596404809878442,0.018834593706071625,-2.3533512584849574,0.7028146666451811,1.3569577617031725,-0.021115229756989536,-0.01777829805121793,0.012081668695375455,0.09000117304571391,0.09000117304571391,0.0,0.13394759276356705,0.5238317602861178,-0.20025706966219275,-0.0029495456822502316,-0.0029531405329742575,-4.993362534533769,0,0.5308328677967546
43.69663999999319,-2.1440264562186746,0.49442503557388917,1.2739118123591324,0.005046754923166289,-0.009127248885365181,-0.005369769874108449,-1.899913483215387,0.3112912756132251,1.039372152867742,0.055269529732494396,-0.09309447856652056,0.17176794975861304,-2.1265154608158046,0.5068557709242664,1.1985198695711308,0.01765979896575833,-0.05503405086947024,0.09198082560005715,0.09000117304571391,0.09000117304571391,0.0,0.1339167708757409,0.5238587161996574,-0.20022193597929558,-0.0029506395663224847,-0.002950637330175657,-4.993305150355533,0,0.5308602648075901
43.70079999999319,-2.1440054076935997,0.49438702834240117,1.2738894715391973,0.005051646018028083,-0.009121735557114121,-0.0053617967844135795,-2.1340284893477595,0.5657129211092926,1.1479008101839638,-0.049626851164287486,0.06699791996200295,0.07744870568002908,-2.130375426880945,0.5364258780767406,1.1733713520370848,-0.015894198204756085,0.005124733627308235,0.0845833150377386,0.09000117304571391,0.09000117304571391,0.0,0.1338859244845151,0.5238856791037269,-0.20018685698765992,-0.0029517361473564933,-0.0029481398362256007,-4.9932477507257715,0,0.5308876421219179
43.704959999993186,-2.143984338780317,0.4943490440208591,1.2738671638937555,0.005056539187942093,-0.009116237170090033,-0.005353834906030076,-1.8903547011238762,0.44755191593471044,0.997781784126837,0.08490119518809541,0.06133533822448576,0.10587448617631082,-2.0101851752837754,0.49211594645168616,1.0857942917832617,0.033719456262149616,0.03318046022650536,0.09583505825826427,0.09000117304571391,0.09000117304571391,0.0,0.1338550535481501,0.5239126490282356,-0.20015183260265637,-0.002952835428821473,-0.0029456480437528333,-4.993190335593205,0,0.5309149997865299
43.709119999993185,-2.1439632494701115,0.49431108254707484,1.2738448893761505,0.00506143444923274,-0.009110753708222006,-0.005345884225220865,-2.142038319831444,0.6693191615650936,1.0610300129567571,-0.003539489253688936,-0.06772949286598624,-0.2546830664428238,-2.0761185460118634,0.5805772057790866,1.0728835367915845,0.014377736981478654,-0.01692530231074754,-0.08002237092162783,0.09000117304571391,0.09000117304571391,0.0,0.13382415802526534,0.5239396260030258,-0.20011686273897203,-0.0029539374142001484,-0.002943161945404422,-4.993132904906511,0,0.5309423378481705
43.71327999999318,-2.143942139754202,0.494273143858927,1.2738226479397827,0.005066331818245335,-0.009105285155476522,-0.005337944728247933,-1.9371588873426315,0.45976686853032533,0.9951634546888783,0.06977713657442243,0.03398998182281189,-0.05293262808358154,-2.006492454290551,0.5202422510826428,1.033913878582001,0.04199907078583583,0.008355439770717225,-0.06697209745016179,0.09000117304571391,0.09000117304571391,0.0,0.1337932378746263,0.5239666100583532,-0.20008194731189285,-0.0029550421069889027,-0.00294068153384339,-4.993075458614324,0,0.5309696563535368
43.71743999999318,-2.143921009623738,0.49423522789436103,1.2738004395381104,0.005071231311351461,-0.009099831495839962,-0.005330016401380292,-1.9155230210855256,0.43414090506701786,0.958307417402751,0.10677251947711638,0.014923838628948166,-0.13344852167145516,-1.9607866946144563,0.477221295515986,0.995832602891058,0.07518811866795237,0.011986006468150852,-0.10023153734992095,0.09000117304571391,0.09000117304571391,0.0,0.133762293054503,0.523993601223873,-0.20004708623709086,-0.002956149510697916,-0.0029382068017438784,-4.993017996665234,0,0.5309969553492782
43.72159999999318,-2.143899859069801,0.49419733459138865,1.2737782641246485,0.005076132944934662,-0.009094392713370491,-0.005322099230875839,-2.345048337630384,0.3047337988053699,1.1663090639993032,0.08531239010974478,0.014731733144918355,0.008058797808653085,-2.1527418052373593,0.3910085174968843,1.081088084978018,0.07979162679662083,0.0126202532236921,-0.04575505961980038,0.09000117304571391,0.09000117304571391,0.0,0.13373132352309713,0.5240205995299748,-0.20001227942976807,-0.002957259628851356,-0.0029357377417994894,-4.992960519007789,0,0.5310242348819973
43.72575999999318,-2.1438786880834035,0.49415946388808807,1.2737561216529694,0.005081036735406454,-0.009088968792134722,-0.0053141932030020276,-2.3186205726933684,0.1925005383456464,1.4545040988615714,0.042921539094016525,-0.024689945784382786,0.01732703077423262,-2.235592322220395,0.29170080724801734,1.2678333485619047,0.060997387359018655,-0.005562561370905433,-0.013546777440633477,0.09000117304571391,0.09000117304571391,0.0,0.13370032923854203,0.5240476050063948,-0.19997752680593953,-0.0029583724649870366,-0.002933274346714407,-4.992903025590491,0,0.5310514949982491
43.72991999999318,-2.14385749665549,0.4941216157226036,1.2737340120767027,0.00508594269919128,-0.00908355971626969,-0.005306298304015719,-2.501165067453593,0.23754106848909906,2.0278642513539715,-0.04030671501596994,-0.00709181915810443,0.02251628975953955,-2.368464962845479,0.26460525692786563,1.647901973870984,0.010627277449353214,-0.006062063796392929,0.0039908498535843545,0.09000117304571391,0.09000117304571391,0.0,0.13366931015868858,0.5240746176833899,-0.19994282828136448,-0.0029594880226567893,-0.0029308166092117025,-4.992845516361798,0,0.5310787357445418
43.73407999999318,-2.143836284776937,0.4940837900331455,1.2737119353495352,0.005090850852735958,-0.009078165469942345,-0.005298414520176252,-2.2575447065749437,0.5487647780378612,1.5449935069401097,0.08483196254501695,-0.06834816057768238,0.06956986950319634,-2.312827109105487,0.4065447548931053,1.5965904836757188,0.047483765701492195,-0.03715842439699204,0.03737236934933171,0.09000117304571391,0.09000117304571391,0.0,0.1336382662417468,0.5241016375909376,-0.19990818377218755,-0.0029606063054262175,-0.002928364522029179,-4.992787991270125,0,0.5311059571673364
43.738239999993176,-2.1438150524385517,0.4940459867579899,1.2736898914252113,0.005095761212511313,-0.009072786037351984,-0.005290541837745899,-1.9842586520014331,0.8430410042684346,1.784311652025076,0.01802464228509771,-0.06832097797440904,0.03050142508116577,-2.148503733217568,0.624653836840877,1.690514271591347,0.03306505057747514,-0.05274180812900529,0.03468355418734873,0.09000117304571391,0.09000117304571391,0.0,0.1336071974456448,0.5241286647591635,-0.19987359319493941,-0.0029617273168750157,-0.0029259180779176814,-4.992730450263842,0,0.5311331593130475
43.742399999993175,-2.1437937996310725,0.49400820583547844,1.273667880257532,0.005100673795008566,-0.009067421402742235,-0.005282680242985982,-2.2190429489219414,0.8047872628602082,1.0548592047775087,-0.16461018045652454,-0.07725912135689941,0.21762859698340917,-2.184116386463567,0.7145610103345548,1.3731344795546168,-0.0656794171527576,-0.06494923798896865,0.12637122259922087,0.09000117304571391,0.09000117304571391,0.0,0.13357610372760054,0.5241556992180734,-0.19983905646568068,-0.0029628510605971014,-0.002923477269642751,-4.992672893291274,0,0.531160342228042
43.746559999993174,-2.1437725263451695,0.49397044720401834,1.2736459018003565,0.005105588616732258,-0.00906207155041944,-0.005274829722147345,-2.146723456734,0.6388436029409529,1.6768661639888274,-0.04479476075912585,-0.12025283171749125,-0.1731634268650864,-2.1655125485667166,0.6764505049129967,1.5246415548823928,-0.05537458604042405,-0.09204477144066163,-0.023032000949710394,0.09000117304571391,0.09000117304571391,0.0,0.13354498504561788,0.5241827409979821,-0.19980457350149927,-0.0029639775402003285,-0.0029210420899893866,-4.992615320300699,0,0.5311875059586412
43.75071999999317,-2.1437512325714434,0.4939327108020821,1.2736239560076004,0.005110505694218776,-0.00905673646469505,-0.005266990261495692,-2.3026060550047505,0.8814304169016218,1.2838181432129818,-0.026697820787226233,0.04641175031202247,0.07429188463635852,-2.2341170512082513,0.7790384517273081,1.4043829295676635,-0.04043246089816849,-0.02283565378096683,0.02550796632634034,0.09000117304571391,0.09000117304571391,0.0,0.133513841356991,0.5242097901287648,-0.19977014421879957,-0.0029651067593067203,-0.002918612531752326,-4.9925577312403515,0,0.5312146505511188
43.75487999999317,-2.143729918300427,0.4938949965682073,1.2736020428332366,0.005115425044015725,-0.009051416129958125,-0.005259161847280868,-2.3595478479747674,0.315795391842671,1.3068626642365628,0.157622506219162,0.1355254331822608,-0.06555030823219982,-2.296505672534703,0.5476965962296748,1.3554866673730517,0.05867633713360793,0.05584092362436005,-0.0204459824500979,0.09000117304571391,0.09000117304571391,0.0,0.1334826726193727,0.524236846640819,-0.19973576853458486,-0.0029662387215526253,-0.002916188587746271,-4.992500126058421,0,0.5312417760517031
43.75903999999317,-2.1437085835225824,0.49385730444099646,1.2735801622312959,0.005120346682703303,-0.009046110530598726,-0.00525134446576735,-2.9190164527689353,0.6130002853829447,1.5790689609051438,0.013461248348040362,-0.28523114289596513,0.09583784958424287,-2.6077373418938654,0.5797546731697194,1.467478278615518,0.03603429428164363,-0.11421546734643678,0.03790004895554592,0.09000117304571391,0.09000117304571391,0.0,0.1334514787897055,0.5242639105642642,-0.19970144636624437,-0.0029673734305886673,-0.0029137702507950934,-4.9924425047030505,0,0.5312688825065751
43.76319999999317,-2.1436872282283037,0.49381963435911697,1.273558314155866,0.0051252706268751875,-0.009040819651074394,-0.005243538103210059,-2.239952920014127,0.03528270098709735,1.2164354032370137,-0.004344331504726473,-0.0720138523432229,-0.05672973517868998,-2.4238524027195885,0.30736696309431083,1.3418370546370173,0.01623668248476857,-0.09401780916087815,-0.009392716971814933,0.09000117304571391,0.09000117304571391,0.0,0.13342025982507622,0.5242909819290473,-0.19966717763112582,-0.0029685108900797154,-0.002911357513740279,-4.992384867122336,0,0.5312959699618695
43.76735999999317,-2.1436658524079157,0.4937819862613007,1.2735364985610915,0.005130196893141339,-0.00903554347590455,-0.005235742745855996,-2.331186274041289,0.6222502579923043,1.1045858290794857,-0.013372189574724028,0.010420784047096976,0.16544880479001395,-2.377546617591832,0.4648326448569381,1.2235537290722245,0.0014888971377121773,-0.0418802036969263,0.07810404195452966,0.09000117304571391,0.09000117304571391,0.0,0.1333890156829302,0.524318060765799,-0.19963296224632038,-0.002969651103705096,-0.0029089503694439195,-4.9923272132643275,0,0.5313230384636756
43.77151999999317,-2.1436444560516734,0.49374436008634404,1.273514715401175,0.005135125498148254,-0.00903028198959746,-0.005227958379969491,-2.0017651279750117,0.7729358298697084,1.2229571219459552,-0.028756465018812558,-0.027535105878673145,0.01837373228431567,-2.189715556440692,0.6188288016304222,1.2232938035294272,-0.012429479307471387,-0.03455496342078169,0.048163194742913945,0.09000117304571391,0.09000117304571391,0.0,0.13335774631978867,0.5243451471043374,-0.19959880012994638,-0.002970794075158556,-0.0029065488107750557,-4.992269543077029,0,0.5313500880580356
43.775679999993166,-2.143623039149763,0.49370675577310763,1.2734929646303759,0.005140056458552657,-0.009025035176743088,-0.005220184991801425,-1.8553868464780312,0.23715296083626097,1.62289705725646,0.06400601526806891,-0.17435940584307616,0.024149337300975928,-2.0224164542348393,0.42762655061065574,1.423146669960951,0.026130966856652654,-0.10493034412739723,0.037016851983990864,0.09000117304571391,0.09000117304571391,0.0,0.1333264516927445,0.5243722409751643,-0.19956469119965292,-0.0029719398081483124,-0.0029041528306221515,-4.992211856508398,0,0.5313771187909465
43.779839999993165,-2.1436016016923003,0.4936691732605161,1.2734712462030109,0.005144989791038663,-0.009019803021955972,-0.005212422567607525,-2.1253319099942747,1.1087091114835685,0.9221998669846282,0.0718239571801335,0.09069431048751277,0.12073631166778175,-2.0737252647002684,0.7683603052183645,1.172920561981653,0.048856336893190334,-0.006681807600772865,0.07902948571074266,0.09000117304571391,0.09000117304571391,0.0,0.1332951317583939,0.5243993424085035,-0.19953063537347449,-0.0029730883063972154,-0.00290176242188741,-4.992154153506343,0,0.5314041307083591
43.78399999999316,-2.1435801436693325,0.49363161248755827,1.2734495600734541,0.005149925512312667,-0.009014585509890101,-0.005204671093644014,-2.0674569934529,-0.07771716795455286,1.0504130504882931,-0.22840210423709756,0.029728442393234793,-0.15546353978832236,-2.071067508347961,0.34537902700806744,1.1113422760003273,-0.08910437370858881,0.01077833547699765,-0.03805134996787693,0.09000117304571391,0.09000117304571391,0.0,0.1332637864732632,0.5244264514344614,-0.1994966325696173,-0.0029742395736426707,-0.0028993775774870736,-4.992096434018728,0,0.5314311238561781
43.78815999999316,-2.1435586650708363,0.4935940733932863,1.2734279061961369,0.005154863639097731,-0.009009382625262994,-0.005196930556158642,-1.5815208344735634,0.13925249217244268,1.4960095146949626,-0.043984176813885584,-0.10515889683193673,-0.06377368535526229,-1.8263825014115012,0.2420959582045668,1.3035459151618227,-0.06641743763572669,-0.047360014920582845,-0.05089910056296231,0.09000117304571391,0.09000117304571391,0.0,0.1332324157938092,0.5244535680836149,-0.1994626827064596,-0.0029753936136368495,-0.002896998290356516,-4.992038697993368,0,0.5314580982802628
43.79231999999316,-2.143537165886719,0.4935565559168163,1.2734062845255476,0.005159804188147317,-0.00900419435280175,-0.0051892009414106904,-2.2149891687324836,0.5676257831849378,1.175825846527116,-0.1676791021805591,0.06811297249186259,-0.1336208911745541,-2.0210368221190547,0.4050041763165877,1.2394067177991555,-0.11728214839588245,0.01067935898982671,-0.0920903705313975,0.09000117304571391,0.09000117304571391,0.0,0.13320101967641887,0.5244806923861033,-0.19942878570233719,-0.0029765504301464416,-0.0028946245534416694,-4.99198094537803,0,0.5314850540264269
43.79647999999316,-2.1435156461068177,0.4935190599973276,1.2733846950162324,0.0051647471762331955,-0.008999020677293237,-0.005181482235651613,-2.476325650828296,0.5942322679865625,1.6323936720102854,0.041889397210965865,-0.001004097227414619,-0.056836135746046165,-2.2485949568103702,0.4996162970288821,1.4357846557014828,-0.038830188758913455,0.005396510948706138,-0.07443107332801709,0.09000117304571391,0.09000117304571391,0.0,0.13316959807740947,0.5245078243722159,-0.19939494147639963,-0.002977710026952988,-0.0028922563597050454,-4.991923176120434,0,0.5315119911404383
43.80063999999316,-2.1434941057209005,0.4934815855740627,1.2733631376227943,0.0051696926201483485,-0.00899386158357383,-0.005173774425131454,-2.0424959734203827,0.9891872835633962,1.3859438155995836,0.2887710851996532,-0.017461768575207648,-0.0116320520694547,-2.1449436041169903,0.7443692610602504,1.4108400494360962,0.12505364753507717,-0.006206656479647586,-0.043207180533815615,0.09000117304571391,0.09000117304571391,0.0,0.13313815095302853,0.524534964072553,-0.19936114994711301,-0.002978872407853029,-0.0028898937021266283,-4.99186539016825,0,0.5315389096680201
43.80479999999316,-2.143472544718664,0.49344413258632736,1.2733416122998937,0.005174640536718179,-0.008988717056485622,-0.00516607749611168,-2.3453420449458053,0.26678028419138167,1.4256547922833267,-0.0321721932586146,-0.00620104862213848,-0.11375830968568212,-2.2452106018230387,0.5055582115333399,1.4180106003168427,0.046190068802044744,-0.006049422559606947,-0.07832905734110723,0.09000117304571391,0.09000117304571391,0.0,0.13310667825881206,0.5245621115171707,-0.19932741103375645,-0.0029800375766579137,-0.0028875365736952792,-4.991807587469102,0,0.5315658096548491
43.80895999999316,-2.1434509630897356,0.49340670097349,1.2733201190022485,0.005179590942776003,-0.00898358708096541,-0.005158391434834637,-2.403245804497861,0.6917564528280871,1.1307227578154424,0.05522436726702832,0.13516132569864195,-0.09032941169951725,-2.3241143178399777,0.598938409513368,1.2741776958414899,0.05064600954956899,0.06519951284693454,-0.08476584359293178,0.09000117304571391,0.09000117304571391,0.0,0.13307517995108073,0.5245892667368102,-0.19929372465556744,-0.0029812055371939037,-0.0028851849674229072,-4.991749767970564,0,0.5315926911465578
43.813119999993155,-2.143429360823672,0.49336929067498186,1.2732986576846337,0.005184543855192375,-0.00897847164194316,-0.005150716227560587,-2.1012633672890892,0.9788095849803341,1.8497778990280294,-0.05396971399018867,-0.08678631360561578,-0.11606616171361557,-2.212799824530208,0.7886964422293197,1.5617405153688435,-0.0015176728633509622,-0.010927851496724962,-0.10046420747188514,0.09000117304571391,0.09000117304571391,0.0,0.13304365598544418,0.5246164297616156,-0.19926009073195527,-0.0029823762933022537,-0.0028828388763304184,-4.99169193162016,0,0.5316195541887331
43.817279999993154,-2.14340773790996,0.4933319016302968,1.2732772283018814,0.005189499290853495,-0.008973370724419161,-0.005143051860539162,-2.6994146208919028,0.3931202744562402,1.5953192514090127,-0.21423573382676558,0.04916886748443121,0.0026448897686886085,-2.4565566833395427,0.5910091067431638,1.5785375103866413,-0.10764601344245395,0.018517237801950113,-0.04982539420552387,0.09000117304571391,0.09000117304571391,0.0,0.13301210631765534,0.5246436006220958,-0.19922650918228704,-0.0029835498488393576,-0.0028804982934567177,-4.991634078365366,0,0.5316463988269168
43.82143999999315,-2.1433860943380156,0.49329453377899085,1.2732558308088813,0.005194457266672816,-0.008968284313422677,-0.005135398320023787,-2.3889609004584726,0.053796070783222405,1.1517709132559373,-0.13363582282409014,0.13227551000416457,-0.07462342826497737,-2.423037168903749,0.32267367085531895,1.3649954687595067,-0.1202106442302913,0.07552756475388626,-0.06196210958316257,0.09000117304571391,0.09000117304571391,0.0,0.13298053090318301,0.5246707793488576,-0.19919297992652926,-0.0029847262076767678,-0.0028781632118546245,-4.991576208153608,0,0.5316732251066062
43.82559999999315,-2.143364430097184,0.49325718706068244,1.2732344651605803,0.005199417799587799,-0.00896321239402224,-0.005127755592269451,-1.8806185937166402,0.4858004103629944,1.1367454299819666,0.11105072788834755,0.20214371450801114,-0.04224494356716646,-2.1515943693787767,0.4046579289803904,1.2507799320689748,-0.003986056596116959,0.13916707971069034,-0.05159900862526476,0.09000117304571391,0.09000117304571391,0.0,0.1329489296974254,0.524697965972232,-0.19915950288460688,-0.002985905373701145,-0.0028758336245909943,-4.991518320932263,0,0.5317000330732534
43.82975999999315,-2.14334274517674,0.49321986141505186,1.2732131313119823,0.00520438090655727,-0.008958154951338254,-0.005120123663527497,-2.1341746351202873,0.37281136840482443,1.749679745727415,-0.0028955694756112958,-0.16626128186815084,-0.09908173992694388,-2.142890483539223,0.3883889923918368,1.5000298975778323,-0.003402183177633602,-0.013712761499065262,-0.07661384870077355,0.09000117304571391,0.09000117304571391,0.0,0.13291730265549614,0.5247251605227544,-0.19912607797640247,-0.0029870873508144203,-0.002873509524749346,-4.991460416648658,0,0.5317268227722659
43.83391999999315,-2.1433210395658877,0.4931825567818413,1.2731918292181488,0.005209346604561984,-0.008953111970538526,-0.005112502520046186,-2.5988727325386094,0.19735303532876686,1.0348054992746567,-0.04803439561283317,-0.12568487494003325,0.04688342742099032,-2.370984795775563,0.29260861637739977,1.2675125776155673,-0.025673666613831612,-0.06986483622435029,-0.015170475891812321,0.09000117304571391,0.09000117304571391,0.0,0.1328856497330797,0.524752363030899,-0.19909270512218408,-0.00298827214293373,-0.002871190905430296,-4.991402495250068,0,0.5317535942490064
43.83807999999315,-2.14329931325376,0.4931452731008546,1.2731705588341984,0.005214314910615617,-0.008948083436806913,-0.005104892148083797,-2.2138642300272746,0.3700146647683814,0.9584881352463601,-0.08446507085434189,-0.13224914780213895,-0.04903499865237796,-2.292598235863401,0.33103541779795637,1.1128966574737758,-0.05548031822818981,-0.10024036302226921,-0.03231925848292179,0.09000117304571391,0.09000117304571391,0.0,0.13285397088472106,0.5247795735273983,-0.19905938424260572,-0.002989459753991771,-0.00286887775974514,-4.991344556683721,0,0.5317803475487934
43.84223999999315,-2.1432775662294197,0.4931080103119571,1.2731493201153072,0.005219285841748627,-0.008943069335390193,-0.005097292533891183,-2.119210960432087,0.1675456968340998,1.6208368126858144,0.05533582906555054,-0.023012907192021724,0.16980638456377656,-2.205789483332391,0.24924230438928377,1.367223312815291,0.0004954445730916302,-0.06199569948971255,0.06881184509983078,0.09000117304571391,0.09000117304571391,0.0,0.132822266065749,0.5248067920425497,-0.1990261152582797,-0.0029906501879364503,-0.002866570080822555,-4.991286600896791,0,0.5318070827169006
43.846399999993146,-2.143255798481857,0.4930707683550756,1.2731281130167085,0.005224259415018132,-0.00893806965157607,-0.005089703663720105,-2.843879272503827,0.29288049349136624,1.5651050741289767,-0.034199618118619116,-0.15014849309529676,0.27860887572162685,-2.5249093104511138,0.27074915316381865,1.4667441693252206,-0.01717044179102813,-0.10594786194942442,0.1741331382475473,0.09000117304571391,0.09000117304571391,0.0,0.13279053523056647,0.5248340186072298,-0.19899289808977616,-0.0029918434487313994,-0.0028642678618071723,-4.991228627836401,0,0.5318337997985577
43.850559999993145,-2.1432340099999925,0.49303354717019776,1.2731069374936925,0.005229235647507366,-0.008933084370681016,-0.005082125523826153,-1.5925782928326349,0.2683773145622339,0.8701370540685821,0.024533459697827373,-0.028679883790682967,-0.03825340739093219,-2.058686971939919,0.2695040904592777,1.168357170616542,0.00402655965087456,-0.06757198620231139,0.06780937628457515,0.09000117304571391,0.09000117304571391,0.0,0.13275877833436012,0.524861253251827,-0.19895973265805053,-0.0029930395403554486,-0.0028619710958565654,-4.991170637449626,0,0.5318604988389499
43.854719999993144,-2.1432122007726746,0.49299634669737247,1.2730857935016073,0.005234214556325353,-0.008928113478068623,-0.005074558100463446,-1.944077040519956,0.22401997412399738,0.9727676950876532,-0.022970045862176137,0.058888113723106504,-0.020972876749900678,-2.0014302570501066,0.24688496836466287,1.0705160239153733,-0.008856575203378677,-0.004719689218813944,0.024105435870461423,0.09000117304571391,0.09000117304571391,0.0,0.1327269953313907,0.5248884960070958,-0.19892661888444424,-0.0029942384668033162,-0.002859679776143296,-4.991112629683486,0,0.5318871798832187
43.85887999999314,-2.1431903707886804,0.4929591668767093,1.273064680995858,0.005239196158602885,-0.008923156959152143,-0.005067001379884055,-2.2703276629202445,0.2831330387093559,1.7356933335551272,-0.13995772982420224,0.08624225710064534,0.06582444893678699,-2.1361720154869217,0.2651904727463284,1.4032454617883006,-0.07436707998378947,0.0398735209011341,0.0453394675437533,0.09000117304571391,0.09000117304571391,0.0,0.13269518617606105,0.5249157469036765,-0.19889355669004294,-0.0029954402320853087,-0.0028573938958566455,-4.991054604484951,0,0.5319138429764608
43.86303999999314,-2.1431685200367157,0.49292200764837857,1.2730435999319065,0.005244180471497663,-0.008918214799379105,-0.005059455348342372,-1.9310532539880603,0.8054666000144518,1.5884451051155022,-0.030345077228921734,-0.0025667938538612043,0.17055180131245104,-2.033674398955458,0.5353261392670314,1.4962024923314474,-0.05231915130890502,0.01905942101110777,0.10737496256657904,0.09000117304571391,0.09000117304571391,0.0,0.1326633508229163,0.5249430059721486,-0.1988605459963177,-0.002996644840227318,-0.0028551134482002485,-4.990996561800939,0,0.5319404881637295
43.86719999999314,-2.143146648505415,0.49288486895261086,1.2730225502652728,0.005249167512191833,-0.00891328698424685,-0.005051919992090221,-1.8749726602217567,0.846040741196237,1.0115149173638918,-0.18562565819116517,-0.07459650673880461,0.16231569636943557,-1.9547081471347385,0.690530430926593,1.2541935750094892,-0.11914077748259536,-0.027750546305369796,0.1345293497262468,0.09000117304571391,0.09000117304571391,0.0,0.1326314892262167,0.5249702732434052,-0.19882758672491135,-0.0029978522952711904,-0.002852838426394032,-4.990938501578316,0,0.5319671154900345
43.87135999999314,-2.14312475618334,0.4928477507296972,1.2730015319515338,0.005254157297897357,-0.008908373499278168,-0.0050443952973857654,-1.8126385698127727,0.22491868831269524,1.1038088508879669,-0.005024534337286231,-0.07383570284964569,0.0897382751931831,-1.8836823049633247,0.4575684882723254,1.179186444613531,-0.06233531313244954,-0.05115699546128434,0.11231411746471871,0.09000117304571391,0.09000117304571391,0.0,0.1325996013397231,0.5249975487480117,-0.19879467879785284,-0.0029990626012746076,-0.002850568823670211,-4.990880423763894,0,0.5319937250003413
43.87551999999314,-2.1431028430589825,0.49281065291998866,1.2729805449463234,0.005259149845846045,-0.008903474330056404,-0.005036881250481578,-1.5708020317902576,0.2803010270540259,1.5588392209474873,-0.018670710455451066,0.00719298060819765,-0.03638282109663528,-1.7272773663064154,0.36894761543198595,1.3689393976631081,-0.04120168797123834,-0.02157078100067344,0.03817544359427951,0.09000117304571391,0.09000117304571391,0.0,0.1325676871177657,0.5250248325167942,-0.1987618221367011,-0.003000275762311032,-0.0028483046332785904,-4.990822328304434,0,0.5320203167395717
43.87967999999314,-2.1430809091207603,0.49277357546389616,1.2729595892053334,0.005264145173300115,-0.008898589462195017,-0.005029377837633263,-1.7478244973730968,0.353517083436628,1.4778499697395437,-0.009639209326163791,0.05109609491564518,0.0033594003981339635,-1.7375707010813406,0.3613378935072459,1.4234020633622317,-0.025626252800725807,0.015059175759853246,0.020947508972357937,0.09000117304571391,0.09000117304571391,0.0,0.13253574651396194,0.5250521245805718,-0.19872901666404227,-0.0030014917824700395,-0.002846045848482782,-4.990764215146643,0,0.5320468907526047
43.883839999993135,-2.1430589543570204,0.4927365183018905,1.2729386646843122,0.0052691432975476085,-0.008893718881346697,-0.005021885045099633,-2.5496557467579386,0.19444814766384166,1.294432990666021,-0.09104287763491548,-0.10687991798646629,0.007679208320075962,-2.1438078501778897,0.2776677842872354,1.3589323726053384,-0.05853369216720674,-0.04505563475819926,0.014422145724125215,0.09000117304571391,0.09000117304571391,0.0,0.13250377948207073,0.5250794249700508,-0.198696262301779,-0.0030027106658570956,-0.002843792462560327,-4.990706084237175,0,0.532073447084275
43.887999999993134,-2.1430369787560375,0.4926994813745021,1.2729177713390658,0.005274144235899376,-0.008888862573220949,-0.005014402859132681,-2.6797993201731747,0.38258262274117155,0.9493963976420299,0.18897824509792985,-0.0776886621456067,-0.09295169662413677,-2.41141408437054,0.3299653508689484,1.1539668381466102,0.06511885386829083,-0.0618525183424353,-0.038611451472128515,0.09000117304571391,0.09000117304571391,0.0,0.13247178597577908,0.5251067337161447,-0.19866355897262705,-0.003003932416593833,-0.002841544468806304,-4.990647935522629,0,0.5320999857793747
43.89215999999313,-2.143014982306014,0.4926624646223206,1.2728969091254576,0.005279148005697319,-0.008884020523552413,-0.005006931265992111,-2.2215394859518485,0.6433233640913515,1.1016679412359989,-0.020833035466194076,0.09112614759652692,-0.15005366253202426,-2.3165189583184467,0.4868354464517658,1.1275044344397982,0.022230004941151765,0.014936435301021237,-0.0940936425549831,0.09000117304571391,0.09000117304571391,0.0,0.13243976594848808,0.525134050849547,-0.1986309065992604,-0.0030051570388180317,-0.002839301860528592,-4.990589768949553,0,0.5321265068826518
43.89631999999313,-2.1429929649950794,0.49262546798599505,1.272876077999408,0.005284154624304534,-0.008879192718138683,-0.004999470251930444,-2.4418992461896663,0.2510021588236767,1.4777002203608849,0.019213995603073467,-0.07199704336697156,-0.00802066436438407,-2.3791711870866172,0.36876604466065965,1.3025879888815577,0.021285752720786127,-0.02787273391164704,-0.05101156723610856,0.09000117304571391,0.09000117304571391,0.0,0.13240771935352644,0.5251613764012664,-0.19859830510431084,-0.0030063845366837833,-0.0028370646310533227,-4.9905315844644385,0,0.532153010438812
43.90047999999313,-2.1429709268112913,0.4925884914062334,1.2728552779168947,0.005289164109115414,-0.008874379142801155,-0.004992019803206634,-2.496334517726941,0.28083961337678354,1.5903628350084376,0.0861742650433396,0.07983505773700483,0.06397102219219404,-2.437574477579066,0.3249681285993133,1.4466109008772405,0.05374763197432198,0.0260414674139248,0.0062716836405471614,0.09000117304571391,0.09000117304571391,0.0,0.13237564614393657,0.5251887104022519,-0.19856575441100965,-0.003007614914361368,-0.002834832773719523,-4.990473382013724,0,0.5321794964925177
43.90463999999313,-2.1429488677426347,0.49255153482380254,1.2728345088339528,0.005294176477551127,-0.008869579783400906,-0.004984579906082004,-1.8820086561049207,-0.15223396295349823,1.096187678042186,0.17195345845898993,-0.10018214167336863,0.0226803012700963,-2.1594312034259455,0.08615542145310331,1.2714441040958468,0.11341149277392391,-0.0370881212417708,0.014430536440963154,0.09000117304571391,0.09000117304571391,0.0,0.1323435462731159,0.5252160528833408,-0.19853325444233233,-0.003008848176037188,-0.00283260628187975,-4.990415161543793,0,0.5322059650883885
43.90879999999313,-2.142926787777022,0.49251459817952814,1.2728137707066745,0.005299191747058413,-0.008864794625853012,-0.004977150546813209,-1.8555004293248911,0.929439522724141,1.850727360658654,0.21113135912091283,-0.07769528542317726,-0.12596726412225104,-2.0070249552110107,0.507642168423133,1.5608279047317548,0.1624635990724508,-0.0575811501840188,-0.05582047991224499,0.09000117304571391,0.09000117304571391,0.0,0.13231141969396204,0.5252434038754714,-0.1985008051216397,-0.003010084325914291,-0.0028303851489032226,-4.990356923000974,0,0.5322324162710007
43.91295999999313,-2.1429046869022925,0.4924776814142943,1.2727930634912092,0.0053042099351118125,-0.008860023656111729,-0.004969731711658753,-2.1043128830864797,-0.1176807074850646,1.4523418937736312,0.015094135815907364,-0.11281428663104032,-0.19723058366923793,-2.0556380510534686,0.19474192824689035,1.5061748798640544,0.08871448764660878,-0.08530184272230125,-0.12698463274296803,0.09000117304571391,0.09000117304571391,0.0,0.1322792663592998,0.5252707634096302,-0.19846840637246446,-0.00301132336821224,-0.0028281693681744217,-4.99029866633154,0,0.5322588500848886
43.917119999993126,-2.1428825651062127,0.4924407844690436,1.272772387143764,0.005309231059212899,-0.008855266860175157,-0.004962323386877203,-1.7849066203832185,0.5542242121332681,1.5486843652902262,-0.044350975288350664,-0.06879302559730736,-0.018490381857804147,-1.9203610924822112,0.37434385463922343,1.5273914290678352,0.02142211676592013,-0.07770073099335936,-0.07272929735546584,0.09000117304571391,0.09000117304571391,0.0,0.13224708622166712,0.525298131516906,-0.1984360581185112,-0.0030125653071671555,-0.0028259589330933386,-4.99024039148171,0,0.5322852665745436
43.921279999993125,-2.142860422376476,0.4924039072847766,1.2727517416206027,0.005314255136892807,-0.008850524224073066,-0.004954925558731738,-2.009250341883297,0.06412630558476651,1.286610902096073,-0.008880085831404795,-0.02197538801775723,-0.05338852983639103,-1.9648251721556251,0.21918667580497084,1.4068871320954184,0.006447330973557359,-0.049588995021953214,-0.06243408150363962,0.09000117304571391,0.09000117304571391,0.0,0.1322148792337427,0.5253255082282219,-0.19840376028365633,-0.003013810147031551,-0.002823753837073119,-4.9901820983976455,0,0.532311665784414
43.925439999993124,-2.142838258700702,0.4923670498025521,1.2727311268780466,0.005319282185706555,-0.008845795733895169,-0.004947538213479717,-2.234986175190802,0.8302163324380878,1.2313993678904096,-0.10416640344540297,-0.08584782099435771,-0.0811150958965487,-2.1001227819380412,0.5245277111296365,1.318974688368565,-0.0495473980119965,-0.06795280655114266,-0.07243857768087114,0.09000117304571391,0.09000117304571391,0.0,0.13218264534791846,0.5253528935746036,-0.198371512791734,-0.003015057892074708,-0.002821554073544638,-4.990123787025453,0,0.5323380477589065
43.92959999999312,-2.1428160740664386,0.4923302119634864,1.272710542872474,0.005324312223239419,-0.008841081375763888,-0.004940161337382148,-2.3577300541200574,0.3536447494948479,0.7905994509196643,-0.08403612180504001,-0.057287824294521415,-0.0946431209501829,-2.2291024771897994,0.4389667621797048,1.0545868005411436,-0.06704734422001764,-0.06304635901201008,-0.08367556895002498,0.09000117304571391,0.09000117304571391,0.0,0.13215038451672695,0.5253802875872859,-0.1983393155669637,-0.003016308546582593,-0.0028193596359532046,-4.990065457311183,0,0.5323644125423852
43.93375999999312,-2.142793868461159,0.4922933937087538,1.2726899895603212,0.0053293452671092255,-0.00883638113582969,-0.0049327949167060296,-1.8240684459098806,0.14710436636661134,0.8273350461299385,0.09701860332513157,-0.03568295717646905,0.01625010877949315,-2.026381948552044,0.2929588524697033,0.9409928451670538,0.015512271097180976,-0.04915003793201252,-0.03358077268603251,0.09000117304571391,0.09000117304571391,0.0,0.1321180966922,0.5254076902973391,-0.1983071685339509,-0.0030175621148579965,-0.002817170517755897,-4.990007109200829,0,0.5323907601791723
43.93791999999312,-2.1427716418722635,0.49225659497958585,1.2726694668980807,0.005334381334957116,-0.008831695000303192,-0.004925438937713406,-2.5898608259595397,0.4307747036317108,1.6236585949755689,0.1781102999549015,0.06641736450946713,0.022938407395494846,-2.3077552173291234,0.36200538365323764,1.2823762230601046,0.09696983593186195,0.008869065420993229,-0.004370252729217612,0.09000117304571391,0.09000117304571391,0.0,0.13208578182629574,0.5254351017357761,-0.19827507161683117,-0.003018818601220585,-0.0028149867124269137,-4.989948742640328,0,0.5324170907135471
43.94207999999312,-2.1427493942870783,0.4922198157172715,1.2726489748423029,0.005339420444452813,-0.008827022955435648,-0.004918093386666295,-2.380069318101114,0.3713800460648371,1.105981999537887,0.06172091864054744,-0.0796129696491171,0.20245693738780052,-2.3437846577688917,0.3665272513188465,1.194598428473167,0.07947349255192973,-0.03539683295199455,0.0992960325997138,0.09000117304571391,0.09000117304571391,0.0,0.13205343987111254,0.5254625219338724,-0.1982430247405531,-0.0030200780100068676,-0.002812808213456213,-4.989890357575559,0,0.5324434041897478
43.94623999999312,-2.1427271256928564,0.49218305586315686,1.2726285133495954,0.0053444626132961295,-0.008822364987518034,-0.004910758249829385,-2.376755510495594,0.6352500124957589,1.8121088470267255,-0.10251782905490125,0.15149085886048688,-0.07038215405581769,-2.3604829071242777,0.501204397146892,1.5032111778091242,-0.01181913424513618,0.058617694723202565,0.01465442446229661,0.09000117304571391,0.09000117304571391,0.0,0.1320210707784615,0.52548995092274,-0.19821102783002367,-0.003021340345570415,-0.0028106350143485776,-4.989831953952345,0,0.53246970065197
43.95039999999312,-2.1427048360767764,0.4921463153586448,1.2726080823766226,0.005349507859213475,-0.008817721082893599,-0.004903433513464715,-1.7247139818138522,0.8028050068183845,0.7340673440790958,-0.16072464991324725,-0.010006205651624842,0.03572794015455484,-2.0429286510628053,0.6519858413621274,1.1187079382598113,-0.08609273133684486,0.024386324595412862,0.025311815714047923,0.09000117304571391,0.09000117304571391,0.0,0.1319886744998661,0.5255173887337006,-0.19817908080989327,-0.0030226056122819854,-0.0028084671086257545,-4.989773531716452,0,0.532495980144368
43.954559999993116,-2.1426825254259434,0.49210959414519506,1.2725876818801065,0.0053545561999647886,-0.008813091227927495,-0.004896119163841192,-1.9566909448527658,0.7623448779068236,1.1855224849744845,0.15592242236490975,-0.1153455129581184,0.03716811086589479,-1.9994873644377338,0.7069249657460868,1.152192417834903,0.036093772047969576,-0.04486921395262177,0.03151323618028559,0.09000117304571391,0.09000117304571391,0.0,0.13195625098698957,0.5255448353979127,-0.19814718360562544,-0.003023873814529247,-0.002806304489821312,-4.989715090813585,0,0.5325222427110543
43.958719999993114,-2.1426601937273877,0.4920728921643241,1.2725673118168264,0.005359607653337193,-0.008808475409038334,-0.004888815187225615,-2.2061653032156388,0.26136949646561386,1.546788001281323,-0.055298917053529746,-0.06726873263358668,-0.11783022510374237,-2.1029432465877123,0.48400531782161055,1.3492488996928715,-0.009382079709880453,-0.056606794260508374,-0.043635735749608294,0.09000117304571391,0.09000117304571391,0.0,0.13192380019099353,0.5255722909467448,-0.19811533614264204,-0.0030251449567171526,-0.002804147151484487,-4.989656631189395,0,0.5325484883960997
43.96287999999311,-2.1426378409680664,0.49203620935760456,1.2725469721436184,0.005364662237145912,-0.008803873612688431,-0.004881521569885257,-1.893151984614757,0.0837443476040805,1.1373785730855097,0.15447349849522976,-0.14875958054691302,0.03015156385425074,-1.9977241007994857,0.2835632782980029,1.2433762406941558,0.07217632225254188,-0.1029956063714296,-0.007358668318829588,0.09000117304571391,0.09000117304571391,0.0,0.1318913220636069,0.5255997554114025,-0.1980835383463226,-0.0030264190432677616,-0.002801995087180189,-4.989598152789471,0,0.5325747172435337
43.96703999999311,-2.142615467134861,0.4919995456666655,1.2725266628173764,0.005369719969238381,-0.00879928582538044,-0.004874238298088582,-1.9359343998327956,0.6506783728923692,1.5305499593018896,0.09368595274578045,0.1632512639085227,-0.07429901156825389,-1.9666348720183098,0.4674616806505799,1.3868110846709623,0.08337123207955355,0.030722274549949632,-0.041072168483353856,0.09000117304571391,0.09000117304571391,0.0,0.1318588165554155,0.5256272288232482,-0.19805179014243207,-0.0030276960786207547,-0.002799848290488128,-4.989539655559345,0,0.5326009292973439
43.97119999999311,-2.14259307221458,0.49196290103319185,1.272506383795051,0.005374780867487684,-0.008794712033666878,-0.004866965358102389,-2.0319560778385024,0.4700744670556986,1.3755904474126057,0.09983239888576168,0.1166511957310365,-0.004148544172037494,-1.9990870126554625,0.4690108288993549,1.381192316356188,0.09098967846260184,0.07363042553004288,-0.02273662214801066,0.09000117304571391,0.09000117304571391,0.0,0.13182628361778548,0.5256547112137491,-0.19802009145690722,-0.0030289760672329506,-0.0027977067550045806,-4.989481139444491,0,0.5326271246014777
43.97535999999311,-2.1425706561939557,0.4919262753989247,1.27248613503365,0.0053798449498041,-0.008790152224120308,-0.004859702736203044,-1.9640890546585386,0.3304827123662993,1.5853074131488527,0.2096470075448412,0.1304684938322787,0.030155885959044955,-1.9811504689886332,0.4000172399299767,1.483312533261733,0.14970484785761984,0.10201313695535294,0.004419400615552011,0.09000117304571391,0.09000117304571391,0.0,0.13179372320158136,0.5256822026141554,-0.19798844221542836,-0.003030259013578645,-0.0027955704743369064,-4.989422604390322,0,0.5326533031998403
43.97951999999311,-2.142548219059647,0.4918896687056606,1.272465916490239,0.005384912234122073,-0.008785606383380279,-0.004852450418657294,-2.0507827054763994,0.5499075991723813,1.1173622415005888,-0.21781837407998075,0.05216485269195874,-0.039463385356155026,-2.0164189616385366,0.4750699580799473,1.300252484644855,-0.0345952105023414,0.07805948641522242,-0.017394497657898432,0.09000117304571391,0.09000117304571391,0.0,0.13176113525737915,0.525709703055876,-0.197956842344703,-0.0030315449221498428,-0.0027934394421105574,-4.989364050342191,0,0.5326794651362963
43.98367999999311,-2.142525760798237,0.4918530808952517,1.2724457281219401,0.005389982738406121,-0.00878107449812787,-0.004845208391735363,-2.8379200589742686,0.25994128957976714,1.4668684018774734,0.10706658647417522,-0.11186210123682128,0.17521632494138578,-2.4269521829912106,0.36727216611037794,1.383925952383096,0.03604372457624651,-0.017234181451618914,0.07894745400069733,0.09000117304571391,0.09000117304571391,0.0,0.13172851973567978,0.5257372125705844,-0.19792529177075519,-0.0030328337974561163,-0.002791313651967358,-4.989305477245393,0,0.5327056104546694
43.987839999993106,-2.142503281396234,0.4918165119096056,1.272425569885933,0.005395056480657206,-0.008776556555061099,-0.004837976641716382,-2.023663481312309,-0.19258515737783155,1.0909642124096113,-0.1415183170437628,-0.06926323853050392,0.006545532330000365,-2.22559994145063,0.08719566002193167,1.2374582755454164,-0.0524483339035408,-0.04331210621724536,0.041968020748328234,0.09000117304571391,0.09000117304571391,0.0,0.13169587658712303,0.525764731189471,-0.19789379042020777,-0.0030341256440244097,-0.0027891930975595803,-4.989246885045162,0,0.532731739198742
43.991999999993105,-2.1424807808400717,0.49177996169068494,1.2724054417394544,0.005400133478898271,-0.008772052540959642,-0.004830755154866472,-1.8457015622201185,0.5966257825517525,1.2507419359532106,-0.04495016952392569,-0.14368949243170265,0.10908465828669664,-2.035743373310155,0.3416152134553135,1.2443279867122188,-0.04784154991406259,-0.09339695829820091,0.07509164856992345,0.09000117304571391,0.09000117304571391,0.0,0.13166320576206023,0.5257922589442591,-0.1978623382196414,-0.0030354204663996963,-0.0027870777725602213,-4.989188273686672,0,0.5327578514122563
43.996159999993104,-2.1424582591161085,0.49174343018050737,1.2723853436397983,0.005405213751190326,-0.008767562442617692,-0.0048235439174625595,-1.8871399384470653,0.47334546230674435,0.9683115709086432,0.043139775829708855,-0.09835832296536925,-0.13627413872172822,-1.9613505830593814,0.4072775850956053,1.1060344025525242,-0.002502638731473782,-0.0963138671255988,-0.03057839516871502,0.09000117304571391,0.09000117304571391,0.0,0.13163050721076755,0.5258197958664028,-0.19783093509623617,-0.0030367182691447264,-0.0027849676706543517,-4.989129643115035,0,0.5327839471389136
44.0003199999931,-2.1424357162106267,0.4917069173211454,1.2723652755443158,0.005410297315625417,-0.008763086246874306,-0.004816342915783205,-2.4228398520803376,0.1463558143164141,1.4786557091015857,0.09151911170304858,-0.06809177573369571,-0.02802015596912101,-2.1919091167342475,0.2766728588283079,1.2922889384301972,0.0449960342258062,-0.08201894246881614,-0.029086091397483232,0.09000117304571391,0.09000117304571391,0.0,0.13159778088280435,0.525847341987462,-0.19779958097670228,-0.0030380190568402056,-0.0027828627855410173,-4.989070993275304,0,0.5328100264223748
44.0044799999931,-2.1424131521098335,0.49167042305472614,1.2723452374104154,0.0054153841903227485,-0.008758623940619912,-0.004809152136103339,-2.5230680797233376,0.6338998013771541,1.2980726000892917,-0.159125003281378,-0.17649158436116133,-0.041564836321902644,-2.3578209623868003,0.45492162279688647,1.2950941232315833,-0.057497878913134126,-0.1291964997117787,-0.035212702502786956,0.09000117304571391,0.09000117304571391,0.0,0.13156502672850934,0.5258748973391554,-0.19776827578856285,-0.0030393228340844934,-0.0027807631109356586,-4.989012324112468,0,0.5328360893062603
44.0086399999931,-2.142390566799861,0.4916339473234312,1.2723252291955625,0.005420474393436045,-0.008754175510782725,-0.004801971564701965,-2.3289719486126077,0.09487123309061901,1.192296809168945,0.2834809380395492,0.10966685951630904,0.031187442645609156,-2.3428070115645774,0.27512166491947027,1.2437594501713765,0.11315725339262234,-0.009613037117172235,-0.0019372142629434518,0.09000117304571391,0.09000117304571391,0.0,0.13153224469771876,0.5259024619529867,-0.19773701945887112,-0.003040629605494119,-0.0027786686405683082,-4.988953635571458,0,0.5328621358341501
44.0127999999931,-2.1423679602667645,0.4915974900694965,1.2723052508572796,0.005425567943152491,-0.008749740944328507,-0.004794801187859998,-2.027204289109224,0.5093226249406086,1.7606078939190917,0.19034272523154377,-0.018350112577183813,-0.02933179827056464,-2.184607022832093,0.39218622771709455,1.5021253115698487,0.15149898091948436,-0.014275129164158955,-0.01516738493998635,0.09000117304571391,0.09000117304571391,0.0,0.13149943473955147,0.5259300358606727,-0.1977058119152792,-0.003041939375703822,-0.002776579368182707,-4.988894927597141,0,0.5328881660495839
44.0169599999931,-2.1423453324965243,0.49156105123521193,1.2722853023531469,0.005430664857682284,-0.008745320228292542,-0.004787640991849671,-1.7544919287569725,0.33184823045439005,1.3940469426137163,0.12028734726698738,-0.07530347935067247,-0.10074620063858149,-1.9692968255043384,0.3618603194965561,1.4478753621749223,0.13616136023191525,-0.04485351932691849,-0.05773038360478198,0.09000117304571391,0.09000117304571391,0.0,0.13146659680411935,0.5259576190938757,-0.19767465308561094,-0.003043252149366307,-0.0027744952875425857,-4.988836200134322,0,0.5329141799960615
44.0211199999931,-2.1423226834750437,0.4915246307629214,1.272265383640801,0.005435765155277603,-0.008740913349724355,-0.004780490962955713,-2.5769051311278544,0.7085011756587603,1.2930855808639683,0.045664895425205444,0.07712402560639503,-0.030590864682911056,-2.2730099935852413,0.5353443825601567,1.3704157063195181,0.09079639729037935,0.015745836039585126,-0.04413641843209199,0.09000117304571391,0.09000117304571391,0.0,0.13143373084017582,0.5259852116844713,-0.19764354289764807,-0.003044567931152745,-0.002772416392423145,-4.988777453127743,0,0.5329401777170427
44.025279999993096,-2.142300013188151,0.4914882285950226,1.2722454946779367,0.005440868854220216,-0.00873652029571672,-0.004773351087463166,-2.193917152424565,0.03647285857287397,1.4123761783914188,0.044663286381053505,-0.04725131275156982,0.04298798951686602,-2.233370396672,0.2858078977782385,1.3914841186637035,0.06786524239033791,-0.016253304457246796,0.00015640935076639318,0.09000117304571391,0.09000117304571391,0.0,0.1314008367974669,0.5260128136640143,-0.19761248127955752,-0.0030458867257522233,-0.002770342676613054,-4.988718686522085,0,0.5329661592559473
44.029439999993095,-2.142277321621598,0.4914518446739667,1.2722256354223047,0.005445975972822087,-0.008732141053424295,-0.004766221351651849,-2.4971930624247527,0.44706478592449655,1.3000958808870144,-0.03669531729042418,-0.025517782095948613,0.07936129644424124,-2.3653602211258495,0.3663846244657212,1.3459547738134194,0.015745660973257317,-0.02099576685975139,0.03958821316070391,0.09000117304571391,0.09000117304571391,0.0,0.1313679146248077,0.5260404250644864,-0.19758146815924985,-0.003047208537872604,-0.0027682741339190037,-4.988659900261965,0,0.5329921246561553
44.03359999999309,-2.1422546087610583,0.49141547894225823,1.2722058058317138,0.005451086529431916,-0.00872777561002369,-0.004759101741809136,-2.5053008207414362,0.701328684922635,1.2796274622072104,0.03437175356424557,-0.09751367902227509,0.16626056979515072,-2.435259523331401,0.5336561974853054,1.3131357782920836,0.02482450739306913,-0.05926167360515131,0.10324938061539446,0.09000117304571391,0.09000117304571391,0.0,0.13133496427093655,0.5260680459175489,-0.1975505034654486,-0.0030485333722400244,-0.002766210758159955,-4.988601094291935,0,0.533018073961007
44.03775999999309,-2.1422318745921314,0.49137913134245503,1.2721860058640295,0.005456200542423606,-0.008723423952762877,-0.0047519922442144855,-1.8832020944086283,0.8816752794639066,1.4872671982670473,0.030084062281991224,-0.16986503750947482,-0.03441208250281918,-2.1591650828246762,0.7073154315689919,1.4001302118469907,0.02779579621249758,-0.11483139827267291,0.034869244317951006,0.09000117304571391,0.09000117304571391,0.0,0.1313019856849428,0.5260956762552369,-0.19751958712640738,-0.003049861233599124,-0.002764152543174395,-4.988542268556487,0,0.5330440072138032
44.04191999999309,-2.1422091191003387,0.49134280181716794,1.2721662354771748,0.005461318030213587,-0.008719086068899654,-0.0047448928451596,-2.1421891063158305,0.1678081965350161,0.9477935824305352,0.02193297003494682,0.017510695478864656,-0.06519131272000304,-2.150633355822145,0.4375931691578933,1.173822331749209,0.02582642378057394,-0.048047848956902776,-0.014767971855413793,0.09000117304571391,0.09000117304571391,0.0,0.13126897881541202,0.5261233161093192,-0.19748871907119275,-0.0030511921267131325,-0.0027620994828111926,-4.988483423000047,0,0.5330699244578053
44.04607999999309,-2.1421863422711254,0.4913064903090606,1.2721464946291292,0.0054664390112459755,-0.008714761945756737,-0.004737803530930751,-2.3459889422897464,0.503647167739085,1.488560585428389,-0.06832985047779828,-0.009349091546420994,-0.07332751482732745,-2.2484544100778794,0.4706016134928362,1.3310384469472265,-0.021356317428421184,-0.028907067532432627,-0.04274817661402816,0.09000117304571391,0.09000117304571391,0.0,0.1312359436108529,0.5261509655117784,-0.19745789922818724,-0.003052526056364058,-0.0027600515709364374,-4.988424557566976,0,0.5330958257362352
44.05023999999309,-2.1421635440898585,0.49127019676084943,1.27212678327793,0.005471563504002376,-0.008710451570684053,-0.004730724287819248,-2.376861751549085,0.19927978299836246,1.1600454139172258,-0.1832169652210079,-0.19307162193434568,-0.07330360145995914,-2.3130389646624985,0.33453682407421714,1.245388977390943,-0.10280550981428986,-0.11079023260046536,-0.058366692689062576,0.09000117304571391,0.09000117304571391,0.0,0.13120288001926939,0.526178624494491,-0.19742712752679986,-0.0030538630273526076,-0.0027580088014290726,-4.988365672201572,0,0.5331217110922752
44.05439999999309,-2.1421407245418296,0.4912339211153031,1.2721071013816712,0.0054766915269872495,-0.008706154931112564,-0.00472365510210489,-2.104716464888422,0.14519548626865508,1.7070822777810624,-0.1259904733470588,-0.025651001426075445,0.15338905958265528,-2.2091378574058638,0.23981217087357135,1.476555647604053,-0.11461584332720949,-0.06855974317354672,0.04858213960552769,0.09000117304571391,0.09000117304571391,0.0,0.13116978798944362,0.526206293089655,-0.19739640389618376,-0.0030552030444982673,-0.002755971168189872,-4.988306766848067,0,0.5331475805690695
44.058559999993086,-2.1421178836122516,0.4911976633152429,1.2720874488985041,0.005481823098756752,-0.008701872014454038,-0.004716595960091731,-2.508737793235413,0.7905141046131701,1.1348269824075035,-0.03230238519870099,-0.027031418728979732,-0.03697889941699229,-2.359008166545919,0.5151107818230536,1.3056123776809976,-0.07295625271537716,-0.04780550600364996,0.005629689611845375,0.09000117304571391,0.09000117304571391,0.0,0.13113666746901192,0.5262339713291492,-0.1973657282656634,-0.0030565461126394215,-0.0027539386651250757,-4.98824784145063,0,0.5331734342097222
44.062719999993085,-2.1420950212862606,0.491161423303542,1.2720678257866371,0.005486958237888152,-0.008697602808208776,-0.004709546848067886,-1.9894614243501123,0.2820866710434929,0.9801022263164398,-0.16639079716587502,-0.07259114621278483,-0.2018619433331037,-2.1745791026613093,0.3984461169964032,1.1424340838435239,-0.11928042518734605,-0.06020088352520156,-0.09758670092299736,0.09000117304571391,0.09000117304571391,0.0,0.13110351840596046,0.5262616592449596,-0.19733510056473433,-0.0030578922366333965,-0.0027519112861606096,-4.988188895953362,0,0.5331992720572987
44.066879999993084,-2.1420721375489147,0.4911252010231257,1.2720482320043358,0.005492096962992956,-0.008693347299922041,-0.004702507752321949,-2.394417231005111,0.0587935918814419,1.2459187782030325,0.015019253185948888,-0.10406841926428807,-0.0637429648415922,-2.2844686163132737,0.22840157396111552,1.194044378370855,-0.05206668154177942,-0.08239895853837928,-0.0805740652662409,0.09000117304571391,0.09000117304571391,0.0,0.1310703407479841,0.5262893568692879,-0.1973045207232775,-0.003059241421356634,-0.0027498890252400966,-4.9881299303003,0,0.5332250941548254
44.07103999999308,-2.142049232385195,0.4910889964169708,1.2720286675099226,0.0054972392927196785,-0.00868910547717058,-0.004695478659148775,-2.118915081309742,0.4280811491824465,1.3938636003285094,-0.09169813070067204,0.08413619761522567,0.024380996110897384,-2.2018821613054387,0.32841688066117036,1.294006644133709,-0.07152332429750333,0.0012806226613220992,-0.02836520595591101,0.09000117304571391,0.09000117304571391,0.0,0.13103713444312792,0.5263170642344445,-0.19727398867091744,-0.003060593671704569,-0.0027478718763211244,-4.988070944435414,0,0.5332509005452912
44.07519999999308,-2.1420263057800044,0.49105280942810603,1.2720091322617775,0.005502385245760283,-0.008684877327546294,-0.00468845955485376,-1.915121226475772,0.8994628733587877,1.0994141759186364,-0.012337778723470378,0.047346596445526065,0.06516927337467839,-2.0585250155619854,0.6140428195511951,1.1968452483874124,-0.04209491138162103,0.024086056643964193,0.01808358682102739,0.09000117304571391,0.09000117304571391,0.0,0.13100389943829044,0.52634478137226,-0.19724350433809168,-0.0030619489925919193,-0.002745859833369896,-4.988011938302607,0,0.5332766912716449
44.07935999999308,-2.142003357718168,0.49101663999961126,1.271989626218337,0.005507534840824222,-0.008680662838745258,-0.004681450425722734,-2.1676238557936096,0.24380073789194678,1.1350382411437177,-0.052860502535664926,-0.006236284237002058,-0.14584933964690033,-2.113185346240362,0.42890631988039984,1.1656385785409384,-0.047381409107870816,0.00887719815467055,-0.06417466470606706,0.09000117304571391,0.09000117304571391,0.0,0.1309706356813609,0.5263725083152088,-0.19721306765455354,-0.0030633073889526777,-0.0027438528903770947,-4.987952911845719,0,0.5333024663767975
44.08351999999308,-2.141980388184432,0.49098048807461775,1.271970149338095,0.005512688096672855,-0.008676461998448277,-0.004674451258062636,-1.7113908378227238,0.9926621288956063,1.5984884722312798,-0.04325745525975042,0.06792948595129018,-0.016907304069533117,-1.9123752100498885,0.7109286818089215,1.3820294040081333,-0.04534117884945528,0.03877404239409859,-0.03959024919804556,0.09000117304571391,0.09000117304571391,0.0,0.13093734311908187,0.5264002450952858,-0.19718267855086877,-0.0030646688657402286,-0.0027418510413409684,-4.987893865008519,0,0.5333282259036212
44.08767999999308,-2.141957397163465,0.49094435359630767,1.2719507015796028,0.00551784503209048,-0.008672274794422612,-0.004667462038166582,-2.344696908666063,0.179528923642351,1.3915171209050599,0.07705337809586212,-0.06376544399870043,0.0035227075849166394,-2.128379921419173,0.4450927470792805,1.3867815919124338,0.016379919678148853,-0.012630064783299266,-0.01848656295369715,0.09000117304571391,0.09000117304571391,0.0,0.13090402169854487,0.52642799174513,-0.197152336957775,-0.00306603342792736,-0.00273985428028003,-4.98783479773471,0,0.5333539698949505
44.09183999999308,-2.141934384639857,0.49090823650791415,1.271931282901468,0.00552300566590562,-0.008668101214444238,-0.004660482752342333,-1.6805496017362564,0.7373215035856118,1.0248987994256618,0.052151976494998996,0.02107294521922773,0.07656596931547985,-1.9043526451988115,0.5912531835171219,1.2059974130227669,0.034019345779807544,0.004131672394168923,0.028795781077891987,0.09000117304571391,0.09000117304571391,0.0,0.13087067136676322,0.5264557482966346,-0.19712204280553924,-0.003067401080506137,-0.0027378626012232905,-4.987775709967927,0,0.5333796983935812
44.095999999993076,-2.1419113505981193,0.49087213675272096,1.2719118932623559,0.005528170016973868,-0.008663941246370595,-0.004653513386883426,-2.110790473717405,0.6169604504553765,1.7238106021413755,0.11419686822628695,0.05211927721131174,-0.07512669737110456,-2.0073356684357164,0.6042149848723417,1.4647505830875176,0.07419462086390295,0.028323672808066733,-0.022780609393094002,0.09000117304571391,0.09000117304571391,0.0,0.13083729207045816,0.5264835147824969,-0.1970917960254549,-0.0030687718284884927,-0.0027358759982203146,-4.98771660165174,0,0.5334054114422715
44.100159999993075,-2.141888295022685,0.49083605427406235,1.271892532620989,0.005533338104196656,-0.008659794878061889,-0.004646553928101285,-1.5437443020951722,0.6206272784055514,1.5519929794228027,0.09505336967083128,0.010763697170236713,-0.03192610737630135,-1.7753393979841783,0.6124459521664412,1.5083055385865876,0.08479813489748975,0.018430464938959334,-0.027137467567554724,0.09000117304571391,0.09000117304571391,0.0,0.13080388375627228,0.5265112912348292,-0.19706159654855976,-0.0030701456769058485,-0.0027338944653300884,-4.987657472729646,0,0.533431109083741
44.10431999999307,-2.1418652178979083,0.49079998901532296,1.271873200936146,0.005538509946504862,-0.008655662097450691,-0.004639604362298164,-2.5379449765978492,0.06908987975244035,1.5857156083280481,0.04729553202988176,-0.03216575618863575,-0.009027154255507298,-2.1565507334330944,0.34069765898803633,1.5469912874179523,0.06681047108098584,-0.00708030004048286,-0.017577870529781277,0.09000117304571391,0.09000117304571391,0.0,0.13077044637055565,0.5265390776863349,-0.1970314443056343,-0.0030715226308095558,-0.0027319179966297444,-4.987598323145078,0,0.5334567913606724
44.10847999999307,-2.141842119208063,0.4907639409199375,1.2718538981666636,0.005543685562867544,-0.008651542892503706,-0.004632664675779008,-2.2418842905575542,0.4190016499878687,1.8016085963398272,-0.07199011927453697,-0.1507866469236724,0.06506502731007728,-2.199367714173227,0.37953770262477127,1.6744357622795722,-0.0026445545621670134,-0.07946860586277003,0.024360803032374326,0.09000117304571391,0.09000117304571391,0.0,0.13073697985936533,0.526566874169186,-0.19700133922848564,-0.0030729026952707123,-0.0027299465862110923,-4.987539152841398,0,0.5334824583157092
44.11263999999307,-2.141818998937345,0.4907279099313907,1.2718346242714351,0.005548864972288246,-0.008647437251236713,-0.0046257348548502785,-2.2177504696711563,0.11661013237205925,0.7775225815758797,0.20094533406095472,0.08990816239337263,-0.014217887420107161,-2.2081398839690327,0.24825841580451566,1.2259434954696808,0.0984756618279126,0.005530246147500229,0.004990995662721134,0.09000117304571391,0.09000117304571391,0.0,0.13070348416910677,0.5265946807161457,-0.19697128124845092,-0.0030742858753801698,-0.002727980228181974,-4.987479961761899,0,0.5335081099914589
44.11679999999307,-2.1417958570698707,0.490691895993217,1.271815379209411,0.005554048193812644,-0.008643345161691834,-0.004618814885825067,-1.8918044917811339,0.24854792344488622,1.3744354681983082,0.03909611610542978,-0.1936570397362957,-0.011894431484086872,-2.0498891205480323,0.24800031300948566,1.3001656809410447,0.06901328243209998,-0.09402293730931763,-0.0034026054649761014,0.09000117304571391,0.09000117304571391,0.0,0.13066995924567898,0.5266224973595534,-0.19694127029725192,-0.0030756721762487723,-0.002726018916662148,-4.987420749849804,0,0.5335337464304905
44.12095999999307,-2.141772693589677,0.4906558990490004,1.2717961629395984,0.0055592352465179155,-0.008639266611976289,-0.004611904755010092,-1.872399250572165,0.46508270051709566,1.4495314352098465,0.18204975578748045,0.02300172066275625,9.697257392719903e-05,-1.9607635080631465,0.35659003851591475,1.3748499541011254,0.12515052059176535,-0.035118911367487494,-0.0017247528394389428,0.09000117304571391,0.09000117304571391,0.0,0.1306364050349014,0.5266503241320193,-0.19691130630678166,-0.0030770616030075327,-0.0027240626457892742,-4.987361517048267,0,0.5335593676753355
44.12511999999307,-2.1417495084807205,0.49061991904237445,1.2717769754210622,0.005564426149518972,-0.008635201590238908,-0.004605004448714263,-1.8947558593056204,0.5562506420357148,1.7388814504547987,-0.07801215134866284,-0.051314736227191814,0.17461951398291586,-1.927921028630519,0.45631512047582234,1.5572310525425301,0.02336284139742371,-0.04327167769520577,0.08662869414076284,0.09000117304571391,0.09000117304571391,0.0,0.130602821482514,0.5266781610662643,-0.19688138920910433,-0.0030784541608076385,-0.0027221114097170573,-4.987302263300373,0,0.5335849737684887
44.12927999999307,-2.141726301726879,0.49058395591702175,1.2717578166129235,0.005569620921973595,-0.008631150084651453,-0.004598113953255664,-2.3654667946630004,0.669513252353644,1.2476994321037733,-0.19571354651496345,-0.09031023357464825,0.22309716533214505,-2.147103298337878,0.5627262016994272,1.4029275792785856,-0.08652364912205625,-0.06600230073462683,0.1546295069417234,0.09000117304571391,0.09000117304571391,0.0,0.13056920853374945,0.5267060081948535,-0.1968515189362412,-0.0030798498548204292,-0.0027201652026104424,-4.987242988549135,0,0.5336105647524073
44.133439999993065,-2.1417030733119495,0.49054800961667405,1.2717386864743612,0.005574819583070508,-0.008627112083451969,-0.004591233254944631,-1.6621272181313351,0.6221483790551304,0.8981404414116674,-0.015771750159052907,-0.024010560223794886,0.06779874030001809,-1.9046440235048534,0.5923870470814143,1.1506696893665371,-0.0514627988237261,-0.04466395537790067,0.11208910326500343,0.09000117304571391,0.09000117304571391,0.0,0.13053556613440176,0.5267338655504628,-0.19682169542081238,-0.0030812486902374366,-0.0027182240186522186,-4.987183692737495,0,0.5336361406695117
44.137599999993064,-2.1416798232196492,0.49051208008511193,1.2717195849646108,0.005580022152040927,-0.008623087574911453,-0.00458436234009805,-1.5701479704200285,0.4128955632834564,1.429838948921837,-0.15695431771134336,0.09490026458590187,0.12007261433401166,-1.7377210099224223,0.5028373571053343,1.2905062989397784,-0.10377233359238477,0.02514859273954731,0.11594630487951293,0.09000117304571391,0.09000117304571391,0.0,0.13050189422911618,0.5267617331659329,-0.1967919185953956,-0.0030826506722708208,-0.0027162878520392737,-4.987124375808325,0,0.5336617015621848
44.14175999999306,-2.1416565514336154,0.49047616726616466,1.2717005120429647,0.005585228648151052,-0.008619076547347393,-0.004577501195033213,-1.8845620508100225,0.9358849360257001,1.7400774324288495,0.08281247236021157,0.14218791589818802,0.0009437235539320396,-1.8109713880932168,0.7196595915116153,1.5152953617625575,-0.009973652145262706,0.08382041471121224,0.059227823337926755,0.09000117304571391,0.09000117304571391,0.0,0.1304681927635265,0.5267896110738958,-0.19676218839231158,-0.0030840558061528715,-0.002714356696983746,-4.987065037704425,0,0.5336872474727735
44.14591999999306,-2.141633257937404,0.49044027110370997,1.2716814676687729,0.005590439090707625,-0.008615078989122798,-0.004570649806066802,-2.116663045328716,1.2092803580762608,0.7486173876823254,0.0121208094057014,-0.013163536818326813,0.11553060151331854,-1.9637930096048553,0.9644454044658376,1.1321923869933548,0.000526294725588231,0.03563116272329077,0.08685784308544661,0.09000117304571391,0.09000117304571391,0.0,0.1304344616819037,0.5268174993072017,-0.19673250474490744,-0.0030854640971367735,-0.0027124305477131175,-4.987005678368524,0,0.5337127784435868
44.15007999999306,-2.1416099427144912,0.4904043915416739,1.2716624518014417,0.00559565349905221,-0.008611094888649102,-0.0045638081595171616,-2.0962110260516367,0.4376040105399554,1.763303408221227,-0.003632015491371942,-0.04225514593043103,-0.06705562737323131,-2.0300091607752297,0.700934598668732,1.4476127440198432,-0.0021960186910366004,-0.004012494679662038,0.009957129374298546,0.09000117304571391,0.09000117304571391,0.0,0.13040070092950684,0.5268453978987058,-0.19670286758584632,-0.0030868755504960418,-0.002710509398471133,-4.986946297743278,0,0.533738294516898
44.15423999999306,-2.141586605748272,0.49036852852403073,1.2716434644004346,0.005600871892571589,-0.008607124234364542,-0.004556976241708955,-1.9121833228385687,0.6590869366867833,0.9218640403041685,0.031363850032467396,-0.0807015660670106,0.04692925546060513,-1.9710304262403993,0.6798435702364476,1.1848331055666756,0.014699483553519377,-0.04281002231142955,0.028065370006132306,0.09000117304571391,0.09000117304571391,0.0,0.13036691045065962,0.5268733068813756,-0.1966732768483894,-0.003088290171525069,-0.002708593243513538,-4.9868868957712715,0,0.5337637957349437
44.15839999999306,-2.141563247022061,0.4903326819948025,1.2716245054252724,0.005606094290686311,-0.008603167014768182,-0.004550154038962056,-2.2858984776025615,-0.004524892972202932,1.6677781736053754,-0.02101417995884389,-0.019159182088700655,0.08535478269843706,-2.128510687587055,0.33761418774117974,1.4264865904415382,-0.002999512853139777,-0.030740171597016197,0.056689104722461255,0.09000117304571391,0.09000117304571391,0.0,0.13033309018981853,0.5269012262879702,-0.1966437324659691,-0.0030897079655390312,-0.002706682077113125,-4.986827472395016,0,0.5337892821399237
44.16255999999306,-2.141539866519091,0.49029685189805916,1.2716055748355324,0.005611320712857429,-0.008599223218399054,-0.004543341537599842,-2.2899114714502087,0.32307301911987163,1.3514916425938817,0.04240061627382695,-0.10261216339277592,-0.060938266440750906,-2.2091241246107014,0.33012993284779746,1.3888630309094303,0.01974945190682952,-0.06660496360701866,-0.002688763899280617,0.09000117304571391,0.09000117304571391,0.0,0.13029924009114519,0.5269291561516284,-0.196614234371975,-0.003091128937874008,-0.002704775893557886,-4.98676802755695,0,0.5338147537740018
44.166719999993056,-2.1415164642225135,0.4902610381779182,1.2715866725908493,0.005616551178587344,-0.008595292833830662,-0.004536538723949875,-2.7893920299248363,0.6462662575264773,1.008162484654629,-0.12335536898302463,0.15040881213786672,-0.11014034412192093,-2.4995177846358896,0.4885126827247687,1.1982815489916996,-0.05224031902441056,0.04211430652291858,-0.05666918936825197,0.09000117304571391,0.09000117304571391,0.0,0.13026536009872,0.5269570965052273,-0.19658478250039535,-0.003092553093886903,-0.002702874687148979,-4.986708561199438,0,0.5338402106793054
44.170879999993055,-2.141493040115399,0.4902252407785444,1.2715677986509146,0.005621785707410593,-0.008591375849711327,-0.004529745584331043,-2.0009364974223462,0.5889765988456008,1.4517996699124913,-0.008572115757276611,-0.21997944897852756,-0.22986284913812813,-2.2502417511131503,0.5382877737781863,1.3245625223909845,-0.030279595046496,-0.08890659094946236,-0.14241202083858456,0.09000117304571391,0.09000117304571391,0.0,0.13023145015654208,0.5269850473819707,-0.19655537678474788,-0.003093980438955814,-0.0027009784522079934,-4.986649073264772,0,0.5338656528979261
44.175039999993054,-2.141469594180737,0.49018945964414984,1.2715489529754769,0.005627024318912814,-0.00858747225468878,-0.004522962105078805,-2.4103907707928234,0.3125246072244504,1.0917256421185597,0.11892758565019396,-0.15553770341297118,0.029153391812187034,-2.330070489276785,0.4250800906905742,1.2082038980961594,0.04454217182645404,-0.12173409329519592,-0.05702828466294843,0.09000117304571391,0.09000117304571391,0.0,0.1301975102085293,0.5270130088147482,-0.19652601715936263,-0.0030954109784797814,-0.0026990871830650373,-4.986589563695169,0,0.5338910804719192
44.17919999999305,-2.141446126401434,0.4901536947189936,1.2715301355243414,0.0056322670327116275,-0.008583582037491206,-0.0045161882725180185,-2.0205908402268618,0.8871374810832373,1.4833169468288225,0.16388439341508848,-0.012532719821048137,0.045773848221688854,-2.1749874297948395,0.6560858375350735,1.345857945638172,0.10411207022078164,-0.06708562717343812,-0.005821228982792552,0.09000117304571391,0.09000117304571391,0.0,0.13016354019809032,0.5270409808368829,-0.19649670355809906,-0.003096844717879366,-0.0026972008740694287,-4.986530032432772,0,0.5339164934433045
44.18335999999305,-2.1414226367603155,0.4901179459473817,1.2715113462573706,0.005637513868469997,-0.008579705186866663,-0.004509424072982447,-1.7768473517750285,0.16961349720533253,1.012820316628563,-0.022474673682522872,0.12689806053319108,-0.009802513567887541,-1.975961702172771,0.4131120339784533,1.1793175535667733,0.04099542859213007,0.02901559243856929,-0.008360637971085324,0.09000117304571391,0.09000117304571391,0.0,0.13012954006876562,0.5270689634814372,-0.19646743591562893,-0.0030982816625962305,-0.002695319519582657,-4.9864704794196495,0,0.5339418918540658
44.18751999999305,-2.1413991252401243,0.4900822132736665,1.271492585134484,0.005642764845886108,-0.008575841691631413,-0.004502669492799794,-2.2511914611812776,0.5849629366216609,0.8283812900954568,0.033513274800536896,-0.12442449494903349,0.003887415242565118,-2.113509833499597,0.4987805677094079,1.0038540561401181,0.03775131545061816,-0.04802122340843763,-0.0017586108849147256,0.09000117304571391,0.09000117304571391,0.0,0.1300955097635861,0.527096956781694,-0.1964382141663676,-0.0030997218180935943,-0.0026934431139847225,-4.986410904597795,0,0.5339672757461512
44.19167999999305,-2.1413755918235213,0.49004649664224725,1.2714738521156577,0.0056480199847034505,-0.008571991540623176,-0.004495924518307243,-2.376172190403386,-0.1529565151573225,1.8839373519977993,-0.014201494321831386,-0.07881595974990468,0.09249917374153957,-2.2448725057918533,0.172743721884957,1.4440951328240472,0.011834574457637876,-0.06350847645393057,0.04494361534591293,0.09000117304571391,0.09000117304571391,0.0,0.13006144922592788,0.5271249607708361,-0.1964090382446867,-0.0031011651898558675,-0.002691571651667767,-4.986351307909127,0,0.5339926451614735
44.19583999999305,-2.141352036493085,0.4900107959975692,1.271455147160925,0.005653279304703522,-0.008568154722741054,-0.004489189135835837,-2.3363631076173217,0.30078383807002373,1.3182290204328546,0.01600056375540409,-0.00844550397090935,0.009883284417573837,-2.290586061292002,0.2367466995026119,1.3811799155666387,0.014347695362602976,-0.03578335524149171,0.028299116562977636,0.09000117304571391,0.09000117304571391,0.0,0.13002735839865756,0.5271529754822676,-0.19637990808598446,-0.0031026117833892197,-0.0026897051270409764,-4.986291689295486,0,0.5340180001419098
44.19999999999305,-2.1413284592313113,0.4899751112841237,1.2714364702303762,0.0056585428257111955,-0.008564331226918367,-0.004482463331723985,-2.2167045779828354,-0.0967259762576948,1.2959453128925649,0.011793802594512945,0.08587776130814251,0.21816690611885214,-2.253621030820116,0.07018799954513759,1.3390159697294703,0.013435836057970317,0.0243911770526721,0.12313858364855773,0.09000117304571391,0.09000117304571391,0.0,0.12999323722477302,0.5271810009492922,-0.19635082362497497,-0.003104061604221428,-0.002687843534527517,-4.986232048698639,0,0.5340433407293025
44.204159999993045,-2.141304860020613,0.48993944244644816,1.2714178212841583,0.005663810567594196,-0.008560521042131052,-0.004475747092311045,-2.2164605797446195,0.8223652223027224,1.5036679999026472,-0.00652729871175305,-0.16650250887457596,0.09197603590291892,-2.2350548144231563,0.44593397984683825,1.4215357677927558,0.0037885641791548887,-0.07028658574519356,0.10692298803730495,0.09000117304571391,0.09000117304571391,0.0,0.12995908564633424,0.527209037205275,-0.19632178479675633,-0.0031055146579021522,-0.002685986868564651,-4.986172386060276,0,0.5340686669654579
44.208319999993044,-2.14128123884332,0.4899037894291256,1.2713992002824752,0.005669082550255384,-0.008556724157416958,-0.004469040403930942,-1.6035888887422125,0.7750098512587646,1.1170801181685701,-0.11612445803900748,0.037949968684904606,-0.22418467333221676,-1.9195587284271616,0.6105540998525748,1.2688401954216666,-0.05627566200749548,-0.01663047509344881,-0.058936845502287255,0.09000117304571391,0.09000117304571391,0.0,0.12992490360638695,0.527237084283642,-0.1962927915368113,-0.0031069709500026236,-0.0026841351236079384,-4.98611270132201,0,0.5340939788921478
44.21247999999304,-2.14125759568168,0.4898681521767846,1.271380607185588,0.005674358793645461,-0.008552940561844647,-0.004462343252924795,-1.8672537793441877,0.4472560415046247,0.7998682133804825,-0.005157236885712922,-0.1665971818839987,-0.00026368345392830013,-1.8934165381154657,0.528558310942488,1.0343512609025185,-0.03075658617978736,-0.09203709568267171,-0.030030320085102456,0.09000117304571391,0.09000117304571391,0.0,0.1298906910470394,0.5272651422179337,-0.19626384378057982,-0.0031084304861162494,-0.0026822882941266437,-4.986052994425377,0,0.5341192765511092
44.21663999999304,-2.141233930517856,0.4898325306340991,1.2713620419538145,0.005679639317758594,-0.008549170244519025,-0.004455655625637861,-1.7410379145875814,0.6459689030492325,1.483551824505799,-0.08229119046615452,0.021185545602993,-0.011998034962997905,-1.8173955496770737,0.5873093513143611,1.2589298048117108,-0.05737344619948588,-0.03584530054069173,-0.021051103915238376,0.09000117304571391,0.09000117304571391,0.0,0.12985644791010248,0.5272932110415921,-0.19623494146388631,-0.0031098932718583725,-0.0026804463746027693,-4.985993265311835,0,0.534144559984044
44.22079999999304,-2.141210243333928,0.4897969247457882,1.2713435045475294,0.00568492414262357,-0.008545413194616422,-0.004448977508407496,-2.1834536707875527,0.7141466063416517,0.9008116848690406,-0.11255484158936696,-0.02800389229113516,0.004291644338679569,-2.000660876558839,0.6506727891718845,1.0798789815259071,-0.08515581082859779,-0.03296855531342553,-0.009254608561880234,0.09000117304571391,0.09000117304571391,0.0,0.12982217413794483,0.5273212907883341,-0.1962060845222982,-0.0031113593128663398,-0.0026786093595378116,-4.985933513922766,0,0.5341698292326191
44.22495999999304,-2.1411865341118936,0.489761334456616,1.2713249949271646,0.005690213288322641,-0.008541669401320721,-0.004442308887585029,-2.2308215969608867,0.4101156708303545,1.2536629965494295,0.036350998563886364,0.03046363737841739,0.02758979246937848,-2.1156661383334288,0.530456429365672,1.166828103828549,-0.024939080571064295,-0.0015061595849265416,0.009880348081581477,0.09000117304571391,0.09000117304571391,0.0,0.12978786967221081,0.5273493814915113,-0.19617727289219528,-0.0031128286147997135,-0.0026767772434428227,-4.985873740199471,0,0.5341950843384673
44.22911999999304,-2.1411628028336644,0.48972575971139143,1.2713065130532082,0.0056955067749707555,-0.008537938853900494,-0.004435649749510168,-2.199029001618471,1.1241651852432533,1.272601024287205,-0.006313307545215552,0.13479351102796186,0.06209518888295144,-2.1573587640916627,0.8275948887723092,1.219844901472481,-0.016839438134635457,0.06684632047262444,0.03577233715347334,0.09000117304571391,0.09000117304571391,0.0,0.12975353445424678,0.5273774831850713,-0.19614850650927243,-0.0031143011833405397,-0.0026749500208494265,-4.9858139440831755,0,0.5342203253431864
44.23327999999304,-2.14113904948107,0.4896902004549679,1.2712880588862059,0.005700804622732298,-0.008534221541638194,-0.004429000080533185,-2.4861567260922777,0.13148163867308926,1.5283006053849335,-0.012194153185510237,-0.04412390317948919,-0.015132305438260904,-2.321785134832209,0.47944214273729396,1.3740429553277176,-0.01464908408195393,0.01111515273715336,0.010554921894949332,0.09000117304571391,0.09000117304571391,0.0,0.12971916842595663,0.5274055959024897,-0.1961197853102505,-0.0031157770241928818,-0.002673127686300792,-4.985754125515024,0,0.5342455522883404
44.237439999993036,-2.141115274035854,0.48965465663224345,1.27126963238676,0.005706106851812893,-0.008530517453878565,-0.0044223598670011565,-2.4541470225425526,0.15217099974907217,1.2733234634194144,-0.06266854122509251,0.14208114907588246,0.09343635253343155,-2.388098141426769,0.31610025088832466,1.323876179195071,-0.038276937340328616,0.07637576575065567,0.052312633479917305,0.09000117304571391,0.09000117304571391,0.0,0.1296847715283054,0.5274337196775716,-0.1960911092315939,-0.003117256143083616,-0.0026713102343568908,-4.985694284436083,0,0.5342707652154584
44.241599999993035,-2.1410914764796773,0.48961912818816006,1.2712512335155297,0.0057114134824592456,-0.008526826580016241,-0.004415729095260428,-2.347698374522556,0.7480757742855965,1.320392426914736,0.05065747499613339,0.020812556542774602,0.2388108322689292,-2.367793749159135,0.5321322081646545,1.3226308772657576,0.006732710806429073,0.04961549426184873,0.145607975803831,0.09000117304571391,0.09000117304571391,0.0,0.12965034370238726,0.527461854544238,-0.19606247820972322,-0.003118738545762128,-0.002669497659594752,-4.985634420787339,0,0.5342959641660356
44.245759999993034,-2.141067656794115,0.489583615067704,1.2712328622332312,0.005716724534969275,-0.008523148909460557,-0.004409107751668848,-1.9749187655787492,0.1102217255781931,1.1404050202733962,-0.09865836656548853,0.0332948286843673,-0.15771113758097216,-2.171557775203468,0.3212430164711528,1.231189130001727,-0.04640785890208211,0.04157658923613682,-0.006268229057826627,0.09000117304571391,0.09000117304571391,0.0,0.12961588488921197,0.5274900005362056,-0.19603389218187162,-0.003120224238000212,-0.0026676899566012713,-4.985574534509699,0,0.5343211491815335
44.24991999999303,-2.1410438149606583,0.48954811721590524,1.2712145185006372,0.005722040029677717,-0.00851948443169748,-0.004402495822575642,-1.8124272601947147,0.3554725625450287,1.2171558401510774,-0.07415113032552786,0.11627320316727026,-0.08803356695669422,-1.992143594173631,0.33859987356183696,1.2239893561305648,-0.06058675701092609,0.07892028219612753,-0.047182453988135975,0.09000117304571391,0.09000117304571391,0.0,0.129581395029491,0.5275181576873075,-0.19600535108458736,-0.003121713225592583,-0.0026658871199823275,-4.985514625543989,0,0.5343463203033788
44.25407999999303,-2.1410199509607124,0.48951263457783756,1.2711962022785774,0.005727359986967263,-0.00851583313624271,-0.0043958932943353735,-2.1642933957499184,0.4705560833831801,0.5783625994924514,-0.2575718883556731,-0.17555872009666196,0.027104942470245988,-2.078754966613445,0.40421415309751824,0.9012273148000738,-0.15929511251276632,-0.048499256133808934,-0.009792157240722046,0.09000117304571391,0.09000117304571391,0.0,0.12954687406363707,0.5275463260316533,-0.19597685485523036,-0.0031232055143567508,-0.0026640891443577073,-4.985454693830956,0,0.5343714775729654
44.25823999999303,-2.140996064775599,0.4894771670986181,1.2711779135279386,0.005732684427262823,-0.008512195012663723,-0.00438930015330201,-2.1748130144953435,0.5287653028343409,1.147425592185476,0.10903433445691897,-0.195644884683231,0.26070206107638966,-2.1265583030830837,0.4660832705088998,1.024871378946016,-0.02494146995698399,-0.12187352331289401,0.12498085394318938,0.09000117304571391,0.09000117304571391,0.0,0.1295123219326194,0.5275745056030421,-0.19594840343111763,-0.0031247011101330304,-0.0026622960243631384,-4.985394739311264,0,0.5343966210316528
44.26239999999303,-2.140972156386553,0.4894417147234074,1.2711596522096644,0.005738013371038034,-0.008508570050567474,-0.004382716385833243,-1.8424423521294426,0.10591064437686792,1.2953605889760271,-0.012789963349975033,0.04229284296936047,-0.09637673510471899,-1.984525099773119,0.2860829872525594,1.1599175207718875,-0.018790756140621066,-0.04008080348851699,0.014265798848885191,0.09000117304571391,0.09000117304571391,0.0,0.12947773857603967,0.5276026964356035,-0.19591999674995092,-0.003126200018785141,-0.0026605077546485844,-4.985334761925497,0,0.5344217507207671
44.26655999999303,-2.140948225774725,0.48940627739740905,1.271141418284755,0.0057433468388080455,-0.008504958239609811,-0.00437614197828744,-2.1024648634308556,0.733323418588937,1.5296573779821476,-0.023418326276776244,-0.022465971198906063,-0.04747479083148879,-2.0435442426052095,0.5096587543553773,1.3446912332417988,-0.021235857818116,-0.030866015170055147,-0.016573040387211198,0.09000117304571391,0.09000117304571391,0.0,0.1294431239342687,0.5276308985633174,-0.19589163474896054,-0.0031277022461996176,-0.002658724329879603,-4.985274761614156,0,0.5344468666816009
44.27071999999303,-2.1409242729211786,0.48937085506586947,1.2711232117142672,0.005748684851133288,-0.008501359569497866,-0.004369576917020439,-1.859659202896279,0.14353866539781657,0.9557992846771954,-0.09130619574832785,-0.1030580237345734,0.15934169631761697,-1.9517898454746414,0.32638072558678854,1.1505737051832965,-0.05650925640573787,-0.06644546173812038,0.0714974157082835,0.09000117304571391,0.09000117304571391,0.0,0.1294084779469507,0.5276591120204407,-0.19586331736618864,-0.0031292077982863695,-0.0026569457447382892,-4.985214738317662,0,0.5344719689554135
44.274879999993026,-2.1409002978068927,0.48933544767407794,1.2711050324593156,0.005754027428622327,-0.008497774029969669,-0.00436302118839549,-1.9214776914825145,0.31659972651787205,1.0078308186947396,0.10321483263239332,-0.11360855265451461,-0.04672787751940502,-1.9364185305157582,0.32125422493665057,1.0791048977674271,0.023178117689801252,-0.09020180731105566,0.011994540031939586,0.09000117304571391,0.09000117304571391,0.0,0.1293738005540716,0.5276873368411346,-0.19583504453984846,-0.003130716680978407,-0.0026551719939196727,-4.985154691976351,0,0.5344970575834312
44.279039999993024,-2.1408763004127596,0.48930005516736624,1.2710868804810707,0.005759374591930242,-0.008494201610810711,-0.004356474778777354,-2.3248615807459343,0.26446886144381726,1.6798893789230158,0.17909882548919812,0.16970692779968088,-0.10004623725204403,-2.1302689442252594,0.29321306317627716,1.3792930237192649,0.10049898796183544,0.040249524958156334,-0.043910324281108554,0.09000117304571391,0.09000117304571391,0.0,0.12933909169489016,0.527715573059357,-0.195806816207682,-0.0031322289002322836,-0.002653403072133197,-4.98509462253048,0,0.5345221326068464
44.28319999999302,-2.1408522807195856,0.4892646774911084,1.27106875574076,0.005764726361751578,-0.008490642301875208,-0.00434993767452208,-2.1789147332375505,0.3689746226835234,1.141949281238841,-0.12131262630908338,0.06707972929307657,-0.07421662919791104,-2.154842930286837,0.3312331957012031,1.2604662419955643,-0.011150220462566186,0.054000099190684395,-0.059599476488226534,0.09000117304571391,0.09000117304571391,0.0,0.1293043513090065,0.5277438207097717,-0.19577863230824294,-0.0031337444620281015,-0.0026516389741079436,-4.985034529920219,0,0.5345471940668197
44.28735999999302,-2.1408282387080906,0.48922931459072083,1.2710506581996683,0.005770082758837615,-0.008487096093024334,-0.004343409862001795,-2.0806775691551276,0.24893899643050132,1.5851315004302609,-0.10796875131511517,-0.029149397635494536,0.1109527085393883,-2.1179853241037367,0.29002417822201576,1.4230320626219135,-0.05906211779061976,0.012773072447398148,0.02559782520153613,0.09000117304571391,0.09000117304571391,0.0,0.12926957933550715,0.5277720798264122,-0.19575049278004197,-0.0031352633723695073,-0.0026498796945824245,-4.984974414085655,0,0.5345722420044776
44.29151999999302,-2.1408041743589075,0.4891939664116617,1.2710325878191369,0.005775443803979169,-0.008483562974192895,-0.004336891327579957,-1.8894095652833014,0.7320312519789515,1.377315199510193,0.004037267864096945,-0.05187960405119275,0.023562978147364175,-2.003687713361745,0.5109223252805419,1.4002217041956568,-0.027388789024574825,-0.019272795112348837,0.02487734128521215,0.09000117304571391,0.09000117304571391,0.0,0.12923477571317804,0.5278003504436974,-0.19572239756176035,-0.003136785637283972,-0.002648125228313248,-4.984914274966794,0,0.5345972764609147
44.29567999999302,-2.1407800876525824,0.489158632899431,1.2710145445605634,0.005780809518014447,-0.008480042935355795,-0.0043303820576234405,-2.012084606231569,0.2764902021277306,1.3270719182240889,-0.06114933256002551,-0.022405218966477597,0.03587479086705281,-2.0080116361033933,0.3936573780947822,1.3637200082489043,-0.045118599276256395,-0.02052964225393943,0.030812740321121492,0.09000117304571391,0.09000117304571391,0.0,0.12919994038093208,0.5278286325960582,-0.1956943465918215,-0.003138311262822629,-0.002646375570072581,-4.984854112503555,0,0.5346222974771921
44.29983999999302,-2.1407559785695747,0.48912331399957043,1.270996528385403,0.005786179921828265,-0.008476535966537612,-0.004323882038497212,-2.020784920985807,0.587583332347334,1.2925636523681212,0.09270424177112462,0.03712487879655404,0.014036420936949462,-2.014206243965294,0.49069872075162213,1.3281712472133012,0.02411970537025475,0.008394967719451873,0.022079704342958778,0.09000117304571391,0.09000117304571391,0.0,0.12916507327738153,0.5278569263180435,-0.19566633980967474,-0.0031398402550605574,-0.0026446307146487684,-4.984793926635774,0,0.5346473050943392
44.30399999999302,-2.1407318470902563,0.48908800965766297,1.2709785392551673,0.005791555036355986,-0.008473042057795584,-0.0043173912565742205,-2.0270198890079874,0.4419899786646353,0.7542628066263407,-0.05366648051365353,-0.03366385735088308,0.08193683337648842,-2.0207248799541944,0.4662734940435078,1.0413833334118334,-0.01472076525465694,-0.01239374729928613,0.05205435903025786,0.09000117304571391,0.09000117304571391,0.0,0.12913017434105173,0.5278852316440008,-0.1956383771542987,-0.003141372620096763,-0.002642890656843163,-4.9847337173032,0,0.5346722993533524
44.308159999993016,-2.140707693194912,0.4890527198193328,1.2709605771314247,0.0057969348825790395,-0.008469561199240994,-0.004310909698225149,-2.2009207879746553,0.06210492837305337,1.5388947026992423,0.26923503434794305,-0.07318823558994271,-0.007313817931569859,-2.110264053170699,0.26403348551858613,1.2901278492134252,0.12721940456218347,-0.04246584107603612,0.022103667081860907,0.09000117304571391,0.09000117304571391,0.0,0.1290952435101669,0.5279135486086102,-0.1956104585648419,-0.003142908364054455,-0.0026411553914729062,-4.984673484445499,0,0.5346972802951961
44.312319999993015,-2.140683516863739,0.48901744443024514,1.2709426419758005,0.0058023194815263,-0.008466093381032276,-0.004304437349820542,-1.8959862948195036,0.4207569362373669,0.8974614170421529,-0.06673979161551374,-0.07250152791421055,-0.036111582337708295,-2.0032632533016375,0.34224601534067284,1.0937165383539338,0.03061856253996111,-0.05772644149522098,-0.006886727922504224,0.09000117304571391,0.09000117304571391,0.0,0.12906028072286388,0.5279418772465642,-0.1955825839810511,-0.003144447493081074,-0.0026394249133709223,-4.984613228002249,0,0.5347222479608027
44.316479999993014,-2.140659318076846,0.48898218343610617,1.2709247337499767,0.005807708854280272,-0.008462638593352395,-0.004297974197741185,-2.685647384524158,0.5045253961424022,1.6110157665682734,-0.07227405710412219,-0.25522700023415856,-0.008747825348492657,-2.3446104920723645,0.4228543308845704,1.3523512162147722,-0.020787383840433524,-0.1556727810572996,-0.007643662474579773,0.09000117304571391,0.09000117304571391,0.0,0.1290252859167641,0.5279702175922472,-0.19555475334241584,-0.003145990013348283,-0.0026376992173812296,-4.984552947912944,0,0.5347472023910719
44.32063999999301,-2.1406350968142545,0.4889469367826625,1.270906852415692,0.005813103021959091,-0.008459196826478794,-0.0042915202283507455,-2.239446643846598,0.47016928001885333,1.305193357043377,-0.0561158159356646,0.009444410495117087,0.10151704612582296,-2.292142856333163,0.4465320639951675,1.3289811743325963,-0.03926436229188197,-0.07326100077112542,0.04786003615665731,0.09000117304571391,0.09000117304571391,0.0,0.12899025902982847,0.5279985696806437,-0.19552696658859564,-0.003147535931052244,-0.0026359782983710507,-4.9844926441169894,0,0.5347721436268718
44.32479999999301,-2.140610853055897,0.4889117044157013,1.2708889979347417,0.005818502005742844,-0.00845576807068453,-0.004285075428031891,-1.7657886822199924,0.33945199514014124,1.3730964923276832,0.11291834994859494,-0.03975310922456584,-0.14475352113929518,-2.0287261563571093,0.39290831259811304,1.3507367973146769,0.0363061818446736,-0.05637342595276641,-0.0478277917325544,0.09000117304571391,0.09000117304571391,0.0,0.12895519999950256,0.5280269335463776,-0.19549922365984806,-0.0031490852524135183,-0.0026342621512164075,-4.984432316553706,0,0.5347970717090385
44.32895999999301,-2.1405865867816187,0.48887648628105,1.2708711702689786,0.005823905826854416,-0.008452352316313264,-0.004278639783160735,-2.528812395750636,0.33025057374580674,0.9265447958235574,0.05485158378034424,-0.020840400940894947,-0.039119706006456506,-2.2786565106823824,0.36153518340583346,1.1385561769225634,0.044531864666108256,-0.038381322110048036,-0.043337979493203484,0.09000117304571391,0.09000117304571391,0.0,0.12892010876314358,0.5280553092244064,-0.19547152449617367,-0.003150637983677349,-0.0026325507708104055,-4.984371965162325,0,0.5348219866783768
44.33311999999301,-2.140562297971175,0.4888412823245761,1.2708533693803115,0.005829314506566795,-0.008448949553751549,-0.004272213280114985,-2.2425555723186767,-0.13570239616721586,1.7210535752176304,0.18052485344023822,0.015843404359574747,0.005015634498504841,-2.2602301736112027,0.11294719678979993,1.4298195582903936,0.11245770888720484,-0.011911348178666457,-0.01924785016049613,0.09000117304571391,0.09000117304571391,0.0,0.12888498525780637,0.5280836967494332,-0.195443869037957,-0.0031521941311137215,-0.0026308441520616474,-4.98431158988199,0,0.5348468885756597
44.33727999999301,-2.1405379866042322,0.4888060924921868,1.2708355952307062,0.005834728066203062,-0.008445559773428549,-0.004265795905275439,-2.246044899762076,0.572241394582115,1.6976456827380848,0.0931214298487272,0.014689980814144105,-0.2205956086494335,-2.2529442423311696,0.3426271195382872,1.5632756652273283,0.1030287102642443,0.0018419021327881796,-0.11991031065056194,0.09000117304571391,0.09000117304571391,0.0,0.12884982942024303,0.5281120961564423,-0.19541625722553893,-0.003153753701017369,-0.002629142289893394,-4.98425119065176,0,0.5348717774416281
44.34143999999301,-2.140513652660369,0.4887709167298292,1.2708178477821852,0.005840146527131807,-0.008442182965833699,-0.004259387645018195,-1.9175691629559415,0.8940712676771629,1.2330345038666455,0.04293623789119458,-0.004908604206302363,-0.11161099097437534,-2.085163252663068,0.6183417398154822,1.3979204059816541,0.07212221935520084,-0.00100267011612025,-0.11565535193972364,0.09000117304571391,0.09000117304571391,0.0,0.12881464118775823,0.5281405074805917,-0.19538868899943027,-0.003155316699707843,-0.0026274451792468023,-4.984190767410601,0,0.5348966533169925
44.345599999993006,-2.1404892961190742,0.48873575498348976,1.270800126996828,0.005845569910781909,-0.008438819121469644,-0.004252988485732031,-1.7908997972131637,0.925636574715042,1.063395758409597,0.0018766638229051752,0.10843979007167161,0.07457219767471719,-1.9380264033791788,0.772217028930266,1.2308109672706382,0.037408297735855064,0.05362992641123021,-0.02061044363974807,0.09000117304571391,0.09000117304571391,0.0,0.12877942049649901,0.5281689307566259,-0.1953611643009541,-0.0031568831335298617,-0.002625752815072686,-4.984130320097393,0,0.5349215162424318
44.349759999993005,-2.1404649169597465,0.4887006071991943,1.2707824328367705,0.005850998238623193,-0.008435468230917407,-0.004246598413797531,-2.7946593856876754,0.2524731291858972,1.2612530611401713,-0.10150330541315322,-0.1424776481433746,-0.09748480712962793,-2.3665606569954973,0.5120447091594277,1.2458291287190286,-0.03172882854229963,-0.044226844710739815,-0.05888261447549701,0.09000117304571391,0.09000117304571391,0.0,0.1287441672829501,0.5281973660197841,-0.19533368307032045,-0.003158453008853255,-0.0026240651923410017,-4.984069848650927,0,0.5349463662585933
44.353919999993,-2.140440515161696,0.48866547332300764,1.2707647652642056,0.005856431532178786,-0.00843213028479451,-0.0042402174155966995,-1.7455015177857638,0.5578206869430158,1.3293843758112256,0.048958527717724895,0.09357392099428011,-0.036476139518022345,-2.0559246743635704,0.5351268632980062,1.2875317544071256,0.008496756026641586,0.02504270739764978,-0.047818702342852945,0.09000117304571391,0.09000117304571391,0.0,0.128708881483507,0.5282258133052132,-0.19530624524940635,-0.0031600263320730655,-0.0026223823060368633,-4.984009353009902,0,0.534971203406094
44.358079999993,-2.1404160907041416,0.48863035330103366,1.2707471242413826,0.00586186981302542,-0.008428805273757382,-0.00423384547751854,-2.199057362425476,1.3084290728659789,1.1371270511903835,-0.10113886914242472,0.024470532519422022,0.042630183820012456,-2.127702727498308,0.9218334600653011,1.2124174301878192,-0.0461497718990932,0.02514958909380615,-0.0027973359647157255,0.09000117304571391,0.09000117304571391,0.0,0.12867356303383412,0.5282542726479674,-0.19527885077897633,-0.003161603109609788,-0.0026207041511590013,-4.983948833112929,0,0.5349960277255197
44.362239999993,-2.1403916435662134,0.4885952470794148,1.2707295097306077,0.005867313102785154,-0.008425493188527587,-0.004227482585944196,-2.3737232963317565,0.3698137591707109,1.8134765099421786,-0.28484889678750813,0.02628327081732769,-0.21268775012215801,-2.2513065388291302,0.6458744627456002,1.51250867360084,-0.1658071946532636,0.025693546632858832,-0.10767235503340715,0.09000117304571391,0.09000117304571391,0.0,0.12863821186993313,0.5282827440834896,-0.195251499600606,-0.003163183347909292,-0.0026190307227245036,-4.983888288898527,0,0.5350208392574252
44.366399999993,-2.1403671737269505,0.4885601546043321,1.2707119216942442,0.0058727614231376115,-0.00842219401985094,-0.004221128727264363,-1.9692952611167966,0.5258879878718797,1.3883529725959558,-0.003986541390327127,-0.03141839087351176,-0.020785138115018052,-2.1103064207665527,0.5858144321919749,1.4503868281005547,-0.08529079977254303,-0.0025682576949322706,-0.06428540138636507,0.09000117304571391,0.09000117304571391,0.0,0.12860282792750202,0.5283112276469707,-0.19522419165625565,-0.0031647670534429495,-0.0026173620157626505,-4.983827720305126,0,0.5350456380423352
44.370559999993,-2.1403426811653015,0.48852507582200494,1.2706943600947114,0.00587821479581393,-0.008418907758522538,-0.004214783887871358,-2.0754642512440356,0.6726083070999115,1.4808043617310687,0.008551192341816635,-0.0329562835720393,-0.08676753055214445,-2.0928684654856142,0.6291431297116478,1.4654164351577952,-0.03781826847415785,-0.017616477417852987,-0.07605458975812228,0.09000117304571391,0.09000117304571391,0.0,0.12856741114172085,0.5283397233737227,-0.19519692688720006,-0.003166354232707871,-0.0026156980253169934,-4.983767127271065,0,0.5350704241207431
44.374719999993,-2.140318165860124,0.48849001067869074,1.2706768248944857,0.005883673242591779,-0.00841563439540252,-0.004208448054149612,-1.7985233324993293,0.4666717316565854,1.3480415942544557,0.08284153051308973,0.04139055566434232,-0.07473543874803978,-1.9455230329664597,0.5479921047022183,1.406573414502255,0.023225946092910156,0.012018013821263487,-0.0757166164487393,0.09000117304571391,0.09000117304571391,0.0,0.12853196144789247,0.5283682312993409,-0.19516970523573926,-0.003167944892226904,-0.0026140387464497015,-4.9837065097345885,0,0.5350951975331129
44.378879999992996,-2.1402936277901854,0.488454959120685,1.2706593160561004,0.005889136785305704,-0.008412373921380058,-0.0042021212124922856,-1.9774657593140177,0.873542264160968,1.541767879580723,-0.06609507366240082,-0.1893475255363779,-0.039579208952931516,-1.9616315419040633,0.710376452793825,1.4740885169366071,-0.021695032115283928,-0.0890498454937897,-0.057288383493470395,0.09000117304571391,0.09000117304571391,0.0,0.12849647878122922,0.5283967514589543,-0.19514252664391615,-0.003169539038548699,-0.0026123841742362484,-4.983645867633852,0,0.5351199583198771
44.383039999992995,-2.140269066934161,0.4884199210943208,1.270641833542145,0.0058946054458395986,-0.008409126327408327,-0.004195803349287327,-2.5538487525644133,0.5281837299312084,1.4766570332553133,0.26216405992310954,-0.0206872562663551,0.004695847147413479,-2.2571981972973036,0.6192365692414425,1.4753829323445082,0.11983150863804125,-0.05524877727700063,-0.026479130173361714,0.09000117304571391,0.09000117304571391,0.0,0.12846096307621094,0.5284252838885095,-0.19511539105394343,-0.0031711366782481497,-0.0026107343037699055,-4.983585200906917,0,0.5351447065214392
44.387199999992994,-2.140244483270635,0.4883848965459689,1.2706243773152661,0.005900079246134701,-0.00840589160446187,-0.004189494450932172,-2.597340073147593,0.2904119367095398,1.319113186457258,-0.12243726728913112,-0.06593961399092346,-0.03074653439266744,-2.427526042469619,0.45468549953218873,1.397183137688492,-0.0013541372481407927,-0.06093008823780593,-0.028672028966235927,0.09000117304571391,0.09000117304571391,0.0,0.1284254142678674,0.5284538286231671,-0.19508829840841788,-0.003172737817925883,-0.0026090891301553494,-4.983524509491753,0,0.5351694421781716
44.39135999999299,-2.140219876778101,0.4883498854220373,1.270606947338167,0.005905558208180801,-0.00840266974358886,-0.004183194503816518,-2.2699358248784534,0.10881331010367795,1.2208904164005143,0.01618633998966591,0.02439595502217832,0.08887305283707872,-2.3486947114744012,0.28179757537926703,1.3092211813620696,0.006716635462838858,-0.018199401357896217,0.02971574400374971,0.09000117304571391,0.09000117304571391,0.0,0.12838983229049597,0.5284823856989589,-0.19506124864989266,-0.0031743424642090923,-0.0026074486485160196,-4.983463793326235,0,0.5351941653304181
44.39551999999299,-2.140195247434959,0.48831488766897124,1.2705895435736072,0.00591104235402862,-0.008399460735850456,-0.0041769034943427465,-2.3162109632412453,0.593328079609043,1.624260217827994,-0.027268780816635255,-0.004231235979864654,0.13323445319597102,-2.33250931954931,0.43755662257597644,1.4670215307276926,-0.010278116918658568,-0.011416240440386246,0.08074583955569663,0.09000117304571391,0.09000117304571391,0.0,0.12835421707830205,0.5285109551512379,-0.19503424172109074,-0.003175950623751098,-0.0026058128539854478,-4.983403052348147,0,0.5352188760184912
44.39967999999299,-2.1401705952195185,0.48827990323325293,1.2705721659844034,0.005916531705772855,-0.00839626457239522,-0.004170621408899421,-1.989030756189515,0.3414126632296166,1.8119069970329829,0.2459120198174785,0.07343738904424338,0.05012409221968803,-2.1602565049134324,0.3896370758139675,1.639569875214708,0.11797383874497588,0.030832982665025262,0.06594596384499558,0.09000117304571391,0.09000117304571391,0.0,0.12831856856539917,0.5285395370159081,-0.19500727756490496,-0.003177562303231838,-0.002604181741718183,-4.983342286495176,0,0.5352435742826748
44.40383999999299,-2.1401459201099953,0.4882449320614013,1.270554814533429,0.0059220262855689855,-0.008393081244391976,-0.004164348233885483,-2.0171324221737192,0.13876474022347307,1.0251868046917116,0.13237817916543834,-0.0894148173272975,-0.11972120124988227,-2.088418789554509,0.26401287821279673,1.3321245913529216,0.12549738245538716,-0.02914180206554174,-0.02666760744730606,0.09000117304571391,0.09000117304571391,0.0,0.12828288668538093,0.5285681313288364,-0.19498035612482645,-0.003179177509357754,-0.0026025553068814225,-4.983281495704917,0,0.5352682601632228
44.40799999999299,-2.1401212220845136,0.48820997409997186,1.2705374891836134,0.005927526115623926,-0.00838991074306437,-0.00415808395569937,-2.035067669321733,1.1665350792376699,1.7140736887859276,-0.0327706562463381,-0.03881007223304961,-0.042430046499028345,-2.061809420276617,0.7151988633753521,1.5230130919341291,0.04560518514292723,-0.03363540670072287,-0.03432299926083594,0.09000117304571391,0.09000117304571391,0.0,0.12824717137217612,0.5285967381256929,-0.19495347734366072,-0.0031807962488617832,-0.0026009335446579903,-4.983220679914869,0,0.5352929337003595
44.41215999999299,-2.1400965011211044,0.4881750292955565,1.2705201898979437,0.005933031218200412,-0.008386753059683488,-0.004151828560738617,-2.33825103150787,0.7257179270201584,1.0025427533806075,-0.0778472974326528,-0.17484220832799605,0.03229970042127242,-2.2001939287301555,0.7200954434665465,1.2628421487578292,-0.016186085474813358,-0.10453816420881686,-0.0013455978458888165,0.09000117304571391,0.09000117304571391,0.0,0.1282114225589797,0.5286253574426454,-0.19492664116523864,-0.0031824185285037982,-0.0025993164502461823,-4.983159839062434,0,0.5353175949342803
44.416319999992986,-2.140071757197706,0.48814009759478333,1.2705029166394628,0.005938541615616463,-0.008383608185561947,-0.004145582035404917,-2.5514587406896214,0.7967871898472206,1.2924061701949532,0.19836269638647108,-0.22349356799707396,-0.2845743437994391,-2.3754158114227546,0.7579766754490476,1.277030875852485,0.09088578821602694,-0.1638554719898942,-0.14218012985448103,0.09000117304571391,0.09000117304571391,0.0,0.1281756401793213,0.5286539893153448,-0.1948998475329196,-0.0031840443550704032,-0.002597704018858583,-4.983098973084922,0,0.535342243905151
44.420479999992985,-2.1400469902921633,0.4881051789443163,1.2704856693712707,0.005944057330242304,-0.008380476112077834,-0.004139344366093508,-2.1099381862811497,1.044322526754129,1.5372600581953497,-0.09157476792942022,0.04305525337729264,0.0008901976699166965,-2.242865004782012,0.9012412696494124,1.407150014172715,-0.0006257621800735962,-0.060466805754179606,-0.07107466815931089,0.09000117304571391,0.09000117304571391,0.0,0.12813982416578235,0.5286826337802604,-0.1948730963906607,-0.0031856737353755226,-0.002596096245726257,-4.983038081919544,0,0.5353668806531087
44.42463999999298,-2.140022200382228,0.48807027329085534,1.270468448056524,0.005949578384508278,-0.008377356830629054,-0.004133115539210724,-1.9212152731565109,0.7013122306312586,1.2374741600840289,-0.10010459487397506,0.0025548821572248977,-0.12698140809252523,-2.082246346670036,0.8012814943298662,1.322046532152592,-0.05024158607376526,-0.029358661629182624,-0.0989042325691646,0.09000117304571391,0.09000117304571391,0.0,0.128103974451706,0.5287112908730781,-0.19484638768237525,-0.0031873066762597695,-0.002594493126091634,-4.982977165503415,0,0.5353915052182612
44.42879999999298,-2.1399973874455576,0.4880353805811358,1.270451252658436,0.005955104800896881,-0.008374250332686087,-0.004126895541154846,-2.0172207091360415,0.2864669362994423,1.5135108390025214,-0.11867251260551455,0.10639800664143649,-0.012145841676754077,-2.049978677474842,0.5440929972783871,1.4177558713646574,-0.08504447745157577,0.037991866030986775,-0.056063845002049854,0.09000117304571391,0.09000117304571391,0.0,0.1280680909694871,0.5287399606301423,-0.19481972135214654,-0.003188943184591416,-0.0025928946552155503,-4.982916223773556,0,0.5354161176406877
44.43295999999298,-2.1399725514597163,0.4880005007619285,1.2704340831402763,0.005960636601950722,-0.008371156609746251,-0.004120684358332169,-1.863275604179163,0.2476319682733156,1.1527510618679522,0.038791354134429176,-0.003285271979297854,-0.02427989808653117,-1.9565446432447968,0.39585456053493173,1.2852015025599604,-0.023377906403406236,0.01688206766300984,-0.040362293900916495,0.09000117304571391,0.09000117304571391,0.0,0.12803217365142652,0.5287686430877085,-0.19479309734422764,-0.0031905832672659614,-0.002591300828371538,-4.982855256666885,0,0.5354407179604388
44.43711999999298,-2.1399476924021736,0.4879656337800395,1.2704169394653715,0.005966173810266265,-0.008368075653363095,-0.004114481977146317,-1.7807493869906323,0.99573180945955,1.1776336165960004,-0.014982522085430192,0.07316840899858448,-0.026805882523977344,-1.868677631200436,0.6959507472573685,1.2313614204997108,-0.018852340514692437,0.04445594734992584,-0.03376242409976034,0.09000117304571391,0.09000117304571391,0.0,0.12799622242973083,0.5287973382819974,-0.19476651560304156,-0.0031922269312062834,-0.002589711640848974,-4.982794264120227,0,0.5354653062175362
44.44127999999298,-2.139922810250305,0.48793077958230974,1.2703998215971049,0.0059717164484956575,-0.008365007455142265,-0.00410828838399997,-2.550868760585815,0.2547651842673141,1.2286807728799998,0.13091133036555316,-0.06237581635973557,-0.030748211857642312,-2.209505181291413,0.47522396165648345,1.2299572369514293,0.05578119084834328,-0.008387136388666163,-0.03231052105658446,0.09000117304571391,0.09000117304571391,0.0,0.12796023723651256,0.5288260462493009,-0.19473997607339527,-0.0031938741833628377,-0.0025881270879537675,-4.982733246070308,0,0.5354898824519732
44.44543999999298,-2.139897904981391,0.487895938115615,1.270382729498916,0.005977264539349422,-0.00836195200673382,-0.004102103565298596,-2.6449754748023793,0.39455617077817856,1.7766953463793067,-0.02722532209534064,-0.03301428501769312,-0.024258026944156828,-2.42730028965443,0.4348197253901352,1.5032801961071283,0.014421021661690205,-0.020166557450935117,-0.02854186387082294,0.09000117304571391,0.09000117304571391,0.0,0.12792421800357612,0.5288547670261433,-0.19471347869983796,-0.0031955250307138627,-0.0025865471650070916,-4.982672202453752,0,0.535514446703715
44.44959999999298,-2.139872976572618,0.4878611093268657,1.2703656631343017,0.00598281810559654,-0.008358909299831196,-0.004095927507448791,-2.3107220924560354,0.22821904136505466,1.2227948069201955,0.009606868189303456,-0.005161365530496986,-0.021060518798944272,-2.3689897797151493,0.3315051569876121,1.3629914655998778,0.011719220928952327,-0.01168150589060899,-0.02467282722406972,0.09000117304571391,0.09000117304571391,0.0,0.12788816466241734,0.5288835006487472,-0.1946870234275164,-0.0031971794802654434,-0.0025849718673445423,-4.982611133207089,0,0.5355389990126982
44.453759999992975,-2.139848025001076,0.4878262931630066,1.2703486224668148,0.005988377170060028,-0.00835587932618973,-0.0040897601968537655,-2.103252905907895,0.8437553317578681,0.8319809567657604,0.005370989348637004,-0.02696879998783605,-0.02226165711029921,-2.236109181775831,0.5875785434923725,1.097436661032376,0.00896381879609963,-0.019713160194446057,-0.023692999196935623,0.09000117304571391,0.09000117304571391,0.0,0.12785207714443705,0.528912247153835,-0.19466061020153366,-0.0031988375390516748,-0.002583401190319542,-4.982550038266746,0,0.5355635394188317
44.457919999992974,-2.139823050243761,0.4877914895710166,1.270331607460065,0.0059939417556247425,-0.008352862077596931,-0.004083601619922818,-1.589235257896977,0.626589237767842,1.5719668807905114,0.010068064842954609,0.057159817119978654,-0.13198805881635492,-1.9126481954307484,0.6072028695617544,1.3344307099347836,0.010209896392495076,0.018807268504080977,-0.07790564055513387,0.09000117304571391,0.09000117304571391,0.0,0.1278159553807271,0.5289410065780412,-0.19463423896694854,-0.003200499214134656,-0.0025818351292988964,-4.982488917569051,0,0.5355880679619963
44.46207999999297,-2.1397980522775724,0.48775669849790876,1.270314618077719,0.005999511885234286,-0.008349857545885141,-0.00407745176306598,-2.0801090216072313,0.30872563025399047,1.1429710635095272,0.12813633277447806,0.11859478648918152,-0.11293074186129945,-1.9961137978256787,0.4582071492225886,1.2384658873731094,0.06942394356385416,0.06950523718205397,-0.09600884319354115,0.09000117304571391,0.09000117304571391,0.0,0.1277797993022838,0.5289697789578063,-0.19460790966963148,-0.0032021645126045677,-0.002580273679663185,-4.982427771050232,0,0.535612584682045
44.46623999999297,-2.1397730310793146,0.4877219198907298,1.2702976542834994,0.006005087581888657,-0.008346865722945466,-0.004071310612691962,-2.3072479566959467,0.6835013354175242,1.1828830015976675,-0.013926787659210668,0.10681244388932488,-0.023804880828930286,-2.151711329093977,0.5710772097408271,1.2106243268713759,0.027420865880250462,0.08852950918544567,-0.05980799925059578,0.09000117304571391,0.09000117304571391,0.0,0.1277436088400081,0.5289985643298568,-0.19458162225476758,-0.003203833441579994,-0.0025787168368097803,-4.982366598646416,0,0.5356370896188026
44.47039999999297,-2.139747986625695,0.4876871536965602,1.270280716041186,0.0060106688686470365,-0.00834388660071879,-0.004065178155207547,-1.9404957358048531,0.8349438587391065,1.3676851218623294,0.05664151428552813,-0.16093207862209521,0.19790839128218646,-2.0459842252308285,0.7026779421663369,1.2895656353521032,0.042021367445272156,-0.03632743882093288,0.06991447307877988,0.09000117304571391,0.09000117304571391,0.0,0.12770738392406353,0.5290273627312068,-0.19455537666835282,-0.003205506008208143,-0.0025771645961524784,-4.982305400293629,0,0.5356615828120674
44.47455999999297,-2.1397229188933258,0.4876523998625136,1.270263803314615,0.006016255768629634,-0.008340920171180264,-0.004059054377025698,-1.6494582951349526,0.658288518492966,1.2361340928778761,-0.07850533410211087,0.11572453923803194,0.1399799184093504,-1.84788209873108,0.6807244730879707,1.2631400581276808,-0.018078275887813047,0.039280252814312515,0.10522460625639934,0.09000117304571391,0.09000117304571391,0.0,0.12767112448494472,0.5290561741983557,-0.19452917285633964,-0.0032071822196644752,-0.0025756169531182364,-4.982244175927794,0,0.535686064301609
44.47871999999297,-2.1396978278587215,0.487617658335737,1.2702469160676793,0.006021848305011739,-0.008337966426376051,-0.004052939264551952,-1.7525351064631631,0.28190841349427764,1.3813389259190816,0.09678592425878675,-0.13357818316995654,-0.0535373717524663,-1.80000446363532,0.4810348216589911,1.3221288795613666,0.0383079287148965,-0.04666082190569205,0.025893869791281426,0.09000117304571391,0.09000117304571391,0.0,0.12763483045283644,0.5290849987683572,-0.19450301076485033,-0.003208862083153336,-0.00257407390315295,-4.982182925484733,0,0.5357105341271704
44.48287999999297,-2.1396727134983005,0.4875829290634104,1.2702300542643283,0.0060274465010332935,-0.00833502535838226,-0.004046832804198868,-2.182387591400782,0.8386804792787999,0.6037400191816145,-0.0054973167185542425,0.012776822947063057,-0.15991977804993357,-1.9912090992085725,0.6598869169426612,0.9625968314861482,0.0159088608785629,-0.017036408756249715,-0.06701910196159448,0.09000117304571391,0.09000117304571391,0.0,0.1275985017573992,0.5291138364782323,-0.19447689034017698,-0.0032105456059079197,-0.002572535441715918,-4.982121648900167,0,0.5357349923284671
44.487039999992966,-2.1396475757883837,0.48754821199274656,1.2702132178685683,0.006033050379995172,-0.008332096959316568,-0.004040734982381889,-2.7835493627175127,0.16295095701331846,1.5447680192949136,0.03498602344103765,-0.06247946197497288,-0.04257218035112075,-2.3873120177669227,0.4112862313958936,1.2535968414963516,0.025452147277763133,-0.040104684112860056,-0.05426408503175301,0.09000117304571391,0.09000117304571391,0.0,0.1275621383284102,0.5291426873648619,-0.1944508115287817,-0.0032122327951901496,-0.0025710015642795283,-4.98206034610971,0,0.5357594389451878
44.491199999992965,-2.139622414705195,0.48751350707099084,1.270196406844462,0.006038659965253491,-0.008329181221369834,-0.004034645785507969,-2.133415094119827,0.7764477851267817,1.4755541652263637,-0.05794663732041143,0.06537721034454351,0.06944367226687158,-2.260482268338447,0.5940055397859002,1.3647213938845164,-0.01626031643496894,0.012632582373815348,0.007631613886948549,0.09000117304571391,0.09000117304571391,0.0,0.12752574009533588,0.5291715514654148,-0.19442477427729624,-0.003213923658291208,-0.002569472266335501,-4.981999017048877,0,0.535783874016994
44.495359999992964,-2.1395972302248607,0.487478814245421,1.2701796211561287,0.006044275280231356,-0.008326278136756272,-0.004028565199993659,-1.9865328611713227,0.46111557430119604,0.986119545383001,0.1623397140429488,-0.11895650357400575,-0.18890345082809318,-2.1231695178970984,0.5273124710327727,1.175025512253822,0.0737649030348868,-0.05328334203342419,-0.09091451810504948,0.09000117304571391,0.09000117304571391,0.0,0.12748930698711752,0.5292004288170277,-0.19439877853252238,-0.0032156182025314035,-0.0025679475433877897,-4.981937661653076,0,0.5358082975835203
44.49951999999296,-2.139572022323409,0.48744413346334703,1.2701628607677444,0.006049896348407615,-0.008323387697756809,-0.004022493212249224,-2.1034471432636166,-0.09973205145323216,1.0352849561793893,0.09145681034212445,-0.0740223027388498,-0.16836613043857793,-2.1131170315539842,0.21363198288176585,1.1048048485576942,0.08216085504510488,-0.06371162997581145,-0.1300146642376197,0.09000117304571391,0.09000117304571391,0.0,0.1274528389332401,0.5292293194568043,-0.19437282424143174,-0.003217316435260245,-0.0025664273909579934,-4.9818762798576115,0,0.5358327096843747
44.50367999999296,-2.1395467909767705,0.48740946467211077,1.2701461256435416,0.006055523193324865,-0.008320509896700605,-0.004016429808685652,-2.617022046981409,0.26807944973362074,1.268777340297381,-0.09909101199680385,-0.16883756000214575,-0.04836612731981653,-2.3652794697555124,0.24050429759936218,1.1866923351822207,-0.00831019102241402,-0.11596854961014334,-0.08952907954539106,0.09000117304571391,0.09000117304571391,0.0,0.12741633586202208,0.5292582234222444,-0.1943469113509516,-0.003219018363857034,-0.0025649118045840864,-4.981814871597684,0,0.5358571103591386
44.50783999999296,-2.1395215361607764,0.487374807819086,1.2701294157478094,0.006061155838591329,-0.008317644725941525,-0.004010374975721922,-1.9299506983417527,0.6619450457267287,1.38155456058357,-0.07945639952424126,-0.027278050023577926,-0.13854182655499445,-2.1477796624228573,0.4511705695526969,1.283834925725437,-0.04274512816996363,-0.07147819116204764,-0.113203960229014,0.09000117304571391,0.09000117304571391,0.0,0.12737979770211075,0.5292871407504949,-0.1943210398086068,-0.0032207239957302678,-0.002563400779815153,-4.981753436808387,0,0.535881499647367
44.51199999999296,-2.1394962578511603,0.487340162851678,1.2701127310448936,0.006066794307870426,-0.00831479217791349,-0.004004328699766997,-2.107330843696949,0.35205377854959874,0.5791842547019899,0.0794621957968674,0.0723880888308066,-0.17169653054162895,-2.1273898025183753,0.40176257173267704,0.9311477271145674,0.018404352410661004,0.0001927586048088655,-0.14253856826768194,0.09000117304571391,0.09000117304571391,0.0,0.12734322438184129,0.5293160714790985,-0.19429520956187848,-0.003222433338318274,-0.0025618943122199863,-4.981691975424711,0,0.5359058775885883
44.51615999999296,-2.1394709560235565,0.48730552971732355,1.270096071499197,0.006072438624892514,-0.008311952245080953,-0.003998290967236744,-2.4941649318177164,0.540857248714579,1.038022070740375,-0.16330779069719467,-0.07660027349766921,0.08750820942380835,-2.311118723758038,0.47115161929452387,0.9847674039196679,-0.07286580786714017,-0.038228701925251594,-0.027406138516550816,0.09000117304571391,0.09000117304571391,0.0,0.12730661582945033,0.5293450156454064,-0.19426942055841775,-0.0032241463990891504,-0.0025603923973812268,-4.981630487381539,0,0.5359302442223051
44.52031999999296,-2.1394456306535004,0.48727090836349035,1.270079437075178,0.006078088813449256,-0.008309124919966484,-0.003992261764544095,-2.6394326653732874,0.07046438893682877,1.3280963090046236,-0.08745944459973999,0.08570458475769249,-0.03203689047444379,-2.4754588529479573,0.2709847854351328,1.1563670417657612,-0.08066757615308512,0.02309430456452809,-0.029441689986954084,0.09000117304571391,0.09000117304571391,0.0,0.12726997197264803,0.5293739732871121,-0.19424367274583135,-0.003225863185541117,-0.0025588950308980587,-4.981568972613645,0,0.5359545995879936
44.524479999992955,-2.139420281716428,0.4872362987376773,1.2700628277373525,0.006083744897398485,-0.008306310195126164,-0.003986241078106872,-2.116515112385972,-0.2208012774177291,0.9583444415375547,-0.05295241961279335,-0.0641361047645337,-0.04212209162571727,-2.2960945395500025,0.02495639958078722,1.0572661766325706,-0.06684586489804993,-0.021230837666866717,-0.03550862040086255,0.09000117304571391,0.09000117304571391,0.0,0.12723329273925896,0.5294029444416647,-0.19421796607210937,-0.003227583705202315,-0.0025574022083825563,-4.9815074310557,0,0.5359789437251044
44.528639999992954,-2.139394909187675,0.48720170078741404,1.2700462434502928,0.006089406900658214,-0.00830350806318243,-0.003980228894336995,-2.095577568800202,0.2579095979734404,1.2881000671604133,-0.0021246320565095336,-0.04119597847010324,-0.12764838584626792,-2.195838096300316,0.14134888299757564,1.1724199727827778,-0.03495769345496445,-0.031183554157523927,-0.08192869417409565,0.09000117304571391,0.09000117304571391,0.0,0.1271965780565808,0.5294319291468027,-0.19419230048584016,-0.003229307965631297,-0.0025559139254645257,-4.981445862642265,0,0.5360032766730617
44.53279999999295,-2.1393695130424786,0.48716711446026073,1.2700296841786276,0.0060950748472118526,-0.008300718516798481,-0.003974225199651388,-1.983758718766041,0.792772700376942,1.1747186404011147,-0.1061530934679234,-0.01907626856074037,-0.029076097178824735,-2.090017351259292,0.46702713461609374,1.1735083662210029,-0.07072759142013398,-0.025833998885390248,-0.05527544692062071,0.09000117304571391,0.09000117304571391,0.0,0.12715982785181135,0.5294609274403946,-0.19416667593471235,-0.0032310359744169145,-0.002554430177788715,-4.981384267307794,0,0.5360275984712646
44.53695999999295,-2.139344093255974,0.4871325397038079,1.2700131498870424,0.006100748761108843,-0.008297941548679136,-0.003968229980467101,-2.037001407834934,0.5247588349958386,1.5717900461698966,0.1321265962524952,0.0628721044912118,0.20073383200990727,-2.063232845764716,0.4960249270255534,1.373067916006929,0.030040598244832715,0.01814500894739503,0.07348103790668468,0.09000117304571391,0.09000117304571391,0.0,0.12712304205183445,0.5294899393600644,-0.19414109236765337,-0.003232767739178424,-0.0025529509610135617,-4.981322644986632,0,0.5360519091590863
44.54111999999295,-2.139318649803197,0.4870979764656762,1.2699966405402792,0.006106428666457676,-0.008295177151600353,-0.0039622432231953535,-1.6839009607632278,0.931951798514006,1.0211898077788695,0.09412317941924897,-0.13323580482141828,0.02014978482327412,-1.873368880460758,0.7137155019152849,1.1971668648512819,0.06227254645677978,-0.058120096259006736,0.04751399258010451,0.09000117304571391,0.09000117304571391,0.0,0.12708622058343366,0.5295189649437798,-0.19411554973311923,-0.0032345032675657605,-0.002551476270816637,-4.981260995613014,0,0.5360762087758745
44.54527999999295,-2.1392931826590824,0.4870634246935163,1.2699801561031365,0.006112114587436366,-0.008292425318369058,-0.003956264914253265,-1.8097980839089256,0.44264783537457425,1.9127855409433754,0.0029554260150297823,0.009750181122774421,0.04178547097083541,-1.8415770352868595,0.5782006317209509,1.5550680865405395,0.03268756970190846,-0.024468078367290803,0.04466762580297966,0.09000117304571391,0.09000117304571391,0.0,0.12704936337329212,0.5295480042294788,-0.19409004797994941,-0.0032362425672595586,-0.0025500061028890745,-4.981199319121068,0,0.5361004973609518
44.54943999999295,-2.1392676917984645,0.4870288843350086,1.2699636965404697,0.006117806548288628,-0.0082896860418432,-0.0039502950400574785,-2.2701626540561,0.25117149313223175,1.6710905013247792,-0.10513789727829959,-0.009079676037886848,0.003962174566085196,-2.056092208985148,0.4146645948848871,1.6130876926428594,-0.035888641084803746,-0.016633640937475932,0.02463214712258148,0.09000117304571391,0.09000117304571391,0.0,0.12701247034756472,0.5295770572552829,-0.19406458705715324,-0.003237985645971486,-0.0025485404529368627,-4.981137615444812,0,0.5361247749536157
44.55359999999295,-2.139242177196076,0.4869943553378631,1.2699472618171905,0.006123504573323668,-0.008286959314928394,-0.003944333587025235,-1.602005650100186,0.5430063543562561,1.1068939779457376,0.004217375656527283,-0.23777162892306422,-0.10997292070725631,-1.829037415416204,0.47833995553273234,1.3597600595651502,-0.015628863339447796,-0.12629456363701225,-0.043386312852861236,0.09000117304571391,0.09000117304571391,0.0,0.1269755414323051,0.5296061240590172,-0.19403916691390982,-0.003239732511444187,-0.0025470793166808645,-4.98107588451815,0,0.5361490415931383
44.557759999992946,-2.139216638826547,0.486959837649819,1.2699308518982673,0.006129208686912731,-0.008284245130597195,-0.003938380541567805,-2.6779208176399854,1.0826661644569677,1.0030667640666597,-0.11779414396579192,-0.006104160422137572,0.09976559817471907,-2.2537295302642093,0.780494667092005,1.1816185231630916,-0.06696207195233334,-0.06624302394151318,0.028133473908095393,0.09000117304571391,0.09000117304571391,0.0,0.1269385765530378,0.5296352046790646,-0.19401378749935402,-0.003241483171451613,-0.002545622689860731,-4.9810141262748795,0,0.5361732973187668
44.561919999992945,-2.1391910766644076,0.48692533121864456,1.2699144667487252,0.0061349189134945244,-0.008281543481861773,-0.003932435890098931,-2.2941566906618776,0.16606623115333796,1.4863577986593137,-0.04589120855968232,0.16430740059945875,0.07815047301662321,-2.274039048825885,0.473617450881968,1.3341515326210287,-0.05633033222457225,0.049235445307258506,0.05376934699231804,0.09000117304571391,0.09000117304571391,0.0,0.12690157563582702,0.5296642991536724,-0.19398844876343244,-0.0032432376337987773,-0.002544170568231316,-4.980952340648685,0,0.5361975421697243
44.566079999992944,-2.1391654906840842,0.48689083599213717,1.2698981063336459,0.006140635277580213,-0.008278854361768642,-0.003926499619039755,-2.4301225542104907,0.9289341103881604,1.3699081307062477,0.12188137033795746,-0.025591871637575585,-0.03515181967515109,-2.3518295862987255,0.7012253655098896,1.3519584207004072,0.033342221655698216,0.012004893283944424,0.008615512178526045,0.09000117304571391,0.09000117304571391,0.0,0.12686453860556637,0.5296934075210586,-0.19396315065540615,-0.0032449959063223107,-0.0025427229475596053,-4.980890527573138,0,0.5362217761852083
44.57023999999294,-2.139139880859902,0.4868563519181229,1.2698817706181675,0.006146357803743468,-0.00827617776342552,-0.003920571714805494,-2.4813650616724563,0.997569357373767,1.7847460140998517,0.043048940430398044,0.11521450697886298,-0.07473375708724374,-2.4165084538843398,0.8496378328436547,1.5681983796860428,0.03808149139088477,0.06420177773436729,-0.03236998986473363,0.09000117304571391,0.09000117304571391,0.0,0.12682746538768835,0.5297225298195195,-0.1939378931253473,-0.0032467579968902477,-0.002541279823628901,-4.980828686981699,0,0.5362459994043922
44.57439999999294,-2.139114247166083,0.4868218789444562,1.269865459567485,0.006152086516623828,-0.00827351368000261,-0.00391465216380761,-2.1533776611217488,0.38005116201807815,0.9047117990653686,-0.04109096079756961,-0.21945037499440376,0.008127735015979097,-2.285027486762412,0.6143854235744005,1.2364669114253424,-0.0011137909619061608,-0.07792468400738206,-0.011911830958467668,0.09000117304571391,0.09000117304571391,0.0,0.12679035590688187,0.529751666087536,-0.19391267612307012,-0.0032485239134026306,-0.002539841192240987,-4.980766818807717,0,0.5362702118664249
44.57855999999294,-2.1390885895767457,0.48678741701901995,1.2698491731468498,0.006157821440930732,-0.0082708621047082,-0.003908740952460849,-2.3675907289366322,0.2922606084763053,1.3489441889931397,-0.16058897468343256,-0.04701826049882768,0.0489424570205887,-2.326643246906288,0.4532225466659428,1.292808238428146,-0.0810619164965963,-0.06227213183892126,0.0184622413814139,0.09000117304571391,0.09000117304571391,0.0,0.12675321008773283,0.5297808163638282,-0.19388749959898657,-0.003250293663791288,-0.0025384070492123056,-4.980704922984425,0,0.5362944136104313
44.58271999999294,-2.1390629080659065,0.486752966089725,1.2698329113215698,0.006163562601444768,-0.008268223030786868,-0.003902838067185426,-2.408723470690719,1.16518893856675,0.8396362770918167,0.14943920076263312,-0.01507546871779155,0.08240583438030183,-2.3673739781521634,0.8091793305649616,1.0663915203242373,0.03459423359671119,-0.03865879364497699,0.049933773674206754,0.09000117304571391,0.09000117304571391,0.0,0.12671602785472408,0.5298099806867143,-0.19386236350325062,-0.003252067256019871,-0.002536977390371639,-4.980642999444944,0,0.536318604675512
44.58687999999294,-2.139037202607477,0.48671852610451016,1.2698166740570098,0.0061693100230093105,-0.0082655964515598,-0.00389694349439108,-1.989298304516947,0.21178395051269217,1.0601201697882856,0.010971595538153474,-0.15382270281122323,-0.09881953319760697,-2.178312128562306,0.5101585536969069,1.063051422599807,0.023483278495524087,-0.09673353069721032,-0.02499266136269016,0.09000117304571391,0.09000117304571391,0.0,0.1266788091318076,0.529839159094911,-0.19383726778639973,-0.003253844698084394,-0.002535552211567177,-4.980581048122281,0,0.5363427851007431
44.59103999999294,-2.1390114731752665,0.48668409701134185,1.2698004613185911,0.006175063730538169,-0.008262982360388343,-0.0038910572204908997,-1.8500460830149903,0.42264589284407517,0.6503520933571375,-0.08785895972749659,-0.20751377671149418,0.00910140180502247,-2.0143605784592986,0.465970168188259,0.8567175514169114,-0.03168755484180287,-0.15220306812722045,-0.007827912496216014,0.09000117304571391,0.09000117304571391,0.0,0.1266415538432593,0.5298683516272682,-0.1938122123993553,-0.0032556259980130414,-0.002534131508662627,-4.980519068949328,0,0.5363669549251775
44.595199999992936,-2.138985719742979,0.4866496787582141,1.2697842730717916,0.006180823749018664,-0.008260380750672734,-0.0038851792319025717,-2.027944560168629,0.4855570488487107,0.9539489717917289,-0.021867827800621,0.159720950637065,-0.18333481908962374,-2.0211991038871084,0.476095676899542,0.9049516791550779,-0.026319084231259768,0.003875349368786893,-0.0951221205191305,0.09000117304571391,0.09000117304571391,0.0,0.1266042619123963,0.529897558322448,-0.19378719729278102,-0.003257411163866594,-0.002532715277534872,-4.980457061858861,0,0.5363911141878444
44.599359999992934,-2.1389599422842145,0.4866152712931479,1.2697681092821456,0.006186590103502666,-0.008257791615879317,-0.0038793095150369454,-2.410797999274093,0.28287142683399635,1.5024874133377368,-0.0030624298167623394,0.08372950170584315,-0.006558004053321343,-2.216007961315708,0.3796559099136568,1.2037105071622733,-0.014541378956275986,0.04401118987844738,-0.05104774153746867,0.09000117304571391,0.09000117304571391,0.0,0.12656693326285876,0.5299267792194053,-0.19376222241750968,-0.0032592002037383546,-0.0025313035140785245,-4.98039502678354,0,0.5364152629277487
44.60351999999293,-2.1389341407724682,0.48658087456419163,1.2697519699152442,0.006192362819118091,-0.008255214949503141,-0.003873448056311468,-2.7221773840270194,0.4439150332595618,1.1832809701820328,-0.022818656501847605,0.037138797549422314,0.22890007624009395,-2.469145154088246,0.411862376130509,1.1939715357826055,-0.017969117027260235,0.04095660597932634,0.08898779806881885,0.09000117304571391,0.09000117304571391,0.0,0.1265295678175411,0.5299560143571217,-0.19373728772518584,-0.003260993125754346,-0.002529896214200399,-4.980332963655912,0,0.5364394011838722
44.60767999999293,-2.1389083151811303,0.48654648851942034,1.2697358549367352,0.006198141921056138,-0.008252650745114824,-0.003867594842135667,-1.9487765676342441,0.599621814121876,1.1476842058516517,-0.16399681142810163,0.015685912135885507,-0.11163465360431914,-2.20929801231222,0.5057760400681727,1.1705958888199557,-0.09112550239339613,0.028320540593666774,-0.011569630279978297,0.09000117304571391,0.09000117304571391,0.0,0.12649216549944647,0.5299852637744448,-0.19371239316698274,-0.0032627899380734218,-0.0025284933738264643,-4.980270872408404,0,0.5364635289951735
44.61183999999293,-2.138882465483486,0.4865121131069356,1.269719764312323,0.006203927434578926,-0.008250098996336754,-0.0038617498589175433,-2.1223545762378873,0.6886480663692318,0.8624857071012075,-0.2040724936018825,-0.14379016157237143,0.11110975842340207,-2.166249871685895,0.596914552347208,1.0167703937296357,-0.14772594810841522,-0.057867487822472,0.049451254867365645,0.09000117304571391,0.09000117304571391,0.0,0.12645472623147322,0.5300145275107297,-0.19368753869445696,-0.003264590648887532,-0.002527094988900341,-4.9802087529733265,0,0.5364876464005877
44.61599999999293,-2.1388565916527154,0.48647774827486556,1.2697036980077685,0.006209719385027684,-0.008247559696811967,-0.0038559130930752015,-2.089055827464616,0.12608557751652522,1.2934372773572684,-0.08308478931162859,-0.2846556896098259,-0.08617401646931554,-2.1278261986909466,0.36090548635097447,1.1549279585853913,-0.11489244290884411,-0.1716277009320817,-0.01903862395011131,0.09000117304571391,0.09000117304571391,0.0,0.12641724993598696,0.5300438056049847,-0.19366272425933495,-0.003266395266421791,-0.002525701055376116,-4.980146605282873,0,0.5365117534390271
44.62015999999293,-2.138830693661891,0.4864433939713645,1.2696876559888892,0.006215517797809809,-0.008245032840256046,-0.0038500845310184117,-2.4194212749855177,0.4096413588562063,1.5445448527910564,0.018733580283817025,0.19602595987534413,0.08080335416385294,-2.2735880882971866,0.38568314541025905,1.349906918406825,-0.04747427572893368,0.011380544218104523,0.031011690041880542,0.09000117304571391,0.09000117304571391,0.0,0.12637973653481968,0.5300730980964585,-0.19363794981351307,-0.0032682037989347507,-0.002524311569225459,-4.980084429269119,0,0.5365358501493808
44.62431999999293,-2.138804771483981,0.48640905014461266,1.2696716382215594,0.006221322698403311,-0.00824251842043462,-0.0038442641591566206,-2.330592284291254,0.7573418186830093,0.9718342056108629,-0.13845997374477362,-0.08470088425189226,-0.12138200725096714,-2.302377945863087,0.5713387661405099,1.160616126124233,-0.09326520724002788,-0.036586123154072274,-0.045502720490785104,0.09000117304571391,0.09000117304571391,0.0,0.12634218595033872,0.5301024050245344,-0.19361321530905748,-0.003270016254718208,-0.002522926526436612,-4.980022224864019,0,0.5365599365705149
44.628479999992926,-2.1387788250918462,0.4863747167428161,1.2696556446717098,0.00622713411236009,-0.008240016431165509,-0.0038384519638980054,-2.2503922319369725,0.14282830027572624,1.0012484079132142,0.08778749772000888,-0.03220236569546064,0.01314736297504035,-2.276202083115857,0.35701436941412446,1.080959317851172,-0.002772835448037603,-0.034786256212170595,-0.016575657770888735,0.09000117304571391,0.09000117304571391,0.0,0.1263045981039503,0.5301317264286232,-0.19358852069820423,-0.003271832642097845,-0.002521545923014136,-4.9799599919994115,0,0.5365840127412735
44.632639999992925,-2.138752854458241,0.4863403937142065,1.2696396753053278,0.00623295206530673,-0.008237526866304117,-0.0038326479316549583,-2.5863037602200993,0.31682816200034836,0.9677038280567316,-0.03824184216963457,0.06687513205021843,0.04909806203640581,-2.43133363428935,0.33706061311222163,1.024433742534432,-0.020985536072532653,0.015782954307985868,0.01585331521267194,0.09000117304571391,0.09000117304571391,0.0,0.12626697291716765,0.5301610623480562,-0.19356386593335928,-0.0032736529694329325,-0.00252016975497593,-4.979897730607014,0,0.5366080787004772
44.636799999992924,-2.138726859555812,0.48630608100704076,1.2696237300884576,0.006238776582937452,-0.00823504971978204,-0.0038268520488300758,-2.3504965197256076,0.3183942909209011,1.2944695171765261,-0.004044307449826238,-0.06650862943645308,-0.10373630408019521,-2.3909219925947514,0.32758859361377074,1.1592365672093317,-0.012963568361846903,-0.025169192889849343,-0.04336466246823624,0.09000117304571391,0.09000117304571391,0.0,0.12622931031118337,0.530190412822674,-0.19353925096709837,-0.0032754772451168536,-0.0025187980183595743,-4.979835440618424,0,0.5366321344869251
44.64095999999292,-2.1387008403570995,0.486271778569601,1.2696078089872,0.006244607691030428,-0.00823258498553733,-0.0038210643018410963,-2.120403271887557,0.4863778248719319,1.3236392075241357,0.059249861466615955,0.005615904647151447,-0.06297841220886849,-2.2555374984694425,0.4069952770463561,1.2413085765366656,0.02313716309699395,-0.00943037225816434,-0.053426101651394574,0.09000117304571391,0.09000117304571391,0.0,0.12619161020686914,0.5302197778918111,-0.19351467575238132,-0.003277305477576828,-0.0025174307092111943,-4.979773121965117,0,0.5366561801393934
44.64511999999292,-2.138674796834535,0.4862374863501943,1.2695919119677122,0.006250445415425244,-0.00823013265761195,-0.003815284677086867,-2.287446194242206,0.7228147335504034,1.820090408273912,0.02244872323221282,0.11016783478731793,-0.06155396638287982,-2.271444999777422,0.5651363807089015,1.5305753745374198,0.022611630601592502,0.05035166390062369,-0.05742343359813641,0.09000117304571391,0.09000117304571391,0.0,0.12615387252477522,0.5302491575953109,-0.19349014024169597,-0.003279137675274572,-0.0025160678235998943,-4.9797107745784475,0,0.5366802156966364
44.64927999999292,-2.1386487289604434,0.4862032042971523,1.269576038996208,0.00625628978204,-0.008227692730078963,-0.0038095131609707372,-1.993991003035942,0.3139767712307804,1.805618057285684,0.04714868795583359,0.10813896225230774,0.038447146391621265,-2.132618691920238,0.43977990356197766,1.6681778003753922,0.03521512372476543,0.07916507338329229,-0.009105238146900028,0.09000117304571391,0.09000117304571391,0.0,0.1261160971855579,0.5302785519730991,-0.19346564438855537,-0.0032809738467060798,-0.002514709357610029,-4.97964839838965,0,0.5367042411973864
44.65343999999292,-2.13862263670704,0.48616893235883135,1.2695601900389584,0.006262140816875816,-0.00822526519703187,-0.00380374973990798,-1.9841204670227184,0.05824127449149713,1.1039479679803106,0.05979531218021178,-0.032280290642139484,-0.10173598517110617,-2.0582441053350617,0.2489413903357211,1.3858481427787321,0.04747358626631022,0.02315468039392552,-0.05580641240730959,0.09000117304571391,0.09000117304571391,0.0,0.12607828410912417,0.5303079610646494,-0.19344118814600128,-0.0032828140004018107,-0.002513355307335062,-4.979585993329835,0,0.5367282566803532
44.65759999999292,-2.1385965200464314,0.48613467048361186,1.2695443650622904,0.006267998545993628,-0.008222850052676757,-0.0037979944002901065,-2.638692233753196,0.38623907386684925,1.372643681923965,0.1509749811156789,-0.08610729910439163,-0.03326174658720413,-2.3481576398020283,0.31741218118513626,1.3791762484460464,0.09894461508095863,-0.0315121221536951,-0.044348936712254636,0.09000117304571391,0.09000117304571391,0.0,0.1260404332154861,0.5303373849104261,-0.19341677146767294,-0.003284658144927178,-0.0025120056688935,-4.979523559329992,0,0.5367522621842261
44.66175999999292,-2.1385703789506167,0.4861004186198985,1.2695285640325882,0.006273862995545732,-0.00822044729120523,-0.003792247128531827,-1.6657927914506943,0.8368753900621319,1.2679179808147247,0.08934069440829921,-0.149402172841001,-0.06027794488651512,-2.0067852710047593,0.5768368807010742,1.32341995935369,0.09445882408969708,-0.09055169085067653,-0.05183140234801302,0.09000117304571391,0.09000117304571391,0.0,0.12600254442433353,0.5303668235499612,-0.19339239430716598,-0.0032865062888821576,-0.002510660438410695,-4.979461096320983,0,0.5367762577476717
44.665919999992916,-2.1385442133914845,0.4860661767161197,1.2695127869162923,0.006279734191747747,-0.008218056906915927,-0.0037865079110270994,-1.681248919844719,-0.07296086391259154,1.2411009963190769,0.006783447911856778,0.061028266843970676,0.2589849247254723,-1.844001345324787,0.2520610769501928,1.282797867501699,0.0509331410430119,-0.015097654265602087,0.10390086945282197,0.09000117304571391,0.09000117304571391,0.0,0.12596461765481962,0.5303962770237244,-0.1933680566182459,-0.003288358440902103,-0.0025093196120346724,-4.979398604233551,0,0.5368002434093355
44.670079999992915,-2.138518023340814,0.48603194472072747,1.2694970336798999,0.006285612160898919,-0.008215678894123616,-0.0037807767341811495,-1.9767879069693148,1.1042326574913293,1.8770574037571268,0.10775255965486628,-0.057830827637982446,-0.0193520946211128,-1.9101715068708895,0.6780318143096004,1.5798911419459682,0.07937467099052495,-0.03611072006800444,0.04247471181745898,0.09000117304571391,0.09000117304571391,0.0,0.1259266528262017,0.5304257453716271,-0.19334375835463394,-0.0032902146096572627,-0.002507983185925452,-4.979336082998312,0,0.5368242192078416
44.67423999999291,-2.138491808770275,0.4859977225821974,1.2694813042899649,0.0062914969293719975,-0.008213313247211805,-0.0037750535843912277,-1.6885373124647984,0.41725914797351615,1.4650561981512589,-0.0027604621469878203,-0.0035459031721451154,-0.09058780945700295,-1.7993593522236937,0.5476363034106096,1.5222851124803174,0.0386738333271088,-0.019841165060898978,-0.024368269129965106,0.09000117304571391,0.09000117304571391,0.0,0.12588864985719997,0.5304552286341989,-0.19331949947086294,-0.0032920748038533613,-0.002506651156260398,-4.979273532545758,0,0.5368481851817931
44.67839999999291,-2.1384655696514265,0.48596351024902823,1.269465598713098,0.006297388523618146,-0.00821095996060797,-0.0037693384480574762,-1.8911506450378344,0.9944601996421729,0.8499505199197186,-0.11007924438410834,-0.05066317108961537,-0.2403957663974624,-1.84548484577749,0.7709458714893528,1.1856129680181384,-0.035576240114707273,-0.035188283101440766,-0.13230696733703579,0.09000117304571391,0.09000117304571391,0.0,0.12585060866663852,0.5304847268515183,-0.19329527992120865,-0.003293939032231529,-0.002505323519231867,-4.979210952806254,0,0.5368721413697717
44.68255999999291,-2.1384393059557176,0.4859293076697416,1.2694499169159665,0.00630328697016467,-0.008208619028802277,-0.0037636313115750972,-2.3026559195617398,0.11875181411091934,1.6154048890034474,0.050772659578402296,0.12339984609199535,-0.07135426238058162,-2.073968007157088,0.44510013777871504,1.4003623843350776,0.007607634948970525,0.044484818507353495,-0.101287875091264,0.09000117304571391,0.09000117304571391,0.0,0.12581252917258987,0.5305142400642817,-0.19327109965990255,-0.0032958073035688085,-0.002504000271049771,-4.97914834371004,0,0.5368960878103385
44.68671999999291,-2.1384130176544858,0.48589511479288194,1.2694342588652943,0.006309192295620364,-0.008206290446317408,-0.0037579321613436557,-2.083388293048248,0.7210577410461573,0.4540394184451433,0.09583426262730328,0.06180120591667107,-0.24193522348806248,-2.078477980769288,0.583209837659247,0.9266910645885853,0.05128121499322183,0.05293873684323095,-0.17160413725078044,0.09000117304571391,0.09000117304571391,0.0,0.12577441129301548,0.5305437683126822,-0.19324695864177363,-0.0032976796266778493,-0.002502681407936771,-4.979085705187231,0,0.5369200245420334
44.69087999999291,-2.138386704718958,0.48586093156701626,1.269418624527862,0.006315104526664058,-0.008203974207762693,-0.0037522409837498893,-1.826400652797136,0.1428558736943249,1.326115440267338,0.019517200672912037,-0.03755049088833915,-0.005599307804607934,-1.952396986089906,0.3629532971954434,1.1263945687310462,0.03541490756442853,0.006917678609271878,-0.08869299792973638,0.09000117304571391,0.09000117304571391,0.0,0.12573625494597976,0.5305733116376378,-0.1932228568218214,-0.0032995560104073923,-0.0025013669261369246,-4.979023037167812,0,0.5369439516033762
44.69503999999291,-2.1383603671202494,0.485826757940734,1.269403013870507,0.006321023690065835,-0.008201670307751683,-0.0037465577651968588,-2.274973592406166,0.505161055158102,1.1524594197273221,0.1336413963520563,0.011318685733317162,-0.1787195836245944,-2.113410613823999,0.4340819463418391,1.1390557314118657,0.08502076642370926,0.009006090741177504,-0.13383820607687563,0.09000117304571391,0.09000117304571391,0.0,0.12569806004879472,0.5306028700795635,-0.19319879415478755,-0.0033014364636422613,-0.002500056821903005,-4.978960339581642,0,0.5369678690328654
44.699199999992906,-2.138334004829363,0.4857925938626465,1.2693874268601233,0.006326949812664006,-0.008199378740993867,-0.003740882492069461,-2.379270100118781,0.5745135356816358,1.262323646490573,-0.043155816013424976,-0.0017243805617835478,0.024285905331455228,-2.2464322357599857,0.5042950887225919,1.2007412950139997,0.021063579076645664,0.003664764215394997,-0.05489663116601816,0.09000117304571391,0.09000117304571391,0.0,0.12565982651866042,0.5306324436794398,-0.19317477059601135,-0.0033033209953037424,-0.0024987510915090733,-4.978897612358451,0,0.53699177686898
44.703359999992905,-2.1383076178171905,0.48575843928138723,1.2693718634636617,0.00633288292138242,-0.008197099502225113,-0.003735215150760889,-1.8127076305767225,0.31155430855012767,1.3924518434297737,0.04962569018453199,0.160812489017401,-0.05144676797274261,-2.029463388242108,0.40825740648654674,1.296490035168283,0.035203386527971135,0.08243472723403966,-0.05275466602418968,0.09000117304571391,0.09000117304571391,0.0,0.12562155427266505,0.5306620324779046,-0.19315078610100256,-0.0033052096143494506,-0.0024974497312424465,-4.978834855427841,0,0.5370156751501781
44.707519999992904,-2.1382812060545104,0.4857242941456112,1.2693563236481298,0.006338823043222451,-0.008194832586247437,-0.00372955572765868,-1.8628865567177635,0.5225515349954912,1.1344895144228544,0.13883758448529732,-0.02762160435738123,-0.08849587020099182,-1.9458857545733494,0.46534754912135096,1.2153049262343676,0.08736286822394965,0.02754307346496735,-0.0707931345759084,0.09000117304571391,0.09000117304571391,0.0,0.12558324322757092,0.5306916365158942,-0.19312684062522734,-0.003307102329773803,-0.0024961527374077835,-4.978772068719286,0,0.537039563914898
44.7116799999929,-2.1382547695119887,0.4856901584039949,1.2693408073805916,0.006344770205267125,-0.008192577987912057,-0.003723904209149675,-1.7681481781052837,0.6975247434723957,1.0117973192408085,0.003589990697467348,0.013537314481774986,-0.0778595669365897,-1.8570062710968038,0.5814670340127671,1.1133880455545009,0.0445275921236354,0.02000936131270425,-0.07446653939060269,0.09000117304571391,0.09000117304571391,0.0,0.12554489329960006,0.5307212558346446,-0.19310293412432167,-0.0033089991506081596,-0.0024948601063256555,-4.978709252162125,0,0.5370634432015582
44.7158399999929,-2.1382283081601776,0.4856560320052361,1.2693253146281682,0.00635072443468316,-0.008190335702107244,-0.00371826058162406,-1.5732126135787108,0.16199114079656668,1.2973465032119817,-0.0041274634837853525,-0.042510893573137684,-0.00949318656331502,-1.715116017462212,0.3716380433374351,1.205347653091907,0.020191619789914066,-0.011397090007705874,-0.04142481318972237,0.09000117304571391,0.09000117304571391,0.0,0.1255065044048613,0.5307508904749425,-0.19307906655430557,-0.0033109000859206433,-0.002493571834329386,-4.978646405685573,0,0.5370873130485566
44.7199999999929,-2.1382018219695165,0.48562191489805356,1.2693098453580371,0.0063566857587102265,-0.008188105723809867,-0.003712624831458197,-2.3221347369484686,0.04451229824976255,1.0753884021753,0.08862640101478515,-0.015129247593215796,-0.04243758076603903,-2.0184449874306596,0.20804221238541548,1.1402785654446599,0.05426180055558657,-0.01364714044469063,-0.04179463769236313,0.09000117304571391,0.09000117304571391,0.0,0.12546807645935024,0.5307805404781413,-0.19305523787115547,-0.0033128051448166884,-0.0024922879177739915,-4.978583529218709,0,0.5371111734942722
44.7241599999929,-2.1381753109103303,0.4855878070311868,1.2692943995374328,0.006362654204677222,-0.008185888048020562,-0.003706996945036644,-1.949512816596742,0.11940562912216751,1.1947165103250683,-0.045835927543685796,0.13947962712369333,0.10906695154493991,-1.9840746204654371,0.16401212812499708,1.1677256427437859,0.004634501050598639,0.06352478233228924,0.033209210405830046,0.09000117304571391,0.09000117304571391,0.0,0.12542960937852127,0.5308102058855736,-0.1930314480312318,-0.0033147143364390397,-0.002491008353027301,-4.978520622690485,0,0.5371350245770642
44.7283199999929,-2.1381487749528305,0.485553708353396,1.2692789771336463,0.006368629799995107,-0.008183682669791184,-0.003701376908743153,-2.344725459786192,0.6680175809199227,1.1479358116422143,-0.05978776036910715,0.08584987881350448,-0.06807453951386938,-2.164527639291556,0.4161960537201575,1.1576896572383875,-0.02722692200298371,0.0751152044760777,-0.017744298237777973,0.09000117304571391,0.09000117304571391,0.0,0.12539110307792864,0.5308398867382842,-0.1930076969908513,-0.0033166276699678095,-0.0024897331364711946,-4.978457686029716,0,0.5371588663352722
44.7324799999929,-2.138122214067113,0.4855196188134616,1.2692635781140258,0.006374612572153132,-0.008181489584250504,-0.003695764708950867,-2.2233693053860644,0.5600865037565878,1.569654203723437,-0.006535105228656024,-0.0007232554654515392,-0.01951681783297671,-2.193963122671086,0.48814133121685105,1.3636338092819509,-0.016571832135938956,0.036936387341886597,-0.018433540570330097,0.09000117304571391,0.09000117304571391,0.0,0.12535255747215718,0.5308695830780987,-0.19298398470692898,-0.0033185451546211275,-0.0024884622645073955,-4.978394719165089,0,0.5371826988072168
44.736639999992896,-2.13809562822316,0.48548553836018427,1.2692482024459757,0.0063806025487266466,-0.008179308786559439,-0.0036901603320393943,-2.0432938337464432,0.34098837403236276,0.7548271353074018,0.0901044019163307,-0.06649579108240578,0.09073822119549836,-2.1184396398193526,0.41442603182326787,1.0594158882660494,0.036581765108546584,-0.015022257626027553,0.0356918144916825,0.09000117304571391,0.09000117304571391,0.0,0.12531397247653192,0.530899294946235,-0.19296031113590859,-0.003320466799654615,-0.002487195733551322,-4.978331722025154,0,0.5372065220311993
44.740799999992895,-2.1380690173908374,0.4854514669423845,1.2692328500969574,0.0063865997573748215,-0.008177140271942177,-0.0036845637643817316,-2.2405297389951957,0.6347402940576748,1.3015698726372775,-0.061857503561852975,-0.1902551446433886,0.003718329745570793,-2.1796147763565257,0.5241885872594928,1.1805029117840282,-0.012357099019671008,-0.10243892054733593,0.01941724738059617,0.09000117304571391,0.09000117304571391,0.0,0.1252753480049806,0.530929022384425,-0.19293667623483127,-0.0033223926143623158,-0.002485933540035152,-4.97826869453833,0,0.5372303360455021
44.74495999999289,-2.1380423815398966,0.48541740450890253,1.2692175210344894,0.006392604225839311,-0.008174984035673332,-0.003678974992350055,-2.4106587289457795,0.4985681337741501,1.9020099088709221,-0.08331690309525139,0.1599564887614244,0.030703393250819087,-2.295311665531863,0.5117114345238236,1.5413266785318798,-0.047832738853069774,0.028478280170861413,0.024406955039643557,0.09000117304571391,0.09000117304571391,0.0,0.12523668397217042,0.5309587654343274,-0.19291307996112295,-0.0033243226080762246,-0.0024846756804069604,-4.978205636632899,0,0.5372541408883889
44.74911999999289,-2.138015720639972,0.48538335100859803,1.2692022152261464,0.006398615981948936,-0.008172840073078308,-0.0036733940023166876,-2.0925476258348183,0.6375017465217889,1.0957173093498003,0.08865473465863193,-0.1006970948580719,-0.0014178177611806004,-2.193743704208655,0.5743985136555216,1.3185160531050446,0.02034294369854154,-0.03633672420331806,0.011435477301566974,0.09000117304571391,0.09000117304571391,0.0,0.1251979802915842,0.5309885241377954,-0.19288952227173825,-0.0033262567901669697,-0.0024834221511301153,-4.9781425482370105,0,0.5372779365981042
44.75327999999289,-2.1379890346605817,0.48534930639034995,1.2691869326395604,0.00640463505361442,-0.0081707083795418,-0.0036678207806480696,-2.1734136377780118,0.6141542357245505,1.009983217750539,0.08866864209184777,0.01164770399671864,0.03752584230798985,-2.18339465654414,0.594300519727804,1.1643246874261635,0.05476876856081843,-0.012174461073614664,0.024883714539695893,0.09000117304571391,0.09000117304571391,0.0,0.12515923687680192,0.531018298536609,-0.1928660031244435,-0.0033281951700435846,-0.002482172948684913,-4.978079429278677,0,0.5373017232128743
44.75743999999289,-2.137962323571128,0.4853152706030562,1.2691716732424199,0.006410661468831124,-0.008168588950505283,-0.003662255313708559,-2.0377540733717265,-0.040421734844392654,1.1924520471597155,-0.07977045060648905,0.056010138841973846,0.025097330537283028,-2.1107404374573906,0.2770510810875261,1.178440761309114,-0.011928977663514353,0.022091074129254474,0.024992683016973053,0.09000117304571391,0.09000117304571391,0.0,0.1251204536415012,0.5310480886728499,-0.19284252247674782,-0.0033301377571537828,-0.0024809280695687694,-4.978016279685774,0,0.5373255007709071
44.76159999999289,-2.137935587340896,0.48528124359563346,1.2691564370024704,0.006416695255684816,-0.008166481781451011,-0.0036566975878640955,-2.0333227238402483,0.44305411649124493,1.1031440465862024,-0.16453458408477237,0.027364346100010428,-0.08488883124485021,-2.0723733958899797,0.3601096780744663,1.1406158508417437,-0.08815959074617655,0.025207903490996077,-0.03020073331876587,0.09000117304571391,0.09000117304571391,0.0,0.12508163049860194,0.5310778945883137,-0.19281908028675862,-0.0033320845609843687,-0.002479687510292941,-4.977953099386044,0,0.537349269310392
44.76575999999289,-2.137908825939053,0.4852472253170171,1.2691412238875142,0.006422736442343417,-0.008164386867931566,-0.003651147589473738,-2.3369311593509106,0.2828691935143073,1.465871926135213,0.006166862351656436,-0.19222648731721367,0.007758556592821628,-2.2046412013871195,0.3210889722836235,1.3032645070770512,-0.04105076209798728,-0.08344848519860619,-0.012283784150337937,0.09000117304571391,0.09000117304571391,0.0,0.1250427673606927,0.5311077163255251,-0.19279567651232615,-0.003334035591061395,-0.00247845126738703,-4.977889888307088,0,0.5373730288695008
44.76991999999289,-2.1378820393346487,0.4852132157161607,1.2691260338654105,0.006428785057066233,-0.008162304205530319,-0.0036456053049012485,-2.667857505991683,0.6256016863494254,1.3236142055832585,0.06968709825799511,0.07873152819392285,-0.0911240931117274,-2.436108905170105,0.47350967167354524,1.313249817023251,0.014915622905570263,-0.0016246386628666078,-0.05162857469787951,0.09000117304571391,0.09000117304571391,0.0,0.1250038641402445,0.5311375539262964,-0.1927723111118988,-0.0033359908569499464,-0.0024772193373931344,-4.9778266463763705,0,0.5373967794863862
44.774079999992885,-2.1378552274966145,0.485179214742036,1.2691108669040752,0.00643484112819046,-0.008160233789926502,-0.0036400707204942992,-2.042722641553634,0.38964451924249854,1.263784761246266,-0.044554448766243704,0.19551137027551177,0.002600608753403246,-2.2395066159852384,0.43198414361412796,1.2885216170846625,-0.014371610781603037,0.09646095233695282,-0.024163984895829847,0.09000117304571391,0.09000117304571391,0.0,0.12496492074939668,0.5311674074333291,-0.19274898404366786,-0.0033379503682548365,-0.0024759917168761998,-4.977763373521219,0,0.5374205211991843
44.778239999992884,-2.137828390393764,0.48514522234363266,1.269095722971481,0.006440904684152839,-0.008158175616802,-0.003634543822615426,-2.1018050140203646,0.10226368260232005,1.0863095932556273,0.15404690956466432,-0.12636905855277292,-0.08612506427995294,-2.170335952165012,0.26685717951031684,1.1872362040906181,0.07055477117762136,-0.01417890711482529,-0.055694255084586905,0.09000117304571391,0.09000117304571391,0.0,0.12492593710017046,0.5311972768887198,-0.19272569526620867,-0.003339914134620245,-0.002474768402410078,-4.9777000696688205,0,0.5374442540460125
44.78239999999288,-2.137801527994791,0.48511123846995796,1.2690806020356575,0.006446975753469694,-0.008156129681933355,-0.0036290245976103434,-1.2663601708341794,0.1744791726543718,1.2377919630105945,0.04605509784241374,0.08715916169885946,-0.10758061416486205,-1.7182445310908279,0.22084925996617902,1.2122909256718626,0.05762775794570419,0.03627121894946085,-0.08175572004924972,0.09000117304571391,0.09000117304571391,0.0,0.12488691310404101,0.5312271623351879,-0.1927024447382671,-0.003341882165730504,-0.0024735493905893766,-4.977636734746223,0,0.5374679780649714
44.78655999999288,-2.137774640268271,0.4850772630700366,1.2690655040646917,0.006453054364752063,-0.008154095981123897,-0.0036235130318318263,-2.1144522475392526,0.7479026992300588,1.5731585396944698,0.1279175765353171,0.11520237913155579,-0.002637509364944976,-1.9160848345653319,0.4846208440974135,1.3927213354675536,0.09264201096543768,0.07498219228380297,-0.04199182124452947,0.09000117304571391,0.09000117304571391,0.0,0.12484784867215057,0.5312570638152219,-0.19267923241918786,-0.0033438544713098478,-0.0024723346780215014,-4.977573368680334,0,0.5374916932941436
44.79071999999288,-2.13774772718266,0.4850432960929105,1.2690504290267266,0.0064591405466927964,-0.00815207451026118,-0.003618009111620974,-2.136779417108034,0.7826662350326388,1.0126387668157668,0.09948092690605854,-0.036709372672789356,-0.02234169631208764,-2.0262259427737086,0.6335701887594237,1.2026309258436463,0.09567158267286226,0.01870212298523747,-0.03217013309960011,0.09000117304571391,0.09000117304571391,0.0,0.12480874371573585,0.5312869813715599,-0.19265605826763085,-0.0033458310611228087,-0.0024711242613344483,-4.977509971397919,0,0.5375153997715948
44.79487999999288,-2.137720788706293,0.48500933748763864,1.2690353768899627,0.006465234328082364,-0.008150065265257921,-0.0036125128233248636,-2.0627541587425453,0.514969029925171,1.2593287963822812,0.09714558270334295,0.13384495455644316,-0.19023335964050794,-2.044286455299198,0.5745471836172745,1.230584372520476,0.09554726973425827,0.07626108555123311,-0.11109282711426864,0.09000117304571391,0.09000117304571391,0.0,0.12476959814527269,0.5313169150469232,-0.1926329222430677,-0.0033478119449743653,-0.0024699181371684842,-4.977446542825604,0,0.5375390975353732
44.79903999999288,-2.1376938248073856,0.4849753872032965,1.2690203476226574,0.0064713357377958755,-0.008148068242101732,-0.003607024153281204,-1.7797129991370162,0.616006674065988,1.3004375539096482,-0.045084015384427766,-0.05755910959662221,0.09014121373797457,-1.9120923864062644,0.5951574535665464,1.2656986609889054,0.025595050437548644,0.00938076328105723,-0.010353028233853187,0.09000117304571391,0.09000117304571391,0.0,0.12473041187111661,0.5313468648842832,-0.1926098243051412,-0.003349797132710114,-0.002468716302182276,-4.9773830828898715,0,0.5375627866235105
44.80319999999288,-2.137666835454032,0.48494144518897647,1.2690053411931248,0.006477444804803427,-0.008146083436815993,-0.0036015430878322827,-2.2447676886346892,0.9436322526798175,1.201465181848607,-0.1442225120657496,0.23732261870936736,0.05752775089915529,-2.0787310242684702,0.7698916502418007,1.2337003852659327,-0.0599374588576149,0.122983914148261,0.023940148686137953,0.09000117304571391,0.09000117304571391,0.0,0.1246911848032888,0.5313768309264343,-0.1925867644134512,-0.0033517866342162982,-0.002467518753047876,-4.9773195915170625,0,0.5375864670740208
44.807359999992876,-2.1376398206142064,0.48490751139378685,1.268990357569736,0.006483561558157769,-0.008144110845515053,-0.003596069613304287,-2.311668639227712,0.3510894716034094,1.5476727507402068,0.038780555743199566,0.08929334458378686,0.1004070800560489,-2.1951216246219216,0.5606728044049433,1.3908979949589475,-0.010187922277229138,0.10640693485258877,0.061983053104661255,0.09000117304571391,0.09000117304571391,0.0,0.12465191685190363,0.5314068132165818,-0.1925637425277681,-0.0033537804594203314,-0.0024663254864595247,-4.977256068633374,0,0.5376101389249023
44.811519999992875,-2.1376127802557607,0.48487358576685213,1.2689753967209192,0.006489686027014491,-0.008142150464326377,-0.0035906037160351326,-1.6482675937232125,0.6149455336258859,1.4619818415095625,-0.025234315809573346,0.02534194293796923,0.12420573986565074,-1.921741737974345,0.5878629732196811,1.4266991952624533,-0.01844643235101018,0.06553634295501481,0.09288110789438922,0.09000117304571391,0.09000117304571391,0.0,0.12461260792609932,0.5314368117979155,-0.19254075860803274,-0.003355778618290872,-0.0024651364991219787,-4.977192514164859,0,0.5376338022141364
44.815679999992874,-2.1375857143464247,0.4848396682573128,1.2689604586151593,0.00649581824061741,-0.00814020228944326,-0.0035851453823553246,-2.344278826342326,0.4047435124169408,1.0639176158762844,0.13665694797381267,-0.03011660567690159,0.10547669580621272,-2.1327286320333902,0.49624026366790724,1.245524301238988,0.058920140164793584,0.017262132477196917,0.09963692451882057,0.09000117304571391,0.09000117304571391,0.0,0.12457325793489196,0.5314668267135016,-0.19251781261478496,-0.0033577811208378022,-0.002463951787755628,-4.977128928037426,0,0.5376574569796876
44.81983999999287,-2.137558622853807,0.48480575881432464,1.2689455432209986,0.006501958228294139,-0.008138266317150112,-0.003579694598580814,-1.855414879888837,-0.09484153597308154,0.8574096193566374,0.04289755380968241,-0.06142481707543216,0.1255654478568752,-1.9939803358011312,0.2005687450536539,1.0517258678397714,0.05078774071025652,-0.02269135809487462,0.11238272087548362,0.09000117304571391,0.09000117304571391,0.0,0.12453386678760345,0.5314968580069255,-0.19249490450852214,-0.0033597879771126767,-0.002462771349104177,-4.9770653101768385,0,0.5376811032595049
44.82399999999287,-2.1375315057453927,0.484771857387059,1.268930650507036,0.006508106019477629,-0.008136342543742575,-0.0035742513510404607,-2.1893551240313354,1.1751851277187078,1.131908222440549,-0.015567247106317473,-0.19054563457277235,0.15639472380767866,-2.091701091805105,0.6874887183508971,1.092142592666034,0.017429531848733852,-0.1072287439547667,0.13453497618790308,0.09000117304571391,0.09000117304571391,0.0,0.12449443439236463,0.5315269057214362,-0.19247203424927048,-0.0033617991972089215,-0.002461595179921952,-4.977001660508714,0,0.5377047410915207
44.82815999999287,-2.137504362988544,0.4847379639247024,1.2689157804419273,0.00651426164368929,-0.008134430965586897,-0.0035688156260523275,-2.4887727816249026,0.79200532066148,0.9656908940862208,0.10058725775314968,0.08540092735479213,-0.08813817625370224,-2.2900301198188138,0.7399249804536232,1.028731968441576,0.05882187862679934,-0.010733010723203458,0.023484442128084433,0.09000117304571391,0.09000117304571391,0.0,0.1244549606573969,0.5315569699005348,-0.1924492017982962,-0.003363814791261785,-0.0024604232769799084,-4.976937978958524,0,0.5377283705136511
44.83231999999287,-2.1374771945505002,0.48470407837645607,1.2689009329943859,0.00652042513053957,-0.008132531579126969,-0.0035633874099252425,-2.2816194720184244,0.3300594942729824,1.7971497473572504,0.021944968405630955,-0.11953700360350937,-0.10098918274950663,-2.2857793722659094,0.5347395088521834,1.4127351429492099,0.04052046402331163,-0.06453805946220784,-0.03824559267762548,0.09000117304571391,0.09000117304571391,0.0,0.1244154454910126,0.531587050588188,-0.19242640711639544,-0.0033658347694487797,-0.002459255637069976,-4.976874265451594,0,0.5377519915637975
44.83647999999287,-2.1374500003983763,0.48467020069153605,1.2688861081331817,0.00652659650974672,-0.008130644380812636,-0.003557966688981582,-2.0329831297407783,0.6893818572522641,1.7301564742256472,-0.08666957249536442,-0.13173781487353656,0.12210269811730497,-2.159558622764368,0.611788193838596,1.5717019629504236,-0.0236095157456432,-0.09834496450369323,0.04193600895869829,0.09000117304571391,0.09000117304571391,0.0,0.12437588880033171,0.5316171478277069,-0.19240365016474917,-0.003367859141989781,-0.0024580922569924237,-4.976810519913098,0,0.5377756042798445
44.84063999999287,-2.1374227804991635,0.4846363308191727,1.2688713058271421,0.006532775811109068,-0.008128769367206317,-0.0035525534495204287,-1.9899146228963656,0.26128089381889624,0.7915436839212744,0.09659340655822873,0.009517379301467834,0.16916501239595058,-2.0745353457339455,0.4365528052413677,1.1819694447112825,0.0368792418383783,-0.04486220492204895,0.10543556520093032,0.09000117304571391,0.09000117304571391,0.0,0.1243362904929913,0.5316472616631891,-0.19238093090492364,-0.0033698879191472932,-0.0024569331335715823,-4.976746742268067,0,0.5377992086996617
44.844799999992865,-2.1373955348197278,0.4846024687086106,1.2688565260451512,0.006538963064530467,-0.008126906534890118,-0.0035471476778511078,-2.2895813432578263,0.5382322678207284,1.1711673085700016,-0.10216686513827747,0.08858896739658886,0.16546466118388584,-2.1822722493062954,0.4875771556145662,1.1769128759217562,-0.03268495788361294,0.022025486296706937,0.1352475945352524,0.09000117304571391,0.09000117304571391,0.0,0.12429665047564918,0.531677392138558,-0.19235824929801454,-0.0033719211112266333,-0.0024557782636444626,-4.976682932441379,0,0.5378228048611032
44.848959999992864,-2.137368263326811,0.48456861430910847,1.26884176875615,0.006545158300007331,-0.008125055880511984,-0.003541749360274072,-1.5626818139917282,0.08211930800411815,1.3477888678876373,0.1514522483397857,0.08859568844985376,0.0014582836619659095,-1.872157366446228,0.2850296724413179,1.26235444336434,0.05922118726250944,0.05530567130511556,0.06867761750006805,0.09000117304571391,0.09000117304571391,0.0,0.12425696865526584,0.5317075392976693,-0.19233560530571564,-0.0033739587285759338,-0.002454627644064656,-4.976619090357764,0,0.537846392802008
44.85311999999286,-2.137340965987029,0.4845347675699386,1.2688270339291372,0.006551361547633362,-0.008123217400779852,-0.0035363584830849604,-2.180032429408582,0.6307424818320452,0.7055928534729615,0.06372660779365329,-0.1711590817818567,0.059353487750833885,-2.0259633938820123,0.45753290664896534,0.9840924040955025,0.06094040479590032,-0.058112385987277373,0.06440174167298357,0.09000117304571391,0.09000117304571391,0.0,0.12421724493803553,0.5317377031848458,-0.19231299889053452,-0.0033760007815867403,-0.002453481271702929,-4.9765552159418025,0,0.5378699725601999
44.85727999999286,-2.1373136427668724,0.48450092844038667,1.2688123215331681,0.006557572837599859,-0.008121391092453606,-0.0035309750325795515,-2.4272179125294393,0.5592796765374989,1.3939666662496344,0.08342372114158889,-0.04365399096075123,0.29348262519586843,-2.2264206247454332,0.5083167723100404,1.1896434157047573,0.07250888154947972,-0.05115712148319267,0.17865002090218632,0.09000117304571391,0.09000117304571391,0.0,0.1241774792300269,0.5317678838441294,-0.19229043001386692,-0.0033780472806939567,-0.0024523391434459556,-4.976491309117923,0,0.5378935441734876
44.86143999999286,-2.137286293632705,0.48446709686975187,1.2687976315373555,0.006563792200194966,-0.008119576952354657,-0.0035255989950454176,-1.8320456401183456,0.6733572882862741,1.2897362480733467,0.05064109818030327,-0.06525504278392127,-0.014394651114382059,-2.0291253101875117,0.5907015063690924,1.2396601871384552,0.061705926455148045,-0.05774828419391434,0.0823346297430619,0.09000117304571391,0.09000117304571391,0.0,0.12413767143675494,0.5317980813200832,-0.19226789863834856,-0.0033800982363761597,-0.002451201256197592,-4.976427369810402,0,0.5379171076796655
44.86559999999286,-2.137258918550764,0.48443327280734627,1.268782963910869,0.006570019665807083,-0.008117774977349168,-0.003520230356771752,-2.387548747721759,0.9737236817533544,1.194004025683971,-0.036487871291399104,-0.12258273841865483,0.017780806684302104,-2.2084149940442543,0.7819617858341156,1.2168690608335668,0.012405337201860538,-0.0908730539543652,0.049922242495319166,0.09000117304571391,0.09000117304571391,0.0,0.12409782146382209,0.5318282956568827,-0.19224540472635943,-0.0033821536591555398,-0.002450067606876104,-4.9763633979433655,0,0.5379406631165127
44.86975999999286,-2.13723151748716,0.4843994562024947,1.2687683186229355,0.006576255264919144,-0.008115985164383319,-0.003514869104035394,-2.0986961674514792,0.4644135341655068,1.172632443110353,-0.06003947559546942,-0.098915864710259,0.06660414366539148,-2.1536785650655683,0.6229781318771387,1.1948884549472631,-0.02435495650196355,-0.0941419321787257,0.0585131994972245,0.09000117304571391,0.09000117304571391,0.0,0.12405792921606282,0.5318585268992253,-0.19222294824045066,-0.003384213559598603,-0.0024489381924199024,-4.976299393440786,0,0.5379642105217944
44.87391999999286,-2.1372040904078764,0.4843656470045345,1.2687536956428391,0.006582499028115996,-0.008114207510445021,-0.0035095152231140337,-2.1191788587000073,0.23725440233200523,1.1512143160450978,-0.10683128582181557,-0.11066171226838284,0.06539359948928326,-2.1366495120819264,0.42988460540891926,1.1731872201576712,-0.06614770867426734,-0.10298283864139154,0.06189358188009002,0.09000117304571391,0.09000117304571391,0.0,0.12401799459839802,0.5318887750916885,-0.19220052914355878,-0.0033862779483159475,-0.002447813009782647,-4.976235356226482,0,0.5379877499332612
44.878079999992856,-2.1371766372787677,0.48433184516281547,1.2687390949399213,0.0065887509860856185,-0.008112442012569094,-0.003504168700285437,-2.125902959828474,0.3167993901512599,0.9979545293904462,0.045237646135626176,0.06538655958393799,-0.04363231301578799,-2.1311830351675196,0.3734766922187395,1.085477208134247,-0.00999699751396311,-0.018560614064764606,0.009948324566248445,0.09000117304571391,0.09000117304571391,0.0,0.12397801751497983,0.5319190402790515,-0.1921781473987922,-0.003388346835962649,-0.002446692055931748,-4.976171286224118,0,0.5380112813886495
44.882239999992855,-2.137149158065561,0.48429805062669934,1.2687245164835805,0.006595011169609366,-0.008110688667873726,-0.0034988295218139616,-2.1580216068560656,0.3695190528339871,1.138698032249052,-0.04536276424834145,-0.07587718278040448,0.09020640937072522,-2.1446974789478275,0.37134041810696694,1.1122756910372895,-0.027380987068097107,-0.04740545269119066,0.05003774168584038,0.09000117304571391,0.09000117304571391,0.0,0.12393799787004592,0.5319493225060274,-0.19215580296921692,-0.0033904202332384727,-0.0024455753278551724,-4.976107183357205,0,0.5380348049256818
44.886399999992854,-2.1371216527338546,0.48426426334555966,1.2687099602432723,0.00660127960957392,-0.008108947473519205,-0.003493497673964798,-2.02258005300626,0.28035985811067643,1.3209474240227428,0.0036338511871763348,0.04010114146890684,0.03465370191894098,-2.0836308672112835,0.3259345636976329,1.2166844681914948,-0.011628376188408398,-0.004452587798808783,0.042648771881203196,0.09000117304571391,0.09000117304571391,0.0,0.12389793556727821,0.5319796218177988,-0.1921334958180703,-0.003392498150888129,-0.0024444628225562754,-4.976043047549097,0,0.5380583205820668
44.89055999999285,-2.1370941212491172,0.4842304832687817,1.2686954261885097,0.006607556336969965,-0.008107218426711148,-0.003488173143002162,-2.836520571926958,0.16162410903276558,0.5655467865363638,0.11411816941925745,-0.023812730090244805,0.11340847472062576,-2.4598422557660453,0.24372917599328514,0.8913469743215289,0.05057826230234113,-0.014381058233826271,0.07801594108837658,0.09000117304571391,0.09000117304571391,0.0,0.12385783051001584,0.5320099382590552,-0.19211122590918908,-0.0033945805997013115,-0.0024433545370519177,-4.975978878722993,0,0.5380818283954989
44.89471999999285,-2.137066563576689,0.48419671034576195,1.268680914288863,0.006613841382882227,-0.008105501524747113,-0.003482855915174901,-2.422140764655111,0.06248497374105916,1.634152971707299,-0.01542777964072077,0.03281824919508952,-0.15542671130144542,-2.4410223361070056,0.15317351483698874,1.262432117374961,0.017098810099154784,0.009481372212885187,-0.0388008573067623,0.09000117304571391,0.09000117304571391,0.0,0.12381768260146876,0.5320402718752761,-0.19208899320636846,-0.003396667590513214,-0.002442250468381057,-4.975914676801933,0,0.5381053284036597
44.89887999999285,-2.1370389796817784,0.484162944525908,1.26866642451396,0.006620134778508457,-0.008103796764939754,-0.003477545976742406,-2.7039356970228363,0.8634052417454472,2.1022690256754317,0.13118706169628933,0.03964348714844643,-0.051670895459654795,-2.572207472328739,0.5083763968831404,1.6822490335228337,0.07388622526542546,0.024756942920466173,-0.04526352264172726,0.09000117304571391,0.09000117304571391,0.0,0.12377749174407585,0.5320706227115564,-0.19206679767357546,-0.003398759134204455,-0.0024411506135932296,-4.975850441708803,0,0.5381288206442169
44.90303999999285,-2.1370113695294655,0.4841291857586384,1.2686519568334853,0.0066264365551378,-0.008102104144705484,-0.003472243313943035,-2.364799770390246,0.5745352547497602,0.9419106116280932,-0.03624024160916488,-0.15779044393156796,-0.02903798003686437,-2.4685768694090915,0.5411275518911961,1.3120142351917643,0.018503422581823463,-0.06624669560690397,-0.037147595495937324,0.09000117304571391,0.09000117304571391,0.0,0.12373725784057327,0.5321009908132999,-0.19204463927473478,-0.0034008552417014726,-0.002440054969761051,-4.975786173366329,0,0.538152305154825
44.90719999999285,-2.136983733084698,0.48409543399338223,1.268637511217181,0.006632746744175041,-0.008100423661473727,-0.0034669479130257433,-2.4810555206062137,0.5421957419698037,1.3502436249079606,0.018325476614165326,0.09010205185717074,-0.04345389792816497,-2.4747802673336445,0.5418478220890084,1.331039775170508,0.019424924001270966,0.012514854776840565,-0.04076216535379653,0.09000117304571391,0.09000117304571391,0.0,0.12369698079271177,0.5321313762258999,-0.19202251797437073,-0.0034029559239766747,-0.0024389635339676936,-4.975721871697077,0,0.5381757819731254
44.91135999999285,-2.1369560703122934,0.48406168917957904,1.2686230876348468,0.0066390653771195435,-0.00809875531276874,-0.0034616597602222165,-1.7165974860383024,0.8245686040225818,1.1708219365799326,0.12729813524844907,0.11835934479808327,0.008004236622611568,-2.0954192690729916,0.6834550513412722,1.250948034491535,0.07358262853561821,0.0660669753477944,-0.017176024231470674,0.09000117304571391,0.09000117304571391,0.0,0.12365666050232459,0.53216177899506,-0.19200043373696588,-0.0034050611920487047,-0.002437876303317534,-4.975657536623457,0,0.5381992511367468
44.915519999992846,-2.136928381176937,0.4840279512666784,1.2686086860563395,0.006645392485580617,-0.008097099096153186,-0.0034563788417660687,-2.057256526285892,0.7846659548787484,0.8783920382574619,-0.18085625898574265,-0.028926930917396267,-0.07138694227400721,-2.076713947491777,0.7340008766928524,1.064519059356329,-0.053552686626690126,0.018656624284604448,-0.04433220426713857,0.09000117304571391,0.09000117304571391,0.0,0.12361629687089996,0.532192199166313,-0.1919783865273889,-0.0034071710569825997,-0.002436793274929798,-4.975593168067714,0,0.5382227126833046
44.919679999992844,-2.1369006656431817,0.48399422020413985,1.2685943064515732,0.006651728101271932,-0.00809545500925548,-0.0034511051438840773,-1.9775274623005918,0.1142643348453492,1.6851987878921275,0.01542359104650073,-0.126113097651921,-0.05682842277432098,-2.027087976855296,0.4238667011636398,1.3747439907509806,-0.019046537480384255,-0.054076506489855965,-0.050062803018682385,0.09000117304571391,0.09000117304571391,0.0,0.12357588979936684,0.5322226367855557,-0.1919563763102526,-0.0034092855298902118,-0.0024357144459409624,-4.975528765951936,0,0.5382461666504019
44.92383999999284,-2.1368729236754485,0.48396049594143253,1.2685799487905198,0.006658072256014961,-0.00809382304975272,-0.003445838652800113,-1.4846998725123677,0.5853237525706299,1.5494835946447643,-0.011497174959832924,-0.15387491020082067,-0.07311283646662314,-1.7559144117152536,0.5042771530876259,1.461963009406704,-0.015095104767076485,-0.10437888080142706,-0.06161834084722416,0.09000117304571391,0.09000117304571391,0.0,0.12353543918830787,0.5322530918986218,-0.19193440305098358,-0.003411404621930193,-0.0024346398135024956,-4.975464330198048,0,0.5382696130756294
44.92799999999284,-2.1368451552380248,0.48392677842803505,1.2685656130432084,0.006664424981733409,-0.008092203215398273,-0.003440579354727925,-2.076555954532596,0.6054244943452364,0.8909108904654433,-0.05758642816629161,-0.12424183015533641,-0.03578438996184413,-1.916357409273411,0.5545944263120045,1.1763597479843642,-0.03623977846837136,-0.1149410051721755,-0.049291788229956335,0.09000117304571391,0.09000117304571391,0.0,0.12349494493817287,0.5322835645515493,-0.19191246671475318,-0.003413528344308341,-0.0024335693747853594,-4.975399860727813,0,0.538293051996565
44.93215999999284,-2.1368173602950646,0.4838930676134351,1.2685512991797254,0.006670786310461778,-0.008090595503990683,-0.003435327235880376,-1.7633652584624113,0.44916395087371574,0.7532140541285068,-0.08198674522959269,-0.10095939106965388,-0.31838056674144094,-1.8400312565580716,0.5016668049210387,0.9641210232393298,-0.058887607108755444,-0.10715611026026363,-0.1834849926731671,0.09000117304571391,0.09000117304571391,0.0,0.12345440694885103,0.5323140547903666,-0.19189056726711887,-0.003415656708277805,-0.002432503126975824,-4.97533535746283,0,0.5383164834507745
44.93631999999284,-2.1367895388105884,0.48385936344712926,1.2685370071702151,0.006677156274338962,-0.00808899991340047,-0.0034300822824606912,-2.803763152203312,0.4308734807703688,1.143707662440542,0.004657388226195809,-0.054185846595094025,-0.002486174445473988,-2.3218930733230643,0.46615562007387895,1.0539104465655507,-0.027690182945349168,-0.08003850231631271,-0.09300593674695504,0.09000117304571391,0.09000117304571391,0.0,0.12341382512009787,0.5323445626614141,-0.1918687046738106,-0.0034177897251393427,-0.0024314410672788946,-4.975270820324536,0,0.5383399074758123
44.94047999999284,-2.136761690748482,0.48382566587862286,1.268522736984879,0.00668353490561744,-0.008087416441536883,-0.0034248444806740256,-2.2317603034360496,0.1989319349996586,0.978126841331963,-0.007261941317026725,-0.09689669347914873,-0.0021016954818616294,-2.2768409738821496,0.3323396905741639,1.0160123089988757,-0.01756796928946282,-0.08814206600162695,-0.04687050177882381,0.09000117304571391,0.09000117304571391,0.0,0.1233731993511073,0.532375088211023,-0.19184687890073082,-0.0034199274062414937,-0.0024303831929131433,-4.975206249234203,0,0.5383633241092203
44.94463999999284,-2.136733816072496,0.48379197485742964,1.2685084885939761,0.006689922236656176,-0.008085845086377321,-0.003419613816716904,-2.1799946445847365,0.25320825070791486,1.6994112073958012,0.11494900398297762,0.06376351765324259,-0.16435419798294332,-2.228177022184935,0.29290739975245056,1.3573749300067026,0.04819216726587887,-0.01285128536099216,-0.10572104202617101,0.09000117304571391,0.09000117304571391,0.0,0.12333252954072477,0.5324056314854627,-0.19182508991374042,-0.0034220697629808164,-0.002429329501114189,-4.975141644112936,0,0.5383867333885287
44.948799999992836,-2.136705914746246,0.4837582903330714,1.268494261967823,0.0066963182999184075,-0.008084285845980338,-0.003414390276771718,-2.194610849566766,0.746383290704177,1.5353818425916703,0.18174682632215938,-0.03328573144518452,-0.09810804486853136,-2.2110140032522683,0.5195793717453544,1.4461766796483142,0.11415812670576907,-0.023108878910521782,-0.10244858021503829,0.09000117304571391,0.09000117304571391,0.0,0.1232918155876607,0.5324361925314754,-0.19180333767930047,-0.0034242168068022586,-0.002428279989139072,-4.975077004881678,0,0.5384101353512563
44.952959999992835,-2.1366779867332126,0.4837246122550779,1.2684800570767938,0.0067027231279854545,-0.008082738718431714,-0.0034091738470273967,-2.18019520586051,1.0825947512834107,1.1077233771073964,-0.08407014358423,-0.04358932902502823,-0.16644318316067913,-2.195780089067198,0.8010000432378999,1.276600983532309,0.015458999516637692,-0.03320669964275059,-0.13421120231501996,0.09000117304571391,0.09000117304571391,0.0,0.12325105739027654,0.5324667713956346,-0.191781622163831,-0.0034263685491991934,-0.0024272346542573327,-4.975012331461202,0,0.5384335300349105
44.957119999992834,-2.1366500319967394,0.48369094057298667,1.2684658738913202,0.006709136753545589,-0.008081203701896213,-0.003403964513660025,-1.9244483666206142,0.189839666466822,1.3887625978247964,-0.03463681997381407,-0.016959988542078565,0.12688978105222543,-2.0601846482005914,0.49538154874952706,1.3329469721552656,-0.009453272591730748,-0.02568387556123743,-0.0039032085922524485,0.09000117304571391,0.09000117304571391,0.0,0.12321025484615651,0.5324973681247199,-0.19175994333392463,-0.003428525001713983,-0.0024261934937571308,-4.974947623772116,0,0.5384569174769874
44.96127999999283,-2.1366220505000335,0.4836572752363425,1.2684517123818917,0.0067155592093979775,-0.00807968079459547,-0.0033987622628405875,-2.1609588315868384,0.6130099958395266,2.0516786136817986,0.15977592247143774,0.004537631184648942,0.07410210548779357,-2.1102396783969497,0.5542067012948373,1.692471430036859,0.07494017996174145,-0.010896138239376754,0.035345655401978815,0.09000117304571391,0.09000117304571391,0.0,0.12316940785296193,0.5325279827656638,-0.19173830115677484,-0.0034306861759378633,-0.0024251565049438475,-4.9748828817348585,0,0.5384802977149722
44.96543999999283,-2.136594042206165,0.4836236161946975,1.2684375725190553,0.006721990528456611,-0.00807816999480168,-0.003393567080738838,-2.1322910030341817,0.6030386803364997,1.2158215648526711,0.11503234295423863,0.017663518625673336,0.029043681548037492,-2.121027610625005,0.5786586067633634,1.4542027143908391,0.09564702587497463,0.00394221044794438,0.03260749336325337,0.09000117304571391,0.09000117304571391,0.0,0.12312851630778993,0.5325586153653912,-0.19171669559910642,-0.003432852083511317,-0.0024241236851379752,-4.9748181052697005,0,0.5385036707863389
44.96959999999283,-2.136566007078066,0.4835899633976106,1.2684234542734156,0.006728430743745233,-0.008076671300858592,-0.0033883789535130624,-1.721474954708497,0.3306602033080761,1.4091834016068956,0.06068457262953992,-0.09649115103202249,0.015850388481908412,-1.9211219315551453,0.4544579335887797,1.43172477730436,0.07800786820399291,-0.046730947597542316,0.02467912463103314,0.09000117304571391,0.09000117304571391,0.0,0.12308758010738645,0.5325892659710872,-0.19169512662824445,-0.003435022736124364,-0.0024230950316783996,-4.974753294296742,0,0.5385270367285506
44.97375999999283,-2.1365379450785307,0.4835563167946474,1.2684093576156352,0.00673487988840068,-0.008075184711170346,-0.00338319786731554,-2.477574386850857,0.4984764601263464,1.2155986911386318,0.0646448927338936,-0.0661678994291871,0.02384838771469164,-2.1992186991643075,0.4763297030934968,1.3237077406854276,0.07185889180399636,-0.056364283973230456,0.025266427129018238,0.09000117304571391,0.09000117304571391,0.0,0.12304659914814582,0.5326199346299839,-0.19167359421190128,-0.003437198145516773,-0.002422070541921717,-4.9746884487359155,0,0.5385503955790604
44.97791999999283,-2.1365098561702154,0.48352267633537993,1.268395282516434,0.006741337995675141,-0.008073710224194253,-0.003378023808296012,-2.059481260547187,-0.15178899021005632,1.0825149319467564,-0.17930427883124042,0.19318764730021223,-0.21401048294958183,-2.129721963765714,0.1626672204379517,1.2026636295238615,-0.05369987035794255,0.06866759485530509,-0.0939319090008359,0.09000117304571391,0.09000117304571391,0.0,0.12300557332632425,0.5326506213893599,-0.1916520983173207,-0.003439378323478221,-0.002421050213240403,-4.97462356850698,0,0.5385737473753102
44.98207999999283,-2.1364817403156366,0.48348904196938636,1.26838122894659,0.0067478050989352115,-0.008072247838452668,-0.003372856762594666,-1.7726072727589424,1.3626452504685278,1.0036635396127895,-0.026639369041886636,0.06761938497817069,0.0442145121991892,-1.9512179160658676,0.7628037283897373,1.1032547591549098,-0.03998498036357603,0.06888897324869672,-0.025157093355281,0.09000117304571391,0.09000117304571391,0.0,0.12296450253739802,0.5326813262967547,-0.1916306389127749,-0.0034415632818488055,-0.0024200340430242523,-4.974558653529526,0,0.5385970921547323
44.986239999992826,-2.1364535974771712,0.48345541364625083,1.2683671968769383,0.006754281231662648,-0.00807079755252443,-0.0033676967163484223,-1.8095680917439347,0.5102492193040367,0.7486950051567505,-0.18631308727596985,0.0088514254713478,-0.009170517802473615,-1.8807797314614183,0.6365448687608267,0.9259539079244546,-0.11304689204691996,0.03803187676896364,-0.0174442940699953,0.09000117304571391,0.09000117304571391,0.0,0.12292338667648998,0.532712049399702,-0.19160921596585412,-0.003443753032518993,-0.002419022028679419,-4.974493703722966,0,0.5386204299547482
44.990399999992825,-2.136425427617057,0.48342179131556307,1.268353186278373,0.006760766427451412,-0.008069359365061313,-0.003362543655681462,-2.2148602532233888,0.3864849594794632,1.6049598240331409,-0.007258549295585112,0.14370217579723338,-0.057964955991716235,-2.0478383184720927,0.5118127186206225,1.2653409802672109,-0.05973114346382992,0.09054389797712,-0.037667592081534876,0.09000117304571391,0.09000117304571391,0.0,0.12288222563901102,0.5327427907458362,-0.19158782944539113,-0.003445947587429881,-0.0024180141676312826,-4.9744287190065455,0,0.5386437608127699
44.99455999999282,-2.13639723069739,0.48338817492691816,1.268339197121845,0.006767260720014728,-0.008067933274772246,-0.0033573975667152414,-2.1265330364231514,0.7413846300629312,1.4348697861259951,0.07030743750753136,0.0018729941018136177,0.05547251091626171,-2.087041076118498,0.6266044846958352,1.350222787484425,0.005801740770064506,0.04606594788065559,0.008494132406093861,0.09000117304571391,0.09000117304571391,0.0,0.12284101931916325,0.532773550383107,-0.19156647931932314,-0.003448146958573865,-0.00241701045732248,-4.974363699299333,0,0.5386670847661994
44.99871999999282,-2.136369006680127,0.4833545644299165,1.2683252293783633,0.006773764143185573,-0.008066519280408524,-0.003352258435568962,-2.337555507611736,0.04031601993172318,0.5664090266955986,0.05819718701202871,0.025737782562804533,-0.09324928466599453,-2.2121776251979237,0.3335102319118465,0.958117226608898,0.03133679459708164,0.035639520407387826,-0.042736522490340816,0.09000117304571391,0.09000117304571391,0.0,0.12279976761122156,0.5328043283594058,-0.19154516555661588,-0.0034503511579942903,-0.0024160108952090606,-4.974298644520223,0,0.5386904018524293
45.00287999999282,-2.1363407555270815,0.4833209597741631,1.2683112830189953,0.006780276730910734,-0.00806511738080113,-0.003347126248349721,-2.542227174243476,1.0250716390918364,1.110466613356605,0.09990534396212736,0.13127480746655953,-0.009581007673678402,-2.37699615858484,0.6795691426128939,1.0342714700366966,0.06525583906005411,0.08329710819728721,-0.02539741692756008,0.09000117304571391,0.09000117304571391,0.0,0.12275847040910606,0.5328351247226183,-0.19152388812619547,-0.0034525601977860756,-0.002415015478766088,-4.974233554587935,0,0.5387137121088423
45.00703999999282,-2.1363124771999265,0.4832873609092679,1.2682973580148655,0.006786798517253343,-0.008063727574853461,-0.0033420009911542927,-2.2788952171260126,0.3639330654861419,1.28525548993157,-0.06567076641678679,0.15713251996235048,-0.2149420023488395,-2.3280830461144792,0.5220755363603813,1.1593188948220192,0.0004988194894424737,0.12030149530619326,-0.1205094039214586,0.09000117304571391,0.09000117304571391,0.0,0.1227171276061678,0.5328659395211601,-0.19150264699673347,-0.003454774090096117,-0.0024140242054889235,-4.9741684294210105,0,0.5387370155728122
45.01119999999282,-2.1362841716601912,0.483253767784845,1.2682834543371568,0.006793329536403715,-0.00806234986149246,-0.003336882650084228,-2.523883272939131,0.7402331628184506,1.0201921944577144,0.002908231290354791,-0.16395115505493707,0.0811975861234607,-2.4259786312726184,0.6308142086061828,1.0899233469951197,0.0017758203581517034,-0.021492216788048118,-0.019614614753879007,0.09000117304571391,0.09000117304571391,0.0,0.12267573909518778,0.5328967728030681,-0.19148144213771653,-0.0034569928471230625,-0.002413037072883881,-4.974103268937817,0,0.5387603122817028
45.01535999999282,-2.1362558388692636,0.4832201803505127,1.2682695719571102,0.006799869822657932,-0.008060984239763046,-0.0033317712112149777,-2.0972588344713716,0.6986203679223587,1.4506476905040813,-0.04048715902233045,-0.003599919391463694,0.037777957020793056,-2.2617012572908113,0.6647112577403598,1.270367233360908,-0.01905844285739098,-0.01301974691519715,0.00878305439824012,0.09000117304571391,0.09000117304571391,0.0,0.12263430476944584,0.5329276246169096,-0.19146027351880585,-0.003459216481117937,-0.002412054078482922,-4.974038073056543,0,0.5387836022728701
45.019519999992816,-2.1362274787883866,0.483186598555893,1.2682557108460242,0.006806419410448258,-0.008059630708713543,-0.0033266666606365084,-2.168482084289554,0.5068849267241644,1.200402393389604,0.0049263125080157176,0.012458289509821028,-0.10009879840093415,-2.215080349964432,0.5858228663251188,1.2351762504821433,-0.007270484181731919,-0.0002658186887332835,-0.04571306329271815,0.09000117304571391,0.09000117304571391,0.0,0.12259282452058258,0.5329584950113011,-0.19143914110919463,-0.003461445004384403,-0.002411075219827305,-4.973972841695199,0,0.5388068855836607
45.023679999992815,-2.13619909137866,0.4831530223506118,1.2682418709752559,0.006812978334317746,-0.008058289267486472,-0.0033215689844177908,-2.3746280172779204,0.7937438359899378,1.1880544656430132,0.03894059985480146,-0.0049924812596462195,-0.12349890451385022,-2.2947742195486125,0.6897745769246499,1.211358702363478,0.015791137726250015,-0.0027034055370955125,-0.08486458286642695,0.09000117304571391,0.09000117304571391,0.0,0.12255129824094955,0.5329893840345883,-0.1914180448793194,-0.003463678429278678,-0.002410100494478289,-4.973907574771614,0,0.5388301622514123
45.027839999992814,-2.1361706766010395,0.4831194516842981,1.26822805231622,0.006819546628931852,-0.008056959915292398,-0.0033164781686210857,-1.734097376791122,0.5356902303116949,0.8782964841170511,-0.020813599833613312,-0.11231373721912603,-0.10474146446929751,-2.014474978114842,0.612497433040224,1.0446089242758207,-0.0025994824611372627,-0.05736544628761417,-0.095533024288584,0.09000117304571391,0.09000117304571391,0.0,0.12250972582189955,0.5330202917357545,-0.19139698479872175,-0.0034659167682103784,-0.0024091299000168374,-4.97384227220344,0,0.5388534323134543
45.03199999999281,-2.136142234416335,0.48308588650658396,1.2682142548403894,0.006826124329080993,-0.00805564265138888,-0.003311394199304172,-2.135790896440993,0.728093891932711,1.3726820076095516,-0.08775565839843184,-0.0733761340511434,-0.16593810896161582,-2.075315538053709,0.6701433739583155,1.2083039398265043,-0.04554589816017802,-0.0651403148393312,-0.13136799465405194,0.09000117304571391,0.09000117304571391,0.0,0.1224681071546406,0.533051218163673,-0.19137596083797248,-0.0034681600336423455,-0.002408163434039292,-4.973776933908146,0,0.5388766958071078
45.03615999999281,-2.1361137647852115,0.48305232676710436,1.2682004785192955,0.00683271146967826,-0.008054337475099317,-0.0033063170625172575,-2.5049731533444977,0.31407351490240076,1.28136498053854,0.06692413686211016,0.17650337643078715,0.1926850403907404,-2.290007372693643,0.4924735946816099,1.2452346173848543,0.010307219048157913,0.055416051545320026,0.031182727525496428,0.09000117304571391,0.09000117304571391,0.0,0.12242644212959408,0.5330821633673212,-0.19135497296760343,-0.003470408238091086,-0.002407201094158982,-4.973711559803022,0,0.5388999527696857
45.04031999999281,-2.1360852676681876,0.4830187724154968,1.2681867233245276,0.006839308085759005,-0.008053044385810093,-0.0033012467443029993,-2.2781422411466967,0.2219513832117821,0.9528857414682037,0.15478603728871002,0.13905688567360536,-0.1239332703806071,-2.2837530567804976,0.3575006606356865,1.098799698668594,0.082673622536493,0.09683183367770343,-0.04604921601352081,0.09000117304571391,0.09000117304571391,0.0,0.12238473063746322,0.5331131273957803,-0.19133402115832088,-0.0034726613941267587,-0.0024062428780065193,-4.973646149805173,0,0.5389232032384929
45.04447999999281,-2.1360567430256356,0.48298522340140104,1.2681729892277331,0.006845914212481536,-0.008051763382983468,-0.003296183230691654,-1.7404481150344724,0.0034575558707269916,1.764222003141588,0.07610432614833378,-0.023665317917671853,0.05391448106433513,-2.0119380207713107,0.18042721165835354,1.4316271097339066,0.07916408183509624,0.03668521784770897,0.004184929168450494,0.09000117304571391,0.09000117304571391,0.0,0.12234297256795014,0.5331441102985036,-0.19131310538079155,-0.0034749195143739713,-0.0024052887832324062,-4.973580703831523,0,0.5389464472508263
45.04863999999281,-2.1360281908177807,0.4829516796744589,1.2681592762006177,0.006852529885134008,-0.008050494466118767,-0.00329112650771369,-1.8343707718798132,-0.019709024776723927,1.251184515517229,-0.10496682723734481,-0.04557392590341747,-0.12657957571970146,-1.9233716351625372,0.0802628857927013,1.3411420679794086,-0.012815821782077082,-0.004431993878574973,-0.06157354443331865,0.09000117304571391,0.09000117304571391,0.0,0.12230116781061007,0.5331751121246747,-0.19129222560628434,-0.003477182611511494,-0.0024043388075005116,-4.97351522179881,0,0.5389696848439753
45.05279999999281,-2.135999611004701,0.48291814118431386,1.2681455842149454,0.006859155139124253,-0.00804923763480572,-0.003286076561382695,-1.6985311921092203,0.8484167923946186,1.857449007627856,-0.020396275496515313,0.005292351207786259,0.11019264927433672,-1.8109936932519535,0.46435504615234396,1.5995281505319976,-0.015918314709189044,0.0009950329261203801,0.024393586617459495,0.09000117304571391,0.09000117304571391,0.0,0.12225931625485117,0.5332061329238494,-0.19127138180602918,-0.003479450698272904,-0.002403392948495651,-4.973449703623589,0,0.5389929160552218
45.056959999992806,-2.135971003546326,0.482884607880611,1.2681319132425382,0.006865790009990952,-0.008047992888682761,-0.0032810333777089826,-1.899077858127013,-0.37563909087949104,1.4132447152894096,0.011689574103941378,-0.13205651464113594,-0.041415317620349154,-1.8550137396980153,0.044077818679927314,1.5062960981932552,-0.001317170327849369,-0.06571100232573761,-0.0071177328627927226,0.09000117304571391,0.09000117304571391,0.0,0.12221741778907888,0.5332371727457423,-0.1912505739514305,-0.003481723787446913,-0.002402451203918756,-4.9733841492222295,0,0.5390161409218402
45.061119999992805,-2.135942368402437,0.4828510797129966,1.268118263255277,0.006872434533398142,-0.008046760227453317,-0.003275996942693493,-2.5495611885310785,0.7110601646079182,0.8742021654201229,0.06799832990267013,-0.06460572927424518,0.04322461554628216,-2.2021496291077707,0.3774380242324525,1.19033484959089,0.03273002636397572,-0.0645542281342679,0.017937266013626295,0.09000117304571391,0.09000117304571391,0.0,0.12217547230197769,0.5332682316401202,-0.1912298020147098,-0.003484001891877302,-0.0024015135714879105,-4.973318558510913,0,0.5390393594810982
45.0652799999928,-2.1359137055326656,0.4828175566311179,1.2681046342251006,0.0068790887451390245,-0.0080455396508849,-0.003270967242330684,-1.8989734885974852,0.3222518143211054,1.3499035812925777,0.09015285253426941,-0.016892189007915788,0.004368211372019015,-2.050370989702804,0.34980924703382504,1.2701279171043183,0.060989446495862784,-0.040653740121947744,0.011875185343829012,0.09000117304571391,0.09000117304571391,0.0,0.12213347968101453,0.5332993096566947,-0.1912090659671942,-0.0034862850244635757,-0.0024005800489385123,-4.973252931405635,0,0.5390625717702555
45.0694399999928,-2.1358850148964943,0.4827840385846228,1.2680910261240064,0.006885752681129808,-0.008044331158824986,-0.003265944262598453,-2.032586318433493,0.27582744366658474,1.5272415358888465,0.015755444469006258,-0.1648698291757746,0.19591857158717685,-2.0414448069201616,0.3124740365367151,1.3990950545440672,0.03791766249601531,-0.10233710307045994,0.1033927369889409,0.09000117304571391,0.09000117304571391,0.0,0.12209143981414804,0.5333304068457116,-0.19118836578145496,-0.0034885731981609156,-0.0023996506340267527,-4.973187267822203,0,0.5390857778265659
45.0735999999928,-2.1358562964532553,0.48275052552315967,1.2680774389240501,0.0068924263774226705,-0.008043134751163184,-0.0032609279894754185,-1.6777440352783815,0.41995123297351783,1.3691264934134064,0.0052552676137526235,0.08311201049142282,0.0008107492270391847,-1.8595815390588653,0.36638507138921134,1.3841118743066574,0.021874054522831705,-0.0090541406951168,0.052289247625132214,0.09000117304571391,0.09000117304571391,0.0,0.12204935258833231,0.5333615232572023,-0.19116770142959727,-0.003490866425980705,-0.002398725324523397,-4.973121567676236,0,0.5391089776872763
45.0777599999928,-2.1358275501621296,0.48271701739637696,1.2680638725973463,0.006899109870198858,-0.008041950427854463,-0.003255918408930176,-1.8793194414235477,0.7675700236572064,1.8047345849460503,-0.0826328318768763,-0.08433033560147676,-0.013731272401427172,-1.869623002875144,0.56680536524235,1.5943975206386527,-0.030131977949265552,-0.04688700536697733,0.019327277436247636,0.09000117304571391,0.09000117304571391,0.0,0.12200721789015694,0.5333926589414648,-0.19114707288454338,-0.003493164720990652,-0.0023978041182155362,-4.973055830883162,0,0.5391321713896267
45.0819199999928,-2.1357987759821473,0.4826835141539231,1.2680503271160675,0.00690580319576677,-0.008040778188931572,-0.003250915506919114,-2.4993617519346687,0.14603062587259646,0.8995829973005147,0.09750818910489119,0.027410013682173835,-0.10411734903798779,-2.1842935367355842,0.35647234239858255,1.2467699894465003,0.03347170504779569,-0.009877488443393425,-0.04294177641018597,0.09000117304571391,0.09000117304571391,0.0,0.1219650356060605,0.5334238139489041,-0.19112648011853542,-0.003495468096315117,-0.0023968870129099746,-4.97299005735822,0,0.5391553589708513
45.0860799999928,-2.1357699738721867,0.482650015745446,1.268036802452445,0.006912506390567151,-0.008039618034490421,-0.003245919269387928,-2.2940933073226626,0.1307710472789428,1.853013469190242,0.06866800584354395,0.011555550828013966,0.0649674027886389,-2.2390503992043493,0.24364529360308534,1.5500307464943135,0.05060422305824009,0.00028811210196329147,0.011176754935337067,0.09000117304571391,0.09000117304571391,0.0,0.12192280562190275,0.5334549883300324,-0.1911059231050602,-0.0034977765651355254,-0.00239597400643185,-4.972924247016457,0,0.5391785404681778
45.0902399999928,-2.1357411437909737,0.48261652212059314,1.268023298578769,0.006919219491173624,-0.008038469964688459,-0.003240929682276479,-2.148417395238144,0.5509859157598436,0.9775195984661997,-0.12699082821841862,0.1499226653333853,-0.16626767770518008,-2.1939978538177187,0.3976288063999871,1.2634256175848246,-0.037963842974489306,0.07547263287296463,-0.07767026687998511,0.09000117304571391,0.09000117304571391,0.0,0.12188052782317753,0.5334861821356294,-0.191085401816925,-0.0035000901406905833,-0.002395065096623619,-4.972858399772729,0,0.5392017159188284
45.094399999992795,-2.135712285697081,0.4825830332290109,1.2680098154673876,0.006925942534295097,-0.008037333979737752,-0.0032359467315173397,-2.1831767930055337,0.4164020746727486,1.4129711587656182,0.12473520532602962,0.09745203835709265,0.2318409219272594,-2.188328188526583,0.40721867398655864,1.33868169288518,0.04356108062142021,0.08626634310237463,0.07704826051006995,0.09000117304571391,0.09000117304571391,0.0,0.12183820209479854,0.5335173954163153,-0.19106491622775423,-0.0035024088362764945,-0.002394160281343104,-4.972792515541698,0,0.5392248853600186
45.098559999992794,-2.135683399548928,0.4825495490203445,1.2679963530907084,0.006932675556768079,-0.008036210079940017,-0.0032309704030260436,-2.477048338024413,0.4073309974848047,1.455469922631539,0.2170274832768208,0.12497829952450279,-0.03614891520939808,-2.3322378379621416,0.40753536138814406,1.3970009117204267,0.12978562024279114,0.10534401576143453,0.020709149414418326,0.09000117304571391,0.09000117304571391,0.0,0.1217958283215262,0.5335486282230856,-0.19104446631134878,-0.003504732665247384,-0.002393259558469703,-4.972726594237833,0,0.5392480488289588
45.10271999999279,-2.1356544853047796,0.4825160694442377,1.2679829114211971,0.006939418595568678,-0.008035098265641862,-0.0032260006827166416,-2.1998715264126454,0.30585945672170944,1.8240739805305806,0.012422077281859824,-0.038951316020142825,0.2005584628813739,-2.266027852234254,0.3566143091141416,1.610956885602758,0.07107954548689595,0.03386474504046168,0.11096115584908993,0.09000117304571391,0.09000117304571391,0.0,0.12175340638732594,0.5335798806071506,-0.1910240520412577,-0.003507061641015516,-0.002392362925898241,-4.972660635775406,0,0.5392712063628542
45.10687999999279,-2.1356255429227473,0.4824825944503325,1.2679694904313783,0.0069461716878071,-0.008033998537255246,-0.0032210375564922017,-2.526329358911859,0.2662723089710074,1.1113296164854016,0.09890571413423428,0.012048720983328905,-0.027060209963373986,-2.395973345855575,0.31146796861462983,1.3610838552146076,0.08433682971714974,0.02284717575560423,0.04177430060984094,0.09000117304571391,0.09000117304571391,0.0,0.12171093617643651,0.5336111526194551,-0.19100367339141944,-0.003509395777051394,-0.0023914703815401486,-4.972594640068497,0,0.5392943579989042
45.11103999999279,-2.135596572360786,0.48244912398826884,1.2679560900938356,0.006952934870726453,-0.008032910895280293,-0.003216081010237876,-2.4436521666288815,0.2647963971779663,1.0491566167216604,0.017981111147661356,0.02314297518389436,0.11452741544930962,-2.4197772608670816,0.28817888436275346,1.2053566084371188,0.05191869916453428,0.02352814402695312,0.0779820035997848,0.09000117304571391,0.09000117304571391,0.0,0.1216684175716593,0.5336424443115337,-0.1909833303365908,-0.003511735086884747,-0.0023905819233285422,-4.972528607030987,0,0.5393175037743033
45.11519999999279,-2.1355675735766955,0.48241565800768443,1.2679427103812113,0.00695970818170916,-0.008031835340260767,-0.0032111310298386896,-1.7520904483917505,0.8479020599328609,1.1120619072178328,-0.06833089736259418,0.11950112106783563,-0.022193264668178874,-2.086070312904335,0.5682940007532306,1.1586628938198655,-0.008677257428397927,0.07100212268114359,0.02768432340214463,0.09000117304571391,0.09000117304571391,0.0,0.12162585045628127,0.5336737557348699,-0.19096302285106392,-0.0035140795841039673,-0.002389697549211846,-4.972462536576561,0,0.5393406437262412
45.11935999999279,-2.135538546528119,0.48238219645821445,1.2679293512662064,0.00696649165827754,-0.00803077187280227,-0.003206187601170348,-2.7245253487445598,0.2771147311080515,0.809505204712113,-0.10320622253343302,-0.03815821844866862,-0.04713953834968352,-2.4055179484664806,0.42262282238551707,0.9839840984304313,-0.055462487749596626,0.016495311463377536,-0.00998307666270867,0.09000117304571391,0.09000117304571391,0.0,0.12158323471257855,0.5337050869407887,-0.19094275090930685,-0.0035164292823568733,-0.002388817257154104,-4.972396428618707,0,0.5393637778919023
45.12351999999279,-2.135509491172544,0.48234873928949107,1.2679160127215812,0.006973285338083593,-0.008029720493610818,-0.003201250710085623,-2.1808186641704896,0.4339174982993666,1.4027845916748245,-0.040296527546927634,-0.005655244844110126,-0.11457845530920609,-2.2932514052450443,0.4282571427373124,1.1931487009157062,-0.04746904835567272,0.006062837369616365,-0.062151538208813896,0.09000117304571391,0.09000117304571391,0.0,0.12154057022288448,0.5337364379813662,-0.19092251448660597,-0.003518784195351097,-0.0023879410451431416,-4.97233028307071,0,0.5393869063084671
45.127679999992786,-2.1354804074672984,0.4823152864511435,1.2679026947201544,0.006980089258929246,-0.008028681203415391,-0.0031963203424436918,-1.4479430220180878,0.4130005904686857,1.287028957513953,-0.09768578218609618,0.04449598343958695,0.17217314427175698,-1.870795056624782,0.42071934163346436,1.2404478916910042,-0.07229798781461456,0.026223509608903794,0.05485616260751607,0.09000117304571391,0.09000117304571391,0.0,0.1214978568685203,0.5337678089082543,-0.19090231355778295,-0.0035211443368542037,-0.002387068911178644,-4.9722640998456615,0,0.539410029013111
45.131839999992785,-2.1354512953695535,0.4822818378927975,1.267889397234804,0.006986903458747324,-0.00802765400304535,-0.0031913964840802264,-2.108452395914204,0.6033435975591973,0.8307158163338404,-0.17092891068613555,-0.027052378701343045,-0.10120797465785655,-1.9899821641652782,0.5119770189339834,1.0353691355594097,-0.12100718088421324,-0.0006704791196831191,-0.023482446418960745,0.09000117304571391,0.09000117304571391,0.0,0.12145509453064911,0.5337991997735352,-0.19088214809826382,-0.0035235097206940532,-0.002386200853282165,-4.972197878856447,0,0.5394331460430056
45.135999999992784,-2.1354221548363217,0.48224839356407506,1.2678761202384672,0.006993727975613511,-0.008026638893386142,-0.0031864791208244606,-2.080944594320137,0.3684999101041407,1.6746469584914156,-0.08838107987591907,-0.1081236790598082,0.13129528835982787,-2.0356473948007476,0.4400122000493274,1.3552838866830543,-0.10491308725840927,-0.05421403116176569,0.05472550838548867,0.09000117304571391,0.09000117304571391,0.0,0.12141228309027596,0.5338306106294017,-0.19086201808386577,-0.003525880360759004,-0.002385336869492968,-4.972131620015751,0,0.5394562574353183
45.14015999999278,-2.1353929858244562,0.48221495341459425,1.26786286370414,0.007000562847746048,-0.008025635875389948,-0.0031815682384960047,-2.215298091128628,0.6139957478752215,1.501761334358536,0.07254862679063344,-0.052538666662850356,-0.09397918825169325,-2.125323315522452,0.5268960372648049,1.4283296976951976,-0.016090453027684824,-0.05343644171232649,-0.020355975415907883,0.09000117304571391,0.09000117304571391,0.0,0.12136942242760594,0.5338620415281039,-0.1908419234901557,-0.003528256270998507,-0.002384476957868034,-4.972065323236058,0,0.5394793632272127
45.14431999999278,-2.13536378829065,0.482181517393969,1.2678496276048778,0.0070074081135076075,-0.008024644950064172,-0.003176663822907132,-1.7411199672038618,0.6602624829703383,1.3425815958357865,0.24835346607537548,0.029362741326727185,-0.15010469757974396,-1.932701442781891,0.5936420659619644,1.3851441798561965,0.1156615666447532,-0.012426321983611802,-0.0858694879113072,0.09000117304571391,0.09000117304571391,0.0,0.12132651242225682,0.5338934925220563,-0.19082186429330522,-0.0035306374654231667,-0.0023836211164797692,-4.9719989884296485,0,0.5395024634558483
45.14847999999278,-2.135334562191436,0.4821480854518085,1.267836411913795,0.0070142638113963075,-0.008023666118512261,-0.003171765859849578,-2.280757266993161,0.641745666417387,1.236993700891531,-0.1769653241465849,-0.016546533122503627,0.0036453674101372237,-2.107098790597604,0.6176605995583068,1.3110763637118756,-0.03115367374863539,-0.01487711919521488,-0.041539848682297924,0.09000117304571391,0.09000117304571391,0.0,0.1212835529539,0.5339249636637845,-0.1908018404694497,-0.0035330239581051275,-0.0023827693434232255,-4.971932615508598,0,0.5395255581583815
45.15263999999278,-2.135305307483186,0.4821146575377173,1.2678232166040655,0.0070211299800599595,-0.008022699381884149,-0.0031668743351112474,-1.9656359206540268,0.3100450683234153,1.396658272058147,0.09871959965986643,-0.045708864349817684,0.14927567128340385,-2.036161242933377,0.4637560787865299,1.354178164301102,0.033876150197611234,-0.030517247302361293,0.05397181983237055,0.09000117304571391,0.09000117304571391,0.0,0.12124054390140514,0.5339564550061394,-0.1907818519953301,-0.003535415763178469,-0.0023819216368094194,-4.971866204384776,0,0.5395486473719652
45.15679999999278,-2.13527602412211,0.48208123360129485,1.267810041648922,0.007028006658290781,-0.00802174474139616,-0.0031619892344703507,-2.2578563134823066,0.44811421600840945,1.4492062573703317,-0.009730030799307886,0.06869431577307011,0.16620006097976187,-2.147029002874115,0.45607873142417815,1.4020378793692985,0.011323424629126163,0.018692080601853383,0.11040943706705285,0.09000117304571391,0.09000117304571391,0.0,0.12119748514326678,0.5339879666018167,-0.19076189884722325,-0.0035378128948394053,-0.002381077994766127,-4.971799754969849,0,0.539571731133749
45.16095999999278,-2.1352467120642555,0.48204781359213505,1.2677968870216565,0.007034893885023555,-0.008020802198344962,-0.0031571105436878715,-1.921649996210095,0.30008333303770607,0.8797506626396292,0.008172506894733863,0.01287519176663306,-0.1695069322316625,-2.034321419850047,0.37810704284577173,1.14053699209785,0.009986648791490145,0.015629098722763333,-0.029023684649875772,0.09000117304571391,0.09000117304571391,0.0,0.12115437655738992,0.5340194985038912,-0.19074198100201095,-0.003540215367346735,-0.0023802384154410945,-4.971733267175273,0,0.5395948094808793
45.165119999992775,-2.1352173712655085,0.4820143974598263,1.267783752695621,0.007041791699338853,-0.00801987175409439,-0.0031522382485134888,-2.2492309888205626,0.7608036630121165,1.1939524341208196,0.007143610643511598,-0.04323815795471761,0.013954720249855775,-2.141762329054378,0.5693670615498536,1.1672736707929485,0.008314985003358859,-0.013303007612407262,-0.007324941642801515,0.09000117304571391,0.09000117304571391,0.0,0.12111121802173093,0.5340510507655503,-0.19072209843739538,-0.003542623195022012,-0.0023794028970009467,-4.971666740912299,0,0.5396178824505006
45.169279999992774,-2.13518800168159,0.4819809851539511,1.2677706386442265,0.00704870014047052,-0.0080189534100555,-0.0031473723346951807,-1.989312374929688,0.4781590991018384,1.3371900019447769,0.015675002856382497,-0.012477767852708085,0.047528525198899704,-2.0655030173237012,0.5237359620402915,1.2523312762536152,0.011675077506047345,-0.012637200179410656,0.020390174711503263,0.09000117304571391,0.09000117304571391,0.0,0.12106800941301438,0.5340826234398801,-0.19070225113018763,-0.00354503639225005,-0.002378571437626421,-4.971600176091968,0,0.5396409500797533
45.17343999999277,-2.1351586032680574,0.4819475766240855,1.2677575448409433,0.0070556192477901425,-0.00801804716774532,-0.0031425127879538012,-2.457402944982562,0.45708261967758673,1.0470225703527205,-0.107214102275632,-0.042868442985458166,0.022448493337984647,-2.2616786891603846,0.4903187097446137,1.1497227323509354,-0.04777946425980689,-0.02729428621912773,0.02115306840384656,0.09000117304571391,0.09000117304571391,0.0,0.1210247506082284,0.5341142165805606,-0.1906824390582321,-0.00354745497347918,-0.0023777440355221588,-4.971533572625111,0,0.5396640124057768
45.17759999999277,-2.135129175980304,0.4819141718197992,1.2677444712593016,0.007062549060826633,-0.00801715302871658,-0.0031376595940109274,-2.0220719044657836,0.2951925527979007,1.3905562501389248,0.020061465816811626,-0.014678059654953078,-0.05920231708592437,-2.141831817260907,0.39272425094043545,1.2700182929873258,-0.013899711939209858,-0.02123461088943812,-0.01914238891103119,0.09000117304571391,0.09000117304571391,0.0,0.12098144148355587,0.5341458302409043,-0.19066266219933814,-0.0035498789532215575,-0.0023769206889070306,-4.9714669304223476,0,0.539687069465707
45.18175999999277,-2.135099719773557,0.48188077069065494,1.267731417872891,0.007069489619253048,-0.008016270994614846,-0.0031328127385679364,-2.325162702421972,0.6387204664990865,1.2689960990673175,0.04208506593046643,-0.09144637960205076,0.021478803731531403,-2.23341079492535,0.515533595314491,1.269550688770917,0.013987128396055693,-0.0562018713894486,0.00173077968272964,0.09000117304571391,0.09000117304571391,0.0,0.12093808191437307,0.5341774644748715,-0.19064292053149365,-0.0035523083460536954,-0.0023761013960210357,-4.9714002493940885,0,0.5397101212966785
45.18591999999277,-2.1350702346028783,0.4818473731862085,1.2677183846553604,0.007076440962894743,-0.008015401067138564,-0.0031279722073193346,-1.794103464882009,0.7943061366006083,1.2655322252042152,0.05624451101939833,0.031601019035458186,0.0033601325467891847,-2.013636347537679,0.6549869307931836,1.2675480841252187,0.03476625230470772,-0.012010295483735136,0.002705817462180607,0.09000117304571391,0.09000117304571391,0.0,0.12089467177653201,0.5342091193361086,-0.19062321403286508,-0.003554743166616251,-0.0023752861551206324,-4.97133352945053,0,0.5397331679358238
45.19007999999277,-2.1350407204231625,0.4818139792560082,1.267705371580419,0.007083403131727915,-0.008014543248068572,-0.003123137985942599,-2.1343836632114828,0.857025457332276,1.4714927226970962,0.12406722268816092,-0.015250263912002198,-0.18039247414583856,-2.0737528042782634,0.7559758423421551,1.3691463629272291,0.07941592168234198,-0.013608253221484661,-0.08870828242072626,0.09000117304571391,0.09000117304571391,0.0,0.12085121094443628,0.5342407948787506,-0.19060354268222568,-0.0035571834296151466,-0.002374474964482204,-4.971266770501655,0,0.5397562094202734
45.19423999999277,-2.135011177189138,0.4817805888495947,1.2676923786218353,0.00709037616588132,-0.008013697539245142,-0.0031183100601073713,-2.702023849596043,0.17502122852105212,1.0214455158308409,0.11183429385637426,-0.08339472742327611,0.05810328035850175,-2.3876587394087156,0.46532159741129087,1.1954147969791327,0.09496343452409696,-0.04877870266228338,-0.01552226209130163,0.09000117304571391,0.09000117304571391,0.0,0.12080769929274993,0.5342724911568862,-0.19058390645810028,-0.0035596291498212846,-0.0023736678223992766,-4.971199972457234,0,0.5397792457871565
45.198399999992766,-2.1349816048553647,0.4817472019165006,1.2676794057534375,0.0070973601056370395,-0.008012863942582915,-0.003113488415468348,-2.1833770650728024,0.3949754671457231,1.4927440940531143,0.15917233338051479,-0.047854872456334935,-0.11564922688659583,-2.285184295475453,0.4300495067028564,1.343840529770795,0.1265331772286589,-0.048799324834484646,-0.06536330780610496,0.09000117304571391,0.09000117304571391,0.0,0.12076413669511468,0.534304208224933,-0.19056430533940635,-0.0035620803420713084,-0.002372864727184007,-4.97113313522682,0,0.539802277073601
45.202559999992765,-2.1349520033762337,0.4817138184062504,1.267666452949114,0.007104354991432736,-0.008012042460054068,-0.0031086730376716433,-1.779377162136906,0.6091426396629608,1.2624584018160334,0.10256318487953357,-0.08383925617002119,0.060990112614302726,-2.03206338086334,0.5194226421904824,1.303277122327271,0.11431885262854656,-0.06617232491688432,-0.002852634755920186,0.09000117304571391,0.09000117304571391,0.0,0.12072052302479001,0.5343359461371022,-0.19054473930545476,-0.0035645370212675567,-0.002372065677164569,-4.971066258719749,0,0.5398253033167331
45.206719999992764,-2.134922372705968,0.48168043826835977,1.2676535201828125,0.007111360863851154,-0.008011233093741762,-0.003103863912336785,-1.936274085962738,0.19933275807630652,1.0585761560226004,0.10734969229604059,-0.024413465819899116,0.03723386684330164,-1.983944750642545,0.359325600741851,1.1810036584267158,0.11082113421545031,-0.045737808817588314,0.016569605273540337,0.09000117304571391,0.09000117304571391,0.0,0.12067685815508057,0.5343677049483089,-0.19052520833552206,-0.0035669992023787426,-0.0023712706706947354,-4.970999342845143,0,0.5398483245536787
45.21087999999276,-2.1348927127986195,0.4816470614523358,1.2676406074285413,0.00711837776364413,-0.008010435845746398,-0.0030990610250882593,-2.1612520198211054,0.33276724538010216,0.9718074712009491,-0.008982483089208095,-0.0651246956559904,0.014803461211208487,-2.0726183855032607,0.3459120335417669,1.0764334877240205,0.050963661921325995,-0.05603288269020722,0.0163617472654632,0.09000117304571391,0.09000117304571391,0.0,0.12063314195805297,0.5343994847129954,-0.19050571240949232,-0.00356946690044013,-0.002370479706139343,-4.970932387511904,0,0.5398713408215622
45.21503999999276,-2.134863023608071,0.4816136879076763,1.2676277146603683,0.0071254057317072,-0.008009650718289392,-0.003094264361520792,-1.7221196318646803,0.39911120353946494,1.4494639281963382,-0.15293895594529802,-0.10279609581396429,-0.028574137933298265,-1.897684498431279,0.3722984806630194,1.262890605726669,-0.05105452342859227,-0.0795570698634721,-0.00548826438449385,0.09000117304571391,0.09000117304571391,0.0,0.12058937430581726,0.5344312854863614,-0.1904862515070018,-0.003571940130554018,-0.0023696927818884043,-4.970865392628713,0,0.539894352157508
45.21919999999276,-2.134833305088033,0.48158031758386954,1.2676148418524216,0.007132444809103012,-0.008008877713622216,-0.0030894739072289,-2.452328698478841,0.07657011519616308,1.320499529187728,-0.014315354065534355,-0.24014321725757368,0.18054469946072638,-2.1750413178893964,0.22393359897387502,1.292069733919388,-0.032176255909613385,-0.160254013332921,0.08812427197893258,0.09000117304571391,0.09000117304571391,0.0,0.12054555506988544,0.5344631073231885,-0.19046682560850844,-0.003574418907889859,-0.002368909896345396,-4.970798358104036,0,0.5399173585986398
45.22335999999276,-2.134803557192045,0.48154695043039414,1.2676019889788892,0.007139495037046182,-0.00800811683409679,-0.0030846896477849466,-1.7587820962013563,0.21992465507133135,1.1206078861025164,-0.0439685505065513,0.09206171327278606,-0.03155726321107041,-1.9669999800925566,0.22211983897924428,1.2062710412950546,-0.03820026772132324,-0.03375374756323004,0.02873869039188684,0.09000117304571391,0.09000117304571391,0.0,0.12050168412095677,0.5344949502789087,-0.1904474346940089,-0.003576903247684974,-0.002368131047935816,-4.970731283846112,0,0.5399403601820807
45.22751999999276,-2.1347737798734747,0.48151358639671865,1.2675891560140193,0.007146556456912727,-0.008007368082120993,-0.003079911568751327,-2.3128157859240175,0.7075048578920125,1.0756906810848357,-0.06667344306599235,0.1417292825069044,-0.2405543421204987,-2.140048042069345,0.4651106606283101,1.1404801377813298,-0.052886828789527045,0.05391742611552427,-0.1061484931795322,0.09000117304571391,0.09000117304571391,0.0,0.12045776132998606,0.5345268144088574,-0.19042807874410733,-0.003579393165244466,-0.002367356235102389,-4.970664169762962,0,0.5399633569449545
45.23167999999276,-2.1347439730855156,0.4814802254323013,1.2675763429321207,0.007153629110243228,-0.008006631460162852,-0.003075139655680809,-1.5421228074561042,0.2817899370814758,1.2302381992282372,0.034966806552457555,-0.037758686458683924,-0.014155901159814691,-1.8410083927735774,0.37337048198619555,1.1853303626798433,-0.009022408165815421,0.008083849376032466,-0.06016287132867232,0.09000117304571391,0.09000117304571391,0.0,0.12041378656668697,0.5345586997683266,-0.19040875774001675,-0.003581888675941991,-0.0023665854563033467,-4.970597015762383,0,0.5399863489243842
45.235839999992756,-2.1347141367811875,0.48144686748658966,1.267563549707562,0.007160713038731047,-0.008005906970794256,-0.003070373894102667,-1.7483060629044123,0.7750299222859816,1.0159459510533022,-0.20073002915756993,-0.02832912387446826,0.20258659686443195,-1.7950737397245564,0.5741439160937701,1.1010570845285654,-0.10503322937508085,-0.010037172411102874,0.07180152826038194,0.09000117304571391,0.09000117304571391,0.0,0.12036975970038553,0.5345906064132065,-0.19038947166227535,-0.0035843897952200976,-0.0023658187100206365,-4.970529821751947,0,0.5400093361574938
45.239999999992754,-2.1346842709133367,0.4814135125090203,1.2675507763147722,0.0071678082842333984,-0.008005194616646635,-0.0030656142695339996,-2.0518604384085335,0.3621771134298124,1.7855871843030644,-0.21473335642654034,-0.04983603982897213,-0.1153173551001616,-1.9239143966237133,0.4680567170702097,1.4430875004342631,-0.16041886689471233,-0.030579850734935788,-0.021954031732228367,0.09000117304571391,0.09000117304571391,0.0,0.12032568060044772,0.5346225343993449,-0.1903702204926714,-0.003586896538590266,-0.002365055994754916,-4.970462587639002,0,0.5400323186814078
45.24415999999275,-2.1346543754346334,0.4813801604490186,1.2675380227282411,0.007174914888775282,-0.008004494400408891,-0.0030608607674848854,-1.7584671805582286,0.5776616608207481,1.0962327366732116,0.08549972084131018,0.07162730961084307,-0.03176171037525615,-1.8410112655634678,0.5230082499475235,1.2695927841776464,-0.03772937554636263,0.020848330386305115,-0.027413172555478538,0.09000117304571391,0.09000117304571391,0.0,0.12028154913499607,0.5346544837825471,-0.19035100421253318,-0.0035894089216335825,-0.0023642973090224643,-4.970395313330669,0,0.5400552965332507
45.24831999999275,-2.1346244502975726,0.4813468112559983,1.2675252889225184,0.0071820328945396755,-0.008003806324861102,-0.0030561133734436606,-1.5933720395211362,0.3938109310964217,1.2739733450852793,-0.0767880828723128,0.13430891810811724,0.19469430399588808,-1.7173494244213006,0.458687864989575,1.272188062790544,-0.05735828566439048,0.07765797033197583,0.08362201515730311,0.09000117304571391,0.09000117304571391,0.0,0.12023736517219122,0.5346864546191641,-0.19033182280336938,-0.003591926960000891,-0.002363542651360683,-4.9703279987338425,0,0.5400782697501486
45.25247999999275,-2.1345944954544733,0.48131346487936144,1.2675125748722147,0.007189162343877535,-0.008003130392844558,-0.0030513720728866838,-2.1516750663441613,0.6992227184737542,1.0823211977709868,0.020102690552214,0.22414279407837187,-0.09103299357158813,-1.9344740888256504,0.579422708237127,1.177063165371684,-0.018335949518694307,0.1511204261638112,-0.0033142870722487365,0.09000117304571391,0.09000117304571391,0.0,0.12019312857980444,0.5347184469652915,-0.19031267624772605,-0.003594450669413274,-0.0023627920203245574,-4.970260643755189,0,0.5401012383692284
45.25663999999275,-2.1345645108574764,0.48128012126849773,1.267499880552001,0.007196303279303347,-0.008002466607288821,-0.003046636851272558,-1.7147948146313505,1.0368766712479731,1.6250358574458506,-0.022628669739250665,0.011083280897666201,-0.03909233340866497,-1.824679028370757,0.8081743172258748,1.4009711948292527,-0.020940335273384268,0.08189287086647686,-0.021133536800570497,0.09000117304571391,0.09000117304571391,0.0,0.12014883922436141,0.5347504608775177,-0.19029356452747564,-0.003596980065662804,-0.002362045414490374,-4.970193248301146,0,0.5401242024276183
45.26079999999275,-2.1345344964585453,0.48124678037278446,1.2674872059366091,0.007203455743499293,-0.008001814971183078,-0.003041907694047937,-1.9136632507144997,0.21435307593723152,1.0686183989216878,-0.05655108073248418,0.027864513593787017,-0.001171907217766353,-1.8692895955254145,0.5113176090771085,1.2347903431166085,-0.03864307117783948,0.05482907738209792,-0.011302774413838618,0.09000117304571391,0.09000117304571391,0.0,0.12010449697242367,0.5347824964124435,-0.19027448762531368,-0.0035995151646122632,-0.002361302832451841,-4.970125812277921,0,0.5401471619624478
45.26495999999275,-2.1345044522094647,0.4812134421415862,1.2674745510008314,0.0072106197793154235,-0.008001175487590313,-0.003037184586645034,-2.5713559094995437,0.7051411055721132,1.4212934748011439,0.05170152376350532,-0.10533223373860875,0.021454708625656373,-2.2202210061411543,0.6080121665375648,1.328087856548145,0.006945905874423328,-0.0255014219160811,0.005065520350012284,0.09000117304571391,0.09000117304571391,0.0,0.12006010168994725,0.5348145536268428,-0.19025544552390403,-0.0036020559821957534,-0.002360564272820909,-4.97005833559149,0,0.5401701170108482
45.269119999992746,-2.1344743780618405,0.4811801065242543,1.267461915719521,0.007217795429768661,-0.008000548159654789,-0.0030324675144777066,-2.3793403981888916,0.0677048560542145,1.9384848526509635,0.010155161378408007,-0.028624666838278936,-0.0973850232539996,-2.2997610376134836,0.3377934670757911,1.6330866215232023,0.008715954059999902,-0.02623342229375932,-0.04545775675155594,0.09000117304571391,0.09000117304571391,0.0,0.12001565324249566,0.534846632577609,-0.1902364382063066,-0.0036046025344191827,-0.002359829734229696,-4.969990818147596,0,0.5401930676099526
45.273279999992745,-2.1344442739670986,0.4811467734701268,1.2674493000675922,0.007224982738045971,-0.007999932990594679,-0.0030277564629446734,-2.3939631916808226,0.7514261854541494,1.0650211073458478,0.057034736909808675,0.031504414314207384,-0.04513910890055376,-2.346744252593622,0.5446765776829807,1.3489559120085628,0.03292483826662186,0.003435394240464796,-0.04525548424404601,0.09000117304571391,0.09000117304571391,0.0,0.1199711514950256,0.534878733321916,-0.19021746565576375,-0.0036071548373607454,-0.0023590992153298875,-4.969923259851751,0,0.5402160137968961
45.277439999992744,-2.1344141398764838,0.4811134429285281,1.2674367040200196,0.007232181747506923,-0.007999329983693756,-0.0030230514174319685,-2.16699868079301,1.1237874556150085,1.3148698662374867,-0.058156462666170125,-0.17391933794329592,0.09848486088208006,-2.2569917698909947,0.833874502057066,1.332117551072811,-0.012322820296906125,-0.08531729274999258,0.026579129517726185,0.09000117304571391,0.09000117304571391,0.0,0.11992659631167202,0.5349108559170048,-0.1901985278557005,-0.0036097129071712285,-0.002358372714790719,-4.969855660609232,0,0.5402389556088163
45.28159999999274,-2.13438397574106,0.48108011484876845,1.2674241275518392,0.007239392501679592,-0.007998739142318441,-0.003018352363306652,-1.8126407595353748,0.5449883387468731,1.5555710576098314,-0.11082837925788702,0.013508324706823381,0.020573120249230904,-2.035043907245607,0.6894572343968688,1.443888573269383,-0.061457708476654674,-0.03578509281952412,0.02361794587858368,0.09000117304571391,0.09000117304571391,0.0,0.11988198755660265,0.5349430004202904,-0.19017962478972422,-0.003612276760074233,-0.0023576502313014972,-4.969788020325079,0,0.5402618930828528
45.28575999999274,-2.134353781511709,0.4810467891801439,1.267411570638148,0.0072466150442670315,-0.00799816046990416,-0.0030136592859212985,-1.917816614145592,1.1077110497407139,1.4454781307339852,0.026577217175819887,-0.15551798829387548,0.013852226037987834,-1.9763724453401605,0.8982640479104742,1.4447104838950764,-0.018270621604994285,-0.09586121970280054,0.019549026540473247,0.09000117304571391,0.09000117304571391,0.0,0.1198373250929487,0.5349751668893624,-0.1901607564420533,-0.0036148464123668417,-0.0023569317635699113,-4.969720338904097,0,0.540284826256148
45.28991999999274,-2.1343235571391292,0.48101346587193566,1.2673990332541036,0.007253849419143669,-0.007997593969966733,-0.0030089721706113375,-2.0068402588098255,0.25975375846067195,1.3295614154303736,0.2509815669703366,0.07539105643843205,-0.11760233661298884,-1.9910830344799464,0.5791624797438911,1.3868901538377343,0.1156186987286452,-0.010839067864331368,-0.04883485547523289,0.09000117304571391,0.09000117304571391,0.0,0.11979260878344489,0.5350073553820386,-0.1901419227966615,-0.003617421880419829,-0.0023562173103235983,-4.969652616250856,0,0.5403077551658474
45.29407999999274,-2.134293302573836,0.48098014487341023,1.2673865153749257,0.0072610956703574574,-0.007997039646099553,-0.003004291002693833,-2.587517641685635,0.48179181337960275,1.559112752617008,0.006426500229637043,0.05903144545920994,0.018697308944174307,-2.2892906901477983,0.53059872316787,1.4730435410781337,0.06081102467152351,0.024344509473211713,-0.016031339923493135,0.09000117304571391,0.09000117304571391,0.0,0.11974783849064297,0.5350395659560979,-0.19012312383834773,-0.003620003180678031,-0.002355506870310297,-4.969584852269682,0,0.5403306798490988
45.29823999999274,-2.134263017766161,0.4809468261338187,1.2673740169758947,0.0072683538421320585,-0.007996497501976084,-0.0029996157674691912,-1.6519602200345487,0.5250104251697385,1.5894359386625374,-0.05262468207020172,-0.08680118743975154,-0.0898536107789648,-1.9707313729734501,0.5276237515310752,1.5310525934274302,0.004542698031908888,-0.031106022588357356,-0.05242421588493841,0.09000117304571391,0.09000117304571391,0.0,0.11970301407605594,0.5350717986698155,-0.19010435955166702,-0.0036225903296610786,-0.0023548004422983123,-4.9695170468646666,0,0.5403536003430539
45.30239999999274,-2.1342327026662486,0.4809135096023965,1.267361538032352,0.007275623978871875,-0.00799596754132139,-0.002994946450228677,-1.8285850263404624,0.7515329536427213,1.8237319568748087,0.03323031476957944,0.04284535417638825,-0.05729145314295148,-1.8995872745339606,0.6396693111079784,1.677275949793538,0.01849405344398758,0.005732881193008675,-0.05523795080762733,0.09000117304571391,0.09000117304571391,0.0,0.11965813540079812,0.5351040535813752,-0.19008562992135758,-0.003625183343963283,-0.0023540980250710154,-4.969449199939658,0,0.5403765166848675
45.306559999992736,-2.1342023572240607,0.4808801952283633,1.267349078519701,0.007282906125152407,-0.00799544976796376,-0.0029902830362359975,-2.0511108951097494,0.47593682438201307,1.497350096914259,-0.08276400434534308,-0.04943280293637918,-0.29520513646857355,-1.975521047728084,0.5576988053071122,1.5866988946931493,-0.03272670487476574,-0.021703174439723784,-0.1757584099169246,0.09000117304571391,0.09000117304571391,0.0,0.11961320232601258,0.5351363307491367,-0.1900669349331975,-0.003627782240254336,-0.0023533996174345834,-4.969381311398264,0,0.5403994289116982
45.310719999992735,-2.13417198138937,0.4808468829609225,1.2673366384134062,0.007290200325733604,-0.007994944185790546,-0.0029856255107462365,-2.0316752455687976,0.4968087426647123,1.2671864396261898,-0.013790741270779436,-0.059402012762513674,-0.0027625648522631913,-2.003628994296253,0.5271295187176969,1.426934190903528,-0.022408674922976532,-0.04041807908738048,-0.08903382294438703,0.09000117304571391,0.09000117304571391,0.0,0.11956821471116001,0.5351686302317428,-0.1900482745720799,-0.003630387035279988,-0.00235270521821268,-4.969313381143849,0,0.5404223370607079
45.31487999999273,-2.1341415751117636,0.48081357274926084,1.2673242176889936,0.007297506625547151,-0.007994450798787845,-0.002980973858986706,-2.269164066129513,0.5499912263292133,1.396464557917964,-0.0927710423830522,-0.1067798435311545,0.01817629356583178,-2.136592459038534,0.5383391143682028,1.4117373611029633,-0.05705178038725471,-0.07392208649533989,-0.03562495081684217,0.09000117304571391,0.09000117304571391,0.0,0.11952317241636906,0.5352009520880667,-0.19002964882415124,-0.0036329977458619453,-0.002352014826252134,-4.969245409079534,0,0.5404452411690632
45.31903999999273,-2.1341111383406397,0.4807802645425484,1.2673118163220511,0.007304825069715064,-0.007993969610985424,-0.0029763280661805353,-2.2387356848465023,0.05030410273194558,1.0549001149349497,-0.006657606204955546,-0.012317245954290583,0.02725598543407777,-2.187678881668712,0.2942928230822553,1.2333712493205802,-0.03173898132359538,-0.04324336743103327,-0.0033790690081388717,0.09000117304571391,0.09000117304571391,0.0,0.11947807530029858,0.5352332963768913,-0.19001105767531545,-0.0036356143888986083,-0.002351328440414207,-4.969177395108194,0,0.5404681412739346
45.32319999999273,-2.1340806710252083,0.4807469582899379,1.2672994342882282,0.007312155703533324,-0.007993500626518107,-0.0029716881175230188,-2.6132120865857806,0.021378525465986842,1.602222123160623,-0.10999067052354347,-0.019536854453223243,-0.08289495994632812,-2.40067779299505,0.15779301013504773,1.417626742341636,-0.07059352492633071,-0.031334727327674006,-0.043081041947448405,0.09000117304571391,0.09000117304571391,0.0,0.11943292322163268,0.5352656631573905,-0.18999250111187527,-0.0036382369813653904,-0.002350646059582957,-4.96910933913246,0,0.5404910374124969
45.32735999999273,-2.1340501731144896,0.48071365394056464,1.2672870715632358,0.007319498572484229,-0.007993043849585484,-0.002967053998196147,-2.1370878824953254,0.28810804563335535,1.312912850101768,-0.11570887921526735,0.02453363554847808,-0.07161258182721929,-2.2691222193023015,0.22300229183485248,1.3651203662471647,-0.09288148715709967,-0.00331892864860596,-0.05746752520750628,0.09000117304571391,0.09000117304571391,0.0,0.11938771603822529,0.535298052488916,-0.18997397912010433,-0.003640865540315215,-0.002349967682661022,-4.969041241054714,0,0.5405139296219297
45.33151999999273,-2.1340196445573136,0.48068035144354604,1.267274728122847,0.007326853722234203,-0.007992599284462186,-0.002962425693363628,-2.5997439216745715,0.2500010276522226,1.1331543856983084,0.06665977269178455,0.08781056308045529,-0.06514104534993864,-2.434296227708896,0.2366845456552397,1.2490010105188576,-0.013364328592394704,0.04221422572285249,-0.06166403913277964,0.09000117304571391,0.09000117304571391,0.0,0.11934245360731283,0.5353304644307837,-0.1899554916868892,-0.0036435000828788583,-0.0023492933085696296,-4.96897310077709,0,0.5405368179394171
45.33567999999273,-2.133989085302319,0.48064705074798136,1.2672624039428961,0.007334221198630249,-0.00799216693551754,-0.002957803188165595,-1.8443951260111062,0.6523016067483178,0.9775696819602582,0.23371861422117474,0.30500710515489493,0.0006359210691621285,-2.1388559714598356,0.4451303260526866,1.1132837771803723,0.11042595539672038,0.17362477851958202,-0.03004085314098578,0.09000117304571391,0.09000117304571391,0.0,0.11929713578572726,0.5353628990427012,-0.18993703879908805,-0.0036461406262654253,-0.002348622936252618,-4.968904918201472,0,0.5405597024021485
45.339839999992726,-2.1339584952979536,0.4806137518029514,1.2672500989992805,0.007341601047708737,-0.007991746807184459,-0.002953186467728042,-2.1179279139467,0.5763916951776334,1.1197889062597368,-0.014028077407188519,0.014043759201623682,-0.005163626130417981,-2.1284210840484428,0.5107915219720869,1.1165260408709448,0.048259697058823964,0.09366068186489403,-0.017793196587635746,0.09000117304571391,0.09000117304571391,0.0,0.11925176242989564,0.5353953563845552,-0.18991862044438684,-0.003648787187762707,-0.002347956564671993,-4.9688366932294965,0,0.5405825830473185
45.343999999992725,-2.1339278744924717,0.4805804545575182,1.267237813267959,0.007348993315695222,-0.007991338903967785,-0.0029485755171621193,-2.5064136003696063,0.49378930995712084,1.606023005820843,0.11759518218626346,-0.1484232877022692,-0.04830904130699605,-2.3171746457085325,0.501980805307976,1.3611767315203323,0.08256384502411158,-0.026992890630671663,-0.03269542648537121,0.09000117304571391,0.09000117304571391,0.0,0.11920633339541176,0.5354278365161438,-0.18990023661001618,-0.0036514397847377386,-0.002347294192807366,-4.968768425762545,0,0.5406054599121273
45.348159999992724,-2.133897222833934,0.48054715896072453,1.2672255467249525,0.007356398048998159,-0.00799094323047371,-0.002943970321550967,-2.109192289277318,0.4316392217494997,1.199769357514127,0.008679719075921855,0.035899110990330385,0.06510529336428612,-2.2131647075715457,0.46688348488132825,1.2806084972207212,0.04598665496645752,0.004788335286509425,0.015638482919093602,0.09000117304571391,0.09000117304571391,0.0,0.11916084853703486,0.5354603394977653,-0.18988188728403432,-0.0036540984346373536,-0.0023466358196617,-4.968700115701749,0,0.54062833303378
45.35231999999272,-2.1338665402702084,0.4805138649615938,1.2672132993463443,0.007363815294216674,-0.00799055979137395,-0.0029393708659642267,-1.5196680993125096,0.021866074143593484,1.368520419277116,-0.027402568836389363,-0.1346248028875609,-0.11027430521649509,-1.866469234283181,0.24409134330602683,1.3243367308817566,0.009627088419021887,-0.06476192057375738,-0.04780262348239984,0.09000117304571391,0.09000117304571391,0.0,0.11911530770975798,0.5354928653896834,-0.18986357245425842,-0.00365676315498814,-0.0023459814442568882,-4.968631762947982,0,0.5406512024494885
45.35647999999272,-2.133835826748966,0.48048057250912957,1.26720107110828,0.007371245098141796,-0.007990188591421667,-0.002934777135450484,-2.0712779348426875,0.3684483779458587,1.0699146780616982,0.02873229874662327,-0.06437434637802913,0.1716805801514532,-1.9688158160115916,0.30613634580363935,1.1974808640033676,0.019448051409982025,-0.06433339303143934,0.061997425847227824,0.09000117304571391,0.09000117304571391,0.0,0.1190697107670973,0.5355254142525562,-0.18984529210911977,-0.00365943396339746,-0.0023453310656345785,-4.968563367401868,0,0.54067406819647
45.36063999999272,-2.133805082217684,0.4804472815523152,1.2671888619869673,0.007378687507755177,-0.0079898296354448,-0.002930189115040664,-2.0585022992613005,1.06476690830678,1.079378329728262,-0.0005925047008246377,0.06304275530358712,0.13498813411940994,-2.01366129970244,0.6855886108222933,1.1387093598139333,0.009612780652318426,-0.0009170476437191611,0.09857563156927619,0.09000117304571391,0.09000117304571391,0.0,0.11902405756280107,0.5355579861469008,-0.1898270462372369,-0.003662110877553368,-0.002344684682855391,-4.968494928963769,0,0.5406969303119485
45.36479999999272,-2.1337743066236414,0.4804139920401137,1.2671766719586768,0.007386142570232324,-0.00798948292835281,-0.002925606789745697,-1.8251143821800633,0.5733544935035699,1.3357577308156028,0.014673080739883524,-0.10618104488574268,0.05216763930392332,-1.919356531976974,0.6292504789453582,1.2373423527542815,0.012397436813119833,-0.05381428243843053,0.07589322437446798,0.09000117304571391,0.09000117304571391,0.0,0.11897834794935283,0.5355905811336822,-0.18980883482741548,-0.0036647939152255346,-0.00234404229499969,-4.968426447533793,0,0.5407197888331541
45.36895999999272,-2.133743499913921,0.48038070392146726,1.2671645009997412,0.00739361033293983,-0.00798914847514096,-0.0029210301445541254,-2.4175730664612156,0.32442714245173976,1.1182951825251672,-0.0472261322924566,0.043103674952083365,-0.15459289812025054,-2.1685673683842843,0.4769261454130818,1.1774970400847955,-0.01699993498412981,-0.005271744025572915,-0.03964965374050564,0.09000117304571391,0.09000117304571391,0.0,0.11893258177903893,0.5356231992739395,-0.18979065786886257,-0.0036674830942653824,-0.002343403901168965,-4.96835792301179,0,0.5407426437973235
45.37311999999272,-2.1337126620354065,0.4803474171452969,1.2671523490865562,0.007401090843439397,-0.00798882628088572,-0.002916459164434366,-2.5072280964592206,0.6405349190807422,0.78777925916896,-0.08601682890737587,-0.04556592298037576,-0.2046793005226906,-2.3380796317348196,0.5586363623933335,0.982209549035416,-0.05120727001254831,-0.02515712676468259,-0.12208344541652154,0.09000117304571391,0.09000117304571391,0.0,0.11888675890352067,0.5356558406289469,-0.18977251535097306,-0.003670178432606695,-0.0023427695004854497,-4.968289355297348,0,0.5407654952417006
45.377279999992716,-2.1336817929347838,0.48031413166050213,1.2671402161955798,0.007408584149490884,-0.00798851635073504,-0.0029118938343376415,-1.9018734793483028,0.6315038112818634,1.0382223542327023,0.1052037597710212,-0.14172304949684456,-0.06573948520785898,-2.1197554634760105,0.5947751156002241,1.010078772184761,0.027363788845467633,-0.08309541340973207,-0.09351348371203996,0.09000117304571391,0.09000117304571391,0.0,0.11884087917383337,0.5356885052599992,-0.18975440726332968,-0.003672879948266014,-0.002342139092089926,-4.9682207442897965,0,0.540788343203536
45.381439999992715,-2.1336508925585376,0.4802808474159608,1.2671281023033332,0.007416090299048961,-0.00798821868992885,-0.0029073341391904687,-2.2770504058531262,0.6006285028068661,1.92588153964297,0.016356616742490754,-0.13879307539637456,-0.1871199388789913,-2.1983710699575325,0.5974129828127449,1.4675959585782912,0.022368628478917307,-0.110853267305974,-0.1396367665608478,0.09000117304571391,0.09000117304571391,0.0,0.1187949424401716,0.5357211932289476,-0.1897363335959172,-0.0036755876593432195,-0.002341512675144786,-4.9681520898882,0,0.5408111877200881
45.38559999999271,-2.133619960852953,0.4802475643605284,1.2671160073864003,0.007423609340269299,-0.007987933303771575,-0.0029027800639043013,-1.870165931838835,0.5643559516277564,1.4039621629575292,0.08271607229351267,0.035796197848302284,-0.08037872819837309,-2.034093703161076,0.5809590955485833,1.4356126435316416,0.052320138682927,-0.037732463322154096,-0.11059501408929266,0.09000117304571391,0.09000117304571391,0.0,0.11874894855274351,0.5357539045973446,-0.1897182943391231,-0.003678301584021628,-0.002340890248829954,-4.968083391991361,0,0.5408340288286224
45.38975999999271,-2.1335889977641136,0.4802142824430381,1.2671039314214279,0.0074311413215046905,-0.007987660197667286,-0.002898231593364194,-2.2250884663088697,0.5295644609834215,1.5396688317758307,0.06549089424476334,0.15918674214936498,0.12872155520244455,-2.1294557447293094,0.555592522226129,1.4879086104566008,0.05868476971115602,0.060714632904495525,0.009332812712434626,0.09000117304571391,0.09000117304571391,0.0,0.11870289736048772,0.5357866394272994,-0.18970028948309564,-0.0036810217405690614,-0.0023402718123478722,-4.968014650497819,0,0.5408568665664122
45.39391999999271,-2.1335580032379,0.4801810016123002,1.267091874385126,0.007438686291307954,-0.007987399377099268,-0.0028936887124332597,-2.1763193150809266,0.6644527766301783,1.2594736540709817,-0.0364279036987486,-0.04586893867946988,0.07447550144365037,-2.1529634812324616,0.609926528020736,1.3738445346473607,0.011064519407859881,0.008139911703022747,0.04185479994023459,0.09000117304571391,0.09000117304571391,0.0,0.11865678871214082,0.5358193977808903,-0.18968231901902766,-0.003683748147337903,-0.002339657364921922,-4.967945865305847,0,0.5408797009707388
45.39807999999271,-2.13352697721999,0.48014772181710175,1.267079836254268,0.007446244298435481,-0.007987150847627232,-0.0028891514059570774,-2.174423163434682,0.6683746473876238,1.160532114442487,0.062386926949850124,0.11193752447361939,0.040259632047833456,-2.163564279121782,0.6393850320423361,1.2672695344044276,0.036996331940582,0.05945095709352908,0.04155563519337717,0.09000117304571391,0.09000117304571391,0.0,0.11861062245559542,0.535852179720646,-0.18966438293765994,-0.0036864808227656653,-0.00233904690579494,-4.967877036313449,0,0.5409025320788918
45.40223999999271,-2.133495919655857,0.48011444300620637,1.2670678170056897,0.007453815391847005,-0.007986914614889373,-0.0028846196587594165,-2.1448053395493334,0.3939926525000882,1.2025914342812385,-0.164283444721563,0.1045278177707785,0.03258767660681164,-2.154526887699779,0.5169044892597833,1.2349976631438389,-0.06338792710395594,0.08201088131456419,0.037144371546251075,0.09000117304571391,0.09000117304571391,0.0,0.11856439843811291,0.5358849853089052,-0.18964648123035022,-0.003689219785375334,-0.0023384404342289096,-4.967808163418364,0,0.5409253599281687
45.40639999999271,-2.133464830490771,0.4800811651283538,1.2670558166162913,0.0074613996207027605,-0.007986690684621362,-0.002880093455637337,-2.1446528302851657,-0.17832466312751089,1.1344047730866098,-0.0303125029228372,0.07114095683689743,-0.06274742896401521,-2.1496527056907815,0.16943191492884443,1.1845720713673553,-0.04691644245815774,0.07710765164957842,-0.01379045825652669,0.09000117304571391,0.09000117304571391,0.0,0.11851811650696428,0.5359178146084036,-0.18962861388886015,-0.003691965053775936,-0.00233783794950866,-4.967739246518059,0,0.5409481845558759
45.41055999999271,-2.133433709669794,0.4800478881322595,1.2670438350630355,0.0074689970343723485,-0.00798647906263318,-0.002875572781369547,-2.470011736203945,0.4480251975576381,1.4306657668171183,-0.07950444135505583,0.13665774708242162,-0.21539079526766383,-2.3099989526777494,0.3090138801593091,1.307171405267534,-0.0636300035649618,0.10729705986403676,-0.11398664342912417,0.09000117304571391,0.09000117304571391,0.0,0.11847177650793306,0.5359506676823292,-0.18961078090471367,-0.003694716646663372,-0.0023372394509388,-4.967670285509733,0,0.5409710059993287
45.414719999992705,-2.133402557137784,0.4800146119666145,1.2670318723229492,0.007476607682433703,-0.007986279754802771,-0.002871057620715942,-2.551413410479451,0.2273381454956837,1.3858736631465478,-0.1127039442378136,-0.025682076943332834,0.06640761221576601,-2.430941382454813,0.26812302195238336,1.3466603223411842,-0.08860107907098552,0.04033582588889701,-0.023373842646991196,0.09000117304571391,0.09000117304571391,0.0,0.11842537828681017,0.53598354459352,-0.18959298227048046,-0.0036974745828203003,-0.0023366449378410467,-4.967601280290311,0,0.5409938242958513
45.418879999992704,-2.1333713728393895,0.47998133658008485,1.2670199283731225,0.007484231614668409,-0.007986092767116091,-0.002866547958407316,-2.124696336591316,-0.054831222843642446,1.0416723754912338,-0.1240290386186749,0.03472783905032192,-0.0049219142038570435,-2.278075249571189,0.10671492223084576,1.1941543270834383,-0.10604534818133067,0.03798915520422589,-0.014317234239373103,0.09000117304571391,0.09000117304571391,0.0,0.11837892168811076,0.536016445405266,-0.18957521797827961,-0.0037002388811171946,-0.0023360544095608958,-4.967532230756446,0,0.5410166394827768
45.4230399999927,-2.1333401567190515,0.47994806192131134,1.2670080031907094,0.007491868881064496,-0.007985918105647527,-0.0028620437791486973,-2.214054136499026,0.11479080056036056,1.4072479240018212,-0.0670295831859109,0.08239006544269134,-0.10259104092927696,-2.2462032627009894,0.11092328389688552,1.3004886812610332,-0.08673322489436483,0.06066902377107425,-0.05818449836007943,0.09000117304571391,0.09000117304571391,0.0,0.11833240655656961,0.5360493701813633,-0.18955748802106256,-0.003703009560512416,-0.0023354678654670573,-4.967463136804517,0,0.5410394515974483
45.4271999999927,-2.1333089087210024,0.4799147879389092,1.2669960967529277,0.007499519531830054,-0.007985755776519447,-0.0028575450676354246,-2.262030783020335,0.6562121408001078,0.9797711234326336,0.07476074214488093,0.07331419315959271,-0.10655043394427079,-2.2539630082191153,0.38372420087771,1.1399062365295736,-0.00533553305843247,0.06690353196435075,-0.08246063506081328,0.09000117304571391,0.09000117304571391,0.0,0.11828583273585827,0.5360823189852062,-0.18953979239175842,-0.003705786640052839,-0.002334885304942684,-4.967393998330626,0,0.5410622606772182
45.4313599999927,-2.1332776287892634,0.47988151458146766,1.2669842090370589,0.007507183617378826,-0.007985605785966722,-0.002853051808529744,-2.0907063609815277,1.239160722973049,1.7035173150690588,0.0989163469015963,0.014058317010878375,0.14013403127074506,-2.1721293948262876,0.8114770192870326,1.4220062920619885,0.04755102464597357,0.04080619496884367,0.02925631571213087,0.09000117304571391,0.09000117304571391,0.0,0.11823920006858339,0.5361152918808021,-0.18952213108348748,-0.0037085701388746275,-0.0023343067273942286,-4.967324815230599,0,0.5410850667594488
45.4355199999927,-2.133246316867645,0.4798482417975497,1.2669723400204487,0.007514861188334871,-0.007985468140312299,-0.0028485639864683143,-1.5386845768180435,0.4762924022832557,1.298787210968643,0.06042041193234108,0.1562551147254816,0.08021256420217744,-1.8552759620547103,0.6442069615036112,1.3605628905710665,0.05354322245062884,0.09872037301783221,0.0546535331243093,0.09000117304571391,0.09000117304571391,0.0,0.11819250839735458,0.5361482889322383,-0.18950450408998953,-0.003711360076203286,-0.002333732132250934,-4.967255587399985,0,0.5411078698815125
45.4396799999927,-2.133214972899747,0.4798149695356916,1.2669604896805067,0.007522552295539336,-0.007985342845955187,-0.0028440815860679173,-2.451928032801971,0.7047552661848709,0.8196741346618227,0.055905383509998026,-0.08503992725879078,0.07574021324192047,-2.1534889932930805,0.6743049359824836,1.0902731421746326,0.05429253784672536,0.006717815861070299,0.06477383846079708,0.09000117304571391,0.09000117304571391,0.0,0.11814575756414307,0.5361813102037889,-0.18948691140498275,-0.003714156471354384,-0.002333161518961945,-4.967186314734053,0,0.5411306700807921
45.4438399999927,-2.1331835968289554,0.47978169774440255,1.266948657994707,0.007530256990051883,-0.007985229909370194,-0.0028396045919241407,-2.1902677873701633,0.3327831075950341,1.0484154977420406,0.1016911444889568,-0.01115840003620533,-0.044391794710547966,-2.1716666935982554,0.5035181605220272,1.0692514237722073,0.07777749343487528,-0.0020930124090820334,0.010327663858624088,0.09000117304571391,0.09000117304571391,0.0,0.11809894740985291,0.5362143557599682,-0.18946935302280546,-0.003716959343734177,-0.002332594886994762,-4.96711699712779,0,0.5411534673946812
45.447999999992696,-2.133152188598442,0.47974842637216447,1.2669368449405878,0.007537975323143052,-0.007985129337140703,-0.002835132988600923,-2.6933203389926663,0.28767054834987593,1.1659808503801687,0.04533193763278904,0.2651677140495361,-0.019177810031242422,-2.4324029923368125,0.39614478723050356,1.117577197513754,0.06161203410316972,0.13132692364873275,-0.004554386975373075,0.09000117304571391,0.09000117304571391,0.0,0.1180520777747471,0.5362474256653182,-0.1894518289379892,-0.0037197687128400873,-0.0023320322358412328,-4.967047634475902,0,0.5411762618605832
45.452159999992695,-2.133120748151166,0.4797151553674314,1.2669250504957519,0.007545707346302397,-0.007985041135928177,-0.0028306667606411116,-2.200793454342058,0.18224540214224588,1.2796804916572424,0.1225499252451522,-0.05243004069550677,-0.031306791023217734,-2.316342481254041,0.28908428023545657,1.1985646643189212,0.09245159315698312,0.0395874944399736,-0.017833975090608353,0.09000117304571391,0.09000117304571391,0.0,0.11800514849908851,0.5362805199849958,-0.18943433914504448,-0.003722584598260972,-0.0023314735650142595,-4.966978226672812,0,0.5411990535159139
45.456319999992694,-2.133089275429869,0.4796818846786295,1.2669132746378662,0.007553453111244274,-0.007984965312464056,-0.002826205892567253,-2.1217671434002074,0.6132168806261595,1.1309635636260749,-0.21097194729109528,0.04103420964264675,0.045332722622217304,-2.2194929403935113,0.45123812275503866,1.1648581513604506,-0.0589166304076162,0.0403471832750442,0.013639700214894109,0.09000117304571391,0.09000117304571391,0.0,0.1179581594218567,0.5363136387838655,-0.1894168836388885,-0.0037254070196779685,-0.0023309188740443204,-4.9669087736126585,0,0.5412218423980993
45.46047999999269,-2.133057770377078,0.4796486142541563,1.2669015173446625,0.007561212669900858,-0.0079849018735762,-0.0028217503688733035,-1.734831233213872,0.6987774492323647,1.5605223730304973,0.012697113671856136,0.13904290584886905,-0.01961047587747002,-1.9771309283274645,0.5752976899920682,1.362651927212997,-0.0237670469629025,0.09018560304834251,-0.002832075945192632,0.09000117304571391,0.09000117304571391,0.0,0.11791111038138746,0.536346782127194,-0.18939946241506006,-0.0037282359968648904,-0.0023303681624832315,-4.966839275189294,0,0.5412446285445771
45.46463999999269,-2.1330262329351015,0.4796153440423805,1.2668897785939375,0.007568986074422458,-0.007984850826194543,-0.0028173001740235586,-2.2807153296690137,0.4326206506019508,1.3488126350584542,0.026624088459425144,0.030939456358673803,-0.009450222375296826,-2.1288694671714112,0.5040204017431045,1.3557130766436263,0.001228717548385311,0.06158730326957911,-0.006404482145671056,0.09000117304571391,0.09000117304571391,0.0,0.11786400121558596,0.536379950080597,-0.1893820754692923,-0.003731071549688765,-0.0023298214299071343,-4.966769731296283,0,0.5412674119927967
45.46879999999269,-2.1329946630460297,0.47958207399164166,1.2668780583635522,0.007576773377186493,-0.007984812177320024,-0.0028128552924628738,-1.9561612782682098,0.3893365810131411,1.7286038711754457,0.03781850155350619,0.0373365598146386,0.032623861786611474,-2.042436357709867,0.4467544321187242,1.542228615906145,0.019932334002285473,0.049903795143954315,0.013262976253886229,0.09000117304571391,0.09000117304571391,0.0,0.11781683176149833,0.5364131427097197,-0.18936472279708472,-0.0037339136981102703,-0.002329278675911552,-4.966700141826904,0,0.5412901927802192
45.47295999999269,-2.132963060651735,0.4795488040502498,1.2668663566314329,0.007584574630792263,-0.007984785934052045,-0.002808415708604862,-2.090663143455739,0.49387596244121656,1.6428106554250428,-0.06982966616937944,0.0003044169810530687,0.15266900769639288,-2.066696023854679,0.47031650988742685,1.5928385295698215,-0.024610118824685112,0.024939132653175516,0.08264789717851408,0.09000117304571391,0.09000117304571391,0.0,0.11776960185616618,0.5364463600804501,-0.18934740439498654,-0.0037367624621843167,-0.0023287399001145296,-4.966630506674143,0,0.5413129709443181
45.47711999999269,-2.132931425693868,0.47951553416648496,1.266854673375571,0.007592389888071533,-0.007984772103559482,-0.002803981406845058,-2.734147795925293,1.074920573751304,0.8508842370618603,0.10256301008368329,-0.18855986053680363,-0.07413414833248164,-2.4002120743293225,0.7722297947086574,1.2217033570606597,0.038401895672492435,-0.08142222659092732,0.003611799407044519,0.09000117304571391,0.09000117304571391,0.0,0.11772231133470147,0.5364796022589197,-0.18933012025952872,-0.003739617862060925,-0.002328205102152081,-4.966560825730696,0,0.5413357465225791
45.48127999999269,-2.1328997581138593,0.47948226428859697,1.266843008574023,0.0076002192020760565,-0.007984770693118981,-0.002799552371545881,-1.8010581651782014,0.45467247106731173,1.5934129903684913,-0.17016374870189813,0.07591558099605675,-0.15004739936100028,-2.1009845312154183,0.6136067038201791,1.407248688639418,-0.06602703128102815,-0.0027109010779911963,-0.07321186906432245,0.09000117304571391,0.09000117304571391,0.0,0.11767496003285037,0.5365128693113967,-0.1893128703874374,-0.0037424799179851683,-0.002327674281683992,-4.966491098888965,0,0.5413585195525007
45.485439999992686,-2.1328680578529173,0.4794489943648049,1.2668313622049103,0.007608062626091598,-0.007984781710084267,-0.002795128587046991,-2.086127988262775,0.6375629453726718,1.9230075521533765,0.011615987797745751,-0.11937698243457288,0.07570741873675965,-2.0935336666578963,0.6253372976798908,1.665288854075926,-0.026406629055527656,-0.06132791108775033,0.0014039243238127045,0.09000117304571391,0.09000117304571391,0.0,0.11762754778464156,0.5365461613044477,-0.18929565477563387,-0.00374534865029831,-0.002327147438390101,-4.96642132604106,0,0.5413812900715936
45.489599999992684,-2.1328363248520272,0.479415724343297,1.26681973424642,0.007615920213629389,-0.007984805161910757,-0.0027907100376558394,-2.1671931428593383,0.4350139301120783,1.5935213039263714,0.09348240676284342,0.03911964953605407,0.04258462800587516,-2.130169941679869,0.5302546210408348,1.6294925878191124,0.03375244811542827,-0.010615871766756138,0.022262725732027797,0.09000117304571391,0.09000117304571391,0.0,0.11758007442409475,0.5365794783047225,-0.18927847342166293,-0.003748224079437951,-0.0023266245719736605,-4.966351507078796,0,0.541404058117382
45.49375999999268,-2.13280455905195,0.47938245417222974,1.2668081246768048,0.007623792018434976,-0.007984841056135346,-0.0027862967076562172,-2.2496371430930413,0.4214117039463696,1.1885580574043737,0.026284397380384288,-0.021953043068220872,-0.1543591073879015,-2.1898483722711686,0.47578767989688675,1.4087015854522111,0.029376836424927198,-0.016736065698941267,-0.06623438012668745,0.09000117304571391,0.09000117304571391,0.0,0.11753253978415137,0.5366128203793306,-0.18926132632348008,-0.0037511062259387926,-0.002326105682158697,-4.966281641893691,0,0.5414268237274035
45.49791999999268,-2.132772760393223,0.4793491837997282,1.2667965334743827,0.007631678094487204,-0.007984889400379943,-0.00278188858130692,-2.715212838413266,0.8409115844320849,1.3694620959509216,0.10828472877653371,0.1364379189715635,0.11658851378682417,-2.4523099195330333,0.6586358878411592,1.3893228611377595,0.0692426404542339,0.0598825599979231,0.025745114067870976,0.09000117304571391,0.09000117304571391,0.0,0.1174849436975286,0.5366461875953057,-0.18924421347880968,-0.0037539951104329956,-0.002325590768689453,-4.966211730376963,0,0.5414495869392089
45.50207999999268,-2.1327409288161565,0.47931591317388506,1.2667849606175376,0.0076395784960006435,-0.007984950202356692,-0.00277748564283792,-1.730984183588925,0.9565763811859527,1.4781821458485476,0.08105386988239922,-0.0741733880929438,-0.13689114292663848,-2.091474769534341,0.8074543679848425,1.4334682849852516,0.07579909677961949,-0.007342213374905005,-0.05550937513415723,0.09000117304571391,0.09000117304571391,0.0,0.11743728599564959,0.5366795800198736,-0.18922713488621443,-0.0037568907536510822,-0.002325079831331028,-4.966141772419533,0,0.5414723477903624
45.50623999999268,-2.1327090642608337,0.4792826422427605,1.2667734060847191,0.007647493277419577,-0.007985023469890684,-0.0027730878764444405,-1.5447671651726822,0.5978001338101632,1.2175183542232535,0.04854263869354983,0.08352057211619092,-0.05108337952615091,-1.8180162102616295,0.7027997224863378,1.325386382558086,0.06218980785121543,0.03797840650226995,-0.05369383372034535,0.09000117304571391,0.09000117304571391,0.0,0.11738956650949704,0.5367129977209876,-0.18921009054402646,-0.0037597931764223633,-0.002324572869874431,-4.9660717679120205,0,0.5414951063184429
45.51039999999268,-2.132677166667111,0.4792493709543819,1.266761869854443,0.007655422493432627,-0.007985109210864122,-0.002768695266303508,-2.3021372858937132,0.613525790514118,1.132635744418252,-0.18955021207190775,-0.14344948744949787,0.1511780562365231,-2.060474068712519,0.6578637955336144,1.2293237100663,-0.06382080727177017,-0.052740512317971215,0.04894567069683679,0.09000117304571391,0.09000117304571391,0.0,0.1173417850696128,0.5367464407660989,-0.1891930804516312,-0.003762702399675169,-0.0023240698841275912,-4.966001716744742,0,0.5415178625610432
45.51455999999268,-2.132645235974615,0.47921609925674324,1.2667503519052907,0.007663366198962638,-0.007985207433276104,-0.0027643077965568393,-2.297045762902354,0.7974114344237808,1.4677510235932927,0.10004356269952974,0.02974293774310257,-0.16411663342891047,-2.1785548130685948,0.7276994561275336,1.3481983778103366,0.01874019046964412,-0.011023334435606795,-0.05790863023020588,0.09000117304571391,0.09000117304571391,0.0,0.11729394150545557,0.5367799092233868,-0.18917610460797069,-0.0037656184444380065,-0.002323570873922976,-4.965931618807712,0,0.5415406165557702
45.518719999992676,-2.1326132721227435,0.4791828270978049,1.2667388522159102,0.007671324449174803,-0.007985318145203976,-0.0027599254513204236,-2.088032947762401,0.8401878179800403,0.9555827541929198,0.12164736528404406,0.05053953741130553,-0.07069994075287227,-2.13304154439477,0.7840483845976718,1.1517403707073006,0.07082208266779887,0.020312105924001893,-0.06411394335428264,0.09000117304571391,0.09000117304571391,0.0,0.1172460356460409,0.5368134031610102,-0.18915916301261243,-0.0037685413318397625,-0.0023230758391135416,-4.96586147399064,0,0.5415633683402459
45.522879999992675,-2.1325812750506623,0.4791495544254932,1.2667273707650157,0.007679297299476307,-0.007985441354817518,-0.002755548214681012,-1.7850848846754939,-0.013810003553864247,1.301385126107249,0.032258870101419694,-0.14202810257717519,-0.11643892132201102,-1.958994673721528,0.38481813890203714,1.2263206658276933,0.052019703632018986,-0.06082150170185981,-0.08982102474558186,0.09000117304571391,0.09000117304571391,0.0,0.11719806731929899,0.536846922647483,-0.1891422556657509,-0.003771471083110442,-0.0023225847795735116,-4.965791282182927,0,0.541586117952107
45.527039999992674,-2.132549244697306,0.4791162811876999,1.2667159075313879,0.007687284805514189,-0.007985577070389249,-0.002751176070693367,-2.6361404330623563,0.2929926946713173,0.8923631004411072,-0.02861783418839434,-0.03142342674872061,-0.05457296990109598,-2.297630184952807,0.33883937211440257,1.0592255517455464,0.010921839502441228,-0.046104000193796346,-0.07196636568696446,0.09000117304571391,0.09000117304571391,0.0,0.11715003635292864,0.5368804677513529,-0.189125382567352,-0.0037744077195816343,-0.0023220976952008886,-4.9657210432736685,0,0.5416088654290053
45.53119999999267,-2.132517181001376,0.47908300733228204,1.2667044624938737,0.00769528702318144,-0.007985725300282262,-0.002746809003382476,-1.8199071970953058,1.16353508444542,0.8362781572122764,-0.06568564546420666,-0.07307071031157475,-0.13991664849552832,-2.058903351667168,0.7510405051499103,0.9474585502291955,-0.026713794810894777,-0.05934089462907029,-0.10559017580568435,0.09000117304571391,0.09000117304571391,0.0,0.11710194257354155,0.5369140385416833,-0.18910854371800848,-0.0037773512626873146,-0.0023216145859160913,-4.965650757151649,0,0.541631610808608
45.53535999999267,-2.13248508390134,0.4790497328070615,1.2666930356313872,0.007703304008620273,-0.007985886052935829,-0.002742446996749244,-2.0957686414912917,0.7765445708255792,0.7783050729394461,0.024507854588566715,0.09639750782789075,0.0020200871146171633,-2.077285992706143,0.7639930272553572,0.8628859175925173,-0.0007630324145661414,0.018611241952440027,-0.05231505028954795,0.09000117304571391,0.09000117304571391,0.0,0.11705378580708828,0.5369476350874124,-0.18909173911872706,-0.0037803017339641445,-0.0023211354516583472,-4.965580423705344,0,0.541654354128598
45.53951999999267,-2.132452953335431,0.47901645755982436,1.266681626922909,0.007711335818214514,-0.007986059336909232,-0.0027380900347557923,-2.2987023440784493,0.6622082030844632,1.4032643240775473,-0.1013514348412482,-0.14851279213440416,-0.027836153705980186,-2.1882072094062335,0.7127910671579344,1.1330203353136659,-0.050722085895819106,-0.06497206144679657,-0.039755765841782226,0.09000117304571391,0.09000117304571391,0.0,0.11700556587907147,0.5369812574580479,-0.1890749687705009,-0.003783259155052345,-0.002320660292392795,-4.965510042822915,0,0.5416770954266741
45.54367999999267,-2.132420789241645,0.4789831815383209,1.2666702363474869,0.007719382508605687,-0.007986245160819628,-0.002733738101345309,-1.9998223814785276,0.4460410996575699,1.312667216759593,0.26214595368682214,-0.15139645908614324,-0.17764575940998026,-2.093469690810163,0.5790991583615182,1.2224743327380825,0.10639852359075197,-0.10810264259644348,-0.1081137959612116,0.09000117304571391,0.09000117304571391,0.0,0.11695728261390348,0.53701490572292,-0.18905823267495125,-0.0037862235476961255,-0.002320189108101227,-4.965439614392212,0,0.541699834740551
45.54783999999267,-2.1323885915577425,0.478949904690265,1.266658863884235,0.007727444136676732,-0.007986443533419058,-0.002729391180416563,-2.4380704763004353,0.6036416536881158,1.4929206573412102,-0.11689616855199894,0.11485807154233801,0.30234123825038045,-2.2660160985914812,0.5916093415238668,1.3583288351248857,-0.0050118727451394255,0.0034296497979012484,0.0968053647855332,0.09000117304571391,0.09000117304571391,0.0,0.11690893583533252,0.5370485799520356,-0.1890415308336864,-0.003789194933744598,-0.002319721898793224,-4.965369138300767,0,0.5417225721079597
45.55199999999267,-2.1323563602212445,0.47891662696333365,1.2666475095123357,0.0077355207595692565,-0.007986654463521993,-0.002725049255847228,-2.036143013104166,0.5269359387118593,1.0229608234309473,0.1453234452934623,-0.22434424268478126,0.14040043169050548,-2.150775725960887,0.5588046005959986,1.1909344432269249,0.07016885346813662,-0.10998233052826464,0.11863286747086196,0.09000117304571391,0.09000117304571391,0.0,0.11686052536644173,0.5370822802152252,-0.1890248632491577,-0.0037921733351519394,-0.0023192586644968606,-4.965298614435799,0,0.5417453075666483
45.556159999992666,-2.1323240951694333,0.47888334830516677,1.2666361732110378,0.0077436124346751175,-0.00798687796005496,-0.0027207123114789357,-2.5886612773632796,0.7066843371477444,1.4884118204628471,0.1478524640211001,-0.11602058933884409,-0.04091223639517385,-2.3694125475982113,0.6325044249162153,1.3395903999677594,0.10828955685114315,-0.11311681421852451,0.03873454899213507,0.09000117304571391,0.09000117304571391,0.0,0.1168120510294344,0.5371160065827295,-0.18900822992359056,-0.0037951587739783223,-0.0023187994052641216,-4.965228042684205,0,0.5417680411543808
45.560319999992664,-2.1322917963393513,0.47885006866336655,1.2666248549596582,0.007751719219639035,-0.007987114032048836,-0.0027163803311172465,-2.099630769496123,0.8548028251394089,1.4019911434264762,-0.02324601179776596,0.018113772634191772,-0.07221126504780062,-2.2345694160377243,0.7436935003779453,1.3706412997335136,0.043152516841685605,-0.04781943355675997,-0.016870084653093385,0.09000117304571391,0.09000117304571391,0.0,0.11676351264606051,0.5371497591252014,-0.18899163086005416,-0.0037981512723904943,-0.002318344121172021,-4.965157422932567,0,0.5417907729089391
45.56447999999266,-2.1322594636677996,0.47881678798549737,1.266613554737581,0.007759841172369714,-0.007987362688600426,-0.0027120532985469,-2.779463743164406,0.8470712260231275,1.1874125359250294,-0.10709147666804386,0.016810509315839342,-0.16352132429113744,-2.507243770781525,0.79541869058759,1.278685275057253,-0.03165639197338659,-0.015815676419031196,-0.0900704206710907,0.09000117304571391,0.09000117304571391,0.0,0.11671491003718835,0.5371835379131172,-0.18897506606160666,-0.0038011508526622903,-0.002317892812315204,-4.965086755067141,0,0.5418135028681221
45.56863999999266,-2.132227097091337,0.4787835062190852,1.266602272524258,0.007767978351030558,-0.007987623938921396,-0.0027077311975135525,-2.3063788618331262,0.0890195110466575,1.1883838572661531,-0.22933847785064781,-0.16489202372465328,-0.07631487724783516,-2.407287874424905,0.4418722965290091,1.2333765342453962,-0.13002976426864504,-0.09087772280102355,-0.08383433640701436,0.09000117304571391,0.09000117304571391,0.0,0.11666624302280329,0.5372173430175263,-0.18895853553150868,-0.0038041575371755383,-0.002317445478812211,-4.965016038973864,0,0.5418362310697465
45.57279999999266,-2.1321946965462786,0.47875022331161726,1.2665910082992091,0.007776130814045751,-0.007987897792315147,-0.0027034140117306975,-2.336862130704409,0.33735769274943905,1.4850698712717771,-0.00805711047808854,-0.07278369474956876,0.048707262558947,-2.3720914233955654,0.3894622964783601,1.3593260000397218,-0.06897667475308714,-0.08155353144792436,-0.01744044781799304,0.09000117304571391,0.09000117304571391,0.0,0.1166175114220063,0.5372511745095696,-0.18894203927365177,-0.003807171348420521,-0.002317002120803871,-4.964945274538347,0,0.5418589575516464
45.57695999999266,-2.132162261968695,0.4787169392105415,1.266579762042022,0.007784298620098916,-0.007988184258188601,-0.002699101724876772,-2.1312913529533697,0.21058989371608272,0.9536000889732518,0.019103807740952588,0.025600968180094743,-0.27187084842375303,-2.2516510720893437,0.30007852046238326,1.1558938520744624,-0.024411093452445333,-0.028188818554898673,-0.1442210769148764,0.09000117304571391,0.09000117304571391,0.0,0.11656871505344067,0.5372850324604804,-0.18892557729234538,-0.0038101923089965337,-0.0023165627384548818,-4.964874461645877,0,0.541881682351674
45.58111999999266,-2.132129793294411,0.4786836538632663,1.266568533732353,0.0077924818281374176,-0.007988483346046531,-0.0026947943205975163,-2.014679886956085,0.579067323788977,1.1930845102131789,-0.017926964699111526,-0.0010677639284413318,0.09727718812534336,-2.1332008071656134,0.4395703552491364,1.1746927927857191,-0.021314521905043605,-0.013524976119572511,-0.023976737256626225,0.09000117304571391,0.09000117304571391,0.0,0.11651985373486354,0.5373189169421196,-0.1889091495921036,-0.0038132204416127047,-0.002316127331953315,-4.964803600181414,0,0.5419044055077001
45.58527999999266,-2.132097290459005,0.47865036721716014,1.2665573233499259,0.007800680497377149,-0.007988795065474388,-0.002690491782510716,-1.8450948560136893,0.49072512892855386,1.104095648083106,0.012902018078041255,-0.029967121072166147,0.05222276728581321,-1.9891189102310496,0.4650864186815503,1.1395020655445574,-0.004241868849607139,-0.02205724144250677,0.01425408282180996,0.09000117304571391,0.09000117304571391,0.0,0.11647092728314466,0.5373528280261737,-0.18889275617764487,-0.003816255769088468,-0.002315695901506847,-4.964732690029586,0,0.541927127057614
45.589439999992656,-2.1320647533978083,0.4786170792195511,1.2665461308745334,0.007808894687296311,-0.007989119426173943,-0.0026861940941934693,-1.9496578899151604,0.4603979075322773,1.3174112596181937,-0.13097389909513538,0.050901232967671406,-0.08633713208471483,-1.9696603370182293,0.46284731177845195,1.2282791226519243,-0.06770018494866556,0.014749876016292431,-0.03641681256116216,0.09000117304571391,0.09000117304571391,0.0,0.11642193551469292,0.5373867657847969,-0.18887639705389225,-0.003819298314354373,-0.0023152684473481165,-4.9646617310746946,0,0.5419498470393237
45.593599999992655,-2.1320321820459016,0.47858378981772637,1.2665349562860369,0.007817124457644598,-0.007989456437934467,-0.0026819012391912714,-2.5030239582229052,0.3780618286607287,1.3437140330670134,0.03678890942943877,0.07456376129331893,0.04744671213891507,-2.236269167061513,0.42060935583439174,1.2860942631595558,-0.01555507905738231,0.044514294960373534,0.006380011792063742,0.09000117304571391,0.09000117304571391,0.0,0.11637287824460006,0.5374207302903447,-0.18886007222682993,-0.0038223481004528177,-0.002314844969731403,-4.964590723200708,0,0.5419725654907561
45.597759999992654,-2.1319995763381163,0.478550498958932,1.266523799564366,0.007825369868439123,-0.007989806110649547,-0.0026776132010149114,-2.349243982581433,0.7435965353560959,1.0587451234284615,0.010034838661974976,-0.09414092585012214,-0.02699153280139437,-2.292734934917235,0.5819094677078146,1.1723615114768866,-0.0035110331402628987,-0.024839255253997092,-0.010087564506946974,0.09000117304571391,0.09000117304571391,0.0,0.11632375528749435,0.5374547216152664,-0.18884378170179264,-0.0038254051505384637,-0.00231442546893446,-4.96451966629126,0,0.5419952824498576
45.60191999999265,-2.131966936209033,0.4785172065903723,1.2665126606895194,0.00783363097996654,-0.007990168454321923,-0.0026733299631346726,-2.0868609462386845,0.2603970192095504,1.6718755593415027,-0.020159935857252537,0.10777218713003925,0.05980654148442753,-2.18983909719292,0.42137711704591607,1.4222462472304807,-0.011514596975697395,0.04051536829072945,0.024941271810341524,0.09000117304571391,0.09000117304571391,0.0,0.11627456645754006,0.5374887398325876,-0.18882752548539036,-0.0038284694878790862,-0.002314009945260296,-4.964448560229651,0,0.5420179979545944
45.60607999999265,-2.13193426159298,0.4784839126592097,1.2665015396415653,0.007841907852795014,-0.007990543479022174,-0.0026690515089980533,-2.2853059218733813,0.028769114943554275,1.299769166193075,0.012515130927519366,0.015693267601174635,0.059692326562051784,-2.237546549702479,0.2251033940885472,1.361130920864094,0.00021178931285499255,0.02792134976971725,0.04235646486534506,0.09000117304571391,0.09000117304571391,0.0,0.11622531156736732,0.5375227850150548,-0.18881130358422687,-0.003831541135856251,-0.0023135983990295074,-4.964377404898845,0,0.5420407120429519
45.61023999999265,-2.131901552424031,0.47845061711256404,1.2664904364006404,0.007850200547756899,-0.007990931194964409,-0.002664777822002181,-2.35995679841488,1.2671957686679876,0.9721576371284386,-0.11289821648746734,0.013548184686638477,-0.05380672826495784,-2.298986544167643,0.7461846572367172,1.1665305707377505,-0.05672615550373924,0.02092609786601084,-0.006166159536270388,0.09000117304571391,0.09000117304571391,0.0,0.1161759904293531,0.5375568572363654,-0.18879511600489882,-0.003834620117966069,-0.0023131908305920037,-4.964306200181466,0,0.5420634247529363
45.61439999999265,-2.131868808636006,0.4784173198975123,1.2664793509469507,0.007858509125971648,-0.007991331612417314,-0.0026605088855224356,-2.0311199105347084,0.6348110109932295,1.4636726624504472,0.011341599353121777,-0.2256683084049553,0.09708123774638974,-2.1650290068435423,0.6900294657719365,1.3153068768720657,-0.022098432515386093,-0.10321819079710208,0.04484753806912197,0.09000117304571391,0.09000117304571391,0.0,0.11612660285476548,0.5375909565696179,-0.18877896275463776,-0.003837706457819566,-0.0023127872403145323,-4.9642349459598,0,0.5420861361225736
45.61855999999265,-2.1318360301624693,0.4783840209610881,1.266468283260772,0.007866833648826947,-0.007991744741796009,-0.002656244682882299,-2.350632750144703,0.8098327954925049,1.474283321409076,-0.0852877626716195,0.1991950880042626,0.09296963150012928,-2.2580105132586987,0.7503453545075587,1.394989165137267,-0.05323709508065049,0.04841840666135951,0.06910772933212564,0.09000117304571391,0.09000117304571391,0.0,0.11607714865440366,0.5376250830890229,-0.18876284384131145,-0.0038408001791437876,-0.0023123876285932143,-4.96416364211579,0,0.5421088461899107
45.62271999999265,-2.1318032169367274,0.47835072025028164,1.2664572333224497,0.00787517417800322,-0.007992170593561866,-0.00265198519738835,-2.003986394830039,0.30523214770922114,1.587656244774706,0.0063678599599598235,-0.21310987263661355,-0.010869336176498396,-2.1309834916703934,0.5273435185986652,1.4913032256857688,-0.0234095239247234,-0.0828793139464172,0.028268208505464024,0.09000117304571391,0.09000117304571391,0.0,0.11602762763774176,0.5376592368681932,-0.1887467592727826,-0.0038439013057820987,-0.0023119919958392203,-4.964092288531038,0,0.542131554993015
45.626879999992646,-2.1317703688918295,0.4783174177120385,1.2664462011123985,0.00788353077544666,-0.007992609178348337,-0.0026477304122854563,-2.872749636056886,0.7629461526414505,0.9564911517416501,0.02856861086780308,-0.03617518332636495,0.09028066208141496,-2.501811526535611,0.6450711643080452,1.2240819092598605,0.002188687602365622,-0.05949340032699423,0.05894266227466468,0.09000117304571391,0.09000117304571391,0.0,0.11597803961399632,0.5376934179818005,-0.1887307090571224,-0.003847009861695372,-0.002311600342497365,-4.9640208850868,0,0.5421542625699755
45.631039999992645,-2.1317374859605653,0.4782841132932601,1.2664351866111034,0.00789190350340244,-0.007993060506824566,-0.0026434803108027903,-2.2465302525439155,0.4380863394115248,1.1084982051175696,0.03776361309342703,0.002792129502885257,-0.09085060511216413,-2.3740915097172213,0.5415827290483594,1.1661006204213988,0.020432458522039895,-0.02817094788888595,-0.01610721787727964,0.09000117304571391,0.09000117304571391,0.0,0.11592838439127051,0.5377276265040805,-0.1887146932034673,-0.003850125870962215,-0.002311212669027368,-4.963949431663986,0,0.542176968958902
45.63519999999264,-2.1317045680754636,0.4782508069408026,1.2664241897991195,0.007900292424391915,-0.007993524589805777,-0.0026392348761187165,-1.9439168112717164,0.44433397275278974,1.5554386075776683,0.18096313525376473,-0.07041760592804328,-0.06434918092549644,-2.15862404189597,0.49281063834110667,1.3606374385627085,0.10034593587350947,-0.04901966371012265,-0.039717636050461774,0.09000117304571391,0.09000117304571391,0.0,0.11587866177655239,0.5377618625099007,-0.18869871172052227,-0.0038532493577801592,-0.0023108289759170377,-4.963877928143158,0,0.5421996741979264
45.63935999999264,-2.131671615168792,0.4782174986014768,1.266413210657072,0.007908697601225902,-0.007994001438194086,-0.0026349940913775348,-2.8340207424637835,0.7946358928135098,1.3192277075739256,0.24515652703911076,0.161601299861818,-0.07640620325931546,-2.4958166037629193,0.6440610719774728,1.3397742406356574,0.17245535874931148,0.05648487819925467,-0.05848271373081471,0.09000117304571391,0.09000117304571391,0.0,0.11582887157656883,0.5377961260743883,-0.18868276461784414,-0.0038563803464658685,-0.002310449263676782,-4.963806374404528,0,0.5422223783252024
45.64351999999264,-2.131638627172554,0.47818418822204767,1.2664022491656566,0.007917119097007045,-0.007994491062987604,-0.002630757939688066,-2.2169982210377714,0.46273142171015225,1.9455850331577582,-0.03554729572382634,-0.058736170126592366,-0.18054900623279146,-2.356480338438144,0.5532722932069688,1.6423084875405578,0.06891919685371166,-0.0008705160923437227,-0.11957929381380229,0.09000117304571391,0.09000117304571391,0.0,0.11577901359671591,0.5378304172727157,-0.18866685190520074,-0.0038595188614561596,-0.0023100735328385386,-4.9637347703279575,0,0.5422450813789056
45.64767999999264,-2.131605604018491,0.47815087574923393,1.2663913053056395,0.007925556975124998,-0.007994993475302675,-0.0026265264041153064,-1.856068173820988,0.4842697876419619,1.2370807872596652,-0.012596003405263439,0.13284453269765767,0.07928633841362726,-2.106295971061319,0.5190458650403874,1.439857164046517,0.027694264401105607,0.06646183819443072,-0.02037507317702972,0.09000117304571391,0.09000117304571391,0.0,0.1157290876421263,0.5378647361804756,-0.18865097359278532,-0.0038626649273086656,-0.002309701783959834,-4.963663115792955,0,0.5422677833972346
45.65183999999264,-2.1315725456380776,0.4781175611297075,1.2663803790578574,0.00793401129926631,-0.00799550868634824,-0.002622299467689203,-2.766157013654503,0.6513415150947267,1.4316474415771492,-0.08034041513329553,0.11907654550620125,-0.031085422852844886,-2.4363971263057396,0.5854436975044799,1.4356886782120373,-0.02683986419638724,0.09208979080085841,-0.026253493893732032,0.09000117304571391,0.09000117304571391,0.0,0.11567909351617175,0.5378990828733604,-0.1886351296907888,-0.003865818568702809,-0.0023093340176203927,-4.963591410678673,0,0.5422904844184097
45.65599999999264,-2.1315394519625217,0.4780842443100931,1.2663694704032182,0.007942482133405624,-0.007996036707457667,-0.0026180771133919264,-1.8093971342402018,0.3767699189642287,1.4027732747199013,-0.15160598133861383,0.09576299118351661,0.005912752817660063,-2.123208033668677,0.48130366456187074,1.419243717780287,-0.0892366768312182,0.09434338566244807,-0.010496169859512905,0.09000117304571391,0.09000117304571391,0.0,0.11562903102217142,0.5379334574275905,-0.18861932021046987,-0.0038689798104401575,-0.002308970234427078,-4.9635196548639104,0,0.5423131844806751
45.660159999992636,-2.131506322922764,0.47805092523696796,1.2663585793227008,0.00795096954182122,-0.007996577550041243,-0.0026138593241768456,-1.7981017417363545,0.4784977441611028,1.2254330974782779,-0.19445619901658956,0.13196872035169774,0.1459921300373104,-1.9610568995189046,0.48017581194977876,1.3226394208612082,-0.14192456798057385,0.11284777216154677,0.06835822822976874,0.09000117304571391,0.09000117304571391,0.0,0.11557889996232276,0.5379678599193268,-0.18860354516287278,-0.0038721486774452446,-0.0023086104350064363,-4.963447848227105,0,0.5423358836222979
45.664319999992635,-2.131473158449476,0.47801760385686115,1.2663477057973551,0.007959473589084729,-0.007997131225638894,-0.002609646082947778,-2.450016853654718,0.9390675722815349,1.7916898835182775,-0.03437600412020945,-0.004711279806861701,0.16135960822230933,-2.205611355716805,0.7096141883804461,1.5575036311829087,-0.08837039479720817,0.054515975161927355,0.11481761056575981,0.09000117304571391,0.09000117304571391,0.0,0.11552870013791351,0.5380022904253124,-0.1885878045596826,-0.0038753251947665985,-0.002308254620011727,-4.963375990646337,0,0.5423585818815687
45.668479999992634,-2.131439958473059,0.4779842801162533,1.2663368498083027,0.007967994340072036,-0.007997697745876912,-0.0026054373725746273,-2.257619287730461,0.4191616358306899,1.705829001668085,0.0086055687229852,-0.10386700279073971,0.0597280818625408,-2.231596787779324,0.5641672739692918,1.631791522457594,-0.04036875244145332,-0.023431859351811343,0.08730740672601821,0.09000117304571391,0.09000117304571391,0.0,0.11547843134953445,0.5380367490221251,-0.18857209841301237,-0.0038785093875772147,-0.0023079027901175535,-4.963304081999323,0,0.5423812792968016
45.67263999999263,-2.1314067229236424,0.4779509539615762,1.2663260113367365,0.007976531859958755,-0.007998277122502742,-0.002601233175881743,-2.354470155679797,0.8923999605053776,0.9946046903152787,-0.052872943412650364,-0.02552577295681447,0.13934904482838148,-2.2931431126167015,0.7282330666070133,1.3134838345299609,-0.04719373535070417,-0.024596694425075314,0.11315905821859257,0.09000117304571391,0.09000117304571391,0.0,0.11542809339643659,0.5380712357869784,-0.1885564267349755,-0.0038817012811756357,-0.0023075549460241855,-4.963232122163418,0,0.542403975906335
45.67679999999263,-2.131373451731083,0.47791762533921217,1.2663151903639214,0.007985086214222562,-0.007998869367373589,-0.0025970334756495704,-2.224410669509336,0.5062869460348283,1.120129112305301,-0.030670827050437836,0.001414623274804197,0.03683118099502597,-2.258840062948201,0.6172616957602827,1.2168809732879327,-0.039001419299647046,-0.01173701336048729,0.0753629962677315,0.09000117304571391,0.09000117304571391,0.0,0.11537768607759868,0.538105750797403,-0.18854078953875586,-0.0038849009009863707,-0.0023072110884574336,-4.963160111015611,0,0.542426671748532
45.68095999999263,-2.131340144824964,0.4778842941954937,1.2663043868711938,0.00799365746865426,-0.007999474492426514,-0.002592838254627705,-2.3984805982324238,0.35886612148801333,1.1984000655854772,-0.021970759472272956,-0.02246702185703038,-0.05179769405302519,-2.3287078421706418,0.48801516483497814,1.2075336489074247,-0.030085243545671478,-0.017002798626871794,0.01131164014878735,0.09000117304571391,0.09000117304571391,0.0,0.11532720919065759,0.5381402941306581,-0.18852518683711136,-0.003888108272560756,-0.0023068712181622893,-4.9630880484325255,0,0.5424493668617792
45.68511999999263,-2.1313068021345916,0.4778509604767031,1.2662936008399626,0.008002245689342456,-0.008000092509751434,-0.0025886474955064305,-2.6914032867021667,0.7569973969718151,1.080395346301716,-0.007903650485794663,-0.21494644723209566,0.05265473882352879,-2.5100742517955528,0.6220599710872298,1.1440738262261483,-0.019135290159599375,-0.11542838912716459,0.031644945263424984,0.09000117304571391,0.09000117304571391,0.0,0.11527666253254774,0.538174865864908,-0.18850961864365687,-0.003891323421578036,-0.002306535335914685,-4.963015934290415,0,0.5424720612844891
45.68927999999263,-2.131273423588997,0.4778176241290718,1.2662828322517086,0.00801085094269328,-0.008000723431510856,-0.002584461180945689,-1.9937914164920942,0.891068898810577,1.3464969027541347,0.1188005364868936,-0.184180804940403,-0.047435885362761526,-2.2516820157374138,0.7561844574450475,1.24518873503654,0.04977375741578985,-0.15039202323436093,-0.008188218445686237,0.09000117304571391,0.09000117304571391,0.0,0.11522604589928645,0.5382094660783143,-0.18849408497243794,-0.0038945463738457304,-0.0023062034425108905,-4.9629437684651645,0,0.5424947550550988
45.69343999999263,-2.1312400091169326,0.47778428509878024,1.2662720810879855,0.008019473295424179,-0.008001367269979328,-0.002580279293561555,-2.050656301769916,0.3426488990063592,1.1544511436229592,-0.08089775458040105,-0.12588707962498266,0.09895020149317442,-2.151336440192473,0.5491505895897784,1.2000267950210237,-0.015350175817299609,-0.1374903226014575,0.04456772908037829,0.09000117304571391,0.09000117304571391,0.0,0.11517535908597248,0.5382440948490891,-0.18847858583793148,-0.00389777715530057,-0.002305875538770202,-4.9628715508322845,0,0.5425174482120709
45.697599999992626,-2.131206558646872,0.47775094333195706,1.2662613473304192,0.008028112814561249,-0.008002024037565635,-0.0025761018159186897,-2.405544812372085,0.9144917964742906,1.7529363166562264,0.04614835444561511,-0.12051679255950096,-0.14708880064743976,-2.278346323343351,0.7315724349694482,1.4761806106638056,0.015349703000020459,-0.12869541120215325,-0.0517898253991047,0.09000117304571391,0.09000117304571391,0.0,0.11512460188699872,0.5382787522560838,-0.18846312125440381,-0.003901015792009535,-0.0023055516255407627,-4.962799281266912,0,0.5425401407938939
45.701759999992625,-2.1311730721070075,0.4777175987746789,1.2662506309607087,0.008036769567453245,-0.00800269374676031,-0.0025719287305454776,-1.9452041106954903,0.12482536651825077,1.9904219287762797,-0.10761917990751738,-0.0013064292549089546,-0.04543806673424257,-2.1119960735965706,0.4281908835478873,1.7332108098569665,-0.04644279245915108,-0.06450219378748726,-0.04883149703275247,0.09000117304571391,0.09000117304571391,0.0,0.11507377409519547,0.5383134383783087,-0.18844769123740868,-0.003904262310170488,-0.002305231703691648,-4.9627269596438115,0,0.5425628328390819
45.705919999992624,-2.1311395494252503,0.4776842513729698,1.2662399319606257,0.008045443621761905,-0.008003376410178122,-0.002567760019922727,-1.4781922832013998,0.6407786904173907,1.3053010955207083,-0.0574246402683392,-0.022794291411404016,-0.05780999443479475,-1.7952102179306717,0.5344392283268541,1.5191315140674435,-0.05143631577622122,-0.04382652612928078,-0.052742577937347365,0.09000117304571391,0.09000117304571391,0.0,0.11502287550353935,0.53834815329488,-0.1884322958020771,-0.003907516736112705,-0.002304915774117668,-4.962654585837365,0,0.5425855243861755
45.71007999999262,-2.1311059905292273,0.4776509010728009,1.2662292503120154,0.008054135045472572,-0.008004072040540279,-0.002563595666486504,-1.98297492103442,-0.011067833431984642,1.8323678222751332,0.08604316107716932,0.06575762985644937,-0.033361117808616815,-1.888912515451519,0.2618198480479701,1.6756823654914494,0.016140306785220996,0.010384504757481153,-0.043002892179579005,0.09000117304571391,0.09000117304571391,0.0,0.11497190590280082,0.5383828970852864,-0.1884169349646146,-0.00391077909629832,-0.0023046038377378293,-4.9625821597215785,0,0.5426082154737415
45.71423999999262,-2.131072395346282,0.4776175478200897,1.266218585996796,0.008062843906886963,-0.008004780650692411,-0.002559435652624247,-1.5313698526098718,0.5346733576365635,1.1429300181368829,0.00671696488404753,0.030449558461526832,-0.03186955092178004,-1.7101264682236408,0.39831208950422126,1.4092357635447417,0.012274158908077426,0.020298818521625402,-0.03723853852511285,0.09000117304571391,0.09000117304571391,0.0,0.11492086508410752,0.538417669829552,-0.18840160874101886,-0.003914049417322518,-0.0023042958954984623,-4.962509681170076,0,0.542630906140374
45.71839999999262,-2.131038763803471,0.47758419156069987,1.2662079389969598,0.008071570274640935,-0.008005502253556538,-0.0025552799606884096,-1.9585848593759168,0.9804762887920412,1.2399939942685674,0.034414579128655386,0.11252863435624802,0.03147630092617457,-1.8342865173508132,0.6896318346629149,1.3246793141247222,0.023677754404117353,0.06664076874377411,-0.0029574950415273433,0.09000117304571391,0.09000117304571391,0.0,0.11486975283659215,0.5384524716074863,-0.1883863171483634,-0.003917327725914701,-0.002303991948364631,-4.962437150056097,0,0.5426535964246939
45.72255999999262,-2.1310050958275637,0.47755083224044065,1.2661973092945724,0.008080314217685201,-0.00800623686221224,-0.002551128572971266,-2.2406441852365204,0.42997999165457557,1.1944791100985361,0.20675430619936166,-0.07054856631505446,0.056002540379723326,-2.037040032659216,0.5596566152829976,1.259694356495693,0.11610868472346,-0.0015883379563630179,0.026724642269758035,0.09000117304571391,0.09000117304571391,0.0,0.11481856894910053,0.5384873024995416,-0.18837106020351524,-0.003920614048939337,-0.0023036919973325716,-4.962364566252498,0,0.5426762863653493
45.72671999999262,-2.1309713913450414,0.4775174698050664,1.2661866968717737,0.008089075805305199,-0.008006984489825524,-0.0025469814717265144,-2.4981934972022426,0.41339619832193697,1.3413955826487334,0.10287877881656946,-0.11096884541856135,0.09086103926052054,-2.2674062115786615,0.48629548039328596,1.3007327508613078,0.10959295677923926,-0.05670868052493345,0.05964401712146943,0.09000117304571391,0.09000117304571391,0.0,0.11476731320933584,0.5385221625864379,-0.18835583792420435,-0.003923908413396711,-0.0023033960434211847,-4.962291929631749,0,0.5426989760010165
45.73087999999262,-2.130937650282095,0.4774841042002761,1.266176101710777,0.008097855107117389,-0.008007745149672865,-0.0025428386391624794,-1.9397532944086602,0.3601526114124455,1.395921991923417,-0.09604193463802843,-0.048516981005257614,0.01809786241758824,-2.1037781040836485,0.4231223709401756,1.3483660239518187,0.0072115223205531515,-0.05267183849459968,0.03870845611850633,0.09000117304571391,0.09000117304571391,0.0,0.11471598540407069,0.5385570519488974,-0.18834065032795494,-0.003927210846423759,-0.002303104087672673,-4.962219240065928,0,0.542721665370399
45.735039999992615,-2.130903872564624,0.47745073537171295,1.2661655237938712,0.008106652193068761,-0.008008518855155179,-0.0025387000574347953,-2.189673294061962,0.7245573999780712,1.4195362781410852,-0.12840307632176157,-0.07765401928268093,-0.0011186415967521744,-2.146993069971489,0.5736807402825944,1.383949632493453,-0.06073366433628099,-0.06528809615534384,0.018648311530166325,0.09000117304571391,0.09000117304571391,0.0,0.11466458531893196,0.5385919706682317,-0.18832549743358312,-0.003930521375295081,-0.002302816131155634,-4.962146497426725,0,0.542744354512229
45.739199999992614,-2.130870058118235,0.4774173632649638,1.2661549631034184,0.00811546713343874,-0.008009305619795395,-0.0025345657086501827,-2.1865161042529424,0.47419294417930263,1.1573523370695893,-0.1921353300127758,0.0802455295654276,0.02406838745092839,-2.16715537011661,0.5241026128232412,1.2707007778684676,-0.12600749609319228,0.0076817459988752935,0.020724666048674335,0.09000117304571391,0.09000117304571391,0.0,0.11461311273882688,0.5386269188259694,-0.18831037925948707,-0.003933840027423689,-0.002302532174966082,-4.962073701585438,0,0.5427670434652675
45.74335999999261,-2.13083620686824,0.4773839878255588,1.2661444196218563,0.008124299998849706,-0.008010105457204179,-0.002530435574874832,-1.8453160499410464,0.8278371235760604,1.3440337967061935,-0.029032985460442633,-0.13881697355164357,-0.15194316033167413,-2.0062942577783884,0.6756847130757673,1.3070526419978652,-0.07732831657572319,-0.06625774341466263,-0.06602081294923175,0.09000117304571391,0.09000117304571391,0.0,0.11456156744751417,0.5386618965038018,-0.18829529582514407,-0.003937166830361709,-0.002302252220220849,-4.962000852412968,0,0.5427897322683036
45.74751999999261,-2.1308023187396556,0.47735060899897075,1.2661338933316975,0.008133150860256478,-0.008010918381137405,-0.0025263096381168814,-2.349557786601313,0.42132626119568567,1.3406515646871726,-0.06242652705782983,-0.1053611862857747,0.10074239565838745,-2.1780581847326923,0.5482841679777054,1.3240622586121227,-0.06991914948180968,-0.08561891293367971,0.017167925378951333,0.09000117304571391,0.09000117304571391,0.0,0.11450994922803026,0.5386969037837449,-0.1882802471500424,-0.003940501811801538,-0.0023019762680659877,-4.961927949779822,0,0.5428124209601559
45.75167999999261,-2.1307683936572017,0.4773172267306147,1.2661233842155293,0.00814201978895895,-0.008011744405451996,-0.0025221878803399064,-2.2139372077515627,0.5774947054512561,1.0250833217966813,-0.09551175003102452,0.07623273735757788,-0.05973690950555448,-2.196197418364928,0.5630476435373697,1.1744462227190773,-0.08232462217561512,-0.004434439241725378,-0.02117169429268453,0.09000117304571391,0.09000117304571391,0.0,0.11445825786204654,0.538731940748246,-0.18826523325410907,-0.003943844999576675,-0.0023017043196718327,-4.961854993556107,0,0.5428351095796725
45.75583999999261,-2.1307344315452994,0.4772838409658476,1.2661128922560148,0.008150906856600984,-0.008012583544114639,-0.0025180702834594016,-1.9977808848727157,0.601376465255589,0.7928523523442819,-0.07174655076701744,0.07910847471385488,-0.08928381716436828,-2.097137847561706,0.5823754294183184,0.9834614602600276,-0.07662580953661531,0.03802239875732539,-0.05548817849638897,0.09000117304571391,0.09000117304571391,0.0,0.11440649313072285,0.5387670074799173,-0.18825025415792446,-0.003947196421662347,-0.0023014363762323244,-4.961781983611531,0,0.5428577981657309
45.75999999999261,-2.1307004323280694,0.47725045164996754,1.2661024174358926,0.008159812135172353,-0.0080134358112131,-0.00251395682933966,-2.1964104545594227,0.4282078037797287,1.1958124591444064,-0.02873730160305557,-0.011865348750648926,0.008845302833472943,-2.146834773200194,0.5052662213698483,1.0896546849738882,-0.052610219939612,0.012907107617535779,-0.022287607246704994,0.09000117304571391,0.09000117304571391,0.0,0.1143546548136374,0.5388021040615363,-0.18823530988250967,-0.003950556106176749,-0.002301172438966814,-4.961708919815398,0,0.5428804867572384
45.76415999999261,-2.1306663959293317,0.47721705872821346,1.2660919597379767,0.008168735697004104,-0.008014301220978176,-0.0025098474997860406,-1.9921891966985985,0.5582828035622314,1.0419638445763335,0.05954721285676277,0.10061683437756865,0.17858501572024063,-2.069386407002339,0.5319833265795799,1.066180220128705,0.003153897244276065,0.05715879816134,0.07821401743223905,0.09000117304571391,0.09000117304571391,0.0,0.11430274269006774,0.5388372305766875,-0.18822040044868465,-0.003953924081381844,-0.0023009125091254957,-4.961635802036609,0,0.5429031753931335
45.768319999992606,-2.1306323222726036,0.47718366214576463,1.2660815191451578,0.008177677614788543,-0.00801517978771324,-0.002505742276565976,-1.751837810953748,0.3100965209847434,1.3274281261919987,0.15153200475950918,-0.15576750348026885,-0.09613068221245963,-1.9102937751238074,0.4207150784293256,1.1966062946425597,0.07688644399452801,-0.049626914522570564,-0.009063742646084859,0.09000117304571391,0.09000117304571391,0.0,0.11425075653792104,0.5388723871084807,-0.18820552587878012,-0.003957300375684151,-0.002300656587977526,-4.961562630143659,0,0.5429258641123844
45.772479999992605,-2.130598211281097,0.4771502618477401,1.266071095640402,0.008186637961562758,-0.008016071525877671,-0.0025016411413850675,-2.1344115295482253,0.021826724262823505,0.9072084161029728,-0.10388272881781636,-0.02570763018421122,0.10701861472759538,-2.0225708171351813,0.22121334122388994,1.0521277210925948,-0.013234863064317148,-0.03704477978695013,0.049068495817226575,0.09000117304571391,0.09000117304571391,0.0,0.11419869613373185,0.5389075737409402,-0.1881906861945,-0.003960685017636048,-0.0023004046768221233,-4.961489404004634,0,0.5429485529539902
45.776639999992604,-2.130564062877719,0.4771168577791983,1.2660606892067523,0.008195616810720731,-0.008016976450032697,-0.00249754407590042,-2.3824452237149907,0.4760397886492827,0.7852235225314612,0.015426960406232045,0.060297986268697784,-0.16904385851996478,-2.20247902567838,0.34875382381154474,0.9183207894368292,0.0013705353679805568,0.011592642312004228,-0.0593205489092709,0.09000117304571391,0.09000117304571391,0.0,0.1141465612537296,0.5389427905582046,-0.18817588141863195,-0.003964078035936102,-0.002300156776983062,-4.961416123487209,0,0.5429712419569818
45.7807999999926,-2.130529876985069,0.47708344988513646,1.2660502998273284,0.008204614236016487,-0.008017894574852358,-0.002493451061719456,-2.1998468200849954,0.26606725630826805,1.8944317105454709,-0.0985767796552392,0.14952978742301642,0.03294621431447301,-2.2013683075937607,0.30772251823303526,1.4064505451746114,-0.04842059629635919,0.0798122994059935,-0.012682274917286395,0.09000117304571391,0.09000117304571391,0.0,0.11409435167255501,0.5389780376446333,-0.18816111157440776,-0.003967479459430372,-0.0022999128898079416,-4.961342788458648,0,0.5429939311604209
45.7849599999926,-2.1304956535254376,0.47705003811048996,1.266039927485327,0.00821363031155723,-0.008018825915157193,-0.002489362080387957,-2.0687153776128984,0.24244928200418447,1.4978756595346812,0.04143841807839751,0.012133278160120557,-0.03894765422411323,-2.134954108342473,0.27511219615992655,1.452083059563817,-0.00379270837398482,0.045248206262070774,-0.02597073417856369,0.09000117304571391,0.09000117304571391,0.0,0.11404206716411308,0.5390133150849145,-0.18814637668528955,-0.00397088931711338,-0.0022996730166747357,-4.961269398785801,0,0.5430166206034013
45.7891199999926,-2.130461392420805,0.4770166224001322,1.2660295721640211,0.008222665111817124,-0.008019770485865751,-0.00248527711340578,-2.8388324543644297,0.36392211377539935,0.9448331936272489,-0.047710520784744526,-0.11749532769887608,-0.03943668166353924,-2.486997867283864,0.3192738619427065,1.1983736885030256,-0.02554490178609861,-0.03634028961029486,-0.03325029478707086,0.09000117304571391,0.09000117304571391,0.0,0.11398970750135837,0.5390486229641724,-0.18813167677497003,-0.003974307638128876,-0.0022994371589850444,-4.961195954335101,0,0.543039310325049
45.7932799999926,-2.1304270935928398,0.4769832026988738,1.266019233846762,0.008231718711635779,-0.008020728302015367,-0.0024811961422182066,-2.153371083595154,0.5130267981861536,1.3234535237891336,0.05294263999812862,-0.0304495585950863,0.07765626788275222,-2.320072749150256,0.4160880424230667,1.2610768105016528,0.014043612479131,-0.0332466119772464,0.021808173730180114,0.09000117304571391,0.09000117304571391,0.0,0.11393727245565174,0.5390839613676471,-0.18811701186801486,-0.003977734451770942,-0.002299205318164862,-4.961122454972561,0,0.543062000364522
45.7974399999926,-2.1303927569628973,0.4769497789514622,1.2660089125169778,0.00824079118621376,-0.008021699378784925,-0.0024771191482096727,-1.7229288835543017,0.12750324791337464,0.8524284238657853,0.0736707711109048,-0.24679397991140437,-0.029166371395208838,-2.0213435512997293,0.2712796685097628,1.056688611121327,0.04392382509573924,-0.13970226265220512,-0.003444387057936466,0.09000117304571391,0.09000117304571391,0.0,0.11388476179825538,0.5391193303810691,-0.18810238198922216,-0.003981169787484782,-0.002298977495669652,-4.961048900563776,0,0.5430846907610115
45.8015999999926,-2.130358382452018,0.4769163511025811,1.2659986081581749,0.008249882611128008,-0.008022683731452046,-0.0024730461127172652,-2.1494660728544193,-0.2667988344271409,1.3787860881790346,-0.01273970650387621,0.00020883223241973878,-0.08153896449098245,-2.0854331861048094,0.002238065679438001,1.2175691130264752,0.016066556619824174,-0.07022663414630342,-0.04205785613947463,0.09000117304571391,0.09000117304571391,0.0,0.1138321752984077,0.539154730090232,-0.18808778716405092,-0.003984613674867994,-0.002298753692977871,-4.960975290973917,0,0.5431073815537413
45.805759999992596,-2.1303239699809247,0.4768829190968501,1.2659883207539373,0.008258993062319786,-0.008023681375443717,-0.0024689770170139153,-1.6892587887799573,0.8190899569743602,1.0227742060767404,0.0966303475126348,0.10281125212649984,-0.02308674251287215,-1.8871422109402227,0.4108842223431049,1.1201210534707742,0.05633561907865402,0.015968357820403133,-0.031985327031579795,0.09000117304571391,0.09000117304571391,0.0,0.11377951272460343,0.5391901605815281,-0.18807322741797977,-0.003988066143671356,-0.0022985339115981947,-4.960901626067731,0,0.5431300727819682
45.809919999992594,-2.130289519470024,0.4768494828788239,1.2659780502879276,0.008268122616107163,-0.008024692326295024,-0.002464911842320238,-1.7423321899042854,0.8810319896060944,1.3658719999144473,0.02477341750012744,-0.18264293576791382,0.05513053152523019,-1.8146847136475763,0.6455808017307159,1.2431118968445503,0.04058275261497656,-0.08298698050899407,0.012057187474001453,0.09000117304571391,0.09000117304571391,0.0,0.11372677384480677,0.5392256219414675,-0.1880587027775771,-0.003991527223799593,-0.0022983181530645616,-4.960827905709536,0,0.5431527644849836
45.81407999999259,-2.1302550308394026,0.47681604239299197,1.2659677967438867,0.008277271349187537,-0.008025716599660556,-0.002460850569803123,-2.460552591998853,0.5875063039405602,1.1059485268203035,0.13276269752773837,-0.02005336274615521,-0.10016137685838526,-2.137345809769049,0.6165015319526234,1.174319215154392,0.08608022411666555,-0.051570312663957986,-0.043225503685930255,0.09000117304571391,0.09000117304571391,0.0,0.11367395842516717,0.5392611142569992,-0.18804421326921889,-0.003994996945312813,-0.002298106418935837,-4.960754129763224,0,0.5431754567021122
45.81823999999259,-2.130220504008825,0.4767825975837781,1.2659575601056343,0.008286439338635553,-0.008026754211321884,-0.0024567931805698894,-2.283742153170939,-0.09224416715445666,0.706218400669372,0.12426839217784504,0.06299572826353164,0.15266489612525957,-2.2102865400430596,0.26225567103269165,0.9405845182749467,0.10517609823635936,0.005263587540360791,0.05401121990708676,0.09000117304571391,0.09000117304571391,0.0,0.113621066231086,0.5392966376151913,-0.18802975892037213,-0.003998475338427168,-0.002297898710797247,-4.960680298092254,0,0.5431981494727126
45.82239999999259,-2.1301859388977338,0.4767491483955398,1.2659473403570691,0.008295626661905359,-0.008027805177196,-0.002452739655667877,-2.0830460140642137,-0.08476242749497315,1.9951531586699556,0.11971385227468669,-0.11510995837316684,-0.15313998915082525,-2.1464169018857007,0.088504535175769,1.4675576994833226,0.11269240899250084,-0.054803459014794914,-0.04955516835279627,0.09000117304571391,0.09000117304571391,0.0,0.11356809702700171,0.5393321921036586,-0.18801533975852694,-0.00400196243351604,-0.002297695030262677,-4.9606064105596515,0,0.5432208428361789
45.82655999999259,-2.130151335425247,0.4767156947725676,1.2659371374821689,0.008304833396836336,-0.008028869513323305,-0.0024486899760861125,-2.305401274777991,0.2112260702742899,1.455367756225926,-0.1261730957501006,0.03394865552992214,-0.006002761088232524,-2.22617229820617,0.1499365531654981,1.4614520154956354,-0.006888053966653778,-0.010327048165832594,-0.028675392126282614,0.09000117304571391,0.09000117304571391,0.0,0.11351505057574662,0.5393677778101896,-0.18800095581162396,-0.004005458261111143,-0.002297495378973253,-4.960532467028008,0,0.5432435368319389
45.83071999999259,-2.1301166935101565,0.4766822366590848,1.2659269514649907,0.008314059621654978,-0.008029947235861031,-0.0024446441227573886,-2.397295324959581,0.5807320567968861,1.04966277157878,0.0410071393917033,0.035947291995178654,0.16555010656159316,-2.311650571613669,0.365411391646008,1.2559001317168328,0.017468197856016804,0.013142372688403568,0.0678093284192737,0.09000117304571391,0.09000117304571391,0.0,0.11346192663982804,0.5394033948230137,-0.18798660710826937,-0.004008962851903102,-0.002297299758595327,-4.9604584673594765,0,0.5432662314994567
45.83487999999259,-2.1300820130709273,0.47664877399924693,1.2659167822896717,0.008323305414977906,-0.008031038361097378,-0.0024406020765535873,-2.6879114680135947,0.12201048956108135,1.45730535166931,0.05111823359417668,-0.08261002955309886,0.009887174021056148,-2.4996773295887182,0.24353707017377638,1.3566246921579592,0.03429170314126634,-0.03456384207783859,0.03886344948064102,0.09000117304571391,0.09000117304571391,0.0,0.11340872497993051,0.5394390432305349,-0.18797229367773619,-0.004012476236743023,-0.00229710817082211,-4.96038441141577,0,0.5432889268782314
45.839039999992586,-2.1300472940256947,0.4766153067371409,1.265906629940429,0.008332570855812309,-0.008032142905447742,-0.002436563818287673,-2.419834641965968,0.7668600318269214,1.224454392035402,-0.03611005052004996,0.0775734053867028,-0.030273317582331444,-2.4598301771419675,0.5053634625441382,1.290475665668465,-0.001076708065004266,0.021546087114286416,0.004291772135807691,0.09000117304571391,0.09000117304571391,0.0,0.11335544535619647,0.5394747231214924,-0.18795801554932304,-0.004015998446643158,-0.002296920617373794,-4.96031029905816,0,0.5433116230077977
45.843199999992585,-2.1300125362922633,0.4765818348167848,1.2658964944015594,0.008341856023558393,-0.008033260885468454,-0.002432529328706592,-1.6664076621384591,0.5848634698818136,1.3883723749714854,-0.013324332939702057,-0.25354880820643183,-0.009583948337416858,-2.0631414344925507,0.5445848115111702,1.3394041274419248,-0.007030197863210884,-0.11510052513891814,-0.0023357450185312917,0.09000117304571391,0.09000117304571391,0.0,0.11330208752715604,0.5395104345852284,-0.18794377275321023,-0.004019529512778391,-0.002296737100000206,-4.960236130147473,0,0.5433343199277268
45.847359999992584,-2.129977739788105,0.4765483581821272,1.2658863756574406,0.008351160998018425,-0.00803439231781566,-0.0024284985885065433,-2.3091642866829485,0.5442271330210341,1.4576435637322844,-0.09013577894315672,-0.15377531920100235,-0.062126149946562535,-2.1863424047228173,0.5440868577688265,1.3983953083841405,-0.0484128407169193,-0.13478943663144138,-0.03215788164588727,0.09000117304571391,0.09000117304571391,0.0,0.11324865125036616,0.5395461777108872,-0.18792956531960495,-0.004023069466486697,-0.0022965576204737733,-4.960161904544091,0,0.5433570176776261
45.85151999999258,-2.1299429044303575,0.47651487677704674,1.2658762736925309,0.00836048585938556,-0.008035537219316716,-0.002424471578306552,-1.6315318549136986,0.739300116240095,1.6604946791915598,0.16877898612009137,0.09508848706293249,0.0676514017801254,-1.9085824559318028,0.6418925103101342,1.529585969228282,0.0602960053785173,-0.01980556982388825,0.0184960298766793,0.09000117304571391,0.09000117304571391,0.0,0.11319513628262333,0.539581952588591,-0.1879153932798117,-0.004026618339270707,-0.002296382180600454,-4.9600876221079435,0,0.5433797162971404
45.85567999999258,-2.129908030135823,0.4764813905453514,1.2658661884913698,0.008369830688266168,-0.00803669560688273,-0.0024204482786801974,-2.320222833131493,0.7762966421815642,1.2922525036960426,-0.022220407584027047,-0.021698508867266764,-0.03212574096934258,-2.114451252470893,0.7090503085502096,1.4108527945003728,0.01880731992743282,-0.020715413080923624,-0.0077922275217640405,0.09000117304571391,0.09000117304571391,0.0,0.11314154237889283,0.5396177593082122,-0.18790125666537794,-0.004030176162798518,-0.0022962107822072034,-4.960013282698513,0,0.5434024158259508
45.85983999999258,-2.129873116820966,0.4764478994307781,1.2658561200385776,0.008379195565663147,-0.008037867497589318,-0.002416428670126849,-2.1131249910765955,0.43914160597459284,1.5616059968859926,0.24503570683406795,0.05432728453021847,-0.06531972321581392,-2.1132783450692925,0.5742072408331955,1.486094242550721,0.13185881534029212,0.016717908973537955,-0.036386447019899536,0.09000117304571391,0.09000117304571391,0.0,0.11308786929358941,0.5396535979601742,-0.18788715550788024,-0.004033742968904814,-0.0022960434271522404,-4.959938886174825,0,0.543425116303776
45.86399999999258,-2.129838164401912,0.47641440337699203,1.2658460683188564,0.00838858057298765,-0.008039052908646042,-0.002412412733079722,-1.7891026016685416,0.4203085414646806,1.2672171385922162,-0.07810674719493237,0.042872314689327146,-0.010259092134991585,-1.9513492533806787,0.497346906895223,1.3766311235441362,0.026210847857886452,0.02935131593196923,-0.022508544507387165,0.09000117304571391,0.09000117304571391,0.0,0.113034116779721,0.5396894686355601,-0.1878730898399943,-0.004037318789592194,-0.0022958801173237333,-4.959864432395453,0,0.5434478177703731
45.86815999999258,-2.129803172794445,0.4763809023275864,1.26583603331699,0.008397985792069674,-0.00804025185735353,-0.0024084004479224697,-2.023800497150149,0.4910248419203292,1.2759869951987286,-0.12057711432846031,-0.021941628566621407,0.057767964476525324,-1.9878261542641598,0.4941383956951157,1.3264282100520879,-0.04718569655542182,0.004571962703438425,0.017769183936049194,0.09000117304571391,0.09000117304571391,0.0,0.11298028458910045,0.5397253714250972,-0.18785905969485503,-0.0040409036570317825,-0.0022957208546303693,-4.95978992121851,0,0.5434705202655364
45.87231999999258,-2.1297681419140067,0.4763473962260814,1.2658260150178444,0.008407411305142137,-0.008041464361194378,-0.00240439179495791,-1.875015054365272,0.6027870013760283,1.2762792303761719,0.057618488750918156,0.05379691919422824,-0.044906223956264396,-1.9313009823895533,0.5485730488477666,1.3012597828723738,0.005696416562062383,0.030290093062884254,-0.013476618858291933,0.09000117304571391,0.09000117304571391,0.0,0.11292637247255771,0.5397613064206006,-0.18784506510584328,-0.004044497603564886,-0.0022955656410150963,-4.95971535250165,0,0.5434932238290997
45.876479999992576,-2.1297330716756946,0.47631388501592414,1.2658160134063676,0.008416857194862336,-0.008042690437746813,-0.002400386754435591,-2.7681421219938436,0.62839888607289,1.2654556587563146,0.025469358976590924,-0.01820726415284409,-0.1016077353332409,-2.349673249339151,0.588448584918438,1.2831455807266259,0.015012738035052807,0.0060784373821393895,-0.05727283803146943,0.09000117304571391,0.09000117304571391,0.0,0.11287238017951061,0.539797273713531,-0.1878311061067998,-0.00404810066170375,-0.0022954144784442655,-4.959640726102065,0,0.5435159285009344
45.880639999992574,-2.12969796199426,0.4762803686404877,1.2658060284675905,0.008426323544299504,-0.008043930104755077,-0.002396385306527639,-2.012180532680862,0.16343318794448913,1.4624937555650428,-0.11763174512879224,0.09022833917320816,-0.04536839063068473,-2.1811686710998917,0.37612608522246815,1.3727266968996574,-0.05155533777182103,0.04790733881288506,-0.051388067919229445,0.09000117304571391,0.09000117304571391,0.0,0.11281830745839047,0.5398332733962238,-0.1878171827324543,-0.004051712864132959,-0.002295267368916514,-4.959566041876481,0,0.5435386343209517
45.88479999999257,-2.129662812784106,0.47624684704307074,1.2657960601866265,0.00843581043695146,-0.008045183380066498,-0.002392387431351135,-2.309858215746058,0.5997237819173115,1.0931075955340046,-0.07234023991773104,0.0065769898163072806,-0.03287624214737737,-2.2456648333037026,0.48793811282067906,1.2328483201670415,-0.061935022489848245,0.028237891577404684,-0.042860465766596405,0.09000117304571391,0.09000117304571391,0.0,0.11276415405621298,0.5398693055612492,-0.18780329501757081,-0.004055334243710278,-0.0022951243144542456,-4.959491299681156,0,0.5435613413291023
45.88895999999257,-2.129627623959286,0.4762133201668971,1.2657861085486726,0.008445317956737811,-0.00804645028167471,-0.0023883931089507416,-2.460110777063801,0.516332396683766,1.3460489166043599,-0.06073687539462276,0.005215389508375572,-0.0850965502564278,-2.353017747832958,0.5021443955764806,1.2892727812379023,-0.06032091330989553,0.0176444566903825,-0.0641532727981912,0.09000117304571391,0.09000117304571391,0.0,0.11270991971900379,0.5399053703011989,-0.1877894429980179,-0.004058964833467864,-0.0022949853171081473,-4.959416499371882,0,0.5435840495653761
45.89311999999257,-2.129592395433503,0.4761797879551149,1.2657761735390087,0.00845484618800225,-0.00804773082772782,-0.0023844023192984166,-2.253083047578726,0.434512104006452,1.8708543639203734,0.04065558073985128,-0.013691391115524983,-0.036917467637056375,-2.302964338956928,0.46829845878007254,1.5799897704987627,-0.010222371048627695,0.0023824705138104077,-0.0500156777325964,0.09000117304571391,0.09000117304571391,0.0,0.11265560419158326,0.5399414677094339,-0.18777562670948617,-0.004062604666613697,-0.0022948503789609748,-4.959341640803974,0,0.5436067590698037
45.89727999999257,-2.129557127120105,0.4761462503507962,1.2657662551429991,0.00846439521552534,-0.00804902503648054,-0.0023804150423061294,-2.3380645811314773,0.5386244280230831,0.8760364849887718,0.13315473565195518,0.060541713841360506,0.002107362832011836,-2.320238735333828,0.5035867108624792,1.2280136665666668,0.06193190678832678,0.03201116369909375,-0.024477505605285613,0.09000117304571391,0.09000117304571391,0.0,0.11260120721713679,0.5399775978792842,-0.1877618461889863,-0.004066253776532438,-0.0022947195021195957,-4.959266723832275,0,0.5436294698824555
45.90143999999257,-2.129521818932086,0.47611270729693633,1.2657563533460916,0.008473965124510947,-0.00805033292636702,-0.002376431257803931,-1.90837514345395,0.3080288135342009,0.7105518885084922,-0.04189009654630638,-0.010725114611197536,0.050610848403380836,-2.1143914020902326,0.40578546791121134,0.9693841863201463,0.010130700298348096,0.009981216478456081,0.013176967963715664,0.09000117304571391,0.09000117304571391,0.0,0.11254672853849582,0.5400137609049586,-0.18774810147335302,-0.004069912196786773,-0.0022945926887258596,-4.959191748311154,0,0.5436521820434438
45.90559999999257,-2.1294864707820835,0.47607915873645346,1.2657464681338184,0.008483556000614859,-0.008051654515893878,-0.002372450945573096,-2.4228290049657986,0.44319771932897056,1.2680027917775742,0.03794590680279402,-0.031064528402698837,0.07920803703482651,-2.2685339722363556,0.4244285808332708,1.1188598398384622,0.024294638167441776,-0.011182744008509864,0.04642350347123803,0.09000117304571391,0.09000117304571391,0.0,0.11249216789621236,0.5400499568803142,-0.18773439260031471,-0.0040735799611183975,-0.0022944699409399526,-4.959116714094495,0,0.5436748955929204
45.909759999992566,-2.1294510825823756,0.4760456046121877,1.2657365994917964,0.008493167929915797,-0.008052989823775721,-0.002368474085301024,-1.8252662206078698,0.9519565419277247,1.378396408587066,0.13995668111305945,-0.010500538609207657,-0.08816775321880962,-2.0466064991820034,0.6881748394185299,1.2484457782748946,0.08241173394421826,-0.011047234812707156,-0.020490535667861427,0.09000117304571391,0.09000117304571391,0.0,0.11243752503048042,0.5400861859001947,-0.18772071960806713,-0.0040772571034495,-0.0022943512609598276,-4.959041621035706,0,0.54369761057108
45.913919999992565,-2.12941565424488,0.47601204486690096,1.2657267474057272,0.008502800998947065,-0.008054338868813722,-0.0023645006566219056,-2.2258116459543067,0.6218341953556,0.6326549190615611,-0.06991676534847104,-0.24727833907342436,-0.06203443532849164,-2.13635503907498,0.6544905175668536,0.9404182966783118,0.005914723924505999,-0.1295304865839285,-0.04187857735782048,0.09000117304571391,0.09000117304571391,0.0,0.1123827996796385,0.5401224480594151,-0.1877070825352739,-0.004080943657883702,-0.0022942366510058927,-4.958966468987705,0,0.5437203270181585
45.918079999992564,-2.129380185681152,0.47597847944327604,1.2657169118613978,0.008512455294679474,-0.008055701669982311,-0.002360530639086332,-2.1647498023666087,-0.17365630838433083,1.5582256517532438,-0.08375543729114276,-0.024527921324024305,0.031398987086414504,-2.1507272714964554,0.24036183576718395,1.249390669987235,-0.038701505595311776,-0.0777780882630894,-0.004794273095314152,0.09000117304571391,0.09000117304571391,0.0,0.11232799158123613,0.5401587434533498,-0.1876934814212815,-0.0040846396587074394,-0.002294126113331059,-4.958891257802928,0,0.5437430449744339
45.92223999999256,-2.129344676802383,0.4759449082839161,1.2657070928446803,0.008522130904537038,-0.008057078246377197,-0.0023565640121792756,-1.808593850287294,0.5230694301552209,1.3598485633639474,0.12090259405516557,-0.1283306850289964,-0.13657501891252302,-1.9794082641690747,0.38145036776105534,1.3043361682398924,0.041845836089784386,-0.10289759464599392,-0.07060442444268361,0.09000117304571391,0.09000117304571391,0.0,0.1122731004711772,0.5401950721775592,-0.18767991630569225,-0.0040883451403911555,-0.0022940196502149813,-4.9588159873333195,0,0.5437657644802268
45.92639999999256,-2.1293091275193983,0.4759113313313442,1.265697290341533,0.008531827916391432,-0.008058468617250807,-0.0023526007553063373,-2.2214002408165276,0.9186054825973138,1.575985261906827,-0.07480443146795551,0.029576875616639457,0.16151502382590333,-2.1005631093021555,0.6500913942432366,1.4404973493865307,-0.015715748016095443,-0.03579914017671294,0.04602374807278341,0.09000117304571391,0.09000117304571391,0.0,0.11221812608435916,0.5402314343282182,-0.18766638722922083,-0.004092060137590536,-0.002293917263968384,-4.958740657430334,0,0.5437884855759009
45.93055999999256,-2.1292735377426544,0.47587774852800263,1.2656875043380005,0.008541546418573546,-0.008059872801976986,-0.002348640847807568,-1.9235254275649634,0.16052703106436111,1.5617674513965947,-0.014343032420658599,0.0631129621311525,-0.031155194686932862,-2.012073545716079,0.405437114746132,1.5010681673156605,-0.014701060593307566,0.013624285395716909,0.007573736310772354,0.09000117304571391,0.09000117304571391,0.0,0.11216306815424382,0.5402678300016356,-0.18765289423262632,-0.00409578468514764,-0.0022938189569278768,-4.95866526794493,0,0.5438112083018628
45.93471999999256,-2.129237907382238,0.4758441598162523,1.2656777348202133,0.008551286499868081,-0.008061290820089717,-0.0023446842689417297,-2.013482169330956,0.5016753798296074,1.325927986028401,0.12033760373138959,-0.18236416270089822,0.08556273960744047,-2.0125286537346385,0.4531769354203711,1.4136729764674716,0.053331371306255475,-0.08403372458844574,0.04744927281002557,0.09000117304571391,0.09000117304571391,0.0,0.11210792641285507,0.5403042592944682,-0.18763943735756805,-0.004099518818092299,-0.002293724731461202,-4.958589818727571,0,0.5438339326985626
45.93887999999256,-2.129202236347865,0.47581056513837194,1.2656679817743888,0.008561048249517969,-0.008062722691275212,-0.0023407309978900745,-2.4647735245736455,1.4868664030705787,1.6281065329398643,-0.011802947213665359,0.058847117040352837,0.10574421414985964,-2.2386800101181876,0.9701517468999505,1.5211120259233522,0.021348558604276018,-0.01281600410945221,0.0761959199848527,0.09000117304571391,0.09000117304571391,0.0,0.1120527005916325,0.5403407223040959,-0.187626016645751,-0.004103262571643271,-0.002293634589968168,-4.958514309628219,0,0.5438566588064947
45.94303999999256,-2.1291665245488764,0.4757769644365581,1.2656582451868315,0.008570831757240247,-0.008064168435324794,-0.0023367810137695927,-1.911663503341301,0.8147737229785786,1.0661177202139993,0.011425012259458828,0.05168173569790018,0.19249577889667208,-2.075145096742366,0.892570144650083,1.2940121570928775,0.01609507080461338,0.018947679590188966,0.13429887097804666,0.09000117304571391,0.09000117304571391,0.0,0.11199739041971932,0.5403772191277669,-0.1876126321399959,-0.004107015981209595,-0.002293548534871274,-4.9584387404963355,0,0.5438793866661975
45.947199999992556,-2.1291307718942383,0.47574335765292386,1.265648525043933,0.008580637113208545,-0.008065628072216849,-0.0023328342956070456,-1.8961795595036068,0.5681634523707572,1.0980665586242695,0.06504007981232936,0.21838844881949848,-0.09305765063310557,-1.9855259471171756,0.7308198203317668,1.1958438175976671,0.040637903626740496,0.11815030886215891,0.02092939763272644,0.09000117304571391,0.09000117304571391,0.0,0.11194199562588394,0.5404137498635607,-0.18759928388338534,-0.004110779082391861,-0.002293466568627827,-4.958363111180877,0,0.5439021163182542
45.951359999992555,-2.129094978292538,0.4757097447294987,1.2656388213321732,0.008590464408075135,-0.008067101622044189,-0.0023288908223618324,-2.213351891431645,0.6175870051581043,1.4589811688899044,0.009179642719755046,-0.0482212753600512,0.04936350120732572,-2.0994224377082946,0.6741027631112566,1.3275173810095948,0.025400093454656682,0.03476284414202574,0.03496584479767323,0.09000117304571391,0.09000117304571391,0.0,0.11188651593659446,0.540450314609533,-0.18758597191969203,-0.004114551910983562,-0.002293388693720912,-4.958287421530294,0,0.5439248478032928
45.95551999999255,-2.129059143651984,0.47567612560822753,1.2656291340381194,0.008600313732957785,-0.008068589105075581,-0.002324950572905173,-1.9407889223773338,0.29710813668037883,1.2740081626153086,-0.03434293433775252,-0.010844991886152242,0.09774232199186604,-2.0201760116389322,0.4855805865921924,1.3009644439838621,-0.00446311207962645,0.01180221687055326,0.06695331687099566,0.09000117304571391,0.09000117304571391,0.0,0.11183095107794011,0.5404869134644114,-0.1875726962933801,-0.00411833450297222,-0.00229331491266751,-4.958211671392525,0,0.5439475811619866
45.95967999999255,-2.129023267880403,0.47564250023097043,1.2656194631484277,0.008610185179456898,-0.008070090541707754,-0.0023210135260363605,-1.6749141523591904,0.3415847626495511,1.4395939089537866,-0.0940294078123513,-0.1639505386471155,0.19158207209285452,-1.847736976138572,0.4132409882470216,1.3706780534662215,-0.04985038745995306,-0.07622331349975879,0.1295377365187373,0.09000117304571391,0.09000117304571391,0.0,0.11177530077413371,0.5405235465272755,-0.1875594570493924,-0.0041221268945409156,-0.002293245228012485,-4.958135860614999,0,0.543970316435055
45.96383999999255,-2.1289873508852377,0.4756088685395018,1.2656098086498424,0.008620078839655395,-0.008071605952472116,-0.002317079660479525,-2.2665491184202624,0.3131494409932733,0.893134902503097,0.09771456028336332,0.07986896554424919,-0.07761537431476842,-2.0569442150753923,0.363358969578142,1.1317423991680122,0.02463457390409129,0.0026157285699671914,0.0256376082414446,0.09000117304571391,0.09000117304571391,0.0,0.11171956474815037,0.5405602138973437,-0.18754625423293672,-0.004125929122069355,-0.0022931796423269514,-4.958059989044628,0,0.5439930536632631
45.96799999999255,-2.1289513925735455,0.47557523047550976,1.265600170529197,0.00862999480611233,-0.00807313535808507,-0.002313148954864703,-2.264026705179013,0.5853797796229303,1.0126183827857709,-0.0017328558076063205,-0.05727058381545208,-0.07038902370260343,-2.160490375027826,0.47425179774600923,1.0720328464188686,0.01138597633451157,-0.027319126135229473,-0.022223451308568575,0.09000117304571391,0.09000117304571391,0.0,0.11166374272151175,0.5405969156745077,-0.1875330878901287,-0.004129741222135601,-0.002293118158217596,-4.957984056527806,0,0.5440157928874226
45.97215999999255,-2.128915392851996,0.47554158598059565,1.2655905487734147,0.00863993317187949,-0.008074678779382415,-0.0023092213877510294,-2.4698975617094194,0.2954715024262043,1.050400072258642,0.0031217405635066055,-0.08551092005296393,-0.12562109144457315,-2.315190749205739,0.3846835807564752,1.060955821876567,0.007787585120803868,-0.05691228758659205,-0.07430134729550306,0.09000117304571391,0.09000117304571391,0.0,0.11160783441471175,0.5406336519589066,-0.18751995806799346,-0.0041335632315169565,-0.002293060778317872,-4.957908062910408,0,0.5440385341483921
45.97631999999255,-2.128879351626869,0.47550793499627336,1.265580943369508,0.008649894030499851,-0.008076236237350721,-0.00230529693761683,-2.18202640913875,0.8647850517924287,1.8054573046860876,-0.02419889671414696,-0.0032447092310208,0.05046511360592829,-2.2486573913024257,0.6247311213925775,1.4333179416067536,-0.008486848653576299,-0.030175462926197237,-0.012504413205469873,0.09000117304571391,0.09000117304571391,0.0,0.11155183954657334,0.5406704228509264,-0.18750686481361115,-0.004137395187191627,-0.0022930075052898314,-4.9578320080377845,0,0.5440612774870769
45.980479999992546,-2.128843268804052,0.47547427746396853,1.2655713543045795,0.008659877476004505,-0.008077807753154545,-0.0023013755828476213,-2.434695054990761,0.44710111089847726,1.0675771348794059,-0.04960616375091747,0.11985431573198864,0.13919574652886632,-2.3417814414821296,0.5361650905461658,1.2507337991296028,-0.028689419375844252,0.044385591516092074,0.06367396306245143,0.09000117304571391,0.09000117304571391,0.0,0.11149575783445985,0.5407072284518426,-0.18749380817475864,-0.004141237126340265,-0.002292958341830532,-4.95775589175476,0,0.5440840229444307
45.984639999992545,-2.12880714428904,0.47544061332501825,1.2655617815658222,0.008669883602928776,-0.008079393348071957,-0.0022974573017576507,-2.3947140426273332,0.9730465922898666,1.0684708809191004,-0.16515566049071012,0.13282262886752308,0.06523009874547146,-2.3685906946480126,0.7548839944910108,1.159737331199232,-0.0973642406002153,0.08916160839124257,0.06416830905324104,0.09000117304571391,0.09000117304571391,0.0,0.11143958899470062,0.5407440688626453,-0.18748078820012515,-0.004145089086346729,-0.0022929132906620254,-4.957679713905633,0,0.5441067705614544
45.988799999992544,-2.1287709779869304,0.47540694252067006,1.2655522251405198,0.008679912506302343,-0.00808099304357041,-0.002293542072565265,-2.213419553911121,0.17641240138625258,1.3157071881931168,0.018942527913094885,0.01546695016121474,-0.07502603476355245,-2.290964574017336,0.4656756050504047,1.2375667796792666,-0.0392493358044521,0.05266320124503973,-0.005170186859895974,0.09000117304571391,0.09000117304571391,0.0,0.11138333274194781,0.5407809441851613,-0.18746780493845752,-0.004148951104800215,-0.0022928723545416144,-4.957603474334167,0,0.5441295203791975
45.99295999999254,-2.1287347698024233,0.4753732649920815,1.2655426850160472,0.008689964281662044,-0.008082606861254338,-0.0022896298734076765,-2.4396125241393083,-0.09904055996431887,1.723014137131704,0.09021270278600793,0.09989388235256011,-0.049309334386373874,-2.3651024993889105,0.1835218667926209,1.4801911788593625,0.025737833001193155,0.07602573605358577,-0.02718189120408118,0.09000117304571391,0.09000117304571391,0.0,0.11132698878938777,0.5408178545216815,-0.18745485843984452,-0.004152823219496263,-0.0022928355362562716,-4.957527172883594,0,0.5441522724387582
45.99711999999254,-2.1286985196398187,0.47533958068031956,1.2655331611798708,0.008700039025054843,-0.008084234822868476,-0.002285720682342178,-1.7208706188139868,-0.5581291018263952,1.2136125877186341,-0.08957563056252549,-0.11656522019095614,0.0089586699670943,-2.0431694373648552,-0.18755051413369586,1.346917357203732,-0.03139627209991613,-0.020615805735574137,-0.008491489732316351,0.09000117304571391,0.09000117304571391,0.0,0.1112705568491666,0.5408547999744268,-0.18744194875464942,-0.004156705468437978,-0.0022928028386204084,-4.957450809396609,0,0.5441750267812835
46.00127999999254,-2.1286622274030145,0.4753058895263598,1.2655236536195487,0.008710136833036319,-0.008085876950331191,-0.002281814477333287,-1.4931394790472008,0.2729956037121159,0.9149748283445411,0.07707223104435966,-0.00654564089451936,-0.02823095567184411,-1.7679911499813712,0.04271386046565128,1.1308848572283656,0.02323907695660444,-0.01440277572754597,-0.01860351921737512,0.09000117304571391,0.09000117304571391,0.0,0.11121403663174706,0.540891780646617,-0.18742907593350983,-0.004160597889837957,-0.0022927742644813856,-4.957374383715364,0,0.5441977834479705
46.00543999999254,-2.1286258929955033,0.47527219147108607,1.2655141623227308,0.008720257802680558,-0.008087533265699318,-0.0022779112362620608,-2.509323547691967,0.3365848035376111,1.221609587980779,0.03503330366606804,0.144213586511504,0.1837801487499139,-2.138590048290262,0.1899512469982696,1.1766289898476239,0.029318270257903456,0.06494402352928975,0.08311628786450821,0.09000117304571391,0.09000117304571391,0.0,0.11115742784590586,0.5409287966412969,-0.18741624002798046,-0.004164500522119459,-0.0022927498167150256,-4.957297895681472,0,0.5442205424800652
46.00959999999254,-2.1285895163203716,0.4752384864552894,1.2655046872771603,0.0087304020315746,-0.008089203791208503,-0.002274010936913634,-1.8141973380995706,0.04356180663200093,1.2862931324313611,-0.00392700017175332,0.023075905948456515,-0.06250765692203032,-1.9763995413049487,0.11680389212044001,1.2313308103794576,0.012673719365388079,0.043823938861673364,0.010796407626344246,0.09000117304571391,0.09000117304571391,0.0,0.11110073019937287,0.5409658480622977,-0.18740344109053486,-0.004168413403917857,-0.002292729498231544,-4.9572213451359985,0,0.5442433039188641
46.01375999999254,-2.1285530972802973,0.4752047744196675,1.2654952284706729,0.008740569617829638,-0.008090888549245787,-0.0022701135569867777,-2.363766470529613,0.9246815583068391,1.4833097265025867,0.1347782359247524,0.08668891620140305,-0.04832028002885347,-2.169806243107415,0.520927627072777,1.3572222944706285,0.07413235884528568,0.06576417819534913,-0.019127237644977913,0.09000117304571391,0.09000117304571391,0.0,0.11104394339840186,0.5410029350139715,-0.1873906791741393,-0.004172336574082194,-0.0022927133119727246,-4.957144731919462,0,0.5442660678057151
46.017919999992536,-2.128516635777547,0.4751710553048245,1.2654857858911974,0.008750760660089238,-0.00809258756232722,-0.0022662190741003473,-1.809899088795906,0.7755165794932934,1.2501321819089257,-0.1955075613119434,-0.19570941876240278,-0.03282597439313353,-1.9902575650685912,0.6478166806256254,1.3036079709113906,-0.060301291595400375,-0.0648913378902843,-0.025859921834830265,0.09000117304571391,0.09000117304571391,0.0,0.11098706714755435,0.5410400576004428,-0.18737795433182486,-0.004176270071676464,-0.0022927012609058424,-4.9570680558718285,0,0.5442888341820159
46.022079999992535,-2.128480131713974,0.47513732905126965,1.2654763595267566,0.008760975257517681,-0.008094300853170085,-0.002262327465766191,-1.8730700580168964,0.7305490041146612,1.7922029425504418,0.24075132711178893,0.001510184217631154,-0.07322039318334306,-1.931162408004321,0.6891866813615636,1.5477560368108907,0.09028856873973487,-0.0317520137868838,-0.04927623877708869,0.09000117304571391,0.09000117304571391,0.0,0.11093010115012485,0.5410772159269995,-0.18736526661797204,-0.004180213935981484,-0.00229269334803527,-4.956991316832511,0,0.5443116030892161
46.026239999992534,-2.1284435849910164,0.47510359559941706,1.2654669493654673,0.0087712135098194,-0.00809602844462049,-0.0022584387094155053,-2.1874985056956513,0.6326706070603338,1.3955589488040852,0.03506724772980419,-0.16563598965672469,0.07288347794413197,-2.0592588613944733,0.6605829014746302,1.471808231712729,0.06246491625532618,-0.09828671004143671,0.011695600909269837,0.09000117304571391,0.09000117304571391,0.0,0.11087304510749721,0.5411144100989708,-0.1873526160874572,-0.004184168206496069,-0.0022926895763933745,-4.9569145146403635,0,0.5443343745688173
46.03039999999253,-2.1284069955096947,0.475069854889585,1.2654575553955407,0.008781475517230988,-0.008097770359703617,-0.002254552782380741,-2.1692655549594186,0.2734826532784474,1.3718195271283913,0.029756683824764776,0.2831986881854407,-0.06208694664494608,-2.114199929149945,0.4676197979729388,1.421682412930773,0.045557159753396734,0.09210254175459505,-0.024408254557201064,0.09000117304571391,0.09000117304571391,0.0,0.11081589872042523,0.541151640221995,-0.18734000279565338,-0.004188132922938511,-0.0022926899490461707,-4.956837649133682,0,0.5443571486623726
46.03455999999253,-2.128370363170609,0.475036106861995,1.2654481776052828,0.008791761380534778,-0.008099526621594657,-0.0022506696619045943,-1.4482382990525158,0.47693358370504885,0.8825644291412699,0.03627882495839413,-0.02103649892218275,-0.2035704911902248,-1.7811391694364704,0.47223451598287547,1.151695382540108,0.041002392438177986,0.034811659645063456,-0.11357144213196511,0.09000117304571391,0.09000117304571391,0.0,0.11075866168710667,0.5411889064023946,-0.187327426798645,-0.004192108125248522,-0.0022926944690899315,-4.956760720150198,0,0.5443799254114882
46.03871999999253,-2.128333687873938,0.4750023514567715,1.2654388159830947,0.008802071201055814,-0.008101297253631323,-0.0022467893251348695,-1.7218578641471554,0.476755133041879,1.1822061701802473,0.26122909788215254,0.04218986843635563,-0.027015246776373226,-1.7509551499506966,0.47458349470554095,1.1668942595027878,0.1512924963378558,0.038074817088432224,-0.07003950539377596,0.09000117304571391,0.09000117304571391,0.0,0.11070133370510436,0.5412262087468562,-0.18731488815301517,-0.004196093853588215,-0.0022927031396521424,-4.956683727527078,0,0.5444027048578229
46.04287999999253,-2.128296969519435,0.47496858861394103,1.2654294705174733,0.008812405080669217,-0.00810308227931596,-0.0022429117491225797,-2.2673581487493677,0.832737907769391,1.1417923111374646,-0.09929363778412514,0.005216009889989473,-0.11759997034997716,-2.009366694770168,0.6536740513232593,1.1540967567605227,0.025969314128882096,0.021650037432737638,-0.09297600106269054,0.09000117304571391,0.09000117304571391,0.0,0.11064391447006201,0.5412635473622707,-0.18730238691648868,-0.004200090148344124,-0.0022927159638921057,-4.956606671100919,0,0.5444254870430892
46.04703999999253,-2.1282602080064277,0.47493481827343137,1.2654201411970116,0.008822763121801061,-0.00810488172232333,-0.0022390369108208864,-1.9247909590652355,0.20165981219969287,1.0870621625838117,-0.10307612124358136,-0.06025424518104955,-0.13423474807264643,-1.9672922552155985,0.4275382281050296,1.120298890397347,-0.038725563905869266,-0.019194147714627262,-0.11317198445848858,0.09000117304571391,0.09000117304571391,0.0,0.11058640367591513,0.5413009223561616,-0.1872899231470782,-0.0042040970501287375,-0.0022927329450027987,-4.956529550707745,0,0.5444482720090528
46.05119999999253,-2.128223403233813,0.47490104037507097,1.2654108280103988,0.008833145427433626,-0.008106695606491483,-0.0022351647870857546,-2.0112711517977107,0.7969791791499314,1.143702203374656,-0.010455599405598844,0.018521618750344672,-0.2167756313604876,-1.9893038530568088,0.6122991372733655,1.1315508417490336,-0.0245469678609196,-1.3660663927261341e-05,-0.16545671970343226,0.09000117304571391,0.09000117304571391,0.0,0.11052880101531619,0.5413383338366858,-0.18727749690351245,-0.0042081145997818386,-0.002292754086209844,-4.956452366183007,0,0.5444710597975341
46.055359999992525,-2.1281865551000587,0.4748672548585885,1.265401530946421,0.008843552101114819,-0.008108523955800908,-0.002231295354682393,-2.0738917352374195,0.6312781045696084,1.1424908242400054,0.14362698217865214,0.012987240858103355,-0.029920521666542316,-2.031300903381859,0.6218159889012852,1.136957320620393,0.06013379019489607,0.006379168097796211,-0.09704570486895808,0.09000117304571391,0.09000117304571391,0.0,0.1104711061796329,0.5413757819118328,-0.18726510824523757,-0.0042121428383719885,-0.0022927793907665814,-4.956375117361577,0,0.5444938504504075
46.059519999992524,-2.1281496635031965,0.47483346166361173,1.2653922499939616,0.008853983246953988,-0.008110366794422173,-0.0022274285902691556,-2.2029579685666962,0.5448893739748706,1.5923608078264027,0.031573776155664236,0.05082206334105082,-0.024482622224930813,-2.117066152113792,0.5834573896610569,1.3646105501791634,0.04642660856229801,0.028819868914402514,-0.060394916153564175,0.09000117304571391,0.09000117304571391,0.0,0.11041331885787666,0.5414132666906003,-0.18725275723241855,-0.004216181807198738,-0.002292808861961126,-4.956297804077744,0,0.5445166440096028
46.06367999999252,-2.128112728340823,0.4747996607296672,1.2653829851420015,0.008864438969627476,-0.008112224146692625,-0.0022235644704042207,-2.159827606777986,0.6511219288987394,1.1468397525977365,0.08188679116150305,-0.02669457060107385,-0.16826966694452689,-2.1382754557068204,0.6172336404188931,1.2553749594351138,0.06348086405438023,0.0015318507865089374,-0.1149638945292848,0.09000117304571391,0.09000117304571391,0.0,0.1103554387381962,0.541450788282141,-0.18724044392594044,-0.004220231547793682,-0.002292842503115191,-4.956220426165215,0,0.5445394405171047
46.06783999999252,-2.1280757495100966,0.4747658519961792,1.26537373637962,0.008874919374387353,-0.008114096037109171,-0.0022197029715479923,-1.7615028630235101,0.4642503136697015,1.865536249085423,-0.018915280239559164,0.14549356533123592,-0.023469540962029696,-1.94992548383752,0.5410432848922784,1.5604102838924943,0.022104240849993538,0.07362083653151451,-0.06885040380807383,0.09000117304571391,0.09000117304571391,0.0,0.11029746550702091,0.541488346796083,-0.18722816838740972,-0.004224292101922317,-0.002292880317581753,-4.9561429834571085,0,0.5445622400149541
46.07199999999252,-2.1280387269077337,0.4747320354024695,1.2653645036959948,0.008885424567063385,-0.008115982490337164,-0.002215844070059404,-1.8436604790685476,0.4472109268903755,0.8853584159995378,-0.10548079746678603,0.08953194270822228,0.07684009308941983,-1.8970107801421026,0.4943119750924806,1.2230394930982607,-0.04209109128529593,0.08191101660999293,0.003965489371171103,0.09000117304571391,0.09000117304571391,0.0,0.11023939884863031,0.5415259423425844,-0.18721593067915568,-0.004228363511585778,-0.0022929223087456018,-4.956065475785952,0,0.5445850425452479
46.07615999999252,-2.1280016604300083,0.47469821088775604,1.2653552870804023,0.008895954654062477,-0.008117883531223113,-0.002211987742190778,-1.6593821598774974,0.24873316888632097,1.2105460641099195,-0.049823420527450715,0.08422304154100065,-0.1134417771460584,-1.7782987224580507,0.37169463759066146,1.2165568715866146,-0.045820209559897546,0.08373882224511754,-0.05479602451923808,0.09000117304571391,0.09000117304571391,0.0,0.11018123844664804,0.5415635750322273,-0.18720373086380335,-0.004232445819022188,-0.0022929684800261844,-4.955987902983679,0,0.5446078481501395
46.08031999999252,-2.127964549972748,0.4746643783911529,1.2653460865222186,0.008906509742384017,-0.008119799184760308,-0.002208133964097404,-2.1390892428892476,-0.15891925864104778,1.6337385735261873,0.1300847708599117,-0.05478084735513542,0.20097950389316308,-1.9584258123591196,0.10627125718556653,1.425568549116392,0.04206216768926194,0.013899670740466491,0.0731350833209907,0.09000117304571391,0.09000117304571391,0.0,0.11012298398232992,0.5416012449757505,-0.18719156900534437,-0.0042365390667086535,-0.0022930188348717034,-4.955910264881628,0,0.5446306568718393
46.08447999999252,-2.127927395431333,0.4746305378516689,1.2653369020109193,0.008917089939608897,-0.008121729476150101,-0.0022042827118187304,-2.451084153967911,1.101455020466008,1.7400372495637353,-0.011722009461357163,-0.004948615482384148,-0.010550705824315986,-2.204783011434015,0.6038593818784003,1.582782094709394,0.015269429621731204,0.0046824148546729906,0.031807212401947095,0.09000117304571391,0.09000117304571391,0.0,0.1100646351356297,0.5416389522848526,-0.18717944516806947,-0.004240643297363067,-0.002293073376768673,-4.955832561310534,0,0.5446534687526151
46.088639999992516,-2.127890196700692,0.4745966892082075,1.2653277335360806,0.008927695353918625,-0.008123674430734966,-0.0022004339612983993,-2.1044364801045945,0.5608737830243045,1.4274414408716127,0.012593401798018766,-0.08230673765841873,0.09301211685893947,-2.154583618692515,0.58219599041247,1.5053035658891327,0.014301353788137336,-0.03924145024455038,0.06268338500874206,0.09000117304571391,0.09000117304571391,0.0,0.1100061915847693,0.5416766970712842,-0.18716735941721105,-0.004244758553945486,-0.002293132109232864,-4.955754792100531,0,0.5446762838347927
46.092799999992515,-2.1278529536753,0.47456283239956565,1.265318581087379,0.008938326094090145,-0.008125634074045606,-0.002196587688368697,-1.891550186470197,0.2874314801071468,1.237831120900261,-0.0554399826344992,0.07238561756249079,-0.123884335424236,-2.023180016982218,0.43496257537827826,1.3713079234131451,-0.020737268588289406,0.016400132728910728,-0.03064982643874905,0.09000117304571391,0.09000117304571391,0.0,0.1099476530060223,0.5417144794474894,-0.1871553118183025,-0.004248884879660071,-0.002293195035814254,-4.9556769570811445,0,0.5446991021607561
46.096959999992514,-2.127815666249177,0.47452896736443323,1.2653094446545925,0.008948982269502668,-0.008127608431782644,-0.0021927438687540752,-1.9891316248011373,0.36967903622014076,1.5764219285582615,-0.05990650133461002,0.006593212282884968,-0.017177981888026824,-2.006279505166355,0.4023328173117305,1.4738318201233864,-0.04064694956525839,0.01209611411575025,-0.024486269250907314,0.09000117304571391,0.09000117304571391,0.0,0.10988901907478046,0.541752299526126,-0.18714330243824923,-0.004253022317956488,-0.0022932621600957113,-4.955599056081292,0,0.5447219237729478
46.10111999999251,-2.127778334315885,0.4744950940413923,1.2653003242276006,0.008959663990143927,-0.008129597529825219,-0.0021889024780704443,-2.173864889197891,0.3516627057841717,1.5020701297381955,0.16023267655958093,0.07360324833998148,-0.06760848274230256,-2.0897394727809093,0.37715076602316416,1.4878109563614237,0.05948295986814256,0.042717638401506317,-0.04624056242813959,0.09000117304571391,0.09000117304571391,0.0,0.10983028946384137,0.5417901574206004,-0.18713133134447524,-0.00425717091253223,-0.0022933334856937806,-4.9555210889292765,0,0.5447447487138696
46.10527999999251,-2.1277409577685242,0.4744612123689163,1.2652912197963848,0.008970371366611067,-0.008131601394230227,-0.002185063491823377,-2.2360879469198713,0.5195409458915982,1.788047308721526,-0.22865907426344398,-0.07925213430679018,0.10274738122522073,-2.1633912488196008,0.4481811709122601,1.6381433985619493,-0.08413173001008094,-0.017855882826099102,0.028987462536491614,0.09000117304571391,0.09000117304571391,0.0,0.10977146384511549,0.5418280532445877,-0.18711939860470955,-0.004261330707333895,-0.0022934090162589843,-4.9554430554527835,0,0.5447675770260828
46.10943999999251,-2.127703536499732,0.4744273222853696,1.265282131351029,0.008981104510122089,-0.00813362005121463,-0.0021812268854119496,-2.302417085624068,0.4790570847550787,0.7769983475464048,0.05334551975002445,-0.08558455582770316,-0.05342937398648258,-2.23279376117221,0.4634402273232047,1.2074534625934719,-0.015604696927875037,-0.051185435293852805,-0.01209399752419043,0.09000117304571391,0.09000117304571391,0.0,0.10971254188812771,0.5418659871120317,-0.18710750428784304,-0.004265501746559193,-0.002293488755472064,-4.95536495547888,0,0.5447904087522082
46.11359999999251,-2.12766607040168,0.47439342372900617,1.2652730588817203,0.008991863532504389,-0.008135653527222966,-0.002177392634106621,-1.6834111597607782,0.5115423854301432,1.1293052001059105,-0.17693545372665861,-0.06910304569925409,-0.04827151189473247,-1.9584665064114892,0.4873483065693519,1.168279464179347,-0.0963224293434622,-0.0603334680710041,-0.0307011918041983,0.09000117304571391,0.09000117304571391,0.0,0.10965352326129695,0.5419039591380551,-0.1870956484637168,-0.00426968407465895,-0.002293572707055856,-4.95528678883401,0,0.5448132439349279
46.11775999999251,-2.127628559366071,0.4743595166379695,1.2652640023787491,0.009002648546225763,-0.008137701848807317,-0.0021735607130897836,-2.2668969413848785,0.16063251319967747,1.6280947793333758,0.1880872830043365,-0.17105577714901696,-0.036708987942382976,-2.1122932021675864,0.3236317131187973,1.3981136932970228,0.04612200676774589,-0.11538963970182319,-0.03356411606543982,0.09000117304571391,0.09000117304571391,0.0,0.10959440763086517,0.5419419694373564,-0.1870838312024817,-0.004273877736338354,-0.00229366087475652,-4.9552085553439875,0,0.5448360826169841
46.12191999999251,-2.127591003284136,0.4743256009502913,1.26525496183251,0.009013459664369259,-0.008139765042768272,-0.002169731097405648,-1.8816804879725677,0.3865854880683864,1.2238766816514934,0.036221335961067094,0.08900919509992321,-0.10777701245341244,-1.996909782514411,0.35529491659626034,1.3107676598882405,0.04111964265642326,-0.013558616609525693,-0.06963907518286117,0.09000117304571391,0.09000117304571391,0.0,0.10953519466153563,0.5419800181257605,-0.18707205257524087,-0.004278082776559456,-0.002293753262362818,-4.955130254834001,0,0.5448589248411804
46.126079999992506,-2.127553402046633,0.47429167660389115,1.2652459372335016,0.009024297000661681,-0.008141843136040465,-0.002165903761998883,-2.0531282376982825,0.027364232012990264,0.9198412893197409,0.09129551600561943,-0.032239763928493634,0.010413956772087583,-2.0248292121019107,0.19126143169100335,1.1153218311386548,0.06606041706471552,-0.02347973480865579,-0.028863396709910324,0.09000117304571391,0.09000117304571391,0.0,0.10947588401647067,0.5420181053192575,-0.18706031265405168,-0.004282299240542443,-0.0022938498736922537,-4.955051887128601,0,0.5448817706503822
46.130239999992504,-2.1275157555438438,0.4742577435365755,1.265236928572328,0.009035160669466837,-0.008143936155754705,-0.002162078681693565,-2.7513846235921333,0.5741530274404447,1.5530932177771257,0.008772901366816929,0.18647934821173942,-0.09088157357401266,-2.388092828130833,0.38309739743067245,1.334020457919216,0.03697487806144893,0.08167054634705723,-0.05934016731175655,0.09000117304571391,0.09000117304571391,0.0,0.10941647535664761,0.5420562311343781,-0.18704861151149943,-0.004286527173767934,-0.0022939507125966227,-4.9549734520517035,0,0.5449046200875173
46.1343999999925,-2.1274780636655697,0.474223801686037,1.265227935839698,0.009046050785788582,-0.008146044129238483,-0.0021582558311910504,-2.525879014996254,0.4385298718331382,0.6521936250873742,0.07833813558530843,-0.010336535703693393,0.02757164749263486,-2.4568234044343438,0.41079252069227534,0.9931585808276171,0.057394090145827026,0.03567391912550334,-0.015390795821753015,0.09000117304571391,0.09000117304571391,0.0,0.10935696834149711,0.5420943956883002,-0.18703694922112638,-0.0042907666219787356,-0.0022940557829648272,-4.954894949426583,0,0.5449274731955754
46.1385599999925,-2.127440326301131,0.4741898509898537,1.265218959026427,0.009056967465283623,-0.008148167083981247,-0.0021544351850816576,-2.277241107408117,0.4515684013178713,1.1465078749132673,0.09671552542153544,0.0988858735841629,0.06879835832787923,-2.366829611603069,0.43138624949468307,1.06997687666485,0.07694544181674402,0.06736075651273048,0.02694979877246242,0.09000117304571391,0.09000117304571391,0.0,0.10929736262868697,0.542132599098263,-0.18702532585700532,-0.004295017631181523,-0.0022941650887170224,-4.95481637907587,0,0.5449503300176097
46.1427199999925,-2.1274025433393633,0.47415589138548836,1.265209998123436,0.009067910824256774,-0.008150305047683718,-0.002150616717826361,-2.625610012775793,0.7392014707712706,1.015958068530539,-0.041610656831017306,0.01340584946718685,0.0009477541697147157,-2.4963076768863774,0.5853236860008497,1.0429678620581324,0.01743693059731335,0.04048861696390668,0.014529294055650344,0.09000117304571391,0.09000117304571391,0.0,0.10923765787411943,0.5421708414824213,-0.18701374149438285,-0.0042992802476491156,-0.0022942786338115808,-4.954737740821549,0,0.5449731905967368
46.1468799999925,-2.1273647146686145,0.4741219228102875,1.2652010531217535,0.009078880979674204,-0.008152458048217421,-0.0021468004037708687,-1.5401607563560216,0.6216406082209828,1.1121514516638844,-0.07246067145515475,-0.07321526728503337,-0.12670870220244754,-2.0183772804164968,0.60332965879855,1.077295304773412,-0.027968523406351527,-0.016136395486872308,-0.055462411745511385,0.09000117304571391,0.09000117304571391,0.0,0.10917785373171461,0.5422091229593674,-0.18700219620903943,-0.004303554517922233,-0.002294396422240182,-4.95465903448495,0,0.5449960549761369
46.1510399999925,-2.127326840176743,0.4740879452014807,1.2651921240125155,0.009089878049165771,-0.00815462611363434,-0.002142986217140426,-2.8019475859566176,1.0252763752564324,0.9116276288137117,-0.04727578800192034,-0.12199649705836647,-0.0362465863927337,-2.410266827133654,0.8140511059312062,0.9943856698390943,-0.037342677957989436,-0.06852377883048483,-0.04621835104272394,0.09000117304571391,0.09000117304571391,0.0,0.10911794985383529,0.5422474436479696,-0.18699069007793268,-0.004307840488811274,-0.002294518458027213,-4.954580259886752,0,0.5450189231990554
46.1551999999925,-2.1272889197511136,0.47405395849617993,1.2651832107869654,0.00910090215102796,-0.008156809272183764,-0.0021391741320349843,-2.409696431133715,0.41400074932067316,1.0206359233139408,0.021801532179801804,0.1880168499680094,-0.06263771897780607,-2.409936278971451,0.6144147534596188,1.007381673731538,-0.007774174164338123,0.0594629633382005,-0.05489729212362773,0.09000117304571391,0.09000117304571391,0.0,0.10905794589085674,0.5422858036676412,-0.18697922317812907,-0.0043121382073985776,-0.0022946447452326935,-4.9545014168469725,0,0.5450417953088015
46.159359999992496,-2.127250953278596,0.47401996263137863,1.2651743134364553,0.009111953404228363,-0.008159007552312643,-0.002135364122425254,-2.526904233542426,0.4389840455897899,1.4062548007354236,0.05180486263879142,-0.0208838015164187,-0.02360357060060795,-2.4683125600991254,0.5266557536249467,1.2067715377620956,0.021645117612521834,0.018804569370961786,-0.03906209873539376,0.09000117304571391,0.09000117304571391,0.0,0.10899784149137764,0.5423242031385015,-0.18696779558808838,-0.004316447721040421,-0.002294775287953688,-4.954422505184968,0,0.5450646713487503
46.163519999992495,-2.127212940645561,0.47398595754395095,1.2651654319524464,0.009123031928415364,-0.008161220982644147,-0.0021315561621612616,-2.07284242830883,0.11154113462147885,1.0819500551069423,0.21135979633240584,-0.02898033345785223,0.14222598129635908,-2.270135039565912,0.31903484174037067,1.144654263364079,0.11645900611718954,-0.00488317352336171,0.05228464137790298,0.09000117304571391,0.09000117304571391,0.0,0.10893763630178947,0.5423626421808951,-0.18695640738723857,-0.004320769077368866,-0.0022949100903204836,-4.954343524719429,0,0.5450875513623423
46.167679999992494,-2.127174881737878,0.4739519431706509,1.265156566326509,0.009134137843916526,-0.008163449592005032,-0.00212775022496307,-1.916031317413541,0.21943475951591745,0.9842174495498552,0.05711739658377233,0.07763577255154723,-0.05047873034579463,-2.0929618970164032,0.2693959788098675,1.0643286566804153,0.08679146244759671,0.03618109550209718,0.001430197830046099,0.09000117304571391,0.09000117304571391,0.0,0.10887732996712873,0.5424011209158747,-0.18694505865512123,-0.004325102324293664,-0.0022950491565001665,-4.9542644752683795,0,0.5451104353930845
46.17183999999249,-2.127136776440912,0.47391791944811174,1.265147716550324,0.009145271271749203,-0.00816569340940985,-0.0021239462844220114,-2.2930583868519334,0.7910413481465718,1.1982863105804524,0.06519548059113049,-0.03749582111217505,-0.00822006947238025,-2.192877741076434,0.5301451918362652,1.1312916565502138,0.07686212640003315,-0.0010701921399299376,-0.0035544651412140584,0.09000117304571391,0.09000117304571391,0.0,0.1088169221304334,0.5424396394649333,-0.1869337494731042,-0.004329447510004501,-0.0022951924906949362,-4.954185356649167,0,0.5451333234845502
46.17599999999249,-2.127098624639522,0.47388388631284484,1.2651388826156822,0.009156432333626346,-0.008167952464056664,-0.002120144314005474,-2.052470170568138,0.6374202697516782,1.0282855318988422,0.04945977752529166,0.05341257614926441,0.0583677621509026,-2.122570484359019,0.5838949601958303,1.0799095854246026,0.0633482771263835,0.025983957233121115,0.02725423335725216,0.09000117304571391,0.09000117304571391,0.0,0.10875641243273973,0.5424781979501134,-0.18692247992224453,-0.004333804682973024,-0.002295340097140254,-4.954106168678463,0,0.5451562156803803
46.18015999999249,-2.1270604262180557,0.4738498437012392,1.265130064514486,0.009167621151958148,-0.008170226785342787,-0.0021163442870457093,-1.9510116578785663,0.375344859641833,1.3925146869405332,0.03897861081142546,-0.020967308117565517,-0.012026280658850546,-2.0367080852668615,0.47957416861742747,1.2361895710065032,0.050823130079310753,0.0028337711120593884,0.007490660668123093,0.09000117304571391,0.09000117304571391,0.0,0.1086958005130792,0.5425167964937395,-0.18691125008564238,-0.004338173891954927,-0.0022954919801069897,-4.954026911172259,0,0.5451791120242828
46.18431999999249,-2.127022181060348,0.47381579154956055,1.2651212622387498,0.009178837849853646,-0.008172516402883497,-0.002112546176737717,-2.313713311805019,0.48067142301497306,1.0087058971629839,0.09519827541122908,-0.03757431187063079,0.08044412608915177,-2.175015260674949,0.4800441749688272,1.122613297534672,0.07331244505179674,-0.017139262566425787,0.04404262906065673,0.09000117304571391,0.09000117304571391,0.0,0.10863508600847538,0.5425554352190605,-0.18690006004673299,-0.0043425551859921745,-0.002295648143906159,-4.953947583945863,0,0.5452020125600339
46.18847999999249,-2.126983889049718,0.4737817297939503,1.2651124757805992,0.009190082551134366,-0.00817482134646815,-0.0021087499561506847,-2.3457023508846646,0.3311853849985763,1.264490891252983,-0.01562567853287191,0.07178891633938649,-0.15359036873270132,-2.2603916851249464,0.4057630025148264,1.193234943113786,0.02845671494736403,0.02734543225763304,-0.055395654343911374,0.09000117304571391,0.09000117304571391,0.0,0.10857426855458273,0.5425941142494491,-0.18688890988928664,-0.004346948614414657,-0.002295808592882218,-4.953868186813892,0,0.5452249173314783
46.19263999999249,-2.1269455500689665,0.47374765837042493,1.2651037051322733,0.009201355380336632,-0.008177141646089328,-0.002104955598215357,-2.037934944507335,0.48101928320692205,1.72150815955041,0.004032297351871115,-0.010903627564456788,0.05846511986862382,-2.149154569268347,0.4433703017577819,1.457497016011987,0.016822185151103244,0.0075927219165287906,0.0014493838131871347,0.09000117304571391,0.09000117304571391,0.0,0.10851334778461495,0.5426328337090437,-0.18687779969890786,-0.004351354226842849,-0.002295973331415363,-4.953788719590275,0,0.5452478263825299
46.196799999992486,-2.1269071640003716,0.47371357721487517,1.2650949502861244,0.009212656462715478,-0.008179477331940264,-0.002101163075727605,-2.1385255878951215,0.07604214998902153,1.2280374722893574,-0.033380603158570006,0.008493267673799862,0.014653959155747118,-2.143907670141665,0.2597225128466797,1.3427970133049665,-0.009124552918200307,0.00746997243714094,0.00762048377510536,0.09000117304571391,0.09000117304571391,0.0,0.10845232332976902,0.5426715937225356,-0.18686672956132677,-0.004355772073189759,-0.0022961423639220923,-4.953709182088242,0,0.5452707397571719
46.200959999992484,-2.126868730725687,0.47367948626306516,1.2650862112346188,0.009223985924253457,-0.008181828434398228,-0.002097372361350029,-1.892960837422221,0.6521172751382724,1.0548860476891917,0.11081056126970798,-0.11505304998955761,-0.16891031066363896,-2.0182021340138476,0.45568354087480506,1.198486612283063,0.050892535048854146,-0.05388376083696979,-0.07987628285650979,0.09000117304571391,0.09000117304571391,0.0,0.1083911948196499,0.5427103944148493,-0.18685569956389758,-0.004360202203662806,-0.0022963156948519565,-4.953629574120325,0,0.5452936574994572
46.20511999999248,-2.1268302501261385,0.4736453854506315,1.2650774879703373,0.00923534389165681,-0.008184194984081064,-0.0020935834275949534,-2.732765596994787,0.4333650484575002,0.37820501134346396,-0.03545267603452342,0.09541423504367412,-0.08272937753554824,-2.3755624932544097,0.4447233773314084,0.7881696307514694,0.007671152800190835,0.02038062675368441,-0.08208811707561985,0.09000117304571391,0.09000117304571391,0.0,0.10832996188162652,0.542749235911677,-0.18684470979410336,-0.0043646446687667095,-0.0022964933286971885,-4.953549895498352,0,0.5453165796535097
46.20927999999248,-2.1267917220824204,0.4736112747130824,1.2650687804859755,0.009246730492373286,-0.00818657701178105,-0.0020897962468427165,-2.2853160815826223,0.27072221151628195,1.2799071649634628,-0.03906332543484582,0.09355766883473592,-0.08104061558091065,-2.3305197094891525,0.35791563948803984,1.0338724546750442,-0.015787826086888064,0.05722151740983592,-0.08116919084316247,0.09000117304571391,0.09000117304571391,0.0,0.1082686241410421,0.5427881183393738,-0.18683376034084043,-0.004369099519305213,-0.002296675269983941,-4.953470146033442,0,0.5453395062635238
46.21343999999248,-2.1267531464746927,0.47357715398579703,1.2650600887743448,0.009258145854594082,-0.008188974548483363,-0.0020860107913362688,-1.877133257632739,0.48017175054859795,1.750306214051096,0.1263540179807967,0.09073335802915945,0.10473494003580584,-2.103559174349888,0.41923329928192005,1.392312488517048,0.05463738759273785,0.07396277484572272,0.011628990992833635,0.09000117304571391,0.09000117304571391,0.0,0.1082071812209972,0.5428270418244767,-0.18682285129356502,-0.004373566806383197,-0.0022968615232714946,-4.953390325536004,0,0.545362437373765
46.21759999999248,-2.1267145231825793,0.47354302320402447,1.2650514128283734,0.009269590107250304,-0.008191387625409623,-0.0020822270331641887,-2.1760127780984306,0.10526070021132,1.564380235245663,0.013074789804151266,0.021384431203944627,0.14759160285822942,-2.139759473754248,0.2622892547072035,1.478655430279261,0.03394804905586699,0.047689957302893896,0.07917936427032828,0.09000117304571391,0.09000117304571391,0.0,0.10814563274341582,0.5428660064942934,-0.18681198274336475,-0.004378046581409114,-0.002297052093160606,-4.953310433815732,0,0.5453853730285716
46.22175999999248,-2.1266758520851625,0.4735088823028829,1.2650427526411057,0.009281063380031929,-0.008193816273970363,-0.002078444944278697,-2.236449122011631,0.8057444312632329,1.0175564876107097,0.006907888123024768,0.04130453407044177,0.022479904527017498,-2.1880911227583226,0.534106063583826,1.2481490248891232,0.02067805007485449,0.044735404416445454,0.051056885412847794,0.09000117304571391,0.09000117304571391,0.0,0.10808397832711855,0.5429050124767428,-0.1868011547812493,-0.004382538896097599,-0.002297246984287649,-4.953230470681598,0,0.5454083132723534
46.22591999999248,-2.126637133060982,0.47347473121735884,1.2650341082057037,0.009292565803387276,-0.008196260525774417,-0.002074664496487118,-2.0093073304133617,0.27889587335035326,1.7356495893459587,0.1930218181040602,-0.04108832254754052,0.07414601036350664,-2.098297270143207,0.4064145665889604,1.4920556309077448,0.10721124577969021,0.00142202000538131,0.06322940183076875,0.09000117304571391,0.09000117304571391,0.0,0.10802221758952885,0.5429440598999825,-0.18679036749986244,-0.004387043802471121,-0.0022974462013236447,-4.953150435941853,0,0.5454312581495936
46.230079999992476,-2.1265983659880296,0.4734405698823061,1.2650254795154476,0.009304097508525606,-0.008198720412661939,-0.0020708856614427987,-1.705454830185606,0.8395055404076446,1.1682497543448838,0.018773830553405,0.08749688651755835,0.2391471876607994,-1.9018340862422827,0.6231451773874097,1.3306491528495021,0.06291838239769466,0.0444047248413669,0.15054864966877457,0.09000117304571391,0.09000117304571391,0.0,0.10796035014560154,0.5429831488930499,-0.18677962099241513,-0.004391561352862856,-0.0022976497489801814,-4.953070329404018,0,0.5454542077048481
46.234239999992475,-2.1265595507437487,0.47340639823244496,1.2650168665637367,0.009315658627427776,-0.008201195966671484,-0.002067108410653416,-2.2731065074460006,0.6742329788897719,2.0180790077955097,-0.13970762016184832,0.006375092914047946,-0.04459737345876911,-2.087762481920223,0.648702168645348,1.6742758214952578,-0.03886281753735687,0.025645737577323347,0.053136160874716766,0.09000117304571391,0.09000117304571391,0.0,0.10789837560867457,0.5430222795853824,-0.1867689153537571,-0.004396091599918625,-0.002297857632005577,-4.952990150874884,0,0.5454771619827475
46.238399999992474,-2.1265206872050286,0.4733722162023614,1.265008269344089,0.009327249292853473,-0.00820368722004575,-0.0020633327154809854,-2.3406209549195975,0.8502015037973429,1.2105076873067178,-0.05261075136644336,-0.26340033342295915,-0.05944332786487476,-2.2143012267470006,0.7489056012108426,1.4422651116270742,-0.04654846139844392,-0.11896459880508596,-0.0032631406847480108,0.09000117304571391,0.09000117304571391,0.0,0.107836293589611,0.5430614521070329,-0.18675825067866741,-0.004400634596599524,-0.002298069855183849,-4.952909900160505,0,0.5455001210279963
46.24255999999247,-2.126481775248202,0.47333802372650624,1.2649996878501426,0.009338869638344011,-0.008206194205240293,-0.00205955854713342,-2.1124777087404962,0.48334714401552,1.408838662830874,0.08657558036749864,0.05858986799294523,0.13841632668550807,-2.16321006633538,0.6162462985708255,1.4258397929543207,0.020671379289255984,-0.030159769473240002,0.06745323361477035,0.09000117304571391,0.09000117304571391,0.0,0.107774103697009,0.5431006665885094,-0.18674762706356662,-0.004405190396184177,-0.0022982864233358734,-4.952829577066195,0,0.5455230848853738
46.24671999999247,-2.126442814749043,0.473303820739194,1.2649911220756564,0.009350519798225342,-0.008208716954937434,-0.002055785876661644,-1.7012868006217068,0.36266333711480836,1.203820842825134,-0.052191024612764716,0.030301317746652623,-0.13028399304822944,-1.9323548711843448,0.4895154421813402,1.3145577151120704,-0.015219413148998023,0.00036842734614033043,-0.03137277500928698,0.09000117304571391,0.09000117304571391,0.0,0.10771180553784007,0.5431399231609362,-0.1867370446056639,-0.004409759052271102,-0.002298507341322634,-4.952749181396523,0,0.5455460535997348
46.25087999999247,-2.126403805582761,0.47326960717460226,1.2649825720145107,0.009362199907620466,-0.008211255502025876,-0.002052014674964678,-2.3039900000964284,0.7687961174004758,0.8639342642126018,-0.050583343974568214,-0.09124977812579348,0.051758132808884194,-2.1182781435447113,0.6289677223009251,1.0893499724473332,-0.033911033489018805,-0.04533149493925167,0.010437103014675769,0.09000117304571391,0.09000117304571391,0.0,0.10764939871659107,0.5431792219560017,-0.18672650340338687,-0.0044143406187813206,-0.0022987326140424128,-4.952668712955312,0,0.5455690272160099
46.25503999999247,-2.126364747624001,0.47323538296677053,1.2649740376607075,0.009373910102452455,-0.008213809879611057,-0.0020482449127859027,-1.5096007329109162,0.32150031295597137,1.6443851478364828,0.193868513361593,-0.056555969729130226,0.020491676599631758,-1.813531750284965,0.47511406484702484,1.3669145004736862,0.07987383087932484,-0.0508629489963416,0.015254875451653549,0.09000117304571391,0.09000117304571391,0.0,0.10758688283547423,0.5432185631061733,-0.18671600355595583,-0.004418935149960723,-0.0022989622464313713,-4.952588171545628,0,0.5455920057792062
46.25919999999247,-2.1263256407468365,0.4732011480495997,1.264965519008371,0.0093856505194529,-0.008216380121002037,-0.0020444765607153617,-2.155038396214709,0.35455492831867613,0.917478686163363,0.002628640622819708,-0.06507226622119494,0.13240391919056319,-1.984280796404001,0.4146995854011437,1.1424694369609263,0.04067963632146598,-0.05858257842774724,0.07353711736040762,0.09000117304571391,0.09000117304571391,0.0,0.10752425749463737,0.5432579467441102,-0.186705545163171,-0.004423542700382262,-0.00229919624346101,-4.952507556969783,0,0.5456149893344076
46.26335999999247,-2.126286484824769,0.4731669023568507,1.2649570160517496,0.009397421296160863,-0.008218966259752712,-0.002040709589173254,-1.5404665029007818,0.9147989343605196,1.3510895287755353,-0.0360107481669089,0.13949407770317054,0.1612435434030939,-1.7624466219715778,0.6650422038753729,1.2471147471304649,0.0029051028553396777,0.04077921117791127,0.11814320574771014,0.09000117304571391,0.09000117304571391,0.0,0.10746152229237496,0.5432973730031984,-0.18669512832691232,-0.004428163324948779,-0.0022994346101450703,-4.952426869029326,0,0.5456379779267752
46.267519999992466,-2.1262472797307237,0.473132645822144,1.2649485287852145,0.00940922257093919,-0.008221568329620099,-0.002036943968427362,-1.8205337801324035,0.5352940636668747,1.5122017414510183,0.14236521730961357,0.018062074471933975,0.12562066680482353,-1.7911958691767143,0.6002043191654888,1.3799217808206425,0.0732884301746889,0.029650630835584474,0.1216918841972045,0.09000117304571391,0.09000117304571391,0.0,0.1073986768242695,0.5433368420176585,-0.18668475314878893,-0.004432797078895607,-0.0022996773515342257,-4.952346107525041,0,0.5456609716015485
46.271679999992465,-2.1262080253370446,0.47309837837895824,1.264940057203262,0.00942105448297742,-0.008224186364571617,-0.0020331796685836814,-1.51216826835428,0.6975016784645843,1.3280403897870483,0.031174285949398764,-0.03415805479917047,-0.09738241078318557,-1.6516155574421831,0.6487828370088806,1.3537771356579154,0.052370022176942255,-0.002348256563004084,0.01266595430325374,0.09000117304571391,0.09000117304571391,0.0,0.10733572068361504,0.5433763539219063,-0.18667441973249305,-0.004437444017792748,-0.002299924472714829,-4.952265272256941,0,0.5456839704040449
46.27583999999246,-2.1261687215154934,0.4730640999606298,1.2649316013005139,0.009432917172289954,-0.008226820398828069,-0.0020294166595754247,-2.729486641566067,0.11212321889401283,1.4923297724231217,0.07013145449930723,-0.24874269579424174,0.11288953688925009,-2.190412425789966,0.3799320846288515,1.4232892747011285,0.061083848225867966,-0.12562083383603642,0.06275008409189357,0.09000117304571391,0.09000117304571391,0.0,0.10727265346205545,0.5434159088510868,-0.18666412818209185,-0.00444210419754765,-0.002300175978816839,-4.952184363024266,0,0.5457069743796612
46.27999999999246,-2.1261293681372444,0.4730298105003514,1.2649231610717173,0.009444810779735578,-0.008229470466810811,-0.0020256549111770587,-1.8366537275441133,0.31809408055142774,1.1902864694727513,-0.14958846475922333,-0.12384335798264866,0.09705133777666648,-2.013842972202404,0.3487535525313452,1.3069883415747112,-0.04364676974315855,-0.12400769880688024,0.07978505551970684,0.09000117304571391,0.09000117304571391,0.0,0.10720947474829853,0.543455506941183,-0.1866538786030985,-0.004446777674407856,-0.0023004318750067185,-4.952103379625474,0,0.5457299835738735
46.28415999999246,-2.126089965072882,0.47299550993117156,1.2649147365117466,0.009456735447016959,-0.008232136603164717,-0.0020218943929965197,-2.1060359204008097,0.4211261534293249,1.240012480798046,-0.09220473132890343,-0.07051276393122002,-0.15517393622823264,-2.0601332732442303,0.38479419551893673,1.2731785164174674,-0.06725011194727212,-0.09750436596939206,-0.03831947879271952,0.09000117304571391,0.09000117304571391,0.0,0.10714618412939482,0.5434951483283751,-0.18664367110183283,-0.004451464504963305,-0.0023006921664884957,-4.952022321858243,0,0.545752998032238
46.28831999999246,-2.126050512192396,0.47296119818599336,1.264906327615603,0.009468691316688314,-0.008234818842767614,-0.0020181350744703113,-2.166853835660213,0.18228096975103975,1.568825777560232,0.005944292128460566,0.20488231174522126,-0.05861841854767659,-2.1134793243619465,0.2839612799843899,1.4208813462601486,-0.03191397939529928,0.05416719915549265,-0.048013300550811926,0.09000117304571391,0.09000117304571391,0.0,0.10708278118945168,0.5435348331496827,-0.1866335057856368,-0.004456164746149413,-0.0023009568585058843,-4.9519411895194585,0,0.5457760178003913
46.29247999999246,-2.1260110093651785,0.47292687519757365,1.2648979343784161,0.009480678532160612,-0.008237517220725023,-0.002014376924863605,-2.1383851919160732,0.7837378234505091,1.1899972405231456,-0.08434514678644915,0.05718522174118136,-0.16699576473485322,-2.1261060016975644,0.5339715982102542,1.3050916672898225,-0.059023532480404685,0.05586560351421075,-0.10813923893003004,0.09000117304571391,0.09000117304571391,0.0,0.1070192655106981,0.543574561542645,-0.1866233827633051,-0.004460878455249354,-0.002301225956342199,-4.951859982405218,0,0.5457990429240512
46.29663999999246,-2.125971456460021,0.47289254089852206,1.2648895567954441,0.009492697237709664,-0.008240231772374429,-0.0020106199132691894,-1.9138492502301843,0.8459147875683406,0.3323425793544883,0.056700655010322634,0.05178354386607288,-0.01798517764936395,-2.0198585018721715,0.6900548520754778,0.8186729930472603,-0.001026091078915924,0.05297466414734649,-0.0631089299802783,0.09000117304571391,0.09000117304571391,0.0,0.10695563667284029,0.5436143336455364,-0.18661330214401725,-0.00446560568989696,-0.002301499465320895,-4.951778700310819,0,0.5458220734490173
46.300799999992456,-2.125931853345111,0.47285819522130007,1.2648811948620748,0.009504747578484683,-0.008242962533272728,-0.0020068640086074972,-1.8113174523806375,0.8043060311472155,1.3117748364276753,-0.10352505963722082,-0.05616429445495234,-0.1624519732821468,-1.9158021392505928,0.7470621738999483,1.064888510315632,-0.05212847872932912,-0.0005073486275440762,-0.11231272157112979,0.09000117304571391,0.09000117304571391,0.0,0.10689189425369944,0.543654149596992,-0.18660326403883712,-0.004470346508079223,-0.002301777390803115,-4.951697343030757,0,0.5458451094211709
46.304959999992455,-2.1258921998880256,0.47282383809822004,1.2648728485738263,0.00951682970051445,-0.00824570953921199,-0.002003109179623556,-2.749903731582174,0.421640178372246,1.5437774108376028,0.008085255543991978,-0.051089255362464635,-0.05950080270540376,-2.332841364653104,0.584243182075299,1.3042127703638713,-0.022309294210098377,-0.02605819831951179,-0.086015303798667,0.09000117304571391,0.09000117304571391,0.0,0.10682803782771143,0.5436940095363836,-0.18659326855943237,-0.004475100968139481,-0.0023020597381893607,-4.951615910358722,0,0.5458681508864763
46.309119999992454,-2.125852495955731,0.47278946946144407,1.2648645179263476,0.009528943750706752,-0.008248472826236652,-0.001999355394877585,-2.178144712201219,0.4016599172004862,0.4243052780759998,-0.002020937506987149,0.08227818546747981,-0.018319448564958908,-2.2554958516759998,0.4931216767844333,0.8642158404930423,-0.012314394090227268,0.027973937095271583,-0.052689730398151426,0.09000117304571391,0.09000117304571391,0.0,0.10676406696784667,0.5437339136039272,-0.18658331581871773,-0.004479869128779696,-0.0023023465129238295,-4.951534402087593,0,0.5458911978909811
46.31327999999245,-2.125812741414577,0.47275508924298326,1.2648562029154193,0.009541089876869427,-0.008251252430592642,-0.0019956026227614006,-2.3688357633413646,0.5775086862500685,1.5192069363063387,0.30367003453141056,0.08157358760400303,0.0545907558015387,-2.31153532568814,0.5354857164361638,1.1918312083538019,0.14582585347320984,0.05463871075441291,0.00013128247509558314,0.09000117304571391,0.09000117304571391,0.0,0.10669998124453846,0.5437738619400964,-0.18657340593064345,-0.004484651049063261,-0.0023026377204858313,-4.951452818009433,0,0.5459142504808167
46.31743999999245,-2.125772936130295,0.4727206973746967,1.2648479035369549,0.00955326822770763,-0.008254048388777033,-0.001991850831480231,-2.0636274794275145,0.6366323385106166,0.9432685754039761,0.06738814022305598,0.007794436593343,-0.22919011931743857,-2.1874391064896432,0.5860764640779094,1.0670721159555325,0.10642162062951156,0.030971155616967866,-0.11483794703042036,0.09000117304571391,0.09000117304571391,0.0,0.10663578022546515,0.5438138546861573,-0.18656353901041148,-0.004489446788418202,-0.002302933366395409,-4.951371157915484,0,0.5459373087021986
46.32159999999245,-2.1257330799679917,0.4726862937882903,1.2648396197870004,0.00956547895283159,-0.00825686073752745,-0.001988099989055316,-2.188599846989491,0.9990828363269874,1.2805364507677017,-0.08420835147025481,-0.03721444693718963,-0.014696959600484723,-2.188195600032195,0.7925058205181761,1.173774542054773,0.011582480916493146,-0.003446788640713597,-0.06445373303462722,0.09000117304571391,0.09000117304571391,0.0,0.10657146347597352,0.5438538919840097,-0.18655371517404978,-0.004494256406639774,-0.0023032334562138566,-4.951289421596162,0,0.5459603726014274
46.32575999999245,-2.125693172792147,0.4726518784153161,1.2648313516617367,0.009577722202765782,-0.008259689513816806,-0.0019843500633230423,-2.4824432846282676,0.6114927644801897,1.2590465672576974,0.11151909390940049,0.2287203670305056,0.092065919776382,-2.3350900853728023,0.7024742723802141,1.2166019960769276,0.06180429348939181,0.11237439181793428,0.014108478805187551,0.09000117304571391,0.09000117304571391,0.0,0.10650703055907529,0.5438939739761344,-0.1865439345392704,-0.004499079963893279,-0.002303537995542649,-4.951207608841053,0,0.5459834422248891
46.32991999999245,-2.1256532144666096,0.4726174511871708,1.2648230991574787,0.009589998128955201,-0.00826253475486208,-0.0019806010219328867,-1.8772170140758175,0.09864985323732428,1.0508588577623945,0.08752156740384055,0.01226132269441343,-0.013951987654697762,-2.1059682874232175,0.4005839369979808,1.133701275396804,0.07465357789172061,0.062037565139274393,-0.0004142552727059586,0.09000117304571391,0.09000117304571391,0.0,0.10644248103522959,0.5439341008057542,-0.1865341972244025,-0.004503917520717085,-0.002303846990024465,-4.95112571943891,0,0.5460065176190557
46.33407999999245,-2.1256132048545937,0.47258301203509534,1.2648148622706772,0.009602306883775644,-0.00826539649810874,-0.0019768528323489743,-2.258282320630759,0.5827135915395603,1.3020069478341432,0.18298559142698553,-0.184417477591313,0.001867801711190862,-2.1817461110551672,0.49126486600201513,1.2178596830678325,0.12897898199027508,-0.06040978296418643,0.00048199508976733694,0.09000117304571391,0.09000117304571391,0.0,0.10637781446233893,0.5439742726165684,-0.18652450334903564,-0.004508769138025391,-0.0023041604453403128,-4.951043753177642,0,0.5460295988304859
46.338239999992446,-2.125573143818675,0.4725485608901734,1.2648066409979195,0.009614648620534797,-0.00826827478126392,-0.001973105461837916,-2.3993634693280192,0.8555684364363029,1.3167614397243135,0.06704363196381741,-0.007128034874807256,0.10818838869843388,-2.2904167087736527,0.673403979331106,1.2675353156784344,0.09794055313277934,-0.03358239136491895,0.054793019763822365,0.09000117304571391,0.09000117304571391,0.0,0.10631303039617317,0.5440144895530739,-0.18651485303445073,-0.004513634877111362,-0.00230447836721463,-4.950961709844318,0,0.5460526859058253
46.342399999992445,-2.1255330312207854,0.47251409768333064,1.26479843533593,0.009627023493488873,-0.00827116964225779,-0.001969358877482594,-1.8870387946920715,0.9303989808979759,1.6005407811866716,0.10726135476411691,-0.0016561355378395771,0.1079303596558176,-2.088501597908639,0.8018993438429134,1.4342637796211357,0.10248942963579473,-0.017385755240739122,0.08188289220245498,0.09000117304571391,0.09000117304571391,0.0,0.10624812838929659,0.544054751760299,-0.1865052464025532,-0.004518514799650101,-0.0023048007614096815,-4.950879589225153,0,0.5460757788918075
46.346559999992444,-2.1254928669222113,0.47247962234533364,1.2647902452815711,0.009639431657840763,-0.008274081119280019,-0.001965613046165991,-2.0789658525478654,-0.022740731200605324,0.9511432701991634,0.0736226223830282,0.09380978676608631,0.06577160468940192,-2.0835791563708503,0.38976813768348906,1.192835499881241,0.08739950103983547,0.038454866435119105,0.07452425462622873,0.09000117304571391,0.09000117304571391,0.0,0.10618310799234634,0.5440950593840188,-0.18649568357651616,-0.004523408967701472,-0.0023051276337300716,-4.9507973911055085,0,0.5460988778352542
46.35071999999244,-2.125452650783587,0.4724451348067888,1.2647820708318438,0.009651873269754283,-0.008277009250759543,-0.0019618679345768868,-2.1496018170816003,0.1757373014109564,1.118249450203163,0.0021320106506350148,-0.0355734770930182,0.061788793573118776,-2.1165866533760953,0.28267748043627106,1.1556694822209717,0.04483813381977685,0.0013250475221404268,0.06863327120605506,0.09000117304571391,0.09000117304571391,0.0,0.10611796875274603,0.5441354125704883,-0.18648616468078308,-0.004528317443713315,-0.002305458990020537,-4.950715115269888,0,0.5461219827830756
46.35487999999244,-2.125412382664894,0.47241063499814134,1.2647739119838888,0.00966434848635416,-0.00827995407539305,-0.0019581235091990857,-2.4933593036888446,0.26716528438020304,1.50163303806847,-0.07330072975221215,-0.10612952395742957,-0.02519776601149064,-2.3051288338330123,0.27470191347399014,1.3286016104451674,-0.013860487136117062,-0.05306177048578123,0.021560250504992096,0.09000117304571391,0.09000117304571391,0.0,0.10605271021619798,0.5441758114669778,-0.18647668984107044,-0.004533240290524371,-0.002305794836170527,-4.950632761501926,0,0.546145093782272
46.35903999999244,-2.1253720624254533,0.4723761228496743,1.2647657687349874,0.00967685746574639,-0.008282915632098802,-0.0019543797363255093,-2.234225035041604,0.3043874081471601,1.2959324466108475,0.23765489079372942,-0.10220801437435828,0.13835316359045946,-2.2691816467225823,0.2893321797681721,1.3125531433729605,0.11165207878147106,-0.07758411020831762,0.08063543942117075,0.09000117304571391,0.09000117304571391,0.0,0.10598733192518354,0.5442162562210269,-0.1864672591843704,-0.004538177571367517,-0.0023061351781066977,-4.950550329584391,0,0.5461682108799336
46.36319999999244,-2.125331689923924,0.47234159829150735,1.2647576410825623,0.009689400367014793,-0.008285893960064612,-0.001950636582040986,-2.600294648847525,0.5269189578873776,1.6095436523204958,-0.11383476359484226,-0.028790865487187303,-0.008450790641981128,-2.434976214110425,0.408068256889645,1.4610329910675415,-0.001569112064627942,-0.05362803463853508,0.03605358013421771,0.09000117304571391,0.09000117304571391,0.0,0.10592183341938546,0.5442567469810854,-0.18645787283895346,-0.00454312934987295,-0.002306480021798795,-4.950467819299173,0,0.5461913341232407
46.36735999999244,-2.125291265018298,0.47230706125359595,1.264749529024178,0.00970197735023203,-0.008288889098728946,-0.001946894012227003,-2.120205175164924,-0.02921879999311311,1.3641607297073648,0.12253360939071797,0.04138210137558937,-0.22262943081926126,-2.277333645766203,0.1895081917979118,1.4121325804242748,0.06048396017093373,-0.006345275916563282,-0.093012024977515,0.09000117304571391,0.09000117304571391,0.0,0.10585621423653938,0.5442972838960876,-0.18644853093372865,-0.004548095690071018,-0.0023068293732585515,-4.950385230427284,0,0.5462144635594651
46.37151999999244,-2.125250787565896,0.4722725116657302,1.2647414325575423,0.0097145885764711,-0.008291901087779333,-0.0019431519925584531,-2.3428466106407866,0.7614261286729038,1.0703565621418771,-0.08769493939606816,-0.036741721542663544,-0.20590471930927368,-2.310273614714654,0.47539578698393115,1.2408137344527586,-0.01329540532545757,-0.022044736551442297,-0.14936967740840748,0.09000117304571391,0.09000117304571391,0.0,0.10579047391114738,0.5443378671158807,-0.18643923359995745,-0.004553076656395779,-0.002307183238538431,-4.950302562748849,0,0.5462375992359706
46.375679999992435,-2.1252102574233636,0.47223794945753367,1.2647333516805068,0.009727234207809224,-0.008294929967163996,-0.0019394104885022381,-2.3424257499208108,0.631853146866803,1.2365184678734964,-0.05193351441377051,-0.07793047116894695,0.007036720908824835,-2.3264572447018863,0.5534643155861905,1.238679381800734,-0.03294030236433749,-0.05039127979487027,-0.07053914583219521,0.09000117304571391,0.09000117304571391,0.0,0.10572461197511458,0.5443784967907986,-0.1864299809689041,-0.004558072313688063,-0.002307541623733228,-4.950219816043103,0,0.5462607412002128
46.379839999992434,-2.125169674446666,0.47220337455846245,1.264725286391068,0.00973991440733666,-0.008297975777091404,-0.0019356694653108767,-2.5863549638361674,0.9698932067108356,1.4191112754330355,-0.040096009175861765,-0.020802697052404548,-0.07954876962608155,-2.456490627828341,0.7616386781418679,1.3287319758560419,-0.03685120835366842,-0.03572968990437723,-0.07544910929847554,0.09000117304571391,0.09000117304571391,0.0,0.10565862795753113,0.5444191730719832,-0.18642077317440406,-0.004563082727198681,-0.002307904534980518,-4.950136990088383,0,0.5462838894997407
46.38399999999243,-2.125129038491086,0.472168786897804,1.264717236687368,0.009752629339165349,-0.008301038558027515,-0.0019319288880269708,-2.0104072280296656,0.5592756817397446,1.2296779122548507,0.037849902207007555,0.07236172213064204,-0.0237789455114665,-2.2333685347104346,0.660606435995177,1.2791561919408152,0.0011941558381040592,0.01823129446694091,-0.050290760794615426,0.09000117304571391,0.09000117304571391,0.0,0.10559252138530965,0.5444598961110649,-0.1864116103505151,-0.004568107962591562,-0.0023082719784600905,-4.950054084662128,0,0.5463070441821966
46.38815999999243,-2.1250883494112176,0.4721341864046761,1.2647092025676951,0.009765379168439541,-0.008304118350698133,-0.0019281887214766228,-1.851719852162223,-0.19166593259614806,1.5607161644475105,-0.15473283130411744,-0.032882517214093784,0.09607788784299923,-2.0428633954768167,0.23439731225386054,1.420139437807241,-0.07674357061929266,-0.008004647614752147,0.022186891069790358,0.09000117304571391,0.09000117304571391,0.0,0.10552629178211237,0.5445006660606448,-0.18640249263301556,-0.004573148085947483,-0.00230864396039378,-4.949971099540865,0,0.546330205295317
46.39231999999243,-2.125047607060962,0.47209957300802574,1.2647011840304856,0.009778164061342706,-0.008307215196086258,-0.0019244489302699982,-1.8168426593799407,0.9624619767054157,1.3860702594323615,-0.16861924896827432,0.05820634095468443,0.08110365098275352,-1.930201939120432,0.5985559179930516,1.4032738297006246,-0.12278605610213032,0.025043046385551767,0.05138846197221276,0.09000117304571391,0.09000117304571391,0.0,0.1054599386687737,0.5445414830738686,-0.18639342015919427,-0.004578203163767128,-0.0023090204870446947,-4.949888034500213,0,0.5463533728869332
46.39647999999243,-2.125006811293524,0.472064946636628,1.264693181074324,0.009790984185103024,-0.00831032913544865,-0.0019207094787949985,-2.035083397824313,0.2613833629974377,0.8087838582552145,-0.06511336078845571,0.011074495572780382,0.06206150368256909,-1.9827784767755627,0.42999064887854666,1.1061553592026327,-0.09412625925977279,0.017899490548834787,0.055960230298720166,0.09000117304571391,0.09000117304571391,0.0,0.10539346156372367,0.5445823473045873,-0.1863843930676398,-0.004583273262974461,-0.002309401564719946,-4.949804889314871,0,0.5463765470049721
46.40063999999243,-2.124965961961407,0.4720303072190851,1.264685193697944,0.009803839708008438,-0.008313460210291798,-0.0019169703312236887,-1.699390193791407,0.5218544107523125,0.7392824326731731,-0.03310689845014823,0.14677086276291462,-0.015858862767870248,-1.8411505816012619,0.4762288507557595,0.9226821659694473,-0.06392440245082655,0.08213507460336657,0.02062113255840937,0.09000117304571391,0.09000117304571391,0.0,0.1053268599821286,0.5446232589073053,-0.18637541149760045,-0.004588358450920175,-0.002309787199766801,-4.9497216637586146,0,0.5463997276974559
46.40479999999243,-2.1249250589164093,0.47199565468382504,1.2646772219002294,0.00981673079940467,-0.00831660846241988,-0.0019132314514913639,-1.2975622381160108,1.1531194675776044,1.2671136269261625,-0.06609487034039771,-0.3399497095686519,-0.10512036431930871,-1.569489792060485,0.8139724717777796,1.0946823308455298,-0.06514867711076544,-0.12919841975107463,-0.04256447173938646,0.09000117304571391,0.09000117304571391,0.0,0.10526013343674157,0.5446642180373417,-0.18636647559048425,-0.00459345879538528,-0.002310177398580324,-4.949638357604291,0,0.5464229150125042
46.408959999992426,-2.1248841020096187,0.47196098895910055,1.2646692656802154,0.009829657629717665,-0.008319773933872877,-0.0019094928033192306,-2.2793813932495173,-0.05651882042503664,0.9618426884140999,-0.016602158862264745,-0.03171041687425695,0.09711202715332944,-1.9244747403426699,0.37865513731110023,1.0284633449486316,-0.041047671706607836,-0.08063358003622861,0.027373185497476946,0.09000117304571391,0.09000117304571391,0.0,0.105193281437257,0.544705224850778,-0.1863575854887934,-0.004598574364584325,-0.002310572167594279,-4.949554970623814,0,0.5464461089983332
46.413119999992425,-2.1248430910914085,0.4719263099729881,1.2646613250370897,0.00984262037045201,-0.008322956666979821,-0.0019057543501931622,-2.325789947301241,0.5736948107949369,1.098089929082909,-0.1118325729847581,-0.09288393147085738,-0.03642314593393311,-2.1253667570773067,0.4759834679988551,1.0632008968933708,-0.07691808373925928,-0.08691425943908135,-0.004295745613049712,0.09000117304571391,0.09000117304571391,0.0,0.10512630349030577,0.5447462795041389,-0.1863487413365545,-0.004603705227169193,-0.002310971513287168,-4.949471502588156,0,0.5464693097032572
46.417279999992424,-2.1248020260114324,0.4718916176533867,1.2646533999701923,0.00985561919420231,-0.008326156704341982,-0.0019020160553687563,-1.670439777594452,0.20579030245814034,1.7456534180915853,0.062308763964955216,-0.1720633683296704,-0.0040603120890749505,-1.8977707308125384,0.34052676743294735,1.4044233211207695,-0.007194688156633452,-0.12931972406343367,-0.004097987876923669,0.09000117304571391,0.09000117304571391,0.0,0.10505919909987829,0.5447873821549805,-0.18633994327846534,-0.0046088514522324,-0.0023113754421816126,-4.949387953267343,0,0.5464925171756889
46.42143999999242,-2.1247609066186213,0.4718569119280166,1.2646454904790179,0.009868654274663892,-0.008329374088832591,-0.0018982778818661219,-2.1068168766641286,0.3037148663821344,0.9526677910844201,0.027785243882439747,-0.09058286086933112,0.11470043526730586,-2.002236330854576,0.32193300389086993,1.1787807290204184,0.009743354312000825,-0.11036454490066666,0.055408780146863665,0.09000117304571391,0.09000117304571391,0.0,0.10499196776710644,0.5448285329614647,-0.18633119146160892,-0.004614013109310791,-0.0023117839608436516,-4.949304322430451,0,0.54651573146414
46.42559999999242,-2.124719732761177,0.4718221927244183,1.264637596563216,0.009881725786643047,-0.008332608863593348,-0.0018945397924735054,-1.6260102606626006,0.482044902442178,1.038674988495763,0.10120998791445604,0.10991750123933694,-0.002297060760306317,-1.8139113097040473,0.4022203712581488,1.1087207401854442,0.05602878718648966,-0.001041822285320809,0.027213666875247507,0.09000117304571391,0.09000117304571391,0.0,0.10492460898983133,0.5448697320824669,-0.18632248603396015,-0.0046191902683892,-0.0023121970758813986,-4.9492206098455975,0,0.546538952617222
46.42975999999242,-2.1246785042865683,0.4717874599699514,1.264629718222592,0.009894833906061684,-0.008335861072052303,-0.001890801749737203,-2.318652854232192,0.600178314167042,0.8503503231168439,0.09763265092271937,-0.1254274684680663,0.012339966092168003,-2.0660813489674883,0.5009413215874414,0.9795590933507898,0.07625497025655234,-0.06393791670800145,0.019920638138078824,0.09000117304571391,0.09000117304571391,0.0,0.10485712226323979,0.5449109796775773,-0.18631382714481562,-0.00462438299990401,-0.0023126147939477966,-4.949136815279938,0,0.5465621806836466
46.43391999999242,-2.1246372210415267,0.4717527135917935,1.264621855457109,0.00990797880997249,-0.008339130757901764,-0.0018870637159667967,-1.971361925316884,0.4816976567022581,1.3254482873475937,0.01603771235944022,0.0932363563917677,-0.05854646012174862,-2.018687734245099,0.4915121560106087,1.1523850212397473,0.046206873668886456,0.015181250758641528,-0.01963748877002291,0.09000117304571391,0.09000117304571391,0.0,0.10478950707921848,0.5449522759072083,-0.18630521494522453,-0.004629591374746814,-0.002313037121737159,-4.9490529384996576,0,0.5465854157122266
46.43807999999242,-2.124595882872041,0.47171795351693874,1.264614008266887,0.009921160676559336,-0.008342417965140616,-0.001883325653219958,-2.2644075803602046,0.5023468574720105,1.2862184894971174,0.05624965900531784,0.12493435626584083,0.15186617386700968,-2.1414313161355296,0.49718984373434255,1.2196189162191284,0.05071652467339583,0.06985779473235,0.06593645388402651,0.09000117304571391,0.09000117304571391,0.0,0.10472176292699051,0.5449936209324899,-0.18629664958735026,-0.004634815464268306,-0.002313464065991821,-4.948968979269968,0,0.5466086577518765
46.44223999999242,-2.124554489623353,0.471683179672197,1.2646061766522065,0.009934379685157604,-0.0083457227380265,-0.0018795875233154741,-2.2674384545484187,0.43817086703141583,1.5305969113680917,0.07576061538794726,0.05927364321167229,-0.04577550034932763,-2.2042770339890736,0.46780426591545815,1.37501413777276,0.06268246013539774,0.06406821755241,0.01044362623866599,0.09000117304571391,0.09000117304571391,0.0,0.10465388929246947,0.5450350149151632,-0.186288131225329,-0.004640055340281906,-0.002313895633495386,-4.9488849373551,0,0.5466319068516127
46.446399999992416,-2.1245130411399518,0.4716483919841923,1.2645983606135074,0.009947636016254018,-0.008349045121122917,-0.0018758492878175356,-1.9961152967490368,0.8677816555904749,1.3495135938860534,-0.07542945092104818,-0.061411954062461416,-0.013378628244175322,-2.1003507367308063,0.6676681306097789,1.3622354788538054,-0.00677966430909158,0.0012851457361617233,-0.0012825954789829515,0.09000117304571391,0.09000117304571391,0.0,0.1045858856586821,0.5450764580180623,-0.18627966001441768,-0.004645311075067731,-0.0023143318310786965,-4.948800812518296,0,0.5466551630605548
46.450559999992414,-2.1244715372655705,0.47161359037936207,1.2645905601513905,0.009960929851506001,-0.008352385159253552,-0.0018721109080473259,-1.6543237618198616,0.31919318848505995,0.9295686832425467,0.1309662632737431,-0.08610477442304948,0.07326356225646401,-1.8770624600787928,0.4932504762525797,1.146051107190532,0.06243928846551158,-0.04305363080990808,0.03614552164101662,0.09000117304571391,0.09000117304571391,0.0,0.10451775150533592,0.5451179504043683,-0.18627123611099605,-0.004650582741376193,-0.0023147726656131953,-4.948716604521807,0,0.5466784264279259
46.45471999999241,-2.12442997784318,0.4715787747839556,1.2645827752666194,0.009974261373740908,-0.008355742897555144,-0.0018683723450620337,-2.1206023494502952,0.1915195046395799,1.4122446442987686,0.024357625734493148,-0.04239237685037876,-0.12919761848934647,-1.998784025884635,0.34229370828332667,1.2788814446152807,0.04367983045743854,-0.04224418269122954,-0.046723896932231286,0.09000117304571391,0.09000117304571391,0.0,0.10444948630924177,0.5451594922384113,-0.18626285967385375,-0.004655870412432097,-0.0023152181440181155,-4.948632313126885,0,0.5467016970030535
46.45887999999241,-2.124388362714984,0.47154394512403297,1.2645750059601208,0.009987630766975536,-0.00835911838143203,-0.0018646335596715251,-1.2369679735970633,0.14209619390189254,1.4070041191160219,-0.04557415920928279,0.04919559361449296,-0.0014310171546701358,-1.617965594574439,0.24229489177119667,1.3429417616340504,-0.0008776427216761037,0.0039429236000420925,-0.024589901618513956,0.09000117304571391,0.09000117304571391,0.0,0.10438108954388149,0.545201083684924,-0.18625453086248278,-0.004661174161938338,-0.0023156682732544875,-4.948547938093778,0,0.5467249748353693
46.46303999999241,-2.1243466917224154,0.4715091013254638,1.2645672522329858,0.010001038216417379,-0.008362511656600763,-0.001860894512418155,-1.7919910021996608,0.6914935658360848,0.9768423954402292,0.06753238478410545,-0.11873107184627654,-0.15002382318608168,-1.70483822386884,0.4666492969208809,1.1595783338323862,0.03292540617869815,-0.056848661734699164,-0.08771344066001978,0.09000117304571391,0.09000117304571391,0.0,0.10431256067983054,0.5452427249097369,-0.1862462498383633,-0.004666494064080071,-0.002316123060330958,-4.94846347918172,0,0.5467482599744112
46.46719999999241,-2.12430496470613,0.47147424331392607,1.264559514086471,0.010014483908482547,-0.008365922769055335,-0.001857155163587974,-1.68657729323624,0.1812199864464576,1.3308399912908544,0.13492325576017442,0.005070564492655024,-0.1110124631336255,-1.6954263953244428,0.32394241054735373,1.2449806677383937,0.0836297809462359,-0.025517729144475716,-0.0999430182807931,0.09000117304571391,0.09000117304571391,0.0,0.10424389918432556,0.5452844160791923,-0.18623801676432575,-0.00467183019352862,-0.0023165825122992653,-4.948378936148931,0,0.5467715524698231
46.47135999999241,-2.124263181506002,0.4714393710149048,1.2645517915219993,0.010027968030799755,-0.008369351765098634,-0.0018534154731974083,-1.602516116503061,0.7680584594409858,1.7276648083311374,-0.08847505796778782,0.0010080522604842494,-0.036980489027083556,-1.6491527979635905,0.5460058460128782,1.486250013393071,-0.0032931721418075106,-0.012355878492848478,-0.06885820535548454,0.09000117304571391,0.09000117304571391,0.0,0.10417510452125912,0.5453261573607332,-0.1862298318047677,-0.004677182625445673,-0.0023170466362581023,-4.948294308752604,0,0.5467948523713557
46.47551999999241,-2.1242213419611176,0.471404484353691,1.2645440845411617,0.010041490772226094,-0.008372798691312083,-0.0018496754010010384,-1.6927702468541819,0.4061486364710251,2.0008820264476426,0.20637037261368188,0.11016380369734015,-0.09351117438294909,-1.6705331920519457,0.47630660237059663,1.7433751388169427,0.10181791677538415,0.048318024725529485,-0.08119190527933448,0.09000117304571391,0.09000117304571391,0.0,0.10410617615138833,0.5453679489221562,-0.1862216951258714,-0.004682551435487001,-0.0023175154393485927,-4.948209596748903,0,0.5468181597288672
46.479679999992406,-2.1241794459097725,0.4713695832553801,1.264536393145718,0.010055052322848354,-0.008376263594607842,-0.0018459349064730815,-2.3877541754620895,0.7836687712569343,0.8438419923588216,0.10663649632552995,0.024652508284608278,0.006364412047670099,-2.028925881831847,0.6300398168564593,1.2936152395921459,0.10373651082414066,0.03711053263244238,-0.03728985184347693,0.09000117304571391,0.09000117304571391,0.0,0.1040371135323299,0.5454097909325215,-0.18621360689517924,-0.004687936699806995,-0.002317988928762297,-4.948124799892958,0,0.5468414745923239
46.483839999992405,-2.124137493189464,0.4713346676448711,1.2645287173375979,0.010068652874007496,-0.00837974652215886,-0.0018421939488274322,-2.170607557905616,1.0047746182633512,1.5745334670902362,0.08807122295119332,-0.07791468627314466,0.09655335900484524,-2.0995872324813143,0.8172477134983605,1.4342758246439768,0.09720638918499382,-0.020362988812499764,0.030259142030539216,0.09000117304571391,0.09000117304571391,0.0,0.10396791611812743,0.545451683561406,-0.18620556728181087,-0.004693338495062408,-0.0023184671117306745,-4.9480399179388534,0,0.5468647970118015
46.487999999992404,-2.124095483636888,0.471299737446865,1.264521057118902,0.010082292618296167,-0.008383247521464071,-0.0018384524869934104,-2.0690452996580277,0.3118477561419327,1.0666340641598686,-0.21359624575501046,0.02478309021754832,-0.1528883136981161,-2.084761019907996,0.5645959508879372,1.2501346197642067,-0.05784153982389168,0.002108834918793122,-0.06142363926080287,0.09000117304571391,0.09000117304571391,0.0,0.10389858335988744,0.545493626979118,-0.18619757645689464,-0.004698756898416768,-0.0023189499955327863,-4.947954950639626,0,0.5468881270374842
46.4921599999924,-2.1240534170879313,0.4712647925858636,1.2645134124919037,0.010095971749574327,-0.008386766640333242,-0.0018347104796203927,-2.671138901444574,0.523917855068912,1.1284794499290065,0.08248772248107016,-0.037376479310532014,0.0016899743168932307,-2.3777825159373247,0.5441782537128539,1.1893090159719961,0.012325724496498765,-0.017331910606317356,-0.029542607425423063,0.09000117304571391,0.09000117304571391,0.0,0.10382911470491916,0.5455356213571259,-0.1861896345927157,-0.004704191987544894,-0.002319437587495676,-4.947869897747255,0,0.5469114647196679
46.4963199999924,-2.1240112933776687,0.4712298329861684,1.2645057834590492,0.010109690462982828,-0.008390303926862217,-0.0018309678850814662,-2.012609194920736,0.7740641425912596,0.5856676980725727,-0.036793564147899714,-0.04411303333929556,-0.12996604607728532,-2.1952700513154557,0.6590306965140931,0.8872149156702179,-0.012124204146563868,-0.030549370401731578,-0.0802807706577981,0.09000117304571391,0.09000117304571391,0.0,0.10375950959758408,0.5455776668673119,-0.18618174186314634,-0.0047096438406366205,-0.002319929894989298,-4.947784759012659,0,0.5469348101087582
46.5004799999924,-2.1239691123403563,0.4711948585718789,1.2644981700229598,0.010123448954948959,-0.008393859429474852,-0.001827224661457062,-2.424183677866587,0.8663094214368193,1.1844739768093433,-0.0002860601085076936,-0.29944863218287665,0.029046206933610104,-2.309731210187507,0.7620479138759755,1.0359061193577583,-0.005172675761854202,-0.16462064138692267,-0.0252289268561804,0.09000117304571391,0.09000117304571391,0.0,0.10368976747864966,0.5456197636826677,-0.18617389844450585,-0.004715112536401674,-0.0023204269254320804,-4.947699534185688,0,0.5469581632552728
46.5046399999924,-2.123926873809426,0.4711598692668919,1.2644905721864326,0.010137247423203164,-0.00839743319688907,-0.001823480766547001,-2.2101393657511177,0.31490576995273034,0.7595762231231111,0.013813924211044167,-0.010839928308388418,0.1202197546012672,-2.2599044350366446,0.5384498826006526,0.8979892796509505,0.003634946780486855,-0.08712287074362915,0.04749166734737974,0.09000117304571391,0.09000117304571391,0.0,0.10361988778528361,0.5456619119768682,-0.18616610451385343,-0.004720598154073764,-0.0023209286862865223,-4.947614223015114,0,0.5469815242098418
46.5087999999924,-2.1238845776174813,0.4711248649948996,1.2644829899524415,0.010151086066783147,-0.008401025278152431,-0.0018197361578522384,-2.0875007644989387,0.05996291687265032,1.4293294458583023,0.0377572877616804,0.06955198168004514,-0.010150280214638294,-2.1736233805624643,0.29934938944093487,1.163641698139922,0.02094456859522185,-0.009599340605804195,0.018804387513137212,0.09000117304571391,0.09000117304571391,0.0,0.10354986995168988,0.5457041119244863,-0.18615836025048774,-0.0047261007734150555,-0.0023214351850639183,-4.947528825248629,0,0.5470048930232083
46.5129599999924,-2.1238422235962893,0.4710898456793887,1.264475423324139,0.010164965086054717,-0.008404635722604411,-0.0018159907925874475,-2.021886181020827,0.3621435449405064,1.4737932991938043,0.04487093833363101,-0.016206011104285333,0.00107131233929793,-2.09766135633072,0.3307117313071941,1.3187215682550715,0.03337146326077642,-0.012196742638904407,0.01009717629078171,0.09000117304571391,0.09000117304571391,0.0,0.10347971340782061,0.5457463637008347,-0.18615066583552414,-0.004731620474720689,-0.0023219464293186224,-4.947443340632834,0,0.5470282697462291
46.517119999992396,-2.1237998115767778,0.471054811243639,1.2644678723048572,0.010178884682710476,-0.008408264579928533,-0.00181224462766133,-2.0209603142625223,0.009601870868045204,1.7053110464623153,-0.021872431368024012,-0.12819583881348628,0.006847276082695183,-2.0593569462940824,0.1698874760413592,1.5120337245592173,0.006307789110431795,-0.06997995774443841,0.008246483316571183,0.09000117304571391,0.09000117304571391,0.0,0.10340941758086662,0.5457886674821799,-0.18614302145125608,-0.004737157338823191,-0.0023224624266555754,-4.9473577689132355,0,0.547051654429875
46.521279999992394,-2.1237573413890285,0.4710197616107219,1.2644603368981084,0.01019284505979338,-0.008411911900106591,-0.0018084976196872601,-1.7674098841519723,0.42354434785028633,1.3052621179975787,-0.1678102022322805,0.01932243682597389,-0.09165958891651332,-1.9137326095228218,0.2967588728997964,1.4084564455043342,-0.07968373220458401,-0.025813334943725567,-0.041998463737644626,0.09000117304571391,0.09000117304571391,0.0,0.10333898189418367,0.5458310234455843,-0.18613542728201365,-0.004742711447097108,-0.0023229831847242817,-4.947272109834236,0,0.5470750471252327
46.52543999999239,-2.1237148128622714,0.4709846967034992,1.2644528171075877,0.010206846421702396,-0.008415577733445973,-0.001804749724972697,-2.5330457093206515,0.955645966627232,1.3935284450343677,0.038552853162426515,-0.14824013244330772,-0.23343173368583808,-2.2233129466949504,0.625899077046543,1.4005068669817777,-0.020744928696634322,-0.0872025265170272,-0.13773044015472993,0.09000117304571391,0.09000117304571391,0.0,0.1032684057675002,0.54587343176896,-0.1861278835143827,-0.004748282881463678,-0.002323508711221051,-4.947186363139129,0,0.5470984478835045
46.52959999999239,-2.123672225824879,0.4709496164446218,1.264445312937173,0.01022088897420486,-0.008419262130577199,-0.001801000899519501,-2.1850675857981923,0.6589160552412918,1.0147122537715385,-0.050405066173986754,-0.08483588949727533,-0.011020110338608315,-2.2042938004774046,0.6422313449770306,1.2075849889622643,-0.03607279451411658,-0.0860212721638584,-0.07488811229322621,0.09000117304571391,0.09000117304571391,0.0,0.10319768861691156,0.5459158926310171,-0.18612039033592487,-0.004753871724395427,-0.002324039013889282,-4.947100528570091,0,0.5471218567560089
46.53375999999239,-2.1236295801043603,0.4709145207565282,1.2644378243909271,0.010234972924446315,-0.008422965142465468,-0.0017972510990141356,-2.1384335174488687,0.46446758379186254,1.4940015367324861,-0.015233905615969915,0.09252295435501823,0.002717515105496953,-2.171394616295757,0.5535410764218875,1.350800038996073,-0.025783495679279414,0.003041846963527059,-0.03566693554121464,0.09000117304571391,0.09000117304571391,0.0,0.10312682985508818,0.5459584062115863,-0.1861129479362499,-0.004759478058920912,-0.0023245741005216043,-4.947014605868173,0,0.5471452737941822
46.53791999999239,-2.1235868755273564,0.4708794095614433,1.2644303514730986,0.01024909848097062,-0.008426686820373591,-0.0017935002788383287,-1.8943928145016236,0.3735384342737822,1.1935532299767002,-0.10978968691687051,-0.04348210756661471,-0.0024734879469394486,-2.0331192108794385,0.4634467082517817,1.2721691857331467,-0.06822625762350194,-0.019569940160586736,-0.01849358157452472,0.09000117304571391,0.09000117304571391,0.0,0.10305582889084236,0.5460009726909244,-0.18610555650723454,-0.00476510196862924,-0.0023251139789530082,-4.946928594773298,0,0.5471686990495784
46.54207999999239,-2.1235441119196325,0.4708442827813769,1.2644228941881235,0.010263265853718916,-0.008430427215930828,-0.001789748394045412,-1.5976269885333365,0.953042805478991,0.7839456387867215,-0.05142447055369264,0.12545528505750508,0.005275796400907029,-1.8154772678829145,0.7085093079243976,1.0280664333483975,-0.059704246139078015,0.05284598746532261,-0.007314322713166335,0.09000117304571391,0.09000117304571391,0.0,0.10298468512933595,0.5460435922505179,-0.186098216242171,-0.004770743537675322,-0.002325658657071081,-4.946842495024248,0,0.5471921325738704
46.54623999999239,-2.123501289106074,0.4708091403381224,1.2644154525406262,0.01027747525405097,-0.008434186381086188,-0.0017859953993713067,-2.195881169185767,0.04360736000689369,1.3368180610743894,0.07605966977549643,-0.11932990630345841,-0.10416329051139618,-2.0055248022059673,0.37580550070502566,1.1822275310046773,0.008709341112248385,-0.033241574610860525,-0.05562678653684553,0.09000117304571391,0.09000117304571391,0.0,0.10291339797207465,0.5460862650727104,-0.18609092733598392,-0.004776402850784449,-0.0023262081428112548,-4.946756306358663,0,0.5472155744188507
46.550399999992386,-2.123458406910679,0.4707739821532553,1.264408026535421,0.010291726894759793,-0.008437964368099422,-0.0017822412492339572,-2.3085379574381935,0.3288346209044178,1.3758143726615306,0.06001233004143511,-0.14539227906741553,0.03284224851103994,-2.156909558602865,0.352017820333571,1.2790891095288064,0.034781819599875655,-0.08955012817498538,-0.010672901092063718,0.09000117304571391,0.09000117304571391,0.0,0.10284196681711612,0.5461289913405434,-0.18608368998587624,-0.004782079993256986,-0.002326762444152225,-4.946670028513025,0,0.5472390246364319
46.554559999992385,-2.1234154651565538,0.470738808148132,1.2644006161775139,0.010306020990079094,-0.008441761229577955,-0.0017784858977199103,-2.1954483017749578,0.02200807230678914,0.7812673761086506,0.09520634711508491,0.28395140914759004,-0.12792427432346035,-2.1759803301713885,0.18760238686901187,1.0299087471247663,0.06458474513084375,0.09662900726991823,-0.06932309579967331,0.09000117304571391,0.09000117304571391,0.0,0.10277039105778102,0.5461717712380249,-0.18607650439112028,-0.0047877750509738685,-0.0023273215691207213,-4.946583661222661,0,0.5472624832786473
46.558719999992384,-2.123372463665905,0.4707036182438883,1.2643932214721032,0.010320357755688543,-0.008445577018496082,-0.0017747292985756027,-1.8340720442203158,0.5091718636118078,1.2369624680077091,0.06200863665364306,0.04047904434721699,0.08312199671285352,-2.0048943966201804,0.34847373818619787,1.1336094399610601,0.06309398178126539,0.06847706231175671,0.007133861937115324,0.09000117304571391,0.09000117304571391,0.0,0.10269867008478445,0.5462146049502377,-0.18606937075220567,-0.00479348811040124,-0.002327885525797601,-4.946497204221729,0,0.5472859503976527
46.56287999999238,-2.123329402260035,0.4706684123614378,1.2643858424245815,0.010334737408746528,-0.008449411788117011,-0.001770971405227939,-2.056798663496978,0.8432610826377398,1.2519257481534993,0.11416600776831248,0.10751558532832173,0.17295062873495595,-2.0306073777302602,0.5960947503980929,1.193126793938179,0.08763930047704821,0.08787437092693227,0.09068572224601525,0.09000117304571391,0.09000117304571391,0.0,0.10262680328409293,0.5462574926628602,-0.1860622892721266,-0.004799219258595496,-0.0023284543223044485,-4.946410657243212,0,0.5473094260457255
46.56703999999238,-2.1232862807593356,0.4706331904214708,1.2643784790405368,0.010349160167883554,-0.008453265592079389,-0.0017672121707547656,-2.267794219243036,0.6198822731405366,1.7412343608291212,-0.12450384626466356,-0.06630322652428512,0.07310765899850102,-2.149461660912897,0.6078509785670221,1.4673367249905276,-0.01830409560986368,0.01069488250771578,0.08177739975168703,0.09000117304571391,0.09000117304571391,0.0,0.10255479003841407,0.5463004345626481,-0.18605526015553078,-0.004804968583208528,-0.002329027966814237,-4.946324020018909,0,0.5473329102752669
46.57119999999238,-2.1232430989832807,0.4705979523444526,1.264371131325754,0.010363626253224859,-0.008457138484362376,-0.0017634515478923652,-1.6568191103189531,0.37941153654432186,1.2516450272647655,-0.06950351813550153,0.043934902586644634,0.09314321772199839,-1.9032828028318487,0.49372217222425374,1.359683473189323,-0.04327583570437222,0.026769490305205448,0.08728110423467875,0.09000117304571391,0.09000117304571391,0.0,0.10248262972612189,0.5463434308373831,-0.18604828360915152,-0.004810736172493093,-0.002329606467549045,-4.946237292279432,0,0.547356403138802
46.57535999999238,-2.1231998567504204,0.4705626980506223,1.2643637992862162,0.010378135886403276,-0.008461030519278453,-0.0017596894890352665,-2.2440169077323127,0.3077005079155802,1.1959749613931316,0.1086971579923626,0.023581038740686205,-0.1193551442919658,-2.0734270802542927,0.4007594960408575,1.2775799417039304,0.03314696812942352,0.024978430563050626,-0.016083991639799365,0.09000117304571391,0.09000117304571391,0.0,0.10241032172146372,0.5463864816754461,-0.18604135984159786,-0.004816522115307649,-0.002330189832777158,-4.946150473754193,0,0.5473799046889801
46.57951999999238,-2.1231565538783763,0.470527427459991,1.2643564829281069,0.010392689290566236,-0.008464941751506583,-0.0017559259462219673,-2.1082232810379846,0.11357789817572866,1.1785250736836013,-0.048040117177877754,-0.010123285378208832,-0.049408845061636744,-2.090925252569568,0.25714622851768854,1.2279487462688872,-0.007486389465290465,0.007142711861583607,-0.03260035662775042,0.09000117304571391,0.09000117304571391,0.0,0.10233786539562323,0.5464295872666212,-0.18603448906378717,-0.004822326501121649,-0.0023307780708179794,-4.946063564171399,0,0.547403414978577
46.58367999999238,-2.123113190183833,0.4704921404923407,1.2643491822578103,0.010407286690399442,-0.008468872236059582,-0.00175216087114351,-2.122710918393099,0.7297195333009454,0.8932830752630276,0.03593433243018276,-0.020139477168426914,-0.015345522611451124,-2.1067436642440773,0.4933923134250265,1.0605825016927353,0.014268655669423862,-0.005542278653317494,-0.024383229524073628,0.09000117304571391,0.09000117304571391,0.0,0.10226526011500446,0.5464727478010272,-0.18602767148830773,-0.004828149420021258,-0.002331371190037282,-4.945976563258045,0,0.547426934060494
46.587839999992376,-2.1230697654825326,0.47045683706722274,1.264341897281914,0.010421928312131814,-0.008472822028314985,-0.0017483942151293405,-1.9367516492142527,0.08121316909268661,1.9747600892403856,0.13471911320052368,0.024276383912907006,-0.04947248638778112,-2.0214662650653445,0.2873516073117387,1.5175747167691034,0.0744908345328764,0.008761165060177763,-0.036890520948992006,0.09000117304571391,0.09000117304571391,0.0,0.1021925052418656,0.5465159634702957,-0.18602090733006485,-0.0048339909627145815,-0.0023319691988508452,-4.945889470739904,0,0.5474504619877599
46.591999999992375,-2.1230262795892676,0.4704215171039561,1.2643346280072092,0.010436614383552634,-0.00847679118399703,-0.001744625929150537,-1.9593933495111833,1.0730732799951754,0.9189952604972973,0.07582364651633025,0.02654438967872251,0.06262824144714625,-1.9902709444588087,0.680272545499589,1.2184116372695397,0.07481215553273352,0.017943886833204387,0.012587323719928876,0.09000117304571391,0.09000117304571391,0.0,0.10211960013495425,0.5465592344665567,-0.18601419680542924,-0.004839851220536762,-0.0023325721057222276,-4.945802286341521,0,0.547473998813531
46.59615999999237,-2.122982732317876,0.47038618052162606,1.2643273744406933,0.010451345134022207,-0.008480779759209115,-0.0017408559638037613,-2.3087395820255225,0.7638797185198785,1.3676821796735008,0.10993040022282817,-0.00614369972148155,0.03697852803324494,-2.1492786794905245,0.7220646106878559,1.293124944657338,0.09229200089539456,0.005578341609118809,0.024744145670836232,0.09000117304571391,0.09000117304571391,0.0,0.10204654414886016,0.5466025609831886,-0.18600754013373913,-0.004845730285456075,-0.0023331799191677084,-4.945715009786203,0,0.5474975445910923
46.60031999999237,-2.1229391234812325,0.47035082723908284,1.264320136589571,0.01046612079449614,-0.008484787810379098,-0.00173708426932988,-1.6725605350897623,0.294778076275758,0.858476111164755,-0.03713079259554865,-0.03211984944372637,0.08085084939560067,-1.9109942406858291,0.5083514336804054,1.0759672340416297,0.027943867448585406,-0.013214719611527615,0.05203410388049523,0.09000117304571391,0.09000117304571391,0.0,0.10197333663336684,0.5466459432143915,-0.1860009375358081,-0.00485162825007915,-0.002333792647747248,-4.945627640796014,0,0.5475210993738585
46.60447999999237,-2.122895452891243,0.47031545717493983,1.2643129144612562,0.010480941597524713,-0.008488815394326965,-0.0017333107955852225,-2.2703207842778514,0.54313809682213,0.9841948163317773,0.02761611461351334,-0.014759356028113336,-0.03576741585846007,-2.0906039235614227,0.5257128948971149,1.0300063867619627,0.028423089601792805,-0.01330667776929314,0.007947139425406516,0.09000117304571391,0.09000117304571391,0.0,0.10189997693472713,0.5466893813553502,-0.18599438923478478,-0.004857545207656568,-0.0023344103000734143,-4.945540179091762,0,0.5475446632153742
46.60863999999237,-2.1228517203588377,0.47028007024757223,1.2643057080633726,0.010495807777277969,-0.008492862568223803,-0.0017295354920530545,-2.175397791787508,0.9967093945977534,1.2664572930480944,0.027247788088451852,0.10345757262213438,-0.19927774897230485,-2.132944122115254,0.7614307766870245,1.1478196548504154,0.0275209034839014,0.04451625855651302,-0.09596569482364456,0.09000117304571391,0.09000117304571391,0.0,0.10182646439480214,0.5467328756022344,-0.18598789545594369,-0.004863481252088612,-0.0023350328848069485,-4.945452624392998,0,0.547568236169315
46.61279999999237,-2.1228079256939645,0.4702446663751155,1.2642985174037566,0.01051071956955562,-0.008496929389615122,-0.0017257583078321489,-1.8649377312326043,0.6289413298183222,1.1153412208622067,-0.18196430309200584,-0.043802172915953355,0.17095294873757294,-1.9993176519108595,0.6950936691045037,1.131935200457554,-0.07715051997248694,0.0005308963548387527,0.03775893695744778,0.09000117304571391,0.09000117304571391,0.0,0.10175279835105416,0.5467764261521476,-0.18598145642669006,-0.004869436477931139,-0.002335660410658893,-4.945364976418,0,0.5475918182894886
46.61695999999237,-2.1227640687055818,0.4702092454754638,1.2642913424904583,0.010525677211802385,-0.00850101591641533,-0.0017219791916351797,-2.390535852886382,0.5454613203687673,1.4151782719083035,0.056695955364268934,0.18023532141831278,-0.12491242580277578,-2.1948130133247745,0.6206511311046068,1.273298371626574,-0.009538960341890102,0.09046816345221255,-0.04331036772618607,0.09000117304571391,0.09000117304571391,0.0,0.10167897813696744,0.5468200332032356,-0.18597507237677874,-0.004875410980401207,-0.002336292886390122,-4.945277234883771,0,0.5476154096298347
46.621119999992366,-2.122720149201652,0.47017380746626836,1.2642841833317424,0.010540680943126327,-0.008505122206898834,-0.0017181980917888016,-2.1527141281710813,0.2934021896676373,1.3046961423464147,-0.10067774230887053,0.025638465271304554,-0.09125951926464877,-2.1739740824860903,0.45707807290845176,1.2888067204969085,-0.054429562613715565,0.05787706181918544,-0.06683034403382256,0.09000117304571391,0.09000117304571391,0.0,0.10160500308161403,0.5468636969546338,-0.1859687435376768,-0.004881404855383036,-0.002336930320808792,-4.9451893995060265,0,0.5476390102444271
46.625279999992365,-2.1226761669891343,0.4701383522649361,1.2642770399360914,0.010555731004307782,-0.008509248319732921,-0.001714414956216894,-2.4794111672217864,0.31539599000236185,0.8782192882016118,0.13160693371409748,0.13232763914229556,0.07278271844234976,-2.3264211611111447,0.386510236667533,1.0836604225358515,0.03864292329726015,0.09559814147316507,0.003493611263139757,0.09000117304571391,0.09000117304571391,0.0,0.10153087250943281,0.5469074176063629,-0.1859624701438521,-0.004887418199434204,-0.002337572722775317,-4.945101469999187,0,0.5476626201874735
46.629439999992364,-2.1226321218739765,0.470102879788628,1.2642699123122063,0.01057082763781992,-0.008513394313944206,-0.0017106297324517464,-2.8365655602074114,0.3942803584469493,1.1341274321128958,-0.034540097800103614,-0.15746992040894578,-0.05826172644747107,-2.5815681159778063,0.39006789321131424,1.108772899468022,0.0017402779108158998,-0.030955341590339278,-0.02728475406796985,0.09000117304571391,0.09000117304571391,0.0,0.10145658574043578,0.5469511953594898,-0.18595625243170955,-0.004893451109791191,-0.0023382201011976416,-4.945013446076373,0,0.5476862395133164
46.63359999999236,-2.1225880136611104,0.47006738995425734,1.264262800469008,0.010585971087835253,-0.008517560248968591,-0.0017068423676120472,-1.9562509277400413,0.8663969099004514,1.195094863685716,0.10263757902745659,0.011757415208878309,-0.0861589131650658,-2.268693558591755,0.6282581562391917,1.1517550534652754,0.05309392731467976,-0.008623911521064493,-0.056610302363161794,0.09000117304571391,0.09000117304571391,0.0,0.10138214209084294,0.5469950304162368,-0.18595009063938117,-0.004899503684375684,-0.002338872465038569,-4.944925327449389,0,0.5477098682764346
46.63775999999236,-2.1225438421544425,0.4700318826784882,1.2642557044156395,0.010601161600255949,-0.008521746184587153,-0.0017030528084184806,-1.9368957262002355,0.5610186423459558,0.9762280808647554,0.07260110269578297,-0.06760032153487608,-0.08732450223471377,-2.1026413136135926,0.5944957059008644,1.063808691397845,0.06284681902379255,-0.03733122114594462,-0.07195817771945208,0.09000117304571391,0.09000117304571391,0.0,0.10130754087179267,0.5470389229797693,-0.1859439850080143,-0.004905576021800655,-0.002339529823305821,-4.944837113828723,0,0.5477335065314434
46.64191999999236,-2.122499607156848,0.46999635787773414,1.2642486241614679,0.010616399422717079,-0.008525952180982798,-0.0016992610011738202,-2.3309035474241266,0.7004104908468385,1.501443860742243,0.10196164236556714,-0.08428902076026946,-0.008990231052860747,-2.216562674819019,0.647279033133826,1.2826103012672048,0.08274999175580536,-0.06105346466794414,-0.04031584046793689,0.09000117304571391,0.09000117304571391,0.0,0.10123278139018922,0.5470828732539832,-0.18593793578092221,-0.004911668221376621,-0.0023401921850582145,-4.944748804923534,0,0.5477571543330954
46.64607999999236,-2.122455308470162,0.46996081546815605,1.2642415597160856,0.01063168480460458,-0.00853017829873685,-0.0016954668917600721,-2.2524320367960233,0.6539272879976645,1.4660498262481647,-0.06527321896468118,-0.06926438221575043,-0.0843549654595069,-2.234633435453318,0.6504579009844896,1.3741570642431407,0.008777793043851673,-0.06456302332312161,-0.06289648344305764,0.09000117304571391,0.09000117304571391,0.0,0.10115786294805414,0.5471268814444155,-0.18593194320380307,-0.004917780383118079,-0.002340859559407541,-4.944660400441641,0,0.547780811736282
46.65023999999236,-2.122410945895174,0.46992525536566104,1.264234511089312,0.010647017997076754,-0.008534424598794266,-0.001691670425645682,-2.4844241195330525,0.10222350207252529,1.4269886345690712,0.11662970847398363,0.05981801727335451,0.08822433770723616,-2.3592880448608993,0.37646214971542247,1.4007572581897938,0.06274775043203894,-0.0027962496027692614,0.012396988945112482,0.09000117304571391,0.09000117304571391,0.0,0.10108278484337405,0.5471709477569631,-0.18592600752410268,-0.00492391260774929,-0.002341531955512022,-4.9445719000895165,0,0.5478044787960334
46.65439999999236,-2.1223665192316195,0.46988967748590055,1.264227478291196,0.010662399253073435,-0.008538691142516886,-0.0016878715478619581,-1.8918105598820019,0.6166501738903483,1.1813134511538124,-0.1379991921470045,-0.023955895512986096,0.03659717237034262,-2.125831730086877,0.4965069967726327,1.291111225516434,-0.03825499488158755,-0.012885140705269336,0.023877489309862387,0.09000117304571391,0.09000117304571391,0.0,0.1010075463688108,0.5472150723989532,-0.1859201289927312,-0.004930064996711378,-0.0023422093825832538,-4.944483303572281,0,0.5478281555675201
46.658559999992356,-2.1223220282781723,0.4698540817442686,1.2642204613320167,0.010677828827334722,-0.008542977991656904,-0.0016840702030119874,-2.1240514040659213,0.3597150491786331,1.4218991061183668,0.10351405795181595,0.1721861895700804,-0.06787782504937782,-2.1247260349708843,0.42846854443422877,1.3563657589285414,0.032517839121526435,0.07947692965258536,-0.022408694143121688,0.09000117304571391,0.09000117304571391,0.0,0.10093214681319022,0.5472592555787174,-0.18591430786214413,-0.004936237652168281,-0.002342891849883951,-4.944394610593688,0,0.547851842106053
46.662719999992355,-2.122277472832437,0.46981846805590044,1.2642134602222865,0.010693306976421249,-0.008547285208358422,-0.0016802663352625227,-1.8490477510321766,0.6402088908473031,1.206521968612345,0.04724122276956567,0.10436836918047057,-0.016953286972261863,-1.9867862387067314,0.5345573886330269,1.2814074023639463,0.03965506109844137,0.09187000497401351,-0.019608957633070676,0.09000117304571391,0.09000117304571391,0.0,0.1008565854597847,0.547303497505754,-0.1859085443878445,-0.004942430677013712,-0.002343579366726469,-4.9443058208561155,0,0.5478755384670855
46.666879999992354,-2.1222328526909426,0.46978283633567064,1.2642064749727517,0.010708833958728318,-0.008551612855154695,-0.0016764598883431763,-2.3072988762961195,0.3057752406210118,1.458667076779868,-0.052126362990088784,-0.04147635085341778,0.1643693910734785,-2.1471527278464015,0.4200788578521418,1.3703806081761734,-0.006467193938953538,0.025006424278660584,0.07225079089225309,0.09000117304571391,0.09000117304571391,0.0,0.10078086158780152,0.5473477983901951,-0.18590283882710473,-0.004948644174877248,-0.0023442719424711655,-4.944216934060562,0,0.5478992447062129
46.67103999999235,-2.1221881676491323,0.4697471864981914,1.2641995055943953,0.0107244100344982,-0.008555960995011555,-0.001672650805525265,-1.920948652817082,0.7020226854202499,2.0233780152074403,0.04672311905633916,0.09865143466591103,0.16956708744510826,-2.033952699600055,0.5612571894660158,1.6972347302675195,0.02049713858917131,0.06218348936048098,0.12179003519529533,0.09000117304571391,0.09000117304571391,0.0,0.10070497447109303,0.5473921584437162,-0.18589719144046965,-0.004954878250131735,-0.002344969586533771,-4.944127949906633,0,0.5479229608791741
46.67519999999235,-2.122143417501358,0.46971151845781106,1.2641925520984385,0.010740035465843765,-0.008560329691280899,-0.0016688390296359515,-2.1916440722895425,0.26520232287535045,2.0473064001842087,-0.10356325992590153,0.062163338253156786,0.014589041482223297,-2.1130157738276774,0.4133583998677196,1.8723042519302524,-0.04110396907036268,0.0614918746495185,0.06776734638009077,0.09000117304571391,0.09000117304571391,0.0,0.10062892337900342,0.5474365778788978,-0.18589160249069317,-0.0049611330078994246,-0.002345672308379222,-4.944038868092533,0,0.5479466870418528
46.67935999999235,-2.122098602040871,0.46967583212861225,1.2641856144963424,0.010755710516764817,-0.008564719007716784,-0.001665024503047459,-2.4067330108802873,0.5231572586430162,1.0861832884020248,0.030832454617425915,-0.03206153659498295,0.05403122350777416,-2.259811645432499,0.4681915290206761,1.4793523999377387,-0.005463288885830186,0.014904589234640275,0.06006001090917071,0.09000117304571391,0.09000117304571391,0.0,0.1005527075761478,0.5474810569092791,-0.18588607224274323,-0.004967408554058938,-0.002346380117521263,-4.943949688315055,0,0.5479704232502772
46.68351999999235,-2.1220537210598165,0.4696401274244102,1.2641786927998104,0.010771435453162661,-0.008569129008497019,-0.001661207167664217,-2.0529585555841563,0.8686346359603758,1.1417802855626993,0.10978346976984779,0.05216197522235785,-0.04107074375135904,-2.1561545393515895,0.6685231478574971,1.3104794241712863,0.051783776972090044,0.034123346747202174,0.00908300296112509,0.09000117304571391,0.09000117304571391,0.0,0.10047632632197666,0.5475255957496815,-0.1858806009648773,-0.0049737049952525494,-0.0023470930235260884,-4.94386041026957,0,0.5479941695606221
46.68767999999235,-2.1220087743492213,0.469604404258751,1.2641717870207898,0.010787210542859596,-0.008573559758210277,-0.0016573869649255677,-1.9926463043883507,0.5553499696025275,1.379730546431507,0.15176299465466891,-0.07893086005304178,0.022666238559624106,-2.074083404163209,0.6117707471678444,1.3451520740705363,0.10166555590433167,-0.02198985724865964,0.016133851484937286,0.09000117304571391,0.09000117304571391,0.0,0.10039977887076748,0.5475701946158358,-0.18587518892715102,-0.004980022438893003,-0.002347811036011058,-4.943771033650023,0,0.5480179260292086
46.69183999999235,-2.1219637616989897,0.46956866254490987,1.264164897171474,0.010803036055613037,-0.008578011321874905,-0.0016535638357918743,-2.2555635534848695,1.0244473970667425,1.3561063265749518,0.014126705729209897,-0.033737680747854236,0.027454418289198434,-2.1647969920463415,0.8180441696115553,1.3506859629219534,0.058683792598969955,-0.029008943828466388,0.02199461398195542,0.09000117304571391,0.09000117304571391,0.0,0.10032306447225811,0.547614853724918,-0.18586983640313506,-0.004986360993170511,-0.002348534164647379,-4.943681558148917,0,0.5480416927125067
46.695999999992345,-2.1219186828978933,0.46953290219588945,1.2641580232643042,0.010818912263143026,-0.008582483764899547,-0.0016497377207565608,-2.154218759747561,0.5028569136105933,0.811175727964672,-0.012392688604336339,-0.02424836718931201,0.07469228393855541,-2.159534381283868,0.6603982837247733,1.0810836809187465,0.023536201375643138,-0.026813375790941826,0.04773762850841905,0.09000117304571391,0.09000117304571391,0.0,0.10024618237078388,0.5476595732946969,-0.18586454366799615,-0.004992720767059769,-0.0023492624191528313,-4.943591983457307,0,0.5480654696671338
46.700159999992344,-2.1218735377335634,0.46949712312441805,1.2641511653119715,0.010834839439139566,-0.008586977153138853,-0.00164590855981898,-2.1707079316275135,0.6410719247083296,0.9535576224172634,-0.14079942041400467,-0.2141759155004951,-0.06548388820230171,-2.165415114411731,0.6502893719335615,1.0171836630775384,-0.05813012321513784,-0.1204262167728327,-0.008917984751118881,0.09000117304571391,0.09000117304571391,0.0,0.10016913180569664,0.5477043535444965,-0.18585931100064151,-0.004999101870327427,-0.0023499958092989613,-4.943502309264788,0,0.5480892569498577
46.70431999999234,-2.121828325992483,0.46946132524294776,1.2641443233274194,0.010850817859285504,-0.008591491552875025,-0.00164207629248978,-2.5319175599913684,1.057104441937039,1.2853686731429697,0.16531144916395774,-0.2108308851689081,-0.04515044539891736,-2.348327405168442,0.8532602419459403,1.1511838001721142,0.05470458901438307,-0.16514694440165403,-0.02687180316388193,0.09000117304571391,0.09000117304571391,0.0,0.10009191201157071,0.5477491946946648,-0.18585413868222897,-0.005005504413539401,-0.002350734344910342,-4.943412535259485,0,0.5481130546175966
46.70847999999234,-2.121783047459978,0.4694255084636528,1.2641374973238453,0.010866847801281934,-0.008596027030790678,-0.0016382408577936764,-2.5086437535946846,0.2014589675686116,1.2978751720610504,0.027066541611335884,0.022457550682692333,0.025752012585277505,-2.428431527298355,0.5274030962540546,1.22458232980321,0.04142766251164958,-0.07200170466832005,0.00027638570323254314,0.09000117304571391,0.09000117304571391,0.0,0.1000145222171255,0.5477940969666812,-0.1858490269963857,-0.005011928508068206,-0.002351478035858086,-4.943322661128048,0,0.5481368627274205
46.71263999999234,-2.1217377019202077,0.4693896726984277,1.2641306873147027,0.010882929544855402,-0.008600583654022047,-0.0016344021942454423,-2.1593863247963485,0.5461772076180288,0.8986113023759201,0.06659783194609079,0.0455641977270264,0.1168861503534403,-2.2937692974006643,0.5368853740058774,1.0618374043804168,0.05438404780562469,-0.013379420108137172,0.058694266276324826,0.09000117304571391,0.09000117304571391,0.0,0.09993696164607169,0.5478390605828387,-0.18584397623007037,-0.005018374266100441,-0.002352226892066953,-4.943232686555634,0,0.5481606813365505
46.71679999999234,-2.1216922891561585,0.46935381785888536,1.2641238933137033,0.010899063371778522,-0.008605161490158386,-0.00163056023984815,-1.8502710411859238,0.17966391518539843,1.1712229115027644,0.07208099860834236,0.020873940344954035,-0.06269247657639797,-2.0718688411788584,0.3583156971522379,1.1164019993074275,0.06404960182350931,0.0036801452722104986,-0.002700317317683475,0.09000117304571391,0.09000117304571391,0.0,0.09985922951710309,0.5478840857672064,-0.18583898667251025,-0.0050248418006444764,-0.0023529809235181753,-4.943142611225902,0,0.5481845105023619
46.72095999999234,-2.121646808949634,0.4693179438563554,1.2641171153348196,0.010915249565900644,-0.008609760607187504,-0.0016267149321035272,-1.8682470047608686,1.572692348439812,1.0924024118979156,0.031482068182354384,-0.023873404670455577,-0.03763416464398607,-1.96999145683071,0.9654627927192084,1.1043238616651245,0.04797972179910835,-0.010060402974202265,-0.020214034709002033,0.09000117304571391,0.09000117304571391,0.0,0.09978132504367479,0.5479291727446173,-0.18583405861627664,-0.005031331225537764,-0.002353740140239184,-4.943052434821003,0,0.5482083502823847
46.72511999999234,-2.121601261081246,0.4692820506018823,1.2641103533922864,0.010931488413160077,-0.008614381073542642,-0.0016228662079938155,-2.6290711838368437,0.5665966131842568,0.6598426430231795,-0.10231789900442387,-0.14456821848333656,-0.16720161107464407,-2.2997485482379396,0.7657256287847612,0.8817339612755805,-0.02725671973474103,-0.07702421151614589,-0.09446471169640734,0.09000117304571391,0.09000117304571391,0.0,0.09970324743313891,0.5479743217409898,-0.1858291923564363,-0.005037842655454981,-0.0023545045523073855,-4.942962157021567,0,0.5482322007343022
46.729279999992336,-2.121555645330406,0.46924613800622345,1.2641036075006031,0.010947780201597522,-0.00861902295812322,-0.0016190140039682869,-1.647236334733937,0.5266539202010715,1.3503962660991151,-0.03385386068328451,0.0882276310039279,-0.05765903612573945,-1.9735585234279425,0.6463715336378286,1.1159489966487806,-0.030442908637880642,0.005629053219798148,-0.07632033283220252,0.09000117304571391,0.09000117304571391,0.0,0.09962499588801804,0.5480195329835972,-0.18582438819098507,-0.005044376205915638,-0.00235527416985581,-4.942871777506693,0,0.5482560619159551
46.733439999992335,-2.121509961475317,0.4692102059798473,1.2640968776745367,0.010964125221382943,-0.008623686330273033,-0.0016151582559453777,-2.0943401044277867,0.550277174815685,0.9951702465757202,-0.095147453109185,0.045904241708271995,-0.13315786736725266,-2.0341473449345475,0.5984196427712295,1.055282524625908,-0.06313632669198328,0.025532558074919432,-0.10507813151961522,0.09000117304571391,0.09000117304571391,0.0,0.09954656960556982,0.5480648067009625,-0.1858196464212828,-0.005050931993292095,-0.002356049003070799,-4.9427812959539414,0,0.5482799338853408
46.737599999992334,-2.1214642092929634,0.46917425443293165,1.2640901639291229,0.010980523764842003,-0.008628371259754221,-0.0016112988993180234,-2.033034451096493,0.609183807057182,1.1051412301516432,0.0466947159138808,-0.09520559163515499,0.010961746137491974,-2.033494118332191,0.6036026439360846,1.0802356746938933,-0.00805869704037638,-0.03428475143027956,-0.04737734827891304,0.09000117304571391,0.09000117304571391,0.0,0.09946796777692272,0.5481101431226999,-0.1858149673509906,-0.005057510134817494,-0.002356829062184925,-4.94269071203932,0,0.5483038167006142
46.74175999999233,-2.1214183885591034,0.4691382832753616,1.264083466279669,0.010996976126464162,-0.008633077816804759,-0.0016074358689263251,-2.310863023096213,0.8993018665140675,0.9196762319126943,-0.14198609686960822,0.1927999410862043,0.04303927389879411,-2.172475615102566,0.7518553411064396,1.0000443489076576,-0.07512126764309039,0.07924380166085376,-0.0021741882967867606,0.09000117304571391,0.09000117304571391,0.0,0.09938918958792162,0.54815554247941,-0.18581035128714635,-0.005064110748593909,-0.00235761435748462,-4.942600025437275,0,0.548327710420089
46.74591999999233,-2.121372499048258,0.46910229241672774,1.2640767847417562,0.011013482602926712,-0.008637806072130187,-0.0016035690990569076,-2.735921818309291,0.6095499370983462,1.4136239172193923,0.08860589100475062,0.21808704916765073,0.12170243097137148,-2.454019910779127,0.6811562176944257,1.2070901438085337,0.007476671257124307,0.1481951010766214,0.059766189129636535,0.09000117304571391,0.09000117304571391,0.0,0.09931023421869142,0.5482010050034297,-0.18580579853995846,-0.00507073395360068,-0.00235840489931164,-4.942509235820679,0,0.5483516151022393
46.75007999999233,-2.1213265405337034,0.4690662817663242,1.2640701193312418,0.011030043493124465,-0.00864255609685426,-0.001599698523454068,-1.807434140289568,0.26861121208800964,1.4445618519780263,0.03281805649360181,-0.15677661819861208,-0.026478827350785234,-2.130654947906167,0.4745563853316033,1.3257725283729718,0.020485910305336738,-0.005063673330973802,0.01667614359298715,0.09000117304571391,0.09000117304571391,0.0,0.0992311008440557,0.5482465309276585,-0.18580130942217069,-0.005077379869702098,-0.0023592006980531826,-4.9424183428608215,0,0.548375530805699
46.75423999999233,-2.121280512787461,0.4690302512331467,1.2640634700642615,0.01104665909817684,-0.008647327962611534,-0.0015958240752816746,-1.7258099066963604,0.5476302504997996,1.7787199731294323,-0.16475296764822345,-0.22234215186415957,0.11884041314849607,-1.9285727718968178,0.5106308012227421,1.552496322487823,-0.07188312379271922,-0.1134183825634239,0.06788750859660118,0.09000117304571391,0.09000117304571391,0.0,0.09915178863245847,0.5482921204868427,-0.18579688425013838,-0.005084048617656808,-0.002360001764155016,-4.9423273462273976,0,0.5483994575892643
46.75839999999233,-2.1212344155802882,0.4689942007258906,1.2640568369572316,0.011063329721463325,-0.008652121741455042,-0.0015919456871500933,-2.352025298444539,0.4789635484553187,0.9140762333216991,-0.017461030079253897,-0.13595586120549535,0.01507909731599935,-2.140338142298756,0.4945132202892288,1.2333140780697216,-0.044759422040405235,-0.1242294971810579,0.0410522852803369,0.09000117304571391,0.09000117304571391,0.0,0.09907229674723722,0.5483377739164557,-0.1857925233429804,-0.005090740319125191,-0.002360808108108809,-4.9422362455884965,0,0.5484233955118939
46.76255999999233,-2.121188248681669,0.4689581301529492,1.264050220026852,0.011080055668634872,-0.008656937505933777,-0.0015880632910835416,-2.1412488858629515,0.34401235361588767,1.8541705291467125,0.12604183950830924,0.01402229601900909,0.11155791153812855,-2.1405307577892287,0.4192918338455937,1.543977441670553,0.04034210961300536,-0.0555615752070453,0.07689854697408537,0.09000117304571391,0.09000117304571391,0.0,0.09899262434554522,0.5483834914535006,-0.18578822702322764,-0.005097455096678765,-0.0023616197404607393,-4.94214504061059,0,0.5484473446327097
46.766719999992326,-2.121142011859804,0.46892203942241145,1.2640436192901081,0.011096837247640467,-0.008661775329061427,-0.0015841768185255027,-1.9794787788357773,0.6664618692213493,1.6452184035913877,0.08363087715497165,-0.1559487363381245,0.04288176639197164,-2.059830639964592,0.5425535384161428,1.5946871789749062,0.06243975013142223,-0.10542471754555663,0.06020243232836667,0.09000117304571391,0.09000117304571391,0.0,0.09891277057855517,0.5484292733361393,-0.1857839956166169,-0.005104193073808609,-0.002362436671808859,-4.942053730958521,0,0.5484713050109987
46.770879999992324,-2.121095704881601,0.4688859284420601,1.2640370347642733,0.011113674768748088,-0.008666635284323777,-0.0015802862003306201,-2.1294149431607847,0.8884206646127427,1.1619780659598673,0.013962796428847846,0.07824684291998717,0.12492542079963957,-2.0945946306826877,0.7156527338148976,1.3785905104739153,0.03839402482261826,-0.01382232991800013,0.09204305584157539,0.09000117304571391,0.09000117304571391,0.0,0.09883273459166352,0.5484751198037467,-0.1857798294516698,-0.005110954374933974,-0.0023632589128026486,-4.941962316295495,0,0.5484952767062129
46.77503999999232,-2.121049327512665,0.46884979711936975,1.2640304664669118,0.011130568544566224,-0.008671517445691543,-0.0015763913667525926,-2.23960483232503,0.6085647343491889,1.7251890553280367,0.08325741376532371,-0.29209438760504414,-0.1279033535464227,-2.166927509014762,0.6615011641301719,1.5516269733065284,0.060791979200098364,-0.15329022586503985,-0.0183009074332921,0.09000117304571391,0.09000117304571391,0.0,0.098752515524267,0.5485210310971806,-0.18577572886076962,-0.005117739125411321,-0.0023640864741446936,-4.941870796283064,0,0.5485192597779713
46.77919999999232,-2.12100287951729,0.4688136453615047,1.2640239144158807,0.01114751889007027,-0.008676421887603075,-0.0015724922474461799,-2.010479577071862,0.5439687170536743,1.3355894203449812,0.12899740383580902,-0.09643322161138367,-0.1859940274140729,-2.0884338727764984,0.6025338329578144,1.4432191674178718,0.09476305912766446,-0.12500629138302122,-0.10182153553847477,0.09000117304571391,0.09000117304571391,0.0,0.098672112509967,0.5485670074581959,-0.18577169417931405,-0.005124547451543169,-0.002364919366587331,-4.9417791705811185,0,0.54854325428606
46.78335999999232,-2.120956360658446,0.46877747307531725,1.264017378629333,0.011164526122622526,-0.008681348684990101,-0.0015685887714517487,-2.0015295002861846,0.3006204579836086,1.3675047148498467,-0.019537522585273824,-0.12580236768330125,-0.05481012817021954,-2.0450215530417144,0.4513139483867063,1.405248328693507,0.037541775290599114,-0.12568355546414703,-0.07876161529677507,0.09000117304571391,0.09000117304571391,0.0,0.09859152467570433,0.548613049130194,-0.18576772574593592,-0.005131379480587565,-0.002365757600935465,-4.941687438847874,0,0.548567260290434
46.78751999999232,-2.1209097706977706,0.4687412801673453,1.2640108591257198,0.011181590561995346,-0.00868629791326817,-0.0015646808671913688,-2.0110913515506375,0.2631521132567838,1.9238056532013947,-0.08201340431137635,-0.002449636971760866,0.011911246557630237,-2.0282274366716067,0.3572266098094225,1.6645536601196047,-0.021922203390862458,-0.06407006847915864,-0.032596987542577296,0.09000117304571391,0.09000117304571391,0.0,0.09851075114238995,0.5486591563576383,-0.1857638239029389,-0.005138235340766844,-0.002366601188045457,-4.941595600739861,0,0.5485912778512171
46.79167999999232,-2.1208631093955606,0.4687050665438105,1.2640043559237928,0.011198712530394443,-0.008691269648344416,-0.0015607684624614345,-1.9899230948163924,0.04286503395919372,1.1403613034207656,0.039100432548162534,-0.00499610471807211,-0.15453673205013455,-2.0089920521082867,0.20003368713965414,1.4021317100245458,0.0078072915353921005,-0.03475648859684242,-0.09323602410687198,0.09000117304571391,0.09000117304571391,0.0,0.0984297910253232,0.5487053293863753,-0.1857599889954495,-0.00514511516127689,-0.0023674501388254166,-4.94150365591191,0,0.5486153070287044
46.79583999999232,-2.1208163765107586,0.4686688321106162,1.2639978690426077,0.011215892352483872,-0.008696263966630037,-0.0015568514844194808,-1.6774564783754762,0.1707058089976895,0.767561067722755,-0.04288649699795186,-0.07101297622279157,0.03522954620680954,-1.8433110125781171,0.1852215131744507,1.0849163271846236,-0.017601470686047237,-0.05272626064811529,-0.02954147696013284,0.09000117304571391,0.09000117304571391,0.0,0.09834864343289913,0.5487515684635311,-0.18575622137292214,-0.005152019072297158,-0.0023683044642370393,-4.941411604017142,0,0.5486393478833619
46.799999999992316,-2.1207695718009445,0.4686325767733453,1.263991398501526,0.0112331303554123,-0.008701280945014427,-0.001552929859590158,-1.5217059618276574,0.8657747498456599,1.2580371079372483,-0.20688408303179823,-0.0011680133118243795,0.13608592109748632,-1.6829366731788793,0.5255004202465959,1.1717621205002662,-0.11217126549558327,-0.026929283350941906,0.05271501966042005,0.09000117304571391,0.09000117304571391,0.0,0.09826730746723883,0.5487978738377266,-0.1857525213876509,-0.005158947204999598,-0.002369164175290706,-4.941319444706956,0,0.5486634004758286
46.804159999992315,-2.1207226950223244,0.46859630043725825,1.2639849443202185,0.011250426868833195,-0.008706320660895505,-0.0015490035138453903,-2.7386816879406455,0.5245546424306087,1.236647585721505,0.03971764654551914,0.07647222658656526,-0.06351262567480642,-2.210733147486483,0.5251866857701644,1.2040740077298544,-0.03662556776201217,0.024716268964209562,-0.0057784379840962775,0.09000117304571391,0.09000117304571391,0.0,0.09818578222417924,0.5488442457584384,-0.1857488893956318,-0.005165899691558403,-0.002370029283048424,-4.941227177631017,0,0.5486874648669162
46.808319999992314,-2.1206757459297205,0.4685600030072908,1.2639785065186668,0.011267782224927558,-0.008711383192196151,-0.001545072372393591,-2.0131706830523077,0.18048778977343305,0.9430853207344618,0.03798543475196799,-0.0029760905542021614,-0.08193139513344702,-2.1118721661174096,0.3528277536434886,1.0734069806674553,0.0009838025260424299,0.011295921831245993,-0.043637329135908495,0.09000117304571391,0.09000117304571391,0.0,0.0981040667932629,0.5488906844770693,-0.1857453257563577,-0.005172876665160019,-0.002370899798627887,-4.941134802437243,0,0.5487115411176117
46.81247999999231,-2.1206287242765605,0.468523684388052,1.2639720851171676,0.011285196758437923,-0.008716468617319884,-0.0015411363597866807,-2.150121123089776,0.32895500802772126,1.1046871902188211,0.01609491998808224,-0.0126752813992729,0.018955937693979855,-2.1309634981627323,0.3408648092133907,1.0890873591177557,0.008568628218428697,-0.0006687408564810143,-0.012646182921533102,0.09000117304571391,0.09000117304571391,0.0,0.09802216025729987,0.5489371902459362,-0.1857418308330401,-0.005179878260012731,-0.0023717757331947415,-4.941042318771792,0,0.5487356292890772
46.81663999999231,-2.120581629814866,0.468487344483822,1.2639656801363348,0.011302670806686647,-0.008721577015189533,-0.001537195399901188,-2.2214881634205366,0.6569745206237008,1.5020781820294027,0.1367348239761195,0.10516606425020668,-0.06044405763958914,-2.1759423758750787,0.4991405656326344,1.2954609902594691,0.0727955135203771,0.052267667734000815,-0.0370477433855965,0.09000117304571391,0.09000117304571391,0.0,0.09794006169257055,0.5489837633190725,-0.1857384049928322,-0.005186904611356748,-0.0023726570979658505,-4.94094972627905,0,0.548759729442652
46.82079999999231,-2.1205344622952427,0.46845098319855016,1.2639592915971019,0.011320204709603666,-0.008726708465239055,-0.0015332494159347376,-2.124105914675976,0.3894474886455084,0.9259375337859093,0.07354925959058885,0.029216582528080473,0.053303288380835964,-2.1498710155126006,0.44435419246742097,1.1108082099398398,0.07327489180593207,0.040665097222765935,0.007802539636148331,0.09000117304571391,0.09000117304571391,0.0,0.09785777016860109,0.549030403951376,-0.18573504860576734,-0.005193955855474247,-0.0023735439042084977,-4.940857024601621,0,0.5487838416398522
46.82495999999231,-2.1204872214668686,0.4684146004358525,1.2639529195207253,0.011337798809746946,-0.008731863047445254,-0.0015292983303855658,-1.8197597365535934,-0.10096334877404245,1.1174692340315258,0.2798286489804253,-0.08502115131248741,0.05443513389279395,-1.9842322032715993,0.1715153766437582,1.1142517640224385,0.17710239826316604,-0.02246433807004223,0.031225516164661262,0.09000117304571391,0.09000117304571391,0.0,0.09777528474858019,0.5490771123995727,-0.18573176204626407,-0.005201032129699783,-0.002374436163245675,-4.940764213380307,0,0.5488079659423731
46.82911999999231,-2.120439907077484,0.46837819609900966,1.2639465639287875,0.011355453452339254,-0.008737040842279786,-0.0015253420650635896,-1.9441926881317202,0.23263093957653724,1.4770535873481385,-0.06127291321983232,-0.18811525601651977,0.15478667374253305,-1.964339392949199,0.20168107749678424,1.2959772899592021,0.057824956194036985,-0.10468583766690567,0.09293866172538066,0.09000117304571391,0.09000117304571391,0.0,0.09769260448870698,0.5491238889215775,-0.18572854569228028,-0.005208133572430452,-0.0023753338864481444,-4.940671292254104,0,0.5488321024120897
46.83327999999231,-2.1203925188733788,0.4683417700909649,1.2639402248431997,0.011373168985287285,-0.008742241930749801,-0.0015213805410686238,-2.9208643686272624,0.7576913255933087,1.0214211423957142,0.0018371027743494407,-0.048863304442961955,-0.08945570497530861,-2.4426024551823318,0.479587580220504,1.158512150002658,0.028729764941781498,-0.07635608912814303,0.0013106397548391948,0.09000117304571391,0.09000117304571391,0.0,0.0976097284381796,0.5491707337767108,-0.18572539992596362,-0.005215260323136515,-0.0023762370852379614,-4.940578260860183,0,0.5488562511110575
46.837439999992306,-2.120345056599382,0.4683053223143216,1.2639339022862048,0.011390945759209301,-0.008747466394392583,-0.0015174136787863238,-2.4540625340706184,1.2652225531062944,1.2384351704654388,-0.12977720376115703,-0.08745335954548335,-0.1056138172380772,-2.4486015609619725,0.8722279528178695,1.1982544222323839,-0.0509687671955604,-0.08156219965399522,-0.05208531679648253,0.09000117304571391,0.09000117304571391,0.0,0.09752665563939746,0.5492176472256999,-0.18572232513280484,-0.005222412522371808,-0.002377145771088393,-4.940485118833878,0,0.548880412101514
46.841599999992305,-2.120297519998851,0.4682688526713412,1.2639275962803804,0.01140878412746074,-0.008752714315290394,-0.001513441397873403,-2.4088493000411364,1.3483951341472105,1.2759379519807053,-0.1208243258956872,-0.0877553464146379,-0.06761247661542984,-2.4289754557060608,1.1101332705965636,1.23695571092594,-0.08637662134896931,-0.08510252955194098,-0.05966144066038908,0.09000117304571391,0.09000117304571391,0.0,0.0974433851281642,0.5492646295307886,-0.18571932170228758,-0.005229590311784585,-0.0023780599555260525,-4.9403918658086745,0,0.5489045854458797
46.8457599999923,-2.1202499088136584,0.4682323610639411,1.263921306848642,0.011426684446171858,-0.008757985776024543,-0.0015094636172657042,-2.983010761098182,0.7151356609332745,1.2935077947085516,0.21601941466478045,0.030713495731343386,0.05056785942617361,-2.70554619337944,0.9126946822424654,1.2653374715602088,0.06409147277278837,-0.026767871634591545,-0.004622769866058986,0.09000117304571391,0.09000117304571391,0.0,0.0973599159326072,0.549311680955312,-0.1857163900281119,-0.005236793834128166,-0.0023789796501217757,-4.940298501416195,0,0.5489287712067586
46.8499199999923,-2.120202222784182,0.4681958473936921,1.2639150340142455,0.011444647074257503,-0.00876328085976727,-0.0015054802551409925,-2.453284431423131,0.4789969306101899,1.364149865955819,0.05547527552891224,-0.13490917578432182,-0.06981518614108152,-2.579297751195447,0.6955641008851416,1.314597728217145,0.05958723923146015,-0.08176270287461661,-0.03653277469824024,0.09000117304571391,0.09000117304571391,0.0,0.09727624707444847,0.5493588017645531,-0.185713530507776,-0.005244023233272275,-0.002379904866503984,-4.940205025286184,0,0.5489529694469406
46.8540799999923,-2.120154461649293,0.4681593115618163,1.2639087778007916,0.011462672373464454,-0.008768599650192173,-0.0015014912289396307,-2.3379474936487954,0.3862485571111763,0.9626002105330169,-0.025202349583776214,-0.004800957969713118,-0.02320818713904931,-2.4586717199500456,0.5408941286004662,1.138549118526128,0.01641228765981621,-0.04326265875245893,-0.030296683622954887,0.09000117304571391,0.09000117304571391,0.0,0.09719237756792465,0.54940599222457,-0.18571074354279893,-0.0052512786542138635,-0.0023808356163462327,-4.940111437046498,0,0.5489771802294003
46.8582399999923,-2.120106625146341,0.46812275346918475,1.2639025382322278,0.011480760708383842,-0.00877394223156231,-0.0014974964553277495,-2.833540300961884,0.12406601048658339,0.8012020629148018,-0.0067996854245347595,0.08297590799601104,-0.025820068414709796,-2.646121895298163,0.33265077726613046,0.9698194094450899,0.0043839554764648495,0.019349918836509855,-0.0280030280037433,0.09000117304571391,0.09000117304571391,0.0,0.0971083064195606,0.5494532526036946,-0.18570802953915827,-0.005258560243088885,-0.0023817719113780654,-4.940017736323085,0,0.5490014036173011
46.8623999999923,-2.1200587130111477,0.46808617301631533,1.263896315332852,0.011498912446491984,-0.008779308688653493,-0.001493495850215282,-2.269738501469509,0.6647291074484236,1.489607213501378,0.06521251682022582,-0.0817050373808042,0.07335264383078652,-2.4577919622471276,0.4985225202074828,1.2298695844142384,0.034812489355646584,-0.03126641201029641,0.022637371052700538,0.09000117304571391,0.09000117304571391,0.0,0.09702403262965424,0.5495005831709311,-0.18570538890644425,-0.005265868147182643,-0.002382713763374128,-4.939923922739981,0,0.5490256396739934
46.8665599999923,-2.1200107249779885,0.4680495701033702,1.2638901091273156,0.011517127958173123,-0.008784699106821605,-0.0014894893287239245,-1.735569060335708,0.03738043535321833,1.6143615169380658,-0.13367370828920866,0.08251037755575781,0.2578224215503312,-2.0969537197888912,0.26811858989305504,1.4226540069406404,-0.04931172592924096,0.02623028728763677,0.14045398845710427,0.09000117304571391,0.09000117304571391,0.0,0.09693955518991328,0.5495479841971344,-0.18570282205851008,-0.0052732025149424,-0.0023836611841612943,-4.939829995919285,0,0.5490498884630175
46.870719999992296,-2.1199626607795854,0.46801294463015364,1.2638839196406273,0.011535407616748383,-0.008790113571980271,-0.0014854768051860232,-2.514737548345118,0.6602682617092966,0.8660919260197297,-0.03530227451644698,-0.02148405911199118,0.037700802206258606,-2.3059214839084485,0.4641526738505685,1.1444477118185707,-0.042548939823320524,0.001803872170750894,0.08897659821167853,0.09000117304571391,0.09000117304571391,0.0,0.09685487308579402,0.5495954559547451,-0.18570032941391032,-0.005280563495988288,-0.002384614185617062,-4.9397359554811535,0,0.5490741500481041
46.874879999992295,-2.1199145201470917,0.4679762964961095,1.263877746898156,0.011553751798512039,-0.008795552170597298,-0.0014814581931390117,-2.0782307255120527,0.36681024088398323,0.8478305007623353,-0.20597867882309506,0.06473346698567123,0.09708539790411881,-2.1925022499588778,0.4156146859275312,0.9963387820942174,-0.12458567951367731,0.03361758430793919,0.09311867577532183,0.09000117304571391,0.09000117304571391,0.0,0.09676998529435209,0.549642998717418,-0.18569791139505568,-0.005287951241125633,-0.002385572779666911,-4.939641801043781,0,0.5490984244931756
46.879039999992294,-2.11986630281008,0.46793962560031904,1.2638715909256337,0.01157216088275623,-0.008801014989709505,-0.0014774334053103341,-2.3806921221117525,0.22538668536561307,1.6718336650224244,0.09407300516066176,-0.06439692857354481,0.035651979601206994,-2.2864041522822673,0.32036537416789024,1.33416516881818,-0.014636343487645056,-0.01536578994640581,0.06435851322610173,0.09000117304571391,0.09000117304571391,0.0,0.09668489078529802,0.5496906127605049,-0.1856955684286498,-0.005295365902356572,-0.0023865369782852582,-4.939547532223386,0,0.549122711862347
46.88319999999229,-2.119818008496531,0.46790293184149845,1.2638654517491603,0.011590635251800324,-0.008806502116939834,-0.0014734023536023926,-2.1578026260434218,0.3913240079171916,1.1117347879036354,0.039732024307406806,-0.09756647379247735,-0.060777670378133045,-2.222020156298176,0.3556416894620845,1.2228225568329685,0.012692688524562974,-0.056190310726991474,0.0015336265659519196,0.09000117304571391,0.09000117304571391,0.0,0.09659958852098516,0.5497382983606836,-0.18569330094612765,-0.005302807632892315,-0.0023875067934984494,-4.9394531486342,0,0.5491470122199266
46.88735999999229,-2.1197696369328183,0.4678662151179965,1.2638593293952058,0.011609175291028163,-0.008812013640473633,-0.0014693649490933147,-2.1392452082289655,0.5662627119136251,0.979785716472869,0.03821298667634637,-0.05768881355128828,0.1590542272367809,-2.1805526788073784,0.4608333021113385,1.1016333230597284,0.0254789297755701,-0.05675610303488512,0.08025553001913657,0.09000117304571391,0.09000117304571391,0.0,0.096514077455542,0.5497860557964402,-0.18569110938323868,-0.005310276587165439,-0.0023884822373804616,-4.93935864988845,0,0.5491713256304184
46.89151999999229,-2.1197211878436977,0.467829475327792,1.2638532238906142,0.011627781388916453,-0.008817549649067826,-0.0014653211020238084,-1.657663944059784,0.1307621838085471,1.5289502029124613,0.08273875110193271,-0.0074784820308823555,0.009336192280386901,-1.9189326169456602,0.29577919248240475,1.3153138607275034,0.05413335950778941,-0.031790694946036674,0.044950137290935666,0.09000117304571391,0.09000117304571391,0.0,0.09642835653571413,0.5498338853473782,-0.1856889941798424,-0.005317772920841945,-0.0023894633220517833,-4.9392640355963415,0,0.5491956521585216
46.89567999999229,-2.1196726609522933,0.4677927123684916,1.2638471352626068,0.01164645393706117,-0.008823110232098056,-0.0014612707217710312,-2.442269965823633,0.13947831224484103,1.5888506251713566,-0.25000826135908694,-0.05368467196983528,0.12101134784565049,-2.181124889464846,0.21751598986632698,1.452336856111883,-0.09795350903890608,-0.04273328728185627,0.08249551306543564,0.09000117304571391,0.09000117304571391,0.0,0.09634242470021046,0.5498817872951817,-0.1856869557807745,-0.00532529679083452,-0.0023904500596873663,-4.9391693053660495,0,0.5492199918691337
46.89983999999229,-2.119624055980084,0.46775592613732714,1.2638410635387864,0.011665193330224082,-0.008828695479474654,-0.0014572137168685703,-2.2480239514728972,0.7571114446300775,0.7392776988953133,0.043696704346560124,0.061083587628614655,-0.09039904087110784,-2.2144834277311287,0.4874431105071273,1.0956139200624293,-0.027412981673667857,0.00985833414376964,-0.003777001113530817,0.09000117304571391,0.09000117304571391,0.0,0.09625628087947581,0.5499297619224958,-0.18568499463521632,-0.0053328483553144145,-0.0023914424625026695,-4.939074458803697,0,0.5492443448273491
46.90399999999229,-2.119575372646891,0.46771911653115317,1.2638350087471408,0.011683999966346104,-0.008834305481753287,-0.0014531499949593945,-1.9145556173754745,0.4303007273014924,1.3917688262660635,-0.05334257025746225,-0.04167031313347065,0.08472209532152476,-2.0646277032633935,0.458785051764417,1.2438688759431087,-0.040699019537696654,-0.01600162516700747,0.04084629030347237,0.09000117304571391,0.09000117304571391,0.0,0.09616992399631921,0.5499778095140518,-0.18568311119756156,-0.005340427773724938,-0.0023924405427681664,-4.938979495513345,0,0.5492687110984626
46.908159999992286,-2.1195266106708632,0.46768228344644464,1.2638289709160457,0.011702874246597342,-0.008839940330049898,-0.001449079462816396,-2.6248125648950684,0.507977054880653,0.5618103554019108,-0.0695070073219919,-0.02014970043533023,0.33504727113091237,-2.3448678942737984,0.4833392743170491,0.9035312397690579,-0.055453259992186574,-0.01797325041265765,0.1881644205054234,0.09000117304571391,0.09000117304571391,0.0,0.09608335296525945,0.5500259303557073,-0.1856813059259297,-0.005348035206794092,-0.0023934443127983135,-4.9388844150969735,0,0.5492930907479693
46.912319999992285,-2.1194777697684657,0.46764542677929416,1.2638229500742695,0.011721816575398749,-0.008845600116109121,-0.0014450020263060636,-2.376045612958584,0.9008703988444782,1.1545800372892059,0.02255293551584988,0.031850010181129984,-0.0904951268140903,-2.3604101044201475,0.6921742120916634,1.0288696661372394,-0.016434916568993273,0.0068357792190158,0.0486129602397006,0.09000117304571391,0.09000117304571391,0.0,0.0959965666927253,0.5500741247353574,-0.18567957928410156,-0.005355670816548147,-0.0023944537849589454,-4.938789217154468,0,0.5493174838415659
46.91647999999228,-2.1194288496544638,0.4676085464254098,1.263816946250976,0.011740827360466968,-0.00885128493224821,-0.0014409175904004146,-1.9205992025202616,0.3321396638363462,1.2530210285065013,0.1413922957001079,-0.14720420824807234,-0.01688422022873848,-2.1402069143249545,0.5118487643693408,1.14091150898387,0.0621946496448139,-0.07042737903596706,0.016007113327097963,0.09000117304571391,0.09000117304571391,0.0,0.0959095640766143,0.5501223929420821,-0.18567793174003402,-0.005363334766324623,-0.0023954689716585704,-4.938693901283602,0,0.5493418904451521
46.92063999999228,-2.11937985004191,0.4675716422801122,1.2638109594757296,0.011759907012838014,-0.008856994871417353,-0.001436826059144448,-1.7395892500282881,0.47261579482319804,1.2761566851847665,-0.1297993099504877,0.004505083497173658,0.038788105447562546,-1.9401646299580866,0.49224096550132845,1.2086172037257576,-0.03409186038316002,-0.03276879681490084,0.026683485573548063,0.09000117304571391,0.09000117304571391,0.0,0.09582234400649256,0.5501707352668431,-0.18567636376715443,-0.005371027220786067,-0.002396489885355281,-4.938598467080023,0,0.5493663106248317
46.92479999999228,-2.119330770642131,0.46753471423833237,1.2638049897784978,0.01177905594690843,-0.00886273002716678,-0.0014327273356589355,-2.02305353407521,0.2809392302193929,0.9035105855132783,-0.052462284159475396,0.11024612906334741,-0.07251986169934689,-1.9817186693701505,0.3868173417539044,1.055912172879035,-0.043330079606366964,0.0390114125676006,-0.023514060195395006,0.09000117304571391,0.09000117304571391,0.0,0.09573490536379481,0.5502191520019529,-0.1856748758433031,-0.005378748345933452,-0.002397516538552501,-4.938502914137237,0,0.5493907444469133
46.92895999999228,-2.1192816111647126,0.4674977621946087,1.2637990371896557,0.011798274580466232,-0.008868490493685736,-0.0014286213221149794,-2.2492658006396278,-0.04361176616012441,1.3917312906160912,0.22856575579461696,0.14033590491980863,-0.013484195871699071,-2.1150174319762653,0.17189072639451328,1.2237965777434883,0.09199214750198045,0.09012112289165859,-0.018760788222734266,0.09000117304571391,0.09000117304571391,0.0,0.09564724702116933,0.5502676434417713,-0.18567346845159996,-0.005386498309120621,-0.0023985489438036476,-4.938407242046587,0,0.5494151919779123
46.93311999999228,-2.1192323713174845,0.4674607860430848,1.2637931017399902,0.011817563334735584,-0.00887427636574566,-0.0014245079197430844,-1.7829545406740566,0.7639552220857959,2.093115488695301,0.1372614292605705,-0.11370987103721718,-0.045086968653264815,-1.9486984749612644,0.46768935976749326,1.6583681969666388,0.11477392195101667,-0.011183066014111613,-0.03185501235774914,0.09000117304571391,0.09000117304571391,0.0,0.0955593678424633,0.5503162098818531,-0.18567214208002877,-0.005394277279067633,-0.002399587113701953,-4.938311450397245,0,0.5494396532845516
46.93727999999228,-2.119183050806508,0.46742378567750653,1.2637871834607035,0.011836922634398851,-0.00888008773878451,-0.0014203870287936861,-2.033257972070306,0.06135865331661766,0.9859507639669239,0.06089173560884421,0.0021580551366671957,0.08126310073524312,-1.9908503762472285,0.2645254059721625,1.3223238618908542,0.08697753225532509,-0.004395088409649681,0.024667103479173873,0.09000117304571391,0.09000117304571391,0.0,0.09547126668313595,0.5503648516197527,-0.185670897221877,-0.005402085425875485,-0.002400631060891415,-4.9382155387761895,0,0.5494641284337628
46.94143999999228,-2.1191336493360593,0.4673867609912197,1.2637812823834178,0.011856352907646101,-0.008885924708842302,-0.001416258548548158,-2.376079653363383,0.5890986447877823,1.2400350109095495,0.1988602849034631,-0.09918877312933226,0.02789081762797536,-2.1830538140717675,0.42660711823584185,1.2812370283191594,0.14278059289914471,-0.051368218970989296,0.02620391417693577,0.09000117304571391,0.09000117304571391,0.0,0.09538294238960307,0.5504135689543848,-0.1856697343755341,-0.005409922921040191,-0.0024016807980580725,-4.93811950676819,0,0.5494886174926871
46.945599999992275,-2.1190841666086166,0.4673497118771671,1.2637753985401792,0.011875854586201873,-0.008891787372620197,-0.001412122377287783,-2.4563371411125585,0.44238081700027665,1.0801120293934812,-0.004484808878960921,0.027849917599650637,-0.028681091175117975,-2.319706748017962,0.43455271140247287,1.1806135139436849,0.0691716722280764,-0.012103878817340458,-0.0012582967611840855,0.09000117304571391,0.09000117304571391,0.0,0.0952943937996497,0.550462362186562,-0.185668654044932,-0.005417789937467653,-0.0024027363379365597,-4.93802335395579,0,0.5495131205286771
46.949759999992274,-2.1190346023248443,0.4673126382278861,1.2637695319634612,0.011895428105371298,-0.008897675827441026,-0.0014079784122965897,-2.2454518520616977,0.8513870943772446,1.2517708652405988,0.08761516705088848,0.07932581565093984,0.004123041832558293,-2.2823963806590086,0.6431368753756397,1.216201440014084,0.07831396573434748,0.0340569581353212,0.0013470678703636444,0.09000117304571391,0.09000117304571391,0.0,0.0952056197419881,0.5505112316187831,-0.1856676567384874,-0.005425686649488288,-0.002403797693304232,-4.9379270799192945,0,0.5495376376092976
46.95391999999227,-2.1189849561835774,0.46727553993550586,1.2637636826861702,0.011915073904075887,-0.008903590171263385,-0.001403826549841601,-2.4838117790045904,-0.005995107812276634,0.7849069895144755,0.22003100636203796,-0.005612449711536967,0.02369925366916954,-2.3826482277753427,0.3185554436522611,1.0006001987798756,0.14935413220949084,0.013851713388564856,0.012662022065231577,0.09000117304571391,0.09000117304571391,0.0,0.09511661903602867,0.5505601775549696,-0.1856667429710395,-0.005433613232871906,-0.00240486487697998,-4.937830684236745,0,0.5495621688023269
46.95807999999227,-2.118935227881807,0.4672384168917445,1.2637578507416487,0.011934792424885371,-0.008909530502721577,-0.001399666685152341,-1.7949563962227493,0.769061217111559,1.6496575284901214,-0.12149381420138772,-0.10612482913581285,-0.007955573820773902,-2.0890508670637753,0.5435913607559896,1.3251159090526476,0.01393010043151867,-0.046424365466526125,0.0028108534986321793,0.09000117304571391,0.09000117304571391,0.0,0.09502739049229228,0.550609200301215,-0.18566591326193832,-0.005441569864843115,-0.002405937901830622,-4.93773416648391,0,0.5495867141757581
46.96223999999227,-2.118885417114665,0.46720126898790665,1.2637520361636803,0.011954584114066111,-0.008915496921079161,-0.0013954987124200706,-1.8062097097992726,0.5377628881534188,1.4861058660018223,0.017897855812702528,0.017269017413561467,0.05548337101120947,-1.9475914616876668,0.5407113502321884,1.4057276768323146,0.016096179142589744,-0.013787169990783487,0.029019212758810895,0.09000117304571391,0.09000117304571391,0.0,0.09493793291175383,0.5506583001649341,-0.18566516813676806,-0.005449556724096342,-0.0024070167807635026,-4.937637526234261,0,0.5496112737978
46.96639999999227,-2.1188355235754086,0.4671640961148805,1.2637462389864937,0.011974449421613109,-0.008921489526272221,-0.0013913225247745701,-1.8385989934882718,0.3701579893604842,1.1734797287579495,0.00027001566514067536,-0.11787591099895153,0.22697220098506765,-1.8930922381324287,0.4551894188196911,1.2900735401448884,0.007383439969810485,-0.06636386579741904,0.1282874432563974,0.09000117304571391,0.09000117304571391,0.0,0.09484824508668198,0.5507074774553454,-0.18566450812629165,-0.005457573990811485,-0.0024081015267304277,-4.93754076305896,0,0.5496358477368783
46.97055999999227,-2.118785546955403,0.46712689816313513,1.2637404592447676,0.011994388801296186,-0.008927508418893075,-0.001387138014275579,-2.5426018875902363,0.3728331996180162,1.4305692904962688,0.050735924025091673,0.07934625115302361,0.17829702172703552,-2.2177449447172286,0.4141768283792241,1.3606933857070924,0.02851171800099541,0.005973356893500955,0.1532242854790314,0.09000117304571391,0.09000117304571391,0.0,0.09475832579891344,0.5507567324836887,-0.185663933766891,-0.005465621846669975,-0.0024091921527250398,-4.937443876526838,0,0.549660436061638
46.97471999999227,-2.1187354869441086,0.46708967502271764,1.2637346969736347,0.012014402710696205,-0.00893355370019542,-0.001382945071897971,-2.2378282322632357,0.9586273742404574,1.2809352880844584,0.12291534932706359,-0.08934940008482625,0.047230800040120084,-2.227530919269849,0.6862182845178413,1.3209142638402456,0.07563565352635239,-0.040824864609116884,0.0991541905394006,0.09000117304571391,0.09000117304571391,0.0,0.09466817382176065,0.550806065562639,-0.1856634456007945,-0.005473700474870063,-0.0024102886717815315,-4.937346866204378,0,0.5496850388409424
46.978879999992266,-2.1186853432290618,0.4670524265832506,1.2637289522086868,0.012034491611250182,-0.008939625472101004,-0.0013787435875177733,-1.944352258960801,0.11556596240186418,1.7066334370872653,0.057400862313360404,0.05269276677256207,0.10888912275784819,-2.0858204134827023,0.4009979001116297,1.5140012728431684,0.06661464447943298,0.005846050134005436,0.10486869771119792,0.09000117304571391,0.09000117304571391,0.0,0.09457778791807256,0.5508554770066839,-0.1856630441760911,-0.005481810060143528,-0.002411391096973945,-4.937249731655701,0,0.5497096561438765
46.983039999992265,-2.1186351154958607,0.46701515273392874,1.2637232249859789,0.012054655968284263,-0.008945723837235152,-0.0013745334498874414,-2.2808267283048154,0.5236872124967172,1.32313810141262,0.1290439106479523,0.020966717025339913,-0.18956596925528235,-2.1830569764218652,0.46238684551253245,1.4181750222205771,0.09804096321710609,0.01349171166623061,-0.042792530133172774,0.09000117304571391,0.09000117304571391,0.0,0.09448716684150049,0.5509049671322868,-0.18566273004653,-0.005489950788771996,-0.002412499441421947,-4.9371524724425395,0,0.5497342880397467
46.987199999992264,-2.118584803428148,0.4669778533635167,1.2637175153420346,0.012074896251065517,-0.008951848898887466,-0.0013703145466348403,-2.2650247625014197,0.2108804770312524,1.4949117302107846,0.19304937229887842,0.06711902428423569,-0.028973096697304027,-2.223640346687465,0.3367728262501893,1.4564833623869637,0.1457510086673654,0.039667579957371406,-0.035745411249662296,0.09000117304571391,0.09000117304571391,0.0,0.09439630933541336,0.5509545362576759,-0.18566250377196236,-0.005498122848603416,-0.0024136137182844066,-4.937055088124226,0,0.5497589345980832
46.99135999999226,-2.118534406707594,0.46694052836034583,1.2637118233138502,0.01209521293284266,-0.008958000761016917,-0.0013660867642488058,-2.1049564709085016,0.4275892236357186,1.2715823009850278,-0.00951287603520005,0.06738280778555708,-0.23075195063095197,-2.164316408846508,0.38232129153717975,1.363551617586979,0.06766933652090493,0.053774980580806875,-0.13325403367647712,0.09000117304571391,0.09000117304571391,0.0,0.09430521413373608,0.5510041847025796,-0.18566236591814186,-0.005506326429068429,-0.0024147339407560456,-4.936957578257672,0,0.5497835958886405
46.99551999999226,-2.1184839250138823,0.46690317761231126,1.2637061489389,0.012115606490884532,-0.00896417952829932,-0.0013618499880495767,-2.061187057941572,0.3310916209698185,1.4570053317216718,-0.07914237757985182,-0.02221123316491198,-0.11164064492333581,-2.1129171040934196,0.35666159115199153,1.4100468298348103,-0.00501620580289175,0.014973112993161678,-0.12240570231868343,0.09000117304571391,0.09000117304571391,0.0,0.09421387996007825,0.5510539127889245,-0.18566231705695277,-0.005514561721198132,-0.0024158601220739878,-4.936859942397347,0,0.5498082719813986
46.99967999999226,-2.1184333580246886,0.4668658010068692,1.263700492255141,0.012136077406529533,-0.00897038530609038,-0.0013576041021869777,-1.8753305755405467,0.722092183820042,1.5100131904794905,-0.1062017846877045,-0.12995562217162032,-0.07890449541509859,-1.9943438207812796,0.5391097408573391,1.459867697951165,-0.055243405832709556,-0.057770572896594395,-0.10119033040856067,0.09000117304571391,0.09000117304571391,0.0,0.09412230552771692,0.5511037208403033,-0.18566235776621046,-0.005522828917640917,-0.0024169922755123262,-4.936762180095264,0,0.5498329629465648
47.00383999999226,-2.1183827054156668,0.46682839843103396,1.2636948533010175,0.012156626165225455,-0.008976618200453866,-0.0013533489896161892,-2.1750640529779655,1.0024688102763732,1.0478431212177421,0.12112141362799972,-0.09578643824040033,-0.021830921362013592,-2.0844519192883784,0.7705926461336048,1.2538083579712178,0.032277066221409065,-0.076468924142187,-0.06211155989539764,0.09000117304571391,0.09000117304571391,0.0,0.09403048953979304,0.5511536091820319,-0.18566248863053203,-0.005531128212679874,-0.002418130414383827,-4.936664290900956,0,0.5498576688545745
47.00799999999226,-2.1183319668604312,0.46679096977137496,1.2636892321154671,0.012177253256576755,-0.008982878318156785,-0.001349084532087512,-2.4170129680710204,0.18093255761643384,1.6329575890612424,-0.09773539242714048,0.15983899786421565,-0.0048853528597828134,-2.250938059699703,0.476090414540484,1.4433743961215941,-0.03271980617540729,0.041920748529003696,-0.03298805762270947,0.09000117304571391,0.09000117304571391,0.0,0.09393843068950872,0.5512035781415792,-0.18566271024028225,-0.0055394598022504606,-0.002419274552038453,-4.936566274361458,0,0.5498823897760927
47.01215999999226,-2.118281142030538,0.4667535149140138,1.263683628737925,0.012197959174391567,-0.008989165766676986,-0.001344810610126393,-2.2711743852205606,-0.2642050926822413,1.1316725210537464,-0.07005926225921086,-0.2484149890990647,-0.10728480550701397,-2.261201671071763,0.10542149921615329,1.2872985430430242,-0.05158631633399988,-0.10357207145822969,-0.07033115626590922,0.09000117304571391,0.09000117304571391,0.0,0.093846127658827,0.5512536280480892,-0.18566302319244338,-0.0055478238839588015,-0.0024204247018627303,-4.936468130021288,0,0.5499071257820152
47.016319999992255,-2.1182302305954686,0.4667160337446213,1.263678043208329,0.012218744416725642,-0.00899548065420019,-0.0013405271030209158,-2.1029825385046,-0.075672544290939,1.4645075843052426,0.05789707851526562,0.03533238358824875,0.12363137985047966,-2.1819705144796093,0.01494731465616401,1.3761608199301882,0.0031200373188569218,-0.034423999079535125,0.026942278369363814,0.09000117304571391,0.09000117304571391,0.0,0.09375357911973645,0.5513037592325984,-0.18566342809041708,-0.005556220657099244,-0.0024215808772776325,-4.9363698574224255,0,0.5499318769434697
47.020479999992254,-2.1181792322226105,0.46667852614841443,1.2636724755671256,0.012239609485929169,-0.00900182308964364,-0.0013362338887983778,-1.8730584109685737,0.7112946878613452,0.6977879849282883,-0.08370750625948192,-0.04360168264224997,0.07234546790841054,-2.0276859677819075,0.3630347049445967,1.037120014727843,-0.04050095387329558,-0.038782045564080866,0.04969735273156942,0.09000117304571391,0.09000117304571391,0.0,0.09366078373316505,0.5513539720279309,-0.185663925544254,-0.005564650322673273,-0.00242274309174079,-4.936271456104294,0,0.549956643331817
47.02463999999225,-2.118128146577241,0.46664099201015335,1.2636669258552746,0.012260554888693079,-0.009008193182657087,-0.0013319308442102415,-2.2125771254864763,0.8636885727433914,1.7207669867125748,0.04272147070624802,-0.09808527495155686,0.10482688090915922,-2.1200436624946866,0.6131602058300455,1.3791673909627324,0.0009517874881134929,-0.06798662179472922,0.0767442990378591,0.09000117304571391,0.09000117304571391,0.0,0.09356774014960335,0.5514042667692364,-0.18566451617066954,-0.00557311308340801,-0.002423911358746475,-4.93617292560374,0,0.5499814250186532
47.02879999999225,-2.1180769733225073,0.4666034312141384,1.263661394114255,0.01228158113610557,-0.009014591043586498,-0.0013276178447281571,-2.54960909293902,1.019338956365386,1.6279916251113822,-0.047061489811467884,-0.09259198434106382,0.017812442230595495,-2.3349274080364344,0.8160592535227673,1.5036179927810405,-0.02298546526757166,-0.0800082787570534,0.047429163313776994,0.09000117304571391,0.09000117304571391,0.0,0.09347444700823135,0.5514546437930312,-0.18566520059306002,-0.005581609143774835,-0.0024250856918167684,-4.93607426545501,0,0.5500062220758098
47.03295999999225,-2.1180257121194086,0.46656584364420695,1.2636558803860696,0.012302688743687375,-0.009021016783552098,-0.0013232947645024846,-2.410761561674883,0.6678235862901217,1.1772471063761663,-0.11157111099369946,-0.17475968143391957,-0.2224997848703283,-2.3730773524991373,0.7415767866913183,1.3399674760238347,-0.06714167207934488,-0.12732940623397582,-0.08751962305873259,0.09000117304571391,0.09000117304571391,0.0,0.09338090293732726,0.5515051034382166,-0.18566597944151858,-0.005590138710009004,-0.002426266104511555,-4.93597547518973,0,0.5500310345753554
47.03711999999225,-2.1179743626267777,0.46652822918373027,1.2636503847132514,0.012323878231450773,-0.009027470514397923,-0.0013189614763619434,-2.019710427525436,0.3946802429412072,1.7971596611392728,0.0072337816306846745,-0.1163393330946264,0.10267511003313633,-2.1963772236463814,0.5678835935100003,1.56877976318945,-0.029548853323847067,-0.12158913599393507,0.00783764423568105,0.09000117304571391,0.09000117304571391,0.0,0.09328710655424943,0.5515556460454408,-0.1856668533530654,-0.005598701990128687,-0.0024274526104218442,-4.9358765543368905,0,0.5500558625895974
47.04127999999225,-2.1179229245012614,0.4664905877156107,1.263644907138869,0.012345150123949867,-0.009033952348702069,-0.0013146178517941605,-2.394877485870149,0.12481390282242905,1.627994687384319,0.11726488595879545,-0.007516808447146627,0.08257900114132187,-2.295385237063056,0.346330726958778,1.5985584561103112,0.044041365909472406,-0.06490354617916083,0.045658148105114274,0.09000117304571391,0.09000117304571391,0.0,0.09319305646456222,0.5516062719572623,-0.18566782297187848,-0.0056072991939547095,-0.002428645223166977,-4.935777502422819,0,0.5500807061910824
47.04543999999225,-2.117871397397302,0.46645291912227815,1.2636394477065318,0.012366504950323468,-0.009040462399816217,-0.001310263760916452,-2.4979057732437817,0.6801727726747963,1.5860691265211435,0.18989214336732446,0.10380915304536771,0.09554158711548935,-2.396252069331209,0.513471426137009,1.592511962545885,0.11701376305026502,0.018759098654646374,0.07082031111533492,0.09000117304571391,0.09000117304571391,0.0,0.09309875126287182,0.5516569815183663,-0.18566888894931094,-0.005615930533130512,-0.002429843956399838,-4.93567831897116,0,0.5501055654525986
47.049599999992246,-2.117819780967117,0.4664152232856872,1.2636340064603966,0.01238794324435389,-0.009047000781838788,-0.0013058990724679606,-2.6604578206631437,0.14523086066821633,1.648565644786178,0.038258758644714376,-0.15717981125456792,-0.16177679972716885,-2.5282781728894927,0.3290218704854657,1.6202038066068856,0.07810108707558341,-0.06931126434754066,-0.04599311826794602,0.09000117304571391,0.09000117304571391,0.0,0.09300418953216624,0.5517077750753548,-0.18567005194348005,-0.005624596221142356,-0.0024310488238024185,-4.9355790035028555,0,0.5501304404471764
47.053759999992245,-2.1177680748606815,0.46637750008731377,1.2636285834451724,0.012409465544517655,-0.009053567609625248,-0.00130152365378735,-1.8595147959927507,-0.0751997338469182,1.2764444514057278,0.17319630173541845,0.006582384471002872,-0.027990356148292823,-2.1935324365105444,0.12692129861951199,1.4482628535171311,0.12606334102240724,-0.031065247139012063,-0.03667990642096776,0.09000117304571391,0.09000117304571391,0.0,0.09290936984358186,0.5517586529768029,-0.18567131261992573,-0.005633296473339745,-0.0024322598390841763,-4.935479555536122,0,0.5501553312480895
47.057919999992244,-2.1177162787257062,0.46633974940815204,1.2636231787061274,0.012431072394035013,-0.009060162998808987,-0.0012971373707888552,-2.4676738901899995,0.5077239158411574,1.7698187886527599,0.08609299171788454,0.019233833286371228,-0.05324521245879996,-2.3304260688953056,0.3173647108983999,1.608932751032284,0.10610868989745414,-0.0056463838348561335,-0.04516746906883904,0.09000117304571391,0.09000117304571391,0.0,0.09281429075681125,0.5518096155734755,-0.1856726716520568,-0.005642031506956174,-0.0024334770159839206,-4.935379974586428,0,0.5501802379288573
47.06207999999224,-2.117664392207619,0.4663019711287113,1.2636177922890943,0.012452764340930053,-0.00906678706577532,-0.0012927400879549735,-2.29899027963224,0.5978122359127235,1.3438265573120203,0.013963507817032216,-0.1344268560328743,-0.04262821867887943,-2.3146787035209364,0.4573110519070266,1.476289324462038,0.059942422707068656,-0.07013417364200594,-0.04398976016048862,0.09000117304571391,0.09000117304571391,0.0,0.09271895081944223,0.5518606632177967,-0.18567412972009958,-0.0056508015411300475,-0.0024347003682638505,-4.935280260166473,0,0.5502051605632444
47.06623999999224,-2.1176124149495434,0.4662641651290125,1.2636124242404765,0.012474541938076587,-0.009073439927712949,-0.0012883316682988667,-2.1153490627650195,0.38912310591885224,1.7137145123600028,0.04135785892967181,0.1415231069783368,-0.06318707536213074,-2.2149269482748433,0.4235126235027367,1.5948709512539878,0.05088361349094302,0.03488379446057154,-0.05300957889279711,0.09000117304571391,0.09000117304571391,0.0,0.0926233485671515,0.5519117962646537,-0.1856756875119704,-0.005659606796926324,-0.0024359299097154335,-4.935180411786164,0,0.5502300992252641
47.07039999999224,-2.11756034659228,0.4662263312885851,1.263607074607254,0.012496405743260657,-0.009080121702577373,-0.0012839119733580083,-2.4653792124755394,0.9294623922071723,1.4690496454771471,-0.012504586776763086,-0.06181563629160612,-0.010383655007345654,-2.3401805835356675,0.6763625497037655,1.531936942450203,0.019069247960892065,-0.013496371104093819,-0.03127727394460715,0.09000117304571391,0.09000117304571391,0.0,0.09252748252325665,0.5519630150707596,-0.1856773457232943,-0.00566844749735787,-0.0024371656541532956,-4.935080428952594,0,0.5502550539891778
47.07455999999224,-2.117508186774283,0.46618846948646375,1.2636017434369908,0.012518356319232106,-0.009086832509116842,-0.0012794808631671982,-2.423714861417149,0.0865646085240444,1.3822421126397224,0.13266021772905828,0.05943851938211219,-0.11731646968250109,-2.3816736113539942,0.38158201329493546,1.4568437450660476,0.07645069197482078,0.023480473262362068,-0.07394509125009929,0.09000117304571391,0.09000117304571391,0.0,0.0924313511989093,0.5520143199949239,-0.18567910505785218,-0.005677323867407321,-0.0024384076154158095,-4.934980311170016,0,0.5502800249294978
47.07871999999224,-2.1174559351316424,0.4661505796011851,1.2635964307778398,0.01254039423376292,-0.00909357246686996,-0.0012750381962418256,-1.8201535516084957,0.4813093127440196,1.096017878311,0.0450048617284237,-0.10743663316299779,0.03768006874988816,-2.1008166913853334,0.4312234051872059,1.276507548472875,0.06104134068799964,-0.042214639604587156,-0.018566739956773184,0.09000117304571391,0.09000117304571391,0.0,0.09233495309286066,0.5520657113981617,-0.1856809662267439,-0.0056862361340492325,-0.0024396558073632247,-4.934880057939827,0,0.5503050121209871
47.08287999999224,-2.11740359129806,0.4661126615107844,1.26359113667855,0.012562520059704405,-0.009100341696174283,-0.001270583829552966,-1.8979255773686696,0.20814675612186018,1.4916192285401597,-0.08830796618710743,-0.12299304514423337,0.0597095487350083,-1.9995539598184033,0.3194276278373127,1.384188093562371,-0.01335103914789092,-0.0825650686489078,0.021044496217784252,0.09000117304571391,0.09000117304571391,0.0,0.0922382866912268,0.5521171896433776,-0.18568292994926233,-0.005695184526272658,-0.0024409102438767735,-4.934779668760534,0,0.5503300156386622
47.087039999992236,-2.117351154904831,0.46607471509279197,1.263585861188473,0.012584734375042051,-0.009107140318189608,-0.0012661176185010078,-1.9758032191063446,0.5174697179176796,0.9339645633923844,-0.006240170286031648,0.03949088523481063,0.13072721782951655,-1.9876916183245865,0.41853162602722993,1.159345702180257,-0.009692350239803527,-0.02126960401074625,0.075582965507003,0.09000117304571391,0.09000117304571391,0.0,0.09214135046768118,0.5521687550959027,-0.18568499695291338,-0.005704169275104137,-0.002442170938861235,-4.93467914312774,0,0.550355035557794
47.091199999992234,-2.1172986255808186,0.4660367402242301,1.2635806043575692,0.012607037762964447,-0.009113968454849557,-0.001261639416911783,-2.162697357203266,0.14213657753744763,0.9159532240651367,0.202291350717684,0.08542847783704645,-0.08759372503802489,-2.0747750197544668,0.28051013995014457,1.0374640690176327,0.09631839718808319,0.03193629602345748,-0.005274368756470683,0.09000117304571391,0.09000117304571391,0.0,0.09204414288257806,0.5522204081228569,-0.18568716797300766,-0.00571319061363045,-0.002443437906234646,-4.934578480534116,0,0.5503800719539083
47.09535999999223,-2.117246002952436,0.46599873678160947,1.263575366236415,0.012629430811908976,-0.009120826228941498,-0.001257149076988118,-2.500833839321405,-0.024389011123225224,1.192455159226832,0.20329290746799802,0.1137758711688472,-0.16751804556347805,-2.2873838592386724,0.1282935837406313,1.1146130797375957,0.14945822485168025,0.07357097062684617,-0.08677709493861317,0.09000117304571391,0.09000117304571391,0.0,0.09194666238378561,0.5522721490936865,-0.18568944375332158,-0.005722248777022406,-0.0024447111599376547,-4.934477680469375,0,0.5504051249027881
47.09951999999223,-2.1171932866436207,0.4659607046409259,1.2635701468762097,0.012651914115634403,-0.009127713764051054,-0.0012526464493080045,-1.9597057135542737,0.742561538998461,1.3204572448014986,-0.17955738642189392,0.13323129601273107,-0.0019113767884843804,-2.123916268872018,0.43570823721452384,1.21753150283444,-0.014883668858829047,0.10375299305152055,-0.04380909994393618,0.09000117304571391,0.09000117304571391,0.0,0.09184890740559533,0.5523239783799541,-0.18569182504654633,-0.005731344002558404,-0.002445990713925098,-4.934376742420254,0,0.5504301944804745
47.10367999999223,-2.1171404762758153,0.4659226436776567,1.2635649463287815,0.01267448827327273,-0.009134631184617017,-0.001248131382787007,-2.152759162256159,0.7209743939405437,1.541818327587168,-0.0002606026480606819,-0.12553497614844997,-0.03808857692014374,-2.1383378744407966,0.5780807796192534,1.3795974612429254,-0.007854359963225937,-0.010192083608377787,-0.040708771687338385,0.09000117304571391,0.09000117304571391,0.0,0.09175087636934073,0.5523758963556626,-0.18569431261302494,-0.005740476529648724,-0.002447276582171169,-4.93427566587048,0,0.5504552807632688
47.10783999999223,-2.117087571467943,0.46588455376675725,1.2635597646465953,0.012697153889404239,-0.009141578615865838,-0.0012436037246746044,-1.519192490261807,0.04609824631940751,0.5816118511141536,-0.003377946118186972,-0.011597501718742633,-0.12326643776172103,-1.8287675731939648,0.31206265450087384,0.9803424778429032,-0.005762001301003918,-0.011369067189503111,-0.0818843079270624,0.09000117304571391,0.09000117304571391,0.0,0.09165256768316173,0.5524279033964037,-0.18569690722226936,-0.005749646599859379,-0.002448568778656868,-4.934174450300754,0,0.5504803838277321
47.11199999999223,-2.1170345718363843,0.46584643478265764,1.26355460188276,0.012719911574107548,-0.009148556183905018,-0.0012390633205038907,-1.3254690208670747,0.4058209668876953,1.5506210954638742,-0.1456563709692028,-0.15192680960974114,-0.082608525260604,-1.5774178019052982,0.3586259422875835,1.2653150315642288,-0.07566864902589297,-0.08138836147283084,-0.08276457933001038,0.09000117304571391,0.09000117304571391,0.0,0.09155397974091259,0.5524799998806436,-0.18569960965276902,-0.005758854456937894,-0.0024498673173807125,-4.93407309518872,0,0.5505055037506887
47.11615999999223,-2.116981476994955,0.46580828659925905,1.2635494580910345,0.012742761943031042,-0.009155564015665411,-0.0012345100140884332,-2.038645439007016,0.7418953790404822,1.1533991217997133,-0.049937641506057666,-0.003434746903040132,0.15671056883503504,-1.8081384486089795,0.5502557733660424,1.209681548167641,-0.06293371487754108,-0.04221216392533349,0.03729368258330581,0.09000117304571391,0.09000117304571391,0.0,0.09145511092320732,0.5525321861885513,-0.1857024206909418,-0.0057681003468375465,-0.002451172212350671,-4.9339716000089435,0,0.550530640609226
47.120319999992226,-2.116928286554882,0.46577010908993016,1.2635443333258367,0.012765705617455143,-0.009162602238936578,-0.0012299436474843975,-2.183570322974105,0.32722802726166555,1.1106280101192267,0.11025112863957419,-0.13824647365162213,-0.04405548859707799,-1.9956270680141455,0.43845231400680734,1.1600628009302512,0.023346755737957078,-0.08999379837058669,-0.003543532043903399,0.09000117304571391,0.09000117304571391,0.0,0.0913559595967556,0.5525844627027495,-0.1857053411335088,-0.005777384517743156,-0.002452483477585289,-4.9338699642328825,0,0.5505557944806964
47.124479999992225,-2.1168750001247805,0.46573190212750365,1.2635392276422492,0.012788743224359144,-0.009169670982366806,-0.0012253640609723889,-2.187889280507565,0.44424525635065826,1.0410990324043665,-0.07694361878421005,0.1036135123499174,-0.028484631497218266,-2.0919189999867136,0.4415629595272243,1.1005211506399064,-0.027061337514152267,0.00746067608770133,-0.01616328808660039,0.09000117304571391,0.09000117304571391,0.0,0.09125652411433924,0.5526368298083196,-0.18570837178495012,-0.005786707220096987,-0.002453801127112314,-4.933768187328863,0,0.5505809654427188
47.128639999992224,-2.1168216173106282,0.4656936655842726,1.2635341410960284,0.012811875396492456,-0.009176770375444407,-0.0012207710930340738,-2.036102213558225,-0.015176194037269386,0.8912122004542892,0.024725716556853114,0.02493285674128285,-0.08383437487348154,-2.0639578504399414,0.21324283861834809,0.9956911527553635,-0.0016216617045052958,0.01581468894248174,-0.05014591888426302,0.09000117304571391,0.09000117304571391,0.0,0.09115680281436075,0.5526892878922158,-0.18571151346030698,-0.005796068706624743,-0.0024551251749622503,-4.933666268762055,0,0.5506061535731798
47.13279999999222,-2.1167681377157432,0.4656553993319871,1.2635290737436105,0.012835102772436826,-0.00918390054853463,-0.0012161645803217963,-2.147701594797779,0.22556616996335588,1.3910125425876134,0.016132820295713862,-0.04168224532206852,-0.07887024466588582,-2.1057975181948416,0.21931738840245815,1.1931883899809208,0.007622465071408929,-0.012687629982510346,-0.06345987709804105,0.09000117304571391,0.09000117304571391,0.0,0.09105679402103288,0.5527418373437508,-0.18571476698285275,-0.005805469232362283,-0.0024564556351706424,-4.93356420799444,0,0.5506313589502345
47.13695999999222,-2.116714560940757,0.46561710324184996,1.2635240256421203,0.012858425996673035,-0.009191061632902111,-0.0012115443576216284,-1.6118395525137128,0.5239842671919464,1.612476972196608,-0.2539421165306918,0.07572608029952581,-0.18220228718944384,-1.8593438776734723,0.37181025619571034,1.4024565418715211,-0.12285142501182467,0.03161528699346869,-0.12277649159050659,0.09000117304571391,0.09000117304571391,0.0,0.09095649604349877,0.5527944785548659,-0.18571813318582533,-0.0058149090546829535,-0.002457792521781706,-4.933462004484791,0,0.550656581652309
47.14111999999222,-2.116660886583592,0.46557877718451385,1.2635189968493792,0.012881845719657227,-0.009198253760662262,-0.0012069102578461284,-1.609382524764235,0.6120832549529334,1.311973702557216,0.0374633065067368,0.1516858695049906,-0.11149955543605182,-1.734282733919374,0.4922616874598677,1.3569821454921889,-0.04308687763812972,0.09272555554911889,-0.1169330716328874,0.09000117304571391,0.09000117304571391,0.0,0.09085590717730395,0.5528472119193333,-0.1857216129124521,-0.005824388433323967,-0.002459135848838373,-4.93335965768864,0,0.5506818217581007
47.14527999999222,-2.116607114239434,0.4655404210300771,1.2635139874239125,0.012905362597890288,-0.009205477064825015,-0.0012022621119964411,-1.881327186674077,0.4665268923238534,1.1245770120123988,-0.036472175224660876,0.036670693197539954,0.07020790181677675,-1.8078805886653533,0.4794703398899723,1.2409228069908662,-0.040386591449783,0.06472281886726187,-0.022809142513636135,0.09000117304571391,0.09000117304571391,0.0,0.09075502570202018,0.5529000378337757,-0.18572520701533177,-0.005833907630415019,-0.0024604856303838793,-4.933257167058254,0,0.5507070793465803
47.14943999999222,-2.116553243500709,0.4655020346480801,1.2635089974249578,0.012928977293988113,-0.009212731679281173,-0.0011975997491385153,-2.603143346183586,0.6672243932071346,1.2017510956814108,0.1386465566355252,-0.10438749688327588,-0.0056264305082095335,-2.2052267980840856,0.5731344622049342,1.2213242585158273,0.04798693342685134,-0.021218256601163867,-0.013874652019490348,0.09000117304571391,0.09000117304571391,0.0,0.09065384988292949,0.5529529566966538,-0.18572891635688557,-0.00584346691050568,-0.0024618418804578926,-4.933154532042606,0,0.5507323544969925
47.15359999999222,-2.116499273957056,0.4654636179075016,1.2635040269124729,0.012952690476753619,-0.009220017738832381,-0.001192922996367145,-1.8527133410270615,0.13156748399369383,1.2994223357126438,0.20990110034741039,0.06981399112917373,0.028528552078444434,-2.0285311711880025,0.352494159689888,1.2604326577461524,0.12900891617096674,0.023779767341101973,0.007576395584514394,0.09000117304571391,0.09000117304571391,0.0,0.09055237796993054,0.5530059689090719,-0.1857327418095953,-0.00585306654059441,-0.0024632046130983803,-4.933051752087346,0,0.5507576472888586
47.157759999992216,-2.1164452051953004,0.46542517067675504,1.2634990759471447,0.012976502821252988,-0.00922733537917788,-0.0011882316787832016,-2.0910130411145067,0.23131484354318962,0.8279475027622494,0.07907471233457737,-0.1293566185261455,-0.0015370525696630426,-2.059608485037051,0.2916335406443467,1.0441846749974357,0.10424444633986053,-0.05227133287394221,0.0026268926948823696,0.09000117304571391,0.09000117304571391,0.0,0.09045060819751236,0.5530590748744613,-0.18573668425667053,-0.005862706790157338,-0.0024645738423377268,-4.932948826634775,0,0.5507829578019761
47.161919999992215,-2.11639103679943,0.4653866928236845,1.2634941445903969,0.01300041500888965,-0.009234684736926986,-0.001183525619464416,-1.9807067259530782,0.6770075393384302,1.618547574689476,0.010226005320831441,0.17871922636608986,0.06851408983336445,-2.020134964342969,0.48469638335282145,1.3315135957671116,0.05684731854405546,0.06252833631602533,0.03511211703290343,0.09000117304571391,0.09000117304571391,0.0,0.09034853878472811,0.5531122749986904,-0.18574074459057607,-0.0058723879311775974,-0.0024659495822011183,-4.932845755123816,0,0.5508082861164217
47.16607999999221,-2.1163367683505654,0.4653481842155612,1.2634892329043992,0.013024427727482028,-0.009242065949596215,-0.0011788046394339909,-2.0134318277688967,0.5961893564580847,1.3362929820911786,0.05087679663754002,0.0430878201718769,-0.08410113958837713,-2.0166766230904822,0.5405335235461923,1.3337292250810322,0.053427856638518297,0.052688123078149206,-0.024886280991864046,0.09000117304571391,0.09000117304571391,0.0,0.09024616793495502,0.5531655696899089,-0.1857449237154098,-0.005882110238175005,-0.0024673318467029197,-4.9327425369899816,0,0.550833632312552
47.17023999999221,-2.1162823994269346,0.46530964471907943,1.2634843409520757,0.013048541671340513,-0.00924947915561895,-0.0011740685576340129,-2.072529145423778,0.11098605519380472,1.2289555666195515,0.09787183514714534,-0.010766752797347288,0.11601554355718681,-2.0443996557627746,0.32573472524758534,1.2815836746860163,0.07562355938186638,0.020803106111920523,0.04521756954422739,0.09000117304571391,0.09000117304571391,0.0,0.09014349383522584,0.5532189593586577,-0.1857492225452185,-0.005891873988236317,-0.002468720649844534,-4.9326391716653495,0,0.550858996471004
47.17439999999221,-2.1162279296038458,0.4652710742003528,1.2634794687971138,0.013072757541337814,-0.009256924494390844,-0.0011693171908785946,-2.337573739787322,0.3678923521109667,1.3957343013872048,0.20332786162668334,-0.0794190152360288,0.03247456796302981,-2.19056441252075,0.34664664883406293,1.3387270647473972,0.1387844115993434,-0.028341980659915743,0.038975850907800036,0.09000117304571391,0.09000117304571391,0.0,0.09004051465727063,0.5532724444182474,-0.18575364200487882,-0.005901679461046028,-0.002470116005620304,-4.932535658578529,0,0.5508843786726983
47.17855999999221,-2.116173358453658,0.46523247252491035,1.2634746165039727,0.013097076045004957,-0.009264402106192338,-0.0011645503538501678,-1.8525468189766843,0.4811923809382997,1.3542530571213032,-0.0162463907656146,0.03902527782496698,0.2922827341185257,-2.021587689588722,0.4140018665756316,1.3470974373655968,0.06159007779049309,0.005222530232771297,0.16593610529107652,0.09000117304571391,0.09000117304571391,0.0,0.0899372285557794,0.553326025283907,-0.18575818303012356,-0.005911526938917094,-0.002471517928002321,-4.9324319971546355,0,0.5509097789988388
47.18271999999221,-2.116118685545756,0.4651938395576925,1.2634697841378935,0.013121497896595013,-0.00927191213228061,-0.00115976785903927,-2.0509697055527463,-0.018198953404185814,0.969784553932018,-0.015429779400657269,0.0654442367675839,0.006231047499647515,-2.03631029757792,0.19803250527226557,1.1584507009479883,0.02274893142747096,0.03631481473356213,0.08638944206409255,0.09000117304571391,0.09000117304571391,0.0,0.08983363366965649,0.5533797023740168,-0.18576284656821113,-0.0059214167068227085,-0.002472926430949212,-4.932328186815255,0,0.5509351975309148
47.18687999999221,-2.1160639104465178,0.4651551751630474,1.2634649717649071,0.013146023817179858,-0.009279454714821495,-0.001154969516737587,-1.6385902853024827,0.25677275863369775,1.0861323789862967,-0.06033989238370942,0.06448753243833041,-0.07209888887439644,-1.8375728694420945,0.22753574189221779,1.1221431024511372,-0.01885948950848161,0.05108854803247744,0.00617829860146603,0.09000117304571391,0.09000117304571391,0.0,0.0897297281204963,0.5534334761086163,-0.1857676335770973,-0.005931349052428079,-0.0024743415283942326,-4.932224226978416,0,0.5509606343507023
47.191039999992206,-2.11600903271929,0.46511647920472665,1.2634601794518447,0.013170654534717347,-0.009287029996978413,-0.0011501551349761157,-1.9617092687283366,0.5560064401510189,1.5103112000692342,0.05717135976310153,-0.10714930413828751,0.13865379397788402,-1.899524175153708,0.3915503394523204,1.316517238282838,0.019705085930537908,-0.02793244901409802,0.07290044370379696,0.09000117304571391,0.09000117304571391,0.0,0.08962551001362327,0.5534873469110106,-0.185772545026318,-0.005941324266123267,-0.0024757632342549806,-4.932120117058561,0,0.5509860895402653
47.195199999992205,-2.115954051924356,0.4650777515458815,1.2634554072663466,0.013195390784150943,-0.009294638122836648,-0.0011453245195184344,-2.5960021407037033,0.6155071732085893,1.2171226448942996,0.042912448640039985,0.05161726937627492,-0.0226049533232019,-2.24767745630622,0.5036378762202192,1.2667709517976011,0.030673262663358604,0.011745798519339906,0.025767710008116448,0.09000117304571391,0.09000117304571391,0.0,0.08952097743678067,0.5535413152065999,-0.18577758189701785,-0.005951342641055721,-0.002477191562420383,-4.932015856466512,0,0.5510115631819571
47.199359999992204,-2.115898967618908,0.4650389920490588,1.2634506552768725,0.01322023330748638,-0.009302279237452698,-0.0011404774738127412,-2.2210399947499395,0.09165080725811847,1.20477720943132,0.09267002066939707,-0.06442875337909254,-0.12932229591729405,-2.234166181159471,0.29750754522135464,1.235504192022494,0.06185663016662803,-0.02638290166454019,-0.0515422498742171,0.09000117304571391,0.09000117304571391,0.0,0.08941612846138403,0.5535953814234167,-0.18578274518240726,-0.005961404473163623,-0.0024786265267517467,-4.9319114446094385,0,0.5510370553584217
47.2035199999922,-2.115843779357017,0.4650002005761969,1.2634459235527102,0.01324518285388296,-0.00930995348685718,-0.0011356137989592006,-1.8572612579374765,0.40631741090349366,1.5569931865888114,0.060480931885625346,0.03282659210925387,0.02014395319272032,-2.045586585087639,0.3519814866288688,1.3962929130502109,0.06179468095049639,0.003233051350128998,-0.01573993949907863,0.09000117304571391,0.09000117304571391,0.0,0.08931096114014028,0.5536495459920238,-0.18578803588672146,-0.005971510061210484,-0.0024800681410811687,-4.931806880890829,0,0.5510625661525951
47.2076799999922,-2.1157884866896013,0.46496137698862167,1.2634412121639866,0.013270240179736876,-0.009317661018057161,-0.0011307332936721299,-2.4976052755217997,0.559615306353913,0.9634684194107113,-0.12565357655532133,-0.03828677801869579,-0.08295688260642994,-2.2718592878384656,0.4557189170963712,1.1797057759776735,-0.0324758217514569,-0.01690059578750827,-0.04967412379779668,0.09000117304571391,0.09000117304571391,0.0,0.08920547350894077,0.5537038093456245,-0.1857934550269606,-0.0059816597068187705,-0.002481516419208867,-4.931702164710454,0,0.5510880956477066
47.2118399999922,-2.115733089164398,0.46492252114704236,1.2634365211816774,0.01329540604877479,-0.009325401979040405,-0.0011258357542471569,-1.5743449405715189,-0.09498268544822874,1.090643689777001,0.1958825034064524,0.09299953391413729,-0.251721372938481,-1.9226903315414605,0.18055606238549424,1.1346498181210198,0.08194265284991137,0.038829199637377895,-0.15033937725207444,0.09000117304571391,0.09000117304571391,0.0,0.08909966358597711,0.5537581719199072,-0.18579900363227903,-0.005991853714505141,-0.002482971374899924,-4.931597295464338,0,0.5511136439272805
47.2159999999922,-2.1156775863259307,0.46488363291154744,1.2634318506776168,0.013320681232145566,-0.009333176518780135,-0.0011209209745246102,-1.8921535735470991,0.1365243318332801,1.170179530462214,-0.06640680235069413,-0.24096556753410872,0.06954678006093387,-1.9075605040412984,0.15803953782506291,1.1525595432950848,0.008085616647023916,-0.10145908448695984,-0.04039359124049829,0.09000117304571391,0.09000117304571391,0.0,0.08899352937042726,0.553812634153316,-0.1858046827438014,-0.006002092391716146,-0.0024844330218809435,-4.931492272544724,0,0.5511392110751367
47.2201599999922,-2.1156219777154788,0.4648447121416006,1.263427200724509,0.013346066508508241,-0.009340984787243118,-0.001115988745849254,-1.740587402412849,0.37536293481962035,1.24611637755505,0.15717021784967322,0.09648975306519818,-0.12454170201431689,-1.8237463994574388,0.2669033070103926,1.1990807890755455,0.08287038433250724,-0.002427174984922507,-0.0830474905276977,0.09000117304571391,0.09000117304571391,0.0,0.08888706884434823,0.5538671964866813,-0.18581049341615088,-0.006012376048863578,-0.0024859013738374805,-4.93138709534004,0,0.551164797175393
47.2243199999922,-2.1155662628710448,0.4648057586960364,1.2634225713959382,0.013371562664129333,-0.009348826935404776,-0.001111038857033125,-1.7788333606968996,0.19303330787612627,1.2775618895673022,0.005337485741515425,-0.07284248619828826,0.1462086063496868,-1.8012780774535213,0.22981716147256137,1.2386257093307704,0.04392303814765236,-0.03805403121623731,0.031704756549447516,0.09000117304571391,0.09000117304571391,0.0,0.08878027997007976,0.5539218593637042,-0.18581643671576994,-0.006022704999361761,-0.0024873764444128645,-4.931281763234865,0,0.5511904023124655
47.228479999992196,-2.115510441327324,0.46476677243305625,1.2634179627663784,0.013397170492975627,-0.00935670311523621,-0.0011060710943187066,-2.369804002032378,0.5519827558475704,1.283236266851554,0.03295567285749781,-0.22971944556398033,-0.1708454943279676,-2.0854764627614983,0.3904240687057068,1.2605762418767614,0.03843602135231287,-0.13371361234684115,-0.06969938870894739,0.09000117304571391,0.09000117304571391,0.0,0.08867316069234972,0.5539766232304805,-0.18582251372244812,-0.006033079559663725,-0.0024888582472024343,-4.9311762756098965,0,0.5512160265710702
47.232639999992195,-2.1154545126156705,0.464727753210224,1.2634133749112062,0.013422890796812224,-0.009364613479732817,-0.0011010852413336708,-2.422776258886212,0.7235703795401421,1.1949703165468044,-0.07372280549887565,0.07854138802547354,0.1327056251584589,-2.254281850469252,0.5571635724963038,1.2280482991237838,-0.017738101888513703,-0.02791386688001775,0.03175214993254076,0.09000117304571391,0.09000117304571391,0.0,0.08856570893610477,0.5540314885359852,-0.18582872552956953,-0.0060435000492996445,-0.002490346795753407,-4.931070631841914,0,0.5512416700362247
47.23679999999219,-2.115398476264065,0.46468870088446185,1.26340880790671,0.013448724385297412,-0.009372558182916975,-0.001096081079053233,-2.4859222020359004,0.38006518554973895,1.5622606874370144,-0.1217449352630222,-0.018652350806499546,0.16244570898719068,-2.3703562469932526,0.46857595627977633,1.3954942330910227,-0.07003590629985151,-0.024059218798517138,0.09732193663412371,0.09000117304571391,0.09000117304571391,0.0,0.08845792260754595,0.5540864557320238,-0.18583507324307594,-0.006053966790914666,-0.0024918421035626465,-4.930964831303745,0,0.5512673327932495
47.24095999999219,-2.1153423317970814,0.46464961531204607,1.2634042618301027,0.013474672076092466,-0.009380537379790024,-0.0010910583857736008,-2.034410893202296,0.57691177949034,1.184411283244232,-0.10507244404907351,-0.08867389999455204,-0.07200115548582896,-2.2026003342186975,0.5225599622868086,1.2898014879458493,-0.08727916900311809,-0.056254454554839524,0.012687028006728586,0.09000117304571391,0.09000117304571391,0.0,0.0883497995934549,0.5541415252724348,-0.1858415579832108,-0.006064480110307153,-0.002493344184062873,-4.93085887336423,0,0.5512930149277683
47.24511999999219,-2.1152860787358523,0.4646104963486025,1.2633997367595318,0.0135007346949451,-0.009388551226452784,-0.0010860169370359965,-2.3909797056135003,0.17145420898032637,1.1625903440926006,0.2687028664769093,0.10731004375913313,0.06102133370148255,-2.296232115193719,0.3472277314702209,1.2263217971557472,0.0905309872026239,0.02556496599745516,0.03692384008875946,0.09000117304571391,0.09000117304571391,0.0,0.0882413377603047,0.5541966976146435,-0.18584818088348443,-0.006075040336469301,-0.0024948530506371394,-4.930752757388184,0,0.5513187165257106
47.24927999999219,-2.1152297165980363,0.46457134384910254,1.2633952327740916,0.013526913075807449,-0.009396599879993413,-0.0010809565056202769,-1.7444941196439663,-0.043760431888404006,1.489030165962045,0.0023066694797426266,-0.05325532377973938,-0.0007316084121886477,-2.020354744329959,0.15162096058641572,1.3576757014016028,0.04656175082734094,-0.01423262020499096,0.018385456212653452,0.09000117304571391,0.09000117304571391,0.0,0.0881325349557224,0.5542519732181705,-0.18585494309134903,-0.006085647801625587,-0.0024963687166005694,-4.930646482736366,0,0.5513444376733123
47.25343999999219,-2.1151732448977825,0.46453215766785855,1.2633907499538355,0.013553208060934433,-0.009404683498559918,-0.0010758768614802321,-1.5967813698156914,0.3738185257815529,1.5975949246988719,0.0205562206325387,0.05413961427556822,0.13456039601897996,-1.8085210118024369,0.2628320004621247,1.4779163506553847,0.032923549314642704,0.020865775058715248,0.07671693783864378,0.09000117304571391,0.09000117304571391,0.0,0.08802338900653162,0.554307352545651,-0.18586184576909012,-0.006096302841274323,-0.0024978911952026313,-4.930540048765435,0,0.5513701784571173
47.25759999999219,-2.115116663145695,0.4644929376585196,1.2633862883797866,0.013579620500989998,-0.009412802241346678,-0.001070777771708076,-2.2006557015074084,0.34164124898096165,1.291425005088257,-0.04526587870688666,0.11028170679961018,-0.013708984543572895,-2.0046853779713603,0.3024661392542774,1.3846424194072167,-0.006105744429761303,0.06576981405047652,0.03075927438771671,0.09000117304571391,0.09000117304571391,0.0,0.0879138977189304,0.5543628360620907,-0.18586889009236465,-0.006107005794228565,-0.002499420499622582,-4.930433454827919,0,0.551395938963978
47.26175999999219,-2.1150599708487983,0.464453683674067,1.2633818481339514,0.01360615125514802,-0.009420956268634227,-0.0010656590004746631,-2.04323195481318,0.35456462411152756,1.624014038606021,0.102968303490938,-0.1697487826578861,-0.002272434563096587,-2.023745359318389,0.32816276111648857,1.5043253672138261,0.048710047540634654,-0.05201643939170052,0.014154268113737836,0.09000117304571391,0.09000117304571391,0.0,0.08780405887931161,0.5544184242358864,-0.18587607725258937,-0.00611775700265797,-0.0025009566429721425,-4.930326700272176,0,0.551421719281058
47.265919999992185,-2.1150031675105017,0.4644143955668098,1.2633774292993305,0.013632801191216883,-0.00942914574171862,-0.0010605203090131017,-1.823051431200261,0.2301544485080827,1.2413314698823907,0.00830453969488034,-0.03589171676909844,0.022308163419966148,-1.9233799764717006,0.27908262331360084,1.3728737408912224,0.02863430368336695,-0.04364643110415528,0.017864147357472895,0.09000117304571391,0.09000117304571391,0.0,0.08769387025251747,0.5544741175375473,-0.18588340845483928,-0.006128556812130962,-0.002502499638279247,-4.930219784442353,0,0.5514475194958317
47.270079999992184,-2.114946252630561,0.46437507318838067,1.2633730319599323,0.013659571185735879,-0.009437370822992506,-0.001055361455543244,-1.8420689206640464,0.9807735067626037,1.9974318992371465,0.0397683157264558,0.05379783794671013,0.0430279319335854,-1.8826423087783473,0.6300452289517028,1.6852459851295558,0.03475169592141912,0.00489833575258469,0.030782033905669297,0.09000117304571391,0.09000117304571391,0.0,0.0875833295822302,0.5545299164410353,-0.18589088492002256,-0.006139405571658134,-0.0025040494984931673,-4.930112706678352,0,0.5514733396960871
47.27423999999218,-2.1148892257050442,0.46433571638973103,1.2633686562007855,0.01368646212409423,-0.009445631675909616,-0.0010501821952402627,-2.1432649299059414,0.5642594066808051,1.4376874130123467,-0.03803081585221473,0.07792873831265705,0.13770668801933514,-2.013034017447791,0.5973142789928841,1.5617502321509609,-0.0018890672540948954,0.041249223423848805,0.08479554742480754,0.09000117304571391,0.09000117304571391,0.0,0.08747243459114956,0.5545858214225944,-0.185898507884278,-0.0061503036337356275,-0.0025056062364766313,-4.930005466315787,0,0.5514991799699258
47.27839999999218,-2.1148320862262917,0.4642963250211267,1.2633643021079515,0.013713474900641042,-0.009453928465030004,-0.0010449822801737413,-2.373284217000961,0.9830786183521188,1.2646780504261321,0.07618476606699616,0.006929631191951564,-0.023657459601917872,-2.1930044933502293,0.7902116496019367,1.4131627980152213,0.03777629706057076,0.025010928172702614,0.030603722184508172,0.09000117304571391,0.09000117304571391,0.0,0.08736118297988715,0.5546418329617163,-0.18590627859879882,-0.006161251354390229,-0.0025071698650076138,-4.929898062685949,0,0.5515250404057649
47.28255999999218,-2.11477483368288,0.4642568989321435,1.2633599697685378,0.013740610418807952,-0.009462261355971514,-0.0010397614592740612,-1.9055639364237413,0.46245478933037665,1.6617123968354237,-0.1088194384014088,0.06281999062152914,-0.18209818670594943,-2.049508889260391,0.6264618699121621,1.5370614158065694,-0.03534655556544339,0.04377832454678842,-0.07613660470724747,0.09000117304571391,0.09000117304571391,0.0,0.08724957242735612,0.5546979515405578,-0.18591419833094086,-0.00617224909322375,-0.002508740396767119,-4.929790495115765,0,0.5515509210923379
47.28671999999218,-2.1147174675595837,0.4642174379716624,1.2633556592707118,0.013767869591221083,-0.009470630515462656,-0.001034519478268417,-3.0690122211807602,-0.14504009427688708,0.997328545120675,-0.0869614715750511,0.08004048342003538,0.0017535622176893426,-2.5594490874078226,0.24087296618950677,1.2671962140007802,-0.06090024381104656,0.06142861624081083,-0.03785186397226529,0.09000117304571391,0.09000117304571391,0.0,0.08713760059009196,0.5547541776442656,-0.18592226836404901,-0.006183297213459348,-0.002510317844340277,-4.9296827629277535,0,0.5515768221186965
47.29087999999218,-2.1146599873373346,0.4641779419878653,1.2633513707037134,0.013795253339824157,-0.00947903611132172,-0.0010292560796383715,-1.8795309880478612,0.2824616525063853,1.4656873899771141,-0.023885135387797664,0.07246491366512654,0.07337646930625574,-2.2195357861910123,0.26181755534045775,1.366595316806182,-0.04199798529307345,0.06731627222856143,0.01799321998002457,0.09000117304571391,0.09000117304571391,0.0,0.08702526510221388,0.5548105117607137,-0.18593048999728298,-0.006194396081987805,-0.0025119022202092106,-4.9295748654399905,0,0.5516027435742108
47.29503999999218,-2.1146023924931847,0.4641384108282299,1.2633471041578694,0.013822762595996277,-0.009487478312491523,-0.0010239710025565028,-1.4345076700643564,0.6072420308785142,1.27000747149447,-0.07953741462723214,-0.11962516381156103,0.042431224600144396,-1.8271814454047193,0.43428395900976746,1.318389528388089,-0.060873489402799394,-0.026414471795833245,0.029944083207980587,0.09000117304571391,0.09000117304571391,0.0,0.08691256357495837,0.5548669543811493,-0.18593886454672753,-0.006205546069415157,-0.0025134935367529206,-4.929466801966064,0,0.5516286855485717
47.299199999992176,-2.114544682500265,0.46409884433952575,1.2633428597246075,0.013850398300683981,-0.009495957288985942,-0.0010186639828541583,-1.6507633979370402,0.12681972459910001,1.5575872557134134,0.05189283268910806,0.11378242152967474,0.09837448653513603,-1.7388632146160512,0.2807874295162867,1.4381933174545456,-0.004515330772892031,0.04315807252158434,0.0648109834274796,0.09000117304571391,0.09000117304571391,0.0,0.08679949359663956,0.5549235059989686,-0.18594739334500673,-0.006216747550109968,-0.0025150918062328696,-4.929358571815033,0,0.5516546481317907
47.303359999992175,-2.1144868568277464,0.46405924236780915,1.2633386374964701,0.01387816140451346,-0.009504473211988213,-0.0010133347529366677,-1.974995318372989,0.6594308105498711,1.3421949243014262,-0.03671927425295703,-0.03656409501767022,-0.005889262985820759,-1.8570057070570567,0.47003651028352367,1.3901806524902063,-0.021378229976336798,0.002920809240826626,0.029728472080772297,0.09000117304571391,0.09000117304571391,0.0,0.08668605273218186,0.5549801671113237,-0.1859560777419677,-0.006228000902253118,-0.0025166970408019226,-4.929250174291388,0,0.5516806314142022
47.307519999992174,-2.1144289149407967,0.46401960475841847,1.2633344375671294,0.013906052867932709,-0.009513026253760442,-0.001007983041759916,-2.3641681211310557,0.6063715569682808,0.9226248528779593,-0.05682036503854986,-0.05124145261919875,0.0013325594137805511,-2.1107090994555238,0.538100424338595,1.1564031102963646,-0.038879789977644116,-0.02512691655581476,0.015119946009055876,0.09000117304571391,0.09000117304571391,0.0,0.08657223852265161,0.5550369382178996,-0.18596491910450988,-0.006239306507886533,-0.0025183092524868533,-4.929141608695005,0,0.5517066354864646
47.31167999999217,-2.1143708563005412,0.46397993135596965,1.2633302600314011,0.01393407366133027,-0.009521616587715529,-0.0010026085747516632,-1.9253472779331415,0.931923963735146,1.7641776620719627,-0.1497130344780009,-0.16619786889013966,-0.16288846308550436,-2.018339843921367,0.734670136940987,1.4599563606199697,-0.09354231957768182,-0.09607354951362523,-0.0741252127945323,0.09000117304571391,0.09000117304571391,0.0,0.08645804848542982,0.555093819821345,-0.18597391881705583,-0.006250664752963838,-0.0025199284531903744,-4.929032874321103,0,0.5517326604395602
47.31583999999217,-2.1143126803640198,0.46394022200435137,1.2633261049852604,0.01396222476517209,-0.00953024438839583,-0.0009972110737631395,-2.338349715662676,0.36092398377872104,1.1136954186048043,0.0277447206418142,0.1281454902343348,-0.045221888310035416,-2.1782884017689423,0.5480617728315403,1.2867300083238549,-0.033343678739252015,0.01564230619397782,-0.05996480606040911,0.09000117304571391,0.09000117304571391,0.0,0.08634348011331536,0.5551508124274916,-0.1859830782820237,-0.006262076027401477,-0.0025215546546839733,-4.928923970460202,0,0.5517587063647975
47.31999999999217,-2.114254386584144,0.4639004765467202,1.2633219725258562,0.013990507170132288,-0.009538909831491426,-0.0009917902570067611,-1.5549597454850788,0.15919191789478654,1.6373470527925105,0.26679090365051417,0.03327728864793532,-0.1955802377950305,-1.8660647796944387,0.3536949649803793,1.4616338515697889,0.11669724922235719,0.023677338322904994,-0.12760457842844194,0.09000117304571391,0.09000117304571391,0.0,0.08622853087469647,0.5552079165451984,-0.18599239891965827,-0.00627354072513059,-0.0025231878686041787,-4.928814896398078,0,0.5517847733538124
47.32415999999217,-2.1141959744096557,0.4638606948254959,1.2633178627515271,0.014018921877232861,-0.00954761309382539,-0.0009863458390021312,-1.6247514405586492,0.4103316823324973,0.9181617258148613,-0.10200152453821372,-0.1031425932216007,-0.09363480333581736,-1.745618824011286,0.38179742087886226,1.1896996632836991,0.007478349349435667,-0.0388755932202798,-0.11083112288991595,0.09000117304571391,0.09000117304571391,0.0,0.08611319821329443,0.5552651326861425,-0.18600188216893226,-0.006285059244149604,-0.0025248281064437347,-4.928705651415716,0,0.5518108614985682
47.32831999999217,-2.1141374432850806,0.4638208766823568,1.2633137757618167,0.01404746989797871,-0.00955635435338682,-0.0009808775305077838,-2.101488815284275,0.34015922103069396,1.43124898179753,-0.014300373223969225,0.01992719300115574,-0.024417035303170638,-1.9235866329072948,0.3610201266287277,1.3104244768586186,-0.003131355679803164,-0.009790053057648173,-0.0672693665921284,0.09000117304571391,0.09000117304571391,0.0,0.08599747954705135,0.5553224613653049,-0.1860115294869512,-0.006296631986578307,-0.0025264753795498,-4.92859623478927,0,0.5518369708913575
47.33247999999217,-2.114078792650687,0.4637810219582347,1.2633097116574898,0.014076152254499966,-0.009565133789307229,-0.0009753850384662965,-2.403397351206481,0.5821115046042853,1.0463425391400722,-0.036456489308685336,0.03302271729337679,-0.08372131528059328,-2.163570555527646,0.4716360015114625,1.1782082598764885,-0.02009107993936755,0.0116364224902268,-0.07584899504915837,0.09000117304571391,0.09000117304571391,0.0,0.08588137226915495,0.5553799031004947,-0.18602134235049775,-0.006308259358711669,-0.0025281296991143077,-4.928486645790011,0,0.5518631016248035
47.336639999992165,-2.114020021942438,0.4637411304933101,1.2633056705405485,0.014104969979694792,-0.009573951581888833,-0.0009698680659366982,-2.551207582207736,0.3663038241679709,0.9927921759007599,0.21854201898294429,-0.07974635588865983,-0.03489733897131488,-2.3569377691486117,0.4188009853449395,1.0854274666700072,0.09947409920815946,-0.03293341479861065,-0.055919940306504955,0.09000117304571391,0.09000117304571391,0.0,0.08576487374585648,0.5554374584127271,-0.18603132225501098,-0.006319941771075858,-0.0025297910761705603,-4.928376883684287,0,0.5518892537918596
47.340799999992164,-2.113961130591949,0.46370120212700755,1.2633016525142484,0.014133924117369245,-0.009582807912613617,-0.0009643263120260224,-1.955158435704192,0.4662527203589147,0.9047063627031722,0.01861639080262204,-0.09885560658517956,-0.051964377421604334,-2.1560061970148663,0.4423207875142825,0.994957809252755,0.058871347943685856,-0.06551495225637594,-0.054059520911041985,0.09000117304571391,0.09000117304571391,0.0,0.08564798131834922,0.555495127826176,-0.1860414707157038,-0.006331679638483951,-0.0025314595215893427,-4.928266947733468,0,0.5519154274858121
47.34495999999216,-2.1139021180264392,0.46366123669799036,1.2632976576831159,0.014163015722393828,-0.009591702964120544,-0.0009587594718336616,-2.506673342658921,0.2908069884989414,1.253237962902378,-0.08666955686658391,-0.09845891069510622,-0.09692169581930626,-2.33152216886415,0.3663587482068512,1.1238977559438748,-0.01404602333382313,-0.0823272201167685,-0.07532287122229023,0.09000117304571391,0.09000117304571391,0.0,0.08553069230058583,0.5555529118679109,-0.18605178926804114,-0.006343473380093395,-0.002533135046067883,-4.928156837193908,0,0.5519416228002803
47.34911999999216,-2.1138429836686856,0.463621234044156,1.2632936861529642,0.014192245860846019,-0.009600636920240617,-0.0009531672363761605,-2.3708404953542535,0.3744039428238505,1.1710162828259503,0.14366584607147406,0.23904663899226153,0.01747922156059518,-2.3508819783895665,0.3708786822125178,1.1474928791526762,0.06441126832536336,0.0783053174140205,-0.02853048789143463,0.09000117304571391,0.09000117304571391,0.0,0.08541300397944487,0.5556108110685433,-0.18606227946693482,-0.0063553234194640845,-0.0025348176601271873,-4.928046551316889,0,0.5519678398292174
47.35327999999216,-2.1137837269369766,0.4635811940026311,1.263289738030912,0.014221615610165722,-0.009609609965975367,-0.0009475492925239309,-2.355609511409782,0.5198159800143971,1.2408625480006845,-0.22333601261254635,0.06628161918923742,0.1626921539931055,-2.3537098483076795,0.44548679075222103,1.1945170990769505,-0.079666143403839,0.07202803954209817,0.0669064568259437,0.09000117304571391,0.09000117304571391,0.0,0.08529491361532551,0.5556688259612697,-0.1860729428887194,-0.006367230184616842,-0.0025365073741019776,-4.9279360893485755,0,0.5519940786669119
47.35743999999216,-2.113724347245063,0.46354111640976636,1.2632858134254,0.01425112605930913,-0.009618622287530972,-0.0009419053229263274,-1.8506468859312686,0.4716160924207697,1.1254217530072292,0.08881578990461848,0.2578860068058995,0.20126854865142252,-2.10199051885807,0.4590870213328385,1.160386588466454,0.004759344917981575,0.16542523678446033,0.13455339731899502,0.09000117304571391,0.09000117304571391,0.0,0.08517641844039023,0.5557269570828918,-0.18608378112992208,-0.006379194108094193,-0.0025382041981379085,-4.927825450529966,0,0.5520203394079878
47.36159999999216,-2.113664844002109,0.46350100110113185,1.2632819124462085,0.01428077830890834,-0.00962767407228959,-0.0009362350059482576,-1.6631004501500142,0.6994289357411733,1.7539624697201277,0.11580628312054506,-0.0474880539613754,-0.06105001027682389,-1.8823015029019152,0.5791618478447598,1.4570504961273287,0.060258024276857246,0.05851999235266194,0.03734326403674211,0.09000117304571391,0.09000117304571391,0.0,0.08505751565894344,0.5557852049731805,-0.18609479580838392,-0.006391215627020702,-0.002539908142179947,-4.927714634096841,0,0.5520466221474063
47.36575999999216,-2.113605216612645,0.46346084791151165,1.2632780352044768,0.01431057347142644,-0.009636765508851806,-0.0009305380155857788,-1.7579761779125231,0.36460552580677463,1.6537985429276,0.03041949115158337,0.0481601560601487,0.064211565033005,-1.820074409321813,0.47198291355990696,1.5555588033123242,0.04520148169043685,0.05307321532507642,0.05108878918414722,0.09000117304571391,0.09000117304571391,0.0,0.08493820244716908,0.5558435701750942,-0.18610598856374233,-0.006403295183165273,-0.002541619215970453,-4.927603639279715,0,0.5520729269804661
47.369919999992156,-2.1135454644765144,0.46342065667489907,1.2632741818127209,0.014340512671324279,-0.0096458967870192,-0.0009248140214005359,-2.2572710719765765,0.3872308164038189,1.2791689724672572,0.06479122901347235,-0.018983086741500118,0.046752579741661845,-2.0385415029527465,0.4295667007245793,1.417458635389003,0.055219602989827414,0.01709147817188092,0.049191419394978224,0.09000117304571391,0.09000117304571391,0.0,0.08481847595222601,0.5559020532349979,-0.18611736105748625,-0.006415433223004138,-0.0025433374290399513,-4.927492465303784,0,0.5520992540028045
47.374079999992155,-2.113485586988826,0.46338042722449163,1.2632703523848523,0.01437059704522601,-0.009655068097790369,-0.0009190626884465503,-1.7654384387786655,0.5971427060075385,1.6665740628128969,-0.09041415336249753,-0.12543835025722447,-0.08325617157641926,-1.9021742089172067,0.5130940600949159,1.5418452168608605,-0.01850622127735611,-0.05372782810592929,-0.017165743647204783,0.09000117304571391,0.09000117304571391,0.0,0.08469833329241132,0.5559606547021337,-0.18612891497322565,-0.006427630197784539,-0.0025450627906969756,-4.927381111388872,0,0.5521256033103978
47.378239999992154,-2.1134255835399003,0.4633401593926858,1.2632665470361975,0.014400827742083828,-0.009664279633394633,-0.0009132836771833926,-2.1285730522148922,0.43867983655070586,1.363989994520811,0.10473341530741893,0.10949327018763796,-0.02176554957182404,-2.015156579794891,0.4761152267762607,1.4528713016539812,0.04272462844678279,0.027364343144200602,-0.019567391823510173,0.09000117304571391,0.09000117304571391,0.0,0.08457777155646828,0.5560193751293742,-0.18614065201739,-0.00643988656359021,-0.002546795310024873,-4.927269576749381,0,0.5521519749995631
47.38239999999215,-2.1133654535152195,0.46329985301107224,1.2632627658835165,0.014431205923354845,-0.009673531587256057,-0.0009074766434111688,-2.01320190014409,0.07839827130904531,1.026760689933437,-0.004340234953803741,-0.04897504068940401,0.1468473309801802,-2.014187589377513,0.2771518010037796,1.2401178942575284,0.018875703242512157,-0.01065700065266721,0.06389763119719129,0.09000117304571391,0.09000117304571391,0.0,0.08445678780332097,0.556078215072372,-0.1861525739188578,-0.006452202781407153,-0.0025485349958679912,-4.927157860594236,0,0.5521783691669574
47.38655999999215,-2.113305196295373,0.46325950791043036,1.2632590090450242,0.014461732763167435,-0.009682824154049073,-0.0009016412381716791,-2.1684158377166973,0.502128959448737,1.3482107573100013,-0.01842110784212095,0.028129632976135917,-0.043687064750414735,-2.091341212744364,0.3897007938941773,1.294074922473876,0.0002799891390160126,0.008574881049860508,0.009771669888290473,0.09000117304571391,0.09000117304571391,0.0,0.08433537906138033,0.5561371750904739,-0.18616468243094098,-0.006464579317191425,-0.002550281856830959,-4.927045962126836,0,0.5522047859095798
47.39071999999215,-2.113244811256004,0.46321912392072345,1.2632552766404088,0.01449240944850357,-0.009692157529660338,-0.000895777107684305,-1.6841248019442319,0.445382338112993,1.6226469706341637,0.05527057247063343,-0.05418700437113453,0.10727462391078729,-1.8876148835722668,0.41742923987158914,1.4585862148907747,0.02762121222110386,-0.022798020352722482,0.058593330342891284,0.09000117304571391,0.09000117304571391,0.0,0.08421354232870494,0.5561962557460309,-0.1861769793295196,-0.006477016641937042,-0.002552035901265543,-4.926933880544991,0,0.5522312253247712
47.39487999999215,-2.1131842977677566,0.4631787008710934,1.2632515687908537,0.01452323717937809,-0.009701531911205602,-0.0008898838932536194,-2.027269086654268,0.6370795548717751,1.329794765046735,0.05039356153126525,-0.029749693523405375,-0.34759974345269223,-1.9573392742997926,0.5271943577038881,1.393466269319998,0.03954884288814839,-0.02641854263425363,-0.14432234377120584,0.09000117304571391,0.09000117304571391,0.0,0.08409127457187837,0.5562554576048844,-0.18618946641566889,-0.006489515231745711,-0.002553797137262207,-4.926821615040875,0,0.5522576875102159
47.39903999999215,-2.113123655196219,0.46313823858985576,1.263247885619057,0.014554217169020188,-0.009710947497033124,-0.0008839612311882257,-2.0900744168966825,0.6664123873417594,1.0546043954979831,0.06324962647811447,-0.05388286911209078,0.0853047286248033,-2.0235758946659113,0.5966917826754926,1.224210880514592,0.05124271395655724,-0.039913711013546634,-0.029758118761993243,0.09000117304571391,0.09000117304571391,0.0,0.0839685727261681,0.5563147812359973,-0.1862021455142244,-0.006502075567897325,-0.0025555655726413537,-4.926709164800965,0,0.5522841725639411
47.40319999999215,-2.1130628829018687,0.4630977369044943,1.2632442272492541,0.014585350644057414,-0.009720404486746829,-0.0008780087527042102,-1.7276808407966657,0.6328872763098521,1.6365845409189603,0.020829550601324437,-0.1416238046524207,-0.13692093286924276,-1.8755827030202132,0.6144943061817542,1.430114996356153,0.03590857419465623,-0.09032795822010357,-0.08294396659642547,0.09000117304571391,0.09000117304571391,0.0,0.08384543369504295,0.5563742272115657,-0.1862150184757697,-0.006514698136922183,-0.002557341214948191,-4.926596529005987,0,0.552310680584318
47.407359999992146,-2.113001980240016,0.46305719564165604,1.2632405938072382,0.014616638844709429,-0.009729903081183931,-0.0008720260838482237,-1.6138337828427591,0.3000480774285845,1.3926104492147757,-0.10749693659294612,0.04883368570351623,0.13112230112524417,-1.744931150552566,0.4573704925222573,1.411635606046444,-0.035232663389201925,-0.020721615979986382,0.023875859413939982,0.09000117304571391,0.09000117304571391,0.0,0.08372185434926181,0.5564337961075057,-0.18622808717563127,-0.006527383430674032,-0.0025591240714401453,-4.92648370683086,0,0.5523372116700629
47.411519999992144,-2.1129409465607454,0.463016614627146,1.2632369854203824,0.01464808302497962,-0.009739443482414152,-0.0008660128454049093,-1.7220005478848701,0.4732595143999555,1.323690046719695,-0.15678057970650486,0.03341370278863548,-0.049340804489551804,-1.7337922932057113,0.4653854825785435,1.3675597758704021,-0.09575582759885104,0.005925017537342105,-0.012820263102495413,0.09000117304571391,0.09000117304571391,0.0,0.08359783152681637,0.5564934885027095,-0.18624135351522633,-0.006540131946404041,-0.0025609141490749027,-4.926370697444632,0,0.5523637659202366
47.41567999999214,-2.1128797812088584,0.46297599368592196,1.2632334022176623,0.014679684452848132,-0.009749025893763846,-0.0008599686527989858,-1.359927656448406,0.6165754697544846,1.239175635264911,-0.004464105015759261,-0.08643121223225475,0.0741747501646105,-1.5468658746272417,0.540801346498294,1.3035200373647722,-0.05048571429155884,-0.04004849930739318,0.031177112736422218,0.09000117304571391,0.09000117304571391,0.0,0.08347336203244586,0.5565533049794792,-0.1862548194221293,-0.006552944186836566,-0.00256271145450362,-4.926257500010428,0,0.5523903434342452
47.41983999999214,-2.1128184835238146,0.4629353326420893,1.263229844329679,0.014711444410469092,-0.009758650519834766,-0.0008538931159949182,-2.618021120782247,0.3711797131317208,1.1057396026125499,-0.0704424690622175,-0.04962018039629857,-0.10919390304246876,-2.0825967330588884,0.45588402695815466,1.2044014027463108,-0.06083706252867368,-0.04382040995187465,-0.039041179856826945,0.09000117304571391,0.09000117304571391,0.0,0.08334844263736503,0.5566132461235845,-0.18626848685120934,-0.006565820660246415,-0.0025645159940655324,-4.926144113685388,0,0.5524169443118413
47.42399999999214,-2.1127570528396715,0.4628946313188958,1.2632263118886815,0.014743364194382692,-0.009768317566445296,-0.0008477858394233183,-2.707270912189583,0.6391788099517262,1.1777288227363578,-0.06778324773950092,0.17670327275187123,-0.03826825181999853,-2.3950777726434964,0.5479010427726028,1.1909858174177543,-0.06498687980640262,0.06604070193639262,-0.038889494412223766,0.09000117304571391,0.09000117304571391,0.0,0.0832230700785636,0.5566733125241616,-0.18628235778384364,-0.006578761880536469,-0.0025663277737675337,-4.926030537620604,0,0.5524435686531234
47.42815999999214,-2.1126954884850226,0.4628538895387263,1.2632228050285903,0.014775445115714454,-0.00977802724068273,-0.0008416464218630351,-2.454777470918689,0.24481362933758077,0.44086116513313833,0.09825157168009432,-0.08059558137548287,0.06317983730538296,-2.4247240195485484,0.39618832870186704,0.8160508765295292,0.016785591089339257,-0.00762866524964929,0.011551047619448336,0.09000117304571391,0.09000117304571391,0.0,0.0830972410576766,0.5567335047735044,-0.1862964342288413,-0.006591768367317707,-0.0025681467992785256,-4.925916770961064,0,0.5524702165585362
47.43231999999214,-2.112633789782938,0.4628131071230975,1.2632193238850222,0.014807688500379597,-0.00978777975092138,-0.0008354744563349189,-2.522303282507271,0.4103416651072988,1.3188135719285172,0.030047848712925214,0.09682174634789456,0.12142433140753309,-2.473450739671645,0.40346666953625837,1.067687688400523,0.022889106474962343,0.04449985358365278,0.06677540160763269,0.09000117304571391,0.09000117304571391,0.0,0.0829709522422059,0.556793823467711,-0.1863107182242267,-0.006604840645989965,-0.002569973075924317,-4.9258028128455855,0,0.5524968881288719
47.43647999999214,-2.1125719560508993,0.4627722838926527,1.2632158685953139,0.01484009568931074,-0.009797575306756262,-0.0008292695300258907,-2.717509943438638,0.5245309022679462,1.0446635218106524,-0.0669898081690926,0.04771148662779759,0.005436632378944132,-2.5956195895495124,0.46409771043879083,1.056187987975413,-0.022908499735217833,0.04666377074544899,0.03551565387164972,0.09000117304571391,0.09000117304571391,0.0,0.08284420026310722,0.556854269205781,-0.1863252118356014,-0.00661797924782407,-0.0025718066086653467,-4.925688662406756,0,0.5525235834652691
47.440639999992136,-2.112509986600738,0.46273141966715653,1.2632124392985467,0.014872668038660575,-0.009807414119078796,-0.0008230312241559996,-1.9904811571416081,0.658828979387925,0.9802483196232987,0.0976289857464559,0.0010613319997683918,-0.027245831661037515,-2.2928449260375245,0.5614686237299805,1.0181630329482445,0.03824332364145275,0.023043887688303174,0.0031382696089553726,0.09000117304571391,0.09000117304571391,0.0,0.08271698171558162,0.5569148425905817,-0.18633991715792744,-0.006631184710045772,-0.002573647402094698,-4.9255743187708685,0,0.5525503026692138
47.444799999992135,-2.1124478807385714,0.46269051426548974,1.2632090361355721,0.014905406920031075,-0.009817296400034006,-0.0008167591138865507,-2.406826933954357,-0.03379697521713437,1.833392597522636,-0.09819837074973234,0.017140635123239645,-0.05753812880724729,-2.35004194563949,0.2638674184426547,1.4256626202140108,-0.029503196020655827,0.02004093614307411,-0.026608489375700626,0.09000117304571391,0.09000117304571391,0.0,0.08258929315837094,0.5569755442281596,-0.18635483631581679,-0.006644457575920762,-0.0025754954604220075,-4.925459781057857,0,0.5525770458425394
47.448959999992134,-2.112385637764735,0.46264956750564384,1.263205659249038,0.014938313720699106,-0.009827222363021184,-0.0008104527682115709,-1.8719471753318238,0.9920209447654522,0.8585555518142421,0.0923882494900903,-0.0003826407112787391,0.08817003704871931,-2.1108008718281335,0.627948127231541,1.1422876659729808,0.032310655816892415,0.010000543823043278,0.031178692241245597,0.09000117304571391,0.09000117304571391,0.0,0.08246113111262414,0.5570363747279593,-0.18636997146424975,-0.0066577983948413605,-0.002577350787459049,-4.925345048381229,0,0.5526038130874265
47.45311999999213,-2.112323256973719,0.46260857920471576,1.2632023087834137,0.014971389843837809,-0.009837192222736667,-0.0008041117498332601,-2.050713104619997,0.36055283198079197,1.5424626227876586,0.07498324978285285,-0.0074532747051183415,0.12111256885597117,-2.080599938318876,0.4942327529383126,1.342629250916479,0.053323760780474,0.0014444767403290603,0.07643044587469927,0.09000117304571391,0.09000117304571391,0.0,0.08233249206225908,0.5570973347030416,-0.18638532478843878,-0.0066712077224150195,-0.0025792133866145827,-4.925230119848005,0,0.552630604506403
47.45727999999213,-2.112260737654099,0.4625675491789028,1.2631989848850176,0.01500463670875955,-0.009847206195115853,-0.0007977356150655424,-1.8725864001872334,-0.042844518835991996,1.3437182857348449,0.14393582999149365,0.08167691878508979,-0.06480388186807211,-1.9762922142969144,0.22586047697096087,1.3430387815209721,0.09856771611043845,0.04144377029709191,0.005920524624054431,0.09000117304571391,0.09000117304571391,0.0,0.08220337245218558,0.5571584247696626,-0.18640089850497665,-0.006684686120553672,-0.002581083260873314,-4.9251149945586485,0,0.552657420202344
47.46143999999213,-2.1121980790884693,0.462526477243497,1.2631956877020438,0.015038055751141956,-0.009857264497389249,-0.000791323913700185,-2.175426711461124,0.6844055413819714,1.1609026918818828,-0.0002456728379579762,-0.16546201053410292,0.008373565723790548,-2.0758607120722554,0.4547917406905995,1.2519853246949888,0.04885228078593405,-0.061841539310675805,0.007894246508070897,0.09000117304571391,0.09000117304571391,0.0,0.08207376868952032,0.5572196455477588,-0.18641669486213114,-0.006698234157565033,-0.0025829604127899563,-4.9249996716069955,0,0.5526842602784721
47.46559999999213,-2.1121352805533724,0.46248536321288014,1.26319241738459,0.015071648423279911,-0.009867367348037951,-0.0007848761889019736,-2.223644671445003,0.5212076569989141,1.9405579717748842,0.02469635936037156,0.06909842026303462,-0.15758089862739685,-2.1497029888361223,0.4881427307526618,1.5959480927503806,0.037079115521952824,0.004175688166439231,-0.07453938779359814,0.09000117304571391,0.09000117304571391,0.0,0.08194367714138116,0.5572809976605793,-0.18643271614056883,-0.006711852408245714,-0.002584844844470141,-4.9248841500801905,0,0.5527111248383564
47.46975999999213,-2.1120723413192293,0.4624442069005184,1.2631891740846857,0.01510541619432442,-0.009877514966818164,-0.0007783919770795671,-2.0777537025114783,1.1701516675648738,1.275838235213949,0.06796546424031379,-0.13066300974609107,-0.07300249623135568,-2.113585348073359,0.8288793423397641,1.435739642030299,0.05197795322426255,-0.06282444022632197,-0.07404082845008451,0.09000117304571391,0.09000117304571391,0.0,0.08181309413503052,0.5573424817349575,-0.1864489646536526,-0.006725541453975579,-0.002586736557558869,-4.924768429058615,0,0.5527380139859129
47.47391999999213,-2.1120092606502685,0.4624030081189569,1.26318595795632,0.01513936055053395,-0.009887707574755105,-0.0007718708077620845,-1.9113180873880267,0.39912466162529303,1.43091298493341,-0.15301508462207467,-0.06341223096021631,0.07320085742147038,-2.0127686390390798,0.613867650819756,1.433479385118339,-0.050471910171798307,-0.06338354439085636,-0.0008380032636855573,0.09000117304571391,0.09000117304571391,0.0,0.0816820159575912,0.5574040984009426,-0.18646544274816795,-0.006739301882813896,-0.002588635553226272,-4.924652507615815,0,0.5527649278254038
47.478079999992126,-2.111946037804454,0.4623617666798146,1.2631827691554722,0.015173482995528486,-0.009897945394153907,-0.0007653122034684685,-2.6447191224491804,0.6163628257564784,0.879111787288408,0.07306687975881396,0.03202532612843319,0.05720635028209477,-2.3285961142710594,0.6151830453746377,1.1564110321763008,0.011187855922242453,-0.01625158348048145,0.02801812403014618,0.09000117304571391,0.09000117304571391,0.0,0.08155043885512,0.5574658482925,-0.18648215280505162,-0.0067531342895976254,-0.0025905418321553065,-4.924536384818434,0,0.5527918664614379
47.482239999992125,-2.11188267203341,0.46232048239377893,1.2631796078401405,0.015207785050554194,-0.009908228648560332,-0.0007587156795900265,-1.941425548710254,0.1359952720166857,1.3058997532296306,0.12526764110156763,0.08400502426754713,0.1005371949650337,-2.1347471062239483,0.3757596187000777,1.2313659110168815,0.06799782122211712,0.034310218731470186,0.06410096102767757,0.09000117304571391,0.09000117304571391,0.0,0.08141835903146569,0.5575277320463936,-0.1864990972399077,-0.00676703927604074,-0.002592455394520205,-4.924420059726135,0,0.5528188299989681
47.48639999999212,-2.1118191625823486,0.46227915507060047,1.2631764741703728,0.015242268254735129,-0.00991855756282652,-0.0007520807442364544,-1.7597986943463972,0.42675462806663456,1.4768571791916778,-0.04052402029607978,-0.07221599762863828,-0.036539777799378344,-1.947355022887252,0.4011078687843657,1.3540377172881137,0.013963835617706187,-0.019232525473974933,0.013567752359865636,0.09000117304571391,0.09000117304571391,0.0,0.08128577264905,0.5575897503036877,-0.1865162785037395,-0.006781017450835973,-0.0025943762399814546,-4.924303531391532,0,0.5528458185432941
47.49055999999212,-2.111755508689993,0.4622377845190879,1.2631733683082973,0.015276934165358438,-0.009928932363016537,-0.0007454068981301861,-2.3082855919117464,0.09427360041925736,1.1232187282788655,0.17232256401237653,0.07831460505011455,-0.03222498037423931,-2.127464748649661,0.24784984253830278,1.2385594008465473,0.093297301384098,0.030321973730380442,-0.009239246865811264,0.09000117304571391,0.09000117304571391,0.0,0.08115267582665549,0.5576519037080961,-0.18653369908304074,-0.006795069429757575,-0.0025963043676563652,-4.924186798860114,0,0.5528728322000582
47.49471999999212,-2.111691709588501,0.46219637054710244,1.2631702904181539,0.01531178435812975,-0.009939353276510094,-0.0007386936344319201,-2.0838388399411056,0.42127275668357883,1.4881777520066934,0.09595011031483669,0.0030425683573689632,0.17191756131292277,-2.10545224525451,0.3345677960722042,1.3637273434715105,0.09478205245144006,0.017186740349391976,0.08159836257154826,0.09000117304571391,0.09000117304571391,0.0,0.08101906464041789,0.557714192907483,-0.18655136150117194,-0.006809195835767096,-0.002598239776117519,-4.9240698611701665,0,0.5528998710752476
47.49887999999212,-2.1116277645033863,0.46215491296155287,1.2631672406663261,0.015346820427469952,-0.00994982053189442,-0.0007319404386341666,-1.8958278648046765,0.3547027013846975,1.5362502362256136,-0.07008672424226292,-0.0015044342011312998,0.13302673515424085,-2.0007836980243656,0.34463263572098646,1.4502665428310657,0.01203677056716099,0.007661901325694542,0.10737945099850282,0.09000117304571391,0.09000117304571391,0.0,0.08088493512139772,0.5577766185526396,-0.18656926831845552,-0.006823397299119877,-0.0026001824633620258,-4.923952717352701,0,0.5529269352751915
47.50303999999212,-2.1115636726534412,0.4621134115683901,1.2631642192213746,0.015382043986780287,-0.009960334359065279,-0.0007251467883813542,-1.6950909865459918,0.8532349713504968,1.1361308863011936,0.03097447146523299,-0.0861143828720065,0.11776940920217162,-1.8478716994280282,0.5987589478556651,1.293440501347152,0.02194784828855614,-0.03955720688675845,0.11304114021952057,0.09000117304571391,0.09000117304571391,0.0,0.08075028325678398,0.5578391812983575,-0.18658742213377041,-0.006837674457474489,-0.0026021324268085096,-4.923835366431372,0,0.5529540249065615
47.50719999999212,-2.1114994332506547,0.4620718661726021,1.2631612262540688,0.015417456668750365,-0.009970894989113414,-0.0007183121533600956,-1.8819448504314207,0.651456373592374,1.7652394257891513,0.0034393884746641255,0.06769304086074797,0.20772876375330976,-1.8649012189169705,0.6252494490609328,1.5297750972785846,0.012627191586155103,0.013762918913158716,0.16049308110157234,0.09000117304571391,0.09000117304571391,0.0,0.08061510498789132,0.5579018818023662,-0.18660582558358105,-0.006852027956003036,-0.002604089663264258,-4.923717807422401,0,0.5529811400763699
47.511359999992116,-2.1114350455001314,0.46203027657820867,1.2631582619374224,0.015453060125635472,-0.009981502654427928,-0.0007114359951084689,-2.624391371285391,0.43817992677987344,1.206057045094813,0.22313857900553166,0.052499873945198394,0.04920440187227283,-2.244186925680802,0.5318217593474454,1.368015638689134,0.11759909087577142,0.033522130227910285,0.10510157495582761,0.09000117304571391,0.09000117304571391,0.0,0.08047939621007887,0.5579647207262992,-0.18662448134460397,-0.006866458447505006,-0.00260605416892122,-4.923600039334497,0,0.5530082808919691
47.515519999992115,-2.1113705086000083,0.46198864258825617,1.263155326446727,0.01548885602956984,-0.009992157588598576,-0.0007045177668953214,-1.8565071297631248,0.5496258304450635,0.9034591127858314,0.16741221730108155,-0.0807299267567228,-0.173056121633267,-2.049996152940193,0.5405561263527007,1.1353755441173619,0.14252676851982987,-0.023655619799206135,-0.034618607457320316,0.09000117304571391,0.09000117304571391,0.0,0.08034315277159912,0.5580276987350583,-0.18664339213305575,-0.006880966592521483,-0.0026080259393256844,-4.923482061168775,0,0.5530354474610505
47.519679999992114,-2.111305821741371,0.46194696400481255,1.2631524199595872,0.015524846072862175,-0.010002860026470778,-0.0006975569135398052,-2.136928671854017,0.4319721722595322,1.6132813234102388,0.005319315635758373,0.11334662152079922,0.0015524155981604059,-2.0934536542219107,0.4864987251445629,1.3743340405577142,0.07474806166544624,0.04503965710826404,-0.016070765494014053,0.09000117304571391,0.09000117304571391,0.0,0.08020637047351449,0.5580908164969259,-0.18666256070582585,-0.006895553059452502,-0.002610004969365471,-4.923363871918674,0,0.5530626398916423
47.52383999999211,-2.11124098410817,0.461905240628962,1.263149542655957,0.015561031968309203,-0.010013610204130045,-0.000690552871252297,-2.0644057908567808,0.6447843844890997,1.0431351045689574,0.01790305724350374,0.05014309570198192,-0.12425209237512708,-2.0788919230849614,0.5657464037028334,1.2084733215486088,0.046156886746486485,0.04785786422328949,-0.06991758835076838,0.09000117304571391,0.09000117304571391,0.0,0.08006904506918597,0.558154074683837,-0.18668198986186674,-0.006910218524676537,-0.0026119912532513957,-4.923245470569876,0,0.5530898582921098
47.52799999999211,-2.1111759948771303,0.4618634722608001,1.2631466947181758,0.015597415449519437,-0.010024408358859233,-0.0006835050674826735,-2.4360087544673976,0.22886906364248571,1.3073466918068424,0.12131814340398614,0.043736532587597084,-0.21456062699021836,-2.257200207882107,0.39739652023098004,1.2574653271739746,0.08359248967593813,0.04571421076509976,-0.1426666877311615,0.09000117304571391,0.09000117304571391,0.0,0.07993117226183521,0.5582174739708499,-0.18670168244187496,-0.006924963672671916,-0.0026139847844902082,-4.923126856100217,0,0.5531171027711517
47.53215999999211,-2.111110853217667,0.46182165869942843,1.263143876331006,0.015633998271221344,-0.010035254729201325,-0.0006764129207256344,-2.0533986488205453,0.5440491874117989,1.5863851726955973,-0.07413241319214343,0.04460664493852921,-0.0036332415901079123,-2.1554521050800237,0.4708180209834808,1.4219204313047389,0.004696647005812094,0.04450634861911041,-0.07336888869670294,0.09000117304571391,0.09000117304571391,0.0,0.07979274770638091,0.5582810150370062,-0.18672164132989805,-0.006939789196140604,-0.002615985555874626,-4.923008027479608,0,0.5531443734378013
47.53631999999211,-2.1110455582917935,0.46177979974294986,1.263141087681671,0.015670782209610965,-0.010046149554854502,-0.0006692758403799305,-1.4235991245644968,0.6463350072653345,1.2312906137103006,-0.023420634053877804,-0.033857011706614384,-0.04486459361913536,-1.7895695801650418,0.5585072442674988,1.3265123611535254,-0.009181208819157785,0.005366436181009679,-0.05983483236313217,0.09000117304571391,0.09000117304571391,0.0,0.07965376700657215,0.5583446985640544,-0.18674186945366153,-0.0069546957961338415,-0.0026179935594475515,-4.922888983669944,0,0.5531716704014223
47.54047999999211,-2.1109801092540326,0.46173789518846337,1.2631383289598939,0.015707769062669963,-0.010057093076764998,-0.0006620932265373659,-2.508829001685226,0.9716349680294929,1.391415704767193,0.06946379195243446,-0.07476565210307036,0.1604020519020549,-2.1490584247492337,0.7649183218330471,1.3592972562905208,0.029455143761724926,-0.03461524254885763,0.05068420480371697,0.09000117304571391,0.09000117304571391,0.0,0.0795142257151113,0.5584085252376821,-0.18676236978618108,-0.006969684182181236,-0.002620008786493379,-4.922769723625017,0,0.5531989937717081
47.54463999999211,-2.1109145052513223,0.46169594483205895,1.2631356003579364,0.015744960650515612,-0.010068085537058596,-0.000654864469822601,-2.048395048855289,0.7306282948357558,0.7571713001445236,-0.008702141094508356,-0.2457031944024652,-0.015486285353919412,-2.0987443939231594,0.74726139650051,1.0581988269893454,0.010504591322646693,-0.1398493236518173,0.017135260905202995,0.09000117304571391,0.09000117304571391,0.0,0.07937411933292166,0.5584724957469885,-0.1867831453454523,-0.0069847550724210766,-0.0026220312275100285,-4.922650246290431,0,0.5532263436586804
47.548799999992106,-2.1108487454229232,0.4616539484688131,1.2631329020706397,0.015782358815751914,-0.0100791271790114,-0.0006475889512113632,-2.4131311219632643,0.6187698499201238,1.2563267739139483,0.22637676525759748,-0.04181790054057802,-0.03304851598817056,-2.2554693955751297,0.6829294405541553,1.1571957472145458,0.11856861401603319,-0.09165561516081921,-0.008097819702665284,0.09000117304571391,0.09000117304571391,0.0,0.07923344330798565,0.5585366107840073,-0.18680419919585217,-0.0069999091937331375,-0.002624060872179074,-4.922530550603502,0,0.5532537201726856
47.552959999992105,-2.110782828900324,0.4616119058927834,1.2631302342954653,0.01581996542381238,-0.010090218247119895,-0.0006402660418139625,-2.111454915831021,0.5347227781144579,0.973967438500098,0.044514998017561716,0.09107464923387458,0.06454785736729404,-2.1833687620128397,0.6090136308086906,1.0657143280527315,0.08164461115803054,0.00011811003453359416,0.028335930532181274,0.09000117304571391,0.09000117304571391,0.0,0.07909219303525085,0.5586008710445667,-0.18682553444954483,-0.00701514728187525,-0.0026260977093547524,-4.92241063549318,0,0.5532811234243943
47.5571199999921,-2.1107167548071435,0.46156981689700416,1.2631275972325373,0.015857782363333663,-0.01010135898701529,-0.0006328951027067632,-1.6297977445623322,0.5418117475434228,1.1729063251009972,-0.01932546798054849,-0.020806869876470957,0.2392300235802452,-1.9066203841503837,0.5753694523126602,1.11980974168566,0.03155457708827058,-0.010588779903818166,0.13325327917954474,0.09000117304571391,0.09000117304571391,0.0,0.07895036385503801,0.5586652772276536,-0.18684715426682008,-0.007030470081621304,-0.0026281417270307694,-4.922290499879945,0,0.5533085535247979
47.5612799999921,-2.110650522259033,0.46152768127348137,1.2631249910846842,0.0158958115465201,-0.010112549645468785,-0.0006254754847271877,-2.1060886620567474,0.599847244708028,1.8268195731301518,0.051069465589595506,0.07515527366889892,-0.049710393803610683,-2.006248466708934,0.5877662729371538,1.473215617208054,0.040719741863787136,0.03158902658410721,0.04206747916464795,0.09000117304571391,0.09000117304571391,0.0,0.07880795105208818,0.5587298300355245,-0.18686906185686128,-0.007045878346901988,-0.002630192912314256,-4.922170142675717,0,0.5533360105852063
47.5654399999921,-2.1105841303635766,0.461485498813188,1.2631224160574832,0.01593405490951377,-0.01012379047040656,-0.0006180065282596109,-2.1565628675928874,0.06465120494964643,1.0322743994684862,-0.0730583484909752,0.07682017922261467,0.021847316174838576,-2.08156002124222,0.32636603624804666,1.2527884814292405,-0.015516243332062925,0.05363717715528377,0.031421697346643136,0.09000117304571391,0.09000117304571391,0.0,0.07866494985567749,0.5587945301740314,-0.18689126047915758,-0.0070613728409484045,-0.0026322512514050547,-4.922049562783762,0,0.5533634947172459
47.5695999999921,-2.11051757822019,0.46144326930605944,1.2631198723593038,0.015972514412785146,-0.010135081710855356,-0.0006104875630406148,-2.1820267830638347,0.4937634151133347,1.3122381220195374,-0.06374356776286902,0.08732948264663878,0.022329196994562952,-2.1319270488547284,0.41024740592573916,1.2825612172771264,-0.03945423653699447,0.07054555689843826,0.026368517086231964,0.09000117304571391,0.09000117304571391,0.0,0.07852135543823492,0.5588593783518783,-0.1869137534438493,-0.00707695433643825,-0.0026343167295633306,-4.921928759098592,0,0.5533910060328557
47.5737599999921,-2.110450864920017,0.46140099254098876,1.2631173602013541,0.01601119204151839,-0.0101464236169657,-0.0006029179079316624,-1.8943330398613663,0.6378996201475781,1.4213451810051756,0.03327232719264557,-0.1843443999457463,0.11828126467053132,-2.013059215977878,0.5236911379379977,1.3521993363970202,-0.0030765419925946483,-0.05662485018069919,0.07273035158016575,0.09000117304571391,0.09000117304571391,0.0,0.0783771629137435,0.5589243752814809,-0.1869365441140015,-0.007092623615645502,-0.0026363893310868518,-4.92180773050587,0,0.5534185446442859
47.5779199999921,-2.1103839895458254,0.46135866830582223,1.263114879797726,0.01605008980600987,-0.01015781643996843,-0.0005952968707125993,-2.9353878670539757,0.6114311232898538,1.4982516554718217,0.13737953681079906,0.07202252194465139,0.020277646936852727,-2.4739447306866564,0.5677108136548574,1.425270448100366,0.06737361261678335,0.008044340189639397,0.045664326691294534,0.09000117304571391,0.09000117304571391,0.0,0.0782323673382776,0.5589895216781158,-0.18695963590467182,-0.00710838147059165,-0.002638469039279602,-4.921686475882308,0,0.5534461106640931
47.5820799999921,-2.1103169511719,0.46131629638735483,1.2631124313654434,0.01608920974207481,-0.010169260432174922,-0.000587623747848133,-2.780689449796894,0.25337719365617917,1.200709265215293,-0.14495566307313784,-0.025041379920178033,-0.01436667926072397,-2.6276200112340296,0.41048925083352583,1.31295844576449,-0.03912797317341406,-0.008271401760422974,0.015632111676902635,0.09000117304571391,0.09000117304571391,0.0,0.07808696370776061,0.5590548182604064,-0.18698303228604385,-0.007124228703201155,-0.0026405558364243774,-4.921564994095565,0,0.5534737042051386
47.586239999992095,-2.110249748863936,0.46127387657132585,1.263110015124509,0.016128553911459495,-0.010180755846951073,-0.0005798978242653291,-2.0566736765037854,0.3476750389720952,0.9522214624376799,-0.06745212465523125,0.023084732462965808,0.08618341573709005,-2.3422837826231855,0.3791292557060682,1.1327669131936904,-0.05298267015014032,0.007628357290314802,0.05079537381106327,0.09000117304571391,0.09000117304571391,0.0,0.0779409469580713,0.559120265750327,-0.18700673678271526,-0.007140166125458997,-0.002642649703752086,-4.921443284004147,0,0.5535013253805846
47.590399999992094,-2.1101823816789262,0.4612314086424147,1.2631076312979543,0.016168124402267097,-0.010192302938683827,-0.0005721183731201271,-1.9734251972644965,1.0071186151835407,0.5936022526341505,0.13453008638807534,-0.03534707602146326,-0.13791654408433043,-2.1575729230736775,0.6930540638383845,0.8628941808776366,0.041162187233056126,-0.01349835455895488,-0.043660620491918725,0.09000117304571391,0.09000117304571391,0.0,0.07779431196279735,0.559185864872513,-0.18703075297598118,-0.007156194559571667,-0.0026447506214075022,-4.921321344457303,0,0.5535289743038894
47.59455999999209,-2.110114848665054,0.46118889238423627,1.2631052801118896,0.016207923329377056,-0.010203901962814291,-0.0005642846555418011,-2.285512396842096,1.3262020593769515,1.5365376726058935,-0.06578492084221968,-0.07158617060910327,0.07627895277291379,-2.2216812687694723,1.0094834853726704,1.1998781560412595,-0.01188002232178181,-0.042485880154904516,0.016850854193285393,0.09000117304571391,0.09000117304571391,0.0,0.07764705353419363,0.55925161635544,-0.1870550845041971,-0.007172314838131377,-0.0026468585684266337,-4.921199174294918,0,0.5535566510888059
47.59871999999209,-2.1100471488615753,0.4611463275793375,1.2631029617955545,0.01624795283490195,-0.01021555317571342,-0.0005563959204184774,-2.346605947533766,0.38937829147756986,1.3500071891917933,-0.021531325440651373,-0.07549449641666985,-0.021799176611187545,-2.2841889863646516,0.6992698872894721,1.274897345700957,-0.016839919590268416,-0.059163291731249124,-0.001973641966198404,0.09000117304571391,0.09000117304571391,0.0,0.07749916641986368,0.5593175209296654,-0.18707973506442713,-0.0071885278042827,-0.0026489735226876555,-4.921076772347402,0,0.5535843558493752
47.60287999999209,-2.109979281298706,0.4611037140091924,1.2631006765813708,0.01628821508861,-0.010227256834810497,-0.0005484514040968625,-1.7605810050980915,0.257849994822668,1.34419490878172,0.08764265029446312,-0.025617190806363932,-0.06061876549443695,-2.022201281585559,0.4785050115150862,1.3094206173007492,0.03647365725974044,-0.043085899735016184,-0.03133592750922447,0.09000117304571391,0.09000117304571391,0.0,0.07735064530392759,0.5593835793297554,-0.18710470841366877,-0.007204834311894211,-0.0026510954608996067,-4.920954137435591,0,0.5536120886999243
47.60703999999209,-2.1099112449975044,0.461061051454199,1.263098424704995,0.016328712288404955,-0.010239013198419413,-0.0005404503301732123,-2.757011579528109,0.3285971310059733,1.0579600883058318,-0.04092320723848178,-0.07544065009736739,-0.13339989326273108,-2.389695987949301,0.40339323642779457,1.1834109370093566,-0.002558097423044365,-0.05932299298441819,-0.08227083392871487,0.09000117304571391,0.09000117304571391,0.0,0.07720148480434125,0.5594497922926333,-0.18713000836901023,-0.007221235225731329,-0.002653224358548584,-4.920831268370628,0,0.5536398497550613
47.61119999999209,-2.109843038969751,0.46101833969367484,1.2630962064053735,0.016369446660777262,-0.010250822525799397,-0.0005323919091976271,-1.9321965257149547,0.23169993048917364,1.6900259678382699,0.1203034037119447,-0.021341875894720922,0.18681317385087443,-2.160692222543888,0.3175006249085915,1.4371105637802268,0.05857370933255661,-0.040158566898489685,0.052253777495981424,0.09000117304571391,0.09000117304571391,0.0,0.07705167947299187,0.559516160558331,-0.1871556388107858,-0.007237731421633874,-0.0026553601898698666,-4.920708163953853,0,0.5536676391296701
47.61535999999209,-2.1097746622178293,0.4609755785058536,1.2630940219247968,0.01641042046128422,-0.010262685077102752,-0.0005242753384157353,-1.9952587004966147,-0.005031225254986282,0.733412029924795,-0.044620970914299535,-0.10704623809270586,0.28818109952834314,-2.078066720604209,0.15601080751533764,1.085854669584947,0.006793706475673963,-0.07408745135107732,0.17073676577906138,0.09000117304571391,0.09000117304571391,0.0,0.0769012237938681,0.5595826848697792,-0.18718160368145764,-0.007254323786697006,-0.0026575029278097947,-4.920584822976691,0,0.5536954569389065
47.619519999992086,-2.1097061137346,0.4609327676678812,1.2630918715089574,0.016451635975030614,-0.010274601113364949,-0.0005160998014795065,-1.8161619892481191,0.4093589267119021,1.1161795819897233,0.08728692707055812,0.027105806581124672,-0.03137114634758246,-1.946931469545867,0.2827432441620359,1.100951937511557,0.047276335732458354,-0.02360546688721913,0.06976758114392288,0.09000117304571391,0.09000117304571391,0.0,0.07675011218208272,0.5596493659727044,-0.18720790698899062,-0.007271013219455693,-0.0026596525439909237,-4.9204612442205375,0,0.5537233032981927
47.623679999992085,-2.1096373925032785,0.4608899069558126,1.2630897554070066,0.016493095517163357,-0.010286570896465752,-0.0005078644681690365,-1.9432361758088768,0.8015492894447066,1.2302244443872692,0.03466162430119002,-0.026744009989065877,-0.10649769425458314,-1.9450121695219338,0.542094192061807,1.1653670150008621,0.04119475758470952,-0.02513687961729956,-0.018080456140624968,0.09000117304571391,0.09000117304571391,0.0,0.07659833898332116,0.5597162046156318,-0.18723455280681078,-0.007287800630072517,-0.0026618090086726947,-4.920337426456637,0,0.5537511783232125
47.627839999992084,-2.109568497497306,0.4608469961446081,1.2630876738716146,0.016534801433379324,-0.010298594689080467,-0.0004995684941043106,-2.3368579527593663,0.8649301337151629,1.0921810105494607,-0.08511962025271846,0.12366864736585768,0.03939105872360638,-2.1411154956112535,0.7037723511389302,1.1288556186984227,-0.021643629891634802,0.0489188023760159,0.010562290864095776,0.09000117304571391,0.09000117304571391,0.0,0.07644589847200564,0.5597832015498362,-0.18726154527633315,-0.007304686940529352,-0.0026639722907074925,-4.920213368445969,0,0.5537790821299055
47.63199999999208,-2.1094994276802206,0.46080403500813033,1.2630856271590294,0.016576756100436622,-0.010310672754662072,-0.0004912110204437083,-2.5116100384255087,0.6840792870564457,1.3682992571885024,-0.08960469715040317,-0.21338500640316502,-0.06342109212539054,-2.326551131841751,0.6934823774959953,1.2484468686115617,-0.055909696594839076,-0.08247154656995297,-0.02626560053571315,0.09000117304571391,0.09000117304571391,0.0,0.07629278485073933,0.559850357529238,-0.1872888886067125,-0.007321673084822917,-0.0026661423575004414,-4.920089068939125,0,0.5538070148344615
47.63615999999208,-2.109430182005526,0.46076102331914115,1.2630836155291394,0.016618961926680893,-0.010322805357405668,-0.0004827911735735082,-2.674324917588152,0.1117100499455222,0.7871743793823929,-0.0001960180587277406,0.1240276574721919,-0.018502147951728082,-2.5004395062154403,0.4028510294292959,1.0177696771961278,-0.028710243014673148,0.020325964119167053,-0.022752152194843597,0.09000117304571391,0.09000117304571391,0.0,0.07613899224846601,0.5599176733102994,-0.18731658707780535,-0.007338760009164521,-0.0026683191749671113,-4.919964526676184,0,0.5538349765533147
47.64031999999208,-2.109360759416557,0.4607179608492985,1.2630816392455362,0.016661421352576578,-0.010334992762234617,-0.0004743080647884667,-1.7824552227584063,0.4502230089756313,1.2130707116565345,0.16246904512485913,0.03770708963803292,-0.058483660824975144,-2.141104390805571,0.4266164096042313,1.1153002908135274,0.06685817010148103,0.02871283891981136,-0.040795493146272795,0.09000117304571391,0.09000117304571391,0.0,0.07598451471990983,0.5599851496519743,-0.18734464504121337,-0.007355948672183787,-0.0026705027074943443,-4.919839740386593,0,0.5538629674031373
47.64447999999208,-2.1092911588463434,0.46067484736915376,1.263079698575578,0.01670413685125826,-0.010347235234735002,-0.0004657607899792134,-2.140060906507231,0.5707543034610406,0.982497768159508,0.1295670087991866,-0.02890992274365866,-0.03268950109636946,-2.140313222520494,0.49862754562618544,1.0488310310979285,0.09824549178714337,-0.0007258520432388007,-0.03718736061198362,0.09000117304571391,0.09000117304571391,0.0,0.07582934624373044,0.5600527873158178,-0.1873730669206866,-0.0073732400451361636,-0.002672692917891856,-4.919714708789038,0,0.5538909875008331
47.64863999999208,-2.1092213792174723,0.46063168264814913,1.2630777937904558,0.0167471109290879,-0.010359533041108995,-0.0004571484292998489,-1.4182073694467308,0.3915680224650168,1.9378094020104046,0.004517232318312733,0.05073300755073901,0.005908643872154428,-1.7792466145665415,0.4452019740042609,1.4933383732328769,0.05175626813883718,0.02528112891722924,-0.01547202344233669,0.09000117304571391,0.09000117304571391,0.0,0.07567348072174448,0.560120587065615,-0.18740185721552577,-0.0073906351121143105,-0.0026748897673427897,-4.919589430591314,0,0.5539190369635305
47.65279999999208,-2.1091514194419463,0.46058846645461504,1.2630759251652608,0.01679034612621975,-0.010371886448178118,-0.00044847004681782985,-2.5807097017067426,0.3537032549982587,1.6485874385654902,0.04122785725583622,-0.019044600677283866,-0.017273630228478543,-2.179896002983428,0.3994125319118335,1.5709284975768953,0.04552594666406582,0.00303941268364334,-0.016581381821998045,0.09000117304571391,0.09000117304571391,0.0,0.07551691197750368,0.5601885496675437,-0.18743102050056823,-0.00740813487026499,-0.0026770932153633593,-4.919463904490199,0,0.5539471159085759
47.656959999992075,-2.1090812784210415,0.46054519855576803,1.2630740929790516,0.016833845017188882,-0.010384295723278404,-0.0004397246901838715,-1.6271875345680042,0.8286693918195296,1.453726741200501,0.1314589144320898,0.14177013833060745,0.1419974997356448,-1.9032657256388195,0.6143393662122337,1.5126208716269742,0.0890904540326368,0.0721444841466401,0.06331257078428996,0.09000117304571391,0.09000117304571391,0.0,0.07535963375529829,0.56025667588991,-0.18746056142831444,-0.0074257403300088945,-0.0026793032197450486,-4.919338129171317,0,0.5539752244535261
47.661119999992074,-2.1090109550451603,0.4605018787177086,1.2630722975149256,0.01687761021149976,-0.010396761134267464,-0.00043091139025710514,-2.2487237824421675,0.6745747699809415,1.2107024009726246,0.01333935348736404,0.049231506194121866,0.07182223286221869,-2.075969842844662,0.6445603357660641,1.3618086521702681,0.0514202281783399,0.060474972624703374,0.06769168885723267,0.09000117304571391,0.09000117304571391,0.0,0.07520163971766115,0.5603249665031499,-0.18749048473127486,-0.007443452515266605,-0.0026815197365101214,-4.91921210330901,0,0.5540033627161401
47.66527999999207,-2.1089404481936844,0.46045850670541916,1.2630705390600891,0.016921644354230207,-0.010409282949462015,-0.00042202916074637854,-2.3902050487543747,0.5535986108161512,1.506491683052217,-0.1300180683038755,-0.016421727244277956,-0.02173032711335261,-2.233358983709493,0.5990447869056981,1.4341071906216067,-0.03981370362806681,0.021980174205880665,0.022405050952016465,0.09000117304571391,0.09000117304571391,0.0,0.07504292344564811,0.5603934222798852,-0.18752079522218187,-0.007461272463687762,-0.0026837427198597124,-4.919085825566197,0,0.5540315308143727
47.66943999999207,-2.1088697567348236,0.4604150822827626,1.2630688179059315,0.01696595012665622,-0.010421861437565653,-0.0004130769978381324,-1.7533438953896314,0.7947232244781148,1.0105320215727231,-0.18320976458933702,0.08470999971034734,-0.011755013097690278,-1.9937298900503884,0.6970612790030162,1.2222930736151658,-0.11114749683161505,0.053480650159466285,0.004903315585231205,0.09000117304571391,0.09000117304571391,0.0,0.07488347843633808,0.5604620439944443,-0.18755149779698582,-0.007479201226885569,-0.002685972122115593,-4.918959294594234,0,0.5540597288663642
47.67359999999207,-2.1087988795254615,0.4603716052124808,1.263067134348099,0.017010530246878937,-0.010434496867643635,-0.0004040538798038213,-2.3439033283659794,0.3188565842217672,1.112080741945174,0.06353221960314148,0.16880221956763564,0.0757285891877563,-2.1686880092003085,0.5083096847458991,1.1673436354885771,-0.02329238323634631,0.11003009446089662,0.04031831708287505,0.09000117304571391,0.09000117304571391,0.0,0.07472329810139786,0.5605308324230239,-0.18758259743614628,-0.007497239870676333,-0.002688207893668027,-4.918832509032782,0,0.5540879569904329
47.67775999999207,-2.1087278154110014,0.460328075256193,1.2630654886865715,0.017055387470468236,-0.010447189509066878,-0.00039495876660447754,-2.111441833591228,0.5945215314476149,1.2730622082030991,0.03951573446268859,-0.020917136006889103,-0.1424161253327258,-2.139981715176847,0.5513732037694393,1.219907117028545,0.007812392364707871,0.044324708907054,-0.050881810649507885,0.09000117304571391,0.09000117304571391,0.0,0.07456237576671408,0.5605997883436905,-0.1876140992063551,-0.00751538947532354,-0.0026904499829201525,-4.918705467509654,0,0.5541162153050659
47.68191999999207,-2.108656563225205,0.46028449217439543,1.2630638812257402,0.017100524591128884,-0.010459939631421715,-0.0003857905994945882,-2.207872253667208,0.2160898877041395,1.6503247377852774,0.02223133941920425,-0.033361975737979714,0.14368992414461806,-2.173881049545472,0.38365755185164246,1.435416961486215,0.014939488950277108,0.006571014060241082,0.04679965506565146,0.09000117304571391,0.09000117304571391,0.0,0.0744007046692435,0.5606689125360075,-0.18764600826247832,-0.007533651135787236,-0.002692698336223146,-4.918578168640676,0,0.5541445039289098
47.68607999999207,-2.108585121790033,0.46024085572646,1.2630623122744877,0.017145944441362502,-0.010472747504506085,-0.0003765483005864562,-2.385721083806536,0.21087796628015495,0.8566699320355606,-0.002226253649989806,0.0174467188842996,0.08875216454342684,-2.2798086870619936,0.29730253041250504,1.1462236623486333,0.007082576430259512,0.012156411778007924,0.06793505425261501,0.09000117304571391,0.09000117304571391,0.0,0.07423827795728,0.5607382057809289,-0.18767832984993157,-0.0075520259619788225,-0.0026949528978240265,-4.918450611029539,0,0.5541728229807605
47.690239999992066,-2.108513489915478,0.4601971656706341,1.2630607821462692,0.017191649893164542,-0.010485613398213238,-0.0003672307724420454,-2.379093444511607,0.8304246295903757,0.9890774945439799,0.15033617116231862,0.16498979421774396,-0.005963964419337699,-2.329139410648188,0.56421003860914,1.0676372903630151,0.07886608501756259,0.08877771704377813,0.03088621222748967,0.09000117304571391,0.09000117304571391,0.0,0.07407508868708554,0.5608076688610679,-0.18771106930556314,-0.007570515079020816,-0.002697213609796534,-4.918322793267648,0,0.554201172579554
47.694399999992065,-2.1084416663993997,0.4601534217640404,1.2630592911591958,0.017237643858719637,-0.010498537582490397,-0.0003578368976221033,-1.9457205941884959,0.4393995490631442,1.4012793455117776,0.0031378272095625437,0.053484655079717995,-0.17350719285961233,-2.1374211815309625,0.5019159465890904,1.234099474298176,0.04119368901164935,0.07075858983393371,-0.07115874499563259,0.09000117304571391,0.09000117304571391,0.0,0.0739111298233655,0.5608773025598414,-0.18774423206089486,-0.007589119627511889,-0.0026994804119784208,-4.918194713933971,0,0.5542295528443543
47.698559999992064,-2.1083696500273534,0.4601096237626767,1.2630578396361198,0.01728392929112068,-0.010511520327286892,-0.0003483655382326222,-2.3799616551366127,0.39903072515920673,1.222066931576723,-0.04631569839869352,-0.021704433215692775,0.07165102311178052,-2.2587888967608434,0.45042702721306416,1.2282332106361147,-0.002821813425486513,0.024746551284234503,-0.0002726168909379501,0.09000117304571391,0.09000117304571391,0.0,0.07374639423589419,0.5609471076621649,-0.1877778236430163,-0.007607840763798784,-0.0027017532419091254,-4.918066371594885,0,0.5542579638943442
47.70271999999206,-2.1082974395724157,0.4600657714214166,1.263056427904722,0.017330509185104762,-0.010524561902431397,-0.0003388155354753916,-1.9172790299576707,0.4524717377509594,1.3197215164315823,-0.1052892856509684,-0.10915516963617683,-0.11132734305240902,-2.088250336609116,0.45122349714184556,1.273746485060142,-0.05416232058088869,-0.042743860556118854,-0.05581161223285899,0.09000117304571391,0.09000117304571391,0.0,0.07358087469848723,0.5610170849536518,-0.1878118496778371,-0.007626679660252107,-0.002704032034753238,-4.917937764804018,0,0.5542864058488124
47.70687999999206,-2.108225033795008,0.46002186449400984,1.2630550562976006,0.01737738657779382,-0.010537662577617408,-0.0003291857091547388,-1.9115552156600266,0.7046382600995863,1.263280691373585,0.18932825066069864,-0.09209323929076685,-0.09385064546870288,-1.9995075774969975,0.5777405998460726,1.2683163819958863,0.06748806222212729,-0.06717459628870025,-0.07390242086336701,0.09000117304571391,0.09000117304571391,0.0,0.07341456388754428,0.5610872352207714,-0.18784631589142078,-0.007645637505549441,-0.002706316723238058,-4.917808892102089,0,0.5543148788271426
47.71103999999206,-2.108152431442719,0.4599779027330836,1.2630537251523624,0.017424564549462992,-0.010550822622302704,-0.0003194748571947754,-1.6153422519859102,0.38564193526750923,1.8812711323009375,0.038493119706521875,0.012062395898972386,-0.03599002540409218,-1.8073420692600448,0.4817155060792383,1.5747237259416582,0.052947862472345064,-0.027798366727204184,-0.05520727048050195,0.09000117304571391,0.09000117304571391,0.0,0.07324745438058886,0.5611575592506893,-0.18788122811260724,-0.007664715504964049,-0.0027086072375804107,-4.91767975201675,0,0.5543433829488006
47.71519999999206,-2.1080796312501175,0.45993388589014367,1.2630524348117158,0.01747204622432817,-0.01056404230558563,-0.0003096817551518159,-1.951833072374146,0.40461831578066304,0.9030303861869158,0.07658021004294555,-0.19582086430200854,0.04055846754419032,-1.8794295812109827,0.4427585162284915,1.2389564959500368,0.06489904711619986,-0.11153271173239632,-0.007224562044441966,0.09000117304571391,0.09000117304571391,0.0,0.07307953865330827,0.5612280578309985,-0.18791659227499982,-0.0076839148806592435,-0.002710903505402976,-4.917550343062416,0,0.554371918333322
47.71935999999206,-2.1080066319385704,0.4598898137155762,1.263051185623567,0.01751983477133279,-0.010577321896192867,-0.00029980515567327244,-2.208385729872668,0.5860817255756509,1.0570916036588645,0.1743688456532082,-0.0002276868576763045,0.003525287410202911,-2.0435482410709356,0.5144199717293655,1.1480304620059547,0.12009132753139636,-0.05556107695773213,-0.0020197258892299544,0.09000117304571391,0.09000117304571391,0.0,0.07291080907936874,0.5612987317495038,-0.18795241442002858,-0.007703236871990014,-0.0027132054516674333,-4.917420663740102,0,0.5544004851002985
47.72351999999206,-2.1079334322160497,0.4598456859586498,1.263049977941117,0.01756793340497288,-0.010590661662340496,-0.00028984378798663647,-2.087738615615047,0.8377441436712081,1.0660755989480304,-0.15721961752285074,-0.2876282862077494,0.12889087108696684,-2.0659703683031707,0.67548576320774,1.10732069285271,-0.018729834038583738,-0.17143630801499446,0.06335670774505428,0.09000117304571391,0.09000117304571391,0.0,0.07274125792723539,0.5613695817944879,-0.18798870069830903,-0.007722682735810638,-0.00271551299858985,-4.917290712537249,0,0.5544290833693644
47.727679999992056,-2.1078600307769406,0.45980150236751793,1.2630488121229615,0.01761634538612941,-0.010604061871637337,-0.0002797963573531832,-2.268180771889517,0.5100782204615799,1.2439436488399473,0.04934633062943191,0.17830534458584665,-0.24879944457201073,-2.1669726158914386,0.5931515129603337,1.1751166686257992,0.014471928686233208,0.0035041529547621296,-0.0932001971074909,0.09000117304571391,0.09000117304571391,0.0,0.07257087735912553,0.5614406087535329,-0.1880254573731457,-0.007742253746788504,-0.002717826065555374,-4.917160487927558,0,0.5544577132601817
47.731839999992054,-2.1077864263018453,0.45975726268922196,1.2630476885331927,0.017665074022915676,-0.010617522791040378,-0.0002696615444936984,-2.2911213536407913,0.5151226004205463,1.0814739370808686,0.02654137669825185,0.013952266099727979,-0.14885093879096542,-2.2289932377990005,0.5541646559068031,1.1279847442238387,0.02078937960638209,0.009148314493393518,-0.12087883935990171,0.09000117304571391,0.09000117304571391,0.0,0.07239965942910428,0.5615118134146396,-0.1880626908219041,-0.007761951197726109,-0.002720144569042415,-4.917029988370806,0,0.554486374892426
47.73599999999205,-2.1077126174573806,0.45971296666969413,1.263046607541505,0.017714122671558686,-0.0106310446866794,-0.0002594380050339063,-1.7242038848428431,0.3903753093732246,1.0330195423205673,-0.02850956878452188,0.04971191566655635,0.21961530661079343,-1.9766550552614706,0.47237113059138414,1.080958796534673,-0.00350731146412934,0.029958975807491576,0.049094325145196786,0.09000117304571391,0.09000117304571391,0.0,0.07222759608010706,0.5615831965647827,-0.18810040754017032,-0.007781776399888552,-0.002722468422524758,-4.916899212312673,0,0.5545150683857704
47.74015999999205,-2.107638602895975,0.4596686140537616,1.2630455695233012,0.017763494737279027,-0.010644627823817445,-0.000249124368895374,-2.307117198247903,0.19436073519364316,1.119018866644214,0.1479094495545855,-0.16644264169864126,0.17639339568443993,-2.1415808541327905,0.33301756502614754,1.1003554547077383,0.0722213471772212,-0.06812028676157067,0.11299360436654127,0.09000117304571391,0.09000117304571391,0.0,0.07205467914330951,0.5616547589907614,-0.18813861414313815,-0.007801730683339031,-0.0027247975363895506,-4.91676815818456,0,0.5545437938598697
47.74431999999205,-2.1075643812556617,0.45962420458515035,1.2630445748598025,0.01781319367521,-0.010658272466694468,-0.0002387192397000561,-2.66855230673464,0.2413312166959794,0.6859565560815198,0.007728391093472344,-0.06101134390634967,-0.1389838201877889,-2.4050533177948292,0.287048323979023,0.8928653227501389,0.039558125798723094,-0.06527623219614256,-0.013603787033581723,0.09000117304571391,0.09000117304571391,0.0,0.07188090033578509,0.5617265014779135,-0.1881773173691414,-0.007821815397281339,-0.0027271318178389865,-4.916636824403403,0,0.5545725514343438
47.74847999999205,-2.1074899511598644,0.4595797380064902,1.2630436239381602,0.017863222991327223,-0.010671978878437228,-0.00022822119413895212,-1.4383761629925294,0.4568325092647527,0.8552013473324038,0.030019882816682462,-0.05075543171138569,-0.09405202718167642,-1.9216462063376982,0.3718350324934091,0.8738377697606944,0.03511212994834619,-0.05753478383427854,-0.05397843094501978,0.09000117304571391,0.09000117304571391,0.0,0.07170625125730248,0.5617984248109118,-0.18821652408148296,-0.007842031910410637,-0.002729471170796622,-4.916505209371486,0,0.5546013412287605
47.75263999999205,-2.1074153112171836,0.45953521405931974,1.2630427171515712,0.017913586243399764,-0.01068574732091964,-0.00021762878133210403,-2.377086570554011,0.3541338333222195,1.2070144286295221,0.009711301896243555,0.03545494062289278,-0.09033407204014104,-2.149348911838612,0.3630583384761317,1.04024083534219,0.022190079016425893,-0.011182520214698751,-0.0722967281536,0.09000117304571391,0.09000117304571391,0.0,0.07153072338989791,0.5618705297726379,-0.18825624127305246,-0.007862381611270623,-0.002731815495805677,-4.916373311476252,0,0.5546301633626166
47.75679999999205,-2.1073404600211756,0.45949063248409194,1.2630418548993956,0.017964287041964785,-0.010699578054665197,-0.0002069405221628907,-2.1798612384882405,0.6158296145525579,0.9137584609997742,0.0035300377814588817,-0.12787129768164876,-0.08379390563715325,-2.164597742572239,0.4891810886652589,0.9768255242550758,0.01276329387260979,-0.07015028357979912,-0.07854947367486884,0.09000117304571391,0.09000117304571391,0.0,0.07135430809423807,0.561942817144657,-0.18829647606774494,-0.007882865908620276,-0.002734164689930857,-4.916241129090107,0,0.5546590179553209
47.760959999992046,-2.107265396150128,0.4594459930201808,1.2630410375872765,0.018015329051325517,-0.010713471338679325,-0.00019615490860727875,-2.0757100166671396,0.1977136337872687,1.349260064392444,-0.037306636829749815,0.07534357237397211,-0.04960381605099994,-2.1202301704847253,0.34360346645812384,1.1629425774977356,-0.012597294419526322,0.0018986142538023473,-0.06424754121632846,0.09000117304571391,0.09000117304571391,0.0,0.0711769966081151,0.5620152877063044,-0.18833723572423858,-0.007903486231807135,-0.0027365186466475344,-4.916108660570224,0,0.5546879051261734
47.765119999992045,-2.107190118166834,0.4594012954058877,1.263040265627264,0.018066715990566834,-0.010727427430344822,-0.0001852704030246273,-1.8521705408590687,0.4820328996609791,1.379897188463024,-0.2058642291856276,-0.07335883041065676,-0.24530934414199218,-1.9866265996978807,0.41266648390640215,1.2709113773255187,-0.10925293528039383,-0.035685104205936,-0.1548690359403254,0.09000117304571391,0.09000117304571391,0.0,0.07099878004472532,0.5620879422350519,-0.1883785276389265,-0.00792424403114995,-0.002738877255736509,-4.9159759042583415,0,0.5547168249943463
47.769279999992044,-2.1071146246183567,0.45935653937844917,1.2630395394379412,0.018118451634604463,-0.010741446585249073,-0.00017428543744677936,-1.6705575285215546,0.5958883845104925,0.8766581885767679,-0.015192621330550871,0.09082062567551981,-0.07882560721222363,-1.8286218190482946,0.5044678285557375,1.0736202452892916,-0.062052610025536144,0.027459652862213652,-0.11789853225858136,0.09000117304571391,0.09000117304571391,0.0,0.07081964938880497,0.5621607815054865,-0.18842035934971316,-0.007945140778329848,-0.002741240403167093,-4.915842858480563,0,0.5547457776788622
47.77343999999204,-2.107038914035793,0.4593117246740447,1.2630388594445545,0.018170539815242935,-0.010755529057070876,-0.0001631984128282228,-2.252535636308572,0.4722433245980082,1.144202836619746,0.048655905131118504,-0.07662690020635647,0.07971076930362853,-2.040480548672242,0.4881964699822842,1.109077338726438,-0.006677774643298871,-0.02481767892029897,-0.018869854252293695,0.09000117304571391,0.09000117304571391,0.0,0.07063959549554008,0.5622338062896225,-0.18846273853875056,-0.007966177966789988,-0.0027436079709859756,-4.915709521547144,0,0.5547747632985734
47.77759999999204,-2.1069629849340337,0.4592668510278055,1.263038226079145,0.018222984422271025,-0.010769675097405774,-0.00015200769828905235,-2.244321410918421,0.3195764949081853,1.9813634369306676,0.036740777868783686,-0.08711667147193909,-0.08130097638409699,-2.1423251909739043,0.40370230974706245,1.5450562531248517,0.014646242686496417,-0.05510121942578558,-0.04953574214355487,0.09000117304571391,0.09000117304571391,0.0,0.07045860908819074,0.5623070173564129,-0.18850567303603863,-0.00798735711214434,-0.002745979837195672,-4.915575891752288,0,0.5548037819721394
47.78175999999204,-2.1068868358115145,0.45922191817382396,1.2630376397806853,0.018275789404583603,-0.01078388495557075,-0.00014071163034150096,-1.899697217509096,0.510421698106656,1.8514494425124366,0.14672296586621347,-0.0057418103980661685,-0.1495142433197976,-2.020703650032996,0.45705056552154527,1.6979435773242408,0.08035066188153649,-0.030308130803819316,-0.09931221828901947,0.09000117304571391,0.09000117304571391,0.0,0.07027668075421312,0.5623804154711518,-0.1885491708230353,-0.008008679752595449,-0.0027483558756229705,-4.915441967373926,0,0.5548328338180027
47.78591999999204,-2.1068104651499673,0.4591769258451635,1.2630371009952184,0.018328958771312198,-0.010798158878504716,-0.0001293085120597033,-1.994040618847195,0.2619954614886689,1.7949317464261272,0.051313552912372024,-0.20827237194036813,0.16834029772604706,-2.0072640405165663,0.35908702896668226,1.7467880988456956,0.06526818662741968,-0.11859647220367091,0.03468185308876951,0.09000117304571391,0.09000117304571391,0.0,0.07009380094458353,0.562454001395466,-0.18859324003670516,-0.008030147449362326,-0.0027507359558010635,-4.915307746673505,0,0.5548619189543661
47.79007999999204,-2.1067338714141632,0.45913187377386966,1.2630366101760007,0.018382496593004973,-0.010812497110528736,-0.00011779661227118783,-2.1437219502045846,0.848417845313524,1.0739275229972123,-0.0382167325543033,0.04455226866787699,0.1126425719690797,-2.075573193327459,0.6038503196499058,1.4105870514232017,0.013413780956017383,-0.03789372273733812,0.07382284167317177,0.09000117304571391,0.09000117304571391,0.0,0.06990995996991203,0.5625277758866083,-0.18863788897250855,-0.008051761787117494,-0.002753119942829378,-4.915173227895757,0,0.5548910374991666
47.79423999999204,-2.1066570530516513,0.4590867616909813,1.263036167783648,0.018436407002815954,-0.010826899893213587,-0.00010617416468266952,-2.4002207771751736,0.6921605147812897,0.955677634730256,-0.1620359796007075,-0.010941054839169476,-0.2080195242312694,-2.2382376425951778,0.6479832333628482,1.1826965603865236,-0.0736480940655793,-0.024397607300012412,-0.06711641080279786,0.09000117304571391,0.09000117304571391,0.0,0.06972514799783235,0.5626017396976614,-0.18868312608868348,-0.008073524374434794,-0.0027555076972431945,-4.915038409268481,0,0.5549201895700501
47.798399999992036,-2.106580008492494,0.4590415893265432,1.2630357742862854,0.018490694197733963,-0.010841367465137402,-9.443936701524804e-05,-2.2686506907393746,0.35155404482525815,0.7943673873348333,0.09610651782901983,-0.041101579522318576,0.09224419237343578,-2.253243382539688,0.4996818913593513,0.9887209054859047,0.010690301633059958,-0.03314118287237688,0.012657689544059885,0.09000117304571391,0.09000117304571391,0.0,0.06953935505145661,0.5626758935764032,-0.1887289600103257,-0.008095436844246049,-0.0027578990748653625,-4.9149032890023125,0,0.5549493752843443
47.802559999992035,-2.1065027361489945,0.45899635640961933,1.2630354301597018,0.01854536243983561,-0.010855900061724159,-8.259038008500731e-05,-1.9055777518274943,0.30602045659886323,0.8515686403400782,-0.03717353306867402,0.0008417345277266543,-0.011505033498552699,-2.0794850942262086,0.40285065959180083,0.9201215937976311,-0.013411672929240833,-0.01571432347410456,-0.00024471396206341176,0.09000117304571391,0.09000117304571391,0.0,0.0693525710050461,0.5627502382652945,-0.18877539953326558,-0.00811750085431013,-0.00276029392666425,-4.914767865290486,0,0.5549785947590309
47.80671999999203,-2.1064252344154215,0.45895106266830676,1.2630351358875065,0.018600416057567785,-0.010870497915012335,-7.062532687544961e-05,-1.7013756947425922,0.27164490911403927,1.2668012147326775,0.004663886589970313,-0.09855410880470486,-0.09657321452878205,-1.8904173732091758,0.33704342848665014,1.0932629275310093,-0.004699476436713206,-0.05787513727318965,-0.04838686276278356,0.09000117304571391,0.09000117304571391,0.0,0.06916478558224098,0.5628247745011974,-0.18882245362859834,-0.008139718087691334,-0.002762692098600287,-4.9146321363086,0,0.5550078481107167
47.81087999999203,-2.1063475016677256,0.45890570782975076,1.2630348919612917,0.01865585944706273,-0.01088516125344538,-5.8542291572176094e-05,-2.2461326144410076,0.649005425373245,1.079680127033937,0.032961834567638355,0.0354927000616112,0.09591911932087742,-2.068208707881164,0.4930999955757067,1.0866706821062115,0.014025196675424576,-0.010986544613989024,0.023881482338626556,0.09000117304571391,0.09000117304571391,0.0,0.06897598835236127,0.5628995030145066,-0.18887013144658446,-0.008162090253249717,-0.002765093431470101,-4.914496100214376,0,0.5550371354556033
47.81503999999203,-2.1062695362632526,0.45886029162016057,1.2630346988807977,0.01871169707348037,-0.010899890301653956,-4.6339318566978194e-05,-2.334577052148346,0.22045949822989847,1.0617989235309775,-0.3432910992564479,0.2002354142838541,-0.09495614528852557,-2.202110059506647,0.35719528250952515,1.0740369643825574,-0.16399457133934633,0.09414952047734049,-0.03545357282699505,0.09000117304571391,0.09000117304571391,0.0,0.06878616872819841,0.5629744245289736,-0.1889184423212032,-0.00818461908614251,-0.0027674977607471053,-4.91435975514741,0,0.5550664569094563
47.81919999999203,-2.106191336540451,0.45881481376482636,1.2630345571540833,0.018767933472388643,-0.010914685280208692,-3.401441143807563e-05,-2.3257859347478966,0.6163652363023211,1.4345407720535588,0.06344828736344221,-0.04327793102165948,0.020967575338701597,-2.263817246708924,0.48669262411537817,1.254334950918433,-0.05011711803217261,0.025171469253177814,-0.007221669840233816,0.09000117304571391,0.09000117304571391,0.0,0.06859531596273324,0.5630495397612086,-0.1889673957753612,-0.008207306348337431,-0.002769904916413355,-4.914223099228922,0,0.5550958125875733
47.82335999999203,-2.1061129008185713,0.4587692739881374,1.2630344672977003,0.01882457325117629,-0.01092954640536039,-2.1565531902319364e-05,-2.0519470466416188,0.6772485838475952,1.4302803440672933,0.08565915683460779,0.026530418306609023,-0.25927787079876163,-2.157702292472112,0.58202834529976,1.3417688854769676,0.01766467694071303,0.025261634826024313,-0.13289572411405198,0.09000117304571391,0.09000117304571391,0.0,0.06840341914563354,0.5631248494200233,-0.1890170015248309,-0.00823015382913788,-0.002772314722783661,-4.914086130561503,0,0.5551252026047501
47.82751999999203,-2.1060342273973607,0.4587236720136007,1.2630344298368723,0.01888162109049468,-0.010944473888800238,-8.990598721619219e-06,-1.7215704104848415,0.5114358288943185,1.1954045268507036,-0.056473073291830544,-0.2144573935989788,0.04995142090583488,-1.9397501704867377,0.5462864297357193,1.2686888077267364,-0.01968387588532287,-0.0950161323325299,-0.04111276290813582,0.09000117304571391,0.09000117304571391,0.0,0.06821046719995899,0.5632003542059302,-0.18906726948369862,-0.00825316334572067,-0.0027747269983289537,-4.9139488472288555,0,0.5551546270752454
47.831679999992026,-2.1059553145567533,0.45867800756386157,1.2630344453056783,0.018939081745735654,-0.010959467937397478,3.7125134181516424e-06,-2.026094005773868,0.2598098103672227,1.5120434811907848,0.13750327661324285,0.18801880057449522,-0.1324746874571254,-1.9826374434515677,0.4034380140173761,1.3900912452156529,0.05926216649088182,0.04608655564430371,-0.08627885447644272,0.09000117304571391,0.09000117304571391,0.0,0.06801644888014369,0.5632760548107496,-0.18911820976897153,-0.00827633674368626,-0.0027771415554938127,-4.913811247295526,0,0.5551840861127467
47.835839999992025,-2.105876160556551,0.4586322803607245,1.263034514247241,0.01899696004855444,-0.01097452875289289,1.654597505434225e-05,-1.6900845811936114,0.20013925735133453,1.7472269080982488,0.03377799794278497,0.10710523833964053,0.07436910935513516,-1.836288019852994,0.30201027230617883,1.5688160067134576,0.046190857104777494,0.07645571142878943,-0.005842741858514431,0.09000117304571391,0.09000117304571391,0.0,0.0678213527669797,0.5633519519166805,-0.18916983270583937,-0.00829967589762243,-0.002779558200501008,-4.91367332880664,0,0.555213579830331
47.839999999992024,-2.1057967636360995,0.45858649012517605,1.2630346372139207,0.019055260908416687,-0.010989656531631736,2.9512003146941568e-05,-1.8341903483682376,0.8417832741742529,1.6862881345874579,0.12893060151757582,-0.011464834543257717,0.0007538366732064443,-1.8349725941484212,0.5718769969173518,1.6275564649062557,0.08832314675226127,0.032360109388414195,-0.003508611452156041,0.09000117304571391,0.09000117304571391,0.0,0.06762516726515827,0.5634280461962254,-0.18922214883380806,-0.008323182711681051,-0.002781976733156724,-4.913535089787624,0,0.5552431083404272
47.84415999999202,-2.105717122013957,0.4585406365774084,1.2630348147675137,0.019113989314192992,-0.01100485146423839,4.261286229793404e-05,-2.166588628309759,-0.22365503473516646,1.2623980125790342,-0.13915852743835228,-0.1986460326815133,-0.0021912249057072846,-2.00107187623494,0.17369263229928886,1.4449700679119555,-0.025644109722544058,-0.08331854212337407,-0.0028221353483499365,0.09000117304571391,0.09000117304571391,0.0,0.06742788059930899,0.5635043383108844,-0.1892751689111367,-0.008346859120168514,-0.0027843969466432163,-4.913396528243932,0,0.5552726717547757
47.84831999999202,-2.105637233887558,0.4584947194368446,1.2630350474794554,0.019173150335786447,-0.011020113735315331,5.585086602516594e-05,-2.3519229170049667,0.4029782648073833,1.4070302725950383,-0.06078054359059145,-0.02250908527330016,-0.00884090337785257,-2.176626691588438,0.28828897408909526,1.425981070603767,-0.04300902483221811,-0.05231153946738385,-0.005616995714329668,0.09000117304571391,0.09000117304571391,0.0,0.06722948081110108,0.563580828911131,-0.1893289039207862,-0.00837070708815053,-0.002786818627309077,-4.913257642160756,0,0.5553022701843865
47.85247999999202,-2.1055570974328672,0.458448738422165,1.2630353359310307,0.019232749125806466,-0.011035443523104763,6.922837806866324e-05,-2.203941432083835,0.6016361066081803,0.6690871855490943,-0.1009344828148392,0.08267073000799523,0.09216234573969467,-2.19049402303149,0.4451369780504675,1.0477207268085857,-0.0720501382512298,0.015030385971477753,0.043170207089541175,0.09000117304571391,0.09000117304571391,0.0,0.06702995575462783,0.563657518635371,-0.18938336507702688,-0.008394728612071807,-0.0027892415544495705,-4.913118429502743,0,0.5553319037394975
47.85663999999202,-2.1054767108040284,0.4584026932513353,1.2630356807135878,0.019292790921280778,-0.01105084099912648,8.274781373164553e-05,-2.5822993359513746,0.5206351464884139,0.8034133470382816,0.11162584644381396,-0.041688855879619444,-0.01678143988895762,-2.3861670534123496,0.4827999187068078,0.9255307946197913,0.019685116422873496,-0.013344717140920816,0.013019280897075923,0.09000117304571391,0.09000117304571391,0.0,0.06682929309306582,0.5637344081090603,-0.18943856383035135,-0.008418925720389835,-0.0027916655000762725,-4.9129788882136936,0,0.5553615725295272
47.86079999999202,-2.105396072133006,0.4583565836416359,1.2630360824287599,0.019353281045406023,-0.011066306327858906,9.641164128872332e-05,-1.8681002509281366,0.7798985335074737,1.2962936739954753,0.11523915893975524,-0.012185174272136947,0.010345712323497971,-2.126891044706568,0.6313251540506598,1.1109367905396936,0.0677982821528989,-0.01237737247941482,0.011469635808717099,0.09000117304571391,0.09000117304571391,0.0,0.06662748029532792,0.5638114979446229,-0.18949451187475658,-0.008443300474225108,-0.0027940902286887684,-4.912839016216268,0,0.555391276663031
47.86495999999202,-2.105315179529217,0.458310409309693,1.2630365416886906,0.01941422490935613,-0.011081839666293605,0.00011022238339859357,-1.9706691044663773,0.5927540518840452,0.5307307234578436,0.20991997645870836,0.02450096945989945,-0.05781257715527313,-2.048343028056186,0.6120897055113932,0.8207092202262519,0.13917415345086695,0.006342583851416334,-0.023057256815182094,0.09000117304571391,0.09000117304571391,0.0,0.06642450463057054,0.5638887887397647,-0.18955122115333334,-0.00846785496802601,-0.0027965154970207313,-4.91269881141168,0,0.5554210162476511
47.869119999992016,-2.105234031079158,0.4582641699715113,1.263037059116268,0.019475628014114465,-0.011097441163614587,0.00012418261861242,-2.2978148500488715,0.09564953962700434,1.9128014120533203,0.06783192201953424,-0.14031341947582998,0.03354279923629481,-2.1729390343068196,0.3535742727144659,1.3668304459419864,0.10323737319678025,-0.06702976983665868,0.006335528033378221,0.09000117304571391,0.09000117304571391,0.0,0.06622035316632748,0.5639662810773869,-0.18960870386558423,-0.008492591330250767,-0.0027989410537972185,-4.912558271679381,0,0.5554507913900679
47.873279999992015,-2.1051526248460233,0.4582178653425082,1.2630376353453634,0.01953749595237407,-0.011113110960748367,0.00013829498289161073,-2.0095184353925593,0.3695463151663986,1.3425529766404234,0.12497254508965915,-0.11092409749844563,0.05328201074070485,-2.0909674794083832,0.3613299318892274,1.3548028209695542,0.11402055073832056,-0.089091967773955,0.02958721101855343,0.09000117304571391,0.09000117304571391,0.0,0.06601501276193368,0.5640439755243786,-0.18966697247390588,-0.008517511724066291,-0.0028013666394700217,-4.9124173948767496,0,0.5554806021959472
47.87743999999201,-2.105070958869313,0.4581714951375502,1.2630382710210766,0.019599834410471407,-0.011128849189926897,0.00015256217118647544,-2.4245995225976125,1.0940061657343723,1.1153461851333206,0.1094862499812862,0.2589792281680591,-0.1821992590503875,-2.257558076623465,0.7282111655904658,1.2346935680377609,0.11173890364468238,0.08524802305184097,-0.07615290184512633,0.09000117304571391,0.09000117304571391,0.0,0.0658084700662151,0.5641218726307252,-0.18972603971051705,-0.008542618348062702,-0.0028037919859437597,-4.912276178838765,0,0.5555104487698871
47.88159999999201,-2.104989031164436,0.4581250590709907,1.2630389667999895,0.01966264917037443,-0.01114465597427368,0.0001669869390819879,-1.5127823464150856,0.398188905541837,1.545215574934058,0.10947791774015943,0.08925681940653454,0.01664793999672017,-1.8849369849519126,0.5633834342902551,1.3899914744019297,0.11046231954432842,0.08722501459685456,-0.029807855140424225,0.09000117304571391,0.09000117304571391,0.0,0.0656007115121793,0.564199972928778,-0.18978591858547744,-0.00856791343698738,-0.00280621681630026,-4.912134621377681,0,0.5555403312153623
47.88575999999201,-2.104906839722304,0.45807855685671023,1.263039723350425,0.01972594611172212,-0.011160531427319608,0.00018157210447764742,-2.0919441608156224,0.6222889338988399,1.6691324489463035,-0.10777667403027633,0.048851029626390555,-0.14250633536463575,-1.9886662911220452,0.5929379349949998,1.5292690602081316,0.0014036041260144915,0.06817030840506667,-0.08689723881290215,0.09000117304571391,0.09000117304571391,0.0,0.0653917233125517,0.5642782769319316,-0.18984662239301536,-0.00859339926249627,-0.002808640844506804,-4.9119927202826865,0,0.555570249634666
47.88991999999201,-2.1048243825089124,0.4580319882081581,1.2630405413527137,0.019789731213914516,-0.011176475652511942,0.00019632054933225204,-1.769849733971752,0.7775379975621782,1.151710392293728,-0.1065204884293647,0.0496911750710925,0.0698008813212484,-1.8794768767357197,0.6853432180222321,1.3406331114082282,-0.05311130803796868,0.05864158994800425,-0.008963704672788803,0.09000117304571391,0.09000117304571391,0.0,0.06518149145530325,0.5643567851342634,-0.189908164720443,-0.008619078133923583,-0.002811063775113528,-4.91185047331957,0,0.5556002041288503
47.89407999999201,-2.1047416574649196,0.45798535283839686,1.2630414214994699,0.019854010558258497,-0.01119248874269829,0.0002112352214624565,-2.340546650451906,0.11933948129919297,0.862520391167904,0.00990971062787449,0.059564498276801256,-0.07023005136199142,-2.109994394136216,0.4024619609311357,1.101427056226697,-0.021597079094639968,0.058776279399613725,-0.039461683295079,0.09000117304571391,0.09000117304571391,0.0,0.06497000169916978,0.5644354980083526,-0.18997055945624014,-0.008644952399070809,-0.0028134853029388564,-4.911707878230366,0,0.5556301947976635
47.89823999999201,-2.1046586625052104,0.4579386504601484,1.2630423644958715,0.019918790330164308,-0.011208570779632462,0.00022631913641427224,-2.3640722619065744,0.5325883470090638,0.8216842921258034,0.2356822482197826,-0.005808728052591019,-0.0895275587263267,-2.236544589145355,0.4675114912306993,0.9613681004097642,0.1068796740132155,0.02768582458696375,-0.06477917240517382,0.09000117304571391,0.09000117304571391,0.0,0.06475723956809312,0.5645144160054488,-0.19003382079687578,-0.008671024445016379,-0.0028159051127518205,-4.911564932733005,0,0.5556602217394863
47.90239999999201,-2.1045753955184545,0.45789188078584264,1.2630433710599522,0.01998407682140411,-0.011224721833383218,0.00024157537938112835,-2.47314764814382,0.12025873364616796,1.272026541319275,0.1567772782271027,-0.09059468024324094,-0.3002905464013612,-2.354521393002884,0.29369442607267726,1.1160738425234973,0.13168627621592122,-0.03153236555410331,-0.18201174850993357,0.09000117304571391,0.09000117304571391,0.0,0.0645431903473632,0.5645935395534479,-0.19009796325750317,-0.008697296698944139,-0.002818322878931946,-4.91142163452095,0,0.555690285051264
47.906559999992005,-2.104491854366653,0.45784504352766864,1.2630444419228988,0.020049876432429285,-0.011240941961764683,0.0002570071071925742,-2.704222679330504,0.7029299720676787,1.4317593187118554,0.006076322273125028,0.09728832243148682,0.06376783858741147,-2.529361796547944,0.4985167015375562,1.274050006531093,0.06886622070448732,0.033214991543939365,-0.05845569177757016,0.09000117304571391,0.09000117304571391,0.0,0.06432783907739945,0.5646728690559871,-0.19016300167883055,-0.008723771628993807,-0.002820738265120454,-4.91127798126283,0,0.5557203848284378
47.910719999992004,-2.1044080368846747,0.457798138397628,1.2630455778293588,0.020116195674742696,-0.011257231209745006,0.0002726175503808809,-2.565226158803766,0.4255434397408607,1.0942408506442256,0.1452412355497648,-0.1118810421349742,0.06267568802210897,-2.546992060937787,0.46179608604638483,1.1842736923720243,0.10701510701561569,-0.03895606689193372,0.0025069245751232895,0.09000117304571391,0.09000117304571391,0.0,0.06411117054901815,0.5647524048911636,-0.19022895123807995,-0.008750451745132533,-0.0028231509238613403,-4.911133970602062,0,0.5557505211648722
47.914879999992,-2.1043239408797856,0.4577511651075913,1.2630467795377558,0.02018304117333746,-0.011273589608807855,0.0002884100153039413,-2.8979908206566387,0.672500106845547,1.276130010186869,0.13834837968263256,-0.03872576986216404,-0.10058044421748281,-2.7222050428175852,0.5670684874079419,1.229993975787816,0.12215394917742013,-0.03858370308897596,-0.049360085601210815,0.09000117304571391,0.09000117304571391,0.0,0.06389316929847663,0.5648321474100371,-0.19029582745655016,-0.008777339600048395,-0.002825560496226166,-4.910989600156471,0,0.5557806941527801
47.919039999992,-2.1042395641311638,0.4577041233693567,1.2630480478206156,0.020250419669200048,-0.011290017176300193,0.0003043878863540827,-2.1375016431615546,0.6675143671261871,1.0975925974124652,-0.027840120629067024,-0.05541784303080324,-0.042156727989991746,-2.4299080622183036,0.6171761548133702,1.1637044842835547,0.047601209888403745,-0.04665934845908697,-0.04566699282563523,0.09000117304571391,0.09000117304571391,0.0,0.0636738196014386,0.564912096935771,-0.19036364621169838,-0.008804437790067132,-0.0028279666114261583,-4.910844867517898,0,0.5558109038826458
47.923199999992,-2.104154904389406,0.457657012894712,1.2630493834649,0.020318338021880954,-0.011306513914715925,0.0003205546282230915,-2.2818344605964467,1.0669035631828503,1.213779139717321,0.18764242088886543,-0.014233265674114906,-0.24226418795535876,-2.3554797337550437,0.8420132642320389,1.188238349380858,0.11751633264980933,-0.030382531733010067,-0.14399601731568457,0.09000117304571391,0.09000117304571391,0.0,0.06345310546735575,0.5649922537613812,-0.19043242374497277,-0.008831748956091465,-0.0028303688864034235,-4.910699770251805,0,0.5558411504431432
47.927359999992,-2.104069959376022,0.4576098333954994,1.263050787272351,0.02038680321212514,-0.01132307981102662,0.0003369137882807179,-1.5510415534018311,0.6305453798452177,0.8150031109101916,-0.12950581173339482,-0.11839438998625611,-0.0943213914390858,-1.9535244838698491,0.7360294018143918,1.001422917865797,-0.005930359218698294,-0.07333287418864552,-0.11963559325329458,0.09000117304571391,0.09000117304571391,0.0,0.06323101063383874,0.5650726181489779,-0.19050217667394997,-0.008859275784565501,-0.002832766925419306,-4.910554305896864,0,0.5558714339210534
47.931519999992,-2.1039847267829197,0.45756258458368315,1.2630522600598468,0.020455822344582465,-0.011339714835895484,0.0003534689990022283,-2.2814094537735197,0.5689965422937848,1.0500644137089055,-0.019165490390340496,-0.1628311784129097,-0.03598102727119447,-2.117507737056512,0.6521717638788515,1.0256695021497935,-0.013215344800191958,-0.1174246423580509,-0.07797497644200986,0.09000117304571391,0.09000117304571391,0.0,0.06300751856058956,0.5651531903279902,-0.19057292200236528,-0.00888702100846301,-0.0028351603196160027,-4.91040847196455,0,0.5559017544011774
47.935679999992,-2.1038992042718756,0.45751526617142113,1.2630538026597655,0.020525402650585917,-0.011356418942889003,0.00037022398049525176,-1.4737271455858378,0.5783070248910986,1.642003732548143,0.13089383427956328,0.030677963377778443,0.05040878784127264,-1.7953412434652212,0.6153030217207168,1.3339454205075052,0.05910042446249421,-0.04354386472653472,-0.013618956751303197,0.09000117304571391,0.09000117304571391,0.0,0.06278261242375037,0.5652339704930119,-0.19064467713188452,-0.008914987408301095,-0.002837548646562456,-4.910262265938718,0,0.555932111966245
47.939839999991996,-2.1038133894739963,0.4574678778711391,1.263055415920362,0.020595551491003353,-0.011373192067689036,0.000387182543125414,-2.0011228035644204,0.34812465677243426,1.1232001680588493,0.013727990477945054,-0.1793629755726392,-0.15242821504546533,-1.8982038384827251,0.4813385929540671,1.228253848454731,0.035902054507844,-0.11129713712638958,-0.08281039977800726,0.09000117304571391,0.09000117304571391,0.0,0.06255627510895784,0.5653149588029275,-0.19071745987305214,-0.008943177813181262,-0.002839931469790348,-4.910115685275167,0,0.5559625066968228
47.943999999991995,-2.1037272799891666,0.45742041939560907,1.2630571007061546,0.020666276359169147,-0.01139003412720014,0.00040434859021641026,-2.07981202629912,0.7080436156880486,1.376951811954828,-0.15842030921459105,0.021759951362741684,0.13920191103086538,-1.9893402842102574,0.59473646384034,1.3028940403040778,-0.06049111082749613,-0.04406214452099537,0.027876859295414377,0.09000117304571391,0.09000117304571391,0.0,0.06232848920566794,0.5653961553784316,-0.1907912884575553,-0.008971595101855995,-0.0028423083383022603,-4.909968727401209,0,0.5559929386712154
47.948159999991994,-2.103640873385484,0.4573728904580312,1.2630588578983248,0.02073758488389215,-0.011406945018683648,0.0004217261208673636,-2.5400199514376,-0.011424331051183012,1.3173029407318173,-0.09192160892463613,0.028989448064311453,0.025420965651679277,-2.2648736626835797,0.29171204373404364,1.3101490981169632,-0.07692694376867369,-0.007503389235927878,0.027787738785109622,0.09000117304571391,0.09000117304571391,0.0,0.062099236999544574,0.565477560300559,-0.1908661815509509,-0.009000242203824407,-0.0028446787860690013,-4.9098213897152165,0,0.5560234079653651
47.95231999999199,-2.1035541671986815,0.4573252907721195,1.2630606883951285,0.020809484832543836,-0.011423924618820526,0.00043931923286058636,-2.071062039395787,0.20888064542111773,0.4521769951278939,0.17639612222563458,-0.10695563386266782,-0.1455169295290804,-2.1676008517314083,0.2500738302799558,0.8808555745509372,0.050322159528985874,-0.057477952447126605,-0.0594317385768182,0.09000117304571391,0.09000117304571391,0.0,0.06186850046675897,0.5655591736085178,-0.19094215826585662,-0.009029122100455648,-0.002847042331505227,-4.90967366958617,0,0.5560539146527472
47.95647999999199,-2.103467158931539,0.4572776200521915,1.2630625931123187,0.02088198411423749,-0.011440972782701411,0.0004571321256630521,-1.9254019789827144,0.666457815251349,1.1856964858888568,-0.011025119485442447,-0.055930593606047734,-0.026372630041878543,-2.0465233922305797,0.4581522479646318,1.033222562790188,0.020008135207196624,-0.056630113585846735,-0.04254547623692417,0.09000117304571391,0.09000117304571391,0.0,0.061636261266780915,0.5656409952977846,-0.19101923817368047,-0.009058237826141482,-0.002849398476917258,-4.909525564353189,0,0.5560844588042607
47.96063999999199,-2.1033798460532758,0.4572298780132631,1.2630645729835837,0.020955090783088215,-0.011458089342827474,0.0004751691035636326,-1.9857222543991366,0.5640114582800937,1.5846359017689058,0.08204795113300647,0.0816928610889951,-0.11222211880369418,-2.015951751536922,0.5112528513477087,1.3086989841152157,0.05102937548644595,0.012359660834539113,-0.07704855574507352,0.09000117304571391,0.09000117304571391,0.0,0.06140250073451427,0.5657230253177145,-0.1910974413208803,-0.009087592469480089,-0.0028517467079368242,-4.909377071325059,0,0.5561150404881152
47.96479999999199,-2.1032922259989357,0.4571820643711463,1.2630666289609958,0.02102881304156095,-0.011475274108039113,0.0004934345789057152,-2.369087460625692,0.451552566866793,1.1537251587604538,0.2680147139017158,-0.04803646070254658,0.12586830827529186,-2.191965691304956,0.481302636127454,1.2314728823947634,0.16002600458977617,-0.017959174034036293,0.0243521895341312,0.09000117304571391,0.09000117304571391,0.0,0.06116719987391508,0.5658052635696287,-0.1911767882407725,-0.009117189174490201,-0.002854086492931113,-4.909228187779743,0,0.5561456597697131
47.96895999999199,-2.103204296168753,0.4571341788425529,1.2630687620154768,0.021103159243914545,-0.01149252686240641,0.0005119330754544468,-1.814923651075798,-0.04483627051519867,1.3889181121493865,0.045625444727671494,-0.04471045674829226,0.09235000552213447,-2.0033464241586634,0.21813750383682268,1.3103892871993512,0.1024920889709051,-0.03181352225267859,0.058056857458496106,0.09000117304571391,0.09000117304571391,0.0,0.060930339350100046,0.5658877099042553,-0.19125729997051327,-0.009147031141858143,-0.002856417282390637,-4.909078910963892,0,0.556176316711528
47.97311999999199,-2.1031160539275042,0.45708622114520275,1.2630709731372762,0.021178137899741597,-0.011509847364037038,0.0005306692318689634,-2.0244375304489135,0.028607149233441043,1.3892129252165433,-0.016831804378143054,-0.07609539222462529,-0.004570777936932744,-2.0139266507464075,0.12321358086855431,1.3497924446051195,0.042605146194697595,-0.054363590853759525,0.026605722033396388,0.09000117304571391,0.09000117304571391,0.0,0.060691899481011995,0.5659703641193263,-0.19133899806513038,-0.009177121630217213,-0.0028587385082870817,-4.9089292380923375,0,0.5562070113729768
47.977279999991985,-2.1030274966038474,0.4570381909979367,1.263073263336465,0.021253757677601192,-0.01152723534385152,0.0005496478053173406,-2.361121923698058,0.04150137648537028,1.2157267898668556,-0.22496167142780846,0.0725066053671696,0.011511603372619921,-2.1879949689377005,0.08250832699531081,1.2827828711638698,-0.0909983806222515,0.008770813650538084,0.018940260413885596,0.09000117304571391,0.09000117304571391,0.0,0.06045186023035303,0.5660532259569022,-0.1914219046139498,-0.009207463957460593,-0.0028610495834070957,-4.908779166347576,0,0.5562377438102883
47.981439999991984,-2.102938621489644,0.45699008812083525,1.2630756336434452,0.021330027408754386,-0.011544690504339412,0.000568873675238682,-2.010929008549087,0.29641923225686295,1.6337242228876245,0.11295859697768432,-0.08063432004469404,-0.07651407044646565,-2.099225770248074,0.18929649166525037,1.4580967102079128,0.010953167800642748,-0.03541261259620094,-0.02871084177006358,0.09000117304571391,0.09000117304571391,0.0,0.06021020119964862,0.5661362951009581,-0.19150604225749762,-0.009238061502090802,-0.002863349900667343,-4.908628692879242,0,0.5562685140763663
47.98559999999198,-2.102849425839265,0.45694191223534286,1.2630780851094754,0.021406956091011748,-0.011562212518168384,0.0005883518472160505,-2.462061837726914,-0.10998472250922109,1.600529115001615,0.11106441217320673,-0.1231616276901183,-0.09443758354456469,-2.2804154475252587,0.03939835078641838,1.5291148340658307,0.06105784439964472,-0.07963397094564705,-0.060296853439695,0.09000117304571391,0.09000117304571391,0.0,0.059966901618584964,0.5662195711744844,-0.19159143420359295,-0.009268917704604102,-0.0028656388323880172,-4.908477814803576,0,0.5562993222206466
47.98975999999198,-2.102759906868879,0.45689366306439794,1.263080618807213,0.021484552892678133,-0.011579801026784112,0.0006080874570197201,-2.139863342840905,0.3567836904605579,1.3765512706704899,-0.12946056258460084,-0.0638332813114258,0.11941640177556108,-2.210407698785719,0.19795988258807934,1.4530779481511935,-0.03418295893975411,-0.07145211249878235,0.030711561983273034,0.09000117304571391,0.09000117304571391,0.0,0.05972194033703927,0.5663030537360468,-0.19167810424627058,-0.009300036068911518,-0.0028679157295411115,-4.90832652920287,0,0.5563301682889481
47.99391999999198,-2.1026700617557266,0.4568453403325688,1.2630832358312747,0.02156282715660659,-0.011597455639000057,0.0006280857748186005,-2.0219199901433242,0.22258601584854643,1.6326222224838796,0.13422472250307763,-0.2145760207709513,0.01391486776956137,-2.1158837578506433,0.20982655537458986,1.5428801323032655,0.050210057643754684,-0.1428826369720981,0.02238732544693282,0.09000117304571391,0.09000117304571391,0.0,0.059475295817095,0.5663867422776225,-0.19176607678390076,-0.009331420163799637,-0.0028701799209809448,-4.908174833124909,0,0.55636105232332
47.99807999999198,-2.102579887637375,0.4567969437661964,1.2630859372988144,0.02164178840438243,-0.011615175929382352,0.0006483522095104967,-2.711038216696547,0.9098926258865863,1.4521512815196524,0.16261145812996453,0.06922572482837651,-0.07252133146488375,-2.4131274069294992,0.5600084440629344,1.4973669635835003,0.10663541072056577,-0.036826275365762974,-0.026375445357395808,0.09000117304571391,0.09000117304571391,0.0,0.05922694612226062,0.5664706362205074,-0.19185537683843118,-0.00936307362442933,-0.0028724307126217086,-4.908022723582407,0,0.5563919743618803
48.00223999999198,-2.102489381610956,0.4567484730935436,1.2630887243501197,0.021721446340607454,-0.01163296143667519,0.0006688923132573025,-2.2608471709574465,0.3706856012083546,1.2515844702358034,0.11061248423494482,0.07588520067978921,-0.00621481825029719,-2.336755169028381,0.4655035258347649,1.3744624992383792,0.10815074656688295,0.01952755157259366,-0.016983456638156428,0.09000117304571391,0.09000117304571391,0.0,0.05897686890944885,0.5665547349126052,-0.19194603007468355,-0.009395000153875155,-0.002874667386593817,-4.907870197552413,0,0.5564229344386497
48.00639999999198,-2.1023985407323837,0.4566999280449515,1.2630915981492288,0.021801810857316667,-0.011650811662104403,0.0006897117861854749,-1.7676845566273318,0.41413593974730256,1.4042352823707098,0.08963132090083001,0.16152339547204947,0.10526910250524243,-2.0520291197271354,0.4401560373326314,1.389567532288926,0.09873330270379445,0.09017978893276829,0.044386727554279505,0.09000117304571391,0.09000117304571391,0.0,0.058725041418801326,0.5666390376243204,-0.1920380628218466,-0.009427203524706869,-0.0028768892003617945,-4.90771725197572,0,0.5564539325833777
48.010559999991976,-2.102307362015557,0.45665130835300316,1.2630945598845673,0.02188289203851664,-0.01166872606760797,0.000710816481268733,-2.249338853197168,0.08466491311677488,1.0318944807288808,0.05089094216599313,0.08049608370653803,0.07976837333949555,-2.150579208860303,0.262576666487629,1.2108957073062254,0.07466776118037081,0.0847378474925741,0.06145610467295199,0.09000117304571391,0.09000117304571391,0.0,0.05847144046413553,0.5667235435452466,-0.19213150209460192,-0.009459687580613583,-0.0028790953858051746,-4.907563883756261,0,0.5564849688213624
48.014719999991975,-2.1022158424315367,0.4566026137526949,1.2630976107696066,0.021964700164855425,-0.0116867040739801,0.0007322124094053072,-1.6535373334810501,0.07470387198240491,1.0295900646606502,-0.04156685324628795,-0.08754701567167018,0.015129354794370478,-1.9021419242198259,0.1684574677824057,1.120272785354598,0.01688161480924756,-0.0016861148845084912,0.03844021599847772,0.09000117304571391,0.09000117304571391,0.0,0.05821604242187592,0.5668082517801507,-0.19222637561580885,-0.009492456238072239,-0.002881285148260161,-4.907410089760477,0,0.5565160431732624
48.018879999991974,-2.1021239789077097,0.45655384398161597,1.2631007520435429,0.022047245718421492,-0.011704745058939143,0.0007539057446996554,-2.1660468466464127,0.06768025581949261,1.2521666406626082,0.012658312005116404,-0.07139251124123513,0.07594664880762325,-2.0340709647630004,0.11791869805880184,1.1863798631055296,0.015280680781562217,-0.036071224289744366,0.05658500750229885,0.09000117304571391,0.09000117304571391,0.0,0.05795882322167531,0.5668931613447913,-0.19232271183861183,-0.009525513488061212,-0.0028834576655230454,-4.9072558668166915,0,0.5565471556549013
48.02303999999197,-2.1020317683269276,0.4565049987801365,1.263103984972001,0.022130539387687546,-0.011722848355064808,0.0007759028299468545,-1.4339326362444673,0.16803288070850453,1.2924681039097135,-0.08043583255010855,-0.05614743286324336,0.004741819689500862,-1.734164372265337,0.14286019010738696,1.239433978530353,-0.03282772237052837,-0.04650957990809106,0.030960126181316234,0.09000117304571391,0.09000117304571391,0.0,0.05769975833552085,0.5669782711618867,-0.1924205399718225,-0.009558863397820451,-0.0028856120868046634,-4.907101211714457,0,0.5565783062770645
48.02719999999197,-2.101939207526625,0.4564560778916045,1.2631073108477606,0.022214592072593208,-0.011741013247685464,0.0007982101823500873,-2.6804866609299705,0.11364433338906665,1.2704961198468228,0.07054118350580507,0.00020587806775006906,0.17805385219158476,-2.2071848731496275,0.12825299900258272,1.2553350355605888,0.018589638091334567,-0.023401736626183806,0.10477541140592243,0.09000117304571391,0.09000117304571391,0.0,0.05743882276574939,0.5670635800564886,-0.19251989000451802,-0.009592510112660855,-0.0028877475316466147,-4.906946121203892,0,0.5566094950452873
48.03135999999197,-2.1018462932979176,0.4564070810625519,1.2631107309915084,0.022299414889773234,-0.011759238972615596,0.0008208344994550587,-2.0847297203911817,0.7209946943046704,1.2812116826384763,-0.1512385058065987,0.025411749016234025,-0.22737297688213323,-2.146272215756137,0.4246795983784786,1.2678000255152106,-0.06573455427261489,0.0016037349882616733,-0.06099600639609983,0.09000117304571391,0.09000117304571391,0.0,0.05717599103475133,0.5671490867511847,-0.19262079273199423,-0.009626457857821702,-0.0028898630887848253,-4.906790591995008,0,0.5566407219596344
48.03551999999197,-2.1017530223846763,0.456358008042911,1.263114246752614,0.022385019177939953,-0.011777524713814436,0.0008437826653377831,-1.7429050480255392,0.03841871054810486,1.199816681994814,-0.0025716661952948153,-0.08841238295307587,-0.03063555479434558,-1.9445915627863366,0.23136291377905252,1.2337428332767721,-0.033962672095882676,-0.043570392969621854,-0.04518123708972742,0.09000117304571391,0.09000117304571391,0.0,0.05691123717251547,0.5672347898613462,-0.19272327978243525,-0.009660710940380039,-0.0028919578149668667,-4.906634620757012,0,0.5566719870144696
48.03967999999197,-2.1016593914825785,0.45630885858624043,1.263117859509935,0.02247141650341886,-0.011795869600928075,0.0008670617570477783,-2.4789368269737557,0.36952625450665805,1.7091077084782271,-0.015925996939995548,-0.04458508094732637,-0.11643656226612491,-2.2118010367912513,0.30035260254706947,1.4711857165711895,-0.024956438564625812,-0.04397538762791944,-0.0804696745162223,0.09000117304571391,0.09000117304571391,0.0,0.05664453470479171,0.5673206878899907,-0.19282738364622923,-0.00969527375121232,-0.0028940307337189473,-4.906478204117605,0,0.5567032901982174
48.04383999999197,-2.1015653972381374,0.45625963244996254,1.2631215706726489,0.022558618665847813,-0.01181427270669667,0.0008906790513084643,-1.8757366836170397,0.121285030773231,1.4305921410591227,0.026334587973875015,-0.042631380556617526,0.03795824641111244,-2.043711840401032,0.21072968951564636,1.4509662277027706,0.0007372320742735099,-0.04368713463428261,-0.020604974352816087,0.09000117304571391,0.09000117304571391,0.0,0.05637585664144502,0.5674067792221005,-0.1929331377042969,-0.009730150767009879,-0.002896080834056564,-4.906321338662256,0,0.5567346314931132
48.047999999991966,-2.101471036247704,0.4562103293956117,1.2631253816811134,0.02264663770404677,-0.011832733044211674,0.0009146420314925807,-1.6163474265820164,0.9390854620182073,1.2106136763535387,-0.0394619083402633,-0.0015644213586271816,0.07703907305858607,-1.8301078080589899,0.5749086149137589,1.330947624206014,-0.019799528452541303,-0.022242090802693727,0.028636336391941762,0.09000117304571391,0.09000117304571391,0.0,0.05610517546243385,0.5674930621192504,-0.19304057625928525,-0.009765346552349787,-0.0028981070691326675,-4.90616402093346,0,0.556766010874944
48.052159999991964,-2.1013763050564456,0.4561609491890946,1.263129294007759,0.022735485902050004,-0.011851249564097256,0.000938958394908386,-2.1931299660561905,0.3532051330987147,1.3048294062367924,-0.027518700916505004,-0.12503468957764277,-0.10256399187755065,-2.0116777571386533,0.4637963681075365,1.317675295678763,-0.02409534540171489,-0.07416745722378253,-0.037096479468870444,0.09000117304571391,0.09000117304571391,0.0,0.055832463105258995,0.5675795347133692,-0.19314973456706433,-0.009800865761823242,-0.0029001083548351268,-4.906006247429991,0,0.5567974283127771
48.05631999999196,-2.1012812001572985,0.45611149160096337,1.2631333091580106,0.022825175795321156,-0.011869821151499723,0.000963636060376463,-2.093063618439176,0.5947654572157841,0.846196759724612,0.0773279298634752,-0.024432064364844283,0.20079969364966443,-2.052209214247461,0.5292326412804733,1.0823508307427017,0.026031260950119726,-0.0500867792174145,0.08162256132335764,0.09000117304571391,0.09000117304571391,0.0,0.05555769095196066,0.5676661950005413,-0.19326064886981345,-0.00983671314222211,-0.002902083568315927,-4.905848014606125,0,0.5568288837686786
48.06047999999196,-2.101185717989894,0.4560619564067011,1.2631374286712445,0.02291572017715279,-0.011888446622936671,0.0009886831761325308,-1.152297949910205,0.2610711469034813,0.9029683713746044,-0.016668699691987598,-0.05551391059517187,0.11742565217871112,-1.6022856939356522,0.39503457224285793,0.9929023125338482,0.006481654471812004,-0.05281054013562731,0.09965415987731974,0.09000117304571391,0.09000117304571391,0.0,0.05528082981459298,0.5677530408347978,-0.1933733564309152,-0.00987289353478625,-0.0029040315464534385,-4.90568931887085,0,0.5568603771974195
48.06463999999196,-2.101089854939455,0.45601234338702207,1.2631416541217781,0.023007132105253132,-0.011907124722967557,0.0010141081280603229,-2.0563980189200284,0.87420956238729,1.3732087500715882,0.23817035737944678,0.1132197341770373,0.03960894826332578,-1.8288493187787904,0.6348616875296912,1.1831413953369971,0.12215352136177862,0.02982207232499052,0.06924236665774777,0.09000117304571391,0.09000117304571391,0.0,0.0550018499208845,0.5678400699202355,-0.19348789557080598,-0.009909411877512165,-0.002905951084240837,-4.905530156587063,0,0.5568919085461681
48.06879999999196,-2.1009936073356696,0.4559626523281855,1.263145987119896,0.023099424908520984,-0.011925854120776389,0.0010399195483052509,-2.0479635844894992,0.09325289993579439,1.210009319877925,0.04906663954553133,0.02064967532343632,0.09977339357734545,-1.938307279726031,0.3640961232879496,1.1967832720737543,0.08626486151384118,0.025395746984790683,0.08440942037670651,0.09000117304571391,0.09000117304571391,0.0,0.054720720900299044,0.5679272798047785,-0.19360430570378614,-0.009946273207526833,-0.0029078409331150905,-4.90537052407074,0,0.5569234777541707
48.07295999999196,-2.1008969714515278,0.4559128830223252,1.2631504293129137,0.023192612194032437,-0.011944633406481324,0.0010661263242330975,-2.169314273102284,0.41095556090820834,1.3982110828079801,0.1446362891550841,-0.04090722075655493,0.051119818448555406,-2.0535113176340745,0.3874404937786193,1.2976037049547828,0.11533337342783587,-0.0074676127912303115,0.06834842294004596,0.09000117304571391,0.09000117304571391,0.0,0.054437411767930446,0.5680146678720568,-0.19372262737878995,-0.009983482663526333,-0.0029096997991964937,-4.905210417590097,0,0.5569550847524186
48.07711999999196,-2.100799943502135,0.4558630352677949,1.2631549823862793,0.023286707854228837,-0.01196346108726396,0.0010927376077741898,-2.0718246332950647,0.7773151884830783,1.461921890159418,0.09190118627948274,-0.1425981875088098,0.009867327426293962,-2.0624771811454155,0.5820839313900131,1.3797847644371817,0.103729047796475,-0.0750060751940922,0.03897058200500146,0.09000117304571391,0.09000117304571391,0.0,0.05415189090943596,0.5681022313332665,-0.1938429023181315,-0.010021045488280589,-0.002911526341442445,-4.905049833364724,0,0.5569867294632986
48.081279999991956,-2.100702519643492,0.4558131088695309,1.2631596480647178,0.02338172607431621,-0.011982335583368963,0.0011197628252111378,-1.9453265426022641,0.6524935166496473,1.1151236289971234,0.060945283132214756,0.07067361561840564,-0.015887458450785687,-2.003775618498011,0.6174356833678105,1.247419140743607,0.08298460963807404,-0.0019195514628136537,0.011621313656368832,0.09000117304571391,0.09000117304571391,0.0,0.05386412606508491,0.568189967218909,-0.1939651734619294,-0.010058967031208902,-0.0029133191697269167,-4.904888767564702,0,0.5570184118002312
48.085439999991955,-2.100604695971242,0.45576310363943157,1.2631644281134151,0.023477681339888517,-0.012001255223839338,0.0011472116873725955,-2.0742539452654944,0.013809373065377772,1.2075454547636575,-0.2210358974999627,-0.08637360742788004,0.032285930264833146,-2.039474366276347,0.31544022398797184,1.227549392926041,-0.06932210409239715,-0.04489812272083239,0.02184632647225056,0.09000117304571391,0.09000117304571391,0.0,0.05357408431270713,0.5682778723698704,-0.194089485010732,-0.010097252751025947,-0.0029150768428245133,-4.904727216309704,0,0.5570501316672898
48.089599999991954,-2.100506468519389,0.45571301939675635,1.2631693243392497,0.02357458844477493,-0.012020218242047251,0.0011750942002955768,-2.6061377153342242,0.9028161253110529,1.356537937131404,0.03473308555226124,0.12611543193812202,-0.05448008112525901,-2.3227367096958687,0.609396192712889,1.2919324489677284,-0.017807259638331626,0.0398324674945441,-0.016888193361665825,0.09000117304571391,0.09000117304571391,0.0,0.05328173205146416,0.5683659434278949,-0.19421588247404695,-0.010135908218460464,-0.002916797866300394,-4.904565175668066,0,0.5570818889588065
48.09375999999195,-2.1004078332589757,0.455662855968544,1.2631743385920677,0.023672462499125062,-0.012039222770969265,0.001203420676349633,-2.266340097640706,0.5071588733087986,1.2714604739423727,-0.018202843675211206,-0.03476839190350288,-0.0019628676564093497,-2.2945754858890686,0.5582056420043993,1.2816923795134958,-0.018189922622814738,0.001987867816949155,-0.009495735033029926,0.09000117304571391,0.09000117304571391,0.0,0.05298703498344998,0.5684541768258266,-0.19434441271665495,-0.010174939119048623,-0.002918480690296199,-4.904402641655846,0,0.5571136835589569
48.09791999999195,-2.1003087860967353,0.45561261319005125,1.2631794727660088,0.02377131893772897,-0.012058266838253756,0.0012322017458877167,-2.2656266664918197,0.46566039415392707,1.5311344869110726,0.026375257945862502,-0.08892475860776165,-0.1354873647359195,-2.2800458568405313,0.5117484496765777,1.406133171164468,0.004014318564845344,-0.043962742527752355,-0.0723884063897249,0.09000117304571391,0.09000117304571391,0.0,0.05268995809653986,0.5685425687776162,-0.19447512401062422,-0.01021435125600433,-0.0029201237072166318,-4.904239610235856,0,0.5571455153413299
48.10207999999195,-2.1002093228736993,0.45556229090521405,1.2631847288008813,0.023871173528594938,-0.012077348360934879,0.001261448369391033,-2.2735165859335704,0.581868435779942,1.1180535367693647,-0.15018064778503934,0.017422577712629325,-0.049577203739493425,-2.2770921797439176,0.5468459936230753,1.2619871026962914,-0.07373076128600359,-0.013669151529411065,-0.06044750745255493,0.09000117304571391,0.09000117304571391,0.0,0.05239046564485297,0.5686311152665439,-0.19460806608768946,-0.010254150553166664,-0.002921725249289633,-4.904076077316672,0,0.5571773841684755
48.10623999999195,-2.1001094393637754,0.4555118889671307,1.2631901086835906,0.02397204238176999,-0.012096465140001499,0.0012911718502189545,-1.6445757551734888,0.2933984133601446,2.005071829564523,-0.16761836363791655,-0.058174699477533814,-0.1865777098399725,-1.9611773303687334,0.4199990272711047,1.6331463657650618,-0.12107841177837625,-0.035726241031544904,-0.12339688507853099,0.09000117304571391,0.09000117304571391,0.0,0.052088521131102655,0.5687198120344878,-0.1947432901943509,-0.010294343058029582,-0.0029232835860281935,-4.9039120387516215,0,0.5572092898914335
48.11039999999195,-2.100009131272282,0.45546140723857004,1.2631956144496235,0.024073941958438174,-0.012115614854551593,0.001321383847908851,-2.254448041685257,0.45557521254849853,1.72942501445515,-0.018259606731127424,-0.03947761059071117,0.05757464943521967,-2.1078518544450096,0.4377049722923991,1.6814070749160832,-0.07009064291385252,-0.03746499307644795,-0.033383101431891674,0.09000117304571391,0.09000117304571391,0.0,0.051784087285062064,0.5688086545694068,-0.1948808491497023,-0.010334934944853219,-0.0029247969215536736,-4.903747490337748,0,0.5572412323492406
48.11455999999195,-2.0999083942344474,0.4554108455925046,1.2632012481845907,0.024176889080277115,-0.012134795055698597,0.001352096392117526,-2.4689756200042217,0.30218364649689233,0.9482630857497487,-0.10313016714477642,0.017719142189873048,0.07558755866408617,-2.2886306551608593,0.36998052725802577,1.3149874089077511,-0.08666443721916094,-0.010025935637563281,0.0209804228044922,0.09000117304571391,0.09000117304571391,0.0,0.05147712604476919,0.5688976380928507,-0.19502079740685205,-0.010375932517859008,-0.0029262633917940682,-4.903582427814753,0,0.5572732113684157
48.118719999991946,-2.0998072238138676,0.45536020391267096,1.263207012025829,0.02428090093910426,-0.012154003160080076,0.0013833218971911053,-2.1746129822751534,0.7807258312804263,1.292892869658136,-0.0128244959682901,0.08299522036601442,-0.0475932349578751,-2.231649061305887,0.5755276824915897,1.303841749950626,-0.04909244135950402,0.03695885645931104,-0.013666404938228066,0.09000117304571391,0.09000117304571391,0.0,0.0511675985351287,0.5689867575457888,-0.19516319111430744,-0.01041734221451035,-0.00292768106153349,-4.903416846863904,0,0.5573052267624198
48.122879999991945,-2.099705615500923,0.45530948209415795,1.2632129081640684,0.024385995106800697,-0.012173236443124765,0.001415073177469752,-2.590445905364465,-0.0186440862090409,1.3001995067641203,0.008350254577455422,-0.12192759000288894,0.03420222008599187,-2.411033000719099,0.2781838374863372,1.3020913885975047,-0.020194457827564363,-0.04237942254290974,0.010435010653820982,0.09000117304571391,0.09000117304571391,0.0,0.050855465046686296,0.5690760075755856,-0.19530808818396025,-0.01045917060888334,-0.002929047921332166,-4.903250743106931,0,0.557337278331094
48.12703999999194,-2.09960356471115,0.45525868004402553,1.2632189388451653,0.024492189545541727,-0.01219249203177655,0.0014473634632574924,-2.0019069899439907,0.882272163875568,1.5087970983297578,0.17914757415855204,0.0016788555493026693,0.03565458741439639,-2.2060932055226066,0.5802343528541352,1.4055207105372438,0.0788362054086475,-0.019695847354523614,0.02262959318643893,0.09000117304571391,0.09000117304571391,0.0,0.050540685012650716,0.5691653825196354,-0.19545554835948348,-0.010501424415124222,-0.002930361884266413,-4.903084112104884,0,0.5573693658600681
48.13119999999194,-2.099501066783574,0.45520779768195474,1.2632251063719053,0.02459950261831536,-0.012211766896994354,0.0014802064176217765,-1.6551196888595354,0.9929121601509514,1.9851936228436684,0.07371277569729769,0.0796670257612461,0.006806319860579448,-1.9304512655479868,0.7867420141288055,1.6953762617717199,0.07723371137978942,0.029899977147061576,0.01429492770330633,0.09000117304571391,0.09000117304571391,0.0,0.05022321698736893,0.5692548763905148,-0.1956056332887799,-0.010544110491000427,-0.0029316207825267823,-4.902916949356969,0,0.5574014891201439
48.13535999999194,-2.0993981169789917,0.45515683494093095,1.2632314131058802,0.024707953099765704,-0.012231057845706828,0.001513616153965838,-1.9912872085101632,0.659570720407705,1.0198605402524783,-0.05619018126260575,-0.013564954146852728,-0.11547785682421088,-1.9609884061648226,0.7231277734371694,1.3573722803274104,0.011429226550270389,0.007924701223062386,-0.05000462051279881,0.09000117304571391,0.09000117304571391,0.0,0.049903018622192666,0.569344482858966,-0.19575840660113758,-0.01058723584154385,-0.002932822363829102,-4.902749250299358,0,0.5574336478666495
48.13951999999194,-2.099294710478211,0.4551057917679628,1.2632378614694404,0.024817560187350873,-0.012250361512356615,0.0015476072544678525,-2.0797916109531824,0.5201923683535309,1.2068599902427168,0.01241311739983301,-0.15076945033693392,0.036275665673684315,-2.020363897561127,0.6213461325347548,1.2821907500091918,0.011380936746179019,-0.07193043983031185,-0.006973668634059489,0.09000117304571391,0.09000117304571391,0.0,0.04958004664129828,0.5694341952359375,-0.19591393398546525,-0.010630807622788889,-0.0029339642876427636,-4.902581010303966,0,0.557465841838761
48.14367999999194,-2.099190842380241,0.4550546681248378,1.2632444539477297,0.024928343512826488,-0.01226967434998996,0.001582194789440773,-2.1946852213150922,0.47537066174936443,1.2693043243361666,0.11029465476445177,-0.0910127378081664,-0.03237109277639439,-2.1072972902603313,0.5481679877023619,1.275679885190639,0.061274164842432255,-0.08142991341361769,-0.019559740334855035,0.09000117304571391,0.09000117304571391,0.0,0.04925425681767397,0.5695240064545348,-0.19607228327517856,-0.010674833145607184,-0.0029350441212294153,-4.902412224677202,0,0.5574980707587955
48.14783999999194,-2.099086507700432,0.45500346398891806,1.263251193090803,0.025040323154074333,-0.012288992620740187,0.001617394337613826,-2.5012767430166765,0.6125599725519731,1.7554668377710414,0.12483435512472196,0.1389753760679531,-0.09754552950889428,-2.3040296958410944,0.5806536785091757,1.515372558577833,0.09284543364503728,0.028670603794919793,-0.05793777733954999,0.09000117304571391,0.09000117304571391,0.0,0.04892560394627948,0.5696139090494218,-0.19623352453525952,-0.010719319879638277,-0.0029360593354582857,-4.902242888658687,0,0.5575303343314661
48.151999999991936,-2.0989817013685688,0.45495217935397664,1.2632580815158343,0.025153519647260782,-0.01230831238593422,0.001653222007487486,-1.8589942493616411,0.37554655950371907,1.4577272872978935,-0.05867870576242831,0.16203324116056647,-0.049632958766633976,-2.081632083382073,0.4784343370451221,1.4864463584602978,0.01765800095602542,0.09600268980282407,-0.05382148331911539,0.09000117304571391,0.09000117304571391,0.0,0.04859404181886542,0.5697038951370895,-0.19639773015449402,-0.010764275457321622,-0.0029370073004269396,-4.902072997419944,0,0.5575626322431052
48.156159999991935,-2.098876418226905,0.45490081423107903,1.2632651219094164,0.025267953999363255,-0.012327629495422043,0.001689694459694967,-1.8065994502952791,0.3271400931920769,0.627409580959755,-0.03314246552362658,-0.08771726979657478,-0.10647821115501643,-1.9441832346637995,0.4026037556984154,1.0567015575965686,-0.007519239437880557,0.004131084665139979,-0.08066124515252308,0.09000117304571391,0.09000117304571391,0.0,0.048259523196176775,0.5697939563927168,-0.19656497494183117,-0.010809707678025242,-0.0029378852808219624,-4.901902546063056,0,0.5575949641608465
48.160319999991934,-2.0987706530281507,0.4548493686495104,1.2632723170299605,0.025383647701043656,-0.012346939576465822,0.0017268289305613195,-2.0191856224564635,0.32979967386339837,0.928236385825332,0.11092410106615491,-0.001449754628597236,0.07254544571857584,-1.9814538359954388,0.3661972393847593,0.9926194999273878,0.05150324185854624,0.001798059690637237,-0.004324823834695094,0.09000117304571391,0.09000117304571391,0.0,0.04792199978095853,0.5698840840277326,-0.1967353362283763,-0.010855624512277472,-0.0029386904310538964,-4.901731529619287,0,0.5576273297317704
48.16447999999193,-2.098664400433401,0.45479784265775286,1.2632796697101971,0.025500622739901974,-0.0123662380218111,0.0017646432568117335,-1.9192675646958954,0.05757878283042611,1.0648572484294765,0.09278271279718665,0.07048714292274487,-0.04471087718373918,-1.9501673007400169,0.2120332886311163,1.028645668299126,0.07215037749229604,0.03574109587018989,-0.024412348241188202,0.09000117304571391,0.09000117304571391,0.0,0.04758142218834192,0.5699742687641786,-0.19690889397353456,-0.010902034106097436,-0.002939419790108263,-4.901559943047677,0,0.5576597285820042
48.16863999999193,-2.098557655010009,0.45474623632451444,1.2632871828597871,0.025618901614091093,-0.012385519977218946,0.0018031559016135259,-2.055892957849765,0.963177390035284,1.0776447726978762,-0.03736442667725079,-0.2355183082242255,0.10415987607323667,-2.0031105297937835,0.5871216547897534,1.0533626850865414,0.01833461851037245,-0.10031869688884963,0.03963848154195027,0.09000117304571391,0.09000117304571391,0.0,0.047237739917671,0.5700645008092873,-0.19708573087745923,-0.010948944785429165,-0.0029400702761392425,-4.901387781233596,0,0.5576921603157805
48.17279999999193,-2.098450411229399,0.45469454973981394,1.263294859468045,0.02573850734632666,-0.012404780328114684,0.0018423859819265715,-1.9721066456022711,0.4345729182679757,1.7795420971978633,0.1332813208025356,-0.0965636541116595,-0.03468309738894376,-1.987331025289837,0.5106471401130542,1.4163861305486984,0.07574089826335408,-0.09929280179838197,0.002098831492251675,0.09000117304571391,0.09000117304571391,0.0,0.04689090132085195,0.5701547698277635,-0.1972659324983239,-0.010996365060675653,-0.002940638680750473,-4.901215038987266,0,0.5577246245144476
48.17695999999193,-2.098342663464823,0.4546427830161244,1.2633027026067838,0.025859463498275788,-0.012424013685490648,0.0018823532973120537,-2.3948386585643675,0.5136734460809342,1.0440154848438683,0.030220456951209895,-0.07271945449296985,-0.01960494148831871,-2.191025662357225,0.5120100990690564,1.2301573544430158,0.053381037191903666,-0.08650748800103822,-0.008718061790350217,0.09000117304571391,0.09000117304571391,0.0,0.04654085357235256,0.5702450649115494,-0.19744958737678858,-0.01104430363133329,-0.0029411216629629923,-4.9010417110422475,0,0.5577571207354294
48.18111999999193,-2.0982344059890505,0.4545909362895786,1.263310715433285,0.025981794185341297,-0.012443214370985941,0.0019230783602741512,-2.068856963182917,0.4902143754137589,0.44200384508372215,-0.014950840906292003,-0.004346628704152061,-0.22154214187498847,-2.1299713028775913,0.5011043660055692,0.8356149588838517,0.019098139784496888,-0.04606805064389171,-0.11544125035230478,0.09000117304571391,0.09000117304571391,0.0,0.046187542637004655,0.5703353745497436,-0.19763678716639596,-0.011092769390727515,-0.0029415157428546454,-4.900867792053884,0,0.5577896485111341
48.18527999999193,-2.098125632972001,0.45453900972124117,1.2633189011934025,0.02610552409184851,-0.012462376400977486,0.001964582428199568,-2.182715679695572,0.8481648762264762,1.1321411213812969,-0.045686696702537444,-0.08018920482145624,0.12063089626222288,-2.1564388525353566,0.6744706711220875,0.9841311329985247,-0.013306879692296887,-0.0633248699011339,0.002527220911175839,0.09000117304571391,0.09000117304571391,0.0,0.04583091323667442,0.5704256865948226,-0.19782762677012916,-0.011141771430845562,-0.0029418172948304797,-4.900693276597717,0,0.5578222073478072
48.189439999991926,-2.0980163384783066,0.4544870034984505,1.263327263224807,0.02623067848662781,-0.012481493469758824,0.0020068875370437694,-1.618051479892916,0.3696320752919075,1.352177351827597,-0.01573741293645062,0.0850339756085929,-0.14395455079992725,-1.887274038525971,0.5222250479378654,1.1678562150409237,-0.014567040784352857,0.01135491974793475,-0.07013618426493334,0.09000117304571391,0.09000117304571391,0.0,0.04547090881751034,0.5705159882278322,-0.19802220448636187,-0.011191319047266066,-0.00294202254051932,-4.900518159167853,0,0.5578547967243246
48.193599999991925,-2.0979065164648105,0.4544349178362353,1.2633358049603771,0.026357283239007812,-0.012500558931645428,0.0020500165368346653,-1.7479300033212304,0.16172409026057238,1.3197153437996956,-0.0361270402140188,-0.01119718053457747,0.05695083192575362,-1.81767834746905,0.3419496298334833,1.243904748571962,-0.02430781573339294,-0.0003395278066807599,-0.006336562795923407,0.09000117304571391,0.09000117304571391,0.0,0.04510747151477456,0.5706062659211023,-0.19822062216015926,-0.011241421744182634,-0.0029421275412619668,-4.900342434175298,0,0.5578874160909247
48.19775999999192,-2.0977961607779974,0.4543827529788105,1.2633445299317485,0.02648536483521259,-0.012519565781959707,0.002093993129129768,-2.697129253554883,0.5850793126010381,1.7514272189232167,-0.09776408421879154,0.1802869158868455,-0.009083500615746396,-2.257613013048227,0.46389024444640026,1.497651415349498,-0.06116966273149052,0.0904043159575603,-0.008081849715985153,0.09000117304571391,0.09000117304571391,0.0,0.044740542117820276,0.5706965053984797,-0.1984229853446569,-0.011292089239517213,-0.002942128190164965,-4.900166095946243,0,0.5579200648678732
48.20191999999192,-2.097685265151351,0.454330509201157,1.2633534417730259,0.02661495039516559,-0.012538506636841475,0.002138841906553335,-1.946482753866192,0.2989771051398835,0.7498040297648414,-0.046089452418852664,-0.12424913744125854,-0.0658848976256604,-2.102143325311752,0.3811749942621236,1.1235840839179534,-0.05278700624497977,-0.017345292442699677,-0.036322409307862846,0.09000117304571391,0.09000117304571391,0.0,0.0443700600328621,0.5707866915938239,-0.19862940347040609,-0.011343331470120047,-0.0029420202036963107,-4.8999891387203185,0,0.5579527424440592
48.20607999999192,-2.097573823202644,0.4542781868106915,1.2633625442246696,0.02674606768969735,-0.012557373711716646,0.002184588394525815,-1.7270929215719586,0.3965215930623511,1.8133686290247129,0.049569275863715075,0.12899659241435982,-0.033173200331311735,-1.9145114708519837,0.38911732843811214,1.4684123034590202,-0.0020604440412113414,0.05551901681528256,-0.034805476428086506,0.09000117304571391,0.09000117304571391,0.0,0.043995963247386145,0.5708768086053545,-0.19883999002377928,-0.011395158597048193,-0.0029417991127786386,-4.899811556648792,0,0.5579854481755151
48.21023999999192,-2.0974618284311517,0.45422578614903114,1.2633718411375672,0.026878745158156376,-0.012576158798477333,0.0022312590953802586,-2.4119189487930024,0.44690841083294325,0.7771125061510598,-0.0692624076448881,-0.06222852016017712,0.08655047203633001,-2.1633630138069995,0.4178823014782602,1.1229373896741346,-0.03553230456997927,-0.002607189255027865,0.025961011434052113,0.09000117304571391,0.09000117304571391,0.0,0.04361818829064058,0.5709668396492654,-0.19905486273724715,-0.011447581010920891,-0.0029414602533682855,-4.8996333437927335,0,0.5580181813838608
48.21439999999192,-2.0973492742147917,0.4541733075938601,1.2633813364772961,0.027013011926414164,-0.0125948532410565,0.002278881534942813,-2.4567848447925393,0.3126181124311441,1.2464131336532096,-0.037762897451910464,0.03777994831575569,-0.05987072430462701,-2.3101537519416393,0.36532800507363555,1.1845510005056694,-0.03702073280748295,0.01760614883120159,-0.016662874267981707,0.09000117304571391,0.09000117304571391,0.0,0.043236670195547465,0.571056767007576,-0.19927414378663624,-0.011500609337337767,-0.0029409987564526486,-4.899454494121132,0,0.5580509413546596
48.21855999999192,-2.0972361538071866,0.4541207515609035,1.2633910343285955,0.02714889782525069,-0.01261344790958461,0.0023274843118593234,-1.9486325750032802,0.6692768317519243,1.2922897436927336,0.09795656405600353,0.050644930387045685,0.02286606061277684,-2.1291871879456354,0.5174092314981774,1.2384684009717357,0.030604017375216525,0.034437784155627815,0.0032364718064071085,0.09000117304571391,0.09000117304571391,0.0,0.04285134245861578,0.5711465719759324,-0.1994979600043822,-0.011554254442357654,-0.002940409537469501,-4.899275001508963,0,0.5580837273356901
48.22271999999192,-2.0971224603346488,0.4540681185060175,1.2634009389000525,0.027286433409121333,-0.012631933172626347,0.0023770971497027006,-1.6742759035199481,0.706934942136237,1.3195480541405458,0.04484932497084385,-0.16073582014962667,0.006931349096996048,-1.9016341452008954,0.6118396540090432,1.2790209712457923,0.03727761617335259,-0.06340907475008481,0.00616107141339612,0.09000117304571391,0.09000117304571391,0.0,0.042462136999135314,0.5712362348045101,-0.19972644310111695,-0.011608527438018993,-0.002939687285051599,-4.89909485973521,0,0.5581165385351192
48.226879999991915,-2.097008186793085,0.4540154089274017,1.26341105452902,0.027425649975269854,-0.012650298867787898,0.0024277509522121587,-1.9003319163747088,0.827236031821387,0.717871212863657,0.11204486927337284,0.005738343371766506,-0.12733765276096215,-1.9007505957779203,0.7195499858458965,0.9981772880647326,0.07495658216295704,-0.02821475477214421,-0.060570736526946126,0.09000117304571391,0.09000117304571391,0.0,0.04206898411829201,0.5713257346378896,-0.19995972990203853,-0.011663439687896649,-0.0029388264491067,-4.898914062480841,0,0.5581493741195781
48.231039999991914,-2.096893326044822,0.4539626233679426,1.2634213856867773,0.027566579583185986,-0.012668534270198196,0.0024794778617483037,-2.4346833062133597,-0.26040538280614467,1.0071086444377757,0.07430270488379956,-0.041605558571490675,0.12544116527983976,-2.167564904348928,0.22947942902001392,1.0029033831370417,0.07403567301267938,-0.03516081391193556,0.03269238010288194,0.09000117304571391,0.09000117304571391,0.0,0.04167181245670698,0.5714150494489809,-0.20019796259617992,-0.011719002812674484,-0.0029378212281407066,-4.898732603326734,0,0.558182233212128
48.23519999999191,-2.0967778708153455,0.45390976241769704,1.2634319369839493,0.027709255074368368,-0.012686628058922789,0.0025323113212653505,-1.6488461317128347,0.5042951136853625,1.498473580548433,0.06598707239492296,-0.11638580715654687,0.003616332683635642,-1.9080642781338415,0.36664875822718157,1.250699756136346,0.06983927678895399,-0.07655810315150059,0.018019331577177406,0.09000117304571391,0.09000117304571391,0.0,0.041270548951679926,0.5715041559695535,-0.2004412890018278,-0.011775228695718438,-0.0029366655557908202,-4.89855047575155,0,0.5582151148901142
48.23935999999191,-2.096661813689961,0.4538568267165258,1.2634427131761994,0.027853710092366535,-0.01270456828109897,0.002586286140027493,-2.868897628459914,0.9237195125079144,1.305482835089244,0.07740351589303027,-0.039579123832004556,-0.05917521576225333,-2.3883279120836507,0.6451051703901592,1.277968876625586,0.07421351010043246,-0.057811497326429734,-0.020707826881262006,0.09000117304571391,0.09000117304571391,0.0,0.040865118793494574,0.5715930296158661,-0.20068986284599719,-0.011832129488630206,-0.0029353530865117512,-4.898367673129557,0,0.5582480181828979
48.24351999999191,-2.0965451471103647,0.45380381695688604,1.263453719170213,0.027999979103064947,-0.012722342313533544,0.0026414385633148816,-2.6882126676718463,0.16911444755241517,1.416779277782963,-0.1176781034520894,-0.02661255687938466,0.0178295682471922,-2.538517012330451,0.4070516796513832,1.3474120251858874,-0.02178878507164328,-0.04248077404528996,-0.0013895085229595418,0.09000117304571391,0.09000117304571391,0.0,0.04045544538142626,0.5716816444083167,-0.20094384406228658,-0.011889717616755448,-0.002933877180337038,-4.898184188728401,0,0.5582809420694576
48.24767999999191,-2.096427863371135,0.4537507338867955,1.26346496002999,0.02814809741515739,-0.012739936821727336,0.0026978063464552123,-1.8138649197046302,0.7999830225980575,1.4670999484738334,0.07991378873631516,0.11690290430848191,0.11483271720882135,-2.17602002493462,0.6037627039356349,1.4074956901321798,0.029223332243049894,0.03746598004047898,0.056705955166076946,0.09000117304571391,0.09000117304571391,0.0,0.04004145027987905,0.5717699728875627,-0.20120339910631205,-0.011948005784622831,-0.0029322308866715024,-4.898000015706826,0,0.558313885475854
48.25183999999191,-2.0963099546161317,0.45369757831297935,1.2634764409834627,0.02829810120076951,-0.012757337715866558,0.0027554288334130927,-1.6869617728754376,0.35171011035893557,1.1876362215224052,0.20690756396677326,-0.10217518878764119,0.08945272567675286,-1.9310575370972463,0.4775236515622431,1.2977508118810377,0.11825703022176451,-0.033081142266069674,0.07291594709592293,0.09000117304571391,0.09000117304571391,0.0,0.039623053172299465,0.5718579860216999,-0.20146870128941397,-0.01200700698127763,-0.002930406927004049,-4.897815147112338,0,0.5583468472725459
48.25599999999191,-2.0961914128348145,0.45364435110421314,1.2634881674294642,0.028450027516144637,-0.012774530103887387,0.002814347040394658,-1.9771710355883463,0.6243181273125323,1.4419994941215655,0.15087592505152625,0.008739527143046617,0.16868098550102334,-1.9538008429339397,0.5509389937058358,1.3702266317149934,0.13458912689946412,-0.011644136457453571,0.120976116303556,0.09000117304571391,0.09000117304571391,0.0,0.03920017181692737,0.5719456531102601,-0.20173993113604544,-0.012066734485479937,-0.0029283976765094484,-4.897629575878815,0,0.5583798262715494
48.260159999991906,-2.0960722298584713,0.45359105319487564,1.2635001449450671,0.02860391432233711,-0.012791498240995845,0.002874603744700164,-1.9072868306545396,1.2512815024360155,1.5076418409703787,-0.0982853556179146,0.03936526324778318,0.12495545557598851,-1.9307486813801522,0.9011971916884961,1.4391955901789386,0.01852231308039428,0.013778259782265193,0.12273061092855053,0.09000117304571391,0.09000117304571391,0.0,0.03877272200117878,0.5720329416789233,-0.20201727676105735,-0.01212720187071977,-0.002926195144404076,-4.897443294824059,0,0.5584128212234285
48.264319999991905,-2.095952397356364,0.4535376855887273,1.2635123792933143,0.0287598005058093,-0.012808225475591725,0.002936243579309386,-2.386639343744208,0.47782468810054574,1.525398240975223,0.12846112090918432,0.09629291255548936,-0.06549227482745089,-2.1584297812487137,0.6897090916472034,1.4821608026254447,0.07337600783066592,0.054632249070792144,0.028868807950369058,0.09000117304571391,0.09000117304571391,0.0,0.03834061749701139,0.5721198173672246,-0.20230093427143642,-0.012188423010004033,-0.0029237909529817277,-4.897256296647299,0,0.558445830814105
48.268479999991904,-2.095831906831785,0.4534842493629302,1.2635248764313711,0.028917725898832007,-0.012824694191309096,0.0029993131336399368,-2.09335476159664,0.4267581601560884,1.1739146848381572,-0.0070619378006621936,0.06104980802326001,0.030525027740001827,-2.125907645833076,0.5583590030563472,1.3280991340169763,0.03371088849331674,0.057727463991290716,0.029669854174466867,0.09000117304571391,0.09000117304571391,0.0,0.0379037700151355,0.5722062438087626,-0.20259110819492498,-0.012250412080363683,-0.002921176315239786,-4.897068573926627,0,0.5584788536614764
48.2726399999919,-2.095710749618037,0.45343074567232744,1.2635376425191247,0.029077731299561947,-0.012840885744659303,0.0030638610608811597,-1.7070544635235143,0.8332125496940015,1.5724209765848507,-0.07368102828389986,-0.1456331777928234,-0.025482901667241573,-1.9166306795323362,0.6954861951439573,1.4502078653963022,-0.020314120787314614,-0.04461698571209331,0.002527763621266362,0.09000117304571391,0.09000117304571391,0.0,0.03746208916213323,0.5722921825020726,-0.20288801193581613,-0.012313183567012852,-0.002918342010954243,-4.896880119116386,0,0.558511888311827
48.2767999999919,-2.0955889168743216,0.4533771757540022,1.26355068392826,0.029239858491659634,-0.01285678039805475,0.00312993819247133,-2.3781576166878584,-0.22151910906412658,0.7695514670156626,0.08682622307089197,0.15136700121552712,-0.07294312921505562,-2.147215160392969,0.23729345962437404,1.1097231012451534,0.0324696474766997,0.05264392222177612,-0.03516318832986846,0.09000117304571391,0.09000117304571391,0.0,0.037015482395785296,0.5723775926716134,-0.20319186826100374,-0.012376752267092145,-0.0029152783610941753,-4.896690924544499,0,0.558544933236017
48.2809599999919,-2.095466399581558,0.45332354093213656,1.2635640072518444,0.029404150263268865,-0.012872357247760294,0.003197597660255947,-2.1294561172696205,0.5460987270119858,1.1139979507781974,-0.08387898514942527,-0.009784767779684005,0.02900982091192421,-2.1385102444547726,0.3916770346856706,1.111920915807509,-0.02557026103145712,0.02185067982851362,-0.0030905509818488783,0.09000117304571391,0.09000117304571391,0.0,0.03656385498373658,0.5724624311186328,-0.2035029098174477,-0.012441133292911995,-0.002911975200438179,-4.8965009824097345,0,0.5585779868254348
48.2851199999919,-2.09534318853812,0.45326984262319336,1.2635776193144568,0.029570650425172786,-0.012887594146372819,0.0032668950269576463,-2.513706045087233,0.6084324643507094,1.5805263998435977,0.008221247654205285,0.021520243317749627,0.07297542970066746,-2.326094550828465,0.5001002594754353,1.3463800880498833,-0.008253250363871974,0.0220548936012565,0.03428151988868215,0.09000117304571391,0.09000117304571391,0.0,0.03610710996208442,0.5725466520610352,-0.20382137968607378,-0.01250634207460461,-0.0029084218482519847,-4.896310284778924,0,0.5586110473876946
48.2892799999919,-2.095219274355504,0.45321608234144645,1.2635915271828968,0.02973940382789508,-0.012902467619257155,0.0033378884255863515,-1.8752583515478696,0.26493418219861153,0.4313898811613188,0.0943682298492747,-0.11260779251453348,0.00800772693604991,-2.1004768376930847,0.3822812591186025,0.8888957912726585,0.042966486008966756,-0.045222048633829205,0.02088018057681569,0.09000117304571391,0.09000117304571391,0.0,0.03564514809774075,0.5726302069599829,-0.20414753197178842,-0.012572394362074106,-0.0029046070768525617,-4.896118823584113,0,0.5586441131420592
48.2934399999919,-2.095094647453931,0.4531622617048861,1.2636057381775156,0.029910456377488546,-0.012916952774481842,0.003410638708549069,-2.3605086240548494,0.5156396721005446,1.3834388395793384,-0.036351028091145904,0.02634765382289074,-0.04369063906799427,-2.2305706972116397,0.44901692240572816,1.1360810551240421,0.0035713453375737737,-0.00978859060597752,-0.011956174817112978,0.09000117304571391,0.09000117304571391,0.0,0.035177867851580696,0.57271304433374,-0.20448163243528383,-0.012639306226124181,-0.002900519077890527,-4.895926590619667,0,0.558677182214568
48.297599999991895,-2.0949692980578907,0.45310838244152923,1.2636202598842126,0.030083855049702124,-0.012931023205646363,0.0034852096072463816,-2.3716486559252066,0.08834364957404306,1.225338947365028,0.055082738768332515,-0.06886764335844701,0.03307896667605369,-2.3009962523460907,0.2685342439587215,1.1807804017553514,0.0294002373380726,-0.03919185065614906,0.010090831289696947,0.09000117304571391,0.09000117304571391,0.0,0.03470516534623058,0.5727951095569663,-0.2048239591689001,-0.012707094058622165,-0.0028961454261579186,-4.89573357753931,0,0.5587102526328508
48.301759999991894,-2.0948432161916317,0.4530544463961674,1.2636351001671418,0.030259647902180126,-0.01294465088685179,0.003561667902989992,-2.1501413005259002,0.3744783023060327,1.441111064178254,0.15927882347250277,0.12738917051677867,-0.2700754662596952,-2.2252364011894645,0.32177234736008975,1.310385239485986,0.09431952313790383,0.0439114756566903,-0.12970221960158237,0.09000117304571391,0.09000117304571391,0.0,0.034226934336365575,0.5728763446431338,-0.20517480331796006,-0.012775774571535722,-0.0028914730406896863,-4.895539775853115,0,0.5587433223205962
48.30591999999189,-2.094716391674614,0.4530004555375869,1.2636502671821845,0.030437884084277455,-0.012957806059316634,0.0036400836102837677,-2.2553640047781807,0.4199544147873042,1.3947121690272062,-0.03191376211689982,-0.1508614833094555,-0.02474136264561432,-2.2403673471199195,0.37055103959989794,1.3524990211178027,0.03147716064807971,-0.053827492155227745,-0.0777997900522387,0.09000117304571391,0.09000117304571391,0.0,0.033743066185373344,0.5729566880107781,-0.20553446985692198,-0.012845364794662825,-0.0028864881429594555,-4.895345176924448,0,0.5587763890916562
48.31007999999189,-2.0945888141169307,0.4529464119663013,1.2636657693912403,0.03061861384403023,-0.012970457108545013,0.0037205301733972147,-2.444342913259625,0.427990084874229,1.7735732776982047,0.03353293445017865,0.01995701848650127,0.21218640021747479,-2.3422855943233944,0.3993131789900761,1.5634796253228498,0.03192038346290351,-0.017278855765147188,0.06756522832588757,0.09000117304571391,0.09000117304571391,0.0,0.03325344984604372,0.5730360742286347,-0.2059032784196569,-0.012915882071837689,-0.0028811762118707215,-4.895149771966848,0,0.5588094506437499
48.31423999999189,-2.094460472914715,0.45289231792283685,1.2636816155773964,0.03080188853172125,-0.012982570431467081,0.0038030846774920785,-1.5467082842267112,0.4665675163914295,1.2112121951643187,0.1058644930616475,0.00689622949035563,0.11300242671024764,-1.9442711257071452,0.43295516399048445,1.3875785986549496,0.06886296135426309,-0.0051936928443010455,0.09022723937917662,0.09000117304571391,0.09000117304571391,0.0,0.032757971849571695,0.5731144337428218,-0.2062815641900088,-0.012987344055375579,-0.002875521935299159,-4.894953552040871,0,0.5588425045517433
48.31839999999189,-2.094331357245551,0.4528381757966192,1.2636978148610443,0.030987760599418997,-0.012994110292234181,0.0038878280754511135,-2.283499746916431,0.2382695024256698,2.1017684132745544,0.10201175915547792,-0.07832683467680339,-0.02375184827001059,-2.11367601888425,0.3354486491273992,1.7446290360853078,0.08562291682289362,-0.04204205038707689,0.033275887701698065,0.09000117304571391,0.09000117304571391,0.0,0.032256516301179455,0.573191692577213,-0.20666967885988483,-0.01305976869847117,-0.0028695091578259902,-4.894756508050888,0,0.558875548260461
48.32255999999189,-2.0942014560639017,0.45278398813551085,1.2637143767170107,0.031176283595742225,-0.013005038666015071,0.003974845431940702,-2.163014594255892,0.4923056034637161,1.772089786771735,-0.0025931746275434375,0.03603690037664239,0.03160226146712038,-2.138350943452346,0.41395374364209614,1.7584244206150874,0.041471426686363486,-0.0032787821191814417,0.032879029497720307,0.09000117304571391,0.09000117304571391,0.0,0.03174896488643634,0.573267772012719,-0.20706799165721962,-0.013133174245240471,-0.002863120824379291,-4.894558630741837,0,0.5589085790770018
48.32671999999189,-2.0940707580965894,0.4527297576560564,1.263731310992786,0.03136751215500738,-0.01301531506907744,0.004064226186067343,-2.236995510028815,0.730797312009489,0.4736156787889908,0.0015954809729196266,0.09033446768265671,-0.10697096885397517,-2.1876694074985337,0.57256407270554,1.115789156411742,0.02096335110923147,0.04427450347939688,-0.037322466225495586,0.09000117304571391,0.09000117304571391,0.0,0.031235196888726738,0.5733425882355399,-0.20747689045451598,-0.01320757921802725,-0.0028563389193328294,-4.89435991069595,0,0.5589415941625073
48.330879999991886,-2.09393925183834,0.4526754872544969,1.2637486279279295,0.03156150197976421,-0.013024896374276587,0.004156064434467851,-1.7137390226567353,0.16408947696900394,1.3993212989765138,0.07395002812104196,-0.0016162072306499884,-0.06459669339103945,-1.9505473799321158,0.3683227054043367,1.2574226818765073,0.047595185311644514,0.020298030958606366,-0.050875809395661255,0.09000117304571391,0.09000117304571391,0.0,0.030715089218530917,0.5734160519567892,-0.2078967829603451,-0.013283002401561245,-0.0028491444006982325,-4.894160338329442,0,0.5589745905233466
48.335039999991885,-2.093806925547442,0.45262118001862117,1.2637663381747488,0.031758309815564795,-0.013033736610176226,0.0042504592366034944,-1.968288117531548,0.47711359793484065,1.234966550114961,-0.021486677346334804,-0.08299402332451356,-0.06806044682946513,-1.959462936344329,0.4225455576261624,1.2460524566118059,0.013237454040992958,-0.030990301241122894,-0.05925618157661131,0.09000117304571391,0.09000117304571391,0.0,0.03018851646181739,0.5734880679985611,-0.2083280980043344,-0.013359462823475096,-0.002841517128918363,-4.893959903889184,0,0.5590075650016613
48.339199999991884,-2.0936737672415395,0.45256683924052893,1.2637844528203501,0.0319579934166418,-0.013041786742143683,0.004347514944312805,-2.0844252766481235,0.636634892016376,1.3531944427227562,-0.07443223958508693,0.0564452484237573,0.1694978671718288,-2.02210077646922,0.5297107884333712,1.2999773013316855,-0.030121206766085803,0.011923182811155059,0.054841114133989385,0.09000117304571391,0.09000117304571391,0.0,0.029655350942237785,0.5735585348423071,-0.2087712869238468,-0.013436979730618222,-0.0028334357897344146,-4.893758597449361,0,0.5590405142652172
48.34335999999188,-2.093539764693619,0.4525124684303883,1.263802983410175,0.03216061150092118,-0.013048994433758841,0.004447341557967149,-2.4805270070818146,0.5190699119864772,1.235760624874933,0.08348409330639239,0.05488580353684097,-0.16508791921097676,-2.251142498854982,0.5245040199997508,1.2675255803536387,0.026214364145729824,0.03360207262387348,-0.05532314411559798,0.09000117304571391,0.09000117304571391,0.0,0.029115462808705583,0.5736273441372038,-0.20922682506207949,-0.013515572560522621,-0.002824877810589544,-4.893556408908127,0,0.5590734347965062
48.34751999999188,-2.0934049054282333,0.45245807133127897,1.2638219419731402,0.03236622369257038,-0.013055303786231952,0.004550055111656705,-2.102910646961086,0.8111586238749275,1.4564549944020257,0.07869666656850294,-0.2314475948044556,0.1375419933754784,-2.1768605548756965,0.6673513300263241,1.3622762537929949,0.051829950224028726,-0.09862041720747058,0.04178898816448529,0.09000117304571391,0.09000117304571391,0.0,0.028568720146699866,0.5736943801636111,-0.20969521338605437,-0.013595260907267377,-0.0028158192699074885,-4.893353327984269,0,0.5591063228810268
48.35167999999188,-2.0932691767180254,0.4524036519352224,1.263841341048516,0.03257489044995756,-0.013060655053573234,0.004655778090219419,-2.0772709877307514,0.3406675494812191,1.4234727271851317,-0.04019242377396139,-0.01211678278470437,-0.006687410109669146,-2.1271465062489203,0.503981928842547,1.392860261208531,0.004782557150897327,-0.05536336923331252,0.017913501557311102,0.09000117304571391,0.09000117304571391,0.0,0.028014989118049574,0.5737595192458107,-0.21017698023770967,-0.013676064480872718,-0.0028062347985429712,-4.893149344213892,0,0.5591391745946731
48.35583999999188,-2.093132565580623,0.45234921450050974,1.263861193714688,0.03278667297654682,-0.013064984331043965,0.004764639881245412,-2.3063659653716786,0.7579218613033277,0.7944838742719188,-0.07497773509752216,-0.024439268286705118,-0.0855173052503821,-2.216914049346378,0.6309033252769455,1.0934900411771518,-0.034800162835084074,-0.04013709494814622,-0.0338116668529462,0.09000117304571391,0.09000117304571391,0.0,0.027454134137173014,0.5738226291113524,-0.21067268323241242,-0.013758003059220942,-0.002796097472649359,-4.892944446947144,0,0.5591719857901527
48.35999999999188,-2.0929950587759905,0.45229476357045245,1.2638815136199604,0.03300163311184158,-0.01306822321375219,0.004876777265388965,-2.091527122085178,0.718146825926523,1.3097245278762832,-0.12246604812959859,0.10513856688955463,-0.0008943000920657194,-2.154474423215497,0.6747436556126856,1.2016070306578188,-0.07863274747718406,0.03283554280392207,-0.017399880558547885,0.09000117304571391,0.09000117304571391,0.0,0.02688601808727087,0.5738835681878613,-0.21118291131411535,-0.01384109643133015,-0.002785378697066124,-4.8927386253449985,0,0.5592047520823421
48.36415999999188,-2.092856642804328,0.4522403039936929,1.2639023150155806,0.03321983319898298,-0.01307029842228797,0.004992334948854079,-2.3304415632171245,0.06257917362815957,0.7962356104290553,0.026685890140995764,0.19488007100225144,-0.08948592859592783,-2.242404630817519,0.3690622629138434,0.9987335797620385,-0.025541572995470087,0.11394984097946888,-0.05402680132795052,0.09000117304571391,0.09000117304571391,0.0,0.026310502581903733,0.573942184833007,-0.2117082869892592,-0.013925364330623979,-0.002774048078280216,-4.892531868376113,0,0.5592374688324836
48.368319999991876,-2.09271730390464,0.45218584094622744,1.2639236127911733,0.03344133592501726,-0.013071131391712305,0.0051114661422507245,-2.3403909234933797,0.23592456783534643,1.1077200888371543,0.005955231693380192,-0.05683088153699897,0.10172424341825637,-2.2913860309877743,0.3023734339000443,1.0534383346043832,-0.0098168800197711,0.028975882013939948,0.024245442945830056,0.09000117304571391,0.09000117304571391,0.0,0.025727448285525825,0.5739983164890998,-0.21224946875109385,-0.01401082635661259,-0.0027620732858967038,-4.892324164813797,0,0.5592701311311139
48.372479999991874,-2.092577028054102,0.4521313799553121,1.2639454225128002,0.03366620412916341,-0.013070637819682753,0.005234333190471055,-1.708046375394358,1.3769765431639238,1.0839392865149307,-0.08831287913721766,-0.08154641670773158,0.03873912287001409,-1.999896802543956,0.8395112279624994,1.0687684024996995,-0.048582362697468566,-0.025477159596218164,0.03206727270649158,0.09000117304571391,0.09000117304571391,0.0,0.025136715295449932,0.5740517887539268,-0.2128071537181205,-0.014097501883134161,-0.002749419901412818,-4.892115503233112,0,0.5593027337796062
48.37663999999187,-2.092435800968379,0.4520769269254402,1.2639677604638786,0.03389450057355956,-0.013068727169248659,0.005361108258837441,-2.0279906238259215,1.504718041828263,1.4062657473189768,0.08474278845779223,-0.17893876410582438,0.1142639723355096,-2.013767701657539,1.1717478151212157,1.2377567360384871,0.018097848335712437,-0.10254091675885756,0.07333646472080776,0.09000117304571391,0.09000117304571391,0.0,0.024538163601415627,0.5741024143591502,-0.2133820805055029,-0.014185409950997607,-0.0027360512529982384,-4.89190587200814,0,0.559335271270192
48.38079999999187,-2.092293608103087,0.4520224881666026,1.2639906436892172,0.034126287669987286,-0.013065302121028495,0.0054919740812606945,-1.764236666973851,0.12407655726535011,1.209603524069804,0.16122740736767543,0.06539133215659367,0.01987970551458209,-1.8886659228799751,0.6480417071295625,1.2237204738329712,0.09005399132324082,-0.01898941021697959,0.04700022844956526,0.09000117304571391,0.09000117304571391,0.0,0.023931653635971023,0.574149992043779,-0.21397503235477694,-0.01427456914249256,-0.0027219282348097023,-4.891695259309465,0,0.5593677377643153
48.38495999999187,-2.0921504346566087,0.45196807042506504,1.2640140900424541,0.03436162715489248,-0.013060257969025631,0.005627124776845473,-2.580846624466719,-0.07938597923859259,1.467410535244903,0.1817450661669549,-0.11465059337814867,-0.08463889033709512,-2.2343821289194796,0.28408407136629776,1.3453898715793533,0.13543021495414642,-0.0667020774405141,-0.018189785773191098,0.09000117304571391,0.09000117304571391,0.0,0.023317046926552273,0.5741943053141573,-0.21458684054748006,-0.014364997434798308,-0.002707009109230248,-4.89148365310191,0,0.5594001270691595
48.38911999999187,-2.09200626744938,0.4519137486574365,1.2640380921081475,0.03460012973490241,-0.013037224230849619,0.005760495766405039,-2.2860501961851654,0.16148289772722535,0.9403061380865858,-0.02154579096610084,-0.006825753632315008,-0.1207325914952594,-2.2602625029633443,0.22276819041796775,1.1425946163315641,0.05751207029184139,-0.03665289425939363,-0.06972694547993467,0.09000117304571391,0.09000117304571391,0.0,0.022695110127912935,0.5742024857793616,-0.21519318564503712,-0.014456044925624386,-0.002688065639584101,-4.8912710415337255,0,0.5594323635628905
48.39327999999187,-2.0918610903081434,0.451859489176797,1.264062685356403,0.034842513896784985,-0.013022275353473636,0.005902379581318396,-1.896595156453639,0.6503193306802317,0.9486833415581958,0.016871229685265252,0.053629703951286356,-0.05885168687201639,-2.078392474598012,0.4366575654550944,1.0455159869592447,0.037810354148847265,0.008836091413734003,-0.0646625175663917,0.09000117304571391,0.09000117304571391,0.0,0.02206438779053288,0.574226799592154,-0.21583541016097196,-0.014548457202716218,-0.002668590262857459,-4.891057412304994,0,0.5594644824948195
48.39743999999187,-2.0917148872260265,0.4518052779463278,1.2640878988128628,0.035088739708093085,-0.013010695312617435,0.0060512295503411685,-2.4994898040048366,0.22708682657321075,0.8689838595961279,-0.031504558169886045,0.11166784360135773,-0.038363441290250794,-2.2890097154544238,0.332102768531664,0.9571678727815139,0.0032058818680331456,0.060354478795752745,-0.051024028301525505,0.09000117304571391,0.09000117304571391,0.0,0.021424943900603288,0.5742578136254687,-0.21650740457299494,-0.014642430849928188,-0.002649403300732594,-4.890842752778166,0,0.5594964991853242
48.401599999991866,-2.0915676421930853,0.45175111392851935,1.2641137578359607,0.035338807905827774,-0.012999364274022606,0.006206165543511399,-1.9540705251115469,-0.32585750954889975,1.0347779372441042,-0.04575108613721299,-0.0721405100942607,-0.1085013919917877,-2.121632227570918,0.0029694661494101353,0.9957477504844064,-0.021610819272962697,-0.006601411624314079,-0.07975044108909045,0.09000117304571391,0.09000117304571391,0.0,0.020776760971370004,0.5742892792486175,-0.21720571879435283,-0.014737953344138296,-0.002630301614992819,-4.890627050048139,0,0.5595284158282477
48.405759999991865,-2.0914193390989624,0.4516970033636436,1.2641402864193554,0.03559274258951425,-0.012986535570185415,0.006366860014714733,-2.162406287643087,0.5645112897131261,1.2125793667684146,0.23916720560688898,-0.019441693652973623,-0.1797737057155194,-2.14152189575408,0.2837041841987651,1.1037912619446986,0.10867190502931086,-0.013172215534321869,-0.12980862113732272,0.09000117304571391,0.09000117304571391,0.0,0.02011977461677586,0.5743176912881343,-0.21792911252219277,-0.014834961369102319,-0.0026108397169306964,-4.890410290979574,0,0.559560227342559
48.409919999991864,-2.0912699616879555,0.45164295612779554,1.2641675086657898,0.0358505786416234,-0.012971336603539423,0.006533339144249066,-1.9809461059536175,0.914498701584417,1.3503962628253696,0.16779558836444347,-0.10946158147935296,0.0823484320234542,-2.0608834295972884,0.5988773771757455,1.2272662459220274,0.1380195054234094,-0.060924725977662825,-0.02349150999303335,0.09000117304571391,0.09000117304571391,0.0,0.019453898703895064,0.5743412918761085,-0.21867776295349087,-0.01493339955434826,-0.0025906225784631328,-4.890192462224056,0,0.5595919251018173
48.41407999999186,-2.091119493549892,0.45158898383469753,1.2641954495965364,0.036112353135201544,-0.012953350343523448,0.006705823379198354,-2.276852806489115,0.5995898968612915,0.808683162530901,0.13067365702300132,0.048319145587184135,0.00936686206775799,-2.168598037234363,0.5993330299627257,1.0179912931207673,0.13444579182545813,-0.005773907623875268,-0.007081315166760508,0.09000117304571391,0.09000117304571391,0.0,0.018779042557815193,0.5743592340008277,-0.21945262835369636,-0.015033233183112841,-0.0025693699928068464,-4.889973550227231,0,0.5596234988857686
48.41823999999186,-2.090967918134791,0.4515350990403515,1.2642241355529646,0.036378099624275774,-0.012932350643045034,0.006884629542792947,-2.110029746210592,0.6762657271107992,0.9903187798724514,-0.0021994720488787353,-0.05285734022709737,-0.1625965722210645,-2.1393177121342,0.6376884665299547,1.0038166006762999,0.06596620955294542,-0.02858721320825165,-0.08480685194648764,0.09000117304571391,0.09000117304571391,0.0,0.018095122413091344,0.5743710520875778,-0.22025505707066587,-0.015134443985762793,-0.0025468968681646503,-4.8897535412322695,0,0.5596549377089249
48.42239999999186,-2.090815218783506,0.45148131502824806,1.264253594392052,0.03664784430839543,-0.012908162904824192,0.0070701213809674845,-1.9401150652814267,0.7816169250888596,1.3272899865696852,0.054998693659624454,-0.03381753505598771,-0.12001207724059433,-2.0396018324227776,0.7095834150829348,1.165305903484154,0.06107617731082456,-0.031226862490963684,-0.10239181909734597,0.09000117304571391,0.09000117304571391,0.0,0.017402069127346,0.5743763830984012,-0.22108658999101063,-0.015237022330120559,-0.0025230760858573954,-4.889532421283083,0,0.5596862300594275
48.42655999999186,-2.0906613787700556,0.4514276458506248,1.2642838555994413,0.03692160322807227,-0.01288060262958226,0.007262689773419258,-2.072059868193738,0.20204670300168048,1.428238250455541,-0.2552187037485426,-0.128454314954972,-0.06234751619530563,-2.056361149374414,0.4555458807300683,1.2966448059429843,-0.09742392868276009,-0.08058178319306313,-0.08264636825873402,0.09000117304571391,0.09000117304571391,0.0,0.016699833841967354,0.5743748433913384,-0.2219488815956783,-0.015340960590423738,-0.0024978079301295076,-4.889310176228899,0,0.5597173638794896
48.43071999999186,-2.0905063813540408,0.45137410645828663,1.2643149503834985,0.03719937984355121,-0.012849454161157655,0.00746274817374265,-2.067646362943573,0.4020142720120289,1.1675897919796525,0.06011968184807729,-0.001406132350563907,-0.04506592858826641,-2.061878323956876,0.4287751724678947,1.2320216902362344,-0.01888530468402694,-0.040227471419443474,-0.06339221548821491,0.09000117304571391,0.09000117304571391,0.0,0.015988392885348812,0.5743659860120062,-0.2228436819746897,-0.015446248610157712,-0.0024710007008693106,-4.8890867917308904,0,0.5597483264584884
48.43487999999186,-2.09035020984345,0.451320712847787,1.2643469117775537,0.03748116254172917,-0.012814466519903332,0.007670734573256291,-2.409478543951308,0.575958354621478,1.1803047985577615,-0.11105274825057457,0.11257802704884554,-0.13289716755089317,-2.2359126415149606,0.5026028224161959,1.2058861105026195,-0.06458386833032487,0.035747199923762435,-0.09797206315569743,0.09000117304571391,0.09000117304571391,0.0,0.015267752828707987,0.5743492922001014,-0.2237728450010713,-0.01555287080324411,-0.0024425602831798093,-4.888862253271219,0,0.5597791043116244
48.439039999991856,-2.0901928476694107,0.45126748220404117,1.2643797747592151,0.037766921769484825,-0.012775354499002162,0.007887115598736194,-2.1412447312061467,0.1329397077464971,1.0154147551206667,-0.035951122374478485,0.08854224793096466,-0.21929128797187283,-2.188652157019367,0.3179524700778953,1.110191688625648,-0.05057907914463053,0.06232098120973536,-0.15800273285893163,0.09000117304571391,0.09000117304571391,0.0,0.014537956304320213,0.5743241734429485,-0.2247383451060078,-0.015660804186513385,-0.0024123852438095554,-4.888636546164762,0,0.5598096830668946
48.443199999991855,-2.0900342784752826,0.4512144330372824,1.2644135763880697,0.03805660659078283,-0.012731800022099459,0.008112390925087313,-2.2660916444379233,0.37042393297634774,1.0264185332909492,0.05835835112856933,-0.19740598546670945,0.011565471291182702,-2.227252792752565,0.3437786359752361,1.0683283706310926,0.004716347669188935,-0.0678461117251383,-0.07312852042308973,0.09000117304571391,0.09000117304571391,0.0,0.013799088990592512,0.5742899740582681,-0.22574229537053575,-0.015770016773210667,-0.0023803647618371084,-4.888409655573886,0,0.5598400473619745
48.44735999999185,-2.0898744862231435,0.451161585319719,1.264448355960841,0.03835014051331404,-0.012683452215223271,0.008347097465112575,-2.18530062781884,0.27508621111782194,1.4673869168056022,0.08889924490928924,-0.10462841462851884,-0.11186166599069082,-2.206091786205377,0.3092143330544705,1.2676283326928623,0.04693575569960752,-0.08624175609566354,-0.09276456519239505,0.09000117304571391,0.09000117304571391,0.0,0.013051288079382078,0.574245971201156,-0.2267869647780186,-0.015880465957807663,-0.0023463777478763695,-4.888181566526688,0,0.5598701807461203
48.45151999999185,-2.089713455321307,0.4511089606276627,1.2644841551829988,0.038647416440761695,-0.012629926093517372,0.008591813317875728,-2.5173708427580355,0.42567808897858617,1.5548405306772897,0.1948559892763635,-0.08337635095231999,-0.09829416527254536,-2.3613287526977165,0.36727334724985194,1.4110320553212115,0.12115319034769348,-0.08468501863387165,-0.09555924413593503,0.09000117304571391,0.09000117304571391,0.0,0.01229475251529702,0.5741913720917401,-0.22787479454687665,-0.01599209667580217,-0.0023102923140461504,-4.88795226393932,0,0.559900065581884
48.45567999999185,-2.0895511707771726,0.4510565822934459,1.264521018356319,0.038948290592296576,-0.012570800212028737,0.008847161596819135,-2.2917867443981415,0.9860734002080772,1.312392639628081,0.19629882767643006,-0.14995404210105517,0.10905261158639623,-2.3261484779768424,0.6763647098827695,1.3619381552793794,0.15848650149025983,-0.11678939034793202,0.006891413357525954,0.09000117304571391,0.09000117304571391,0.0,0.011529755327907051,0.5741253091569315,-0.22900841403057093,-0.016104839211727347,-0.002271965249741616,-4.887721732643087,0,0.5599296829430023
48.45983999999185,-2.0893876183804974,0.45100447556979933,1.2645589925823202,0.03925257520208428,-0.012505613675180062,0.0091138142403076,-1.7043058205446764,0.48416670721099797,1.224974750520331,0.13939145643844147,0.131889865272723,0.036535167593943554,-2.014934609080959,0.5805383638090397,1.2935306315966508,0.14977749638387883,0.007691517557176293,0.02212250419027309,0.09000117304571391,0.09000117304571391,0.0,0.010756658440495462,0.5740468338757001,-0.23019065659433513,-0.016218606569139538,-0.002231241414540449,-4.887489957417209,0,0.5599590125066053
48.46399999999185,-2.089222784923099,0.45095266780797383,1.2645981279816425,0.03956002977565203,-0.012433862838121503,0.009392495837350438,-2.1414325637344698,0.6147915384574183,1.5594792860304858,-0.03390539252529728,-0.13463719368574578,-0.14748239297784146,-2.078256946931667,0.5973868436185543,1.426199348215041,0.05888694246561748,-0.06427838585012012,-0.06232650114130481,0.09000117304571391,0.09000117304571391,0.0,0.009975930404597266,0.5739549099927237,-0.23142457560100543,-0.016333291327260607,-0.0021879530768207653,-4.887256923028263,0,0.5599880324393972
48.46815999999185,-2.089056658462089,0.4509011886496805,1.2646384779292288,0.03987035064230499,-0.012354997990399921,0.009683987420696615,-1.655161103422123,0.4125481558407338,1.6495165479356642,-0.09171987955598618,0.08792119892159436,-0.08144783867899541,-1.8668973184674535,0.5051499466844728,1.5376902012505524,-0.016176404974440693,0.011394864475882985,-0.07193386163598568,0.09000117304571391,0.09000117304571391,0.0,0.009188167592005164,0.5738484066836311,-0.23271346031295795,-0.016448761905367593,-0.002141919278104153,-4.887022614277553,0,0.5600167192787857
48.472319999991846,-2.0888892286349683,0.45085007023163864,1.2646800993046292,0.040183158508988556,-0.012268420330038247,0.009989130096078182,-1.8851191870864157,0.8169361343779281,1.170689612015776,0.18559284407799348,0.01571117065515027,-0.1147071549636927,-1.8756227221920128,0.661078131495041,1.353949267059981,0.08487303584559971,0.013441924359234943,-0.09356590820038017,0.09000117304571391,0.09000117304571391,0.0,0.008394119442269726,0.5737260922884767,-0.23406085118352687,-0.01656485814806299,-0.002092945333413511,-4.886787016057842,0,0.56004504781131
48.476479999991845,-2.0887204901526664,0.4507993787027259,1.2647230388365958,0.04049723575241972,-0.012165966939051984,0.010305487671960182,-2.3925335985243152,-0.277600780836607,0.7230193346910425,-0.04058825181552048,0.06878659071064998,0.011951060566061697,-2.13416588661821,0.19187506484308564,1.0385043227846287,0.021999822528469635,0.04116658914086329,-0.04061173110161766,0.09000117304571391,0.09000117304571391,0.0,0.007596219815203739,0.5735715486591944,-0.23545712801608162,-0.01668097845038342,-0.0020393687231725893,-4.886550113662489,0,0.5600729591423645
48.480639999991844,-2.0885504337138587,0.45074911937413703,1.2647673761344556,0.04081354531386713,-0.012062238861329053,0.010640951486346254,-2.137407724205952,0.41232759408004277,1.1688206264347565,0.1408890579172483,-0.07006675432006435,0.030803170759308527,-2.1354951660914088,0.30195715476134993,1.1037277751680103,0.08210189505296271,-0.014452338927694599,-0.005062224347933505,0.09000117304571391,0.09000117304571391,0.0,0.00679253044095926,0.5734140193704877,-0.23693414557624928,-0.01679751937072048,-0.001983201156982934,-4.886311892367982,0,0.5601004572311474
48.48479999999184,-2.0883790542392378,0.45069931485416964,1.2648131885981844,0.04113107390902605,-0.011953084792177347,0.010994991294926287,-2.713085240814852,0.1463447692226027,1.0395562406635723,0.06210750949637868,0.029957130303585634,0.058189029756561976,-2.424164806299857,0.2242118739090043,1.0717629054821698,0.07198239683767031,0.007898203095312825,0.02640783478329488,0.09000117304571391,0.09000117304571391,0.0,0.005985076056073957,0.5732451658994362,-0.23849001168764125,-0.016914336429180367,-0.0019246663845628189,-4.88607233764065,0,0.5601275295378407
48.48895999999184,-2.0882063511377162,0.4506500005698097,1.2648605537537048,0.041448744365114816,-0.011835428246380657,0.011367637324873978,-2.347931687163326,0.7467820853766105,1.5010744134711695,0.08617161225957187,-0.13192304685857775,0.03788370949674978,-2.3858688904968757,0.4852261358750132,1.2865005326250847,0.07927403360209818,-0.06195330000206528,0.03211040112380679,0.09000117304571391,0.09000117304571391,0.0,0.005176013867759649,0.5730587899878037,-0.24012508003072575,-0.01703103989653907,-0.0018633077925168631,-4.88583143532573,0,0.560154151719165
48.49311999999184,-2.08803232870672,0.45060122110645523,1.264909551195658,0.0417653834390769,-0.01170707120506858,0.011759386068780145,-2.1368329210062913,0.23681057811240047,1.1307581453562583,0.0165962926877285,-0.18029667714693762,-0.13061835405283084,-2.2613157955179273,0.3606417124942083,1.2083558998082333,0.04849319382835117,-0.12116820421495583,-0.04892284330372535,0.09000117304571391,0.09000117304571391,0.0,0.004367698420148988,0.5728504439678601,-0.24184157854207275,-0.017147129332769392,-0.0017985046527099508,-4.88558917182716,0,0.5601802914987888
48.49727999999184,-2.0878570035323594,0.4505530803195903,1.264960238513699,0.04207804184663616,-0.011553788847583573,0.012164956329872155,-2.1356171763986347,0.846296682669738,0.7963081789641693,-0.006299735266153524,-0.14216823096968273,-0.07601752731010125,-2.1984790299844255,0.603177298724493,1.0021703688433046,0.021254264364984173,-0.13186332498707667,-0.06214484756276372,0.09000117304571391,0.09000117304571391,0.0,0.0035660543204326656,0.572591528750064,-0.24361852134978174,-0.017261285480967496,-0.001727245528704639,-4.885345534739081,0,0.560205857880594
48.50143999999184,-2.0876803908101698,0.4505056255306777,1.2650127085269474,0.04238705332546786,-0.011389149339024168,0.012592803179587417,-1.9492545015346994,0.532288353919864,1.1714074612951417,0.3094352853845637,-0.10431465280376628,-0.11083107551547401,-2.073222095591655,0.5675143912183751,1.086557626084968,0.16565819045291438,-0.11762548469005088,-0.08554826713616794,0.09000117304571391,0.09000117304571391,0.0,0.0027704282190128687,0.572309176831178,-0.24549006139647925,-0.017373384446357637,-0.0016506856307609103,-4.8851005125142875,0,0.5602308191951473
48.50559999999184,-2.087502513183181,0.45045890939364136,1.265067058572738,0.04269063047728416,-0.011211872888722815,0.01304401098973353,-2.2766662127039154,0.4132044398332402,1.0007754853389674,-0.09644717444035358,-0.11046279102072053,0.020169216930147626,-2.1751463045538135,0.49012991550728874,1.0437087502686535,0.03467973712777148,-0.11468851119223539,-0.03310184371867174,0.09000117304571391,0.09000117304571391,0.0,0.001984423284752332,0.5720007718738245,-0.24746083513222772,-0.01748296988480922,-0.0015692112636547426,-4.88485409469285,0,0.5602551402615661
48.509759999991836,-2.0873234019734905,0.45041298953666464,1.265123390420616,0.04298669032572438,-0.011020765674411456,0.013519643490723437,-2.3889474669112127,0.24439357600932443,1.0197239480283087,-0.1514191138664716,-0.035064916934248715,0.24929418224984792,-2.282364828155024,0.36718539416680285,1.032235274213992,-0.05763700310745874,-0.07406532392092373,0.10780485951887463,0.09000117304571391,0.09000117304571391,0.0,0.0012122434684440075,0.5716638647790381,-0.24953540960619602,-0.01758936414252589,-0.001482850938622721,-4.884606272161359,0,0.5602787829126908
48.513919999991835,-2.0871430983647667,0.4503679272830213,1.2651818103691879,0.04327286609375073,-0.010814940874405331,0.014020787657230555,-2.17797877235033,0.05867328105111219,1.4067143199849885,-0.07249172716775884,-0.15958364432339492,0.06371254593800371,-2.2303226863978605,0.2125943764835986,1.2196103928827229,-0.0646614811379818,-0.1163992496283864,0.08554268049261947,0.09000117304571391,0.09000117304571391,0.0,0.00045867109371559855,0.5712966177378558,-0.25171845858045644,-0.017691733680615947,-0.0013915240032981388,-4.8843570374365575,0,0.5603017074351803
48.51807999999183,-2.086962218066937,0.4503273996712791,1.2652401397279671,0.04341127147905816,-0.009726626818122693,0.013999046107026224,-1.6471893650147362,0.9491730612601825,1.241480996747104,0.015176556175409178,-0.04511795616007176,-0.12290976574381836,-1.938720340777726,0.5807916402681093,1.23029045039468,-0.024765682624295342,-0.07913371772335856,-0.018791026282863565,0.09000117304571391,0.09000117304571391,0.0,5.364180964279042e-07,0.569157029050891,-0.2518063410870286,-0.01773283612298516,-0.0011288986962994815,-4.884106418497108,0,0.5603201502310835
48.52223999999183,-2.0867811457157353,0.4502937884756851,1.2652966789029163,0.043457364288450234,-0.00806668694256603,0.013569401987813747,-2.1421622660018067,0.1826180515988564,1.6880140446745193,-0.07959894232001664,-0.058893714098815136,-0.03710577702049946,-2.0406082666693126,0.3815779930601653,1.4590785150306846,-0.05219024061065652,-0.0682603615813112,-0.02806432206070251,0.09000117304571391,0.09000117304571391,0.0,-0.00027286928518073517,0.5658654401753176,-0.2502546280060456,-0.01770571535568889,-0.0006711325705945504,-4.88385446518601,0,0.5603316361904807
48.52639999999183,-2.0865999023278614,0.4502656572503555,1.2653528318774552,0.04349841308971856,-0.006751494079100723,0.013476713889324497,-1.6033326456246964,0.702165815220612,1.4360496000903393,0.019656212929175833,0.012548972215581006,0.068529432075636,-1.8219261493520411,0.5418971023271248,1.447705420538015,-0.016445969780517652,-0.026347853300900753,0.020714472940573204,0.09000117304571391,0.09000117304571391,0.0,-0.0005363418422548311,0.5632589703119135,-0.25005174038127914,-0.017655401676407622,-0.0001838965839175286,-4.883601220250924,0,0.5603377403994682
48.53055999999183,-2.0864185840842935,0.4502410445309084,1.265410557560248,0.0435163784563401,-0.005907052667307295,0.013854163870226092,-2.7656073863028983,0.5789924660153126,1.4058021080035419,-0.051022160852211285,-0.1479492658406721,0.0491025637319458,-2.2938789871486347,0.5601357711876722,1.4268552554360883,-0.033976447442798964,-0.08639913851148388,0.03507380243272714,0.09000117304571391,0.09000117304571391,0.0,-0.0007536484002880067,0.561591993664809,-0.25173713690451277,-0.017605091523877327,0.00022451870133170326,-4.883346719302156,0,0.560340630183055
48.53471999999183,-2.08623743574803,0.4502190568346987,1.2654708696659804,0.04347560070325248,-0.00527704709032818,0.01447490537581965,-1.7844896252300522,0.8132852845719201,1.1771809959641735,0.06121437838894703,-0.011514861096298627,0.07840226969532799,-2.039054022706553,0.6866864921413403,1.3021790771467985,0.013903822876234302,-0.04806908187505172,0.05691601018498677,0.09000117304571391,0.09000117304571391,0.0,-0.0008531105325968735,0.560351950958454,-0.2544050183561536,-0.01755057573176782,0.0005492661550276071,-4.883091000346359,0,0.5603413384419748
48.53887999999183,-2.086056726955492,0.4501996101645413,1.2655339590990096,0.043370110209042044,-0.004667200837780678,0.01514146392700145,-2.013009661888387,0.3908634150354746,1.5257596851738926,0.028150117901606708,0.048076573306321244,0.13921477378893135,-2.0259727375488237,0.5388727366772259,1.4142606976934384,0.020847630648151764,6.720234058685474e-05,0.09796907721589385,0.09000117304571391,0.09000117304571391,0.0,-0.0008225002261631476,0.5591497504880053,-0.25726479367119104,-0.017481948885173786,0.0008260157244691573,-4.8828341082611955,0,0.5603400117006683
48.54303999999183,-2.0858766720982054,0.45018299869686,1.2655995734555432,0.04321316574877873,-0.0039867522435124,0.01574744556808162,-2.7234295137292857,0.5733057985373846,1.6981856752391402,0.05239341615848069,0.11024655067845968,0.2127547750890106,-2.3745967069607197,0.556317890830206,1.5566664199673383,0.03646351060104695,0.055595725028286,0.1559686099873196,0.09000117304571391,0.09000117304571391,0.0,-0.000688163135717762,0.5578032838422714,-0.2598894478028101,-0.017393792941370556,0.0010909514634362097,-4.882576094799836,0,0.5603363648472129
48.547199999991825,-2.0856974518489046,0.4501693821263498,1.265667549883834,0.04301285983212448,-0.0032679769224409636,0.01631434278976118,-2.297041033854922,-0.008685570006721877,1.6191577312563705,0.006153517705365916,-0.0014941493090395988,0.07303895531694911,-2.335803519975651,0.2738080060917393,1.5880631230042854,0.020344643664521878,0.027579962287058987,0.11513840494723505,0.09000117304571391,0.09000117304571391,0.0,-0.0004661295456754866,0.5563770460035219,-0.2623645999310267,-0.01728609551623653,0.0013560873033387148,-4.882317016852431,0,0.5603302496853628
48.551359999991824,-2.085519243412829,0.4501587028809314,1.2657379202365593,0.04277002465814463,-0.002563018900414887,0.01688888465409045,-2.035292675798406,0.380280191561547,1.1617237788574877,0.012748934834719623,-0.028465298806180768,-0.07923653127479419,-2.1855191607817184,0.3269864703245035,1.3747248039052773,0.016394911628510814,-0.000839837392693194,0.018374031064937926,0.09000117304571391,0.09000117304571391,0.0,-0.00015788931578725185,0.5549755497240788,-0.26487756140716906,-0.017160780534181116,0.0016171876029739487,-4.882056935256307,0,0.5603217532529955
48.55551999999182,-2.0853422164825384,0.45015079793175483,1.2658108052250405,0.04248646326972926,-0.001897187802375773,0.01749239723551338,-1.9864232594831541,0.7008945748430515,0.9830125519928364,0.07084308935117116,-0.10637393066369809,0.1663532826511587,-2.085821502888783,0.5137208057596745,1.179211357470931,0.04315270582881965,-0.0530815179658083,0.09263762323450783,0.09000117304571391,0.09000117304571391,0.0,0.00023311538121245645,0.5536496584031364,-0.26751413536861846,-0.017020015920086118,0.0018672127822353863,-4.881795914029587,0,0.5603110752194772
48.55967999999182,-2.085166513298817,0.4501455199649914,1.26588629488234,0.042168764093204074,-0.0012667120232202316,0.018117517751864112,-2.5185063354515234,0.8343068444372872,1.701836864247484,0.00477339819342483,-0.08618403855242705,0.1755604704150046,-2.3021567469878255,0.6738353915280539,1.4408919676076988,0.023835028235340415,-0.06894951743824555,0.1345558178308112,0.09000117304571391,0.09000117304571391,0.0,0.0006938288173218982,0.5523919640558823,-0.2702450935887712,-0.01686605069395245,0.0021036144291254697,-4.8815340195878125,0,0.5602983919799965
48.56383999999182,-2.0849922393262785,0.4501427829789234,1.265964407157774,0.041825753409198134,-0.0006568766563166961,0.018746946104183145,-2.324505631200914,0.5809551173453447,2.1295842303814494,0.07439783820118107,-0.10496967159328308,0.11788030876245241,-2.313176734728799,0.6271760843025236,1.7854873043947281,0.04917791176285778,-0.08686768817679529,0.12660443761832255,0.09000117304571391,0.09000117304571391,0.0,0.0012066756059274514,0.551173075707619,-0.27300117862147943,-0.01670124869224819,0.002328321264718959,-4.881271319905261,0,0.5602838056445459
48.56799999999182,-2.0848194701499336,0.45014254422549943,1.26604511136694,0.04146460232275019,-5.730082175245486e-05,0.019369010199815486,-2.3525088366630293,0.43949398492067754,0.7970002433475462,0.13098936530785754,0.08357265299061867,0.03993962192911203,-2.3325708116026647,0.5335076079246787,1.2913191709388714,0.09017685374968225,-0.0016862793357802742,0.08364265549415612,0.09000117304571391,0.09000117304571391,0.0,0.001757366137962374,0.5499722410745156,-0.2757355352219252,-0.016527853590015427,0.0025445892105800754,-4.881007883808486,0,0.560267365570041
48.57215999999182,-2.084648263909759,0.45014476991755337,1.26612836643109,0.041089497641962985,0.0005341660929469143,0.01998121539601349,-1.376869198762079,0.8428280388839419,0.9594139354737539,0.034323022762852276,-0.015194226931881894,0.03615620532299205,-1.8546417927006325,0.688137168386956,1.1254377125920696,0.06218903948091889,-0.007854722528832602,0.06073045513377447,0.09000117304571391,0.09000117304571391,0.0,0.002337571518106457,0.5487851858257197,-0.27843804559142266,-0.016347738741857125,0.002754613870267787,-4.880743780490827,0,0.5602491084141064
48.57631999999182,-2.084478669457632,0.45014941657299157,1.2662141414199584,0.04070266851051283,0.001115197305172893,0.020585997328410443,-1.8271044454580323,0.637714502647323,0.5450899778363324,0.15347418057189427,-0.06432533877852302,0.09155311096070418,-1.8405543984314308,0.6627920303157584,0.8354498877957626,0.10815940847324233,-0.03625108597849694,0.07629572168944451,0.09000117304571391,0.09000117304571391,0.0,0.002942875165725972,0.547616614466335,-0.28111837509478244,-0.016162356700794325,0.0029591115175082437,-4.880479079190791,0,0.5602290801202091
48.580479999991816,-2.0843107285073788,0.4501564314788725,1.2663024156585772,0.04030582806074376,0.0016835774114229887,0.02118581726850562,-1.9449218913103097,0.5548100421835997,0.7810972549078068,0.1766979389583027,-0.2073904439366027,-0.11344404000359547,-1.8923703488681296,0.6083676741269752,0.8080376689279426,0.14194357378970254,-0.12121336654925804,-0.018772724859501353,0.09000117304571391,0.09000117304571391,0.0,0.003569887039553757,0.546471017616823,-0.28378632257072267,-0.015972843704330195,0.003158062918117082,-4.880213848941747,0,0.5602073358209936
48.584639999991815,-2.0841444749760485,0.4501657609081743,1.266393170624072,0.0399008475192908,0.0022390630324251445,0.021781191718764126,-1.6730249921279887,0.7571969758147467,1.0235286821684082,-0.051288973043201826,-0.010477307769761579,0.0537830932258342,-1.7828018633793363,0.6827607497651162,0.9158956434573575,0.04488199299232849,-0.06545614505399543,0.017936783292681197,0.09000117304571391,0.09000117304571391,0.0,0.004214892605729895,0.5453489365429011,-0.2864439017711899,-0.015780142794212228,0.0033514747778506226,-4.879948158343757,0,0.5601839307336466
48.588799999991814,-2.083979934663103,0.4501773559536195,1.2664863841986584,0.03948967510687241,0.0027828109068611462,0.02237125790072291,-2.19209255343423,0.2741798376169523,1.4937139470360365,-0.003672937594075755,0.1682737405952967,0.11019625975274822,-1.9874568561022925,0.4788160399296741,1.2050362167760396,0.02019607932884429,0.052066631053666816,0.06493899192582622,0.09000117304571391,0.09000117304571391,0.0,0.004874014977849728,0.544248102966941,-0.2890875896982441,-0.01558506895364874,0.0035396450230076397,-4.879682075355966,0,0.5601589137164413
48.59295999999181,-2.0838171262145266,0.4501911732596454,1.2665820300604,0.0390740276583736,0.003316153446209771,0.022955006817977575,-1.975760593541285,0.27926900995021314,0.9048504152019716,0.09780929149830793,-0.11321690109993386,0.03679589967854441,-1.9814042386371575,0.3788042571137399,1.0550187076016657,0.05853425836992829,-0.02989925245835359,0.05040872051323934,0.09000117304571391,0.09000117304571391,0.0,0.005543833629659545,0.5431658911509804,-0.2917132649327388,-0.015388321944864178,0.003723043744599438,-4.879415667123882,0,0.5601323266295485
48.59711999999181,-2.083656062720932,0.45020717297443374,1.266680079825348,0.03865523846269247,0.0038399315491985248,0.023531943587487506,-1.9485409800609212,0.8072074659781461,1.560148516200996,0.14849244534648032,0.09970724983587369,0.014429217839279224,-1.9646626212811764,0.5932152577900958,1.307614148744779,0.1030757341339046,0.03537157970111036,0.033868663792878825,0.09000117304571391,0.09000117304571391,0.0,0.006221690800411767,0.5421006564542813,-0.2943188596182283,-0.01519048490595009,0.003902117099230133,-4.879148999847221,0,0.5601042068439118
48.60127999999181,-2.083496753091647,0.4502253168137153,1.2667805050071086,0.03823431102840784,0.004354521427572803,0.02410204362257431,-2.5247106537532003,0.5115923260966772,1.0326306361331554,0.11357443745815514,-0.19427065828628037,-0.015332646982619134,-2.2444547511276642,0.551997251263758,1.170088463387982,0.10852934973175862,-0.07852499877282015,0.009325682941253513,0.09000117304571391,0.09000117304571391,0.0,0.0069055851662151585,0.5410516835316355,-0.2969041897912078,-0.014992033220942214,0.004077196410179253,-4.878882138681618,0,0.5600745895846656
48.60543999999181,-2.0833392028837894,0.45024556739299326,1.2668832776452337,0.037812049885859525,0.004860139026707663,0.024665433149999468,-1.910915985217701,0.1782181768203987,1.7221014961397962,0.19435328168492305,0.09858954603650291,0.09887727394653996,-2.077277937439902,0.3653091081927394,1.4463042445990146,0.1510282508032509,0.010527608656360364,0.05422063112426302,0.09000117304571391,0.09000117304571391,0.0,0.007593910644519267,0.5400185771849381,-0.2994696772867411,-0.014793354545887483,0.004248517156888381,-4.878615147663347,0,0.5600435087892072
48.60959999999181,-2.0831834147391985,0.4502678884575182,1.2669883700045304,0.03738915470185228,0.005357055485977489,0.025222166231184413,-2.3892419645177814,0.2880850623983985,1.1555712617059302,0.05631344796947073,-0.04413147414991847,-0.01952473648166597,-2.233144311703885,0.32660401017945484,1.3008940676542444,0.10334421567931855,-0.016441384239726926,0.01785284052127453,0.09000117304571391,0.09000117304571391,0.0,0.008285268301299817,0.5390008305208795,-0.30201545549116504,-0.014594770218260045,0.00441627412432145,-4.878348089649114,0,0.5600109969138937
48.61375999999181,-2.083029388694512,0.4502922452467711,1.2670957541352428,0.03696625072475365,0.005845629420695938,0.02577219137100153,-2.042357648026222,0.7464958175633196,1.7809640901879056,0.16654411584970535,-0.0015386356409401447,-0.19876685101048,-2.1374030373648605,0.5365489769581714,1.540518624563204,0.13484368471420305,-0.008666502591771043,-0.09025832067399218,0.09000117304571391,0.09000117304571391,0.0,0.00897840567209987,0.5379977599201362,-0.30454123424460255,-0.014396550913983253,0.004580656380097,-4.878081026267521,0,0.5599770845720362
48.617919999991805,-2.0828771225076883,0.4503186045863004,1.2672054017129777,0.03654388483769694,0.006326241487040975,0.02631541865638743,-2.110590800249689,0.2240436898148533,1.1589184321236206,0.02669971554796876,-0.1602749966045762,0.17259838475401462,-2.123939670643377,0.37996072722212104,1.3500743966895505,0.08004490341773389,-0.0844360034192768,0.04137489113594379,0.09000117304571391,0.09000117304571391,0.0,0.009672224996330539,0.5370086360246011,-0.30704656834557353,-0.014198925873727102,0.004741851748570834,-4.877814017881275,0,0.5599418004743968
48.622079999991804,-2.082726612004784,0.4503469347278552,1.267317284137974,0.036122520697056036,0.006799233973143068,0.026851781999108124,-2.1384498932332696,0.2774073856969231,1.5403575401551823,0.07418726343745188,0.22024656966636585,0.02287817898149329,-2.131039527356684,0.3291421949011014,1.445265055518745,0.07661217113037293,0.06752534883347955,0.032046146333256004,0.09000117304571391,0.09000117304571391,0.0,0.010365793300702836,0.5360328049092121,-0.30953110721813293,-0.01400208854710166,0.004900036992863715,-4.877547123559426,0,0.5599051716501352
48.6262399999918,-2.082577851397821,0.4503772051242134,1.2674313727042776,0.03570254567114818,0.0072648951259738585,0.027381255912860992,-1.7841045247797418,0.6110093347670356,1.2845134484008411,-0.05993227179483472,-0.021363203028569998,-0.07943261644034483,-1.9576926158718055,0.47003348055046534,1.3647207606855394,0.0075601597949380575,0.023001077912008627,-0.022652835972540395,0.09000117304571391,0.09000117304571391,0.0,0.011058328819452817,0.5350697197035907,-0.31199466263549824,-0.013806201285736633,0.005055370062568605,-4.877280401058358,0,0.5598672237355342
48.6303999999918,-2.082430833542578,0.45040938626701466,1.2675476387086582,0.03528428525822295,0.007723474272296004,0.027903841051346624,-2.1185484082666286,0.6785401899691905,1.2608569792636697,0.16709569880026845,0.05072707188864315,0.07421966357932995,-2.0377745708748196,0.5743935635799235,1.3129435469283108,0.08755208496921181,0.036978440086886034,0.025282433416993107,0.09000117304571391,0.09000117304571391,0.0,0.011749172368185262,0.5341189104631607,-0.31443715110725107,-0.013611400022441423,0.005207989692093923,-4.877013906809894,0,0.5598279811844341
48.6345599999918,-2.082285550139163,0.4504434496036908,1.2676660534833502,0.034868016819643355,0.008175200802272912,0.02841954592609645,-2.3229958584811112,1.030716262695252,1.2614128476522455,0.15439056911808346,0.02251328332818613,0.11576346678992769,-2.180065394917957,0.8026035903865771,1.2874189976926658,0.12063637685363138,0.03039247362439837,0.07033619859651943,0.09000117304571391,0.09000117304571391,0.0,0.012437760035681242,0.5331799462250517,-0.31685852073080867,-0.01341779868734706,0.005358019410364574,-4.876747695915061,0,0.5597874673831198
48.6387199999918,-2.0821419918946087,0.4504793674913066,1.2677865883958104,0.03445397869296378,0.008620293027788356,0.028928378990443905,-1.7325141283529297,0.09123037221369568,1.2798428086437819,0.11309963115382318,-0.15187242765023665,-0.07259274617207329,-1.956052413070939,0.44659690678482794,1.2834788014571714,0.11736235921689639,-0.061109876419726636,-0.0006104507294773316,0.09000117304571391,0.09000117304571391,0.0,0.013123605089732343,0.5322524173088379,-0.3192587194761082,-0.013225492918378585,0.005505571604118579,-4.876481822142489,0,0.5597457047191264
48.6428799999918,-2.0820001486638327,0.4505171131491699,1.2679092148542503,0.03404237538619827,0.009058957887192295,0.02943035002558721,-2.51735784285885,0.39250489298528224,1.0901753246045227,0.1277810621256488,0.05544372190889087,-0.023215914559163994,-2.236443594937297,0.41966485649523977,1.1867752182098,0.12272497684471559,-0.0023663291691587837,-0.010852087540144974,0.09000117304571391,0.09000117304571391,0.0,0.013806287713813523,0.5313359359550142,-0.32163770075502734,-0.013034562947406505,0.005650749671594587,-4.876216337930705,0,0.5597027146485298
48.6470399999918,-2.081860009575708,0.450556660599429,1.2680339043296016,0.03363338114995188,0.009491388062179302,0.029925474084311978,-2.044156211295935,0.24378621726683727,1.3796942462894786,-0.06443379768929344,0.09690710910769318,0.0058965498252006275,-2.1404318651507057,0.33192361202510934,1.2832467263911598,0.028814795609540002,0.04834982307536117,-0.001699663306203439,0.09000117304571391,0.09000117304571391,0.0,0.014485447977341553,0.5304301421606016,-0.3239954392881026,-0.012845075838534604,0.005793648656286454,-4.875951294393782,0,0.5596585177746475
48.651199999991796,-2.081721563144717,0.450597984603333,1.2681606283856597,0.03322714343779683,0.009917760936957305,0.030413773453913835,-2.1326428710697343,0.13618742984223653,1.5441965612538175,0.04966894982847689,0.09267334427664592,-0.04852865902015773,-2.1364328700291786,0.23424554422312974,1.4136221614831423,0.0386954570936777,0.07116504618534346,-0.024933190187059927,0.09000117304571391,0.09000117304571391,0.0,0.015160779014411749,0.5295347058274374,-0.3263319390589692,-0.012657087319728089,0.005934355479383737,-4.8756867413298455,0,0.5596131339297385
48.655359999991795,-2.0815847973676123,0.4506410606030114,1.2682893587069364,0.03282378650516241,0.010338239922810095,0.030895277106383963,-2.0911331265526187,0.7991766575967181,1.4972711394115998,0.1308688754503803,-0.043503753705875,0.1644772444615496,-2.113510319581664,0.5166244490568921,1.4557884168718378,0.08470016421538527,0.013894919647369264,0.0702055414305243,0.09000117304571391,0.09000117304571391,0.0,0.015832019913404285,0.5286493241670157,-0.3286472311945528,-0.012470643361470172,0.006072949441709354,-4.8754227272319755,0,0.5595665822487108
48.659519999991794,-2.081449699806026,0.450685864672533,1.2684200671200194,0.03242341478067946,0.010752976685186665,0.03137001913991761,-2.224825740036153,0.7412125292078071,0.9890094029333418,0.04134174940290411,-0.11455827373874551,-0.010425014659198449,-2.1690829514850476,0.6286823202526857,1.2223743578442279,0.06308738620430313,-0.050581879981135724,0.029704074460072876,0.09000117304571391,0.09000117304571391,0.0,0.016498949043459096,0.5277737172881999,-0.3309413677860653,-0.012285781555337268,0.0062095030300752235,-4.875159299301092,0,0.5595188812307967
48.66367999999179,-2.08131625765728,0.45073237347661077,1.268552725609788,0.03202611569906103,0.011162112978657303,0.03183803754442848,-2.488013493534892,0.49688356518876015,1.0155556759851834,0.1523764060419955,-0.10284137351330638,0.16691298282096767,-2.328233683191448,0.5625672190130675,1.1193121695143553,0.10780670271892022,-0.07627822907045068,0.09761423537308958,0.09000117304571391,0.09000117304571391,0.0,0.017161378452472842,0.5269076245629327,-0.333214416991394,-0.012102532299783695,0.006344082780067511,-4.8748965034604845,0,0.5594700487913123
48.66783999999179,-2.081184457815744,0.4507805642338948,1.2686873063333182,0.03163196196872236,0.011565781748167813,0.03229937364724413,-2.378676411888721,-0.2685301506416774,1.319749365418031,-0.05065686075512373,-0.00028142390732936555,0.0642054948834575,-2.3535593954708305,0.1470124252505292,1.2196640987127803,0.027926392007147503,-0.03842509931785567,0.08168945483201555,0.09000117304571391,0.09000117304571391,0.0,0.01781914938487006,0.5260508024564817,-0.335466460855946,-0.011920919802352395,0.006476750003154515,-4.8746343843716975,0,0.5594201023072038
48.67199999999179,-2.081054286926476,0.45083041468301566,1.2688237816330894,0.031241013424328022,0.011964107789012197,0.03275407194507415,-1.7963299627197031,0.7684093403388523,0.9407070130717691,0.033645423348787264,-0.1839512031910525,0.015197648539288785,-2.074870528671557,0.4573327995282459,1.0802152608579334,0.030655851560480823,-0.11126619033171253,0.048425544968291045,0.09000117304571391,0.09000117304571391,0.0,0.01847212862453687,0.5252030232396432,-0.3376975946792997,-0.011740962922832845,0.006607561344785986,-4.874372985451539,0,0.5593690586586527
48.67615999999179,-2.0809257314322256,0.4508819030510519,1.2689621240495719,0.030853318620038463,0.012357208328702577,0.0332021799558184,-1.6392297179205837,0.5536762605529291,0.9365997866205766,0.03611652530836341,-0.1041145486173577,-0.05922999054253205,-1.8569709229995557,0.5052878190435145,1.008281662438946,0.03289029528937415,-0.10729176626765001,-0.00459728939767968,0.09000117304571391,0.09000117304571391,0.0,0.019120205350359236,0.5243640738545939,-0.3399079264587861,-0.011562675888495865,0.006736569233645852,-4.874112348890013,0,0.5593169342672396
48.68031999999179,-2.0807987776145405,0.4509350080247271,1.2691023063326607,0.030468916244438923,0.012745193682045854,0.033643747941341846,-2.3346895113838126,0.6118486215372143,1.8625686880389065,0.023589806449634286,-0.002241922836145884,-0.105687444491363,-2.095783672416103,0.5585648982268356,1.435210399227864,0.027845640837185742,-0.055059863616943205,-0.054690130625210366,0.09000117304571391,0.09000117304571391,0.0,0.01976328834284477,0.5235337546314428,-0.34209757581420774,-0.011386068908049224,0.006863822284699912,-4.873852515668998,0,0.55926374513042
48.68447999999179,-2.0806734116296406,0.4509897087244937,1.2692443014515942,0.030087836375956075,0.013128167943987763,0.03407882854401506,-2.129858143665767,0.46294370715917155,0.7685140934812127,0.17592161109780172,-0.017015721786461796,-0.0805153384370153,-2.1124546635753205,0.5107180628742877,1.101691670537587,0.10159955807768313,-0.03595439539288831,-0.06835067947870059,0.09000117304571391,0.09000117304571391,0.0,0.02040130350470199,0.5227118779262078,-0.34426667255999854,-0.011211148702502971,0.006989365681035483,-4.873593525581513,0,0.5592095068522182
48.688639999991786,-2.080549619539729,0.45104598468130613,1.269388082603388,0.029710101578868692,0.013506229634986665,0.0345074764305606,-1.821543119610968,0.7981678588134872,1.0613800297041682,-0.03624282212727535,-0.036076801305509706,-0.05694124783494877,-1.9670723134042007,0.6543680611854142,1.08141797586875,0.03272250397413461,-0.03511527619728303,-0.06305250424020226,0.09000117304571391,0.09000117304571391,0.0,0.021034191697538368,0.521898266851113,-0.34641535530431855,-0.011037918964796542,0.007113241530227712,-4.873335417251461,0,0.5591542346704408
48.692799999991784,-2.080427387340359,0.4511038158156987,1.2695336232200314,0.029335727848710913,0.01387947225421386,0.034929747994371166,-2.0267394996516024,0.6175430253845189,1.4416170627823386,-0.1503437993284997,0.076852537990272,-0.010410956657432413,-1.997218959446121,0.636115793599035,1.2614983635061527,-0.058835153819839246,0.020545577484072368,-0.03672460676117044,0.09000117304571391,0.09000117304571391,0.0,0.021661906874163313,0.5210927541879046,-0.34854377027864386,-0.010866380757255168,0.007235489184610924,-4.87307822815371,0,0.5590979434809146
48.69695999999178,-2.0803067009844107,0.4511631824188118,1.2696808969746731,0.02896472542759525,0.014247984747142934,0.035345701114035594,-1.8854473149648463,0.1385066156145603,1.682769036772296,-0.025171167543800155,-0.0161416150220952,0.09657021369531596,-1.9413833455237237,0.3872742308591283,1.4723362333819379,-0.04266158926128811,0.0021647294409603527,0.030528700709512642,0.09000117304571391,0.09000117304571391,0.0,0.022284414470748047,0.5202951814691112,-0.35065207038723234,-0.010696532855210923,0.007356145522145065,-4.87282199463444,0,0.5590406478592062
48.70111999999178,-2.080187546403108,0.4512240651351198,1.2698298777869432,0.028597099512644164,0.014611851913916922,0.03575539494481768,-1.6285018951566521,0.5681483085260877,1.1233810760522522,0.0034156307545767477,-0.0614831408663942,0.06010504013759616,-1.7849341196327015,0.47758385563118627,1.2979830987980439,-0.019244580970912396,-0.029272106340467414,0.04441621752721794,0.09000117304571391,0.09000117304571391,0.0,0.022901690007614176,0.5195053981783431,-0.3527404143897772,-0.010528372044654954,0.007475245192214515,-4.872566751931656,0,0.5589823620801583
48.70527999999178,-2.080069909524456,0.45128644494670056,1.2699805398274642,0.02823285087642483,0.014971154779377162,0.03615888972503987,-1.6901948519977708,0.48976945142343026,1.8620593122862177,-0.10896549790134774,0.026293875054057607,-0.05193763485539512,-1.7377915380381614,0.4837306308474988,1.5799168409224198,-0.06358475589508009,-0.0011087499840480221,-0.0036184819475434775,0.09000117304571391,0.09000117304571391,0.0,0.02351371786485948,0.5187232610240935,-0.3548089661371461,-0.010361893380892839,0.007592820833288969,-4.8723125341958085,0,0.5589231001354553
48.70943999999178,-2.0799537762894054,0.4513503031589158,1.2701328575216033,0.02787197641215408,0.01532597093165425,0.036556246593373073,-1.9990463184526934,0.25508724549849926,1.6434822753237823,0.04011146754313043,0.03402052602771328,0.04011973825371768,-1.8683377920705064,0.3694761759452439,1.6117842056515197,-0.011519025227477038,0.01737877266752485,0.017884872766942624,0.09000117304571391,0.09000117304571391,0.0,0.024120490207302052,0.5179486332760758,-0.35685789385245237,-0.010197090413972133,0.00770890326770977,-4.872059374510454,0,0.5588628757494055
48.71359999999178,-2.0798391326660193,0.4514156213873694,1.270286805552521,0.02751446961269936,0.015676374828867506,0.03694752742023828,-2.294116252193351,0.3835645841252249,1.489362170112531,0.2628474155557564,0.05331829401040017,0.002379945956259205,-2.080681311112664,0.37663154367714424,1.5505763999812332,0.12469677980728835,0.035267107415291765,0.010557246595139656,0.09000117304571391,0.09000117304571391,0.0,0.024722006038091215,0.5171813841637453,-0.3588873694629636,-0.01003395538554818,0.007823521676456523,-4.8718073049129,0,0.5588017023931174
48.71775999999178,-2.07972596466189,0.4514823815460074,1.27044235886359,0.02716032099096329,0.016022438073115788,0.037332794656580064,-2.576489744042222,0.8063087334522079,1.1977285520358831,0.11173751919469968,0.008574687220329079,0.09231759896837019,-2.328354856867187,0.5914915910248084,1.3743417881243176,0.11738644934655122,0.021628957891236457,0.05154603147198767,0.09000117304571391,0.09000117304571391,0.0,0.025318270369061924,0.5164213883396007,-0.36089756800335665,-0.009872479401030554,0.007936703755423265,-4.871556356414796,0,0.5587395932972493
48.721919999991776,-2.07961425833502,0.4515505658362307,1.2705994926602575,0.026809518448881214,0.016364229653595203,0.03771211120018596,-2.368163097208045,0.5287258735168233,0.521930388877912,-0.040239035199320775,0.050896879269428,-0.030355854556643982,-2.3483438789460362,0.5602141374868379,0.94806553251085,0.039029688126230096,0.03627047446484475,0.011298485888650872,0.09000117304571391,0.09000117304571391,0.0,0.025909293493530564,0.5156685254025861,-0.36288866708412437,-0.009712652580286318,0.008048475854580177,-4.871306559022632,0,0.5586765614634999
48.726079999991775,-2.0795039998033458,0.45162015673690825,1.2707581824114136,0.026462047601829044,0.01670181616261114,0.038085540277473795,-1.998871086963647,0.10369411859391003,0.948028698477128,-0.0036205436430596753,0.07655119572854095,0.174977893965264,-2.1736109253150673,0.3321094449848592,0.9484091581775719,0.016917365235616197,0.05675100889994614,0.09404418484105022,0.09000117304571391,0.09000117304571391,0.0,0.026495090344632613,0.5149226794757858,-0.3648608464227711,-0.009554464189748039,0.008158863101685135,-4.8710579417581,0,0.5586126196749858
48.730239999991774,-2.0793951752530773,0.4516911369951936,1.2709184038503227,0.026117892064449488,0.017035261988480686,0.03845314533817901,-2.117051307153194,0.49631504825502737,0.8645726441694739,-0.13030478690915925,-0.014675190152737178,0.18495102012850126,-2.145600369801667,0.4141814165599742,0.9068733022854321,-0.05734824050098096,0.02174215530741414,0.1403116042167274,0.09000117304571391,0.09000117304571391,0.0,0.027075679931680724,0.5141837388291641,-0.3668142874251483,-0.009397902758399244,0.008267889512371333,-4.870810532678303,0,0.5585477805056323
48.73439999999177,-2.0792877709459816,0.451763489618062,1.2710801329751606,0.025777033702960122,0.01736462948842684,0.038814989961101345,-1.92404493230717,0.4562615421017279,1.3664301605992872,-0.1542359827526059,0.02287372201670335,0.1035414110725666,-2.0351413425879277,0.4352690116431122,1.136870213978174,-0.10605733955737558,0.022470783029756056,0.12197517869939475,0.09000117304571391,0.09000117304571391,0.0,0.027651084842298987,0.5134515955413509,-0.3687491728080947,-0.009242956179766075,0.00837557808830956,-4.87056435889578,0,0.5584820563286825
48.73855999999177,-2.0791817732257396,0.4518371978644935,1.271243346049202,0.02543945285812114,0.01768997914355852,0.03917113776994711,-1.767651331028104,0.3687994098513049,1.198940421663084,-0.07934518667927302,0.06985560837391896,-0.011090025918117474,-1.9015598389390513,0.4021781993612954,1.1678817573747926,-0.09254034833051386,0.04656594119145035,0.05589723645493529,0.09000117304571391,0.09000117304571391,0.0,0.028221330801700424,0.5127261451972892,-0.37066568626437085,-0.009089611801730256,0.008481950904851059,-4.870319446598329,0,0.5584154593244256
48.74271999999177,-2.0790771685234795,0.4519122452382337,1.271408019600696,0.025105128542436392,0.018011369697643314,0.0395216523585343,-2.1301398445412008,0.2519081422982873,1.4614173729461544,0.17209359295363696,-0.024866636036908116,-0.19520361649336937,-2.015491929853594,0.32698860810386604,1.3142423336679008,0.03900876038922116,0.011714602530798824,-0.06806590658677697,0.09000117304571391,0.09000117304571391,0.0,0.028786446283024132,0.5120072866174392,-0.3725640121616707,-0.008937856505715644,0.008587029189313748,-4.87007582106861,0,0.558348001487225
48.74687999999177,-2.078973943362585,0.45198861548107244,1.2715741304224653,0.024774038614710985,0.01832885828129988,0.039866597224591155,-2.2163541222229344,0.06235509866290284,1.4168203614258907,0.23018150604249638,-0.02824519982919987,0.14102547113559524,-2.1154456041629444,0.19461131945384105,1.3658258798719056,0.13455569722939378,-0.008294973701418223,0.03623287796166993,0.09000117304571391,0.09000117304571391,0.0,0.029346462163277194,0.5112949216157132,-0.3744443352762472,-0.00878767677658365,0.008690833390921554,-4.869833506703508,0,0.5582796946319297
48.75103999999177,-2.0788720843628568,0.45206629256658565,1.2717416555712624,0.024446159934719627,0.01864250052317323,0.04020603571131536,-2.0923063759530747,0.5239671947327995,0.8937941688981892,0.04905966822006193,0.0156603040695822,-0.04594733065784647,-2.1037747436071528,0.3593235867891094,1.1297102560963996,0.09227386683644191,0.00394460430787878,-0.004421068464294389,0.09000117304571391,0.09000117304571391,0.0,0.029901411416633758,0.5105889547827812,-0.37630684055719404,-0.008639058764394303,0.00879338324330492,-4.869592527033256,0,0.5582105503997338
48.75519999999177,-2.078771578244105,0.4521452606942921,1.2719105723669117,0.02412146850038109,0.018952350649558594,0.04054003095585897,-1.7762147795590026,0.4676859017340035,1.5049322374722256,0.15687228444929763,-0.05776102555166952,-0.07831403852723637,-1.9396661402928075,0.4133845988816891,1.3171613425046702,0.12454999275844969,-0.02653767542371038,-0.04153642186878578,0.09000117304571391,0.09000117304571391,0.0,0.030451328844314632,0.5098892932929823,-0.37815171291741145,-0.008491988339033531,0.008894697820388067,-4.869352904740293,0,0.5581405802635472
48.759359999991766,-2.078672411829232,0.4522255042841832,1.2720808583912615,0.02379993956956578,0.019258461573849795,0.04086864584391877,-1.9809092507465147,-0.01643917361075442,1.3811402718251193,0.004070083696484723,0.012123458965777986,0.038450341144327015,-1.9602803658191346,0.19849568502185225,1.3492305972138825,0.06472518880552033,-0.007576764397850231,-0.001243676590695074,0.09000117304571391,0.09000117304571391,0.0,0.030996250832566637,0.5091958467297568,-0.3799791370485577,-0.008346451138579486,0.008994795586420403,-4.869114661677859,0,0.5580697955329305
48.763519999991765,-2.078574572046864,0.45230700797158735,1.2722524914869686,0.023481547768357102,0.019560884976997987,0.04119194296971711,-1.8163619398316768,0.2149042397692178,1.012849366610624,-0.013325187244118398,0.15669208467394263,-0.031919051917484675,-1.8883485845110703,0.20702607200671624,1.1809709407897817,0.026052521186908466,0.07450876916511519,-0.016436784642573997,0.09000117304571391,0.09000117304571391,0.0,0.03153621513901512,0.5085085269302263,-0.38178929725620725,-0.00820243261216317,0.009093694440827547,-4.86887781888832,0,0.5579982073586411
48.76767999999176,-2.078478045933583,0.4523897566023366,1.2724254497561394,0.023166267187321538,0.019859671379826478,0.04150998460096708,-1.4407500132219082,0.8224819283028602,1.337571771806449,0.002703860205193448,-0.016599941991612868,0.14677822335832563,-1.6645411567071684,0.5147234673685944,1.2595774734646181,0.014674849799906924,0.029110281322148462,0.06529158109282766,0.09000117304571391,0.09000117304571391,0.0,0.03207126070252898,0.5078272478451651,-0.3835823773172087,-0.008059918057978354,0.009191411758440158,-4.86864239662121,0,0.557925826736835
48.77183999999176,-2.0783828206358033,0.45247373522820455,1.2725997115588397,0.02285407146723174,0.020154870208307772,0.04182283264805736,-1.7996648442904855,0.09706903360067781,1.3178302159925777,-0.1387989626913023,0.13539963507694813,0.1461118881872052,-1.7323919258620821,0.30617513272144137,1.2890077783861906,-0.06239746002497153,0.0821628232057692,0.1058804540844163,0.09000117304571391,0.09000117304571391,0.0,0.032601427472368674,0.5071519254122026,-0.38535856034988836,-0.00791889265701622,0.00928796442564771,-4.868408414350989,0,0.5578526645129568
48.77599999999176,-2.0782888834113225,0.45255892910258944,1.2727752555114948,0.022544933875391856,0.020446529852375175,0.04213054863722848,-2.231798799297228,0.5940297637707492,1.3309305166934542,0.09985117888447832,0.1153369423023392,-0.033488143359541395,-1.981891070789162,0.45034323750940314,1.309898981329067,0.018668952138231207,0.0992874894820313,0.0365922445463896,0.09000117304571391,0.09000117304571391,0.0,0.03312675625708629,0.5064824774431407,-0.3871180287029243,-0.007779341503019113,0.009383368872903615,-4.868175890794521,0,0.5577787313853574
48.78015999999176,-2.078196221630599,0.4526453236764193,1.2729520604851912,0.02223882737368898,0.020734697719163562,0.042433193687110196,-2.088122218236533,0.5942302031784724,1.2316008956175626,0.11181468434975814,-0.024120708030838992,-0.019021042491445803,-2.034773457808949,0.5222372574865622,1.2707106661035605,0.06458251201102228,0.03773521863552569,0.008385864655905198,0.09000117304571391,0.09000117304571391,0.0,0.03364728859043773,0.5058188235207624,-0.388860963855882,-0.007641249629092618,0.009477641104010094,-4.867944843928262,0,0.557704037908664
48.78431999999176,-2.0781048227777688,0.4527329045942576,1.2731301056038926,0.021935724679277586,0.021019420281193614,0.04273082848835591,-2.022559239356404,0.599910798130968,1.2801444738378922,0.03999850175880572,-0.23592028398617723,-0.10456804375040551,-2.028582444430019,0.5605830532106096,1.2752104422788872,0.05199253533761237,-0.09868516090693687,-0.04823041231934876,0.09000117304571391,0.09000117304571391,0.0,0.03416306660942253,0.505160884906542,-0.39058754633230597,-0.007504602031356883,0.00957079672253005,-4.867715291005157,0,0.5576285944969295
48.78847999999176,-2.078014674451441,0.4528216576905912,1.2733093702425844,0.021635598318713898,0.021300743120066447,0.043023513286024585,-1.9545250821003923,0.9902754596141838,1.385772777472966,-0.28480120259243125,0.0459028333540948,-0.0280620421771818,-1.9921441652397156,0.775526524946494,1.3304323394660171,-0.11708385320862796,-0.02581629956354489,-0.03734171234637754,0.09000117304571391,0.09000117304571391,0.0,0.03467413294768603,0.5045085844567142,-0.39229795562369413,-0.007369383689969769,0.009662850955639804,-4.867487248571251,0,0.5575524114265861
48.792639999991756,-2.0779257643652898,0.45291156898628404,1.2734898340253522,0.02133842067630499,0.02157871096628001,0.043311307864277906,-2.042528234399841,0.5872896263478797,1.1413767252007316,0.1274519739466463,0.15874706176101658,0.10508605466426645,-2.017069959857842,0.6817370181148831,1.2361228970628213,0.004449017945952554,0.06641972684888628,0.03332850585112352,0.09000117304571391,0.09000117304571391,0.0,0.035180530638753746,0.5038618465460228,-0.39399237012203236,-0.007235579587818947,0.009753818675726725,-4.867260732482006,0,0.5574754988392207
48.796799999991755,-2.0778380803484677,0.45300262468518154,1.2736714768234079,0.021044164037249583,0.021853367735395566,0.04359427153334468,-2.4077789645066874,0.6265657582691477,0.5742831457293289,-0.0771565127430117,0.05013301771811281,0.03402164218567279,-2.212587364193771,0.6542552144950196,0.9052698247662254,-0.03650011901168954,0.05830763721390461,0.033352599589355915,0.09000117304571391,0.09000117304571391,0.0,0.03568230303018862,0.5032205969987384,-0.3956709670622035,-0.007103174727137155,0.009843714419949164,-4.867035757918331,0,0.5573978667441928
48.800959999991754,-2.0777516103458584,0.45309481117085315,1.2738542787530673,0.020752800626199174,0.022124756561187307,0.043872463118247065,-2.4049496155017436,0.4678371631263918,1.0813831768689974,0.23377065419828086,0.1565580225060541,-0.05759699801300902,-2.3082838439622178,0.5613707607728738,0.9932079789142587,0.09873540200152786,0.10731100210964377,-0.01213841373612773,0.09000117304571391,0.09000117304571391,0.0,0.0361794937067686,0.5025847630254624,-0.3973339224702317,-0.006972154144271339,0.00993255240801404,-4.866812339402332,0,0.5573195250211092
48.80511999999175,-2.0776663424181847,0.45318811500346123,1.2740382201736893,0.0204643026416899,0.022392919825937538,0.04414594094926955,-2.2930180221672187,0.8711661890642131,1.3331347270295415,-0.09837757983208996,0.20130808105854542,0.07993250934935892,-2.3008549180826594,0.7166878991072373,1.1633409494927607,-6.363773667501012e-05,0.15500485179029497,0.03342926583479374,0.09000117304571391,0.09000117304571391,0.0,0.03667214642120605,0.5019542731657298,-0.3989814111190939,-0.006842502922804189,0.010020346558347748,-4.866590490812762,0,0.5572404834221706
48.80927999999175,-2.0775822647419893,0.4532825229167454,1.2742232816855807,0.020178642286887274,0.02265789918820144,0.04441476285395646,-2.0162361175756764,1.0076749271179808,1.1656563724772295,0.11020740319662471,0.0991461186253623,0.1699751975884196,-2.1583127938692113,0.8623890552830014,1.1648518492931688,0.05434157316102069,0.12737479777021674,0.1018720564567331,0.09000117304571391,0.09000117304571391,0.0,0.03716030503263892,0.5013290572350868,-0.40061360649083855,-0.006714206205203857,0.010107110502827671,-4.866370225400195,0,0.5571607515744017
48.81343999999175,-2.0774993656095013,0.45337802181511394,1.2744094441278737,0.019895791797070437,0.02291973560845069,0.04467898615031671,-2.383035622279009,0.4751152765522848,1.5311486230290081,0.22625428612018245,0.11435103105253513,-0.03712227182764424,-2.270206040986977,0.6689883183643248,1.3479254048737057,0.1407017699200666,0.12037542187224494,0.0324709140276269,0.09000117304571391,0.09000117304571391,0.0,0.037644013451840416,0.500709046276918,-0.40223068074224605,-0.00658724920316085,0.010192857600253638,-4.8661515558019195,0,0.5570803389817777
48.81759999999175,-2.077417633428401,0.4534745987708332,1.2745966885763793,0.019615723464146598,0.023178469372617586,0.044938667641324294,-2.3839273593447214,0.6457820061926536,1.768485571964768,0.03405793896943129,-0.055903600054331426,0.22193110975949795,-2.3269959684033896,0.6572685708775676,1.5586703832582707,0.08705586043695904,0.03231987174427831,0.12702457306297918,0.09000117304571391,0.09000117304571391,0.0,0.03812331559166366,0.50009417251802,-0.40383280467682736,-0.006461617206747851,0.010277600948663694,-4.865934494056547,0,0.5569992550272553
48.82175999999175,-2.07733705672149,0.453572241021308,1.2747849963414224,0.01933840965855094,0.02343414011395299,0.045193863610359604,-1.9792866914022749,-0.17314951212900853,1.759937428041585,0.11521187766104633,-0.17595909692692338,-0.0775481543735006,-2.1528968455349546,0.24168832701574933,1.659143847032004,0.09997136159503009,-0.0720939602336706,0.024832598914117644,0.09000117304571391,0.09000117304571391,0.0,0.03859825532209062,0.4994843693273379,-0.40542014771953955,-0.006337295592527337,0.010361353396640367,-4.865719051618348,0,0.5569175089747179
48.82591999999175,-2.077257624126287,0.4536709359664466,1.2749743489656624,0.019063822848768508,0.023686786833260115,0.04544462981761052,-2.021370411585364,0.48764937626936034,1.006255554326911,-0.25765019379949444,0.24569293446876214,0.11502678517536855,-2.087668560476483,0.3651806533998406,1.332934468269356,-0.07884183928257434,0.0872376319812217,0.06988362533011218,0.09000117304571391,0.09000117304571391,0.0,0.03906887643246251,0.49887957117846266,-0.406992877897011,-0.006214269830713924,0.010444127553701318,-4.865505239371312,0,0.5568351099708442
48.830079999991746,-2.0771793243945424,0.4537706711661037,1.2751647282219012,0.0187919356187402,0.02393644791770293,0.04569102149729011,-2.325188258338993,0.13136689320860945,0.7277441325253526,-0.00872692639892345,-0.05171471863084605,0.03325483572871195,-2.2064481183448144,0.24816457185550808,1.0304029569433801,-0.043839288529217445,0.01777045927425921,0.05218595643653011,0.09000117304571391,0.09000117304571391,0.0,0.039535222594274305,0.49827971361413004,-0.40855116181836787,-0.006092525491490275,0.010525935799869848,-4.865293067642939,0,0.5567520670469029
48.834239999991745,-2.077102146391695,0.45387143433759697,1.2753561161108826,0.018522720683363778,0.024183161158384526,0.04593309335553382,-2.2183157167549212,0.1995613206843454,0.7720817886668201,0.07436530807865785,-0.08764339699560292,0.10027906150798042,-2.2122279158261677,0.22368078249954937,0.9014486892519968,0.015540538677855532,-0.03515670015969744,0.07644748315679759,0.09000117304571391,0.09000117304571391,0.0,0.03999733733052525,0.49768473321374335,-0.41009516466094736,-0.005972048250561458,0.010606790294519077,-4.865082546217758,0,0.5566683891204861
48.83839999999174,-2.077026079096269,0.45397321335329144,1.275548494859087,0.018256150902256758,0.024426963766677197,0.046170899569047255,-2.05357417641897,0.2094042651810155,1.5527518759385746,0.04112755430550864,0.08532044117142165,0.01211382444797978,-2.1328134231481948,0.2167197285863031,1.2271297031657245,0.02786663090250378,0.02515080095193808,0.044445041813934834,0.09000117304571391,0.09000117304571391,0.0,0.04045526398757418,0.4970945675628022,-0.4116250501583426,-0.005852823894023453,0.010686702984539317,-4.864873684350593,0,0.5565840849971803
48.84255999999174,-2.076951111599219,0.4540759962382484,1.275741846916521,0.017992199292011724,0.024667892389668433,0.0464044937841671,-1.6745022657069994,0.7773616381083491,1.3574491573456582,0.08863921027292757,0.05964727763607499,0.08306447874664832,-1.9034698320394539,0.4971691432356707,1.2924632676054044,0.05803823978627323,0.04216977889987764,0.0636783634625253,0.09000117304571391,0.09000117304571391,0.0,0.04090904570971889,0.4965091552247762,-0.4131409805899302,-0.005734838322618025,0.010765685611933258,-4.864666490779554,0,0.5564991633721853
48.84671999999174,-2.0768772331032315,0.4541797711679341,1.2759361549545065,0.017730839037031137,0.024905983124570888,0.0466339291165473,-2.165229152000108,0.04926594771981291,1.2947863955558563,0.14980138714705238,-0.02711826893063214,0.1306921783344946,-2.034039161417579,0.27315804870599497,1.2938956906707835,0.10363518324846811,0.007509688400213909,0.09765849872879001,0.09000117304571391,0.09000117304571391,0.0,0.04135872541693314,0.4959284357139322,-0.41464311677274185,-0.0056180775554316754,0.01084374972086485,-4.8644609737387805,0,0.5564136328318818
48.85087999999174,-2.076804432921985,0.45428452646598544,1.2761314018634702,0.017472043499114243,0.025141271532321173,0.04685925815126653,-2.204014626579556,0.26251183270128686,1.5514279999046896,0.07035672806374002,0.12187316249273372,-0.028938758856586796,-2.1188803641173846,0.26808778677142214,1.4226030498267939,0.08633484877458075,0.06495917794092101,0.03456307737051495,0.09000117304571391,0.09000117304571391,0.0,0.04180434578427047,0.4953523494708811,-0.4161316180554726,-0.005502527733094773,0.010920906664225292,-4.864257140970931,0,0.5563275018553538
48.85503999999174,-2.076732700479377,0.4543902506020288,1.2763275707507342,0.017215786225907522,0.025373792650415252,0.04708053294334598,-1.8607904133417759,0.6204704781466008,1.2327671885855336,-0.12445732602260084,-0.09001291360383566,0.0794804146912025,-1.9900928856869775,0.4440934460722815,1.3278484670084567,-0.018838430273020942,-0.012070762877804132,0.05732697932528143,0.09000117304571391,0.09000117304571391,0.0,0.04224594922550565,0.49478083783865756,-0.4176066423137764,-0.00538817512052933,0.010997167609761434,-4.8640549997394205,0,0.5562407788158678
48.85919999999174,-2.076662025308717,0.45449693218955006,1.2765246449383116,0.016962040958349318,0.025603581005105232,0.04729780501857322,-1.9786649193503865,0.6404205687500719,1.2876300214160847,-0.003969702523769263,-0.0015623699160222763,0.19904439459512266,-1.9843867456943036,0.5422547349083019,1.3081521163756558,-0.011565484401616862,-0.006626531338780541,0.12858675125300073,0.09000117304571391,0.09000117304571391,0.0,0.042683577876101914,0.49421384304061766,-0.4190683459470671,-0.005275006109291693,0.011072543545818611,-4.863854556840411,0,0.556153471982313
48.86335999999174,-2.0765923970518956,0.45460455998381216,1.2767226079607064,0.01671078163716812,0.02583067062290472,0.04751112537472018,-2.2815298140410407,0.05112147562434455,1.246210002582902,0.19097041443172433,-0.07852386502170933,0.09376815169217498,-2.1325639320534164,0.29652139419542234,1.277376660401362,0.09006736315561142,-0.042596072588249004,0.11069916170256439,0.09000117304571391,0.09000117304571391,0.0,0.043117273579995445,0.49365130815935576,-0.42051688387704267,-0.005163007219546577,0.011147045286715881,-4.863655818614564,0,0.5560655895206056
48.867519999991735,-2.0765238054585264,0.45471312287981874,1.2769214435627187,0.01646198240855916,0.026055095041574657,0.04772054448299459,-2.4743857995227887,0.9863676692056231,0.4905100574241559,0.08547346050223337,-0.025509976868826754,-0.013572744213802918,-2.303299277138771,0.6413952032231324,0.8839095419854873,0.08767538773778805,-0.03352728466125468,0.04860959244908084,0.09000117304571391,0.09000117304571391,0.0,0.043547077877209926,0.49309317711707074,-0.4219524095462263,-0.005052165101710016,0.011220683477801119,-4.863458790958555,0,0.5559771394950576
48.871679999991734,-2.0764562403850717,0.4548226099103212,1.2771211356972594,0.016215617629104093,0.02627688732059025,0.04792611228975406,-1.6408422859632914,0.7176611163563139,1.025270983600328,-0.08431543027545843,-0.11817457511198073,0.029550452399910093,-1.9722423821747208,0.6792824832523704,0.9546520728370333,0.0021057149374977997,-0.07564811465760257,0.03939052219189025,0.09000117304571391,0.09000117304571391,0.0,0.04397303199337269,0.49253939465578045,-0.4233750749193071,-0.004942466537792914,0.011293468600212244,-4.8632634793363465,0,0.5558881298697147
48.87583999999173,-2.076389691793947,0.45493301024386745,1.2773216685231696,0.015971661869997163,0.0264960800510965,0.04812787821848316,-2.679307665119024,0.7136033984395029,0.9465474416206077,0.00795184903575104,-0.03570051403418462,0.30440503863407686,-2.325762241545553,0.6963695103112424,0.9512340561779875,0.004456131251195193,-0.0559583216920985,0.1713028351619355,0.09000117304571391,0.09000117304571391,0.0,0.0443951768300666,0.4919899063204322,-0.4247850304832207,-0.004833898442473198,0.01136541097536177,-4.863069888790238,0,0.5557985685096652
48.87999999999173,-2.076324149752611,0.45504431318289035,1.2775230264030526,0.015730089920665408,0.026712705365488445,0.0483258911719251,-2.1358322270746424,0.8206785582493519,1.072528906160847,-0.01725737843752758,0.10274444310024225,0.1198074464170662,-2.2308333865543553,0.7587378946247297,1.012131918287846,-0.005636418088680592,0.02372668347027735,0.14536977539309345,0.09000117304571391,0.09000117304571391,0.0,0.04481355295644749,0.4914446584407447,-0.4261824252504631,-0.004726447863923888,0.011436520769183252,-4.862878023951687,0,0.5557084631823193
48.88415999999173,-2.076259604432645,0.4551565081618343,1.2777251939011127,0.015490876791812446,0.026926794946540093,0.04852019953444657,-1.9702575112335512,0.4273328112986962,1.3837764578647147,-0.03860773464942299,-0.03416600094174644,0.13019009720571834,-2.100623944600953,0.5929643993800497,1.1982271621405238,-0.022112215945458202,-0.006384248976347474,0.137981958188129,0.09000117304571391,0.09000117304571391,0.0,0.0452282006029855,0.490903598115093,-0.4275674067611499,-0.0046201019844188335,0.011506807996145289,-4.862687889051907,0,0.5556178215586631
48.88831999999173,-2.0761960461088202,0.45526958474531853,1.2779281557810065,0.015253997717968605,0.027138380036215035,0.04871085117452274,-1.9790701286408237,0.9973219679334739,1.1505446463641031,0.09058123973983834,0.04906375190664984,0.08652251124797315,-2.0396583017850243,0.7952463944027857,1.1745657864841899,0.034478334862602524,0.022139161662379444,0.11213455620181648,0.09000117304571391,0.09000117304571391,0.0,0.04563915965455346,0.4903666731949456,-0.42894012108702967,-0.0045148481207394195,0.01157628252306515,-4.862499487932244,0,0.5555266512144885
48.89247999999173,-2.0761334651581556,0.45538353262633563,1.278131897003704,0.015019428159568827,0.027347491444109168,0.048897893447403785,-2.3138512915269773,0.16047556496148674,1.0923899040997207,-0.04648772850499453,0.09274860809021948,-0.02355483647496629,-2.17685321498673,0.478049725099119,1.1334292603913396,-0.006092535221260911,0.05730818820349771,0.04382563989776596,0.09000117304571391,0.09000117304571391,0.0,0.04604646964628421,0.48983383226931815,-0.4303007128357448,-0.004410673724399599,0.0116449540727293,-4.8623128240543405,0,0.5554349596315983
48.89663999999173,-2.07607185205897,0.45549834162448394,1.278336402725362,0.014787143804620552,0.02755415955559735,0.04908137319789654,-1.6817849664758764,1.0560046928883409,1.127870411280571,-0.2200108372076447,0.1618295254365621,0.11583193075811682,-1.929773216356917,0.7673674168546408,1.1308901813377186,-0.1130506329531251,0.10977232961592748,0.0800851013917437,0.09000117304571391,0.09000117304571391,0.0,0.046450169758137566,0.48930502465031456,-0.4316493251549105,-0.004307566381708143,0.011712832227340958,-4.862127900510089,0,0.5553427541989893
48.900799999991726,-2.0760111973899282,0.45561400168423266,1.278541658295209,0.01455712056998813,0.027758414339696075,0.04926133676326484,-2.415141146132714,-0.19300146907834764,0.8016244129867839,-0.0898785161837627,-0.11118485598179638,0.19682838266411318,-2.1726470931115656,0.28694462108883007,0.9666632194818435,-0.1016724260968585,-0.0005135566985287861,0.13901231017461274,0.09000117304571391,0.09000117304571391,0.0,0.04685029881223918,0.48878020035965025,-0.432986099738369,-0.004205513813682453,0.011779926431808273,-4.861944720031373,0,0.5552500422140161
48.904959999991725,-2.0759514918290853,0.45573050287321865,1.2787476492534433,0.014329334602332251,0.027960285356631587,0.04943782997626601,-1.8827197323766387,0.4138395659921268,1.4161707208914405,-0.00667731456231309,-0.22314887006600143,-0.05170979612454162,-2.0276960228388154,0.34992805560703283,1.1913119075059602,-0.05382020678571446,-0.1114406032542529,0.04397756014488945,0.09000117304571391,0.09000117304571391,0.0,0.0472468952700021,0.4882593101143422,-0.4343111768318397,-0.0041045038758290905,0.0118462459968794,-4.861763284999608,0,0.555156830883532
48.909119999991724,-2.075892726152924,0.4558478353805736,1.2789543613291443,0.014103762278745866,0.028159801765196297,0.04961089816824034,-2.608926039784389,0.9045454540605582,0.6646587729826486,0.05619502873841889,0.1790268621132947,0.033623404964316095,-2.3181976508368916,0.6276122437365179,0.9280524098715884,0.0009093711172972452,0.03414127063469509,0.0384072566041136,0.09000117304571391,0.09000117304571391,0.0,0.04763999722924414,0.4877423053141298,-0.4356246952383935,-0.0040045245578043485,0.011911800102145468,-4.8615835974550805,0,0.5550631273250126
48.91327999999172,-2.0758348912353943,0.4559659895152813,1.2791617804381956,0.013880380207097255,0.028356992329837967,0.04978058617233131,-2.041997540644871,0.9997705812392452,1.3217181988555553,0.06505620310439923,0.021085779644548188,0.2428726647450311,-2.179960900784001,0.8137364015538665,1.1253929849773494,0.03324446923789755,0.02832259319616693,0.14074330197917942,0.09000117304571391,0.09000117304571391,0.0,0.04802964242301297,0.4872291380291345,-0.436926792325462,-0.003905563982965342,0.011976597798911675,-4.861405659106089,0,0.554968938567661
48.91743999999172,-2.0757779780469523,0.4560849557045628,1.2793698926812238,0.013659165226128296,0.028551885427567307,0.04994693832674534,-2.2189700672446016,0.3754931169254436,2.073572485059771,-0.012850591264232209,-0.060559028845047,0.1147003265758684,-2.1994928825570885,0.5944876629382074,1.599727669934364,0.010390646927782018,-0.017041179900411138,0.1278548925425674,0.09000117304571391,0.09000117304571391,0.0,0.04841586821905253,0.4867197609870079,-0.43821760403231697,-0.0038076104078238315,0.012040648012955278,-4.861229471337896,0,0.5548742715534942
48.92159999999172,-2.075721977653597,0.45620472449229044,1.2795786843415493,0.01344009440531427,0.02874450905462365,0.05010999847811841,-1.3356954263753864,0.545019289552776,1.2674276156250257,0.10878992670503408,-0.055046441041969846,0.02710449555036925,-1.7673613620736508,0.5696381863267899,1.4336318712288356,0.059358909684655806,-0.03582559332049172,0.07740095956752202,0.09000117304571391,0.09000117304571391,0.0,0.04879871161734482,0.4862141275617091,-0.43949726487609275,-0.003710652221412011,0.012103959547168341,-4.86105503522148,0,0.5547791331384134
48.92575999999172,-2.0756668812159114,0.45632528653742777,1.2797881418831534,0.013223145044507445,0.028934890832952358,0.050269809984951286,-2.0258270399649576,0.5102743181149476,1.2424872313393853,-0.2312371880551072,0.12229874836713445,0.0895817839725142,-1.8970762633766365,0.5402096229108566,1.3382460399405465,-0.08626331968340846,0.043510994022214956,0.0827699681600915,0.09000117304571391,0.09000117304571391,0.0,0.04917820925171368,0.48571219176193325,-0.4407659079610597,-0.0036146779445676612,0.012166541084095803,-4.860882351522119,0,0.5546835300932588
48.92991999999172,-2.0756126799881054,0.45644663261249674,1.2799982519486577,0.013008294673412057,0.02912305801655598,0.050426415721035574,-2.47974212040795,0.20476244409048566,1.429005411395712,0.07463677314922716,0.008171076964628852,0.232935147811941,-2.1882603963526215,0.3725007659870994,1.3841113297692347,-0.00468418669917478,0.025802824227553835,0.157616624960882,0.09000117304571391,0.09000117304571391,0.0,0.04955439738908027,0.48521390821972765,-0.4420236649847326,-0.003519676229150052,0.012228401188387986,-4.86071142070777,0,0.5545874691048461
48.93407999999172,-2.0755593653170603,0.45656875360207005,1.2802090013573202,0.012795521050865103,0.02930903749759605,0.05057985807902368,-2.165121069016336,0.10988012196408709,1.1077460610521757,0.021332693015907216,0.16075803805688477,0.12842390540222032,-2.1766459455609275,0.2415221793635027,1.2461931485410307,0.008200539298167867,0.09365596871573398,0.14337362177435647,0.09000117304571391,0.09000117304571391,0.0,0.049927311930002924,0.4847192321799898,-0.44327066624744416,-0.0034256358571908754,0.012289548309152309,-4.860542242957285,0,0.5544909567769913
48.938239999991715,-2.075506928641377,0.45669164050128835,1.2804203771030451,0.012584802163976637,0.029492855812393325,0.050730178973975415,-2.2004102857150913,0.4085034116657224,1.4904244921707803,-0.01060601063019747,-0.08668398292383586,0.19492309127200538,-2.188550283386698,0.3248319676795655,1.3687168794395548,-0.0012297743737871743,0.004313092365481096,0.16870474416398246,0.09000117304571391,0.09000117304571391,0.0,0.05029698840900599,0.484228119489887,-0.44450704066003927,-0.0033325457399886143,0.01234999078222757,-4.860374818168446,0,0.5543939996315177
48.942399999991714,-2.0754553614904308,0.45681528441440183,1.2806323663524075,0.0123761162271184,0.02967453914723187,0.050877419846995973,-1.8915539767695535,0.6647120266308284,1.9102103295285318,0.09452060598994642,0.15780969300260694,0.03375230848596894,-2.0398519086433193,0.49510257538750274,1.6395364968581456,0.045897309220122376,0.08107063143954708,0.10176634194754626,0.09000117304571391,0.09000117304571391,0.0,0.05066346199705089,0.4837405265887861,-0.44573291575182616,-0.003240394917151242,0.012409736832373727,-4.8602091459658245,0,0.554296604109251
48.94655999999171,-2.0754046554834273,0.4569396765533354,1.2808449564426945,0.012169441680801342,0.029854113344056313,0.051021621668872426,-1.9408053966481453,1.0293368056611376,1.2567166113393369,-0.04593243130435687,0.014176232558189276,0.0320961601750165,-1.9904236152280164,0.7622540745661276,1.448190684938309,4.48322791878359e-05,0.04707013631866819,0.06691140891451212,0.09000117304571391,0.09000117304571391,0.0,0.051026767501019005,0.48325641049783774,-0.4469484176809269,-0.003149172555595042,0.012468794575392596,-4.860045225708475,0,0.5541987765709986
48.95071999999171,-2.075354802328467,0.457064808236277,1.2810581348799603,0.011964757190421333,0.03003160390598549,0.05116282494378426,-2.284280295986977,0.8034003275881485,1.1498610814322325,0.12515147354374978,0.2880538666842934,-0.006283766609957338,-2.137094142673024,0.7834276483698696,1.2990122115770417,0.06280278769663783,0.1670581870688179,0.029603980097080162,0.09000117304571391,0.09000117304571391,0.0,0.05138693936683256,0.48277572881103425,-0.44815367124167993,-0.003058867948501705,0.012527172020171732,-4.8598830564974635,0,0.5541005232985174
48.95487999999171,-2.075305793821613,0.4571906708862885,1.2812718893370978,0.011762041644924975,0.030207036002759136,0.05130106971298227,-2.469477890005756,0.6077859527683415,1.2846788089289118,0.008121170686132008,0.011954441857937443,0.09566520593483283,-2.303270874553119,0.6956308912228277,1.2920442850472187,0.03518859362328615,0.08929754849109314,0.06268121502958361,0.09000117304571391,0.09000117304571391,0.0,0.05174401168023049,0.48229843968506886,-0.4493487998742257,-0.0029694705142416246,0.012584877070672212,-4.859722637183225,0,0.5540018504954675
48.95903999999171,-2.0752576218459655,0.4573172560299384,1.2814862076519251,0.01156127415536099,0.030380434475978327,0.051436395558576306,-1.7311191416949825,0.6297845703692921,1.4840804745967355,-0.04608745641826323,0.16158433783262607,0.15977394070991696,-2.0172852990209464,0.6630444192580627,1.3883961314158912,-0.006197244587013352,0.12492735019895218,0.11118161037513988,0.09000117304571391,0.09000117304571391,0.0,0.052098018169259505,0.4818245018307219,-0.45053392567435435,-0.0028809697952646394,0.012641917527842461,-4.859563966372773,0,0.5539027642883527
48.96319999999171,-2.075210278370743,0.4574445552959563,1.2817010778252886,0.011362434053369208,0.030551823844295944,0.05156884160726907,-2.103749463644509,0.30049034553186604,1.166911501907653,0.2243061609935689,-0.1653969109328591,0.11595038421869965,-2.0600512267036866,0.4814204516163092,1.277892980268855,0.10893903261082415,-0.02003682527445064,0.11378686833089693,0.09000117304571391,0.09000117304571391,0.0,0.052448992206130404,0.4813538745031038,-0.4517091694023313,-0.0027933554569646094,0.012698301091481679,-4.859407042436746,0,0.55380327072745
48.96735999999171,-2.0751637554503697,0.45757256041390815,1.281916488019181,0.011165500889582807,0.030721228308440825,0.05169844653416429,-2.097232720589424,0.49426865581036156,1.2521250543411715,0.05184098752243648,-0.0071190702402162895,0.04957842740545436,-2.0785345047623047,0.48783009583003883,1.2651117882965122,0.08044111464006709,-0.013703633652583957,0.08176868341821449,0.09000117304571391,0.09000117304571391,0.0,0.05279696680929401,0.48088651749385286,-0.4528746504924107,-0.002706617286519628,0.012754035362041113,-4.859251863516294,0,0.5537033757877253
48.971519999991706,-2.0751180452235696,0.4577012632128922,1.2821324265548748,0.010970454431974575,0.030888671756168145,0.05182524856655613,-2.3103460066261867,0.2042283896449521,1.5764934798043195,0.0364154071383577,0.08613288972127044,-0.0120450475086138,-2.1943659966361078,0.34620652450874323,1.4207791790536672,0.05836464121797177,0.03615420919032876,0.03514696542431709,0.09000117304571391,0.09000117304571391,0.0,0.05314197464659321,0.48042239112171065,-0.4540304870626099,-0.0026207451917121694,0.012809127842376656,-4.859098427529827,0,0.5536030853697395
48.975679999991705,-2.075073139912469,0.457830655620255,1.2823488819110738,0.010777274664142581,0.031054177767078292,0.05194928548775632,-1.6538978994536206,0.39062386842260866,0.9133883007409993,0.06451499201583866,-0.182073414089013,0.28040897720341307,-1.9239941076480034,0.36803665760663007,1.1676644159466059,0.0615023294037486,-0.07287723036657007,0.1572891327843883,0.09000117304571391,0.09000117304571391,0.0,0.053484048037139686,0.4799614562245717,-0.45517679592453253,-0.0025357291997321297,0.01286358593944807,-4.858946732179608,0,0.5535024053005405
48.979839999991704,-2.075029031821704,0.45796072966032725,1.2825658427220776,0.010585941783544512,0.031217769617342007,0.05207059464092545,-2.314694595499953,0.493173533304582,1.682752702262989,0.1451742945310164,0.057490413365600096,-0.016261576318819942,-2.1190460492574403,0.4307251410497845,1.4251776970560988,0.10377632300958732,-0.007505359610412208,0.07083395008864844,0.09000117304571391,0.09000117304571391,0.0,0.05382321895405214,0.4795036741510868,-0.4563136925930248,-0.0024515594559649904,0.012917416965970378,-4.8587967749582015,0,0.5534013413345454
48.9839999999917,-2.0749857133375387,0.4580914774531786,1.2827832977759648,0.010396436199685296,0.031379470284314336,0.052189212932928074,-2.2132129681097368,0.808286749569326,1.1435842177091375,-0.12805891248603246,0.07015224401136763,-0.12438681532521337,-2.1663972572731938,0.6196534690343856,1.2841207830517052,-0.011775040530944508,0.03181512161989672,-0.02701256728343116,0.09000117304571391,0.09000117304571391,0.0,0.05415951902720219,0.47904900675288764,-0.45744129129630795,-0.0023682262227676873,0.012970628142016985,-4.85864855315478,0,0.5532998991544119
48.9881599999917,-2.0749431769269875,0.45822289121339144,1.2830012360127905,0.010208738532274537,0.03153930245109039,0.052305176838154874,-1.8032067331389625,0.5367699251237454,1.4343621390109584,0.08856823528220106,0.13782646663391845,0.14892367048087785,-1.9846150221875674,0.5784996349892324,1.3595517164814461,0.038288120239738786,0.08392789995227037,0.06121008166062143,0.09000117304571391,0.09000117304571391,0.0,0.054492979546609574,0.4785974163765789,-0.4585597049861589,-0.0022857198782351776,0.013023226596585405,-4.858502063861295,0,0.5531980843718979
48.9923199999917,-2.0749014151369485,0.4583549632488536,1.2832196465228005,0.01002282960934118,0.0316972885109178,0.05241852240240631,-2.7568896332190627,0.020917197466261694,1.1851099476901348,0.05141212921543312,-0.10176366502722545,0.1829538290087847,-2.370649537769186,0.29949275993813795,1.2727100155479594,0.04424430338219817,-0.008863131844925298,0.12213884838720034,0.09000117304571391,0.09000117304571391,0.0,0.05482363146434862,0.47814886585587146,-0.45966904534728287,-0.0022040309149592516,0.01307521936911392,-4.8583573039785035,0,0.5530959025287099
48.9964799999917,-2.074860420593343,0.45848768595956846,1.283438518544662,0.009838690465325031,0.03185345057156397,0.05252928524673374,-2.165462842191558,0.6233671209038492,0.9259253854483925,0.06079232499749528,0.11733040930579963,0.16633244810643177,-2.267927811408778,0.4616771195564023,1.099660068444657,0.05227851265855209,0.053807719086041705,0.14479640173204614,0.09000117304571391,0.09000117304571391,0.0,0.055151505398386064,0.47770331850444603,-0.4607694228084458,-0.0021231499387813924,0.013126613410963437,-4.858214270221873,0,0.5529933590973432
49.0006399999917,-2.074820186000263,0.45862105183648333,1.283657841463709,0.00965630233914232,0.03200781045957355,0.05263750057130705,-1.8936776073931478,0.8473792803155695,1.3599161187302848,-0.057974422658624486,0.04876634394928708,0.05660671062919623,-2.080921509201393,0.65463181215986,1.229907553521151,-0.0024401220086971596,0.051537051852997014,0.10075601159746078,0.09000117304571391,0.09000117304571391,0.0,0.05547663163493093,0.47726073810831726,-0.46186094655172993,-0.0020430676675419254,0.013177415586858882,-4.858072959127341,0,0.5528904594819093
49.0047999999917,-2.074780704139129,0.4587550534603352,1.283877604810206,0.009475646672228622,0.03216038972444637,0.05274320315928128,-1.960979131010974,0.19573556115996754,1.4049720917176116,0.16378911950075611,-0.03467959329310063,0.11031232549892567,-2.020607344305725,0.4251074712131373,1.3176699162708478,0.0799618847977459,0.008853431799329535,0.10581137827030063,0.09000117304571391,0.09000117304571391,0.0,0.05579904013228877,0.47682108891855457,-0.4629437245239768,-0.001963774929826387,0.013227632676293533,-4.857933367056956,0,0.5527872090189548
49.008959999991696,-2.0747419678678516,0.45888968350051323,1.2840977982576254,0.009296705106568496,0.0323112096427333,0.0528464273806586,-2.220517431153317,0.11013484479925917,1.5162752742886567,0.053825358574181054,-0.13643195423355034,0.19712028375926227,-2.120452390480268,0.26733537490093645,1.4173827267757044,0.06716411197914879,-0.06387392223838942,0.1520671389422564,0.09000117304571391,0.09000117304571391,0.0,0.05611876052301404,0.4763843356446808,-0.4640178634452835,-0.0018852626637114768,0.013277271374897781,-4.85779549020439,0,0.55268361297827
49.013119999991694,-2.074703970120007,0.45902493471393846,1.2843184116209427,0.009119459482708928,0.03246029122206009,0.05294720719615065,-1.6514485330894872,0.2623707657358181,1.0329071790045767,-0.08227964867599713,0.07418441181508614,0.026942294797765297,-1.8861182895767263,0.26500829964808215,1.225197857779622,-0.007562454600852678,0.0046835310045242615,0.08972618524791352,0.09000117304571391,0.09000117304571391,0.0,0.056435822117780324,0.47595044344698445,-0.4650834688218253,-0.0018075219155109577,0.013326338295775115,-4.857659324600325,0,0.5525796765636863
49.01727999999169,-2.074666703904016,0.4591607999439596,1.284539434854947,0.008943891837765153,0.032607655205073485,0.0530455761610247,-2.412350287339963,0.24079893294200055,0.7781137957169825,-0.051557463185673794,0.27201446190549217,-0.06224199407182144,-2.1493452613433743,0.25346880431364577,1.0015241157781327,-0.02953187022279884,0.1385361203519632,0.013329149407830396,0.09000117304571391,0.09000117304571391,0.0,0.0567502539084045,0.4755193779305258,-0.466140644953594,-0.0017305438385235715,0.013374839970805852,-4.85752486611772,0,0.5524754049138673
49.02143999999169,-2.074630162302335,0.459297272119265,1.2847608580525678,0.008769984403417109,0.032753322073307715,0.05314156742896609,-2.3097405185981623,0.3714128333432408,1.3568157309503577,-0.050533761141550976,0.4068890327801408,0.20185437429228847,-2.22964944302338,0.31328824485718726,1.1795918519818462,-0.039876672459449126,0.2725591480684084,0.10777624190615166,0.09000117304571391,0.09000117304571391,0.0,0.05706208457109286,0.4750911051377372,-0.46718949494688766,-0.0016543196917836568,0.01342278285191862,-4.8573921104769635,0,0.5523708031030864
49.02559999999169,-2.074594338470652,0.4594343442528108,1.2849826714432173,0.008597719603904352,0.032897312050992486,0.053235213755906945,-2.7173598946682254,0.7569174741639553,1.069386480115469,-0.15514857393859022,-0.0451848390821184,0.08338264174483534,-2.473830711900317,0.5350122204748372,1.1246606969671906,-0.09754092992427868,0.11359217034856937,0.09612501678409856,0.09000117304571391,0.09000117304571391,0.0,0.05737134246926779,0.47466559154245025,-0.4682301207234289,-0.001578840838815842,0.013470173312333973,-4.857261053250902,0,0.5522658761419981
49.02975999999169,-2.0745592256370937,0.45957200944076404,1.28520486539115,0.008427080054011216,0.033039645108768806,0.0533265475038802,-2.5894139213876612,0.1357545296737378,1.1712593795897726,0.03223367093686198,0.026275230338069413,0.019795784716575962,-2.5315568812155544,0.3354369530212194,1.1480032484790537,-0.03227684221003552,0.06911223149447003,0.057143307371501244,0.09000117304571391,0.09000117304571391,0.0,0.05767805565704381,0.47424280404326596,-0.4692626230318826,-0.0015040987463938275,0.013517017647775558,-4.857131689869758,0,0.5521606289783986
49.03391999999169,-2.074524817101439,0.4597102608614614,1.285427430393837,0.008258048557059795,0.03318034096736507,0.05341560064482794,-2.138398988709268,0.33214182413892707,1.6661820682153903,-0.10848739496001847,0.11878957501235807,0.18759187100143565,-2.335201053239622,0.33403583554204924,1.4074862183302534,-0.07027204868712829,0.09424047675932583,0.12248021904580399,0.09000117304571391,0.09000117304571391,0.0,0.05798225188292646,0.4738227099571232,-0.47028710145728303,-0.0014300849833051665,0.013563322077657468,-4.857004015625941,0,0.5520550664979781
49.03807999999169,-2.0744911062343436,0.45984909177438293,1.2856503570803555,0.008090608102898578,0.03331941910117541,0.05350240476443847,-1.8048319062835467,1.0236491649970003,1.4490541489412996,-0.10521819540792496,-0.07519383743835664,0.0840400099575371,-2.0702323971488363,0.6786901460055177,1.42844359319182,-0.08736886422160352,0.009908652907711875,0.1040713859199462,0.09000117304571391,0.09000117304571391,0.0,0.05828395859223683,0.47340527701333324,-0.4713036544320054,-0.0013567912191223995,0.013609092746240337,-4.8568780256787445,0,0.5519491935250632
49.042239999991686,-2.074458086476569,0.45998849551914045,1.2858736362097969,0.00792474186589936,0.033456898741808856,0.05358699106593174,-2.074253685395658,-0.30010526231894263,1.6661958528048424,0.14929301311262624,0.11309438809239486,0.021265452334835573,-2.07193245518401,0.18952252073638112,1.5473649881831475,0.030904084953796682,0.06067991465968582,0.06297664803779536,0.09000117304571391,0.09000117304571391,0.0,0.0585832029310404,0.4729904733474385,-0.47231237924614344,-0.0012842092229811428,0.013654335723766408,-4.8567537150589315,0,0.5518430148233519
49.046399999991685,-2.0744257513382234,0.4601284655144802,1.286097258669688,0.007760433202954658,0.03359279888154331,0.05366939037386922,-2.0388268439591863,0.5119850790133418,1.8606013838354738,0.09407316552838542,0.09478639272716136,0.05332165769583762,-2.0551828455593224,0.35095309340216396,1.7040954879272627,0.062050429876010504,0.07778667031783847,0.05853321227790042,0.09000117304571391,0.09000117304571391,0.0,0.05888001174901584,0.4725782674952712,-0.47331337205814916,-0.0012123308623658428,0.013699057007565508,-4.8566310786732245,0,0.5517365350966383
49.050559999991684,-2.074394094398009,0.46026899525729986,1.2863212154744295,0.007597665651479465,0.033727138276716494,0.053749633137952064,-2.17728821565569,0.17686331651916037,1.2593702568829266,-0.05559405564242203,-0.017337327356172952,0.14902082266657363,-2.1163517881042897,0.2638706059968364,1.4820392499455628,0.0031246652117303147,0.030384451861812933,0.10399696784013845,0.09000117304571391,0.09000117304571391,0.0,0.059174411602545406,0.47216862838710427,-0.4743067279055201,-0.001141148101903353,0.013743262523134375,-4.8565101113086895,0,0.5516297589895304
49.05471999999168,-2.0743631093024777,0.4604100783216795,1.2865454977637492,0.007436422927435615,0.03385993545112351,0.053827749436729744,-2.1579931015602374,1.0016299824959025,0.6727408303454155,-0.077729228040918,-0.07598061062777686,-0.05614351326037953,-2.137334380067513,0.6325981144807533,1.0772686862420024,-0.0373118600740764,-0.023125566442919084,0.023414773524971285,0.09000117304571391,0.09000117304571391,0.0,0.05946642875866907,0.47176152534189464,-0.4752925407140355,-0.0010706530021661054,0.013786958125204935,-4.8563908076370135,0,0.5515226910881575
49.05887999999168,-2.0743327897652972,0.4605517083579264,1.2867700968011717,0.0072766889233437425,0.033991208699249265,0.05390376898141925,-1.8021237596441029,0.2105436796647912,0.8711229177980095,0.00885887973032186,0.11073997683860848,0.10395165418443136,-1.9697084419431,0.4217997409735958,0.9744099231430888,-0.01416023725236565,0.0430959947503442,0.06399194589485487,0.09000117304571391,0.09000117304571391,0.0,0.0597560891977647,0.47135692806183405,-0.47627090330982014,-0.0010008377184836713,0.013830149598774377,-4.856273162218691,0,0.5514153359208721
49.06303999999168,-2.0743031295665206,0.4606938790916329,1.2869950039725033,0.007118447706329912,0.03412097608956084,0.05397772111957127,-1.9909296585167096,0.5986672885574591,1.2015193109915705,-0.1588997860006187,0.22197672675403818,0.16680622688109065,-1.980650031616906,0.5106961844822523,1.0883108897626412,-0.08636401470072778,0.13265620267977968,0.11648333314600119,0.09000117304571391,0.09000117304571391,0.0,0.06004341861623544,0.4709548066264583,-0.4772419074286755,-0.0009316944997650179,0.013872842660129366,-4.85615716950711,0,0.5513076979589396
49.06719999999168,-2.07427412255187,0.46083658432274793,1.287220210784332,0.006961683516151146,0.03424925546761398,0.05404963483886971,-2.395178806084974,0.08076403404133847,1.5844516488154534,0.04789712657982152,-0.14870455216954998,0.10221107022950726,-2.1878174993126542,0.2954183517678225,1.3365966840435601,-0.019336072256743376,-0.008271635962728613,0.10966211840416427,0.09000117304571391,0.09000117304571391,0.0,0.06032844243134355,0.4705551314872771,-0.4782056437267397,-0.0008632156873286432,0.013915042957830377,-4.856042823852545,0,0.5511997816172234
49.07135999999168,-2.074245762632023,0.4609798179246613,1.2874457088625437,0.006806380763265358,0.03437606445921352,0.05411953877079158,-1.8776309567291043,0.12142285555663468,1.5753951287561654,0.015819345869244373,0.03490247030409348,0.024859251832839477,-2.032688232677709,0.20849270210477966,1.4560503638850995,-0.002203482490919108,0.012966522889780098,0.06674681864439565,0.09000117304571391,0.09000117304571391,0.0,0.06061118578263275,0.47015787346314014,-0.47916220179119434,-0.0007953937137452161,0.013956756073688502,-4.855930119506052,0,0.551091591254861
49.07551999999168,-2.074218043781911,0.46112357384330094,1.2876714899508532,0.00665252402690329,0.0345014204735067,0.054187461194266914,-2.3780960988753765,0.1248044670840604,0.9796726719585882,0.04761865181936647,-0.006249295264016706,0.0977053511516912,-2.2052949707304577,0.16663551554596898,1.2180618677263853,0.02243194280919698,0.0031122549009687797,0.08200341642205713,0.09000117304571391,0.09000117304571391,0.0,0.060891673535708346,0.46976300373382573,-0.48011167015016254,-0.0007282211016901376,0.013997987523725774,-4.855819050623284,0,0.5509831311759305
49.079679999991676,-2.0741909600400232,0.46126784609624233,1.287897545909351,0.006500098053135659,0.034625340705933746,0.0542534300394194,-2.2426061873089163,0.08451986723638083,1.1191554900030383,-0.11286980620051397,0.11505436980869921,0.06133901537875664,-2.2241846386930746,0.1258157578677372,1.1687355402346882,-0.04567539865817537,0.05939766607650414,0.07168691547779116,0.09000117304571391,0.09000117304571391,0.0,0.061169930286240654,0.46937049383580803,-0.48105413628350757,-0.0006616904628055729,0.014038742759099394,-4.855709611268203,0,0.5508744056301117
49.083839999991675,-2.074164505507719,0.4614126287718309,1.288123868713064,0.006349087752988865,0.03474784214125845,0.05431747289114278,-2.336883296073607,0.3028245202676959,1.2233081778415653,0.08897299975734371,0.12449679093871836,0.02825897146200253,-2.2803494288673187,0.21457960895350964,1.196082852021625,0.021512342236107457,0.0922885116771809,0.04909421549335887,0.09000117304571391,0.09000117304571391,0.0,0.06144598036141083,0.46898031565667575,-0.4819896866326083,-0.0005957944965758692,0.014079027167025675,-4.855601795416718,0,0.5507654188133378
49.08799999999167,-2.07413867434855,0.46155791602831614,1.2883504504505339,0.006199478200546101,0.03486894155645339,0.05437961699276567,-1.8671562595853082,0.8918110152366325,1.8275213130948609,-0.11518191867774749,0.11313118078381784,-0.07739637674318284,-2.0739884241947233,0.553435729838736,1.5116451585049833,-0.04735676834913,0.10253095683755667,-0.013969728854643986,0.09000117304571391,0.09000117304571391,0.0,0.06171984782499825,0.4685924414307681,-0.48291840661103536,-0.0005305259892122678,0.014118846071675285,-4.855495596960229,0,0.5506561748684404
49.09215999999167,-2.074113460787587,0.46170370209299777,1.2885772833224074,0.0060512546310859585,0.034988655523593995,0.05443988924963262,-2.328481023181212,0.535081139466048,1.0957761465847682,0.05061886204179484,0.06669781366917071,0.22185477919604674,-2.2011310872137626,0.5443970535912178,1.3041698592215338,0.001561536084719529,0.08460808858724402,0.10360756627772734,0.09000117304571391,0.09000117304571391,0.0,0.06199155647841488,0.4682068437331417,-0.48384038061484536,-0.0004658778125507916,0.014158204735057557,-4.85539100970909,0,0.5505466778857859
49.09631999999167,-2.074088859110757,0.46184998126138377,1.2888043596400438,0.005904402439211244,0.035107000412633094,0.054498316232740554,-2.144189571371848,0.6511970937206706,1.3784748661769783,0.05054046760981037,-0.009331988408650793,0.12459069043933436,-2.172555761696727,0.5977787994404062,1.3415821300889772,0.026506371602142132,0.03745715171384428,0.11404853243513029,0.09000117304571391,0.09000117304571391,0.0,0.06226112986559421,0.46782349547609015,-0.48475569203206414,-0.0004018429229595068,0.014197108357876027,-4.855288027395994,0,0.5504369319039056
49.10047999999167,-2.074064863664186,0.46199674789635975,1.2890316718241366,0.005758907177026981,0.03522399239423524,0.05455492418224277,-2.204031823679741,0.08988169657655343,1.4895848542951071,-0.09277826664104351,0.03469957243865222,0.11025842062020633,-2.188487485434697,0.34389848598647543,1.4158124617693377,-0.03288962705324658,0.03626227594948849,0.11282707188557972,0.09000117304571391,0.09000117304571391,0.0,0.0625285912742547,0.4674423699036226,-0.48566442325392534,-0.00033841436025985097,0.014235562080383495,-4.855186643679268,0,0.5503269409101177
49.10463999999167,-2.0740414688535513,0.46214399642737,1.2892592124033493,0.005614754552301083,0.03533964744245147,0.05460973901105274,-2.1944492970698004,0.3157673526297142,1.2590713860826466,0.037009640179685194,0.12274502927480105,0.08268532363460702,-2.1913908222556,0.3300859986477418,1.3376130469790943,0.0017517693462466666,0.08047417102228645,0.0976442736516129,0.09000117304571391,0.09000117304571391,0.0,0.06279396374080429,0.4670634405869986,-0.48656665568380175,-0.0002755852466574191,0.014273570983205445,-4.855086852146102,0,0.5502167088411426
49.10879999999167,-2.0740186691434404,0.46229172134960933,1.2894869740129673,0.005471930426672353,0.03545398133744622,0.05466278630832172,-2.145048660516132,0.17155062478583538,1.119350839721613,-0.028867335187375363,-0.10341994502799758,-0.09143378404857627,-2.168279340162391,0.25060130661311414,1.2282913936555928,-0.013613601841557226,-0.011083527737331641,0.0025609182536522213,0.09000117304571391,0.09000117304571391,0.0,0.06305727005161929,0.4666866814198775,-0.4874624697485326,-0.00021334878568668043,0.014311140088160021,-4.854988646315693,0,0.5501062395837096
49.112959999991666,-2.073996459056716,0.46243991722322647,1.289714949393563,0.005330420813852312,0.03556700966810803,0.054714091342969874,-1.71980959417855,0.38393571226023215,1.0361427652227384,-0.1682366571819609,0.10437368446781375,0.06173588430397221,-1.94439291739826,0.31748659531704476,1.132344075792175,-0.0901165452553895,0.04660948942813494,0.03217727881883037,0.09000117304571391,0.09000117304571391,0.0,0.0633185327468948,0.4663120666146866,-0.4883519449072292,-0.0001516982611660728,0.014348274359053819,-4.854892019642313,0,0.5499955369751589
49.117119999991665,-2.0739748331738914,0.4625885786725376,1.2899431313896759,0.005190211877862019,0.035678747834678455,0.05476367906713452,-2.0271752999031136,0.9539155839223419,1.531679400325338,-0.07598560235624686,0.20089453132962493,-0.022606280768476934,-1.9859416740421836,0.6361232649679178,1.3319679208950528,-0.08356249191097224,0.12380600826090662,0.004592390794304013,0.09000117304571391,0.09000117304571391,0.0,0.0635777741236485,0.4659395706971074,-0.4892351596622623,-9.062703616597699e-05,0.01438497870247092,-4.854796965518309,0,0.5498846048040341
49.121279999991664,-2.073953786132511,0.4627377003852513,1.2901715129485076,0.005051289931276467,0.035789211051292305,0.054811574119638995,-2.2148636224930187,0.8308672228514682,1.3821648072061097,0.09546584419878516,0.0697489995875249,0.09493817744386601,-2.1002053178655493,0.7336409276340518,1.3572640813613144,0.005764183841913993,0.09714393891469966,0.049808830407848885,0.09000117304571391,0.09000117304571391,0.0,0.06383501623809017,0.4655691685024217,-0.4901121915683676,-3.0128551988455446e-05,0.014421257968541941,-4.8547034772770274,0,0.5497734468106695
49.12543999999166,-2.0739333126265382,0.4628872771117034,1.2904000871186303,0.004913641433490177,0.03589841434850097,0.05485780082941725,-2.376858288175427,0.7657778685415159,1.6088297017903208,0.14240998977460884,0.09488348316966247,0.19910998510637373,-2.238236872047872,0.7499057704709953,1.4834612731372396,0.07376184844557597,0.09659440808960551,0.1251815628556939,0.09000117304571391,0.09000117304571391,0.0,0.06409028090885337,0.46520083517093824,-0.49098311724307864,2.9803672841145568e-05,0.014457116951701137,-4.854611548195665,0,0.5496620666877691
49.12959999999166,-2.0739134074057506,0.46303730366410234,1.290628847048709,0.00477725298899884,0.03600637257574028,0.05490238321892841,-1.829859285915239,0.5461559580620922,1.228744623619059,-0.011290283551670745,0.15398371259672974,0.07503151720709059,-2.0340676937220588,0.6483520197539765,1.3562573410594727,0.030755048238080323,0.12417966170258644,0.10005604637667369,0.09000117304571391,0.09000117304571391,0.0,0.06434358971937912,0.4648345461441045,-0.49184801237570336,8.917604357066436e-05,0.014492560391427755,-4.854521171498058,0,0.54955046808098
49.13375999999166,-2.0738940652751436,0.4631877749157847,1.2908577859862405,0.0046421113456991915,0.03611310040376693,0.05494534500754312,-1.9623975229136965,0.34457562126863583,1.2132682148635345,-0.06747285516893117,-0.0913735840231923,0.154528815151806,-1.9983734279577365,0.4962724201252456,1.2850830809972051,-0.01788160082500896,0.016041932808161612,0.1273427204929125,0.09000117304571391,0.09000117304571391,0.0,0.06459496402180352,0.46447027716001965,-0.49270695173891166,0.00014799489020583226,0.014527592972974603,-4.854432340357395,0,0.5494386545894591
49.13791999999166,-2.0738752810943386,0.4633386858004808,1.2910868972763025,0.004508203393213829,0.03621861232706562,0.054986709614885526,-1.8812410888866338,0.9310239524855348,1.6517531149641473,-0.08092461030323118,-0.07288706656351875,0.07927593441197081,-1.9399744076630547,0.7134993759570487,1.4685864983647283,-0.049568307425464635,-0.028296888321912878,0.10285898331746388,0.09000117304571391,0.09000117304571391,0.0,0.06484442493807345,0.4641080042494185,-0.4935600091963016,0.0002062664684820812,0.014562219328085924,-4.854345047898872,0,0.5493266297664317
49.14207999999166,-2.073857049777,0.46349003131159006,1.2913161743603199,0.004375516161227827,0.03632292266622153,0.0550265001641559,-2.192800059923332,0.5214519737846454,1.8260123684440672,0.02054574433001565,0.05888952080158365,-0.16291946948199898,-2.0663468919341867,0.6175978313306447,1.646963730828703,-0.014215943368288188,0.014804216222133675,-0.03033255788101904,0.09000117304571391,0.09000117304571391,0.0,0.0650919933642749,0.4637477037320734,-0.494407257712999,0.0002639969608253281,0.014596444035704209,-4.854259287202275,0,0.5492143971197453
49.14623999999166,-2.073839366290259,0.463641806501466,1.2915456107748426,0.004244036817844267,0.036426045570227626,0.05506473948545893,-2.00436319015089,0.5488316228678485,1.5568134210549485,-0.05479796505361354,-0.02779844896910707,-0.02870609381678877,-2.0354682544717373,0.5831561184247943,1.601826912757486,-0.034663520740513216,-0.006346523448575781,-0.028882551409524376,0.09000117304571391,0.09000117304571391,0.0,0.06533768997240422,0.46338935221201044,-0.49524876936565954,0.00032119247730041055,0.014630271622659913,-4.854175051304503,0,0.5491019601124156
49.150399999991656,-2.0738222256541423,0.46379400648071084,1.2917752001503389,0.0041137526679549605,0.036527995018761056,0.05510145011909463,-1.9292385748437855,0.5514973917930408,1.1584014065810453,-0.018230848501311438,0.0897491316804107,0.005390311349526444,-1.9823906853521551,0.5675138023799708,1.3801223064125692,-0.026402844649891098,0.04140991190172041,-0.011766544848350456,0.09000117304571391,0.09000117304571391,0.0,0.06558153521342792,0.4630329265746394,-0.49608461535122805,0.00037785905654824956,0.014663706564347755,-4.854092333202029,0,0.5489893221631672
49.154559999991655,-2.0738056229410105,0.46394662641747947,1.2920049362100003,0.003984651151642483,0.03662878482447202,0.05513665431877661,-2.1120387568895964,0.5359895902182849,0.8706669844628915,0.07864465812991812,0.008377531578092474,0.07989297302865464,-2.047052235416194,0.5517692261202112,1.1255562572665216,0.02620346867413244,0.024739376024472157,0.03453737978953383,0.09000117304571391,0.09000117304571391,0.0,0.0658235493199222,0.4626784039822722,-0.49691486599680734,0.00043400266671029066,0.014696753285400491,-4.8540111258532965,0,0.5488764866469671
49.15871999999165,-2.0737895532749997,0.46409966153679266,1.2922348127685623,0.0038567198425847413,0.036728428635169556,0.055170374054898434,-1.930491267051122,0.6526963575496085,1.4084204714142834,-0.02799373302770651,0.06289530231061263,-0.029312228336422726,-1.98882946404651,0.6023649620147137,1.266930311407429,-0.0007463084258547143,0.043505456683596594,0.002166448432819006,0.09000117304571391,0.09000117304571391,0.0,0.06606375230829105,0.4623257618702722,-0.4977395907691412,0.0004896292063419671,0.014729416160341909,-4.853931422181061,0,0.5487634568955516
49.16287999999165,-2.0737740118314725,0.46425310711985945,1.2924648237311362,0.0037299464464877114,0.036826939936024795,0.05520263101771366,-2.20782723246724,0.6793605251453072,1.1167255517058245,0.1649808925826829,0.14253176655336858,0.02099038495580611,-2.097986821631389,0.6411599341705738,1.1918703167905775,0.08215303728420664,0.09292096875257681,0.01168448697900846,0.09000117304571391,0.09000117304571391,0.0,0.06630216398184616,0.46197497794420983,-0.49855885828370905,0.0005447445053143999,0.014761699514234537,-4.853853215074672,0,0.548650236197949
49.16703999999165,-2.073758993836474,0.46440695850340824,1.2926949630920552,0.003604318799531078,0.0369243320517073,0.05523344662053378,-2.1453781145069235,0.808948138677435,1.2409356090440404,-0.08933262754417716,-0.01921882504122504,0.05655800987741143,-2.1218683120448265,0.7250141959723694,1.2165222690192883,-0.0037215867032441108,0.03735829500647814,0.03348186634872985,0.09000117304571391,0.09000117304571391,0.0,0.06653880393346628,0.46162603017503306,-0.4993727363136461,0.0005993543257045545,0.01479360762331264,-4.853776497392293,0,0.5485368278009931
49.17119999999165,-2.0737444945661956,0.46456121107902704,1.2929252249337337,0.003479824866838018,0.03702061814851322,0.0552628420028671,-1.1875183605395279,0.5725351659335589,1.0696569359220351,-0.02351102520103428,-0.07974920907702802,0.006805374526230111,-1.654737132964479,0.6486064534967217,1.1431036935771879,-0.012926227764116092,-0.02057035015540241,0.019681889687344155,0.09000117304571391,0.09000117304571391,0.0,0.06677369154762157,0.4612788967965784,-0.5001812917997726,0.0006534643626734614,0.014825144715607773,-4.853701261963074,0,0.5484232349098339
49.17535999999165,-2.0737305093464418,0.46471586029251216,1.2931556034255403,0.0033564527409542144,0.03711581123643192,0.0552908380335671,-1.85705712136986,0.3125219733309652,1.7315013967069386,-0.26411940777265464,-0.0160957107293214,0.024061631783222126,-1.7564456615991557,0.48052742492533035,1.4373573484391557,-0.13958477140070102,-0.01787261090041253,0.021564466438141996,0.09000117304571391,0.09000117304571391,0.0,0.06700684600325889,0.4609335563012044,-0.500984590859809,0.0007070802453337407,0.014856314971559547,-4.853627501589261,0,0.5483094606884398
49.17951999999165,-2.073717033552107,0.46487090164322564,1.2933860928226815,0.0032341906403574373,0.03720992417122961,0.05531745531389365,-1.6676010405316173,0.48171722324896543,1.6644395352899441,0.03987906027697178,0.011035817199555667,0.02669174909538509,-1.711941226806927,0.48114538500331616,1.5509543571529574,-0.04916966637861063,-0.0034675669159445048,0.02470083083449638,0.09000117304571391,0.09000117304571391,0.0,0.06723828627583855,0.460589987436805,-0.5017826987961304,0.0007602075376050353,0.014887122524624026,-4.853555209048257,0,0.5481955082600944
49.18367999999165,-2.0737040626066574,0.4650263306834607,1.2936166874651007,0.0031130269079656923,0.037302969656424816,0.05534271418064527,-1.6090239960994626,0.4133848155543989,1.469329074099834,-0.03510151891708669,-0.007118430261327385,0.05851017558435239,-1.6605553804121194,0.44725027796403444,1.5102636916796226,-0.041906179759068206,-0.005512972460143398,0.041195703491153535,0.09000117304571391,0.09000117304571391,0.0,0.06746803114044608,0.4602481692034944,-0.5025756801061266,0.000812851739059497,0.014917571461860393,-4.853484377094628,0,0.5480813807078894
49.187839999991645,-2.0736915919816172,0.46518214301781635,1.2938473817763887,0.0029929500096919338,0.037394960245346824,0.055366634709127664,-2.3003282151055595,0.16959870875123434,0.8028005370594349,-0.16154997556255205,0.05864154499369477,0.14881486126541107,-1.9807808320859717,0.30854542421360415,1.1568372906600446,-0.10242327186447764,0.02612694041441607,0.09471173260186745,0.09000117304571391,0.09000117304571391,0.0,0.06769609917384178,0.4599080808496951,-0.5033635984906769,0.0008650182857543002,0.01494766582452528,-4.853414998462062,0,0.5479670810752083
49.191999999991644,-2.073679617196063,0.46533833430257904,1.2940781702627064,0.002873948532986108,0.03748590834303905,0.05538923671624058,-2.511685766836478,0.2887205358651461,1.2324166950062585,0.06318458696946308,0.17545950193457965,-0.08495801237893194,-2.2461055480942402,0.29899606764015807,1.1944517647095567,-0.01965122423163582,0.10161278844279277,0.00443002143159207,0.09000117304571391,0.09000117304571391,0.0,0.06792250875651563,0.45956970186923346,-0.5041465168628749,0.0009167125510546706,0.014977409608640734,-4.853347065865271,0,0.5478526123662075
49.19615999999164,-2.0736681338161236,0.46549490024511325,1.294309047511721,0.0027560111854098767,0.03757582620820525,0.05541053976345673,-2.3274715088706492,0.5875152871621285,0.9699202864627541,-0.17838914899419658,0.19123545949030996,0.1296620303475541,-2.2871590483236437,0.4436567673859237,1.0824549526254867,-0.09953594637284724,0.14578998892540485,0.0666509637467003,0.09000117304571391,0.09000117304571391,0.0,0.06814727807603124,0.4592330119980528,-0.5049244973567917,0.0009679398464458127,0.01500680676555925,-4.8532805720018475,0,0.5477379775462897
49.20031999999164,-2.073657137454485,0.4656518366032596,1.2945400081915532,0.0026391267932323907,0.03766472595512486,0.055430563159776236,-1.9462484567436547,0.8717255119428221,1.8934691529988716,0.14434202459297238,-0.12061968523627317,0.1728989616411506,-2.1164019847574687,0.6574416869805683,1.488327912811418,0.022793717075731405,0.013353582586865621,0.11949883170996847,0.09000117304571391,0.09000117304571391,0.0,0.06837042512823821,0.4588979912109722,-0.5056976013364904,0.0010187054223331532,0.015035861202522652,-4.853215509554075,0,0.5476231795425732
49.20447999999164,-2.0736466237699016,0.46580913918474093,1.2947710470497393,0.002523284300034369,0.03775261955552088,0.05544932596467544,-1.9197749882507928,0.3559594492715591,0.9647909039043789,-0.01768528318746893,0.01036670946842332,0.07572905467678996,-2.0181230972635467,0.506720140454553,1.226712993701281,0.002172993073174213,0.011802880736865773,0.09774437892287806,0.09000117304571391,0.09000117304571391,0.0,0.0685919677201998,0.4585646197184374,-0.5064658894050782,0.0010690144688326898,0.01506457678320957,-4.853151871190688,0,0.5475082212443543
49.20863999999164,-2.0736365884667127,0.465966803846576,1.2950021589122018,0.0024084727653354773,0.03783951884041656,0.05546684699100749,-1.830067199442733,0.8327412075969941,1.4900171427016575,0.008134496440429134,0.05604197105741514,-0.006272967044775292,-1.9240769800794415,0.6698492542505029,1.3583552844091773,0.005185656647260455,0.034047868831736536,0.045058933612233884,0.09000117304571391,0.09000117304571391,0.0,0.0688119234720578,0.4582328779634775,-0.5072294214120829,0.0011188721165503726,0.015092957328276499,-4.853089649568586,0,0.5473931055035646
49.21279999999164,-2.073627027294366,0.46612482649450077,1.2952333386822348,0.0022946813632307274,0.037925435501937006,0.05548314480791427,-2.219173963729926,0.5448335767177989,1.4043943959820748,-0.08502168885935577,0.19266010743827783,0.12194175764249066,-2.071802889269551,0.6077420928597835,1.3816287804819622,-0.04062879258197748,0.11294726489745494,0.0835036856539276,0.09000117304571391,0.09000117304571391,0.0,0.06903030981997212,0.4579027466186005,-0.5079882564630046,0.0011682834373516315,0.015121006615885835,-4.853028837334505,0,0.547277835135224
49.21695999999164,-2.073617936046945,0.466283203082397,1.2954645813395003,0.0021818993810487695,0.03801038109509359,0.05549823774369585,-2.172352852252428,0.0007367292915448354,0.9436536502836184,0.09527772512144714,0.15694121843735595,0.029109917224176964,-2.121880171623392,0.30456235521575115,1.1626986405224793,0.027206215610526795,0.13457671799588,0.05633813020716443,0.09000117304571391,0.09000117304571391,0.0,0.06924714401756978,0.4575742065828954,-0.5087424529276208,0.0012172534451201115,0.015148728382225408,-4.8529694271266415,0,0.5471624129178867
49.221119999991636,-2.073609310562703,0.4664419296117287,1.295695881939036,0.002070116218036466,0.038094367039598384,0.0555121438885881,-2.134433845296069,0.35636969765099985,1.4127500623491827,-0.027430478922659825,0.020450690371964193,-0.00015437544037425616,-2.1282140399032587,0.3305096079500424,1.287724363024017,-0.00016200756942858516,0.07719300155101448,0.028776861589902825,0.09000117304571391,0.09000117304571391,0.0,0.06946244313868168,0.45724723897880615,-0.509492068447685,0.0012657870965056216,0.015176126322031325,-4.852911411576239,0,0.5470468415940831
49.225279999991635,-2.0736011467236026,0.46660100213098515,1.2959272356102762,0.001959321384037961,0.03817740462154729,0.055524881097639325,-1.7129635790441498,0.5295490156230046,1.7683299244454185,-0.0011946881823351667,0.12507522888795336,0.12634915001756097,-1.920587511695065,0.4302906797345319,1.5282935404904248,-0.0010999694784005125,0.10121647810851375,0.0774456065116609,0.09000117304571391,0.09000117304571391,0.0,0.06967622407923016,0.4569218251495393,-0.5102371599463714,0.0013138892916630467,0.015203204089087098,-4.852854783309122,0,0.5469311238707557
49.229439999991634,-2.07359344045486,0.4667604167351318,1.296158637556082,0.0018495044982150112,0.03825950499519044,0.05553646699342447,-1.6822969066040423,0.14115269826487542,1.066430998578708,-0.11265968169365806,0.22953430747411427,0.10393081830370055,-1.8016753141869466,0.28619657843847796,1.2975740837941037,-0.0566593804890771,0.16561337049303523,0.09122839277186316,0.09000117304571391,0.09000117304571391,0.0,0.06988850355933543,0.45659794665593045,-0.5109777836354026,0.0013615648749800559,0.015229965296730185,-4.852799534947203,0,0.5468152624196908
49.23359999999163,-2.0735861877244943,0.4669201695650675,1.2963900830517856,0.0017406552877581552,0.038340679184569015,0.0555469189688641,-2.4314395042191626,0.1310520452308772,1.6201625945012335,-0.030100555454411284,0.2823964001535574,0.13551560162324322,-2.116624187876955,0.20921001151940222,1.4591521989603664,-0.04349532377470039,0.2242815802603537,0.11349706724122344,0.09000117304571391,0.09000117304571391,0.0,0.07009929812564121,0.45627558527351697,-0.5117139950241364,0.0014088186357962536,0.015256413518336344,-4.852745659109934,0,0.5466992598779433
49.23775999999163,-2.0735793845428834,0.4670802568070892,1.2966215674442436,0.001632763586633265,0.038420938085208134,0.05555625418991764,-1.741237327497312,0.3191977792687969,0.8383780296122957,0.013810187742093737,0.06623929453813426,0.16397565863936725,-1.9289001196207682,0.26434214118499666,1.1491030854235522,-0.014503163948527418,0.14541463425736556,0.13813189395072087,0.09000117304571391,0.09000117304571391,0.0,0.07030862415300444,0.4559547229901916,-0.5124458489269758,0.0014556553091116522,0.015282552287805805,-4.852693148415732,0,0.5465831188482589
49.24191999999163,-2.0735730269623236,0.4672406746923632,1.2968530861509031,0.0015258193343365835,0.03850029246576069,0.055564489598284465,-2.40831163405481,0.5724157996595051,1.6362276773646685,0.19566688719134293,-0.0066288548379889525,0.05487306405251923,-2.168201590947013,0.4183669771284399,1.3927828991303486,0.09025147509407888,0.06957630232217649,0.09651996586961817,0.09000117304571391,0.09000117304571391,0.0,0.07051649784704508,0.4556353420028344,-0.5131733994714545,0.0015020795762857573,0.01530838510004167,-4.852641995483352,0,0.5464668418994892
49.24607999999163,-2.0735671110765956,0.46740141949640324,1.2970846346588785,0.0014198125746634053,0.03857875296960986,0.05557164191409629,-2.38679689955268,0.7426936576418299,1.1597545858057483,0.09337397943016436,0.09179500776777802,-0.047565292206885976,-2.2773069785868407,0.5807233760167148,1.276168885531032,0.0920139399177488,0.08075240830631952,0.024146076570423072,0.09000117304571391,0.09000117304571391,0.0,0.0707229352458464,0.4553174247151125,-0.5138967001067839,0.0015480960657271777,0.015333915411417438,-4.852592192933238,0,0.5463504315670029
49.25023999999163,-2.0735616330205353,0.4675624875385552,1.297316208524039,0.001314733454497808,0.03865633011647888,0.05557772763854701,-2.3876505154830943,0.2860899901438532,1.5067204272599564,0.12070375831107538,-0.09006411110796969,0.17568844306738424,-2.3322270965203336,0.4332169072586273,1.3918120619458139,0.10570194987815772,-0.004460568054108436,0.09973185409181991,0.09000117304571391,0.09000117304571391,0.0,0.07092795222230154,0.4550009537345262,-0.5146158036111508,0.001593709353573565,0.015359146640241898,-4.852543733388822,0,0.5462338903530917
49.25439999999163,-2.0735565889696077,0.46772387518148856,1.2975478033701078,0.001210572222615545,0.038733034304002975,0.05558276305651509,-1.9371535917888396,0.39601997575151815,1.269603130594035,0.02884690804909698,0.13274531413902596,-0.01892660527354266,-2.1346277845857755,0.4148941209853656,1.3306668035690636,0.06737824640540824,0.06421371220320414,0.04068465903696317,0.09000117304571391,0.09000117304571391,0.0,0.0711315644851822,0.4546859118698216,-0.5153307620994741,0.0016389239643621154,0.015384082167216394,-4.8524966094777975,0,0.5461172207273716
49.258559999991625,-2.073551975139489,0.46788557883069376,1.297779414887771,0.001107319228492702,0.03880887580925422,0.05558676423918943,-2.036286361651881,0.6213400214900111,1.7920693634016147,0.10579881257903417,0.002193249268960376,0.03827706814792013,-2.0852357015395597,0.5181233941449251,1.5614496001991685,0.08628555419301376,0.03305530755233286,0.04011915236940872,0.09000117304571391,0.09000117304571391,0.0,0.07133378758234982,0.45437228212834346,-0.5160416270318383,0.0016837443716920034,0.015408725335879864,-4.852450813833349,0,0.5460004251271795
49.262719999991624,-2.073547787785651,0.4680475949339866,1.2980110388337986,0.001004964921145323,0.03888386479029198,0.05558974704660927,-2.0598959182728698,0.4980969919163185,1.1647878836538261,-0.19007611181146983,0.16118684363070013,0.1514722915236919,-2.0729615703401496,0.508444509008437,1.363431518103145,-0.051596319166276244,0.09750131152114398,0.09555113264468051,0.09000117304571391,0.09000117304571391,0.0,0.07153463690204892,0.4540600477136495,-0.5167484492202459,0.001728174998876438,0.01543307945305452,-4.852406339095357,0,0.5458835059579649
49.26687999999162,-2.073544023202951,0.4682099199810185,1.2982426710301747,0.000903499847972464,0.038958011287653235,0.0555917271302285,-2.4493549458757475,0.6421517267277022,1.116378837093716,0.07031857180922574,0.01993280768291061,-0.05140248138549977,-2.261015730251047,0.5753404581199022,1.2397956289303078,0.009881725910327436,0.058748480054169105,0.02251852916238491,0.09000117304571391,0.09000117304571391,0.0,0.07173412767420381,0.45374919202285036,-0.5174512788366858,0.0017722202195862803,0.015457147789280768,-4.85236317791156,0,0.5457664655936768
49.27103999999162,-2.073540677725228,0.46837255050279286,1.298474307363239,0.0008029146536167594,0.03903132522584665,0.05559271993542144,-1.9036316354849683,0.7750601032502871,0.9631233397363526,0.0016367594064994875,0.0555905127388667,0.05256335672795197,-2.0823175845465,0.6753167049557265,1.1015677706192348,0.005666911268102455,0.05745815920033663,0.037110091894418384,0.09000117304571391,0.09000117304571391,0.0,0.07193227497364456,0.4534396986441576,-0.5181501654208069,0.001815884358485191,0.015480933579248766,-4.852321322938685,0,0.5456493063771465
49.27519999999162,-2.0735377477248993,0.4685354830711879,1.2987059437828388,0.0007032000788434055,0.03910381641481754,0.05559274070397204,-1.9545646553070666,0.9549074408889673,1.508585311446758,-0.0467290960686096,-0.01628526986381286,0.1629870153680621,-2.0185367417968774,0.815080822960071,1.3054196496666417,-0.020854391737057658,0.02027068890170909,0.09943835240730388,0.09000117304571391,0.09000117304571391,0.0,0.07212909372077304,0.4531315513543185,-0.5188451578867654,0.0018591716918552235,0.015504440022223806,-4.852280766843551,0,0.5455320306204646
49.27935999999162,-2.073535229612568,0.46869871429848536,1.298937576301491,0.0006043469594254458,0.039175494551380585,0.05559180447655307,-2.2658671914223203,0.6261248687866032,1.9132396178869757,0.14603997402613983,0.03120307823181489,0.25210562503987577,-2.1418991142952852,0.7206656822730578,1.6098586994640316,0.06218584805543093,0.026093387586683968,0.17555059619167918,0.09000117304571391,0.09000117304571391,0.0,0.07232459868415676,0.45282473411620483,-0.5195363045316018,0.0019020864482146326,0.015527670282463144,-4.852241502304136,0,0.5454146406053555
49.28351999999162,-2.0735331198366307,0.4688622408369046,1.2991692009935543,0.0005063462250430623,0.039246369220617285,0.05558992609519376,-2.1263183699376356,1.4688283434308458,0.8400411840505269,-0.028739338275014785,0.10676440387858493,0.17360178883169672,-2.1341669034063826,1.0949746164576017,1.2253075501637583,0.01600460931340201,0.06627876322457048,0.17365862603232046,0.09000117304571391,0.09000117304571391,0.0,0.07251880448205913,0.45251923107693054,-0.5202236530415104,0.0019446328089271834,0.015550627489622708,-4.8522035220106146,0,0.5452971385835458
49.28767999999162,-2.073531414882888,0.46902605937814357,1.2994008139944109,0.0004091888982178128,0.03931644989735154,0.055587120205611254,-2.0254511231900514,0.25977460386456597,1.2462068377059439,0.06918070232560873,0.21089977977820376,0.19281872270332323,-2.0796641187055798,0.6778090849491706,1.2361577176509435,0.042473847999416454,0.13778486290601671,0.1835643489128823,0.09000117304571391,0.09000117304571391,0.0,0.0727117255835459,0.45221502656462764,-0.5209072504992058,0.001986814908801645,0.015573314739175934,-4.852166818666363,0,0.5451795267771283
49.291839999991616,-2.073530111274166,0.46919016665292457,1.2996324114996598,0.0003128660932184117,0.03938574594743445,0.05558340125971672,-2.0382723062988384,0.5303996701822968,1.3231305263169282,-0.0071448691885117824,0.08587778849441244,0.11310462302140344,-2.0589832748096595,0.6042814889296105,1.2798801849163335,0.017903672153089755,0.11206566129045022,0.14824281861760832,0.09000117304571391,0.09000117304571391,0.0,0.0729033763117341,0.4519121050869792,-0.5215871433921777,0.002028636836685853,0.015595735092800815,-4.852131384988937,0,0.5450618073789236
49.295999999991615,-2.073529205569937,0.4693545594305462,1.2998639897643176,0.0002173690150283885,0.03945426662919206,0.05557878351787775,-1.5136721359504997,0.5736066471353543,1.496801917433833,-0.027400128622724132,-0.051995937154716065,0.06546455191835085,-1.7863811633549238,0.5888353735751519,1.3884780462475685,-0.004609582961129408,0.03020392856354151,0.10718941223533178,0.09000117304571391,0.09000117304571391,0.0,0.07309377084426733,0.45161045132830413,-0.5222633776177662,0.0020701026360495528,0.015617891578785764,-4.852097213711021,0,0.544943982552834
49.300159999991614,-2.073528694365944,0.4695192345184408,1.3000955451020315,0.0001226889582854526,0.03952202109469819,0.05557328105134786,-2.3242492360596434,0.8307356722908525,1.314539754449008,-0.20445432268601915,-0.010154398954366858,0.06597524027791958,-2.0557432757315808,0.7097667876108088,1.3516462223583896,-0.10497439263491999,0.009694204863369799,0.0862903001010514,0.09000117304571391,0.09000117304571391,0.0,0.07328292321550424,0.4513100501475981,-0.5229359984925436,0.0021112163055615604,0.015639787192410194,-4.8520642975813475,0,0.5448260544341966
49.30431999999161,-2.0735285742938343,0.46968418876173723,1.3003270738843005,2.881730626167606e-05,0.03958901839113864,0.055566907744530596,-1.8646303341687096,0.3275668235185847,1.0944637287816696,-0.0684559713777925,0.17957680739567328,-0.26290732563806685,-1.9603282719703048,0.5190400861119281,1.2225077157091677,-0.08651657559956762,0.09345117335222511,-0.08894941269926956,0.09000117304571391,0.09000117304571391,0.0,0.07347084731807065,0.4510108865765159,-0.5236050507576637,0.0021519817996577643,0.015661424896332377,-4.852032629365589,0,0.5447080251301302
49.30847999999161,-2.073528842020793,0.46984941904282945,1.3005585725397057,-6.425447014997014e-05,0.03965526746213198,0.055559677297256554,-1.839935370837538,0.6678754671685623,1.7208586627440399,0.050879323545795684,0.08189940163110242,0.032638716684756916,-1.9000239425827001,0.5936294862132621,1.4717537066898454,-0.01840868406116491,0.08752228942019342,-0.027750896280079616,0.09000117304571391,0.09000117304571391,0.0,0.07365755690484346,0.4507129458166528,-0.5242705785857349,0.0021924030291012994,0.015682807620973238,-4.852002201847225,0,0.544589896719878
49.31263999999161,-2.0735294942491826,0.4700149222809502,1.300790037553152,-0.0001565348134473942,0.039720777148978016,0.055551603227098546,-1.8688530604829756,0.33520432483124507,1.2767314871391555,-0.1621959397011093,-0.0634441549295661,0.10222235396044504,-1.8847753934677067,0.4642840108852575,1.3744534561957429,-0.09041465717009654,0.011627665513769186,0.03741761861105142,0.09000117304571391,0.09000117304571391,0.0,0.07384306559029774,0.45041621323794345,-0.5249326255885773,0.0022324838615356917,0.01570393826488451,-4.851973007828376,0,0.5444716712551476
49.31679999999161,-2.073530527716185,0.47018069543175,1.301021465465117,-0.00024803208050642295,0.039785556191946646,0.05554269887159109,-2.2767785512518297,0.06747571622459331,1.9874691769688657,0.10374987015923332,-0.10542491796643175,0.0782350669107772,-2.0805641308097926,0.2656582941322397,1.6811275769950509,0.006757178551252762,-0.04712578390385589,0.05818715653147816,0.09000117304571391,0.09000117304571391,0.0,0.07402738685185711,0.45012067437603975,-0.5255912348232988,0.0022722281220299762,0.015724819695118485,-4.851945040130622,0,0.5443533507604454
49.32095999999161,-2.0735319391934497,0.47034673548688133,1.3012528528709106,-0.0003387545435628479,0.03984961323152269,0.055532977390457774,-2.1781556969045854,-0.030800182182357472,0.5430426195235704,-0.05157830823455199,0.1570007216368868,-0.03613366109397691,-2.1294694136538403,0.11775524322385068,1.1120025807115121,-0.021668495717012272,0.05410468348558994,0.010742766543438687,0.09000117304571391,0.09000117304571391,0.0,0.07421053403231771,0.44982631493075215,-0.5262464487988255,0.002311639593616844,0.0157454547475906,-4.851918291595785,0,0.5442349372334077
49.32511999999161,-2.073533725486746,0.4705130394735882,1.301484196419943,-0.0004287103911738224,0.03991295680965297,0.055522451767794426,-2.2724335058753797,1.0270181023915776,1.592681562966164,-0.21415691789052854,0.15325957262473378,-0.06129324556431058,-2.2013979845156078,0.5727109253964102,1.3522176696131705,-0.11785989971605239,0.10410152402177562,-0.02513714761917732,0.09000117304571391,0.09000117304571391,0.0,0.07439252034078012,0.4495331207635243,-0.5268983094833155,0.002350722017822552,0.01576584622744019,-4.851892755086696,0,0.5441164326451277
49.329279999991606,-2.0735358834356177,0.4706796044543005,1.3017154928150023,-0.0005179077291744425,0.03997559537095906,0.05551113481424344,-1.5885052343362542,0.5192690992064282,0.7383566309375902,0.04820947588192551,-0.10180419626844171,-0.029268091229293927,-1.894847068657323,0.5457775003614208,1.045222065934058,-0.03482514183649306,0.0013485090783118482,-0.027244630633298003,0.09000117304571391,0.09000117304571391,0.0,0.07457335885465376,0.44924107789554335,-0.5275468583096754,0.002389479095190084,0.015785996909384287,-4.851868423487929,0,0.543997838940479
49.333439999991604,-2.073538409913041,0.4708464275262336,1.3019467388115404,-0.0006063545816187951,0.04003753726394017,0.05549903916914107,-2.3480559818276077,0.8795374278291721,1.0490319839009472,0.07906757533071941,0.06868051058138391,0.019604937793361775,-2.121290110596333,0.7128025178773593,1.0471682609089796,0.02205251890396101,0.03507519179519131,-0.004030389056019579,0.09000117304571391,0.09000117304571391,0.0,0.07475306252038243,0.44895017250589897,-0.5281921361828146,0.0024279144857948767,0.01580590953806707,-4.851845289706519,0,0.5438791580384345
49.3375999999916,-2.07354130182509,0.4710135058209926,1.3021779312169681,-0.000694058891712917,0.04009879074215784,0.05548617730264095,-2.3121968416484795,0.548147133575209,1.385850416892314,0.13298460678009086,0.13311871032319744,-0.10319370893667125,-2.216467459951149,0.6307512541873271,1.2162964848273174,0.07715183265208692,0.08375524862816829,-0.05332485284016274,0.09000117304571391,0.09000117304571391,0.0,0.07493164415631164,0.4486603909295235,-0.5288341834852147,0.0024660318097540577,0.01582558682840446,-4.8518233466726555,0,0.5437603918323819
49.3417599999916,-2.073544556110601,0.47118083650418174,1.302409066889959,-0.0007810285227328192,0.04015936396539522,0.05547256151782832,-2.6612577518515677,0.6800297527876442,1.444568468084757,-0.09638551477659799,0.019967997564225105,0.13978074061226908,-2.4390669058789904,0.6554308479371554,1.3307249227064597,-0.009265063597542828,0.05260293915906658,0.04316315219241133,0.09000117304571391,0.09000117304571391,0.0,0.07510911645256722,0.4483717196548601,-0.5294730400842371,0.0025038346477280465,0.015845031465922237,-4.851802587340346,0,0.5436415421904349
49.3459199999916,-2.073548169740847,0.4713484167750185,1.3026401427397623,-0.0008672712589327068,0.04021926500082337,0.05545820395277705,-2.419490284381544,0.599725038228661,1.5157463077502655,-0.13167795091116938,-0.022785917223255847,0.27012640453166425,-2.4295524954644736,0.6275323179407202,1.423797096328106,-0.07039105957616086,0.013875349815227119,0.15743260098985362,0.09000117304571391,0.09000117304571391,0.0,0.07528549197435765,0.44808414532270147,-0.5301087453377459,0.0025413265414159633,0.015864246107093267,-4.8517830046880706,0,0.543522610955742
49.3500799999916,-2.073552139719207,0.47151624386595237,1.3028711557255233,-0.0009527948064384033,0.04027850182413217,0.05544311658261438,-2.258890002423362,0.8921598158326343,1.5373275835123201,0.06807625283289823,0.04837496306964511,0.03757740687271194,-2.344078043215652,0.7599493753005653,1.4806413859098924,-0.0013657613198191183,0.030719924473021125,0.09746860514963408,0.09000117304571391,0.09000117304571391,0.0,0.0754607831616467,0.447797654723528,-0.5307413381006115,0.00257851099404332,0.015883233379668286,-4.8517645917194,0,0.5434035999467892
49.3542399999916,-2.073556463080849,0.4716843150422884,1.3031021028556131,-0.0010376067941373732,0.04033708232064779,0.05542731122155478,-2.154245234195514,0.5159046146266189,1.593296292729594,0.1914214575629385,-0.13091413388909606,0.07748522242658315,-2.2487619007579065,0.637653561482008,1.5371293272001374,0.09489119792893778,-0.0503617073837502,0.08818378686375222,0.09000117304571391,0.09000117304571391,0.0,0.0756350023318215,0.44751223479612295,-0.5313708567301709,0.0026153914708442016,0.015901995883001514,-4.851747341463605,0,0.5432845109577022
49.3583999999916,-2.0735611368924096,0.4718526276018153,1.303332981186967,-0.0011217147745484532,0.040395014286450454,0.055410799524897775,-1.5145232544953953,0.7909848261067715,1.275527935838477,-0.1171852156663811,0.11606683569154919,0.14666698723519922,-1.8818811818874854,0.7145608466508632,1.406633843714649,-0.011133318582739304,0.03324375814397272,0.11646973865655177,0.09000117304571391,0.09000117304571391,0.0,0.07580816168108297,0.4472278726256495,-0.5319973390934233,0.0026519713995360214,0.015920536188374922,-4.851731246976242,0,0.5431653457585421
49.362559999991596,-2.0735661582516793,0.47202117887443806,1.3035637878244295,-0.0012051262246842108,0.04045230542946411,0.055393592991013936,-2.109347019555107,0.3011174259785452,1.3160440369716881,-0.07700623185293586,0.06014084046726286,0.22119218951081385,-1.995777766247787,0.5079610293304673,1.3617982141845704,-0.0431504700852132,0.04683728987035601,0.16890387656586275,0.09000117304571391,0.09000117304571391,0.0,0.0759802732851981,0.4469445554415624,-0.5326208225718992,0.002688254170787686,0.015938856839317055,-4.851716301339712,0,0.5430461060955991
49.366719999991595,-2.073569859614676,0.4721974595820995,1.303785306465857,-0.0008883271192014587,0.04230736983874552,0.0531644739426342,-2.333295103792421,0.7307303043817222,1.9588174608428082,-0.09922616292613387,-0.14744660650090635,0.25745462074173764,-2.1647458870708745,0.6190386433134385,1.660849631220399,-0.07084682091257295,-0.049379731936474165,0.21215518962083066,0.09000117304571391,0.09000117304571391,0.0,0.0753493610553222,0.4430522001960724,-0.524354613077965,0.002695059378041391,0.016324252693717567,-4.85170247848433,0,0.5429175220542477
49.370879999991594,-2.0735753079928285,0.47236819554056175,1.304013913345178,-0.0013076107566645074,0.04097663003093416,0.05486565103704562,-1.7318655223424217,0.5197490714923033,1.2267499545675666,0.06291485707074881,-0.03308137975596391,0.19978010742632962,-1.9481699943188646,0.5693244944015209,1.4442123214224767,-0.0048497820325185265,-0.04129895593346336,0.20595433884486783,0.09000117304571391,0.09000117304571391,0.0,0.0761947205662128,0.4455472090448772,-0.5318560470748745,0.002744445570215153,0.016241754321226584,-4.851689790424645,0,0.5427960401409914
49.37503999999159,-2.073582010385583,0.47253529844346814,1.304247207596973,-0.0016085742611036142,0.04010469669753148,0.055990620430799776,-2.157658613187758,0.7031407065474352,1.332291280372821,0.018456072788929377,-0.09210269764932913,0.17668559708650522,-2.0528768977406973,0.6360431192975528,1.3886169143171478,0.006569018980039627,-0.06725216225638045,0.19209325484464312,0.09000117304571391,0.09000117304571391,0.0,0.07680431459451395,0.4471267674669476,-0.537063018747727,0.0028044433672127986,0.01601946643581765,-4.851678241971841,0,0.5426792827557284
49.37919999999159,-2.0735892196764536,0.47270185039990925,1.304481357557599,-0.0017302298089045406,0.03997246954587119,0.05619599055021016,-1.9513638624015097,0.20755465816784097,1.3682287735955923,-0.1960976781183411,0.05090465037673886,0.020714361027379856,-2.0025280676336474,0.4219026003696784,1.3784649169410705,-0.09450111546557009,-0.00858031010562365,0.1068329192653514,0.09000117304571391,0.09000117304571391,0.0,0.07705522490265666,0.447225093618789,-0.5385882655823979,0.002854784114266569,0.01587877020197006,-4.851667828047462,0,0.5425634210867407
49.38335999999159,-2.073595089918567,0.47287613700733244,1.3047061153104134,-0.0014088581071761061,0.04182878578157011,0.053941860675452535,-2.2131658114054877,0.4351017176894256,1.487691011636084,0.032845990835178605,0.08448574089832994,0.030069757625231137,-2.107779676010801,0.4286758984599516,1.4331435666850496,-0.03103705658331137,0.038947292454079886,0.06735327291338974,0.09000117304571391,0.09000117304571391,0.0,0.0764173217038038,0.4433322248084145,-0.5302315697911203,0.0028677679233794174,0.016185026701794586,-4.851658522328871,0,0.5424381759978109
49.38751999999159,-2.0736021597477867,0.47304698961584857,1.3049353451228678,-0.0016967590127193951,0.041004626043870555,0.055015154989084394,-1.4613614083289983,-0.05571217000382489,1.5037424008339453,0.011842512682516385,0.012872740771331999,0.0767407583447066,-1.7845407981658616,0.1865057722994623,1.4686030302635817,-0.009883046119323724,0.025660378218387837,0.07207817604246408,0.09000117304571391,0.09000117304571391,0.0,0.07700111610347428,0.4448123332129372,-0.5352193165747906,0.002908334411752862,0.016166937775963456,-4.851650329278602,0,0.5423174160291311
49.39167999999159,-2.073610170496052,0.4732154302948985,1.305167747868088,-0.0019225795836528988,0.04042576297198053,0.05577665885288463,-2.202972769474652,0.6881718081925183,0.7015126748905668,-0.12865395326701357,0.1267785513762385,0.19675129486316187,-1.9940251794429793,0.4376045873825393,1.085462018416638,-0.07028451931063238,0.07689047549100456,0.13426415180924026,0.09000117304571391,0.09000117304571391,0.0,0.07746149177738593,0.44580347400799814,-0.5389674217007018,0.0029572176318710644,0.01603698285237549,-4.851643249698044,0,0.5421998665358491
49.39583999999159,-2.0736168349996196,0.4733915806095287,1.305390752136971,-0.0015994808562664342,0.04227607551124542,0.05352102453190253,-2.3236237976310936,0.5548064318139722,1.4522591888532557,-0.13710088292139064,0.1250498753383693,-0.02511190571555231,-2.159109964351617,0.4964643038432221,1.268811956839871,-0.10464836598727102,0.10198934161860528,0.05409655032783518,0.09000117304571391,0.09000117304571391,0.0,0.0768209232533105,0.4419207681259803,-0.5305994380290737,0.002968981513267091,0.016347464064438644,-4.851637257347222,0,0.5420729438039572
49.399999999991586,-2.0736251530616174,0.4735624062303392,1.3056205782590227,-0.0019963348795074437,0.04099814899451535,0.055158269292419265,-2.1117068970372084,0.4302393168141345,0.9625654583313893,0.13259424213620352,0.1630575352340998,-0.10079666357452247,-2.13513214672081,0.46369150381209073,1.1154757375221083,0.013880771152040911,0.13203774825926942,-0.022776131322506013,0.09000117304571391,0.09000117304571391,0.0,0.07762422132981861,0.44430989145692057,-0.5378483905960014,0.003017951615700364,0.016238584216284123,-4.8516323629449705,0,0.5419528668151017
49.404159999991585,-2.073634552213759,0.4737301700708673,1.3058543714987043,-0.0022557965139071872,0.04026332172675318,0.05611037752360704,-1.8209259684340318,0.559823052297292,1.4373149023670269,-0.03978484856447202,-0.05169277683613784,-0.1269263413663978,-1.9781097618125347,0.5116538049388508,1.2761323830153741,-0.012875728093076992,0.0385620528120333,-0.07427434698765255,0.09000117304571391,0.09000117304571391,0.0,0.07815337535870465,0.44561413736750277,-0.5423643064976954,0.00307339882323318,0.016031404873030314,-4.851628569093898,0,0.5418368104316508
49.40831999999158,-2.073642592861697,0.47390564037527017,1.3060787070334001,-0.0019297555051557046,0.04211287305668817,0.05384052832698999,-2.7442719653631245,0.12321923229743154,1.4887880702043608,-0.16298996264150492,-0.008021732797574871,0.1496593696104634,-2.3615352803637326,0.3174139513219424,1.3827751827905614,-0.0879034344307244,0.016794635709044138,0.03662947839723611,0.09000117304571391,0.09000117304571391,0.0,0.07750828898580019,0.4417336363541569,-0.5339433660000155,0.0030878626666962956,0.016303199880980945,-4.851625849435024,0,0.541711361149299
49.41247999999158,-2.0736520761338144,0.47407657059261266,1.3063088877537827,-0.0022759853081618744,0.04102325216220304,0.055243372891844486,-1.9276069364051345,0.5697500500807524,1.1866238485733145,0.12490499740039367,0.03983577661718907,0.06246102684581108,-2.144306366409431,0.4436688359317974,1.2848274442260492,0.01757029865458256,0.02724999598610245,0.04983979902286826,0.09000117304571391,0.09000117304571391,0.0,0.07821134157485335,0.44374544030042057,-0.5402542790138591,0.003133412065188159,0.016213674368736344,-4.851624211787753,0,0.5415917849579097
49.41663999999158,-2.0736601998807793,0.47425517427413993,1.3065296480549358,-0.0019496992715751045,0.042864883566545324,0.05298247227672974,-2.5014551248248567,0.007931406517150963,1.0429084556340134,0.07657540269217449,0.02231896039850481,0.0020387753336206654,-2.3227231480472104,0.22584058902536192,1.1638728984084807,0.046673776024044406,0.02618206917933022,0.02478799466432809,0.09000117304571391,0.09000117304571391,0.0,0.07756584746006075,0.4398776711454645,-0.5318584645042628,0.0031426746335965748,0.01654273107805703,-4.851623629974757,0,0.5414628452061138
49.42079999999158,-2.073670580207231,0.4744259810303892,1.3067603320840007,-0.002491278348395123,0.04099362149981921,0.05536416697559647,-1.7007524876563402,1.028225030596338,1.1438629373240379,0.08790294596235207,-0.08105225006453966,-0.012221858636480176,-2.011551085849019,0.6268706667946006,1.1538393622131262,0.06750488710067593,-0.02782666500056314,0.0077253154624264955,0.09000117304571391,0.09000117304571391,0.0,0.07866112177056328,0.4434553861574164,-0.542092562660558,0.0032026367779853368,0.016321595406995994,-4.8516241232413835,0,0.5413438577379677
49.42495999999158,-2.07368222747983,0.4745928444612584,1.3069960708805677,-0.002795345423715615,0.04004722340860741,0.05657731117609302,-2.1821678424059616,0.1256650900228723,1.6823613837151548,0.05133329060959702,0.04654411997730789,0.05875076659681152,-2.096753944054445,0.3763637062606214,1.4182242474106934,0.05944791066604065,0.008140038266663175,0.03420787717955623,0.09000117304571391,0.09000117304571391,0.0,0.07928187776773177,0.44518435223627273,-0.5476601324176839,0.0032665857925358384,0.01601513706628139,-4.851625696546929,0,0.5412299963246497
49.42911999999158,-2.0736924962550605,0.4747674070472631,1.3072222596732825,-0.002464506055297998,0.041895020641140576,0.0542853102515776,-2.118549205220006,0.44625254043549484,1.022324207354516,-0.06323131274465234,0.22075596685333215,0.06747122672426628,-2.1077839318885676,0.4117673542779673,1.2204147402307473,-0.0015542609493025027,0.11463832091007159,0.04942137348975464,0.09000117304571391,0.09000117304571391,0.0,0.07862940742360945,0.4413082727581265,-0.5391560027841307,0.0032843445437287697,0.01623706974780399,-4.851628323323987,0,0.5411067119095846
49.433279999991576,-2.0737013981075156,0.47494960014516285,1.307439047833899,-0.002136444589257686,0.04372634349593147,0.052029158547947776,-1.6804388731411057,0.15385184628208287,0.9309607107074673,0.19291336474833087,0.17476817079943524,0.06178155131747621,-1.8937077196945042,0.28317003944898905,1.075816899269097,0.09593719611452964,0.14530947445133505,0.05430461138315328,0.09000117304571391,0.09000117304571391,0.0,0.07798113486480776,0.4374575643261422,-0.5307672979406814,0.003279111870978744,0.016719856236875105,-4.8516319775469015,0,0.5409740913113877
49.437439999991575,-2.0737131994562494,0.47512148595548465,1.307668946211792,-0.002832323696127962,0.0412525944772315,0.05517561069432539,-1.815339752630646,0.42154265728707396,1.2630020053421276,0.10868394751539029,0.1032030634525382,0.08690194850438646,-1.854295056495217,0.3525743620346281,1.1695878899849022,0.10131353708281572,0.1231116666920315,0.07234455166888205,0.09000117304571391,0.09000117304571391,0.0,0.07938692480903672,0.44224110523596133,-0.5440629712248003,0.003345694392339787,0.01645196345640775,-4.851636687984557,0,0.5408545943763564
49.441599999991574,-2.0737266416468203,0.47528782314303053,1.3079059182070207,-0.0032261257369855245,0.03992092501101457,0.05687327885486833,-1.9567429898389324,0.9847034311595326,1.178719230776214,0.0066488697210545025,0.027936548140596963,0.1540174055076186,-1.9055063756051542,0.668702373578154,1.174473483481741,0.05421085795084389,0.07507510443565622,0.1134125721331686,0.09000117304571391,0.09000117304571391,0.0,0.08018923326742945,0.4447423751522175,-0.55157544234092,0.0034200622226008325,0.016043319209191213,-4.851642464555117,0,0.5407422430461657
49.44575999999157,-2.0737386892669964,0.47546185190108803,1.3081332719970635,-0.002891428842294691,0.041766901933802655,0.05456490961026535,-2.9539391996741666,1.144154929331923,1.4106562615141816,-0.019815927894151174,0.20207309205264334,0.024120717627673136,-2.4297708125694277,0.9068489096574781,1.292620351405177,0.016948311316151512,0.1401887594042836,0.0670144981427415,0.09000117304571391,0.09000117304571391,0.0,0.07953081435168284,0.4408704759558839,-0.543009229493878,0.0034422563228528754,0.016213898256660114,-4.85164928047567,0,0.5406204469113628
49.44991999999157,-2.073749353997833,0.47564350366083286,1.3083511580451535,-0.0025595354007922956,0.043596422338757226,0.0522926515415905,-2.369716828938443,0.3875524943831061,1.0216532890015775,0.03500470798858276,0.020335535516820824,-0.0782318138920153,-2.399671047811545,0.647237463381343,1.156975727520903,0.026194644085625107,0.08118446182815307,-0.007293498902755962,0.09000117304571391,0.09000117304571391,0.0,0.07887662843853625,0.4370239195387693,-0.5345592896065388,0.0034384757168601197,0.01667075014552645,-4.851657109513858,0,0.5404892930650066
49.45407999999157,-2.0737627009591066,0.47581558357362375,1.3085812686634315,-0.0032032707056461845,0.04129917906981675,0.055226548386705716,-2.765826064973448,0.17035110986231855,1.0353687046139444,-0.017826377416617425,-0.041377821262658133,0.0747466867061595,-2.5827875573555144,0.4087070215041409,1.0963246586205755,0.003879431701036109,0.01888382891815428,0.0347683369078353,0.09000117304571391,0.09000117304571391,0.0,0.08017950926368857,0.4414536891230637,-0.5470040158730307,0.003500377762926779,0.016426287632097126,-4.85166597713661,0,0.5403703640852295
49.45823999999157,-2.0737775603233213,0.47598256229635383,1.3088179022625184,-0.003566247411519786,0.04007489345522162,0.056792063780837176,-2.081063105323195,0.4197438918944406,1.3972796188098402,-0.0871995721660506,-0.056956752290465464,0.008933985709090562,-2.332102408271134,0.4141088690010449,1.2468202084464024,-0.04203161772878329,-0.019898778912531914,0.02311194860376739,0.09000117304571391,0.09000117304571391,0.0,0.08092148542651197,0.44373920562187585,-0.5539860136018604,0.0035693060555797513,0.016051474055885126,-4.8516758915358915,0,0.5402580302758776
49.46239999999157,-2.073791012151709,0.47615721505801867,1.3090448758650173,-0.00322843881300547,0.04191666279956569,0.05447366459971298,-2.0464333617308776,0.38147930822371434,1.6079654231757943,-0.13330087080942019,0.11564709824861658,0.06646714184548679,-2.1895429702510225,0.39803255445756736,1.4275364057203623,-0.08774585627210642,0.04875427941283409,0.043434136404365394,0.09000117304571391,0.09000117304571391,0.0,0.08025823733807137,0.43987511106465454,-0.5453784761516898,0.003588093732514607,0.016238214067265992,-4.8516868258601065,0,0.5401362437039026
49.46655999999157,-2.0738030682116793,0.4763394734285941,1.309262340659254,-0.0028934543928539275,0.04374200893810555,0.052191550616818336,-1.937301591599239,0.29648656423208875,1.5355292658708317,-0.08112382103086099,0.0005840783702322702,0.08299653726180285,-2.0635894521742735,0.3472590316779432,1.4817083507980824,-0.08433855710012399,0.025168469373400764,0.0621891298890927,0.09000117304571391,0.09000117304571391,0.0,0.07959925088972951,0.4360363099485667,-0.5368877856669816,0.003581931075420733,0.016702398187101886,-4.851698753813854,0,0.5400050916915864
49.470719999991566,-2.073817797006577,0.47651214510451506,1.3094920905784537,-0.003534910775488115,0.04144120222102307,0.05513998060793897,-2.2920686101956447,0.5998848404726757,1.3309975412105455,-0.07177015922897971,-0.019693510823595647,-0.0033874744468667117,-2.1779789218001477,0.47353590038846305,1.4063434467854996,-0.07853023303088641,0.001221626363588637,0.03007760685984384,0.09000117304571391,0.09000117304571391,0.0,0.08089894839981983,0.440472626087339,-0.5493896555811904,0.003642105320750842,0.016460948468976826,-4.851711700827667,0,0.5398862095638495
49.474879999991565,-2.0738311186814977,0.476692433108367,1.3097122615464478,-0.00319720198094055,0.043269120924472444,0.05284103231857988,-1.839041534190659,0.8551976286294641,1.1617686931032183,-0.19217835455565915,0.15323189612797877,0.12662712117714733,-2.0089084191735784,0.6646856096586553,1.2843186568731455,-0.13494431775640991,0.07843999920395954,0.07790496385765108,0.09000117304571391,0.09000117304571391,0.0,0.08023577008559336,0.43663064196281215,-0.540839638479818,0.0036561928709493595,0.016711619054079495,-4.8517256403543865,0,0.5397579309148115
49.47903999999156,-2.073847095368367,0.4768631212991167,1.3099447336450945,-0.0038344048487105016,0.04096516577992383,0.055793303675214845,-1.8881227772691043,-0.027661293616239813,1.7129922430034057,-0.01637623035367659,0.1063561616256646,-0.059328592054472676,-1.9485483132141446,0.31873072549203324,1.4985311746402539,-0.07590919062231608,0.0913411257006739,0.011159343045210577,0.09000117304571391,0.09000117304571391,0.0,0.08152819482484741,0.4410752485328003,-0.5533650650185815,0.003725564339809835,0.01636290102575738,-4.851740597226191,0,0.5396419477834709
49.48319999999156,-2.0738616537878136,0.4770414366261178,1.3101675572800524,-0.0034940206671210416,0.04279567848026554,0.053477672389898874,-2.1442224573862725,0.4360791220838904,1.3597635158868153,0.13557308813041405,0.0940450902757503,-0.09639493763502255,-2.0461051466963434,0.37759964134015767,1.428947713571938,0.03000125234233769,0.09351739900189183,-0.04349469292491997,0.09000117304571391,0.09000117304571391,0.0,0.08086089390628472,0.43723004077721045,-0.5447561669920402,0.003743818807413971,0.016560521597950704,-4.85175654466476,0,0.539516536895209
49.48735999999156,-2.0738783670342547,0.4772120240371963,1.3104003132110837,-0.004011179145820752,0.04094097865883618,0.05586142344754553,-1.873844405066677,0.3585249714329234,0.9616069123696664,-0.07266124886328919,0.10586056676081369,-0.011494177298865572,-1.9601239243360538,0.36828448014881526,1.195247517687826,-0.021698210774488767,0.09866865421436223,-0.026237882091438614,0.09000117304571391,0.09000117304571391,0.0,0.081913581669368,0.4407747975596499,-0.555004719471075,0.0038039806602016253,0.016277587372721926,-4.851773500171262,0,0.5394010660761048
49.49151999999156,-2.073893655191118,0.4773902333848872,1.3106233921596573,-0.0036691576470994996,0.04277024344581021,0.05353894765766259,-1.583679539267264,0.19147530555348846,0.9557710785311203,0.14700896859109835,-0.04507954188449648,0.10617468346053309,-1.7715942255744332,0.279783545668261,1.0757302048369872,0.06307844892694368,0.027450879360038444,0.03912220778872095,0.09000117304571391,0.09000117304571391,0.0,0.08124373060608692,0.43693219560989127,-0.546369165491992,0.003817300086871769,0.01650789436837833,-4.851791436930974,0,0.5392761586904393
49.49567999999156,-2.073907530143666,0.477575996621194,1.3108369458012101,-0.0033299886116161166,0.0445831767136351,0.05125287397266445,-1.67829321523073,0.44361208869395147,0.9587901978059445,0.04990398918834766,0.04512677261350991,0.09143742267762439,-1.7248415444275662,0.36179084853247506,1.0174525920270192,0.057586324339230825,0.03723850777275792,0.06382346600967019,0.09000117304571391,0.09000117304571391,0.0,0.08057818040723899,0.4331147551543767,-0.5378508773582881,0.0038073310238414416,0.016991506874168658,-4.851810328691575,0,0.5391419023530039
49.49983999999156,-2.0739251667109033,0.4777480205327919,1.3110681494710272,-0.004232776136982976,0.041285738783497,0.05548888075612512,-2.037869739606057,0.3827011792427745,1.2712015183979388,-0.1563941914914748,0.0957547050712163,0.01601930860224434,-1.8816818412641152,0.37244850039249805,1.1443584921235883,-0.05000885219585073,0.06496707517460817,0.041683536951692815,0.09000117304571391,0.09000117304571391,0.0,0.08240428557498997,0.43954817581433064,-0.5555156693910663,0.003889663203530815,0.016555093236219107,-4.8518302171782794,0,0.5390252259009501
49.50399999999156,-2.0739446323215955,0.477913444169774,1.3113078122895714,-0.004671746566138504,0.039701672875697425,0.05751907645061213,-2.4375738426610933,0.2626664745695085,2.0927464056466327,-0.06691033173947834,0.3429435260519753,0.15453370892181503,-2.159770521578313,0.31827236428039585,1.6188784662931885,-0.05864208132111487,0.20281598510272095,0.0990844928369532,0.09000117304571391,0.09000117304571391,0.0,0.08330309900054521,0.44255596112733153,-0.5643684546996285,0.00397389904125026,0.01601090340092431,-4.851851114581083,0,0.5389170710828654
49.508159999991555,-2.0739626482264124,0.478086521568144,1.311537634302946,-0.004323817156088801,0.0415385756088116,0.05515728320988572,-1.8166179637811775,0.14901685356475702,1.543374024935428,-0.01611243023593199,-0.09887906354017259,0.047343775730491346,-1.9882265860125325,0.23343556231604448,1.581226319767561,-0.03678799311932929,0.05304400749146213,0.07219382912824576,0.09000117304571391,0.09000117304571391,0.0,0.08262414092683089,0.4387031907539593,-0.5555956080766401,0.003998353812688265,0.01611225126072019,-4.851872993520667,0,0.5387994025306646
49.512319999991554,-2.073979226473951,0.47826718449941324,1.3117577696055533,-0.003978779409303591,0.043359103504611606,0.05283247262576909,-2.4567093597762977,0.08629543720344623,0.6012052576078578,-0.0385036671368049,-0.07548703751602065,0.19950581014852894,-2.2225495540531415,0.15970601773342263,1.0916269506046787,-0.03850331799009739,-0.01052012709583497,0.13437352054811993,0.09000117304571391,0.09000117304571391,0.0,0.08194953779066107,0.43487563700573956,-0.5469418690161307,0.003993059803548816,0.016533043270911728,-4.851895827196221,0,0.5386723083536608
49.51647999999155,-2.0739943790342528,0.47845536518300913,1.31196837018855,-0.0036366144724317173,0.04516336406301673,0.0505441399191922,-2.336981640552491,0.6991770048881757,1.1551042248509624,0.12672443820534157,0.09407305302291644,-0.12566392074154742,-2.2795040307774914,0.4296387560882674,1.1231068628880432,0.04468462792426119,0.04282731205790422,0.0033096179548278174,0.09000117304571391,0.09000117304571391,0.0,0.08127926379463794,0.43107315231899623,-0.5384056711394116,0.003973033013290883,0.017110254568021913,-4.851919589373896,0,0.5385358763886889
49.52063999999155,-2.0740135534418576,0.4786288662804331,1.3121979227937244,-0.004601857825188682,0.041640263381755666,0.05509262524181526,-1.891177234456652,0.3733870087894887,1.2100621432447292,0.009416514583651146,-0.0068161249938462,-0.17318272275824595,-2.0853166593608514,0.4015029583800827,1.166219767455369,0.02624989267334702,0.01577436477710687,-0.08245901551185822,0.09000117304571391,0.09000117304571391,0.0,0.08323201863647003,0.43795714457342355,-0.5573174272026361,0.0040563955922286125,0.016674187929730674,-4.851944326149699,0,0.5384182751804992
49.52479999999155,-2.0740347601509224,0.4787949155162149,1.3124370670358625,-0.0050896101755288446,0.03985181658763013,0.05739461811315476,-1.8627074376512995,0.7910981780381423,1.855809433680407,-0.05412308767159968,-0.015102603036607924,0.07789484833145394,-1.9741229059339807,0.596273708438343,1.5111788665413923,-0.014008058520779675,-0.0005406414217129612,-0.001052535168879684,0.09000117304571391,0.09000117304571391,0.0,0.08423029335515443,0.441373721127158,-0.567257587778849,0.004145122783261738,0.0160883187249732,-4.8519700526614615,0,0.5383103007058115
49.52895999999155,-2.074054500746435,0.47896859787647467,1.3126663204062643,-0.004737742923008799,0.04168376646234873,0.055020808896432745,-2.2843347256579096,0.33078472169660755,1.6723946973384192,0.0435195276607381,-0.13068244758511083,0.1802353274821028,-2.129141048015553,0.46325482180735644,1.592164619642842,0.01503135614768301,-0.06525710132406222,0.08870209259621056,0.09000117304571391,0.09000117304571391,0.0,0.08354517166588818,0.4375302673832757,-0.5584348942974519,0.004170989373285486,0.016167945658635392,-4.8519967413661895,0,0.5381928008005101
49.53311999999155,-2.074072787387198,0.4791498452984112,1.312885837873846,-0.004388793783103064,0.0434993812647692,0.05268419221958112,-2.212548223564849,0.5157929001143232,1.580953799597983,-0.09157572942236186,-0.018183773877094356,0.007975349697422751,-2.171036364673989,0.4894850793224131,1.5865778101609154,-0.037943015307534814,-0.04108511280447511,0.047338699559853696,0.09000117304571391,0.09000117304571391,0.0,0.08286444160016737,0.4337119710782271,-0.5497320016808096,0.004165576729011184,0.016577003263064573,-4.8520243653076855,0,0.5380658638832779
49.53727999999155,-2.074089632152752,0.4793385901660634,1.313095772292044,-0.004042743733028485,0.04529876823652629,0.0503842603675587,-1.7450551670086425,0.9987805674840776,1.1282712197131342,-0.10501936240007809,-0.09024403834785696,0.018835608344127827,-1.9582615710277897,0.7439483404489432,1.3574637060615238,-0.07130919618959022,-0.06549709418481514,0.03154039192735134,0.09000117304571391,0.09000117304571391,0.0,0.08218807713083563,0.4299186850011526,-0.5411473343742614,0.004144675279596733,0.017147480668355575,-4.852052898104776,0,0.5379295780984036
49.541439999991546,-2.0741104649690496,0.47951274212925005,1.3133246456667702,-0.004999875911344133,0.04179647116480193,0.05492960993428042,-2.1946259921925204,0.17877490520588107,1.6113201431753137,0.00796106791496036,0.08210440022726087,-0.008426331838247314,-2.0764279164481,0.461531933742272,1.4843723048699162,-0.03214089902949585,0.006615630319159346,0.013420226912225849,0.09000117304571391,0.09000117304571391,0.0,0.0841262420351021,0.4367603524925782,-0.5600444896216693,0.004226515853759579,0.016712368391833037,-4.852082385452448,0,0.5378120693506612
49.545599999991545,-2.0741298335478895,0.4796944457034475,1.3135437552614946,-0.004648458921590396,0.04360885780738129,0.052586302733825765,-2.239608370293745,0.561995315344789,1.2897002212561377,0.047969710036695444,0.08727958677585466,0.07007793938978557,-2.157919727620527,0.5119428697683909,1.3871850336995308,0.008014100368535738,0.04838340430647053,0.03964286211971113,0.09000117304571391,0.09000117304571391,0.0,0.08344165029783397,0.43294806670157365,-0.5513135684040762,0.004248567307278181,0.01686347987870474,-4.8521128002167355,0,0.5376851182732908
49.549759999991544,-2.0741521338223814,0.4798652550149906,1.3137770207181783,-0.00535206587808802,0.04099423477034909,0.05598370960406647,-1.9708091360518092,0.4464593954485894,0.9223750019567679,0.04582229615552104,0.04596967164046356,0.05501668864998846,-2.064267042833613,0.479299481591147,1.1548901850998956,0.02654521830272339,0.045642040191203985,0.04781604217166723,0.09000117304571391,0.09000117304571391,0.0,0.08487341963579692,0.4380148836662023,-0.5656247705042209,0.0043263655285131,0.016401539884090446,-4.8521441711471,0,0.5375722298766351
49.55391999999154,-2.074172956624631,0.4800436383021576,1.3140004247171464,-0.004997472539888949,0.04281198892007833,0.05361695975234526,-1.597702814868016,0.24148789499190118,1.7218531612664045,-0.05409661536399414,-0.08342972823539853,-0.05554706955142713,-1.8310960431205408,0.3602178991586074,1.4382620258479417,-0.01287634335100557,-0.01860013861574109,-0.004782894468364131,0.09000117304571391,0.09000117304571391,0.0,0.08418391924461943,0.43419516594452245,-0.556812811620806,0.004345949671065351,0.01654038466418524,-4.852176470804625,0,0.5374498510560652
49.55807999999154,-2.0741923141912904,0.4802295279240129,1.3142141220315477,-0.004645815998247976,0.044613509245274026,0.05128735545632954,-1.6851156116180523,0.370108551246108,1.8540256055050013,-0.0032537444222523314,0.22236539811442127,0.05154395591229602,-1.7581119850599103,0.36562548772415443,1.6462565155548137,-0.007867798380772742,0.10202119509051133,0.02213605282299119,0.09000117304571391,0.09000117304571391,0.0,0.08349883662368637,0.4304004615685855,-0.5481205530190194,0.004336587661288371,0.01697632419871023,-4.852209672340395,0,0.5373180704188077
49.56223999999154,-2.074215125194702,0.48040261576276844,1.3144445190530687,-0.0054746408187546225,0.0415410813013289,0.05529528516500397,-2.1081886840990745,0.5810972058970608,1.0917075853229443,-0.05476883828099002,-0.05479083552314655,0.08127473820126942,-1.9332648035658722,0.47325232349887403,1.369143263141104,-0.032228071610990255,0.02197484978347453,0.05360377488731394,0.09000117304571391,0.09000117304571391,0.0,0.08518195375792531,0.4363820771432555,-0.5648691547754995,0.004410691459822454,0.01656262666264198,-4.852243812740485,0,0.5372028243178983
49.56639999999154,-2.074236453279155,0.4805832488298869,1.314665068254876,-0.005118740268735247,0.04335193610843358,0.05293180843373666,-2.5435630478178664,0.45300200014897074,1.219933131755177,0.07518776815387991,0.05397766315693415,0.1001513064140752,-2.238262072236132,0.46323789840227414,1.2947472924872496,0.02160008874789137,0.03864434621939968,0.07599591184856229,0.09000117304571391,0.09000117304571391,0.0,0.0844903400355057,0.4325739304400828,-0.5560617449639087,0.004428040579309773,0.016724257264452154,-4.852278864637866,0,0.5370781044405727
49.57055999999154,-2.0742563107188587,0.480771359690018,1.314875924326755,-0.00476578552887675,0.045146606431464315,0.05060545725097448,-1.5294868374708757,0.4763559197504833,1.6579800296747593,-0.12110477523842329,-0.14393780625695649,0.04125146058103412,-1.8841234798162896,0.46949595565155744,1.4764550240373713,-0.04873816468136653,-0.05183744723300614,0.057174067340129475,0.09000117304571391,0.09000117304571391,0.0,0.08380315673024065,0.4287907267853896,-0.5473739959408267,0.004417177944375017,0.017170263946118543,-4.852314801256648,0,0.5369439994912455
49.57471999999154,-2.074280404910146,0.48094382980046424,1.3151072228922274,-0.005782605908985997,0.04139282650709856,0.05551165571336459,-1.9720351987134817,0.2644486068329662,0.928086450351663,-0.17821434635520567,0.0729923599053931,-0.02223110460169849,-1.928448983530157,0.36712727246918797,1.2022148091628932,-0.11426209668263089,0.008355664186224816,0.02028983672633473,0.09000117304571391,0.09000117304571391,0.0,0.08586415072142523,0.4361378478696377,-0.567724135477103,0.004508711712161209,0.016621401012537222,-4.852351671685112,0,0.5368301026747528
49.578879999991535,-2.074303004109638,0.48112384100614386,1.3153286239074622,-0.005423807878018395,0.04320268936311083,0.053136243656375474,-2.0563974715875095,0.7223556245720917,1.6425171778654721,-0.07415052427402608,0.08458663917265953,0.006901702340847964,-1.9925775088578794,0.5449167588157824,1.4223864604717187,-0.09461516123553487,0.04796319649631022,0.01213939641109092,0.09000117304571391,0.09000117304571391,0.0,0.0851680038652959,0.4323323101094502,-0.5588714632943322,0.004534235620072667,0.016715327247883237,-4.852389448318028,0,0.5367067134705167
49.583039999991534,-2.074324120672667,0.48131132591817516,1.3155402828580072,-0.005067975126922022,0.044996378887512914,0.050798148130813944,-2.0502447885933193,0.5994242806162018,1.3900198808627264,-0.12975868242193617,0.006216606205678786,0.0005781738784362417,-2.0216816591924283,0.5721812662654794,1.4062044131107778,-0.11208241874507091,0.028326029612841162,0.00623145705403113,0.09000117304571391,0.09000117304571391,0.0,0.08447631443652905,0.42855169714367347,-0.5501390702518866,0.004526925894724614,0.017127361840836325,-4.852428104149047,0,0.5365739208137449
49.58719999999153,-2.074349445810685,0.48148319107468746,1.3157724169663654,-0.006078033124377208,0.041247637562946415,0.05571218600595964,-2.139226264603426,0.8972136626439258,1.1542669081286336,0.1013182211783355,-0.09803873846225142,-0.027791608177958622,-2.0802437634852264,0.7345002904550615,1.280170326854054,-0.005531340354490355,-0.03699728140157518,-0.008005822003838318,0.09000117304571391,0.09000117304571391,0.0,0.08652499293483332,0.4358893298328356,-0.5705231243204485,0.0046189704214164625,0.016562680119510734,-4.852467687512847,0,0.5364613441438991
49.59135999999153,-2.07437326426412,0.48166259311687126,1.3159946047781546,-0.005716428824373794,0.04305649012411858,0.05332507482939468,-2.3152974564956033,0.4508754297104842,1.4679288921191402,-0.06377518500210289,0.11347752795490888,0.08496611785939912,-2.197904649598968,0.5929198553807881,1.3742301086070203,-0.03477248806885755,0.0392162091352982,0.03729218916773758,0.09000117304571391,0.09000117304571391,0.0,0.08582444380013413,0.4320864250640441,-0.5616259410548256,0.004644229719254804,0.01664856923626952,-4.852508170597961,0,0.5363392565804476
49.59551999999153,-2.0743955884670857,0.48184946470273254,1.3162070025614219,-0.00535780871182086,0.044849180606702954,0.05097546798415396,-1.8794990943880656,0.3538603248759261,1.6800122047048922,-0.13482793545093721,0.0619060704326034,0.15260916183640705,-2.0389799876673935,0.4735144141205874,1.527443467215106,-0.08483923318926964,0.05188969224002453,0.0936218400219262,0.09000117304571391,0.09000117304571391,0.0,0.08512837835447673,0.42830842671011304,-0.5528496454412996,0.00463627325198565,0.017056459349923104,-4.852549526198869,0,0.5362077472925202
49.59967999999153,-2.0744219166391753,0.48202139099525243,1.3164390567189999,-0.006318761301511641,0.041262310204772196,0.05569299781871447,-2.27373996708776,0.7703202428948793,1.2810724059966263,0.0005555914769011377,-0.05759447481088385,0.06895789139999964,-2.1563587211092035,0.6218031259316833,1.4043951051059802,-0.042985569708610415,-0.004535702350417319,0.08347345013639372,0.09000117304571391,0.09000117304571391,0.0,0.08707969168224487,0.43532173760092946,-0.5724461678281418,0.0047227201494069865,0.016523114138900872,-4.85259179931176,0,0.5360956211277537
49.60383999999153,-2.074446728317625,0.4822008443080902,1.3166611312075176,-0.005954802827930057,0.04306879508105773,0.05329787724424088,-2.1480381868892873,0.9457012010659616,1.179488872911003,-0.07230811864125039,-0.05039016050025603,0.18547488855687339,-2.1523483913660786,0.7836490226147407,1.2923296965525441,-0.05783883776345098,-0.02717279802957308,0.13278521433730323,0.09000117304571391,0.09000117304571391,0.0,0.0863754198799267,0.43152352451991377,-0.5635165556588442,0.004744716183585265,0.016624262679263722,-4.852634962017301,0,0.5359739737403959
49.60799999999153,-2.074470036003098,0.48238775738268885,1.316873382864276,-0.005593844513523822,0.04485913790367919,0.05094039762200588,-1.650261004962998,0.5374750249966964,1.3699289240017793,0.17793843993885955,-0.10015318296186418,0.05659430425442827,-1.9009319085094678,0.6603495393906087,1.3312499662491324,0.06043403463788778,-0.06248213867252672,0.09354136192991575,0.09000117304571391,0.09000117304571391,0.0,0.0856756540190626,0.4277501875217693,-0.554708280091311,0.004734668778413715,0.01703937730935148,-4.852678987007074,0,0.53584289450525
49.612159999991526,-2.074497263423197,0.48256000663186216,1.3171049846994005,-0.006534580823704309,0.04133981980158928,0.05558444042988903,-2.337002916053384,0.31804874835256347,1.642929024269682,0.21390207451195817,0.19798490705118255,0.051413901129495704,-2.1185250893780228,0.489612896423157,1.487194150569659,0.13693502166046034,0.06564550035211528,0.0746273038956561,0.09000117304571391,0.09000117304571391,0.0,0.08758736924001156,0.4346278543425365,-0.5740090263332933,0.004817882061569267,0.016523567340428983,-4.852723918011597,0,0.535730871273824
49.616319999991525,-2.074522965375598,0.48273977079779545,1.317326579813944,-0.006168468576245587,0.043143399823985656,0.053182827490412074,-2.1101187989356207,0.8206618908350527,1.606019422338804,-0.10087601328809034,0.058166350540348626,0.14891357201826985,-2.1145319731650134,0.6552589584207965,1.546920944400835,0.018173903597226915,0.06274115477079445,0.11003920203970982,0.09000117304571391,0.09000117304571391,0.0,0.08687967326071157,0.4308351494266093,-0.5650519649643793,0.004837824634144635,0.016632962951490547,-4.852769727045573,0,0.5356093197597738
49.620479999991524,-2.074547154422139,0.482926982719864,1.3175383255265745,-0.005805371169846298,0.04493086129645566,0.05081897103131922,-2.222110533127933,0.5155948214112688,1.2747248253234646,0.006005475111852332,0.0019772831332993124,0.07915846326709833,-2.1683110536523587,0.5854285481512789,1.4109857248260842,0.012830447969618148,0.03307338031824935,0.09455399765048701,0.09000117304571391,0.09000117304571391,0.0,0.08617650372064382,0.42706728551638184,-0.5562166233398154,0.004826318763365683,0.01705168493375276,-4.852816386738675,0,0.5354783295327767
49.62463999999152,-2.0745752518338154,0.48309956634894935,1.3177694378044629,-0.006743378802384806,0.041420070980483024,0.05546694669320268,-2.2640113103447725,0.09758751752987305,1.2949284896671378,0.10662862867940652,0.0951082916755311,0.009424335074526627,-2.2159392701286205,0.3417053380428902,1.352971113861198,0.05934026660673953,0.06269417580220024,0.054294757261484645,0.09000117304571391,0.09000117304571391,0.0,0.0880836228320942,0.4339275350523279,-0.5755316575368621,0.004908423250681845,0.01653942317290888,-4.852863940757939,0,0.5353663857355078
49.62879999999152,-2.0746018150073153,0.48327965267761724,1.3179905170154766,-0.006375161639972887,0.04322071888030125,0.053059010643305884,-2.433619265971473,0.643189962793957,1.163749456166692,-0.06539738368807718,0.04122395047490126,-0.1279487438035986,-2.324915739725853,0.49253288594285016,1.2580950514105962,-0.0035380496665679854,0.05321961918531128,-0.037882855643872275,0.09000117304571391,0.09000117304571391,0.0,0.08737257149765962,0.43014038161663753,-0.5665477154827522,0.004927386232138679,0.016650065780814197,-4.852912361061534,0,0.5352449067902739
49.63295999999152,-2.074626856564413,0.4834671746439415,1.3182017209496237,-0.006009973703422096,0.045005271917828424,0.050688944195280056,-1.817844921151468,0.5482296083181484,1.0871792553430313,-0.10543984083678033,0.036924193822649304,0.15914283898847834,-2.0715964645896654,0.5204554539320001,1.1729678618187034,-0.054304239362774745,0.04650785672997195,0.06018850074560614,0.09000117304571391,0.09000117304571391,0.0,0.0866660667075403,0.4263780338540339,-0.5576858687595312,0.004914970181188338,0.017068888568685513,-4.852961620226408,0,0.5351139824621018
49.63711999999152,-2.0746558031294486,0.48364008042872025,1.3184323388781263,-0.006947175608519845,0.041497388346895744,0.05534830284062853,-1.8304276861630147,0.5768376442211197,0.8722346589978982,0.11587564166532377,-0.0028182976866543835,0.06739644526405608,-1.9507684173978619,0.5486437054527842,1.0227344777285392,0.030316841584927673,0.020586305018028106,0.06612933758791235,0.09000117304571391,0.09000117304571391,0.0,0.08857242093502728,0.43323213842768005,-0.5770450248098993,0.004996457888214297,0.01655725405866077,-4.853011762002127,0,0.5350021255777447
49.64127999999152,-2.074683206818997,0.4838204767836141,1.3186528975552299,-0.006576885491607071,0.04329512517452468,0.052934082504844264,-1.6926963678049982,0.27459115494625563,0.955257808447731,0.0918754142714237,0.0956009116270188,-0.1497586231373011,-1.8215398287758502,0.41181182626802376,0.9886863778224789,0.061255777987692696,0.05930694535578542,-0.04285890037056194,0.09000117304571391,0.09000117304571391,0.0,0.08785805756333978,0.42945050644049,-0.5680343437268217,0.005014696644935217,0.016667686677263996,-4.853062758295621,0,0.5348807265801568
49.64543999999152,-2.0747090803139905,0.4840082967448593,1.318863555239788,-0.006209638798463295,0.045076790698841095,0.05055784429396309,-1.6947333188280298,0.33146976303234804,1.3285211902688536,-0.16487704610850148,0.07741420626196369,0.08179302168971804,-1.7584779564690982,0.3717998683525463,1.158778135616467,-0.052118066337814545,0.0690246080281311,0.018571228655867356,0.09000117304571391,0.09000117304571391,0.0,0.08714826059938051,0.425693644964139,-0.5591461316407017,0.00500150735930491,0.017085885251668244,-4.853114581636274,0,0.5347498754312576
49.649599999991516,-2.074738851245457,0.4841815314338283,1.3190936497612062,-0.007145023551973977,0.04157632535256641,0.055222685140367676,-2.2489117199174578,0.17913002165366193,0.5595089301221235,0.03569169267025658,-0.12529936000996963,0.08245485018111856,-2.0036224970103382,0.2752069558104583,0.8593069149086664,-0.008957037882063356,-0.03003772868050229,0.05239781130597734,0.09000117304571391,0.09000117304571391,0.0,0.08905179906599645,0.4325325604080448,-0.5785256814165038,0.0050823674240678424,0.016575436518136456,-4.853167275806286,0,0.5346380886290146
49.653759999991514,-2.074767070832115,0.48436224448977594,1.3193136594199344,-0.006772700797885481,0.04337113342742618,0.05280231809477265,-2.053730639003906,0.3722047749351494,1.1583903049912478,-0.04781027800844219,0.06226521619622932,-0.05396224375178489,-2.0287767785418698,0.32383459296159994,1.0087426953432803,-0.02818118312896019,0.016810335665908848,-0.002810534466395307,0.09000117304571391,0.09000117304571391,0.0,0.0883341798021451,0.4287564786122962,-0.5694887270368693,0.00509988644580683,0.016685934019292206,-4.853220812667751,0,0.5345167528830244
49.65791999999151,-2.074793751813044,0.4845503690476082,1.3195237429354592,-0.006403435422974454,0.045149893879734164,0.050420043725962954,-2.3576458036173156,0.23043814645845362,1.6145787871838868,0.0014833171554302456,0.038613183730271436,0.11630955525326529,-2.193210340929348,0.2772121316380949,1.3119096204845377,-0.013430722496827434,0.029585068018413048,0.05543429740854958,0.09000117304571391,0.09000117304571391,0.0,0.08762114649047727,0.4250051319945858,-0.5605746091186483,0.0050859359909129175,0.017103641457615386,-4.853275164708714,0,0.5343859583526965
49.66207999999151,-2.074824323659688,0.4847239393413736,1.3197532862704684,-0.007337243194551836,0.0416568705036975,0.05509040040221618,-2.187205294868117,0.5524402674241564,1.024523261231093,-0.028521233025136355,0.11626729454744113,0.0025734739896173184,-2.190265954682312,0.41507376050262873,1.1682147269512733,-0.02152534535298218,0.07109226035890989,0.03143822656579001,0.09000117304571391,0.09000117304571391,0.0,0.08952232685392444,0.43182880404063956,-0.5799746040125989,0.005166217450781803,0.01659444232934617,-4.853330375774375,0,0.5342742251611796
49.66623999999151,-2.074853335850063,0.4849049757253668,1.3199727196875353,-0.006962925690036329,0.04344873215836757,0.052664020096058625,-2.0719206243843598,0.5458121922410587,0.996950406157193,-0.05937768414589985,-0.05270624957251767,0.06492578397410077,-2.1312147997213784,0.48033082756191503,1.08272028355193,-0.04100953110536527,0.010853174114267188,0.04631821506499373,0.09000117304571391,0.09000117304571391,0.0,0.08880150429957662,0.4280583012010091,-0.5709118293192138,0.0051830506440846595,0.016705032320544766,-4.853386417687357,0,0.5341529363296539
49.67039999999151,-2.07488080118045,0.48509341143367135,1.3201822023587917,-0.006591679292832846,0.04522456999310135,0.050275841101529724,-1.7227625286165402,0.5809360046848449,1.3719163379698596,-0.17160645182621417,0.24786441232652426,0.008644491661522515,-1.9273420413170521,0.5311480504298882,1.2273402023698112,-0.10663676752612487,0.13012279469076637,0.026576100433918018,0.09000117304571391,0.09000117304571391,0.0,0.08808528694337714,0.42431249803525944,-0.5619722525152429,0.00516836526465452,0.017122258151264922,-4.85344326289959,0,0.5340221822155425
49.67455999999151,-2.074906732363811,0.485289180138607,1.3203818912813752,-0.00622348400665758,0.04698448918456245,0.047925341420031145,-1.949851644141196,0.5757320077768364,0.68010306351692,0.11694908897556204,0.012159512502044098,-0.005016481581824231,-1.938354206969492,0.5534648588432926,0.9537096292208678,0.005361803063509709,0.07152071058651067,0.009695283756846215,0.09000117304571391,0.09000117304571391,0.0,0.08737364744122797,0.4205912501807918,-0.5531542532513231,0.005138125229172884,0.01768956466430991,-4.853500884479336,0,0.5338820528771236
49.67871999999151,-2.074938879089953,0.4854626886629579,1.3206114318687763,-0.007715214274088512,0.04164204584420962,0.055089740976241836,-2.5907371807410984,0.41002544216517944,1.7126401145060688,-0.07834156142693105,-0.018755349730837326,0.07892571236655212,-2.2647120530827003,0.4817112317459793,1.3333375839286083,-0.03703940018821311,0.02345749377488286,0.04755735872952039,0.09000117304571391,0.09000117304571391,0.0,0.09039403588896001,0.43111975155298954,-0.5825463988766177,0.005268578707153289,0.016873231335631705,-4.853559364935391,0,0.5337711099850265
49.682879999991506,-2.074969450745109,0.48564365097769546,1.3208308178883017,-0.007337197237493764,0.043430955537021684,0.052652644686126356,-1.8694150175050745,0.040258968417770546,1.060799928300143,-0.0894445452560574,0.028427525461576626,-0.06017005954971414,-2.0672481649599157,0.26104098343339016,1.1969452270662342,-0.06258770901390792,0.026017210775116248,-0.007996814516358672,0.09000117304571391,0.09000117304571391,0.0,0.08966736187794434,0.42735523616767396,-0.5734405493624293,0.005309792567449972,0.016829766270478663,-4.853618675665119,0,0.5336505962482699
49.687039999991505,-2.0749984602301828,0.485832000423373,1.3210402092683737,-0.006962276417638249,0.04520386696260652,0.050253931217270224,-2.634066818590001,1.061699257113606,1.1179874735215996,0.12889077661073908,0.05576235067805186,0.11277171593014015,-2.350392887923949,0.6614893951274201,1.1577032157563063,0.03290795325832684,0.04199948106848153,0.051006411468585595,0.09000117304571391,0.09000117304571391,0.0,0.0889453280540636,0.4236153814624581,-0.5644584932589989,0.005306599413365853,0.01716948111366176,-4.853678788707223,0,0.5335206023062844
49.691199999991504,-2.0750318676724313,0.4860039131233823,1.3212717313478295,-0.008017786139636897,0.04125904800224253,0.05556529906939585,-2.4785866554202833,1.2518436092178367,1.5711600328958155,0.0066908529086471425,0.23813043029661896,-0.01690300814009764,-2.4144761770989223,0.9571696630144887,1.364394220006944,0.019524681856595144,0.13826105317666912,0.019527413745126822,0.09000117304571391,0.09000117304571391,0.0,0.09109313798423727,0.43134575033364647,-0.5864325781355649,0.005403383460465034,0.016528341554645158,-4.853739755319491,0,0.533412215191018
49.6953599999915,-2.075063687680759,0.486183283816543,1.3214930310307156,-0.007636801998719742,0.0430489663585647,0.05311192389268174,-2.228702823736248,0.4378406003083448,2.169678206977979,-0.05740266051100919,0.03131366320220187,0.07755053629353431,-2.3217083906641762,0.6975669294424284,1.7672055479619686,-0.018552122971894628,0.08464982021804644,0.047382863972393253,0.09000117304571391,0.09000117304571391,0.0,0.09036176860758538,0.42758080601006665,-0.5772672497133865,0.005427284935981051,0.016572751381078964,-4.853801546691535,0,0.5332942261330196
49.6995199999915,-2.075093933240218,0.4863700458359107,1.3217042692921652,-0.007258934270077301,0.044822884648243584,0.050697182747930586,-2.1277381841753797,0.4679893477352681,1.2436011019640945,-0.25285605905948816,-0.019927307325569514,0.1264594760091127,-2.225248565004819,0.5827320405939547,1.5056646533643656,-0.13535171980024574,0.03383128581122907,0.08597353018830954,0.09000117304571391,0.09000117304571391,0.0,0.08963506759538199,0.4238405217757544,-0.5682265208088441,0.005414962992439739,0.01695668087670632,-4.853864134661323,0,0.5331667260698388
49.7036799999915,-2.0751226172513033,0.4865641329522043,1.3219056049073743,-0.0068841626604682635,0.04658090791045863,0.0483205476501954,-2.069955030254074,0.33069232770475043,1.7575231662873425,0.09110563773632228,0.06487161058542124,-0.0927397020419536,-2.147410456460347,0.4568442956575921,1.6314040516751063,-0.02250173302789027,0.04985718252351068,-0.0039848876969838555,0.09000117304571391,0.09000117304571391,0.0,0.08891300719623933,0.4201247534450789,-0.5593087524231568,0.005384746156397342,0.01750713664999186,-4.853927491701755,0,0.5330298056409607
49.7078399999915,-2.07515694538227,0.48673773556422384,1.3221346470799131,-0.008238751432052091,0.041664626884689936,0.05497012140932822,-1.7662796272488,0.5857029814728467,1.118384000283732,-0.12526143493064268,-0.02355549094139777,0.1402663656102734,-1.9571010099074786,0.5212297091694722,1.3751766894124842,-0.07479106514762943,0.011153503132077783,0.07077451494445515,0.09000117304571391,0.09000117304571391,0.0,0.09166085450088052,0.42979947019563886,-0.5866367994501522,0.005499656615566898,0.016770543158734906,-4.853991690268115,0,0.5329198725420822
49.7119999999915,-2.0751896760601625,0.4869187690289183,1.3223534637603245,-0.007855362694169749,0.04344803152666606,0.052516003298716286,-1.8780068153769411,0.4361820153424388,1.1377533038275034,-0.051976580167775836,-0.16051093317257145,0.03459097485844999,-1.9176621602955268,0.47836850357712646,1.2565385027719038,-0.06305286031852604,-0.0732706615287862,0.0511371011277924,0.09000117304571391,0.09000117304571391,0.0,0.09092557889306882,0.4260459114064439,-0.5774610455226552,0.0055320847723594035,0.0167659980174091,-4.85405670143262,0,0.5328003444583925
49.7161599999915,-2.0752208223395874,0.48710716688164996,1.3225622161037378,-0.007475107061941936,0.0452154846556025,0.05010056241919449,-1.9014054010648365,0.18122200222950707,1.4961887221786552,-0.1967289377460822,-0.0011200942263818875,0.030144997767316092,-1.9099431209877091,0.329789859653612,1.376430184968899,-0.12975559619224095,-0.03672675084853531,0.039587037810350105,0.09000117304571391,0.09000117304571391,0.0,0.09019499514002466,0.42231694238194356,-0.5684100554394175,0.0055234956216063,0.0171242313465146,-4.854122496921319,0,0.5326713125313496
49.720319999991496,-2.0752561788058697,0.48727977830839464,1.322792394525951,-0.008485551907757672,0.041426742418719256,0.05524282133116627,-2.2883381375545953,0.34080437437187755,1.2900715131295726,0.014879984286269462,0.06215243700829931,0.07329743787453388,-2.099111595865273,0.3354310619961813,1.3333985260107506,-0.057798690820140226,0.010498197561695595,0.058447712803887886,0.09000117304571391,0.09000117304571391,0.0,0.09225447990311819,0.42973395883361076,-0.5897025895520633,0.005612754976878694,0.016524460885770535,-4.85418912513798,0,0.5325631327207759
49.724479999991495,-2.075289927329175,0.48745981962415436,1.323012294024006,-0.00809964559326887,0.043209915782329945,0.05277587953323396,-2.3036748562919396,0.5255475621038972,1.4121109718518892,0.01567657358570741,0.01380209672167032,-0.0739377392873018,-2.2013630705867704,0.43051750482773016,1.3726038000320577,-0.020575355975070073,0.013037330601010047,-0.008837013864449563,0.09000117304571391,0.09000117304571391,0.0,0.09151517891825577,0.42598185549134016,-0.580478707125019,0.005631941042176335,0.016588348015313455,-4.854256557043793,0,0.5324453344128253
49.72863999999149,-2.0753220810361857,0.48764722439025054,1.3232220765994167,-0.007716889682593336,0.04497714386308984,0.05034781809856211,-1.4399221277497394,0.43500033549778544,1.5742479631080686,-0.00590780329457335,-0.024257655615086714,0.20421979095091064,-1.8206488744979794,0.43270586439816755,1.4738546397468206,-0.013571678690999754,-0.004342252298127899,0.09643913964391189,0.09000117304571391,0.09000117304571391,0.0,0.09078059402210246,0.42225433037122395,-0.5713802446161347,0.005616318894354912,0.016980819116472798,-4.854324764258692,0,0.5323180090210254
49.73279999999149,-2.0753526529681174,0.4878419266041629,1.3234219020393145,-0.007337263663638512,0.04672853133897533,0.04795810557548463,-1.78411826147821,0.5980277994206373,1.2135155336654933,0.0025085120722795375,0.004673669954000502,0.10816954592248582,-1.802377480078232,0.5153765368254958,1.343911031380694,-0.005828161605328637,0.0007291635678207675,0.100968360720649,0.09000117304571391,0.09000117304571391,0.0,0.0900506971660928,0.41855123978411646,-0.5624055521735468,0.005583519897549354,0.017534358780628437,-4.854393719047654,0,0.5321812476561639
49.73695999999149,-2.075388870427693,0.4880162009880672,1.3236495816532605,-0.008692190298102847,0.04182585213702454,0.05464310734702368,-2.0278417220389886,0.8362247212037994,1.599152954158101,-0.0695759806185323,-0.07947374717989696,0.1988137898500293,-1.9152547971773564,0.6756411509168584,1.4719397903996776,-0.038225748774285175,-0.0410884866880739,0.15349846030477834,0.09000117304571391,0.09000117304571391,0.0,0.09280111060816533,0.4281980375194946,-0.5898714506770757,0.005697165455362448,0.01680190788659562,-4.854463494247768,0,0.5320715283475342
49.74111999999149,-2.075423470301958,0.4881978783053333,1.323866979864828,-0.008303969823670383,0.043602556143861916,0.05217557077618003,-1.5328567862947104,0.8893018772677388,1.351445795217914,-0.047535109072862174,0.028378247002797275,0.09369551518113779,-1.7241528890610964,0.7825294824230186,1.411888906727237,-0.0424463549658942,-0.005132138421860475,0.12260397623935572,0.09000117304571391,0.09000117304571391,0.0,0.09205802523716951,0.42445725762440273,-0.5806376814862244,0.00572803422727287,0.01679823396399152,-4.854534060721103,0,0.5319521974241543
49.74527999999149,-2.07545646578495,0.4883868923184698,1.324074258846047,-0.007918915918114167,0.04536336315276884,0.04974695549260414,-1.9865355476688293,0.5769629641162252,1.6307615458733549,0.10867689036778927,0.07375551231018278,-0.06218523271956406,-1.8551193016433671,0.6798959992323108,1.5211997784472313,0.03276517765722921,0.035362032467976236,0.0290844666351002,0.09000117304571391,0.09000117304571391,0.0,0.09131967876190729,0.4207409859813265,-0.5715294892487983,0.005717748750675383,0.017155712986019752,-4.8546053899934725,0,0.5318233465056835
49.74943999999149,-2.075487869984819,0.48858317722477684,1.324271578551943,-0.007537007968524182,0.047108377513684366,0.04735672941504056,-2.4848657623559953,0.8156842068295063,1.3358499505704564,0.1617471830153575,0.20886287694352795,0.11063170211447672,-2.169661417754742,0.7482233582125596,1.428757837945432,0.09768478926142964,0.12312250620296072,0.06785272665487305,0.09000117304571391,0.09000117304571391,0.0,0.09058604299877246,0.4170490793583597,-0.5625452220942733,0.005687119049308078,0.017690554277296048,-4.854677454240602,0,0.5316850669034637
49.753599999991486,-2.075525716168659,0.4887565033725861,1.3245003217101508,-0.009083084121574651,0.041598275474216885,0.05489835796985396,-2.039922949942148,0.07566017084443366,1.5767492829463414,0.004998424159465652,-0.020339710950808054,0.14915019858284667,-2.1047802940198554,0.4119017873812823,1.5030561659777468,0.0510660513159765,0.048017832655303544,0.11265940307535831,0.09000117304571391,0.09000117304571391,0.0,0.09372099686083642,0.4279136178729991,-0.593446309560987,0.005822199764682589,0.016823024935114145,-4.854750339808176,0,0.5315772537952922
49.757759999991485,-2.0755619285059357,0.4889372276816038,1.3247187212085332,-0.008690960946419453,0.04337383416425573,0.05241587961178006,-1.4262045947538031,0.49964490616585505,1.4604674812766736,0.1439556244751354,-0.11267185763366455,-0.0019735701042190024,-1.7651886313016634,0.45553743622147586,1.481759392018627,0.09767739305061078,-0.03127314455583826,0.05440234161569674,0.09000117304571391,0.09000117304571391,0.0,0.09297170604285757,0.42417608529064565,-0.5841556813010099,0.005863106943529118,0.01675168908450704,-4.854824017121215,0,0.5314598025337315
49.761919999991484,-2.075596520301752,0.4891252839721464,1.3249269402187311,-0.00830203099588716,0.04513350973022076,0.04997256244750866,-2.3041637100347083,0.6479185519575722,1.0303615499029368,-0.05516512462400117,0.0414008666227993,-0.09243419565643557,-2.034794022241465,0.5518122642138165,1.2558675775361883,0.02094772007642198,0.00659243657699728,-0.020220963785268834,0.09000117304571391,0.09000117304571391,0.0,0.09222719136724179,0.42046303788235484,-0.5749914073850042,0.005857168417145776,0.017075216586277517,-4.8548984572807266,0,0.5313328050767124
49.76607999999148,-2.075629504774594,0.48932060649898446,1.3251251396815444,-0.007916273482084651,0.04687740644113764,0.04756787107518219,-1.9751636364209406,0.5466782975715192,1.345677140684114,-0.022779997999647764,0.09732650466600723,0.2033543380276311,-2.0050253065540384,0.5494464776465418,1.301199603913654,-0.0011476274645296947,0.052532409080710905,0.08979960334367826,0.09000117304571391,0.09000117304571391,0.0,0.09148742441014479,0.41677433252117374,-0.5659518255958813,0.005828046793474987,0.01759296369965835,-4.854973632049591,0,0.5311963530742106
49.77023999999148,-2.0756687256133572,0.4894935708389523,1.3253540872207386,-0.00941300130321924,0.04151144159228442,0.054947409406610456,-2.088562913294114,0.3766931008910581,1.6366788554243137,-0.24194093444978826,0.019685567289245403,0.27202102240251386,-2.047297324998949,0.4631152290480935,1.4695005796918341,-0.12181717264741823,0.03336877204893132,0.18416512420854217,0.09000117304571391,0.09000117304571391,0.0,0.0945248980957604,0.4273504964842067,-0.59620412627194,0.005957895080770696,0.01674676613627471,-4.85504962385591,0,0.531089651032345
49.77439999999148,-2.0757062984037113,0.48967392362731993,1.3255726431837418,-0.009017469684993892,0.04328466920823744,0.05245343112076401,-2.2028060894820807,0.2285816482170001,1.4819526848936007,0.026854855940258857,0.08145005680485556,0.0003827045891168848,-2.1249981480468545,0.3460135306922577,1.475730270021934,-0.04690888046482152,0.058695242741776094,0.0909611687402863,0.09000117304571391,0.09000117304571391,0.0,0.09377013992010616,0.4236180050420554,-0.5868678939774197,0.005995577264550397,0.016685725639683405,-4.855126402819291,0,0.5309732917577659
49.77855999999148,-2.0757422365485207,0.4898615987740496,1.3257809715431397,-0.008625154754280356,0.04504203521512121,0.04999880625549034,-2.0479855080877454,0.502415168703447,1.2038165732365806,-0.1658630653122253,-0.06254258110399873,0.12422099008511808,-2.086837656946432,0.424085258864192,1.3400316685043618,-0.10571604270759921,-0.0018685467551626924,0.10673616460107074,0.09000117304571391,0.09000117304571391,0.0,0.09302019078380913,0.41990996529827196,-0.5776586448196885,0.005987423857835857,0.017014034047092785,-4.855203939744799,0,0.5308473675220374
49.78271999999148,-2.0757765533633963,0.4900565306229899,1.3259792340295258,-0.008236035570102478,0.04678364374567442,0.04758299673267736,-1.617180595235684,0.36902746939865044,1.6515890721625401,-0.10258266137976012,0.12867808096128192,-0.046624587929303594,-1.8522194775883938,0.3968226228162194,1.4957179573307182,-0.10402022329905358,0.06387855473801249,0.02891896598811249,0.09000117304571391,0.09000117304571391,0.0,0.09227502205355716,0.41622623430952366,-0.5685747082290609,0.005956598744734859,0.017533808584119022,-4.855282206108618,0,0.5307119702876159
49.78687999999148,-2.075816912570671,0.49022972857160846,1.3262075309324997,-0.009686209745917319,0.04156750766844509,0.05479125671375346,-1.7915662933597822,0.7470346024991537,1.0098361592031382,-0.0077315423936281415,0.0274987013292129,0.015907293199759934,-1.8219057839778154,0.5719918618511373,1.252799934139622,-0.0572084151814116,0.04395893530330191,0.025688890043532735,0.09000117304571391,0.09000117304571391,0.0,0.09522037760665852,0.42650202690027844,-0.5981388456569983,0.006080330565966834,0.01671955269333201,-4.855361280986718,0,0.5306055735930435
49.791039999991476,-2.075855611452676,0.49041030019811926,1.3264254027883688,-0.009287731681083693,0.043337190362589664,0.05228924540859921,-1.9003895952423475,0.19028882015295318,1.123531057766896,-0.009939857840292741,-0.074766333881022,-0.05954321816814355,-1.86116932890516,0.38097898328129737,1.1880418975707498,-0.033377377735553396,-0.0138694617751374,-0.01747675765207357,0.09000117304571391,0.09000117304571391,0.0,0.09446084318570236,0.422776417825505,-0.5887683774700966,0.006114408826460433,0.016673860046480166,-4.8554411343046375,0,0.5304895082876113
49.795199999991475,-2.0758926634975645,0.49059817953481755,1.3266330141700062,-0.008892490773259022,0.04509104080758473,0.049826731592958556,-2.0091127272911478,0.1337230930450447,1.6913130061460249,0.02326499770661246,0.05249793291544175,0.1856106722122676,-1.9350931538752865,0.2574561650141672,1.4400693609792694,-0.0053093388460300015,0.02043377877995111,0.08293712371977882,0.09000117304571391,0.09000117304571391,0.0,0.09370614661712497,0.41907521628331595,-0.5795253710075042,0.006103913682639514,0.017009224803645452,-4.855521736680465,0,0.5303638669289015
49.799359999991474,-2.0759280821056856,0.4907933010470803,1.3268305273998553,-0.008500465949096482,0.04682916294305846,0.047403175163787864,-2.05804227593993,0.6133094005680326,1.0074686956433412,0.057947690497134316,-0.010197177060388432,-0.03308734790261379,-1.996447253596281,0.4353606521736581,1.2236999117732097,0.025934238942340534,0.006760332296872028,0.02361900112727804,0.09000117304571391,0.09000117304571391,0.0,0.09295625908696577,0.4153982795958271,-0.5704081493621302,0.006071383774371893,0.017531915317308064,-4.855603059410313,0,0.5302287417627439
49.80351999999147,-2.075969505165099,0.4909668567847498,1.327057983728317,-0.009941534259177709,0.041653377040683774,0.05458951883079074,-1.915481987039378,0.4786040514249994,1.920481897471208,-0.010710301474307607,-0.04400207973840683,0.05509970031744843,-1.9559843388298837,0.45689704500833733,1.5722005626324518,0.006656461366515051,-0.021461134301212745,0.04408083606708233,0.09000117304571391,0.09000117304571391,0.0,0.0958844375753089,0.42559288472028456,-0.5998819593211641,0.0061932928401188395,0.01672730635814132,-4.855685181101367,0,0.530122474373359
49.80767999999147,-2.076009256181292,0.49114777035488455,1.3272749848998153,-0.00954024388645606,0.04341925683233183,0.0520802811595854,-2.231515452698183,0.7135454249448929,1.027932209949379,-0.08335454382040126,0.0507339596760301,-0.06952057532083528,-2.093926129460116,0.5853271211401505,1.2999207805036237,-0.037895791814193794,0.015321741439575166,-0.014060626192746312,0.09000117304571391,0.09000117304571391,0.0,0.09512032165886754,0.42187455169572985,-0.5904799272940283,0.006225937477064298,0.016685760013998435,-4.855768071516154,0,0.5300065286591165
49.81183999999147,-2.0760473487241957,0.49133597591909794,1.3274816960403586,-0.00914221029680979,0.04516933541121759,0.049610673730391755,-1.9632259437667154,0.3782369940990854,1.7193098046084447,-0.2551633765563313,0.09153255299532365,-0.03044393023482525,-2.029105936728422,0.4819697687281288,1.5095569702138525,-0.14647611193406457,0.05401121314918539,-0.02324438887584719,0.09000117304571391,0.09000117304571391,0.0,0.09436107127397698,0.418180579747539,-0.5812058001819123,0.006214208988278722,0.017022526528456105,-4.855851701116138,0,0.5298809974583749
49.81599999999147,-2.076083796275405,0.49153140807122964,1.3276782800177276,-0.008747412290211148,0.04690371651160534,0.04718015456855229,-2.357037910734641,-0.19362464891741193,1.321024198385965,0.05708964102914119,-0.0665398246703795,0.12992262415354466,-2.1929560023464005,0.14402763309296898,1.4155624706615257,-0.044452039653391416,-0.00539182880971677,0.05190106516133197,0.09000117304571391,0.09000117304571391,0.0,0.0936066574336399,0.41451082648084175,-0.5720578952156747,0.00618055152154129,0.017545252258287836,-4.855936041047041,0,0.5297459732947377
49.82015999999147,-2.0761262574152566,0.4917053053793053,1.3279049044174251,-0.010190673564403204,0.041735353938150865,0.05438985592739099,-1.5212314352729304,0.8056998853558119,1.2403217307812235,0.03736353566776637,0.0995542554852158,0.0635604368816877,-1.8570110407421094,0.4750814994597004,1.3280653048132516,-0.0036757637767549397,0.0441701242528529,0.06146780570830468,0.09000117304571391,0.09000117304571391,0.0,0.09654026695935992,0.4246902195843491,-0.6016227898845462,0.006302213042795503,0.01674200770727762,-4.8560211703093445,0,0.5296398476527516
49.82431999999147,-2.07616703494145,0.49188654478976856,1.3281210435883795,-0.009786606286398198,0.043497458511189906,0.05187340102904248,-2.2351693837635302,0.3677018690177741,1.1369582494524106,-0.031108102775349734,0.12272068640944547,0.09578053281033042,-2.046158697820235,0.4216447124611997,1.2327126451243198,-0.016844205476009674,0.08415002065178931,0.07718689466986609,0.09000117304571391,0.09000117304571391,0.0,0.09577161484215656,0.42097912325670755,-0.5921892566827447,0.006334223050033025,0.016700471516499095,-4.856107058509587,0,0.5295240338149227
49.828479999991465,-2.076206142504874,0.49207506059284795,1.3283268632086436,-0.00938581522175397,0.045243792739050784,0.049396708863375334,-2.052478279680172,-0.032979785194372224,1.283004214937666,-0.15272994575907314,-0.06570029287980104,-0.040338677975704625,-2.049636212966909,0.19419170170108777,1.2577775180217123,-0.08477542102866421,0.00967971174308544,0.017162529434452758,0.09000117304571391,0.09000117304571391,0.0,0.09500785568952212,0.417292341772861,-0.5828840706491172,0.0063216719862563345,0.017036576797376787,-4.856193675959456,0,0.5293986249020697
49.832639999991464,-2.076243593667561,0.4922707875101468,1.32852252669026,-0.008988279044925412,0.046974460151725426,0.04695923558795336,-2.619389589616637,0.6323506310662225,1.357047145615199,-0.08068282432069776,-0.08111163587730597,0.16751537724042986,-2.334683067199232,0.413104188629953,1.3077645123648083,-0.08351740985879674,-0.035068751947342464,0.09085854640376405,0.09000117304571391,0.09000117304571391,0.0,0.09424896034402856,0.4136297330191963,-0.5737055431635509,0.006287103504822979,0.017558311303235756,-4.856280993660944,0,0.5292637137172349
49.83679999999146,-2.0762870678425718,0.4924450149275824,1.3287483219647989,-0.010433802002542885,0.041814580184541955,0.05419086588929217,-2.1140890155845473,0.3146562840923373,0.6195615862407664,0.03548898809585255,0.14465126056272787,-0.04070153961616352,-2.2243087510316446,0.36418626182852876,0.9635660786454049,-0.02495017632548663,0.05196976656318788,0.02869173624314387,0.09000117304571391,0.09000117304571391,0.0,0.09718811352074722,0.423791803613015,-0.6033558067970979,0.006408657625402665,0.016756123574812053,-4.856369091033383,0,0.5291577364081816
49.84095999999146,-2.0763288469765677,0.49262656879316474,1.3289636020739695,-0.010026992159071504,0.043572927739758995,0.051667226200938596,-2.0836612113048885,0.7560430846991761,0.8296706856086629,-0.1329328060022702,-0.05486136272167672,0.0016191109422881433,-2.154259720367746,0.5600015412175345,0.8966247617845613,-0.07930626298379631,-0.000590754183258465,0.013258383997645461,0.09000117304571391,0.09000117304571391,0.0,0.09641496909000283,0.4200879189076119,-0.5938909111936406,0.006440113916042753,0.01671444702969704,-4.856457937533289,0,0.52904206093208
49.84511999999146,-2.0763689448006066,0.4928153835252875,1.3291685332454348,-0.009623477769379106,0.04531553570945407,0.04918348115168078,-1.865563079471794,0.5054856460272193,1.3368789801703287,-0.05748830521902706,-0.08011269751105357,0.052729274678155906,-2.010030627254143,0.5325750950338884,1.1168666962211937,-0.06759400651185563,-0.03963257646390588,0.03199634767819939,0.09000117304571391,0.09000117304571391,0.0,0.09564674481931307,0.4164083029541678,-0.5845548030683827,0.006426791463690525,0.017049819091007144,-4.856547503328368,0,0.5289167806936516
49.84927999999146,-2.0764073749563714,0.4930113939728708,1.3293632794330994,-0.009223237383538804,0.04704250742000416,0.04673908503950454,-1.9379884576094426,0.92187951399744,1.6035622557288391,-0.20439274715680805,-0.06094328252941745,0.06899806095569867,-1.9744344398125995,0.7271007294279951,1.360364231090494,-0.13585454175806047,-0.04906572597798464,0.04913141623910426,0.09000117304571391,0.09000117304571391,0.0,0.09488341138174071,0.41275281391975993,-0.5753457879767734,0.006391348180319592,0.0175705296305506,-4.8566377592825285,0,0.5287819887767937
49.85343999999146,-2.076451836366766,0.4931859490785788,1.329588236662684,-0.010670738494681954,0.04189322536992481,0.0539897351003309,-2.071590323093987,-0.02399246237300412,1.7946001460866716,-0.12036250217625677,0.06802604774177465,0.14558641076348122,-2.0232614647684373,0.35169488536161214,1.577780620886816,-0.12904571960112324,0.007301494834490836,0.10092140081114312,0.09000117304571391,0.09000117304571391,0.0,0.09782751444114778,0.422893327023362,-0.6050697384348892,0.006512805993859602,0.016769807107113004,-4.856728785233506,0,0.5286761547266677
49.85759999999146,-2.0764945914600488,0.4933678149776243,1.3298026491232444,-0.010261222387849656,0.04364781577090815,0.05145899053446365,-1.4757383326371387,0.8971543723942033,1.50271184761601,0.13320766155588187,0.06345926283608029,0.1987535474544171,-1.7492205970510728,0.6245572440360595,1.540662348518003,0.002832419609679433,0.03691311228880111,0.14827427825239234,0.09000117304571391,0.09000117304571391,0.0,0.09704992476902224,0.41919665663513894,-0.5955737748315693,0.006543724773889097,0.016728194019151654,-4.856820550493421,0,0.5285606125531854
49.861759999991456,-2.076535654046596,0.4935569262166094,1.330006683586872,-0.009855020771334325,0.04538669735642642,0.04896827127061141,-2.323340648648432,0.4828033157421798,1.176594017268749,0.15033052775922792,-0.0876521310648927,-0.044674105022274806,-2.0359729455284032,0.5534953588862087,1.3585343702586958,0.07704729648736429,-0.02458488937212598,0.051016278885653465,0.09000117304571391,0.09000117304571391,0.0,0.09627728219419857,0.41552420888669395,-0.5862070350179243,0.006529649585061619,0.017062934393092984,-4.856913025091478,0,0.528435455945914
49.865919999991455,-2.0765750378468963,0.4937532177718138,1.3302005045442233,-0.0094521120720835,0.047109973249052826,0.046517029764304774,-1.654852818036345,0.3072958321246364,1.2777859670445662,-0.03149725168391367,0.23531779434147315,-0.034700885140063614,-1.8454769637954387,0.4308817987896368,1.318090717743052,0.023376057033584037,0.10608458904102312,0.006580765866085937,0.09000117304571391,0.09000117304571391,0.0,0.09550955722216173,0.411875842226072,-0.5769678187781707,0.006493351265872645,0.017582671364883375,-4.857006179758815,0,0.5283007782705005
49.870079999991454,-2.0766204734302973,0.4939280627952698,1.3304246656091607,-0.010904540016270909,0.04196280562944032,0.053798655584965896,-1.9319918184257945,0.7337127510063877,0.9192023029457989,0.04653787730496679,0.1288761724054414,-0.07196133633811623,-1.8886355652550646,0.5825721166956538,1.1184865534122301,0.033689049499760745,0.11523626972056811,-0.02908463701584773,0.09000117304571391,0.09000117304571391,0.0,0.09846450391153615,0.4220118297739639,-0.6068134823442028,0.006615050379510955,0.01678167319327713,-4.857100094969537,0,0.5281951305853668
49.87423999999145,-2.076664191464682,0.49411020325867794,1.3306382517762394,-0.010492328252309759,0.04371371121795617,0.0512606800989057,-2.7809793467571966,0.5942174680474985,1.257858930630836,-0.07856919997712783,0.09842493960225959,-0.11110099486770661,-2.334976589048137,0.5886000009732564,1.1879440027042236,-0.022689067667560067,0.10663641029089514,-0.07074740250168746,0.09000117304571391,0.09000117304571391,0.0,0.09768247722652434,0.41832226625663815,-0.5972860698274415,0.006645607872844839,0.016739267828007866,-4.857194739890927,0,0.5280797643605194
49.87839999999145,-2.076706205839598,0.4942995738349376,1.3308414303687184,-0.010083449979805564,0.04544893830231695,0.04876286219494703,-1.802058792458696,-0.006493830463743633,1.1143224111153536,-0.24916870660922089,-0.01594718781221985,0.011443896311223424,-2.069034025434835,0.29101412035647384,1.1511594252939148,-0.13504883429032383,0.046136725856486274,-0.031066144810903615,0.09000117304571391,0.09000117304571391,0.0,0.09690542454922382,0.4146568798863734,-0.5878883223359446,0.006630875394321905,0.017072963247170232,-4.857290084413213,0,0.527954773573234
49.88255999999145,-2.0767465303541925,0.4944961096257897,1.331034366420654,-0.00967788350265277,0.04716858980449928,0.04630465246457457,-2.07608842813461,0.0979636687224113,1.4989815818703098,-0.10018221794305206,0.2445308978118765,0.11209686381916195,-2.0727699814920904,0.19499498059804843,1.3253091332346263,-0.11745944284392701,0.14588861183926605,0.03904562662435285,0.09000117304571391,0.09000117304571391,0.0,0.09613331621696641,0.411015529387622,-0.5786185338155301,0.006593777013117837,0.017591534525633376,-4.857386099134271,0,0.5278202518738087
49.88671999999145,-2.076792903827323,0.49467128686642065,1.3312576603061093,-0.011129633551304193,0.04204253775141745,0.0535905325092155,-1.5582970528119557,0.4530349591659943,0.915347794868729,-0.032363343147070005,-0.032417915409841735,0.024957792768830672,-1.8155957587189213,0.3239549619662254,1.1203708814727038,-0.07562522135048302,0.05404696461266117,0.03518833389151541,0.09000117304571391,0.09000117304571391,0.0,0.09908784283232881,0.42110888590714374,-0.6084786400098345,0.006715172750927058,0.016794084696335546,-4.857482864790835,0,0.5277147257605246
49.89087999999145,-2.0768375487630637,0.49485374381395997,1.331470350542116,-0.010714784577729534,0.043789667409438425,0.05104565664158227,-2.4844028885818408,0.537429531847518,2.1127867008914993,-0.03940699642369612,0.09624218609124642,0.09174115306374389,-2.15008668848224,0.4308922759690473,1.6167781653801951,-0.057172484281655195,0.07593317446642184,0.06268656556040732,0.09000117304571391,0.09000117304571391,0.0,0.09830146017688353,0.41742656986908483,-0.5989208939404576,0.006745109087268622,0.01675278008292585,-4.857580350414718,0,0.5275994712946133
49.89503999999145,-2.076880479128668,0.49504341527009543,1.3316726049834284,-0.010303287745012078,0.04552114947250838,0.04854106591498973,-2.4434065630367034,0.8419886583001766,1.281043039962875,0.016103090907754317,0.09635463469224287,0.07887789164609023,-2.296715067655317,0.6366413813640358,1.4490747107524937,-0.020595473218706067,0.08728566737451147,0.0696302289431907,0.09000117304571391,0.09000117304571391,0.0,0.09752007797684586,0.4137683846647771,-0.5894932392892271,0.0067296017281995545,0.017086358222047814,-4.857678525766306,0,0.5274745827395523
49.899199999991446,-2.076921708800486,0.49524023646450205,1.3318645891880996,-0.009895121236332856,0.04723708665758181,0.04607620912106681,-2.0144187783423746,0.5662503500000647,1.775334492618009,0.14644281217741847,0.032941463585841324,0.041434081726049066,-2.155261112430318,0.6015134340568967,1.612296960280015,0.06327917794832519,0.060336473290449624,0.05366162048778307,0.09000117304571391,0.09000117304571391,0.0,0.09674366640527728,0.4101341893015214,-0.580193964363479,0.006691656711405225,0.017604208929888558,-4.857777361319102,0,0.5273401540286353
49.903359999991444,-2.076969002053912,0.49541573894915525,1.3320870168732633,-0.011350380822292583,0.04212059631676589,0.05338264443926796,-1.54199580736356,0.08399796729186904,1.467081350628049,-0.12893097282822458,0.1190866526024928,0.051461281664473404,-1.8488910828870884,0.3430052617438852,1.5397878521792436,-0.033418666705023414,0.08707011845703155,0.05608377380016351,0.09000117304571391,0.09000117304571391,0.0,0.09970614312426763,0.4202080665060635,-0.6101338248156294,0.0068132106000243185,0.01680812042342221,-4.857876938397127,0,0.5272347520828649
49.90751999999144,-2.0770145558723034,0.4955985054458126,1.3322988123303385,-0.010932916413871115,0.04386395919776335,0.05083090969807597,-1.6113788932847526,-0.05598687855760148,1.7818334447362871,0.048758877285780156,0.1957548851743585,0.021835553713127447,-1.7300321889455577,0.14391203678275655,1.6608598006452107,0.007799429914552326,0.14213994510853525,0.03798038876694476,0.09000117304571391,0.09000117304571391,0.0,0.09891543009885134,0.4165329865458838,-0.6005459149480168,0.0068427643333024216,0.01676682495852584,-4.8579772258970895,0,0.5271196119181342
49.91167999999144,-2.0770583843001553,0.49578847088474337,1.3325001439425954,-0.010518822684412083,0.045591705343388446,0.04831958694165888,-2.58352133996845,0.4708429380177677,0.8872318785546203,-0.139468468152261,0.09071144467708936,-0.010598591470203901,-2.1570740472723675,0.3075650795513032,1.2740225287464324,-0.06523838571957667,0.11805071019106389,0.011699801534218065,0.09000117304571391,0.09000117304571391,0.0,0.09812974384433251,0.4128819911677592,-0.5910885205363279,0.006826609072819982,0.01709974191250961,-4.858078193449835,0,0.5269948280851571
49.91583999999144,-2.0771005012905595,0.4959855706233511,1.3326911777891446,-0.01010807769703538,0.04730393726585076,0.045848123171793126,-1.7851396013576468,0.11001856115854286,1.3687879093707116,0.15392039082361808,0.03261340406754361,-0.012620693395445845,-1.9707856779622108,0.2088565654736121,1.3213820368074538,0.04509929279118899,0.07615854631716651,-0.00161545013453425,0.09000117304571391,0.09000117304571391,0.0,0.0973490543694674,0.40925493966135085,-0.5817599242800986,0.006787888524795535,0.01761660198394973,-4.85817981140476,0,0.5268604948012281
49.91999999999144,-2.0771487007462426,0.4961613822707345,1.3329127540065173,-0.011567869363961956,0.04219479537202073,0.05317829216944974,-2.727396969701597,0.44536328335319875,1.4235239215477808,-0.15701184623127495,0.1287661682075434,0.06880980022385241,-2.349421039547064,0.3273847323722784,1.3725885150560588,-0.05698134260664865,0.09989943290428624,0.03758421562767291,0.09000117304571391,0.09000117304571391,0.0,0.10032151597851609,0.41931378725650625,-0.6117923171856406,0.006909763410080457,0.016821269857827486,-4.858282161757661,0,0.526755232455993
49.92415999999144,-2.0771951499225025,0.49634444235160147,1.3331236693570494,-0.011147802302358059,0.04393441940807609,0.0506196841276938,-2.139195560209736,0.4075986806013619,1.2899561204202756,0.09258977825375002,0.0511992745670395,0.09048876322733634,-2.24411333746887,0.3675981732323751,1.3314634175545268,0.017358375094288944,0.07583498670972721,0.062367462787095505,0.09000117304571391,0.09000117304571391,0.0,0.09952648466286554,0.4156459033854214,-0.6021742297366114,0.006939022402237118,0.016779686953965568,-4.858385213268202,0,0.5266402218448207
49.92831999999144,-2.077239862940857,0.49653468592408895,1.3333240927527856,-0.010731124405090218,0.04565845739699061,0.04810161497669885,-2.250091473858703,0.594731074190644,1.2930257994300525,-0.13110293034319517,0.212722023945638,0.19387947980849046,-2.2473749900253854,0.4816079732208882,1.312649251730759,-0.05693382081092593,0.14460415272418153,0.1273223803066003,0.09000117304571391,0.09000117304571391,0.0,0.0987365063805273,0.4120020580723413,-0.5926870818508827,0.006922269532691856,0.01711180027683936,-4.858488935435762,0,0.5265155578072044
49.932479999991436,-2.0772828538309214,0.49673204847261976,1.3335141907941517,-0.01031781361547091,0.04736701164739272,0.04562352992787122,-1.4537140723078974,0.4521928482266787,1.7490492412092797,-0.15329235284958073,0.12462648592263557,0.05316005214509704,-1.8508576721808987,0.46715971314900384,1.530965692839407,-0.10517855885133229,0.1344777346001128,0.08888937248637822,0.09000117304571391,0.09000117304571391,0.0,0.09795155097722932,0.40838211088754073,-0.5833291506190409,0.00688280488443241,0.017627604300885925,-4.858593298483696,0,0.5263813348459786
49.936639999991435,-2.077331945340059,0.49690815942927963,1.3337349218884917,-0.011781962193090051,0.04226662959836409,0.05297546264161089,-1.5836739019633852,0.5118385577342143,1.54739506837631,0.011638484419470525,-0.02709853854482138,0.00625657699465982,-1.717238428278914,0.48944844427481926,1.5391842856151516,-0.047393691052231,0.051122472952027015,0.05201324543197638,0.09000117304571391,0.09000117304571391,0.0,0.10093363242553445,0.4184231114072948,-0.6134462025309229,0.0070050120691612415,0.01683327787244207,-4.85869838507638,0,0.5262762194432065
49.940799999991434,-2.0773792757844602,0.497091503305212,1.3339449635560543,-0.011359306656252004,0.04400253022377328,0.05041000021499585,-2.209861836073707,0.2884502867953692,1.4000812550701962,-0.020725124372539525,0.0006942991646031391,0.014466059234852717,-1.9635970713534678,0.38894887444527615,1.469665562653642,-0.0338762821373178,0.02616584619766134,0.03147415960308674,0.09000117304571391,0.09000117304571391,0.0,0.10013429713113504,0.41476240249655283,-0.6037980325552351,0.007033988287748785,0.01679153557126988,-4.85880416383463,0,0.5261613456258183
49.94495999999143,-2.077424859362404,0.4972820152860424,1.3341444852359972,-0.01094005870656062,0.045722875399285476,0.0478852031862976,-2.2237056795879835,0.0993098521279876,0.5988563625152576,0.01519134756486555,0.017305585317442564,-0.06070925715279405,-2.0936214076863573,0.24416230176523496,1.0341315964000273,-0.009437124982444832,0.02223149245666428,-0.01605453679786846,0.09000117304571391,0.09000117304571391,0.0,0.0993400410661635,0.41112568623779355,-0.5942812248838186,0.007016650033101068,0.0171229126468289,-4.858910604124544,0,0.5260368085233025
49.94911999999143,-2.07746871017977,0.49747963098283626,1.3343336540484232,-0.010524196167854162,0.047427767230532665,0.045400514982270164,-2.175061472146668,0.14473544365378888,1.3919481844804384,-0.11610076349359762,0.13109005759347256,-0.04694984678788757,-2.134582650501687,0.19472021296681452,1.212946550401654,-0.06316866638541661,0.07695553869182742,-0.032370751527721654,0.09000117304571391,0.09000117304571391,0.0,0.0985508339134871,0.4075128224816957,-0.584894051016455,0.0069764535618297725,0.01763769765843535,-4.859017676041624,0,0.5259027029252323
49.95327999999143,-2.077518679837657,0.49765603526767854,1.3345535414490917,-0.011992717892753644,0.042337028362151044,0.05277297616041081,-2.446132332748652,0.5885508013515449,1.4351599327583673,0.13068231619935322,0.06318802920970115,0.028167001012030037,-2.290087324752188,0.3917751104120776,1.3241052268642033,0.033488843603035036,0.06746740694558076,0.001816054304296455,0.09000117304571391,0.09000117304571391,0.0,0.10154255382160735,0.41753421240427563,-0.6150908172977295,0.00709901779346973,0.016844567387911555,-4.859125462931077,0,0.5257977369134004
49.95743999999143,-2.0775668777034615,0.4978396569895017,1.3347627110237152,-0.011567487793117354,0.04406921323756706,0.05020069790963569,-2.2084393567304788,0.6709160968734944,1.7207520369780305,0.06833776166642683,-0.09900444042356317,0.029429397867247534,-2.2491221301480437,0.5311401973897039,1.5224960671971173,0.0516329502223852,-0.015068735422723028,0.013963293729679213,0.09000117304571391,0.09000117304571391,0.0,0.10073892857109504,0.41388066905704657,-0.6054127240553574,0.007127729603628461,0.016802762781790846,-4.859233933272782,0,0.5256830022851665
49.96159999999143,-2.0776133180519696,0.4980304314612489,1.33496133273577,-0.01114568364197329,0.0457858732193271,0.04766921089313358,-2.392506433965821,0.48511066980596207,1.3545188433429656,0.05631313138056091,0.08924002153395094,0.04619100123449429,-2.3206983846148583,0.5083089455489975,1.438605675581882,0.05408280609576996,0.03793611154816737,0.028478804669641165,0.09000117304571391,0.09000117304571391,0.0,0.09994040868086007,0.41025107250644266,-0.5958664136444708,0.007109821065004488,0.017133454008073527,-4.859343056297477,0,0.5255585944610089
49.96575999999143,-2.0776580150650696,0.4982282944204585,1.3351495742222799,-0.010727283144024631,0.04748711021029766,0.04517795676240507,-2.431978989146778,0.6918271795986051,1.2739506407449759,0.08589912375632881,0.02026616327989554,-0.022892441168360388,-2.376160762409856,0.6001097544819435,1.3562304481276075,0.0699718695716531,0.029941467961037183,0.0022878647222462547,0.09000117304571391,0.09000117304571391,0.0,0.09914696367086726,0.40664528288259466,-0.5864501520033559,0.00706890616799901,0.01764724704777825,-4.859452801970733,0,0.5254246085182079
49.969919999991426,-2.077708850169676,0.49840498699347474,1.3353686187066995,-0.012200425105482957,0.042406217523897144,0.052570676260731745,-1.6221074340457418,0.22579368746591139,1.5384664727453605,-0.024175964503430895,0.08330672580708318,0.12967070774933376,-1.9991785612511517,0.4131273242973484,1.447611503966318,0.02264153541166026,0.05424196437668298,0.06979040870967196,0.09000117304571391,0.09000117304571391,0.0,0.10214880430729098,0.4166466605948791,-0.6167255526774763,0.007191878924557898,0.016855356992970312,-4.859563254348081,0,0.5253197934575369
49.974079999991424,-2.077757902803509,0.49858888154547154,1.3355769171371612,-0.011772632119956949,0.04413469247923725,0.04999162331079471,-2.0003713132817795,0.20276534209336022,1.1630964036817146,0.029149634281620086,-0.125016957261958,-0.07803968430719016,-1.999713609352379,0.3076820403874869,1.3051922948322423,0.025555759833519612,-0.03403488765481747,-0.005390441030178571,0.09000117304571391,0.09000117304571391,0.0,0.10134089983862213,0.4130002761484016,-0.6070177037784664,0.007220357502423433,0.016813513682143323,-4.859674381765669,0,0.5252051995350367
49.97823999999142,-2.077805187317663,0.49877991351658746,1.3357746399985169,-0.011348283396909336,0.04584767306782015,0.047453486725341505,-1.668074901368324,0.2309085947118516,1.2125469591645568,-0.03914998028914081,0.054378026805883266,0.05789671520913618,-1.8339750030894972,0.2694054158388218,1.258992412762016,-0.00600557563775351,0.011353197141113087,0.024801494411885203,0.09000117304571391,0.09000117304571391,0.0,0.10053812681474093,0.4093777926776827,-0.5974420559144591,0.007201899637058947,0.01714353242190126,-4.859786153316094,0,0.5250809224631029
49.98239999999142,-2.0778507179698384,0.498978018770712,1.3359619554418105,-0.010927356522160933,0.04754526098989825,0.04495570639049837,-1.8357863406059427,0.13736459456228006,1.6719517960971497,-0.06992281817887719,0.08903104419863817,0.15812112077026452,-1.8350272099140252,0.20356722417188927,1.4658073966657967,-0.0374369724001419,0.051167604160155596,0.08976252192445013,0.09000117304571391,0.09000117304571391,0.0,0.0997404545927265,0.4057790705924809,-0.5879968694923983,0.007160282095128037,0.01765634172503833,-4.859898538832241,0,0.5249470576076231
49.98655999999142,-2.077902407207668,0.49915499483237874,1.3361801581248898,-0.012405417079032102,0.04247425480000695,0.052368643939044376,-1.9191576552370857,0.3376708836779013,1.2172120108017477,-0.10317010625857807,-0.040389387639095886,-0.040872232771546405,-1.8773062928241997,0.2705418845904419,1.3414161498456925,-0.07093368787972923,0.002557531745222354,0.027723819595505534,0.09000117304571391,0.09000117304571391,0.0,0.10275300231800436,0.4157603601355163,-0.6183507465662661,0.0072837216570036155,0.016865692770309477,-4.860011623112909,0,0.5248423951216439
49.99071999999142,-2.077952303333701,0.4993391574376064,1.3363875866915211,-0.011975070247978014,0.04419902525462613,0.04978285599154136,-1.7645072854812613,0.7680765682193103,1.5205196870474864,-0.07928267711940645,0.2157188814460481,0.2635549892817265,-1.8210716596282956,0.5197578413164812,1.4315206724186809,-0.07474503688885285,0.11083421978295542,0.14403082197808686,0.09000117304571391,0.09000117304571391,0.0,0.10194082546500977,0.41212112851067345,-0.6086133049124121,0.007312000987019286,0.01682381276888914,-4.860125374346953,0,0.524727943484862
49.99487999999142,-2.0780004207752127,0.49953044215361697,1.3365844121450734,-0.011548185962828226,0.04590833184254675,0.04723810885255937,-2.5785763884188766,0.8333040641061619,0.9992935142941426,0.058900386010025715,0.0918898184520931,0.11648905040736618,-2.1997066791281408,0.6767209630083081,1.2156487990328815,-0.007995519383281397,0.10295571029153898,0.12909021202332877,0.09000117304571391,0.09000117304571391,0.0,0.10113380611736406,0.4085057520720571,-0.5990084802354732,0.0072930155686571066,0.01715316159219639,-4.860239761485308,0,0.5246037987024872
49.99903999999142,-2.0780467738655903,0.4997287849705401,1.336770803147792,-0.01112474169066911,0.047602276061547676,0.0447338406524626,-2.4909324946702442,0.02564865236793773,1.683533299286953,-0.06736686350884816,0.1949540898542456,0.1411866318735861,-2.3454605813943328,0.351584311928226,1.449891574366152,-0.03823731239745033,0.14964080461615825,0.13341283263910053,0.09000117304571391,0.09000117304571391,0.0,0.10033191347020248,0.4049140915087375,-0.5895345274420942,0.007250710988433626,0.017664989997959374,-4.860354754224686,0,0.5244700564298889
50.003199999991416,-2.078099307237521,0.49990604002856015,1.3369881653459996,-0.01260800926342056,0.04254121392481244,0.05216692756984068,-1.951945821006399,0.448442541357801,1.434716944584958,-0.33405634559575265,0.027800132935891488,-0.051506262505776605,-2.149394789214577,0.4000763439926002,1.4421883499275883,-0.1863615124735539,0.08660483023904343,0.045134862476658155,0.09000117304571391,0.09000117304571391,0.0,0.10335573605039863,0.4148751820771458,-0.6199666096991145,0.007374674292433853,0.016875583941709495,-4.860470438138997,0,0.5243655481014744
50.007359999991415,-2.0781500368838537,0.5000904662150052,1.3371947255269945,-0.01217511511984693,0.04426228474680784,0.049574443438754785,-1.6886173897715886,0.3763979311551252,1.2429702999224326,-0.16762541016462124,0.07288630318003367,0.0018925577890093123,-1.919353714757223,0.3883861642028392,1.3425839318159893,-0.17593990761940567,0.08090481601568533,0.022523811581034857,0.09000117304571391,0.09000117304571391,0.0,0.10253928992835858,0.4112430979941362,-0.6101997352298802,0.007402787119247266,0.016833669689441992,-4.860586781265553,0,0.5242512402908608
50.011519999991414,-2.078198977307983,0.5002819992240833,1.3373906552098553,-0.011745701791039596,0.045967922178742814,0.047023123886629506,-2.170213740053286,0.46046175483446966,1.4535042942639902,0.13528741650605824,0.07021586461511306,-0.0537657141610538,-2.044504915839004,0.4245691488626822,1.3979357407249693,-0.01994854108960921,0.07621590495419339,-0.01690598414570419,0.09000117304571391,0.09000117304571391,0.0,0.10172802737013902,0.4076348233344991,-0.6005658914573186,0.007383294738841601,0.01716235134783691,-4.860703752409428,0,0.5241272292969398
50.01567999999141,-2.078246142918922,0.5004805751720669,1.3375761235652617,-0.011319746625396617,0.047658227516044406,0.04451240529751073,-2.2528942017549576,0.7181124423423041,1.1557872802637634,-0.12351009865764805,-0.0727153161016357,-0.027976222308626716,-2.1489572942567685,0.5711906273864518,1.2768025896741506,-0.07202088489466238,0.002229381864907746,-0.022903604028450972,0.09000117304571391,0.09000117304571391,0.0,0.10092191740887052,0.40405021906660654,-0.5910633278172635,0.0073403175777571085,0.01767320175484059,-4.860821321127012,0,0.5239936110654038
50.01983999999141,-2.0782995116732215,0.5006581050998945,1.3377926466749899,-0.012808501031804365,0.04260718267862899,0.05196554633478741,-2.005606739003584,0.7100049498919828,1.2559828178078676,-0.12320570169377448,0.05800470677425277,-0.16476103162042793,-2.0775359715212764,0.6407245148795288,1.2660434647874643,-0.09823813039210914,0.02765794039846837,-0.09074822789308104,0.09000117304571391,0.09000117304571391,0.0,0.1039575666248555,0.41399096805991215,-0.6215732378405419,0.007464859949140069,0.016885043688547284,-4.860939573798265,0,0.5238892583441577
50.02399999999141,-2.078351066105376,0.5008427907584774,1.3379983400267852,-0.012373063717074686,0.044324558059879116,0.04936640443085357,-2.0166589236840005,0.15898785947819816,1.3116347266281538,-0.05248551165656583,0.02930052320031759,0.05451696484490112,-2.047206403936001,0.3999118669343396,1.2889563826963117,-0.07526185758764625,0.029389608925055336,-0.01984356742202722,0.09000117304571391,0.09000117304571391,0.0,0.10313685079500694,0.4103660272305262,-0.611777089114319,0.007492837666223103,0.01684309921196521,-4.861058478304076,0,0.5237750957689592
50.02815999999141,-2.078400820794904,0.5010345679689295,1.3381933756526543,-0.011941125486693559,0.046026530508523615,0.04680855020860087,-1.9541033912004353,0.061187066142469104,1.2761236446956519,0.033351243279145945,0.3034408545661538,-0.07907015904659107,-2.0005857038884716,0.23117649170000829,1.2823796378428993,-0.020564401611005263,0.16724048812311676,-0.0514618069808175,0.09000117304571391,0.09000117304571391,0.0,0.10232134460641717,0.40676485008291674,-0.6021143826013177,0.0074728576987276325,0.017171117190867394,-4.861178003298844,0,0.5236512199332138
50.03231999999141,-2.078448790226447,0.5012333729735867,1.3383779232289672,-0.011512663570319171,0.047713201117736005,0.04429141831512099,-1.7043085875696553,0.473083635943818,1.3162284956751529,-0.15886674600531722,-0.12980670208691839,-0.07279601275593187,-1.8527767965524218,0.35185939393664284,1.299155048831606,-0.0890884575054722,0.01987474821644709,-0.06316557816071057,0.09000117304571391,0.09000117304571391,0.0,0.1015110169297877,0.40318729786430385,-0.5925833622954798,0.007429221270760185,0.017680992805402602,-4.861298118193885,0,0.5235177270737451
50.03647999999141,-2.078502986820423,0.501411173996341,1.3385936087133465,-0.013007182554281373,0.04267224546103947,0.05176451625104721,-2.398003124815412,0.12608251454705716,1.2590551171094688,-0.06689625633250422,0.07526498279865734,-0.1275837171950439,-2.125530962808463,0.23913001108765353,1.2788329251033226,-0.07893398503157266,0.04560078091201516,-0.09224178780593623,0.09000117304571391,0.09000117304571391,0.0,0.10455904161667681,0.41310756506407653,-0.6231707149663238,0.007554397211626502,0.016894087668489634,-4.861418910205808,0,0.5234135312844163
50.040639999991406,-2.0785553585032406,0.5015961153669247,1.3387984368576442,-0.012569203876197359,0.04438592894007092,0.04915875463146635,-1.8484466922145586,0.5671292792827927,1.6510944265260157,-0.1019298706025012,-0.012308353815594274,0.1608236727117623,-1.9871996547259714,0.4031055059038682,1.465303693070391,-0.0900674508595937,0.017050665542142077,0.032878491205145,0.09000117304571391,0.09000117304571391,0.0,0.10373405216553662,0.40948976416015753,-0.6133454493206973,0.007582270270589317,0.01685211686094101,-4.861540347053613,0,0.5232995152310367
50.044799999991405,-2.078605919930606,0.5017881330332951,1.338992580204035,-0.01213474256770636,0.046084239928869876,0.046594403133768766,-2.399844859064859,0.8427190662205195,1.6737855523108316,-0.16329298242490387,-0.03701358371545751,0.06665393135966644,-2.19386535970631,0.6228357367536294,1.5696875708575484,-0.1264011257594865,-0.008709395479862027,0.048393143333812144,0.09000117304571391,0.09000117304571391,0.0,0.10291429847164915,0.4058956812117354,-0.603654035218629,0.007561821094657915,0.01717947452226614,-4.861662397235635,0,0.5231757758023221
50.0489599999914,-2.0786546856628543,0.5019871633637886,1.3391762089318575,-0.0117037757395838,0.04776727931842918,0.04407089467738476,-1.926461443228779,0.8784397362703396,1.8364939059384484,-0.017943399488607667,0.00863565701618748,-0.02261217723184207,-2.0601991136397975,0.7506551678561088,1.7030477200982397,-0.07205342595831415,0.0010771582737491522,0.01186247774685598,0.09000117304571391,0.09000117304571391,0.0,0.10209974924377913,0.4023251777451007,-0.5940947112402993,0.007517537695150989,0.017688378432211944,-4.861785030012812,0,0.5230424095270022
50.0531199999914,-2.07870970373166,0.5021652320328288,1.3393910583249204,-0.013204336513412329,0.04273648056965868,0.05156385433507739,-2.6207580705158526,0.7635506745885234,1.4785042525763983,-0.02760079159795225,0.21582837195233803,0.06999069874015727,-2.3405382073475147,0.7575557225136593,1.590912224207791,-0.05065510748618364,0.10661456973860936,0.04465873818935688,0.09000117304571391,0.09000117304571391,0.0,0.10516069834978553,0.41222483092859263,-0.6247591298429658,0.007643401162096464,0.016902730197610585,-4.861908333468833,0,0.522938371894236
50.0572799999914,-2.078762886298286,0.502350425678987,1.339595022952768,-0.012763815990264393,0.04444647507798023,0.04895151068339405,-2.347985407215075,-0.047410665078917114,1.2897854486437366,-0.04449678347846017,0.08428350108308616,-0.044847091434893155,-2.344355233256605,0.3552412257632098,1.4402577189145058,-0.04718116361374885,0.09592045499658022,-0.002141752086798243,0.09000117304571391,0.09000117304571391,0.0,0.1043314279454591,0.408614167514181,-0.6149049033271048,0.007671199224475704,0.016860736419771205,-4.862032275154792,0,0.522824503550767
50.0614399999914,-2.078814248094754,0.5025426803770169,1.3397882758650046,-0.012326831152315147,0.046141127527172573,0.04638069893676583,-2.022607503128598,0.6285974789174236,1.3807547637396649,-0.07457794313097996,-0.06898973881523907,0.020737313806524604,-2.1836346963597926,0.4917754027513427,1.4105509454860043,-0.06065678725663432,0.01461345069433391,0.008340642223398628,0.09000117304571391,0.09000117304571391,0.0,0.1035074194735613,0.4050271763393971,-0.6051849355148184,0.007650298311256458,0.017187436809888997,-4.862156823407044,0,0.5227009016813869
50.0655999999914,-2.0788638037572174,0.5027419326212089,1.3399709877412387,-0.011893358991218853,0.04782053860609983,0.04385085029618753,-2.121855905394877,1.0066834152078359,1.7873758837421025,0.03245207892542146,-0.09013893615570179,0.1781671547238014,-2.1526769384627857,0.7490426334719424,1.5993396451824218,-0.014315427617240825,-0.03636535844543788,0.09179511142742618,0.09000117304571391,0.09000117304571391,0.0,0.10268864147997739,0.40146371920954177,-0.5955974596026463,0.007605379274151323,0.017695371896364095,-4.862281947330313,0,0.5225676631074728
50.0697599999914,-2.078919638082874,0.5029202657972349,1.3401850026398547,-0.013400238157613974,0.04279996224623066,0.0513635756678492,-2.0341817749085385,0.559526356172704,1.6758721713684852,-0.0812120097363381,-0.03439336429777834,0.05385233414137067,-2.0935969307814988,0.6542164334702985,1.6377116812373065,-0.048007238532386566,-0.03768846057472716,0.07608327700657605,0.09000117304571391,0.09000117304571391,0.0,0.10576306387936477,0.4113426303441102,-0.6263385642811558,0.007731983740265014,0.01691098390181263,-4.862407735905687,0,0.5224637847692025
50.073919999991396,-2.078973626303967,0.503105708589475,1.340388105503702,-0.012957173062296736,0.044506270137615295,0.04874468732330547,-2.122411914079252,0.3097120217960165,1.3539319006183348,0.06694138542399988,-0.01264476347348533,0.1125846242580508,-2.1078660594369625,0.48193415389948163,1.4960576843260684,0.00978260365139147,-0.02451315580759702,0.09254943776057781,0.09000117304571391,0.09000117304571391,0.0,0.10492950182935895,0.4077391028335601,-0.6164555317487703,0.007759735721033218,0.016868970151788558,-4.862534156509832,0,0.5223500652387103
50.078079999991395,-2.0790257832290195,0.5032981971994472,1.340580469887098,-0.012517662012594414,0.04619726639333662,0.04616745201505368,-2.702663820040512,0.2980171385896412,1.801470563036962,0.039827540979278556,0.12777727931558197,0.24191673931516522,-2.4051841476259948,0.39023820161399203,1.6492706730056723,0.0237866227045143,0.05255066724705404,0.1666309338053166,0.09000117304571391,0.09000117304571391,0.0,0.1041012279658806,0.4041592018523652,-0.6067071629267683,0.007738399668368753,0.017195016091017257,-4.862661177310697,0,0.5222266019975969
50.082239999991394,-2.0790761235701893,0.5034976682473645,1.340762266967243,-0.012081681880710083,0.04787305150016167,0.04363129923480698,-2.4040039452664455,0.4490666653853719,1.3335943217794717,0.0385239139358453,-0.07443646009942834,0.06240678666441114,-2.4045143744516415,0.41949554379176823,1.491563512050329,0.03137785866121572,-0.00974436632697327,0.11288140241255569,0.09000117304571391,0.09000117304571391,0.0,0.10327821067105314,0.4006027894847086,-0.5970916856565227,0.007692855395684608,0.017701985077560538,-4.862788767250481,0,0.5220934921605989
50.08639999999139,-2.0791327700520092,0.5036762630886301,1.3409754490159214,-0.01359515563678939,0.04286276190374781,0.05116369168281176,-2.111718945754971,0.8398799191431161,2.147427407481213,0.20410528911694123,-0.09837203678414268,-0.04013538055200612,-2.257688429844823,0.6294918849941051,1.8194075955492,0.11693792454490966,-0.05685238234927557,0.04069744965377778,0.09000117304571391,0.09000117304571391,0.0,0.106366655542351,0.41046083245675974,-0.6279090861615846,0.007820253932108613,0.016918860265267413,-4.8629170162379385,0,0.5219897741747548
50.09055999999139,-2.0791875598063365,0.5038619521926856,1.3411776919146674,-0.013149541038564838,0.04456538497331641,0.04853829569906993,-1.992234254717364,0.31671912389461865,0.8079190876957646,-0.17793959908255952,-0.10960338304173758,0.057708542524853274,-2.1253293757266127,0.4728752465814365,1.313779531245679,-0.030586900525383588,-0.08317767664052735,0.04764620035416901,0.09000117304571391,0.09000117304571391,0.0,0.10552878784829173,0.4068644400883359,-0.6179974014613496,0.007847988052211468,0.016876829301018265,-4.863045891468306,0,0.5218762044819517
50.09471999999139,-2.0792405077184424,0.5040546718877963,1.341369169719814,-0.012707498905394748,0.04625272682656921,0.04595467323521151,-2.2178916315759336,0.973841819649609,1.3909102955328847,0.04938395679570968,0.021078628419308916,0.10509242605692352,-2.1715087169479315,0.7234047120347022,1.3525668544116496,0.00952938493110315,-0.030493845949366924,0.0750134674054953,0.09000117304571391,0.09000117304571391,0.0,0.10469623469241388,0.4032916285397522,-0.6082207833388763,0.007826232622600878,0.017202223447429416,-4.863175360934238,0,0.5217528808613016
50.09887999999139,-2.0792916285767324,0.5042543589200804,1.3415500541034922,-0.012269005989614147,0.04792488774818742,0.043412252082764065,-2.006653267931184,0.20188158200425804,1.2878671351214381,-0.06885709698249129,0.04333209395339676,-0.02718433075473973,-2.089224497761896,0.46272906011627235,1.3201617343019838,-0.028967329002482237,0.006687056958275916,0.0230869090736615,0.09000117304571391,0.09000117304571391,0.0,0.10386896429311021,0.39974226017409087,-0.5985774543086854,0.007780072615044538,0.01770822893449639,-4.86330539340863,0,0.5216199007215815
50.10303999999139,-2.0793490842044964,0.5044332128716797,1.3417624049780652,-0.013789350663383125,0.04292494838382733,0.050964209897532246,-2.421652920831887,1.0362364624398697,0.987777261291277,0.10831454088081496,0.042510096985888854,0.0936915549810009,-2.255213509544462,0.7495801606732521,1.1541553793044916,0.03859023417243653,0.022208195287636855,0.06159110349027187,0.09000117304571391,0.09000117304571391,0.0,0.10697198216792714,0.4095793103978713,-0.6294707481775159,0.007908318010922821,0.016926369887575017,-4.863436079758232,0,0.52151634407173
50.10719999999139,-2.0794046724522652,0.5046191457378678,1.3419637897410097,-0.013341179464482237,0.04462388788512728,0.048332343106684245,-1.8058892343540476,0.9001420597281089,1.887220547591813,0.13519810309093555,-0.04676810813921117,-0.09071551754543436,-2.030267122546868,0.8247621990277373,1.5205079711219223,0.08693744411905222,-0.010982847434483535,-0.0162660195344521,0.09000117304571391,0.09000117304571391,0.0,0.10612979157190769,0.4059900532101776,-0.6195305643619832,0.007936061867917878,0.016884324247556225,-4.8635673869893905,0,0.5214029251685888
50.111359999991386,-2.0794584082823615,0.5048120939736543,1.3421543829479892,-0.012896599223110683,0.046307576588758184,0.04574236967507167,-2.406306753125518,0.7447478489443157,1.0831982117651069,-0.18019590227788723,0.05080531198985629,-0.1418602407596971,-2.218663774388697,0.7848586099910333,1.3015578522622833,-0.04689920033365886,0.02064183735761633,-0.08044281872387692,0.09000117304571391,0.09000117304571391,0.0,0.10529294198249069,0.40242433112897663,-0.6097258478626698,0.00791390203444093,0.017209069109721947,-4.863699282912139,0,0.5212797420894533
50.115519999991385,-2.0795103065597416,0.5050119944510598,1.3423343567634187,-0.012455586571229514,0.04797611457730738,0.04319371570308867,-2.6539392826763306,1.1417842969098664,1.5900162461538958,-0.17086964206205119,0.07519527219518482,0.0026441109901702495,-2.436659728125334,0.9634793548232483,1.4457964089868793,-0.10899675684482887,0.048395991313703465,-0.039790191177024765,0.09000117304571391,0.09000117304571391,0.0,0.10446140145400024,0.398882006796306,-0.6000548158955997,0.0078671349249127,0.01771411358348559,-4.86383173612286,0,0.5211468925377929
50.119679999991384,-2.0795685693899233,0.5051911052342296,1.3425458781551265,-0.013983079243593263,0.04298658796073668,0.05076513400985247,-1.6834433675395222,0.48235049918012135,1.5175270097597104,-0.15804296098317913,0.10094901212305435,0.009070932951614055,-2.060372990656433,0.7231270747224536,1.4816742105809322,-0.13448383517133417,0.07200366105814622,-0.012060362563388282,0.09000117304571391,0.09000117304571391,0.0,0.10757954543883305,0.40869794131875636,-0.6310235880305427,0.007996279818114564,0.016933522497776125,-4.863964838476779,0,0.5210434981391654
50.12383999999138,-2.0796249541491316,0.5053772795868253,1.3427464066263164,-0.013532342210014805,0.04468184462296383,0.048126833085594845,-2.375376063634562,0.5423772251034407,1.3316082916107963,-0.1888359560415991,0.19041805558055908,-0.0069411103097171065,-2.218270113334601,0.6331454603072089,1.4066288910328935,-0.1613637472992698,0.13191916320155242,-0.011004800868784956,0.09000117304571391,0.09000117304571391,0.0,0.10673301146082766,0.40511582012677383,-0.6210550575615436,0.008024060461033822,0.016891464489546343,-4.8640985567834685,0,0.520930230910922
50.12799999999138,-2.079679475877104,0.505570454090612,1.342936117229309,-0.0130852147133255,0.04636188090878251,0.04553054471822221,-2.266871999133164,0.38511073736124046,1.800906388529703,0.03306749529793603,-0.03655161640893787,0.049861392055963134,-2.2425036603914124,0.5090486675618763,1.6038764886214452,-0.06365881665665928,0.048497242226522734,0.018280178337697274,0.09000117304571391,0.09000117304571391,0.0,0.10589184509459373,0.4015571883196565,-0.6112223930270286,0.008001510454228943,0.0172155624235377,-4.864232858662589,0,0.5208071892291853
50.13215999999138,-2.079732149515706,0.5057705657435231,1.3431151826181675,-0.012641673264514368,0.048026796698659474,0.04297569332601139,-2.10796270387077,0.562289691353101,1.7006163779817454,0.0058910771634390555,0.127454868158018,0.20482867844578215,-2.175219327461263,0.5359331714544695,1.652675601234204,-0.029205650095512584,0.08868407117046341,0.11036284866167508,0.09000117304571391,0.09000117304571391,0.0,0.10505601422818296,0.39802190881843996,-0.6015238063722712,0.007954144040652537,0.017719648257080493,-4.864367712526402,0,0.5206744710927391
50.13631999999138,-2.079791218650646,0.5059499313450212,1.3433258762179745,-0.014176592385662287,0.04304774435953747,0.050566463953665805,-2.7571507817281624,0.440871120553283,1.2053287019072076,-0.04838517147995217,0.12634598671706398,-0.03188682226083295,-2.4662888676544776,0.48866804240499256,1.4289258128743165,-0.03922633416460595,0.10570196670066942,0.04255755236057485,0.09000117304571391,0.09000117304571391,0.0,0.10818984121807329,0.4078166063962692,-0.6325676284683139,0.008084241047231194,0.016940326911719344,-4.864503211249332,0,0.5205712397985455
50.14047999999138,-2.079848398976364,0.5061363451717078,1.3435255502407841,-0.013723278172317024,0.044739318404777156,0.04792176547430598,-1.9117088505440458,0.4728631451249386,0.97921119066986,-0.07041224670634891,-0.015669415746800086,0.01741975866700716,-2.1891438287188376,0.4807323212753516,1.2041036820777247,-0.05366575532063953,0.045298103327275636,0.02898310833331592,0.09000117304571391,0.09000117304571391,0.0,0.10733894018688675,0.4042416227674247,-0.6225709034239161,0.00811208504967338,0.016898258600160324,-4.864639321435884,0,0.5204581250699878
50.14463999999138,-2.07990370561043,0.5063297439321274,1.3437143802329068,-0.013273592175820952,0.046415702500694406,0.04531919810944,-2.4205955658831937,0.41491330604848925,1.3781828991324727,0.12518101067050164,0.046234552147119495,-0.10930477059846871,-2.30461156052317,0.44791666405441644,1.2909204993439363,0.03604261950083277,0.046658491801364145,-0.0417586345823279,0.09000117304571391,0.09000117304571391,0.0,0.10649343352669559,0.40069008278923224,-0.6127104408166659,0.008089158402396457,0.017221711806588418,-4.864776010507202,0,0.5203352255826292
50.148799999991375,-2.0799571535720363,0.5065300647501507,1.3438925393354244,-0.01282751078551213,0.048076996325590676,0.042758184604224925,-2.208736023447999,0.10704556206194532,1.124759430956481,-0.14566077651737924,0.1208991090946224,0.059899331295474964,-2.256977721662419,0.27772856378819344,1.2079635774353399,-0.05401349879136614,0.08455813063494631,0.00897434517820577,0.09000117304571391,0.09000117304571391,0.0,0.105653288959697,0.39716184966170154,-0.6029844473501355,0.008041199678412107,0.017724841261349503,-4.864913246683423,0,0.5202026396311626
50.152959999991374,-2.0800170291419735,0.5067096834118053,1.344102406818341,-0.014370136784965347,0.04310847879710343,0.050368195899964704,-2.38960993496892,0.6458943750257871,1.3821974716342904,-0.26870454001804295,0.14076848673624415,0.19748210147511625,-2.3238517793912177,0.46211110831293667,1.2954815283244712,-0.16224667740121415,0.11060734539525593,0.10849211731238488,0.09000117304571391,0.09000117304571391,0.0,0.10880336084257498,0.4069351907927079,-0.6341028771055179,0.008172301520233865,0.01694679099382042,-4.865051123889239,0,0.5200995722390352
50.15711999999137,-2.080075005108454,0.5068963349532944,1.3443012282200584,-0.01391423195530748,0.04479636995739629,0.04771713641217152,-1.3495532557292362,0.5394163321074014,1.2718417402943105,-0.020219262296227523,0.016381729369231518,-0.0025196996455463735,-1.8367402001902642,0.500796062611828,1.2836603061456615,-0.09006650983889075,0.0645930589446424,0.051032381631058034,0.09000117304571391,0.09000117304571391,0.0,0.10794806591638412,0.4033673470230933,-0.6240781093884953,0.008200235051427373,0.01690471419179023,-4.865189608515408,0,0.5199866107809218
50.16127999999137,-2.080131096667357,0.5070899562099794,1.3444891795782135,-0.013461974136684417,0.04646910160438755,0.04510832595722043,-2.2790117434533164,0.34624487265780385,0.9593583354139106,-0.03685052339236718,-0.0005794487821878108,0.10071027961450855,-2.057956224876421,0.4235166473038633,1.1217199133439104,-0.06321657479249937,0.032748399667982084,0.07423935666354338,0.09000117304571391,0.09000117304571391,0.0,0.10709819229377995,0.3998229011530091,-0.6141899984991411,0.008176944641588612,0.017227524714253928,-4.865328667776031,0,0.519863854232412
50.16543999999137,-2.0801853189156736,0.5072904844317051,1.3446664345182806,-0.013013339596015213,0.048126773214150584,0.04254118561613281,-2.150374040574594,0.9864370205095492,1.5921599256153718,0.09480479069606111,-0.16526282978333406,0.08414145508864987,-2.103969009042196,0.7046330547725216,1.3571190555129118,0.015986346543083063,-0.06433259656710284,0.07878954308103461,0.09000117304571391,0.09000117304571391,0.0,0.10625370752944172,0.3963017166617223,-0.6044367459271024,0.008128399825081662,0.01772969994236758,-4.865468269690747,0,0.5197314011846735
50.16959999999137,-2.0802460020635802,0.5074703546401269,1.3448754775276124,-0.014563955497616155,0.04316885002123991,0.05017032223963126,-1.4304280020153106,0.7778126489235986,1.14144914364541,0.049807707372764985,-0.00897441014873037,0.11861021716221419,-1.7670897148246192,0.7412100696018898,1.249520798667854,0.032664527749197494,-0.03924019730765718,0.10278327886427467,0.09000117304571391,0.09000117304571391,0.0,0.10942059240330966,0.4060535836186201,-0.6356293261710848,0.008260559457135936,0.016952921623203172,-4.865608509266021,0,0.5196284984432283
50.17375999999137,-2.0803047747491545,0.5076572423799415,1.3450734481039592,-0.014105444537820396,0.0448530575554849,0.04751293832324039,-2.132047315134387,0.6008241830708282,1.2243713550231137,-0.014946751643889622,-0.06237648479586278,0.1567065413071141,-1.9496014186245079,0.6708844234046525,1.2372735879398482,0.0085066202795345,-0.04985513372966297,0.128903824738601,0.09000117304571391,0.09000117304571391,0.0,0.10856087358295467,0.4024928827092088,-0.6255766677223114,0.008288608351740136,0.0169108378822046,-4.865749352669805,0,0.5195156909788272
50.17791999999137,-2.080361652247117,0.5078510846133765,1.3452605227736203,-0.01365059951103734,0.04652213602439094,0.04489792071865707,-1.3510963182457303,0.8525910384745994,1.132850310469996,-0.05111515895382125,0.003976201589695638,0.19685339163627474,-1.6504513028203354,0.7617459481738561,1.185472806757113,-0.021154099787489833,-0.02230597473203218,0.16184578311910994,0.09000117304571391,0.09000117304571391,0.0,0.10770660319066076,0.39895553392749217,-0.6156610583795707,0.008264966443313293,0.01723300760593368,-4.865890766900264,0,0.5193930780676442
50.182079999991366,-2.0804166497327876,0.5080518187163003,1.345436875643836,-0.013199396560913278,0.04817618470172468,0.042324688851752314,-2.0929232979506573,0.29371437146887813,1.0315312201356241,0.0741516732319648,0.11151097328842766,0.03169899196556549,-1.8715352966488517,0.5279569266538012,1.108568618965048,0.02607599112912151,0.0455064222502217,0.09593937402068087,0.09000117304571391,0.09000117304571391,0.0,0.10685774861283805,0.3954414010318382,-0.6058806944465734,0.00821584100298984,0.017734230652851263,-4.86603271976781,0,0.5192607585978612
50.186239999991365,-2.0804781426019874,0.5082319391927201,1.3456450957753254,-0.014758288607909172,0.04322891434074518,0.049972831557457145,-2.3462961641918807,0.7998938447736041,0.982132076306824,-0.010607410926271762,0.16162682352292243,0.05862628648084638,-2.1089391577133076,0.6642686265310661,1.0454651971356086,0.006795183809295382,0.10107862165358421,0.08026964719843763,0.09000117304571391,0.09000117304571391,0.0,0.11004202202495086,0.405171677913146,-0.6371469522196949,0.008349111741296114,0.016958724658072005,-4.866175307392715,0,0.5191580212134086
50.190399999991364,-2.080537714076719,0.5084190618471014,1.3458422172748732,-0.01429715393559642,0.04490943705151439,0.04730915989148167,-2.5755694445837523,0.37087066195119667,1.2779791363193078,0.2246170903400819,0.05465254027279355,-0.004624477188773499,-2.341790266193324,0.5176798564952082,1.1617166197366051,0.11564258339614032,0.07854672044039031,0.03665247844249016,0.09000117304571391,0.09000117304571391,0.0,0.10917784615931048,0.4016181235465258,-0.6270665552359262,0.008377301568403066,0.016916635257991468,-4.866318495710698,0,0.5190453684251874
50.19455999999136,-2.0805953795111343,0.5086131237686004,1.3460284171547725,-0.01383970425960867,0.046574861159755905,0.044687971175853436,-1.9701818513561702,0.1810674950396131,1.6218860793814462,0.1614656356830157,0.18434636260270934,-0.0044255364180740275,-2.15564887053938,0.34975309642259644,1.391797988756354,0.13915506660898389,0.13223746747100024,0.014854307627962126,0.09000117304571391,0.09000117304571391,0.0,0.10831914605685519,0.39808787551074776,-0.6171235975213543,0.008353319850942901,0.01723816590822507,-4.8664622514947435,0,0.5189228998104871
50.19871999999136,-2.080651154159465,0.5088140624591705,1.3462038700013987,-0.013385915599378979,0.04822528573683316,0.04210868319029277,-2.5511488647001235,0.3101026818302941,1.5263750646567273,-0.11255645102738837,-0.06945732009795946,0.19276001950739313,-2.353636036841494,0.3297815009369995,1.4594899781980137,0.013453691440297644,0.032192290503485155,0.10303867142030187,0.09000117304571391,0.09000117304571391,0.0,0.10746588893396182,0.3945807978436466,-0.607316270221729,0.008303618531072917,0.017738438715402257,-4.866606542336963,0,0.5187907145550154
50.20287999999136,-2.080713459884015,0.5089944321493676,1.3464112687872087,-0.014953373891989271,0.043288725647289736,0.04977570859442333,-2.43721991056958,0.12843854322304515,1.342985297142517,-0.15754679723959,0.1508811819850941,0.13812915556980151,-2.395754650487624,0.2294265230082439,1.4015155115157243,-0.07280535777211383,0.08956667213199399,0.12472434138107216,0.09000117304571391,0.09000117304571391,0.0,0.11066813514839244,0.40428937064049797,-0.6386557157943167,0.008438054181741574,0.016964204896607524,-4.866751465504082,0,0.5186881431984453
50.20703999999136,-2.0807738332000962,0.5091817886572744,1.346607542895644,-0.014489595859489609,0.04496556189762361,0.04710578602447562,-1.7050371155997694,0.684514962611887,1.3739924279725086,-0.12098862812793408,0.08219869721797392,0.12284114835773319,-2.050643685582346,0.4571438259182103,1.3880122115822968,-0.09642124615830827,0.08639874108892485,0.12237477229087981,0.09000117304571391,0.09000117304571391,0.0,0.10979946593139825,0.4007429671567643,-0.6285477329517095,0.008466410313358024,0.016922110834493215,-4.866896986689814,0,0.5185756457349376
50.21119999999136,-2.0808322895419358,0.5093760691990489,1.346792869822315,-0.014029522041515053,0.0466273300258927,0.04447846240100125,-2.1509714843763375,0.08641704850649928,1.2003572695218194,0.05472602956733593,0.0785427971879358,-0.06662760252287431,-2.1006958428564166,0.27194137488190073,1.294048601737284,-0.02019161698253271,0.08239188880333373,0.02607880165906867,0.09000117304571391,0.09000117304571391,0.0,0.1089363000417152,0.3972198241785928,-0.6185775774197798,0.00844209994016798,0.01724300397458821,-4.867043072432365,0,0.5184533220434016
50.21535999999136,-2.08088884424332,0.5095772114028028,1.3469674246300924,-0.013573128332260022,0.04827412890094667,0.041893153866598476,-1.8951977648529015,0.917018105071314,1.45959371238485,0.1482300074405564,-0.023464947441029775,0.07700443092177998,-1.9976380574283528,0.5944326477387588,1.3769841301335635,0.06449196929508305,0.030816467261090958,0.050746082514895395,0.09000117304571391,0.09000117304571391,0.0,0.10807860452419255,0.39371980602321155,-0.6087434352146948,0.008391826783571046,0.017742328382245792,-4.867189690096129,0,0.5183212716075554
50.219519999991356,-2.0809519669411536,0.5097578294670956,1.34717400352257,-0.015149447480106893,0.04334833543026623,0.0495789341946473,-1.878725534749157,0.3161595459588966,1.3126057499135115,0.05453400653606563,-0.12738445171341206,0.03143752094215614,-1.9380651900219634,0.4550360560099251,1.3448544234576312,0.05838614204308194,-0.05157353188197152,0.04371610557258776,0.09000117304571391,0.09000117304571391,0.0,0.11129941782268976,0.4034065626998205,-0.6401555610269991,0.008527481773556621,0.016969366034441977,-4.867336938127658,0,0.5182188669214162
50.223679999991354,-2.081013146126038,0.5099454189802644,1.3473694318467453,-0.014683004372220834,0.04502148316050619,0.04690279780203213,-1.5296918423505663,0.15190165374492703,1.553137229225742,0.09780899977423199,0.020297674434996773,0.22591127537493585,-1.7336750567972967,0.30350695554575075,1.4494700354425074,0.07945969881328192,-0.014682427651974412,0.13342550546497206,0.09000117304571391,0.09000117304571391,0.0,0.11042621578197657,0.39986731507321005,-0.6300201457086824,0.00855602945283171,0.016927268012374028,-4.867484781968525,0,0.5181065254042839
50.22783999999135,-2.081072397312978,0.510139917285554,1.3475538875788564,-0.014220284865548412,0.04667959326949832,0.044269375706652986,-1.754052848555174,0.4037184354091379,1.4736917000953236,0.03600089703249412,0.02497253413918024,0.04685884404042226,-1.7437893298733163,0.3536644800212935,1.4616797746553463,0.05778857791680171,0.005555472727183283,0.08953591383983152,0.09000117304571391,0.09000117304571391,0.0,0.10955854488025957,0.39635128209443915,-0.620022943612648,0.008531401077911015,0.017247525041681488,-4.867633187912222,0,0.5179843472371641
50.23199999999135,-2.0811360893419764,0.5103197597695062,1.3477613072754,-0.015286086959629715,0.04316219614853913,0.04978072717047251,-2.6017380653000775,0.32963569593345987,0.7681223309476788,-0.021813417177793587,0.02485738130325278,0.15715919162395256,-2.172813100379826,0.3417051005813302,1.115218736437908,0.017044479855245938,0.013532783542562824,0.12543474769798882,0.09000117304571391,0.09000117304571391,0.0,0.11175725712970443,0.40321750756116825,-0.6427259377334954,0.008622111347967223,0.016679026023620713,-4.8677822153862165,0,0.5178833909227428
50.23615999999135,-2.081197829807489,0.5105065705563289,1.3479575316273693,-0.014817711723042436,0.0448345888374584,0.04709384447261681,-2.3453936649680873,0.4558776835769861,1.3343313570052473,0.11783806644064884,0.017618713725447595,0.037410994635482656,-2.2588602124735315,0.39882727567576054,1.2248571212666348,0.06778194827389655,0.016326428467061338,0.08011700629527922,0.09000117304571391,0.09000117304571391,0.0,0.11088074591929167,0.39968055116352696,-0.6325498563910597,0.008627943671974284,0.016739077017760284,-4.867931829806097,0,0.5177724753202281
50.24031999999135,-2.081257634283731,0.510700287030082,1.348142739325912,-0.014353074298006342,0.0464919537007319,0.044449847650248814,-2.1120566636820715,0.4519625133065742,1.6067603351158604,0.23132756084129721,0.04468309716234633,0.275199900523104,-2.184975294312265,0.4254878614670958,1.4163858684303825,0.1490817634293742,0.030668538379578586,0.17665539929168297,0.09000117304571391,0.09000117304571391,0.0,0.1100097863230942,0.39616679289631096,-0.6225125434995522,0.00859171744603169,0.017110327519281217,-4.868081997441913,0,0.5176517009117403
50.24447999999135,-2.0813155182435468,0.5109008469856938,1.3483171066127568,-0.013892150355815012,0.04813438934685043,0.04184814884278541,-1.985204089650672,1.1006356721257382,1.9255770433391497,0.022305612955257324,-0.03282711411067469,0.02498026834302858,-2.085041843646514,0.7629956644101173,1.671038483996313,0.08567515599566783,0.0001496039786190021,0.1001030029439277,0.09000117304571391,0.09000117304571391,0.0,0.10914434507815507,0.39267609743168286,-0.6126121725736882,0.008534839503017488,0.017634122572130456,-4.868232685399613,0,0.5175211677801288
50.24863999999135,-2.081379052001684,0.5110836765728566,1.3485193979601098,-0.015248101952929308,0.04387910091906606,0.04854992336468985,-2.263542990241442,0.15878159526430013,1.042761371589066,-0.037090111709352655,0.2046326576176419,-0.09277794333881823,-2.174367874585117,0.46131559892154067,1.3566967779431174,0.022887787589241888,0.09970117883515063,0.0064531839064880005,0.09000117304571391,0.09000117304571391,0.0,0.11192412802916887,0.40101748344504806,-0.640069104796623,0.008643448471225935,0.017012522046114704,-4.868383976689038,0,0.5174164019323715
50.252799999991346,-2.081440631332129,0.5112734357500145,1.3487105410159457,-0.014779039306821439,0.04554220251790551,0.045874333400598086,-2.3111932817864957,0.4798260980372895,0.6529835606609593,0.10737540011043464,0.07440351251595337,0.07216362576295106,-2.2425586239916946,0.4707234440983313,1.0049878596420712,0.06533106198645977,0.08815558636508114,0.038094257702292876,0.09000117304571391,0.09000117304571391,0.0,0.11104607866147441,0.3974961906163744,-0.629923022890045,0.008658053098109806,0.017044219825772235,-4.868535836912747,0,0.5173017069801976
50.256959999991345,-2.081500271835492,0.5114700621790318,1.348890713938577,-0.014313720807141385,0.04719034296415546,0.04324150143151299,-2.0432035677861857,0.1008921788557563,1.7982956482900512,-0.0645901993368912,-0.04827603924371242,0.008518718621357106,-2.1430131081340877,0.2857033489902231,1.4016666498542578,-7.252333624345572e-05,0.02065141198176252,0.02252651921624124,0.09000117304571391,0.09000117304571391,0.0,0.11017359076003308,0.3939980007934205,-0.6199153366536103,0.008626038353993802,0.017399504375508138,-4.86868823252548,0,0.517177183520075
50.261119999991344,-2.081564507827872,0.5116519093387942,1.3490942444036154,-0.01541663817118458,0.043643318342979465,0.048847311609186324,-2.355409504924242,0.34778909874788666,1.5708351832188432,-0.13430212391887733,-0.17148693999458411,0.14058892168089077,-2.2494905612191594,0.3163931008697858,1.486537823902342,-0.06793656253377744,-0.07691068256630207,0.08477045604529784,0.09000117304571391,0.09000117304571391,0.0,0.1124471964720662,0.4009215715446489,-0.6429851034399741,0.008718742690923487,0.016841378503076414,-4.868841227408214,0,0.5170741922625158
50.26527999999134,-2.0816267801855326,0.5118406845951131,1.3492865757283594,-0.014945365838578228,0.04530606151652819,0.04615951793859004,-2.1483290928994854,1.0670717721403422,1.4586767482943455,0.12828241060992462,-0.07544160523256516,0.057812064739031006,-2.198643289005057,0.6915789903677214,1.4727305428809458,0.030638080672653757,-0.07531906899038834,0.06975222428806453,0.09000117304571391,0.09000117304571391,0.0,0.11156541367623125,0.3974019806361922,-0.6327936932851312,0.008725110450590354,0.016904818486379338,-4.868994787028402,0,0.5169612462774403
50.26943999999134,-2.0816871045759533,0.5120363256402533,1.3494678868683418,-0.0144778537009472,0.04695385083363622,0.043514673595790976,-2.238763456186165,0.6060308178238234,0.7008526598178207,0.02518838922758701,-0.15415231679674712,0.009773516569535338,-2.218652341752127,0.6484818087984632,1.0868091244762936,0.028432663408043516,-0.11383420205932639,0.038518597732402404,0.09000117304571391,0.09000117304571391,0.0,0.1106892153551342,0.3939054795808342,-0.6227412952035178,0.00868869580574092,0.017275980057432406,-4.869148877710412,0,0.5168384464739006
50.27359999999134,-2.081745496564656,0.5122387705752399,1.349638354325625,-0.014014077288585268,0.048586784396787715,0.04091218974792732,-1.55427816056559,0.23389527833823048,1.0799304243762804,-0.06081548467828964,0.047084979955717525,-0.024006298023167685,-1.8865892092546077,0.441280732051121,1.0833228485888233,-0.015169878875584858,-0.032016521148356986,0.0057913379127540335,0.09000117304571391,0.09000117304571391,0.0,0.10981856805624221,0.39043193375809304,-0.6128260795952478,0.008631272898081677,0.0177979612784663,-4.8693034666168735,0,0.516705893351176
50.27775999999134,-2.0818100184491066,0.5124225347359842,1.3498384675361084,-0.015485252268171044,0.04410339857861947,0.048027170516035236,-1.849570322209036,0.5844911390043077,1.093408185365742,0.06715700516464936,0.0038985867262477866,0.0021053167601402523,-1.8679387031965067,0.5128994868055646,1.0883624230767877,0.02545029539585761,-0.016196288754442612,0.007575746420517039,0.09000117304571391,0.09000117304571391,0.0,0.11283015520431333,0.3992293110600341,-0.6419319511500658,0.00875433338998645,0.01712662195531997,-4.869458647245115,0,0.5166006485724685
50.28191999999134,-2.081872570002353,0.51261319728119,1.3500274005072386,-0.015012372779146283,0.04575901084939277,0.04534391307124866,-2.098908754830569,0.1698592047313417,1.4545012619903164,0.0034648125835743723,-0.01086889747388179,-0.016432738601312967,-1.983418535271696,0.34135305507048214,1.2714015548607986,0.014649736829448699,-0.012915881065528025,-0.00506642251244127,0.09000117304571391,0.09000117304571391,0.0,0.11194543214005252,0.3957221175236979,-0.6317485199161454,0.008775582220021234,0.017132107700898812,-4.86961438498709,0,0.5164854635768695
50.28607999999134,-2.081933166943663,0.5128106961230212,1.350205332050424,-0.014543265914418551,0.04739972203947717,0.04270357036448995,-1.8737314541845593,0.7047930183551783,1.3769224431243483,0.026135330978912196,-0.10360995972970394,-0.06089960883355133,-1.9285206926620853,0.5228588892339124,1.3240388418837559,0.02078906468248288,-0.05768735091300396,-0.03431324944633041,0.09000117304571391,0.09000117304571391,0.0,0.11106631180429262,0.3922379376119891,-0.6217040184448778,0.008746314354686674,0.01747295479526214,-4.869770646094898,0,0.5163604394547779
50.290239999991336,-2.081998586612954,0.5129930142192025,1.350407448972354,-0.015700720629768315,0.04375634308350868,0.04850806126322434,-2.230530387894494,0.7250377117799408,1.2576965747914715,-0.03387678201109735,0.10716655815434944,0.007793168642866798,-2.0795971269110285,0.6241753071947748,1.2908768307868408,-0.007016099454171891,0.02343626383851923,-0.010078203134197196,0.09000117304571391,0.09000117304571391,0.0,0.11345035069498932,0.39935405492440335,-0.6455655410806906,0.008847381451567885,0.01688672430661302,-4.869927499505769,0,0.5162576615530188
50.294399999991334,-2.0820620250222586,0.513182233117572,1.3505983222097542,-0.015225218233095713,0.04541253560869289,0.04580957697602005,-1.996490663826867,0.8600095812324244,1.1502886068452545,0.11736777882270368,-0.06173127160767858,0.0063435136139149695,-2.0378006993769384,0.7419622379823829,1.2205974970894153,0.05589255420359821,-0.017479688010068446,-0.0031030486895825635,0.09000117304571391,0.09000117304571391,0.0,0.11256126026494295,0.39584714266630466,-0.635326925667801,0.008857296170331963,0.01693496796070959,-4.870084910361123,0,0.5161449106167189
50.29855999999133,-2.082123497969199,0.5133782907355469,1.350778131545187,-0.014753507265721269,0.04705382831395647,0.04315424050388894,-2.0279493661351853,0.3588974344305894,1.329298447964599,0.11635614659933442,0.04827848003631754,-0.046641918208820674,-2.032632656391397,0.5505265028029922,1.2748556203691308,0.08598102292837251,0.01591004287870918,-0.026745464066447802,0.09000117304571391,0.09000117304571391,0.0,0.11167779938283659,0.3923632390842562,-0.6252279863978913,0.008822027313109018,0.017297397252014825,-4.870242844669702,0,0.5160222880829981
50.30271999999133,-2.0821830211485906,0.5135811253978073,1.3509470542960762,-0.0142855630539897,0.0486803189425087,0.040541460213404865,-2.1130776161438956,0.4678885519910425,0.9330318324930207,-0.07647824626967645,0.15180230087667188,-0.020316585521301236,-2.0730149484212714,0.5095207728966789,1.1039017288443536,0.0048467554427573944,0.0847709770319568,-0.024806726366912422,0.09000117304571391,0.09000117304571391,0.0,0.11079993431763788,0.3889022100538976,-0.6152668848970748,0.008764556263551694,0.017813888058507737,-4.870401269288675,0,0.5158898949727896
50.30687999999133,-2.0822487596829773,0.5137653290710976,1.3511457794376363,-0.01577724825283877,0.0442088815896733,0.04769403397443055,-2.0069673681084925,0.8041455423893399,0.5425016755850927,0.03196673205375427,0.03573024539248325,0.19672281296780714,-2.0399216073562987,0.656914527851047,0.82359897809884,0.017155374483987722,0.057854031328407905,0.08977780174715448,0.09000117304571391,0.09000117304571391,0.0,0.1138538242919864,0.3976752126162551,-0.6445192051975744,0.008891029399066889,0.017141325181675694,-4.8705602804018895,0,0.515784897340487
50.31103999999133,-2.082312509898862,0.513956404072894,1.351333279672412,-0.015300051812365016,0.045858000431135186,0.04500005634616764,-2.9265340236754094,0.1624042822666391,1.893083793798306,-0.10869387143872596,-0.031115507068379296,-0.0560145649479302,-2.483460452261006,0.4095894310000159,1.3582342549608564,-0.045591652810735406,0.014237761096340583,0.01598025524337443,0.09000117304571391,0.09000117304571391,0.0,0.11296165215121537,0.39418061429423035,-0.6342885263016222,0.008913337660326776,0.017145070415937484,-4.870719843036684,0,0.5156699409157088
50.31519999999133,-2.0823742876481774,0.5141542885390153,1.3515097346396328,-0.014826659835700326,0.04749227186911855,0.04234919213295187,-1.7712901277636237,0.5065548964535729,2.302153093433988,0.06444456529061938,0.055805834631422045,-0.1291869076893479,-2.1272389525682596,0.45818485875675374,1.829933413297162,0.010712280172270579,0.03697037456131513,-0.05747832013294187,0.09000117304571391,0.09000117304571391,0.0,0.11207512866513014,0.39070894890264557,-0.6241974416311489,0.008883959412197835,0.017483928324041144,-4.870879923091708,0,0.5155451273178198
50.31935999999133,-2.0824409488253086,0.5143370464164385,1.3517104847137518,-0.01599868251144151,0.043861890581559516,0.048180017788566065,-2.1594617116551964,0.6022561407309235,1.618510092819607,-0.07755901604496883,0.15935019599615458,0.13412948922043288,-2.143510278325225,0.5305554468950318,1.724492062902539,-0.03418694422415685,0.09695264663820378,0.04177350561383054,0.09000117304571391,0.09000117304571391,0.0,0.11448959167683095,0.3977985894378079,-0.6481603715633862,0.008987452173414841,0.016898655375282054,-4.871040591458963,0,0.5154426114503993
50.323519999991326,-2.082505610480333,0.5145266780161738,1.3518999463005597,-0.015518797205787624,0.04551158393647899,0.045470780833899146,-2.039501109299604,0.6191434943767704,1.1426787420652547,0.056903188458750184,0.04612830255372877,-0.11225913405902212,-2.091388343975619,0.5749437614874316,1.4333508021336332,0.012186518130460858,0.07263742475482664,-0.036659415622062194,0.09000117304571391,0.09000117304571391,0.0,0.11359294462656713,0.3943042836495546,-0.6378744416015656,0.008997922779856553,0.016946250996362003,-4.871201812886775,0,0.5153301037246486
50.327679999991325,-2.0825682885454686,0.5147231214795018,1.3520783000116354,-0.01504273563260514,0.047146431198725074,0.04280489065817081,-2.060294751751234,0.2571898227348649,0.9231595833559971,-0.07527757798713561,0.11622711748607123,0.2971922898002204,-2.0759995526130024,0.41630468260054043,1.1788737278835824,-0.03074791886957864,0.09521567648951014,0.12834389848028416,0.09000117304571391,0.09000117304571391,0.0,0.11270197370692239,0.39083290576663604,-0.6277288529923812,0.008962281775953373,0.017307239258781745,-4.871363553002518,0,0.5152077061092498
50.331839999991324,-2.082628998849249,0.5149263153534794,1.3522457239817263,-0.014570472907247481,0.04876652975461189,0.040181752821814666,-2.076020426729373,0.5307610679236331,1.6599953116277124,0.0639318061197393,-0.06711746577230952,0.0231617345310677,-2.0758782383328387,0.4733931202673273,1.4194888837908157,0.01717482020408513,0.014517984527128625,0.07440278731516313,0.09000117304571391,0.09000117304571391,0.0,0.11181664489741565,0.38738432215728835,-0.6177217585709874,0.008903981345788974,0.01782190226501408,-4.87152577829345,0,0.5150755201502992
50.33599999999132,-2.0826959951249453,0.5151109729940082,1.3524430353853798,-0.01607910616712535,0.0443178337269146,0.047354736876839804,-2.3745763009094834,0.36934450257134105,1.5565287606870153,-0.06240959472591153,0.19149074854011228,0.027161361850536442,-2.2253561697085327,0.42177160366932376,1.4880588728346276,-0.02405489773916474,0.10048059586251618,0.054344824525417584,0.09000117304571391,0.09000117304571391,0.0,0.1149057430559583,0.39611131521331217,-0.6470516096691519,0.0090330937173989,0.017152177773659308,-4.871688587345432,0,0.5149707517500685
50.34015999999132,-2.0827609845970945,0.5153024747343111,1.3526290781714776,-0.015597473315772204,0.045960417672700773,0.044650268663493184,-1.4245736025372127,0.9089795845804277,1.1123272855968154,0.011725203324406987,-0.003895611109303261,0.02089509179556232,-1.8249367265227703,0.6653685124702214,1.300237043866467,-0.005286268220137372,0.04944747299414191,0.03611580561787082,0.09000117304571391,0.09000117304571391,0.0,0.1140059231303485,0.39262938088928845,-0.6367745288392361,0.00905605618772582,0.01715621136329209,-4.87185194476504,0,0.5148560061547681
50.34431999999132,-2.082823983253833,0.5155007589350696,1.352804032792204,-0.015119677617274263,0.04758820818205507,0.04198910897433937,-2.1187362942147825,0.1659942630342926,1.165719661700675,0.04949591727945444,0.2543403743600677,0.22813204534768317,-1.9717358528195488,0.4162042827061951,1.2334546855269093,0.02221511372947176,0.15314601925543872,0.1307816353353936,0.09000117304571391,0.09000117304571391,0.0,0.11311179899345895,0.3891702983925679,-0.6266376952288852,0.00902634652744326,0.01749409242677235,-4.872015816042422,0,0.5147313855129544
50.34847999999132,-2.082891933381662,0.5156839582406152,1.3530034123141323,-0.01630803067889032,0.04396783333094165,0.04785108526279469,-2.1446107709139324,0.6962610337547073,0.9323380158262234,-0.275607120255076,0.09786249746802145,0.08230083445376352,-2.0587456742257344,0.5564398083639985,1.0830593011918048,-0.1276877227025853,0.12471956184339587,0.10948983462927059,0.09000117304571391,0.09000117304571391,0.0,0.11556026406863171,0.39623945255479054,-0.6507213157196943,0.00913239161896199,0.01690962614158622,-4.872180274160064,0,0.5146291335563858
50.35263999999132,-2.0829578651711214,0.5158740041244152,1.3531914591347094,-0.01582362947028455,0.045611012112013974,0.04513123693850151,-2.319023313286473,0.6042781250436592,1.5029033375787961,-0.12641920854544836,0.011154399613717975,0.05147247007973004,-2.18914843859929,0.5803797764804564,1.293095425267158,-0.12745010299308218,0.0692549136113531,0.07851016654473277,0.09000117304571391,0.09000117304571391,0.0,0.11465584087283884,0.39275778251019766,-0.6403886279589822,0.009143460993148552,0.016956501753530823,-4.872345283415294,0,0.5145168708877271
50.35679999999132,-2.0830217946929435,0.5160708349521224,1.3533683546847635,-0.015343085237329808,0.04723939864971055,0.04245493201297414,-2.3737222671315297,0.10352163490210126,1.156743326093213,-0.04200127429054771,0.0827818124493078,0.10129323705280648,-2.281524673957049,0.3421175570087495,1.2251319743558935,-0.08440990378225825,0.07697707325743679,0.08852225348150675,0.09000117304571391,0.09000117304571391,0.0,0.11375714172280099,0.3892989594194345,-0.630196939106279,0.009107448949320439,0.017316016436728386,-4.87251080899737,0,0.5143947000083542
50.360959999991316,-2.083089812569998,0.5162550116557908,1.3535658240172568,-0.01632429049308643,0.04420240888043547,0.04739263979840606,-2.3096750779362076,0.4904973028340074,1.5787334838585438,0.051813881288381915,0.11160786624330712,0.04587007055892164,-2.2954908759280173,0.4165432301037671,1.4020247839247413,-0.016992227454546597,0.09303008240379004,0.07000117171050893,0.09000117304571391,0.09000117304571391,0.0,0.11579071500013394,0.39519849619592207,-0.6505718302184208,0.009187694123105028,0.016864087777735237,-4.872676908730864,0,0.514291350313376
50.365119999991315,-2.083155808097653,0.5164460166968904,1.3537519635888495,-0.015838926637150388,0.045841209863914024,0.044673497182237155,-2.38447061028669,0.6814141874749602,1.1348744595960851,0.09129684275623122,0.04634512711245026,0.24662842603047025,-2.3397912307442486,0.5490747055457723,1.2689625182522433,0.037029870310413986,0.07077401027747149,0.1574447563870946,0.09000117304571391,0.09000117304571391,0.0,0.11488442716243105,0.3917246366206144,-0.6402362480672672,0.009185723491721247,0.01697641019668931,-4.87284354702261,0,0.5141779939827302
50.36927999999131,-2.083219797379464,0.5166437885796311,1.3539269548788844,-0.015357427634610421,0.04746525185776952,0.04199790960838843,-2.2627736744172062,0.6225442878418931,1.0137424342842094,-0.20103676329669176,-0.17226845511060884,0.07473682153143993,-2.301700715451627,0.585450108519309,1.1415090005991888,-0.08167509850179933,-0.049967664935282506,0.11472097436675073,0.09000117304571391,0.09000117304571391,0.0,0.11398387517324328,0.388273575487327,-0.6300417204393867,0.00914305324052957,0.01736783268404857,-4.873010689170523,0,0.5140547336936189
50.37343999999131,-2.083287834243399,0.5168291634849866,1.3541221798421499,-0.016328847344487835,0.044489977285326054,0.04685399118370506,-2.1292573982986287,0.4061094183758696,0.910877158235194,0.04036434605188324,-0.08111571757476704,0.09584792237470766,-2.2153946835514833,0.4956128797553107,1.026386603298722,-0.020283318733842322,-0.06702528062705859,0.10731631152828691,0.09000117304571391,0.09000117304571391,0.0,0.11599786498147352,0.39404828586331686,-0.6500828503586775,0.009219718317398228,0.016944296921915042,-4.873178393153618,0,0.5139499653768542
50.37759999999131,-2.0833538451603384,0.5170213465516103,1.3543060839389305,-0.01584262006541758,0.046123935989661385,0.044136983227322756,-2.018437250028803,0.4432307389691672,1.1613567199512163,-0.07599029655997529,0.10515890991984453,0.09468812777169877,-2.1170727599554593,0.4696367950171881,1.094073812267029,-0.04807853926948653,0.02067875440124622,0.09895579428591414,0.09000117304571391,0.09000117304571391,0.0,0.11508986291959417,0.3905829483408859,-0.6397491141058262,0.009215824753031645,0.017069899574617832,-4.873346623487245,0,0.5138351980259835
50.38175999999131,-2.083417846263905,0.5172202764348496,1.354478848613497,-0.015360264855998016,0.04774317197742828,0.0414635218959746,-2.6762650487629926,0.3510792846800067,1.7578162365243226,-0.16216466633749063,-0.011695305005517166,-0.04330158289858564,-2.397011219401553,0.41033156586611225,1.4258628404030769,-0.10458330559579562,0.005127772850401367,0.02627949224381572,0.09000117304571391,0.09000117304571391,0.0,0.11418760759401823,0.38714035662316515,-0.629556425231469,0.00917206189642945,0.017467052979524077,-4.873515345576915,0,0.5137105344743315
50.38591999999131,-2.0834861145917176,0.5174063525520174,1.3546726660804869,-0.016384398675062493,0.044658268120269254,0.046516192077519836,-2.278855861179048,0.9146849374311279,1.654452521401482,-0.07244580591713162,0.11784728608589091,0.09849313129838579,-2.3380840845991915,0.662758325642527,1.540359119374645,-0.08818679045639452,0.06079470785070843,0.06479738313442598,0.09000117304571391,0.09000117304571391,0.0,0.11630742604007957,0.3931339757326891,-0.6503809472700811,0.009254775155183803,0.017022989969849425,-4.873684622146061,0,0.5136050949116597
50.39007999999131,-2.08355235155832,0.5175992208357842,1.3548551577594845,-0.015896871984511438,0.04628838810405635,0.0437980029594409,-2.3763609300171393,0.5513073009885431,1.4197289486869769,0.03709801035373603,0.014759349866695762,0.13511364584438604,-2.3571458525808953,0.607060809829242,1.480327058249413,-0.02543690384086565,0.03870444599839775,0.0985874192695619,0.09000117304571391,0.09000117304571391,0.0,0.11539704704016601,0.3896756427378426,-0.6400382415454178,0.00925371533707549,0.01713762435726658,-4.873854417695034,0,0.5134896562481881
50.394239999991306,-2.083616573339421,0.5177988200657705,1.3550265052505637,-0.015413227464302477,0.047903815196712295,0.041123397858987644,-1.3304801119759184,0.7135066508646791,0.8768894949002928,0.08271355287267267,0.22800706200559204,0.10099327664028379,-1.8436349794436286,0.6607571105649187,1.1788184820980494,0.029219481093759582,0.13411908086577248,0.0976913413739104,0.09000117304571391,0.09000117304571391,0.0,0.1144924296380285,0.3862400116716107,-0.6298367187124274,0.009211181186334183,0.017528594627714417,-4.874024697616038,0,0.5133643215078284
50.398399999991305,-2.0836852308467297,0.5179852346413881,1.355219519641946,-0.016477801754091723,0.044739498148223124,0.04632345393179275,-2.44025673494839,0.3060441508112163,1.7369215310325101,0.07357352038180623,0.15468797560489814,0.001525925470086148,-2.141797140757962,0.48372312988247845,1.4578714829684687,0.05146073456647916,0.1428467954838903,0.05230882136842395,0.09000117304571391,0.09000117304571391,0.0,0.11669364782210381,0.39239237323474996,-0.651249319870471,0.009299623190022066,0.017064398746234,-4.874195528302052,0,0.5132587565385169
50.402559999991304,-2.0837518502190604,0.5181784284501652,1.3554011933140035,-0.0159886493593619,0.04636651410648981,0.04360168129376622,-2.607836851184455,0.6699445088159833,1.5762416405989925,-0.051956544055078824,0.09376292691734744,0.013705538301685777,-2.37493045416616,0.5770292934343187,1.5170890087923936,0.0007824108328369304,0.11871823103677127,0.03151347883957846,0.09000117304571391,0.09000117304571391,0.0,0.11578039460879899,0.3889399327147263,-0.6408898030741825,0.009301194352939331,0.01716841729464984,-4.874366874147123,0,0.5131431867513052
50.4067199999913,-2.0838164476832217,0.5183783403763156,1.3555717081609895,-0.015503391398692449,0.047978862276112484,0.040923563276599184,-2.2491945425084245,0.30058349303795656,1.4584317651453118,-0.005398721019318032,-0.10666124766392052,-0.03346548048391504,-2.3120718598468173,0.43857966553890476,1.4876931255572912,-0.002782748969437553,0.007457047880318707,-0.0022971592592253834,0.09000117304571391,0.09000117304571391,0.0,0.11487292083770252,0.3855101566667464,-0.630671708123292,0.00925974480558217,0.01755353487285019,-4.874538700440777,0,0.513017715387134
50.4108799999913,-2.083885558891791,0.518564967865073,1.3557641272064003,-0.016586690056637484,0.04479059730177985,0.04618057089858993,-1.426673235651743,0.965875399201513,1.2566897296417903,-0.047103983926759754,0.08266228651688368,0.08311984482172573,-1.8694641084191297,0.7024062442542118,1.3723582826359102,-0.025045680235417672,0.043570514428379364,0.04252895626111881,0.09000117304571391,0.09000117304571391,0.0,0.11711210147320407,0.39171027792462976,-0.652310694514187,0.0093513264845865,0.01708101376591846,-4.874711075492069,0,0.5129122151808416
50.4150399999913,-2.0839526246203555,0.5187583627083929,1.3559451872128796,-0.016095774855444042,0.04641476239677337,0.043454401555065095,-2.1706351212017188,0.7459342060134042,1.8360419607914278,-0.08224183607894414,0.09926448185188654,0.013165804836514958,-2.020222279671938,0.7243767662384546,1.604234567013628,-0.05388205727355727,0.07152487037571312,0.02601429279170212,0.09000117304571391,0.09000117304571391,0.0,0.11619576335324407,0.38826334723394973,-0.6419317217149156,0.009354215064818351,0.017180374839461224,-4.874883963546697,0,0.5127967024646445
50.4191999999913,-2.084017661150631,0.5189584638883117,1.3561150704155405,-0.015608767266088704,0.04802428318048997,0.040771968638617796,-2.041482710366335,0.8002864121629222,1.5203574430669953,-0.03227153562896614,0.11692958820729504,0.10457853774714013,-2.0309187606696995,0.7625745887511025,1.562514910360605,-0.04356237002969575,0.0945809927195072,0.06434320760834744,0.09000117304571391,0.09000117304571391,0.0,0.11528522378306023,0.3848390457661332,-0.6316944445743811,0.009313174450084529,0.01756267309302699,-4.875057329750339,0,0.5126712807060331
50.4233599999913,-2.084087246887373,0.5191452894469469,1.3563069175925373,-0.01670057681814636,0.04483813407247345,0.046043322479251844,-1.7778134223190059,0.29857664118570515,0.8529806969736077,-0.0012741098692436049,-0.05870070704957308,0.22457578091892477,-1.9043659786638247,0.5304522246937915,1.2082042296686233,-0.02289786025200603,0.01701120921729367,0.14719969363239485,0.09000117304571391,0.09000117304571391,0.0,0.11754192801338018,0.39103473043995174,-0.6533891921976398,0.0094063776556077,0.017088814635085593,-4.8752312435065255,0,0.5125658691694549
50.4275199999913,-2.084154779597904,0.5193388705977645,1.356487387109437,-0.016207850527356668,0.046459476196223926,0.04331268405593342,-2.222873782662237,0.029536436816502754,1.2705190922568017,-0.09233680296560338,0.05453901002572419,0.004847603576407934,-2.063815284677714,0.2801021542681223,1.2393741618248932,-0.057075601131848945,0.0367877027214364,0.07507976651719589,0.09000117304571391,0.09000117304571391,0.0,0.1166224288915758,0.3875932684322456,-0.6429905429625904,0.009409816808162214,0.017187019592792282,-4.875405668893614,0,0.5124504371856298
50.431679999991296,-2.084220275620211,0.5195391464198934,1.356656661546112,-0.015719045353695883,0.04806619731093315,0.0406258648019998,-2.2228364361906663,0.9285086622787886,1.2689817478936642,-0.14026979095813696,0.07737303253968328,0.1039855690368636,-2.1436195386190127,0.604469006245175,1.2543983810166774,-0.09827868526092264,0.057978330763510964,0.08764015444601204,0.09000117304571391,0.09000117304571391,0.0,0.11570874788318575,0.38417440063352365,-0.6327338660566308,0.009368793985056498,0.017568256573780673,-4.875580570894832,0,0.5123250884499431
50.435839999991295,-2.084290348629532,0.5197261755848134,1.3568479266618898,-0.01681752223708691,0.04488699958078975,0.045903627786655604,-2.491830631820306,0.5243458390136667,0.8704340928797765,-0.012483274022453358,0.10237138787934183,-0.03906717751351377,-2.3177507422888666,0.5646227398572534,1.0623259680091466,-0.05670607039567923,0.0787543260869532,0.027335202324630367,0.09000117304571391,0.09000117304571391,0.0,0.11797929541860414,0.3903559566652002,-0.6544525451566579,0.009463213511321952,0.017094951597617966,-4.87575601985673,0,0.5122197588814894
50.439999999991294,-2.084358360933252,0.5199199485225269,1.3570277957611236,-0.0163229528928005,0.04650550505125021,0.043168583816099254,-2.7010490210429756,0.5221602669698397,1.172439415802948,-0.08457971161284893,0.008679258297537767,-0.02485701568079446,-2.50957908946482,0.5434075284864675,1.1173361181181543,-0.07035148144880611,0.044553318061641256,-0.0008528469100481937,0.09000117304571391,0.09000117304571391,0.0,0.1170565838755597,0.3869199852690602,-0.6440344442389889,0.009466994923322362,0.017192944585987052,-4.875931979675952,0,0.5121044010038922
50.44415999999129,-2.0844243289265476,0.5201204044096417,1.3571964517644912,-0.015832318390891137,0.04810941290755609,0.040477440808220605,-2.1251712833226755,0.8036780054414747,1.0369068451793892,0.22621512497029198,0.10043964613820855,0.0650129585785512,-2.3169037055641124,0.6737516013589316,1.0772608128421368,0.07874466125494595,0.07340572026955296,0.02983084218058277,0.09000117304571391,0.09000117304571391,0.0,0.11613971031861564,0.38350657293900525,-0.6337585893007558,0.009425880062244416,0.017573591105137808,-4.876108415159188,0,0.5119791187402175
50.44831999999129,-2.084494904086143,0.5203076373999576,1.3573871336388328,-0.016938038302900138,0.044935917675797,0.04576364984197391,-1.3789521837812986,0.6150301213176226,1.6577275918024,-0.04820257680819875,-0.04427357081746868,0.012471304185451594,-1.848021124210952,0.6443016877093752,1.3675195661565291,0.015030517156473924,0.012974814487483397,0.02338227163835405,0.09000117304571391,0.09000117304571391,0.0,0.11842526927629729,0.38967650187126046,-0.6555093570141615,0.009521531982660845,0.017100807640619928,-4.87628539763748,0,0.5118738725393053
50.45247999999129,-2.0845634107086766,0.5205016023317788,1.357566401253907,-0.01644158940806057,0.046551583637083005,0.043024227617826274,-1.9944841602777106,0.34596878044537716,1.121786647758366,-0.17105262678448693,0.03959130509819754,0.05189548271673596,-1.9216098450121673,0.49521322847880395,1.2447625338035415,-0.07780998083367799,0.02737130951895513,0.0360958408211626,0.09000117304571391,0.09000117304571391,0.0,0.11749928692667533,0.3862460266003259,-0.6450719105638869,0.009525657397192064,0.017198573681366652,-4.876462890810757,0,0.5117585901586638
50.45663999999129,-2.0846298652475563,0.5207022384792874,1.3577344378693357,-0.015949089331126955,0.04815267540206923,0.04032878770288666,-2.117672053461846,0.4099405261659993,1.9026252797961711,-0.08956311205692628,0.038325443581514476,0.04587502245358908,-2.0198286817504396,0.4526545467239036,1.573796144841286,-0.08365121979494616,0.03354475096067786,0.03991929663600651,0.09000117304571391,0.09000117304571391,0.0,0.1165791627859062,0.38283807521847785,-0.634776982289387,0.009484445118688583,0.017578623249142743,-4.876640859294468,0,0.5116333757492182
50.46079999999129,-2.084700958990755,0.5208896717619074,1.357924541599319,-0.017062498367703297,0.044983987828784024,0.04562489519602829,-1.9681925659621708,0.2719416701928011,1.3834379658645062,0.06011977451400652,0.08366633148970506,0.11154051270255895,-1.9938827500381777,0.3624749668869303,1.4788443675852845,-0.012960241938526221,0.05663117407498763,0.07733937686648687,0.09000117304571391,0.09000117304571391,0.0,0.11888064322089509,0.38899817313235124,-0.6565656728589229,0.009581383311228306,0.017106164615850468,-4.876819375435747,0,0.5115282200599705
50.46495999999129,-2.084769976199299,0.5210838251748674,1.3581032128349535,-0.016564130050525094,0.046596819110410075,0.04288109655226556,-2.2095206901719107,0.5305688753806738,1.7462187712537944,-0.10543579322266022,0.04929347468113156,0.03767723379305536,-2.101923146724506,0.4466231093654606,1.6126149349402765,-0.05889671423536575,0.05417305976141118,0.056007253688790594,0.09000117304571391,0.09000117304571391,0.0,0.11795132646074012,0.3855731878251183,-0.6461089035379568,0.00958587293491523,0.01720360799832116,-4.876998402722464,0,0.5114130202514414
50.469119999991285,-2.0848419579360513,0.5212691305177697,1.3582966868788655,-0.01727561682057202,0.044473282296558454,0.046433770538891854,-1.8692420544586412,0.5719500632531429,1.0853150561683913,-0.1187159875565522,0.05356300816353169,-0.0122227227733121,-1.9858261455431758,0.5094022803461734,1.3489346763558998,-0.08964526958273406,0.052229587787048094,0.022476770224871483,0.09000117304571391,0.09000117304571391,0.0,0.11944856214397973,0.38964176231766945,-0.6609227951673774,0.009660369999947401,0.016809171530666554,-4.877177982276474,0,0.5113112988175212
50.473279999991284,-2.0849118531173745,0.5214611675342181,1.3584786521762213,-0.016774843517555947,0.04608888394762745,0.043671671365371104,-1.8275764204762655,0.9202807253892427,1.2140467808902957,-0.10948477340373189,0.09331893311616853,-0.06180752486114381,-1.9069269383300904,0.715035849076927,1.2813637063102012,-0.10002654408013642,0.07403602767183722,-0.02085218000258832,0.09000117304571391,0.09000117304571391,0.0,0.11851530567658852,0.38621334378865113,-0.650402588601561,0.009653365073288695,0.016946257611256156,-4.877358077304079,0,0.5111994915618872
50.47743999999128,-2.084979678327086,0.5216598755353667,1.3586492934427534,-0.016278050330806076,0.047689920275682675,0.04095390396770261,-1.7255952216739396,0.5770102033024878,1.3057707106472756,-0.0417590801199339,0.0009839083147856198,0.03792393649448835,-1.816346802672867,0.6460225472454366,1.2936493341084057,-0.07083217287781124,0.03826456272843869,0.007053946702358377,0.09000117304571391,0.09000117304571391,0.0,0.1175879522269486,0.38280743160471564,-0.6400260212245115,0.009606040264872913,0.01734611457393352,-4.8775386519403146,0,0.511077703203046
50.48159999999128,-2.0850508486443586,0.5218488951958993,1.3588362447619096,-0.017080876145409957,0.04536471852779597,0.044868316597489424,-2.2293985366066376,0.9391466965321575,1.5731080549554077,-0.06660887498369826,0.12840381200355647,0.02937403679652356,-2.0230136376567756,0.7928558305392103,1.4334381348230028,-0.06894526250742966,0.0823276392564876,0.019949521081733243,0.09000117304571391,0.09000117304571391,0.0,0.11926734733303163,0.3872762680096151,-0.6562696180897064,0.009665824711802395,0.01706005271458786,-4.877719755545578,0,0.510970721793894
50.48575999999128,-2.0851199357027514,0.5220446048186178,1.359011769294667,-0.01658089401427741,0.046970309452444396,0.04212588786177538,-1.937502936926433,0.16741993830670143,1.2013930979165723,-0.09337396995072263,-0.032775264161046334,0.02113598527276355,-1.9804517464142541,0.4800635175852515,1.317460870438852,-0.08123386033112297,0.025658082591517285,0.01914076337537568,0.09000117304571391,0.09000117304571391,0.0,0.11833486762237347,0.38386423041285733,-0.6458088970738929,0.009651516720411342,0.017249343568702592,-4.87790135175138,0,0.5108537031394137
50.48991999999128,-2.08518695607069,0.5222469440047393,1.3591760507049,-0.01608488830524324,0.048561404669146144,0.03942753845591879,-2.400094637177198,0.2269032696895119,1.8760144085298394,0.003515354644109101,-0.011654252294307214,0.05290354062119486,-2.190268330285718,0.3534549862044232,1.596855296783002,-0.039098420738761706,0.008156121135751069,0.03423560192670446,0.09000117304571391,0.09000117304571391,0.0,0.11740828681034676,0.38047460112918025,-0.635491046569457,0.009600593722173558,0.01767333430847108,-4.878083405109741,0,0.5107267519088944
50.49407999999128,-2.08525856689198,0.5224365718529387,1.3593617827917148,-0.017186597109668335,0.0455106835678529,0.044575700835547946,-2.0107399421047827,0.7935750416888305,1.3305588251325005,0.014739027703532366,-0.0365484712837635,0.012189953203494239,-2.100470583462227,0.5734455337931182,1.4637250035053617,-0.012971588631712444,-0.0158569490280377,0.025882256597039886,0.09000117304571391,0.09000117304571391,0.0,0.11968684635839678,0.38639619343579923,-0.6566738933894014,0.009693356211583869,0.01724630613301726,-4.8782659890821085,0,0.5106192602581706
50.49823999999128,-2.0853280870939943,0.5226328742784143,1.3595360812922668,-0.01668484848336298,0.047112582114146005,0.041831640132491,-1.8238460693236638,0.8600815623440508,1.361880455120579,0.13947963851554418,0.07701111191328092,-0.20796417001707093,-1.9618661212546866,0.716924413078896,1.4123722538398464,0.06316931940217833,0.031206609934145976,-0.09237070412687695,0.09000117304571391,0.09000117304571391,0.0,0.11875126113929636,0.38299095962752977,-0.6462029559459835,0.009695265813799508,0.017364456157739083,-4.878449067077303,0,0.5105017300665113
50.502399999991276,-2.0854008374497472,0.5228198971763027,1.3597260600761722,-0.01746008538066356,0.04488549549321324,0.04559490813732994,-2.0533366658122523,0.2912195717005463,1.1790349239448616,-0.06831395581457562,-0.1532435180724439,0.15035283616714823,-2.007743473962508,0.5037535788289259,1.2960106258783357,-0.0028767731425138054,-0.06259695356242923,0.030927619671177232,0.09000117304571391,0.09000117304571391,0.0,0.12037697002327485,0.38726524806965335,-0.6618500878299358,0.009777028174491473,0.016957707145527703,-4.878632686542512,0,0.5103984402752515
50.506559999991275,-2.0854714849983447,0.5230136101914565,1.3599045146441078,-0.01695541166339402,0.046491123636906544,0.042829096304526346,-1.0665914344182168,1.0953275929058273,0.6970106698547187,-0.14897612452632458,-0.07966786082364391,-0.09161856640205245,-1.537471458456686,0.7993773926732176,0.9963190442695078,-0.07556899157795402,-0.07034952412397381,-0.03185315830120235,0.09000117304571391,0.09000117304571391,0.0,0.1194366525932603,0.38385513252305936,-0.6513044746395604,0.009773090738923235,0.017086834369778828,-4.878816810448853,0,0.5102850621113435
50.510719999991274,-2.085540046448749,0.5232139529597423,1.3600716301537275,-0.01645474809703714,0.048082264388580584,0.0401077223086982,-2.174910224369202,0.31895385521638425,1.4549873958687758,-0.05749433562287886,0.10867900311191832,0.08831358970277019,-1.8563157329258704,0.5593855396431904,1.225843309829436,-0.06612675321992426,0.0204860241746178,0.02668839541638944,0.09000117304571391,0.09000117304571391,0.0,0.11850228221996295,0.38046740844134774,-0.640902880480101,0.009726740602605831,0.01748092385352248,-4.8790014027044935,0,0.5101617008153402
50.51487999999127,-2.0856122431305533,0.5234039901840328,1.3602562695103009,-0.017327203633098934,0.04560893382973989,0.044313445577615615,-1.8922581099458655,0.5119686565936068,1.2268313388442398,-0.0821129158786919,0.0744327340992414,0.20124596777681747,-1.8744566947245038,0.5358337881061939,1.2267506214618322,-0.07472980813593193,0.04639622539392224,0.11650230741736986,0.09000117304571391,0.09000117304571391,0.0,0.12032218630577951,0.3852319596762737,-0.6583066513899642,0.009795162325308377,0.017160301632188825,-4.879186518558361,0,0.5100541977708885
50.51903999999127,-2.085682338059655,0.5236006817027596,1.360429447130475,-0.016822782984495046,0.04720596449442475,0.04156262884176794,-1.9118631708211151,0.6115778613999284,1.454197629096477,-0.008536277542222848,-0.019206017792613515,-0.0278004213463314,-1.8931768924777028,0.5736645588266865,1.3404201630311632,-0.042145646539774276,0.014487882940817945,0.04326855004443516,0.09000117304571391,0.09000117304571391,0.0,0.11938182320481244,0.38183608814012,-0.6478052838665243,0.009784542869332771,0.0173308062044153,-4.879372121268764,0,0.5099366441392835
50.52319999999127,-2.0857553092866294,0.5237890637588893,1.3606167670463585,-0.017513094473816427,0.04521169347111612,0.04495677981205847,-1.87637538610435,0.6987599752279067,1.186062605925325,-0.001629931679951055,-0.037472548658973766,-0.04946055528095416,-1.8847778365139665,0.6361357675083479,1.2631339604228387,-0.02264790234328703,-0.01176161292362889,-0.0014228007555065082,0.09000117304571391,0.09000117304571391,0.0,0.12083762994732655,0.3856426400249092,-0.6619656048732094,0.00985063344522301,0.016998882228915067,-4.879558252110771,0,0.5098319083020451
50.52735999999127,-2.0858261696720644,0.5239841075267477,1.3607925612195584,-0.01700649250432698,0.04681050428601546,0.04219060156799336,-2.276203008787611,0.5148539298183313,1.2892793573248729,0.04339148051253713,0.05296787246827285,0.08756962338911398,-2.080404060071041,0.5756020656106103,1.2763913983444206,0.010921220791491774,0.021611639911302685,0.041906854268705954,0.09000117304571391,0.09000117304571391,0.0,0.11989366266961826,0.38224485023363985,-0.6514105425047385,0.009838593673569946,0.017164166935602285,-4.879744874075824,0,0.5097170872466709
50.53151999999127,-2.0858949359893644,0.5241857528607985,1.360957014970504,-0.016503916151986816,0.04839488017218272,0.03946890022690316,-2.075098736231222,0.6968566230626139,1.3050756329051667,0.0007249873915628167,-0.11659021512105608,0.013718978805180474,-2.077749415202774,0.6359855245974312,1.2907667165446404,0.0056132113979428236,-0.04643992959250382,0.025667720439836908,0.09000117304571391,0.09000117304571391,0.0,0.11895566546052663,0.37886937499941326,-0.6409996515899127,0.00978792904719247,0.017575090051199824,-4.879931951094103,0,0.5095922865168557
50.53567999999127,-2.085967548009644,0.5243767674479842,1.3611396471696413,-0.017426884867069455,0.0458435009245814,0.0438317277929644,-1.8582780005642352,0.945883320565524,1.9347479757850596,-0.13632398307827853,0.16271327943695366,0.09404424620689056,-1.9682941376284233,0.7912758510681377,1.6129509622857132,-0.06610815334381212,0.057728477185409334,0.06297677444815938,0.09000117304571391,0.09000117304571391,0.0,0.12087717314408572,0.38378929640502835,-0.6590268252948752,0.009861098755327284,0.017245706365492476,-4.880119543529274,0,0.5094839198090317
50.539839999991266,-2.0860380485698595,0.5245744111139803,1.3613108054899903,-0.016920134451748753,0.04743447983906335,0.041077996883764636,-1.967057300016237,0.4205390719141505,1.349346048903626,0.05999009136015748,-0.01495270938321526,-0.13511271509140987,-1.9675509585561954,0.6058725121295088,1.4808677141393585,-0.0030545827487068657,0.021995474175756452,-0.037057182262948726,0.09000117304571391,0.09000117304571391,0.0,0.11993254867347203,0.38040459561868256,-0.6485077244978308,0.009852529945383184,0.01741073918506225,-4.880307614533566,0,0.5093654997515611
50.543999999991264,-2.086111619941641,0.524763402186901,1.3614967748589755,-0.017657129227579407,0.04535785750095848,0.044632648556444415,-2.294507320090579,0.7972664542035852,1.5234830250871725,-0.08568526844462664,0.10311600828570042,0.24950413506296837,-2.131208721418017,0.7017866604053223,1.5026913472538597,-0.04481116396868219,0.06189677155562268,0.10778319851456446,0.09000117304571391,0.09000117304571391,0.0,0.12148247175963783,0.3843755050627641,-0.6633070255242186,0.009925733250121296,0.017058195158077306,-4.880496209809618,0,0.5092604866664932
50.54815999999126,-2.0861830691710708,0.5249590328670238,1.361671195439216,-0.01714781506317951,0.04695136322948852,0.04186093925772592,-2.5230591279862087,0.6441568301753821,1.5130043666592157,-0.14685688558049234,-0.10715431012752198,-0.031303131753333636,-2.32744218235471,0.6727462221628816,1.507785292247225,-0.09579978045948125,-0.02153990546931747,0.03705995311979897,0.09000117304571391,0.09000117304571391,0.0,0.12053366024309467,0.38098775553545255,-0.6527256827027739,0.009916873903853166,0.01721223841076571,-4.8806852921331965,0,0.5091453793378902
50.55231999999126,-2.0862524131176334,0.5251612431869925,1.3618342530109375,-0.01664254717503653,0.048530476792477795,0.039133817213182764,-1.5355287151102308,0.7630579972542182,1.1912477223879268,-0.01941156901878839,0.09100439335636268,-0.05520985505446549,-1.9315206715025215,0.7180905681569194,1.3494014283357751,-0.05742367325798121,0.03542706304503271,-0.010016718067875118,0.09000117304571391,0.09000117304571391,0.0,0.11959084896506664,0.37762225682805617,-0.6422888856881257,0.009867427501140148,0.01761661719133644,-4.880874825225468,0,0.50902028367045
50.55647999999126,-2.0863257347960404,0.5253526784688661,1.3620158345627233,-0.017597202817656886,0.04594446764966492,0.04357957242861987,-2.1664508409946373,0.6561420527160393,1.1434983122172,0.16648959659848372,-0.030637167285651315,0.0828768240899726,-2.0486397237580842,0.6870556496292498,1.2466154896367938,0.05385368478868812,0.0007176420528251126,0.038982749355866736,0.09000117304571391,0.09000117304571391,0.0,0.12157654172248868,0.38261112832267347,-0.6606451496360792,0.009945811668309724,0.01727595883925199,-4.88106487285173,0,0.5089119206442424
50.56063999999126,-2.0864012112670864,0.5255379140127568,1.3622080110612471,-0.01811435305106644,0.04445653053377381,0.04612235964569457,-2.5809887346042646,0.714247603026247,1.251899239467565,-0.07309042075775042,0.1248581648853785,-0.04009620923633149,-2.3149694829128546,0.700914610207508,1.2491708991619686,-0.009849375237612423,0.06129308701975438,0.0009405687130915711,0.09000117304571391,0.09000117304571391,0.0,0.12268797619304739,0.3854065360397835,-0.671409127918132,0.010038562318002195,0.01679393675951058,-4.881255463937709,0,0.5088132065898364
50.56479999999126,-2.086474544321702,0.5257298077145134,1.3623884969896332,-0.017599933107755285,0.04605448842157489,0.04331662281265944,-2.3091960417452984,0.2087143544612659,0.9809014341295552,2.1830164453097434e-05,-0.04964019315344932,-0.12856820944506456,-2.312080806618583,0.4547069332099058,1.1147692639836804,-0.005813524535398663,0.006244567027217149,-0.06495602467322285,0.09000117304571391,0.09000117304571391,0.0,0.12173082057912113,0.38201360490253455,-0.6607096528785561,0.010038851256805398,0.01688430353279634,-4.881446560474494,0,0.5087043208590925
50.56895999999126,-2.0865457509697167,0.5259282995156777,1.3625574802091651,-0.01708959552361769,0.04763803227941995,0.040555972687687736,-1.6033554159089614,0.03684255345482751,1.9245140794951698,-0.01576057234595009,0.040124445072476096,0.06921593052014108,-1.9577473733272721,0.24585368358124482,1.5197942946582423,-0.010094088635826304,0.023948518264054298,0.0006838458488261098,0.09000117304571391,0.09000117304571391,0.0,0.12077971636147361,0.3786429499245777,-0.650156305562072,0.00999335952725251,0.01725790115907655,-4.881638125417697,0,0.5085853700048424
50.573119999991256,-2.0866148481101923,0.5261333297516566,1.3627151460023883,-0.01658331371415757,0.049207256634950125,0.0378397903735657,-1.5326527303967836,0.36512087639440116,1.342165092774415,-0.014810002278914113,0.14098506244772985,0.07456940239349702,-1.7452292729412948,0.30577797668238005,1.4311369030932808,-0.011782754686698593,0.08408583100049344,0.036011019121528404,0.09000117304571391,0.09000117304571391,0.0,0.11983462718497018,0.37529444141230806,-0.6397471622602255,0.009925424022473324,0.017770170191935872,-4.881830122666261,0,0.5084564601064505
50.577279999991255,-2.0866882892735092,0.5263269552880809,1.3628925325937928,-0.017625879196091186,0.04647012874183172,0.04257278193711116,-1.5102287212318424,0.1899912285284459,1.7737334314757218,-0.06699078011718641,0.15663478194245378,0.041818272622671904,-1.6278671102796451,0.24821165266801926,1.6025213631803523,-0.03918189177653628,0.11936297891531555,0.04044439936419874,0.09000117304571391,0.09000117304571391,0.0,0.12199654086821043,0.38058384450791694,-0.6592416279780499,0.010006319045024003,0.017450586096927276,-4.882022624586097,0,0.5083453451725974
50.581439999991254,-2.0867642776302935,0.5265135187767462,1.3630820805199373,-0.0182372056282703,0.04477523727967104,0.04549150227466504,-1.8433740983207096,-0.236168670595983,1.3913346176571864,0.10261815211082531,0.25615948659937104,0.07925051972093355,-1.7354080748485587,0.006551715925985243,1.497088732575012,0.03142310725670159,0.18736297224321558,0.06110421347678648,0.09000117304571391,0.09000117304571391,0.0,0.12329714146887046,0.38379249628801176,-0.6715038628525534,0.010111635123119845,0.016935054235071967,-4.882215668112332,0,0.508245268311075
50.58559999999125,-2.0868381119062387,0.526706712171517,1.3632599367044147,-0.017720226226827028,0.04636641474496841,0.04268548427457157,-1.9513729262957893,0.6156076831109595,1.5324304851623585,0.10235866368022037,0.2249769913200356,0.16698432110638742,-1.8431802773182342,0.311550763162575,1.5151107583886114,0.0674482413239874,0.206717561401872,0.11231624308743259,0.09000117304571391,0.09000117304571391,0.0,0.12233535995681849,0.38041184803485223,-0.6607953721107535,0.0101178231642794,0.017007441205589252,-4.882409214983931,0,0.5081350223273979
50.58975999999125,-2.0869098091930787,0.5269064756317923,1.3634262891637061,-0.01720734884163305,0.047943230466069575,0.03992459022991732,-1.8733756870271236,0.4646530242655879,1.392995653704227,0.09806865729321128,0.15539045988624417,-0.025097867926562573,-1.8580752511018974,0.3884250108911526,1.4540037402187886,0.08325540191302022,0.18161592589528794,0.04189105013038388,0.09000117304571391,0.09000117304571391,0.0,0.12137965863537573,0.3770533992358607,-0.650233155271329,0.010074901304169034,0.017370833728029274,-4.882603227911542,0,0.5080147140811264
50.59391999999125,-2.086984010870623,0.5270994320517663,1.3636044855114544,-0.017808402610580178,0.04630954079378863,0.04276712345960255,-2.2879164073240887,0.6708130833153023,1.405032672079378,-0.18235146939445734,0.042163276849572086,0.20878580976142538,-2.073376783155948,0.5297117510603904,1.4299499207398625,-0.05017517348049549,0.11044179803465227,0.12639094998275657,0.09000117304571391,0.09000117304571391,0.0,0.12265789430529966,0.3801330583453118,-0.6621560986000307,0.010118224724950619,0.0172091628540929,-4.882797744578404,0,0.5079051023492186
50.59807999999125,-2.087056069893808,0.5272989537380397,1.3637711544487903,-0.017294165564455493,0.047885204705611945,0.04000054496062441,-1.8512118558035016,0.574425412408919,0.9853354796615155,0.08864101036515645,-0.028714554196884942,0.21033405837099725,-1.9621083805350807,0.5520091937708529,1.2080803644091793,0.019217482981031306,0.04086070289681639,0.1667767768904563,0.09000117304571391,0.09000117304571391,0.0,0.12169983104058704,0.3767771586305412,-0.6515720569385407,0.010093696420471239,0.017455355577014324,-4.882992727556697,0,0.5077854167579028
50.60223999999125,-2.087130832473539,0.5274912222758795,1.3639504565283778,-0.01794301913549746,0.04614444908156601,0.04303249910099227,-1.8111238718497158,0.7255458666010871,1.091305431157242,0.07684356955464365,-0.08210151134614818,-0.042680428460237466,-1.8864542461648897,0.6386098011898905,1.1496009282144928,0.04755026739609331,-0.02149027439592226,0.06320519605627599,0.09000117304571391,0.09000117304571391,0.0,0.12307438042115787,0.3800719806857437,-0.6642572153423407,0.010151869617921756,0.017212325164597045,-4.8831882184371525,0,0.5076771407004039
50.60639999999125,-2.087203445067472,0.5276900551387884,1.3641181945206635,-0.017427022543830304,0.04771988709814705,0.04025711814856698,-2.1851818387766815,0.8583777964447737,1.2963518053308791,0.017021043223979546,0.07544901019336586,-0.06004503774445206,-2.0357842361174487,0.7486487562917492,1.2228558821184672,0.032050353508088575,0.028661911180715004,-3.745183028400743e-05,0.09000117304571391,0.09000117304571391,0.0,0.12211334599668525,0.3767172223088591,-0.6536411146059856,0.010134540818643786,0.017417862464552958,-4.883384179553871,0,0.5075587715911909
50.610559999991246,-2.08727857429415,0.52788215312337,1.364297684881685,-0.01803101440275662,0.04610351629955934,0.043077686645147995,-2.0957468467998392,1.1805532285273812,1.4288307305525554,-0.020245899784711377,0.2428214419035678,0.0908178573449466,-2.065807561965684,0.9651110118016281,1.3260321740899599,0.005660364137750987,0.13479725576743423,0.04609220634954321,0.09000117304571391,0.09000117304571391,0.0,0.12339839481245399,0.3797630465970485,-0.6654799402426463,0.010191568224529072,0.017180509581327438,-4.88358064924731,0,0.5074510223930248
50.614719999991244,-2.0873515478443503,0.5280808100990713,1.3644655898933553,-0.01751365204806709,0.04767767416830871,0.040297202800847746,-2.2852367096926542,0.6377260040647318,0.978079227245392,-0.016530993718514346,0.0726768412303766,0.13558702875813275,-2.175559137094033,0.8015664790503071,1.1523382275728138,-0.004913711926907545,0.10417556844662135,0.08941800311310091,0.09000117304571391,0.09000117304571391,0.0,0.12243498544065122,0.3764110285060649,-0.6548438962861234,0.010173488510125927,0.017388690045545472,-4.8837775897059945,0,0.5073331695902822
50.61887999999124,-2.0874268835534817,0.5282731750102748,1.3646444996676732,-0.018080570191541787,0.046167578688858596,0.04293834583629874,-2.1879807485101064,-0.030699483145152362,1.3000171840970898,-0.04022598727412144,0.007510423020100382,0.10900712186347404,-2.1818514284689265,0.3854450000502681,1.2264030943338469,-0.023659156332711723,0.05502963903629691,0.10035403027909957,0.09000117304571391,0.09000117304571391,0.0,0.1236459744820538,0.37924369460339946,-0.6659621281548395,0.010226336041147484,0.017174833799378793,-4.883975036723906,0,0.5072252642106654
50.62303999999124,-2.087500059251615,0.5284720898497103,1.3648118158254101,-0.017562167552007076,0.047739561464520935,0.040155877856851895,-1.887698861737528,0.5762672475616271,1.8120398236300466,-0.17592516811173958,0.14184978187665426,-0.06756858877160346,-2.035138469367775,0.4811491706316624,1.5190891689737793,-0.10004045309017542,0.10003624157826459,0.014406690158575127,0.09000117304571391,0.09000117304571391,0.0,0.12268068335419458,0.3758957758063185,-0.6553163683771032,0.010206026686284777,0.017394380560853993,-4.884172952416755,0,0.5071072520240711
50.62719999999124,-2.087575567681441,0.528664844059331,1.3649899328840198,-0.018122023158273864,0.04626101030896937,0.04274809406633242,-2.2192298804856088,0.8613674903721427,1.2105490328995738,-0.3227575521811881,-0.03140852995064468,0.026097987945238474,-2.127857236360977,0.6711986563736615,1.3648684554136932,-0.2111698434453164,0.032882578387795104,0.021583305367734222,0.09000117304571391,0.09000117304571391,0.0,0.12387769740551112,0.3786648628537811,-0.6662362011613921,0.010257332031083774,0.017192633222932206,-4.884371372384175,0,0.5069990012154016
50.63135999999124,-2.087648912047219,0.528864138080393,1.3651564517100174,-0.017602647786588606,0.047830565054886885,0.03996451823940704,-1.670957204769785,0.4416823074263525,1.3223198209859366,-0.17061540348341242,-0.07250636913881828,-0.029276942615452314,-1.8997591790588884,0.5562861506768068,1.3435365524387886,-0.19076030878345873,-0.018884805199843265,-0.0055780222223097585,0.09000117304571391,0.09000117304571391,0.0,0.12291062636340205,0.3753214287167214,-0.6555836108969832,0.010236118036241693,0.017417800633952787,-4.8845702586781465,0,0.5068806424704295
50.63551999999124,-2.0877246329501666,0.5290572193427698,1.3653338882189365,-0.018173016707522836,0.046339502970429894,0.042584762140593764,-1.9825775388940432,0.37572551935269227,1.1667879620151345,0.06223927937970977,-0.08246092176625923,-0.06306605649586944,-1.9410378184198167,0.46583573787965676,1.2550279795398123,-0.06507690808404601,-0.05195871502274123,-0.033421440256955315,0.09000117304571391,0.09000117304571391,0.0,0.12412891321354594,0.37811525066837137,-0.6666136924636408,0.010288501123484457,0.017216006247139634,-4.884769648046718,0,0.5067721465047159
50.63967999999124,-2.0877981853904113,0.5292568308178115,1.3654997200635215,-0.017652585658695777,0.047906754009985585,0.039799642700394024,-1.7604250112828015,0.860717772053255,1.2429503432090316,-0.004817561981331771,0.044566410044752286,-0.031043773739892762,-1.8507410829175956,0.6633695888006866,1.24892829271338,-0.034512801319533305,-0.0024395619528318046,-0.03405320880544825,0.09000117304571391,0.09000117304571391,0.0,0.12315993550803186,0.3747761138736976,-0.6559528569068749,0.010267680017217121,0.0174407436395822,-4.8849695024512245,0,0.5066535404303848
50.643839999991236,-2.0878741704846937,0.5294501458818299,1.3656766410646108,-0.01823642262780108,0.04639561536443267,0.04246104026141734,-2.3549450657420343,0.6194467403044689,1.3779761281131067,-0.1417085265409964,-0.05859200380376172,0.13583365855838497,-2.1031423023314035,0.6412878016873862,1.3137339427175772,-0.08764689773439768,-0.0313844993813556,0.05169714379415353,0.09000117304571391,0.09000117304571391,0.0,0.12440546581277825,0.3776099194939254,-0.6671462703951282,0.01032210810895078,0.01723428299686698,-4.885169859989162,0,0.5065449480978524
50.647999999991235,-2.0879514797444356,0.5296399565367713,1.365859679504302,-0.01855422233803479,0.0455545571859424,0.0439292255258879,-1.8580329861656857,0.6529007786751255,1.3426430176064457,0.11994179090844216,0.030492828161683284,0.05663374493863605,-1.9803360715844827,0.6471583454947514,1.3283042479907026,0.015950443843713153,-0.0007141869862842829,0.05523787837811998,0.09000117304571391,0.09000117304571391,0.0,0.12511939308189718,0.37910492089525205,-0.6735775382160334,0.01038469102760448,0.01695336910161347,-4.885370737970147,0,0.5064419676144899
50.652159999991234,-2.0880266030578727,0.529836315152959,1.3660309913712414,-0.018029595224872255,0.04712606788504662,0.04111484806543022,-1.5528312414654395,0.5823832956510405,1.3461036719611408,0.06697590273913823,-0.032240467666617555,0.025806932532348663,-1.7664422960685002,0.6147000344908229,1.3372617326872507,0.04191138126929676,-0.014901247402112294,0.03861512751336204,0.09000117304571391,0.09000117304571391,0.0,0.12414358067184594,0.3757605039875604,-0.6628159230938258,0.010368465234233253,0.017139541341203046,-4.885572097686646,0,0.506328809658875
50.65631999999123,-2.0880995577653305,0.5300391625324953,1.3661907656069439,-0.017509129789840348,0.04868337108871099,0.03834581656859768,-2.285627751622795,0.3835276319361248,1.5199308477388938,-0.23894416237902952,0.13027211477743647,-0.07278742482421094,-2.026535696027196,0.49938268323557944,1.4284509583901033,-0.09847808564822431,0.05791394635481504,-0.0193801529699757,0.09000117304571391,0.09000117304571391,0.0,0.12317393635082499,0.3724380588443116,-0.6522013696116576,0.010313300477683515,0.01755633134441019,-4.885773901418658,0,0.5062055821547481
50.66047999999123,-2.0881752567149876,0.5302351128599686,1.3663627652430184,-0.018167747917741898,0.04702807859360602,0.04127991265786777,-1.7951677926590266,0.6524870107713898,1.3431674056147633,0.024159565334212842,0.051265692462576035,0.11738839087343891,-1.910800186089023,0.5760444815342982,1.3860501641162777,-0.03701711907723504,0.053661248831648974,0.05023859717969239,0.09000117304571391,0.09000117304571391,0.0,0.1245689825116646,0.37555799893170133,-0.6644725611853097,0.010360100583378901,0.017414854513207546,-4.885976194333087,0,0.5060933656409102
50.66463999999123,-2.0882527655356826,0.5304264311716713,1.366542927918772,-0.01860211696684052,0.04591639480864794,0.043239042180842985,-1.7686319952061715,1.5490958299174977,1.0789675616668886,0.0009688254706346697,0.13715553032031014,0.06972968512185904,-1.839713946037055,1.0628644850605726,1.2326497912451135,-0.01761049049510129,0.09432553287481533,0.06092464077693584,0.09000117304571391,0.09000117304571391,0.0,0.12551662163905564,0.3775936112789464,-0.6728621258270886,0.010432371615231542,0.01710905111328356,-4.886179003317284,0,0.5059885710237204
50.66879999999123,-2.0883280814807703,0.5306242709448802,1.366711376958795,-0.018075826821024654,0.04748154557012252,0.04042776960553432,-1.7992255781222932,-0.011080197264958569,1.319899868252141,0.04640669426273546,-0.045619067538975294,0.07807860475795454,-1.8193723192190152,0.5257884832177215,1.276440252065182,0.014088687687245367,0.02496777104986459,0.06834143732663522,0.09000117304571391,0.09000117304571391,0.0,0.12453767046523907,0.37426045347393555,-0.6621043616678381,0.01042073694363849,0.01728160724940577,-4.886382289545352,0,0.5058736089297369
50.67295999999123,-2.0884048384115528,0.5308184644858771,1.3668862919325242,-0.018421663387779983,0.046606449839259094,0.041979593694984364,-2.009057087107617,0.14465407823077886,1.2736688536026333,-0.04391212032371152,0.041335733878335695,0.21799128158943654,-1.914307901485793,0.335306400873915,1.2755067590100562,-0.014650721224405772,0.03228038477093615,0.14372895638830374,0.09000117304571391,0.09000117304571391,0.0,0.12530720898004424,0.37581925618867906,-0.6688463505371144,0.010454484607862165,0.01718246622020361,-4.8865860738115225,0,0.5057645333126382
50.67711999999123,-2.0884794062408134,0.5310191481852697,1.3670495639321252,-0.0178962790225051,0.0481640878542262,0.03918527990421555,-1.6616569827355596,0.5059088464518521,1.810375494055353,0.10278900098840713,0.15240051452161463,0.07178914123132893,-1.7877661707581916,0.42092308606156426,1.5430980484195838,0.04372248958038676,0.09364065236171853,0.10590770312680622,0.09000117304571391,0.09000117304571391,0.0,0.12432932415457783,0.37249830402981,-0.6581409991050083,0.010423675822776358,0.017456859154068485,-4.886790317650767,0,0.5056453317370883
50.681279999991226,-2.0885560587957666,0.5312146542556367,1.3672220593790376,-0.018396613188803094,0.04692145688807256,0.04139890725898175,-2.0306295050546272,0.11386451627671751,1.5770192039577395,0.17987654764129035,0.12084907220157706,-0.12504580502977197,-1.9088231701328566,0.2676428270452595,1.5597958529831972,0.1107189118394397,0.10733353695107332,-0.00815073928965441,0.09000117304571391,0.09000117304571391,0.0,0.12540824867708839,0.3747920426833046,-0.6675271847836959,0.010465457738177203,0.017330860538586748,-4.886995054304386,0,0.5055344627985988
50.685439999991225,-2.088634017944106,0.531406904928514,1.3674003099628793,-0.01871019560149725,0.04614016149051763,0.042780140122020124,-1.5070826019854264,0.6203554670198148,1.8906083078100089,-0.036085793747778316,0.1129446805375961,0.009292444702414894,-1.7080256587755445,0.4442377767988417,1.7252223032882366,0.03757910927244123,0.10954250317293775,0.0012525153897118546,0.09000117304571391,0.09000117304571391,0.0,0.12611437772272321,0.376164886957446,-0.6735957220441074,0.010522697915209288,0.017101997365202605,-4.887200302159719,0,0.5054288690421818
50.68959999999122,-2.088709773760606,0.5316056520966631,1.3675668345179384,-0.01818139595998004,0.04769932035580843,0.039965893214190376,-1.7999753917733188,1.0412584480214053,1.6718139575022586,-0.062256576439318645,0.12517417237341685,0.03193974381170378,-1.7541311028111262,0.7430101186501652,1.698585411502464,-0.012119693239673893,0.11857387495080304,0.01600701813182676,0.09000117304571391,0.09000117304571391,0.0,0.1251308393855475,0.3728428247547021,-0.6628202680336763,0.01050320685070379,0.017311960883577802,-4.887406022209808,0,0.5053131040640172
50.69375999999122,-2.088786878132167,0.5318011003837895,1.3677392482975166,-0.018505049174598685,0.04690758891031559,0.041379307098755175,-2.354547243496787,0.454025071463006,1.5876706176774402,-0.07990476845783431,-0.08876182448369298,0.11587927730183703,-2.054509956437704,0.5983315701742813,1.6433663753999468,-0.04582407502221001,0.014621511197027998,0.06684486115908445,0.09000117304571391,0.09000117304571391,0.0,0.12585628753641304,0.37423337695930414,-0.6690002252562207,0.010531403099784287,0.017248655525323873,-4.887612234356364,0,0.5052027065938014
50.69791999999122,-2.088864836357104,0.5319945084481562,1.3679152661816933,-0.0187099739849294,0.04641793544801849,0.04224429220240091,-2.287018726395766,0.4469492713105165,1.8821548627749605,-0.0017292027358546715,0.1205321822461708,0.12688230330121786,-2.1707672351840674,0.5228898050652478,1.7630250590737442,-0.024899764258604736,0.0676949968028229,0.09740906369982247,0.09000117304571391,0.09000117304571391,0.0,0.1263447521923349,0.3750208452216802,-0.6729937640996573,0.010570541261185482,0.017112330469330396,-4.88781894933914,0,0.5050956700272996
50.70207999999122,-2.088940587252776,0.5321943929452795,1.3680795688887324,-0.018180214961363742,0.04797227930958116,0.03943264968937355,-2.522000955611028,0.8543100246624343,1.679897231773204,-0.08016939729734987,-0.13542872208331364,-0.040470587662259826,-2.3465540009305914,0.6883177480096515,1.7213784239803511,-0.05219553140974097,-0.03250840298779667,0.027498168557896316,0.09000117304571391,0.09000117304571391,0.0,0.1253592870951479,0.3717072911300712,-0.6622220788191238,0.010541866799502836,0.017367668434739192,-4.888026128184922,0,0.5049784703633675
50.70623999999122,-2.0890177208746357,0.5323909718269332,1.3682498022725609,-0.018512069246273542,0.047178931596874855,0.040856012118821484,-1.8572798189652657,0.5022180158822214,1.1841377847887828,-0.10523352519755597,0.09009031909563991,0.10117242369096391,-2.1021318565393234,0.5954547316338822,1.4529641439326981,-0.0789575098930956,0.028414465833056957,0.06463678573904867,0.09000117304571391,0.09000117304571391,0.0,0.1261011929224529,0.3730999504549431,-0.6684353528066141,0.010566948997366593,0.017326411990573245,-4.8882337920377195,0,0.5048666693528405
50.71039999999122,-2.089095827190153,0.5325852726959083,1.3684240877774396,-0.018745515724222842,0.04663220855402364,0.0418285211709158,-1.8762595626150151,0.14357780908833767,1.139577600582688,-0.034661945253946586,0.029933791180952175,0.05496818847444672,-1.9892677561077658,0.3695771484876204,1.2963821998849474,-0.05607628844256898,0.028318758531589622,0.06019339516687222,0.09000117304571391,0.09000117304571391,0.0,0.12664694041973168,0.37400084798914235,-0.6728544795618826,0.010608105489192568,0.01718884932530166,-4.8884419542781705,0,0.5047586225782763
50.714559999991216,-2.0891717209051457,0.5327860321341947,1.368586660833992,-0.018214491598158095,0.048182265188745264,0.0390175335725883,-2.228990395187117,0.954336970148412,1.2049707711555975,-0.021704825148925702,0.19095441264636856,0.09893231062204522,-2.10917590162475,0.6623567527483973,1.2508834030293554,-0.0388912575052276,0.11038495835807943,0.07870408266156836,0.09000117304571391,0.09000117304571391,0.0,0.12565908388231067,0.3706950071511622,-0.6620802291870038,0.010580263541109908,0.017442788067635443,-4.888650575869723,0,0.5046404163255758
50.718719999991215,-2.089249163473135,0.5329831500263912,1.3687557906254242,-0.018586216317479826,0.04730829412716049,0.04059114994369236,-2.1604600195381103,0.37587242664285037,1.2560026343442232,-0.10782526662062611,0.032854238674773426,-0.0025879599604912776,-2.135041433242294,0.5191827923194456,1.253435921913716,-0.0739114372442741,0.07072470417161315,0.038904591089669,0.09000117304571391,0.09000117304571391,0.0,0.12648116731422743,0.3722486325714683,-0.6688921713302459,0.010610696812168547,0.01738352268945674,-4.888859681508172,0,0.5045281639408633
50.722879999991214,-2.089327694824464,0.533177754866505,1.3689294100692413,-0.018847524318904317,0.0467051616273139,0.041668666516117676,-2.1909293562039087,1.0315555676872186,1.2291712089666305,0.13709573591775978,0.10076506399396681,0.1500896171216596,-2.1626994293830752,0.7755825688495936,1.2416141640360672,0.031001028778952645,0.08563952166588934,0.0951697236386209,0.09000117304571391,0.09000117304571391,0.0,0.1270831521941558,0.3732622258480147,-0.6737300031087894,0.010657975364221773,0.017224840300792698,-4.889069287023275,0,0.5044200543202771
50.72703999999121,-2.0894040059269456,0.5333788053993251,1.3690913019835376,-0.018314664595603984,0.04825212787683128,0.0388540594311303,-1.6893904686467975,0.5419500206013808,1.5990257073674017,0.056401079029702546,-0.035507959152194485,0.06147980450155431,-1.9259252294436293,0.6586880268923243,1.420454403666263,0.04413458850501653,0.0264090458230867,0.07635992027273364,0.09000117304571391,0.09000117304571391,0.0,0.12609203596613738,0.36996228459098385,-0.6629392081585694,0.010632941795845514,0.017467693275210708,-4.889279353161177,0,0.5043017786334232
50.73119999999121,-2.0894818981641947,0.5335761998433329,1.3692597969134905,-0.01869413693979987,0.047374666561857855,0.040438783188726846,-2.2285728499514885,0.8451772057444183,1.2415709043162968,0.1131516386457474,-0.009255076247262947,-0.0991495038670144,-2.077014303331799,0.7519158705592719,1.3308044268206742,0.07791646781019569,0.008002466510229045,-0.011024205071736612,0.09000117304571391,0.09000117304571391,0.0,0.12693008914932816,0.3715226251529207,-0.6697937464644785,0.010666079136370014,0.01740188466278645,-4.889489905572603,0,0.5041894984059564
50.73535999999121,-2.089560887292034,0.5337711131330602,1.369432738280069,-0.018957390681474454,0.04677918953455527,0.041505927978851526,-1.7833581428691245,0.603202357388459,1.739367154638287,-0.16329781743483424,0.09757757686734214,0.18299703828817593,-1.9305232390312934,0.677760566441912,1.5354679554084576,-0.042956010464813045,0.053008086224483636,0.08661002685182191,0.09000117304571391,0.09000117304571391,0.0,0.12753642952253175,0.3725205744980376,-0.6745879903964835,0.010715295812378248,0.01724133618181013,-4.889700960521715,0,0.504081323084683
50.73951999999121,-2.0896402818090922,0.5339652737038821,1.3696069784997376,-0.019054684093886446,0.04659853699726128,0.04181765272044602,-2.1578989106075324,-0.07243781817243733,1.0480241327329005,-0.0955165077477895,0.07461730046337765,0.031207241439494965,-2.0444111904886295,0.30281167748538035,1.2918066781079196,-0.06930355220644831,0.06364251704288314,0.0593282168504969,0.09000117304571391,0.09000117304571391,0.0,0.12781072270239677,0.3726882980163637,-0.6763596082573837,0.010754483335874799,0.017120924133696185,-4.889912521599448,0,0.5039744769256885
50.74367999999121,-2.0897174432915597,0.5341658700797123,1.3697694454244966,-0.018518755792196417,0.048143130199226024,0.03899206194217716,-2.274428966309801,0.49958331328874883,2.005130515343769,-0.03329029760392719,0.13973073100178945,0.030332213873355808,-2.1594909386931587,0.4014870381608736,1.6485393740641023,-0.05129543187440887,0.10286941696555665,0.043535856737212976,0.09000117304571391,0.09000117304571391,0.0,0.12681430986247447,0.36939356461733475,-0.6655265331572159,0.010724999354045119,0.017382576313983034,-4.8901245491396805,0,0.5038574409782065
50.74783999999121,-2.0897956813535874,0.5343641095268362,1.3699361912461745,-0.01877713488662705,0.047577467309742605,0.04001899720268157,-2.7406968058379033,0.3171753397135709,1.2005085199889924,-0.019834018701658303,0.1900707171747619,-0.04654867785584052,-2.4501397827802567,0.3597255678062809,1.424422525561638,-0.03528335545885333,0.1466437046839598,-0.000795507336425066,0.09000117304571391,0.09000117304571391,0.0,0.1274101342515052,0.3703284639712705,-0.6701410945826203,0.010742966195035598,0.017391772491495497,-4.890337059880097,0,0.5037443359301895
50.751999999991206,-2.089874821653348,0.5345604240290893,1.3701064036907569,-0.018993671942585034,0.047115480540757766,0.0408509866997881,-1.398496344124023,0.4172480930995981,1.1141764982438032,-0.10348459451122247,0.07958044572531348,-0.004466494419631775,-1.9245270353973956,0.3886536880089149,1.269287307926576,-0.06885748777830901,0.11266917220540046,-0.0022735732231361854,0.09000117304571391,0.09000117304571391,0.0,0.12792304269211646,0.37105760373384183,-0.6739850231707072,0.010780050003109574,0.01729661454314792,-4.890550067109466,0,0.5036344617118699
50.756159999991205,-2.0899544065377214,0.534755949534656,1.37027800049813,-0.019100372249560866,0.04692612133599703,0.04118323376957021,-2.299863710063212,0.7410312474096026,1.0297905757146704,0.0447992885199386,0.11763606065922586,-0.07669423740875048,-2.1121038736309785,0.5650904608404105,1.1493772108466636,-0.012490425759133755,0.11474464834069002,-0.03922270401130814,0.09000117304571391,0.09000117304571391,0.0,0.12821637017873974,0.3712414035582893,-0.675830931660948,0.010814709971754873,0.017206823283277495,-4.890763575660117,0,0.5035259866209433
50.760319999991204,-2.090031751313266,0.5349578854882121,1.3704378336628449,-0.018562746130739022,0.048464628853476424,0.03835995953156672,-2.1655652410566057,0.4661555273224002,1.741410189344405,-0.07201731788834065,0.06578166815566606,0.054449334796932425,-2.138986411245509,0.5157572201427019,1.4455136284649057,-0.041439427535316396,0.09118257425379946,0.006389554487393569,0.09000117304571391,0.09000117304571391,0.0,0.12721673955589258,0.36795752145596605,-0.6649992362912227,0.010782716350463687,0.017482675234577798,-4.89097754575541,0,0.5034073297617072
50.7644799999912,-2.090110422173266,0.5351569507190722,1.3706029045405785,-0.01888100639992891,0.04777565540641425,0.03961701065609669,-1.7898832981301291,0.33590845801998304,1.8468679538818853,-0.024800387580373222,0.14122193743339054,0.011740574042798945,-1.9644838020469746,0.42612626076173565,1.646215653556448,-0.03321419747163237,0.11574579200848671,0.01020245095008258,0.09000117304571391,0.09000117304571391,0.0,0.12793295101932184,0.36913861136741477,-0.6705307114425558,0.010806753839613036,0.01747252974011298,-4.8911919993791155,0,0.5032934528550088
50.7686399999912,-2.090190181341249,0.5353537131831303,1.3707721464473048,-0.019142200315967393,0.04722299137393778,0.04061805761433309,-2.6292481021280194,-0.005617745814377906,1.2687111366478763,0.09142137502291121,0.08586862108363533,0.15427833821720238,-2.2966810481885607,0.21043127428686687,1.4577794680145828,0.02938326026426511,0.10011973991374995,0.08327938034112702,0.09000117304571391,0.09000117304571391,0.0,0.12853593517927028,0.3700489483274049,-0.675049041963349,0.010852371384136611,0.017348224531903784,-4.891406953702531,0,0.5031834324232981
50.7727999999912,-2.0902704755807875,0.5355495130873481,1.3709430949786015,-0.01927061748926095,0.046991977012278245,0.0410276475112098,-1.9920754631056297,0.3117571851978198,1.6953421459635014,-0.007234878198473361,-0.13370986112392738,-0.040602116201277585,-2.144390839924812,0.2608168609315237,1.5764777725230865,0.01091661494761732,-0.01679682193141811,0.02146464710987456,0.09000117304571391,0.09000117304571391,0.0,0.12887347535895669,0.37031591757716714,-0.6772028727210179,0.010894070747640601,0.017234856222912938,-4.891622415468755,0,0.5030750990417278
50.7769599999912,-2.090350846586879,0.5357454935538197,1.3711136526581684,-0.01928904146203796,0.04703531195319133,0.04093384309609045,-2.065992343129059,0.4463517818140661,1.335123324863557,-0.1194699190663659,-0.09551529468605455,0.10752748126433967,-2.1054393053215055,0.35338712214118473,1.4560212235935839,-0.05437965463439696,-0.05623349569480852,0.06511096055691257,0.09000117304571391,0.09000117304571391,0.0,0.12899075336173796,0.37003312833482277,-0.6773387267889034,0.01092194172250964,0.017184861105966016,-4.891838383153529,0,0.5029666036235135
50.7811199999912,-2.0904310698965087,0.5359422313311751,1.3712827659797657,-0.01925359431104989,0.04721706656529702,0.04058719718336935,-1.53993047020214,0.5928579771833236,1.2749805753088612,0.06520335552053926,0.008423040079663054,0.0375705045940284,-1.822544430330361,0.4731419301081672,1.3655797753175822,0.004981441281406472,-0.023998355592158307,0.05038219515852376,0.09000117304571391,0.09000117304571391,0.0,0.12899996875686193,0.36947229878641874,-0.676457261013627,0.010937252284064582,0.017195710888717512,-4.892054851397855,0,0.5028570144546013
50.7852799999912,-2.0905111179071025,0.5361398034358861,1.3714502892000777,-0.01921152254252846,0.047417305130635495,0.040205572874897316,-2.1632932124859288,0.48651671364732196,1.3965200491880216,0.1650004016536224,0.10013520551185304,0.0396432847695177,-1.992578397450209,0.480037722890885,1.3811328130847458,0.0851670974066559,0.03804648407079267,0.044904060916173535,0.09000117304571391,0.09000117304571391,0.0,0.12899573838489237,0.3688736077607767,-0.6754308871309964,0.01094566055375776,0.017240854404380092,-4.892271814520375,0,0.5027462044492054
50.789439999991195,-2.0905910910441863,0.5363379806350955,1.371616663886093,-0.01919355290009897,0.0475625278102778,0.03992992464367196,-1.7836257934116886,0.5166476499716653,0.7621644499823321,-0.13570555905308612,0.007725249118885454,0.15570271054284057,-1.88838374695043,0.49835973353770957,1.071969081183028,-0.02484636117485764,0.022540336539427726,0.099852114035189,0.09000117304571391,0.09000117304571391,0.0,0.12903971464214023,0.3683845197449774,-0.6748256512882922,0.010953410914214479,0.017291453488792803,-4.892489268882265,0,0.5026345524349767
50.793599999991194,-2.090671102382267,0.5365364968247169,1.3717823834064944,-0.019202721139368245,0.047643885509129055,0.03977268489636624,-1.6876271592304468,0.5027401622048253,1.1384440816227666,-0.138220068169386,0.009579684681792579,-0.24897205203030312,-1.788292296456416,0.5005704603704711,1.1046892831425879,-0.0811631971868812,0.015793310676180134,-0.07458150115721783,0.09000117304571391,0.09000117304571391,0.0,0.12913809184417885,0.36802302739575826,-0.6746928429131879,0.010963897863216717,0.017331237237215344,-4.892707213035717,0,0.5025224918663214
50.79775999999119,-2.0907512347678514,0.5367351614540051,1.3719477993815092,-0.019231772540282542,0.047679511029178175,0.03969983400358234,-1.8449803175864778,0.40645355841820674,1.011540496138408,-0.11994266359472311,-0.04785265058263808,0.0924754115809826,-1.8168877990259014,0.4534119457879544,1.0583066582354246,-0.09977241438430759,-0.01608670953906343,0.008900568681897094,0.09000117304571391,0.09000117304571391,0.0,0.1292764201449441,0.3677529975420563,-0.6748972202741901,0.010978033633180265,0.01735589633764835,-4.892925647147235,0,0.5024103332507007
50.80191999999119,-2.090831527585155,0.5369338902167274,1.3721130663296448,-0.019270276152814413,0.04769490305336066,0.0396640675525256,-1.5181815064028643,0.8188462407968313,1.0872900040058069,-0.024650834745743505,0.08650894707569078,-0.11302828339594023,-1.6675840403113353,0.6363100191501109,1.072563504276077,-0.062117969846789224,0.03595819687070982,-0.0520877346382222,0.09000117304571391,0.09000117304571391,0.0,0.129433843596392,0.36752343539754606,-0.6752497260423647,0.010995132582989547,0.017368666319703067,-4.8931445721833375,0,0.502298214245939
50.80607999999119,-2.0909119874957947,0.5371326778918614,1.3722781926615284,-0.01931037855352132,0.04770904203214615,0.03963031965204053,-2.0933833976854097,0.8364462351111,1.4312447799507342,-0.0660069878005118,0.08381167933238609,-0.10273820572521175,-1.880624175189368,0.736551714887025,1.2516942578163694,-0.06397373055658179,0.060910169647155094,-0.07803400654543183,0.09000117304571391,0.09000117304571391,0.0,0.12959463684188793,0.36729632444759686,-0.6756098971034235,0.01101398728409655,0.017375180983429953,-4.8933639893002985,0,0.5021861437880556
50.81023999999119,-2.090992606435564,0.5373315545114451,1.3724431219829232,-0.01934854554465774,0.04773038870010319,0.03958303713474283,-2.0791217588119455,0.26478169063847934,0.6769394175841972,-0.1554803000430833,-0.01681801248974011,0.0012807719721954214,-1.9801969754314055,0.5006300183192509,0.964315933808187,-0.11009383356420857,0.021282800505238873,-0.038599982613861265,0.09000117304571391,0.09000117304571391,0.0,0.1297517120938787,0.36705468607329905,-0.6759152519052889,0.011033603495815636,0.017380048851149715,-4.893583899571252,0,0.5020740734154181
50.81439999999119,-2.0910733758186413,0.537530551119974,1.3726077963963765,-0.019384651938519522,0.04775918604694186,0.0395218592288302,-1.921688873231554,0.39892223586705355,1.841444491324527,0.008155113254506012,0.06105269243356745,-0.05661911712086626,-1.9509251054593264,0.44990123923576303,1.4027672479552633,-0.05119189225866529,0.041724887573165025,-0.04696590623033594,0.09000117304571391,0.09000117304571391,0.0,0.12990480999043366,0.3667980024718739,-0.6761641713558205,0.01105346923036625,0.01738562656081803,-4.893804303977407,0,0.501961953047451
50.81855999999119,-2.091154293253208,0.5377296837073834,1.3727721860890103,-0.0194201842959386,0.047791820978248564,0.039453526232101986,-1.6429676425432214,0.04526775008168482,1.413389414258741,-0.07135229630441368,-0.07755159680202024,-0.09109022104083228,-1.7970931302120707,0.24742026180122675,1.4078920688435266,-0.06103017406434127,-0.017859380689626152,-0.07052949990391123,0.09000117304571391,0.09000117304571391,0.0,0.1300569060256207,0.3665334954227444,-0.6763835704148875,0.011073491412229446,0.017392328063121187,-4.894025203522357,0,0.5018497571880883
50.822719999991186,-2.0912353630469536,0.5379289520914672,1.3729362912470067,-0.01945675049891462,0.04782441218010503,0.039385237919135285,-1.9979777308181035,0.20692804998366326,1.8470252528022437,0.07346028843310212,0.28863778021541286,0.20448551010337887,-1.8973847973303273,0.22777417007262538,1.6278867053191823,0.0065701515181278,0.13539875293725329,0.06712977726564949,0.09000117304571391,0.09000117304571391,0.0,0.13021122542467928,0.36626894017593903,-0.6766022948913699,0.011093799913132356,0.017399538673287293,-4.894246599353875,0,0.5017374867556426
50.826879999991185,-2.0913165935882834,0.5381283462519648,1.3731001302125407,-0.019495329919120626,0.04785459851943262,0.03932135172818045,-2.133720838518643,0.8973245469838551,1.3874585182150108,-0.2041300424860629,0.15638174093895674,-0.08703414038542455,-2.0159781616141825,0.5628788136115755,1.5074903243770659,-0.09919662697757968,0.14612910909667506,-0.010145942258484242,0.09000117304571391,0.09000117304571391,0.0,0.13036973845838049,0.36600907658571086,-0.676837857497304,0.011114566782606385,0.017406451002965728,-4.894468492835775,0,0.5016251587391837
50.831039999991184,-2.0913979943084886,0.5383278536014867,1.3732637259602103,-0.019536172849231443,0.047881763885250554,0.0392629794406998,-2.232989412432443,0.6433839084326197,1.580709550132501,0.05580639155352983,0.07114983087301699,-0.018672680968805568,-2.1243689167668007,0.6032788055921887,1.5440632289176004,-0.02185559619241033,0.10917719950819062,-0.015186734667111035,0.09000117304571391,0.09000117304571391,0.0,0.13053295594562228,0.3657551514360618,-0.6770947814090481,0.01113590458906631,0.0174125308713838,-4.894690885562822,0,0.5015127943108129
50.83519999999118,-2.091479573677648,0.5385274637446973,1.3734270972741824,-0.019579048598260176,0.047906434370542594,0.039209115353305415,-1.9540176985105413,0.4673910715981358,1.2704492205361375,-0.09712790668524944,0.10790162250455995,0.234080785513624,-2.0393958734939233,0.5355601057380207,1.407742856673206,-0.05865284179274474,0.10772890565200346,0.10863031833066134,0.09000117304571391,0.09000117304571391,0.0,0.13070042423511669,0.36550612125022036,-0.6773690937188449,0.011157842910537607,0.01741762278260351,-4.8949137793385,0,0.5014004110360248
50.83935999999118,-2.0915613385136633,0.5387271701036253,1.3735902557611042,-0.01962356064365085,0.047929526142711086,0.039158036861216675,-2.124339096582698,0.2801051329299227,1.305945779806958,-0.07559685085202472,0.10159693032528774,0.08749796677156853,-2.0820255637143603,0.40804297417577373,1.3570254543818991,-0.06700593869235469,0.10426723163218085,0.09813510008288878,0.09000117304571391,0.09000117304571391,0.0,0.13087135582865644,0.3652601573348533,-0.6776539277849681,0.011180351493007506,0.017421843347877684,-4.895137176140436,0,0.5012880202101674
50.84351999999118,-2.0916432942116994,0.5389269693722515,1.3737532068953504,-0.019669367528625102,0.04795182447029106,0.03910827221909034,-2.051555599819932,0.3865597716877195,1.2849645017015692,0.019279895560612124,0.021875739212332438,-0.010160285851325133,-2.0667504232972576,0.3973462041009729,1.320974381976965,-0.023793356982514308,0.06332650619343956,0.04349365074102286,0.09000117304571391,0.09000117304571391,0.0,0.13104507211364183,0.36501568994205963,-0.6779434036151355,0.011203376406018331,0.01742541752374304,-4.895361078090719,0,0.501175627752036
50.84767999999118,-2.0917254453367335,0.5391268601285537,1.3739159526214502,-0.019716270008204275,0.047973781512540226,0.03905897426392373,-2.2013819989523746,0.4939122519016894,1.3742204893424448,-0.05190683608385284,-0.03873159220305761,0.14694945271220594,-2.1341746677746385,0.4455483532129724,1.3479032091452792,-0.03806474213490949,0.012779980140969807,0.0953349905698044,0.09000117304571391,0.09000117304571391,0.0,0.13122117852624315,0.36477181472614656,-0.6782341329602695,0.011226867860245158,0.01742855378400178,-4.895585487437809,0,0.5010632364815985
50.85183999999118,-2.0918077961661434,0.5393268415739755,1.3740784937091808,-0.019764199058398445,0.04799554690123428,0.03900986105532406,-1.8786970907621483,0.371935650431057,1.2891069508262396,-0.12352380749661555,0.1758740501149664,-0.23823654653352622,-2.00669253038367,0.4091063396976374,1.3180085260222623,-0.0800613509334418,0.09477814663844436,-0.07113253673631223,0.09000117304571391,0.09000117304571391,0.0,0.131399541074741,0.36452823274248086,-0.6785249885608277,0.01125079279523915,0.01743138813923381,-4.895810406548916,0,0.5009508481908684
50.85599999999118,-2.091890351003272,0.5395269128129945,1.3742408310958787,-0.019813160910854055,0.04801709736456493,0.03896097280748094,-2.208091213399708,0.7137425372926637,1.2194412732659228,-0.10111687040972021,-0.16876409907948398,-0.057100455152108806,-2.107603716810976,0.5610763208680596,1.2686056793563194,-0.09053223246581453,-0.03734880853934937,-0.06423121760724962,0.09000117304571391,0.09000117304571391,0.0,0.13158017654586873,0.3642849915047963,-0.6788161343433172,0.011275135027447203,0.017433983626550284,-4.896035837908443,0,0.5008384648287496
50.860159999991176,-2.0919731142661444,0.5397270726565047,1.3744029662495625,-0.01986318308931862,0.04803836244244481,0.03891243688412751,-2.121491457960019,0.6608719556657042,1.4788837980149778,-0.007812823386658332,0.015933992854907084,-0.09771609919719595,-2.114562475414892,0.6110103070813601,1.3735448733637208,-0.04987964922873733,-0.011830329525894861,-0.08188986801423383,0.09000117304571391,0.09000117304571391,0.0,0.13176314449324836,0.3640422333482147,-0.6791080849831065,0.011299889269217139,0.01743635673744961,-4.896261784118155,0,0.5007260888248283
50.864319999991174,-2.0920560904414307,0.5399273197356185,1.3745649009530907,-0.01991428206869588,0.04805929898730809,0.038864328846786686,-2.1522786054273295,0.8426293753184261,1.6931057317852134,0.19922346333391558,0.015340459446948895,0.3236816884096365,-2.1330062486092443,0.7268524671742241,1.5340003485814582,0.07457099054762957,0.0021872754000870067,0.12108085537953023,0.09000117304571391,0.09000117304571391,0.0,0.131948482405997,0.3638000460750482,-0.6794011485594745,0.011325054495632286,0.017438506461396178,-4.8964882478965315,0,0.5006137229019747
50.86847999999117,-2.0921392839990887,0.5401276527036867,1.3747266369250424,-0.01996645383787733,0.04807991233636542,0.038816633268419325,-2.139880474000628,0.5193263244557563,1.8279698691621833,0.04367711274337813,0.06048919735740859,0.19914662200448163,-2.136353276077432,0.6232141813853187,1.6813999957904973,0.05946924713156317,0.031131610469410632,0.16077677349575684,0.09000117304571391,0.09000117304571391,0.0,0.1321361867192602,0.36355842034044483,-0.6796952684209754,0.011350629555029901,0.01744043331758864,-4.896715232076562,0,0.5005013697432019
50.87263999999117,-2.092222699327911,0.5403280703882013,1.3748881755357003,-0.020019678917363157,0.04810024428349965,0.03876926655790867,-2.3540185372494067,0.739394600347725,1.7817436112917269,0.030960289591437012,0.058346288494678114,0.11100988314256485,-2.2451223271501464,0.6814259382996908,1.731802602055994,0.04487706280941271,0.04503730798463584,0.13628164629484069,0.09000117304571391,0.09000117304571391,0.0,0.1323262228002671,0.3633172735951545,-0.6799901137781874,0.01137661153091013,0.01744214632448137,-4.8969427396023955,0,0.5003890317408712
50.87679999999117,-2.092306340711637,0.5405285718486675,1.3750495176997346,-0.020073932094127382,0.04812035051189026,0.038722119368242075,-2.1728451117257404,0.19469395907037562,1.1871658012003217,0.05162613586704972,-0.16540595243598274,0.10542474405668557,-2.2088775415996156,0.43770988877592554,1.4596999232094945,0.04907281308501415,-0.05891373384497377,0.12073386831454752,0.09000117304571391,0.09000117304571391,0.0,0.13251854442593547,0.3630764952348708,-0.680285249286026,0.011402996016239217,0.017443661692136223,-4.897170773525623,0,0.5002767109009848
50.88095999999117,-2.092390212338229,0.540729156358455,1.3752106639113535,-0.020129190382109034,0.0481402823489741,0.03867509078853576,-1.719002981060932,0.5759601759958943,1.0782697162326151,-0.03991346393799086,0.1097020554587798,0.030892165129905412,-1.9640209661396102,0.5070639288185356,1.269045592909333,0.005120952928339748,0.025502644579962406,0.07620947663176761,0.09000117304571391,0.09000117304571391,0.0,0.1327131097383692,0.36283598316681515,-0.6805802721368395,0.011429778147645682,0.017444998289504965,-4.897399337001824,0,0.5001644088730993
50.88511999999117,-2.0924743183250514,0.5409298233506045,1.375371614346711,-0.020185436837278636,0.04816007811587784,0.03862810448581057,-2.095668935938854,0.26151818940686966,2.0094627956262583,0.11571877018920676,0.21873204351377318,-0.015434626207040933,-2.029605244743727,0.38474391567312727,1.6392279215418657,0.06044364117954775,0.12228842828825877,0.030080847110712853,0.09000117304571391,0.09000117304571391,0.0,0.13290988891263816,0.3625956611929101,-0.6808748770376958,0.01145695355278379,0.01744617353671736,-4.897628433287676,0,0.5000521270399334
50.88927999999117,-2.092558662744882,0.5411305723619224,1.3755323689691104,-0.02024266075936622,0.048179762716298154,0.03858110937587299,-2.0170707451786365,0.9958708533317397,2.0452713683499084,-0.007824511038458987,-0.057583181631388876,0.24171457753605974,-2.023355929587271,0.6901916408692913,1.8427544856743299,0.02715423599201888,0.03248369073740511,0.13624952936837964,0.09000117304571391,0.09000117304571391,0.0,0.1331088645865304,0.3623554798890648,-0.6811688592144418,0.01148451884535135,0.017447201262166756,-4.8978580657386335,0,0.49993986660990103
50.893439999991166,-2.0926432496448153,0.5413314029932352,1.375692927603517,-0.02030085598397612,0.04819935151508797,0.03853407225759365,-2.2386804875758197,1.290020245663893,1.2026467378819725,-0.018398071773090132,0.05504526153869825,-0.02244148892539337,-2.1310576419776317,0.9902249638035202,1.522651394423007,0.004217133241564863,0.043604018094647534,0.0559816224864964,0.09000117304571391,0.09000117304571391,0.0,0.13331002845889806,0.362115408875601,-0.6814620851246581,0.011512471676842545,0.017448091455661542,-4.898088237807019,0,0.4998276286829293
50.897599999991165,-2.092728083056692,0.5415323148886529,1.3758532899751412,-0.020360018850355096,0.04821885490025072,0.03848696918978867,-2.0177574085880763,0.029905245433860306,1.2967744146902955,-0.1639786331838935,0.014302122391166343,0.05339462364520263,-2.0747473366118987,0.5100875802213759,1.4098229310559833,-0.08009436398452582,0.029220642373369743,0.054424882219423376,0.09000117304571391,0.09000117304571391,0.0,0.13351337722813167,0.36187542769898634,-0.681754458025617,0.011540810529305452,0.017448851116188272,-4.898318953040376,0,0.49971541428477784
50.901759999991164,-2.092813167001457,0.5417333077283168,1.3760134557225696,-0.020420146743660838,0.048238281519344714,0.03843977938281678,-1.7134035931907574,0.18118466135265537,1.6116688718938257,-0.062414616872066425,0.22866651407100308,0.15335724638978943,-1.8942041338372329,0.3461089123740399,1.5110666640589472,-0.07059358183770637,0.12918403046158597,0.10370607286845063,0.09000117304571391,0.09000117304571391,0.0,0.133718909677059,0.36163551935634425,-0.6820458935411579,0.011569534443779318,0.01744948536549319,-4.898550215079944,0,0.4996032243789775
50.90591999999116,-2.0928985054907288,0.5419343812272278,1.3761734243994315,-0.020481237425186146,0.048257639738628615,0.03839248244684533,-1.665235551366957,0.029984904267275958,1.6984645342020401,0.03823435634741279,0.07938493356919843,0.10653798144742575,-1.7796378143725373,0.18820845150913543,1.604988015309441,-0.016619175046468294,0.1049430930130984,0.10535795408516263,0.09000117304571391,0.09000117304571391,0.0,0.13392662533285066,0.36139566737327017,-0.6823363086423856,0.01159864280651397,0.01744999831630335,-4.898782027659213,0,0.49949105986865855
50.91007999999116,-2.0929841025280234,0.542135535134702,1.3763331954748785,-0.02054328895067992,0.04827693779381304,0.038345058107298574,-2.130655546790118,-0.20485294530194564,1.4958611272147686,-0.017803588693400246,-0.026857681921864045,-0.008402053938445266,-1.9551870442155463,-0.008380302987000763,1.5504068324745566,-0.016789877880011624,0.03878304969838305,0.04824440027199726,0.09000117304571391,0.09000117304571391,0.0,0.1341365243042756,0.3611558555026939,-0.6826256205083552,0.011628135231536114,0.017450393539015778,-4.899014394602535,0,0.4993789215973271
50.91423999999116,-2.0930699621107607,0.5423367692320159,1.3764927683374684,-0.020606299857003095,0.04829618335532975,0.03829748702154833,-2.3353863466471303,0.6729802483371631,1.7823945540515627,0.011342583615566955,0.21444564964593968,0.2043031827859342,-2.145266176828841,0.33275121115240736,1.6668260338153638,-0.0025267644100694583,0.12639636931414572,0.12685401000069293,0.09000117304571391,0.09000117304571391,0.0,0.13434860765755122,0.36091606859785247,-0.6829137498103184,0.011658011522414354,0.017450674202606084,-4.899247319823819,0,0.4992668103526518
50.91839999999116,-2.0931560882331155,0.542538083328133,1.3766521423026343,-0.020670269365186716,0.04831538306810721,0.038249751639854924,-1.503348624081148,0.9938916103765861,1.5614336908816324,-0.0663777658872814,0.09138143947120136,0.15675244110317932,-1.8244411677052954,0.6635154286492134,1.6144572809678464,-0.034354301172619735,0.10921771550913241,0.14078405912005248,0.09000117304571391,0.09000117304571391,0.0,0.13456287782677542,0.3606762935386351,-0.6832006241828699,0.01168827167576937,0.0174508430469971,-4.899480807325318,0,0.49915472687344586
50.92255999999116,-2.093242484889277,0.5427394772545057,1.3768113166218587,-0.020735197478782066,0.04833454232944664,0.038201836613857905,-1.9962527213668584,0.7013163770347994,1.298404217148235,0.13330063052033775,0.07640553403883373,-0.034775346665400615,-1.9100701689678488,0.6825745920707672,1.4563568144680075,0.049117971071637435,0.09305249368826984,0.05272290664486104,0.09000117304571391,0.09000117304571391,0.0,0.1347793388131833,0.3604365196817254,-0.6834861798890464,0.011718915893812031,0.017450902321811308,-4.899714861196513,0,0.49904267185819395
50.92671999999116,-2.093329156076635,0.5429409508600291,1.3769702904915044,-0.020801084965879842,0.0483536653256366,0.03815372871495279,-2.6071771097068157,0.9366751821019768,1.0823043585002792,0.0597406057007869,0.16676875328482774,0.07482775238555456,-2.258504900987186,0.8099741314673614,1.2694827474121972,0.054737486342755194,0.12962117201897916,0.06418800830319867,0.09000117304571391,0.09000117304571391,0.0,0.13499799615246333,0.36019673879214764,-0.6837703615184514,0.011749944588118592,0.017450853763476673,-4.89994948561309,0,0.4989306459733243
50.930879999991156,-2.0934161057985907,0.5431425040068047,1.3771290630600665,-0.020867933269333096,0.04837275522613548,0.038105416454892245,-1.691073656558082,0.41030822602165196,1.2544663560576914,0.19016516096058983,-0.04494745367012213,-0.0167896963501927,-1.9743909033031994,0.6100449610453963,1.2619403009496004,0.12298750514930278,0.04231516331446295,0.023331029347944916,0.09000117304571391,0.09000117304571391,0.0,0.13521885673886752,0.3599569446587661,-0.6840531204899263,0.011781358370810416,0.017450698625151192,-4.900184684836009,0,0.49881864986012997
50.935039999991155,-2.0935033380669172,0.5433441365668782,1.3772876334335324,-0.020935744398393123,0.048391814417629235,0.038056889631797985,-1.9109420772884516,0.07114582588201956,1.1636368150412748,-0.014379011002237011,0.08925274259310544,0.18495322334612682,-1.9426946947221375,0.34077787376159424,1.2131733489741894,0.05370741485546007,0.06548853734716538,0.10375599254142961,0.09000117304571391,0.09000117304571391,0.0,0.13544192860851356,0.35971713262858374,-0.6843344132485724,0.011813158037331815,0.0174504377415995,-4.900420463210642,0,0.4987066841400552
50.93919999999115,-2.0935908569037407,0.5435458484197945,1.377446000679155,-0.021004520837675168,0.048410844699912255,0.038008138949410845,-2.4979397273557207,1.1685063987055664,1.1813663985841618,0.03078337438830662,-0.07295711650529801,-0.018167351968378473,-2.22025660713747,0.7544969530136832,1.197231454969453,0.04202534051500303,-0.0040973291584951044,0.04299862982001645,0.09000117304571391,0.09000117304571391,0.0,0.1356672207611698,0.35947729921660626,-0.6846141997513682,0.011845344547072152,0.017450071603412935,-4.900656825165984,0,0.49859474941861187
50.94335999999115,-2.093678666343268,0.5437476394506948,1.3776041638281609,-0.02107426548647267,0.04842984741609336,0.03795915576145276,-2.344046299535662,0.4658752172789236,1.2193381883874421,0.015823727645514846,-0.043022485729479164,-0.05322404094564586,-2.282120435644517,0.6100948035379024,1.208174201131046,0.02942098489357018,-0.02366490118440392,-0.005072513042250981,0.09000117304571391,0.09000117304571391,0.0,0.13589474303900395,0.35923744184721645,-0.6848924424517551,0.011877919006469317,0.017449600421875468,-4.900893775213921,0,0.498482846288382
50.94751999999115,-2.093766770433372,0.5439495095487175,1.3777621218778486,-0.021144981624945,0.048448823525436883,0.037909931925046665,-2.487299312346503,0.8557528121494753,1.7296676761133556,0.03466534566368252,-0.03472503071627137,0.049924359756151115,-2.384638775612285,0.7328532973088742,1.4690279600863434,0.031835487892172,-0.029193070391897977,0.022647866046076954,0.09000117304571391,0.09000117304571391,0.0,0.13612450606027449,0.35899755870962946,-0.6851691057179379,0.011910882656519413,0.017449024176883876,-4.901131317948557,0,0.49837097533150454
50.95167999999115,-2.093855173237109,0.544151458605556,1.3779198737933502,-0.021216672896959013,0.04846777364126737,0.037860459720403965,-1.4752966101505294,0.35799149771850797,1.5454885319977487,0.09608446424143006,-0.0037345019547026376,0.014347384625240767,-1.9297631100181754,0.5454120629561775,1.5072880434499012,0.06474113715870208,-0.016492432649323794,0.018776929871547752,0.09000117304571391,0.09000117304571391,0.0,0.13635652118775426,0.3587576486835937,-0.6854441555162073,0.01194423686447011,0.017448342648910993,-4.901369458045591,0,0.4982591371218912
50.95583999999115,-2.093943878834191,0.5443534865141193,1.3780774185091682,-0.02128934329971655,0.04848669805518694,0.03781073179630246,-1.8650062812994426,0.55615350306216,1.7684303785007176,-0.22777525178897032,-0.0037166691996338708,-0.09198012517194018,-1.8978584494021393,0.5507747729220702,1.6376711984484043,-0.08128629688461037,-0.009934821917975081,-0.03730428217894522,0.09000117304571391,0.09000117304571391,0.0,0.13659080050821112,0.3585177112919991,-0.6857175591986296,0.011977983118435027,0.017447555440048383,-4.901608200261757,0,0.49814733222726537
50.95999999999115,-2.094032891322417,0.5445555931672866,1.378234754930491,-0.021362997174250376,0.04850559676015529,0.0377607411174579,-2.17187141826454,0.3428622126551448,1.3672117810630555,-0.1313612822856432,-0.0838309831506962,0.14264382722859198,-2.0351398504769693,0.44664293374103514,1.5027371177410618,-0.10643040933759329,-0.04700406790109632,0.052261319921962965,0.09000117304571391,0.09000117304571391,0.0,0.13682735681569336,0.35827774665611084,-0.6859892852941292,0.012012123023603284,0.017446661989333215,-4.901847549434308,0,0.4980355612110322
50.964159999991146,-2.094122214819062,0.5447577784567721,1.3783918819342664,-0.021437639194783847,0.04852446947649932,0.03771048090608605,-1.734365781501877,0.513520045171426,1.6494499430908276,0.16576716439100242,-0.08309789448735866,-0.11349042009809177,-1.8844059631482029,0.47990841439863,1.5758578351349024,0.029671490130320062,-0.06471120647164239,-0.030284123203871124,0.09000117304571391,0.09000117304571391,0.0,0.1370662035907126,0.3580377554444505,-0.6862593032792024,0.012046658299140643,0.017445661585835902,-4.902087510480549,0,0.4979238246339578
50.968319999991145,-2.0942118534622183,0.5449600422721035,1.3785487983700173,-0.02151327435752113,0.04854331567952205,0.037659944580189626,-2.292955922946585,0.18887303502651925,1.3699138958267205,0.09808640395838172,-0.1269197795997638,-0.04066210701916719,-2.0884770686987126,0.3341249198222897,1.4727990131248412,0.06256846716632539,-0.0959178123593056,-0.03507082326811784,0.09000117304571391,0.09000117304571391,0.0,0.13730735497959445,0.3577977388185726,-0.6865275833320585,0.012081590775392496,0.017444553380964352,-4.902328088397424,0,0.4978121230556458
50.972479999991144,-2.094301811412094,0.5451623844997109,1.3787055030604096,-0.021589907970213637,0.04856213462577859,0.037609125694176994,-1.9937836416847121,0.8927709621962131,1.52408208140579,0.042653887467600904,0.17435646382275077,0.02338883793006863,-2.0410411864201023,0.6138152517130536,1.4984894258167523,0.05271472033595414,0.03884370272545963,-0.00578299246766253,0.09000117304571391,0.09000117304571391,0.0,0.13755082577549513,0.3575576983813471,-0.6867940960969082,0.012116922391347963,0.017443336400086048,-4.902569288261144,0,0.497700457035821
50.97663999999114,-2.094392092852276,0.5453648050221093,1.378861994801603,-0.021667545643639177,0.04858092537560997,0.037558017886386505,-2.436935995496272,1.312739223156557,1.329690409145047,0.04644150995470661,0.24400735077444013,-0.08078438858219068,-2.2388941912639932,0.9637904552499096,1.413921933037113,0.049303009248646515,0.14102824872383857,-0.04386835062911486,0.09000117304571391,0.09000117304571391,0.0,0.13779663140130105,0.35731763613251416,-0.6870588124753526,0.012152655192476212,0.01744200955300224,-4.902811115226862,0,0.49758882713544333
50.98079999999114,-2.0944827019909655,0.5455673037171551,1.3790182723634166,-0.021746193285448637,0.048599686811015196,0.03750661483524405,-2.277376896794397,0.1751010145101542,1.6841364013408566,-0.13687481540074814,0.04962658694707549,0.26917525660539326,-2.2584212385931925,0.5695448941821492,1.5495899982084709,-0.043423146325092955,0.09463302812249871,0.11308372581847,0.09000117304571391,0.09000117304571391,0.0,0.13804478789933697,0.35707755443387873,-0.6873217034494595,0.01218879132904375,0.017440571642843156,-4.903053574528397,0,0.4974772339176863
50.98495999999114,-2.0945736430622,0.5457698804573597,1.379174334489348,-0.021825857096256965,0.04861841764912337,0.03745491022353466,-2.0124489177440283,0.893211777052578,1.6254568139284147,-0.009720628278518148,0.08878892566074625,0.11284375829097427,-2.135452332007761,0.7315646183551143,1.5877597273209878,-0.027172011887825608,0.09202894286513211,0.11244510535741385,0.09000117304571391,0.09000117304571391,0.0,0.13829531192490108,0.3568374559827221,-0.6875827399404797,0.012225333054951085,0.01743902137322437,-4.903296671477995,0,0.497365677948809
50.98911999999114,-2.0946649203270646,0.545972535109244,1.3793301798964681,-0.021906543567519792,0.04863711645223906,0.03740289770887788,-1.9595668001237632,0.6212880216019528,1.5538438909336678,-0.14352553820385228,-0.17575891675180194,-0.08990949865918214,-2.0478074515552365,0.6760595752583479,1.5706148616983713,-0.08505893146547817,-0.04165569366779853,0.011136964104924948,0.09000117304571391,0.09000117304571391,0.0,0.13854822074277928,0.3565973437925381,-0.6878418926896105,0.012262282727053337,0.017437357353792253,-4.9035404114661345,0,0.49725415979894605
50.99327999999114,-2.094756538074901,0.546175267532725,1.3794858072752119,-0.021988259480723263,0.04865578163545386,0.037350570898493626,-1.9858197638700734,0.25187267740654257,1.7490056170271489,-0.17553124223247774,0.022249964237781847,0.1910087105653992,-2.0171768270088277,0.46400958369766826,1.6602110381687174,-0.13098498279380075,-0.009777314685745839,0.09997561480807067,0.09000117304571391,0.09000117304571391,0.0,0.13880353222695918,0.35635722117832724,-0.6880991321561647,0.012299642804890794,0.017435578104435263,-4.903784799961374,0,0.4971426800428307
50.99743999999114,-2.094848500624516,0.5463780775805273,1.3796412152890738,-0.022071011907540895,0.04867441147252801,0.03729792332688255,-2.0729683952229228,0.1686345829780717,1.1960668011174271,-0.1051567139197698,0.04647057996324965,0.03984788536172643,-2.0452905753211703,0.31641564173320813,1.4282182118936182,-0.11862503115763137,0.018839342091416408,0.07008021149736261,0.09000117304571391,0.09000117304571391,0.0,0.13906126486248013,0.356117091745336,-0.6883544284267745,0.012337415850750467,0.017433682058450292,-4.904029842510247,0,0.4970312392604637
51.001599999991136,-2.094940812325394,0.5465809650976127,1.3797964025742218,-0.022154808210727222,0.048693004100510424,0.03724494843550149,-1.9677129957382238,0.256748089806996,1.0012387709236403,0.051378201822961975,0.04031349495786104,0.09541396009637222,-2.0063947500854247,0.2866661362927531,1.2149239295566596,-0.03345514861538903,0.02917251150713237,0.08276100953974973,0.09000117304571391,0.09000117304571391,0.0,0.13932143774749883,0.3558769593805532,-0.6886077511341673,0.012375604529991056,0.017431667564909367,-4.904275544737185,0,0.4969198380377359
51.005759999991135,-2.0950334775589172,0.5467839299206264,1.37995136773903,-0.022239656045650844,0.04871155752330164,0.0371916395540143,-1.615526636164005,0.4354830716529957,1.240205349589627,0.030441485579083497,-0.036629932475972904,0.09601819654324284,-1.810894381046786,0.36100022309807667,1.227764316420634,-0.0016357359921952694,-0.004093289606257114,0.08949218894030105,0.09000117304571391,0.09000117304571391,0.0,0.13958407059899372,0.3556368282458445,-0.6888590693789028,0.012414211611585856,0.01742953289039293,-4.904521912344498,0,0.4968084769670104
51.00991999999113,-2.0951265007395943,0.5469869718773521,1.380106109363543,-0.02232556336245302,0.04873006961416598,0.03713798988309071,-2.6355393709725012,0.5329440616099154,1.9433513057400804,-0.02926005065599492,0.14385992399034336,-0.14470297906200763,-2.2232824927990733,0.4472716024447006,1.585261058039895,-0.015933553577248075,0.07033907820368403,-0.027214217689615343,0.09000117304571391,0.09000117304571391,0.0,0.13984918375740885,0.35539670277374713,-0.6891083516607248,0.012453239968857954,0.017427276220174433,-4.904768951112378,0,0.4966971566476735
51.01407999999113,-2.0952198863162974,0.5471900907861742,1.38026062599887,-0.022412538408785113,0.048748538117310516,0.037083992478491236,-2.258431368831751,0.207823852138598,1.7161906497111756,0.022560153400663037,0.12015387780348137,-0.019625327502590516,-2.2408100184724487,0.32779640842506946,1.6506865628714114,0.0031984003406383046,0.09503167491949965,-0.023714976865008886,0.09000117304571391,0.09000117304571391,0.0,0.14011679819280273,0.3551565876647511,-0.6893555658109859,0.012492692580389798,0.017424895658923356,-4.905016666898961,0,0.49658587768665574
51.01823999999113,-2.095313638773519,0.547393286455543,1.3804149161665218,-0.02250058973313179,0.04876696064851374,0.03702964023645747,-1.9476802833030782,0.32826167241497084,1.4017702296799563,0.000177814822407963,0.0887170732407723,0.13725998246219195,-2.094242581908787,0.32821247115936486,1.526511574033311,0.0016171571093686363,0.09240439476166538,0.05703975175250321,0.09000117304571391,0.09000117304571391,0.0,0.14038693551464437,0.3549164878863936,-0.6896006789340787,0.012532572531098542,0.01742238923095633,-4.905265065640412,0,0.49647464069893454
51.02239999999113,-2.095407762632638,0.5475965586834386,1.3805689783576887,-0.022589726188634904,0.04878533469495909,0.03697492588006281,-1.6887796429397535,0.3824920949969722,1.063678039048339,0.053424485173122996,0.19700653910271493,0.014348472016948003,-1.8913974452375601,0.3557623310450991,1.295122967035936,0.027657626165613288,0.14474672276760792,0.034949255714836834,0.09000117304571391,0.09000117304571391,0.0,0.14065961797841786,0.3546764086744348,-0.6898436573489031,0.012572883013461753,0.01741975488008487,-4.905514153351065,0,0.49636344630801804
51.02655999999113,-2.095502262453211,0.5477999072568316,1.3807228110324654,-0.022679956937416958,0.04880365761431448,0.036919841946434585,-2.1937801262480217,0.6723471367551714,1.0322105163797897,0.15855535758975056,0.12165664433590312,-0.10679023803794344,-2.0422613856267553,0.5143087269958134,1.1634418329716225,0.09323010248021955,0.13381117097324147,-0.03545538361827694,0.09000117304571391,0.09000117304571391,0.0,0.1409348684978006,0.35443635553499925,-0.6900844665365837,0.012613627328886799,0.01741699046909185,-4.905763936123592,0,0.4962522951464188
51.03071999999113,-2.095597142834275,0.5480033319511364,1.3808764126190263,-0.022771291455337857,0.04882192663315424,0.03686438077461315,-1.8105254452297987,0.5098262873457922,1.159956700200931,-0.002633830176467608,0.06608147501107874,-0.010690074322348905,-1.9263986356519178,0.5122051865548419,1.1616785524153912,0.04595989370842216,0.0998240980143466,-0.02381733250575404,0.09000117304571391,0.09000117304571391,0.0,0.14121271065344138,0.3541963342484848,-0.6903230710886739,0.012654808889210972,0.017414093778874144,-4.906014420129218,0,0.4961411878561178
51.03487999999113,-2.0956924084156796,0.5482068325296565,1.3810297815127504,-0.02286373953714389,0.04884013884484517,0.036808534493792774,-2.0577564452437405,-0.01849218902062144,1.6936780828505733,-0.08819856901598255,-0.012263636344685941,0.0892599192421944,-1.9922615555739274,0.24682947646618042,1.4278663133751128,-0.02128121184000736,0.04272991995640676,0.033379993858156154,0.09000117304571391,0.09000117304571391,0.0,0.1414931687064605,0.3539563508741205,-0.6905594346575606,0.012696431218322257,0.017411062507295495,-4.906265611617977,0,0.49603012508902444
51.039039999991125,-2.095788063879438,0.5484104087430186,1.3811829160753,-0.022957311301994646,0.048858291206893056,0.036752295011910366,-1.8439559504491712,0.9153163384116872,1.307523502510023,-0.11373148082751669,0.0975896492406107,0.02830522348688571,-1.9183438988081702,0.5812797168658539,1.3677532885728363,-0.06768055518740482,0.07056591415473452,0.03067527185017479,0.09000117304571391,0.09000117304571391,0.0,0.1417762676094078,0.3537164117559771,-0.6907935199082242,0.01273849795389246,0.01740789426777128,-4.906517516919002,0,0.4959191075074321
51.043199999991124,-2.0958841139511017,0.5486140603285928,1.3813358146336516,-0.023052017199349704,0.048876380537816684,0.03669565400441881,-1.761721108635089,0.35854516751995935,1.5395980665718443,-0.06466356222347117,-0.05508167102100436,0.05823136798730898,-1.8401667574642426,0.4697982794243852,1.4537985058834038,-0.06576287569659318,0.0068057557578895325,0.04420811854168602,0.09000117304571391,0.09000117304571391,0.0,0.14206203302023646,0.3534765235299518,-0.6910252884698542,0.012781012849217416,0.017404586587609787,-4.9067701424408625,0,0.4958081357844758
51.04735999999112,-2.0959805634011652,0.5488177870098995,1.3814884754790813,-0.023147868015184085,0.048894403513595155,0.03663860290312193,-1.9178623477501089,0.2565539532421775,1.8955690225023847,-0.1718500060793726,-0.10766230829152927,-0.015919130183394054,-1.879372192652161,0.3629512469406147,1.6746515698676931,-0.11896632934892391,-0.050688897523046464,0.015193817549665279,0.09000117304571391,0.09000117304571391,0.0,0.14235049131630223,0.35323669313114026,-0.6912547008888227,0.012823979775157045,0.017401136906132354,-4.907023494671938,0,0.4956972106045894
51.05151999999112,-2.0960774170464926,0.5490215884959981,1.3816408968661023,-0.023244874878535004,0.048912356663687984,0.036581132885022856,-2.2722304328660585,0.6222888946511023,1.3986913043854545,-0.13425548378591162,-0.06369742536987366,-0.09797341304609139,-2.0760835653310803,0.49248889523980593,1.5364668619530206,-0.12648680800836837,-0.05695120002302781,-0.041929605793657475,0.09000117304571391,0.09000117304571391,0.0,0.14264166960774768,0.35299692780272074,-0.6914817165800228,0.012867402722171973,0.017397542572583205,-4.907277580180833,0,0.49558633266396734
51.05567999999112,-2.0961746797517775,0.5492254644808592,1.381793077011357,-0.023343049268382217,0.048930236366639596,0.036523234861132736,-1.8629082959848777,0.18671621780807385,1.9334922903089238,-0.03858114596442982,0.05724753542813815,0.01597659247911545,-1.9695763525100873,0.3397196365360457,1.7350157793210037,-0.08173858330526108,7.044382536630615e-05,-0.013073572835427002,0.09000117304571391,0.09000117304571391,0.0,0.14293559575412026,0.3527572351051763,-0.6917062937789202,0.012911285802455734,0.017393800843836432,-4.907532405616836,0,0.4954755026710314
51.05983999999112,-2.096272356431031,0.5494294146427146,1.3819450140924616,-0.023442403020841756,0.04894803884528709,0.0364648994651497,-1.787137647347568,0.7630233994845425,1.8858230140542793,0.025286427652483418,-0.07781445334114867,0.03763095287090364,-1.878303053348289,0.5512114735307624,1.8104973451795614,-0.028268957854653033,-0.038311776652595914,0.012938071295475403,0.09000117304571391,0.09000117304571391,0.0,0.14323229837973817,0.35251762292681876,-0.6919283894934667,0.012955633252158634,0.0173899088819083,-4.907787977710415,0,0.4953647213469045
51.06399999999112,-2.0963704520491,0.5496334386433879,1.382096706246803,-0.023542948336668586,0.048965760161597226,0.036406117041913044,-1.6579840294115114,0.566312199567869,1.4904728506175147,0.0569468715482338,0.032880997038093066,0.03256168576879175,-1.7680251351277372,0.5588310873631633,1.6505509574013582,0.015094795715499085,-0.0030823190449923024,0.022569986249194603,0.09000117304571391,0.09000117304571391,0.0,0.14353180689015488,0.3522780994944392,-0.6921479594533031,0.013000449433701286,0.017385863751283988,-4.908044303273757,0,0.49525398942589194
51.06815999999112,-2.096468971623221,0.5498375361276008,1.382248151570285,-0.02364469778908279,0.048983396211101225,0.036346877635644335,-2.176845723070528,0.41624229920926303,1.3510869072100642,0.022295992188535764,0.06961478337414148,-0.050837172595733095,-1.972391830438706,0.4876796762756011,1.5007114498591616,0.018654368652725843,0.03365392943739786,-0.014298577682170912,0.09000117304571391,0.09000117304571391,0.0,0.1438341514890828,0.35203867338542505,-0.6923649580588166,0.013045738838178222,0.017381662416056546,-4.908301389201348,0,0.49514330765597203
51.072319999991116,-2.0965679202246044,0.5500417067222546,1.3823993481160262,-0.02374766433191916,0.04900094271693238,0.036287170977914424,-2.6503446155206754,0.12262615399271443,1.8971877857244965,0.026425843952097433,-0.006876637541067571,-0.006351412727818431,-2.311317315776205,0.30513769085369075,1.698937431758529,0.02220966666609596,0.012605847997674967,-0.009484222090412138,0.09000117304571391,0.09000117304571391,0.0,0.1441393631972741,0.35179935354032726,-0.6925793383300498,0.013091506087851812,0.01737730173687771,-4.9085592424706,0,0.4950326767992982
51.076479999991115,-2.0966673029800544,0.550245950035686,1.3825502938930059,-0.023851861308058792,0.04901839522353253,0.03622698647514462,-2.826557204515258,0.28919126460816486,1.2504471659111425,-0.11114308214872086,0.16985861485791215,0.050821146079226935,-2.5691726573629547,0.2975168424863005,1.4747943146240254,-0.044161277658054,0.09161868374246636,0.02093022283643201,0.09000117304571391,0.09000117304571391,0.0,0.1444474738695124,0.3515601492761482,-0.6927910518518219,0.013137755938730795,0.01737277846773496,-4.908817870142511,0,0.49492209763271144
51.080639999991114,-2.0967671250736304,0.5504502656568939,1.3827009868646551,-0.02395730245822029,0.04903574908990163,0.03616631319583362,-1.9588357943108705,0.25828007366913114,1.159506994147959,-0.07288285798398893,0.006117601273158836,-0.0161666380237417,-2.2641523165241364,0.27791108898074585,1.3171148876929135,-0.058151289056410954,0.04878656813437586,0.002352593448703759,0.09000117304571391,0.09000117304571391,0.0,0.14475851621591498,0.3513210703008326,-0.6930000487182626,0.013184493283240749,0.017368089252534066,-4.909077279362374,0,0.49481157094826694
51.08479999999111,-2.0968673917483387,0.5506546531547376,1.3828514249473935,-0.02406400193003815,0.04905299948249659,0.036105139857240655,-1.924450484716646,0.38327154029042604,0.6906729021231697,0.10656223466563912,0.07295499597917349,0.08645415545140547,-2.0940772887793444,0.3307423466535197,1.0040696083932537,0.02415240935142028,0.06156621345297923,0.04426582123085119,0.09000117304571391,0.09000117304571391,0.0,0.14507252381963906,0.35108212672810696,-0.6932062774752599,0.013231723152979866,0.0173632306215003,-4.909337477360532,0,0.49470109755377295
51.08895999999111,-2.0969681083078697,0.550859112077103,1.3830016060091086,-0.024171974287490676,0.04907014136769425,0.036043454811617665,-2.083350778888111,0.4891502158614549,0.9451391664215587,0.07491293241966504,0.10286859675206336,0.1911139140315791,-2.0885570754747365,0.4101616104056841,0.9750024907502337,0.04901657025757634,0.08209118473490233,0.11719755130444078,0.09000117304571391,0.09000117304571391,0.0,0.14538953115932807,0.35084332909336585,-0.6934096850610268,0.013279450721565365,0.01735819898738563,-4.909598471453168,0,0.49459067827334563
51.09311999999111,-2.0970692801183723,0.5510636419500357,1.3831515278675748,-0.024281234520650945,0.04908716950383214,0.03598124603189471,-2.0280803304764126,0.7404023144596777,1.3903542273587162,0.052992326119710616,-0.016082359638022153,0.11338675025724912,-2.0582082330946703,0.5752493636552671,1.182918368921139,0.05108872502621559,0.03371213676200424,0.11468542929978634,0.09000117304571391,0.09000117304571391,0.0,0.14570957362924758,0.3506046883708182,-0.6936102167432864,0.013327681307568437,0.017352990641479087,-4.909860269043147,0,0.494480313947979
51.09727999999111,-2.0971709126102716,0.551268242276839,1.3833011882888113,-0.024391798055777812,0.049104078432818485,0.03591850109676523,-1.7695046923711564,0.3731037604026668,0.9632790342908778,0.047137227763727065,0.10103485202628734,0.10416180017750754,-1.913755684592388,0.47438555655417136,1.0733134930471513,0.04876996905901181,0.06724441618619373,0.10958063144587897,0.09000117304571391,0.09000117304571391,0.0,0.146032687561813,0.35036621599077566,-0.6938078160554164,0.013376420377539278,0.017347601749416446,-4.910122877620899,0,0.4943700054361318
51.10143999999111,-2.0972730112801288,0.5514729125371359,1.3834505849853747,-0.0245036807657632,0.04912086247125895,0.03585520717518101,-1.8386331717964803,0.8981333810201872,1.2054220792699364,-0.06448736789781208,0.24003036404709477,0.13567092024879523,-1.876326788032747,0.6867606212676529,1.1396494400841035,-0.008450739481524847,0.15414028101006746,0.12332712306718288,0.09000117304571391,0.09000117304571391,0.0,0.14635891024994616,0.35012792385857894,-0.6940024247285577,0.013425673549123999,0.017342028346776162,-4.910386304765347,0,0.4942597536143318
51.10559999999111,-2.0973755816925492,0.5516776521858906,1.3835997156145836,-0.024616898980924392,0.049137515701125824,0.035791351010131485,-2.333324457609608,0.12379905477820702,0.9357512793775218,-0.0869719919665159,0.15201932768802462,-0.09358655767966162,-2.1050089149096785,0.40559275023433483,1.0375045532299134,-0.04809339509420658,0.15276463046521407,0.014750687725879594,0.09000117304571391,0.09000117304571391,0.0,0.1466882799716142,0.349889824374364,-0.6941939826215971,0.013475446594272784,0.017336266334460386,-4.910650558144881,0,0.49414955937779975
51.109759999991105,-2.0974786294821333,0.5518824606523903,1.383748577776674,-0.024731469500151634,0.049154031959930004,0.035726918901689275,-1.690030451551085,0.7619919473545941,1.9737770420160323,0.00022532648816685208,0.1790897463245387,0.19543086794338682,-1.8975172899820332,0.5841664994917425,1.5060532711902626,-0.023466275604703005,0.16633164820137683,0.10535257358939788,0.09000117304571391,0.09000117304571391,0.0,0.1470208360129179,0.3496519304535094,-0.6943824276477377,0.013525745442539202,0.017330311473852094,-4.9109156455183784,0,0.4940394236410916
51.113919999991104,-2.097582160355477,0.5520873373391834,1.3838971690128796,-0.024847409602454948,0.0491704048303236,0.03566189668936241,-2.074216287280129,0.9009699819849986,2.0634412581861743,0.15735945355854092,0.035960173165044705,-0.07863355518196503,-1.9855385571702495,0.7426455886238212,1.7845886351485323,0.06589408790889008,0.10099319957994793,0.01287811097632314,0.09000117304571391,0.09000117304571391,0.0,0.14735661869379113,0.3494142555487821,-0.6945676956978566,0.013576576184476103,0.017324159381727856,-4.911181574736272,0,0.49392934733876276
51.1180799999911,-2.097686180093222,0.5522922816209717,1.384045486803436,-0.024964737058861264,0.04918662762919881,0.03559626973352771,-2.0093408870260476,0.9806807527417112,1.70484477986221,0.03465413894885272,0.06361753271339529,0.12135956365771167,-1.997369072141548,0.8617962844501852,1.7449699584541487,0.0508834521535886,0.08272824855979931,0.06644613004654125,0.09000117304571391,0.09000117304571391,0.0,0.14769566939374995,0.34917681367311504,-0.6947497205606461,0.013627945075123524,0.017317805524930514,-4.9114483537416636,0,0.49381933142605355
51.1222399999911,-2.0977906945521583,0.5524972928434557,1.384193528565503,-0.025083470144721454,0.04920269339616707,0.03553002289605393,-1.9415565254467841,0.49466798432107406,1.2635337331933278,0.0676363133955118,0.06423437182848102,0.05930937995085798,-1.9693213638841225,0.67836208305918,1.504372012202288,0.059084363143401306,0.074005632683748,0.06279481613716727,0.09000117304571391,0.09000117304571391,0.0,0.14803803057918824,0.34893961942382123,-0.6949284338378097,0.013679858537593114,0.01731124521477883,-4.911715990571487,0,0.49370937687959715
51.1263999999911,-2.0978957096673767,0.5527023703221283,1.384341291651003,-0.025203627652411992,0.04921859488142628,0.03546314051998979,-2.1631789970580395,0.9088042683584067,2.017053681343226,-0.1228541434310885,-0.1069698394457585,0.23051649922419015,-2.0665073457824583,0.7933617727838675,1.7611953482302902,-0.03174065535628418,-0.016219867487636028,0.1469111328611583,0.09000117304571391,0.09000117304571391,0.0,0.1483837458300844,0.3487026880083527,-0.6951037648568733,0.013732323166748283,0.017304473601204334,-4.9119844933577195,0,0.49359948469815274
51.1305599999911,-2.0980012314544787,0.5529075133410157,1.3844887733443707,-0.025325228904445617,0.04923432453298563,0.035395606408245434,-2.2119499852739066,0.6935421708582014,1.521547797718496,-0.01934732848278962,0.18861582469186458,0.036019996540429255,-2.139268651337404,0.7438445323524507,1.6414440863614623,-0.02615727755218213,0.0857311562283573,0.09182378108441734,0.09000117304571391,0.09000117304571391,0.0,0.14873285986889795,0.3484660352708062,-0.6952756405790324,0.013785345732981001,0.017297485666604,-4.91225387032864,0,0.4934896559033623
51.1347199999911,-2.098107266011841,0.5531127211513623,1.3846359708602092,-0.02544829376700467,0.04924987448319107,0.03532740380124325,-2.0821244109638095,0.4085602172397985,1.287396188173737,-0.12578091248044823,0.10405811137103016,-0.07926312811137873,-2.110957426941106,0.5764148532829814,1.4642526262370512,-0.07611898261219203,0.09566915208152663,0.0063723369329128,0.09000117304571391,0.09000117304571391,0.0,0.1490854185899501,0.34822967772046065,-0.6954439855022343,0.013838933186085759,0.01729027621939096,-4.912524129810144,0,0.49337989154053513
51.1388799999911,-2.098213819522941,0.5533179929702562,1.3847828813408487,-0.025572842663910755,0.04926523653451118,0.03525851535347895,-1.8594511234915687,0.2918498123782169,0.9405121868680192,-0.09349602878141064,0.06547203307524758,0.17008961193208808,-1.9853972963499307,0.43426672459397797,1.2027315488205497,-0.0846563593225823,0.08047487622954176,0.08868898142046909,0.09000117304571391,0.09000117304571391,0.0,0.14944146909014425,0.3479936325615474,-0.6956087215605542,0.01389309265923154,0.01728283988722594,-4.912795280227101,0,0.4932701926794595
51.143039999991096,-2.098320898258737,0.5535233279791919,1.3849295018538021,-0.02569889659101755,0.04928040214457661,0.0351889231088475,-2.5376699371859095,0.6026794961142117,1.3227318319543375,-0.14613587699478062,-0.11010945137249203,-0.015195515952014932,-2.2618397169136215,0.5182446208860297,1.262701012224418,-0.11622054430595434,-0.014495682427350715,0.036710889959647205,0.09000117304571391,0.09000117304571391,0.0,0.14980105969910346,0.34775791772479164,-0.6957697680166409,0.013947831473029134,0.017275171109919506,-4.913067330104769,0,0.493160560415243
51.147199999991095,-2.0984285085801164,0.5537287253225684,1.3850758293891137,-0.025826477131077014,0.04929536241036682,0.03511860847478676,-2.056701193700616,0.4371630419451048,1.3378085663781256,-0.08336412962002988,0.10693443817125506,0.104294956524916,-2.1594423953115034,0.4779269861798942,1.3004716491310715,-0.09980381797040463,0.045585743175946415,0.0707852775995894,0.09000117304571391,0.09000117304571391,0.0,0.15016424001257522,0.3475225519002462,-0.695927041351494,0.014003157139697502,0.01726726413197737,-4.913340288070261,0,0.49305099586918383
51.151359999991094,-2.098536656940404,0.5539341841061166,1.385221860856593,-0.025955606469044438,0.04931010805155352,0.03504755219503252,-1.8997969826877483,0.4949478034032346,1.9008183674838044,-0.07213399339578111,0.07515873570799242,0.25260997786078554,-2.0297663246516167,0.48659474874731057,1.6011738534806188,-0.08673236579614076,0.059934289776232566,0.16205967328771245,0.09000117304571391,0.09000117304571391,0.0,0.1505310609248308,0.3472875545726514,-0.6960804551459986,0.01405907736732423,0.017259112994777732,-4.913614162854059,0,0.4929415001896735
51.15551999999109,-2.0986453498879367,0.5541397033952536,1.3853675930829306,-0.026086307407877103,0.049324629392886926,0.03497573432103515,-2.208824288428819,0.33217911502629843,1.2759438123636357,0.06908432832619871,-0.09618060463796271,0.06925997049873925,-2.119152844766073,0.4091867128259289,1.4387003275020533,-0.008844249584707253,-0.018552806061819277,0.11580440960296487,0.09000117304571391,0.09000117304571391,0.0,0.15090157466326592,0.3470529460580949,-0.6962299199580465,0.014115600064223355,0.01725071152835049,-4.913888963291592,0,0.49283207455313294
51.15967999999109,-2.0987545940687067,0.5543452822133604,1.385513022808688,-0.02621860338479096,0.049338916345631194,0.03490313418181666,-2.011462343908987,0.7778457668784793,0.9467573271591084,0.05713778482422412,-0.0050288678634042155,-0.028516283150882102,-2.065188719482774,0.593509412564572,1.192667636246866,0.024490497302446623,-0.0122979879184445,0.042901114899702185,0.09000117304571391,0.09000117304571391,0.0,0.15127583482349655,0.3468187475429912,-0.6963753431928762,0.014172733343384876,0.01724205334274568,-4.9141646983248615,0,0.4927227201649841
51.16383999999109,-2.0988643962290734,0.5545509195399768,1.385658146685156,-0.026352518488024734,0.04935295838792302,0.03482973035230219,-2.222212264840044,0.7553369777722807,0.8614880401864082,0.09072583708000355,-0.17807798268482783,0.22019439858490422,-2.1435124328191515,0.6740535686963552,1.027533220526524,0.05738706517050547,-0.0950033916637706,0.1316797996622594,0.09000117304571391,0.09000117304571391,0.0,0.1516538964053773,0.34658498112522446,-0.6965166289670396,0.01423048552701723,0.01723313181895799,-4.9144413770041195,0,0.4926134382606573
51.16799999999109,-2.098974763218549,0.5547566143089103,1.3858029612710723,-0.026488077474082217,0.04936674454405096,0.03475550061990144,-2.2148430030653743,0.8411147081295254,1.3675198076451984,-0.00030665325157309964,-0.08920660717869516,0.053599659807066914,-2.1791782445378587,0.7574002676975664,1.197640620682922,0.028250409547710305,-0.09234935824646534,0.09252845315770958,0.09000117304571391,0.09000117304571391,0.0,0.15203581585101522,0.3463516698576731,-0.6966536779634069,0.014288865151177004,0.017223940099391127,-4.914719008489615,0,0.49250423010663763
51.17215999999109,-2.099085701992655,0.5549623654062541,1.3859474630291946,-0.02662530578549573,0.04938026336251634,0.03468042194937295,-2.266283771755422,0.11438558853837233,0.9778834568688717,-0.26371277515609093,0.11792887433735932,-0.02324289916080842,-2.2232788496660216,0.4361345456830568,1.0877119835171114,-0.11832936447349861,0.012377964081761181,0.03473334966031083,0.09000117304571391,0.09000117304571391,0.0,0.1524216510822148,0.3461188377938536,-0.6967863872821092,0.014347880970485168,0.017214471077824867,-4.9149976020533845,0,0.49239509700155165
51.17631999999109,-2.09919721961586,0.5551681716683076,1.3860916483227186,-0.026764229569096697,0.049393502892843326,0.03460447044575495,-2.1400023647239292,0.13075368784901326,2.2053048316360213,-0.16744999949252365,0.08885542358456133,-0.14185984017835912,-2.1819876116475387,0.28362714922626053,1.6462199289361539,-0.14322502231899525,0.05044222588938054,-0.052958282345777055,0.09000117304571391,0.09000117304571391,0.0,0.1528114615412039,0.3458865100367573,-0.6969146502796961,0.014407541962924831,0.01720471738886004,-4.915277167081111,0,0.49228604027729633
51.180479999991086,-2.0993093232645883,0.5553740318793954,1.386235513411532,-0.02690487569477818,0.049406450661076066,0.034527621315220955,-1.6819559418530936,0.18017768504320675,1.3127396177333508,-0.11058741022865848,0.006172331272648414,0.05541905022485864,-1.9321988541566717,0.2319129054218453,1.4795915405323385,-0.12664010468546763,0.02909199937896886,0.0017856871639609973,0.09000117304571391,0.09000117304571391,0.0,0.15320530823015507,0.3456547127899238,-0.6970383564014015,0.014467857334711749,0.017194671396817497,-4.915557713074035,0,0.4921770613002117
51.184639999991084,-2.0994220202303167,0.5555799447695778,1.3863790544482983,-0.027047271774815446,0.049419093643782344,0.03444984882389752,-2.298206789141727,1.107272800965863,1.6515207323359693,-0.06294639050941861,0.07434517384022407,0.29273562892008437,-2.115337102434827,0.6697525487653607,1.5661669217464433,-0.0944160239760129,0.05222804472302654,0.14690513959221715,0.09000117304571391,0.09000117304571391,0.0,0.1536032537535637,0.3454234734119327,-0.6971573910047812,0.01452883652523826,0.017184325184040606,-4.915839249650929,0,0.49206816147230126
51.18879999999108,-2.0995353179227485,0.5557859090122469,1.386522267474358,-0.02719144618367771,0.049431418240572365,0.034371126254304135,-2.0375082640753224,1.0282712272748276,1.3349788430106266,-0.10442218048266048,0.018822158127717932,-0.07809237305541349,-2.0766399963114353,0.8490542450028042,1.450409152624244,-0.09909987494037648,0.03519127208113281,0.034267949742445965,0.09000117304571391,0.09000117304571391,0.0,0.15400536236113616,0.34519282047378463,-0.6972716351727717,0.01459048921207733,0.01717367053858039,-4.916121786550135,0,0.4919593422325003
51.19295999999108,-2.099649223873075,0.555991923221601,1.3866651484154389,-0.027337428078370772,0.04944341024496605,0.034291425859390996,-1.803544455378887,-0.054985551852790526,1.4522396798521175,0.02115045326500071,0.09706885037748493,-0.05431963546973217,-1.9400468272810092,0.39723043138474967,1.4512126032041959,-0.03873970527368543,0.06588066648164803,-0.010576703813835535,0.09000117304571391,0.09000117304571391,0.0,0.1544116999916159,0.34496278381971335,-0.6973809655163516,0.014652825316040272,0.017162698941218323,-4.916405333631657,0,0.491850605057996
51.19711999999108,-2.099763745737322,0.5561979859499906,1.3868076930771638,-0.02748524741929272,0.049455054813523344,0.03421071881396617,-2.118062796181617,0.574489693967398,1.3472864629818584,-0.13453325030907393,-0.11874720622183745,0.05408118408018968,-2.0293335775954975,0.48561356436185504,1.3993612805771474,-0.0877386997510551,-0.02606181244967837,0.021754152896402267,0.09000117304571391,0.09000117304571391,0.0,0.15482233431755021,0.3447333946319165,-0.6974852539669908,0.014715855006277104,0.017151401551788133,-4.916689900879321,0,0.4917419514656011
51.20127999999108,-2.099878891299787,0.5564040956851285,1.3869498971403447,-0.027634934991618627,0.049466336433085026,0.03412897516340442,-2.02564718081476,0.2588020062985991,0.8767767163692954,-0.09756776643521334,-0.005259123986078661,-0.12576555112402366,-2.027694541284349,0.372194680608314,1.1378042964881403,-0.09205167232908085,-0.015383497221102486,-0.05225758413890016,0.09000117304571391,0.09000117304571391,0.0,0.15523733479271018,0.34450468549857105,-0.6975843675564997,0.014779588705409992,0.017139769194746437,-4.916975498403003,0,0.49163338301318477
51.20543999999108,-2.099994668476567,0.5566102508471538,1.3870917561560503,-0.027786522427160024,0.049477238886056825,0.03404616376933149,-2.4510326869684538,0.5114748209304022,1.352024178335412,0.07075355241480816,0.2483132995279923,0.10826630675382656,-2.2392191519489195,0.44235192484338504,1.2451387137928136,-0.010784087435803556,0.116585052073582,0.02905836832160729,0.09000117304571391,0.09000117304571391,0.0,0.15565677269767658,0.3442766904868521,-0.6976781681850985,0.014844037094680601,0.017127792343956144,-4.917262136440909,0,0.49152490130116244
51.20959999999108,-2.1001110853191784,0.5568164497855435,1.3872332655404347,-0.02794004222675126,0.049487745213513644,0.03396225225225495,-2.147423475324985,0.34445216107091786,1.4918357225225813,0.032428592976200335,-0.030197359777648154,0.0593082723463514,-2.193251977913134,0.39333833032431886,1.3686126163174104,0.010221876087987976,0.0433080379742968,0.044031161026791894,0.09000117304571391,0.09000117304571391,0.0,0.1560807211900064,0.3440494452194133,-0.6977665123755323,0.014909211119101819,0.017115461106618435,-4.917549825361932,0,0.49141650797404896
51.213759999991076,-2.1002281500182747,0.5570226907758603,1.3873744205693128,-0.028095527783079586,0.049497837676054264,0.03387720693076622,-2.0249950284367464,0.596555286674538,1.4504077180463593,-0.16248819458379374,0.08302049559718569,0.01600129965080837,-2.1094597741867553,0.4951200984455507,1.409544824826649,-0.07637326196863535,0.06355229826849713,0.02963188879591387,0.09000117304571391,0.09000117304571391,0.0,0.15650925535299842,0.343822986956422,-0.697849251013829,0.014975121992588818,0.017102765206310884,-4.917838575668067,0,0.49130820472207726
51.217919999991075,-2.100345870907458,0.5572289720163278,1.3875152163724678,-0.028253013403978882,0.049507497712194745,0.033790992757184946,-1.7674969775966187,0.2443341829869617,1.4732170256636687,0.12389461136574355,0.02365770136259368,0.1358256747662126,-1.938219087640399,0.3697754633621725,1.441663578968814,0.024133401595896792,0.04318913427758705,0.08286877231212128,0.09000117304571391,0.09000117304571391,0.0,0.1569424522456222,0.3435973546819848,-0.6979262290740942,0.015041781203050913,0.017089693965068105,-4.918128397996898,0,0.4911999932828862
51.222079999991074,-2.100464256467192,0.55743529162422,1.3876556479276736,-0.0284125343361604,0.049516705894118426,0.03370357324941056,-1.920963296207682,0.838806873143445,1.8744607008983807,0.014521699759422746,0.08672129324574035,-0.024312831941029442,-1.929561147196006,0.6044747220714116,1.6580146885942568,0.01946315216197298,0.06500339102102873,0.029241480605890918,0.09000117304571391,0.09000117304571391,0.0,0.15738039095468243,0.3433725891968418,-0.6979972853270807,0.015109200517421009,0.01707623628443828,-4.918419303124151,0,0.4910918754432819
51.22623999999107,-2.100583315328814,0.5576416476320559,1.387795710054418,-0.028574126789321846,0.04952544188062582,0.03361491041865851,-2.0066828766473845,-0.05826562308048222,2.107142383562142,-0.03188549715520595,-0.0703744166479657,0.1277695840587078,-1.9681892984474456,0.27295269371250175,1.8828467584772675,-0.006003068365264568,-0.0022722115043971704,0.07882493781537238,0.09000117304571391,0.09000117304571391,0.0,0.15782315264708385,0.34314873321606076,-0.6980622520329125,0.015177391986591663,0.01706238062545404,-4.918711301966312,0,0.49098385304107595
51.23039999999107,-2.10070305627865,0.5578480379835854,1.3879353974073048,-0.02873782796059961,0.0495336843670677,0.03352496469280554,-2.662285813409348,0.5211261035606773,1.1386960763514031,-0.04543395033423747,-0.06703250091172325,0.09221625649387355,-2.315336018749621,0.3969009777943775,1.5109581555012261,-0.02614652984417688,-0.03429634411785693,0.0854533164038957,0.09000117304571391,0.09000117304571391,0.0,0.15827082062283815,0.3429258314733987,-0.6981209546129907,0.015246367950224975,0.01704811498744578,-4.919004405583314,0,0.4908759279670042
51.23455999999107,-2.1008234882622303,0.5580544605295521,1.3880747044691177,-0.028903676059334832,0.04954141103200482,0.03343369483511554,-1.9997316803949368,1.1518757545089953,1.162091602026249,0.008169137457132984,-0.06438711638514238,-0.022922025347362027,-2.157514136579779,0.7742596412129227,1.3364755637934311,-0.009237555622972219,-0.04929915635145502,0.03088629294953476,0.09000117304571391,0.09000117304571391,0.0,0.15872348036817274,0.3427039308326113,-0.6981732113044462,0.015316141041402113,0.017033426885612345,-4.919298625181299,0,0.4907681021667314
51.23871999999107,-2.100944620388614,0.5582609130232205,1.3882136255435256,-0.02907171033205722,0.04954859848041157,0.03334105785789388,-1.9977545838297603,0.40254496963164976,1.6915256877088751,-0.07219300516202014,0.10518809145801958,0.07901275152429345,-2.0777838336916328,0.5886171867801937,1.5141674379648038,-0.04050350460190022,0.028562431549935954,0.054954360969735765,0.09000117304571391,0.09000117304571391,0.0,0.1591812196115224,0.34248308040545644,-0.6982188327919492,0.015386724191067144,0.01701830332727486,-4.91959397211544,0,0.4906603776429463
51.24287999999107,-2.1010664619348125,0.55846739311565,1.3883521547474043,-0.029241971087649466,0.04955522218308667,0.03324700893085982,-2.0215918661682624,0.2767850994047178,1.0965620438567654,0.00031177876888447906,0.08618412691246216,0.12329484671220989,-2.049687433636958,0.4328788381685614,1.3056191205646246,-0.019797758799452038,0.05707308755702917,0.08871048514613372,0.09000117304571391,0.09000117304571391,0.0,0.15964412837641936,0.3422633316778513,-0.6982576218178764,0.01545813063221967,0.017002730786712113,-4.919890457892836,0,0.4905527564575507
51.24703999999107,-2.101189022350323,0.5586738983507002,1.388490286002753,-0.029414499722567274,0.04956125641206955,0.03315150128369155,-1.984964891890443,0.4334966743405009,1.3474683225197512,-0.025590773154582476,0.1283771660310625,-0.021326011328960254,-2.0173804131001463,0.43345354468209923,1.3264993187003176,-0.02198457904775385,0.09331519845775657,0.03386189663066209,0.09000117304571391,0.09000117304571391,0.0,0.16011229903812105,0.3420447386443572,-0.6982893727667049,0.015530373903798599,0.016986695178492647,-4.92018809417548,0,0.49044524073394974
51.251199999991066,-2.101312311261765,0.5588804261597489,1.38862801302818,-0.02958933874605064,0.04956667417167088,0.03305448610249394,-2.085654542431667,0.46392761136095056,1.751615938131685,-0.22911953746066988,0.04236715125536439,0.10801693684705678,-2.0519946256345083,0.44877850972120203,1.5392848850829788,-0.1254867995784884,0.06803868546573245,0.07112227750668883,0.09000117304571391,0.09000117304571391,0.0,0.16058582637799304,0.34182735795149255,-0.6983138712259113,0.015603467854197394,0.016970181829187185,-4.92048689278329,0,0.4903378326594479
51.255359999991065,-2.10143633847762,0.5590869738561024,1.3887653293299285,-0.02976653180517339,0.04957144712484498,0.03295591241960663,-1.3412426894871998,0.7347127262397536,1.5925962419910864,-0.16816389887051528,0.15494644517560574,0.07385371708465618,-1.6969651311058782,0.5920685111282256,1.5660943564597043,-0.14601913525101864,0.11215621854718544,0.07258096289759339,0.09000117304571391,0.09000117304571391,0.0,0.16106480763863712,0.3416112490508535,-0.6983308935170957,0.015677426644337404,0.016953175447356666,-4.920786865697209,0,0.49023053448775705
51.25951999999106,-2.1015611139930765,0.5592935386290795,1.3889022281924133,-0.029946123709619486,0.049575545514489554,0.03285572699637083,-2.2607588161192846,0.20235190572429868,1.0341076548143469,-0.21331367953706573,0.14200676764049192,-0.018098571497006014,-1.9793087675131908,0.39750389071617764,1.3000602828821535,-0.18006479389892852,0.12657980834898178,0.026937186728006025,0.09000117304571391,0.09000117304571391,0.0,0.16154934257805456,0.3413964743627035,-0.6983402061972421,0.01575226475022115,0.01693566009168722,-4.921088025062375,0,0.49012334854162165
51.26367999999106,-2.1016866479949767,0.5595001175377433,1.3890387026682394,-0.030128160455997685,0.04957893807931348,0.032753874198258405,-2.6113057206861625,0.401754046123017,1.666116185929369,-0.11879976874925069,0.015277060765648755,0.18637481195617017,-2.295558637482886,0.39966069746382243,1.4834769891209236,-0.14949826224818974,0.07097235915339975,0.10734827136699175,0.09000117304571391,0.09000117304571391,0.0,0.16203953352391182,0.341183099450803,-0.6983415655298127,0.015827996964872026,0.016917619137145692,-4.921390383191362,0,0.49001627721557095
51.26783999999106,-2.101812950866858,0.5597067075042592,1.3891747455676635,-0.0303126892515101,0.04958159196382328,0.03265029586182092,-2.302424470301778,0.7848655598115464,1.3047899488156856,-0.13468991498826713,0.040922643740879686,0.05552442562429795,-2.299271233973555,0.5923497656430533,1.3942490440210735,-0.14234462200903658,0.05651506623762139,0.08079715819645394,0.09000117304571391,0.09000117304571391,0.0,0.1625354854251276,0.3409711932092494,-0.6983347169185188,0.015904638399556005,0.016899035239012938,-4.921693952567473,0,0.48990932297880124
51.27199999999106,-2.1019400331940945,0.5599133053068506,1.3893103494474672,-0.03049975853678151,0.049583472621923474,0.03254493115291747,-2.2197560106611642,0.2618958021187092,1.171405014113275,0.08295320402618159,0.0016298273349486941,0.21112882943370742,-2.259341675063218,0.42712487365870094,1.2832645061133887,-0.02915745025610297,0.02858928815776897,0.14600534616139926,0.09000117304571391,0.09000117304571391,0.0,0.16303730590398477,0.34076082806268915,-0.6983193943075114,0.015982204484171328,0.016879890294633233,-4.921998745848112,0,0.48980248837819984
51.27615999999106,-2.102067905769126,0.5601199075723242,1.3894455065991982,-0.03068941800753957,0.04958454371368187,0.03243771641542136,-2.2216082890839948,0.9712162438210379,1.4773089307665486,-0.040707726777124253,-0.0745065082384459,0.2482213772031344,-2.240560277213052,0.6990197654543691,1.3808039277661432,-0.03450472551304092,-0.023130312656592246,0.19731922405331517,0.09000117304571391,0.09000117304571391,0.0,0.16354510530341873,0.3405520801807319,-0.6982953195389004,0.01606071096666644,0.016860165402725065,-4.922304775868204,0,0.489695776041516
51.28031999999106,-2.102196579596771,0.5603265107681352,1.389580209036739,-0.030881718634895815,0.04958476699464379,0.03232858500980324,-2.1448393545490885,0.19729885546430448,1.5252176706383846,0.019456978880789424,0.08309692274443772,-0.05669493875097322,-2.1926575288450354,0.448327405478734,1.4528931401448086,-0.008078981830475637,0.03056956083171902,0.07068699055962382,0.09000117304571391,0.09000117304571391,0.0,0.1640589967339658,0.3403450297073427,-0.6982622016687547,0.016140173911338106,0.016839840820066773,-4.922612055643686,0,0.48958918868068935
51.284479999991056,-2.1023260658996206,0.5605331111939564,1.389714448483159,-0.03107671268386776,0.049584102197090196,0.032217467140787326,-1.5181770830778225,0.32816325433180166,1.0293188289855133,-0.1194792245540348,0.09116934861490383,0.020712907416431323,-1.8556609423327164,0.38843313708917837,1.241146161344224,-0.06384759600142435,0.06133754790539147,0.04567502266201528,0.09000117304571391,0.09000117304571391,0.0,0.1645790961156632,0.3401397610073835,-0.6982197362378246,0.016220609695836222,0.01681889591536164,-4.922920598375045,0,0.48948272909534424
51.288639999991055,-2.1024563761234947,0.5607397049727172,1.3898482163567973,-0.031274453729736924,0.04958250690259394,0.032104289673191996,-2.0599324021780614,0.5619210090461315,1.1079681098954741,-0.12310800315341361,0.17794309631429317,0.12953654293873332,-1.95805351396293,0.47554872618539484,1.1748249233405712,-0.09378594701512005,0.11947770466341462,0.08794306425745148,0.09000117304571391,0.09000117304571391,0.0,0.16510552221681596,0.33993636293076585,-0.6981676044919217,0.016302035006678012,0.016797309120076917,-4.92323041745091,0,0.48937640017646117
51.292799999991054,-2.1025875219429606,0.5609462880410718,1.3899815037565268,-0.031474996671798344,0.04957993640511157,0.031988975935099445,-2.5518510858907044,0.04214004067780597,1.3900682428713524,0.017748664336521426,0.043224884453996346,-0.04378044855642352,-2.2549184481331688,0.2589311622941993,1.282357089055433,-0.03854997736340209,0.08140178985317646,0.02205999910002678,0.09000117304571391,0.09000117304571391,0.0,0.1656383966862004,0.3397349290961216,-0.698105472547955,0.01638446683304967,0.016775057876025096,-4.9235415264516895,0,0.48927020491023376
51.29695999999105,-2.102719515266894,0.5611528561392544,1.3901143014461408,-0.03167839774398143,0.049576343563809425,0.03187144550736175,-1.1712524281315113,0.7602052739064743,1.1928096237134123,-0.15966033858343537,0.04671903469018611,0.19840597989792697,-1.7134098037050927,0.5096700165730108,1.2379944471549824,-0.09916489154702167,0.06352573726945115,0.11068392687208181,0.09000117304571391,0.09000117304571391,0.0,0.1661778440810443,0.33953555819606496,-0.6980329905056719,0.016467922458644237,0.016752118579438785,-4.923853939153257,0,0.4891641463821258
51.30111999999105,-2.102852368244068,0.5613594048002742,1.3902465998378004,-0.031884714521713924,0.04957167864476212,0.03175161399833241,-1.9502295555462414,0.9217843480458505,1.7011953592524516,0.006859669047592033,0.08308577570851741,0.0481985042339947,-1.8318063696493667,0.7159019175978474,1.469697470828773,-0.04649560091584577,0.07376825857694813,0.0798900381124558,0.09000117304571391,0.09000117304571391,0.0,0.16672399188542625,0.3393383543247841,-0.6979497914938093,0.01655241945124568,0.01672846652127502,-4.924167669530662,0,0.4890582277811378
51.30527999999105,-2.1029860932687527,0.5615659293384017,1.390378388974478,-0.032094005924331676,0.04956588915056874,0.03162939280265073,-2.3041668721218116,0.289322323063196,1.0421972462114797,-0.061995442209232074,-0.11774336982425383,0.00010811225778132455,-2.0681185085132965,0.5023641264740532,1.2559468677960481,-0.05442071991060854,-0.021924288729442194,0.038909874869082366,0.09000117304571391,0.09000117304571391,0.0,0.167276970520999,0.33914342733110925,-0.697855490651956,0.016637975649732052,0.016704075823462436,-4.9244827317618745,0,0.488952452404298
51.30943999999105,-2.103120702986304,0.5617724248368883,1.3905096585113235,-0.032306332212263186,0.04955891963677459,0.03150468884291796,-2.303805312883852,0.5076167812096628,0.8917733761396738,-0.17479161163341633,-0.06258781119190224,0.15912172583334674,-2.186325983114391,0.5048597148542909,1.0741882198969326,-0.11514578291992122,-0.041967389209487234,0.09916309612633295,0.09000117304571391,0.09000117304571391,0.0,0.16783691334745438,0.33895089319839344,-0.697749684039154,0.016724609148130298,0.016678919370766217,-4.9247991402315465,0,0.48884682366139126
51.31359999999105,-2.1032562102987122,0.5619788861348634,1.3906403976958766,-0.03252175497800533,0.04955071151401721,0.031377404292754776,-2.2258633088233295,0.9056661517423706,1.0940444280312425,-0.017568407559768472,0.14332262004646495,0.15678803072124875,-2.206130298150665,0.7055621332705302,1.0844417766703394,-0.06692411907018114,0.051488732647735645,0.12835691965512558,0.09000117304571391,0.09000117304571391,0.0,0.16840395664885677,0.3387608744540404,-0.697631947465597,0.016812338276294362,0.016652968737942163,-4.925116909534782,0,0.4887413450799399
51.31775999999105,-2.1033926283700866,0.5621853078133406,1.3907705953470428,-0.03274033712988339,0.049541202834549165,0.031247436279893744,-2.440383627571152,0.8250054651367712,1.041824185102843,-0.22563715413106147,0.09850421687731216,-0.19235380282824882,-2.323727790067164,0.7654902249323143,1.0627331817695354,-0.1463333214120748,0.07465494609701914,-0.032261329325478975,0.09000117304571391,0.09000117304571391,0.0,0.16897823960774155,0.33857350061104086,-0.6975018352394807,0.016901181576731435,0.01662619411179904,-4.925436054480903,0,0.4886360203104549
51.321919999991046,-2.1035299706320334,0.5623916841802649,1.390900239832741,-0.03296214286729279,0.049530328061826084,0.031114676567547316,-1.8271061617492628,0.6846972416848804,1.4865584091375403,-0.2400941770583721,0.09217334115331996,0.07592707322975845,-2.0759145587285888,0.7252862663568646,1.2748069913403608,-0.1924052200382727,0.08274921223379553,0.021679738987345504,0.09000117304571391,0.09000117304571391,0.0,0.16955990426032083,0.3383889086446287,-0.6973588788234042,0.01699115777702073,0.016598564207782617,-4.925756590097199,0,0.4885308531319724
51.326079999991045,-2.103668250788892,0.5625980092545212,1.3910293190461265,-0.033187237646087386,0.04951801782152445,0.030979011212490176,-1.9537980367186591,0.6797028550204627,1.9211638585351758,-0.08571706868249199,-0.011325219299674852,-0.025307443761522292,-2.0150335626620937,0.7024711000461616,1.5979369979871916,-0.13914950244443347,0.03551873167211689,-0.0016612678976363857,0.09000117304571391,0.09000117304571391,0.0,0.17014909543254333,0.3382072435068584,-0.6972025853936222,0.01708228575720814,0.016570046180630904,-4.926078531632644,0,0.48842584745789547
51.33023999999104,-2.103807482822777,0.5628042767488228,1.391157820380284,-0.03341568813240351,0.04950419863240062,0.0308403201977897,-2.205393055068381,0.8731066329124408,1.2334344237640413,-0.001063817334718574,0.12300266912402771,-0.025361996320829548,-2.110215841061327,0.7880456191122102,1.4156300122140122,-0.07060236851751978,0.07939135146199444,-0.013319778003860614,0.09000117304571391,0.09000117304571391,0.0,0.17074596065204825,0.3380286586830823,-0.697032436292224,0.017174584511457508,0.016540605528644205,-4.926401894561559,0,0.48832100734216005
51.33439999999104,-2.103947680998373,0.5630104800513857,1.3912857307012765,-0.033647562143081775,0.04948879261508349,0.030698477038240676,-1.9642704883646973,0.745087651837685,1.8719172552739554,-0.22219231709601422,0.046615168859073866,0.04964994098764028,-2.037704253978568,0.7666640199796697,1.6438801104632816,-0.14640833555818825,0.0626558327979534,0.01815459745661783,0.09000117304571391,0.09000117304571391,0.0,0.17135065003489347,0.33785331679341046,-0.6968478853659207,0.01726807310314836,0.016510205991055085,-4.926726694587207,0,0.4882163369857478
51.33855999999104,-2.104088859867417,0.5632166122062888,1.3914130363194277,-0.033882928570500244,0.04947171717676631,0.030553348356283257,-2.165532331910024,0.7081808887685366,1.5057503449875465,-0.015930384838110583,0.08303071624089595,0.14105658266437676,-2.1016515477046624,0.7375937326251274,1.5751069065329437,-0.08155009491205574,0.07332953361647648,0.07995749636664674,0.09000117304571391,0.09000117304571391,0.0,0.17196331613844823,0.33768139024410954,-0.696648357180609,0.017362770612490454,0.016478809437945288,-4.927052947645288,0,0.48811184074356645
51.34271999999104,-2.104231034272789,0.5634226658924121,1.3915397229587025,-0.034121857289300485,0.04945288466958776,0.030404793425958716,-2.3159109278697496,0.7196370945931347,2.0274198163675976,-0.07305129711700432,0.11457129124360338,0.17827788562916996,-2.208934002497231,0.7288540033981498,1.8016372926814206,-0.07762779514007534,0.09375039452152377,0.12913382316529687,0.09000117304571391,0.09000117304571391,0.0,0.17258411377866917,0.33751306193294695,-0.6964332451019176,0.017458696075591976,0.016446375752119224,-4.927380669907316,0,0.4880075231317242
51.34687999999104,-2.1043742247585677,0.5636286261025447,1.3916657887766217,-0.034365716586904266,0.04943045043183106,0.030255796300581693,-2.29423523739949,0.6551128312333666,1.1287042200172668,0.07195547996500222,0.08597279082708872,-0.05840867599235792,-2.2514366009414806,0.6921616074853789,1.4650454986102852,-0.002341137372968866,0.08991725677022337,0.03492285333187397,0.09000117304571391,0.09000117304571391,0.0,0.17321580445987075,0.3373520421029175,-0.6962144989444666,0.017556047081993986,0.01641246502609914,-4.927709877915872,0,0.48790340164674945
51.35103999999104,-2.1045184430662527,0.5638344896862554,1.391791209259871,-0.03461239384437298,0.04940726009057154,0.030100915979823818,-1.923163601507924,1.072575324151189,1.8435172062517935,-0.1491419765522679,0.18996258521464238,0.04720450115953592,-2.0876077361809915,0.8827654809018025,1.6543812662936705,-0.07586628197879325,0.14030064027672864,0.04150452915941355,0.09000117304571391,0.09000117304571391,0.0,0.1738541679147923,0.3371926335297717,-0.695970246288518,0.017654630612338466,0.01637750249958321,-4.928040588362856,0,0.4877994724039853
51.35519999999104,-2.104663701975305,0.5640402520295267,1.3919159611815382,-0.03486213817259397,0.04938296238511776,0.029940461200110572,-1.975729532218488,0.8414226194558974,1.3392636956327721,0.01983306340549274,-0.05389396383237065,0.14638054901462666,-2.031626683614126,0.8619814233373301,1.4971241138608269,-0.02798211432546562,0.04333100690464136,0.09423844423814716,0.09000117304571391,0.09000117304571391,0.0,0.17449971594273733,0.3370355444746567,-0.6957016543784276,0.017754383540342998,0.016341620610832858,-4.928372818111783,0,0.4876957335448894
51.359359999991035,-2.1048100162853722,0.5642459057464252,1.3920400247414058,-0.03511543441613609,0.04935689205565163,0.0297752543682094,-2.0710860542567717,0.1584920495525765,1.4546848704938729,-0.022246181987563424,-0.030115980277036998,0.0245329395848293,-2.051402207312305,0.510170510282848,1.4759554600194793,-0.025455501351333416,0.005969402039004029,0.059276189129720824,0.09000117304571391,0.09000117304571391,0.0,0.17515343458695198,0.3368821149754436,-0.6954119587122984,0.017855340146736565,0.016304733887149307,-4.928706584243708,0,0.48759218746322536
51.363519999991034,-2.104957402528462,0.5644514410579305,1.3921633827060518,-0.0353726983415515,0.04932847476127841,0.02960591151502711,-2.4071553668686665,0.05078614308576124,1.1085556769079774,0.02941544577484198,0.07158934822595985,0.043317016012816754,-2.229218100681882,0.28062483621537965,1.2923434809110679,0.0010183848292681689,0.03838074195252308,0.051112410052973366,0.09000117304571391,0.09000117304571391,0.0,0.17581617324463067,0.33673350533372526,-0.6951035756624058,0.01795757362658229,0.016266668529608556,-4.929041904095117,0,0.4874888400723318
51.36767999999103,-2.1051058781900944,0.5646568468022497,1.3922860184793981,-0.03563415879182405,0.04929737863659507,0.029432585603152248,-2.203221309566146,0.4966259175696351,0.9083274412667024,0.054342067690998724,-0.05674286009650349,0.027471616781727628,-2.216107795703612,0.38850864700684645,1.1003911640062765,0.028303061946529637,-0.009070220159876354,0.038692526874192494,0.09000117304571391,0.09000117304571391,0.0,0.1764884078211345,0.33659039150584946,-0.6947770682712417,0.0180611503847952,0.01622726189511122,-4.929378795275713,0,0.48738569897867373
51.37183999999103,-2.1052554610348655,0.5648621112872256,1.3924079144984753,-0.03589988274507748,0.049263476394216625,0.029255044578548356,-1.7040933288266706,0.95004204749621,1.7949254256953402,0.11311304282453409,-0.09023721194581438,-0.2381384528239636,-1.9598609307980794,0.6690915599550712,1.447168062038779,0.07032910288384776,-0.04963609505706384,-0.09981499657104281,0.09000117304571391,0.09000117304571391,0.0,0.17717029025172504,0.33645304016665367,-0.6944314541465747,0.018166110534964686,0.016186403798742602,-4.929717275668875,0,0.48728277194327885
51.37599999999103,-2.105406168781499,0.5650672226697204,1.392529051478023,-0.036169859192001816,0.04922673179875518,0.029072875091476456,-2.376710592855357,0.5037570336557761,1.8564523985315355,-0.08653592189033979,0.06260628515857196,-0.0010179383963400818,-2.1684674893658626,0.5865527656335455,1.651811731737327,-0.008661509569751735,0.006763287961021705,-0.05078571264967229,0.09000117304571391,0.09000117304571391,0.0,0.17786181620139982,0.3363215357462441,-0.6940650193838217,0.0182724697034922,0.01614403141101084,-4.930057363423638,0,0.48718006617312626
51.38015999999103,-2.1055580190916223,0.5652721689171359,1.392649408375202,-0.03644407442959224,0.049187099379735234,0.028885655322898145,-2.222774564202967,0.5976189404585601,1.1634671231147125,-0.048084319164354815,0.08725151857869926,0.165826935382771,-2.1957215265787955,0.5922684502226951,1.4079814573272806,-0.02831952041128678,0.04650260375815874,0.05725099874857959,0.09000117304571391,0.09000117304571391,0.0,0.17856297588173572,0.3361959813638659,-0.6936760108744706,0.01838023033123064,0.016100103885896423,-4.930399076946012,0,0.4870775883366774
51.38431999999103,-2.105711029713321,0.5654769375631311,1.3927689626874644,-0.03672254920773743,0.04914447503885067,0.02869303494298838,-1.9571568297031792,1.08562180953428,1.632848827002058,-0.17908193377449483,0.12939733109376952,-0.033072761267895635,-2.07680981720796,0.8392178421368751,1.5203479314122044,-0.10377608654676294,0.08788824001696514,0.012091954966300885,0.09000117304571391,0.09000117304571391,0.0,0.17927382860692753,0.336076598016115,-0.6932629575455812,0.01848939243407063,0.016054578423056007,-4.930742434893447,0,0.4869753449284335
51.38847999999103,-2.1058652186303597,0.565681515451906,1.3928876907450096,-0.037005340089255455,0.04909869330597504,0.02849473381085081,-2.1380050299036792,0.07775186356378194,1.2415026238309694,0.06727061044191451,0.15272419931069064,0.13672830099205852,-2.1072685481695532,0.45879954249711885,1.3812085596015409,-0.0179668563932,0.11916916682265592,0.07399713810720698,0.09000117304571391,0.09000117304571391,0.0,0.17999450566818026,0.3359637303293795,-0.6928246660284936,0.018599959107030353,0.016007397696887582,-4.9310874561724685,0,0.4868733426433915
51.392639999991026,-2.1060206041397036,0.5658858885693189,1.3930055678353643,-0.037292522242538734,0.049049548179084364,0.028290501685119533,-1.9973270077515954,0.4843470210062363,2.341972717588516,-0.11679432818373776,0.1297032487676225,-0.0828876147132876,-2.0525400376899534,0.4718428627396536,1.8614243591154955,-0.0673260686307106,0.12461669500264604,-0.004147375717966879,0.09000117304571391,0.09000117304571391,0.0,0.1807251759396595,0.33585780498220175,-0.6923600596163932,0.018711936798729893,0.015958488379635222,-4.931434159937578,0,0.4867715885924825
51.396799999991025,-2.1061772048503506,0.5660900419672575,1.3931225681566668,-0.03758417055533322,0.04899681550528884,0.02808007711259824,-2.370752083713665,0.6221736792838353,1.2970648301495282,0.03394558464751787,-0.03464449857958177,-0.08145455457024331,-2.211577629774377,0.546937406902078,1.5790724358184136,-0.01672162207721625,0.04492728872836841,-0.043379459875016776,0.09000117304571391,0.09000117304571391,0.0,0.1814660080460468,0.335759285946845,-0.6918680134146764,0.018825332720111644,0.015907765590472155,-4.931782565589366,0,0.4866700903499578
51.400959999991024,-2.106335039634276,0.5662939597393778,1.3932386646746855,-0.03788034814208164,0.0489402653088524,0.02786316432447226,-2.812162584568827,0.2999018774603882,1.6423711057534687,0.01960551478835417,-0.055428196418509504,0.14590556018841663,-2.5118336634865086,0.4233020922375838,1.6110254820875731,0.0015033952224844155,-0.004988091454057528,0.051352369362077814,0.09000117304571391,0.09000117304571391,0.0,0.1822171472906612,0.3356686498181921,-0.6913472613497234,0.018940151835812342,0.0158551380286718,-4.932132692770552,0,0.4865688559061575
51.40511999999102,-2.106494127564534,0.5664976250015558,1.3933538289617762,-0.038181103261949345,0.04887966292271199,0.027639428901765014,-1.9122028979664694,0.31456013664719146,1.1644111224171254,-0.018424394471333358,-0.029779104920721146,0.18701270743621848,-2.212052494103712,0.3688693344933689,1.3881038876744685,-0.00841735256969725,-0.01782469132405072,0.11930386993150825,0.09000117304571391,0.09000117304571391,0.0,0.1829787094194409,0.33558638356673004,-0.6907963783186801,0.01905639480553626,0.01580051089994448,-4.932484561359572,0,0.48646789360573717
51.40927999999102,-2.106654487860994,0.566701019849454,1.3934680310608754,-0.038486471150393005,0.048814763495576084,0.027408503783819593,-2.957136568892673,0.9487390597094032,1.3095425330655734,-0.048557038978460434,0.10552849930935762,0.12153602850884498,-2.584699951282499,0.6590275840915909,1.3490750293253804,-0.028865046073739433,0.04392423681536996,0.12062306315925078,0.09000117304571391,0.09000117304571391,0.0,0.18375078423596436,0.3355129955840943,-0.6902138038549156,0.019174057070347944,0.015743786232911738,-4.932838191461793,0,0.4863672121175173
51.41343999999102,-2.1068161398468663,0.5669041252876984,1.3935812393801195,-0.038796476609292786,0.04874530517865607,0.02716999661860106,-2.2476986145666755,0.9680241927297408,1.4403576430132807,0.11570022973169272,-0.08885905460965365,0.04831638326474594,-2.415957175384391,0.8133428985137113,1.3948184357704845,0.043842889198981716,-0.02230126966998653,0.08401073549860949,0.09000117304571391,0.09000117304571391,0.0,0.18453344074699018,0.33544902940248333,-0.6895978712596921,0.01929312859912117,0.015684861599617243,-4.933193603398552,0,0.48626682044381975
51.41759999999102,-2.1069791029085274,0.5671069211384664,1.3936934206026386,-0.03911113479871128,0.04867100418430625,0.02692349340456788,-2.373230539564432,0.5691783679955319,1.9350956569090905,-0.11753601894938147,0.0047732761562453915,0.03662209138876102,-2.394837236888879,0.6912688133107403,1.6650367382552145,-0.03721759251945741,-0.008746648975712172,0.06044520942420703,0.09000117304571391,0.09000117304571391,0.0,0.1853267287071241,0.33539507368461563,-0.6889468219224382,0.019413593693113077,0.01562362848188498,-4.933550817693947,0,0.48616672795459986
51.42175999999102,-2.1071433964488078,0.5673093859399029,1.3938045395931105,-0.03943044966732948,0.04859155234476621,0.02666855771324569,-2.000627017313931,0.8614455935070546,1.4966889574949072,-0.1817360804022587,-0.0032614911111426975,0.06359365630931467,-2.1981067228859335,0.7763504959143527,1.5809939571880083,-0.1097808503482715,-0.005468528783807677,0.06201232161897948,0.09000117304571391,0.09000117304571391,0.0,0.18613067542974915,0.33535176721563265,-0.6882588019253818,0.019535430466471604,0.015559971052414079,-4.933909855059096,0,0.4860669444276044
51.42591999999102,-2.107309039826765,0.5675114968407782,1.3939145592900266,-0.03975441070971791,0.04850661621007983,0.0264047272598667,-2.5273724768982664,0.7240338045529193,1.5642520900143249,-0.07237985815589565,-0.06348638320402616,-0.16975243841843585,-2.3628911604924934,0.7500601018704531,1.5722698926541465,-0.09170371563047719,-0.03465047577426058,-0.0538871237450881,0.09000117304571391,0.09000117304571391,0.0,0.18694527922921833,0.3353198008153293,-0.6875318479817653,0.01965860990499546,0.015493765538192924,-4.934270736373359,0,0.48596748008286694
51.430079999991015,-2.1074760522809726,0.5677132294923797,1.3940234405815204,-0.04008298900987641,0.048415836384353025,0.026131509958515372,-2.3162714710697934,0.5499871893173123,1.2009349469831296,-0.12008387845400298,-0.020348830626719355,0.04549529972873349,-2.339830202543146,0.6499807059501916,1.386695654829019,-0.10616028298955812,-0.02787818886681225,-0.004781451111120745,0.09000117304571391,0.09000117304571391,0.0,0.1877705014192867,0.3352999187761275,-0.68676387125781,0.01978309458505592,0.015424879954643592,-4.934633482661922,0,0.4858683456090766
51.434239999991014,-2.1076444528358294,0.5679145579351275,1.394131142167947,-0.040416133165602615,0.04831882625945796,0.02584838074235723,-2.1535895338981623,0.5081847038482921,1.1296595883683134,0.04696856914448872,0.065092907672182,0.0024947381449031344,-2.2466101250026096,0.5792178330479272,1.2581815264924614,-0.029964718676569517,0.01825087424932628,-0.001391221358775846,0.09000117304571391,0.09000117304571391,0.0,0.18860625805543735,0.33529292151305357,-0.6859526442217156,0.019908837172676476,0.015353173914786867,-4.934998115069133,0,0.4857695521851417
51.43839999999101,-2.1078142601907075,0.5681154544765973,1.3942376204153903,-0.04075376517075037,0.048215169952763266,0.025554779386390582,-1.8601054010878117,1.6047905953891046,0.9122261284158262,-0.21842867201897448,0.18342520181747268,0.1992448408119976,-2.05380805616644,1.0923928968307284,1.0856157879774322,-0.12482299370373359,0.10083367100256745,0.09893422740729947,0.09000117304571391,0.09000117304571391,0.0,0.18945241157443282,0.33529966981675874,-0.6850957914801755,0.020035778768954307,0.015278498324610482,-4.93536465482694,0,0.4856711115014552
51.44255999999101,-2.1079854925906583,0.5683158895586102,1.3943428292027176,-0.041095775988186097,0.04810441968312093,0.025250108958512374,-2.014996998570908,0.30568712820429406,1.614345665821932,-0.14803076407812962,0.23966720921762716,0.1469201622652921,-2.0347106581827603,0.6995319274311435,1.3502889482586315,-0.13618367019346336,0.1707613135636491,0.12343769799085962,0.09000117304571391,0.09000117304571391,0.0,0.19030876179775458,0.3353210902428557,-0.6841907831151016,0.020163847092778506,0.015200694927911224,-4.935733123217705,0,0.4855730357836376
51.44671999999101,-2.1081581676759034,0.5685158316124638,1.3944467197629067,-0.04144202045882964,0.04798609292485823,0.024933734445372363,-2.107224697299,0.2693818186612763,1.389223389837241,0.10385105503294315,-0.012412743906772147,0.07482392399540938,-2.0707505390834466,0.48442678559729696,1.36991272251871,-0.016969713061087466,0.07979154095523357,0.09882164492068674,0.09000117304571391,0.09000117304571391,0.0,0.19117503558220134,0.3353581809579491,-0.6832349287013285,0.020292954441980576,0.015119595764511115,-4.9361035415306,0,0.48547533781918
51.45087999999101,-2.1083323023062275,0.5687152469023357,1.394549240518494,-0.04179231127778172,0.04785966956925815,0.024604981340992874,-1.9044375604314514,0.36105318268108655,1.2231793760320777,-0.12165297182948523,0.03631767490472465,-0.0064784980660097,-1.9878454008662698,0.42281498375149956,1.2965330152610495,-0.06955456309580238,0.05790197797946939,0.045472520279206355,0.09000117304571391,0.09000117304571391,0.0,0.1920508745774384,0.3354120175823351,-0.6822253711587182,0.02042299536117681,0.015035022630925017,-4.936475931010638,0,0.48537803098595633
51.45503999999101,-2.1085079123557904,0.5689140993571846,1.3946503369113248,-0.0421464118950562,0.04772458916374302,0.024263134279392008,-2.1969794370601474,0.8821597287381973,1.6306376767870632,-0.024129126721914626,-0.11516567447536828,-0.12108241954841453,-2.092463392328696,0.6522515867364584,1.4633385077816252,-0.04717072502867984,-0.02888883254214218,-0.039078980213501126,0.09000117304571391,0.09000117304571391,0.0,0.19293582079949329,0.335483758888506,-0.6811590807635275,0.02055384395587134,0.01494678660859662,-4.936850312799256,0,0.4852811292812976
51.45919999999101,-2.10868501247361,0.5691123503913739,1.3947499512278996,-0.042504028276744724,0.04758024820540802,0.02390743597794272,-2.130926648697175,0.21227511160065782,1.3089899597416519,-0.15932578064265346,0.07244790421118444,0.11481686493693471,-2.1120267539635957,0.432409855558151,1.3864034857693062,-0.10320678326216752,0.022304094361368376,0.03712998967711316,0.09000117304571391,0.09000117304571391,0.0,0.19382929988691971,0.33557465240225826,-0.6800328503902296,0.020685350809202252,0.01485468769119283,-4.937226707865195,0,0.48518464735078354
51.463359999991006,-2.1088636158047467,0.5693099587141561,1.3948480224229634,-0.042864799472741265,0.04742599746773125,0.02353708681532904,-1.670549722252916,0.395074615214687,1.6698201420343686,-0.0896550123927444,0.13703346891847093,-0.1268253401840696,-1.8914714623040145,0.41402773858967173,1.5278513198235733,-0.0965117719088511,0.07930618302013974,-0.04546983757205589,0.09000117304571391,0.09000117304571391,0.0,0.1947306019281205,0.33568603994821833,-0.6788432932917515,0.02081733946822453,0.014758514525654225,-4.937605136924297,0,0.4850886005164675
51.467519999991005,-2.1090437336668697,0.5695068801283487,1.3949444859453022,-0.04322828690954085,0.04726113940621746,0.023151245361331355,-1.7945592895136235,0.22047905465871231,0.9973574007432209,-0.14858955309513316,-0.07519867676125405,-0.01650337305763761,-1.8433236555027306,0.3170939567808489,1.262567681703272,-0.12259743787585896,0.002868768894345317,-0.031642436039269,0.09000117304571391,0.09000117304571391,0.0,0.19563885968755207,0.33581936304829274,-0.6775868447001663,0.02094960246949023,0.014658044287636765,-4.937985620346617,0,0.4849930048045201
51.471679999991004,-2.10922537517647,0.569703067319074,1.395039273571054,-0.04359396230405673,0.047084925774093664,0.022749030180422656,-2.442640686868358,0.607554014153976,1.592387848214159,-0.07413516226351373,-0.03613755734915315,-0.10471286673661884,-2.1431405746259404,0.4622510681514502,1.4272628356371069,-0.09836423305292472,-0.016735403800723612,-0.06844343750662234,0.09000117304571391,0.09000117304571391,0.0,0.19655302402266908,0.33597616790912843,-0.6762597685514012,0.021081896874589428,0.0145530427326576,-4.938368178049115,0,0.4848978769722325
51.475839999991,-2.1094085468185835,0.5698984696342959,1.3951323132514246,-0.043961194107278216,0.04689655565325511,0.02232952328896241,-2.5197526497767075,0.6718767527065421,1.4075020071607958,-0.23496566729248838,-0.022751843787102405,-0.14708045627089272,-2.3319371035947474,0.5670176896884029,1.417078590735744,-0.16707246644877863,-0.01956801167982826,-0.10882950968398633,0.09000117304571391,0.09000117304571391,0.0,0.19747183629631307,0.3361581095859638,-0.6748581708799141,0.021213939292701645,0.014443264488519375,-4.938752829371996,0,0.48480323453410146
51.479999999991,-2.1095932592043187,0.5700930222753707,1.3952235405783693,-0.04433097257640792,0.046692633857943366,0.021894558466739676,-2.1719455887783155,0.6379216061127291,1.4594539538613827,0.10151561224840244,0.1505921166379237,0.006658741225120501,-2.251728724253441,0.6027835073143952,1.4382810567150763,-0.03296529032561275,0.06543574796619621,-0.05139950426073179,0.09000117304571391,0.09000117304571391,0.0,0.19839729080780566,0.3363720541309664,-0.6733892053357475,0.021345625284732123,0.014327880377188136,-4.939139593102033,0,0.48470911148368573
51.484159999991,-2.109779502536766,0.5702866810733979,1.3953128601343123,-0.04469839978736604,0.046478111526520705,0.021436693426355995,-2.0534389586887607,0.7035822393739775,1.0756603001792813,-0.11207336507326204,-0.12167626763529255,0.08299826671811855,-2.152815058300875,0.6529294073004221,1.257141846413379,-0.07275707752764565,-0.027584997359014346,0.015275601542881812,0.09000117304571391,0.09000117304571391,0.0,0.1993195662133633,0.3366081275674051,-0.671822768809712,0.021476167261313434,0.01420766085044492,-4.939528486925164,0,0.484615506328451
51.488319999991,-2.109967267116261,0.5704793918312272,1.3954001799112203,-0.04506349907874344,0.046250581879032665,0.020956746457949142,-2.3445827013381098,0.5566261305415006,1.5069977204115002,0.07740422574044062,0.06592569597256015,0.05050828905788683,-2.2485378237514446,0.604913652622634,1.3821763669620077,0.0016410700837472783,0.019436493572975593,0.03299575601729981,0.09000117304571391,0.09000117304571391,0.0,0.20023869956566692,0.33687120536620563,-0.6701618636836733,0.021605064795051254,0.01408252165692594,-4.939919527349827,0,0.4845224277451239
51.492479999991,-2.1101565435279195,0.5706710883040076,1.3954854124289544,-0.04542633879811874,0.0460071534672911,0.020455804256201027,-2.6823919505604747,0.28608654526734556,1.1460594293891917,-0.06814815229423865,-0.00046546126283187467,0.16789983623278457,-2.4656086130357564,0.4454966863188214,1.264466513998065,-0.033756926927164276,0.009589444637159932,0.09993847918411185,0.09000117304571391,0.09000117304571391,0.0,0.20115481836381738,0.3371671459361898,-0.6684105812619292,0.021731947128547854,0.013951854920716406,-4.940312729618418,0,0.4844298968608379
51.496639999991,-2.110347329799472,0.5708616784262492,1.3955684870197624,-0.04578870517268747,0.04574162933798598,0.019937901793935127,-2.157646821498326,0.6197013053494957,1.6016383104047993,-0.12550207995655516,-0.036592138437923624,0.16750317259315795,-2.3118857322458095,0.5325231741597505,1.4334043691927987,-0.08004231504428701,-0.013051171464203171,0.133141462445104,0.09000117304571391,0.09000117304571391,0.0,0.20207149881517772,0.3375084551114182,-0.6665848752977778,0.021856692425431055,0.013814069455842414,-4.940708107750403,0,0.4843379660445879
51.500799999990996,-2.1105396017994282,0.5710510898047104,1.3956493045208356,-0.046145279989417344,0.04545873083067247,0.019396200257529122,-1.7918623727100627,0.8182779136656615,1.4592005217453132,0.03475574302494463,0.09872082142362341,0.20518497006923142,-2.051797747212933,0.6756081644009387,1.4467304736674074,-0.022831174407230294,0.04269087988725969,0.16864462683361323,0.09000117304571391,0.09000117304571391,0.0,0.2029780633167763,0.33788574747356864,-0.6646570492097552,0.021978412416980436,0.013669531296707962,-4.941105673931696,0,0.4842466535591025
51.504959999990994,-2.1107333255128506,0.5712392495274495,1.3957277589082104,-0.04649369122132859,0.04515833345739618,0.018829052969963928,-1.9954608201862052,0.7907654086314627,1.2973713658529669,-0.026936141207423728,0.15730209677331733,-0.014096311606935578,-2.023685215889484,0.733517111159436,1.372020975362099,-0.024739135622090274,0.09886637486207259,0.07708358315303722,0.09000117304571391,0.09000117304571391,0.0,0.2038697261967022,0.3382993453095159,-0.6626201876619968,0.02209619112549633,0.013518508777375635,-4.941505438172522,0,0.4841559729386287
51.50911999999099,-2.110928460560744,0.5714260766822071,1.3958037449710903,-0.04683241149442484,0.044838517141822215,0.018236655091146733,-2.3245613010842634,0.862746758646151,1.4791847026197893,-0.15076831114656802,-0.2245434590561314,-0.0353562541554968,-2.174440113852207,0.7976664744358636,1.4255309555075408,-0.08718967081205638,-0.06314438793004408,0.020434923024825278,0.09000117304571391,0.09000117304571391,0.0,0.20474338743260947,0.3387531758381793,-0.6604747569131174,0.0222091815920231,0.013360834054309429,-4.941907408028223,0,0.4840659434984925
51.51327999999099,-2.1111249595234898,0.5716114814943044,1.3958771595497323,-0.04715975105896925,0.04449715490334272,0.017619498874077356,-1.814138484372409,1.0878755984830049,1.508567781222331,-0.044007148942015566,0.05260414282148775,-0.02276095699028078,-1.9943788418978121,0.9428814385283477,1.4670039890655022,-0.06534613576769718,-0.004775654637396724,-0.0018246642385348476,0.09000117304571391,0.09000117304571391,0.0,0.20559561468966786,0.33925158961277324,-0.6582224196511901,0.02231652976452595,0.013196088991253994,-4.942311588290876,0,0.483976591427595
51.51743999999099,-2.111322765221508,0.5717953684155542,1.3959478996999095,-0.047473367524327466,0.04413286109995956,0.016977636042525664,-2.0875954498741347,1.1883201889670358,1.4965527094705733,-0.06560734093748342,0.0074326078951134356,0.18251069473040205,-2.041123833473087,1.0656179947047202,1.4821595062467512,-0.0656815844574017,0.0013258227109811563,0.08969012865963354,0.09000117304571391,0.09000117304571391,0.0,0.20642165849943245,0.3397974579066474,-0.6558630742700768,0.02241728420048375,0.013023905224794663,-4.942717980615123,0,0.48388794566897375
51.52159999999099,-2.111521808616692,0.5719776388876434,1.3960158619071412,-0.04777041484423632,0.04374491330141545,0.016310929735632397,-2.1592803550671174,0.7957544312616778,1.2413308800329623,0.0032803748168395847,-0.035937832193985005,0.025920635674195038,-2.100196498034148,0.9306107659917648,1.3617978126511299,-0.031012658919009402,-0.017876307279103186,0.05762167720049515,0.09000117304571391,0.09000117304571391,0.0,0.20721574860908293,0.34039232645409434,-0.6533958619057592,0.022510376699899134,0.012844092377473708,-4.9431265830991835,0,0.4838000346512329
51.52575999999099,-2.111722019902829,0.5721581666297587,1.3960809640923788,-0.048050708672860765,0.04332665810766797,0.015624524457012946,-2.084297668803104,0.6512301914872287,1.5386993259341304,0.08105223259390801,0.09542904948919664,0.06008959677388455,-2.092078644163498,0.7911166082850616,1.4503756956365728,0.025136806987896877,0.03896392604599092,0.05842086644475065,0.09000117304571391,0.09000117304571391,0.0,0.20797744593023706,0.34104964966096263,-0.6508411473132775,0.022594927026395616,0.012655273524526008,-4.943537390041099,0,0.4837129196043602
51.52991999999099,-2.11192329472289,0.5723368695510935,1.3961430890126945,-0.048305956814653044,0.042888701120359744,0.014909980875749615,-1.6842091203566223,1.1761288425282779,1.9958888205916305,-0.04523700167818802,-0.11377931882904088,0.06834132907113848,-1.8882340583031703,0.9833890763915029,1.723277068330043,-0.010556023348708504,-0.03754916398009996,0.06393582051031835,0.09000117304571391,0.09000117304571391,0.0,0.20869003513685555,0.34174826442255224,-0.6481647673415968,0.022669360617251198,0.012459210961247226,-4.943950391151154,0,0.4836266001931936
51.534079999990986,-2.1121255221944315,0.5725136538215254,1.3962021347620237,-0.0485345931699815,0.042428224903652494,0.014170979839020735,-2.272341004612743,0.6329083578355221,1.4749778162051177,-0.19716265052028287,0.02162914817253558,-0.2289019244222573,-2.0807006036334834,0.8081922349492915,1.598651201442939,-0.10370707852294862,-0.008436131625268906,-0.0832365311690328,0.09000117304571391,0.09000117304571391,0.0,0.20935026812780472,0.3424939084708378,-0.6453811632564992,0.022732451709484954,0.012256316623508585,-4.944365571268061,0,0.4835410908925651
51.538239999990985,-2.1123285866664965,0.5726884104643717,1.3962580199082775,-0.048735473295645614,0.041941594283111686,0.013412435100922089,-2.5366848101953066,0.2108635209102625,1.8502764488671055,0.04640561602398457,0.17032358571680217,0.014120477362497792,-2.3085996412184153,0.5098774434107747,1.7244943686310918,-0.028532486551914475,0.08118367945661528,-0.03428178883473586,0.09000117304571391,0.09000117304571391,0.0,0.20995573669773362,0.3432939727826118,-0.6425097772765292,0.02278319248918681,0.01204614955899133,-4.94478291010998,0,0.4834564264877195
51.542399999990984,-2.1125323639985045,0.5728610263599926,1.3963106772025031,-0.048906559681899255,0.04142781494902244,0.012637750614181747,-2.6625132540049927,0.3346532834027859,0.9628044040597706,0.00252271187704,0.03125370447871695,0.07024121875761904,-2.4855532747985105,0.42233163792316397,1.3437905197962565,-0.013200244132739148,0.05502275067682494,0.017798157620522937,0.09000117304571391,0.09000117304571391,0.0,0.21050223515622005,0.3441505622838065,-0.6395640452860243,0.022820631024336416,0.011828398306932312,-4.945202381998171,0,0.4833726489294117
51.54655999999098,-2.1127367201982334,0.573031392894425,1.3963600496018056,-0.04904548793498591,0.04088796826376586,0.01184937583258774,-2.1735431989683236,0.7705470766578392,1.709136606493525,0.03454771743458335,-0.05399367970985481,-0.00279763249292362,-2.32947423381984,0.5963312826430479,1.52646051653951,0.010689178690977625,-0.0003411118426307036,0.00739777512377455,0.09000117304571391,0.09000117304571391,0.0,0.21098489314482805,0.34506161939770746,-0.6365536096731784,0.022843875435199914,0.011603236058534196,-4.945623955618438,0,0.4832897977552943
51.55071999999098,-2.1129415139143197,0.5731994070724774,1.3964060921619443,-0.04915049186067799,0.0403234027325796,0.011050214433313449,-2.4700695777081396,0.5549744264235672,1.3921219370041142,0.08735452162930848,0.046795154368209316,-0.0010484013400432063,-2.3995914059380867,0.5757514176835415,1.459289357710337,0.0491185078769964,0.0224931390395242,0.002573403874084963,0.09000117304571391,0.09000117304571391,0.0,0.2114000312634939,0.3460245457869189,-0.6334899689269264,0.022852193109887068,0.011371103462438345,-4.946047593888719,0,0.48320791045560246
51.55487999999098,-2.1131466004020694,0.5733649692980584,1.3964487758976456,-0.049220757059891894,0.039734934139418435,0.010244096568325676,-2.1386236271898604,0.471378894889392,1.30225438271702,0.033838483808969276,0.0608227576159016,-0.10924940475395847,-2.2690360656390482,0.5236920381266861,1.3805442690805607,0.04184407096912309,0.041125314466638696,-0.05368344232388552,0.09000117304571391,0.09000117304571391,0.0,0.2117458733586268,0.34703780686494606,-0.630388381251846,0.02284509206026126,0.011132427745417246,-4.94647325395277,0,0.48312702693626614
51.55903999999098,-2.113351834918092,0.5735279823337496,1.396488089778053,-0.04925628384545899,0.03912312856589576,0.009435331297762682,-2.0641699570857672,0.15330732466744185,1.8946103691672076,-0.0273403813636691,0.04379578913927803,0.01414337661396992,-2.166657343320251,0.3385897566474244,1.63761155982785,0.006726537262643873,0.04170400153222762,-0.02036374613353785,0.09000117304571391,0.09000117304571391,0.0,0.21202227531368556,0.3481003658916267,-0.627266077418143,0.0228223477836306,0.010887543355349244,-4.946900887288282,0,0.48304719205917057
51.56319999999098,-2.1135570751522734,0.5736883522460863,1.3965240402116543,-0.049257656203511156,0.0384887789608017,0.008628104064344357,-1.6984371044698967,1.1332959349354972,1.626617013325456,-0.05037186261389201,0.103940645429596,-0.08319320121639939,-1.9326501134346818,0.7361638770789816,1.6319414245083292,-0.021148771283049074,0.07316607052967035,-0.05189673144654668,0.09000117304571391,0.09000117304571391,0.0,0.21223026466247796,0.34921072836126965,-0.6241398452516783,0.022783993767639996,0.010636755414825828,-4.947330439911675,0,0.48296845519030335
51.56735999999098,-2.1137621831093205,0.5738459899626926,1.3965566492346926,-0.04922590969127131,0.03783305198553865,0.007826165529195163,-2.1034063048459957,0.430931907987569,2.0269189294993737,0.1761153156577366,0.040472291087711845,-0.021418384469215023,-2.0176630849663244,0.583631062595626,1.8293891954857895,0.0774685776132345,0.056280459810923424,-0.037046221100956796,0.09000117304571391,0.09000117304571391,0.0,0.2123717778434986,0.35036664628424313,-0.6210247775485536,0.02273029794502003,0.010380405892294638,-4.947761852664026,0,0.48289086855628777
51.571519999990976,-2.1139670267225306,0.5740008123256963,1.396585952462946,-0.04916246717036222,0.037157367120882995,0.007032774780852753,-2.5776836891219856,0.9659545571508337,1.2477467294977387,-0.07743195494530888,0.14923041469269044,0.05421085432542498,-2.2978379761854484,0.7751062255520978,1.5386775353365902,-0.00015728720281145533,0.10258338069602249,0.008150512194095247,0.09000117304571391,0.09000117304571391,0.0,0.21244953307351538,0.35156535930714905,-0.6179340384017731,0.022661732895281096,0.010118885940732255,-4.948195061562353,0,0.48281448588966785
51.575679999990975,-2.1141714811589236,0.5741527425338402,1.396611997080101,-0.04906906473431663,0.0364632499545293,0.006250708117185659,-2.1008148713628563,0.5435965903606511,1.4196559594559808,-0.1659651439386638,0.1296316780444106,-0.07571610434326112,-2.1996697867422705,0.6596208716617967,1.4790095627420046,-0.0832722876899997,0.11540686560986452,-0.03432341582502289,0.09000117304571391,0.09000117304571391,0.0,0.21246688327096852,0.35280388816622815,-0.6148788923508234,0.02257893975210152,0.009852616802322772,-4.948629998198083,0,0.4827393615578679
51.57983999999097,-2.1143754296879216,0.5743017103377109,1.3966348397605157,-0.04894764695948815,0.03575227292897795,0.005482243299548926,-2.507078768939887,0.39649012991991794,1.5172777626649547,-0.19085880664162208,-0.05075877782910118,0.10980226252453752,-2.3537728098072765,0.527948908279654,1.498374471542918,-0.13734711029927402,0.03193773457063871,0.036693732153390606,0.09000117304571391,0.09000117304571391,0.0,0.2124276070907898,0.3540791531859681,-0.6118686350649584,0.022482687035322794,0.009582033492243427,-4.94906659016366,0,0.48266554978094156
51.58399999999097,-2.1145787640948983,0.5744476522265104,1.3966545445090568,-0.04880025767439232,0.03502605331188254,0.004729139649853321,-2.599879240117367,1.181303730609931,1.5474433433776813,0.09524892984615911,-0.027376279783244563,-0.13696396116442563,-2.4766279871196946,0.8545735950698568,1.522624560753389,-0.021854936249430624,0.0024549083259945456,-0.050215835572127804,0.09000117304571391,0.09000117304571391,0.0,0.2123356905260183,0.355387978158364,-0.6089105071243549,0.02237382874443191,0.009307581266140577,-4.949504761490147,0,0.48259310371482517
51.58815999999097,-2.1147813847360983,0.5745905115911245,1.3966711805678937,-0.04862895388799221,0.03428624750739417,0.0039926541208639595,-2.2493613526121514,0.4839712523802647,1.8853699418547156,-0.04967338354816407,-0.07613621793556591,0.01422844839460095,-2.363095331450868,0.6691122106168981,1.7040284971846305,-0.036275583261663365,-0.037192067503322816,-0.017571226213790838,0.09000117304571391,0.09000117304571391,0.0,0.21219515454380228,0.35672710157516785,-0.6060097521238252,0.022253266424039967,0.009029716733936384,-4.949944433082318,0,0.48252207449629336
51.59231999999097,-2.114983198664879,0.5747302446336551,1.3966848158566407,-0.048435342907287696,0.0335359302073351,0.0032724692992730908,-1.8796219273937955,0.6349343512422876,1.4423148970836994,0.04118015821369099,0.18878659159942984,-0.0264093887942147,-2.1212705885995224,0.652417667966331,1.5731152417851972,0.00292615192823958,0.0748424849886547,-0.02213723802315903,0.09000117304571391,0.09000117304571391,0.0,0.21200912596319232,0.35809040799588077,-0.6031653021343286,0.022121905281516807,0.008749198270005597,-4.950385523137615,0,0.4824525029400496
51.59647999999097,-2.1151837468772077,0.5748681250550914,1.3966944695370542,-0.048131570958870724,0.03309130114472604,0.0023168832992524436,-1.9140327517174072,0.3905201053520241,1.7031339077851753,-0.21309344324057294,0.07065772162568752,-0.1060046238626501,-2.018092071713726,0.5216139976877892,1.6379055587480624,-0.10573167587487559,0.0727611182668207,-0.06433516544364577,0.09000117304571391,0.09000117304571391,0.0,0.21160115665069026,0.35884321079281,-0.5993657936241452,0.02197805845287401,0.008532013483352235,-4.950827946857281,0,0.4823827536151238
51.60063999999097,-2.1153827396924743,0.5750050320024898,1.396699502129732,-0.047758275663952,0.03285766737560318,0.0012078222426439808,-2.2825425388389076,0.23830056321498472,1.2020819958085291,-0.0011695217878899336,0.00550727988286491,0.18339511872926523,-2.150322671314659,0.3799660839382788,1.420373078470188,-0.05293655313346391,0.03946018925048989,0.05908408584997192,0.09000117304571391,0.09000117304571391,0.0,0.21105236241679418,0.35917432020985707,-0.5949375378100619,0.021824383178108347,0.00839084282719425,-4.95127161886942,0,0.4823117182696585
51.604799999990966,-2.1155800165949175,0.5751415286139873,1.3966995428874645,-0.04734645658640908,0.032759186759388485,9.781855793335442e-06,-2.158935739896448,0.867831238129761,1.3360037196046002,-0.24416771854693947,0.020325372349852676,-0.07168651788976428,-2.1551365905440423,0.6239432813758479,1.378040235981819,-0.14879814624147422,0.0304083430355742,-0.007030062355599454,0.09000117304571391,0.09000117304571391,0.0,0.21042468123107116,0.3592351004737506,-0.5901378187898187,0.021664694141155738,0.00831582668541905,-4.951716454885567,0,0.48223870760929
51.608959999990965,-2.1157755065029904,0.5752779465891814,1.3966944153428844,-0.04691757793750729,0.0327403140466087,-0.0012306106992225367,-2.1975699447312604,0.7631427959385618,1.8299023997771058,-0.05558993097251802,-0.06847777734757554,0.0575853618326723,-2.1764702929257864,0.693399680348526,1.604094844816517,-0.10166967627816753,-0.018114523184317218,0.024990224062306554,0.09000117304571391,0.09000117304571391,0.0,0.20976103923036699,0.3591364884136323,-0.5851529147016905,0.021502467685979278,0.008290227148374723,-4.952162372689022,0,0.4821633370410958
51.613119999990964,-2.1159691964179372,0.5754144588998803,1.3966840749275058,-0.04648557958727063,0.03276295456772072,-0.0024816996908613416,-2.1235961121715543,-0.08629065072723308,1.0830148292598643,-0.03923863822640666,0.03820692074520708,-0.09052763746455027,-2.15011455072921,0.3036288086273486,1.343365083722974,-0.07040865406562201,0.009907764953176438,-0.033813284064766296,0.09000117304571391,0.09000117304571391,0.0,0.209089347834686,0.3589546224948848,-0.5801095176876926,0.02134035876369801,0.008297612276953335,-4.9526092926641025,0,0.4820854297312793
51.61727999999096,-2.116161108883528,0.5755511352772688,1.3966685618796628,-0.0460589917417297,0.032802330573219574,-0.0037231314823111252,-1.6717329048598295,0.47790870053967355,1.9254240546062704,-0.01554708563586166,0.14272746999168062,0.07431018020569197,-1.9109543057571368,0.3910664264855345,1.6345540206933216,-0.0422178364670642,0.07650943612092367,0.019849373843786895,0.09000117304571391,0.09000117304571391,0.0,0.2084267173405921,0.3587390679013581,-0.5750892934822824,0.021180181358604507,0.00832454594126317,-4.953057138032382,0,0.4820049431419568
51.62143999999096,-2.11635128659404,0.5756879814411315,1.3966479680165116,-0.04564265052289479,0.03284307932706989,-0.004942527156295964,-1.9468608964395921,0.40155425484026763,1.7711742792072687,-0.08210786072150833,-0.03731359494521066,-0.031592638974264564,-1.9290782809616127,0.39623364360097973,1.7027986665752917,-0.062330201286666304,0.019200944417488965,-0.005518481496614485,0.09000117304571391,0.09000117304571391,0.0,0.20778287818634578,0.3585205936248394,-0.5701421125579672,0.02102305184572007,0.008361093942951116,-4.953505834905701,0,0.48192191723412303
51.62559999999096,-2.1165397823034295,0.5758249653552807,1.396622414441795,-0.045238970253456606,0.03287613939580247,-0.006132857932022801,-1.8220174259124036,0.16243361843390014,1.7204275841278172,-0.10208316646572108,0.09470114731243115,0.010081191980229394,-1.8757581800283507,0.27952701457687856,1.7116337468132259,-0.0828072383914458,0.05788676048434376,0.0025065825372049405,0.09000117304571391,0.09000117304571391,0.0,0.20716271950997445,0.3583173836114596,-0.5652964984055054,0.020869563221851663,0.008400412154074756,-4.953955312227073,0,0.4818364398176009
51.62975999999096,-2.116726652482924,0.5759620340571006,1.396592037207587,-0.04484884307869857,0.03289648843675599,-0.0072905362098680225,-1.891794449474565,0.7180255624507595,1.578964435215247,-0.06273901913747165,0.10882822148842197,-0.0463400857100411,-1.8839066192661111,0.4990052249069836,1.6452022343960124,-0.07292012229061279,0.08359057590694163,-0.022133735379775737,0.09000117304571391,0.09000117304571391,0.0,0.20656808493219347,0.35813955160643673,-0.5605672325767559,0.02071994145884278,0.008438058597063411,-4.954405501646588,0,0.4817486243408383
51.63391999999096,-2.1169119535294225,0.57609912405023,1.3965569784463852,-0.04447225115964508,0.03290159835107941,-0.008414102688462852,-1.8837963450098596,0.4754870649064237,1.739851774374858,-0.12643801982825492,0.09054590964458184,0.0660673376853184,-1.8841144324689758,0.4874354768107831,1.6926657552327766,-0.09969309988715738,0.08650828761418582,0.021638804009178596,0.09000117304571391,0.09000117304571391,0.0,0.20599899511523903,0.3579922254067668,-0.5559605880296252,0.020574170274172396,0.008471320392812596,-4.954856337363654,0,0.4816585961913489
51.63807999999096,-2.1170957396457117,0.5762361674981207,1.3965173811059253,-0.04410866790946467,0.03289042749376795,-0.009503361710345909,-2.430436746187378,0.2977870291488379,1.0522548864409604,-0.09145112664308161,0.11569796848366432,0.09672047085847263,-2.1574702296666746,0.3928508682342392,1.372658388356123,-0.0952832850417377,0.1009599370892321,0.05851463264071014,0.09000117304571391,0.09000117304571391,0.0,0.20545444940014423,0.3578775594775176,-0.5514777774909636,0.020432084112090368,0.008498662426756898,-4.9553077559560235,0,0.4815664845653076
51.642239999990956,-2.117278061774433,0.5763730957781065,1.3964733859710994,-0.043757310893038096,0.03286278719658591,-0.010558832358235928,-1.830977556997202,0.30896427740049714,1.1474738814215242,-0.1924919562929419,0.07536386660583505,-0.09311557251864797,-1.9946220552905205,0.35106412878566334,1.2598719298889323,-0.14384826050432278,0.08797682342433137,-0.017794879901402837,0.09000117304571391,0.09000117304571391,0.0,0.20493293135191243,0.35779600038257,-0.5471171436576333,0.020293433899550548,0.008519316598502715,-4.955759696208309,0,0.48147241784877115
51.646399999990955,-2.1174589671685595,0.5765098414300922,1.396425130089387,-0.043417294590347405,0.03281895647656699,-0.011581411610947542,-2.214377006198014,0.4982549915520295,1.5513327947786948,0.03703022594707915,-0.09174003045586707,0.03193320545897701,-2.104424109701549,0.4244705341642306,1.4056706858685892,-0.053390290823907866,-0.002235838996506587,0.007131420916335494,0.09000117304571391,0.09000117304571391,0.0,0.20443271434482357,0.35774705665368817,-0.5428755040063236,0.020157931373674366,0.008532994315637983,-4.956212098947384,0,0.4813765211396408
51.65055999999095,-2.1176384993275654,0.5766463391594083,1.3963727460288162,-0.04308771816144751,0.03275945503586943,-0.012572174537018883,-2.38670594612855,0.5720987190793145,1.3514442518400418,-0.029274055554121395,0.007993002894262434,-0.09364461806585257,-2.2456278589566487,0.49830288187218413,1.3783617336833003,-0.041349778815458864,0.0025908621954055084,-0.04297239761556855,0.09000117304571391,0.09000117304571391,0.0,0.20395203731117206,0.3577297525155336,-0.5387489490760233,0.02002527751592858,0.008539694441209498,-4.956664906888519,0,0.48127891503167924
51.65471999999095,-2.1178166981301194,0.5767825263007252,1.3963163616117011,-0.04276771261298744,0.032684913916048074,-0.013532260107615691,-2.5487046779956506,0.3673363960619489,1.9987786455750332,-0.15252734602340162,0.06525793349134668,0.019427087840654785,-2.397486660355548,0.43295421151370655,1.6886159956839584,-0.09644163637232413,0.034038490665154505,-0.012284854024780205,0.09000117304571391,0.09000117304571391,0.0,0.2034891993579973,0.3577428865276822,-0.5347332991475217,0.019895179763235515,0.008539579867152439,-4.957118064493881,0,0.48117971511602214
51.65887999999095,-2.11799360006175,0.5769183429863589,1.3962560999082432,-0.04245646359129704,0.032596004552073045,-0.014462808829892664,-1.863931856415948,0.9707268001955374,1.4399467255734502,0.07369846513618274,0.11952030334645761,-0.1550815991840076,-2.1305529874696902,0.7020933434741486,1.563958317932034,-0.011020263609011947,0.07654513900773173,-0.08428118240078385,0.09000117304571391,0.09000117304571391,0.0,0.2030426056533107,0.35778517353591427,-0.5308243540920715,0.019767361639295156,0.008532900906168567,-4.9575715178437,0,0.4810790318732825
51.66303999999095,-2.1181692384791373,0.5770537321599724,1.3961920793634348,-0.04215322017302234,0.03249340166722335,-0.015364930754007558,-2.006133976579803,0.9226774803901776,1.7800299742282282,-0.03968077580713087,0.007566975326906963,0.14397406624173278,-2.0684256874246674,0.8124020163873994,1.6722948779133893,-0.025088474894942998,0.042386559546121305,0.029948194552562736,0.09000117304571391,0.09000117304571391,0.0,0.20261078530001997,0.35785531898741096,-0.5270180219284171,0.01964156748479729,0.008519949335722653,-4.958025214519658,0,0.48097697076626855
51.66719999999095,-2.1183436438792933,0.5771886395146204,1.396124413985624,-0.04185729603742192,0.03237776511551947,-0.016239690674630262,-2.2914725985657194,0.5075813073742861,1.7268089649139329,-0.1874459994753203,0.012449150678746215,0.005389058337862178,-2.18033811957174,0.660017535888559,1.6995637250724522,-0.10744279196418367,0.026403705705418255,0.017567725400231077,0.09000117304571391,0.09000117304571391,0.0,0.20219239395429717,0.3579520553661245,-0.5233103786771717,0.01951756416150785,0.008501031814515383,-4.958479103499706,0,0.4808736324267853
51.67135999999095,-2.1185168441576376,0.5773230133975988,1.3960532135578,-0.041568066802607065,0.03224973191482131,-0.017088102677716887,-1.9428462186992466,0.819703716921067,0.8217608739719764,0.07338596718454997,0.07422453041541713,-0.04084589351784941,-2.0614391106647254,0.7400169952428343,1.260572308091553,-0.016441797326544126,0.049894376937283005,-0.012168716219375302,0.09000117304571391,0.09000117304571391,0.0,0.2017862087462588,0.35807415824738503,-0.519697690842799,0.01939514098671364,0.008476455150418293,-4.958933135063366,0,0.480769112879262
51.67551999999095,-2.1186888648479467,0.5774568047038011,1.395978583851522,-0.04128496567419544,0.03210991348854605,-0.017911129506770682,-2.3321877282131376,0.7320548126175801,1.4871076973641257,-0.07308298723491996,0.13491670150253163,-0.05419957732000655,-2.1969666526661307,0.7363165967016243,1.3737301199098357,-0.04508180333963176,0.09233966938350013,-0.0337899795456029,0.09000117304571391,0.09000117304571391,0.0,0.20139111980423646,0.35822045192971813,-0.5161764185948162,0.019274108706191135,0.008446518588979518,-4.959387260706545,0,0.48066350377209194
51.679679999990945,-2.118859729341971,0.5775899667679125,1.3959006268338916,-0.04100747856579074,0.031958895386738004,-0.018709684231264432,-1.5281492833599581,0.4961272357657067,1.2032965761866572,-0.09216984645391334,0.18446351907333142,-0.20952877164364128,-1.8627462838574154,0.6166028722898097,1.2880773496865794,-0.06800479746268985,0.1388967184310917,-0.12213280957431288,0.09000117304571391,0.09000117304571391,0.0,0.2010061206997342,0.3583898101016053,-0.5127432097032528,0.019154298004396275,0.008411510121308328,-4.959841433064944,0,0.48055689260304185
51.683839999990944,-2.1190294590889476,0.5777224552598258,1.3958194408635778,-0.04073513927444266,0.03179723805919312,-0.019484632875318913,-2.4227069719852397,0.4518328299346114,1.4080513694928314,-0.27044581237416887,0.11334245267132662,0.16821385813126835,-2.143292438573109,0.5344529456715941,1.3484153196313948,-0.16951387545538216,0.12588150728759565,0.022906256858022753,0.09000117304571391,0.09000117304571391,0.0,0.20063029898159665,0.35858115439725397,-0.5093948895966827,0.019035557845877533,0.008371705005367498,-4.960295605845196,0,0.48044936293320395
51.68799999999094,-2.119198073776333,0.5778542280847402,1.3957351208747049,-0.040467524972453255,0.03162547797946326,-0.020236797329494932,-2.2684186799610635,0.5197796440251421,1.3830110566571903,-0.04193433087501019,-0.05095823560968908,0.05826898419833648,-2.205943347327717,0.5270090734035177,1.3658338169692177,-0.10588118052402379,0.03801491438521134,0.04097534051908419,0.09000117304571391,0.09000117304571391,0.0,0.2002628273269975,0.35879345224488046,-0.5061284502462999,0.018917753811771895,0.008327365448737686,-4.960749733762956,0,0.48034099458796353
51.69215999999094,-2.119365591493443,0.5779852452881009,1.3956477585487466,-0.04020425210636971,0.03144412880658453,-0.020966958230008385,-2.4426714577776028,0.2296611833605386,1.5988485647358843,0.047766568818919115,0.22850335020128332,-0.019270737619192416,-2.324209660182905,0.3788107599266959,1.4823033199513318,-0.029089159625874803,0.13207758661463187,0.010576715728317134,0.09000117304571391,0.09000117304571391,0.0,0.1999029554885762,0.3590257146346259,-0.5029410391478786,0.01880076651568483,0.008278740861483818,-4.961203772487244,0,0.4802318638452393
51.69631999999094,-2.119532028879735,0.5781154689650473,1.3955574424750936,-0.03994497271014645,0.03125368246712929,-0.02167585767671955,-2.1701196163264806,0.3949622486045178,1.6029198082314702,-0.142862236109688,-0.006894720354302511,-0.059694795134915477,-2.247460334920369,0.38687275022352263,1.5424894491810508,-0.08614843523783267,0.062372526526222445,-0.02513371829599572,0.09000117304571391,0.09000117304571391,0.0,0.1995500030586697,0.35927699404150426,-0.4998299489128273,0.01868449013664221,0.008226068360102718,-4.961657678590411,0,0.48012204361192096
51.70047999999094,-2.11969740125933,0.578244863173928,1.395464258301127,-0.039689371102805536,0.031054610131376337,-0.022364201752008747,-2.258062909727719,0.6193573836085263,1.7916044995926275,-0.05607997934410539,0.06067214298896319,0.15233881235199848,-2.2528791997803648,0.5032435691706414,1.6673662320776343,-0.07070331298857528,0.061195880236015875,0.06327661866425806,0.09000117304571391,0.09000117304571391,0.0,0.19920335298775807,0.3595463825565069,-0.49679260762776295,0.018568831080813523,0.008169573359203843,-4.962111409503159,0,0.4800116035895648
51.70463999999094,-2.1198617227632,0.5783733938534864,1.3953682888726173,-0.03943716092882698,0.03084736309403272,-0.02303266284232015,-2.2882705229446594,0.7927283113608645,2.00190188677984,-0.11920176525265797,-0.19565930402102258,0.001116663227502892,-2.2708227156677534,0.6475800647921843,1.8346386637638321,-0.09510789417072173,-0.06676546064415023,0.03222908444932536,0.09000117304571391,0.09000117304571391,0.0,0.19886244577763484,0.35983301020496306,-0.49382656997396196,0.018453706770166584,0.00810947017313296,-4.9625649234741065,0,0.47990061043033067
51.70879999999094,-2.120025006440279,0.5785010287434047,1.395269614365207,-0.039188082498932915,0.03063237358038999,-0.02368188177847362,-2.4931821682760718,0.6084604092151402,1.008358368745533,-0.08916868679749328,0.10325153062247674,0.06365763309498379,-2.382189810126217,0.628234358655931,1.4216273971114448,-0.09197329888699379,0.01840755856869584,0.046856233018799744,0.09000117304571391,0.09000117304571391,0.0,0.19852677426664994,0.360136043411262,-0.49092950904725463,0.01833904454986592,0.008045962594605494,-4.96301817953346,0,0.47978912788400474
51.712959999990936,-2.1201872643585835,0.5786277373079798,1.3951683124076502,-0.03894190039309923,0.03041005549801252,-0.02431246981367322,-2.163858619556997,0.4351561258738984,0.5170197394423867,-0.03424138993332876,-0.051541833583284145,-0.051399659355671576,-2.273094643130765,0.5315891312769789,0.9692115974340392,-0.0627576402866346,-0.017738591729006062,-0.002875575824712499,0.09000117304571391,0.09000117304571391,0.0,0.1981958789280484,0.36045468356938354,-0.4880992088028879,0.01822478070384276,0.007979244439510114,-4.963471137460354,0,0.4796772169368096
51.717119999990935,-2.1203485076973054,0.5787534906627684,1.3950644581974156,-0.03869840129321117,0.03018080514926714,-0.024925010456283227,-1.872512073771789,0.2726870976327713,1.2639180521373754,-0.11595023177149932,0.01677784074500422,-0.23268745284287604,-2.073043137463826,0.40217142401776007,1.1160839070830868,-0.08867304335721009,-0.0005901985147272769,-0.11824919505139138,0.09000117304571391,0.09000117304571391,0.0,0.19786934362130398,0.3607881656888693,-0.4853335570590636,0.018110859567635328,0.007909500056905848,-4.963923757753518,0,0.4795649359425917
51.721279999990934,-2.1205087468307138,0.578878261504081,1.3949581246092007,-0.03845739201803945,0.029945001915024673,-0.02552006117158448,-2.2324495700096936,0.5045179506687817,1.8860589452254497,0.047713418501641014,0.10968953726950262,-0.14365871804657768,-2.1526476782566624,0.4535744963349086,1.5007787223505533,-0.020752232523087333,0.05408977000730943,-0.1312957727006624,0.09000117304571391,0.09000117304571391,0.0,0.19754679173857262,0.3611357570956443,-0.48263053900549563,0.01799723272821961,0.0078369048069599,-4.964376001604916,0,0.47945234074688897
51.72543999999093,-2.120667991404621,0.5790020240412291,1.394849382296851,-0.03821869773780927,0.029703008915575896,-0.026098154963894567,-2.243571302977009,0.4005946431200266,1.8106616219918954,-0.051075581603107434,0.020831752259224193,-0.04041867870601133,-2.198215215680472,0.42712834861218263,1.6556390121483482,-0.03646343731156351,0.03706851978239588,-0.08621946220750615,0.09000117304571391,0.09000117304571391,0.0,0.1972278827062408,0.36149675617598886,-0.4799882311697979,0.01788385830154878,0.007761625510391485,-4.964827830876072,0,0.4793394848043211
51.72959999999093,-2.1208262504060764,0.5791247539314458,1.394738299789149,-0.03798216034921564,0.02945517365199905,-0.0266598018484493,-1.7370392343758394,0.6513283238276246,1.0710671872618267,-0.14123100465608374,0.0277204512719411,-0.0397099130587278,-1.9679185537756976,0.5392870946552495,1.3632657884445427,-0.0884561153411541,0.032620179431152946,-0.06266701343949319,0.09000117304571391,0.09000117304571391,0.0,0.19691230879803523,0.36187049115669545,-0.47740479580785494,0.017770700279578788,0.007683820872687453,-4.9652792080767965,0,0.4792264192896991
51.73375999999093,-2.1209835322268877,0.5792464282174006,1.3946249435798956,-0.037747636994706964,0.02920182862914467,-0.027205490220838822,-1.8873752192088709,0.1640061421334829,1.5867635487343656,-0.08669331567999733,-0.002548862211434289,0.04070543176053054,-1.927826310998244,0.35163906682697094,1.475102989198488,-0.08773420967484177,0.01485710692339117,-0.011992631749248674,0.09000117304571391,0.09000117304571391,0.0,0.19659979223232857,0.36225631891972637,-0.4748784756882863,0.01765772793956348,0.007603641885667948,-4.965730096346083,0,0.47911319320322104
51.73791999999093,-2.121139844721521,0.5793670252672359,1.3945093782126834,-0.03751499871203245,0.028943291960488778,-0.02773568813096127,-1.8995659793798605,1.06458857950251,1.3837283421684237,0.014595743146768855,0.08180314169882516,-0.10707139917853659,-1.913665095007827,0.7082885850393815,1.4291945647600917,-0.03681317524270476,0.04850621854704826,-0.06060486475937672,0.09000117304571391,0.09000117304571391,0.0,0.19629008252600477,0.36265362385038036,-0.4724075892416611,0.017544915309283343,0.007521232208360818,-4.966180459434935,0,0.47899985347009566
51.74207999999093,-2.121295195259862,0.5794865247170466,1.3943916663607343,-0.03728412920183587,0.028679867954566205,-0.028250844467805715,-2.01062823346736,0.23431258059068205,1.0477832729456258,-0.10052504640869526,0.02573891755699925,-0.05658714274393032,-1.9623555762510165,0.471350900862354,1.2383689794789818,-0.06907646492006625,0.03707666790881526,-0.05880261518655471,0.09000117304571391,0.09000117304571391,0.0,0.19598295407761485,0.36306181672011123,-0.4699905260542346,0.017432240682633313,0.007436728528648637,-4.966630261690934,0,0.4788864450349144
51.74623999999093,-2.1214495907752893,0.5796049074157239,1.394271868902147,-0.03705492370251279,0.02841184768252941,-0.028751390060978217,-1.9812756587177482,0.32646703054206294,1.2829861955105477,-0.20049716663999007,0.029568707936076254,-0.0005442299036823653,-1.972233938301412,0.39897177272237894,1.2606766621396537,-0.13422056066782762,0.03220820657710048,-0.029626383173543543,0.09000117304571391,0.09000117304571391,0.0,0.1956782039614844,0.3634803336048265,-0.4676257426801262,0.017319686180646603,0.007350260906808331,-4.967079468044364,0,0.4787730109510772
51.750399999990925,-2.121603037808467,0.5797221553720842,1.3941500449908777,-0.03682728796268727,0.028139509526467817,-0.029237738704613395,-1.71706087555021,0.21455623599020218,0.972321520223485,-0.02502217243509927,0.0074136137941545575,-0.12613151267277412,-1.8446998225198608,0.3067779923899139,1.11623528259145,-0.07859177736238451,0.019880594005327726,-0.07814158267057934,0.09000117304571391,0.09000117304571391,0.0,0.1953756499131093,0.36390863483933134,-0.46531175875220276,0.01720723735358322,0.007261953101858643,-4.967528043995722,0,0.4786595924655578
51.754559999990924,-2.121755542547228,0.5798382517042018,1.3940262521237565,-0.03660113730265032,0.027863119708235736,-0.029710288109053802,-2.243144770163071,0.7328796977404343,1.213539811930522,0.08101382916110425,-0.022501380151674705,-0.021090966730372522,-2.043758070060588,0.5197848447603781,1.1648440713534056,0.0019182281672587252,-0.001221260139452054,-0.04948134907368872,0.09000117304571391,0.09000117304571391,0.0,0.19507512848998704,0.36434620400848033,-0.46304715337015034,0.01709488282018557,0.007171922881506707,-4.967975955604473,0,0.47854622909928257
51.75871999999092,-2.1219071108628818,0.5799531805908633,1.393900546203817,-0.03637639575691571,0.02758293279876679,-0.03016942078548646,-1.9550369259344373,0.11139908794187486,1.717084060489657,-0.08701580600213292,0.008498180806374211,-0.181450925536193,-1.999578774528434,0.3156066570541198,1.4405897160798367,-0.04210697240741878,0.0036991893825820826,-0.11507230592226465,0.09000117304571391,0.09000117304571391,0.0,0.19477649338878691,0.36479254697570584,-0.460830561746504,0.0169826139406103,0.007080282316432119,-4.968423169478905,0,0.4784329587233779
51.76287999999092,-2.12205774834326,0.5800669272250631,1.3937729816001985,-0.036152995290820514,0.027299192207952617,-0.03061550486842669,-2.398293436440027,0.5578596247750557,1.5619194878484097,-0.11546531394204282,0.10171371520226574,-0.014719053561232421,-2.1991785816232112,0.4369471842681192,1.501223805498765,-0.07901145911621785,0.05232194153542024,-0.06440671096375873,0.09000117304571391,0.09000117304571391,0.0,0.19447961390977803,0.36524719094809577,-0.4586606720904869,0.016870424519904424,0.0069871380596058345,-4.968869652766976,0,0.4783198176315277
51.76703999999092,-2.12220746032278,0.5801794777694605,1.393643611204862,-0.03593087508469931,0.027012130655385415,-0.031048894880741845,-2.1455267907705133,0.9994411608001459,2.0855312710556246,-0.12307587852240928,-0.054676406043874116,0.0691853860855099,-2.1726071241295246,0.7180844604780056,1.793526808995087,-0.10160866256065637,-0.0012075218683903282,0.001766064500888695,0.09000117304571391,0.09000117304571391,0.0,0.19418437355342405,0.36570968357794087,-0.4565362227141556,0.016758310539202008,0.006892591611337822,-4.969315373148026,0,0.4782068406086706
51.77119999999092,-2.1223562519097787,0.5802908193137203,1.3935124864863386,-0.035709980879764895,0.0267219706223414,-0.03146993244561507,-2.267324806305385,0.3244353330712448,1.301713660612571,0.04548499191850915,0.06909811938468428,-0.1086983082361109,-2.2198728839183732,0.5214011960592104,1.5473914820017864,-0.027656105153666642,0.03378127622883874,-0.05383313067113552,0.09000117304571391,0.09000117304571391,0.0,0.19389066873616112,0.36617959209986845,-0.45445599934037184,0.016646269912093496,0.006796739570734105,-4.9697602988252685,0,0.4780940609962467
51.77535999999092,-2.1225041280113635,0.5804009398336597,1.3933796575407156,-0.03549026438036258,0.026428924785464193,-0.03187894694955212,-2.2859822426361807,0.6675031025138904,1.0329487719239694,-0.025200905202170613,0.158634307958788,-0.07776902113819296,-2.252981560264151,0.5947818818077771,1.290004919159871,-0.0258914522237486,0.0967982374633924,-0.06587133469263651,0.09000117304571391,0.09000117304571391,0.0,0.1935984076194076,0.36665650250315945,-0.45241883259997995,0.016534302263866502,0.0066996738742298705,-4.97020439851896,0,0.47798151075419754
51.77951999999092,-2.122651093355979,0.5805098281521295,1.3932451731400475,-0.035271682707692625,0.026133196432741333,-0.032276256160327095,-2.2491320895525284,0.6457727679027463,1.4986909297570556,-0.08675241827985358,0.023316441937896143,0.03269036343512811,-2.251237920892637,0.6203254141834397,1.3944183851318481,-0.05599087110062274,0.06042988268683023,-0.017080222588715235,0.09000117304571391,0.09000117304571391,0.0,0.1933075090364284,0.3671400187373995,-0.4504235957008156,0.016422408731530676,0.006601482021865728,-4.97064764146018,0,0.4778692205199032
51.783679999990916,-2.122797152513898,0.5806174739015557,1.3931090807783666,-0.03505419790058907,0.02583497986230121,-0.03266216680338996,-1.8267385653655266,0.811538339270391,1.258014663892704,-0.2259066519788957,-0.01831759486071552,0.012701680622559774,-2.039456519762938,0.7158973530148347,1.3262418302748984,-0.14028019796104932,0.019984904167267517,-0.00211478120476617,0.09000117304571391,0.09000117304571391,0.0,0.19301790151341094,0.36762976195121694,-0.4484692022573268,0.016310591782739504,0.006502247291939879,-4.97108999738513,0,0.4777572196642344
51.787839999990915,-2.1229423099158113,0.5807238674880753,1.3929714267154496,-0.03483777645927694,0.02553446076468208,-0.03303697510008076,-2.3156478308148074,0.4230728351061769,1.5123152211481539,-0.22959676571321969,0.01733948066813128,-0.043043517692694294,-2.1780320558885906,0.5695209489033641,1.4191920346690388,-0.18474362150620846,0.017778455758269772,-0.02341134858540608,0.09000117304571391,0.09000117304571391,0.0,0.192729522374256,0.36812536976214705,-0.44655460426462584,0.016198855051893873,0.006402048944661431,-4.971531436529907,0,0.47764553634488055
51.791999999990914,-2.1230865698696797,0.5808290000571967,1.3928322560184885,-0.034622388928421205,0.02523181658916448,-0.03340096727066681,-1.2976909975393252,0.5918252672300957,1.5899373969397221,-0.18284148139099382,-0.060398252168486176,-0.0890711624686875,-1.7382359242737995,0.5805466254402498,1.5043813378305315,-0.18367112924274523,-0.020818242755235528,-0.056570112225854736,0.09000117304571391,0.09000117304571391,0.0,0.19244231692177255,0.3686264955574764,-0.44467879020823314,0.0160872031918717,0.006300962415397341,-4.97197192962567,0,0.4775341975571101
51.79615999999091,-2.1232299365759966,0.5809328634609251,1.3926916126018007,-0.034408009516083096,0.024927216894820636,-0.03375442000503387,-2.2625299072422496,0.616185147099095,1.1547646141723817,-0.25943313335546053,0.05762062099423879,-0.01753960560312889,-2.000927029862744,0.5984860470221255,1.3295343877845927,-0.22114722676601412,0.01836628186473348,-0.037220884737672565,0.09000117304571391,0.09000117304571391,0.0,0.19215623768987733,0.3691328078235144,-0.44284078329796417,0.015975641739970597,0.006199059498087996,-4.9724114478941654,0,0.47742322918210234
51.80031999999091,-2.123372414141603,0.581035450226287,1.3925495392647025,-0.034194615745515584,0.024620823686852596,-0.03409760090357036,-1.629275336817818,1.0560245534426849,1.0743879869947701,-0.05040563846281963,-0.022400051167376096,-0.06920307473380491,-1.8152030106094892,0.827212106019131,1.2018170163255844,-0.1359866001466751,-0.0021083382239151416,-0.0539574913787198,0.09000117304571391,0.09000117304571391,0.0,0.19187124376010317,0.36964398950356847,-0.4410396398150128,0.015864176996779243,0.006096408519367762,-4.9728499630435525,0,0.477312656032989
51.80447999999091,-2.1235140065921736,0.5811367535251989,1.3924060777276583,-0.033982188136977565,0.024312791738842522,-0.034430768890611925,-1.453099716273299,0.33644945780216445,1.282054182836466,0.21770849535296188,-0.0021955083486871196,-0.026381150430662637,-1.6336965952759888,0.5818235197018218,1.2418805476121053,0.041123441660924916,-0.002507011162928086,-0.03981459144121327,0.09000117304571391,0.09000117304571391,0.0,0.1915873001357068,0.3701597373825452,-0.4392744475636071,0.015752815916809326,0.005993074503906707,-4.973287447264487,0,0.4772025018987256
51.80863999999091,-2.1236547178834946,0.5812367671456218,1.392261268666814,-0.03377070991700718,0.024003268901496386,-0.03475417460259512,-2.2424952654097865,-0.16205822154794003,1.5419171158134202,-0.07489122960410341,0.07089635565405666,-0.1808212008726884,-1.9382560960077784,0.21002643644834254,1.3915257590364134,-0.016812024919949937,0.033454141006746325,-0.11075636739626307,0.09000117304571391,0.09000117304571391,0.0,0.19130437717242868,0.3706797614972197,-0.43754432441944047,0.015641566009826746,0.005889119331459898,-4.973723873226427,0,0.47709278958591456
51.81279999999091,-2.1237945519116312,0.5813354854639486,1.3921151517470103,-0.03356016675279452,0.023692396398455603,-0.035068060752895425,-2.3334417792948066,0.9181403346318082,1.7051570252826056,-0.1489034499188708,0.0018978657119778468,-0.06098671718339935,-2.136162478110404,0.5640925339884492,1.5482173197491385,-0.0823394473536477,0.017559772395941996,-0.08615532247922265,0.09000117304571391,0.09000117304571391,0.0,0.19102245005425866,0.3712037845712136,-0.4358484169681289,0.015530435251913489,0.0057846018860856835,-4.974159214074127,0,0.4769835409586854
51.81695999999091,-2.1239335125220875,0.5814329034185721,1.391967765653364,-0.03335054650955532,0.023380309109647696,-0.03537266247508822,-2.3733424753083177,0.872016766183741,1.6149287204653924,0.14373074982924236,0.041736275325291436,-0.05330399482961842,-2.2544546491814064,0.7181441352002556,1.5814628316934094,0.03042566013754846,0.02939635435781391,-0.0698353965125911,0.09000117304571391,0.09000117304571391,0.0,0.1907414983183675,0.3717315414739856,-0.4341858992232801,0.015419432005383602,0.005679578197949971,-4.974593443424285,0,0.4768747769767381
51.821119999990906,-2.124071603518041,0.5815290164845839,1.391819148121504,-0.033141839028894365,0.023067135842817197,-0.03566820764635465,-2.115241254349103,0.4975864638792315,1.3895529038611316,-0.16363130497135214,0.03949366901469133,-0.03920497433625547,-2.1851876159206682,0.6079460510064142,1.4854247564147,-0.06645098667816131,0.03437265631335971,-0.05441478884736112,0.09000117304571391,0.09000117304571391,0.0,0.190461505418826,0.37226277870206975,-0.4325559714222941,0.015308564946749204,0.005574101578140967,-4.975026535362324,0,0.4767665177316432
51.825279999990904,-2.1242088286677347,0.5816238206495573,1.3916693359665355,-0.03293403592641754,0.022752999593628156,-0.03595491719244556,-1.727298042746972,0.3332179728854563,2.0454331940249793,0.12379759446710846,-0.25825244407772496,-0.008399209184910897,-1.955982309874906,0.4700439662793199,1.765414818370204,0.02874768529573588,-0.11241850146727347,-0.031118849178611165,0.09000117304571391,0.09000117304571391,0.0,0.19018245832812392,0.3727972538824486,-0.43095785889137117,0.015197843002008483,0.005468222746861535,-4.975458464439267,0,0.4766587824814908
51.8294399999909,-2.124345191711097,0.5817173123903693,1.3915183651108038,-0.03272713040694053,0.022438017794883646,-0.036233005375613046,-2.1046477834580526,0.46631961788512444,1.4071265022140977,-0.18055957439619508,-0.012824143065527652,0.04501495483628518,-2.030692785248861,0.46815491737084824,1.5863632565967765,-0.07534456969745747,-0.06254364207175966,0.006234606112539023,0.09000117304571391,0.09000117304571391,0.0,0.18990434717378823,0.37333473529618433,-0.42939081097502685,0.015087275288591547,0.005361989955363945,-4.975889205668708,0,0.4765515896839718
51.8335999999909,-2.124480696365663,0.5818094886510162,1.3913662706105259,-0.03252111709581738,0.022122302555262662,-0.036502680066704894,-2.2610233190093925,0.6567405620446914,1.480942456887557,-0.19153028147974474,0.031938722874570225,0.10594039117515716,-2.1462585607984392,0.562515394860763,1.5338737116714158,-0.13318018397612716,-0.015262303666035261,0.05548503375893579,0.09000117304571391,0.09000117304571391,0.0,0.18962716490696596,0.3738750014225665,-0.4278541000258304,0.0149768710633587,0.005255449101954517,-4.976318734523835,0,0.47644495702797185
51.8377599999909,-2.1246153463318507,0.5819003468213833,1.3912130866813484,-0.032315991885004954,0.02180596088807365,-0.036764143002603195,-2.22605346032422,0.23431480171360097,1.2824853970358774,-0.22073339526837238,-0.16654478954066596,-0.1330816545378833,-2.1866139261883073,0.3980663140591618,1.40790246024793,-0.1777983137675406,-0.09085571887593674,-0.03949353088090885,0.09000117304571391,0.09000117304571391,0.0,0.18935090699897406,0.3744178405021623,-0.42634702045028183,0.014866639676098813,0.005148643842392119,-4.976747026934506,0,0.4763389014637536
51.8419199999909,-2.1247491452976535,0.5819898847169267,1.39105884672289,-0.03211175179263013,0.021489094930414968,-0.037017590030020704,-2.121315767778322,1.36777355072627,1.3154862968052712,0.1240457801345761,-0.0785616614026745,0.08101592305016059,-2.153707022748113,0.8827636770552957,1.3618612058184505,-0.026585778611342967,-0.08488503940935842,0.021252011602104562,0.09000117304571391,0.09000117304571391,0.0,0.18907557116437912,0.3749630501179552,-0.4248688878048005,0.01475659052802579,0.005041615694974863,-4.977174059284357,0,0.4762334392317953
51.8460799999909,-2.124882096942799,0.5820781005592314,1.390903583342321,-0.0319083948349287,0.02117180215311392,-0.03726321133657052,-1.9628649036355594,0.41587775558096374,0.9397236435533864,0.11203891092446695,0.04389999039819928,0.19611208842847416,-2.058052780240057,0.6494087834854472,1.151197691502032,0.04328995781089029,-0.02051206186099113,0.10852022254741865,0.09000117304571391,0.09000117304571391,0.0,0.18880115710895093,0.3755104367942912,-0.42341903794135,0.014646733034815673,0.004934404140586117,-4.977599808407924,0,0.4761285858903549
51.8502399999909,-2.125014204942422,0.5821649929574059,1.390747328377029,-0.03170591990949557,0.020854175561875188,-0.037501191670017704,-1.989980700309189,1.0357700849312415,1.5768495646805953,-0.09602709257332523,0.12530398476563598,0.037938979257905535,-2.0242166518318347,0.8428516990510586,1.3641057408019635,-0.026045024374448847,0.052899855370987174,0.07312725369231864,0.09000117304571391,0.09000117304571391,0.0,0.18852766629954754,0.3760598156125468,-0.4219968261966515,0.014537076593766206,0.004827046717968014,-4.978024251587778,0,0.4760243563418207
51.854399999990896,-2.125145472970292,0.5822505608902807,1.3905901129164189,-0.031504326688904044,0.020536303889970266,-0.037731710546470995,-1.714119580136901,0.9561378641738923,2.0949753464933516,0.05768975614205139,0.06338236728971117,-0.03600879598448899,-1.869047414832124,0.8996266248542097,1.7294724768700196,0.01651987724589268,0.05851691494661731,0.017740989728113065,0.09000117304571391,0.09000117304571391,0.0,0.18825510175405358,0.3766110098429685,-0.42060162662405964,0.014427630554698496,0.004719579114464282,-4.97844736655165,0,0.47592076485790835
51.858559999990895,-2.1252759047016414,0.582334803689376,1.3904319673228844,-0.03130361552381389,0.020218271782847283,-0.03795494244826627,-1.6983657156994805,0.7375259910556332,1.036396236903973,-0.09573667904086638,0.04175604154150833,0.1334427239187276,-1.7839047755637096,0.8186625331701604,1.383207248328001,-0.039468922219613914,0.04989320777938491,0.07549585812161332,0.09000117304571391,0.09000117304571391,0.0,0.18798346785034376,0.3771638505917555,-0.4192328312624589,0.014318404194254031,0.00461203525246775,-4.978869131469559,0,0.4758178251037586
51.862719999990894,-2.1254055038156197,0.5824177210226049,1.3902729212520004,-0.03110378735478138,0.019900159974950832,-0.03817105701216185,-2.199475354902983,0.16534482508917453,1.0977133668815804,-0.15994207611852135,-0.002029873178640309,0.03734243025851497,-1.9920265419803902,0.4919949849332941,1.2405362437958865,-0.09926795250772823,0.023887164605787763,0.05629523948963837,0.09000117304571391,0.09000117304571391,0.0,0.18771277015131752,0.37771817646347194,-0.4178898494444466,0.014209406693270955,0.004504447371782863,-4.9792895249509055,0,0.47571555016099104
51.86687999999089,-2.12553427399742,0.5824993128786846,1.3901130036719649,-0.03090484363203127,0.01958204545911668,-0.03838021920850148,-1.6455323417373011,0.5341238547988095,0.9540635594088244,-0.026581746539938198,0.13694417518515561,-0.17551164307125425,-1.8188322037869777,0.5133442089556183,1.0969319492598135,-0.06297890318381952,0.08057461497799025,-0.05916607435437129,0.09000117304571391,0.09000117304571391,0.0,0.18744301524753615,0.37827383323684466,-0.4165721071355784,0.014100647116951994,0.004396846108113617,-4.979708526041551,0,0.475613952549761
51.87103999999089,-2.125662218940097,0.5825795795522214,1.389952242882332,-0.030706786242519293,0.019264001648822835,-0.0385825895118754,-2.1536283150905406,0.0932625263492094,1.056451706329413,0.04033610721889776,0.10985379094780807,-0.03483279323452529,-1.9861491745879565,0.3035294639125292,1.076617467953277,-0.011101848768736433,0.09495119203487601,-0.04621944464459307,0.09000117304571391,0.09000117304571391,0.0,0.18717421061172332,0.37883067355509714,-0.41527904630777945,0.013992134397560016,0.0042892605678680725,-4.980126114220867,0,0.47551304424986873
51.87519999999089,-2.125789342346112,0.5826585216294448,1.3897906665320663,-0.030509617443683138,0.018946098533594746,-0.03877832406380432,-2.1109083009603657,0.9284725891150069,1.3566226422731233,-0.04121077219513118,-0.23065286656189074,0.06546191736834886,-2.048613729737134,0.6155257392925061,1.2167567725203858,-0.026922879353248094,-0.06787375598970494,0.010287650691395764,0.09000117304571391,0.09000117304571391,0.0,0.18690636446879125,0.37938855662855275,-0.4140101243406096,0.013883877319403418,0.004181718399460891,-4.980542269398748,0,0.475412836720964
51.87935999999089,-2.125915647928626,0.5827361399745608,1.38962830163695,-0.030313339803308845,0.01862840282784473,-0.038967574827915,-2.501789157507748,0.4239663362191324,1.186088650083016,-0.017594190888935733,-0.008848206413847245,-0.03948838904573537,-2.2752398686712563,0.5197272638297875,1.2013394412691991,-0.022904149077232074,-0.038831420697754616,-0.014154461033573424,0.09000117304571391,0.09000117304571391,0.0,0.18663948567564903,0.37994734795044266,-0.41276481345283045,0.01377588450589164,0.004074245861285939,-4.980956971912588,0,0.4753133409218903
51.88351999999089,-2.1260411394125636,0.5828124357167,1.3894651745963746,-0.030117956145005856,0.018310978113426385,-0.0391504897380614,-2.254901724738114,0.840141962103496,1.6395750019750546,0.0639229790065468,-0.03275094043182603,-0.11636992724619658,-2.2649391894079542,0.6798699388057627,1.420218997956634,0.02122172744888971,-0.03637085592725178,-0.06561909355141361,0.09000117304571391,0.09000117304571391,0.0,0.18637358361338127,0.38050691902402184,-0.4115426001590221,0.013668164408463288,0.003966867886523175,-4.981370202524221,0,0.4752145673292061
51.88767999999089,-2.1261658205354754,0.582887410237434,1.3893013112095423,-0.029923469498823293,0.017993884976127177,-0.03932721283976509,-2.5704495742351154,0.3846695870524969,1.0073835610526802,0.01971823837900134,0.04033782101665207,-0.19280083295397094,-2.417656116750755,0.5323512207557921,1.2133975088271542,0.02076362383589184,0.0021603335735562684,-0.12926830205630338,0.09000117304571391,0.09000117304571391,0.0,0.18610866808925558,0.3810671471020344,-0.4103429847513329,0.013560725297205142,0.003859608144927331,-4.981781942416814,0,0.47511652595492454
51.891839999990886,-2.1262896950482113,0.5829610651588356,1.3891367366911032,-0.02972988305655894,0.01767718113640767,-0.03949788442539711,-2.3022345054179487,0.3361921348697117,1.0453284963121345,0.10171121322854701,0.07513556917306831,-0.13297676540894762,-2.3597328755921065,0.4344278797397548,1.1290847320512643,0.06119787398975583,0.03802071692465463,-0.13087867693375513,0.09000117304571391,0.09000117304571391,0.0,0.18584474924815245,0.3816279149365222,-0.40916548080494625,0.013453575252996737,0.0037524891017532407,-4.982192173191718,0,0.4750192263635051
51.895999999990885,-2.1264127667154256,0.5830334023320629,1.3889714756862557,-0.029537200131385877,0.0173609215745528,-0.039662641163394255,-2.3059581553230455,0.7492215729072982,1.3329750636525712,0.029717077772503656,-0.07289745334744478,-0.1338451880419364,-2.33278411680682,0.591676387027649,1.230753515958104,0.045838531579507964,-0.017951786947204267,-0.1326432640364815,0.09000117304571391,0.09000117304571391,0.0,0.18558183749151136,0.38218911053942783,-0.40800961470541774,0.013346722161030191,0.0036455320739450263,-4.982600876865282,0,0.47492267768813173
51.90015999999088,-2.1265350393159315,0.58310442382644,1.3888055522853313,-0.029345424121424393,0.017045158650509214,-0.039821616221867744,-1.99102497443126,0.9332264162404293,1.3549628276153158,-0.07977054126190858,-0.00011166175634818795,-0.12550793345923777,-2.1620675804648135,0.7624535653460127,1.2925965812209077,-0.017195550320186437,-0.009035738246257197,-0.12839957919398823,0.09000117304571391,0.09000117304571391,0.0,0.18531994340530725,0.38275062695380074,-0.4068749251979541,0.01324017370556885,0.0035387572837237407,-4.983008035865608,0,0.47482688864631273
51.90431999999088,-2.1266565166429188,0.5831741319190177,1.388638990037886,-0.029154558476918918,0.016729942218631846,-0.03997493938691101,-2.2279134469097612,0.7217963527000774,1.2557464202375168,0.04320461135611291,-0.045540449979045015,-0.1667399637174175,-2.1949012720049645,0.7420300792875766,1.2738244353228192,0.013078511185744638,-0.027347100093015338,-0.14757055066216143,0.09000117304571391,0.09000117304571391,0.0,0.18505907769450872,0.38331236203402586,-0.4057609629546399,0.013133937365819155,0.003432183909700228,-4.983413633029275,0,0.4747318675548294
51.90847999999088,-2.126777202504047,0.5832425290845906,1.38847181196632,-0.028964606670733625,0.016415319737500194,-0.04012273717584065,-2.4120065166810796,0.6364011012397913,1.5190647833423445,0.051532590257692745,0.09014651657875962,0.10682244040200307,-2.3033493726561596,0.6894030136770595,1.3966686599692684,0.03285384600136964,0.031074634904534482,-0.020461019016452798,0.09000117304571391,0.09000117304571391,0.0,0.18479925112339007,0.3838742182361103,-0.40466729016245484,0.013028020412802606,0.0033258301356214885,-4.983817651598008,0,0.4746376223440661
51.91263999999088,-2.12689710072143,0.5833096179861534,1.3883040405790463,-0.028775572171871627,0.016101336375063224,-0.040265132945683894,-1.9222228128826537,0.5807715893878087,1.4545353651329638,0.03039952956408961,0.08840880676050843,0.120073785831147,-2.1127214520546778,0.6352720103243106,1.425850154724572,0.03223094488527929,0.05897775451117809,0.0507651852313833,0.09000117304571391,0.09000117304571391,0.0,0.18454047446320715,0.38443610241633824,-0.4035934801278691,0.012922429907124847,0.0032197131968690488,-4.984220075215308,0,0.4745441605717483
51.91679999999088,-2.1270162151315204,0.5833754014657754,1.3881356978832249,-0.028587458421765237,0.01578803510927136,-0.04040224699712477,-2.1915448514882994,0.27750478474861845,1.3845743863776419,0.0010337289031663172,0.038592623218513006,0.028064307090027073,-2.152132160803413,0.4564670059944359,1.405270519242269,0.016926486374022925,0.04838239924917916,0.03933706450210094,0.09000117304571391,0.09000117304571391,0.0,0.18428275844425734,0.38499792563906154,-0.4025391168982863,0.012817172697546887,0.003113849424811566,-4.98462088792304,0,0.4744514894361157
51.92095999999088,-2.1271345495849086,0.583439882535877,1.3879668053970826,-0.028400268813106467,0.015475456824384705,-0.040534196674137726,-2.5442020657621707,0.7987478531944918,2.131743887455702,-0.12020016833257526,-0.08889481422302828,-0.14562148632051702,-2.348419596621473,0.6274239010151177,1.7682105400420978,-0.05175934262825697,-0.019754536254529744,-0.05367932739663665,0.09000117304571391,0.09000117304571391,0.0,0.1840261137138307,0.3855596029922017,-0.40150379490060456,0.012712255420273459,0.003008254289110627,-4.985020074157966,0,0.4743596157885558
51.925119999990876,-2.127252107946038,0.5835030643708901,1.3877973841618345,-0.0282140066709931,0.015163640403147598,-0.040661096459537915,-2.1292566115595504,0.3854355394455804,1.3976118755645788,0.03711405090615077,0.09353258198790526,-0.03594328785947562,-2.238759075542446,0.5066237090194611,1.5828363048878176,-0.007472013201856574,0.036335036569117775,-0.0459911368203203,0.09000117304571391,0.09000117304571391,0.0,0.18377055079664129,0.3861210534112821,-0.40048711859309816,0.01260768449888002,0.002902942438077025,-4.985417618748256,0,0.47426854614572184
51.929279999990875,-2.1273688940928555,0.5835649502992858,1.3876274547532235,-0.028028675236206183,0.014852622814987834,-0.040783058066627624,-2.236605405180444,0.33453373671506303,1.2135237634559517,-0.14859461248127875,0.17523875126435648,-0.03572178654699265,-2.2379917705713193,0.4209425909161397,1.3981031897660765,-0.07779693673440385,0.1054987616229181,-0.04087641474366526,0.09000117304571391,0.09000117304571391,0.0,0.183516080062879,0.386682199510458,-0.39948870213366383,0.012503466144809239,0.0027979277371658023,-4.985813506909939,0,0.47417828670115875
51.933439999990874,-2.1274849119163988,0.5836255437959542,1.3874570372926938,-0.027844277650418053,0.014542439200413981,-0.04090019052714439,-1.9490999896099805,0.07039029497885152,0.9255588882250982,-0.09845212811181923,0.07933413118686465,-0.09501880331156778,-2.093749430836335,0.2458291954717424,1.1616312017710226,-0.08774108846596555,0.09232540289370314,-0.06847582694491537,0.09000117304571391,0.09000117304571391,0.0,0.18326271169683767,0.38724296742114855,-0.39850816906105857,0.012399606358370374,0.0026932233056977855,-4.9862077242433305,0,0.4740888433364586
51.93759999999087,-2.1276001653203287,0.5836848484749199,1.3872861514582118,-0.02766081694318383,0.014233122951752986,-0.041012600275670046,-2.445584549526046,0.3299378930669039,1.3576063328083687,0.1412113393388516,0.05467847396651239,-0.25900609980455525,-2.269376695332628,0.28799813232414134,1.2590815955173282,0.027181436837302498,0.07337458329924633,-0.1638163040435264,0.09000117304571391,0.09000117304571391,0.0,0.1830104556712551,0.38780328663775143,-0.3975451519881037,0.012296110930184923,0.002588841551886213,-4.986600256729413,0,0.4740002216319671
51.94175999999087,-2.1277146582204143,0.58374286808238,1.3871148164947504,-0.027478296020538567,0.013924705790425549,-0.04112039123069927,-1.5448915840224422,0.43705232058379084,1.2360717955757738,0.007349771207959047,-0.15851739967972828,-0.049868988033827846,-1.907112800062068,0.3621975828373708,1.2474724020424444,0.016794339316984614,-0.04304940643866343,-0.10665450123851677,0.09000117304571391,0.09000117304571391,0.0,0.18275932172309853,0.38836308986949386,-0.3965992923098921,0.012192985443024221,0.002484794206254872,-4.986991090726188,0,0.47391242687705953
51.94591999999087,-2.127828394543977,0.58379960649005,1.3869430512244485,-0.027296717655095323,0.013617217840814254,-0.041223664872463574,-2.0583866664364074,0.7918345749510256,1.6786842751509814,-0.08175222409996698,0.1286518218861814,-0.12372798346771186,-1.9829204321708045,0.5772869785952133,1.462822981323797,-0.03266586646679667,0.042645354943899386,-0.11469773945729275,0.09000117304571391,0.09000117304571391,0.0,0.18250931933379375,0.3889223128993418,-0.39567023992148226,0.012090235273992217,0.0023810923535068215,-4.98738021296499,0,0.4738254640800077
51.95007999999087,-2.1279413782292997,0.583855067688804,1.386770874056458,-0.027116084477478205,0.013310687700961171,-0.0413225203177247,-2.2224678924776233,0.3929765288070236,1.332558819023338,-0.21943922172852418,-0.02070975873570159,-0.1383523788582152,-2.103152379001073,0.4850875310125736,1.3974030689702837,-0.1259861359066633,0.010903228729627842,-0.12693189146132836,0.09000117304571391,0.09000117304571391,0.0,0.1822604577113396,0.38948089444869977,-0.39475765294768017,0.011987865597008658,0.002277746462927413,-4.9877676105467685,0,0.4737393379774535
51.95423999999087,-2.128053613225004,0.5839092557825964,1.3865983029964928,-0.026936398968988997,0.013005142510183356,-0.04141705439164462,-1.8003407089460928,0.37729605730835003,1.7588242815844264,-0.057389912329262674,-0.0065664435028114036,-0.032987949934515516,-1.9518644009342156,0.43117771631792434,1.5780481395763377,-0.09140076929537443,0.002008700100507318,-0.08023002480618263,0.09000117304571391,0.09000117304571391,0.0,0.1820127457751681,0.3900387760479666,-0.39386119748452253,0.011885881385553403,0.002174766417385705,-4.988153270938348,0,0.4736540530435084
51.95839999999087,-2.1281651034894016,0.5839621749826536,1.3864253556560893,-0.02675766345540245,0.01270060801371879,-0.041507361696854886,-2.215536487986674,0.6927751062006833,1.455467962720559,-0.17277829651709264,0.08558748249406575,-0.04100383786849286,-2.084061539188211,0.5621579645426449,1.516671647369642,-0.1321440173101384,0.0429737387948745,-0.06049479079740262,0.09000117304571391,0.09000117304571391,0.0,0.1817661921420438,0.3905959019129608,-0.39298054734950105,0.011784287415636077,0.0020721615409934483,-4.988537181968647,0,0.4735696134984936
51.962559999990866,-2.128275852989826,0.5840138296019226,1.3862520492615897,-0.026579880101784574,0.012397108624561937,-0.04159353467987159,-2.0162158741383083,0.32125001302502143,0.776208286385512,-0.07577672206338414,-0.09084660693469407,0.006573278853778203,-2.0502966862258467,0.44151433606396634,1.1464488789887528,-0.10355962328146615,-0.024404538571033092,-0.027167607567895293,0.09000117304571391,0.09000117304571391,0.0,0.18152080511685617,0.391152218826425,-0.39211538384291517,0.011683088268959519,0.001969940625487389,-4.988919331824886,0,0.47348602331733863
51.966719999990865,-2.128385865701943,0.5840642240497668,1.3860784006628606,-0.026403050908232376,0.012094667482595581,-0.0416756636949713,-1.8212855032049096,0.3433342000468569,1.8380525921187705,-0.10458184496623005,-0.03346767644504842,-0.16107199830865607,-1.9360083342844834,0.39235288102731986,1.49192085712423,-0.10343842582429372,-0.028412270023424828,-0.09425892390186591,0.09000117304571391,0.09000117304571391,0.0,0.18127659268146884,0.3917076760251564,-0.39126539551824724,0.011582288336245597,0.001868111955393697,-4.989299709048759,0,0.4734032862376518
51.97087999999086,-2.1284951456090537,0.5841133628268964,1.3859044263417537,-0.026227177706471816,0.011793306511121166,-0.04175383706562748,-2.1583124154500144,0.47621333647107894,1.0972787225783918,-0.09731826164227422,-0.09895353936248977,-0.03508669831932986,-2.0473642961008993,0.4340786185563578,1.2945249149795657,-0.10040445413129445,-0.06403588192603299,-0.06509297510925793,0.09000117304571391,0.09000117304571391,0.0,0.18103356248910926,0.3922622250915447,-0.3904302779609492,0.01148189182069935,0.0017666833320269192,-4.989678302532594,0,0.4733214057674776
51.97503999999086,-2.1286036967013753,0.5841612505205253,1.3857301424203219,-0.026052262157211802,0.011493046470921498,-0.04182814114363327,-2.9516640886887484,0.26133823035019677,1.3845915375461908,0.1265313841668769,-0.015091347396398043,0.09016410852684335,-2.499256441962843,0.3476754118119772,1.3397468267791632,0.012617794763349047,-0.03936752148278309,0.012318123793198367,0.09000117304571391,0.09000117304571391,0.0,0.1807917218559674,0.39281581985022224,-0.3896097335765263,0.011381902741585289,0.0016656620963809159,-4.990055101515486,0,0.4732403851927535
51.97919999999086,-2.128711522975326,0.5842078917997415,1.3855555646687971,-0.025878305748221024,0.01119390701189693,-0.041898660365962424,-2.213358738868645,0.2694621233817061,1.7615911592695983,-0.09274768433205668,-0.03906239499758255,0.04155416357867681,-2.3564975063172597,0.30848867044559725,1.5507580852039204,-0.04053712460496627,-0.04003181952842632,0.02707425475582437,0.09000117304571391,0.09000117304571391,0.0,0.18055107775941034,0.393368416269357,-0.3888034713864489,0.011282324937897053,0.0015650551509502003,-4.9904300955794145,0,0.4731602275844828
51.98335999999086,-2.1288186284327972,0.5842532914110853,1.3853807085133407,-0.025705309793000924,0.010895906722504472,-0.04196547730956567,-2.3275273578425106,0.26578775187113707,1.461709516279346,-0.11811743728274066,0.10669127894239334,-0.05433935399685239,-2.3422573121619794,0.28736063086323477,1.506119931221016,-0.0796098722111676,0.032933867928870486,-0.013520531509865591,0.09000117304571391,0.09000117304571391,0.0,0.180311636832344,0.3939199723659556,-0.38801120683191986,0.011183162072097602,0.0014648689805519173,-4.990803274645352,0,0.47308093580563065
51.98751999999086,-2.1289250170804226,0.5842974541743226,1.3852055890435737,-0.02553327543006116,0.0105990631769511,-0.04202867274407878,-1.4544103602786158,1.123618118014502,1.1854726723183413,-0.017334549685413883,0.12321823420604024,0.038290429543737396,-1.8983647173741938,0.7057500067601976,1.3458752682584736,-0.04797685007699091,0.07879620336185662,0.011628048377697505,0.09000117304571391,0.09000117304571391,0.0,0.1800734053618433,0.3944704481154537,-0.3872326615855247,0.011084417633915608,0.0013651096721739274,-4.991174628969349,0,0.47300251251776015
51.99167999999086,-2.1290306929288505,0.5843403849784072,1.3850302210198961,-0.0253622036227046,0.010303392980312963,-0.042088325682593845,-1.835617690909547,0.4562316120267661,1.22153215308659,0.040187166943301086,-0.05432551944148965,0.16833736869910448,-1.8669072379627845,0.5808774869480263,1.2840518762702475,-0.0038711378210065095,0.011561525578879713,0.09050214987923616,0.09000117304571391,0.09000117304571391,0.0,0.179836389288423,0.3950198053654945,-0.3864675633697184,0.010986094944181013,0.0012657829338998117,-4.991544149138612,0,0.4729249601874167
51.99583999999086,-2.129135659992014,0.5843820887776225,1.3848546188806021,-0.02519209515927109,0.010008911811676183,-0.04214451343057987,-2.5592894196193052,0.48425084934731555,1.1717952324636087,0.0207661887969082,-0.10809862570678885,-0.13191872014486886,-2.213059279533363,0.532339631701977,1.2276481908349315,0.008108822079926097,-0.048732927575256824,-0.020602250876148177,0.09000117304571391,0.09000117304571391,0.0,0.17960059420530855,0.39556800775347883,-0.3857156457821741,0.010888197158685317,0.0011668941129575308,-4.991911826067575,0,0.4728482810922736
51.999999999990855,-2.129239922286405,0.5844225705878948,1.384678796748798,-0.025022950653806327,0.009715634465357642,-0.042197311633010215,-1.7064652381253278,1.3469800361194575,0.8988033096304078,0.07044958664615869,-0.06439572286788438,0.06487599156036512,-1.959612757486311,0.9395304343335836,1.0633580094764328,0.03955248109021364,-0.05600613656194507,0.02231404311617515,0.09000117304571391,0.09000117304571391,0.0,0.17936602535899054,0.39611502062735765,-0.38497664812694543,0.010790727272054882,0.0010684482129281767,-4.99227765099396,0,0.4727724773270469
52.004159999990854,-2.1293434838303513,0.584461835483271,1.3845027684391322,-0.02485477054711381,0.009423574890277384,-0.042246794319762054,-1.9177457743639181,0.3577022655656225,0.931790304778885,-0.1155371270098559,0.0028037789631252044,0.050617511985201424,-1.9389174455281182,0.6486194695211038,0.9976792496953109,-0.038867762023359155,-0.02725846153880601,0.03611283030660721,0.09000117304571391,0.09000117304571391,0.0,0.1791326876506377,0.39666081097047856,-0.38425031525424613,0.01069368812162597,0.0009704499101492908,-4.992641615474826,0,0.47269755080919185
52.00831999999085,-2.129446348643302,0.5844998885925526,1.3843265474643431,-0.024687555108138876,0.009132746227599815,-0.04229303394939859,-2.184221424531035,0.5941836682600334,1.2133717394102788,-0.03672300913489553,0.020074145452508966,0.21401380934555747,-2.0616479248998925,0.6214427963380594,1.1059713469590635,-0.037607722570491775,-0.00352533228865542,0.12543631376314235,0.09000117304571391,0.09000117304571391,0.0,0.1789005856387979,0.39720534732974466,-0.3835363974035223,0.010597082391311392,0.0008729035693553386,-4.993003711382628,0,0.47262350328438935
52.01247999999085,-2.129548520745117,0.5845367350960805,1.384150147041629,-0.02452130443565396,0.008843160846694684,-0.04233610145137161,-1.9456293470808486,0.48706629424878706,1.7281377260931359,-0.040163389743463535,-0.04650996338495284,-0.04440495462902172,-2.0037211261822385,0.5541591517401954,1.4169661128313156,-0.03899918341211314,-0.026114146765612193,0.04072671202159395,0.09000117304571391,0.09000117304571391,0.0,0.17866972354082272,0.39774859974629195,-0.3828346500536841,0.010500912615449427,0.000775813258588343,-4.993363930901262,0,0.4725503363318304
52.01663999999085,-2.129650004155368,0.5845723802226617,1.383973580098851,-0.024356018460223876,0.00855483037947735,-0.04237606626670763,-1.5131247942489794,0.4892679502279916,1.351681203327908,-0.002624387970454563,-0.041906820562517766,-0.07620607527942627,-1.7584248576389767,0.5216256407255374,1.3841642920902577,-0.02087579810234281,-0.03386944532902734,-0.017538546144829092,0.09000117304571391,0.09000117304571391,0.0,0.17844010523750567,0.3982905396902407,-0.3821448337792347,0.010405181182628474,0.0006791827634078445,-4.993722266522113,0,0.47247805136930976
52.02079999999085,-2.1297508028926444,0.5846068292466335,1.3837968592805707,-0.024191696946394732,0.008267765753247065,-0.042412996387277885,-1.9219443054116638,0.8106521983112307,1.675056217631928,-0.0022611848707526153,-0.06628289551240238,-0.027436394246735465,-1.8401902159719532,0.6660038097234835,1.5295557345739275,-0.011672090053983375,-0.05042714586746968,-0.02273259380260454,0.09000117304571391,0.09000117304571391,0.0,0.17821173427559184,0.3988311399976588,-0.3814667141106051,0.010309890339478923,0.0005830156004408868,-4.994078711040102,0,0.47240664965813434
52.02495999999085,-2.129850920973874,0.5846400874850587,1.3836199969539305,-0.024028339495108974,0.007981977222027072,-0.04244695839365951,-2.463532012183633,0.2647681892630169,1.2689147677986963,-0.01997161545157881,0.07081689029454141,-0.09324066541544285,-2.1519096147586416,0.46552930510717183,1.3990392118802042,-0.014571876795620692,0.010756336705917593,-0.057848635040802544,0.09000117304571391,0.09000117304571391,0.0,0.17798461387264788,0.39937037481054277,-0.3808000613999932,0.010215042194427645,0.0004873150302930775,-4.994433257549745,0,0.4723361323078559
52.02911999999085,-2.12995036241365,0.5846721602950442,1.3834430052143818,-0.023865945546299176,0.0076974743965155835,-0.04247801749168226,-2.0855260347391087,0.8113753909278514,1.2019314464639173,-0.06403886016251463,0.1421341547090977,0.08226853817957933,-2.118852015512426,0.6387506339118134,1.300654978860027,-0.0386019513721589,0.07632579573852527,0.012242922965594299,0.09000117304571391,0.09000117304571391,0.0,0.17775874692151555,0.399908219519611,-0.38014465069251113,0.01012063872140883,0.0003920840698550201,-4.994785899441201,0,0.4722665002808353
52.033279999990846,-2.130049131223574,0.5847030530711804,1.3832658958912663,-0.023704514381645468,0.0074142662726933775,-0.042506237547704474,-1.9275087561110347,0.4043253328301699,1.5633663562953313,-0.022133230975179698,0.00796679865787785,-0.0369195668466668,-2.0232265987365974,0.5215546771338258,1.4319337060673873,-0.02963999803890429,0.04130274280646634,-0.01136955564724713,0.09000117304571391,0.09000117304571391,0.0,0.17753413599456186,0.4004446507094852,-0.37950026160116146,0.010026681763526803,0.0002973255040310053,-4.995136630396341,0,0.47219775439664424
52.037439999990845,-2.130147231411605,0.5847327712430935,1.3830886805532552,-0.02354404512747944,0.007132361259141485,-0.0425316811226634,-1.4695871416951087,0.843665190312639,1.0335937949875973,-0.0020261394849492784,-0.07435090971529117,0.07349060134877883,-1.7464087084674949,0.682456467060717,1.2329136421849494,-0.015114529202983834,-0.016000792879495525,0.031141295226091752,0.09000117304571391,0.09000117304571391,0.0,0.1773107833496512,0.4009796461063744,-0.37886667818758113,0.009933173036667433,0.00020304189691482962,-4.995485444384816,0,0.4721298953363139
52.041599999990844,-2.130244666981429,0.5847613202731066,1.382911370513651,-0.02338453675780603,0.006851767203132712,-0.04255440950496108,-2.240510851020666,1.064558668285846,1.431787447268227,-0.03740082500665116,0.000735808715630888,-0.06747154003248275,-1.993540824626149,0.873510046545972,1.3322110258003006,-0.02635492759562987,-0.006803953499630621,-0.01788391548973655,0.09000117304571391,0.09000117304571391,0.0,0.17708869093527535,0.40151318452831825,-0.37824368884471893,0.009840114133053695,0.00010923560243915422,-4.995832335660133,0,0.47206292364643415
52.04575999999084,-2.1303414419318347,0.5847887056540048,1.3827339768355584,-0.02322598809742528,0.006572491415569861,-0.04257448274223815,-1.589114730647446,0.8529539424083675,1.294007854822906,-0.11064148759799446,0.17197274949070673,-0.055303896070379534,-1.791555383136719,0.8635912095363099,1.312995029306939,-0.06834645073285911,0.081774485348764,-0.03701792537333417,0.09000117304571391,0.09000117304571391,0.0,0.17686786039612332,0.4020452458372487,-0.37763108618680685,0.00974750652474303,1.590877452676807e-05,-4.996177298755748,0,0.471996839743112
52.04991999999084,-2.130437560256106,0.5848149329068996,1.3825565103369248,-0.023068397825153235,0.006294540694765902,-0.042591959672051,-2.5005419667543287,0.3238079544231054,1.0904058420657141,-0.02039706919913385,0.047824929518097165,-0.10111896213722688,-2.146095379903429,0.5937969534340537,1.201487210898167,-0.04470250757046444,0.06399690068599792,-0.06841870906404503,0.09000117304571391,0.09000117304571391,0.0,0.17664829307887817,0.4025758108936745,-0.3770286669400113,0.009655351567064121,-7.693662324274228e-05,-4.9965203284811635,0,0.47193164391579356
52.05407999999084,-2.1305330259414275,0.5848400075791879,1.3823789815954601,-0.02291176447710781,0.006017921349179943,-0.04260689795153214,-1.882298763609752,0.7142183490027324,1.5418977520111996,-0.04982710953725929,0.03524042713116028,0.07482594397977632,-2.0142997441232633,0.6540822695708811,1.3718493436922001,-0.04684165979349201,0.049391316312511944,0.003750090567245248,0.09000117304571391,0.09000117304571391,0.0,0.17642999003824095,0.4031048615129783,-0.37643623183954844,0.009563650501991015,-0.00016929880842024144,-4.996861419918046,0,0.4718673363309558
52.05823999999084,-2.1306278429683028,0.5848639352426008,1.382201400953435,-0.022756086450061913,0.005742639219102253,-0.04261935408604513,-1.812084928846158,0.1689621509743225,1.3300382185161286,-0.0077587965684444305,-0.0039334825207995045,-0.015268434600616484,-1.9132074343770653,0.4115098707877273,1.3509101979877935,-0.027122503170666043,0.023099368950239715,-0.005021002278076954,0.09000117304571391,0.09000117304571391,0.0,0.17621295204296844,0.4036323804242403,-0.37585358552836134,0.009472404461452949,-0.0002611761709140937,-4.997200568416348,0,0.4718039170356743
52.06239999999084,-2.1307220153099897,0.58488672149134,1.3820237785223644,-0.022601362004831156,0.0054686996974023854,-0.042629383456918246,-1.8434620386641583,0.21066938613659747,1.6971145859401466,0.10436991954125285,-0.08435594630972171,-0.04348241730889069,-1.8781167553407445,0.31091155801219234,1.5239236388095607,0.03841971666544954,-0.030040965413213706,-0.023896529026320962,0.09000117304571391,0.09000117304571391,0.0,0.17599717958256664,0.40415835123020194,-0.37528053646078885,0.00938161447057852,-0.00035256726462612047,-4.997537769590457,0,0.4717413859610711
52.06655999999084,-2.130815546931947,0.5849083719402954,1.3818461241875801,-0.02244758926970852,0.0051961077492984845,-0.04263704034823605,-2.2346627726393495,0.9080376808573659,1.201699164416393,-0.060217739514627305,0.16242344456122512,-0.13726111973835847,-2.056515611218953,0.6098161146365484,1.3625242333216887,-0.01180573409938999,0.06642858253325287,-0.08085315024062081,0.09000117304571391,0.09000117304571391,0.0,0.17578267287292942,0.4046827583696024,-0.3747168968086757,0.009291281450872949,-0.0004434707994894939,-4.997873019315348,0,0.47167974292564796
52.070719999990835,-2.1309084417912967,0.5849288922233423,1.3816684476126937,-0.02229476624392517,0.004924867931240145,-0.042642377972760284,-2.1261333813394443,0.9657846628737976,1.763526472420462,-0.11643557623447469,-0.03513770976053882,-0.011436160823524267,-2.091567119008955,0.7877303414146817,1.5630044660840094,-0.06413657306615354,0.015388827197560857,-0.0461943380572886,0.09000117304571391,0.09000117304571391,0.0,0.17556943186327387,0.40520558708103865,-0.3741624823703584,0.009201406223328393,-0.0005338856338860999,-4.998206313722767,0,0.4716189876385101
52.074879999990834,-2.1310007038363015,0.584948287991713,1.3814907582439562,-0.022142890801119666,0.0046549844089544355,-0.042645448497022176,-1.894925519986349,0.7995140083167496,1.1810115367415024,-0.034280090453097656,0.09859554965161098,-0.11945788658860301,-1.9933155166216985,0.7938270434758319,1.3717562058365327,-0.049560517652204275,0.057126171803936976,-0.08250712030397363,0.09000117304571391,0.09000117304571391,0.0,0.1753574562424492,0.4057268233685647,-0.3736171124842519,0.009111989511466159,-0.0006238107674213891,-4.998537649197421,0,0.471559119702485
52.07903999999083,-2.131092337005855,0.5849665649124407,1.381313065314516,-0.021991960692816215,0.004386460974673101,-0.04264630306560982,-1.7399790316579988,0.9373297989517011,1.7415478496989092,-0.0011875727099969237,-0.029859132235697375,-0.12317251607758016,-1.866646953126389,0.865517598926685,1.5563968517563278,-0.025866831041544976,0.013504605286186761,-0.10208308229644772,0.09000117304571391,0.09000117304571391,0.0,0.17514674544504621,0.40624645396844605,-0.3730806099434107,0.009023031944310771,-0.0007132453340421527,-4.998867022373198,0,0.4715001386171397
52.08319999999083,-2.131183345228988,0.5849837286668721,1.38113537784858,-0.021841973551915087,0.004119301063545272,-0.04264499182465047,-2.218584128158102,0.8023902854315894,1.5152197164684464,-0.005122791365814356,-0.06440154549948073,0.0052198685486982005,-2.0426293619877853,0.8338202853848911,1.5358193762276993,-0.015157911255628275,-0.025798476689011723,-0.048689988335312843,0.09000117304571391,0.09000117304571391,0.0,0.17493729865837593,0.40676446631803514,-0.37255280091492327,0.008934534059296308,-0.0008021885954891167,-4.9991944301294,0,0.47144204378170196
52.08735999999083,-2.131273732424389,0.5849997849492444,1.3809577046654775,-0.021692926896157975,0.003853507769357734,-0.042641563944593834,-2.5150330922243938,0.08673681845241737,1.7580431020912708,0.11531798178744943,-0.0770938590628019,-0.24806398663953458,-2.278595503481579,0.46011400414131215,1.6464163310237592,0.05047019555962163,-0.05193954810947214,-0.14812512240878128,0.09000117304571391,0.09000117304571391,0.0,0.17472911482860823,0.4072808485255949,-0.37203351485944525,0.008846496305104383,-0.0008906399350545933,-4.9995198695869965,0,0.47138483449788837
52.09151999999083,-2.131363502499937,0.5850147394653257,1.3807800543836348,-0.021544818131595138,0.00358908385949936,-0.04263606764224011,-1.886141232229933,0.9762242459265846,1.2297621634763105,-0.07342177834757843,-0.13804793262397766,0.15491454276618827,-2.0825188548524682,0.7178876358475249,1.4384088367668642,-0.011218776000488614,-0.09596674443028713,0.003237169476756171,0.09000117304571391,0.09000117304571391,0.0,0.1745221926673522,0.4077955893417682,-0.37152258445601083,0.00875891904443462,-0.0009785988516438707,-4.9998433381049106,0,0.4713285099726437
52.09567999999083,-2.131452659352254,0.5850285979311143,1.3806024354244593,-0.02139764455602417,0.0033260317892751163,-0.04262855020210922,-2.2629401383162606,0.9293993467252215,0.9772026010031298,0.06966836613493343,-0.10969472069180577,-0.07484409569265807,-2.1725866958102653,0.8234175173009594,1.2076492107871684,0.029625880568356622,-0.10317018614550794,-0.0369489794182932,0.09000117304571391,0.09000117304571391,0.0,0.1743165306584648,0.4083086781320551,-0.37101984552764444,0.008671802556707759,-0.001066064954117534,-5.000164833276317,0,0.47127306932079466
52.09983999999083,-2.131541206866264,0.5850413660715957,1.3804248560161378,-0.021251403362408012,0.0030643537155563365,-0.042619057997137576,-1.9444998067023866,0.22371122254528825,1.7322248022051503,-0.12649757428981515,0.04608116774307978,-0.07956115471072564,-2.058805477811947,0.5236567141950342,1.4697748905033183,-0.04808382794828355,-0.028887386514156024,-0.05810721509799991,0.09000117304571391,0.09000117304571391,0.0,0.1741121270633773,0.40882010485078113,-0.37052513697012956,0.008585147040701787,-0.0011530379559061513,-5.000484352924968,0,0.4712185115676216
52.103999999990826,-2.1316291489147736,0.5850530496195532,1.3802473241973514,-0.021106091642273124,0.0028040515097970363,-0.042607636508730916,-2.325499493526158,0.3649764074747245,1.1764070441475316,0.2256574681792594,-0.0029142699637488547,-0.006130488238657764,-2.191684736299218,0.4443092745735874,1.3230768962062944,0.08864688563232262,-0.015847529908835267,-0.03247461013838766,0.09000117304571391,0.09000117304571391,0.0,0.1739089799290009,0.4093298600162921,-0.37003830068201965,0.008498952617122678,-0.0012395176698872625,-5.000801895101545,0,0.47116483565135225
52.108159999990825,-2.131716489358061,0.5850636543144303,1.3800698478209088,-0.02096170638905446,0.0025451267705050695,-0.042594330346241535,-1.9759194505953215,0.6063383933907589,1.7862576004831505,0.022271705244042185,0.032821533378725815,-0.04531482884061051,-2.083754445478581,0.5253934222048301,1.5545752538632454,0.055553144257594285,0.008394166893975534,-0.03842168791131173,0.09000117304571391,0.09000117304571391,0.0,0.1737070870924405,0.4098379346869517,-0.3695591814986794,0.008413219331108886,-0.0013255040035004863,-5.001117458080036,0,0.4711120404255787
52.112319999990824,-2.1318032320434837,0.5850731859012431,1.3798924345573012,-0.020818244501429266,0.0022875808350879497,-0.04257918326581793,-2.0092838022830493,0.9075976643913202,1.3398154927090555,-0.0429782392052787,-0.004737971010765084,-0.09206558230473408,-2.046607924648222,0.7164889299483505,1.447003681675886,0.006259323983864373,0.0015562923057919722,-0.06586764697215171,0.09000117304571391,0.09000117304571391,0.0,0.1735064461889284,0.4103443204387436,-0.36908762712608545,0.00832794715467223,-0.0014109969541063238,-5.001431040354135,0,0.4710601246616037
52.11647999999082,-2.1318893808050943,0.5850816501295399,1.3797150918981813,-0.02067570278658415,0.0020314147912256233,-0.04256223818873786,-2.291543406305653,1.24272466295313,1.6295628341487005,-0.06769763842915447,0.04595261781360786,-0.1672273262201879,-2.169218942481736,0.9797059125946337,1.5379354811284234,-0.030351894926721558,0.02382195623124104,-0.1159513647121534,0.09000117304571391,0.09000117304571391,0.0,0.173307054656352,0.4108490093431467,-0.3686234880793142,0.008243135989074201,-0.0014959966045588952,-5.001742640633673,0,0.4710090870507154
52.12063999999082,-2.131974939463275,0.5850890527524052,1.3795378271597682,-0.020534077963469566,0.0017766294876531046,-0.04254353721914863,-1.8261708184085048,0.6521231986670523,1.466964499033319,-0.07256766340791745,0.1119523716552257,-0.07560448861333531,-1.9978442979328639,0.8161448106847227,1.5022907221012307,-0.051034260612990476,0.06803075942775542,-0.09505145034011118,0.09000117304571391,0.09000117304571391,0.0,0.17310890974257317,0.4113519939469943,-0.3681666176205902,0.008158785667140558,-0.0015805031190031238,-5.002052257841071,0,0.4709589262063969
52.12479999999082,-2.1320599118243835,0.5850953995255074,1.3793606474861793,-0.02039336666598215,0.0015232255445248506,-0.04252312166133919,-2.463312987633983,0.6026090423108537,1.122612660944006,-0.08758158382106397,-0.016095821902761074,-0.15241429937248704,-2.230764485380103,0.7093422031638232,1.312132396464808,-0.06910442949222781,0.025852777009740723,-0.12391146091782049,0.09000117304571391,0.09000117304571391,0.0,0.17291200851105218,0.4118532672522889,-0.367716871699894,0.008074895955513719,-0.0016645167388651418,-5.002359891107827,0,0.4709096406664699
52.12895999999082,-2.132144301680409,0.5851006962061877,1.379183559852694,-0.02025356544611517,0.0012712033632658387,-0.04250103203647748,-1.8919959795995644,0.04659574897318042,1.0425615385360847,0.16953913120781272,-0.0576705123071004,0.03456746360058127,-2.0610244465515732,0.37784482195874136,1.177417321547716,0.04982753032799591,-0.016113377888309712,-0.04484612828521912,0.09000117304571391,0.09000117304571391,0.0,0.17271634784648354,0.4123528226975249,-0.3672741088992082,0.007991466556844705,-0.0017480377790406326,-5.002665539771023,0,0.4708612288951779
52.13311999999082,-2.132228112808647,0.5851049485525875,1.3790065710689487,-0.020114670777062908,0.0010205631359688164,-0.04247730809886792,-2.3200150734167986,0.8288940838605213,1.0885897206007678,-0.1142533595732893,0.06195686997343501,-0.0029080818083664223,-2.190760020534437,0.6035028070072254,1.1329949591814545,-0.03181553082878398,0.022277524660657636,-0.022970237759853573,0.09000117304571391,0.09000117304571391,0.0,0.17252192446151465,0.4128506541397725,-0.36683819037484644,0.007908497111925894,-0.001831066624271175,-5.00296920336987,0,0.4708136892852096
52.13727999999082,-2.132311348971381,0.5851081623228143,1.3788296877820663,-0.019976679056257423,0.0007713048544094317,-0.04245198885177269,-2.2729077375062845,0.4542604180701272,1.145455562934149,-0.076103147636365,-0.04463810995010576,-0.07459708542152771,-2.2319914049371854,0.528788719349869,1.139069509318061,-0.05460142489896537,-0.011655454731806998,-0.04845378926815281,0.09000117304571391,0.09000117304571391,0.0,0.17232873490133915,0.41334675583741765,-0.3664089798053539,0.007825987201764906,-0.0019136037256884553,-5.003270881642273,0,0.47076702015966476
52.141439999990816,-2.1323940139155826,0.5851103432741418,1.3786529164797214,-0.019839586608371106,0.0005234283186104677,-0.042425112562761796,-2.063531858425889,0.3010263657065648,1.5703909134021812,0.07527716903149585,0.0014554996088952258,-0.07745872309028154,-2.147604814080079,0.4149081964499222,1.3545722191503176,0.01077939040953499,-0.00472590218027627,-0.06300321178869245,0.09000117304571391,0.09000117304571391,0.0,0.17213677555086807,0.413841122433774,-0.3659863433383607,0.007743936349601999,-0.001995649597531266,-5.003570574521433,0,0.47072121977396586
52.145599999990814,-2.132476111372617,0.5851114971622462,1.3784762634931438,-0.01970338968825169,0.0002769331450433762,-0.04239671677865188,-1.7579447599667428,0.6917905064757333,0.9441583927647301,-0.129654319688868,-0.04027540493643302,-0.00471419902688823,-1.9530434010804318,0.5532681975579595,1.149351787138603,-0.05862861123350147,-0.0228254851765013,-0.033457783175563666,0.09000117304571391,0.09000117304571391,0.0,0.1719460426391352,0.41433374894140795,-0.3655701495393812,0.007662344022870575,-0.002077204814018795,-5.003868282132475,0,0.4706762863177164
52.14975999999081,-2.132557645057966,0.585111629740473,1.3782997350000603,-0.019568084483814283,3.181877443867755e-05,-0.04236683834001547,-1.9227299030349312,0.8322585308024728,1.3577569982797388,0.0391963504383865,-0.16212736458667723,-0.15427006516267086,-1.9378051483172238,0.6924281480590959,1.2532348418562185,-0.009609082956234893,-0.0924924407327659,-0.09379276088252715,0.09000117304571391,0.09000117304571391,0.0,0.1717565322449959,0.41482463072739173,-0.3651602693429964,0.0075812096351034345,-0.0021582700063786757,-5.004164004789107,0,0.4706322179165083
52.15391999999081,-2.132638618670961,0.5851107467591367,1.3781233370275798,-0.01943366711887264,-0.00021191552074221868,-0.04233551339530695,-2.338152307034033,0.6584496021156733,1.5293475112467945,-0.06853418456045146,-0.10240519959750789,0.02417816090851515,-2.1381251093515132,0.6752258682260716,1.3913429037984242,-0.03857205078300533,-0.09755913298218757,-0.03457696977006645,0.09000117304571391,0.09000117304571391,0.0,0.17156824030326615,0.4153137634987388,-0.36475657600535516,0.00750053254778548,-0.0022388458600178327,-5.004457742990308,0,0.47058901263368086
52.15807999999081,-2.1327190358945276,0.5851088539648485,1.377947075455019,-0.01930013365591172,-0.00045427062917346517,-0.04230277741460864,-1.8585535438009746,0.2936456140201762,1.139526074004173,-0.04245672793617565,0.04158598985490633,-0.010746930382289417,-1.99842533001287,0.4845192382772702,1.265411819209285,-0.040681964305370674,-0.027836610865734624,-0.023358619404186695,0.09000117304571391,0.09000117304571391,0.0,0.1713811626091634,0.415801143289091,-0.3643589450565007,0.007420312072153416,-0.0023189331118300613,-5.004749497417051,0,0.47054666847203214
52.16223999999081,-2.1327989003949392,0.5851059570998741,1.377770956016673,-0.019167480098808278,-0.0006952475938548633,-0.04226866520300204,-2.0349625678894157,1.023613360746089,1.307939178237781,0.11506750149691455,0.08441898014682125,-0.1267277221420311,-2.016455619919153,0.7542447091319868,1.2864129936959656,0.03754456150721223,0.028741616661839102,-0.07541514876290531,0.09000117304571391,0.09000117304571391,0.0,0.1711952948236131,0.41628676644548374,-0.36396725425594806,0.007340547470944647,-0.002398532547634763,-5.005039268929053,0,0.47050518337548464
52.16639999999081,-2.132878215821587,0.5851020619015173,1.3775949843045332,-0.01903570239550291,-0.0009348476056379015,-0.04223321091356635,-2.2473163786064787,0.7000551333409147,1.1848057688094285,-0.022458423960831832,0.04611588246759743,-0.05466842182575308,-2.131935394110464,0.7272461447403836,1.2354931699096086,0.008059738200453812,0.03709922498872788,-0.06418163391224983,0.09000117304571391,0.09000117304571391,0.0,0.17101063247920845,0.4167706296162051,-0.36358138354831165,0.00726123796009622,-0.002477644999746509,-5.005327058561559,0,0.47046455523070824
52.17055999999081,-2.1329569858067563,0.5850971741015298,1.3774191657709496,-0.018904796440591648,-0.001173071996977,-0.042196448060086024,-1.898506057470419,1.0654043026071731,1.1207179345718177,-0.12244667330873266,0.027997964344049442,0.08876514246538694,-2.0154753886581283,0.8963852646271832,1.1782881808229058,-0.056410597701411054,0.032818568427877004,0.012857621967907462,0.09000117304571391,0.09000117304571391,0.0,0.1708271709842575,0.41725272973857525,-0.3632012150209104,0.007182382710394325,-0.0025562713446520826,-5.005612867522155,0,0.47042478186869996
52.174719999990806,-2.1330352139654143,0.5850912994255464,1.3772435057312438,-0.01877475807788484,-0.0014099222360283775,-0.04215840952937875,-1.576301219697771,0.3514983357162613,1.237986756400884,-0.1436513046285487,-0.018337594694077784,-0.007488364013470479,-1.7961850104195267,0.6239007265853017,1.2081231490212012,-0.09954990454961558,0.006820183148753419,0.0022828696200418207,0.09000117304571391,0.09000117304571391,0.0,0.17064490562790907,0.41773306402803667,-0.3628266328612159,0.007103980849076505,-0.002634412500809403,-5.005896697187617,0,0.4703858610663235
52.178879999990805,-2.1331129038950096,0.5850844435925423,1.3770680093662715,-0.018645583102897784,-0.0016453999209795876,-0.042119127593329,-1.8385237747903926,0.5131079638388257,1.6829470209653041,-0.034381162815177516,0.03674869234301822,-0.10563754130279612,-1.8174266333373994,0.5685797193500126,1.4453173810258277,-0.0667616696785887,0.021920427540766955,-0.051043643809479324,0.09000117304571391,0.09000117304571391,0.0,0.17046383158507553,0.4182116299671127,-0.362457523317784,0.007026031461387437,-0.0027120694265509934,-5.006178549100787,0,0.47034779054780973
52.183039999990804,-2.1331900591752815,0.5850766123143146,1.3768926817249356,-0.018517267265287074,-0.001879506774642802,-0.04207863392061494,-1.819955653046822,0.5615854988589423,1.529003453571927,-0.10906057974819383,0.10299455942788038,-0.13772894285128665,-1.818917432197423,0.565295700806831,1.4868740947161196,-0.08818322749545163,0.06297403397955069,-0.09417110932116646,0.09000117304571391,0.09000117304571391,0.0,0.17028394392136642,0.4186884252951454,-0.3620937746595414,0.006948533592089306,-0.0027892431180903416,-5.006458424967486,0,0.470310567986219
52.1871999999908,-2.1332666833680785,0.5850678112949843,1.3767175277266517,-0.01838980627122701,-0.0021122446392831617,-0.04203695958814049,-1.9841242734611277,0.7124685085164647,1.4302866601609638,0.12519140672049117,-0.08885549087538286,0.07169463279475259,-1.9012632403305345,0.638698698375576,1.4587282717896182,0.01927225354769296,-0.013114071811786721,-0.010848589346720802,0.09000117304571391,0.09000117304571391,0.0,0.17010523759739105,0.41916344799843774,-0.36173527713770615,0.006871486246927702,-0.0028659346076244006,-5.006736326653454,0,0.4702741910048672
52.1913599999908,-2.133342780017186,0.5850580462305189,1.3765425521637675,-0.018263195785733398,-0.002343615471685208,-0.04199413509217872,-1.9108595686170784,0.005824465901766107,1.6195708581487054,-0.21914276241152392,-0.17762917306576703,-0.1766091632958394,-1.9065173829042863,0.3218883205927328,1.538783713250153,-0.09987157123752709,-0.09566425927124642,-0.09389363345461835,0.09000117304571391,0.09000117304571391,0.0,0.16992770747264202,0.4196366963009101,-0.36138192294885096,0.006794888394054605,-0.0029421449615297636,-5.007012256181324,0,0.4702386571787164
52.1955199999908,-2.1334183526481647,0.5850473228082754,1.3763677597039374,-0.018137431434935715,-0.002573621338444883,-0.041950190359238214,-1.7588593479950425,0.5392529348097481,1.3971015577970458,0.10299523358810567,0.007302413397022839,-0.041828325727599494,-1.8324734993072869,0.43058952306225423,1.4678548936077813,0.0017383863432553623,-0.0452384051501775,-0.06798509911390646,0.09000117304571391,0.09000117304571391,0.0,0.1697513483110993,0.42010816865494965,-0.36103360619825703,0.006718738965409973,-0.0030178752786488355,-5.007286215727635,0,0.47020396403573145
52.1996799999908,-2.133493404768199,0.585035646706561,1.3761931548924513,-0.018012508808283458,-0.002802264411454666,-0.041905154756677374,-2.310717002029107,0.420879954816081,1.178047444020701,0.1871486448455946,0.0047440375558730746,-0.019099178955666502,-2.0712095975389544,0.4257452805281465,1.322909190930962,0.09455864117210033,-0.020607198011775914,-0.04343745227243239,0.09000117304571391,0.09000117304571391,0.0,0.16957615478470658,0.4205778637330424,-0.36069022286377406,0.0066430368580617655,-0.0030931266886570106,-5.007558207619868,0,0.47017010905820417
52.2038399999908,-2.133567939865952,0.5850230235942128,1.3760187421545218,-0.0178884234607022,-0.0030295469635916498,-0.04185905710305742,-2.0863555211888234,0.6116019168216351,1.3402625405162554,0.01767443438741651,-0.03872461850216852,-0.18366806430974808,-2.078746205304156,0.5185935009622581,1.331204971514992,0.0562667984201158,-0.02925499715466378,-0.11402875217980804,0.09000117304571391,0.09000117304571391,0.0,0.16940212147792483,0.4210457804193866,-0.3603516707621156,0.006567780935506554,-0.003167900350509091,-5.00782823433352,0,0.4701370896840451
52.2079999999908,-2.13364196141143,0.5850094591301935,1.3758445257975291,-0.01776517091469763,-0.003255471364610492,-0.04181192567824192,-2.668775398882273,0.34858150238506236,1.7639959004498469,0.013470282124443997,-0.08990012083917683,0.13503984892772597,-2.3737378281894115,0.43339919616970546,1.5478836771889362,0.03531132674675713,-0.059512990374907676,0.010809942786990146,0.09000117304571391,0.09000117304571391,0.0,0.16922924289122598,0.4215119178021302,-0.36001784951502747,0.006492970028931259,-0.0032421974509641814,-5.008096298489205,0,0.4701049033080452
52.212159999990796,-2.1337154728558567,0.5849949589632052,1.3756705100132238,-0.01764274666240638,-0.003480040077210618,-0.04176378823326313,-2.3712358271211746,0.7358460333922232,1.6522512242349026,0.04615378815238863,-0.06590567754835337,0.06625937423263509,-2.3723908368803377,0.5844877035199616,1.6002062585299122,0.040744013726872495,-0.06273501619689155,0.0384061223895147,0.09000117304571391,0.09000117304571391,0.0,0.16905751344566405,0.42197627516580466,-0.35968866051533055,0.006418602938437693,-0.0033160192031827136,-5.008362402849801,0,0.47007354728310685
52.216319999990795,-2.133788477631555,0.5849795287313165,1.3754966988798907,-0.017521146167590304,-0.0037032556532746335,-0.041714671999955634,-2.760198595777784,0.7847071728718212,1.8214099995816373,0.1185831402688098,0.02251648506916027,-0.3040182615378436,-2.566051703187343,0.6846465021026866,1.710175638592607,0.08010224490462911,-0.020513450677877156,-0.13197192737806443,0.09000117304571391,0.09000117304571391,0.0,0.16888692748659995,0.42243885198438436,-0.3593640068962625,0.006344678434230192,-0.0033893668453915055,-5.00862655031761,0,0.47004301892144756
52.22047999999079,-2.133860979151837,0.5849631740616071,1.3753230963644725,-0.017400364867575763,-0.00392512073025976,-0.0416646037003822,-2.3641059053628637,0.15769256606361431,1.6784900448478024,-0.03215043213011619,-0.06904240120395837,-0.09299995094315863,-2.465143814965674,0.4210216553797875,1.6941396362048695,0.023767597644452368,-0.044493450939785024,-0.11270644228720117,0.09000117304571391,0.09000117304571391,0.0,0.16871747928722056,0.42289964791406365,-0.3590437934989915,0.0062711952577677145,-0.0034622416396113847,-5.008888743931568,0,0.47001331549577446
52.22463999999079,-2.1339329808108998,0.5849459005698248,1.3751497063246558,-0.017280398175151725,-0.004145638027779635,-0.04161360955601526,-2.389954928667632,0.9462445073617085,1.888201350825213,0.05079421444675809,0.09401236212486773,0.006860009090927488,-2.427443379653253,0.6838315016443565,1.7911862843099413,0.03736787056119798,0.025134273279840382,-0.05300983637799774,0.09000117304571391,0.09000117304571391,0.0,0.168549163052707,0.4233586627870872,-0.3587279268425777,0.006198152122881478,-0.0035346448704524714,-5.009148986864478,0,0.46998443424043296
52.22879999999079,-2.1340044859837346,0.5849277138600568,1.3749765325109193,-0.017161241480402996,-0.00436481034429545,-0.041561715296743164,-1.9051511960054335,0.35941936945298003,1.5171669188023351,0.14226311619805865,-2.018719245120478e-05,-0.23693734387908597,-2.1659984805664707,0.5216240967857545,1.6536807385563057,0.09016970250745661,0.012090655817924094,-0.14442194822356805,0.09000117304571391,0.09000117304571391,0.0,0.16838197292355636,0.4238158966053,-0.358416315093822,0.006125547716858735,-0.00360657784396271,-5.009407282420278,0,0.46995637235252874
52.23295999999079,-2.1340754980260366,0.5849086195244153,1.3748035785685457,-0.01704289015250036,-0.0045826405539703095,-0.041508946169659,-2.3081939625912895,0.5252127867115106,1.3649255597305283,0.04341948286101201,0.011881719656148058,0.06856458667354504,-2.2370061053674966,0.5234436925548258,1.5094444623038836,0.0664129325880371,0.011739981841047183,-0.038289174750909614,0.09000117304571391,0.09000117304571391,0.0,0.16821590297890998,0.42427134953400386,-0.35810886803871494,0.006053380701493951,-0.003678041886533957,-5.009663634031342,0,0.46992912699302447
52.23711999999079,-2.134146020274126,0.5848886231427333,1.3746308480395972,-0.016925339541448266,-0.004799131603681413,-0.04145532694764108,-1.5512094226005828,0.5881184612218483,1.19374775515629,0.0934363144609966,-0.05598858889735303,-0.13181682279714496,-1.8939088595380016,0.5556646791423279,1.3513197014931735,0.08003792073036767,-0.021929715747984895,-0.08503595499354943,0.09000117304571391,0.09000117304571391,0.0,0.16805094724010328,0.42472502189670974,-0.35780549705292075,0.005981649714108335,-0.0037490383438666865,-5.009918045255813,0,0.46990269528781253
52.24127999999079,-2.134216056044875,0.5848677302822745,1.3744583443648566,-0.016808584979767994,-0.005014286510109517,-0.041400881937780146,-2.2883259935559703,0.3705750023300014,1.4204106412554145,0.17080899432642782,-0.16310781457372708,0.17412166904137605,-2.0907654643383458,0.4627788937874661,1.3862283044725263,0.1256848018170588,-0.09232110821638455,0.04429468651231414,0.09000117304571391,0.09000117304571391,0.0,0.16788709967422294,0.42517691416907644,-0.3575061150747211,0.005910353368538618,-0.0038195685799770904,-5.010170519774968,0,0.46987707432876347
52.245439999990786,-2.134285608635642,0.5848459464974536,1.3742860708857332,-0.01669262178414559,-0.005228108356999165,-0.04134563498959299,-1.8961758410267437,1.2203994696213916,1.433157330073324,-0.11875230986786862,-0.03295085674982373,0.11545155092530693,-1.993714669889767,0.8415258551198713,1.40993103146,0.002701727724700666,-0.06259592861195452,0.08095048015183146,0.09000117304571391,0.09000117304571391,0.0,0.16772435419681575,0.4256270269741197,-0.3572106365769995,0.005839490256095565,-0.003889633976257966,-5.010421061390617,0,0.46985226117475143
52.249599999990785,-2.134354681324213,0.5848232773295681,1.374114030846137,-0.01657744525702958,-0.005440600292517894,-0.041289609503069404,-2.1941685453030804,0.27436579947429796,1.3968587638457297,-0.06185783798817714,-0.050267067714208614,0.07966724757629631,-2.0940709709055136,0.5578383780149359,1.403562058770789,-0.02991140766568576,-0.0569484421756156,0.07956507352635725,0.09000117304571391,0.09000117304571391,0.0,0.16756270467567316,0.42607536107692906,-0.3569189775421188,0.005769058946493737,-0.003959235930584417,-5.010669674022528,0,0.46982825285265806
52.253759999990784,-2.134423277368747,0.58479972830654,1.373942227394318,-0.01646305068817626,-0.005651765526716103,-0.041232828436564235,-2.468433269865461,0.5994682726151208,1.6821464389773297,-0.0052897231762196375,-0.06466730545572456,-0.13908552690401266,-2.2812663188135502,0.57851896333497,1.5425668527003369,-0.017325004143605625,-0.06073661418037342,-0.029721367714766404,0.09000117304571391,0.09000117304571391,0.0,0.1674021449331261,0.4265219173800155,-0.3566310554339186,0.005699057988752639,-0.00402837585646002,-5.010916361705894,0,0.4698050463583536
52.25791999999078,-2.134491400007731,0.5847753049426687,1.3737706635846743,-0.01634943335616133,-0.005861607329121924,-0.04117531431449344,-2.258993439492208,0.5347957567464398,1.4437560310033362,-0.035396284897811825,0.04217445538708051,-0.009879899392386038,-2.27020421971701,0.5567451382734191,1.4931416288980661,-0.0259396323350786,-0.0094619903080051,-0.02048872030411457,0.09000117304571391,0.09000117304571391,0.0,0.16724266875005614,0.42696669691854167,-0.35634678917346313,0.005629485912070865,-0.004097055182208839,-5.011161128588824,0,0.4697826386576576
52.26207999999078,-2.134559052459939,0.584750012738392,1.3735993423795287,-0.01623658852983357,-0.006070129026408772,-0.041117089234897805,-1.9731813855007279,1.0601883674610644,1.5427096780437433,0.2136937644151981,0.012635409448807047,-0.20976801633738867,-2.1212470449472796,0.8084965605136916,1.5174894470074332,0.09424522903909884,0.001583600349400091,-0.1149999188164305,0.09000117304571391,0.09000117304571391,0.0,0.16708426986756195,0.42740970085618335,-0.3560660991140539,0.005560341226672946,-0.004165275350202615,-5.0114039789298666,0,0.46976102668727965
52.26623999999078,-2.134626237924396,0.5847238571800579,1.3734282666508753,-0.01612451146973531,-0.006277334000175774,-0.041058174876837626,-1.600083261587072,0.08251378902514261,1.240578520893254,-0.25617956567056216,0.041992095721005276,-0.006088139698368092,-1.8611939220275686,0.4455870926738585,1.3790200072723304,-0.08115171733703189,0.021950852026218288,-0.060851116063158794,0.09000117304571391,0.09000117304571391,0.0,0.16692694199034058,0.4278509304805543,-0.35578890701657645,0.005491622424631085,-0.0042330378161268565,-5.011644917095572,0,0.4697402073557384
52.27039999999078,-2.1346929595803523,0.5846968437397044,1.3732574391820935,-0.016013197429479004,-0.006483225684827086,-0.04099859250763153,-2.1847266548171485,0.9606083341008564,1.4784302975634338,0.02357540903797452,-0.13156190625800646,0.0424030651467489,-2.0229132802158296,0.7028270681696362,1.4288138000839419,-0.028908313080970312,-0.05450521227862593,-0.009112780798940904,0.09000117304571391,0.09000117304571391,0.0,0.16677067879007618,0.4282903871994764,-0.355515136025396,0.0054233279806615835,-0.004300344048284311,-5.011883947558075,0,0.4697201775442638
52.27455999999078,-2.1347592205872568,0.5846689778748481,1.3730868626696353,-0.015902641657072374,-0.0066878075655157476,-0.04093836298996511,-2.0583635803804032,0.6757267613898529,1.2027138925535383,-0.12178903230259874,0.05501990720461373,0.10618236170592343,-2.0408925841999532,0.6893921477126171,1.3159827206667147,-0.07505990209379436,-0.00022220968805618203,0.0487196238112705,0.09000117304571391,0.09000117304571391,0.0,0.16661547390669587,0.4287280725368678,-0.35524471064523266,0.005355456352896369,-0.004367195526928009,-5.012121074892716,0,0.4697009341076783
52.27871999999078,-2.134825024084741,0.5846402650282806,1.3729165397246819,-0.01579283939621533,-0.0068910831761952035,-0.0408775067888409,-2.3330128455715697,0.1898130694683906,1.1900418438166036,-0.11176649318282281,-0.025618517986988745,0.03816949506751341,-2.18718815321482,0.43954474578541286,1.25309043643169,-0.09296695441173557,-0.012398840071250293,0.04361640262177755,0.09000117304571391,0.09000117304571391,0.0,0.16646132095219632,0.42916398812915646,-0.35497755671880593,0.00528800598363168,-0.004433593743629521,-5.012356303775693,0,0.4696824738752613
52.282879999990776,-2.1348903731926057,0.5846107106278734,1.3727464728747718,-0.01568378588754667,-0.007093056097735398,-0.040816043978404076,-2.414662215129979,0.3683955087061235,1.8023973758330663,-0.046510351228278124,-0.08658151714206204,-0.09239973713182659,-2.301023512858531,0.4037900157301909,1.5275551829332736,-0.06974318215047165,-0.04971305313306419,-0.02420110915242885,0.09000117304571391,0.09000117304571391,0.0,0.16630821351212416,0.4295981357217394,-0.35471360140310837,0.0052209753000532185,-0.00449954020067565,-5.012589638981743,0,0.4696647936515947
52.287039999990775,-2.1349552710108135,0.5845803200863896,1.3725766645654025,-0.015575476369858336,-0.007293729956123191,-0.04075399424862241,-2.192741014504025,0.48982377047599934,1.619093497807417,-0.21053469229864064,-0.06760370865611011,0.041288944507675514,-2.247318130105796,0.4466674504564031,1.5734108826555058,-0.14074631424593714,-0.058930870762172134,0.008529175252449239,0.09000117304571391,0.09000117304571391,0.0,0.16615614514919957,0.43003051716543417,-0.3544527731488024,0.005154362714939581,-0.004565036410494951,-5.012821085381853,0,0.46964789021739267
52.29119999999077,-2.1350197206194856,0.5845490988013032,1.3724071171616032,-0.015467906081263206,-0.007493108420726967,-0.040691376911848626,-2.2732478703947976,0.26011248516414126,1.0579793702746074,-0.037263624450332516,0.050487529119220324,-0.11370134548901976,-2.260360238418197,0.35349403157941006,1.3154544257793526,-0.08922822260508906,-0.004400136352024304,-0.05229049577974705,0.09000117304571391,0.09000117304571391,0.0,0.16600510940416577,0.4304611344132973,-0.3541950016778253,0.005088166627343361,-0.00463008389511004,-5.013050647941005,0,0.46963176033031245
52.29535999999077,-2.135083725078904,0.5845170521546256,1.3722378329494813,-0.015361070260334224,-0.007691195202638759,-0.040628210909246,-1.502587633785933,0.5388185066581693,1.3803382129311026,-0.13324219692706948,-0.1468409745522965,0.12984514235624098,-1.8817452616534094,0.44585155766191875,1.3481663991793922,-0.11147850333397806,-0.07533096339093229,0.03898123528692558,0.09000117304571391,0.09000117304571391,0.0,0.16585509979920776,0.4308899895173281,-0.3539402179619797,0.005022385423252169,-0.004694684185617208,-5.013278331715945,0,0.4696164007257502
52.29951999999077,-2.1351472874295174,0.5844841855127377,1.3720688141377435,-0.015254964147203922,-0.007887994053089414,-0.0405645148170846,-2.1955749248473375,0.426681053735546,1.2236772298317224,-0.02236826035944454,0.17297169231771575,0.04374086932206012,-2.03870944456423,0.43662458577118396,1.2860126730635488,-0.06662617342793153,0.04945931220366801,0.04100015118992824,0.09000117304571391,0.09000117304571391,0.0,0.1657061098398805,0.43131708462564733,-0.35368835420379907,0.004957017476228806,-0.004758838821692575,-5.013504141852994,0,0.4696018081176209
52.30367999999077,-2.135210410691953,0.5844505042262298,1.3719000628591895,-0.015149582984619464,-0.008083508761894436,-0.0405003068529486,-2.34250175074331,1.341317898761241,0.9222649322806917,0.02428501946532366,-0.005318897130670299,-0.07847417747962022,-2.190556521575004,0.888965994671662,1.1039727723430208,-0.02150804137470375,0.022321354907033568,-0.018603867191421597,0.09000117304571391,0.09000117304571391,0.0,0.16555813301682723,0.43174242197950874,-0.35343934381412623,0.00489206114803177,-0.004822549351115921,-5.013728083585877,0,0.4695879791991216
52.30783999999077,-2.135273097867032,0.5844160136297465,1.371731581172182,-0.01504492201897598,-0.008277743155998833,-0.0404356048817885,-1.8277976689512818,0.5853481965240807,0.8492515650420672,0.012659763062075228,0.07310000195705617,0.028704315233927594,-2.0091472249305142,0.7373077432759323,0.9766682338265915,-0.00490716011789605,0.047358166383049544,0.005939918623985572,0.09000117304571391,0.09000117304571391,0.0,0.1654111628087849,0.43216600391030413,-0.35319312139389214,0.004827514789216931,-0.004885817329322169,-5.013950162233585,0,0.4695749106434802
52.31199999999077,-2.1353353519357876,0.584380719041838,1.3715633710620907,-0.014940976501303944,-0.00847070109805438,-0.04037042642188674,-1.8454671496200767,0.5891628845934814,1.362935206554762,0.1351423695420685,0.12252362701413984,-0.06743063518727994,-1.9270271218337727,0.6634884872557844,1.1696637329743738,0.06615307107391899,0.08524171428693705,-0.03053084701525344,0.09000117304571391,0.09000117304571391,0.0,0.16526519268367038,0.43258783283725755,-0.35294962271389585,0.004763376739720043,-0.004948644318971271,-5.014170383198271,0,0.46956259910468995
52.31615999999077,-2.1353971758594885,0.5843446257648169,1.3713954344427128,-0.014837741688226394,-0.008662386485048282,-0.04030478865071125,-2.76600996933634,0.2883132306817022,2.0608215925107047,0.01027392474946735,-0.04063648217812293,-0.15628076977054808,-2.346503844678801,0.4758135188182326,1.6149242388840856,0.03860067962959109,0.022403072055197877,-0.09358996603439877,0.09000117304571391,0.09000117304571391,0.0,0.1651202161003106,0.43300791126452537,-0.35270878469557904,0.0046996453294218185,-0.005011031889536391,-5.014388751963171,0,0.46955104121822755
52.320319999990765,-2.135458572579667,0.5843077390846211,1.3712277731576685,-0.014735212842892385,-0.008852803247012183,-0.040238708410640575,-2.2413964666034056,0.7751285378767082,1.7717997508030183,-0.029742804566774535,-0.1551802972411508,-0.0857904901610451,-2.2940123399575967,0.6251500721100673,1.693185503257486,0.0049409003428988515,-0.06624252350865001,-0.09010059398080406,0.09000117304571391,0.09000117304571391,0.0,0.1649762265116742,0.4334262417787721,-0.35247054539194117,0.004636318878695862,-0.005072981616916215,-5.014605274090554,0,0.469540233601759
52.324479999990764,-2.1355195450181497,0.5842700642706804,1.3710603889817743,-0.014633385235864408,-0.00904195534575265,-0.04017220221460447,-1.7414136673495397,0.7180954650468444,1.0416557452230395,-0.06294402111736315,-0.12959123499485614,0.048686780173855644,-2.0178390343033907,0.6713528700578879,1.3675168118055445,-0.0294897287096351,-0.09743058965665698,-0.020465536266537923,0.09000117304571391,0.09000117304571391,0.0,0.16483321736554202,0.4338428270469543,-0.35223484397009586,0.004573395698938821,-0.005134495083061687,-5.014819955219706,0,0.46953017285583093
52.32863999999076,-2.135580096077091,0.5842316065757903,1.3708932836223926,-0.014532254145979381,-0.009229846773628004,-0.04010528625162688,-2.0303362803762433,1.1785993260409224,1.4144985579380043,0.11354677378739127,0.11228214385043564,-0.08782335553731507,-2.023851460341063,0.9252130441223255,1.3908263459966486,0.04196625438277828,0.007483025159545043,-0.054622124142687155,0.09000117304571391,0.09000117304571391,0.0,0.16469118210667683,0.43425766981367203,-0.35200162069247426,0.004510874093084679,-0.00519557387561817,-5.015032801064936,0,0.4695208555645481
52.33279999999076,-2.1356402286390126,0.5841923712359887,1.3707264587207582,-0.014431814861183981,-0.009416481552393234,-0.040037976392250145,-2.279916661655162,1.051544007265378,1.7969115476405644,-0.11798680701834736,0.15391299199984781,-0.12001027019006277,-2.1521320714469923,0.988701480282623,1.59362239673101,-0.03761079707735976,0.07975771467871172,-0.08742078094227838,0.09000117304571391,0.09000117304571391,0.0,0.16455011417814183,0.43467077289942363,-0.3517708168983865,0.004448752356102962,-0.00525621958758773,-5.015243817413613,0,0.4695122782962382
52.33695999999076,-2.1356999455668433,0.5841523634704384,1.3705599158532837,-0.014332062679334132,-0.009601863732060182,-0.0399702881938792,-2.016789889408079,0.28200470272628425,1.3977303346193535,0.025852722301218087,-0.10476127024975604,-0.0802677469487258,-2.084406090279602,0.6351303765471066,1.4955080992381573,-0.005964928839684046,-0.012552737034997654,-0.08387303919776476,0.09000117304571391,0.09000117304571391,0.0,0.16441000702390512,0.4350821391979476,-0.35154237498829616,0.00438702877548191,-0.005316433817003124,-5.015453010124234,0,0.4695044376041038
52.34111999999076,-2.135759249703964,0.5841115884813142,1.370393656532842,-0.014232992908967297,-0.009785997389820516,-0.03990223690602347,-2.5336132528851527,0.9288826681495668,1.7364366853269706,0.053843186651914045,0.0068387111044991514,-0.017206270923680683,-2.3089011966858535,0.7820226549812858,1.6159383441635997,0.02411515584004975,-0.0027874674815877303,-0.050570140791115714,0.09000117304571391,0.09000117304571391,0.0,0.1642708540888824,0.43549177167457437,-0.3513162384046079,0.004325701631695914,-0.005376218166618867,-5.015660385124515,0,0.4694973300268609
52.34527999999076,-2.1358181438742556,0.5840700514536934,1.3702276822100277,-0.014134600870050579,-0.009968886628997227,-0.03983383747544482,-1.9504250182486036,0.3404595496657992,1.1454628860043683,0.041561625125432634,-0.012610079425772499,-0.008782877082527802,-2.1295734254971506,0.5612106073158304,1.3806786480811013,0.0324879131769007,-0.007132402183896956,-0.029483612546154676,0.09000117304571391,0.09000117304571391,0.0,0.16413264882218886,0.4358996733639869,-0.3510923516162374,0.004264769198659488,-0.005435574243615625,-5.015865948409515,0,0.4694909520893661
52.34943999999076,-2.13587663088215,0.5840277575554517,1.3700619942743975,-0.014036881894691922,-0.010150535578028017,-0.039765104551226116,-1.900545692424321,0.16609520082135565,0.9504732866162946,-0.15958194606911716,-0.027016680024681564,-0.06134810504194853,-2.01539128416301,0.36359420414745436,1.1654444639370984,-0.0628605828664237,-0.01719771016868368,-0.04498549800093155,0.09000117304571391,0.09000117304571391,0.0,0.16399538467761646,0.4363058473684569,-0.3508706601018368,0.004204229744166222,-0.005494503659315956,-5.016069706039783,0,0.46948530030323143
52.353599999990756,-2.135934713512683,0.5839847119371621,1.3698965940556902,-0.013939831327833297,-0.010330948389498376,-0.03969605248973993,-2.4227714409504966,0.5857294758058463,0.6160158602974876,0.04599055296367598,0.21025718505241822,-0.14555863017839887,-2.2189891209387715,0.4751010747127491,0.8904238133619311,-0.0081694626916652,0.09634615696841567,-0.0953875578773709,0.09000117304571391,0.09000117304571391,0.0,0.16385905511496754,0.4367102968559175,-0.35065111033317,0.004144081530314467,-0.005553008028914844,-5.016271664139532,0,0.4694803711674272
52.357759999990755,-2.135992394531549,0.5839409197319988,1.3697314828250253,-0.01384344452791185,-0.010510129239188214,-0.03962669535954552,-2.45714141310372,0.48567416582085926,1.296208726090411,-0.05662883367762164,0.04956468134202201,0.10957560357849061,-2.338183319069126,0.4804915864732761,1.093546852663702,-0.03306957801597804,0.07257416249396514,0.0071629392672108855,0.09000117304571391,0.09000117304571391,0.0,0.16372365360181954,0.4371130250580311,-0.3504336497588534,0.004084322813920077,-0.005611088971219043,-5.016471828894848,0,0.4694761611688728
52.361919999990754,-2.1360496766851638,0.5838963860556439,1.3695666617960829,-0.013747716867502258,-0.01068808232517877,-0.03955704694618017,-1.825960403335955,0.379215484927213,0.8586785708384724,-0.1114875810502814,0.06316353982276493,0.023012212723676533,-2.082301660142374,0.42998409908998975,0.9761598591159646,-0.07155601281731859,0.06792054535745758,0.01464124863821286,0.09000117304571391,0.09000117304571391,0.0,0.1635891736152928,0.4375140352688416,-0.35021822678974757,0.004024951846916083,-0.0056687481084018495,-5.016670206551912,0,0.46947266678301786
52.36607999999075,-2.136106562700722,0.5838511160061982,1.3694021321262624,-0.01365264373392296,-0.01086481186695775,-0.03948712075689678,-1.9097782012437454,1.034972667919855,1.7021821528622207,0.1866745321472377,0.1899799216403003,-0.0485312683538097,-1.995649055106484,0.7328781914993013,1.3390749390592245,0.05687400427948097,0.128739563107962,-0.016843051847308124,0.09000117304571391,0.09000117304571391,0.0,0.16345560864211062,0.4379133308426748,-0.3500047907821515,0.0039659668767396145,-0.005725987065763766,-5.016866803415262,0,0.46946988447441007
52.37023999999075,-2.136163055286263,0.5838051146640958,1.3692378949178237,-0.013558220529828963,-0.011040322104573607,-0.03941693002530218,-2.419532049571579,0.1144027137763512,1.677101503170609,-0.037338324692870684,0.038777940176134965,-0.07291871416615031,-2.2076706225793257,0.42371685996711134,1.5079398543858311,0.009505319015646921,0.08372694713231058,-0.04532771320231559,0.09000117304571391,0.09000117304571391,0.0,0.16332295218101253,0.43831091519283677,-0.3497932920239305,0.0039073661467074776,-0.005782807471505278,-5.017061625846071,0,0.46946781069725396
52.37439999999075,-2.136219157130737,0.5837583870920215,1.3690739512190073,-0.013464442673778302,-0.011214617297824702,-0.03934648771591648,-2.3915193913551405,0.3860305046548337,1.3573608646413735,0.09219494876677276,0.12542426159630346,0.03179313121323435,-2.299405842022033,0.4051331266983658,1.4327168766784992,0.05147540572513051,0.10513586023919727,-0.007465618601533503,0.09000117304571391,0.09000117304571391,0.0,0.16319119774324722,0.43870679178982724,-0.34958368171823573,0.0038491478963794588,-0.005839210956511372,-5.017254680260461,0,0.46946644189595815
52.37855999999075,-2.1362748709040735,0.5837109383348321,1.3689103020251379,-0.013371305600771065,-0.011387701725450195,-0.03927580652867008,-1.8466286601888702,0.5531658815536313,1.2297716246246349,0.11046304970708559,-0.10490981639325633,-0.18142683537258866,-2.0727846449638028,0.4789336138008883,1.3308657541735351,0.08112032521388673,-0.000490539123600919,-0.0945726939340925,0.09000117304571391,0.09000117304571391,0.0,0.16306033885434962,0.4391009641600851,-0.3493759119701599,0.0037913103619106672,-0.0058951991541411584,-5.017445973127831,0,0.46946577450567273
52.38271999999075,-2.1363301992572516,0.5836627734194806,1.3687469482797074,-0.013278804762766348,-0.011559579684356218,-0.03920489890332322,-2.0073586692258516,0.7807304435364604,1.2951886100488164,-0.1252492997191957,-0.10423814912309737,-0.03814853402332148,-2.040332953186398,0.6296166456109192,1.3129475490710967,-0.021455518384239817,-0.0520295043000226,-0.06634713107289725,0.09000117304571391,0.09000117304571391,0.0,0.16293036905442426,0.4394934358841415,-0.349169935771414,0.0037338517763925317,-0.005950773700025988,-5.017635510969221,0,0.4694658049528155
52.38687999999075,-2.1363851448223734,0.5836138973549435,1.3685838908754417,-0.013186935629187657,-0.011730255488889249,-0.03913377702379246,-2.4068875496472404,1.1875155932170136,1.18458939955857,-0.24561632754164803,-0.11126263382233828,0.0030026191889857973,-2.224124761865515,0.9083365313513215,1.2487742694416646,-0.13300675743134002,-0.08064746760484287,-0.031892085166999304,0.09000117304571391,0.09000117304571391,0.0,0.16280128190014054,0.43988421059557253,-0.34896570698623064,0.0036767703701835438,-0.0060059362318806465,-5.017823300355693,0,0.46946652965558916
52.391039999990745,-2.1364397102127377,0.5835643151321515,1.3684211306553482,-0.01309569368739096,-0.011899733470091121,-0.039062452822436575,-1.803417566246008,0.5035329037398152,1.111281751099531,0.029343455542275215,0.05495059611977878,0.11510474963502058,-2.013707241046141,0.7060481008120746,1.1802673882469414,-0.05181587429370167,-0.013780433231408061,0.04115188680394855,0.09000117304571391,0.09000117304571391,0.0,0.16267307096480638,0.44027329197941345,-0.3487631803376423,0.003620064371229286,-0.0060606883893158155,-5.018009347906744,0,0.4694679450244881
52.395199999990744,-2.1364938980229176,0.5835140317239222,1.3682586684137472,-0.013005074443129353,-0.012068017975020757,-0.03899093798424009,-2.050092910221331,0.5557466625067604,1.441937650282069,-0.0733304054569128,-0.0945777001090811,0.06032356253506393,-2.032052115362946,0.6307002448057927,1.3112297160875133,-0.06292757699961368,-0.05447862319927991,0.05078720946033247,0.09000117304571391,0.09000117304571391,0.0,0.1625457298401536,0.44066068377089146,-0.34856231139413474,0.003563732005372861,-0.006115031813664152,-5.018193660288737,0,0.4694700474627961
52.39935999999074,-2.136547710828838,0.583463052084897,1.3680965048972848,-0.012915073420982168,-0.012235113366056198,-0.03891924395096074,-2.513753233672978,0.3523521663820066,1.5398953273239415,-0.05362803041423582,-0.015037160395231149,-0.023888748717814587,-2.2730158634205044,0.4914935795179616,1.4255150915709018,-0.05910858231789769,-0.035048205004660785,0.013137770458362345,0.09000117304571391,0.09000117304571391,0.0,0.162419252136843,0.441046389754155,-0.34836305655496447,0.0035077714966553135,-0.006168968147807713,-5.018376244213363,0,0.46947283336707374
52.40351999999074,-2.136601151187858,0.5834113811514794,1.3679346408059299,-0.012825686164772683,-0.012401024020237435,-0.03884738192518919,-1.6274409208367393,-0.08909456419007233,1.2506071651643806,-0.07132144493807635,-0.00728668678224778,-0.10369381525620278,-1.9503714426826035,0.2011795869256534,1.3378428411021055,-0.0655885994659676,-0.020831681992155012,-0.04460543625852054,0.09000117304571391,0.09000117304571391,0.0,0.1622936314858263,0.44143041376084013,-0.34816537303799094,0.003452181067606805,-0.00622249903601357,-5.018557106436123,0,0.4694762991276372
52.40767999999074,-2.1366542216388495,0.5833590238417767,1.3677730767939533,-0.01273690823796728,-0.012565754328637274,-0.038775362874341614,-2.1434800482467904,1.3082978837024957,1.0649984991304846,0.023091602722761177,-0.0992058982737653,0.02725854259534314,-2.0468797463050543,0.7545383672137059,1.2014764621239018,-0.020927479085704023,-0.0591628056083718,-0.009160929878353388,0.09000117304571391,0.09000117304571391,0.0,0.1621688615386408,0.4418127596691152,-0.3479692188659622,0.003396958939528291,-0.0062756261237781295,-5.018736253754834,0,0.46948044112902804
52.41183999999074,-2.136706924702283,0.5833059850555445,1.3676118134708926,-0.012648735224051836,-0.012729308695726364,-0.03870319753460271,-2.25653627835113,1.0107301062811884,1.4859869348239203,-0.18467903694021467,0.0666970560773857,-0.008717326143533648,-2.1520943843180467,0.8827772852049844,1.3437156503790677,-0.10241873582172281,0.0025435987371464804,-0.008983793331608677,0.09000117304571391,0.09000117304571391,0.0,0.16204493596834665,0.4421934314022419,-0.34777455285424763,0.003342103332764797,-0.006328351057673693,-5.018913693008158,0,0.469485255750473
52.41599999999074,-2.136759262880312,0.5832522696741329,1.3674508514024977,-0.012561162726896415,-0.012891691538779754,-0.038630896414790866,-2.269872604671752,0.3067993254903312,0.9084366429506754,0.0402474927411606,0.010323672473834717,-0.09233110342704402,-2.210899933905493,0.5948051184375147,1.1258797963603633,-0.031417454126109606,0.006735801147377871,-0.05004701067350698,0.09000117304571391,0.09000117304571391,0.0,0.16192184847110727,0.44257243292761433,-0.34758133459702434,0.003287612466970088,-0.006380675485203702,-5.019089431074161,0,0.46949073936633645
52.42015999999074,-2.136811238656858,0.5831978825604359,1.3672901911116637,-0.012474186371093002,-0.013052907287277798,-0.03855846980017295,-1.7442978089470476,0.4568223067085808,1.1018968964189588,0.019070639731180776,-0.13317684344740066,0.04216211128285471,-1.977555809466682,0.5255366812059962,1.1139758287333925,-0.006239407496791735,-0.06366265298360112,-0.003926327655164835,0.09000117304571391,0.09000117304571391,0.0,0.16179959276563385,0.4429497682554224,-0.3473895244561959,0.00323348456136255,-0.006432601054659936,-5.019263474868885,0,0.4694968883465629
52.424319999990736,-2.136862854497701,0.5831428285588428,1.3671298330793462,-0.012387801802292599,-0.013212960382360422,-0.038485927756196775,-1.8095071862935952,0.5328627172315707,1.27248782997344,0.05949778522768025,0.07269074822722091,-0.08506968794603892,-1.8934062751227951,0.5293502643153071,1.1930552569462476,0.026484011293292413,0.004832680127411599,-0.0441374196842524,0.09000117304571391,0.09000117304571391,0.0,0.16167816259519563,0.4433254414378463,-0.3471990835481261,0.0031797178349736053,-0.006484129414991159,-5.019435831344951,0,0.4695036990571121
52.428479999990735,-2.1369141128505653,0.5830871124951919,1.3669697777454621,-0.012302004687504095,-0.013371855276240484,-0.038413280132201535,-1.885981298142292,0.7878310897227191,1.0430078364120314,-0.1257401444751133,0.05023693096726003,0.10936547363300027,-1.8899573287473712,0.6586982755095547,1.1182574191901555,-0.048628651188285334,0.026907570866420594,0.032870845840777714,0.09000117304571391,0.09000117304571391,0.0,0.16155755172770875,0.44369945656776816,-0.3470099737324641,0.0031263105068878743,-0.0065352622156676365,-5.019606507490178,0,0.4695111678603856
52.432639999990734,-2.1369650161452127,0.5830307391767265,1.3668100255097744,-0.012216790715391742,-0.013529596431672638,-0.03834053656504346,-2.373603467865998,0.7111087395168217,1.9824554925780014,-0.08804573228285383,-0.14643930929948115,0.009519138892187508,-2.131967423969767,0.6845998069623851,1.5503826497085504,-0.0680900213818301,-0.0600058739636331,0.02102959830232975,0.09000117304571391,0.09000117304571391,0.0,0.16143775395646687,0.4440718177777485,-0.34682215759878465,0.0030732607964758444,-0.006586001106554386,-5.019775510326235,0,0.46951929111564417
52.43679999999073,-2.1370155667935316,0.5829737133920538,1.3666505767327632,-0.01213215559655688,-0.013686188321436565,-0.03826770648265796,-1.93812195771333,1.0532116686889126,1.3038182700863161,-0.03404476743624408,0.12087541461786636,0.11745656785324146,-2.0351151932892435,0.8691589718918679,1.4273434166485746,-0.050566254682087114,0.03078989866023684,0.06905619471134607,0.09000117304571391,0.09000117304571391,0.0,0.16131876310065923,0.44444252923905386,-0.34663559845682007,0.003020566923619166,-0.006636347737790815,-5.019942846907299,0,0.4695280651794184
52.44095999999073,-2.1370657671896307,0.5829160399111046,1.3664914317364816,-0.012048095063801079,-0.013841635427819719,-0.038194799107584,-1.8778205533187453,0.1808632419225698,1.4184185102585691,0.058775150529275906,0.06038625524653972,-0.09666090122121665,-1.9563448378819024,0.5251320784110222,1.4226793070665424,0.004249322273802339,0.0454966556233093,-0.013531099268223467,0.09000117304571391,0.09000117304571391,0.0,0.16120057300653154,0.4448115951606286,-0.3464502603232254,0.0029682271089289886,-0.006686303759672579,-5.020108524318752,0,0.46953748640591075
52.44511999999073,-2.1371156197099324,0.5828577234850958,1.3663325908053965,-0.011964604872373063,-0.013995942242115693,-0.03812182346042431,-1.607138326322238,0.8723979982225021,1.4061936212997235,0.027191972013782584,0.013099672420413985,-0.14425586920543762,-1.7816822426935857,0.698795952159934,1.4141358217233313,0.015556977899291079,0.02870548089040893,-0.07865475335038781,0.09000117304571391,0.09000117304571391,0.0,0.16108317754726503,0.4451790197883859,-0.3462661079112941,0.0029162395739569897,-0.006735870822536768,-5.020272549675888,0,0.4695475511473903
52.44927999999073,-2.1371651267132665,0.5827987688464953,1.3661740541872163,-0.01188168080020418,-0.014149113264133543,-0.038048788363256196,-2.2434376510631187,0.9712405721527104,1.8744974007857567,0.16562321005145605,-0.1284765258344755,0.047664691211684464,-2.012218063057343,0.8347530548517065,1.6444188115744314,0.09028069260734334,-0.049930136366894126,-0.015425110851388514,0.09000117304571391,0.09000117304571391,0.0,0.16096657062392541,0.44554480740374786,-0.34608310661913344,0.002864602541400119,-0.006785050576650343,-5.020434930122644,0,0.4695582557545788
52.45343999999073,-2.137214290540967,0.582739180708988,1.366015822093704,-0.011799318648133043,-0.014301153001735404,-0.0379757024429757,-2.1446669732297545,0.49937339762115673,1.365631056575983,-0.10439078139541091,-0.049098498478833866,0.03358773314040263,-2.0786598409456443,0.6669601294732881,1.50509209537357,-0.007395422866767356,-0.050174800457626,0.009438512164968398,0.09000117304571391,0.09000117304571391,0.0,0.16085074616619896,0.4459089623233594,-0.34590122251929534,0.0028133142352986164,-0.006833844672105139,-5.0205956728303525,0,0.46956959657703123
52.45759999999073,-2.1372631135169673,0.5826789637674449,1.3658578947014763,-0.011717514240104945,-0.014452065970347459,-0.03790257413461884,-2.0511270193300732,0.8339558073671138,0.9337637831305059,0.057119002028492225,-0.14527554972223863,-0.06967867732739605,-2.0647738596516363,0.7501576370345476,1.219280218103835,0.024582639453330453,-0.09804075967526889,-0.030695070615741716,0.09000117304571391,0.09000117304571391,0.0,0.1607356981324887,0.4462714888975181,-0.34572042234708167,0.002762372881227634,-0.006882254758709698,-5.020754784996522,0,0.4695815699635064
52.461759999990726,-2.137311597947898,0.5826181226978926,1.3657002721527907,-0.011636263423376805,-0.014601856692539654,-0.037829411684586645,-2.1855338896294194,0.47572160831687926,1.0107681658522378,0.06321649913363446,-0.07725984571228686,-0.09544026288602908,-2.1250236754553224,0.6127776472003886,1.114823261304552,0.04411072171306335,-0.08796086729161384,-0.06260257137285755,0.09000117304571391,0.09000117304571391,0.0,0.16062142051065204,0.44663239150993744,-0.3455406734913756,0.0027117767064827503,-0.006930282485893125,-5.020912273843624,0,0.4695941722623328
52.465919999990724,-2.137359746123184,0.582556662157486,1.3655429545563162,-0.011555562068693058,-0.014750529697562525,-0.03775622315386415,-2.3992705552825795,0.8651990301547791,1.376474567671912,-0.25509283109560915,-0.18979927158873164,-0.1329266475432441,-2.262679789252204,0.7385950297902788,1.2453749321535081,-0.10539055972484071,-0.13873014655265317,-0.0980824249944186,0.09000117304571391,0.09000117304571391,0.0,0.16050790731852602,0.44699167457643996,-0.3453619439820108,0.0026615239402596217,-0.0069779295026051475,-5.021068146617911,0,0.46960739982176547
52.47007999999072,-2.1374075603151446,0.5824945867844822,1.3653859419878946,-0.011475406070455246,-0.014898089520916251,-0.037683016421165796,-1.643185294825631,0.47568274880753214,1.254933691604135,0.2246691267436286,-0.05872756111071838,0.17745111935135588,-1.9524604035390016,0.6070152672088953,1.25052186723607,0.059378536457782495,-0.09891152375771542,0.04043831208325848,0.09000117304571391,0.09000117304571391,0.0,0.16039515260381135,0.4473493425442894,-0.3451842024813768,0.0026116128138277007,-0.007025197457220192,-5.021222410588253,0,0.46962124899033647
52.47423999999072,-2.1374550427790897,0.5824319011982158,1.3652292344912862,-0.01139579134688496,-0.01504454070393833,-0.037609799186033126,-2.170100484687946,0.9298901384964815,1.4885335396745245,-0.068905495192123,0.09116276693973124,-0.18671172646247022,-2.061425020960094,0.7686441975751621,1.3691404539958985,-0.004883899749328231,-0.0037035867657277937,-0.07285290905876182,0.09000117304571391,0.09000117304571391,0.0,0.16028315044502608,0.44770539989141456,-0.34500741827342146,0.0025620415606987332,-0.007072087997446692,-5.0213750730449895,0,0.4696357161171992
52.47839999999072,-2.1375021957534237,0.5823686099990766,1.3650728320789034,-0.011316713840170009,-0.015189887793390712,-0.03753657897188854,-1.8354404252803598,0.4699271862791853,1.3715067967617907,0.024138869625985,0.11113015086328566,0.10365281348093812,-1.9483801189074401,0.6195129890051897,1.3705391096848727,0.009233869006026445,0.05455227153546823,0.01544976579533479,0.09000117304571391,0.09000117304571391,0.0,0.16017189495246079,0.4480598511255246,-0.3448315612532541,0.0025128084167895977,-0.007118602770238031,-5.021526141298806,0,0.46965079755246464
52.48255999999072,-2.137549021459743,0.5823047177684889,1.3649167347325324,-0.011238169516593646,-0.015334135341044412,-0.037463363129049417,-1.4497704326261243,0.20846111193274752,1.3103943052847706,0.1935838293198048,0.006265117262265517,0.08232060776790989,-1.6986686838169733,0.41399633536154273,1.3406378866000597,0.10117865347306995,0.03083013172569893,0.04870034847179084,0.09000117304571391,0.09000117304571391,0.0,0.16006138026699612,0.44841270078327544,-0.3446566019177808,0.0024639116205793492,-0.007164743421702858,-5.021675622679629,0,0.46966648964753166
52.48671999999072,-2.1375955221029375,0.5822402290688918,1.364760942404042,-0.011160154366668925,-0.015477287903304004,-0.037390158837674874,-2.351796880557797,0.7289397223239551,2.107104123885998,0.05305643385074148,-0.019716997634592,-0.07139445349663463,-2.0251267394018586,0.5714287882155356,1.7237277690448392,0.07699695009996067,0.005768320665671331,-0.011290730788066533,0.09000117304571391,0.09000117304571391,0.0,0.159951600561913,0.4487639534297025,-0.3444825113560894,0.0024153494132620372,-0.0072105115970230865,-5.021823524535535,0,0.469682788755411
52.49087999999072,-2.137641699871293,0.5821751484437219,1.3646054550160809,-0.011082664405244524,-0.015619350040800476,-0.03731697311069696,-1.8870799344320506,0.9253736917710962,1.7729938490608,0.152595940306663,0.1402858710051419,0.1460113451702942,-1.9557851664898,0.7486964420134729,1.7486643555805217,0.11488328757525712,0.07256901672289504,0.06758948619897782,0.09000117304571391,0.09000117304571391,0.0,0.15984255004213893,0.4491136136572236,-0.34430926123936934,0.0023671200388939734,-0.0072559089403680475,-5.021969854231689,0,0.4696996912310417
52.495039999990716,-2.137687556936591,0.5821094804173967,1.3644502724627614,-0.011005695671617402,-0.015760326318034198,-0.037243812796674304,-2.0855474801061376,0.91818827982285,1.5229749615640888,0.046904692197532856,-0.07096976896347629,-0.03464933648265734,-2.0205695263910255,0.8332954816909798,1.6357472407814766,0.08082884800876197,0.0010252774476435507,0.01588466830083724,0.09000117304571391,0.09000117304571391,0.0,0.15973422294541825,0.44946168608506837,-0.34413682381186383,0.002319221744536573,-0.007300937094816724,-5.02211461914929,0,0.4697171934316027
52.499199999990715,-2.1377330954542146,0.582043229495301,1.3642953946103338,-0.0109292442296228,-0.015900221302993917,-0.037170684582626685,-2.113736528815307,0.6632515401107435,1.1790945758816715,0.038475522158210186,0.12573208347965636,-0.07174866840207447,-2.067073148393914,0.7485340088009934,1.4072702365192047,0.05941294845361537,0.06328957992723767,-0.028772065330649334,0.09000117304571391,0.09000117304571391,0.0,0.1596266135424145,0.4498081753584387,-0.3439651718813609,0.0022716527803942014,-0.007345597702278144,-5.022257826684542,0,0.4697352917168166
52.503359999990714,-2.1377783175632468,0.5819764001637726,1.364140821297847,-0.010853306167717729,-0.016039039566791133,-0.03709759499681987,-2.2772438964375565,0.33682306212032476,1.7626116719006402,-0.018243211173053435,0.09421637861330441,0.054332537101832064,-2.172197691103211,0.5428739315108192,1.5850569802562577,0.020470913496431743,0.07764042579073677,0.012520336677877499,0.09000117304571391,0.09000117304571391,0.0,0.15951971613638527,0.4501530861479345,-0.3437942788100743,0.0022244113999474032,-0.0073898924034134,-5.022399484247642,0,0.4697539824492486
52.50751999999071,-2.137823225386576,0.5819089968900921,1.363986552337799,-0.010777877599063682,-0.01617678568332122,-0.03702455041149319,-2.0273951174357134,0.5982366853714762,1.459298225682647,-0.13722692526190608,0.09072705696632136,-0.10109201860269226,-2.100080446133669,0.5707437950333057,1.5219653521153873,-0.05854721502300114,0.08447642900138502,-0.043748494179843736,0.09000117304571391,0.09000117304571391,0.0,0.15941352506413958,0.45049642314860433,-0.3436241185057062,0.0021774958600821086,-0.007433822837563574,-5.022539599261785,0,0.46977326199459846
52.51167999999071,-2.1378678210309996,0.5818410241224717,1.3638325875167758,-0.01070295466158951,-0.016313464228904947,-0.03695155704556617,-2.4420653222717474,0.5854981832271687,1.6576553710737123,0.07009300340641846,-0.0798484306682697,-0.03158068280351181,-2.2709288256760085,0.5779548357049332,1.5897465110858602,0.005447235415415628,0.0024083039377897552,-0.03809182342150663,0.09000117304571391,0.09000117304571391,0.0,0.15930803469614152,0.4508381910796357,-0.3434546654126884,0.0021309044212142886,-0.0074773906426756735,-5.022678179162188,0,0.4697931267219871
52.51583999999071,-2.137912106587325,0.581772486290047,1.3636789265960787,-0.010628533518047028,-0.01644907978193899,-0.036878620967301656,-2.3297549809865887,0.34976074025645665,1.1171760519161087,0.05396960464441969,-0.08576833142650375,-0.24352544340016422,-2.300228598093926,0.4636778528359379,1.3529508199310698,0.02900249126784666,-0.04170191027519232,-0.14049307388443216,0.09000117304571391,0.09000117304571391,0.0,0.1592032394359716,0.45117839468340276,-0.3432858945025347,0.00208463534741045,-0.0075205974552288645,-5.022815231395129,0,0.46981357300423654
52.51999999999071,-2.137956084130475,0.5817033878028695,1.3635255693123416,-0.010554610356072464,-0.016583636922590007,-0.03680574809689805,-2.5271534672779565,0.5278712208758745,1.0768524784681068,0.030986573114609908,-0.03296702862979134,-0.030209450388903665,-2.413626865143053,0.495706967208344,1.2148369681177371,0.029367260201649932,-0.03760026803545823,-0.08539952217820986,0.09000117304571391,0.09000117304571391,0.0,0.15909913372192686,0.45151703872477966,-0.3431177812667268,0.002038686906504527,-0.0075634449101694805,-5.022950763417007,0,0.46983459721814524
52.52415999999071,-2.1379997557195924,0.5816337330519009,1.363372515378137,-0.010481181388216776,-0.01671714023243773,-0.0367329442090906,-1.9398813841165528,0.28618322219383163,1.2937836656025514,-0.042950480744119675,0.17586969592734694,-0.20664366669353584,-2.1768410080061593,0.3913102683345058,1.253879757972134,-0.006372186145263534,0.06871910985410405,-0.14538946606258393,0.09000117304571391,0.09000117304571391,0.0,0.1589957120260561,0.45185412799066627,-0.34295030170700214,0.0019930573702101823,-0.00760593464083883,-5.023084782693415,0,0.4698561957447565
52.52831999999071,-2.1380431233981425,0.5815635264090085,1.3632197644825719,-0.010408242851988218,-0.016849594294174527,-0.03666021493567043,-1.962099708736968,0.261976450391833,1.3847605570944064,0.012869216869316278,-0.17065610669327574,-0.04132018135110437,-2.0694412938894082,0.3262880245445873,1.319235069075956,0.0028653854654766024,-0.05120798955490689,-0.09333286394194377,0.09000117304571391,0.09000117304571391,0.0,0.15889296885490495,0.4521896672892451,-0.3427834323273192,0.0019477450142297143,-0.007648068278908852,-5.023217296698236,0,0.46987836496962226
52.532479999990706,-2.138086189194017,0.5814927722269615,1.3630673162918718,-0.01033579100987584,-0.01698100369128058,-0.03658756576798914,-1.9456708241783436,1.1862700722621695,1.4732370678952393,0.013679594420703399,0.08520952096426575,0.1372341191275056,-2.007528458090819,0.7564622391245865,1.3965223360655992,0.00909801969480261,0.01702103778894008,0.02205753491267888,0.09000117304571391,0.09000117304571391,0.0,0.15879089874897823,0.452523661449505,-0.34261715012557853,0.0019027481183591457,-0.007689847454315886,-5.023348312912745,0,0.46990110128306056
52.536639999990705,-2.1381289551196394,0.5814214748394293,1.3629151704499576,-0.010263822149372248,-0.017111373007716122,-0.03651500205941641,-2.006982212511391,0.7173306780164093,1.7259090858147457,0.04084327405824202,0.0684055827762956,0.04174578249821169,-2.0071714937684417,0.7370392241601407,1.5613058775780793,0.025504802555751188,0.04234564769875133,0.031404296570965246,0.09000117304571391,0.09000117304571391,0.0,0.15868949628434073,0.45285611532028164,-0.34245143258616806,0.0018580649665901983,-0.007731273795196655,-5.023477838824742,0,0.4699244010804085
52.5407999999907,-2.1381714231720683,0.5813496385609809,1.3627633265790087,-0.010192332582982622,-0.01724070682761921,-0.0364425290277639,-2.0203979714313665,0.8434910395251956,1.5257276539423117,0.04652409419124842,0.1284072352819965,-0.06676700983623737,-2.013688790025476,0.7905333150553491,1.543378143409644,0.03636586259655721,0.08520023414543199,-0.01791551473252629,0.09000117304571391,0.09000117304571391,0.0,0.15858875607058384,0.4531870337699916,-0.34228625767076754,0.0018136938472077752,-0.007772348927825532,-5.023605881927686,0,0.4699482607622686
52.5449599999907,-2.1382135953331027,0.581277267687085,1.3626117842800185,-0.01012131864824015,-0.017369009735020726,-0.03637015175765764,-1.9629377538081487,0.35546905646226573,1.2827522747769227,-0.05217917568946176,-0.08786963467268158,-0.12158161336807005,-1.9884198682836203,0.5728160874572248,1.4128092622496307,-0.008660555075338472,-0.0016661437080664207,-0.06914718198808294,0.09000117304571391,0.09000117304571391,0.0,0.15848867275349457,0.45351642168593825,-0.34212160381104556,0.0017696330528853387,-0.007813074476556056,-5.023732449719858,0,0.4699726767347513
52.5491199999907,-2.1382554735693846,0.581204366494112,1.3624605431333396,-0.010050776707691438,-0.017496286313522808,-0.0362978752029077,-2.3075538985095316,0.8875057855261441,1.9615702385755132,0.22837997828183781,0.10564857677004409,0.04406318396088492,-2.147513195896449,0.7303828394084074,1.6872846771263432,0.1094132660004311,0.05200602768802437,-0.012278352247256217,0.09000117304571391,0.09000117304571391,0.0,0.15838924101259527,0.45384428397366927,-0.3419574499011153,0.0017258808807757442,-0.007853452063755748,-5.0238575497035285,0,0.4699976454097112
52.5532799999907,-2.138297059832505,0.5811309392393368,1.3623096026992196,-0.009980703148903626,-0.017622541146040234,-0.036225704188800376,-2.5276986282153002,0.6947122927112512,1.4305794742475793,-0.047456580828569545,-0.10293054112753725,0.00619432459185125,-2.337708429850259,0.7123332683283683,1.5589444198888818,0.03154093293439323,-0.025473692385445702,-0.003647357738737488,0.09000117304571391,0.09000117304571391,0.0,0.15829045556338472,0.45417062555644,-0.3417937752899609,0.0016824356326000578,-0.00789348330975079,-5.023981189384152,0,0.4700231632049788
52.5574399999907,-2.1383383560591067,0.581056990160943,1.3621589625183264,-0.009911094384444655,-0.01774777881450763,-0.0361536434143844,-2.2433698438191114,0.7891425713386548,1.3274021758613506,0.01536528791821799,-0.048584716249994345,-0.19616271390506385,-2.2905053571114578,0.7506381172887896,1.442765607417321,0.02289625926489812,-0.03737141785241847,-0.1008267389657308,0.09000117304571391,0.09000117304571391,0.0,0.15819231115616075,0.4544954513745154,-0.3416305597729792,0.0016392956147323156,-0.007933169832767446,-5.024103376269566,0,0.47004922654458686
52.5615999999907,-2.1383793641709894,0.580982523478028,1.3620086221122651,-0.009841946851866474,-0.01787200389960367,-0.03608169745470992,-2.302675419081234,0.5834528290288976,1.5019916137169795,-0.21661530671064327,0.031066641756021526,-0.16602013710515945,-2.2970417888249157,0.6671086034680191,1.4720339862940006,-0.0964777816086275,-0.0030040897154929654,-0.133553105510968,0.09000117304571391,0.09000117304571391,0.0,0.15809480257612346,0.45481876638495156,-0.3414677835856309,0.001596459138281738,-0.007972513248875168,-5.024224117869212,0,0.47007583185899204
52.565759999990696,-2.138420086075213,0.5809075433906093,1.3618585809840857,-0.00977325701368417,-0.0179952209804849,-0.03600987076303323,-2.5536159496723827,0.9152903223506059,1.3936921604054253,-0.0941609605380321,0.05733335290576918,-0.04309110519833865,-2.4255260683130704,0.791321320053866,1.4327717691437385,-0.09553511084186403,0.02674302315244054,-0.08778562205229716,0.09000117304571391,0.09000117304571391,0.0,0.15799792464433468,0.4551405755606818,-0.3413054273951408,0.001553924519172257,-0.00801151517193208,-5.024343421693372,0,0.4701029755852916
52.569919999990695,-2.138460523664202,0.5808320540796322,1.3617088386187817,-0.009705021357338717,-0.01811743463450172,-0.03593816767300135,-1.9730676839343457,0.7841109403250633,1.4815222863027793,0.015618811806887309,0.04813665367247659,-0.14864448023971927,-2.1992609063756703,0.7878161547226634,1.4568380527176257,-0.040117689141596385,0.037461477818993304,-0.11814386605707132,0.09000117304571391,0.09000117304571391,0.0,0.1579016722165395,0.4554608838901356,-0.3411434722947364,0.0015116900782186447,-0.008050177213527111,-5.02446129525241,0,0.47013065416743527
52.574079999990694,-2.1385006788158485,0.5807560597069782,1.3615593944837785,-0.009637236395172392,-0.018238649436960904,-0.035866592400777976,-2.0223429221074003,0.1939772674317652,1.3078811474175864,0.015798901601326736,-0.10434851704560581,-0.18271768071890648,-2.1107682362446574,0.49067676675505895,1.3819779404147876,-0.011960424050337664,-0.03403690335159973,-0.15015262552702077,0.09000117304571391,0.09000117304571391,0.0,0.15780604018433855,0.455779696376696,-0.3409818997944376,0.0014697541412004213,-0.008088500982930055,-5.0245777460560435,0,0.47015886405643237
52.57823999999069,-2.1385405533936166,0.5806795644154746,1.3614102480294152,-0.009569898664381767,-0.018358869960851034,-0.03579514904715855,-2.0954207316691678,0.6850684350848254,1.5237648197595277,0.08204233326808676,-0.22112031246329863,-0.15298276603811556,-2.1029222918427064,0.5874155076258413,1.452553622696913,0.034342987599131784,-0.12827359538930913,-0.15130313008686477,0.09000117304571391,0.09000117304571391,0.0,0.157711023474437,0.4560970180381567,-0.34082069181588226,0.001428115038932633,-0.008126488087037009,-5.0246927816126155,0,0.47018760171055446
52.58239999999069,-2.138580149246646,0.5806025723289054,1.3612613986894166,-0.009503004726975964,-0.01847810077659482,-0.03572384159964416,-1.8473844873948249,0.10419543254280111,1.5902275933790875,0.03530338748040704,-0.033566380295010446,0.07869955138514552,-1.9750791188790178,0.34573463419525435,1.5215561640478765,0.03527867192068502,-0.08206204153765002,-0.03674919481604545,0.09000117304571391,0.09000117304571391,0.0,0.15761661704917554,0.45641285390628406,-0.3406598306849892,0.0013867711073343157,-0.00816414013031888,-5.02480640942839,0,0.4702168635955336
52.58655999999069,-2.138619468209853,0.5805250875520229,1.3611128458813562,-0.00943655116972421,-0.01859634645179345,-0.0356526739344905,-2.454764074976123,0.6329036161981944,1.2449152792862999,-0.12878997317495655,-0.0799762814802688,0.04363377685947046,-2.215191527471344,0.48915564513144244,1.3833239310563026,-0.04737285643410455,-0.08143224355439851,0.003731326386080421,0.09000117304571391,0.09000117304571391,0.0,0.1575228159055645,0.45672720902611136,-0.34049929912438026,0.0013457206874942307,-0.00820145871476911,-5.024918637006852,0,0.4702466461847549
52.59071999999069,-2.138658512104037,0.5804471141705604,1.3609645890071116,-0.009370534604110813,-0.01871361155100106,-0.03558164981870382,-1.909601866792665,0.3092011054155998,0.9429261955902983,0.08265527702338085,-0.10338686390873598,0.002374017424052653,-2.062222179153479,0.3989629678942224,1.1631270863096443,0.01741216179991773,-0.09283778556162951,0.00297256644870469,0.09000117304571391,0.09000117304571391,0.0,0.15742961507709724,0.4570400884556594,-0.3403390802477013,0.0013049621257346777,-0.008238445439857116,-5.025029471848035,0,0.47027694595944686
52.59487999999069,-2.1386972827359796,0.580368656251246,1.3608166274533113,-0.00930495166626509,-0.01882990063545999,-0.035510772912041313,-2.179294475255482,0.2827041491339306,1.3514904725801846,0.04110261279845308,-0.16173627801346213,-0.19420021483712618,-2.120674810854633,0.34049720537616096,1.2569052611816338,0.029812044762208972,-0.12769957240205052,-0.09516578956062019,0.09000117304571391,0.09000117304571391,0.0,0.15733700963150177,0.4573514972652822,-0.34017915755199407,0.0012644937736719568,-0.008275101902475449,-5.025138921447847,0,0.47030775940886443
52.59903999999069,-2.13873578189855,0.5802897178418174,1.3606689605917741,-0.00923979901690876,-0.018945218262880495,-0.03544004676894755,-2.2054656507895865,0.6220781496447735,1.5866179909020948,0.14868307389466603,-0.003097961276611789,0.07554204120899921,-2.1627613424187575,0.4812828468920924,1.4219219161004815,0.08913163902046987,-0.06523493312932753,-0.01023518889694558,0.09000117304571391,0.09000117304571391,0.0,0.1572449946727669,0.45766144053733193,-0.34001951491260973,0.0012243139882756326,-0.008311429696893233,-5.025246993297419,0,0.4703390830304711
52.603199999990686,-2.1387740113708054,0.5802103029710374,1.3605215877799388,-0.009175073341284683,-0.01905956898720479,-0.035369474840480745,-2.3250458891886945,0.8351584920902401,1.5338907105741164,0.024366164239278797,0.2810296274437584,0.1309923449535621,-2.2438544262044826,0.6588072556191783,1.4781788770083786,0.05692409393958328,0.10807885130286345,0.06069655520731602,0.09000117304571391,0.09000117304571391,0.0,0.15715356533974872,0.4579699233655028,-0.33986013657510483,0.0011844211319245396,-0.008347430414708487,-5.025353694882464,0,0.4703709133301136
52.607359999990685,-2.138811972918093,0.5801304156487108,1.360374508361288,-0.009110771349085386,-0.019172957358367812,-0.03529906047620805,-2.139071086730074,0.2926508291086718,1.9974600978761936,-0.1911177615515857,-0.20526495426792246,-0.08533863017124298,-2.1918602512711103,0.4752982890767279,1.7376443731190152,-0.06674021928850736,-0.04797388515121942,-0.011712511442816957,0.09000117304571391,0.09000117304571391,0.0,0.15706271680648598,0.45827695085444065,-0.33970100715031953,0.0011448135724612283,-0.00838310564479914,-5.025459033682654,0,0.4704032468221947
52.61151999999068,-2.138849668292153,0.580050059865702,1.3602277216657628,-0.00904688977438749,-0.019285387922098943,-0.03522880692605007,-2.129368438286316,0.9211492202854181,1.49105823900815,-0.16468700189700164,0.03225467470897356,-0.014712488671567145,-2.1609572220997806,0.6982950673999725,1.614320145537876,-0.11533688808221244,-0.008395631107821069,-0.01377320768792161,0.09000117304571391,0.09000117304571391,0.0,0.15697244428251564,0.4585825281192984,-0.33954211160772374,0.0011054896832441404,-0.008418456973281387,-5.025563017170995,0,0.4704360800298406
52.61567999999068,-2.138887099231218,0.5799692395939534,1.3600812270101705,-0.00898342537556634,-0.019396865219678212,-0.03515871734213076,-2.079880342834386,0.3561237964446743,1.1148476826724274,0.037579616744262974,0.19006330939802352,-0.019807351628347333,-2.1203406230184707,0.5276023111668257,1.3645396270358028,-0.0386131920746218,0.09084641612912349,-0.016985448776797363,0.09000117304571391,0.09000117304571391,0.0,0.1568827430123332,0.45888666028518366,-0.3393834352687385,0.0010664478431975772,-0.008453485983461732,-5.025665652813237,0,0.4704694094850649
52.61983999999068,-2.1389242674601148,0.5798879587865046,1.3599350236985848,-0.008920374935219537,-0.019507393787730642,-0.03508879478057168,-2.8336003358416644,0.6988454264563336,1.514360581557287,-0.07965538130650936,0.11264627091752205,0.061838928340074345,-2.477140879984508,0.6134603031671234,1.4395804111077246,-0.059262133234331535,0.10129530789959222,0.02211623401163897,0.09000117304571391,0.09000117304571391,0.0,0.1567936082759214,0.45918935248697956,-0.33922496380174616,0.001027686436859824,-0.008488194255793512,-5.025766948067274,0,0.4705032317289288
52.62399999999068,-2.138961174690365,0.5798062213775129,1.3597891110227378,-0.00885773526007629,-0.01961697815799507,-0.03501904220328323,-1.9396842633537343,0.34416310955917895,1.4023809653212334,0.1406257174377507,0.04848018146200392,-0.20625350321932737,-2.2081161802244433,0.47891222984110554,1.4205521320364,0.04060495330770577,0.07413596177630376,-0.09239320737063107,0.09000117304571391,0.09000117304571391,0.0,0.1567050353875682,0.45949060986847,-0.3390666832153676,0.0009892038544291033,-0.008522583367829826,-5.0258669103825735,0,0.47053754331169645
52.62815999999068,-2.1389978226202855,0.5797240312822748,1.3596434882624058,-0.008795503180920766,-0.01972562285713977,-0.03494946247969465,-2.029972491842072,0.30385681886804294,1.427612285653601,-0.06669299193133849,-0.005034172242470346,-0.13934557651073612,-2.1191832446009315,0.39137291289759313,1.4237916718582453,-0.012346841861082751,0.03451536736408949,-0.11550496726807924,0.09000117304571391,0.09000117304571391,0.0,0.15661701969746347,0.4597904375822121,-0.33890857985257183,0.0009509984918081202,-0.008556654894184248,-5.025965547199607,0,0.4705723407929875
52.63231999999068,-2.1390342129350874,0.5796413923972475,1.3594981546857872,-0.008733675552493433,-0.019833332406540394,-0.03488005838848596,-1.7356322326109626,0.44378472155210535,1.7522358688558355,-0.11313745865816009,-0.11220502713236415,-0.1436382068671529,-1.927638548875925,0.41734396714871697,1.5877161592210849,-0.06361489162442291,-0.03795375983010877,-0.12901868420636292,0.09000117304571391,0.09000117304571391,0.0,0.1565295565898757,0.4600888407889265,-0.33875064038561986,0.0009130687506459317,-0.008590410406486785,-5.0260628659492985,0,0.4706076207419248
52.63647999999068,-2.1390703473069768,0.5795583086000722,1.3593531095498734,-0.008672249253403149,-0.019940111322082735,-0.03481083261928096,-2.1140781765741044,0.5108648705692072,1.6310524535178708,0.16778885815276168,-0.26863467000717306,-0.15478822605081322,-2.0205104064672743,0.46354616317331215,1.6090628020857085,0.051944789368348725,-0.15320357587445954,-0.14197271785984522,0.09000117304571391,0.09000117304571391,0.0,0.15644264148453355,0.46038582465731487,-0.3385928518094906,0.0008754130383788767,-0.0086238514733427,-5.026158874052482,0,0.4706433797372797
52.640639999990675,-2.139106227395252,0.5794747837495974,1.3592083521008138,-0.008611221186026639,-0.020045964113955896,-0.03474178777431891,-2.5330793968913388,0.6884814241536152,1.3152551167493478,-0.020954865504917965,-0.0643085447705502,-0.1616021228401192,-2.276843254205165,0.5758817947333951,1.461820894110715,0.016067169456979873,-0.10885166039893573,-0.15184305684141466,0.09000117304571391,0.09000117304571391,0.0,0.15635626983522938,0.46068139436328875,-0.33843520143742406,0.0008380297682690908,-0.00865697966028997,-5.026253578919371,0,0.4706796143676122
52.644799999990674,-2.139141854846404,0.5793908216859037,1.3590638815742717,-0.008550588276417128,-0.020150895286470998,-0.03467292637008971,-2.3127125436892695,0.7751745078910806,0.629710579172018,-0.04388688847082782,0.1042456268549858,-0.09485551897430028,-2.29487159177134,0.6757464450891032,1.0455637423194402,-0.012868193586329985,-0.0023509653129053947,-0.12389391370723515,0.09000117304571391,0.09000117304571391,0.0,0.15627043713098637,0.4609755550898917,-0.33827767689387744,0.0008009173594418868,-0.008689796529761394,-5.02634698794904,0,0.4707163212314089
52.64895999999067,-2.1391772312942128,0.5793064262303294,1.358919697195776,-0.008490347474194358,-0.020254909337846086,-0.034604250838963166,-2.1589959712186664,0.5139931099471601,1.2206313665963835,0.007247486616979949,0.009471781033700236,-0.11334726832707663,-2.2269171533668017,0.5948885178673518,1.1328624648947132,-0.0031014795425382304,0.0034773381239628447,-0.11835412323531191,0.09000117304571391,0.09000117304571391,0.0,0.15618513889466107,0.46126831202657975,-0.3381202661106681,0.000764074236920963,-0.00872230364104122,-5.026439108528918,0,0.4707534969372158
52.65311999999067,-2.139212358359848,0.5792216011854958,1.3587757981810644,-0.008430495752453488,-0.020358010760047895,-0.0345357635307614,-2.0967568766116202,0.7986100458706606,1.3744673057569037,-0.03186409804512076,0.013362560305945202,0.04826609905091233,-2.161902479664149,0.6967787704093736,1.2537665733857033,-0.017433310098436555,0.008289843799599515,-0.03486491280386478,0.09000117304571391,0.09000117304571391,0.0,0.15610037068453764,0.46155967036908896,-0.33796295732053167,0.0007274988316624935,-0.00875450255023091,-5.02652994803429,0,0.47079113810376977
52.65727999999067,-2.139247237651963,0.5791363503353352,1.3586321837364213,-0.00837103010764421,-0.02046020403856795,-0.03446746671435099,-1.901240579774935,1.3385936508247709,1.2978782909227022,0.19436101535262892,-0.020663145981044115,0.0236610187202715,-2.0311678053293365,1.0176464702110426,1.2758725183932962,0.08958740450568597,-0.005582426940882974,-0.0058765660699174735,0.09000117304571391,0.09000117304571391,0.0,0.1560161280918605,0.46184963531882123,-0.3378057390523699,0.000691189580586911,-0.008786394810204951,-5.026619513827813,0,0.47082924136012383
52.66143999999067,-2.139281870766794,0.5790506774451174,1.358488853059008,-0.008311947559478365,-0.020561493652272392,-0.034399362579162186,-2.3827595468605436,0.6132800656789702,1.4442111072736226,0.007362323114378023,-0.1460120845793439,-0.17868611849825453,-2.2069505297643075,0.8151589378661789,1.3596716615337079,0.048339157702767754,-0.07684628282751403,-0.09243024829996749,0.09000117304571391,0.09000117304571391,0.0,0.1559324067432823,0.4621382120826564,-0.33764860012583797,0.0006551449266102806,-0.00881798197057733,-5.026707813259041,0,0.4708678033457718
52.66559999999067,-2.1393162592882558,0.5789645862614791,1.3583458053371884,-0.008253245150807139,-0.020661884073194983,-0.03433145323672572,-2.09278269446982,0.6843455482588275,1.5326171395665589,-0.002854763282204093,-0.1575329999197796,-0.09865113999880902,-2.149871656278024,0.7494235206860369,1.4459407488177884,0.022699901425688694,-0.11711573888867827,-0.09569877219790114,0.09000117304571391,0.09000117304571391,0.0,0.15584920229861005,0.4624254058723369,-0.33749152964655443,0.0006193633186730488,-0.008849265577660456,-5.026794853663956,0,0.47090682071076734
52.66975999999067,-2.139350404788037,0.5788780805124525,1.358203039750846,-0.008194919947519945,-0.020761379766383196,-0.03426374072215156,-2.519062245258889,0.7721935408836187,1.8958842508780163,-0.08872252575495361,0.03373654019819753,-0.10292004286449512,-2.334653363298052,0.7608792998390571,1.6707024464190496,-0.033346128510457734,-0.04191019575775521,-0.09972669265376548,0.09000117304571391,0.09000117304571391,0.0,0.1557665104521833,0.4627112219041713,-0.33733451700022254,0.0005838432117681823,-0.008880247174431623,-5.0268806423645245,0,0.47094629011584116
52.673919999990666,-2.139384308825697,0.5787911639074954,1.3580605554716976,-0.008136969038422918,-0.02085998518970645,-0.03419622699561002,-2.6799978300961214,0.8313800640488377,1.789724012829102,-0.024042186200010397,0.10885010931286598,-0.09367878549926903,-2.5073787137253993,0.7963554730093274,1.7300189486015858,-0.028361321877210133,0.03399275125735823,-0.09657583523721865,0.09000117304571391,0.09000117304571391,0.0,0.15568432693147377,0.46299566539879156,-0.33717755184929965,0.0005485830669673428,-0.008910928300494579,-5.026965186668242,0,0.4709862082325143
52.678079999990665,-2.13941797294876,0.5787038401375216,1.3579183516635984,-0.008079389535131643,-0.020957704793702618,-0.034128913943770406,-3.083369576945217,0.4360982324589222,1.755441810781734,0.036974651291136446,-0.14037135214670202,-0.13794270934291467,-2.7953001031893647,0.6159333509836786,1.7424438074375188,0.0037416177870787503,-0.053652955859073745,-0.11733676624833435,0.09000117304571391,0.09000117304571391,0.0,0.1556026474982493,0.4632787415806416,-0.3370206241262276,0.000513581351446252,-0.008941310492046644,-5.027048493867709,0,0.47102657174320867
52.682239999990664,-2.13945139869281,0.5786161128749325,1.3577764274828432,-0.008022178571943818,-0.021054543021384164,-0.03406180338124075,-2.040216235115327,0.6986981977767162,0.8624982449410725,0.14065176195539777,0.023285532602488498,-0.09610809475604144,-2.4174615608756826,0.6573659279766675,1.302264564852839,0.07277790830408816,-0.01573737661442815,-0.10653054515339964,0.09000117304571391,0.09000117304571391,0.0,0.15552146794760052,0.4635604556775189,-0.3368637240300643,0.00047883653850821844,-0.008971395281839527,-5.0271305712402,0,0.47106737734135395
52.68639999999066,-2.1394845875815838,0.5785279857736487,1.35763478207846,-0.007965333305730545,-0.021150504308104102,-0.03399489705195011,-2.0093534836585802,0.9735029967123054,1.550404780704147,0.07695348323969457,0.023706618889697672,0.06292441808665472,-2.213244315514896,0.8154853287279067,1.426467186729738,0.07472597776952572,0.004296977655124797,-0.0217642055512364,0.09000117304571391,0.09000117304571391,0.0,0.15544078410739295,0.4638408129204898,-0.33670684202074824,0.00044434710760640365,-0.009001184199149342,-5.027211426047255,0,0.4711086217314917
52.69055999999066,-2.1395175411270664,0.578439462469143,1.3574934145924995,-0.007908850915811196,-0.02124559308136758,-0.03392819663054503,-2.0390893779224033,0.5992000190214708,1.8591454958892826,-0.05494559524041635,0.12290812251770636,0.15515578367613272,-2.1262796546419604,0.7075964800672834,1.6431318273208213,0.00977411147743545,0.06375155489887604,0.06681004470497119,0.09000117304571391,0.09000117304571391,0.0,0.15536059183985762,0.4641198185432154,-0.3365499688154819,0.00041011154436558847,-0.009030678769739672,-5.027291065534273,0,0.47115030162937677
52.69471999999066,-2.139550260829582,0.5783505465784735,1.3573523241603171,-0.007852728603830225,-0.02133981376068387,-0.03386170372374226,-2.5755780247154774,0.8108607145087066,1.5087258268956032,0.02657713762167916,0.07051483846625237,-0.0718763960949014,-2.350876622921564,0.7593751414467342,1.5757779111218824,0.018135580447115347,0.06754014994039108,-0.002296061658700433,0.09000117304571391,0.09000117304571391,0.0,0.15528088703911955,0.4643974777818656,-0.3363930953825325,0.000376128340601385,-0.009059880515828837,-5.027369496930119,0,0.4711924137620745
52.69887999999066,-2.139582748177889,0.5782612417003177,1.357211509910852,-0.0077969635936393986,-0.02143317075740928,-0.033795419871660966,-2.3772792598359183,0.5551787537487536,1.567453428715443,-0.1651327296293288,-0.0885154468103073,-0.24014757511978843,-2.3644221389484086,0.6570913148959616,1.5711156379651372,-0.07322645110909168,-0.010432325324366483,-0.12097880743726008,0.09000117304571391,0.09000117304571391,0.0,0.15520166563300003,0.4646737958746045,-0.33623621293907957,0.00034239599433961564,-0.009088790956057639,-5.027446727446735,0,0.471234954868057
52.70303999999066,-2.1396150046492686,0.5781715514150069,1.357070970966897,-0.0077415531311698,-0.02152566847459178,-0.03372934654914482,-1.7441579243935381,0.6627308862339706,1.4101027319344284,0.019121665035241143,-0.14869098459161326,-0.049782329266335135,-2.0542472989251146,0.6596012131741238,1.4905051202600488,-0.026394722118719183,-0.07923837171014673,-0.08567737324073195,0.09000117304571391,0.09000117304571391,0.0,0.1551229235818269,0.46494877806134227,-0.3360793129441274,0.0003089130098335843,-0.009117411605456907,-5.0275227642787685,0,0.47127792169729454
52.70719999999066,-2.13964703170962,0.5780814792845618,1.3569307064453677,-0.007686494484305596,-0.021617311306812582,-0.03366348516705602,-1.518939681851399,0.45488834353154994,1.1099522628609129,-0.1431860368535265,-0.039490712088268015,-0.11073430363169068,-1.7868877816362052,0.5571597033984292,1.2999941681982083,-0.08467987829822682,-0.058644411957003394,-0.09746551442361695,0.09000117304571391,0.09000117304571391,0.0,0.15504465687852617,0.46522242958327276,-0.3359223870963184,0.000275677897580637,-0.009145743975414282,-5.027597614603203,0,0.4713213110113455
52.711359999990655,-2.139678830813548,0.5779910288527282,1.3567907154575614,-0.007631784942761872,-0.021708103640052344,-0.03359783707354236,-2.5854691459603587,0.4929805450778323,1.5287259115708378,0.05848881953541324,-0.017224320144515907,-0.05575901385444419,-2.1860603909060323,0.52503425135239,1.414245609247805,-0.014069208683096352,-0.03813045340279748,-0.07658893972186707,0.09000117304571391,0.09000117304571391,0.0,0.1549668615482856,0.4654947556826242,-0.3357654273280967,0.0002426891743374832,-0.009173789573645357,-5.027671285579001,0,0.47136511958344207
52.715519999990654,-2.1397104034044565,0.5779002036450135,1.3566509971094143,-0.007577421817954762,-0.02179804985153428,-0.03353240355529585,-1.8531641910034806,-0.06164341709692456,1.1102974285515732,-0.16488502681073716,0.17942763653864394,0.09889920179310782,-2.019952377935946,0.2320648928561957,1.2624742075384514,-0.08972694526422482,0.0704535208934719,0.011572783890637798,0.09000117304571391,0.09000117304571391,0.0,0.15488953364885916,0.4657657616024629,-0.3356084258022068,0.00020994536313469658,-0.009201549904161985,-5.027743784346754,0,0.4714093441985752
52.71967999999065,-2.1397417509146353,0.5778090071687235,1.3565115505017526,-0.007523402442871931,-0.021887154309581332,-0.03346718583878591,-1.5480037064142915,0.5036435878228714,0.6815246434534026,-0.06684768506379181,0.023493145146979776,-0.118155433033793,-1.7841145696266505,0.367905666051013,0.9717495694398451,-0.07790955862318948,0.04665884813715532,-0.05326811328582769,0.09000117304571391,0.09000117304571391,0.0,0.1548126692698023,0.46603545258606854,-0.3354513749075362,0.00017744499328983967,-0.009229026467241663,-5.027815118028341,0,0.47145398165357516
52.72383999999065,-2.1397728747653515,0.5777174429130006,1.3563723747305383,-0.00746972417194617,-0.021975421373481217,-0.03340218509146977,-2.147334799845208,0.9547407566111255,0.8799874873009056,0.0773493889905402,-0.1826820043943763,-0.22610798075493535,-1.9655673259555502,0.6609469286316847,0.9253984498856321,0.00018315712312476666,-0.06779696134265713,-0.14009129439254608,0.09000117304571391,0.09000117304571391,0.0,0.15473626453277528,0.4663038338768435,-0.3352942672547289,0.00014518660041984183,-0.009256220759398966,-5.027885293726601,0,0.4714990287571899
52.72799999999065,-2.139803776366939,0.5776255143488617,1.3562334688871092,-0.007416384380923925,-0.022062855393346133,-0.03333740242298748,-2.4997824775090582,0.8394141419233573,1.4731701852647474,-0.010201366751531424,0.09602331086580268,-0.08054683768466153,-2.2327000453904726,0.7503814263370091,1.199120662681428,-0.004918548177484799,0.014142819529982089,-0.1103455520039777,0.09000117304571391,0.09000117304571391,0.0,0.15466031559163265,0.46657091071795403,-0.3351370956717826,0.00011316872645221896,-0.009283134273356513,-5.027954318525002,0,0.47154448233016155
52.73215999999065,-2.1398344571188836,0.5775332249292369,1.356094832058416,-0.0073633804667269775,-0.022149460709958307,-0.03327283888634822,-2.2256320453708573,0.9436737989259125,1.3071277353425166,0.09073183497961866,-0.13120463010795638,-0.21131306846027662,-2.2289791058603723,0.8467568902936666,1.2526860138349294,0.04378022137769424,-0.05891921510057805,-0.1611036949605768,0.09000117304571391,0.09000117304571391,0.0,0.15458481863080162,0.4668366883519182,-0.3349798532011292,8.13899196351153e-05,-0.00930976849801238,-5.028022199487334,0,0.4715903392052988
52.73631999999065,-2.139864918409914,0.5774405780890091,1.3559564633272534,-0.007310709847335848,-0.02223524165467345,-0.0332084954790628,-2.4685737147535267,0.28718155281974245,1.4247574280396456,-0.09628972222702821,0.06037300896612855,0.06141125465185825,-2.3489790477060737,0.567091064368043,1.338851182451596,-0.02591832740022409,0.0006306301637273228,-0.05011233366514866,0.09000117304571391,0.09000117304571391,0.0,0.15450976986686563,0.46710117202051293,-0.33482253309456245,4.984873454714727e-05,-0.009336124918417937,-5.028088943657394,0,0.4716365962275486
52.74047999999065,-2.1398951616180875,0.5773475772450538,1.3558183617724855,-0.007258369961645824,-0.02232020254926101,-0.03314437314429912,-2.17063652588198,0.8411476265026081,0.9296571697682684,-0.16859928764174348,0.015993103562354387,-0.3698233954434494,-2.2601577126250194,0.7041540172376017,1.1334834408268055,-0.09701302355195124,0.008556637264373206,-0.210596509518688,0.09000117304571391,0.09000117304571391,0.0,0.154435165547584,0.4673643669642004,-0.33466512880986055,1.85437321056806e-05,-0.009362205015746984,-5.028154558058692,0,0.47168325025406377
52.744639999990646,-2.1399251881108765,0.5772542257962797,1.3556805264692688,-0.0072063582693369195,-0.022404347705785033,-0.03308047277199483,-2.3455503483935796,0.40821584798738314,0.9238377612080202,-0.07555806939680887,-0.002394993189798994,-0.08093182139585578,-2.303012584701932,0.5561780019475779,1.0284903977334754,-0.08590317551377231,0.0030230171825840957,-0.14557990728496584,0.09000117304571391,0.09000117304571391,0.0,0.15436100195176503,0.4676262784220341,-0.33450763400718253,-1.2526520425707606e-05,-0.009388010267268949,-5.028219049694159,0,0.47173029815426926
52.748799999990645,-2.1399549992452545,0.5771605271236694,1.355542956489269,-0.007154672250738336,-0.022487681426471093,-0.033016795199963755,-2.4248293060225206,0.5420739595025346,1.5372023990831067,0.038744795341725105,0.05988526538696361,0.14773455325310747,-2.3638405851137096,0.5492511246380715,1.2831572408454246,-0.02388750366878488,0.03112209203476624,0.0010589567736233316,0.09000117304571391,0.09000117304571391,0.0,0.1542872753884967,0.4678869116312978,-0.33435004254480827,-4.3363449430503147e-05,-0.009413542146320945,-5.02828242554586,0,0.4717777368099251
52.752959999990644,-2.1399845963677824,0.5770664845903211,1.3554056509008732,-0.007103309406701133,-0.022570208003596753,-0.03295334121496746,-2.083931989932498,0.3425812282692948,1.6413761723663043,-0.20542269878156139,-0.006773392324637695,-0.11255496203540594,-2.2243121498488962,0.44590070558632267,1.4620337433987212,-0.11438010660669501,0.01214611599690242,-0.05508737303237404,0.09000117304571391,0.09000117304571391,0.0,0.15421398219851534,0.4681462718271435,-0.33419234847593404,-7.396847493298622e-05,-0.009438802122284068,-5.028344692574721,0,0.47182556311518786
52.75711999999064,-2.1400139808146927,0.5769721015414904,1.355268608769399,-0.007052267258458153,-0.02265193171936529,-0.03289011155378513,-2.6427976624429688,0.6293788150751711,1.570410205754859,-0.03340343407334235,0.0427214890073811,-0.06167025972462809,-2.4336262441721503,0.5377299810931667,1.516095538972668,-0.07441072257980846,0.027394617928078457,-0.0588969197549977,0.09000117304571391,0.09000117304571391,0.0,0.15414111875236738,0.46840436424249665,-0.3340345460446001,-0.00010434301059374509,-0.009463791660557636,-5.028405857720261,0,0.4718737739766695
52.76127999999064,-2.1400431539119738,0.576877381304633,1.355131829157298,-0.007001543347489296,-0.02273285684577649,-0.032827106904267406,-1.9596246544914417,0.2758295346727599,1.2495761629336537,0.02414656722419315,-0.1299234807120702,-0.09067547182550928,-2.1965723599775213,0.40650779378703267,1.3826458450325565,-0.02492122748498686,-0.05130514419482403,-0.07500601440824359,0.09000117304571391,0.09000117304571391,0.0,0.15406868145092087,0.4686611941075859,-0.33387662968245924,-0.0001344884637050337,-0.009488512222532032,-5.028465927900331,0,0.4719223663134932
52.76543999999064,-2.1400721169754546,0.5767823271894474,1.354995311124355,-0.0069511352353900735,-0.022812987644523226,-0.032764327906358436,-2.4936945422657035,0.7293472513808561,1.1983604950166806,-0.11673212419498495,0.05989070015835767,-0.13336880267112555,-2.3453781847348454,0.5680537969032838,1.2902239729609013,-0.0708904816044724,0.004552843833161565,-0.10394118644404478,0.09000117304571391,0.09000117304571391,0.0,0.1539966667258778,0.4689167666497406,-0.33371859400467774,-0.00016440623518719792,-0.009512965265565745,-5.028524910010857,0,0.4719713370573482
52.76959999999064,-2.140100871310887,0.5766869424879189,1.3548590537278835,-0.00690104050372981,-0.022892328366865507,-0.03270177515311613,-1.8519670875890244,0.3699237328992143,1.2135539718609427,-0.009365986162780589,-0.030992694832535223,-0.010421252148728175,-2.098688961445926,0.46892357695008063,1.2518655668511762,-0.03998938963611802,-0.013536140512980358,-0.05661348697770674,0.09000117304571391,0.09000117304571391,0.0,0.15392507103793365,0.4691710870931336,-0.33356043380731965,-0.00019409771958640393,-0.009537152242959406,-5.028582810925596,0,0.47202068315254125
52.77375999999064,-2.1401294182140282,0.5765912304743624,1.354723056022918,-0.006851256753924026,-0.022970883253532155,-0.032639449191701246,-2.068625484952698,0.5691417733434874,1.9028955800290657,0.06755192223885591,-0.17708137695802278,-0.0936607794635401,-2.083516427691877,0.5186657814218396,1.5771901428813477,0.01373634715166191,-0.09564887628869213,-0.07505088645063217,0.09000117304571391,0.09000117304571391,0.0,0.1538538908781425,0.469424160658524,-0.3334021440634375,-0.00022356430507216476,-0.0095610746039343,-5.028639637495896,0,0.47207040155604707
52.77791999999064,-2.1401577589707244,0.5764951944054683,1.3545873170623999,-0.006801781607091405,-0.023048656534595525,-0.03257735052436878,-2.216587809954402,0.2721715548811583,1.715457761327902,-0.023320480427428337,0.14236946717854695,-0.02757949562779306,-2.150101011366733,0.3957131191521458,1.6462689424396169,-0.005051531569965608,0.02332030466420928,-0.05198532216244497,0.09000117304571391,0.09000117304571391,0.0,0.1537831227669312,0.46967599256289216,-0.3332437199197903,-0.0002528073734362363,-0.009584733793606814,-5.028695396550464,0,0.4721204892375555
52.782079999990636,-2.1401858948569905,0.5763988375203458,1.3544518358973605,-0.006752612703922682,-0.023125652429377985,-0.032515479609422825,-1.8783236563570958,0.57106427276897,0.8356040276720711,-0.038503754759990995,0.02985890517697039,-0.1892634178303785,-2.014290264371708,0.483452098802268,1.2405362429299245,-0.021897837676203732,0.026555445748230003,-0.12017941321032027,0.09000117304571391,0.09000117304571391,0.0,0.153712763254181,0.46992658801928855,-0.3330851566926933,-0.0002818283000920377,-0.009608131252967497,-5.028750094895139,0,0.47217094317951713
52.786239999990634,-2.140213827139093,0.5763021630405695,1.3543166115771015,-0.006703747704540377,-0.023201875146333872,-0.032453836862170675,-1.9107358772488254,1.3374846262598779,1.635468601475228,0.012410971603096593,-0.07913251333615454,-0.14177513815227935,-1.9624877219326973,0.910309501412626,1.4377096364829844,-0.0041733344971142785,-0.026164506460422735,-0.1306580154550342,0.09000117304571391,0.09000117304571391,0.0,0.15364280891909546,0.4701759522365212,-0.3329264498668518,-0.00031062845407475075,-0.009631268418856975,-5.028803739312673,0,0.4722217603771872
52.79039999999063,-2.1402415570736277,0.5762051741702238,1.3541816431493687,-0.006655184288365741,-0.023277328882959355,-0.03239242265585192,-2.0111785050152564,1.0605507826866858,1.1664886896497437,0.0763205986372392,0.014887036060152962,-0.03310020883534567,-1.9866750789161078,0.9854635560686349,1.302028609692636,0.03624607977388827,-0.00631362389945791,-0.08197765743625973,0.09000117304571391,0.09000117304571391,0.0,0.15357325636921176,0.47042409041905725,-0.33276759508969167,-0.00033920919804227885,-0.009654146723945906,-5.028856336562519,0,0.47227293783866686
52.79455999999063,-2.140269085907603,0.5761078740959501,1.3540469296605246,-0.006606920153981774,-0.02335201782567897,-0.03233123732255935,-2.7056073115696204,-0.20154632240186499,1.1159833721969044,0.03490049206625969,-0.09695549196948261,0.06388178756641455,-2.346073660860979,0.39174944487205066,1.2091365490205759,0.03558631002832534,-0.05201281463420229,-0.008570500533735448,0.09000117304571391,0.09000117304571391,0.0,0.15350410224176364,0.4706710077663889,-0.332608588169954,-0.00036757188827610135,-0.009676767596712068,-5.028907893380625,0,0.47232447258494237
52.79871999999063,-2.1402964148785153,0.5760102659869928,1.3539124701557157,-0.006558953018994978,-0.023425946149754018,-0.032270281154139165,-1.9216424473570137,0.015122747983940643,1.6220889865767252,0.007046879700717401,-0.09944201039891484,-0.052919077648220986,-2.133842495932867,0.20322607736844642,1.4155048568535966,0.022313312407320877,-0.07546129568934606,-0.03039073162247653,0.09000117304571391,0.09000117304571391,0.0,0.1534353432018375,0.47091670947325454,-0.33244942507392794,-0.00039571787468386653,-0.009699132461419931,-5.028958416479233,0,0.47237636164992336
52.80287999999063,-2.1403235452144314,0.5759123529952462,1.3537782636790363,-0.006511280619901786,-0.023499118019183467,-0.03220955440307873,-1.7815409332911054,0.7467967456764716,0.9740638180996095,-0.014716630286253286,-0.16018403674559845,0.10268689159945196,-1.9577194018495288,0.4746803539740154,1.1949957080933669,0.0035806314514963806,-0.1170079744967466,0.035719384908590564,0.09000117304571391,0.09000117304571391,0.0,0.1533669759433059,0.47116120072905743,-0.3322901019223127,-0.00042364850080164223,-0.009721242738100162,-5.029007912546686,0,0.47242860208047777
52.80703999999063,-2.1403504781340645,0.575814138255302,1.353644309273689,-0.006463900711950847,-0.023571537586610083,-0.0321490572833781,-2.2406757527590737,0.046566577895522876,1.7094624721758387,0.16901206609926528,0.02058538779817485,-0.20812616232639508,-2.098848350743195,0.26066294505898385,1.4518005546864763,0.08644618614166878,-0.04805557327594828,-0.08655367190181701,0.09000117304571391,0.09000117304571391,0.0,0.15329899718847917,0.47140448671787216,-0.3321306149870684,-0.00045136510379731006,-0.009743099842529641,-5.029056388247244,0,0.4724811909364663
52.81119999999063,-2.140377214846852,0.5757156248844969,1.3535106059821413,-0.006416811069003569,-0.023643208993219013,-0.03208878997141238,-2.3132220341535987,0.6969639391306959,1.4068545907366785,-0.0072183186310133055,-0.04120092743161369,-0.06997275124947883,-2.206052082086877,0.4787289862148895,1.4291821029633494,0.039800563105380236,-0.043757334299566256,-0.07844989811357947,0.09000117304571391,0.09000117304571391,0.0,0.1532314036869003,0.47164657261797,-0.33197096068911225,-0.00047886901447454085,-0.009764705186210035,-5.0291038502208965,0,0.4725341252907735
52.815359999990626,-2.1404037565530327,0.5756168159829608,1.35337715284628,-0.006370009483405626,-0.023714136368661903,-0.0320287526067666,-1.6209806557472106,0.3998982198917611,1.038694896269925,0.10960494538420118,-0.062416820894090314,-0.08128649009220773,-1.9132846877553187,0.4391834756905916,1.233767272131612,0.07488483477952892,-0.05320581646113205,-0.08014616603216643,0.09000117304571391,0.09000117304571391,0.0,0.15316419221691857,0.4718874636017168,-0.3318111355951487,-0.0005061615572767592,-0.009786060176350992,-5.029150305083194,0,0.47258740222933854
52.819519999990625,-2.1404301044437237,0.5755177146336651,1.3532439489075587,-0.00632349376584499,-0.02378432383096168,-0.03196894529307011,-2.2629076376529023,0.7031610670298312,1.1288069923288495,0.07001945421142095,-0.11106365977027449,-0.011933190116082393,-2.0879523852338715,0.5709428566719066,1.1812604878349162,0.07217091321494212,-0.0820095336221397,-0.045520291245140086,0.09000117304571391,0.09000117304571391,0.0,0.15309735958362905,0.4721271648354185,-0.3316511364138469,-0.0005332440502926032,-0.009807166215850968,-5.029195759425072,0,0.47264101885118287
52.823679999990624,-2.1404562597009953,0.5754183239024716,1.353110993207147,-0.00627726174521932,-0.023853775486423194,-0.03190936809881,-2.392320915036365,0.9478241655722144,1.2121080011558667,-0.025287157680089982,0.017510473442004792,-0.006718096674510423,-2.2401911231926657,0.7594231371455097,1.1966709003281153,0.023326313723259395,-0.03252878650144016,-0.026320466303783627,0.09000117304571391,0.09000117304571391,0.0,0.15303090262001698,0.47236568147900515,-0.3314909599947885,-0.0005601178052609299,-0.009828024703278405,-5.029240219812693,0,0.4726949722684376
52.82783999999062,-2.1404822234979473,0.5753186468381818,1.3529782847860714,-0.0062313112684989885,-0.023922495429549936,-0.0318500210581357,-2.2215628641976624,1.1913192142129736,1.3839882302319586,-0.02384118718418867,0.1961381192076423,0.009758524236819784,-2.2309257229807926,0.9757816054133238,1.290349188298568,-0.0006051118567712366,0.08205643283679483,-0.0073287316143773925,0.09000117304571391,0.09000117304571391,0.0,0.15296481818639274,0.47260301868576815,-0.33133060332398334,-0.0005867841275769383,-0.009848637032853767,-5.029283692787287,0,0.4727492596063674
52.83199999999062,-2.140507996998783,0.5752186864725861,1.3528458226853561,-0.006185640200590088,-0.02399048774295687,-0.03179090417164698,-2.174582812602007,0.4630162479144773,1.8605158528505343,0.06957663085821059,0.07766900849926953,-0.030829335258000034,-2.202608523869493,0.7195565153357909,1.5753717871367214,0.034177236757505704,0.08004213084795245,-0.018789483275597707,0.09000117304571391,0.09000117304571391,0.0,0.15289910316982555,0.4728391816022576,-0.3311700635221557,-0.000613244316298794,-0.009869004594431116,-5.029326184864995,0,0.4728038780033942
52.83615999999062,-2.1405335813588837,0.5751184458205141,1.3527136059461595,-0.0061402464242030766,-0.024057756497297474,-0.03173201740716406,-2.3118873546388614,0.6620465824200951,1.358644784862124,0.06318497588382353,-0.04271854504149476,-0.03341785370886865,-2.2571170056076992,0.6907142549060543,1.4669368294200273,0.048546821182296584,0.017726349492346073,-0.02589507205617949,0.09000117304571391,0.09000117304571391,0.0,0.15283375448421757,0.4730741753679651,-0.33100933784173725,-0.0006394996641545037,-0.009889128773482334,-5.029367702536728,0,0.4728588246111183
52.84031999999062,-2.1405589777248824,0.5750179278798841,1.3525816336099075,-0.006095127839717572,-0.02412430575118311,-0.031673360700490163,-2.0806520708603666,0.6168878097832722,1.083998013445852,-0.19462848986295803,0.15081697158978233,0.04919999323808322,-2.1692885744298605,0.6541146010516287,1.2755665347372511,-0.07280917860110167,0.08407542706019307,0.011908096187534398,0.09000117304571391,0.09000117304571391,0.0,0.1527687690703781,0.47330800511527427,-0.33084842366427836,-0.0006655514575493193,-0.009909010951080797,-5.029408252268023,0,0.47291409659433853
52.84447999999062,-2.1405841872347366,0.5749171356317546,1.3524499047184235,-0.006050282365044972,-0.024190139551098982,-0.03161493395616469,-2.158604329389729,1.2468359313351791,1.5619422627039572,0.15475215270496806,-0.1996710217320597,0.04427951475152156,-2.1636240352497618,0.9500632583258879,1.4188473420749292,0.04073481475486182,-0.0573730854047062,0.028649821708277692,0.09000117304571391,0.09000117304571391,0.0,0.15270414389545584,0.47354067596898247,-0.3306873184976362,-0.0006914009765737932,-0.009928652503883821,-5.0294478404989045,0,0.47296969113107024
52.84863999999062,-2.140609211017801,0.5748160720403741,1.352318418314056,-0.0060057079354966635,-0.024255261931335127,-0.0315567370481943,-1.7944963897760386,0.34981910494371105,1.680364451446424,0.1643970153414813,0.18737366378397755,-0.06356844373463015,-1.9787165975046426,0.6503270803213989,1.5494748336678599,0.10299506569670397,0.06480810240105249,-0.017130026180287417,0.09000117304571391,0.09000117304571391,0.0,0.15263987595258394,0.4737721930464107,-0.3305260199733666,-0.0007170494950121985,-0.009948054804117545,-5.029486473643758,0,0.4730256054125618
52.852799999990616,-2.1406340501948997,0.5747147400532328,1.3521871734398028,-0.005961402503651994,-0.024319676913914623,-0.03149876982077356,-1.8236723757593913,0.7134188566470121,1.9066772009202237,0.04465028386499022,-0.09266304649005527,-0.04172878108967796,-1.9010994052330665,0.6816814883691126,1.7279910227749038,0.0732853755084872,-0.01430920118798086,-0.02909153765060166,0.09000117304571391,0.09000117304571391,0.0,0.15257596226159362,0.4740025614570321,-0.3303645258451775,-0.0007424982803511716,-0.00996721921956229,-5.029524158091202,0,0.47308183664331016
52.856959999990615,-2.1406587058783964,0.574613142601114,1.352056169139432,-0.005917364039216807,-0.024383388508503172,-0.03144103208901213,-2.546072419589455,0.3056787725012854,1.7415624384555002,-0.15984203575135425,0.06886723702238057,-0.035961368231247307,-2.223920784213392,0.4938210201505887,1.7347000174857972,-0.04427709892830785,0.027139570156274082,-0.03155977227791701,0.09000117304571391,0.09000117304571391,0.0,0.15251239986716209,0.4742317863021532,-0.3302028339848061,-0.0007677485937892687,-0.009986147113533905,-5.029560900203964,0,0.4731383820410736
52.86111999999061,-2.140683179172267,0.5745112825981458,1.3519254044576003,-0.005873590528904714,-0.024446400712373122,-0.03138352363960631,-2.3949619554841424,1.1533215115713573,1.07729933948429,0.10030610329736689,0.006951723628056291,-0.014628232496133004,-2.3092339785067315,0.8235896718573129,1.4059662654604543,0.028027164255423415,0.017368249767705218,-0.023870881273215953,0.09000117304571391,0.09000117304571391,0.0,0.15244918584080722,0.4744598726750227,-0.33004094238088133,-0.0007928016902462215,-0.010004839844874661,-5.0295967063187685,0,0.4731952388368849
52.86527999999061,-2.1407074711721683,0.5744091629418528,1.351794878439969,-0.0058300799762921575,-0.024508717510309724,-0.03132624423154493,-2.2454363732297487,1.0235320645777142,1.2598665560855258,-0.07534998239903107,0.09607362212746004,0.08791202210383739,-2.2774923494994006,0.9237622494751567,1.3330982311911572,-0.023224788619109628,0.05664289585682683,0.03201904221214868,0.09000117304571391,0.09000117304571391,0.0,0.1523863172786075,0.4746868256605128,-0.329878849135853,-0.0008176588183735998,-0.010023298767936185,-5.029631582746226,0,0.47325240427506116
52.86943999999061,-2.1407315829655085,0.5743067865132089,1.3516645901333157,-0.005786830401690431,-0.02457034287454503,-0.03126919359678282,-2.4015138635519255,0.4007010342950337,1.4740369188017883,0.03525421198194061,-0.03031341533514772,0.17815694221758815,-2.339431312435787,0.6621658511938924,1.40393818778252,0.006331114048617829,0.012727720672827217,0.10552807199334586,0.09000117304571391,0.09000117304571391,0.0,0.1523237913021261,0.474912650334853,-0.3297165524641962,-0.0008423212205648239,-0.010041525232564515,-5.029665535770722,0,0.473309875613213
52.87359999999061,-2.140755515631517,0.5742041561766893,1.3515345385856454,-0.005743839842018346,-0.024631280764711296,-0.031212371440892756,-1.7866227210276755,1.0171016312711187,1.1934726223874457,-0.03860097832786884,-0.1655111411158859,-0.008684708186593976,-2.0631022788301614,0.8392918367797626,1.298687040295751,-0.016689127477389102,-0.07631791334498882,0.047865506170603936,0.09000117304571391,0.09000117304571391,0.0,0.15226160505869507,0.47513735176541766,-0.32955405068932303,-0.000866790132966151,-0.010059520584089843,-5.0296985716503215,0,0.4733676501222532
52.87775999999061,-2.1407792702413113,0.5741012747803237,1.3514047228462966,-0.005701106350662261,-0.024691535127757548,-0.031155777443729812,-2.106915818631501,0.7738013481632957,0.9392051036548441,0.15349816638567404,-0.041288984745074406,-0.08281008187421578,-2.0846891795296445,0.8064600013036421,1.1187696145955084,0.0679589192865621,-0.058684032561856274,-0.016646814602327552,0.09000117304571391,0.09000117304571391,0.0,0.15219975571934646,0.4753609350108331,-0.3293913422419843,-0.0008910667854883718,-0.010077286163310625,-5.029730696616668,0,0.47342572508640196
52.88191999999061,-2.140802847857967,0.5739981451557491,1.3512751419660465,-0.005658627997353334,-0.02475110989789784,-0.031099411260065442,-1.9446044278110348,0.12352604768284148,1.49051498073047,0.02263211950678091,-0.16932399037851983,0.007015458054620866,-2.014597225876411,0.46463572267362263,1.3046588798725045,0.044565910592354374,-0.11383631857186896,-0.004523390089282935,0.09000117304571391,0.09000117304571391,0.0,0.152138240480804,0.47558340512049796,-0.32922842565759286,-0.0009151524018177757,-0.010094823306481822,-5.029761916874892,0,0.47348409780319284
52.886079999990606,-2.1408262495365835,0.5738947701182635,1.3511457949972123,-0.005616402868032773,-0.024810008996550156,-0.031043272520217227,-2.3572314796494287,0.7881663200163432,1.432236226485936,-0.056924722333541594,-0.14172460816857063,-0.09336648660815083,-2.1860359397681592,0.6261079992190761,1.368253813872683,-0.005794174329003564,-0.12753683321286324,-0.048731313625068794,0.09000117304571391,0.09000117304571391,0.0,0.1520770565638416,0.4758047671344225,-0.3290652995741811,-0.0009390481994285863,-0.010112133345302511,-5.029792238603522,0,0.473542765583476
52.890239999990605,-2.140849476324353,0.573791152466879,1.3510166809937512,-0.005574429064724864,-0.024868236332281534,-0.030987360830665143,-1.9535938705432867,0.241243802368593,1.119859669510711,-0.031500680079186084,-0.12472431734104403,0.020846039467139383,-2.069878931072276,0.43341457839206815,1.244097291932709,-0.018582345748110147,-0.1265123621060142,-0.013432218377479469,0.09000117304571391,0.09000117304571391,0.0,0.15201620121356418,0.47602502608338915,-0.3289019627301367,-0.0009627553895952141,-0.010129217606904708,-5.029821667954401,0,0.47360172575142095
52.894399999990604,-2.1408725292606254,0.5736872949843759,1.3508877990113568,-0.005532704705407385,-0.024925795800749325,-0.030931675774659516,-1.9775825657078652,0.6605845228088754,1.468591011964569,0.04743266141619456,0.029867763419934395,-0.036792323386241915,-2.0236306102716326,0.547063918679739,1.3562683791619359,0.01402004924246541,-0.04864695769276819,-0.024718068001690387,0.09000117304571391,0.09000117304571391,0.0,0.15195567169926044,0.47624418698825777,-0.32873841396257275,-0.0009862751774048573,-0.010146077413841721,-5.029850211052609,0,0.4736609756445172
52.8985599999906,-2.140895409376975,0.5735832004373566,1.3507591481075534,-0.005491227923881908,-0.02498269128464432,-0.030876216912821774,-1.979223598362218,0.5320133220261516,1.47236386992347,0.1301694477794846,0.08120638033623369,0.13438690965888703,-2.001156034476577,0.5397077507423433,1.414595733543169,0.07208229577768661,0.016113303281229018,0.05517247957549387,0.09000117304571391,0.09000117304571391,0.0,0.15189546531425574,0.4764622548603924,-0.3285746522039786,-0.001009608761770542,-0.01016271408407648,-5.029877873996384,0,0.47372051261357495
52.9027199999906,-2.1409181176972654,0.5734788715762997,1.350630727341788,-0.005449996869646201,-0.02503892665363944,-0.03082098378372512,-1.8262512124416397,-0.1118334745022519,1.2964045968680642,-0.020657204013761782,-0.12439028376885608,-0.03388516611257089,-1.9137454236234082,0.2136748247168795,1.3554285315300554,0.025746212811595306,-0.05459779511423264,0.01080633727047214,0.09000117304571391,0.09000117304571391,0.0,0.15183557937533637,0.4766792347010194,-0.3284106764816436,-0.0010327573354445255,-0.010179128930970865,-5.029904662857053,0,0.473780334022723
52.9068799999906,-2.1409406552377144,0.573374311135615,1.3505025357755194,-0.005409009707769906,-0.025094505764345434,-0.030765975904468622,-2.1601978713628864,0.3051076361160588,1.7140074989224847,-0.03210183366558002,0.026727592516301867,0.04595695570895812,-2.037040033201241,0.2594485388120385,1.5348163062558242,-0.003226865750378447,-0.014457677509544114,0.028286716692578144,0.09000117304571391,0.09000117304571391,0.0,0.1517760112228144,0.4768951315012803,-0.32824648591450845,-0.0010557220850318475,-0.010195323263276945,-5.029930583678967,0,0.47384043724940655
52.9110399999906,-2.140963023006959,0.5732695218336973,1.3503745724723057,-0.0053682646187643325,-0.025149432460248405,-0.030711192771249687,-2.200581472646118,0.7274556122344303,1.8039372603648978,0.03441308481191352,0.009722856070778507,0.09992022419454315,-2.1187419831106324,0.49347615211092427,1.669585663481877,0.016390825394502498,-0.002647101859149463,0.06449998023006329,0.09000117304571391,0.09000117304571391,0.0,0.15171675822080635,0.47710995024212344,-0.32808207971150427,-0.0010785041910040954,-0.010211298385125168,-5.0299556424794325,0,0.4739008196843836
52.9151999999906,-2.1409852220061194,0.573164506372982,1.3502468364978895,-0.005327759798455756,-0.02520371057166629,-0.030656633859915624,-2.1412932937906457,0.48488673966506524,1.28114939582066,-0.09961981567887031,-0.07431529128157266,0.04914119895866144,-2.130225019915855,0.4890271049286418,1.4754662632205093,-0.04159873095085142,-0.038617393703084486,0.057187305413285365,0.09000117304571391,0.09000117304571391,0.0,0.15165781775622894,0.4773236958939821,-0.32791745717031506,-0.0011011048277139602,-0.010227055596014726,-5.029979845248657,0,0.4739614787317198
52.9193599999906,-2.1410072532288607,0.5730592674399999,1.350119326920279,-0.005287493457861602,-0.025257343915702606,-0.030602298626511877,-2.504568629709303,-0.10877360786481083,1.2972735160093884,-0.046776151394891725,-0.017706915880882596,-0.18742393348603922,-2.31749587854786,0.1900867374638536,1.3859791446054772,-0.04460003496043631,-0.028645245785806562,-0.06526528896437102,0.09000117304571391,0.09000117304571391,0.0,0.15159918723907595,0.47753637341677313,-0.3277526176737786,-0.0011235251634096307,-0.010242596190804483,-5.03000319794969,0,0.4740224118087827
52.923519999990596,-2.1410291176614566,0.5729538077054324,1.3499920428098298,-0.0052474638230662575,-0.025310336296204897,-0.030548186507810958,-2.144233059052365,0.7641569771964295,1.5035369139533352,-0.030365543712877734,-0.11487918888054185,0.11645016590523999,-2.2309270308494367,0.47688681150167295,1.4450005169756508,-0.03718798201121884,-0.0717001967740381,0.02584424583109954,0.09000117304571391,0.09000117304571391,0.0,0.1515408641018399,0.47774798775973487,-0.3275875606899172,-0.0011457663602496282,-0.010257921459704946,-5.030025706518375,0,0.47408361634623447
52.927679999990595,-2.1410508162828528,0.5728481298241669,1.3498649832393221,-0.005207669135097128,-0.025362691503717963,-0.030494296921844567,-2.4013588498645753,0.5283376814209896,1.6571415386558128,0.0617959198365228,0.03802145177315473,0.01695713214256923,-2.31601635211403,0.5026935371412172,1.5511050215099162,0.012659646421712715,-0.017734567916693332,0.02272889852701247,0.09000117304571391,0.09000117304571391,0.0,0.15148284580021606,0.477958543861158,-0.3274222857683261,-0.0011678295743176568,-0.010273032688269595,-5.030047376863298,0,0.47414508978802383
52.93183999999059,-2.141072350064727,0.5727422364353526,1.349738147284037,-0.0051681076497967484,-0.025414413315435605,-0.030440629268421393,-2.343500840777806,0.6592014748748631,1.5894371156100704,-0.05148780394773592,0.0061399864718292355,-0.05810366421836681,-2.329866451752704,0.5809608325653014,1.5701499785870365,-0.0191359681955117,-0.005539359511503215,-0.017439737898044875,0.09000117304571391,0.09000117304571391,0.0,0.1514251298118824,0.4781680466484369,-0.32725679253954876,-0.0011897159556382526,-0.01028793115738524,-5.030068214865745,0,0.4742068295913767
52.93599999999059,-2.1410937199715505,0.5726361301624561,1.3496115340218302,-0.005128777637703976,-0.025465505495167576,-0.030387182929630698,-2.1331706117163503,0.4122365852322516,1.2911300644405062,-0.12965675033770074,0.0166043416745266,-0.0027116464755601415,-2.2317884401338794,0.4966317023354493,1.4306331311711888,-0.07361874041302549,0.005705360881954042,-0.010414298530415285,0.09000117304571391,0.09000117304571391,0.0,0.1513677136367741,0.4783765010378004,-0.32709108071273596,-0.001211426648192244,-0.010302618143265198,-5.030088226379662,0,0.4742688332267858
52.94015999999059,-2.1411149269606504,0.5725298136133173,1.3494851425332037,-0.005089677383930834,-0.025515971793297516,-0.030333957270342087,-1.5846479608420208,0.9551809458339913,0.9441509946276796,-0.05358406123018597,0.04182449346283893,0.10043382062943389,-1.9083255259983471,0.725998002518214,1.1875977786063556,-0.06341006921813731,0.023052893728838092,0.04489667408039311,0.09000117304571391,0.09000117304571391,0.0,0.1513105947971451,0.47858391193414884,-0.3269251500741535,-0.0012329627899325076,-0.010317094917441736,-5.030107417231615,0,0.4743310981779997
52.94431999999059,-2.1411359719822673,0.5724232893802059,1.3493589719013759,-0.005050805188037745,-0.02556581594673859,-0.03028095163870016,-2.2223514190267055,0.7109892627216718,0.6983688714408496,0.11584713191605757,-0.24986444888598483,-0.09215886256683885,-2.0651000218112623,0.7179735543895774,0.9427900726958893,0.02635639379424823,-0.11326212887098022,-0.024516102932287846,0.09000117304571391,0.09000117304571391,0.0,0.15125377083655955,0.4787902842310517,-0.32675900048504236,-0.0012543255128002197,-0.0103313627467575,-5.030125793220758,0,0.47439362194200974
52.94847999999059,-2.141156855979617,0.5723165600398771,1.3492330212123484,-0.005012159363920008,-0.025615041678913784,-0.030228165366592234,-2.0499481501956502,0.28254218493973304,0.9083232228992093,0.060596535078413435,-0.15608236582190171,0.06250254930143559,-2.0573971535396884,0.4999309627687436,0.92568533920658,0.04309565727473555,-0.13504783334472642,0.019502580213584513,0.09000117304571391,0.09000117304571391,0.0,0.15119723932080664,0.47899562281053076,-0.3265926318798993,-0.0012755159427408807,-0.010345422893361636,-5.030143360118803,0,0.4744564020290375
52.95263999999059,-2.141177579888949,0.5722096281536283,1.349107289554973,-0.004973738239681045,-0.025663652699706826,-0.03017559777012879,-2.1329763391462264,0.22834457749069498,1.5851375909360013,0.030696528635227448,0.09116494452404739,0.013004820484041339,-2.095122141313348,0.36432487313295625,1.255441959825116,0.03627852555950583,-0.021659240465891093,0.01681640861654627,0.09000117304571391,0.09000117304571391,0.0,0.15114099783710563,0.4791999325428974,-0.32642604426539473,-0.0012965351997210974,-0.010359276614701752,-5.030160123669991,0,0.47451943596252005
52.95679999999059,-2.1411981446396053,0.5721024962673557,1.348981776021014,-0.004935540157513024,-0.025711652705427808,-0.030123248150108774,-1.7907532577063126,0.7228124006495187,0.800288115881285,-0.03198982172015846,-0.08699446331072327,0.05264163844705318,-1.9430019565506218,0.5433909265902873,1.0279717619891409,0.0020760947126206315,-0.054672306650039505,0.03452670596323765,0.09000117304571391,0.09000117304571391,0.0,0.15108504399352315,0.4794032182868025,-0.32625923771800097,-0.0013173843977453696,-0.010372925163516886,-5.030176089591069,0,0.47458272127909473
52.960959999990585,-2.1412185511540787,0.5719951669116107,1.348856479705212,-0.0048975634735816,-0.02575904537878619,-0.03007111579246883,-2.4999989017937283,0.41752226920055124,1.0943802314674937,-0.13204689084482904,-0.09433353308671467,-0.1290188252901272,-2.2217797954296645,0.48025969017973447,1.0609090477443277,-0.06458493778497325,-0.07458888070737738,-0.047688410780529863,0.09000117304571391,0.09000117304571391,0.0,0.15102937542010061,0.4796054848888597,-0.32609221238289765,-0.0013380646448727476,-0.010386369787832507,-5.030191263571268,0,0.47464625552858347
52.965119999990584,-2.14123880034807,0.5718876426016571,1.3487313997053423,-0.00485980655790013,-0.025805834388846018,-0.030019199968740317,-2.1636320123793484,0.7468670930959544,0.7237435024351908,-0.030872433632131276,0.18411830145624816,0.06193464365514077,-2.1927682650072366,0.6139485885820883,0.8924523966231557,-0.048426024477595815,0.054569930665284705,0.007280264920021196,0.09000117304571391,0.09000117304571391,0.0,0.15097398976698864,0.47980673718369515,-0.3259249684720169,-0.0013585770432344379,-0.01039961173095236,-5.030205651272288,0,0.47471003627397507
52.96927999999058,-2.141258893130546,0.5717799258375279,1.3486065351222736,-0.0048222677942249435,-0.02585202339102723,-0.029967499936465424,-1.7433110366392761,0.3209311823317506,1.4967951994144877,-0.11146662607163005,0.10536050633469947,-0.06024686705284872,-1.968268249360457,0.46765598805178754,1.1945002287309074,-0.07999216829956483,0.08043982757863728,-0.025283407034011985,0.09000117304571391,0.09000117304571391,0.0,0.15091888470557274,0.4800069799938374,-0.32575750626229516,-0.0013789226890509308,-0.010412652231458671,-5.03021925832828,0,0.47477406109140763
52.97343999999058,-2.1412788304037957,0.5716720191040818,1.348481885060025,-0.0047849455799271485,-0.025897616027044608,-0.029916014939648194,-2.0363171167291267,0.8541715062347137,1.1070400399557119,0.023495866036871545,-0.1440586232945012,-0.02578504987096346,-2.002244801203395,0.6606168744106422,1.1507154409811342,-0.028008245606127007,-0.031824061838603646,-0.0253182005157471,0.09000117304571391,0.09000117304571391,0.0,0.15086405792767582,0.48020621812960695,-0.3255898260949907,-0.0013991026726495935,-0.010425492523203073,-5.030232090345838,0,0.47483832757014993
52.97759999999058,-2.141298613063487,0.5715639248710614,1.3483574486258203,-0.004747838325880908,-0.025942615924892626,-0.029864744209170586,-1.8899252603042311,0.4737995667454854,1.4380302469908788,-0.006083691696768308,0.018457755742154445,-0.10610988963658942,-1.9460973115764837,0.567244418683568,1.2941542129477692,-0.016848845604418777,-0.0062602343497651656,-0.06573963048981225,0.09000117304571391,0.09000117304571391,0.0,0.15080950714582825,0.48040445638873847,-0.32542192837285644,-0.0014191180784823615,-0.010438133835302515,-5.030244152903985,0,0.4749028333125814
52.98175999999058,-2.141318241998722,0.5714556455931497,1.3482332249301403,-0.004710944456347998,-0.02598702669882374,-0.02981368696320141,-2.4064515306722787,0.7738831899508741,1.2101443702450994,-0.04803407338543077,-0.1498027382032012,-0.2254190773271293,-2.176377443582288,0.6702537620142586,1.251679598384428,-0.032491557304763795,-0.07806898054196584,-0.14545362180262178,0.09000117304571391,0.09000117304571391,0.0,0.15075523009246927,0.48060169955675114,-0.32525381355965904,-0.0014389699851439655,-0.010450577392136055,-5.030255451554173,0,0.47496757593417166
52.98591999999058,-2.141337718092092,0.5713471837100275,1.3481092130867753,-0.004674262408862141,-0.026030851949314263,-0.029762842407609794,-1.5652417835663188,0.579524698957883,0.8892380905510042,-0.05875453024507978,0.0581853383901937,-0.07885372831134538,-1.8709263859894303,0.6250083140536385,1.070291742852846,-0.04617859809388522,-0.0093228705944363,-0.11189252611697494,0.09000117304571391,0.09000117304571391,0.0,0.15070122452000176,0.4807979524064103,-0.32508548217862576,-0.0014586594653897933,-0.010462824413339587,-5.030265991820275,0,0.4750325530634595
52.99007999999058,-2.141357042219734,0.5712385416464314,1.3479854122128738,-0.004637790634120252,-0.02607409526305717,-0.029712209736354356,-2.3242108613216605,0.9048546942783782,1.1243312092065785,0.05284184102714186,-0.14090668691434835,-0.156278576515816,-2.0974622145134796,0.7646397110336102,1.0969875659404449,0.003483238847254959,-0.07478441555047492,-0.1344513500251314,0.09000117304571391,0.09000117304571391,0.0,0.15064748820148932,0.4809932196978306,-0.3249169348102428,-0.001478187586154121,-0.010474876113804942,-5.030275779198588,0,0.4750977623420308
52.994239999990576,-2.1413762152513836,0.5711297218122109,1.347861821428991,-0.004601527595858925,-0.02611676021291522,-0.029661788131889147,-1.7964449200123442,0.2603015871881787,1.558857722179086,-0.10343319078731562,0.13289252615937172,0.006648289474790729,-1.9471669451403626,0.5127434600393429,1.3279395698801137,-0.049801660746637805,0.02907565475044717,-0.06384595479824232,0.09000117304571391,0.09000117304571391,0.0,0.15059401892900098,0.4811875061784181,-0.3247481720919744,-0.0014975554085689688,-0.010486733703672608,-5.030284819157834,0,0.47516320142449586
52.998399999990575,-2.1413952380504284,0.5710207266023862,1.3477384398591346,-0.004565471770749687,-0.026158850357915223,-0.02961157676553959,-2.238971944520957,0.7172925134664117,1.5971883044278887,-0.08425516053583461,0.18378261295968223,0.07841827368630679,-2.0932451881105902,0.6154009890619206,1.462730501820348,-0.06777001482151825,0.10675173573919951,0.006520758389117658,0.09000117304571391,0.09000117304571391,0.0,0.15054081451430606,0.4813808165825456,-0.3245791947154102,-0.0015167639879824276,-0.010498398388330103,-5.0302931171391645,0,0.4752288679784648
53.002559999990574,-2.141414111473963,0.5709115583972061,1.34761526663081,-0.00452962164828823,-0.02620036924323364,-0.029561574797872466,-2.289368538615002,0.42814015308312825,1.1440991850415072,-0.07233548405527676,-0.12557921816184295,0.014455555790842432,-2.1914572345743983,0.5215077616506701,1.3034405092818757,-0.07075297021484142,-0.00925560942283865,0.011531867778971161,0.09000117304571391,0.09000117304571391,0.0,0.15048787278871412,0.48157315563170905,-0.32441000342661613,-0.0015358143739774778,-0.010509871368411028,-5.03030067855617,0,0.4752947596845245
53.00671999999057,-2.1414328363728408,0.5708022195622054,1.3474923008750639,-0.004493975730678237,-0.026241320400161663,-0.029511781379080074,-1.7018343870106496,0.7343529038114299,2.0288089125798576,-0.05689881426963454,0.04436951300851856,0.013703699826400476,-1.9467605720468126,0.628022693437954,1.6661573540896353,-0.06390395027344574,0.018234371533271114,0.013067657471252086,0.09000117304571391,0.09000117304571391,0.0,0.15043519160248714,0.4817645280342554,-0.32424059902305885,-0.0015547076103909151,-0.010521153839790107,-5.030307508794888,0,0.4753608742362127
53.01087999999057,-2.141451413591727,0.5706927124482634,1.347369541726525,-0.004458532532727477,-0.0262817073461053,-0.029462195649327567,-2.0740607963874584,0.9135470230629655,1.6936906210008404,0.03135659680550784,-0.13574435185592376,0.024273409217708347,-2.0103455983606016,0.7705056680759735,1.6799743586427665,-0.016643203680859683,-0.05930106846394313,0.01881865987088202,0.09000117304571391,0.09000117304571391,0.0,0.1503827688255336,0.48195493848543214,-0.3240709823537331,-0.001573444735332349,-0.0105322469935835,-5.030313613213817,0,0.4754272093399928
53.01503999999057,-2.141469843969151,0.5705830393916611,1.3472469883234452,-0.004423290581729186,-0.026321533584546197,-0.029412816739126598,-1.1716269819329022,0.688421022135004,1.9560845074674442,0.035262321028594425,0.028677340494746545,0.03748600704693694,-1.5909052380579312,0.7295205578434495,1.8181091170105619,0.008422185981341953,-0.014422698814567113,0.02825592542777886,0.09000117304571391,0.09000117304571391,0.0,0.15033060234596463,0.4821443916671154,-0.32390115431671906,-0.0015920267812036947,-0.01054315201614327,-5.030318997143932,0,0.4754937627152268
53.01919999999057,-2.1414881283375564,0.57047320271414,1.3471246398077383,-0.004388248417362515,-0.026360802605047577,-0.029363643769667935,-2.6457458287997957,0.5984984860174525,1.4604201578653475,0.0016822764046216677,-0.006120313576984289,0.011372356891053453,-2.118329521214447,0.6639959121828583,1.6392850416356153,0.0051034576522623176,-0.010289901371353605,0.020174431212449266,0.09000117304571391,0.09000117304571391,0.0,0.15027869007100034,0.4823328922479124,-0.3237311158588728,-0.0016104547747182738,-0.010553870089058535,-5.030323665888702,0,0.47556053209414867
53.02335999999057,-2.1415062675233547,0.5703632047229599,1.3470024953250168,-0.004353404591581164,-0.02639951788323389,-0.02931467585316962,-1.6713618286120093,0.6002325284561054,1.7066789069264203,-0.1322006247347976,-0.01607573007280371,-0.08302559827182722,-1.8951190838931022,0.632080606856853,1.6728097119903158,-0.06278816229930119,-0.013312161671862785,-0.031398279274836335,0.09000117304571391,0.09000117304571391,0.0,0.15022702992638057,0.4825204448828893,-0.3235608679735889,-0.0016287297369204255,-0.010564402389154147,-5.030327624724106,0,0.4756275152218363
53.02751999999057,-2.1415242623469735,0.5702530477109566,1.3468805540246285,-0.004318757668503594,-0.026437682880768386,-0.029265912093217033,-2.180167424623119,0.09651852822961782,0.9647548466535476,0.12764757746958255,0.021581047358311824,-0.13625545397007147,-2.0373800075584834,0.36434087149607025,1.3184954506662494,0.03254346432562229,0.004053549393765656,-0.08455743760216387,0.09000117304571391,0.09000117304571391,0.0,0.15017561985598785,0.4827070542136738,-0.32339041170048205,-0.0016468526832051065,-0.010574750088487697,-5.030330878898662,0,0.47569470985618295
53.031679999990565,-2.1415421136229082,0.570142733956601,1.3467588150596905,-0.004284306224311733,-0.026475301045355032,-0.029217351585084077,-2.542083653938969,0.37286096219007014,1.4798646550552133,-0.059055787433685454,0.12355446296917777,-0.07522767222601706,-2.28985804437934,0.3688578850856633,1.3990228227885735,-0.01332355326265008,0.06383533737750607,-0.07898538721651145,0.09000117304571391,0.09000117304571391,0.0,0.15012445782232564,0.48289272486823653,-0.32321974812335513,-0.0016648246233375156,-0.01058491435435072,-5.030333433633445,0,0.4757621137678685
53.035839999990564,-2.1415598221597714,0.5700322657240563,1.3466372775871236,-0.004250048847138997,-0.02651237581071149,-0.029168993416065245,-1.8310388530042503,0.6560815060353563,1.1556487114126153,-0.07172211745261461,-0.01726570918510314,-0.16612115472743633,-2.060593712568278,0.5124364290980382,1.2769875434495914,-0.042858309544043294,0.02298425525526579,-0.12206999370286528,0.09000117304571391,0.09000117304571391,0.0,0.1500735418054996,0.4830774614608862,-0.32304887837008733,-0.0016826465614730832,-0.010594896349265725,-5.03033529412212,0,0.47582972474032953
53.03999999999056,-2.141577388760342,0.5699216452632372,1.3465159407676828,-0.004215984136974445,-0.026548910596583954,-0.029120836665778065,-2.3795448473856395,0.07198107441409235,1.5685401664873884,-0.2897042437943806,-0.0554509547245912,-0.07011635487051096,-2.2206750684484997,0.2920912137210962,1.4226188809484581,-0.1657941536643433,-0.01665166813160586,-0.0955319098137823,0.09000117304571391,0.09000117304571391,0.0,0.15002286980390817,0.48326126859210455,-0.3228778036099519,-0.00170031949617732,-0.010604697230989984,-5.030336465530964,0,0.4758975405697291
53.04415999999056,-2.141594814221615,0.5698108748098676,1.346394803765989,-0.0041821107055482155,-0.02658490880870807,-0.02907288040649057,-1.8686070066579343,0.9127258200151778,1.7357394184001445,-0.1265437656634064,-0.17175268791700665,0.08637192997760283,-2.044901074216249,0.6020563066437331,1.5793604885510726,-0.14651146885045638,-0.09452282142879312,-0.004349634147220385,0.09000117304571391,0.09000117304571391,0.0,0.14997243983365113,0.4834441508485949,-0.3227065250539236,-0.0017178444204459303,-0.01061431815251115,-5.0303369529989,0,0.47596555906492594
53.04831999999056,-2.1416120993348495,0.5696999565855392,1.346273865750558,-0.004148427176233976,-0.026620373838820467,-0.029025123703414785,-1.629593986775551,0.23583644465309211,1.5161892115963749,-0.07054727025422595,0.07035281576638666,-0.09323521685380418,-1.837390388873719,0.41908947046149253,1.5475813024150622,-0.10900150122841898,-0.011771287418711146,-0.049181466057829554,0.09000117304571391,0.09000117304571391,0.0,0.14992224992836437,0.48362611280311685,-0.32253504395263105,-0.0017352223217251056,-0.010623760262049399,-5.030336761637532,0,0.47603377804744323
53.05247999999056,-2.141629244885616,0.5695888927977698,1.3461531258938289,-0.004114932183944259,-0.026655309064644504,-0.02897756561500884,-2.1062810579344498,0.44363548045849166,1.396619337017059,-0.07845701717792307,-0.3014354137077491,-0.05515621853922393,-1.9719995079617352,0.43073577143768493,1.471984029189116,-0.09434924043885506,-0.15663342900554528,-0.051922827182818335,0.09000117304571391,0.09000117304571391,0.0,0.14987229813862643,0.48380715901442833,-0.32236336159580115,-0.001752454181931781,-0.010633024703057325,-5.0303358965311755,0,0.4761021953514359
53.05663999999056,-2.141646251653845,0.569477685640062,1.3460325833721902,-0.004081624375033711,-0.02668971784989498,-0.02893020519326332,-2.679418810987381,1.0418196922090974,1.5743472434439667,-0.08002858413385802,-0.16365173038433564,-0.11487558381045397,-2.3258795043540585,0.7359419464727605,1.5229286137028546,-0.08770067175987904,-0.16030053450857462,-0.0839716875498201,0.09000117304571391,0.09000117304571391,0.0,0.1498225825332893,0.48398729402717305,-0.3221914793102031,-0.0017695409774736743,-0.01064211261422274,-5.030334362736898,0,0.4761708088236588
53.06079999999056,-2.141663120413875,0.569366337291961,1.3459122373660068,-0.0040485024071876905,-0.02672360354425279,-0.028883041483998808,-2.0048989100492425,0.6687845441931466,1.4896234304546465,0.052861938264501,-0.10245503592009626,-0.012928727121673356,-2.1652784270310925,0.7021487083636131,1.5062495571720442,-0.01674692836359099,-0.13091817867966424,-0.04877187627722721,0.09000117304571391,0.09000117304571391,0.0,0.14977310119760265,0.4841665223719831,-0.32201939846015476,-0.0017864836792702708,-0.01065102512946617,-5.030332165284558,0,0.47623961632343353
53.064959999990556,-2.1416798519344975,0.5692548499191136,1.3457920870596438,-0.004015564949329331,-0.026756969483375973,-0.02883607352714004,-2.124980576155123,1.2044894557816244,1.6113979196254897,0.15111254449177808,-0.06438234563454154,-0.10723776197272299,-2.1448148128943174,0.9531879906284887,1.5586017782288508,0.06712541511854092,-0.09732122161733191,-0.07817200554905995,0.09000117304571391,0.09000117304571391,0.0,0.14972385223368745,0.4843448485652063,-0.3218471204452473,-0.001803283252773137,-0.010659763377943653,-5.030329309176842,0,0.47630861572261457
53.069119999990555,-2.1416964469790036,0.5691432256733265,1.3456721316414897,-0.003982810681520846,-0.026789818988898834,-0.028789300356988467,-1.2628772687194947,0.46913914830188574,1.2554665786086516,0.1802974980807825,0.025336165514893257,0.09969065968339715,-1.7034648751868078,0.7112131231286177,1.40723754260831,0.12371348203825974,-0.03611688476445818,0.011646292407971878,0.09000117304571391,0.09000117304571391,0.0,0.1496748337607965,0.48452227710890144,-0.32167464669934676,-0.0018199406579864027,-0.010668328484049479,-5.030325799389312,0,0.4763778049055551
53.073279999990554,-2.1417129063052323,0.5690314666926247,1.3455523703039793,-0.003950238294862116,-0.02682215536842608,-0.028742721002493386,-2.002093329323238,0.7642750931890546,1.723790290144737,-0.018851497580290637,-0.11855889823547226,-0.027647855281594715,-1.8528217301700345,0.7374966704207061,1.5654590301189195,0.05307852311032384,-0.07675081157108238,-0.008193199968926587,0.09000117304571391,0.09000117304571391,0.0,0.14962604391514758,0.48469881249094016,-0.3215019786904487,-0.0018364568494876358,-0.010676721567417651,-5.030321640870443,0,0.4764471817690734
53.07743999999055,-2.141729230665613,0.5689195751013101,1.3454328022436146,-0.003917846491387238,-0.02685398191551783,-0.028696334487527515,-1.6263129188063306,0.8545797057890427,1.8401957675162364,0.11016931721971425,-0.07233554653068622,-0.11472850949555746,-1.7393368046715076,0.7958874173780409,1.7025908280681925,0.08172323750649944,-0.07399810405279805,-0.06152075085311446,0.09000117304571391,0.09000117304571391,0.0,0.1495774808486865,0.48487445918457406,-0.3213291179186059,-0.001852832776448877,-0.01068494374292075,-5.030316838541679,0,0.4765167442224165
53.08159999999055,-2.141745420807213,0.5688075530100196,1.345313426660985,-0.0038856339839782924,-0.02688530190971684,-0.028650139831125947,-1.8972973103945943,0.48796678849335745,1.1885858249963421,-0.09236459569432241,0.014327044313922423,-0.09472341203655515,-1.8185090066417275,0.6419554579003194,1.4453870876622197,-0.0059211106263651085,-0.030182480236352074,-0.07782174743663364,0.09000117304571391,0.09000117304571391,0.0,0.1495291427302006,0.4850492216488576,-0.3211560659159898,-0.0018690693826572016,-0.010692996120676502,-5.030311397297472,0,0.4765864901872255
53.08575999999055,-2.1417614774717806,0.5686954025157841,1.345194242760786,-0.003853599496260197,-0.02691611861652682,-0.02860413604775643,-2.182878811430106,0.588274911027204,0.898972332966836,0.07875011943813837,-0.16293766574154203,-0.0447231692636612,-2.00053232588925,0.614776337781836,1.1720841936390622,0.03624807140514481,-0.09676052520426137,-0.061913967348691853,0.09000117304571391,0.09000117304571391,0.0,0.14948102774472322,0.48522310432821536,-0.3209828242448106,-0.001885167606535739,-0.010700879806047602,-5.030305322005335,0,0.4766564175974994
53.08991999999055,-2.141777401395791,0.5685831257020865,1.3450752497518377,-0.0038217417625065124,-0.026946435287420516,-0.02855832214756132,-1.8370357903105659,1.018877479734352,1.2941287199168112,-0.02665405218089515,0.03624381912437618,-0.03366561450575879,-1.918838307540951,0.8169037380404026,1.2330362694555517,0.004778845622712771,-0.029601145211574344,-0.04730218816310457,0.09000117304571391,0.09000117304571391,0.0,0.1494331340931507,0.4853961116525441,-0.32080939449758744,-0.001901128381164804,-0.01070859589964442,-5.030298617505894,0,0.47672652439955876
53.09407999999055,-2.1417931933104892,0.5684707246389205,1.3449564468471018,-0.003790059527544554,-0.026976255159840343,-0.028512697136604752,-1.9298732840172688,0.43000768379309084,1.5204043064703598,-0.04308283640185865,-0.17953291240835378,-0.11256340341192742,-1.9244454181509683,0.6230785562797739,1.376489264354461,-0.019180615477561638,-0.10406500630519012,-0.08045472323321938,0.09000117304571391,0.09000117304571391,0.0,0.14938545999228625,0.48556824803704696,-0.320635778295276,-0.0019169526343028672,-0.010716145497327575,-5.03029128861294,0,0.4767968085520087
53.09823999999055,-2.1418088539419338,0.5683582013828488,1.3448378332636972,-0.0037585515466653377,-0.027005581457216904,-0.02846726001709967,-2.321184983316611,0.6921875320987991,1.4143545300780864,-0.04842775216420403,0.01114793620023733,0.12722248758010474,-2.1229184138502233,0.657655504583125,1.3956868751787614,-0.033942417761420624,-0.04588381627563392,0.023325427717901297,0.09000117304571391,0.09000117304571391,0.0,0.14933800367488387,0.48573951788238917,-0.32046197728667636,-0.0019326412884077624,-0.010723529690214048,-5.030283340113483,0,0.4768672680257019
53.102399999990546,-2.14182438401104,0.5682455579770614,1.3447194082229152,-0.003727216585521724,-0.027034417388947518,-0.028422009787658117,-1.9135329415432225,1.3726140044797046,1.538714828601364,-0.04021638386074006,-0.0943655660097326,-0.10575485431214209,-2.0183084377992935,1.0149431772121005,1.4669809494390884,-0.03680186057384864,-0.06997608673949082,-0.04075626032609125,0.09000117304571391,0.09000117304571391,0.0,0.14929076338905065,0.48590992557453283,-0.32028799314762424,-0.0019481952606578714,-0.010730749564676637,-5.030274776767809,0,0.4769379008037008
53.106559999990544,-2.1418397842336234,0.5681327964514348,1.344601170950234,-0.0036960534200398115,-0.027062766150412032,-0.028376945443512852,-2.552458513395934,0.9341821710763532,1.1992310618446969,-0.1673048797751793,-0.07746327486872542,-0.10354724975171639,-2.285735840513031,0.9744008351547607,1.3328890172222116,-0.10173827960664135,-0.07364586983026455,-0.07227295755531422,0.09000117304571391,0.09000117304571391,0.0,0.14924373739871713,0.4860794754844643,-0.3201138275801797,-0.0019636154629732267,-0.01073780620234788,-5.030265603309536,0,0.47700870488123953
53.11071999999054,-2.1418550553204416,0.568019918822589,1.344483120675331,-0.003665060836329103,-0.027090630922992496,-0.028332065976733097,-1.6141292875461288,0.7222934657664767,1.1179218868498437,0.05507053521546876,0.029280873290972436,0.041746080880976935,-1.949813378643401,0.8484075757244913,1.2254896640134094,-0.023315401637968906,-0.022807450101786107,-0.014734876632045112,0.09000117304571391,0.09000117304571391,0.0,0.14919692398303905,0.48624817196867065,-0.31993948231159874,-0.0019789028020371475,-0.010744700680126801,-5.030255824445673,0,0.477079678265686
53.11487999999054,-2.141870197977236,0.5679069270939471,1.3443652566320956,-0.003634237630584818,-0.02711801487405597,-0.028287370376458648,-2.1241433289716483,0.307505359478221,1.3759672045846945,0.07335748492865961,-0.11433542782470063,-0.1412087251502789,-2.03682486958877,0.5777138299863515,1.300435821551779,0.023994202459946934,-0.06806632965990751,-0.07798502135995099,0.09000117304571391,0.09000117304571391,0.0,0.14915032143601167,0.4864160193684932,-0.3197649590930876,-0.0019940581793174627,-0.010751434070179443,-5.030245444856682,0,0.4771508189765019
53.11903999999054,-2.141885212904773,0.567793823255793,1.344247578058641,-0.0036035826090049915,-0.02714492115698453,-0.028242857629098308,-2.128377030606162,0.39004815841569085,1.6602753223594702,-0.023540352525094982,-0.12604521421182122,-0.23504980615994767,-2.082649055841333,0.48361797675130325,1.4798699183348663,-0.0004903947288387113,-0.09727618725346741,-0.15685604812117937,0.09000117304571391,0.09000117304571391,0.0,0.14910392806693887,0.48658302201060366,-0.31959025970026655,-0.00200908249108777,-0.010758007439946104,-5.030234469196539,0,0.47722212504520495
53.12319999999054,-2.1419001007988885,0.5676806092853298,1.3441300841973136,-0.003573094587694024,-0.027171352911164667,-0.028198526718555404,-1.830207640609558,0.18692843496603073,1.071466555309296,0.15883637396953712,-0.08907558017842661,0.20086127202343282,-1.9560975446324504,0.33508532912871253,1.2760824328233384,0.07980610503502288,-0.09292347106645438,0.022331598609363616,0.09000117304571391,0.09000117304571391,0.0,0.1490577422004754,0.4867491842065717,-0.31941538593106467,-0.0020239766284488514,-0.010764421852143293,-5.030222902092794,0,0.47729359451532877
53.12735999999054,-2.141914862350524,0.5675672871467381,1.3440127742947034,-0.003542772392574955,-0.027197313262008117,-0.028154376626424043,-1.9207047288386287,0.6981557016471648,1.4724943776206825,-0.038742579743267246,0.14058276540052103,-0.09187448354043028,-1.9384826623849125,0.5169145819847053,1.3740975648993474,0.021111483718625538,0.024238824283960746,-0.03422633627464717,0.09000117304571391,0.09000117304571391,0.0,0.14901176217538542,0.4869145102531275,-0.31924033960510745,-0.0020387414773505915,-0.010770678364769422,-5.030210748146643,0,0.4773652254423829
53.13151999999054,-2.1419294982457715,0.5674538587912341,1.3438956476016526,-0.003512614859301085,-0.027222805320952323,-0.028110406332195005,-2.191191531888668,0.012178311333072345,1.6791017430271946,-0.007867629028624312,-0.0012137360186483155,-0.03362863056323724,-2.064855992921717,0.26454124841143795,1.5265331849666328,0.006990669738740765,0.01110153097223658,-0.034573437138796376,0.09000117304571391,0.09000117304571391,0.0,0.14896598634543776,0.48707900443183616,-0.31906512256374453,-0.0020533779186131034,-0.010776778031108415,-5.030198011932983,0,0.47743701589381304
53.135679999990536,-2.14194400916591,0.5673403261571279,1.343778703373263,-0.003482620833168896,-0.027247832185479125,-0.028066614813449846,-2.3214946263301224,0.7842137807962091,1.0146101803729677,0.058020791430107126,0.034747079630148815,-0.06791381881406064,-2.1930564345464143,0.5244531807649236,1.2704258915944884,0.03250758720792186,0.023039710001896724,-0.05078463402414525,0.09000117304571391,0.09000117304571391,0.0,0.14892041307859138,0.48724267100930657,-0.31888973666836473,-0.0020678868279484525,-0.01078272189973569,-5.030184698000488,0,0.47750896394896
53.139839999990535,-2.1419583957874475,0.5672266911698816,1.3436619408689046,-0.003452789169032069,-0.027272396939125275,-0.028023001046052175,-1.8347971104607474,0.6748995524284414,0.835073787174011,-0.1563427854275245,0.05496077752214718,0.04211343999930003,-2.0142488253739836,0.5997903849983046,1.0528341576892088,-0.06220779657157808,0.03964789053934836,-0.004230923045686782,0.09000117304571391,0.09000117304571391,0.0,0.1488750407574629,0.48740551423702677,-0.3187141838004182,-0.0020822690759820864,-0.010788511014523782,-5.030170810871674,0,0.47758106769901937
53.143999999990534,-2.141972658782161,0.567112955742167,1.3435453593522197,-0.003423118731213684,-0.027296502651493602,-0.027979564004338407,-1.5707451389493778,0.47289814672149,0.45573378458390723,0.11023697255105999,-0.003894704607830944,-0.14752182317477405,-1.7922645070544072,0.5363343847420187,0.7539747499449223,0.023964123355499852,0.01830843969217253,-0.07673180156434484,0.09000117304571391,0.09000117304571391,0.0,0.14882986777893908,0.487567538351359,-0.31853846585972617,-0.0020965255282745657,-0.010794146414647678,-5.030156355042966,0,0.4776533252470005
53.14815999999053,-2.1419867988171335,0.5669991217739243,1.343428958091131,-0.00339360839341907,-0.027320152378261523,-0.027936302661302564,-2.363051461337906,1.064145446549696,1.2282780807253906,0.036327194070865654,-0.07027104934499101,-0.034247700324660825,-2.077585243420352,0.8000964119469672,0.9910571133152929,0.029579718376842378,-0.02547781952209718,-0.054825677184604994,0.09000117304571391,0.09000117304571391,0.0,0.14878489255400235,0.48772874757353524,-0.3183625847649262,-0.0021106570453433083,-0.010799629134589494,-5.030141334984775,0,0.477725734707685
53.15231999999053,-2.1420008165547944,0.5668851911524193,1.3433127363578443,-0.003364257038649548,-0.02734334916118949,-0.02789321598878236,-2.3654021485652446,0.22944047527548683,0.8853972646828455,0.1642066244576432,0.08831520297318499,-0.05270566989551667,-2.2211548078677996,0.5149500184302547,0.9381172036577988,0.09719367691515222,0.03050987593640433,-0.05394865785804323,0.09000117304571391,0.09000117304571391,0.0,0.14874011350712807,0.48788914610959916,-0.31818654245177774,-0.002124664482684233,-0.010804960204142747,-5.03012575514156,0,0.4777982942075848
53.15647999999053,-2.142014712652957,0.566771165752302,1.3431966934288542,-0.0033350635591251365,-0.027366096028152313,-0.027850302957622555,-2.447215035942208,0.4276254348578456,1.1620555825211971,-0.06556555826446467,0.019311114588822696,-0.14350911155754661,-2.3343224178410686,0.47132771004670276,1.0497885637883446,0.015603111273083385,0.024705461985443895,-0.09828966314152912,0.09000117304571391,0.09000117304571391,0.0,0.148695529077392,0.48804873815024136,-0.3180103408729612,-0.0021385486907931905,-0.010810140648421271,-5.03010961993191,0,0.47787100188490056
53.16063999999053,-2.142028487764858,0.5666570474356639,1.3430808285849465,-0.003306026856193141,-0.02738839599313844,-0.02780756253785855,-1.762534417767375,0.5096308088789127,0.8234816008175028,-0.011835377575359391,-0.2528253780461863,0.016554114394950206,-2.0484501161336035,0.4899546511231229,0.9366681244420587,0.0024059692334084054,-0.11451969993620319,-0.04096823407713235,0.09000117304571391,0.09000117304571391,0.0,0.14865113771722666,0.48820752787111543,-0.31783398199744817,-0.0021523105151880825,-0.01081517148786337,-5.030092933748612,0,0.4779438558894797
53.16479999999053,-2.1420421425391925,0.5665428380520962,1.3429651411112011,-0.003277145840247582,-0.027410252056267195,-0.027764993698883963,-2.2742113431644744,0.9785268721679317,1.1120016080978512,-0.02402425744390118,-0.06902572906675568,-0.1438957624225053,-2.1613828073876964,0.7340999181422754,1.02403640068833,-0.010553464161283246,-0.09144347587803184,-0.09223621280439312,0.09000117304571391,0.09000117304571391,0.0,0.1486069378922446,0.4883655194324062,-0.3176574678092269,-0.002165950796430465,-0.010820053738237639,-5.030075700958731,0,0.478016854382773
53.16895999999053,-2.1420556776201534,0.5664285394387469,1.3428496302969946,-0.0032484194306538843,-0.027431667203823548,-0.027722595409601834,-1.6524144545025865,0.5999997113934629,1.0168239382337982,0.14156197923187766,0.19312086348675478,0.029738381083919546,-1.906601120841716,0.6674502589396699,1.020491103018785,0.06573311113379612,0.05096629269121826,-0.030837940401437662,0.09000117304571391,0.09000117304571391,0.0,0.14856292808213106,0.48852271697914607,-0.3174808003077373,-0.0021794703701470955,-0.010824788410653152,-5.030057925903679,0,0.47808999553779324
53.173119999990526,-2.1420690936474687,0.5663141534203793,1.3427342954360004,-0.003219846555656234,-0.02745264440824475,-0.027680366638608046,-1.8441756640651967,0.4861550835953198,1.2034740232717096,0.030718096740369683,0.0023528435635743125,-0.09099626106296782,-1.8753244890477687,0.5768072519540637,1.1117941270481615,0.048432759531364195,0.026203262290531795,-0.06069834402125952,0.09000117304571391,0.09000117304571391,0.0,0.14851910677982685,0.488679124640997,-0.31730398150595157,-0.002192870067051841,-0.010829376511561559,-5.030039612899299,0,0.4781632775390714
53.177279999990525,-2.1420823912564364,0.5661996818094286,1.3426191358261907,-0.00319142615230107,-0.02747318662815148,-0.027638306354337193,-2.356064241615633,0.9527747556142451,1.6018653226016641,0.02579532878844408,-0.01193679431666686,0.056681354479706895,-2.1156436701241352,0.7647692216212603,1.3569498389499992,0.03692044370229812,0.006936033578604392,-0.0014338518092132475,0.09000117304571391,0.09000117304571391,0.0,0.14847547249092333,0.48883474653224634,-0.3171270134308045,-0.0022061507129675726,-0.010833819042764488,-5.030020766235937,0,0.47823669858261353
53.18143999999052,-2.142095571077963,0.5660851264060603,1.3425041507698356,-0.00316315716636255,-0.027493296808377008,-0.027596413525211114,-2.4537902347386504,0.5157894954647191,1.4424103651816482,-0.054986785449131256,0.23786687623253303,-0.14449936062254773,-2.284834166072755,0.6407730555089315,1.3993801642926897,-0.0087981454621798,0.12205825599386708,-0.07296643428256201,0.09000117304571391,0.09000117304571391,0.0,0.14843202373498166,0.4889895867517492,-0.3169498981219117,-0.002219313128847639,-0.010838117001423305,-5.030001390178526,0,0.4783102568758578
53.18559999999052,-2.1421086337385975,0.5659704889982271,1.3423893395735031,-0.0031350385522540616,-0.02751297787996793,-0.0275546871198003,-2.0524273149163834,0.6176844092928998,0.8235307195574864,-0.010240284006362128,-0.09635434125089835,-0.0763261436096806,-2.168650155429691,0.6290285461052003,1.1112904667457952,-0.009643319776299302,0.012678651478576662,-0.07359326882783615,0.09000117304571391,0.09000117304571391,0.0,0.14838875904364543,0.48914364938313837,-0.31677263763156893,-0.002232358130798113,-0.010842271380063676,-5.029981488966661,0,0.478383950637631
53.18975999999052,-2.142121579860568,0.5658557713617263,1.3422747015480574,-0.003107069272956348,-0.027532232760213507,-0.027513126106965272,-1.7534955608534961,0.4165895363808736,1.0708496353219807,-0.24223810286528247,-0.03974970493694054,-0.07804269143440155,-1.9615743139394861,0.5227262544707846,1.0909066215018302,-0.12567933382998683,-0.014194763938647704,-0.07542339833212106,0.09000117304571391,0.09000117304571391,0.0,0.14834567696174458,0.48929693849444605,-0.31659523402325224,-0.0022452865300991547,-0.010846283166583922,-5.029961066814684,0,0.4784577780981038
53.19391999999052,-2.142134410061818,0.5657409752602568,1.3421602360086573,-0.003079248299939134,-0.027551064352670202,-0.02747172945599537,-2.376068729831054,0.40668526999653454,1.1011713120517497,0.04901660519000158,-0.02612015000678725,-0.04196309597857657,-2.1687230141242426,0.4646518521556598,1.095951823427261,-0.03808051950951018,-0.020748637924644993,-0.05872752822039679,0.09000117304571391,0.09000117304571391,0.0,0.1483027760473319,0.48944945813852786,-0.31641768937204107,-0.002258099133226928,-0.010850153344263898,-5.029940127911761,0,0.4785317374987484
53.19807999999052,-2.142147124956039,0.565626102445477,1.3420459422747542,-0.0030515746130732437,-0.027569475547152666,-0.027430496136769598,-1.8111966482111843,1.0090064346007455,1.3847761550797173,0.07195745649746724,0.04740958882524489,-0.10805554092154356,-1.9898077749178524,0.7369321444850906,1.2401397921955517,0.01698669978465041,0.013046541363236101,-0.08268360368360078,0.09000117304571391,0.09000117304571391,0.0,0.14826005487000776,0.4896012123525244,-0.31624000576354333,-0.0022707967418756207,-0.010853882891767069,-5.0299186764219685,0,0.47860582709229293
53.20223999999052,-2.142159725152708,0.5655111546570611,1.341931819670088,-0.0030240472005709862,-0.02758746921979904,-0.027389425119864988,-2.234723615146747,0.32781879222747806,1.272702789222288,0.012322239191849858,0.13248133744645446,0.0031563954380209903,-2.1122420639061974,0.5326496167330464,1.2564291310243367,0.014791795828234111,0.07205724727029363,-0.04027265204459665,0.09000117304571391,0.09000117304571391,0.0,0.14821751201287856,0.48975220515823165,-0.31606218529281727,-0.002283380152978869,-0.010857472783155004,-5.029896716484373,0,0.47868004514267787
53.206399999990516,-2.14217221125712,0.5653961336227568,1.341817867522685,-0.002996665058896165,-0.027605048233059273,-0.027348515376709567,-2.1719300699757644,0.6997518291912279,1.269354531739541,-0.08377517810077321,0.180167101125497,-0.10798333545816165,-2.14226191857586,0.6165762709519652,1.2626666181264603,-0.03391605436533362,0.126280103787557,-0.07378635033954133,0.09000117304571391,0.09000117304571391,0.0,0.14817514607066798,0.489902440562044,-0.3158842300652174,-0.002295850158731948,-0.010860923987891485,-5.029874252213118,0,0.47875438992501135
53.210559999990515,-2.142184583870423,0.5652810410584412,1.341704085164853,-0.002969427192695181,-0.027622215435728632,-0.02730776587970864,-2.467260795014857,0.20098931587947905,1.5257365525649196,-0.09379456392702751,-0.1415499219295478,-0.060855695115955635,-2.3049590136385727,0.40848411593705386,1.3940759758994983,-0.06371073376950007,-0.006968785335685341,-0.06690246366381239,0.09000117304571391,0.09000117304571391,0.0,0.14813295565060575,0.4900519225547905,-0.31570614219445897,-0.0023082075466132205,-0.010864237470851239,-5.0298512876975074,0,0.47882885972552436
53.214719999990514,-2.142196843589651,0.5651658786681789,1.3415904719331764,-0.0029423326147206825,-0.02763897366296885,-0.027267175602371078,-2.3003460137266183,0.11739567353652774,1.5156484967574282,-0.08831499446014446,0.11808589185356205,-0.019509243238526944,-2.302836225050513,0.2631825576411463,1.4548218893896732,-0.0759867527048744,0.0559907220284738,-0.042911256029082696,0.09000117304571391,0.09000117304571391,0.0,0.14809093937224832,0.4902006551117848,-0.31552792380281847,-0.002320453099405965,-0.010867414192328121,-5.029827827002088,0,0.4789034528415264
53.21887999999051,-2.142208991007758,0.5650506481442775,1.3414770271685121,-0.0029153803457584297,-0.027655325736337624,-0.027226743519430264,-2.3630121811283495,0.405490651335751,1.5085296269049113,-0.03613017059052326,0.020186620852309947,-0.0003969813730139368,-2.3329995243164605,0.33437956645350886,1.4816752531898145,-0.05618100820984518,0.038101260960992846,-0.021630360965142724,0.09000117304571391,0.09000117304571391,0.0,0.1480490958670851,0.49034864219292845,-0.31534957702069144,-0.002332587595220397,-0.010870455108044713,-5.029803874166742,0,0.4789781675813603
53.22303999999051,-2.1422210267136523,0.5649353511673451,1.341363750215983,-0.002888569414547767,-0.0276712744637898,-0.027186468606980863,-1.8322750190598216,0.4118578014351562,0.9900809826297938,-0.04465014200632114,-0.2253194859050424,-0.02268172478518801,-2.0827268550902507,0.3726511004778503,1.2358282986293294,-0.05031234660626105,-0.09384823101320962,-0.022539669968678035,0.09000117304571391,0.09000117304571391,0.0,0.1480074237781438,0.49049588774249453,-0.31517110398529313,-0.002344611807515294,-0.010873361169156794,-5.029779433206768,0,0.4790530022643566
53.22719999999051,-2.1422329512922262,0.5648199894063461,1.3412506404249722,-0.002861898857719398,-0.027686822639733245,-0.027146349842574465,-2.141476563115662,0.4674677947898101,1.2847572281919828,-0.12647633844740583,0.12342645102392821,-0.049809822290173326,-2.1123657629643886,0.4203170549163722,1.260189104543429,-0.08811267039486963,0.014669240103514593,-0.035981499721045085,0.09000117304571391,0.09000117304571391,0.0,0.147965921760451,0.49064239568928414,-0.31499250684149654,-0.002356526505119645,-0.010876133322266654,-5.02975450811297,0,0.4791279552207889
53.23135999999051,-2.1422447653243917,0.5647045645186585,1.3411376971491167,-0.002835367719717323,-0.0277019730450361,-0.027106386205349532,-1.802313514805213,-0.27806971828093474,1.2709357359203333,-0.1277899845186708,0.03755451722981337,-0.09446977321064073,-1.957602637773344,0.07119805198683667,1.265366644685191,-0.10825218395219001,0.025553451337261383,-0.0655313762662933,0.09000117304571391,0.09000117304571391,0.0,0.14792458848085122,0.4907881699465705,-0.31481378774010293,-0.002368332452254381,-0.010878772509430515,-5.029729102851748,0,0.4792030247918285
53.23551999999051,-2.1422564693871116,0.564589078150129,1.3410249197462993,-0.002808975052727758,-0.027716728447055833,-0.027066576676139514,-2.191221800111524,0.08789553575333409,0.9843806935898187,0.04148547531767559,-0.10546969675663895,-0.14937282639239224,-2.0743272887649797,0.07932906841830331,1.1245590544349424,-0.033525812330279216,-0.04068619247733333,-0.10650555626942633,0.09000117304571391,0.09000117304571391,0.0,0.14788342261782603,0.4909332144120956,-0.3146349488376064,-0.002380030408554233,-0.010881279668167541,-5.0297032213651836,0,0.47927820932949877
53.23967999999051,-2.1422680640534306,0.5644735319351305,1.3409123075786427,-0.0027827199166044346,-0.027731091599652473,-0.027026920237589774,-1.9820257074868364,0.7246421161523032,0.7946796204943016,-0.004281424921536597,-0.17125364134411725,-0.08400156165370247,-2.0281854826598256,0.40163372291610494,0.9594422094357209,-0.01855679925863135,-0.1058738813409295,-0.09520744461449938,0.09000117304571391,0.09000117304571391,0.0,0.1478424228606706,0.49107753296801415,-0.3144559922968144,-0.002391621129089461,-0.010883655731466324,-5.02967686757113,0,0.47935350719662917
53.243839999990506,-2.142279549892509,0.5643579274966171,1.3407998600125,-0.002756601378807018,-0.02774506524323596,-0.02698741587425444,-1.5500692431538634,0.8349729636756351,1.1931220553736996,-0.09444968003104326,-0.12473541330304429,-0.2874671358539382,-1.7893197646335905,0.6180472564958133,1.0756861219070002,-0.05683749217362177,-0.11546064692079334,-0.19145847047412817,0.09000117304571391,0.09000117304571391,0.0,0.14780158791102194,0.49122112948099794,-0.3142769202849002,-0.002403105364387227,-0.010885901627797349,-5.0296500453633035,0,0.47942891676681054
53.247999999990505,-2.142290927469652,0.5642422664461805,1.340687576418447,-0.0027306185143221398,-0.027758652104774767,-0.026948062572709645,-2.242149189234638,0.8331430977728616,1.5118302575956204,-0.0334891989720102,-0.006163060310365079,-0.09463257373420511,-2.0158064656502592,0.7255836260413039,1.2935649095979393,-0.045567065278196844,-0.06070477508940123,-0.14329258525274824,0.09000117304571391,0.09000117304571391,0.0,0.14776091648075326,0.49136400780217937,-0.3140977349735911,-0.0024144838604537406,-0.01088801828111995,-5.029622758611372,0,0.4795044364243482
53.2521599999905,-2.1423021973463423,0.5641265503841062,1.3405754561712735,-0.002704770405600359,-0.02777185489782901,-0.02690885932165114,-2.142126961534536,0.9600419406994352,1.5379799879949898,-0.0018046493704137702,-0.010040966360151164,0.019010786977275446,-2.078970802778121,0.8427932512914288,1.4158143147112034,-0.023952328968391508,-0.03523773729489636,-0.062446394245885765,0.09000117304571391,0.09000117304571391,0.0,0.1477204072935009,0.4915061717669891,-0.3139184385393574,-0.0024257573587953955,-0.01089000661089208,-5.029595011161047,0,0.47958006456421653
53.2563199999905,-2.1423133600802693,0.5640107808994287,1.3404634986499735,-0.002679056142488168,-0.027784676322589297,-0.02686980511198896,-1.7536573927753993,0.3877144565417796,1.624461188047492,-0.13202081357107714,0.009233930611565126,-0.010843140365952356,-1.9165885107935845,0.6152697817355026,1.5201167983483739,-0.07697473258403524,-0.01295951174964432,-0.036715570214980967,0.09000117304571391,0.09000117304571391,0.0,0.14768005908362686,0.4916476251955272,-0.31373903316146,-0.0024369265964407573,-0.010891867532082211,-5.0295668068341755,0,0.47965579959201315
53.2604799999905,-2.1423244162253616,0.5638949595699875,1.3403517032377361,-0.0026534748221557513,-0.02779711906588423,-0.026830898936952806,-1.7964370081857988,0.9134828371584118,2.1379584832743554,-0.14099756630309407,-0.17035601966400954,-0.05478588779084777,-1.85680536969065,0.7640250110647532,1.8289268451595222,-0.10889544129516439,-0.09210470001435649,-0.045188945609779506,0.09000117304571391,0.09000117304571391,0.0,0.14763987059667716,0.4917883718921339,-0.31355952102341905,-0.0024479923059619077,-0.010893601955176021,-5.029538149428831,0,0.47973163992391243
53.2646399999905,-2.142335366331816,0.5637790879624823,1.3402400693219354,-0.0026280255490333405,-0.027809185801225565,-0.0267921397921797,-1.7583675848107296,1.0128967334048224,0.8453746053323494,-0.044670234589644184,-0.052902816211549845,-0.13822805251365272,-1.8076799468599725,0.8883538756683572,1.3368558544556943,-0.07618799795374678,-0.07313052587947479,-0.09147267076632498,0.09000117304571391,0.09000117304571391,0.0,0.14759984058877088,0.4919284156457614,-0.31337990431127466,-0.0024589552154962724,-0.010895210786188093,-5.029509042719407,0,0.4798075839866199
53.2687999999905,-2.1423462109461275,0.5636631676325289,1.3401285962941196,-0.002602707434743137,-0.02782087918882808,-0.026753526675809332,-2.2028352675594394,0.1355327573863026,1.3939270419809129,-0.08935562443878084,-0.1162668469489116,0.025948071302287032,-2.0054433011257418,0.5116975968597312,1.365445889456991,-0.0841789932988567,-0.09535940732361703,-0.03280378513088834,0.09000117304571391,0.09000117304571391,0.0,0.1475599678266299,0.49206776022970433,-0.3132001852133414,-0.002469816048768003,-0.01089669492667099,-5.029479490456708,0,0.47988363021732505
53.2729599999905,-2.1423569506111195,0.5635472001247137,1.3400172835500006,-0.002577519598034928,-0.027832201875642865,-0.02671505858856989,-1.9633140784604466,-0.04305296329192965,1.4719107331155905,0.020397098943618266,-0.08218365626870416,-0.03409195782241342,-1.9843377288661945,0.23414702014143574,1.4186088026984216,-0.031051728679845122,-0.08854389522034545,-0.03376355777327191,0.09000117304571391,0.09000117304571391,0.0,0.1475202510880367,0.492206409401812,-0.31302036592017624,-0.002480575525109367,-0.01089805527372573,-5.029449496368048,0,0.4799597770636564
53.2771199999905,-2.1423675858659723,0.5634311869726496,1.3399061304894428,-0.002552461164715791,-0.027843156495376567,-0.026676734533871822,-2.408771458069786,0.529902647290362,1.6746898615484738,-0.05477598743193697,0.14658576558565684,0.08519464029192764,-2.196671659955092,0.3823306505492345,1.5468301269426212,-0.042833454430371114,0.029557331809119156,0.024842169792968567,0.09000117304571391,0.09000117304571391,0.0,0.14748068916058127,0.4923443669043261,-0.3128404486243325,-0.0024912343594824513,-0.010899292720009862,-5.029419064157335,0,0.4800360229836337
53.281279999990495,-2.142378117246254,0.5633151296990306,1.3397951365164518,-0.002527531267594727,-0.02785374566854394,-0.026638553517878895,-2.176305529644348,0.43238416490755793,1.640812901246391,-0.03846759248088888,-0.1560835901610571,-0.06486761677606227,-2.186569663343526,0.40703210915066557,1.5936868609166484,-0.04007399838157581,-0.0627706516426195,-0.01982038603843832,0.09000117304571391,0.09000117304571391,0.0,0.14744128084318653,0.4924816364639326,-0.31266043551947054,-0.0025017932625003396,-0.010900408153751559,-5.0293881975051775,0,0.48011236644562266
53.285439999990494,-2.1423885452839473,0.563199029815687,1.3396843010391617,-0.002502729046406355,-0.027863972002470205,-0.026600514549607476,-2.09718814566415,0.7962110767563788,1.2255500804197381,-0.1722568824614755,0.0076643932647982305,-0.01857746821190743,-2.1422353759299178,0.6016385594183534,1.4095776134203994,-0.1067303466197272,-0.026740922086219594,-0.019371808778952202,0.09000117304571391,0.09000117304571391,0.0,0.14740202494421423,0.49261822179181347,-0.3124803288001081,-0.002512252940448934,-0.010901402458755791,-5.029356900068969,0,0.4801888059282879
53.28959999999049,-2.1423988705074795,0.5630828888236398,1.3395736234698243,-0.0024780536477581076,-0.027873838091346352,-0.026562616640989835,-2.141402739648793,1.0928314591137454,1.3741897580258906,-0.09814130456717816,0.06536689181616825,-0.0324222841555182,-2.1420240602233287,0.8473730926769608,1.39181562736139,-0.10201458279396179,0.019939361771680417,-0.02571670103321181,0.09000117304571391,0.09000117304571391,0.0,0.14736292028256143,0.49275412658369894,-0.312300130662013,-0.002522614095308011,-0.010902276514418045,-5.0293251754829855,0,0.48026533992054654
53.29375999999049,-2.1424090934417506,0.5629667082131554,1.3394631032247952,-0.002453504225063111,-0.02788334651625126,-0.02652485880695999,-1.6837709252781594,0.21040726636681256,1.4467518258492107,-0.1669753576586558,-0.1516863422182004,0.14652560025991077,-1.9132417457136193,0.5285697424903273,1.4195898730012322,-0.13441594716859623,-0.0656332946768138,0.05991595736582299,0.09000117304571391,0.09000117304571391,0.0,0.1473239656874761,0.49288935451970567,-0.3121198433002407,-0.002532877424772621,-0.01090303119573452,-5.029293027358485,0,0.4803419669215218
53.29791999999049,-2.142419214608161,0.5628504894638006,1.3393527397245222,-0.0024290799384721158,-0.027892499845167153,-0.026487240065535583,-1.8237358846638234,0.593974493273284,1.0102288763977636,0.18500131998293431,0.0551445409685322,-0.10567487899417216,-1.8681039302702183,0.5613870513478555,1.214686482711678,0.025531301671626167,-0.005144761994189399,-0.022759802117922473,0.09000117304571391,0.09000117304571391,0.0,0.14728515999773012,0.4930239092644962,-0.3119394689110211,-0.002543043622274482,-0.01090366737330922,-5.029260459283799,0,0.4804186854404963
53.30207999999049,-2.142429234524639,0.5627342340444962,1.339242532393531,-0.0024047799548223693,-0.027901300633042234,-0.02644975943787628,-2.209818799763643,0.2313960299833397,1.7097473138505637,-0.020532061559327606,-0.034830412077014476,-0.16094196751966,-2.0390063842649,0.39631749608249583,1.4618855887382762,0.00246506835546071,-0.02032745122619034,-0.09183285042620587,0.09000117304571391,0.09000117304571391,0.0,0.14724650206228818,0.4931577944672243,-0.31175900968915427,-0.0025531133770031684,-0.01090418591336943,-5.029227474824431,0,0.48049549399686536
53.30623999999049,-2.142439153705671,0.562617943413572,1.3391324806604128,-0.0023806034475691963,-0.02790975142180188,-0.026412415948364226,-2.1865974386718,0.721985477386602,1.150938220636077,0.18482920793395313,-0.035140545532349174,-0.13966323909336484,-2.1124165703249833,0.5590807082198015,1.3061188732149123,0.09270527039312909,-0.027749370008347148,-0.11557181018880135,0.09000117304571391,0.09000117304571391,0.0,0.14720799074012228,0.4932910137615341,-0.3115784678290383,-0.002563087373927318,-0.010904587677774503,-5.029194077523149,0,0.4805723911200905
53.31039999999049,-2.142448972662324,0.5625016190188203,1.33902258395781,-0.002356549596724166,-0.02791785474038089,-0.02637520862467468,-1.7380213397956565,0.6083644263404052,1.8994443685212337,-0.023159799599041957,0.1684527506045882,0.06145667180803971,-1.925262851593459,0.5840720907014181,1.6029135222235034,0.03398419515332929,0.07091530283024969,-0.027031141987374423,0.09000117304571391,0.09000117304571391,0.0,0.14716962489938396,0.49342357076561294,-0.3113978455246303,-0.0025729662938160118,-0.010904873524025638,-5.029160270900087,0,0.48064937534965263
53.314559999990486,-2.1424586919022772,0.5623852622975505,1.3389128417224023,-0.0023326175888031893,-0.027925613104776946,-0.026338136497832298,-2.1996218302650723,0.46282795186914477,1.4910490132611856,0.20504285656781235,0.013690634679157827,-0.06555715525596285,-2.062017906992217,0.5234765501718126,1.5468429531046701,0.11956480621031554,0.04283498966990541,-0.04572675085970031,0.09000117304571391,0.09000117304571391,0.0,0.14713140341828618,0.4935554690821905,-0.3112171449674791,-0.002582750813259707,-0.010905044305280762,-5.029126058452839,0,0.48072644523500563
53.318719999990485,-2.142468311929847,0.5622688746766419,1.3388032533948928,-0.002308806616757647,-0.027933029018058376,-0.02630119860228814,-2.4497665365940136,0.8436020356636382,1.4407601530316192,-0.0027329668594532285,-0.011592525102304043,-0.1209518979536594,-2.255900052545792,0.6835185027649607,1.4935488075722274,0.05815110852665035,0.015104502677226293,-0.08312931038382312,0.09000117304571391,0.09000117304571391,0.0,0.14709332518448953,0.4936867122986456,-0.31103636834860804,-0.00259244160469141,-0.010905100870362176,-5.029091443656556,0,0.4808035993355296
53.322879999990484,-2.142477833246013,0.5621524575725986,1.3386938184199928,-0.0022851158799184193,-0.027940104970407,-0.026264393975981227,-2.1662707291817127,0.7732905576997521,1.6961212134278179,0.04739718970139075,-0.03305998205117491,-0.016273430131616938,-2.2109863426303877,0.7283365791581068,1.594801992527096,0.05285356068175124,-0.009063394891455575,-0.04942329601148758,0.09000117304571391,0.09000117304571391,0.0,0.14705538909512897,0.4938173039866848,-0.3108555178561195,-0.0026020393364077484,-0.01090504406376799,-5.029056429964047,0,0.4808808362204838
53.32703999999048,-2.142487256348446,0.5620360123916021,1.3385845362464077,-0.0022615445839381915,-0.02794684343915617,-0.026227721660393638,-2.4974127628513103,0.885257672794157,1.0898342569653627,0.056139734918328396,0.008841470209261265,-0.061424445250703695,-2.3540852750217924,0.8068152724482763,1.3421865448101205,0.05473062000061186,0.0005329747044288968,-0.0552858845316775,0.09000117304571391,0.09000117304571391,0.0,0.14701759405662632,0.49394724770287685,-0.31067459567664724,-0.0026115446725900856,-0.010904874725684386,-5.029021020805872,0,0.4809581544689607
53.33119999999048,-2.1424965817315322,0.5619195405295653,1.3384754063268218,-0.002238091940732086,-0.02795324688881834,-0.02619118070061648,-2.4870090765880786,0.5485750185518454,1.1330346329012582,-0.014605432948610733,-0.059827586903027315,-0.09868929525242799,-2.4205782095953876,0.6775697717260758,1.2374032613853074,0.019934695531515445,-0.030063165609557324,-0.07669964151261173,0.09000117304571391,0.09000117304571391,0.0,0.1469799389845026,0.4940765469881185,-0.31049360399403003,-0.002620958273325388,-0.010904593691996164,-5.0289852195904405,0,0.4810355526698384
53.33535999999048,-2.1425058098864005,0.5618030433721856,1.3383664281178826,-0.0022147571684250186,-0.027959317771135025,-0.02615477014539701,-2.301672371697695,0.6899575072450739,1.3631600358505909,0.04628444971356201,0.08938784917911094,-0.06422956598219907,-2.361028587337703,0.6839509689774834,1.3001491865622317,0.03329976046577534,0.02902062503635482,-0.07058733754598301,0.09000117304571391,0.09000117304571391,0.0,0.1469424228038318,0.49420520536806134,-0.31031254498905086,-0.002630280794627158,-0.010904201794301027,-5.028949029704115,0,0.48111302942173456
53.33951999999048,-2.1425149413009477,0.5616865222949977,1.3382576010801859,-0.002191539491287655,-0.027965058525091867,-0.02611848904720541,-2.3697356791145943,0.5899424852485838,1.363743992105852,-0.1410634711833113,0.04772547753868043,0.05488737279337187,-2.365675163685006,0.6370457302880086,1.3320615864578107,-0.05408148858346553,0.03818269575229815,-0.008044568016546154,0.09000117304571391,0.09000117304571391,0.0,0.1469050444486255,0.49433322635300603,-0.31013142083981915,-0.002639512888456408,-0.010903699859918374,-5.0289124545113,0,0.48119058333295955
53.34367999999048,-2.142523976459863,0.5615699786634271,1.3381489246782596,-0.002168438139682152,-0.027970471576958922,-0.026082336462286908,-2.008500323863917,0.6630844846646904,1.6049829739842658,0.11443568987150941,0.05650937192664851,-0.10325283545715647,-2.186848542022107,0.650181363107948,1.4683095102871004,0.03080125220506774,0.04804901052387126,-0.055682612343817155,0.09000117304571391,0.09000117304571391,0.0,0.14686780286143042,0.49446061343784875,-0.3099502337210826,-0.002648655202742486,-0.010903088711900683,-5.02887549735455,0,0.48126821302146977
53.34783999999048,-2.1425329158446544,0.5614534138328423,1.3380403983805484,-0.0021454523500119066,-0.027975559340339216,-0.0260463114507054,-2.2212167187507323,0.7104041234404361,1.1171969560924981,0.05838411015232511,0.04249678818492274,-0.1680477383574313,-2.2039123218738106,0.6803813045388936,1.2924020704572405,0.04501801817467531,0.045394534169026765,-0.11225639579613561,0.09000117304571391,0.09000117304571391,0.0,0.1468306969944225,0.49458737010213527,-0.30976898580396595,-0.0026577083814035875,-0.010902369169047972,-5.028838161554662,0,0.48134591711482105
53.351999999990475,-2.142541759933674,0.5613368291486082,1.3379320216593968,-0.002122581364659352,-0.02798032421619112,-0.026010413076402214,-2.3976805701394532,0.5513559841044076,1.4886179662473829,-0.1247427385199371,-0.12919534762180857,0.23455382598680607,-2.3010567895156893,0.6155980943211975,1.3909987665401455,-0.040079244096267876,-0.04144465935018717,0.06136211390478243,0.09000117304571391,0.09000117304571391,0.0,0.14679372580836383,0.49471349981011514,-0.30958767925549446,-0.002666673064367831,-0.010901542045918033,-5.028800450410776,0,0.4814236942501218
53.356159999990474,-2.14255050920214,0.5612202259461379,1.3378237939910333,-0.0020998244319320207,-0.027984768592863803,-0.025974640407243937,-1.7882636034936286,-0.16179722355279036,1.0568820212891246,0.059568085196918676,-0.04320408522133959,0.008100740841860164,-2.044531923914892,0.2268049728354468,1.223954814001855,0.009360854335371361,-0.042247568013468705,0.034778707485748545,0.09000117304571391,0.09000117304571391,0.0,0.14675688827241318,0.49483900601074254,-0.3094063162389733,-0.002675549887593903,-0.010900608152837492,-5.028762367200473,0,0.48150154307398696
53.36031999999047,-2.142559164122165,0.5611036055509456,1.3377157148555539,-0.002077180806012335,-0.027988894846142875,-0.025938992515064895,-1.9689966616147916,0.26027386622598037,1.5879570093511255,0.1614702773203977,0.024558004255703664,-0.033450629630649736,-2.0064274840953504,0.24359197889869325,1.4058916618815351,0.08520068966864038,-0.009447812895863094,-0.0006680542661808582,0.09000117304571391,0.09000117304571391,0.0,0.1467201833650057,0.4949638921376236,-0.30922489891329663,-0.0026843394830914904,-0.010899568295915435,-5.028723915179877,0,0.4815794622424907
53.36447999999047,-2.142567725162777,0.5609869692786986,1.337607783736905,-0.0020546497468990703,-0.0279927053392795,-0.02590346847571708,-2.0158089454390087,0.8916005758030235,0.8568450552006417,0.01324220666503334,-0.19546432513628909,-0.18133178971230912,-2.0110921193077016,0.5671934150152439,1.1309871355460954,0.049890713655042655,-0.10204186799252435,-0.09088440186263827,0.09000117304571391,0.09000117304571391,0.0,0.146683610072381,0.49508816160928504,-0.309043429432898,-0.002693042478942194,-0.010898423277054578,-5.028685097583751,0,0.4816574504211206
53.36863999999047,-2.1425761927899454,0.5608703184352694,1.337500000122867,-0.002032230520358239,-0.027996202423030216,-0.025868067369111857,-2.413547433502159,0.4390453364427107,1.4613447149952834,-0.09484770986132779,0.035719064507778966,-0.1406066582540117,-2.212519361389921,0.5031926907724078,1.2958758802304748,-0.022715264455058105,-0.03313037659932561,-0.11579093372209238,0.09000117304571391,0.09000117304571391,0.0,0.1466471673901037,0.4952118178288012,-0.3088619099474861,-0.002701659499319609,-0.01089717389396382,-5.028645917625597,0,0.4817355062847307
53.37279999999047,-2.1425845674666033,0.5607536543167874,1.3373923635050367,-0.0020099223978654514,-0.0279993884356898,-0.025832788279265634,-2.602005595753057,-0.23699066358963305,1.3778555639566457,0.05488352507441473,0.08972410453799283,-0.1371691879077803,-2.4071502814666372,0.1332822810762182,1.3365805849056231,0.01571065331270958,0.0283739269530266,-0.126284952933669,0.09000117304571391,0.09000117304571391,0.0,0.14661085432137713,0.4953348641841696,-0.30868034260135147,-0.002710191164510248,-0.010895820940169557,-5.028606378497755,0,0.48181362851749515
53.37695999999047,-2.1425928496526723,0.5606369782096909,1.3372848733788103,-0.001987724656560064,-0.028002265703139427,-0.025797630294331488,-2.771956526304476,0.29773403774089396,1.3815918605373514,-0.1938525277883152,0.12815332863794865,-0.15551260460977698,-2.589960165862809,0.21577721852147871,1.3587636491285369,-0.08857590317795462,0.07760658754757842,-0.14117249180794253,0.09000117304571391,0.09000117304571391,0.0,0.1465746698781358,0.49545730404820576,-0.3084987295341709,-0.0027186380909336406,-0.01089436520503001,-5.028566483371504,0,0.48189181581286183
53.38111999999047,-2.1426010398050854,0.560520291390779,1.3371775292433659,-0.001965636579187001,-0.02800483653886772,-0.025762592506651298,-2.3138839186526017,0.07282683451462413,1.122726328881291,0.08795378463858773,-0.018306879825724185,-0.011015424193676744,-2.4517381878724027,0.14426265793999898,1.2407205728891013,0.00016750548794256122,0.029795678343460436,-0.07617312080447015,0.09000117304571391,0.09000117304571391,0.0,0.14653861308064153,0.49557914077843773,-0.3083170728796721,-0.0027270008911627203,-0.010892807473745065,-5.028526235397162,0,0.4819700668735061
53.385279999990466,-2.1426091383778108,0.5604035951272622,1.337070330601646,-0.0019436574540501364,-0.028007103244026568,-0.025727674012780078,-2.281689053741882,0.6945201508496718,1.2507780071886685,0.05405330336969369,-0.11706638503490505,-0.10267656736063384,-2.36660028644621,0.41915000944895203,1.2455354058513202,0.027243924295509373,-0.04278415720492901,-0.08923548056760604,0.09000117304571391,0.09000117304571391,0.0,0.14650268295729324,0.4957003777173222,-0.30813537476665076,-0.0027352801739443777,-0.010891148527371185,-5.02848563770418,0,0.48204838041128417
53.389439999990465,-2.1426171458218732,0.5602868906768145,1.3369632769603397,-0.0019217865749565446,-0.028009068107451213,-0.025692873913536283,-2.035816563566288,0.5999453985851038,1.0741998649833588,0.09688250841253847,0.05584506126147791,0.14910130365350657,-2.2010045530411486,0.5096663968561346,1.1601773252003462,0.062037356510071286,0.0059126961771448685,0.029551103508888232,0.09000117304571391,0.09000117304571391,0.0,0.14646687854422205,0.4958210181922998,-0.3079536373172067,-0.0027434765442196614,-0.010889389142831437,-5.028444693401249,0,0.4821267551471873
53.393599999990464,-2.142625062585378,0.560170179287624,1.3368563678298646,-0.0019000232411703587,-0.028010733405707363,-0.025658191314027058,-2.6283252468811575,0.9902722836542535,1.4756875903640587,-0.03775163036652231,-0.07202470759717983,0.024807992647116993,-2.4147462119927288,0.7498225012097891,1.317986051587394,0.012052873712861796,-0.03286215350986358,0.027282691250080073,0.09000117304571391,0.09000117304571391,0.0,0.14643119888574152,0.49594106551547656,-0.3077718626481867,-0.0027515906031437064,-0.010887530092928775,-5.028403405576394,0,0.48220518981129495
53.39775999999046,-2.142632889113534,0.5600534621984443,1.3367496027243493,-0.001878366757365434,-0.02801210140314199,-0.025623625323677703,-2.1936714353838567,0.9401861138399961,1.0979993602456208,-0.007060800741056899,-0.006630832706095022,-0.08967027399333856,-2.3042210642509895,0.8449921233489966,1.2078042423928932,0.002065116701476191,-0.01988073680060501,-0.030987909079859027,0.09000117304571391,0.09000117304571391,0.0,0.14639564303458447,0.4960605229841074,-0.3075900528698486,-0.0027596229481060257,-0.010885572146361544,-5.028361777297076,0,0.4822836831427294
53.40191999999046,-2.1426406258486734,0.5599367406386447,1.3366429811616147,-0.001856816433565989,-0.028013174351893502,-0.025589175056279577,-2.0878646176669844,0.58358648008018,1.5148241541092258,0.169210612638921,-0.09093295827467937,-0.044190094444095544,-2.1956895073194884,0.7140979171628359,1.3612242013276603,0.0856913417134007,-0.05520156893506476,-0.03747699648688719,0.09000117304571391,0.09000117304571391,0.0,0.1463602100504291,0.496179393880385,-0.30740821008623415,-0.0027675741727508077,-0.010883516067731577,-5.028319811610293,0,0.48236223388960925
53.40607999999046,-2.142648273230278,0.5598200158282616,1.3365365026631564,-0.0018353715851083952,-0.028013954491954443,-0.025554839630006508,-2.481241842438304,0.6885225688433791,1.0785225126388625,-0.19207262599449734,0.056549393539183715,-0.03167989877002934,-2.3388662142661985,0.7014275559871513,1.2198061477946898,-0.05363650685376605,0.0007288591721518723,-0.03489726758074809,0.09000117304571391,0.09000117304571391,0.0,0.14632489900163084,0.4962976814713355,-0.3072263363949009,-0.00277544486699647,-0.010881362617559861,-5.028277511542677,0,0.48244084080900324
53.41023999999046,-2.142655831694997,0.5597032889780482,1.3364301667541254,-0.0018140315325862143,-0.02801444405120163,-0.025520618167450607,-1.734066137937849,0.34465300967294876,1.3625765411235837,-0.03451493588412109,-0.22771452217648291,-0.12528246075517002,-2.036532547403754,0.5225642910963433,1.2909315425299255,-0.04464754517455973,-0.11354763119828926,-0.07997969457854265,0.09000117304571391,0.09000117304571391,0.0,0.14628970896374882,0.49641538900914195,-0.30704443388643926,-0.0027832356170561018,-0.010879112552298703,-5.028234880100594,0,0.4825195026668848
53.41439999999046,-2.142663301676671,0.5595865612895256,1.3363239729633103,-0.001792795601803772,-0.028014645245433022,-0.02548650979565054,-1.7797856994765149,1.040532761015407,1.7090666882599312,-0.004268611496570795,-0.08159059990886738,-0.1843730089521959,-1.9081660305530164,0.7813820471504825,1.499619035870938,-0.02454475694233306,-0.09738011899702087,-0.13240291270313823,0.09000117304571391,0.09000117304571391,0.0,0.14625463901999455,0.49653251973098717,-0.3068625046446307,-0.0027909470054571397,-0.010876766624343929,-5.028191920270244,0,0.48259821823808574
53.41855999999046,-2.142670683606353,0.5594698339550321,1.3362179208231182,-0.001771663123730752,-0.028014560278414716,-0.02545251364611417,-2.13501397331001,0.34874852445534466,1.1842304426195567,0.009271813253240321,0.05417768611200029,0.06393472796935046,-2.021571853368045,0.565175553184669,1.342056530223839,-0.007855410390018362,-0.021902647889112777,-0.03473496240045619,0.09000117304571391,0.09000117304571391,0.0,0.14621968826125367,0.4966490768591102,-0.30668055074617845,-0.002798579611061182,-0.010874325582049052,-5.028148635017762,0,0.48267698630625056
53.422719999990456,-2.14267797791233,0.5593531081577742,1.3361120098695562,-0.0017506334344522241,-0.028014191341912423,-0.02541862885484935,-2.4026086280177044,0.6910376430593885,1.1884524246253216,-0.1256972711143606,0.12979362247036397,0.02819349124177073,-2.212355107114566,0.6283772672152813,1.2653114850263172,-0.06640650954266657,0.054021648846884325,-0.00300587965676296,0.09000117304571391,0.09000117304571391,0.0,0.14618485578589388,0.49676506360086337,-0.3064985742606511,-0.0028061340090837976,-0.01087179016973715,-5.028105027289317,0,0.4827558056637909
53.426879999990454,-2.1426851850201434,0.5592363850718752,1.336006239642213,-0.0017297058751224296,-0.02801354061573245,-0.025384854562387957,-2.07237212849853,0.34625812316236515,2.091397881646326,-0.07807492883195385,0.0759841677519565,-0.02111573523854255,-2.1425251154058755,0.48747418554876965,1.6783176943550975,-0.07219979899995922,0.06479973016092085,-0.0126129026848639,0.09000117304571391,0.09000117304571391,0.0,0.14615014069957216,0.4968804831487689,-0.3063165772504272,-0.002813610771114245,-0.010869161127713606,-5.028061100011207,0,0.48283467511183975
53.43103999999045,-2.1426923053526097,0.5591196658624262,1.3359006096842387,-0.0017088797919211523,-0.02801261026776858,-0.02535118991380547,-2.6178404351704643,-0.08348657919904778,0.9877211525161413,-0.03458526006907166,-0.10676094866161662,0.06712312217857433,-2.3802572494544747,0.2017679318879457,1.3331549122734567,-0.053773923152982725,-0.021057945772309437,0.026909989190805783,0.09000117304571391,0.09000117304571391,0.0,0.14611554211525576,0.4969953386803627,-0.30613456176978227,-0.0028210104651350968,-0.01086643919228051,-5.028016856089968,0,0.4829135934602058
53.43519999999045,-2.1426993393298432,0.5590029516855344,1.3357951195423272,-0.0016881545360067276,-0.028011402454037684,-0.0253176340587439,-2.112725412289041,0.7575037087623332,1.5965562271876672,0.07088970544572988,-0.07812178560360243,-0.17005316804755893,-2.246341896534259,0.47947717940111756,1.4645022106624543,0.008495212159657919,-0.04956763576442646,-0.07083937588580004,0.09000117304571391,0.09000117304571391,0.0,0.14608105915367087,0.49710963335862535,-0.30595252986590105,-0.0028283336555417608,-0.010863625095749542,-5.027972298412462,0,0.48299255952732834
53.43935999999045,-2.142706287369274,0.558886243688373,1.3356897687666962,-0.001667529463467,-0.02800991931871343,-0.02528418615143872,-2.4287770685125225,0.47868036606817604,1.589696328351521,0.021421977925837873,0.05957585008422785,-0.09424032305692726,-2.3375154257313326,0.47920167271748454,1.526903200193469,0.014584498915092167,0.0054829974749712445,-0.08209202474174629,0.09000117304571391,0.09000117304571391,0.0,0.14604669094182685,0.49722337033150543,-0.30577048357796577,-0.0028355809031622927,-0.010860719566453542,-5.0279274298459855,0,0.4830715721402314
53.44351999999045,-2.142713149885671,0.5587695430092307,1.3355845569110683,-0.0016470039352814705,-0.028008162994178295,-0.02525084535073125,-1.5005320447709263,-0.04024323452433254,1.1048727305968071,-0.05215626530974404,0.18198941750478836,-0.052656898350137225,-1.9191267265823386,0.21985502407014035,1.3157752280487827,-0.018606300345210623,0.09328874919642116,-0.06725162636437199,0.09000117304571391,0.09000117304571391,0.0,0.1460124366149603,0.4973365527322975,-0.3055884249370978,-0.00284275276527638,-0.010857723328761563,-5.027882253238364,0,0.48315063013447873
53.44767999999045,-2.14271992729116,0.5586528507775596,1.3354794835326511,-0.0016265773172704026,-0.028006135601057497,-0.025217610820090993,-1.9915722150316113,1.0225138050717941,1.141662437812308,0.029825065831789628,-0.055740304347386194,0.010265336724701871,-1.955286701400498,0.6210743705837445,1.2287386833111003,0.00500952866238879,0.01865026423876441,-0.028362091080229728,0.09000117304571391,0.09000117304571391,0.0,0.14597829531463227,0.4974491836797003,-0.3054063559660861,-0.0028498497956353304,-0.010854637103091404,-5.027836771418051,0,0.4832297323541288
53.45183999999045,-2.1427266199952433,0.5585361681140252,1.3353745481921193,-0.0016062489800514716,-0.028003839248250548,-0.025184481727637698,-2.1615809810903346,0.38428006647365953,0.5345478063374137,-0.1684211440203435,-0.12041904460283843,-0.01996377238030732,-2.0587835758868005,0.5024256488840222,0.8815962055452451,-0.08266599038467742,-0.051142561499697446,-0.023847259617080736,0.09000117304571391,0.09000117304571391,0.0,0.14594426618917478,0.4975612662775004,-0.3052242786803988,-0.002856872544481008,-0.010851461605920862,-5.027790987194231,0,0.483308877651689
53.455999999990446,-2.1427332284048224,0.5584194961305543,1.3352697504535938,-0.0015860182990052704,-0.028001276033001347,-0.02515145724614403,-2.450975074473897,-0.10018167244827081,1.2342971622444998,0.12850199270661364,-0.2272344957938336,-0.041942152591682505,-2.2546148167892692,0.20064518557606845,1.0578632758929354,0.022917787642565395,-0.1392038176747192,-0.0335486577506736,0.09000117304571391,0.09000117304571391,0.0,0.14591034839478004,0.49767280361505767,-0.3050421950862008,-0.002863821558564994,-0.010848197549806166,-5.027744903356914,0,0.48338806488807134
53.460159999990445,-2.142739752924215,0.5583028359303839,1.3351650898846226,-0.001565884654217511,-0.02799844804090111,-0.025118536553070454,-2.451720757637745,0.8212416934861377,1.370622281140473,0.05404654879404656,-0.00552884718751516,-0.15850321035934162,-2.3530567925850265,0.5109360356972453,1.2139162166022541,0.03850007025992177,-0.07225630789014931,-0.09646589706840983,0.09000117304571391,0.09000117304571391,0.0,0.1458765410938107,0.4977837987669365,-0.3048601071815773,-0.0028706973811681536,-0.010844845643389792,-5.027698522677036,0,0.48346729293254725
53.464319999990444,-2.1427461909223227,0.5581861882999646,1.3350605661029453,-0.0015451195457659094,-0.027995431300627645,-0.02508570760253157,-2.4903586087772682,0.7456998541976767,0.983168538256844,-0.014563716701018263,0.07149551246943668,-0.002714658452712678,-2.4217386971166897,0.6284679077060346,1.09853528425348,0.01184826695621296,-0.00020275130464869346,-0.04967700389655709,0.09000117304571391,0.09000117304571391,0.0,0.14584138232016464,0.4978944032477747,-0.30467806208071496,-0.002877643539875515,-0.010841375515016936,-5.027651847799734,0,0.4835465600620013
53.46847999999044,-2.1427525425774796,0.5580695541300905,1.3349561787919202,-0.001524397237625865,-0.027992200769765642,-0.02505295464602796,-2.363516193550439,0.6878473449923119,0.8475435281029091,-0.014750737662890673,-0.0777001118101299,-0.001949903899739723,-2.3926574801646265,0.6579972693679256,0.9730335937843781,-0.0015643874187277135,-0.03935108889084318,-0.025816344933108522,0.09000117304571391,0.09000117304571391,0.0,0.1458062229413951,0.49800456600167087,-0.3044961219285168,-0.0028846020634676547,-0.010837809038941864,-5.027604881343438,0,0.48362586530626017
53.47263999999044,-2.1427588080594524,0.5579529343352112,1.3348519276172675,-0.0015037156735039049,-0.027988750771038445,-0.0250202819166398,-1.797760314555862,0.6356237253508984,1.4247211572034797,0.06192672434306003,0.07593034839713719,-0.01683368272534813,-2.095076383546767,0.6469689297821976,1.1988451404950848,0.03039576901142195,0.017966791230712115,-0.02114185758487277,0.09000117304571391,0.09000117304571391,0.0,0.1457710590079141,0.4981142747413818,-0.3043142687626329,-0.002891544026340339,-0.010834155941573678,-5.02755762590026,0,0.48370520766630004
53.47679999999044,-2.142764987529137,0.5578363298541883,1.3347478122268466,-0.0014830727242707465,-0.027985075445498952,-0.024987693701017798,-2.0007961302971466,0.8452535587521173,1.966819657942685,-0.1522585866798167,-0.0724945952083682,-0.014912748870694596,-2.0482520415059606,0.7459642242017969,1.5828073300241878,-0.06103950659892735,-0.028402068216629602,-0.018304182275739298,0.09000117304571391,0.09000117304571391,0.0,0.14573588641586638,0.4982235167914407,-0.3041324843527725,-0.002898455028420858,-0.01083041983631057,-5.027510084036372,0,0.48378458611341707
53.48095999999044,-2.1427710811405354,0.5577197416433594,1.3346438322552234,-0.0014624667356169675,-0.027981170598934166,-0.024955193189551313,-2.5052588011128916,0.6249886106769976,0.7724786752281639,-0.08911704707560385,-0.05982134088364335,-0.053736988473061624,-2.2769432810225627,0.6853494748643705,1.1775261495050402,-0.07541260918519552,-0.043306982869526556,-0.0363012977436297,0.09000117304571391,0.09000117304571391,0.0,0.14570070200523885,0.4983322827936303,-0.3039507548203367,-0.002905327945435925,-0.01082660162600297,-5.027462258292369,0,0.4838639995974353
53.48511999999044,-2.1427770890431397,0.5576031706682898,1.334539987328999,-0.0014418966250579813,-0.027977034016691903,-0.024922782293903833,-2.201243459997214,0.5362945686584195,1.35021574803846,0.06470861035037001,0.21225448425603075,0.14819364418654074,-2.238957082612901,0.6112620928201342,1.2641803074831468,-0.005921700562901117,0.08463486478467808,0.05597675204056102,0.09000117304571391,0.09000117304571391,0.0,0.14566550375674506,0.49844056734592324,-0.30376907138651077,-0.002912159305030029,-0.010822701270066841,-5.027414151183617,0,0.4839434470564409
53.48927999999044,-2.1427830113839397,0.5574866178968486,1.3344362770712483,-0.0014213617920384451,-0.02797266514589251,-0.02489046186011343,-2.6201412546072653,0.5543527943293793,1.565123687163297,0.11044912848832696,-0.1225969799696901,-0.14720882622843873,-2.4293224405329727,0.5825528429589586,1.4143463441088482,0.052417619083291685,-0.01935042595372071,-0.044848606805198435,0.09000117304571391,0.09000117304571391,0.0,0.1456302906147045,0.4985483683729498,-0.30358742953049733,-0.0029189474721333384,-0.010818718602043711,-5.027365765200589,0,0.4840229274249448
53.493439999990436,-2.142788848308852,0.5573700842942899,1.3343327011046626,-0.0014008619789511174,-0.027968064614089284,-0.0248582319805532,-2.2126622306913455,0.5385044941199469,1.7037875466544317,0.040578339827583736,0.0732375211169883,-0.10844933262710893,-2.320906289406913,0.5606808224913133,1.5588435782052503,0.046437015424249724,0.026874985300573775,-0.07673093021687366,0.09000117304571391,0.09000117304571391,0.0,0.14559506220899365,0.49865568616662326,-0.30340582775079306,-0.0029256917381742012,-0.01081465363824102,-5.027317102809184,0,0.48410243963967686
53.497599999990435,-2.142794599963621,0.5572535708201531,1.3342292590535207,-0.0013803971444971658,-0.027963233792824314,-0.024826092274042696,-1.8686787506158686,0.297906997904364,1.7736214124511838,0.07281415855552067,-0.1477896955372643,-0.013701749930067099,-2.0946370027903787,0.42898616983564125,1.6662046262848957,0.0591904554578319,-0.061165827828644034,-0.04480074297104851,0.09000117304571391,0.09000117304571391,0.0,0.14555981860251704,0.4987625225148325,-0.30322426644721845,-0.0029323918626757792,-0.010810506641213698,-5.027268166451049,0,0.4841819826432339
53.50175999999043,-2.142800266494326,0.5571370784265156,1.3341259505447998,-0.0013599673692657355,-0.027958174472995166,-0.024794042093017957,-2.093304908650956,0.16931833600539375,1.4200880941139682,0.0740334271667061,-0.01721477608773537,-0.08908332364415589,-2.0938162344804607,0.29911319689502824,1.54295908304385,0.06626260287851626,-0.038504184768356306,-0.06681214385758859,0.09000117304571391,0.09000117304571391,0.0,0.14552456010255013,0.49886888005306856,-0.3030427470949971,-0.0029390478418679315,-0.010806278083923922,-5.027218958543877,0,0.48426155538613513
53.50591999999043,-2.1428058480476335,0.5570206080571313,1.3340227752087221,-0.0013395727938019584,-0.02795288865224608,-0.024762080658619304,-2.314824389017486,0.5138519653882775,1.5259707190920817,-0.07302516416774879,-0.11630554249771977,-0.17175238656505715,-2.204473505285001,0.4062414852909033,1.5341090483224171,-0.0034892982057126614,-0.07706986729862632,-0.11999973683207453,0.09000117304571391,0.09000117304571391,0.0,0.14548928713779852,0.49897476183918416,-0.302861271705377,-0.0029456597915844904,-0.01080196858755509,-5.027169481481717,0,0.48434115682783474
53.51007999999043,-2.1428113447708923,0.5569041606470896,1.3339197326789731,-0.0013192135821555651,-0.027947378409997215,-0.024730207139771358,-2.1590790025350217,0.20031538023307444,1.7542931016388819,0.013936028733508627,0.05969211157681037,0.04082968065678875,-2.181747052605297,0.30339974144273457,1.6442883587386865,0.005271717226004306,-0.008020509832714615,-0.039988873548151824,0.09000117304571391,0.09000117304571391,0.0,0.14545400018376725,0.4990801711037214,-0.3026798425090156,-0.0029522278878961116,-0.010797578864396681,-5.027119737635267,0,0.4844207859371215
53.51423999999043,-2.1428167568121537,0.5567877371227481,1.3338168225927463,-0.0012988899027647212,-0.027941645841961342,-0.024698420694429575,-2.54433089171023,0.30621343745103796,1.1420258038530777,-0.025118949874555648,0.03956614160740409,0.020943520953173582,-2.3630928796985415,0.3048893611682785,1.3931965846303476,-0.010343038736457866,0.015550696518915953,-0.009264997821262654,0.09000117304571391,0.09000117304571391,0.0,0.14541869972627175,0.4991851111183535,-0.3024984617908633,-0.002958752337004219,-0.010793109675650692,-5.027069729352167,0,0.48450044169219764
53.51839999999043,-2.1428220843201533,0.5566713384017865,1.3337140445907132,-0.0012786019198712647,-0.02793569303079164,-0.0246667204879529,-2.187066679315909,0.25281916656857173,1.7523661387775407,-0.02696153734245902,0.0284793310023727,-0.22683911201200313,-2.275134531381846,0.27891320154334553,1.5723131580703182,-0.01869719137277803,0.021982520450823412,-0.11856793443435036,0.09000117304571391,0.09000117304571391,0.0,0.145383386243058,0.49928958513743743,-0.30231713181726855,-0.002965233360002883,-0.010788561804222014,-5.027019458957283,0,0.48458012308061454
53.52255999999043,-2.142827327444281,0.5565549653933017,1.3336113983169668,-0.0012583497906696352,-0.027929522036335624,-0.024635105699125116,-2.519541160643256,0.7234796858527145,0.909668890987066,0.0058530164131965256,0.12906760227938296,-0.010548523667829499,-2.3973268286451694,0.501467353326634,1.2409651878504637,-0.006689799924197478,0.07583463602693759,-0.06492133996963376,0.09000117304571391,0.09000117304571391,0.0,0.14534806019800786,0.499393596378223,-0.3021358548101863,-0.0029716711851993666,-0.010783936039084355,-5.026968928752992,0,0.4846598290991599
53.526719999990426,-2.1428324863345525,0.5564386189979053,1.3335088834189652,-0.001238133665172677,-0.027923134895166558,-0.02460357552036246,-1.941749341410159,0.9191382787392858,1.3051560532324156,-0.10257829425906351,-0.1350177584504776,-0.12623049676877704,-2.169748092743109,0.7100250277445819,1.2727979157163618,-0.0547068903196157,-0.0296367656007036,-0.09528433845742525,0.09000117304571391,0.09000117304571391,0.0,0.1453127220419646,0.4994971480196345,-0.3019546329476501,-0.0029780660442719677,-0.010779233167366445,-5.026918141019462,0,0.484739558753744
53.530879999990425,-2.142837561141582,0.5563223001078071,1.3334064995474826,-0.0012179536870801702,-0.027916533623536077,-0.02457212915581257,-1.597038408359868,0.39773981722933943,0.800797377198215,0.020988967781468876,0.01023207125559518,0.02696546644209962,-1.8833472471945525,0.5539019479595936,1.0368494451708503,-0.016065319985948276,-0.009910828477467989,-0.03369322309098671,0.09000117304571391,0.09000117304571391,0.0,0.14527737221356038,0.49960024320859214,-0.3017734683706714,-0.0029844181703674497,-0.010774453971011132,-5.026867098014922,0,0.48481931105930015
53.535039999990424,-2.1428425520165604,0.556206009606887,1.3333042463565694,-0.0011978099948067953,-0.027909720220833552,-0.024540765819160586,-2.6701973912894266,0.8640840614600858,1.3890840168701606,-0.10747933116906734,0.09625742905686918,0.008712580488215764,-2.2770011304790265,0.7091959590755629,1.2129872374926212,-0.061886019946893335,0.042891842437150295,-0.01245447253637751,0.09000117304571391,0.09000117304571391,0.0,0.14524201114068708,0.49970288506623894,-0.30159236319165955,-0.002990727797169174,-0.010769599225827119,-5.026815801975932,0,0.48489908503970097
53.53919999999042,-2.1428474591112368,0.5560897483707518,1.3332021235035203,-0.0011777027223513696,-0.02790269667247892,-0.024509484731811977,-2.313881074987804,0.3061559992077789,1.1210912734359622,0.08972602160469285,-0.11282176039666482,-0.007578632857937917,-2.2952550465183217,0.5074387983062678,1.1670238515909674,0.014060912327459775,-0.0351018467022314,-0.010498905807053672,0.09000117304571391,0.09000117304571391,0.0,0.14520663924410998,0.4998050766942888,-0.3014113195017979,-0.002996995158445496,-0.01076466970161947,-5.02676425511765,0,0.4849788797276908
53.54335999999042,-2.142852282577903,0.5559735172667859,1.3331001306488464,-0.0011576319998653595,-0.02789546495179594,-0.024478285121724987,-1.9214241401841419,0.33016061369055943,1.1973461497830533,0.013068809304033034,0.041350507193112535,0.08416258054083009,-2.1083104484942568,0.4188864527302249,1.1823603487132184,0.01387927786610318,0.0021676768452354575,0.036787251020594554,0.09000117304571391,0.09000117304571391,0.0,0.145171256936596,0.4999068211783382,-0.3012303393754451,-0.0030032204878322932,-0.01075966616264697,-5.02671245963409,0,0.48505869416482605
53.54751999999042,-2.1428570225693777,0.5558573171541978,1.3329982674562517,-0.0011375979540145455,-0.027888027021143017,-0.02444716622271444,-2.0073592993117444,1.0777588355732262,1.0290262629794729,0.009899511501361953,-0.00870385513852074,-0.003904884083350619,-2.0578128552484722,0.7483082196753469,1.105682208672475,0.011542698900330496,-0.002819656100230359,0.017358424663469322,0.09000117304571391,0.09000117304571391,0.0,0.14513586462460754,0.5000081215900621,-0.30104942487390696,-0.0030094040187258917,-0.010754589368088888,-5.026660417698382,0,0.4851385274014208
53.55167999999042,-2.142861679238995,0.5557411488840628,1.3328965335926095,-0.0011176007081551871,-0.02788038483241701,-0.024416127274153807,-1.7157349254633631,0.658673561669183,1.5518610547041192,0.1263692351478907,-0.01014119692606098,0.0003458454552615134,-1.8865094400932534,0.7034700049249474,1.3287763017193563,0.06932740063790585,-0.006881392093639355,0.008454824735284841,0.09000117304571391,0.09000117304571391,0.0,0.14510046270892996,0.5001089809885588,-0.3008685780449382,-0.0030155459842276344,-0.010749440072385732,-5.026608131463022,0,0.4852183784964968
53.55583999999042,-2.1428662527405886,0.5556250132993663,1.332794928727939,-0.0010976403823902364,-0.02787254032714523,-0.024385167520926003,-2.033065799159031,0.4057425944733316,1.4001934463367578,-0.043217425448472784,0.02177610957248749,-0.012309833727500162,-1.9598772330392393,0.5546484134285528,1.364458712207434,0.012435610108376273,0.007972811864585492,-0.001417706797273143,0.09000117304571391,0.09000117304571391,0.0,0.14506505158358918,0.5002094024200929,-0.30068780092374103,-0.003021646617111646,-0.010744219025431209,-5.026555603060122,0,0.4852982465177311
53.55999999999042,-2.1428707432284786,0.5555089112350479,1.3326934525353828,-0.0010777170935848766,-0.02786449543642148,-0.024354286213474716,-2.294970494000428,0.543160860459643,1.1140706765133248,0.11630200248198369,-0.014863209861671276,-0.06626947311472,-2.1271845002918783,0.5488734162705388,1.2391239025738658,0.06445676037731167,-0.0033354311259599406,-0.03326189429119681,0.09000117304571391,0.09000117304571391,0.0,0.14502963163712007,0.5003093889180513,-0.30050709553289634,-0.003027706149802259,-0.01073892697265762,-5.0265028346016525,0,0.48537813054140616
53.564159999990416,-2.142875150857459,0.555392843518045,1.332592104691183,-0.0010578309553346803,-0.027856252080695698,-0.024323482607944983,-2.714482187273277,0.8434075724884296,1.2633630666488165,-0.09318676116706273,-0.09997004286592472,-0.06865612912029949,-2.4210309125848624,0.6959352647294504,1.2511024626502143,-0.014531166490700869,-0.05195627530286091,-0.05173146047716188,0.09000117304571391,0.09000117304571391,0.0,0.14499420325191237,0.5004089435025796,-0.3003264638814387,-0.0030337248143562875,-0.010733564655037196,-5.026449828179686,0,0.4854580296523573
53.568319999990415,-2.1428794757827836,0.5552768109673385,1.3324908848746566,-0.001037982077934308,-0.027847812169556386,-0.02429275596632456,-1.8906091131773812,0.5826409493379245,0.966372361132093,0.15290770201226586,-0.15133629153285794,0.021674413324254696,-2.1554989236018276,0.6389720807204861,1.108780289569059,0.06949774731468304,-0.10141948085781116,-0.014931246817767094,0.09000117304571391,0.09000117304571391,0.0,0.14495876680419667,0.5005080691800021,-0.3001459079639283,-0.0030397028424471737,-0.010728132809040008,-5.026396585866633,0,0.4855379429439196
53.57247999999041,-2.1428837181601517,0.555160814393999,1.3323897927681707,-0.0010181705683373374,-0.027839177601482388,-0.024262105556600827,-1.8814489018460325,0.7475833772291615,0.785349395435761,-0.058818548519635666,0.05569986539944097,-0.1074136687440314,-2.0185945058233004,0.6933938199095653,0.946838216816496,0.005429500821676156,-0.02261830215385221,-0.06071206255417911,0.09000117304571391,0.09000117304571391,0.0,0.14492332266403093,0.5006067689422963,-0.29996542976037716,-0.003045640465349912,-0.010722632166563831,-5.026343109715475,0,0.48561786951787417
53.57663999999041,-2.142887878145694,0.5550448546012338,1.332288828057117,-0.0009983965301311936,-0.027830350263648582,-0.024231530652884827,-2.36015188545045,0.5781432894533144,1.0454345777019742,0.02007450893240765,-0.0368092776019455,-0.019086651926924204,-2.1893347271710644,0.6356916532350144,0.9960963929203589,0.013181842985395967,-0.029937549978131184,-0.039423787043084565,0.09000117304571391,0.09000117304571391,0.0,0.14488787119485858,0.5007050457666706,-0.29978503123510397,-0.003051537913926816,-0.010717063454861129,-5.026289401759994,0,0.4856978084843922
53.58079999999041,-2.1428919558959585,0.5549289323844349,1.3321879904298857,-0.00097866006351368,-0.02782133203173027,-0.024201030535531704,-2.1316369776389656,0.9570171986184508,1.325280017470122,0.041145021176711115,-0.2613772110939841,0.05649172909771337,-2.1604009575160283,0.7958133844556192,1.160806101482527,0.027685417325675966,-0.14581906116709945,0.009445426434223091,0.09000117304571391,0.09000117304571391,0.0,0.1448524127539219,0.5008029026150376,-0.299604714336443,-0.003057395418613362,-0.010711427396464432,-5.026235464015,0,0.4857777589619795
53.58495999999041,-2.142895951567897,0.5548130485312276,1.332087279577839,-0.0009589612652788336,-0.027812124769747405,-0.024170604491236078,-2.3909675007304845,0.3306474174155584,1.1714501831529527,-0.013201156538564565,-0.1533663743494602,0.04614678168860831,-2.275712553794568,0.5629088941779721,1.166225302902938,0.006885687970206211,-0.14995085738724578,0.027263804915744892,0.09000117304571391,0.09000117304571391,0.0,0.14481694769224823,0.5009003424338041,-0.29942448099623764,-0.0030632132094047925,-0.010705724709119086,-5.026181298476553,0,0.4858577200774195
53.58911999999041,-2.1428998653188507,0.5546972038215197,1.3319866951952841,-0.0009393002288002077,-0.027802730329898977,-0.02414025181313125,-1.8125142405940635,0.45652035231160304,1.1377212033455801,-0.08738516097018927,-0.05799543014487513,-0.032112452010292364,-2.044292295125114,0.5095922274795566,1.1519061758706348,-0.04006071482505445,-0.10348736863911832,-0.0023797340197056005,0.09000117304571391,0.09000117304571391,0.0,0.14478147635420818,0.5009973681534492,-0.29924433312933296,-0.0030689915158429587,-0.010699956105717612,-5.026126907122179,0,0.48593769096571604
53.59327999999041,-2.1429036973065343,0.5545813990275512,1.3318862369794473,-0.0009196770440276458,-0.027793150552438903,-0.02410997180086128,-2.441438090002978,0.38186347972869583,1.7836131535525437,-0.002000760073762125,-0.10377049306398636,0.09065669750359703,-2.242871147323771,0.4455104138179831,1.4679528358199498,-0.02150717542904919,-0.10328924859362387,0.044042392607965095,0.09000117304571391,0.09000117304571391,0.0,0.14474599907750124,0.5010939826880467,-0.299064272633709,-0.0030747305670033457,-0.010694122294243614,-5.02607229191109,0,0.48601767077003494
53.59743999999041,-2.1429074476890237,0.5544656349139446,1.3317859046304446,-0.0009000917974898619,-0.027783387265572838,-0.024079763760641484,-2.0048252932213595,1.0140439234273677,1.0102156996764438,-0.09756874199793004,-0.1418086750849733,-0.026700670426713945,-2.124050311912305,0.7294855015444744,1.2390263123437748,-0.05914014188005216,-0.12221593683599827,0.008298304562057464,0.09000117304571391,0.09000117304571391,0.0,0.14471051619356873,0.5011901889353759,-0.2988843013886877,-0.003080430591482361,-0.010688223977724766,-5.026017454784395,0,0.48609765864164595
53.601599999990405,-2.1429111166247417,0.5543499122377558,1.3316856978512557,-0.0008805445722877376,-0.027773442285327427,-0.024049627005327447,-2.105107851948519,0.6550521283872502,1.6137579480657225,0.12323804850637701,-0.03833890024168811,-0.03220051446499751,-2.1143222703303746,0.6921897117111359,1.4263279856820055,0.03187019327816875,-0.08084122488889049,-0.012049215453455065,0.09000117304571391,0.09000117304571391,0.0,0.14467502802758025,0.5012859897761228,-0.2987044212567752,-0.0030860918173848512,-0.010682261854184527,-5.02596239766531,0,0.4861776537398636
53.605759999990404,-2.142914704272442,0.5542342317485246,1.3315856163476953,-0.0008610354481050324,-0.027763317415482738,-0.024019560854454572,-2.3879163426118586,0.6648445848079116,1.4133233841057962,0.01384001835411789,-0.05239088395831552,0.17575207427730655,-2.251092024132139,0.6784074357628049,1.420190463630171,0.022659128491430335,-0.06635358937719518,0.0821709313937875,0.09000117304571391,0.09000117304571391,0.0,0.14463953489756395,0.5013813880741497,-0.29852463408122637,-0.003091714472312321,-0.010676236616606306,-5.02590712245936,0,0.48625765523198755
53.6099199999904,-2.142918210791197,0.5541185941883268,1.331485659828386,-0.0008415645012181097,-0.02775301444748688,-0.02398956463427719,-2.2424735976391266,0.9739834508015148,1.2078431067634092,-0.08738718119816144,-0.18913908818350805,-0.04931782254931967,-2.2469646276655704,0.8258049955016579,1.313913893983507,-0.03230202751070894,-0.12816533459863833,0.015870311511097836,0.09000117304571391,0.09000117304571391,0.0,0.14460403711567488,0.5014763866760167,-0.298344941687672,-0.00309729878335062,-0.010670148952900377,-5.025851631054585,0,0.4863376622932436
53.6140799999904,-2.142921636340382,0.5540030002918253,1.3313858280047284,-0.0008221318044996001,-0.027742535160369577,-0.023959637677815795,-1.7844523754775399,0.45118803059247714,1.3738274040237526,0.0802214212188649,-0.11798689021698433,-0.03828004980597163,-2.0155389796019816,0.6382483626678889,1.3437916681506954,0.02422785978817608,-0.1230192050839685,-0.01130780971030142,0.09000117304571391,0.09000117304571391,0.0,0.14456853498711214,0.5015709884108234,-0.2981653458818956,-0.0031028449770584684,-0.0106639995458716,-5.02579592532174,0,0.48641767410672293
53.6182399999904,-2.142924981079663,0.5538874507863224,1.3312861205908748,-0.0008027374274382924,-0.02773188132069669,-0.02392977932486998,-2.2632538585195245,0.6137872740041065,1.34600752016108,-0.031164142765021927,-0.05846149487748675,-0.08365174300213139,-2.13946222842273,0.6258960863063479,1.34472634602843,-0.0038225945104497904,-0.09076243747775928,-0.0478259456399952,0.09000117304571391,0.09000117304571391,0.0,0.14453302881095975,0.5016651960900499,-0.2979858484518871,-0.0031083532794558416,-0.010657789073196307,-5.02574000711449,0,0.4864976898633227
53.6223999999904,-2.1429282451689806,0.5537719463918119,1.3311865373036995,-0.0007833814361518541,-0.02772105468251274,-0.023899988922047165,-2.242725814609729,0.46719323987101014,1.2636516540212988,-0.13356840708240642,0.06846601157833325,0.08568902728073755,-2.1913721055731044,0.5466866748357068,1.3043677450497235,-0.06890690605465852,-0.011502180169027756,0.018402893711737072,0.09000117304571391,0.09000117304571391,0.0,0.14449751887931747,0.5017590125074517,-0.2978064511656201,-0.003113823916012919,-0.010651518207401072,-5.025683878269605,0,0.486577708761685
53.6265599999904,-2.1429314287685366,0.5536564878210316,1.3310870778627713,-0.000764063893404655,-0.02771005698728823,-0.023870265822778996,-2.079486263938754,0.74773702149114,1.3417484793634762,-0.2170551165319074,-0.059688335485437435,-0.17790764205509169,-2.1358798809473827,0.6470883629034059,1.3226885202385934,-0.1429663443749672,-0.03523534162099509,-0.0798307757817318,0.09000117304571391,0.09000117304571391,0.0,0.14446200547814148,0.5018524404387399,-0.29762715577267707,-0.0031192571116386695,-0.010645187615843602,-5.025627540607149,0,0.4866577300081366
53.6307199999904,-2.142934532038781,0.5535410757795153,1.330987741990324,-0.000744784858633928,-0.027698889963910626,-0.02384060938731834,-2.445627367212902,0.940958769437241,1.4295942349008077,-0.10861079929777505,0.02278583746478371,-0.048059681274973946,-2.2909798415987805,0.7940729180815993,1.376041605420315,-0.12668379900081755,-0.006181188216643056,-0.06367920304246108,0.09000117304571391,0.09000117304571391,0.0,0.1444264888870171,0.501945482641796,-0.29744796400245355,-0.003124653090670355,-0.010638797960703512,-5.025570995930669,0,0.4867377528166287
53.634879999990396,-2.1429375551403975,0.5534257109656461,1.3308885294112291,-0.0007255443879599153,-0.027687555328613885,-0.023811018982765185,-2.6330839824977454,0.024469783366666276,1.5743632109496426,-0.11233586558357428,0.04363558626747205,0.10531082229682062,-2.4622673292162904,0.4093561546009417,1.4754225725652423,-0.11981465480568075,0.01899885073155282,0.020933291617506886,0.09000117304571391,0.09000117304571391,0.0,0.14439096937914508,0.5020381418560852,-0.29726887756556947,-0.0031300120768627706,-0.010632349898965372,-5.025514246027377,0,0.48681777640867535
53.639039999990395,-2.14294049823429,0.5533103940707086,1.3307894398529665,-0.0007063425342176045,-0.02767605478498677,-0.023781493983051696,-2.426078479940187,0.3565904826843219,1.609256271635804,0.18977889333740935,-0.0598009707854905,0.05064803838254407,-2.443778965554698,0.38284747091888294,1.5424459908399508,0.035466601530028896,-0.01986987643902273,0.03565134284817832,0.09000117304571391,0.09000117304571391,0.0,0.14435544722111388,0.5021304208030845,-0.2970898981525006,-0.0031353342933781057,-0.010625844082414168,-5.025457292668339,0,0.48689780001329386
53.643199999990394,-2.1429433614815694,0.5531951257789421,1.330690473045596,-0.0006871793469802021,-0.027664390023946876,-0.023752033768940854,-1.9505137658736267,0.6230649503540802,1.381219431160925,0.10538660734076352,0.01985133464733197,0.0065018846368836355,-2.1969242535073317,0.5029983463862762,1.4618456512889308,0.0706820157443382,0.00038986306001474323,0.0208165484073513,0.09000117304571391,0.09000117304571391,0.0,0.1443199226735272,0.5022223221856954,-0.29691102743434816,-0.003140619962775595,-0.010619281157629955,-5.025400137608646,0,0.48697782286694286
53.64735999999039,-2.1429461450435383,0.5530799067675932,1.3305916287217292,-0.0006680548725858831,-0.027652562723737836,-0.023722637728015437,-2.112109480149121,0.5519318638202775,1.2057547009262117,0.05505450829070384,-0.19372384157725991,0.11924818705325357,-2.1544009224581693,0.5270622651466494,1.3340471523361221,0.062465788787950054,-0.09653800464891753,0.06967243053903556,0.09000117304571391,0.09000117304571391,0.0,0.14428439599013546,0.5023138486886191,-0.2967322670625401,-0.0031458693070018674,-0.0106126617659867,-5.025342782587598,0,0.48705784421346243
53.65151999999039,-2.1429488490816806,0.5529647377069685,1.3304929066165014,-0.0006489691541667164,-0.027640574549920416,-0.023693305254668152,-2.113173028856303,0.772870985697697,1.4879453905361195,0.14010130244617147,0.041338655533417853,-0.03892122978483996,-2.1334955271914935,0.6500555765471365,1.410915272348316,0.10139717945887129,-0.028208525637632712,0.015921550687845915,0.09000117304571391,0.09000117304571391,0.0,0.14424886741931864,0.5024050029779824,-0.29655361866895974,-0.003151082547380853,-0.010605986543652173,-5.025285229328872,0,0.48713786330401326
53.65567999999039,-2.142951473757646,0.5528496192604878,1.3303943064675428,-0.0006299222316740548,-0.02762842715537463,-0.02366403575008619,-2.3135697287681465,0.09353596630034816,1.2303192028859624,0.11726629143576955,-0.14868151440163554,-0.15791893469556176,-2.2232892108667457,0.3714818101784053,1.320287382189859,0.10896205840226948,-0.0880460125121641,-0.0709275008994121,0.09000117304571391,0.09000117304571391,0.0,0.14421333720257726,0.5024957877013925,-0.2963750838654332,-0.0031562599046048587,-0.010599256121590248,-5.025227479540699,0,0.48721787939701594
53.65983999999039,-2.1429540192332373,0.5527345520847364,1.3302958280149502,-0.0006109141419160732,-0.027616122180322507,-0.023634828622220765,-2.4187328983435696,0.3572612212153098,0.46587985518635777,0.031529228978193165,-0.1625396920024902,-0.028804008281008743,-2.3209482124381804,0.3640335278140382,0.8930175931774067,0.07090939264569127,-0.12537918169623627,-0.04980338942435135,0.09000117304571391,0.09000117304571391,0.0,0.14417780557515936,0.5025862054880434,-0.29619666424428576,-0.0031614015987251514,-0.010592471125569068,-5.025169534916028,0,0.4872978917580904
53.66399999999039,-2.142956485670398,0.5526195368295184,1.3301974710012594,-0.0005919449185871529,-0.02760366125233144,-0.023605683285770077,-2.2362440128162335,0.6907576011895717,1.1608373151213651,0.07857899342120162,-0.04646082074580038,0.04321348040435058,-2.2784316514302394,0.5273025670050868,1.027019216819633,0.07453864353919938,-0.08657582187734625,-0.0033037071525634926,0.09000117304571391,0.09000117304571391,0.0,0.14414227276690317,0.5026762589483975,-0.2960183613780436,-0.0031665078491427065,-0.010585632176167939,-5.025111397132696,0,0.487377899659996
53.66815999999039,-2.142958873231199,0.5525045741379087,1.3300992351714171,-0.0005730145922966421,-0.027591045986329266,-0.02357659916215446,-2.456611051635899,0.41880507860738553,1.3478367145569576,-0.0330303130610407,0.14344212977978577,0.0011162200516221278,-2.3675912405058996,0.47335216593362894,1.1874325249079485,0.020732234566949375,0.028059305790280167,-0.0010904674140426714,0.09000117304571391,0.09000117304571391,0.0,0.14410673900094176,0.502765950674452,-0.295840176819778,-0.003171578874599841,-0.010578739888785778,-5.025053067853591,0,0.48745790238257114
53.672319999990385,-2.1429611820778267,0.552389664646306,1.3300011202727526,-0.0005541231906109832,-0.027578277984647282,-0.023547575679475165,-1.987582160437296,1.1759092963396698,1.240270681482217,-0.025272964322759547,-0.14125655788865715,-0.15859423041839854,-2.17763728875048,0.824341657743175,1.2135230885873267,-0.001940279777672318,-0.0565012412301933,-0.080306876306162,0.09000117304571391,0.09000117304571391,0.0,0.14407120449497252,0.5028552832395805,-0.295662112102379,-0.0031766148931715037,-0.010571794873656448,-5.024994548726812,0,0.48753789921267315
53.676479999990384,-2.1429634123725685,0.5522748089844851,1.3299031260549505,-0.0005352707380788343,-0.027565358837022512,-0.0235186122724948,-2.0946558435996963,0.3049098156789152,1.8526738685307635,-0.08891938486331374,-0.0858244831891746,-0.10328167798699533,-2.136329374206421,0.5644436216776162,1.5328873750771301,-0.046174872677502345,-0.07117642572802871,-0.09143071374297239,0.09000117304571391,0.09000117304571391,0.0,0.144035669459962,0.5029442591986402,-0.29548416873975575,-0.0031816161222571098,-0.010564797735858764,-5.024935841385831,0,0.48761788944411866
53.68063999999038,-2.142965564277803,0.5521600077756491,1.329805252270023,-0.0005164572562760769,-0.027552290120651628,-0.023489708382591096,-2.6397280561492993,0.4444120697050345,1.2325744955189601,-0.17317535570381007,0.039979888422953046,-0.027757044177962088,-2.3883944337167127,0.5045104233496448,1.3826685091853679,-0.10870708443118401,-0.01573067503307235,-0.058352183586337245,0.09000117304571391,0.09000117304571391,0.0,0.14400013410205714,0.5030328810878133,-0.295306348225898,-0.0031865827785720418,-0.010557749075334844,-5.024876947449648,0,0.48769787237762435
53.68479999999038,-2.1429676379559854,0.5520452616364816,1.3297074986722826,-0.000497682763833117,-0.027539073400211708,-0.023460863457726893,-2.0923051411059053,0.4116136029417946,1.1781263727923095,-0.11772004660401707,-0.13873254587457146,-0.14002422712492069,-2.2405919268167933,0.45777191908757703,1.2801036688688385,-0.11352215954068857,-0.076798507529656,-0.09865669151108683,0.09000117304571391,0.09000117304571391,0.0,0.14396459862064961,0.5031211514248212,-0.29512865203564925,-0.0031915150781403443,-0.010550649486905248,-5.024817868522947,0,0.4877778473207472
53.68895999999038,-2.1429696335696375,0.5519305711771987,1.3296098650183141,-0.0004789472764784241,-0.027525710227909433,-0.023432076952405404,-2.3498037601693422,-0.005379880637190304,1.1933773452968572,-0.16970142336966673,0.10764806202328585,0.14921331982049,-2.29555122095953,0.2264164597316167,1.2370501765868633,-0.14178166466027375,0.01552040823407508,0.025302358206308807,0.09000117304571391,0.09000117304571391,0.0,0.14392906321007312,0.5032090727088195,-0.29495108162376865,-0.003196413236286638,-0.01054349956028889,-5.024758606196246,0,0.4878578135878255
53.69311999999038,-2.1429715512813337,0.5518159370016007,1.329512351066949,-0.00046025080707259673,-0.027512202143522856,-0.023403348327626132,-1.88103001788488,0.5786787477805718,1.18946780591638,0.07971553875135007,0.1796378702148001,0.03201293321127071,-2.088121869643464,0.4029240134219587,1.2133253531109407,-0.03106799548152383,0.09742285961489884,0.028604878525193903,0.09000117304571391,0.09000117304571391,0.0,0.14389352805830907,0.5032966474205065,-0.2947736384267745,-0.0032012774676290273,-0.010536299880123374,-5.0246991620460495,0,0.48793777049992026
53.69727999999038,-2.1429733912536904,0.5517013597071239,1.3294149565792373,-0.00044159336564984764,-0.027498550674451054,-0.023374677050843153,-1.7144299454750795,0.6067448431103418,1.647019703634609,-0.08783214730482113,-0.1435468696413628,-0.16908109416698097,-1.901456669727041,0.5045371331411826,1.429825416681406,-0.05911525631451491,-0.022975398126352603,-0.07096464558408873,0.09000117304571391,0.09000117304571391,0.0,0.143857993348257,0.5033838780221244,-0.29459632386093904,-0.0032061079860715718,-0.010529051025987436,-5.024639537634996,0,0.4880177173847567
53.70143999999038,-2.142975153649355,0.5515868398848915,1.3293176813184209,-0.00042297495945274534,-0.02748475733575888,-0.023346062595917826,-2.356170498727816,0.43531901136720824,1.1085217448668017,-0.17244331307200675,-0.23366846355042697,0.08403924206018608,-2.129174323877182,0.46944241024950706,1.269345025017433,-0.11631022238194835,-0.12871521313078169,0.007059481805795257,0.09000117304571391,0.09000117304571391,0.0,0.14382245925729592,0.5034707669575688,-0.2944191393241317,-0.0032109050047975044,-0.010521753572423121,-5.0245797345120025,0,0.4880976535766662
53.705599999990376,-2.142976838630992,0.5514723781197656,1.329220525049908,-0.00040439559297053486,-0.027470823630228354,-0.023317504443074653,-2.1550186310765733,0.5722283552236338,1.488202091715733,-0.14141131974236357,-0.1548770464760021,-0.056299473519757684,-2.142389390525844,0.520513705303934,1.3786577706060121,-0.1295319646001975,-0.14167091526778888,-0.02451114592089381,0.09000117304571391,0.09000117304571391,0.0,0.14378692595663103,0.5035573166523367,-0.29424208619509906,-0.0032156687362625853,-0.010514408088959308,-5.024519754212411,0,0.4881775784165279
53.709759999990375,-2.1429784463612753,0.5513579749903972,1.329123487541246,-0.0003858552679815839,-0.027456751048415856,-0.023289002078850585,-2.690341676524368,0.4908373072057492,1.460196989177138,-0.06439002507137177,-0.012777936614162204,-0.021692660367992552,-2.4165024713984837,0.5056483270627276,1.4193842843416309,-0.09736223554602481,-0.0770433221222908,-0.02380121284054254,0.09000117304571391,0.09000117304571391,0.0,0.14375139361277836,0.5036435295136364,-0.29406516583338466,-0.003220399392188062,-0.010507015140137226,-5.024459598258129,0,0.4882574912517119
53.713919999990374,-2.1429799770028737,0.5512436310692775,1.329026568562096,-0.0003673539835926551,-0.027442541068720894,-0.023260554996036634,-2.009299852372408,0.44191402185831086,1.416125983282436,-0.04173479343016011,0.07038255437291586,-0.19447062798399425,-2.212984757767631,0.4739266943257139,1.4173504004509936,-0.06972607887729768,-0.003134106239419421,-0.10902050556979935,0.09000117304571391,0.09000117304571391,0.0,0.14371586238669934,0.5037294079305502,-0.29388837958031977,-0.0032250971835547843,-0.010499575285539003,-5.024399268157766,0,0.4883373914360216
53.71807999999037,-2.1429814307184416,0.5511293469227883,1.3289297678842058,-0.0003488917362727479,-0.027428195157422265,-0.02323216269364248,-2.8302455888153224,0.3307787095353605,1.1222675429516256,0.17222886425323441,-0.09518407247795796,0.020588035101345017,-2.5212615005651675,0.4021537758810797,1.2698498946863677,0.051350841382883324,-0.04917999446813478,-0.04430401601059121,0.09000117304571391,0.09000117304571391,0.0,0.14368033243378914,0.5038149542739835,-0.29371172875830465,-0.0032297623205968973,-0.010492089079811154,-5.024338765406778,0,0.4884172783296372
53.72223999999037,-2.1429828076706077,0.5510151231112518,1.3288330852813857,-0.00033046851989860723,-0.027413714768756814,-0.023203824676832536,-1.6481503340609378,0.9071958138712989,1.2975635925332154,-0.022915768730941515,0.0255764936900219,-0.12799677537751572,-2.084748853436249,0.6547318543807767,1.2834404630400997,0.014886601610043067,-0.011963824449394225,-0.08602726907792642,0.09000117304571391,0.09000117304571391,0.0,0.14364480390429304,0.5039001708966682,-0.2935352146709439,-0.003234395012795736,-0.01048455707269438,-5.024278091487597,0,0.4884971512990584
53.72639999999037,-2.1429841080219654,0.5509009601889809,1.328736520529482,-0.0003120843257963759,-0.0273991013449913,-0.023175540456866518,-2.146182261688702,0.7808172284287496,1.2645966039218595,-0.021583078083350294,0.018438045479014675,-0.19617166331392463,-2.1155113918596484,0.7178119397250794,1.273610319409056,-0.0030995985954579432,0.00411728945867319,-0.14106796113535375,0.09000117304571391,0.09000117304571391,0.0,0.14360927694393777,0.5039850601335403,-0.2933588386042535,-0.00323899546887414,-0.010476979809054956,-5.024217247869768,0,0.48857700971704976
53.73055999999037,-2.1429853319350602,0.5507868587043291,1.3286400734063526,-0.00029373914277035305,-0.02738435631645769,-0.02314730955106581,-2.0007576895408836,1.0328111139441147,1.7072922956888081,-0.001108282514069729,0.1838696605089967,0.018629168317317882,-2.0581366051647754,0.8756959692644767,1.490494124457087,-0.0018337139273297432,0.09408069521363352,-0.061726847952231705,0.09000117304571391,0.09000117304571391,0.0,0.14357375169221032,0.5040696243013689,-0.29318260182530204,-0.003243563896791168,-0.010469357828909138,-5.024156236010083,0,0.4886568529625831
53.73471999999037,-2.142986479572382,0.5506728191997388,1.3285437436918413,-0.00027543295716130946,-0.027369481101669278,-0.02311913148272656,-1.8884678265449535,0.7088717933351663,1.3237064008439285,0.09251667056486333,0.027125837919706332,-0.08058025769570878,-1.973109456192201,0.7923392022721604,1.4069315650456453,0.045748756166410165,0.060575157516118264,-0.07118796697027369,0.09000117304571391,0.09000117304571391,0.0,0.1435382282846987,0.5041538656994555,-0.2930065055838459,-0.003248100503736351,-0.010461691667461321,-5.024095057352705,0,0.48873668042078405
53.73887999999037,-2.1429875510963523,0.5505588422117915,1.3284475311677533,-0.00025716575286625876,-0.02735447710733371,-0.02309100578109932,-1.9347194448987994,0.5185928966290276,1.3419604200282578,-0.1723660102966551,-0.08432577997217987,-0.03133772943209824,-1.9542713566649856,0.655287653955677,1.3743794920854047,-0.06393972811480714,-0.011344430645428026,-0.05084983354547563,0.09000117304571391,0.09000117304571391,0.0,0.14350270685137237,0.5042377866089968,-0.2928305511109718,-0.0032526054961247454,-0.010453981855127008,-5.024033713329302,0,0.48881649148287565
53.743039999990366,-2.1429885466693164,0.5504449282712562,1.3283514356178312,-0.00023893751139377926,-0.027339345728469494,-0.023062931981302656,-2.3905151757402487,0.974496181068909,1.4850738138572461,0.1502345163202873,-0.039236515642247005,-0.0030470907829989076,-2.1720824558693472,0.8148114220729037,1.429720738347558,0.04247036273340537,-0.024750974334908273,-0.026782580932608897,0.09000117304571391,0.09000117304571391,0.0,0.14346718751742632,0.5043213892937831,-0.2926547396207335,-0.0032570790795919385,-0.010446228917570124,-5.02397220535917,0,0.4888962855461243
53.747199999990364,-2.1429894664535327,0.5503310779031376,1.32825545682773,-0.0002207482118994124,-0.027324088348462672,-0.023034909624277344,-1.9212366541362154,0.8978659127101783,1.1209528166621852,0.0709855058848104,0.015573682468555894,-0.02768757532739159,-2.0465106851975476,0.8563725099493644,1.2752764549766675,0.05698252616016735,-0.00500887166133489,-0.02695970315759907,0.09000117304571391,0.09000117304571391,0.0,0.14343167040369936,0.5044046760000439,-0.29247907230900977,-0.003261521458989179,-0.010438433375734829,-5.023910534849363,0,0.48897606201378585
53.75135999999036,-2.1429903106111627,0.5502172916267246,1.3281595945849936,-0.0002025978312201474,-0.027308706339127877,-0.02300693825673348,-1.8153445929530134,0.569360522309325,1.2552630573692445,-0.03085403359925756,-0.09835686686113689,-0.0662495855638344,-1.930990336938458,0.7126603286526529,1.265132415375989,0.0131371616383713,-0.05186937786476647,-0.04688892857934877,0.09000117304571391,0.09000117304571391,0.0,0.14339615562559543,0.5044876489564524,-0.2923035503545003,-0.0032659328383789943,-0.010430595745875387,-5.02384870319481,0,0.4890558202950514
53.75551999999036,-2.1429910793042626,0.5501035699556379,1.3280638486790308,-0.000184486343923438,-0.027293201060805794,-0.022979017431079846,-2.4327980153945843,0.4603815180143179,0.8680455883112967,-0.04338669108189093,0.055474109732322155,0.012072648788592242,-2.181987160847678,0.5866325720527112,1.0666114740387136,-0.015491279928085239,0.0027429856388468824,-0.017479252558502974,0.09000117304571391,0.09000117304571391,0.0,0.1433606432945701,0.5045703103745051,-0.29212817491908327,-0.003270313421030514,-0.010422716539592876,-5.02378671177844,0,0.48913555980499435
53.75967999999036,-2.1429917726947725,0.5499899133978778,1.3279682189010917,-0.00016641372233706616,-0.02727757386241414,-0.022951146705381384,-2.007343904259301,0.5183860197601087,1.2544881502679919,-0.056585482322346975,0.04533996949424485,0.17895729973290497,-2.094782021075686,0.5526021445569594,1.1609235766470665,-0.03602881302985736,0.024509785869326676,0.08061881555148658,0.09000117304571391,0.09000117304571391,0.0,0.14332513351683895,0.5046526624483134,-0.2919529471464599,-0.0032746634094154535,-0.010414796263865267,-5.0237245619713,0,0.48921527996451697
53.76383999999036,-2.1429923909445083,0.5498763224558714,1.3278727050442447,-0.00014837993660038787,-0.027261826081557222,-0.022923325643276524,-2.5600576683642853,0.4482876730463746,1.139841313927707,0.00804230701453854,-0.05954846597731074,-3.953705155282372e-06,-2.327406307475167,0.5003212154651766,1.150382076234938,-0.014027443125937088,-0.017944636874535423,0.04041515554461819,0.09000117304571391,0.09000117304571391,0.0,0.14328962639443665,0.5047347073549313,-0.29177786816443685,-0.0032789830052039476,-0.010406835421086665,-5.023662255132676,0,0.4892949802002982
53.76799999999036,-2.142992934215153,0.549762797626519,1.3277773069033534,-0.00013038495469267896,-0.027245959044569154,-0.02289555381394252,-2.2277971715865412,-0.13141804332436458,1.755052918286446,-0.15328935578348993,-0.17539214729802816,-0.04636505674491097,-2.27791976569502,0.18408431034925846,1.4526252574262344,-0.0837044093250748,-0.09759855928402887,-0.002953509643096322,0.09000117304571391,0.09000117304571391,0.0,0.14325412202499452,0.5048164472544139,-0.2916029390837882,-0.0032832724092605793,-0.010398834509097094,-5.023599792610204,0,0.4893746599447418
53.77215999999036,-2.1429934026682464,0.5496493394012415,1.3276820242750533,-0.00011242874247901602,-0.02722997406661731,-0.022867830792019976,-2.1183506510624603,0.2832400503802878,1.060294481932465,0.03919636518481587,-0.21830128453768205,-0.04821299656924917,-2.1980525892438183,0.23320940187407346,1.2563578844364611,-0.02224998757458833,-0.15822492357774298,-0.026081252910423982,0.09000117304571391,0.09000117304571391,0.0,0.14321862050173173,0.5048978842898785,-0.29142816099818614,-0.003287531821640895,-0.010390794021220057,-5.023537175739993,0,0.48945431863592415
53.776319999990356,-2.142993796465179,0.5495359482660258,1.32758685695773,-9.451126374380417e-05,-0.027213872451761552,-0.022840156157563046,-2.635605184134502,0.6755987958792606,1.2284555607643364,-0.1749816132364592,0.14327111421032002,-0.11523166266642183,-2.4171968208909336,0.45470449142633296,1.242165567293215,-0.09816568971634897,-0.007158259670443767,-0.07003453233135479,0.09000117304571391,0.09000117304571391,0.0,0.14318312191344634,0.5049790205876714,-0.2912535349854154,-0.0032917614415877597,-0.010382714446294853,-5.023474405846732,0,0.48953395571754355
53.780479999990355,-2.1429941157671797,0.5494226247014714,1.3274918047514968,-7.663248023402928e-05,-0.027197655493049016,-0.022812529495973077,-1.986163913295025,0.16720549510066401,1.680565947375119,0.08665167183497188,0.1210946138941333,0.012196805693072073,-2.201497924036989,0.31120427295647096,1.4613939915093856,-0.00538125841417679,0.0572397255435221,-0.028826743140888903,0.09000117304571391,0.09000117304571391,0.0,0.14314762634450642,0.5050598582573755,-0.29107906210709367,-0.003295961467527985,-0.010374596268713593,-5.023411484243804,0,0.4896135706388687
53.784639999990354,-2.1429943607353117,0.5493093691828356,1.327396867458172,-5.879235169861934e-05,-0.02718132447259535,-0.022784950397938954,-2.3906894167716253,0.9809902423692547,1.94581392031177,-0.044173725824564074,-0.030136900522259875,0.03849337110920581,-2.2961867989287508,0.646037465374222,1.7036853380143469,-0.024811266970079442,0.014420218140188644,0.005825642532235686,0.09000117304571391,0.09000117304571391,0.0,0.14311213387569707,0.5051403993920852,-0.29090474340839056,-0.0033001320970690016,-0.010366439968457748,-5.0233484122333945,0,0.48969316285468917
53.78879999999035,-2.1429945315304613,0.5491961821800787,1.3273020448812578,-4.0990835922502956e-05,-0.027164880661659396,-0.022757418459379376,-2.703718240787158,0.2284696709118213,1.0995801439804282,-0.2054671700451453,-0.13667928459469608,-0.09293924033009845,-2.500383037043002,0.4369673996690145,1.401437043991929,-0.11498352396791355,-0.06162108169116878,-0.0444357616833031,0.09000117304571391,0.09000117304571391,0.0,0.1430766445831434,0.505220646068414,-0.29073057991860285,-0.0033042735269961498,-0.010358246021132902,-5.0232851911066065,0,0.4897727318252647
53.79295999999035,-2.142994628313331,0.5490830641579091,1.3272073368259187,-2.3227888765266257e-05,-0.027148325320719504,-0.022729933281386415,-1.940185946257258,0.13576631657164667,1.017880422371273,0.09413749159417742,0.06666095458913324,-0.11581260811104524,-2.2200861824937412,0.28650339116747675,1.2094165328732387,-0.009756466191806468,0.0025175685755613303,-0.08077859439670859,0.09000117304571391,0.09000117304571391,0.0,0.14304115853915716,0.5053006003467172,-0.29055657265173174,-0.003308385953269495,-0.01035001489800318,-5.023221822143561,0,0.48985227701627637
53.79711999999035,-2.142994651244432,0.5489700155758276,1.3271127430989598,-5.5034642001267065e-06,-0.02713165969956308,-0.022702494470162943,-2.7419219993755717,0.7784754047982739,1.486936571271873,-0.06885525587089084,-0.07636764895580561,-0.03249645985768508,-2.4811501074170894,0.5323352997694378,1.3481095495638256,-0.039711745314377815,-0.037545901298359066,-0.05599015859582649,0.09000117304571391,0.09000117304571391,0.0,0.14300567581222914,0.5053802642710468,-0.2903827226055629,-0.0033124695710211706,-0.010341747066028048,-5.023158306613505,0,0.489931797898777
53.80127999999035,-2.142994600484075,0.5488570368881719,1.3270182635088057,1.2182485652282833e-05,-0.027114885037359093,-0.02267510163696636,-2.3142065643730887,1.2458781179876026,1.0432512745180593,0.19347581792157664,-0.11961863761058625,-0.09529597891489096,-2.39727534081198,0.8888620010957091,1.1954809881850552,0.07715425687061811,-0.07814546366035667,-0.07608400488935205,0.09000117304571391,0.09000117304571391,0.0,0.14297019646637965,0.5054596398693743,-0.29020903076288557,-0.003316524574552922,-0.01033344298789674,-5.023094645774919,0,0.49001129394914256
53.80543999999035,-2.142994476192365,0.5487441285441604,1.3269238978654805,2.983001047927316e-05,-0.027098002562759023,-0.022647754398039916,-2.5230769231869377,0.4164480151268595,0.7841166109727977,-0.029348574850692498,-0.02612777979673616,-0.09488749325361881,-2.4602375069365716,0.6525982859004235,0.9895991387797802,0.023645417180557817,-0.05258641804700667,-0.08576388417448497,0.09000117304571391,0.09000117304571391,0.0,0.14293472056243356,0.5055387291536536,-0.2900354980914305,-0.003320551157333411,-0.01032510312206756,-5.023030840875619,0,0.4900907646490239
53.80959999999035,-2.142994278529191,0.5486312909879356,1.3268296459805864,4.743916174640027e-05,-0.027081013493964863,-0.022620452374562908,-2.1879684790806273,0.16102622646978354,1.5326491383823615,-0.053487046502332186,-0.05319975196022498,0.04404624856799021,-2.3242110014703274,0.40669819430567244,1.26122012879319,-0.015559162165869741,-0.05290834830189315,-0.02114375615968825,0.09000117304571391,0.09000117304571391,0.0,0.14289924815715807,0.5056175341201513,-0.2898621255435938,-0.0033245495119962297,-0.010316727922802443,-5.022966893152856,0,0.49017020948529955
53.813759999990346,-2.1429940076542215,0.5485185246586073,1.326735507667284,6.5009992659856e-05,-0.027063919038811682,-0.022593195192590315,-2.360167679284576,0.7866999029558965,0.9810155153884785,0.15281724774344602,-0.021703704064972597,0.06200319710791788,-2.341872282475682,0.596655844742064,1.121244628979205,0.06888076648723439,-0.03696188115518126,0.020519234850362434,0.09000117304571391,0.09000117304571391,0.0,0.1428637793034688,0.5056960567492431,-0.2896889140572315,-0.003328519830337662,-0.010308317840202388,-5.022902803833419,0,0.4902496279500275
53.817919999990345,-2.142993663726896,0.5484058299902954,1.3266414827402715,8.25425581302122e-05,-0.02704672039484991,-0.022565982482996173,-2.1636402306101448,0.7091347000824731,1.5186394555373852,-0.08110161990990077,0.08407872478594668,-0.059990888603067116,-2.252922186431706,0.6530700948116016,1.3198193778061673,-0.006827828350317467,0.023957450442954314,-0.019410478096370715,0.09000117304571391,0.09000117304571391,0.0,0.1428283140510641,0.5057742990057982,-0.28951586455495626,-0.003332462303314544,-0.010299873320243185,-5.022838574133734,0,0.49032901954039904
53.82207999999034,-2.1429932469064177,0.5482932074121728,1.3265475710157657,0.00010003691473844598,-0.027029418749428775,-0.0225388138814124,-2.371187290635145,0.46867709923395656,1.3542165792360434,0.02339702682589164,-0.025639336855083388,-0.051186616185518216,-2.312006384233924,0.5608179967382477,1.3369112071506177,0.008034205234229895,-0.0003661050431604378,-0.03503426847078031,0.09000117304571391,0.09000117304571391,0.0,0.14279285244577683,0.505852262839083,-0.28934297794557534,-0.0033363771210426817,-0.010291394804811383,-5.022774205259962,0,0.49040838375869183
53.82623999999034,-2.142992757351748,0.5481806573485071,1.3264537723114815,0.00011749312069946874,-0.027012015279779557,-0.022511689028173788,-1.8570973598603815,0.4092825847837327,0.7364595572785636,0.04020715537984542,-0.07209920595697125,0.05792397254003108,-2.084464864522794,0.48489977964578096,1.0368005958426185,0.024025054454951966,-0.036474975972969816,0.01195094575721763,0.09000117304571391,0.09000117304571391,0.0,0.14275739452978092,0.5059299501830932,-0.2891702551227478,-0.003340264472795045,-0.010282882731740453,-5.022709698408096,0,0.4904877201122237
53.83039999999034,-2.142992195221599,0.5480681802187024,1.3263600864466139,0.00013491123582418715,-0.026994511153107706,-0.022484607568251307,-1.8608608491300676,0.7231470842317866,1.390879183387584,-0.042418928738974154,-0.23343083154066335,0.037580268065198444,-1.972749956357221,0.6035399622972064,1.2139214213230025,-0.008983973110829454,-0.1351290583545197,0.02433689461409996,0.09000117304571391,0.09000117304571391,0.0,0.14272194034222607,0.5060073629566182,-0.28899769696706523,-0.0033441245470001366,-0.010274337534848871,-5.022645054764055,0,0.4905670281133077
53.83455999999034,-2.142991560674426,0.5479557764373414,1.3262665132418172,0.00015229132149301042,-0.02697690752665319,-0.02245756915121246,-1.6120946877155222,0.6793545070107183,1.18472704255834,-0.05890738939744377,0.025986245900083454,-0.03303514997545276,-1.7925442280662447,0.641502211742998,1.199255924113791,-0.033026945604633734,-0.054772100210237505,-0.004638099252181216,0.09000117304571391,0.09000117304571391,0.0,0.14268648991816218,0.5060845030631465,-0.2888253043440695,-0.0033479575312406443,-0.010265759643972363,-5.022580275503782,0,0.49064630727920583
53.83871999999034,-2.1429908538684233,0.5478434464142256,1.3261730525191875,0.00016963344060898482,-0.026959205547809114,-0.022430573431139324,-1.7908025041774114,0.1629736479983071,1.0135043281139493,0.056628238925708826,-0.016524664067931356,-0.07007808790352454,-1.7915554092412542,0.4022022503080264,1.1062324903726786,0.011718165826885278,-0.036631620131540615,-0.03707715326774424,0.09000117304571391,0.09000117304571391,0.0,0.14265104329024297,0.5061613723914651,-0.2886530781059054,-0.003351763612251947,-0.010257149485005595,-5.0225153617933325,0,0.49072555713208554
53.84287999999034,-2.1429900749615167,0.5477311905544167,1.3260797041022432,0.00018693765758471344,-0.02694140635414386,-0.02240362006660847,-1.7370485203996953,0.4712234146914074,1.5400782548833716,-0.03486049001161649,-0.10374267178960986,-0.06043316502136259,-1.7643726660593484,0.43649857782597373,1.3230305278801533,-0.012253929985903111,-0.07068488863440622,-0.04770478799119867,0.09000117304571391,0.09000117304571391,0.0,0.14261560048722396,0.5062379728152451,-0.2884810190910513,-0.003355542975921053,-0.010248507479928132,-5.022450314788968,0,0.49080477719897425
53.847039999990336,-2.142989224111357,0.5476190092582769,1.3259864678159075,0.00020420403828968353,-0.02692351107354421,-0.02237670872059982,-2.106568911579871,0.10543514404968196,0.836080362738214,-0.15632594825844626,-0.007297088943627239,0.042341707998056574,-1.935798367473604,0.27094945184415475,1.0796392085330697,-0.08426594919659007,-0.03903603676792963,-0.0022550921617556395,0.09000117304571391,0.09000117304571391,0.0,0.14258016153459668,0.5063143061935348,-0.2883091281249057,-0.003359295807285638,-0.010239834046847996,-5.022385135637251,0,0.4908839670117161
53.851199999990335,-2.1429883014753153,0.5475069029215092,1.3258933434864888,0.00022143265002573715,-0.026905520824266668,-0.02234983906046037,-2.615072059712812,0.8407754745032282,1.6503683310272041,0.001873015935029101,0.024985203945645847,-0.014399689919339573,-2.2754363099248356,0.5559167748240758,1.3649783916282054,-0.041087086487953464,-0.006238921942629233,-0.008605073967874924,0.09000117304571391,0.09000117304571391,0.0,0.14254472645522437,0.5063903743706666,-0.2881374060184482,-0.00336302229053284,-0.0102311296000348,-5.022319825475127,0,0.49096312610692794
53.855359999990334,-2.1429873072104755,0.5473948719351966,1.3258003309416644,0.00023862356149747035,-0.026887436715017234,-0.022323010757845794,-1.9462551203313319,0.2453310627599104,1.1187119327504145,-0.056675489878944635,-0.035721215522944584,0.07436897864706214,-2.1109619610827095,0.4005478800377104,1.2419979238439798,-0.04856004024032658,-0.0211866989774421,0.03297300737760359,0.09000117304571391,0.09000117304571391,0.0,0.14250929526826722,0.5064661791765903,-0.2879658535707517,-0.0033667226089987307,-0.010222394549953415,-5.022254385430021,0,0.49104225402595675
53.85951999999033,-2.1429862414736305,0.5472829166858423,1.3257074300104617,0.0002557768427726931,-0.02686925984505038,-0.022296223488660488,-1.9802711650292235,0.569662496727743,1.678738700410603,-0.016472122550761942,-0.035838433659312455,-0.06017664581282439,-2.0456503789135088,0.48503008413097,1.4602470649515809,-0.032292704068885736,-0.027672697057415402,-0.014010536746983476,0.09000117304571391,0.09000117304571391,0.0,0.14247386799045922,0.5065417224268344,-0.2877944715672188,-0.003370396945167386,-0.010213629303302147,-5.022188816619918,0,0.4911213503148366
53.86367999999033,-2.142985104421275,0.5471710375554081,1.3256146405232407,0.00027289256526209066,-0.02685099130421937,-0.02226947693301856,-2.216186096509656,0.9206279627286382,1.683586341494142,0.03778625603892745,-0.14926666288687956,0.0008661654460548791,-2.1308398914020557,0.7025215414651583,1.5719200097017578,0.0022877471393208796,-0.08843317334280666,-0.0065452809979195635,0.09000117304571391,0.09000117304571391,0.0,0.14243844463503366,0.5066170059225729,-0.2876232607803836,-0.0033740454806704383,-0.01020483426304274,-5.022123120153455,0,0.4912004145242465
53.86783999999033,-2.1429838962096013,0.5470592349213536,1.3255219623116776,0.0002899708016760456,-0.026832632173092622,-0.022242770775169448,-2.2173950851054074,0.4751216575796848,1.1817041125868706,-0.06251156015217417,-0.021699790518512927,0.058029970634575864,-2.1742477488602563,0.588773847647732,1.3769302485261552,-0.030284365655365422,-0.054577550245418965,0.02563374463880995,0.09000117304571391,0.09000117304571391,0.0,0.14240302521257248,0.5066920314510144,-0.28745222197050124,-0.003377668396286562,-0.01019600982844024,-5.022057297130002,0,0.4912794462094683
53.87199999999033,-2.1429826169944928,0.5469475091566743,1.3254293952087466,0.00030701162600144756,-0.026814183523010716,-0.02221610470345953,-2.2324715299216376,0.7673129028411529,1.451860309763985,-0.017122014374361123,-0.05740201010891694,-0.07896497949817814,-2.2033954807917118,0.6779245531378939,1.4142321488664695,-0.023790251649891708,-0.05566411041498887,-0.026942742297860606,0.09000117304571391,0.09000117304571391,0.0,0.14236760973078735,0.5067668007852564,-0.28728135588485487,-0.0033812658719410823,-0.010187156395095293,-5.021991348639748,0,0.4913584449303456
53.87615999999033,-2.14298126693152,0.5468358606299403,1.3253369390487038,0.00032401511347078743,-0.026795646416168724,-0.022189478410276405,-1.947319342219835,0.44020188062738824,1.4415609579069564,0.13241585355064125,-0.10303043620116936,0.16066788341047056,-2.075080886267909,0.5588471951071277,1.4282312692090253,0.05463351190994535,-0.07931635073694056,0.06668704741479209,0.09000117304571391,0.09000117304571391,0.0,0.1423321981945144,0.5068413156845141,-0.28711066325877405,-0.0033848380867057357,-0.01017827435497791,-5.021925275763786,0,0.4914374102512424
53.88031999999033,-2.142979846175934,0.5467242897053332,1.3252445936670705,0.00034098134053043953,-0.026777021905701706,-0.022162891591994867,-2.8947431364578313,0.6098560875311025,1.482270106389464,-0.2199507465979654,-0.14306732087727203,0.013595718619446785,-2.4853752565495117,0.5840544522819154,1.4552800728576236,-0.08263216980201543,-0.11120212933850189,0.03979462325152157,0.09000117304571391,0.09000117304571391,0.0,0.14229679060592273,0.506915577894243,-0.286940144815371,-0.0033883852187985334,-0.01016936409646265,-5.021859079574191,0,0.49151634174100267
53.884479999990326,-2.142978354882664,0.5466127967426841,1.3251523589006167,0.00035791038481383186,-0.026758311035755676,-0.02213634394892988,-2.208616462890546,0.5105379798870029,1.343119987574002,0.06608402323400628,0.0616445337428708,-0.0995092844584999,-2.346855485827667,0.5474231580611372,1.398992171437628,-0.008756941448173638,-0.024423254115581976,-0.02980152302677347,0.09000117304571391,0.09000117304571391,0.0,0.1422613869642957,0.5069895891462615,-0.28676980126549084,-0.003391907445583719,-0.010160426004361428,-5.021792761134106,0,0.4915952389729099
53.888639999990325,-2.1429767932063095,0.5465013820975109,1.3250602345873448,0.0003748023251083885,-0.026739514841577976,-0.022109835185277687,-2.495137972097478,0.4004334316023339,0.9920750142320272,0.24327222471954038,-0.0215061541225313,-0.01204945004434808,-2.4204919642238263,0.4738803717959417,1.1955051499987592,0.11733614415685047,-0.02192517460525679,-0.020670368095223806,0.09000117304571391,0.09000117304571391,0.0,0.14222598726666735,0.5070633511588738,-0.28659963330830407,-0.0033954049435717514,-0.0101514604599592,-5.02172632149782,0,0.49167410152464747
53.892799999990324,-2.142975161301137,0.5463900461210544,1.3249682205664737,0.0003916572413348808,-0.02672063434957319,-0.02208336500907904,-1.9332000278757524,0.7309136007852975,1.338092456533836,-0.14522973185363297,-0.06389061175499164,-0.18806143056589314,-2.177144081341591,0.6022661779759848,1.2664079267130954,-0.014208158642046073,-0.04304162691037409,-0.10401282932007605,0.09000117304571391,0.09000117304571391,0.0,0.14219059150674876,0.5071368656368865,-0.28642964163104445,-0.0033988778884195938,-0.010142467841043779,-5.021659761710844,0,0.49175292897825856
53.89695999999032,-2.1429734593210767,0.5462787891603151,1.324876316678423,0.00040847521450792525,-0.026701670577410883,-0.02205693313215105,-2.133342187249657,0.9794222927485703,1.5998409084383023,0.1270024766277304,0.012508437579712147,0.11016177355329974,-2.1549782050064334,0.79087143320196,1.433356449999267,0.05616629730394498,-0.014568852137648775,0.002788637658914981,0.09000117304571391,0.09000117304571391,0.0,0.14215519967663331,0.5072101342719995,-0.2862598269096029,-0.003402326454930665,-0.01013344852194372,-5.0215930828099955,0,0.4918317209201082
53.90111999999032,-2.1429716874197156,0.5461676115580898,1.3247845227647979,0.0004252563267198821,-0.026682624534074533,-0.022030539270054703,-1.8680981877021972,0.4453083899095939,1.409573777598378,0.05255361910473349,-0.05667973433860377,0.017342228865679335,-2.011425780955168,0.61797017495427,1.4215003171774014,0.05383224797910912,-0.03589743993735302,0.010401825679664998,0.09000117304571391,0.09000117304571391,0.0,0.14211981176529648,0.5072831587425559,-0.28609018980869494,-0.003405750817055555,-0.010124402873557623,-5.021526285823471,0,0.49191047694084344
53.90527999999032,-2.142969845750294,0.5460565136530067,1.3246928386683727,0.0004420006611078331,-0.026663497219950046,-0.022004183142040556,-1.827560841588637,0.27062713692410034,1.0060295215240234,0.042903253054540076,-0.1577829392863415,-0.03875747530246935,-1.9194027257222914,0.44396717943842523,1.213680987612766,0.048338907330413634,-0.09641788323048163,-0.013977503817467271,0.09000117304571391,0.09000117304571391,0.0,0.14208442775923183,0.5073559407138799,-0.28592073098095827,-0.003409151147892251,-0.010115331263387699,-5.021459371770926,0,0.4919891966353557
53.90943999999032,-2.142967934465703,0.5459454957795612,1.324601264233077,0.0004587083018237969,-0.02664428962691154,-0.021977864470991433,-2.015379860901789,0.9444728764442583,1.4548887978758138,0.11867853847089256,-0.05184020222427937,0.10118263563077368,-1.96714397454985,0.6941150208609199,1.3344966086812218,0.08295488637798541,-0.07380336277485941,0.04380140301477727,0.09000117304571391,0.09000117304571391,0.0,0.14204904764308843,0.507428481838455,-0.28575145106861727,-0.0034125276196865983,-0.010106234055574748,-5.021392341663548,0,0.49206787960274256
53.91359999999032,-2.142965953718478,0.5458345582681513,1.3245097993039794,0.0004753793340162712,-0.026625002738376476,-0.021951582983389246,-1.9316125028683975,0.6575738599963893,1.1567109201403523,0.17545657369298695,-0.1290609762200018,0.032543081111372774,-1.9490124676821856,0.6755778672396203,1.2456706445682615,0.1289219684137843,-0.10245069250241841,0.037963534202801096,0.09000117304571391,0.09000117304571391,0.0,0.14201367139881205,0.5075007837558353,-0.28558235070279725,-0.003415880403833144,-0.010097111610927323,-5.02132519650413,0,0.49214652544627047
53.91775999999032,-2.1429639036607955,0.5457237014451122,1.3244184437272741,0.0004920138438015896,-0.026605637529384794,-0.02192533840926518,-2.7627895426125564,0.3128033229610924,1.329095194992344,0.09260222370134004,-0.06322355547481254,-0.12581716967109818,-2.3557125694937344,0.4940557541975858,1.2871212321373537,0.11003349051281462,-0.08245533061425502,-0.043639685228748046,0.09000117304571391,0.09000117304571391,0.0,0.14197829900564013,0.5075728480929308,-0.2854134305036934,-0.0034192096708757103,-0.010087964286953166,-5.02125793728715,0,0.49222513377333715
53.921919999990315,-2.1429617844444695,0.545612925632751,1.3243271973502653,0.0005086119182300325,-0.02658619496669729,-0.021899130482138762,-1.9233894316360394,0.7233897173035899,1.3848063075515729,0.12299023329272384,-0.14148923676605749,-0.14896958341857788,-2.1392931288867194,0.6084311036527744,1.3356532598233997,0.11697725384620775,-0.11247657565940794,-0.09565300748471373,0.09000117304571391,0.09000117304571391,0.0,0.14194293044159462,0.5076446764639729,-0.28524469108074035,-0.0034225155905079777,-0.010078792437895763,-5.021190564998838,0,0.4923037041954353
53.926079999990314,-2.1429595962209476,0.5455022311493808,1.3242360600213527,0.000525173645274351,-0.026566676008835475,-0.021872958938991407,-2.2269177081987097,0.9770017398300717,1.3689166178580052,-0.039264903772854784,-0.1664529009651419,0.006844108933417064,-2.1831875158928353,0.7923741325747348,1.3523000576330209,0.03877690147071387,-0.14010991198086087,-0.04472378573034032,0.09000117304571391,0.09000117304571391,0.0,0.14190756568155466,0.5077162704709074,-0.2850761330327822,-0.003425798331574788,-0.010069596414760946,-5.021123080617248,0,0.49238223632811573
53.93023999999031,-2.1429573391413066,0.5453916183093551,1.3241450315900185,0.0005416991137965965,-0.026547081606170846,-0.021846823520211108,-2.3206775715793846,0.348749051406317,1.5955043842641774,-0.0005014830270568554,-0.03773904751481978,-0.0889947625021103,-2.2519341625866782,0.5704800088992177,1.4737184060679984,0.018954473071518933,-0.08893934389784393,-0.0666592092824558,0.09000117304571391,0.09000117304571391,0.0,0.14187220469853448,0.5077876317029862,-0.2849077569486719,-0.0034290580620726834,-0.010060376565349251,-5.021055485112336,0,0.4924607297909513
53.93439999999031,-2.14295501335625,0.5452810874231009,1.324054111906812,0.000558188413521652,-0.026527412701010604,-0.0218207239695426,-2.272201474104595,1.1373608171452319,1.1663068900086249,-0.17545322467702565,-0.007503283285793357,-0.013037501103962654,-2.2624336794583266,0.8539092544139585,1.3199847248060466,-0.07786106849628534,-0.04845793347401328,-0.04049875254148823,0.09000117304571391,0.09000117304571391,0.0,0.14183684746368033,0.5078587617375887,-0.2847395634065874,-0.0034322949491511013,-0.010051133234290058,-5.020987779446021,0,0.49253918420750153
53.93855999999031,-2.1429526190161043,0.5451706387971523,1.323963300823337,0.0005746416350221257,-0.026507670227640244,-0.021794660034057483,-2.154535983887799,0.3979488516324401,1.3075163038738131,-0.09074454565665602,0.11143984867995857,0.012350342711131963,-2.208673570220573,0.6261581019185143,1.3137760474627729,-0.08394253416634,0.031265391871637994,-0.014044898040303871,0.09000117304571391,0.09000117304571391,0.0,0.14180149394605335,0.5079296621396534,-0.2845715529746309,-0.003435509159113453,-0.010041866763067722,-5.020919964572265,0,0.49261759920527715
53.94271999999031,-2.142950156270814,0.5450602727341839,1.3238725981922366,0.0005910588696899034,-0.02648785511241366,-0.021768631464100748,-2.365952624452773,0.5867253894849318,1.40197535085869,-0.17812662160652348,0.02010670087898516,-0.18085827648721892,-2.287684679904541,0.6064839151629117,1.357500632555417,-0.1310363299451975,0.02538669930954308,-0.09767949072240784,0.09000117304571391,0.09000117304571391,0.0,0.14176614411198424,0.5080003344621798,-0.28440372621100146,-0.003438700857418467,-0.01003257749005355,-5.020852041437131,0,0.49269597441570456
53.94687999999031,-2.14294762526994,0.5449499895330429,1.3237820038671815,0.0006074402097066318,-0.026467968273836077,-0.021742638013240875,-2.100712949807157,0.20504277521327113,1.390977735869891,0.08773898811172207,0.054667370061671175,0.078396350922813,-2.1940150968408374,0.4058747534436055,1.3744030346796063,-0.021621867395004508,0.039779551131292015,-0.009919261226291555,0.09000117304571391,0.09000117304571391,0.0,0.14173079792677995,0.5080707802463019,-0.2842360836639548,-0.0034418702086810348,-0.010023265750539419,-5.020784010978858,0,0.4927743094740918
53.95103999999031,-2.1429450261626566,0.544839789488782,1.3236915177028554,0.0006237857480338399,-0.026448010622602207,-0.021716679438245286,-2.151290401400859,0.7044419704948892,1.6922732577102606,0.11426999793391525,0.028644468802358145,-0.09330980418569057,-2.172414456672103,0.5552204592917765,1.533146523322777,0.046163802807318265,0.03400671189795107,-0.05172195857244419,0.09000117304571391,0.09000117304571391,0.0,0.14169545535322464,0.5081410010212553,-0.2840686258719765,-0.003445017376673829,-0.01001393187676244,-5.020715874127927,0,0.49285260401959397
53.955199999990306,-2.1429423590977468,0.5447296728926916,1.3236011395549427,0.0006400955783814353,-0.026427983061690627,-0.021690755499024172,-2.076702075372996,0.680265388006337,0.8637448829970149,0.07695010417722178,-0.13908620108282443,-0.05574872081079231,-2.124396893339328,0.6174540672797851,1.1983252955111374,0.061242938952427835,-0.052318965472473125,-0.05384673080650716,0.09000117304571391,0.09000117304571391,0.0,0.14166011635264508,0.5082109983046126,-0.2839013533641705,-0.003448142524328574,-0.010004576197937234,-5.020647631807128,0,0.4929308576951794
53.959359999990305,-2.1429396242236,0.5446196400323314,1.3235108692801152,0.000656369795189519,-0.026407886486425586,-0.021664865958594022,-2.2998048337029835,0.10496976677020847,0.9775675937693886,-0.01767710900036691,-0.12052168824518841,0.040589366258780485,-2.21213731714601,0.3609580851711784,1.0880301527145622,0.021046676248542066,-0.08662553616174841,-0.00703291788007115,0.09000117304571391,0.09000117304571391,0.0,0.14162478088383867,0.508280773602358,-0.28373426666000623,-0.003451245813737723,-0.00999519904028493,-5.020579284931622,0,0.4930090701475959
53.963519999990304,-2.14293682168821,0.5445096911915626,1.3234207067360193,0.0006726084936049774,-0.026387721784542066,-0.02163901058303799,-2.1362531815674073,0.6413116303335752,1.537460704912574,0.029256619716783804,-0.09036832316637927,-0.024057028606602554,-2.174132373013612,0.5009488159544112,1.3126987839481337,0.024433507515541686,-0.08847741509250207,-0.01566321313128306,0.09000117304571391,0.09000117304571391,0.0,0.14158944890456657,0.5083503284088556,-0.28356736626970785,-0.0034543274061555164,-0.009985800727061518,-5.02051083440901,0,0.49308724102733725
53.9676799999903,-2.1429339516391708,0.5443998266505781,1.3233306517812633,0.0006888117694596065,-0.026367489836268347,-0.021613189141457836,-2.227160553872395,0.7235769352693809,1.5222577377128503,-0.12948544526725805,0.08749972113839449,-0.0644795920662169,-2.2009162013469084,0.6124459063816914,1.417345584510266,-0.05249646142101248,-0.0002481777039876993,-0.04005528100251087,0.09000117304571391,0.09000117304571391,0.0,0.1415541203702687,0.508419664207352,-0.28340065269378756,-0.0034573874620001032,-0.00997638157858907,-5.020442281139397,0,0.49316536998861077
53.9718399999903,-2.1429310142236737,0.5442900466859348,1.323240704275405,0.0007049797192549292,-0.026347191514363783,-0.02158740140594832,-2.3629794199324228,0.5940908824839363,1.234576527694239,-0.047616848779307205,0.1014809245463625,-0.14214535036896717,-2.282046760017979,0.6034797592864115,1.3256629590098965,-0.050646626149393754,0.05040987204644152,-0.0905360222653893,0.09000117304571391,0.09000117304571391,0.0,0.14151879523470168,0.5084887824694645,-0.2832341264240776,-0.00346042614085471,-0.009966941912279488,-5.020373626015452,0,0.493243456689304
53.9759999999903,-2.1429280095885064,0.5441803515705839,1.3231508640789402,0.0007211124401313932,-0.026326827684224913,-0.021561647151537893,-2.438803809094783,0.47389868047895184,0.8488098220204787,0.17570751558031275,-0.14636694486415242,-0.0249888145296729,-2.360060545509746,0.538383808136428,1.0871807401710076,0.06233832233427635,-0.04793419976697031,-0.05760429933433794,0.09000117304571391,0.09000117304571391,0.0,0.14148347345036394,0.5085576846558448,-0.2830677879436938,-0.0034634436014695427,-0.009957482042668457,-5.020304869922475,0,0.4933215007909531
53.9801599999903,-2.1429249378800486,0.5440707415739009,1.3230611310532896,0.000737210029858572,-0.026306399203920323,-0.021535926156168405,-2.8350968310761293,0.31256610491062,1.1304261303498362,-0.050750811103342924,0.027770063121170117,0.15196412315075203,-2.5976860459199367,0.4255322964219468,1.109119675243943,0.005066925224101132,-0.010644266698365346,0.04723553922333019,0.09000117304571391,0.09000117304571391,0.0,0.14144815496763818,0.508626372215988,-0.2829016377265718,-0.0034664400017637006,-0.00994800228143967,-5.020236013738456,0,0.4933995019587103
53.9843199999903,-2.14292179924427,0.5439612169617164,1.3229715050607869,0.0007532725868079623,-0.026285906924276688,-0.021510238200643926,-2.4130866880631077,0.8907405025590918,1.2952309429537088,-0.07290410243673116,0.0704555334047714,0.036615490228089936,-2.5055372021676643,0.6582862639152491,1.20225234727175,-0.03367871164483798,0.0298698249030226,0.04212972894014222,0.09000117304571391,0.09000117304571391,0.0,0.14141283973542979,0.5086948465885227,-0.28273567623742923,-0.0034694154988268856,-0.009938502937454964,-5.020167058334141,0,0.49347745986131253
53.9884799999903,-2.1429185938267286,0.5438517779963459,1.3228819859646677,0.000769300209940649,-0.02626535168892004,-0.0214845830686043,-1.9923051155630906,0.6667477520167209,1.0793128427624425,0.09790323750799265,-0.21513922940405855,-0.015251393967186075,-2.2487140515621173,0.6620705640918166,1.1407519077781383,0.032161502720486124,-0.09309036553643388,0.012531419552133731,0.09000117304571391,0.09000117304571391,0.0,0.1413775277009504,0.508763109201021,-0.28256990393322806,-0.0034723702489211257,-0.009928984316778019,-5.020098004573086,0,0.49355537417105
53.992639999990296,-2.142915321772567,0.5437424249366193,1.3227925736290573,0.0007852929987800112,-0.02624473433436903,-0.02145896054647541,-2.358517903029946,0.843611895133483,1.550574370137759,0.010948701691872027,0.09060381872312095,-0.06229429206829516,-2.303594593981448,0.753029490733172,1.3455352607788411,0.021855211302891742,-0.0005517946296185558,-0.024311379400994555,0.09000117304571391,0.09000117304571391,0.0,0.14134221881035744,0.5088311614703958,-0.2824043212618565,-0.0034753044074827986,-0.009919446722705607,-5.0200288533117225,0,0.49363324456373514
53.996799999990294,-2.142911983226511,0.5436331580379107,1.3227032679189596,0.000801251053401459,-0.026224055690075583,-0.021433370423443017,-1.8220574338465756,0.47280565237177485,1.9636932878781246,-0.21316561168767542,0.03346297244420173,-0.15469107113394945,-2.063265456305356,0.6129843680477323,1.6542967776903876,-0.09591247192040855,0.0168595520848828,-0.08945957677751942,0.09000117304571391,0.09000117304571391,0.0,0.14130691300725481,0.5088990048027645,-0.2822389286629494,-0.0034782181291248613,-0.009909890455791588,-5.019959605399415,0,0.49371107071867165
54.00095999999029,-2.1429085783328676,0.5435239775521669,1.3226140687002454,0.0008171744744029911,-0.026203316578512662,-0.021407812491403402,-1.6954488214136179,0.6828398741344424,1.573573247833031,0.05498144212526077,-0.004122902109921962,-0.15401019709139513,-1.8792400316776467,0.6479041462336707,1.613612776485869,-0.02055863966339902,0.006315887911476463,-0.12108898863348451,0.09000117304571391,0.09000117304571391,0.0,0.14127161023504206,0.5089666405939007,-0.2820737265678541,-0.0034811115676383806,-0.009900315813877396,-5.019890261678521,0,0.4937888523186247
54.00511999999029,-2.142905107235522,0.5434148837279369,1.3225249758396416,0.0008330633629034771,-0.026182517815196826,-0.021382286544949825,-2.402640740920147,1.0365857768017166,1.589650706908353,0.04194302215769323,0.02088421850429319,0.005888762154093698,-2.140857437991027,0.84229119074203,1.6016442899772825,0.010990863537658253,0.013565047196937534,-0.05783303041090195,0.09000117304571391,0.09000117304571391,0.0,0.14123631043477536,0.5090340702287778,-0.28190871539981066,-0.0034839848759950307,-0.009890723092111683,-5.019820822984447,0,0.49386658904979003
54.00927999999029,-2.1429015700779366,0.5433058768104002,1.3224359892047195,0.0008489178205085173,-0.026161660208797313,-0.02135679238131153,-2.3152319182960777,0.7134145588829464,1.1625046430495245,-0.1616170795770365,0.13849441433261023,-0.013537960283302524,-2.2283815674522076,0.7781397892555875,1.3820417661415145,-0.0755375266054562,0.07614102971896118,-0.03498201083285141,0.09000117304571391,0.09000117304571391,0.0,0.1412010135464471,0.5091012950822346,-0.28174389557370433,-0.003486838206349143,-0.009881112582982972,-5.019751290145709,0,0.4939442806017648
54.01343999999029,-2.142897967003148,0.5431969570413954,1.3223471086638847,0.0008647379493040917,-0.026140744561162117,-0.0213313298003373,-2.3461891298396282,0.12701974307323288,1.7384439900270963,-0.010991834403380014,-0.16543204405286388,0.011720534506607497,-2.2873092883638493,0.4522323726887487,1.5602694279914822,-0.04314731975556398,-0.04523425181813979,-0.011478712805308926,0.09000117304571391,0.09000117304571391,0.0,0.14116571950855675,0.5091683165186263,-0.2815792674966742,-0.003489671710039787,-0.009871484576341325,-5.019681663983985,0,0.4940219266675174
54.01759999999029,-2.1428942981537653,0.5430881246594479,1.3222583340863663,0.0008805238518334045,-0.026119771667400073,-0.02130589860445042,-2.596558056496785,0.27640018593437243,0.8372722898272673,0.010818564847630526,-0.03063240829537038,-0.16337212257389583,-2.441914529512529,0.36425077411925405,1.1984252871796903,-0.015593028895952281,-0.03766485531205928,-0.08707752116899341,0.09000117304571391,0.09000117304571391,0.0,0.14113042825832253,0.5092351358922237,-0.2814148315682955,-0.0034924855375930612,-0.009861839359426205,-5.019611945314178,0,0.49409952694335885
54.02175999999029,-2.142890563671969,0.5429793798997982,1.3221696653422055,0.0008962756310815858,-0.026098742315936924,-0.021280498598618226,-2.045866905950271,0.29132229486946115,1.4402940604638519,-0.034351185654074315,0.1034605055485171,0.06533385483296372,-2.2439608179729484,0.3280013295187629,1.3194971668870292,-0.024287101611525384,0.03283566160664891,-0.010837385363371607,0.09000117304571391,0.09000117304571391,0.0,0.14109513973146567,0.5093017545471855,-0.28125058817969106,-0.0034952798387244016,-0.00985217721689199,-5.019542134944466,0,0.4941770811289133
54.025919999990286,-2.142886763699509,0.5428707229944292,1.3220811023022458,0.0009119933904613624,-0.02607765728856471,-0.021255129590321702,-2.071685169110767,0.6451493559784912,1.0996727111891629,-0.14066048920372426,-0.07859178817787779,-0.013835190057766547,-2.158115501986081,0.48641320713550923,1.2095548987281761,-0.0819161658297865,-0.022444804968141472,-0.012468182553941203,0.09000117304571391,0.09000117304571391,0.0,0.14105985386285017,0.5093681738175837,-0.2810865377147832,-0.0034980547623406637,-0.009842498430831004,-5.019472233676357,0,0.4942545889270899
54.030079999990285,-2.1428828983777013,0.5427621541720937,1.321992644838123,0.0009276772337957089,-0.026056517360512756,-0.021229791389517902,-2.0945791725504583,0.20727455317862992,1.963542890970815,-0.0288363895424463,-0.23868642296379025,0.04051803140851415,-2.1264084846758244,0.34634711845828714,1.5866372684816639,-0.05460401066057791,-0.13134630368367517,0.01458830385809044,0.09000117304571391,0.09000117304571391,0.0,0.14102457058562587,0.5094343950276433,-0.28092268055004876,-0.0035008104565428496,-0.009832803280799557,-5.01940224230475,0,0.494332050044054
54.034239999990284,-2.1428789678474294,0.5426536736583417,1.3219042928222537,0.0009433272653036997,-0.026035323300492675,-0.021204483808615487,-2.3054520400833347,0.17555358602551913,1.456056312197639,0.06870364016049128,-0.045388071437403865,0.11139412945051137,-2.215788404122235,0.26085485640036493,1.5215773360652205,0.006941169267164598,-0.08842324872639841,0.06309902020181206,0.09000117304571391,0.09000117304571391,0.0,0.14098928983208187,0.5095004194916618,-0.2807590170540608,-0.003503547068628146,-0.009823092043840406,-5.019332161617982,0,0.49440946418919934
54.03839999999028,-2.1428749722491394,0.5425452816755468,1.321816046127827,0.0009589435895820481,-0.02601407587077358,-0.021179206662431317,-2.013094899289679,0.3218621096120403,1.2230394844050083,-0.0009677118188310333,-0.07916136072732664,-0.07976249165094065,-2.114442385457756,0.2911941785291649,1.3721420317278463,0.0030542079832510277,-0.08375536875788626,-0.009098746450060693,0.09000117304571391,0.09000117304571391,0.0,0.1409540115327896,0.5095662485143024,-0.2805955475885269,-0.0035062647450926606,-0.009813364994509386,-5.019261992397884,0,0.49448683107511976
54.04255999999028,-2.142870911722841,0.5424369784429334,1.321727904628793,0.0009745263115874595,-0.02599277582724041,-0.0211539597681602,-1.6703204427822107,0.39836088804192227,1.2365345396055243,0.0550595322650403,0.025816251302217402,-0.037716723566626434,-1.8922642584309082,0.34483158409378223,1.3042576977164533,0.029281590268146918,-0.028786091045414675,-0.022834018909862853,0.09000117304571391,0.09000117304571391,0.0,0.140918735617884,0.5096318833904611,-0.2804322725076185,-0.003508963631633605,-0.009803622404900894,-5.019191735419835,0,0.49456415041758234
54.04671999999028,-2.142866786408105,0.5423287641766024,1.321639868199854,0.0009900755366307622,-0.025971423919429373,-0.021128742945355064,-1.8152058711625922,0.32505201998732913,1.3468076447746935,0.06478446841045062,0.07830684156668842,-0.006235721688684267,-1.85359906985063,0.33510507858148464,1.3255200440682797,0.04669132340992249,0.024494352278314376,-0.014557666108850034,0.09000117304571391,0.09000117304571391,0.0,0.14088346201577978,0.5096973254056131,-0.28026919215815405,-0.0035116438731520845,-0.009793864544667696,-5.019121391452814,0,0.4946414219354997
54.05087999999028,-2.1428625964440617,0.5422206390895582,1.3215519367164545,0.0010055913703553004,-0.025950020890600934,-0.02110355601588572,-1.9023832224129085,0.5830213211460461,1.3323052979226329,0.12945571095330036,0.02818951757136823,-0.08530216668480645,-1.877721409582408,0.45912386301266117,1.3287341911318784,0.08767691289233216,0.02619985986273145,-0.04939583361831198,0.09000117304571391,0.09000117304571391,0.0,0.1408481906540245,0.5097625758355208,-0.2801063068806401,-0.0035143056137554355,-0.009784091681046025,-5.019050961259451,0,0.4947186453509028
54.05503999999028,-2.1428583419694003,0.5421126033917341,1.3214641100547715,0.001021073918723009,-0.02592856747779852,-0.021078398803910683,-2.288576315756584,0.8140700367886573,0.8718560716127197,-0.035300063917579914,-0.02462962284851357,-0.09685783724609873,-2.0832260370993008,0.6365483844968473,1.100090024283461,0.026617686769677164,0.0007019339538960906,-0.07290809054227002,0.09000117304571391,0.09000117304571391,0.0,0.1408129214590839,0.5098276359467939,-0.2799436170075312,-0.00351694899675994,-0.009774304078880126,-5.0189804455960765,0,0.49479582038891473
54.05919999999028,-2.142854023122367,0.5420046572900179,1.3213763880917055,0.001036523288004716,-0.025907064411887674,-0.02105327113585142,-1.9824774381151535,0.6848882111152781,0.9761181980370851,-0.1740146027885351,-0.17466926507702898,0.10563912674811857,-2.0332131085406187,0.6603556801382489,1.0383236305663013,-0.07362281628775531,-0.08714124710602902,0.016036456981343712,0.09000117304571391,0.09000117304571391,0.0,0.14077765435634026,0.5098925069965979,-0.2797811228655539,-0.0035195741646933476,-0.009764502000642543,-5.018909845212776,0,0.494872946777724
54.063359999990276,-2.142849640040764,0.5418968009882777,1.3212887707048706,0.0010519395847626524,-0.02588551241762422,-0.0210281728403605,-1.6749383196697234,0.31758731851012756,1.2166014826194265,0.12395765286416464,-0.02457127616165609,-0.021256144253833098,-1.8538150323614293,0.48891708296495784,1.1274211084093975,0.024988207513448806,-0.05542255763425862,-0.003336638178646296,0.09000117304571391,0.09000117304571391,0.0,0.14074238927009144,0.5099571902329483,-0.2796188247733261,-0.003522181259297577,-0.009754685706458264,-5.018839160853439,0,0.494950024248558
54.067519999990274,-2.142845192861948,0.5417890346873873,1.321201257772586,0.0010673229158377582,-0.025863912213704987,-0.021003103748288912,-1.9343823168025147,0.7561237284878439,0.9344804505262148,-0.22572098494873893,0.1203607060176834,0.0011543565379084943,-1.8945706426205644,0.622773260913287,1.0309531828261025,-0.09943137290900413,0.03215074022387494,-0.0017417272043269475,0.09000117304571391,0.09000117304571391,0.0,0.14070712612354927,0.5100216868945783,-0.27945672304410946,-0.0035247704215313393,-0.009744855454127208,-5.018768393255806,0,0.49502705253565726
54.07167999999027,-2.14284068172283,0.5416813585852505,1.3211138491738665,0.0010826733883342403,-0.02584226451282873,-0.020978063692659355,-2.14671666158538,0.9604465152471773,1.5554836259211116,0.09001196914234795,0.22628552895995063,-0.08753281714441248,-2.0204581050047525,0.792082361808462,1.293039807834069,-0.004764720419967933,0.12947327330021674,-0.0445350270316787,0.09000117304571391,0.09000117304571391,0.0,0.14067186483905228,0.510085998211288,-0.27929481798364403,-0.0035273417915728305,-0.009735011499147956,-5.018697543151523,0,0.4951040313762499
54.07583999999027,-2.142836106759873,0.5415737728768265,1.321026544788414,0.0010979911096101356,-0.025820570021738033,-0.020953052508640352,-1.8593569844858648,-0.06144364772610056,0.9435024926694471,-0.10165434371343973,-0.15677320232739916,-0.051897062208604766,-1.9401185332391884,0.36498739507817834,1.1181620956962754,-0.052877458407502964,-0.013676976384499951,-0.048857830936124926,0.09000117304571391,0.09000117304571391,0.0,0.14063660533827876,0.5101501254039196,-0.279133109891618,-0.003529895508822435,-0.009725154094738142,-5.018626611266185,0,0.4951809605105262
54.07999999999027,-2.1428314681090925,0.5414662777541546,1.3209393444966075,0.001113276187265911,-0.025798829441271518,-0.020928070033520648,-2.2619716575422544,0.11121273541543947,0.9664786150427574,-0.07300726848178551,-0.09113412207309053,-0.03874608753521619,-2.1012007106195716,0.23790876975435254,1.0422377956745532,-0.06221497571899934,-0.0524181977459996,-0.04336621852878667,0.09000117304571391,0.09000117304571391,0.0,0.14060134754160442,0.5102140696842787,-0.278971599060571,-0.003532431711905694,-0.009715283491855253,-5.018555598319385,0,0.4952578396816127
54.08415999999027,-2.1428267659060545,0.5413588734063778,1.3208522481794964,0.001128528729128075,-0.025777043466425485,-0.020903116106673857,-2.415824087499647,0.5923199460440235,1.1978137127285635,-0.11384880708359887,0.11968034041482145,-0.15060126689963182,-2.258752316681171,0.4153656080244852,1.119712845887092,-0.08758917680037519,0.03369770731313215,-0.09661591425351575,0.09000117304571391,0.09000117304571391,0.0,0.14056609136852855,0.5102778322555381,-0.2788102857777934,-0.00353495053867601,-0.009705399939219702,-5.018484505024768,0,0.49533466863554837
54.08831999999027,-2.142822000285874,0.5412515600197678,1.32076525571879,0.0011437488432396287,-0.025755212786395896,-0.020878190569541086,-2.185910490456054,0.8347613302773452,1.0396677750695653,-0.08156326103670923,-0.020938580813834103,0.06648456346076873,-2.2225022430325994,0.6250227183639037,1.0798274508213563,-0.08375919762645549,0.006447426405525113,-0.01479458224557784,0.09000117304571391,0.09000117304571391,0.0,0.14053083673767316,0.5103414143119457,-0.2786491703233759,-0.0035374521262173256,-0.00969550368333492,-5.018413332090068,0,0.49541144712125873
54.09247999999027,-2.1428171713832165,0.5411443377777485,1.32067836699685,0.001158936637845087,-0.02573333808464126,-0.02085329326559429,-2.374105876054004,0.06968054544289509,1.04622361563805,0.009701173308884245,0.03052492770303611,-0.19986623927338806,-2.29828560891345,0.3474110499426372,1.0626092718463351,-0.03671442613002962,0.018574515702004905,-0.10716937303593273,0.09000117304571391,0.09000117304571391,0.0,0.14049558356699599,0.5104048170392281,-0.27848825297125174,-0.0035399366108470314,-0.009685594968510233,-5.018342080217164,0,0.495488174890532
54.096639999990266,-2.142812279332294,0.5410372068609197,1.320591581896682,0.0011740922213838282,-0.025711420038917483,-0.020828424040318733,-1.9306065367915008,0.1036932550612405,0.9047925499848304,0.12283186283951882,0.0030725664303366262,0.034314133882841345,-2.114189110197818,0.22555810916919358,0.9837704930970548,0.04357592691814397,0.010213277785426186,-0.03610686781172062,0.09000117304571391,0.09000117304571391,0.0,0.14046033177336215,0.5104680416144602,-0.27832753399002824,-0.003542404128118861,-0.009675674036879313,-5.018270750102121,0,0.49556485169799475
54.100799999990265,-2.142807324266867,0.5409301674470808,1.3205049003019271,0.001189215702472672,-0.025689459321346485,-0.020803582741180136,-2.3373065422793506,0.7205926647445315,1.5179392045572218,0.03296987533664162,-0.1193878495599396,0.07105395741351195,-2.225679849478092,0.47282938581378303,1.2510076537644357,0.037811186912152336,-0.05402992967873224,0.016852688829275632,0.09000117304571391,0.09000117304571391,0.0,0.14042508127318468,0.5105310892062551,-0.27816701364146484,-0.0035448548128257673,-0.009665741128423465,-5.018199342435238,0,0.4956414773010879
54.104959999990264,-2.1428023063202426,0.5408232197112539,1.3204183220968537,0.0012043071899017063,-0.025667456598445323,-0.020778769217607233,-2.4761172567406007,0.9524817216255326,1.3461823440866396,0.031766152025291115,-0.12774684359089938,-0.2420095417934308,-2.3508337361694687,0.712393221981948,1.2980933694310035,0.03455022398117986,-0.09089406403103086,-0.11307987952629182,0.09000117304571391,0.09000117304571391,0.0,0.1403898319815688,0.5105939609747402,-0.2780066921815166,-0.0035472887990029315,-0.009655796480989041,-5.018127857901091,0,0.4957180514600426
54.10911999999026,-2.1427972256252734,0.5407163638257072,1.3203318471663497,0.001219366792615213,-0.025645412531197502,-0.020753983320954954,-2.115532290130515,0.16357040981064286,1.377538837789217,-0.06527342907912824,-0.1404173245387038,0.011019296109900573,-2.23331768354073,0.4376871406459554,1.3378374826596524,-0.015090717147218007,-0.11624351172062766,-0.050030068524915185,0.09000117304571391,0.09000117304571391,0.0,0.14035458381316573,0.5106566580717488,-0.27784656986052436,-0.003549706219930528,-0.009645840330310834,-5.018056297178584,0,0.495794573937857
54.11327999999026,-2.142792082314358,0.5406095999599777,1.3202454753959143,0.001234394619706165,-0.025623327775087135,-0.0207292249044887,-1.772772168655897,0.7021438244957274,1.3066851021934083,0.11180983914261254,0.11232528463204325,-0.3380908095196592,-2.002810044942917,0.5701504285100188,1.3215579526785655,0.04878550036359718,-0.0017150900168402573,-0.19408878294628198,0.09000117304571391,0.09000117304571391,0.0,0.1403193366819591,0.5107191816407424,-0.2776866469229775,-0.0035521072081367167,-0.009635872910030567,-5.017984660940984,0,0.4958710445002728
54.11743999999026,-2.1427868765194398,0.5405029282808937,1.3201592066716503,0.001249390780405159,-0.025601202980150804,-0.020704493823357876,-2.416135858518461,0.8840887003361635,1.5977659103232265,0.1331538951664091,-0.11457035188414388,0.12343394259869703,-2.209198730307211,0.7268822426507687,1.4599208691310532,0.09088859626941606,-0.05755101522845005,-0.03547557468163161,0.09000117304571391,0.09000117304571391,0.0,0.14028409050105012,0.5107815328171632,-0.27752692360727554,-0.0035544918954007586,-0.009625894451716632,-5.017912949855976,0,0.4959474629157524
54.12159999999026,-2.142781608372006,0.5403963489525979,1.3200730408802563,0.001264355384073334,-0.025579038791010606,-0.020679789934578006,-2.075918943530758,0.47434007636655123,0.876512334929102,-0.08772157656141254,-0.20362641952080382,0.012566821011677266,-2.142740943040489,0.600186131656918,1.1682387390026385,0.0018740265603905684,-0.13071224155274305,-0.011496275785742896,0.09000117304571391,0.09000117304571391,0.0,0.14024884518265707,0.5108437127280898,-0.27736740014656025,-0.0035568604127557933,-0.009615905184880646,-5.017841164585698,0,0.49602382895545527
54.12575999999026,-2.1427762780030886,0.5402898621365689,1.319986977909019,0.001279288540181678,-0.02555683584695841,-0.020655113096988545,-2.5484109151534162,0.1834246587893874,1.326259437559537,0.07565857282208503,-0.049979085713101556,-0.034485839924358,-2.3454208872560502,0.3916982749364683,1.2471790981702702,0.03851496533828827,-0.09023112021362478,-0.023294286093669916,0.09000117304571391,0.09000117304571391,0.0,0.14021360063896995,0.51090572249275,-0.27720807676805115,-0.0035592128904919527,-0.009605905337002976,-5.017769305786787,0,0.49610014239321626
54.12991999999026,-2.1427708855432623,0.5401834679916442,1.3199010176458055,0.0012941903583179035,-0.02553459478195085,-0.020630463171256396,-2.4126207626852554,0.41715939799521196,1.3741467891040744,-0.009440044138334323,-0.05463215035252059,0.20451671918919093,-2.3790404356958845,0.4043155627695052,1.311088047450626,0.014302744555302513,-0.07252114788561745,0.0911608841637107,0.09000117304571391,0.09000117304571391,0.0,0.14017835678065388,0.5109675632221772,-0.27704895369366406,-0.0035615494581595175,-0.009595895133544063,-5.017697374110426,0,0.4961764030055222
54.134079999990256,-2.142765431122645,0.5400771666740413,1.3198151599790562,0.001309060948160645,-0.025512316224702247,-0.020605840019828174,-2.756194089769345,0.908113249818097,1.6134367691729843,-0.09520075861101865,0.02791044424266759,-0.07572958682123536,-2.567817142731603,0.6562755719840158,1.462107511299113,-0.04081413689856587,-0.02211341438943073,0.007484638769157788,0.09000117304571391,0.09000117304571391,0.0,0.14014311351813047,0.51102923601967,-0.276890031139775,-0.003563870244571745,-0.009585874797969324,-5.0176253702023805,0,0.4962526105714902
54.138239999990255,-2.142759914870897,0.53997095833738,1.3197294047977775,0.0013239004194760037,-0.02549000079871466,-0.020581243506915422,-1.5178924807301954,0.4292224993277818,1.2097553492351227,-0.06999985606035511,-0.21334160964536292,-0.17262873718149274,-2.0429924986798915,0.5423038695844126,1.3355705941342828,-0.05567626375946889,-0.11779560733146527,-0.08255689148393329,0.09000117304571391,0.09000117304571391,0.0,0.14010787076136444,0.5110907419805558,-0.2767313093176258,-0.003566175377808004,-0.009575844551767458,-5.017553294703042,0,0.4963287648728456
54.14239999999025,-2.1427543369172217,0.5398648431327037,1.3196437519915338,0.0013387088821121295,-0.025467649122311968,-0.02055667349847971,-2.4562002065228126,0.3107753387851352,1.668283895187319,-0.02026768288015796,-0.123501641730305,0.12678213169922137,-2.249641950908358,0.42628167630819214,1.5021932754302172,-0.03770944129196518,-0.12092332770800314,0.0220994795794878,0.09000117304571391,0.09000117304571391,0.0,0.14007262841943555,0.5111520821924376,-0.27657278843266025,-0.0035684649852169505,-0.009565804614466378,-5.017481148247472,0,0.4964048656938998
54.14655999999025,-2.1427486973903633,0.5397588212085008,1.3195582014504412,0.0013534864459867006,-0.025445261808693526,-0.020532129862203454,-2.455353714671953,0.34366666203809404,1.5078459525910939,-0.00018620580220882828,-0.026323511698567822,-0.016679489704939383,-2.352499225814752,0.38491854355848876,1.5049867017057352,-0.0191587847183566,-0.07348744382389924,0.0018753414309918147,0.09000117304571391,0.09000117304571391,0.0,0.1400373864007518,0.5112132577351709,-0.2764144686853575,-0.0035707391934195103,-0.009555755203652098,-5.017408931465441,0,0.49648091282152884
54.15071999999025,-2.1427429964186087,0.5396528927107259,1.3194727530651602,0.0013682332210760862,-0.025422839465984965,-0.02050761246746584,-2.3380096384064837,0.4255697701996743,1.643545942560727,0.003588636473056065,-0.1915159175547823,-0.051959796965157214,-2.345246898726596,0.4048480939602308,1.5741584816270968,-0.007771015006799008,-0.13345587909010231,-0.024685267565801538,0.09000117304571391,0.09000117304571391,0.0,0.14000214461347688,0.5112742696810576,-0.2762563502714257,-0.0035729981283119452,-0.00954569653498844,-5.017336644981472,0,0.4965569060451522
54.15487999999025,-2.142737234129786,0.5395470577828206,1.319387406726888,0.00138294931741147,-0.0254003826972698,-0.020483121185329637,-1.9372959498015296,0.09927610212635812,1.330883919936451,-0.05835034712214292,0.0742897293268332,-0.0011292148412713858,-2.1413884210992045,0.2522149337930261,1.4525170506867806,-0.0337861811585557,-0.02981443377145463,-0.012861121334650808,0.09000117304571391,0.09000117304571391,0.0,0.1399669029651026,0.5113351190947176,-0.2760984333804967,-0.0035752419150690937,-0.009535628822233109,-5.017264289414877,0,0.4966328451567112
54.15903999999025,-2.142731410651265,0.5394413165657347,1.3193021623273526,0.0013976348450706706,-0.02537789210063051,-0.0204586558885176,-1.8905758466422329,0.8476242076622909,1.7351249031365923,0.18656913513303358,-0.1419130122179806,-0.05795684623908902,-2.015591268533423,0.5496272001008619,1.5936996682380529,0.07587157875878685,-0.08520161992721047,-0.034089726059925426,0.09000117304571391,0.09000117304571391,0.0,0.13993166136223462,0.5113958070332811,-0.2759407181980301,-0.003577470678147474,-0.009525552277253973,-5.0171918653798,0,0.4967087299506481
54.16319999999025,-2.142725526109956,0.5393356691979463,1.3192170197588051,0.0014122899141626242,-0.025355368269213002,-0.020434216451383314,-2.314334976520024,0.44778166501389416,1.2987863967528632,0.03587690577231088,0.11236158109205402,-0.0847052047713567,-2.1648901753051546,0.49893692653616667,1.4460649667955738,0.055677370866621625,0.013808803624574942,-0.059481888894335644,0.09000117304571391,0.09000117304571391,0.0,0.1398964197114473,0.5114563345464755,-0.2757832049037954,-0.0035796845412883,-0.009515467110050375,-5.017119373485257,0,0.49678456022388523
54.167359999990246,-2.1427195806323107,0.5392301158154827,1.319131978914014,0.00142691463482734,-0.02533281179124775,-0.02040980274989951,-1.8885125584913458,0.935754172587896,1.2291459434007488,-0.23874443171141552,-0.1091852336231782,0.02499462028468289,-2.0271966026551995,0.7171215666026901,1.3376577199451802,-0.09123184365961566,-0.04771040918268426,-0.018111976109403023,0.09000117304571391,0.09000117304571391,0.0,0.13986117791821487,0.5115167026766044,-0.2756258936735633,-0.0035818836275208115,-0.00950537352876775,-5.017046814335173,0,0.49686033577580446
54.171519999990245,-2.1427135743443224,0.5391246565519406,1.319047039686257,0.0014415091172216023,-0.025310223250106543,-0.020385414661633607,-2.02329033328109,-0.12261081865820389,1.5213573764097346,0.02704009950154624,-0.14819273450313886,0.05196053288018657,-2.0251874544906476,0.29694108456393853,1.429617087611886,-0.031980116891660804,-0.09786012096213076,0.016834396345042017,0.09000117304571391,0.09000117304571391,0.0,0.13982593588840764,0.5115769124586877,-0.2754687846771606,-0.0035840680591651647,-0.009495271739716558,-5.016974188528423,0,0.4969360564082268
54.175679999990244,-2.1427075073715245,0.5390192915385059,1.3189622019693166,0.001456073471520201,-0.02528760322432526,-0.020361052065733687,-1.8965038186445229,1.0319342740943087,1.5043441932250141,0.1138803262525309,-0.010992827769760549,0.09239174353271284,-1.9606069252883307,0.6644203672353377,1.4671729657098231,0.04048731543192592,-0.05462896639338405,0.054786023487622945,0.09000117304571391,0.09000117304571391,0.0,0.13979069352636844,0.5116369649204949,-0.27531187808058855,-0.0035862379578360318,-0.009485161947385948,-5.01690149665887,0,0.497011721925392
54.17983999999024,-2.1427013798389916,0.538914020903974,1.318877465657471,0.001470607807897457,-0.02526495228766941,-0.020336714842899412,-2.177968515886347,0.85121267842944,1.1185566379467053,-0.1384682053987057,-0.059647857420726424,-0.13481471707227277,-2.069576875804783,0.7576925677967078,1.292582860369816,-0.0491595979083762,-0.05656286235362725,-0.04043913512837749,0.09000117304571391,0.09000117304571391,0.0,0.13975545073662182,0.5116968610825249,-0.2751551740440788,-0.003588393444445355,-0.00947504435446413,-5.016828739315403,0,0.4970873321339383
54.18399999999024,-2.1426951918713395,0.5388088447747692,1.3187928306454904,0.0014851122365266338,-0.025242271009160475,-0.020312402875366568,-2.421537709380183,1.1111990324860126,1.58893948291655,0.08807536136247425,-0.17787275451259377,-0.09334231814711978,-2.2453755075285127,0.9340772757118542,1.4405676453225824,0.018942433217211542,-0.1167157762765132,-0.06618975797454561,0.09000117304571391,0.09000117304571391,0.0,0.13972020742323352,0.5117566019583069,-0.27499867272421225,-0.003590534639205737,-0.009464919161853554,-5.0167559170819755,0,0.49716288684288323
54.18815999999024,-2.1426889435927245,0.5387037632749646,1.3187082968286283,0.0014995868675739014,-0.02521955995311193,-0.020288116046894296,-2.0440442960017067,0.36738423242214724,1.0932157423980218,-0.02553131398346548,-0.03841666458220274,-0.029621487386803143,-2.1447633392917878,0.6506462278464547,1.2668291473965319,-0.0024540000083930385,-0.07725616221037439,-0.04862727534857827,0.09000117304571391,0.09000117304571391,0.0,0.13968496348938275,0.5118161885541669,-0.27484237427240416,-0.0035926616616336754,-0.009454786568685664,-5.016683030537643,0,0.497238385863603
54.19231999999024,-2.1426826351268446,0.5385987765263014,1.318623864102617,0.0015140318111862999,-0.02519681967918122,-0.02026385424273769,-2.106632503964883,0.88822008448873,1.545244473617033,0.02811771569719328,-0.12160697528253224,0.020681036059468624,-2.125638074831179,0.7691822174430741,1.4060814071962042,0.012302929139196605,-0.09959116932139203,-0.013800860888470157,0.09000117304571391,0.09000117304571391,0.0,0.1396497188384309,0.5118756218694755,-0.2746862788353116,-0.0035947746305525358,-0.009444646772338845,-5.016610080256599,0,0.49731382900981386
54.19647999999024,-2.1426762665969386,0.538493884648208,1.3185395323636602,0.001528447177487898,-0.025174050742407833,-0.020239617349629178,-1.8565100594175874,0.33860593717399934,1.2825979324138475,0.006906128167449656,-0.12162099135430564,-0.061320287067180054,-1.991059873420282,0.5536398785232446,1.344211144444751,0.010592543557654877,-0.1114616615326975,-0.037501335659987735,0.09000117304571391,0.09000117304571391,0.0,0.13961447337285307,0.5119349028966822,-0.27453038655567086,-0.003596873664096135,-0.009434499968454805,-5.016537066808214,0,0.49738921609755216
54.20063999999024,-2.1426698381257863,0.5383890877578196,1.3184553015084277,0.001542833076574975,-0.02515125369323824,-0.020215405255770456,-2.445076956534043,1.1520581855285135,1.771810879949857,0.03971003790372431,0.03337616209570436,0.09130402522690727,-2.217989515356701,0.8529215052788393,1.558203530013154,0.025399041824621434,-0.03850597096228003,0.027077754679746414,0.09000117304571391,0.09000117304571391,0.0,0.13957922699487924,0.5119940326212419,-0.27437469757099586,-0.0035989588797116175,-0.009424346350951757,-5.01646399075707,0,0.49746454694515524
54.204799999990236,-2.142663349835709,0.5382843859699963,1.3183711714340494,0.0015571896185031186,-0.025128429077591045,-0.020191217850796965,-2.210138574187192,0.03905168542766263,1.229765771540836,0.05943351026988552,0.06428472574311123,0.061733677508710345,-2.213940062750065,0.44611566860934204,1.3941110812134518,0.04226642635965923,0.012374102180806432,0.044247503705796686,0.09000117304571391,0.09000117304571391,0.0,0.1395439796062806,0.5120530120219707,-0.2742192120152709,-0.003601030394162873,-0.009414186112044129,-5.016390852662999,0,0.4975398213732429
54.208959999990235,-2.1426568018485703,0.5381797793973426,1.3182871420381086,0.0015715169132878726,-0.025105577436868257,-0.02016705502577825,-2.309541383292746,1.0126550090057274,1.3021689462254928,-0.151157741892663,-0.006292133974575478,-0.1368283245530465,-2.2620554403796436,0.7293758337905476,1.3478546183853708,-0.054604128597004344,0.0032258165351818787,-0.046205236775850575,0.09000117304571391,0.09000117304571391,0.0,0.1395087311087975,0.5121118420707602,-0.2740639300174359,-0.0036030883235335614,-0.009404019442254465,-5.016317653081117,0,0.4976150392046979
54.213119999990234,-2.1426501942857747,0.5380752681502259,1.318203213218637,0.001585815070895129,-0.025082699308011342,-0.02014291667318792,-2.5027469303093977,0.4975767554043257,1.7002575264771833,-0.002643035533613552,-0.010714260029846273,-0.07264061768361457,-2.3824078772846553,0.6134518763389558,1.52390744492562,-0.028862388704156697,-0.003497670499487017,-0.05941975947738587,0.09000117304571391,0.09000117304571391,0.0,0.1394734814032845,0.5121705237328248,-0.27390885170243745,-0.00360513278323067,-0.00939384653043056,-5.01624439256186,0,0.49769020026464816
54.21727999999023,-2.1426435272682696,0.5379708523367945,1.3181193848741082,0.0016000842012339634,-0.025059795223535,-0.02011880268688965,-2.412784492411997,0.5769514517221814,1.1780140008201143,-0.04990126489244981,-0.06164243043519354,0.008967399767695363,-2.3976999926731657,0.595072908207432,1.3509778532180012,-0.039475644731049996,-0.03242883379560702,-0.025662732379833474,0.09000117304571391,0.09000117304571391,0.0,0.13943823039077932,0.5122290579667375,-0.2737539771907839,-0.0036071638879874614,-0.009383667563760838,-5.016171071651019,0,0.49776530438044736
54.22143999999023,-2.1426368009165437,0.5378665320629964,1.3180356569034326,0.0016143244141546987,-0.025036865711558113,-0.02009471296212275,-2.0502315085378426,0.6130298095583141,1.218748594714514,0.08897248767708166,-0.043041864178844425,-0.09549660477338215,-2.223778556652595,0.6039629715400361,1.2846635825276813,0.024883317261585425,-0.03822167579337847,-0.060533843958205276,0.09000117304571391,0.09000117304571391,0.0,0.13940297797143433,0.5122874457245719,-0.2735993065991697,-0.003609181751866946,-0.009373482727787985,-5.016097690889778,0,0.49784035138165744
54.22559999999023,-2.1426300153506292,0.5377623074325971,1.3179520292059514,0.0016285358194415215,-0.025013911295837736,-0.020070647395488243,-2.2689527699546557,0.21050126312255518,1.5708358300832097,-0.1426792170768182,0.05031206515793812,0.050348185186537185,-2.2466610041539146,0.40733283346265503,1.4278560252764936,-0.05972574741211858,0.006606079351685283,-0.004904572578806263,0.09000117304571391,0.09000117304571391,0.0,0.13936772404558545,0.5123456879516695,-0.273444840039817,-0.0036111864882647417,-0.00936329220642261,-5.016024250814741,0,0.49791534110003
54.22975999999023,-2.142623170690101,0.5376581785471979,1.3178685016814309,0.0016427185268040158,-0.02499093249582483,-0.0200466058849208,-2.071924126722243,1.026484150805617,1.1290099030368315,0.12668689542680397,0.164412793591937,-0.10842250863768954,-2.159027823192788,0.7172536272936685,1.2782046337699025,0.03346168682996168,0.08606247982577248,-0.05630900489935128,0.09000117304571391,0.09000117304571391,0.0,0.13933246851311168,0.5124037855870497,-0.2732905776206718,-0.003613178209912746,-0.00935309618196115,-5.015950751957977,0,0.49799027336948853
54.23391999999023,-2.1426162670540765,0.5375541455062534,1.3177850742300572,0.0016568726458756084,-0.024967929826683125,-0.020022588329680697,-1.851188957926511,0.2692330728485651,1.6868608353364078,0.22264238615278842,0.20579854495289313,0.1371815866096441,-2.00464380417282,0.4936689422165425,1.482819389773976,0.12835603020260727,0.14559964091881866,0.041163462450379606,0.09000117304571391,0.09000117304571391,0.0,0.13929721127300707,0.5124617395632317,-0.2731365194462434,-0.003615157028882294,-0.009342894835098422,-5.015877194847045,0,0.49806514802611035
54.23807999999023,-2.1426093045612173,0.5374502084070895,1.3177017467524308,0.0016709982862012176,-0.024944903799342083,-0.01999859463033094,-2.043883651101518,0.9368913511731243,1.0425739975192416,-0.03745187551561884,0.06652534653654588,-0.09600749634760652,-2.0243426048130244,0.7154225899552685,1.262492679311336,0.04580109354711903,0.10560064445849623,-0.026816555321674384,0.09000117304571391,0.09000117304571391,0.0,0.13926195222509155,0.5125195508063229,-0.2729826656165186,-0.0036171230565870526,-0.009332688344944693,-5.0158035800050325,0,0.4981399649081093
54.242239999990225,-2.1426022833297287,0.5373463673449207,1.317618519149561,0.0016850955572441542,-0.024921854920505096,-0.01997462468873416,-2.226133980342999,0.47275198609833424,1.5689748543819224,0.04643795750920601,0.09253404130324323,0.035958232752906785,-2.1251427020395184,0.594277423958425,1.415810918511756,0.045920912813213116,0.09937307635888422,0.004463449882082297,0.09000117304571391,0.09000117304571391,0.0,0.1392266912678741,0.5125772202362157,-0.272829016227801,-0.0036190764037867668,-0.009322476889035269,-5.015729907950588,0,0.498214723855818
54.246399999990224,-2.1425952034773603,0.5372426224128677,1.317535391322861,0.0016991645683692496,-0.02489878369271191,-0.019950678408022747,-2.6037990248741627,0.16247783570401625,1.288055940429925,-0.0076854213495438995,-0.023841935705749006,-0.09153159774140174,-2.3644896596349843,0.37832309166595207,1.3517430729249313,0.018862165412379946,0.03869960626314808,-0.04397053084138072,0.09000117304571391,0.09000117304571391,0.0,0.1391914283002625,0.5126347487664626,-0.27267557137226656,-0.0036210171805901364,-0.009312260643348133,-5.015656179197952,0,0.4982894247116706
54.25055999999022,-2.142588065121407,0.5371389737019745,1.3174523631741417,0.0017132054288460305,-0.024875690614353952,-0.019926755692593195,-1.815385561300571,0.36254971206294295,1.74816277411109,-0.00024208724704912312,-0.05778235519195063,0.13829871651110756,-2.0899347764138883,0.3703172861103632,1.550242988011262,0.0095539691479262,-0.010102702586426003,0.0473287777799217,0.09000117304571391,0.09000117304571391,0.0,0.13915616322070926,0.5126921373043666,-0.27252233113859003,-0.00362294549645827,-0.009302039782315433,-5.0155823942569935,0,0.4983640673201856
54.25471999999022,-2.1425808683787078,0.5370354213012256,1.317369434605608,0.0017272182478397648,-0.02485257617972127,-0.019902856448085524,-2.1804451031721577,0.8920787764462292,1.7035100164654666,-0.013956971105286077,0.13778760932546183,0.1746201155223333,-2.135218827520914,0.6314881262390506,1.627239897820277,-0.0025729871895742006,0.06390524744572564,0.11139023600414072,0.09000117304571391,0.09000117304571391,0.0,0.13912089592721183,0.512749386751123,-0.2723692956112877,-0.0036248614602079976,-0.009291814478838627,-5.015508553633239,0,0.498438651527949
54.25887999999022,-2.1425736133656477,0.5369319652975629,1.3172866055198522,0.0017412031344066264,-0.024829440879033438,-0.019878980581368288,-2.385320873233215,0.23776685630784844,0.961741595846823,0.0863679481787355,0.06395384476066594,-0.10890072680328555,-2.2600926630251155,0.4347568417189231,1.2942588332484661,0.04223096250233663,0.06437029343120357,0.0016177617656233931,0.09000117304571391,0.09000117304571391,0.0,0.13908562631752636,0.5128064980018039,-0.272216464871343,-0.0036267651800149237,-0.00928158490430217,-5.0154346578279085,0,0.4985131771835967
54.26303999999022,-2.1425663001981583,0.5368286057759026,1.31720387581985,0.0017551601974874756,-0.024806285198479792,-0.019855128000521156,-3.014511968023202,0.5480928335183864,0.6896562992341452,0.14155435292249952,0.005083973469443528,0.004002013115362437,-2.6370118815490016,0.491439166812288,0.9919615904711366,0.09126886795438575,0.033306874212217535,0.002842981419251021,0.09000117304571391,0.09000117304571391,0.0,0.13905035428981,0.5128634719453933,-0.2720638389959779,-0.0036286567634166616,-0.009271351228588333,-5.015360707337944,0,0.498587644137799
54.26719999999022,-2.142558928991717,0.5367253428191516,1.317121245408955,0.0017690895459111934,-0.024783109620233716,-0.01983129861483051,-1.9112688289221305,0.7626173948602468,1.6788845045046148,-0.3920678445066847,-0.0443092458743637,-0.15350538083811405,-2.2749500640466254,0.626938461548292,1.3351091562096067,-0.15070635510720348,-0.005710233979806642,-0.07560426956151076,0.09000117304571391,0.09000117304571391,0.0,0.13901507974112512,0.5129203094649852,-0.27191141805842334,-0.003630536317316401,-0.009261113620087046,-5.015286702656042,0,0.49866205224324284
54.27135999999022,-2.142551499861349,0.5366221765082245,1.3170387141908935,0.0017829912883832327,-0.024759914622498033,-0.01980749233476666,-2.0190719821100522,0.2132589230937218,0.5492507047551066,-0.18443736257534651,0.020502707021452765,-0.13577422565282313,-2.147394026851533,0.4201379511948776,0.9418921046336624,-0.16700715354812082,0.0076308633623236016,-0.10572368258330128,0.09000117304571391,0.09000117304571391,0.0,0.13897980256893566,0.5129770114374992,-0.2717592021289742,-0.0036324039479857105,-0.009250872245710095,-5.015212644270688,0,0.4987364013546162
54.275519999990216,-2.142544012921626,0.5365191069220597,1.3169562820697602,0.0017968655334827679,-0.024736700679543082,-0.019783709071969996,-1.9240482010521447,0.5802469221120887,1.4706120404322878,0.027101787362526976,-0.24925636037437382,-0.058768404856121385,-2.0356620892054322,0.49967679642606255,1.206132666659125,-0.0704896778563949,-0.12160670697180005,-0.08183119439441948,0.09000117304571391,0.09000117304571391,0.0,0.13894452267025287,0.5130335787340915,-0.2716071912734772,-0.0036342597610681208,-0.00924062727090558,-5.0151385326661835,0,0.49881069132859124
54.279679999990215,-2.142536468286669,0.5364161341376358,1.3168739489500134,0.0018107123896581373,-0.024713468261736316,-0.019759948739234555,-2.3720976893459262,0.7321493398377419,1.0085522467151575,0.09357743897401175,-0.0279054594036039,0.06401316644010988,-2.2036892898090263,0.6158563745256587,1.1074746363534649,0.012343438596232168,-0.0746285090474809,-0.00911871633127044,0.09000117304571391,0.09000117304571391,0.0,0.13890923994206353,0.5130900122200321,-0.27145538555502735,-0.0036361038615822915,-0.009230378859670983,-5.015064368322679,0,0.4988849220238085
54.283839999990214,-2.1425288660701476,0.5363132582299875,1.3167917147364696,0.0018245319652257451,-0.024690217835566523,-0.019736211250501737,-2.036604169541651,0.2957461733726734,1.4542241502554647,0.06741866433365179,0.02608729433588881,-0.2308544522320494,-2.1200048814005124,0.45585447647935573,1.2803718217983144,0.03966103504548341,-0.02484525023299052,-0.12005541643149582,0.09000117304571391,0.09000117304571391,0.0,0.13887395428090268,0.5131463127547417,-0.2713037850326704,-0.003637936353925293,-0.009220127174564295,-5.014990151716205,0,0.49895909330086086
54.28799999999021,-2.1425212063852794,0.5362104792722222,1.3167095793342993,0.0018383243683631932,-0.024666949863682373,-0.0197124965208407,-1.8529177973954296,0.16341227093729566,1.9524166956535367,-0.11654162390911328,-0.17581881848595915,-0.05741655103338287,-1.9867010640162008,0.3092658474038439,1.6162777781949673,-0.038819598828184906,-0.10042723465991948,-0.08789448691601721,0.09000117304571391,0.09000117304571391,0.0,0.13883866558328165,0.5132024811918822,-0.27115238976224404,-0.00363975734187569,-0.009209872376717288,-5.014915883318702,0,0.49903320502227744
54.29215999999021,-2.142513489344833,0.536107797335535,1.3166275426490226,0.0018520897071045489,-0.02464366480493017,-0.019688804466432494,-1.9310590740524003,0.09963396968788613,1.4574696877291125,0.01911134322685253,-0.2785463770705462,-0.02053137946519013,-1.9588409714382133,0.2038691434717,1.5368296208520928,-0.00935641963110758,-0.189509152128588,-0.05407482892030441,0.09000117304571391,0.09000117304571391,0.0,0.1388033737456889,0.5132585183794485,-0.2710011997963643,-0.003641566928596896,-0.009199614625849542,-5.01484156359805,0,0.49910725705250825
54.29631999999021,-2.1425057150611275,0.5360052124892252,1.3165456045865036,0.0018658280893423668,-0.024620363114365683,-0.019665135004567885,-1.5918001185679502,0.689852128245249,1.11667730155449,-0.12048415490278185,-0.028430694566921984,0.0714742205778065,-1.7755678717510923,0.44680513713930975,1.3268988731162057,-0.06525381277379615,-0.10909353474171697,0.00884186358887525,0.09000117304571391,0.09000117304571391,0.0,0.1387680786641631,0.5133144251597519,-0.27085021518355556,-0.003643365216640395,-0.009189354080277518,-5.0147671930180975,0,0.49918124925790835
54.30047999999021,-2.1424978836460324,0.5359027248007114,1.316463765052947,0.0018795396228179343,-0.024597045243303712,-0.019641488053621134,-2.1452477098554077,0.6048544379869195,1.684338234436418,-0.1038914211908124,-0.16247485142169762,0.0008016662805319374,-1.9606273163758643,0.5254929353429678,1.505622129653345,-0.08416258131560082,-0.1357734652912562,0.005107292260226093,0.09000117304571391,0.09000117304571391,0.0,0.1387327802349348,0.5133702023693513,-0.2706994359697339,-0.0036451523079489025,-0.009179090896929056,-5.014692772038695,0,0.4992551815067225
54.30463999999021,-2.1424899952109695,0.5358003343355475,1.3163820239548927,0.0018932244151208613,-0.024573711639342986,-0.01961786353304338,-2.4973946428688167,1.0137407593679986,0.8387025138558261,0.004772799603222714,0.16103349235446937,-0.03876862068150718,-2.2290059512184817,0.7699540865026325,1.1720770874064308,-0.03915105272968786,0.013150682303984177,-0.016861522500879553,0.09000117304571391,0.09000117304571391,0.0,0.13869747835378604,0.5134258508394117,-0.2705488621971248,-0.0036469283038597943,-0.009168825231355322,-5.014618301115721,0,0.4993290536690698
54.30879999999021,-2.1424820498669126,0.5356980411574376,1.316300381199212,0.0019068825736857898,-0.024550362746390643,-0.01959426136335095,-1.9922731092478692,0.734689688685211,1.4948177009369694,0.07340437571759012,0.05145624473923092,-0.026198781127008654,-2.1104858701505944,0.7524283936112798,1.33339493766522,0.01744422480883108,0.03243310400827453,-0.02142272309852181,0.09000117304571391,0.09000117304571391,0.0,0.13866217291647834,0.5134813713954215,-0.2703984939046769,-0.0036486933051081004,-0.009158557237741557,-5.0145437807011115,0,0.4994028656169285
54.312959999990206,-2.1424740477243884,0.5355958453282513,1.3162188366931031,0.0019205142057844718,-0.024526999004711912,-0.01957068146610228,-2.0340394709302627,0.5275511977507034,1.16787730730471,0.10043548470855736,-0.14982041261764534,-0.1099820818715952,-2.0720538595285287,0.639675460616453,1.2504059925600126,0.05923593558808888,-0.058134129224016055,-0.0655947071771293,0.09000117304571391,0.09000117304571391,0.0,0.13862686381853934,0.5135367648574443,-0.27024833112847685,-0.0036504474118298925,-0.009148287068922338,-5.014469211242889,0,0.49947661722412084
54.317119999990204,-2.142465988893478,0.5354937469080391,1.316137390344087,0.00193411941853019,-0.02450362085092983,-0.019547123763903024,-2.544561142295409,0.8090229041408821,1.431187151669931,0.11759884983056298,-0.25035027219179096,-0.0801056179535679,-2.3080655500528495,0.7238312827274251,1.3406309744819076,0.08809869122820245,-0.15501684938847352,-0.0727312878174171,0.09000117304571391,0.09000117304571391,0.0,0.1385915509556915,0.5135920320401575,-0.2700983739013092,-0.003652190723565245,-0.009138014876388802,-5.014394593185192,0,0.49955030836629877
54.3212799999902,-2.1424578734838158,0.5353917459550471,1.316056042060002,0.0019476983188687284,-0.02448022871808152,-0.019523588180378585,-2.1853061188795073,0.6407906442591272,0.7808248500027131,-0.08988623669331458,-0.062483438988922974,0.004090387404336138,-2.2468724914508362,0.6821806210296957,1.0607315545224119,-0.0006154049437187391,-0.10885336117718519,-0.03386935376281337,0.09000117304571391,0.09000117304571391,0.0,0.13855623422321134,0.5136471737526231,-0.26994862225221455,-0.003653923339261781,-0.009127740810303452,-5.0143199269683025,0,0.4996239389209281
54.3254399999902,-2.1424497016045927,0.535289842525732,1.3159747917490014,0.0019612510135783327,-0.024456823035631486,-0.01950007464016853,-1.912303603716604,0.054091795820438215,0.8461289761090751,-0.05347257053592741,-0.05536720301786053,-0.14433542664581725,-2.0796978397625545,0.3680174180326674,0.9531289765715443,-0.026602115302844415,-0.08248242104400563,-0.08930036028236174,0.09000117304571391,0.09000117304571391,0.0,0.1385209135165713,0.5137021907988609,-0.2697990762079744,-0.0036556453572776644,-0.00911746501951002,-5.014245213028675,0,0.49969750876727487
54.3295999999902,-2.142441473364554,0.5351880366747757,1.3158936393195477,0.001974777609266843,-0.02443340422950448,-0.01947658306891525,-1.9743901167915825,0.535762613225527,1.5467984850432657,-0.22684804733745126,-0.05509222254097996,0.14188761056305382,-2.0275143877321113,0.4517748492446078,1.2502613512946086,-0.1270445216749397,-0.06794762812384547,0.027075005253127372,0.09000117304571391,0.09000117304571391,0.0,0.13848558873058547,0.5137570839772992,-0.2696497357916014,-0.003657356875384938,-0.009107187651544776,-5.014170451798965,0,0.49977101778638994
54.3337599999902,-2.1424331888720025,0.5350863284551002,1.3158125846804092,0.001988278212366172,-0.024409972722116112,-0.019453113393248785,-2.1462669719619383,0.12997489706308113,1.3410286062368537,-0.0945210573198822,-0.05415238892634743,-0.043995559355097275,-2.087088498262077,0.2907602616304441,1.295552868961389,-0.11059907618583635,-0.06118343893855629,-0.007861671705113489,0.09000117304571391,0.09000117304571391,0.0,0.13845025976069258,0.5138118540811873,-0.26950060102339624,-0.0036590579907723837,-0.009096908852648234,-5.014095643708054,0,0.4998444658610951
54.3379199999902,-2.1424248482347976,0.5349847179178818,1.3157316277406559,0.0020017529291300336,-0.024386528932410514,-0.019429665540771232,-2.428472811449275,0.2575706023358645,1.3734972882062146,0.01809144566999884,0.011439611994911607,-0.006492315810893323,-2.2577456416804447,0.27418845013461285,1.334511524956555,-0.04615257648334092,-0.024615146480991043,-0.006890880008061558,0.09000117304571391,0.09000117304571391,0.0,0.13841492650167478,0.513866501898635,-0.2693516719207215,-0.003660748800049193,-0.009086628767778292,-5.01402078918108,0,0.49991785287596885
54.3420799999902,-2.1424164515603574,0.5348832051125657,1.3156507684096557,0.0020152018656336788,-0.02436307327587024,-0.019406239440055092,-2.128897268428856,0.895425959547128,1.0203591463931807,-0.22194633583986853,-0.041092477243906925,0.12964592158523652,-2.1937812423777134,0.5847259023802366,1.177703720564246,-0.13449643553629578,-0.03276697360379029,0.06092476714658333,0.09000117304571391,0.09000117304571391,0.0,0.13837958884872667,0.5139210282124907,-0.2692029484979903,-0.003662429399247753,-0.009076347540618587,-5.013945888639462,0,0.49999117871733206
54.346239999990196,-2.1424079989556586,0.5347817900868801,1.3155700065970697,0.0020286251277734286,-0.02433960616454432,-0.019382835020631952,-2.235643163326028,0.6191824957086666,0.9411081880447518,0.08876456529071713,0.01685333096285595,-0.18625543499024852,-2.2145283068833326,0.6019879936735196,1.0590179179976045,-0.0226692229367072,-0.007238298771750829,-0.06314244731641643,0.09000117304571391,0.09000117304571391,0.0,0.13834424669660153,0.5139754338004343,-0.26905443076622526,-0.0036640998838270494,-0.009066065313587997,-5.01387094250093,0,0.5000644432732338
54.350399999990195,-2.1423994905272368,0.5346804728868505,1.315489342212849,0.0020420228212572724,-0.024316128007095778,-0.019359452212968663,-2.4096098107021877,0.8364495702034901,1.6809349035224577,-0.07405509336977807,-0.12406615047934642,-0.18244562411790602,-2.3122228083559406,0.718962328929698,1.3696014357698645,-0.049151268714266554,-0.06562567441253889,-0.12286080695992885,0.09000117304571391,0.09000117304571391,0.0,0.13830889993982515,0.5140297194350696,-0.26890611873411674,-0.0036657603486758136,-0.009055782227854928,-5.0137959511795485,0,0.5001376464334376
54.354559999990194,-2.1423909263811884,0.5345792535568138,1.3154087751672305,0.0020553950516053986,-0.02429263920881542,-0.019336090948465785,-2.225629654273115,0.36179265669195615,1.1288292597628293,0.13096981944385466,0.06813449284952477,-0.19484481346052585,-2.2686535500034073,0.5405158080413393,1.2488070083094314,0.04106028934673791,0.0016801621435358835,-0.1581831495258358,0.09000117304571391,0.09000117304571391,0.0,0.13827354847333806,0.5140838858839102,-0.2687580124069414,-0.003667410888115426,-0.009045498423346971,-5.013720915085747,0,0.5002107880894074
54.35871999999019,-2.1423823066231713,0.5344781321394318,1.315328305370733,0.0020687419241478375,-0.024269140171656704,-0.01931275115944021,-1.9370099829727836,0.3580281341477145,0.966154918774099,0.029080408454522616,-0.05383957515942118,-0.057364813495568975,-2.102769109528476,0.44915973449221547,1.1073597842197789,0.03514329630641404,-0.02656906113325174,-0.10783605349127998,0.09000117304571391,0.09000117304571391,0.0,0.13823819219185565,0.5141379339095797,-0.2686101117876202,-0.0036690515959034078,-0.00903521403876246,-5.013645834626343,0,0.5002838681342944
54.36287999999019,-2.1423736313584048,0.5343771086757059,1.3152479327341533,0.0020820635440260806,-0.024245631294244806,-0.019289432779125554,-2.5904466759305196,0.5737679629727492,1.323987073426285,0.07504164919031675,0.00741318258483447,0.06201013679298033,-2.346455032451309,0.5114803240009024,1.215804184853242,0.05499935418352042,-0.009668645646476098,-0.023049279455585988,0.09000117304571391,0.09000117304571391,0.0,0.13820283098986844,0.5141918642694768,-0.2684624168758513,-0.00367068256523642,-0.009024929211577786,-5.013570710204569,0,0.5003568864629229
54.36703999999019,-2.1423649006916707,0.5342761832049895,1.315167657168563,0.0020953600161848895,-0.02422211297192365,-0.019266135741649208,-1.8231290135647171,0.2353485764240265,1.4942416006313548,0.07133039371774466,0.04330399977285155,0.14628846098470324,-2.0846408167725716,0.37350027473117914,1.355329002859028,0.06355853578903842,0.017927095351093606,0.061663563364920515,0.09000117304571391,0.09000117304571391,0.0,0.13816746476185646,0.5142456777163491,-0.2683149276689545,-0.0036723038887534016,-0.009014644078060442,-5.013495542220099,0,0.5004298429717771
54.37119999999019,-2.142356114727315,0.534175355765003,1.3150874785853046,0.002108631445373668,-0.024198585596769087,-0.019242859982029847,-2.1992318347512847,0.21799883350833582,2.144344393585292,0.17518625221335715,0.01980127608862222,0.06647986742996931,-2.1415725114510917,0.29578970220508266,1.7499809072361108,0.11925280468012857,0.018839963007145626,0.0638734461607588,0.09000117304571391,0.09000117304571391,0.0,0.1381320934025043,0.5142993749977457,-0.2681676441612184,-0.003673915658538589,-0.009004358773277904,-5.013420331069075,0,0.5005027375589878
54.37535999999019,-2.1423472735692477,0.5340746263918462,1.3150073968959872,0.0021218779361427565,-0.024175049557625682,-0.019219605436160647,-1.8114005696021054,-0.04721417392237082,1.379593000086999,-0.03757490983259662,0.045247450822844856,-0.04109611074961216,-1.9765629587066704,0.12437976618580772,1.5646999148443104,0.041124904316585956,0.03190313737227337,0.010899313798117555,0.09000117304571391,0.09000117304571391,0.0,0.13809671680606034,0.514352956856591,-0.26802056634431703,-0.003675517966124895,-0.008994073431109213,-5.013345077144131,0,0.5005755701243191
54.37951999999019,-2.1423383773209443,0.5339739951200123,1.3149274120124839,0.0021350995928411617,-0.02415150524012678,-0.019196372040801938,-1.820626088483095,0.6575985437465515,0.9423924373704594,-0.03754980621640256,-0.0926507081581317,0.024836181509834302,-1.8986703759020094,0.39079780451742946,1.2535938008133714,0.0012352781071147203,-0.02922581488470954,0.01771262265107137,0.09000117304571391,0.09000117304571391,0.0,0.13806133486740668,0.5144064240309042,-0.2678736942072989,-0.0036771109024967626,-0.00898378818425467,-5.013269780834419,0,0.5006483405691554
54.383679999990186,-2.1423294260854457,0.533873461982401,1.3148475238469273,0.0021482965196207493,-0.024127953026707984,-0.01917315973357789,-2.2855634372473244,0.847412492847333,1.2633773239744315,-0.060147468849235754,-0.03149366932687854,0.053901553094613766,-2.092245144005028,0.6190418231532556,1.2585980216928703,-0.029247731163832,-0.02987165814191736,0.03567149478465967,0.09000117304571391,0.09000117304571391,0.0,0.13802594748034963,0.5144597772537862,-0.2677270277363623,-0.0036786945580935815,-0.008973503164242908,-5.013194442525632,0,0.500721048796488
54.387839999990184,-2.1423204199653605,0.5337730270103316,1.3147677323117066,0.002161468820421078,-0.024104393296666166,-0.019149968452947894,-1.938502087211314,0.5687065407028054,0.8652558738344203,0.06810028652438953,-0.024003233211841203,0.01467446775017647,-2.0152314569201395,0.5938253037405604,1.0619550852242796,0.01969111589779769,-0.02761102221706806,0.024997664621307914,0.09000117304571391,0.09000117304571391,0.0,0.137990554539758,0.5145130172538334,-0.2675805669152726,-0.0036802690228124046,-0.008963218501446522,-5.013119062600033,0,0.5007936947109031
54.39199999999018,-2.1423113590628646,0.533672690233556,1.314688037319464,0.0021746165989838,-0.024080826426140452,-0.01912679813822045,-2.597194791449681,-0.22242740131795158,1.557013735892398,0.08277314771575567,0.0274098422956344,0.008621752005385827,-2.3060462853979398,0.1857504878243993,1.3095057315341332,0.05183138768530712,-0.00021790391382755576,0.01684738811257679,0.09000117304571391,0.09000117304571391,0.0,0.13795515593985452,0.5145661447546973,-0.26743431172513754,-0.0036818343860113064,-0.008952934325085307,-5.013043641436479,0,0.5008662782185674
54.39615999999018,-2.142302243479703,0.5335724516802719,1.314608438783091,0.002187739958837298,-0.02405725278817908,-0.019103648729521142,-2.6120809887569,0.41129488985409507,0.932822730379415,0.06003851888177847,0.008829189622402249,0.016044271868709433,-2.458941294124673,0.2985441038551225,1.1211947351898957,0.05612385172075467,0.0035971198646370184,0.01655721987239036,0.09000117304571391,0.09000117304571391,0.0,0.13791975157507122,0.5146191604755529,-0.26728826214439694,-0.003683390736512488,-0.008942650763241477,-5.01296817941044,0,0.5009387992272175
54.40031999999018,-2.142293073317189,0.5334723113771356,1.3145289366157251,0.0022008390033055806,-0.0240336727527273,-0.019080520167801703,-1.967545651146898,0.8866392718113725,1.3968731977721471,-0.017856783530579685,0.08870029119176659,-0.09913219153364405,-2.213276679243241,0.5927794219041023,1.2588287901616486,0.018899557246411878,0.04656406017838288,-0.04084093251075592,0.09000117304571391,0.09000117304571391,0.0,0.1378843413394089,0.5146720651307106,-0.26714241814924045,-0.003684938162605197,-0.008932367942864351,-5.012892676894031,0,0.5010112576461453
54.40447999999018,-2.142283848676208,0.5333722693492744,1.3144495307307467,0.0022139138354948947,-0.024010086686690284,-0.019057412394811565,-2.583318231611513,0.6241870916800646,1.7535394013700643,0.006329019848233003,-0.20984878801527368,0.15675491912179768,-2.398286768205199,0.6080473921051247,1.5065136092074916,0.012561044009904519,-0.08181584286643806,0.05794144372488528,0.09000117304571391,0.09000117304571391,0.0,0.137848925127507,0.5147248594301391,-0.26699677971295527,-0.003686476752048734,-0.00892208598978542,-5.012817134256031,0,0.5010836533861869
54.40863999999018,-2.142274569657215,0.5332723256202997,1.3143702210417754,0.002226964558303773,-0.023986494953923333,-0.01903432535310429,-2.2290860886164134,0.3407620539191586,1.187004803533705,-0.10275756177486518,0.15033843597049226,-0.017354563948059554,-2.3138983109376094,0.4747153396604501,1.3467199518825745,-0.045411228437333494,0.03434866535663091,0.020741466087204886,0.09000117304571391,0.09000117304571391,0.0,0.1378135028337897,0.5147775440790778,-0.2668513468067721,-0.003688006592075683,-0.00891180502872333,-5.012741551861908,0,0.50115598635971
54.41279999999018,-2.1422652363602386,0.5331724802123194,1.314291007462667,0.0022399912744188333,-0.02396289791526301,-0.01901125898602654,-1.8854323649297322,0.543064601977318,1.246677757731553,-0.059191726668240005,-0.076102280643122,-0.13135635818261762,-2.0997872791147962,0.5087329053975259,1.2964239442773806,-0.0514243668789213,-0.021228845638256444,-0.05482020096753819,0.09000117304571391,0.09000117304571391,0.0,0.1377780743522529,0.5148301197781844,-0.26670611939921346,-0.003689527769394947,-0.008901525183292479,-5.012665930073845,0,0.5012282564806011
54.416959999990176,-2.142255848884879,0.5330727331459504,1.31421188990751,0.0022529940863036655,-0.023939295928580878,-0.018988213237691873,-1.8273170045521716,0.553265434371913,1.8150529430941678,-0.06920045843836341,-0.17480718235307086,0.11870140099941306,-1.9636941695248995,0.5306361636182846,1.5559863457323098,-0.06031158324368377,-0.09814088245669268,0.03319049812846532,0.09000117304571391,0.09000117304571391,0.0,0.13774263957731953,0.5148825872237901,-0.26656109745608336,-0.00369104037019469,-0.008891246576018166,-5.012590269250759,0,0.5013004636642535
54.421119999990175,-2.1422464073303114,0.5329730844403305,1.3141328682906224,0.0022659730962102838,-0.02391568934876511,-0.01896518805299239,-1.9539290225782653,0.18829827629001522,0.8050588189470759,-0.002201194215015765,-0.04577800395681117,0.1357775984910883,-1.958815746580694,0.3593689218409378,1.1807987669978182,-0.031432996834078554,-0.07163308709119222,0.08494591041095316,0.09000117304571391,0.09000117304571391,0.0,0.13770719840362772,0.5149349471076734,-0.26641628094152736,-0.003692544480145289,-0.008880969328339879,-5.012514569748329,0,0.5013726078275558
54.425279999990174,-2.1422369117952855,0.5328735341131315,1.3140539425265492,0.00227892840617517,-0.023892078527757273,-0.018942183377585776,-2.6317973833917074,0.33890128335312697,1.497709023950161,-0.1361993001915955,-0.15964331088331538,-0.09417916991917877,-2.295595354405965,0.34880210293099306,1.3390609475089017,-0.083429746194069,-0.11524645248601047,-0.004953482107448057,0.09000117304571391,0.09000117304571391,0.0,0.13767175072517618,0.514987200117154,-0.26627166981695427,-0.0036940401844026,-0.008870693560620122,-5.012438831919017,0,0.5014446888888793
54.42943999999017,-2.142227362378127,0.5327740821805707,1.313975112530058,0.0022918601180084985,-0.023868463814601157,-0.018919199157871294,-1.6676691638361842,0.1333551311753841,1.443923377122414,0.03869582341130672,0.039066817296492515,-0.08597679477834719,-1.9815477642008075,0.24115819740249184,1.391315115106385,-0.022189571650168875,-0.038017994901154845,-0.045963990513556395,0.09000117304571391,0.09000117304571391,0.0,0.13763629643660746,0.5150393469352419,-0.2661272640410259,-0.0036955275676107844,-0.008860419392158703,-5.01236305611209,0,0.5015167067680664
54.43359999999017,-2.1422177591767384,0.532674728657423,1.3138963782161373,0.002304768333305566,-0.02384484555542785,-0.018896235340999233,-2.2843753190252825,0.3683240422648316,1.2775297610381426,0.1338836502999886,0.07371268922761123,-0.1047259530047433,-2.1326841440636097,0.30489462498384606,1.3342036264557722,0.055335785876516705,0.0181791585196224,-0.07525058747840012,0.09000117304571391,0.09000117304571391,0.0,0.13760083543214047,0.515091388240464,-0.2659830635707167,-0.0036970067139053967,-0.008850146941196273,-5.012287242673645,0,0.5015886613864187
54.43775999999017,-2.142208102288599,0.5325754735570334,1.3138177394999921,0.002317653153435895,-0.023821224093508522,-0.018873291874849117,-2.545594710239624,-0.09766225404453488,1.4172374519649042,-0.10213553703071522,-0.1505739388623144,-0.09103632255798771,-2.3393543113447577,0.1032996407640457,1.375532815168418,-0.02360333248239837,-0.06592770401745425,-0.08364628126875256,0.09000117304571391,0.09000117304571391,0.0,0.13756536760621232,0.5151433247072269,-0.2658390683604502,-0.0036984777069163227,-0.008839876324926738,-5.012211391946632,0,0.5016605526666855
54.44191999999017,-2.1421983918107674,0.5324763168913281,1.313739196297042,0.0023305146795486197,-0.02379759976925519,-0.018850368708031123,-1.7118898399378366,0.09498402945248724,1.6115646468270028,0.03762813923802698,0.005370736797361858,-0.14152047628349063,-2.0255397573180494,0.09915281440375706,1.4932559459106949,0.007170904869269488,-0.030218857917384365,-0.1125420520295332,0.09000117304571391,0.09000117304571391,0.0,0.13752989285326564,0.5151951570054305,-0.2656952783620888,-0.0036999406297706927,-0.008829607659503198,-5.012135504270874,0,0.5017323805330521
54.44607999999017,-2.142188627839882,0.5323772586708271,1.3136607485229175,0.0023433530125670666,-0.023773972920259744,-0.01882746578986798,-2.5362127082020747,0.6671493299683593,1.12179296609952,0.12401990012281498,0.17931629315493583,-0.08383861564804289,-2.2806215329279307,0.3835275282792724,1.30734689860081,0.06543623209023568,0.07477146045769066,-0.09791510378349602,0.09000117304571391,0.09000117304571391,0.0,0.1374944110679635,0.5152468858008301,-0.2655516935259946,-0.0037013955650959506,-0.00881934106004863,-5.012059579983088,0,0.5018041449111286
54.45023999999017,-2.1421788104721604,0.532278298904655,1.3135823960934574,0.0023561682531927693,-0.023750343881299967,-0.01880458307039792,-2.859359578321974,0.40205687578530014,1.8164410093046883,0.14152573827922432,-0.02615331273826503,-0.043574992492888126,-2.5697000047306906,0.39273840417934924,1.5618059647092573,0.10336495138924523,0.02408924160416604,-0.07030764231368417,0.09000117304571391,0.09000117304571391,0.0,0.1374589221445489,0.5152985117550255,-0.2654083137995239,-0.0037028425950228856,-0.008809076640662036,-5.011983619416913,0,0.5018758457279379
54.454399999990166,-2.1421689398034025,0.5321794376005534,1.313504138924706,0.0023689605018992394,-0.02372671298437387,-0.01878172050035634,-2.1233382367477383,0.17172138524113673,1.3852236484497558,0.02463684281040451,-0.11270980104890267,-0.09509394343034956,-2.346465038245387,0.28199492563017875,1.4733159646486318,0.06414289305285384,-0.04478745483573668,-0.08278880395347776,0.09000117304571391,0.09000117304571391,0.0,0.1374234259774865,0.5153500355251809,-0.26526513912851446,-0.0037042818011883303,-0.00879881451442838,-5.011907622902927,0,0.5019474829119047
54.458559999990165,-2.1421590159289905,0.5320806747648921,1.3134259769329095,0.002381729858930525,-0.02370308055872735,-0.018758878031167818,-2.061113175518775,0.5767200242735182,1.0623757446231596,-0.1242729842983188,0.1742946212555341,-0.024541970612664735,-2.204044995018006,0.42972319893482996,1.2677921591566954,-0.03034115860973941,0.06419433780208579,-0.05377809818657092,0.09000117304571391,0.09000117304571391,0.0,0.13738792246167797,0.5154014577646021,-0.2651221694559943,-0.003705713264738219,-0.008788554793428827,-5.011831590768671,0,0.502019056392845
54.46271999999016,-2.1421490389438893,0.5319820104026802,1.313347910034514,0.0023944764243075773,-0.023679446930853984,-0.018736055614946172,-2.6643236914341264,0.5068063910936258,1.3724248495044606,0.11039335345826921,-0.10426596193798719,-0.09796994371756462,-2.433958435136303,0.4680484776939383,1.3199052191948477,0.04025081630101569,-0.020031502750225638,-0.07575450803033384,0.09000117304571391,0.09000117304571391,0.0,0.13735241149139416,0.5154527791222439,-0.2649794047232418,-0.0037071370663306685,-0.00877829758874537,-5.011755523338668,0,0.5020905661019539
54.46687999999016,-2.142139008942648,0.531883444517578,1.313269938146162,0.002407200297820474,-0.023655812424532408,-0.018713253204480067,-1.9494822056589574,0.5049649814873561,1.8523760585409725,-0.11170045210603259,-0.037915899785142655,0.03750473208825568,-2.191951256180941,0.48642753897961155,1.5862207005591735,-0.03475716508143806,-0.028691283288063855,-0.01832768612982616,0.09000117304571391,0.09000117304571391,0.0,0.13731689296134408,0.5155040002431259,-0.2648368448693499,-0.003708553286138584,-0.008768043010470662,-5.011679420934447,0,0.5021620119717949
54.47103999999016,-2.142128926019402,0.5317849771119078,1.3131920611846903,0.0024199015790305157,-0.023632177360842884,-0.01869047075322691,-2.226802851049529,0.6924169419006054,1.552391076133097,-0.025718370763608417,0.04342912992672433,-0.17040861541207072,-2.209431686758028,0.5895116758434084,1.5689513145025853,-0.029807608876266083,0.008488184555384526,-0.09441027174037067,0.09000117304571391,0.09000117304571391,0.0,0.13728136676646313,0.5155551217680012,-0.26469448983121746,-0.0037099620038526953,-0.008757791167715894,-5.011603283874565,0,0.5022333939362894
54.47519999999016,-2.142118790267872,0.5316866081866652,1.3131142790671266,0.0024325803672687815,-0.023608542058194106,-0.018667708215301945,-2.3955235097441707,0.4153281650253072,1.2550925708647185,0.026658783678864796,0.05656705406856775,-0.0925432205981361,-2.3024240119067474,0.5025351808698825,1.411825438969188,-0.001308288249954488,0.03309123064912584,-0.09260160329058036,0.09000117304571391,0.09000117304571391,0.0,0.1372458328014861,0.5156061443337718,-0.26455233954396923,-0.003711363298684705,-0.008747542168619848,-5.0115271124746235,0,0.5023047119307057
54.47935999999016,-2.142108601781365,0.5315883377415305,1.3130365917106872,0.0024452367616356755,-0.023584906832338985,-0.018644965545474037,-2.153103252753702,0.6860533732026737,1.5891078635393148,0.09291797685489574,0.00957726405043649,0.11678681214763587,-2.2275678434442643,0.5943153523002829,1.5007108802848441,0.045088459577137266,0.02139793991972864,0.01204298425713107,0.09000117304571391,0.09000117304571391,0.0,0.13721029096073412,0.5156570685732647,-0.2644103939403055,-0.0037127572493700577,-0.00873729612035639,-5.011450907047295,0,0.5023759658916475
54.48351999999016,-2.1420983606527777,0.5314901657748788,1.3129589990327741,0.0024578708609986548,-0.023561271996394035,-0.018622242699157215,-2.185721342716113,0.41967938296509594,1.0938750890708502,-0.0010513903977668743,-0.1956759311632771,0.024444478828400305,-2.206648990026088,0.5065894461646815,1.2973385190170346,0.02322497756040946,-0.08726973393143807,0.019427066317026204,0.09000117304571391,0.09000117304571391,0.0,0.13717474113961187,0.5157078951153269,-0.2642686529511358,-0.0037141439341703613,-0.008727053129141977,-5.01137466790234,0,0.5024471557570445
54.487679999990156,-2.1420880669745945,0.5313920922837919,1.3128815009509724,0.002470482763995767,-0.02353763786086082,-0.018599539632403593,-2.682532255116084,0.45010966740092906,1.1213865957784765,-0.016531668404040138,-0.02001691837831744,0.04921303212292865,-2.4446280624664567,0.4783081834925468,1.2094646591176152,0.0032167373674848766,-0.053963315744688586,0.03385112171759263,0.09000117304571391,0.09000117304571391,0.0,0.13713918323268548,0.5157586245849222,-0.26412711650514276,-0.0037155234308768833,-0.008716813300243202,-5.011298395346628,0,0.5025182814661407
54.491839999990155,-2.1420777208388904,0.5312941172640684,1.312804097383048,0.002483072569031953,-0.02351400473364355,-0.01857685630189622,-1.6197416621130656,0.12665005588368455,0.9702112593731516,0.13128797384132762,0.13962022884007694,-0.0035616414237757237,-2.03190527074517,0.30276708411593156,1.0898299081809566,0.0668862972211733,0.042806866266017395,0.014651285721909402,0.09000117304571391,0.09000117304571391,0.0,0.1371036171349651,0.5158092576030127,-0.2639857845294164,-0.003716895816812951,-0.00870657673798408,-5.0112220896841615,0,0.5025893429594849
54.495999999990154,-2.142067322337331,0.5311962407102347,1.312726788246944,0.002495640374277677,-0.023490372920078884,-0.018554192664938383,-2.121842825815146,0.7811136567004734,0.7080860529324557,-0.01514328496695056,-0.09856768153269199,0.1869894790276645,-2.076906079164256,0.541738801580393,0.8993449999870491,0.02583057338576339,-0.02792033763158134,0.10044487736183308,0.09000117304571391,0.09000117304571391,0.0,0.137068042741479,0.5158597947867087,-0.2638446569485905,-0.003718261168836987,-0.00869634354575538,-5.011145751216091,0,0.502660340178919
54.50015999999015,-2.142056871561174,0.5310984626155558,1.3126495734607797,0.0025081862776691645,-0.023466742722952273,-0.018531548679446057,-2.333226702557967,0.3733440527439924,0.9691380481365341,-0.08184448941420519,0.07972007078766533,0.03833257757890577,-2.2052375169564726,0.457706170233325,0.9343203361403905,-0.028433619864222937,0.025842017311048765,0.07006921292256875,0.09000117304571391,0.09000117304571391,0.0,0.13703245994727423,0.5159102367493116,-0.2637037336859042,-0.0037196195633453473,-0.008686113826022312,-5.0110693802407384,0,0.5027312730675692
54.50431999999015,-2.14204636860127,0.5310007829720453,1.3125724529428466,0.0025207103769104193,-0.02344311444250774,-0.01850892430394806,-2.0402580800570775,0.22703875669994233,1.491704502541087,-0.18345093985855734,0.024813516693838022,0.06962972030460986,-2.123128023857516,0.3424227049281168,1.2131619359097099,-0.10602507657618666,0.025210430989067365,0.0694703593970849,0.09000117304571391,0.09000117304571391,0.0,0.1369968686474177,0.5159605841003029,-0.26356301466212523,-0.0037209710762750375,-0.008675887680330046,-5.010992977053616,0,0.5028021415698345
54.50847999999015,-2.142035813548064,0.5309032017704767,1.3124954266116067,0.002533212769469199,-0.023419488376480398,-0.018486319497569757,-2.0532041240725603,0.4399994244763731,1.4890006529511444,0.09547583826860945,-0.04125281685802645,0.09004404062992327,-2.0879660930276787,0.3911257705440364,1.3512706748522518,-0.005722518079545006,-0.007934095582152825,0.07967834324872623,0.09000117304571391,0.09000117304571391,0.0,0.1369612687374248,0.5160108374452271,-0.26342249979639715,-0.00372231578310654,-0.008665665209312844,-5.010916541947446,0,0.5028729456313771
54.51263999999015,-2.142025206491595,0.530805719000393,1.3124184943856898,0.002545693552582785,-0.023395864820099154,-0.018463734220036228,-2.1978834749769,0.40106949030858774,1.1989558554630486,0.010683043987761136,-0.2688662361182037,-0.04556087348869809,-2.142902598638711,0.3955385689514988,1.275017307535165,0.0021262359124283982,-0.13843294140642257,0.01712758024672212,0.09000117304571391,0.09000117304571391,0.0,0.13692566011219165,0.5160609973860018,-0.2632821890062327,-0.003723653758866811,-0.008655446512698704,-5.010840075212183,0,0.5029436851991123
54.51679999999015,-2.142014547521498,0.5307083346501175,1.3123416561838912,0.0025581528232478715,-0.023372244066131424,-0.01844116843165262,-2.424452417983129,0.788460637510453,1.2286064502218095,-0.227439748049611,-0.06415101686446284,0.18673690298339823,-2.2841518311790376,0.5918685113814248,1.2521991528456262,-0.11298602261669255,-0.10110003692237726,0.10231019144805077,0.09000117304571391,0.09000117304571391,0.0,0.13689004266727808,0.5161110645208004,-0.26314208220686475,-0.003724985078131787,-0.008645231689320765,-5.010763577135029,0,0.5030143602211985
54.52095999999015,-2.1420038367270053,0.5306110487067638,1.312264911925169,0.002570590678228425,-0.023348626404881053,-0.01841862209330653,-2.1564273525670323,0.0010708963041845543,1.5085882498524743,0.0029458892803895893,-0.056926469936643936,-0.01663340227849847,-2.2202833662253,0.2963467135498917,1.3803618527018977,-0.054644995096003936,-0.07879932130521394,0.042387158883392194,0.09000117304571391,0.09000117304571391,0.0,0.13685441629784034,0.5161610394440417,-0.26300217931188,-0.0037263098150293406,-0.008635020837122052,-5.010687048000456,0,0.503084970647027
54.525119999990146,-2.1419930741969466,0.5305138611562462,1.3121882615286422,0.0025830072140500837,-0.023325012124219783,-0.018396095166455493,-2.0186931924192253,0.8958714736839493,1.4885200350365997,-0.09398399099892413,-0.01849612033792968,-0.09877867349907149,-2.1196823278385213,0.5960734660557372,1.4342355749759763,-0.07432391237461095,-0.048001806843292534,-0.027865061447748335,0.09000117304571391,0.09000117304571391,0.0,0.1368187808994867,0.5162109227464339,-0.2628624802332125,-0.003727628043241855,-0.00862481405316412,-5.010610488090223,0,0.5031555164272127
54.529279999990145,-2.1419822600197507,0.5304167719832895,1.3121117049135875,0.0025954025270038205,-0.02330140150959764,-0.01837358761312534,-2.075134601767945,0.3430535994946603,1.3060119165482158,-0.013246481622613155,0.06299459052750389,0.014591594177845682,-2.0974364814552855,0.4696940987204428,1.3701532969144854,-0.04341593798866398,0.006859616207570354,-0.006686718970663013,0.09000117304571391,0.09000117304571391,0.0,0.13678313636785153,0.5162607150151235,-0.26272298488049417,-0.0037289398360091305,-0.008614611433633058,-5.0105338976833975,0,0.5032259975135837
54.533439999990144,-2.1419713942834457,0.5303197811714393,1.3120352419994379,0.0026077767131474786,-0.02327779484405365,-0.018351099395905256,-1.9729051780518627,0.45975938318635695,1.6468341911504663,-0.13849397520861192,0.07972978377950471,0.05899813301435856,-2.03545880554243,0.46489248713454884,1.5086178197831506,-0.09057201227190341,0.04329962017004752,0.026427850424181085,0.09000117304571391,0.09000117304571391,0.0,0.13674748259838204,0.5163104168334728,-0.2625836931621174,-0.0037302452661310747,-0.00860441307384437,-5.010457277056373,0,0.503296413859172
54.53759999999014,-2.1419604770756613,0.5302228887030715,1.3119588727057798,0.0026201298682953216,-0.023254192408269553,-0.018328630477925354,-2.118536473060116,0.8258444730001566,0.860904107039452,0.1517873644984492,-0.060381611603041604,0.22785388637885612,-2.076681779807585,0.6452443211903555,1.1852308929543354,0.030242344270851058,-0.008008979248081752,0.12687195235158583,0.09000117304571391,0.09000117304571391,0.0,0.13671181948698077,0.516360028781423,-0.2624446049845868,-0.003731544405970508,-0.008594219068256227,-5.010380626482887,0,0.5033667654182039
54.54175999999014,-2.141949508483628,0.5301260945594026,1.311882596952351,0.002632462088031156,-0.023230594480543466,-0.018306180822872435,-2.010063876740052,0.5975211933642366,1.2956510319411185,-0.23904261915859512,0.0669319711902649,0.08508358746827893,-2.0438680608808313,0.6215215492919296,1.240618263662128,-0.10510556822416542,0.029500262004299258,0.10619337525374284,0.09000117304571391,0.09000117304571391,0.0,0.13667614692915137,0.516409551435271,-0.26230572025251225,-0.003732837327455839,-0.00858402951047019,-5.010303946234043,0,0.5034370521460904
54.54591999999014,-2.141938488594179,0.5300293987204991,1.3118064146590387,0.0026447734676994334,-0.023207001336833653,-0.01828375039496965,-1.810686590212708,0.5690953117016841,1.9463923457577836,-0.09585984608437177,-0.04125501228721189,-0.06854102409122748,-1.9274764001714335,0.5952223463043008,1.593367950220984,-0.09984829548042239,-0.005917028753535001,0.018707433931646023,0.09000117304571391,0.09000117304571391,0.0,0.13664046482064057,0.5164589853677135,-0.26216703886902953,-0.0037341241020835744,-0.008573844493240397,-5.010227236578323,0,0.5035072739994173
54.55007999999014,-2.1419274174937524,0.5299328011652876,1.3117303257458763,0.0026570641024067205,-0.02318341325077357,-0.018261339158972732,-2.3980354403211033,0.3615666138492214,1.625165081214556,0.026924486852722924,-0.0013165490882826245,0.03235954636923906,-2.1627032880384185,0.47839142274718305,1.6093325441714683,-0.03643289081688232,-0.004249892846190935,0.026254334751147433,0.09000117304571391,0.09000117304571391,0.0,0.13660477305786747,0.5165083311479429,-0.2620285607353664,-0.003735404800921037,-0.008563664108480851,-5.010150497781612,0,0.5035774309359372
54.55423999999014,-2.14191629526839,0.5298363018715639,1.3116543301330423,0.002669334087024807,-0.02315983049368716,-0.01823894708016408,-2.124371219625086,0.7291706964906748,1.1294395427121726,0.0632744207085814,0.012988277487630567,0.12870475174693316,-2.1434047674068575,0.6038102444362967,1.3696495659649595,0.013121437465429387,0.004168660091918828,0.07786802869043882,0.09000117304571391,0.09000117304571391,0.0,0.1365690715364279,0.5165575893417458,-0.2618902857510491,-0.003736679494609524,-0.008553488447271742,-5.010073730107214,0,0.5036475229145582
54.55839999999014,-2.141905122003739,0.5297399008160031,1.3115784277408575,0.0026815835161879357,-0.023136253334601974,-0.018216574124348545,-2.266169113801358,0.5911549780987676,0.8351115758487635,-0.07766652677096876,-0.16499454582310966,0.1392115750469327,-2.204949750740466,0.5971413059584255,1.1026662983358293,-0.032071043995117836,-0.08134797265067911,0.10857827309737897,0.09000117304571391,0.09000117304571391,0.0,0.1365333601523774,0.5166067605113323,-0.26175221381411,-0.0037379482533664095,-0.008543317599865183,-5.009996933815868,0,0.5037175498953361
54.562559999990135,-2.1418938977850543,0.5296435979741686,1.3115026184897831,0.0026938124842904474,-0.02311268204028208,-0.018194220257840198,-1.7921670816641964,0.49813081084220856,0.8363419454521529,-0.025666004470452843,0.1221869718335935,0.08770024305439644,-1.998608602280925,0.5478902046263444,0.9696845839514721,-0.0290180045385685,0.020072915429075775,0.09818304920843268,0.09000117304571391,0.09000117304571391,0.0,0.1364976388020191,0.516655845215487,-0.2616143448208675,-0.003739211146987987,-0.008533151655694451,-5.00992010916577,0,0.503787511839465
54.566719999990134,-2.141882622697198,0.5295473933205218,1.3114269023004186,0.002706021085492822,-0.02308911687522522,-0.01817188544746634,-2.4932377000992925,0.16815988002204807,1.1931247757015344,0.062307003279014284,-0.08941325157020098,-0.1696852459313159,-2.2457973172987566,0.3578354614347683,1.0810537297254053,0.016783724780586158,-0.03420791890720993,-0.03593915534990217,0.09000117304571391,0.09000117304571391,0.0,0.13646190738169084,0.5167048440096667,-0.2614766786661333,-0.0037404682448521588,-0.0085229907033776,-5.009843256412585,0,0.503857408709268
54.57087999999013,-2.141871296824641,0.5294512868284315,1.3113512790934996,0.00271820941371844,-0.02306555810169157,-0.01814956966055575,-1.9469740748388193,0.5223960754051361,1.304096282553821,-0.0989996765092677,0.10930666648885813,0.033215596123666716,-2.0965910175947022,0.44034355371512174,1.192644793671136,-0.040381189626903034,0.0378868259151945,-0.0009523582621457196,0.09000117304571391,0.09000117304571391,0.0,0.13642616578755243,0.5167537574457768,-0.26133921524299253,-0.0037417196159211493,-0.00851283483072491,-5.009766375809472,0,0.5039272404681879
54.57503999999013,-2.141859920251463,0.5293552784701826,1.3112757487898956,0.0027303775626520764,-0.023042005979722772,-0.01812727286493152,-2.6343597132552117,0.8690605136094467,1.7163694510698284,-0.036806627272050745,-0.01940463413904555,0.07314857937881178,-2.3655574171816856,0.6546633192138314,1.4546624363031322,-0.03776131975736789,0.009895486757675867,0.036332700491856315,0.09000117304571391,0.09000117304571391,0.0,0.13639041391601375,0.5168025860725365,-0.2612019544427969,-0.0037429653287439704,-0.008502684124746227,-5.009689467607095,0,0.503997007080779
54.57919999999013,-2.141848493061356,0.5292593682169862,1.3112003113106085,0.002742525625741448,-0.023018460767155916,-0.018104995028905658,-2.0412768395325003,0.23314601597364154,1.0722288968603573,0.09549400837543753,0.00029568885672933906,-0.27391636023105015,-2.2032148708771793,0.4439013804881581,1.2628738601443896,0.02820216002911572,0.005554232623666184,-0.11906417786604143,0.09000117304571391,0.09000117304571391,0.0,0.1363546516637362,0.5168513304351487,-0.26106489615580075,-0.0037442054514590655,-0.008492538671657172,-5.009612532053644,0,0.5040667085126976
54.58335999999013,-2.141837015337622,0.5291635560389877,1.31112496657677,0.0027546536961994203,-0.022994922719635144,-0.018082736121278264,-2.4358619141899616,0.026191434566947946,1.068028270814132,-0.003524738073461566,-0.10498961559793506,-0.1138737633289258,-2.3195475896386952,0.23482564142544693,1.1652122198630441,0.012455088218578424,-0.04996650105302581,-0.11616730122693229,0.09000117304571391,0.09000117304571391,0.0,0.13631887892699218,0.5168999910756651,-0.26092804027008515,-0.0037454400517970133,-0.008482398556884225,-5.009535569394854,0,0.5041363447306935
54.58751999999013,-2.1418254871631763,0.5290678419052767,1.3110497145096394,0.0027667618670009658,-0.02297139209063257,-0.018060496111326572,-1.9954559804810406,0.5708949285737972,1.4936359509208268,-0.033143617336760564,0.019510939523198677,-0.036124300067541956,-2.15756896262002,0.40290328691801575,1.3293512353967312,-0.010097260349336404,-0.01526496780506371,-0.07614580499957038,0.09000117304571391,0.09000117304571391,0.0,0.13628309560273474,0.5169485685327095,-0.26079138667262114,-0.003746669197082798,-0.008472263865071394,-5.009458579874013,0,0.5042059157026009
54.59167999999013,-2.1418139086205477,0.5289722257838956,1.3109745550306027,0.0027788502308851563,-0.022947869131467714,-0.018038274968799742,-2.073986715987538,1.0630218880475462,1.4025411334852969,-0.11745424585681188,0.121839844186479,-0.1514029812111914,-2.116019861031402,0.733221142565649,1.3656298659910866,-0.06458381583068168,0.05303219575676143,-0.1128479072950515,0.09000117304571391,0.09000117304571391,0.0,0.1362473015875302,0.5169970633416296,-0.2606549352488365,-0.0037478929542387623,-0.008462134680087049,-5.009381563731993,0,0.5042754213973301
54.595839999990126,-2.1418022797918796,0.5288767076418484,1.3108994880611697,0.0027909188803506204,-0.02292435409133428,-0.018016072663907756,-1.5726026056380245,1.3975071395441234,1.652433827889867,0.045690653217456266,0.13488972128502083,-0.028121205372031555,-1.8442136534836064,1.0656487817506546,1.5089764986624223,-0.00884877679479577,0.09423187985261579,-0.07103625930550608,0.09000117304571391,0.09000117304571391,0.0,0.13621149677841385,0.5170454760347016,-0.26051868588260996,-0.0037491113897870462,-0.008452011085032667,-5.0093045212072544,0,0.5043448617848589
54.599999999990125,-2.141790600758931,0.5287812874451097,1.3108245135229726,0.0028029679076666753,-0.02290084721728059,-0.017993889167333705,-1.6078493399193734,0.5682087813413791,1.1391484888431143,0.0021256046258889575,-0.05531605994142727,-0.09069716301740652,-1.7260265699247814,0.8168105195380573,1.3238733197312746,-0.002810106548545994,0.01933543390064513,-0.08185660522346165,0.09000117304571391,0.09000117304571391,0.0,0.13617568107203595,0.5170938071408008,-0.260382638456265,-0.0037503245698520806,-0.008441893162242718,-5.009227452535871,0,0.5044142368362241
54.604159999990124,-2.1417788716030772,0.5286859651586335,1.3107496313377633,0.002814997404862029,-0.022877348754262256,-0.01797172445020946,-1.8641560346975292,0.4959209757680353,1.2124473551408037,0.25074589457934304,-0.024719692344683804,-0.029733416361326474,-1.7945711501251833,0.656313036703655,1.268097443592434,0.12415622509057274,-0.0031464477424213407,-0.05566875978752755,0.09000117304571391,0.09000117304571391,0.0,0.13613985436573148,0.5171420571856594,-0.260246792850564,-0.003751532560163014,-0.008431780993295283,-5.009150357951541,0,0.5044835465235127
54.60831999999012,-2.1417670924053116,0.5285907407463621,1.3106748414274128,0.0028270074637321324,-0.02285385894514079,-0.0179495784841186,-2.234259193743902,0.6275946426052735,1.277220800889014,-0.16503273317123449,-0.16528125081279477,0.09431536358878845,-2.014762515421171,0.6416103609101469,1.2728536613589216,-0.019937230861820834,-0.08444504822919778,0.020130134253551254,0.09000117304571391,0.09000117304571391,0.0,0.1361040165564526,0.5171902266918055,-0.26011114894513043,-0.00375273542605654,-0.008421674659016571,-5.009073237685608,0,0.5045527908198533
54.61247999999012,-2.1417552632462455,0.5284956141712341,1.3106001437139083,0.0028389981758352245,-0.022830378030707917,-0.017927451241088015,-2.370024809400722,0.09499831091293437,0.9505045117282773,0.039058296004431184,-0.126953830564225,-0.059309069023394424,-2.192314335014007,0.36803777517987196,1.1115538461743506,0.009281131147388894,-0.10633356477125672,-0.01976537203725305,0.09000117304571391,0.09000117304571391,0.0,0.13606816754141052,0.5172383161787667,-0.2599757066182302,-0.003753933232479235,-0.008411574239487997,-5.008996091967073,0,0.504621969699409
54.61663999999012,-2.14174338420611,0.5284005853951937,1.3105255381193517,0.0028509696324953756,-0.022806906249693292,-0.017905342693586603,-2.219746812100259,0.5132226896769961,0.7102086367035877,-0.050054834349938314,0.047343050451956,0.029856941753603858,-2.206134398727604,0.44073131725395887,0.9109396812764786,-0.020613561559590272,-0.03027285830105529,0.005452919963816683,0.09000117304571391,0.09000117304571391,0.0,0.13603230721786289,0.5172863261626888,-0.25984046574590947,-0.003755126043990043,-0.008401479814050934,-5.008918921022615,0,0.5046910831373674
54.62079999999012,-2.1417314553647566,0.5283056543791989,1.310451024565958,0.0028629219248008696,-0.02278344383878709,-0.017883252814513587,-2.7267217328677806,0.5670275460965882,1.7990721799462635,-0.17270278017186086,0.08582785235637366,-0.07533699502594875,-2.466790070266204,0.5040583646922899,1.3548553530888099,-0.0970595977732195,0.027996144777941163,-0.03489192822528285,0.09000117304571391,0.09000117304571391,0.0,0.13599643548332863,0.5173342571568071,-0.2597054262039144,-0.0037563139247627814,-0.008391391461313435,-5.008841725076604,0,0.5047601311099339
54.62495999999012,-2.1417194768016583,0.5282108210832295,1.3103766029760529,0.0028748551436075668,-0.022759991032646455,-0.017861181577202043,-2.6884877371338556,0.10677870251356109,1.4468407286587797,0.09455207745295212,0.11550072096344005,-0.009313352569797673,-2.5774430511014983,0.3056560142054507,1.4008300021427706,-0.0016210508266657371,0.07173205106437429,-0.022435624610213246,0.09000117304571391,0.09000117304571391,0.0,0.1359605522351613,0.5173821096712785,-0.2595705878655472,-0.0037574969385886954,-0.00838130925915455,-5.008764504351121,0,0.5048291135943226
54.62911999999012,-2.1417074485959104,0.5281160854662965,1.310302273272072,0.002886769379536742,-0.02273654806391615,-0.01783912895540653,-1.8719823281516148,0.7284967712360183,1.7836632387799927,-0.09329277970530171,-0.021014543419126865,0.02625882549896771,-2.2249018398084934,0.5170358888433835,1.5923039041211435,-0.04743163888610687,0.025245951278052712,0.0019146407297894212,0.09000117304571391,0.09000117304571391,0.0,0.13592465737097753,0.517429884213012,-0.2594359506037994,-0.0037586751488787756,-0.008371233284730491,-5.008687259065967,0,0.5048980305687486
54.633279999990116,-2.1416953708262314,0.5280214474864496,1.3102280353765583,0.002898664722973523,-0.0227131151632545,-0.017817094923297267,-1.8488970176772073,0.4275752348448268,1.6358989093375684,0.04160717779833501,0.06566959271050579,0.030727744441263177,-2.036811177786878,0.4724411027213079,1.6141650945100046,-0.002474667532905685,0.04565904320441155,0.016574235373357143,0.09000117304571391,0.09000117304571391,0.0,0.13588875078823046,0.5174775812860882,-0.2593015142896363,-0.0037598486186664034,-0.008361163614482685,-5.008609989438685,0,0.5049668820124199
54.637439999990114,-2.1416832435709643,0.5279269071007857,1.3101538892121605,0.0029105412640694816,-0.02268969255933543,-0.01779507945545844,-2.5087664877580886,0.9800129230196115,0.9511212837033454,-0.0010527136282270297,-0.04010228925524515,0.019033819236850644,-2.272794065504045,0.7261481413519367,1.2826787865874065,-0.00188850262159273,0.0023086296792142777,0.017492609014224995,0.09000117304571391,0.09000117304571391,0.0,0.13585283238485196,0.5175252013914843,-0.25916727879241824,-0.0037610174106095517,-0.008351100324141974,-5.008532695684573,0,0.5050356679055296
54.64159999999011,-2.141671066908078,0.5278324642654572,1.3100798347016318,0.0029223990927454077,-0.0226662804788606,-0.01777308252688377,-1.7953267728466726,0.9312771275069547,1.354504282432236,0.11453622090292362,-0.12195721543841057,0.027758803159229586,-2.033818506389613,0.8284615507507883,1.318649923049104,0.056153063985193236,-0.060368530999804916,0.02255367419096499,0.09000117304571391,0.09000117304571391,0.0,0.1358169020588265,0.517572745027118,-0.2590332439811792,-0.0037621815869933756,-0.008341043488732785,-5.008455378016701,0,0.5051043882292475
54.64575999999011,-2.1416588409151665,0.5277381189356797,1.3100058717678278,0.0029342382986892027,-0.022642879146583868,-0.017751104112970807,-2.1094464852379526,0.7794815487409081,1.2462630969013144,-0.04017328390436393,0.061756242090594014,0.025209221655464558,-2.0717156988169503,0.8040987553181316,1.2825084742099537,0.007570289884924885,0.0011201776703731198,0.02386381717125461,0.09000117304571391,0.09000117304571391,0.0,0.13578095970776424,0.5176202126881082,-0.25889940972269787,-0.0037633412097327883,-0.008330993182579965,-5.008378036645925,0,0.5051730429657133
54.64991999999011,-2.1416465656694523,0.5276438710657408,1.3099320003337047,0.0029460589713556427,-0.022619488785320156,-0.017729144189514722,-2.3119290395708845,0.7817548018436504,1.2188340403906661,-0.07671672747166586,0.07630209355089365,-0.16243607653494074,-2.1919821774242085,0.7930871004883951,1.2503333777801835,-0.035260817454533126,0.03785422028158546,-0.0694801757629236,0.09000117304571391,0.09000117304571391,0.0,0.1357450052299707,0.5176676048663913,-0.25876577588277394,-0.0037644963403744803,-0.008320949479313815,-5.008300671780902,0,0.5052416320980275
54.65407999999011,-2.141634241247786,0.5275497206090076,1.3098582203223184,0.0029578611999684914,-0.02259610961596453,-0.01770720273270291,-1.869561099025748,0.5178075389282158,1.1446413750411266,0.01047839405956166,0.2651882466967343,0.07937814693653938,-2.0307478114490194,0.6559981614941494,1.1976506632508779,-0.012286375322919476,0.15093727024635262,0.005457714596660567,0.09000117304571391,0.09000117304571391,0.0,0.13570903852359323,0.5177149220511952,-0.25863234232622484,-0.0037656470400997,-0.008310912451876068,-5.008223283628109,0,0.5053101556102448
54.65823999999011,-2.1416218677266463,0.5274556675179347,1.309784531656822,0.002969645073521097,-0.022572741857501154,-0.01768527971911377,-2.0516945185509754,0.919875095882531,1.5672794077858399,0.06692861189838736,-0.0335566300381461,-0.07161698636046394,-2.0410812850518316,0.7878690178288028,1.3823182815062154,0.02692322525751169,0.05853889178930322,-0.032892352306511,0.09000117304571391,0.09000117304571391,0.0,0.1356730594864074,0.5177621647286565,-0.2584991089162387,-0.003766793369726523,-0.008300882172524483,-5.008145872391851,0,0.5053786134873657
54.66239999999011,-2.141609445182143,0.5273617117440721,1.309710934260465,0.002981410680771804,-0.022549385727030476,-0.01766337512570422,-2.545059826436834,0.4568468554937757,1.0210704206220158,0.030376911680418464,-0.20529259450484455,-0.13886368176668068,-2.2930103974389415,0.6219296011515031,1.201403481375876,0.028408564996196144,-0.07383284050721912,-0.08610711288561429,0.09000117304571391,0.09000117304571391,0.0,0.13563706801710085,0.5178093333821873,-0.2583660755150111,-0.003767935389711945,-0.008290858712840542,-5.008068438274283,0,0.5054470057153292
54.666559999990106,-2.141596973690017,0.527267853238073,1.3096374280565908,0.0029931581102521005,-0.022526041439766633,-0.017641488929814313,-1.9526237005544336,0.3067986780966021,1.0837883578753782,0.09507186663772513,-0.005531503789104945,-0.18604004385295106,-2.1226177915008932,0.46435154902093745,1.1422083463435915,0.06215479337863666,-0.040225026951801926,-0.13616700732351236,0.09000117304571391,0.09000117304571391,0.0,0.13560106401399213,0.517856428492253,-0.25823324198309866,-0.0037690731601545866,-0.008280842143732241,-5.007990981475421,0,0.5055153322810056
54.670719999990105,-2.141584453325641,0.527174091949702,1.309564012968636,0.00300488745026434,-0.022502709209055366,-0.017619621109159107,-2.6805794913866734,1.0294886745695258,1.2541883473516655,-0.006513123204283285,-0.05039849937740905,0.11985383754182047,-2.4016156720557924,0.746818874543307,1.1984478697345964,0.02762288122218235,-0.04513590479129661,-0.007906975833674144,0.09000117304571391,0.09000117304571391,0.0,0.1355650473756726,0.517903450536365,-0.2581006081800552,-0.0037702067407968986,-0.008270832535438987,-5.0079135021931585,0,0.5055835931721884
54.674879999990104,-2.1415718841640206,0.527080427827842,1.3094906889201283,0.003016598788879046,-0.022479389246403494,-0.017597771641817264,-2.1237118082109054,0.40162703498469743,0.9850019423519083,0.10079099663120879,-0.026929097842304114,-0.19257284227715332,-2.262453663839934,0.5741633381516548,1.0913226729809933,0.06492864559124727,-0.03546175944284658,-0.10013501595764689,0.09000117304571391,0.09000117304571391,0.0,0.13552901800036596,0.5179503999894464,-0.2579681739646422,-0.0037713361910277085,-0.008260829957539764,-5.007836000623279,0,0.5056517883775871
54.6790399999901,-2.141559266279796,0.5269868608205025,1.3094174558346856,0.0030282922139376355,-0.022456081761476388,-0.017575940506236114,-2.592445643289386,0.40499551180090654,1.2210575293305952,0.011655358241002643,-0.006294624621753675,-0.07736819121685509,-2.4274281273370826,0.48956635751297123,1.1560299867889412,0.038491334833734576,-0.02146135357673343,-0.08870565027859563,0.09000117304571391,0.09000117304571391,0.0,0.13549297578721184,0.5179972773235044,-0.2578359391937547,-0.0037724615698841064,-0.0082508344789565,-5.0077584769594745,0,0.5057199178868202
54.6831999999901,-2.1415465997472416,0.5268933908748271,1.309344313636014,0.003039967813059589,-0.02243278696210023,-0.01755412768123042,-1.8976140602120373,0.1849671224190113,1.5510335053506177,0.00991252070140048,0.11502901127100205,0.0058031764999628525,-2.162497951942914,0.33750476969201804,1.3535477671005693,0.02477272651309122,0.04634034073194324,-0.04202782751802257,0.09000117304571391,0.09000117304571391,0.0,0.135456920634557,0.5180440830075691,-0.2577039037236993,-0.003773582936054137,-0.008240846167955704,-5.007680931393355,0,0.5057879816904074
54.6873599999901,-2.141533884640268,0.5268000179371007,1.3092712622479057,0.0030516256736257893,-0.022409505054327736,-0.017532333145954176,-2.2040980202426312,0.8891336117648445,0.8918871345066257,0.0754512312531555,-0.08622125001624278,-0.04739279467199356,-2.1831420388286045,0.6131430581311007,1.1226146173122669,0.05044436270842513,-0.019617060701925645,-0.04421595821524388,0.09000117304571391,0.09000117304571391,0.0,0.1354208524414519,0.5180908175082728,-0.2575720674089067,-0.0037747003478790153,-0.008230865092162747,-5.007603364114466,0,0.5058559797797625
54.6915199999901,-2.141521121032423,0.5267067419527575,1.3091983015942392,0.0030632658827991223,-0.02238623624238408,-0.017510556879926985,-1.8007214360390398,0.7677007520300209,1.157145568949037,-0.0729790043330122,-0.06944770015453444,0.14647450527880151,-1.9920795345406588,0.6902812546963759,1.1401862346575584,-0.011894664438666358,-0.04583576914131555,0.050522183875907664,0.09000117304571391,0.09000117304571391,0.0,0.1353847711070113,0.5181374812892028,-0.25744043010342443,-0.0037758138633552686,-0.00822089131855739,-5.007525775310302,0,0.5059239121471863
54.6956799999901,-2.141508308996892,0.5266135628663877,1.3091254315989767,0.0030748885275131113,-0.022362980728726663,-0.017488798863009854,-2.3537058285134176,0.41393784380266285,1.4112065427099303,-0.05388481040728402,-0.03374566061099221,-0.03995628703728202,-2.173007592414554,0.5520380363173545,1.2756148749303247,-0.03274204169608964,-0.04008516907324913,0.005434095542444019,0.09000117304571391,0.09000117304571391,0.0,0.1353486765299871,0.5181840748113735,-0.25730899165984356,-0.0037769235401373495,-0.008210924913483578,-5.007448165166322,0,0.5059917787858597
54.6998399999901,-2.1414954486064985,0.5265204806217458,1.3090526521861625,0.0030864936944745977,-0.022339738714042604,-0.01746705907540731,-2.2556985009348427,0.21940933468001,1.4750336146500325,0.005267395263804639,0.015706554936755584,-0.028670431178385275,-2.214343636750579,0.3857543218446115,1.3752654207979156,-0.013274556633768607,-0.012334596200544038,-0.011334330134365108,0.09000117304571391,0.09000117304571391,0.0,0.13531256860962415,0.5182305985330062,-0.25717775192950787,-0.0037780294355395302,-0.00820096594265363,-5.0073705338659575,0,0.5060595796898355
54.703999999990096,-2.141482539933706,0.5264274951617572,1.3089799632799222,0.00309808147016371,-0.02231651039727144,-0.017445337497657927,-1.9899528672683489,0.4183957073360308,1.1067770185480224,-0.1718606222167592,-0.06520309532261954,-0.028141911475468795,-2.102504067744559,0.40194024279902557,1.2409611269682386,-0.0925955165334221,-0.039063746029318384,-0.019891103618254875,0.09000117304571391,0.09000117304571391,0.0,0.13527644724502025,0.5182770529096815,-0.25704671076250896,-0.0037791316065384113,-0.008191014471154603,-5.007292881590637,0,0.506127314854033
54.708159999990094,-2.141469583050619,0.5263346064285256,1.3089073648044611,0.0031096519408362016,-0.022293295975607617,-0.017423634110634852,-1.6656122720859217,0.855581461184214,1.538231329025514,0.12016828232057648,0.10269642539823964,0.0017097886644415715,-1.8838073446840793,0.6289773630899784,1.3896001018172481,0.014820244788245117,0.03193652962647299,-0.008244499008104042,0.09000117304571391,0.09000117304571391,0.0,0.13524031233576833,0.5183234383943855,-0.2569158680085386,-0.0037802301097749885,-0.008181070563451754,-5.007215208519789,0,0.5061949842742298
54.71231999999009,-2.1414565780289836,0.5262418143633402,1.308834856684063,0.0031212051925284074,-0.022270095644503624,-0.017401948895549357,-2.184853357763444,0.21855307347082137,1.1132881150544245,0.03611895328567147,-0.09592009201494926,-0.06536173813344348,-2.034258001938758,0.4235616873292482,1.2513052777860012,0.02579064779028446,-0.031431591600471376,-0.03634427984429319,0.09000117304571391,0.09000117304571391,0.0,0.13520416378110253,0.518369755437343,-0.25678522351560135,-0.003781325001557043,-0.008171134283390509,-5.007137514830865,0,0.5062625879470557
54.71647999999009,-2.1414435249401875,0.526149118906683,1.3087624388430883,0.003132741311048288,-0.02224690959771256,-0.017380281833929347,-2.8972287417121576,0.5335534465728601,1.6804313484008913,0.00855904504957261,-0.025023766430654865,-0.19671371450154793,-2.4657312585190927,0.4785070459818218,1.4654618964436859,0.01700795997218671,-0.02859259786056518,-0.11639340300411972,0.09000117304571391,0.09000117304571391,0.0,0.13516800148054006,0.5184160044861692,-0.25665477713043705,-0.0037824163378613242,-0.008161205694206045,-5.007059800699344,0,0.5063301258699849
54.72063999999009,-2.1414304238552626,0.5260565199982361,1.3086901112059732,0.003144260381984029,-0.02222373802727381,-0.017358632907628176,-1.7792435769797978,0.06747056693567344,1.2203129261086554,-0.1404718436247448,-0.05926582861493612,-0.17032643880944812,-2.1227747353730795,0.2728625369283184,1.342531905270015,-0.061748807803654375,-0.04386853538496622,-0.14358893299389386,0.09000117304571391,0.09000117304571391,0.0,0.13513182533366846,0.5184621859858639,-0.2565245286995871,-0.0037835041743356865,-0.00815128485852477,-5.006982066298754,0,0.50639759804133
54.72479999999009,-2.1414172748448848,0.525964017576888,1.3086178736972283,0.0031557624906999484,-0.022200581123543815,-0.017337002098815026,-1.513996443600428,0.4799890428891251,0.4825177158999334,-0.06142288757873304,0.04286790292046172,0.02973107449762161,-1.818510641229828,0.3765157539739701,0.9125806476666141,-0.06083872274409856,-0.00019366364213720518,-0.056947352691194913,0.09000117304571391,0.09000117304571391,0.0,0.13509563524014662,0.5185083003789109,-0.25639447806767957,-0.003784588566301374,-0.008141371838371127,-5.00690431180068,0,0.5064650044602348
54.72895999999009,-2.141404077979375,0.5258716115807414,1.3085457262414366,0.0031672477223389003,-0.022177439075201665,-0.017315389389970643,-1.4553669282295938,0.724355578543328,1.8584870690974986,-0.04404978774903071,-0.09876435324039434,-0.029962976851645614,-1.6370268704066027,0.5502305921059849,1.3854791323961517,-0.052924006281519644,-0.04847199277465685,-0.04392674980916459,0.09000117304571391,0.09000117304571391,0.0,0.13505943109970556,0.5185543481051638,-0.25626462507849357,-0.0037856695687551764,-0.008131466695171854,-5.0068265373747805,0,0.5065323451266676
54.73311999999009,-2.1413908333287006,0.5257793019471194,1.3084736687632537,0.0031787161618227065,-0.02215431206926241,-0.017293794763883874,-2.336022715920751,0.5072053351791248,1.5746867116679382,0.1280717734500026,0.033554803469853386,-0.041232211490184356,-1.9862616516355833,0.5287879522372548,1.4799990685368898,0.03677027505636981,-0.007702650997791478,-0.04286061942629639,0.09000117304571391,0.09000117304571391,0.0,0.13502321281214938,0.5186003296018927,-0.25613496957538423,-0.003786747236371575,-0.008121569489760571,-5.0067487431887985,0,0.5065996200414148
54.737279999990086,-2.141377540962476,0.5256870886125732,1.3084017011874052,0.003190167893853451,-0.02213120029108745,-0.01727221820365126,-1.2145267526985393,0.7195679545363463,1.2942575884733685,-0.05912744531595382,-0.1880908939117931,-0.1273397110749466,-1.6005138479510248,0.6237887212003369,1.3868636946213302,-0.010180661993032488,-0.09820085930442564,-0.08582983099668604,0.09000117304571391,0.09000117304571391,0.0,0.1349869802775701,0.5186462453038844,-0.2560055114002098,-0.003787821623504892,-0.008111680282381909,-5.0066709294085765,0,0.5066668292060741
54.741439999990085,-2.141364200949964,0.5255949715128881,1.3083298234386858,0.0032016030029141255,-0.022108103924399828,-0.017250659692669507,-2.105411600125046,0.18128769075218393,1.7119130226000734,0.029085269251265915,-0.09584985770133174,0.00521947802791568,-1.8529051201780882,0.4023353663415408,1.5494004104088477,0.009141881085166255,-0.09684359564560518,-0.0397921346808898,0.09000117304571391,0.09000117304571391,0.0,0.1349507333961351,0.5186920956433814,-0.25587625039354034,-0.0037888927841915896,-0.00810179913269642,-5.006593096198069,0,0.5067339726230481
54.745599999990084,-2.1413508133600754,0.5255029505830912,1.3082580354419582,0.0032130215732712724,-0.0220850231512894,-0.017229119214634006,-2.5199233932053993,0.7515031186319514,1.2123255294940964,0.12906960585728916,-0.052863447314685195,-0.19885879255540967,-2.186148386572086,0.5768105870207723,1.380447764009131,0.0680995871734015,-0.07430609857069213,-0.11968708492038747,0.09000117304571391,0.09000117304571391,0.0,0.13491447206744592,0.518737881050076,-0.2557471863955101,-0.003789960772152438,-0.008091926099783778,-5.006515243719353,0,0.5068010502955371
54.74975999999008,-2.141337378261371,0.5254110257574568,1.3081863371221518,0.003224423688967262,-0.022061958152246826,-0.01720759675352636,-1.708737701127189,0.5483122107973546,1.7127816514970358,0.08142119556972548,-0.02986085921814848,-0.0190748827539782,-1.9472721664726722,0.5625003094520986,1.5465774239231986,0.07563322756511984,-0.05267278986196816,-0.06941909442589475,0.09000117304571391,0.09000117304571391,0.0,0.1348781961920358,0.51878360195137,-0.2556183192449585,-0.0037910256407943095,-0.008082061242151283,-5.0064373721326465,0,0.5068680622275339
54.75391999999008,-2.1413238957220635,0.5253191969695146,1.3081147284042618,0.0032358094338330035,-0.022038909106143006,-0.017186092293625322,-2.1137695482391337,0.4850485212663072,1.2694482221430987,0.025199942417662186,-0.028710155428914304,0.04685741890422701,-2.030470075224812,0.5237135363810518,1.4081085744141244,0.05064482131630954,-0.04039453924799784,-0.01139816003491848,0.09000117304571391,0.09000117304571391,0.0,0.13484190567030235,0.518829258771941,-0.2554896487800682,-0.0037920874432125218,-0.008072204617733362,-5.006359481596314,0,0.5069350084238161
54.75807999999008,-2.1413103658100154,0.5252274641520551,1.3080432092133472,0.003247178891481673,-0.022015876190265175,-0.017164605819492654,-2.591438058843189,-0.12387788693925861,0.9562450962110141,0.16560644901824223,-0.1605454912727321,0.0063996254068856145,-2.3106138741914415,0.1995788913687677,1.1821877081242183,0.10828098685317691,-0.10023542357689859,-0.0028483813664354736,0.09000117304571391,0.09000117304571391,0.0,0.13480560040229414,0.5188748519342162,-0.2553611748375057,-0.003793146232193118,-0.008062356283898536,-5.006281572266883,0,0.5070018888899405
54.76223999999008,-2.141296788592743,0.5251358272371371,1.3079717794745307,0.00325853214530919,-0.021992859580322082,-0.017143137315969996,-1.8306499428206116,0.5484222611964362,1.5098199501460132,-0.044053397374065835,0.00750873361876573,0.06311293451298597,-2.0707199152169617,0.3740193491210074,1.3461388486594288,0.03199634570146246,-0.046713492328323,0.029428987401858994,0.09000117304571391,0.09000117304571391,0.0,0.1347692802887804,0.5189203818580459,-0.25523289725391507,-0.003794202060214605,-0.008052516297453797,-5.00620364429906,0,0.5070687036322367
54.76639999999008,-2.141283164137416,0.5250442861560936,1.3079004391129967,0.0032698692784977413,-0.02196985945045627,-0.01712168676817908,-2.2712266094535467,0.6734676569782909,1.0795827733076704,0.09885976568529349,-0.09850349070739028,0.03328314646914095,-2.1707673452603062,0.5235414255874057,1.2129290519803138,0.06460890998150294,-0.07294731525049467,0.030933527929698244,0.09000117304571391,0.09000117304571391,0.0,0.1347329452301836,0.5189658489610166,-0.25510481586399,-0.0037952549794504167,-0.008042684714648873,-5.006125697845735,0,0.5071354526578006
54.77055999999008,-2.1412694925108577,0.5249528408395383,1.3078291880539903,0.0032811903740167453,-0.021946875973247387,-0.0171002541615177,-2.0322253035297226,1.1350566344401987,1.8120068437603383,0.007559811746618899,0.03032502348124751,0.055816060394243916,-2.10147961757176,0.829366208278321,1.5125879278971077,0.03608166977508686,-0.021233140944880127,0.04352120018390473,0.09000117304571391,0.09000117304571391,0.0,0.13469659512700718,0.5190112536581779,-0.2549769305019659,-0.003796305041770721,-0.008032861591178888,-5.006047733058001,0,0.5072021359744882
54.774719999990076,-2.141255773779547,0.5248614912173727,1.3077580262228168,0.003292495514618126,-0.021923909319745537,-0.017078839481647318,-2.610964032065877,0.5033838551211625,1.105914553123547,0.01142794604175668,-0.0923161353066819,-0.07636657826804104,-2.356201171025355,0.6661811125410423,1.3090892724535474,0.023540437276463905,-0.05695125583410859,-0.016279370406006834,0.09000117304571391,0.09000117304571391,0.0,0.13466022988005058,0.51905659636225,-0.2548492410016186,-0.003797352298744558,-0.008023046982192274,-5.0059697500851605,0,0.5072687535909092
54.778879999990075,-2.1412420080096184,0.5247702372187916,1.3076869535448397,0.0033037847828423935,-0.02190095965946584,-0.01705744271449983,-2.213152767169819,0.36281012031481386,1.8742032714930552,-0.06064368169196946,-0.09011142160387954,0.04487235804331645,-2.2848025326078343,0.5143072869993355,1.591744139599893,-0.018340726776638082,-0.07411705965586553,0.014013670608257018,0.09000117304571391,0.09000117304571391,0.0,0.1346238493901964,0.51910187748367,-0.25472174719497653,-0.0037983968016419662,-0.008013240942293269,-5.005891749074744,0,0.5073353055164219
54.78303999999007,-2.141228195266864,0.5246790787722899,1.3076159699454801,0.0033150582610212663,-0.021878027160392437,-0.01703606384627399,-1.6086623820531445,0.7623271462222753,1.3069370068176462,-0.05961515476873053,-0.11319721923147003,-0.1599291483054122,-1.9468522485110897,0.6380842893144157,1.449006576702353,-0.03872301595385183,-0.09403166765075889,-0.07325646012383473,0.09000117304571391,0.09000117304571391,0.0,0.13458745355798366,0.519147097430426,-0.25459444891381466,-0.003799438601435972,-0.008003443525543726,-5.005813730172516,0,0.5074017917611259
54.78719999999007,-2.1412143356167337,0.524588015805669,1.3075450753502158,0.003326316031271548,-0.021855111989010058,-0.017014702863424574,-1.8900354997062756,0.6747252391272641,1.3921771869521526,-0.009290452100892962,0.13397115674366353,-0.12454698623111113,-1.9184619566283714,0.6566842188932701,1.4203320106488715,-0.024414336478999096,0.019694458046375794,-0.09869677318627534,0.09000117304571391,0.09000117304571391,0.0,0.1345510422848912,0.5191922566082106,-0.2544673459887958,-0.0038004777488044373,-0.007993654785470341,-5.005735693522491,0,0.5074682123358565
54.79135999999007,-2.1412004291243356,0.5244970482460428,1.3074742696845796,0.0033375581755042782,-0.021832214310297065,-0.01699335975266696,-2.116134965582181,0.4960232444205148,1.383742344856924,-0.043066781497471764,-0.1247188988512327,-0.08560321705075027,-2.017388271620712,0.576093176090386,1.4018585059850497,-0.034292497101292604,-0.052493523915828455,-0.09197603289485576,0.09000117304571391,0.09000117304571391,0.0,0.13451461547141508,0.5192373554204147,-0.2543404382496812,-0.0038015142941325384,-0.00798387477506635,-5.005657639266942,0,0.5075345672521788
54.79551999999007,-2.141186475854438,0.5244061760198439,1.307403552874159,0.003348784775416328,-0.021809334287754747,-0.016972034500964423,-2.599355083659921,0.37240654797254824,1.404732800897323,0.20626754814785106,0.03693470002444717,-0.19056554753051957,-2.307947060020527,0.4743261272404757,1.4028964303785283,0.08613589136388351,-0.008202214145528243,-0.13988333154936505,0.09000117304571391,0.09000117304571391,0.0,0.13447817301899256,0.5192823942681216,-0.2542137255257558,-0.0038025482875142873,-0.007974103546798408,-5.005579567546418,0,0.507600856522382
54.79967999999007,-2.141172475871469,0.5243153990528296,1.3073329248445942,0.003359995912496371,-0.021786472083412937,-0.016950727095529017,-2.5873932962907134,0.9077031322916789,1.080745885606679,-0.09302031650177928,-0.08353906208952139,0.06177598288040413,-2.4478657513927655,0.6908440172797485,1.2419471152819812,-0.0033642650845343526,-0.04592052762479363,-0.038931601421789155,0.09000117304571391,0.09000117304571391,0.0,0.13444171482872125,0.5193273735501538,-0.2540872076445403,-0.0038035797787549404,-0.007964341152610702,-5.005501478499748,0,0.5076670801594727
54.80383999999007,-2.141158429239519,0.5242247172700887,1.3072623855215784,0.0033711916680281727,-0.021763627857824368,-0.016929437523822696,-2.0802398678215095,0.41813461774747995,1.2615003125523137,-0.056670952648407276,-0.13592071986758808,-0.07409491284566662,-2.2641686205254716,0.5542049664175378,1.2515693749569379,-0.029769238173841778,-0.09104388527906625,-0.05633765471875355,0.09000117304571391,0.09000117304571391,0.0,0.13440524080200084,0.5193722936630674,-0.25396088443414205,-0.003804608817372719,-0.007954587643925651,-5.00542337226406,0,0.5077332381771702
54.807999999990066,-2.1411443360223394,0.5241341305960466,1.3071919348308552,0.003382372123089097,-0.02174080177008847,-0.016908165773553387,-2.059527537408232,0.3972731209962099,1.0614634574391746,-0.24721865315441063,-0.1260410274014543,0.31344092584446503,-2.1623606290128112,0.4754746118746538,1.1571668951398597,-0.13858849972594517,-0.10797665811088854,0.12859471168871167,0.09000117304571391,0.09000117304571391,0.0,0.1343687508398926,0.5194171550010919,-0.2538347557202574,-0.003805635452600941,-0.007944843071648873,-5.005345248974788,0,0.5077993305898992
54.812159999990065,-2.1411301962833456,0.5240436389544721,1.307121572698219,0.0033935373585457372,-0.021717993977875615,-0.016886911832658485,-2.188602886913898,0.07254210415796103,0.9080710290313414,-0.024222881132214234,-0.061317209581998156,0.13412408781740923,-2.175532746783934,0.2738777439298943,1.0328957484966392,-0.08120994958275848,-0.08452655560835304,0.13157289475416453,0.09000117304571391,0.09000117304571391,0.0,0.13433224484397527,0.5194619579563384,-0.2537088213291623,-0.003806659733389838,-0.007935107486176471,-5.005267108765683,0,0.5078653574127855
54.816319999990064,-2.141116010085616,0.5239532422684829,1.3070512990495136,0.00340468745506166,-0.021695204637418336,-0.016865675689316913,-2.3641772548658766,0.3511962540400677,1.254889574349514,-0.12760792119122125,0.06853148262236769,0.057033882304483065,-2.270123176464373,0.3126776531557025,1.1440117238160874,-0.10371604118629241,-0.006838725717401353,0.09484661009779052,0.09000117304571391,0.09000117304571391,0.0,0.13429572271570483,0.5195067029186337,-0.25358308108557176,-0.003807681708408639,-0.007925380937396503,-5.005188951768829,0,0.5079313186616492
54.82047999999006,-2.141101777491895,0.5238629404605516,1.3069811138106304,0.003415822493095037,-0.02167243390353139,-0.01684445733193814,-1.3715483969971058,0.9063205340168442,1.7785408971604237,-0.11613718450630925,0.012609814307093892,-0.12609260419069013,-1.8210727831956006,0.6095279381596026,1.4610176590649389,-0.10909768771221084,0.0036235784156060232,-0.015213328699674705,0.09000117304571391,0.09000117304571391,0.0,0.13425918435662904,0.5195513902756733,-0.25345753481349154,-0.0038087014260474996,-0.007915663474693628,-5.00511077811465,0,0.5079972143529997
54.82463999999006,-2.141087498564591,0.5237727334525115,1.3069110169075089,0.003426942552901696,-0.021649681929613907,-0.016823256749163386,-2.4452975422338783,0.4402219815422953,1.1394884857261727,0.05706437642440161,0.025297257166425908,-0.10230111559802776,-2.13306983022598,0.5249254581891526,1.3000382219071172,-0.026512093377052705,0.01490837553371078,-0.058839522431182505,0.09000117304571391,0.09000117304571391,0.0,0.13422262966860218,0.5195960204129103,-0.2533321823364292,-0.0038097189344193576,-0.0079059551469516,-5.005032587931924,0,0.5080630445040298
54.82879999999006,-2.1410731733657804,0.523682621165563,1.3068410082661344,0.0034380477145366474,-0.021626948867661443,-0.016802073929862927,-2.1790369620880803,0.6347005415629317,0.998538311517641,0.01208712847691008,-0.0718067192856337,-0.16563561050382572,-2.156028817848698,0.5796640663490824,1.1489418163190073,-0.007099112589661831,-0.028277353775638624,-0.11231564669465273,0.09000117304571391,0.09000117304571391,0.0,0.1341860585529307,0.5196405937135483,-0.25320702347675,-0.00381073428136204,-0.007896256002556688,-5.004954381347792,0,0.5081288091326099
54.83295999999006,-2.141058801957206,0.5235926035202784,1.306771087812538,0.0034491380578453718,-0.02160423486830356,-0.016780908863117963,-2.459609010228342,0.5584980511981377,1.0616121694028873,0.1556755463877888,0.09399391136470817,-0.0005560708703483026,-2.307496192479609,0.5692768612920696,1.105275172937858,0.07377520436792458,0.03263598768364528,-0.05641789914843013,0.09000117304571391,0.09000117304571391,0.0,0.13414947091187027,0.5196851105588569,-0.2530820580565294,-0.0038117475144399944,-0.007886566089407016,-5.004876158487769,0,0.508194508257283
54.83711999999006,-2.141044384400279,0.5235026804366085,1.3067012554727953,0.003460213662482425,-0.021581540080759045,-0.016759761538246598,-1.9197350210835333,0.4702773858136061,0.8962974743708763,-0.05049252017829965,-0.004946230537424018,0.08079976079145361,-2.1137172880365247,0.5197666479767175,1.0009523113535752,0.01134715321964715,0.013604370684147238,0.012476005661220247,0.09000117304571391,0.09000117304571391,0.0,0.13411286664691693,0.5197295713277379,-0.25295728589648075,-0.0038127586809463244,-0.007876885454907518,-5.004797919475758,0,0.5082601418972583
54.84127999999006,-2.1410299207560795,0.5234128518338881,1.3066315111730253,0.0034712746078950974,-0.021558864652900352,-0.016738631944771553,-2.2402795518983822,0.5020960336662054,0.8210846788694537,0.04853166998664588,-0.10239382468516978,0.031684702630784156,-2.176897759003091,0.5107190199759065,0.9110831075065833,0.029647509684600313,-0.0447618665376065,0.022094628509523834,0.09000117304571391,0.09000117304571391,0.0,0.13407624566008994,0.5197739763970942,-0.25283270681723596,-0.0038137678279045635,-0.007867214145980662,-5.004719664434056,0,0.5083257100724068
54.845439999990056,-2.141015411085357,0.5233231176308413,1.3065618548393902,0.003482320973333067,-0.021536208731236645,-0.01671752007243316,-1.691931158344878,-0.05696063270771401,1.2784673487407898,-0.12742458761596567,-0.1857529112641216,-0.057960733697242486,-1.9346760485836834,0.22648913941416648,1.0946566597004797,-0.048905403258949695,-0.11538240454318208,-0.01764781767826082,0.09000117304571391,0.09000117304571391,0.0,0.13403960785350558,0.5198183261416633,-0.2527083206382737,-0.0038147750020706213,-0.007857552209067921,-5.00464139348337,0,0.5083912128032548
54.849599999990055,-2.141000855448533,0.5232334777455874,1.3064922863980937,0.003493352837847221,-0.02151357246093261,-0.016696425911180358,-2.294725584507893,0.39325932552389,1.2796395394951399,-0.04013640621758818,0.11630435366543182,-0.11253513865987723,-2.1147872909855585,0.31011694153953423,1.1869138614806918,-0.044294298288186276,0.000622891028876004,-0.06438207580160216,0.09000117304571391,0.09000117304571391,0.0,0.13400295312916408,0.5198626209341725,-0.25258412717834394,-0.0038157802499347903,-0.007847899690134143,-5.004563106742824,0,0.5084566501109794
54.853759999990054,-2.1409862539056985,0.5231439320956465,1.3064228057753804,0.003504370280290624,-0.021490955985815165,-0.0166753494511691,-1.7501983815646323,0.3224117194908468,1.4990109574382366,0.04014094950063947,0.01238202259400075,0.09915733637839397,-1.9324058185293085,0.31628986342917065,1.3431697880528963,-0.002550669649087905,0.0066494970112799135,0.017881888388587352,0.09000117304571391,0.09000117304571391,0.0,0.13396628138916414,0.5199068611451724,-0.2524601262556793,-0.0038167836177235024,-0.00783825663467089,-5.004484804329971,0,0.5085220220174028
54.85791999999005,-2.140971606516618,0.5230544805979449,1.3063534128975356,0.003515373379321576,-0.021468359448375482,-0.01665429068276441,-1.8814152103160753,0.0032991670443230925,1.502280050201498,0.03242273277033806,-0.13327689443655247,0.11542535598461515,-1.9068410633868782,0.15951590193395618,1.4229662152509666,0.014137579901946817,-0.06368408038554013,0.06659863714852461,0.09000117304571391,0.09000117304571391,0.0,0.13392959253570366,0.5199510471431921,-0.25233631768799314,-0.003817785151401078,-0.007828623087698276,-5.004406486360806,0,0.5085873285449866
54.86207999999005,-2.140956913340729,0.5229651231688207,1.3062841076908833,0.0035263622134002253,-0.021445782989796325,-0.01663324959652935,-2.1152812602054234,0.6223235725137771,1.3413222499514124,0.14685861858161411,-0.09412987773873897,0.09329731545789416,-2.0107575525626062,0.39072783435082686,1.382337467108888,0.08067898934046167,-0.07921567215045658,0.08006642436076676,0.09000117304571391,0.09000117304571391,0.0,0.1338928864708668,0.5199951792947335,-0.2522127012916209,-0.003818784896671705,-0.00781899909377125,-5.004328152949772,0,0.5086525697168269
54.86623999999005,-2.1409421744371424,0.5228758597240293,1.3062148900817865,0.0035373368607918205,-0.021423226749949457,-0.016612226183225397,-1.8202070208172187,0.08585536399027943,1.9285537932097503,0.28237871974440965,-0.12729805506419942,0.08174094964235766,-1.9148942574855052,0.23802653259489076,1.655619066719558,0.18182545674194953,-0.10413997711940509,0.08109801938930913,0.09000117304571391,0.09000117304571391,0.0,0.13385616309748014,0.5200392579641592,-0.2520892768830145,-0.0038197828989810704,-0.007809384696982,-5.004249804209772,0,0.5087177455566496
54.87039999999005,-2.140927389864644,0.5227866901787485,1.3061457599966455,0.003548297399570335,-0.021400690867406598,-0.016591220433812514,-2.103772452517931,0.7971128242155274,1.3276775365445126,0.04040677428132888,-0.09834073219020756,-0.12797013123712447,-2.0092495176891303,0.5173692284815666,1.4913790225042347,0.11058947791976437,-0.10132907386705431,-0.023033096461555002,0.09000117304571391,0.09000117304571391,0.0,0.13381942231740332,0.5200832835139537,-0.2519660442774576,-0.0038207792035186705,-0.007799779940962986,-5.004171440252181,0,0.508782856088804
54.87455999999005,-2.140912559681696,0.522697614447584,1.306076717361898,0.0035592439076123795,-0.0213781754794588,-0.01657023233943908,-1.9057482824104293,0.07064066307761041,0.8970125995565051,0.0875048951506338,-0.011786603009731283,-0.043064746851256094,-1.9573165721333958,0.29397776671019976,1.1941032450460893,0.09924290610107513,-0.05678605123082354,-0.03360853986607832,0.09000117304571391,0.09000117304571391,0.0,0.13378266403345332,0.5201272563045585,-0.2518430032899179,-0.003821773855219101,-0.007790184868892464,-5.004093061186855,0,0.5088479013382591
54.87871999999005,-2.140897683946435,0.5226086324445752,1.306007762104017,0.0035701764626072125,-0.02135568072210549,-0.016549261891450825,-1.6465484938912138,0.186667551875684,1.1077188635883575,-0.016477699621025355,0.06873156170873547,0.10909072509784677,-1.8019654128981504,0.2404654086132627,1.1511382802589685,0.04176570854958048,0.005704794829631347,0.037287242963357226,0.09000117304571391,0.09000117304571391,0.0,0.1337458881479094,0.5201711766942589,-0.2517201537341893,-0.003822766898764135,-0.0077805995234945125,-5.00401466712214,0,0.5089128813305966
54.882879999990045,-2.1408827627166764,0.5225197440831998,1.3059388941495111,0.0035810951420469214,-0.02133320673009654,-0.016528309081370002,-2.034373439900642,0.6042346740710852,1.4808782676307823,0.027495549692483724,-0.19967818356456446,-0.07800893497865027,-1.9181143559326572,0.4219371285105844,1.315847622941341,0.0348686933712893,-0.09690936347453011,-0.02001590069118986,0.09000117304571391,0.09000117304571391,0.0,0.1337090945635824,0.5202150450396074,-0.2515974954237449,-0.003823758378584489,-0.007771023947047619,-5.003936258164887,0,0.5089777960920081
54.887039999990044,-2.1408677960499127,0.5224309492763793,1.305870113424924,0.003592000023237992,-0.021310753636907178,-0.016507373900910647,-1.708655173427733,0.7575022609292212,1.2649372494559914,0.049902983212843234,-0.02362456212973346,-0.02853091974416283,-1.8132802655098257,0.5896726704229627,1.2903335137372818,0.04275188498398869,-0.0601591325993763,-0.02464660387428694,0.09000117304571391,0.09000117304571391,0.0,0.13367228318274688,0.5202588616949894,-0.251475028171735,-0.003824748338861629,-0.007761458181383444,-5.003857834420455,0,0.5090426456492877
54.89119999999004,-2.140852784003316,0.5223422479364844,1.3058014198568324,0.003602891183293789,-0.02128832157477117,-0.016486456341965723,-1.930744694974659,1.1296547897467797,1.1590751766914114,0.09352722948385936,0.05459640019446653,-0.17225689269462313,-1.8718185123244628,0.8597809983196801,1.2243461595536058,0.0680132335423655,-0.0027554327262459153,-0.09893378593192353,0.09000117304571391,0.09000117304571391,0.0,0.13363545390863818,0.5203026270129937,-0.2513527517901297,-0.0038257368235293156,-0.00775190226789293,-5.003779395992726,0,0.5091074300298292
54.89535999999004,-2.140837726633736,0.5222536399753399,1.3057328133718464,0.0036137686991438624,-0.02126591067467205,-0.01646555639661077,-2.509042239065212,0.6558987882326143,0.8847337569738283,-0.04081977753306277,0.07474094908180857,-0.039532987520322645,-2.1905204820780284,0.7579929425068399,1.0544555670701417,0.013961180472612668,0.03646051276330646,-0.06933946330183584,0.09000117304571391,0.09000117304571391,0.0,0.1335986066435296,0.5203463413441387,-0.25123066609057126,-0.0038267238762758173,-0.007742356247527099,-5.003700942984114,0,0.5091721492616195
54.89951999999004,-2.1408226239977046,0.52216512530423,1.3056642938966085,0.003624632647524268,-0.02124352106637699,-0.016444674057090457,-1.8144007918503353,0.564502209747028,1.3617977092265188,0.010275060680770132,0.01690329194429114,-0.10677556297513419,-2.0024364739618163,0.6612815157259785,1.2079077753495913,0.012041767277026496,0.02661814816074404,-0.08857280724215497,0.09000117304571391,0.09000117304571391,0.0,0.13356174129022874,0.5203900050370822,-0.2511087708841587,-0.003827709540545269,-0.007732820160804432,-5.003622475495573,0,0.5092368033732342
54.90367999999004,-2.140807476151434,0.5220767038339033,1.3055958613577927,0.003635483104985689,-0.021221152878426144,-0.016423809315825932,-2.0026183892464893,0.6769992368431783,1.1496358670415123,0.056199038895299466,0.08492765561011094,-0.08913629307921478,-2.002410376272159,0.6693165640607944,1.1785852583291963,0.034038604704118146,0.056042892075349085,-0.08849185945414687,0.09000117304571391,0.09000117304571391,0.0,0.13352485775207926,0.5204336184385617,-0.25098706598123166,-0.0038286938595394554,-0.007723294047812,-5.003543993626607,0,0.5093013923938334
54.90783999999004,-2.1407922831508177,0.5219883754745777,1.3055275156821036,0.0036463201478971817,-0.02119880623813835,-0.016402962165413218,-2.073223331648205,0.7462950523070843,0.6615202528828492,-0.043436574240513115,0.03467548550565264,-0.10502228642170533,-2.037909767462433,0.7078785345916437,0.9198321297947774,-0.003698126308211664,0.04532990207593368,-0.09744632595590971,0.09000117304571391,0.09000117304571391,0.0,0.13348795593146495,0.5204771818934972,-0.2508655511913676,-0.003829676876219917,-0.007713777948206846,-5.003465497475285,0,0.5093659163531556
54.91199999999004,-2.1407770450514327,0.5219001401359459,1.305459256796276,0.003657143852439828,-0.021176481271631853,-0.016382132598613937,-2.0838437730735144,0.3970688594079149,0.8763870869363775,0.06707496113652338,-0.00836691067141672,-0.10987935502508456,-2.0607390459166286,0.5524549759840954,0.8978811623639942,0.03238985070941665,0.018072949555917976,-0.10385623804980401,0.09000117304571391,0.09000117304571391,0.0,0.13345103573173406,0.5205206957447183,-0.2507442263238076,-0.0038306586333091185,-0.007704271901220969,-5.003386987138242,0,0.509430375281514
54.916159999990036,-2.1407617619085384,0.5218119977271799,1.3053910846270744,0.0036679542946101013,-0.021154178103839544,-0.0163613206083511,-2.1215438504523703,0.8449100001020129,1.082390448440375,-0.12540128307645476,0.041843868574526835,0.037384199611205496,-2.091402497271685,0.6987710450111251,0.9902143093731001,-0.04659535052283639,0.030208611441734423,-0.03298291561445171,0.09000117304571391,0.09000117304571391,0.0,0.1334140970554903,0.5205641603333868,-0.250623091187455,-0.0038316391732927287,-0.0076947759456664775,-5.003308462710695,0,0.5094947692097906
54.920319999990035,-2.140746433777079,0.5217239481569361,1.3053229991012922,0.0036787515502194473,-0.02113189685850933,-0.01634052618771133,-2.0830144714285845,0.5304399700289247,1.1146697477165246,-0.008509129722469843,-0.004157246319487513,-0.03905411452437332,-2.0872265170642543,0.6145956185791308,1.0523615516031877,-0.02736586822276052,0.013058701013218352,-0.035962159256923074,0.09000117304571391,0.09000117304571391,0.0,0.13337713980630345,0.5206075759987252,-0.2505021455902316,-0.0038326185384208403,-0.007685290119938218,-5.003229924286449,0,0.5095590981694329
54.924479999990034,-2.140731060711684,0.5216359913333602,1.3052550001457508,0.003689535694903337,-0.021109637658196838,-0.016319749329948757,-2.2150323332786224,0.8121752297092173,1.701327149848156,0.1559141674880939,-0.07562609723981728,-0.11165365692133875,-2.1508050896459165,0.71322923119844,1.3766167191707628,0.06381384085072268,-0.03114558820154029,-0.07383368111640153,0.09000117304571391,0.09000117304571391,0.0,0.13334016388700068,0.5206509430781178,-0.25038138933971665,-0.0038335967707100664,-0.0076758144620131105,-5.00315137195791,0,0.5096233621924476
54.92863999999003,-2.1407156427666667,0.5215481271640923,1.3051870876872989,0.003700306804111468,-0.021087400624303084,-0.01629899002846911,-1.918358524841434,0.7541327016693966,1.5287377749636626,-0.06380421033394738,0.04695581840543733,0.05364881431893972,-2.0347118391241708,0.7337789152253551,1.4527905047749785,-0.0004930892907102014,0.007902120259981946,-0.010391627901370331,0.09000117304571391,0.09000117304571391,0.0,0.13330316920073512,0.5206942619070527,-0.2502608222427175,-0.0038345739119450143,-0.007666349009457547,-5.003072805816089,0,0.5096875613113973
54.93279999999003,-2.1407001799960286,0.5214603555562711,1.305119261652812,0.0037110649531115316,-0.02106518587707671,-0.016278248276829645,-2.337681150426231,0.3729195907001846,1.2703227850765166,0.01284185868426587,-0.089957887037564,-0.11007237337419448,-2.1861711607201797,0.5531591189677387,1.3613258797769692,0.005816083344088797,-0.04078163506925786,-0.059965488476399605,0.09000117304571391,0.09000117304571391,0.0,0.13326615565077352,0.5207375328192775,-0.2501404441056949,-0.0038355500036800325,-0.0076568937994312535,-5.0029942259506175,0,0.5097516955593946
54.93695999999003,-2.1406846724534576,0.5213726764165394,1.3050515219691923,0.003721810216994899,-0.02104299353560541,-0.01625752406874588,-1.6874435220724853,0.20542927849652293,1.5806186828414086,-0.16088661102089966,-0.09131359757092158,-0.1669081263799445,-1.9371387755306984,0.379100711391473,1.4706276038304047,-0.07738779500647755,-0.06550369012593098,-0.1138877536572797,0.09000117304571391,0.09000117304571391,0.0,0.1332291231404969,0.520780756146794,-0.2500202547347621,-0.0038365250872408243,-0.007647448868687198,-5.002915632449751,0,0.5098157649700988
54.94111999999003,-2.14066912019233,0.5212850896510485,1.304983868563367,0.0037325426706769226,-0.02102082371782786,-0.01623681739808809,-2.1432239839200085,0.8726421195919423,1.974456973293426,0.01630852841289667,-0.02687477323418235,0.3003765238211131,-2.0401494088836105,0.6258202456611794,1.723169888788359,-0.030301198025440325,-0.04680494746804537,0.09355433654207156,0.09000117304571391,0.09000117304571391,0.0,0.13319207157318758,0.5208239322195868,-0.24990025393504045,-0.0038374992037261586,-0.007638014253573763,-5.002837025400383,0,0.5098797695777105
54.94527999999003,-2.1406535232657093,0.5211975951654628,1.3049163013622884,0.00374326238889071,-0.020998676540568587,-0.016216128258864492,-1.7770098404228016,0.7700034693298938,1.1741388175720573,0.003094685991838046,-0.2162101264483475,0.018491251752443583,-1.908572546114079,0.6974637143190847,1.4486910126083268,-0.01302856443240821,-0.13176532738543617,0.05504668892593787,0.09000117304571391,0.09000117304571391,0.0,0.13315500085202972,0.520867061366099,-0.24978044151129922,-0.0038384723940096677,-0.007628589990042815,-5.0027584048880485,0,0.5099437094169669
54.94943999999003,-2.14063788172635,0.5211101928649648,1.3048488202929334,0.003753969446194106,-0.020976552119519824,-0.01619545664523214,-2.108762790998508,0.27839371536918084,1.0553240999375315,0.014185604233913861,0.16579796183388204,-0.02395094934563869,-2.008638548183898,0.4882702376239886,1.251954714349903,8.84605633153868e-05,0.01718947533291231,0.015683744426383383,0.09000117304571391,0.09000117304571391,0.0,0.13311791088053748,0.5209101439129072,-0.2496608172681679,-0.0038394446987412003,-0.00761917611364982,-5.00267977099694,0,0.5100075845231381
54.953599999990026,-2.140622195626696,0.5210228826542597,1.3047814252823022,0.003764663916971925,-0.020954450569250126,-0.016174802551496188,-2.2698934299653755,0.12195439758181742,0.9012808412992501,-0.00375007086354501,0.02010603098606737,0.05827995480657876,-2.1392750348279503,0.3051520262253811,1.0767354497384836,-0.0021106052250653637,0.018430250400645155,0.03750557357931288,0.09000117304571391,0.09000117304571391,0.0,0.13308080156234262,0.5209531801847704,-0.2495413810092792,-0.0038404161583485675,-0.0076097726595553625,-5.00260112380991,0,0.5100713949320218
54.957759999990024,-2.140606465018882,0.5209356644375795,1.3047141162574185,0.0037753458754333316,-0.020932372003228093,-0.016154165972098063,-1.9304211888113274,0.22007590792955156,1.3226920850022361,0.07912774372834537,-0.08695218667372581,-0.011442725762622077,-2.0346819777467116,0.2624321341071681,1.1996924010485532,0.03846047168691112,-0.03407168231089003,0.012691653370908159,0.09000117304571391,0.09000117304571391,0.0,0.13304367280055326,0.520996170504785,-0.24942213253790796,-0.0038413868130394054,-0.007600379662530561,-5.002522463408484,0,0.5101351406799395
54.96191999999002,-2.140590689954734,0.5208485381186886,1.3046468931453286,0.0037860153956108763,-0.020910316533828573,-0.01613354690161458,-1.6155922146454047,0.3421814471417536,1.0704519097982124,0.11380652745534206,-0.0036432017385695376,0.18680384003962028,-1.8248973149047443,0.30229959608043555,1.1354590564887936,0.07606402848504418,-0.018775321847279435,0.10009296611310153,0.09000117304571391,0.09000117304571391,0.0,0.13300652449882347,0.5210391151942739,-0.2493030716571843,-0.0038423567028024333,-0.007590997156960966,-5.002443789872866,0,0.5101988218037314
54.96607999999002,-2.1405748704857697,0.5207615036008871,1.3045797558731005,0.003796672551364855,-0.020888284272336275,-0.016112945334759394,-2.282340466942116,0.7326703360406175,1.8032878918018118,0.05515440529062442,-0.02575926562731688,0.056623339322029426,-2.0535064511591847,0.5174335632003099,1.4694963657935254,0.06516762714915374,-0.021864938378462928,0.0781476215870269,0.09000117304571391,0.09000117304571391,0.0,0.13296935656071304,0.5210820145728889,-0.24918419816923593,-0.003843325867409269,-0.007581625176848902,-5.002365103281952,0,0.510262438340753
54.97023999999002,-2.140559006663201,0.5206745607870166,1.304512704367824,0.0038073174163859116,-0.02086627532894505,-0.016092361266382846,-2.7986960154226064,0.3386206307262999,1.314759671058868,-0.037444321123731604,0.010602934836547978,0.07488849961255462,-2.4261839129544285,0.42804766544920014,1.3922804364012014,0.01366728290070969,-0.0055205303181678905,0.07760744122986916,0.09000117304571391,0.09000117304571391,0.0,0.13293216888990186,0.5211248689584453,-0.24906551187604176,-0.0038442943464159223,-0.007572263755814299,-5.002286403713333,0,0.5103259903288696
54.97439999999002,-2.140543098537934,0.5205877095794633,1.3044457385566095,0.003817950064193933,-0.020844289812776015,-0.01607179469146638,-2.534264271009296,0.5836571165630092,1.2191966846629194,-0.06232137463833581,0.03769132274207692,-0.0057046324025108695,-2.480355517316657,0.5059321260605611,1.3057257801666478,-0.02382095885913817,0.015962746097824727,0.03581428503567471,0.09000117304571391,0.09000117304571391,0.0,0.13289496139019089,0.5211676786672921,-0.24894701257900279,-0.0038452621791645256,-0.0075629129270986094,-5.002207691243307,0,0.5103894778064533
54.97855999999002,-2.140527146160567,0.5205009498801638,1.304378858366588,0.003828570568141285,-0.020822327831877374,-0.016051245605123398,-1.498316565338774,0.873688695014375,1.7958896914066473,0.04704022732740179,0.04647873439618763,-0.02375746237519334,-1.989232194460113,0.6899088124470464,1.550760724703495,0.012022101308654089,0.03162551666644992,0.006525643515674992,0.09000117304571391,0.09000117304571391,0.0,0.13285773396486117,0.5212104440138261,-0.2488287000791543,-0.003846229404784936,-0.007553572723566478,-5.002128965946889,0,0.5104529008123774
54.98271999999002,-2.1405111495813944,0.5204142815906085,1.3043120637249106,0.0038391790014044008,-0.020800389493260796,-0.01603071400258408,-1.5845096957011762,0.06003888940446678,1.478270317576237,-0.012859644410038009,0.07883227118718529,-0.2064900423928959,-1.7868949412252173,0.3751347130315703,1.5140854872332177,-0.0003784725720760243,0.054600408066812794,-0.09995251873539575,0.09000117304571391,0.09000117304571391,0.0,0.13282048651774309,0.5212531653109687,-0.24871057417716455,-0.003847196062196148,-0.007544243177714002,-5.002050227897813,0,0.5105162593860131
54.986879999990016,-2.140495108850407,0.5203277046118466,1.3042453545587471,0.0038497754369973105,-0.020778474902868042,-0.01601019987921336,-2.8051626173951316,0.45714163260818885,1.5300355155592031,0.04242386490486591,0.0338052940105175,-0.0936033027742058,-2.2959469257783383,0.416209484088628,1.5218674029951142,0.020664886679213512,0.044000595632743875,-0.09749098254979142,0.09000117304571391,0.09000117304571391,0.0,0.13278321895257633,0.5212958428698408,-0.248592634672905,-0.003848162190107823,-0.007534924321665632,-5.001971477168549,0,0.5105795535672247
54.991039999990015,-2.1404790240172913,0.5202412188444899,1.3041787307952868,0.0038603599477624873,-0.020756584165617254,-0.015989703230488768,-2.201619540170441,0.7992385144395171,1.053404547083521,0.03591004059396199,0.08110242840701383,-0.10446076761502221,-2.248708930947635,0.6078974943958895,1.2874150448814468,0.02879130347705484,0.06152774228528722,-0.10079427854889673,0.09000117304571391,0.09000117304571391,0.0,0.1327459311732243,0.521338477000079,-0.24847488136630436,-0.0038491278270220792,-0.0075256161871819684,-5.001892713830305,0,0.5106427833963662
54.995199999990014,-2.1404628951314315,0.5201548241887176,1.3041121923617367,0.0038709326063829357,-0.02073471738536789,-0.015969224052020985,-1.9675470423847143,0.8711740111737195,1.5664755897233784,0.07455132787805699,-0.21687124215314663,-0.09947004203930833,-2.107970607953629,0.7390859254473419,1.4267395437507278,0.05150168387596701,-0.07737325065791932,-0.09973243726250171,0.09000117304571391,0.09000117304571391,0.0,0.13270862308346104,0.5213810680095108,-0.24835731405627792,-0.0038500930112348405,-0.007516318805656211,-5.001813937953037,0,0.5107059489142762
54.99935999999001,-2.1404467222419092,0.5200685205442802,1.304045739185322,0.003881493485371495,-0.0207128746649728,-0.015948762339527963,-2.3764814083351062,0.7744177425649947,1.1172655409895986,0.00806920534131933,-0.08624311710536378,0.00955757526118146,-2.242210964488164,0.7565737360724798,1.2720202282471542,0.02972146217198135,-0.08230672824643633,-0.04508093163000075,0.09000117304571391,0.09000117304571391,0.0,0.13267129458697166,0.5214236162044709,-0.24823993254179483,-0.0038510577808375662,-0.007507032208122919,-5.0017351496054605,0,0.5107690501622745
55.00351999999001,-2.1404305053975046,0.5199823078105041,1.303979371193285,0.0038920426570791004,-0.020691056106255247,-0.015928318088849508,-1.9680490892905207,0.19292148028634465,1.741345046568826,-0.1045344515705377,-0.14097926489929172,-0.09941033011426562,-2.1053453529541,0.47445074323861985,1.5064782689714549,-0.03748642942481683,-0.11178925150316449,-0.07181808560861917,0.09000117304571391,0.09000117304571391,0.0,0.13263394558756675,0.5214661218895295,-0.24812273662123568,-0.003852022173718518,-0.0074977564252574755,-5.001656348855052,0,0.5108320871821572
55.00767999999001,-2.1404142446466974,0.5198961858862956,1.3039130883128853,0.0039025801936904206,-0.020669261810039412,-0.015907891295933625,-2.4059639917133833,0.6049575883467384,1.688698797274488,0.20736139895200192,-0.08948683252187542,0.03130694865316222,-2.2552257670333686,0.5395192279787285,1.5976540826211496,0.08506452864046031,-0.10077360979155238,-0.01985675930845134,0.09000117304571391,0.09000117304571391,0.0,0.1325965759893972,0.521508585367809,-0.2480057260928189,-0.0038529862275644383,-0.007488491487381863,-5.001577535768064,0,0.510895060016194
55.01183999999001,-2.1403979400376674,0.519810154670145,1.3038468904713985,0.0039131061672324835,-0.02064749187613281,-0.015887481956847443,-1.9151945916687823,0.4317233721291709,0.7403967814478672,0.03109955792949568,-0.025901980652673077,-0.04476920346223298,-2.0851425713981895,0.48556759880059924,1.1689272733165499,0.05782468345226621,-0.0637890018027332,-0.032772302776663424,0.09000117304571391,0.09000117304571391,0.0,0.1325591856963137,0.5215510069407125,-0.24788890075374334,-0.0038539499798621608,-0.00747923742446365,-5.001498710409527,0,0.5109579687071228
55.01599999999001,-2.140381591618294,0.519724214060131,1.303780777596116,0.003923620649568373,-0.020625746403357348,-0.015867090067761394,-2.169362635288894,0.4364890492940387,1.0614399027402845,0.040506523487702915,0.19044579727443417,0.029402406646997656,-2.127168565567752,0.4614234451118046,1.1152440632644973,0.048986534742010604,0.06362814685084507,-0.001723175532811556,0.09000117304571391,0.09000117304571391,0.0,0.13252177461186673,0.5215933869081335,-0.24777226040146993,-0.003854913467900119,-0.007469994266121748,-5.001419872843264,0,0.5110208132981463
55.02015999999001,-2.140365199436159,0.5196383639539246,1.3037147496143455,0.00393412371240014,-0.020604025489543695,-0.015846715624956136,-2.1012488866959713,-0.02165330359690021,1.5161337411540892,0.07059542555033597,-0.00872800297632554,-0.2960202640492503,-2.1140617876424153,0.21986396767898936,1.315076350729944,0.05982773418783065,0.027247347326182742,-0.1490244661661402,0.09000117304571391,0.09000117304571391,0.0,0.13248434264059025,0.521635725568398,-0.24765580483286576,-0.003855876728769462,-0.007460762041627993,-5.001341023131891,0,0.511083593832928
55.024319999990006,-2.1403487635385456,0.5195526042487931,1.3036488064534089,0.003944615427273254,-0.020582329231541064,-0.01582635862481856,-1.9789282516348146,0.5252508247524929,1.285541787974989,0.169463639020481,-0.07794284801019642,-0.13903516171016028,-2.046141846699324,0.3723967405448398,1.300020956389369,0.11475988619482866,-0.02501705189254554,-0.14464726846505255,0.09000117304571391,0.09000117304571391,0.0,0.13244688968586493,0.5216780232182606,-0.24753953384420208,-0.003856839799366154,-0.007451540779909524,-5.001262161336832,0,0.5111463103555886
55.028479999990005,-2.1403322839724392,0.5194669348416047,1.303582948040643,0.0039550958655718595,-0.020560657725227655,-0.015806019063837443,-2.2721612507491664,0.7836419310046367,1.6527427752353725,-0.04622461093074631,0.07056676632114033,-0.03790183982411133,-2.1592501356353386,0.5781682985058787,1.4763046213769186,0.03469121809708894,0.023101370295111064,-0.09085926817892787,0.09000117304571391,0.09000117304571391,0.0,0.13240941565205575,0.5217202801528473,-0.2474234472315805,-0.003857802716391835,-0.0074423305095521934,-5.001183287518323,0,0.5112089629107011
55.03263999999,-2.140315760784529,0.5193813556288317,1.3035171743033986,0.00396556509852454,-0.020539011065515148,-0.01578569693860385,-2.069106654892443,0.4468868072576615,0.9467139759537073,0.016848768184104752,-0.22808894334416607,0.01368579571589117,-2.1141441739642497,0.5120535220338482,1.211534565716314,0.02647047719131999,-0.10310576106465523,-0.038837113404079145,0.09000117304571391,0.09000117304571391,0.0,0.13237192044301713,0.5217624966658646,-0.24730754479071831,-0.0038587655163557365,-0.007433131258802761,-5.001104401735418,0,0.5112715515432878
55.03679999999,-2.1402991940212073,0.5192958665065552,1.303451485169041,0.003976023197202603,-0.020517389346357814,-0.015765392245808,-2.3034694646052056,0.506588289741846,1.26309786561859,-0.000965801384295654,0.022739708104514,-0.018389454601766574,-2.208811942288029,0.5093690562689741,1.2372778132764408,0.013614486574714672,-0.04061935803266786,-0.028367598631024876,0.09000117304571391,0.09000117304571391,0.0,0.1323344039627343,0.5218046730494356,-0.24719182631716133,-0.003859728235575963,-0.007423943055571791,-5.001025504046002,0,0.5113340762988169
55.04095999999,-2.1402825837285717,0.5192104673704687,1.3033858805649485,0.003986470232521692,-0.020495792660759047,-0.015745104982238568,-2.242419936512552,0.1707329695966487,1.0009511441732684,-0.08270511625961424,-0.036850773977178966,-0.11651168853728097,-2.225788312927988,0.339971537196972,1.1188707274361336,-0.03448427720882379,-0.03851527722219128,-0.07255100272133369,0.09000117304571391,0.09000117304571391,0.0,0.13229686611532415,0.5218468095942029,-0.2470762916058547,-0.0038606909101809267,-0.007414765927436221,-5.000946594506792,0,0.5113965372231969
55.04511999999,-2.1402659299524247,0.5191251581158821,1.303320360418512,0.003996906275244371,-0.020474221100774313,-0.01572483514478174,-2.785073304671351,0.18850731827674494,1.1125451160693012,0.0549145578544765,0.07093045680970583,0.03854840077858592,-2.505320321959752,0.26438684909105664,1.1157860534926067,0.010122990458485793,0.015744782375092813,-0.01604502918285921,0.09000117304571391,0.09000117304571391,0.0,0.13225930680482223,0.5218889065892176,-0.24696094045114114,-0.00386165357611086,-0.007405599901641016,-5.000867673173352,0,0.5114589343627747
55.04927999999,-2.1402492327382747,0.5190399386377258,1.3032549246571352,0.004007331395979038,-0.020452674757524866,-0.015704582730415202,-2.270623055774472,0.3712641270558704,1.1122056074245719,0.04950956829023774,0.059606983763154944,-0.13920613971388007,-2.3878657805553343,0.3179491787163635,1.1137063725560696,0.029194651873841192,0.038172195466882414,-0.0776714945840754,0.09000117304571391,0.09000117304571391,0.0,0.13222172593539708,0.5219309643220422,-0.24684577264761537,-0.003862616269119268,-0.007396445005102643,-5.000788740100095,0,0.5115212677643306
55.05343999999,-2.1402324921313363,0.5189548088305541,1.3031895732082344,0.004017745665180399,-0.02043115372120891,-0.01568434773620677,-1.4947249063290151,0.505969434421554,1.02349571160473,-0.12268234079303555,-0.06310000797072882,-0.02155287334389208,-1.941543745028343,0.411829093873671,1.068554656701411,-0.046986262727848276,-0.012321740814641425,-0.04917110518666781,0.09000117304571391,0.09000117304571391,0.0,0.13218412341092328,0.5219729830789074,-0.2467307879892684,-0.003863579024774492,-0.007387301264412888,-5.000709795340292,0,0.5115835374750751
55.057599999989996,-2.1402157081765316,0.5188697685885496,1.3031243059992372,0.004028149153152787,-0.020409658081093685,-0.01566413015931832,-2.0054602415776746,0.29803794786100335,1.6406668194271052,-0.08474924409204182,-0.1588890827863804,0.011745600739577231,-1.973678633056753,0.3546027684245325,1.3546383951477676,-0.06590546848190859,-0.08585014404172403,-0.018343149630981555,0.09000117304571391,0.09000117304571391,0.0,0.13214649913583718,0.522014963144387,-0.24661598626969944,-0.003864541878460805,-0.0073781687058390045,-5.000630838946079,0,0.5116457435426454
55.061759999989995,-2.1401988809184895,0.5187848178055265,1.303059122957583,0.004038541930050574,-0.020388187925534682,-0.015643929996998127,-1.9025769856983838,0.10008826161892814,1.3838244354724825,0.21990021224352693,-0.09679854447958078,0.054424943653775454,-1.9376705255239324,0.22714332480075308,1.3693448263057386,0.07726745061303279,-0.09177029147252579,0.018034092073124893,0.09000117304571391,0.09000117304571391,0.0,0.13210885301364111,0.5220569048017154,-0.2465013672821146,-0.003865504865380254,-0.00736904735532741,-5.000551870968467,0,0.5117078860151008
55.065919999989994,-2.1401820104015483,0.5186999563749349,1.3029940240107223,0.00404892406587544,-0.020366743341980874,-0.01562374724657935,-1.8736274339764907,0.7591122536781505,1.193286032899269,0.03243638443271815,0.015981025571683738,-0.06025490242488106,-1.9055799985299375,0.4931648256601613,1.2811885537583525,0.054342048015600296,-0.03793706547710624,-0.020953723839842776,0.09000117304571391,0.09000117304571391,0.0,0.1320711849490415,0.5220988083325697,-0.24638693081996832,-0.003866468020553466,-0.007359937238506654,-5.0004728914573455,0,0.5117699649409201
55.07007999998999,-2.1401650966697545,0.5186151841898642,1.302929009086116,0.004059295630483993,-0.020345324416975816,-0.01560358190548353,-2.2840127305299944,0.38214891777556503,0.9458724076171623,0.041453806994167494,-0.01163685065108009,-0.10832831024515716,-2.094710485389723,0.4376308901254247,1.113302386752598,0.046790659228817984,-0.024307587387014357,-0.06442970770337493,0.09000117304571391,0.09000117304571391,0.0,0.13203349484581245,0.5221406740172259,-0.24627267667546446,-0.0038674313788216955,-0.007350838380688632,-5.000393900461493,0,0.5118319803689975
55.07423999998999,-2.1401481397668647,0.5185305011430468,1.302864078111236,0.0040696566935827915,-0.020323931236172224,-0.015583433971211091,-2.077351712652778,0.7213505746449067,1.156715622845033,0.1095382249337996,0.03132423680220624,-0.020520265844106544,-2.085803308770344,0.5795576737236872,1.1349661571202119,0.07824098447947742,0.0035997238539312417,-0.04225184789659276,0.09000117304571391,0.09000117304571391,0.0,0.13199578260829214,0.5221825021345556,-0.246158604641266,-0.003868394974847838,-0.007341750806872235,-5.000314898028581,0,0.5118939323486388
55.07839999998999,-2.140131139736345,0.518445907126862,1.3027992310135637,0.004080007324733258,-0.020302563884332207,-0.015563303441345834,-1.8066374543480008,0.08139530973240028,1.4883627726782462,-0.1312887016884405,0.02832513131700931,-0.08485662325084309,-1.946488857695997,0.3305322827195031,1.3114912970259947,-0.02778326680332934,0.015787057661094197,-0.06396432990062298,0.09000117304571391,0.09000117304571391,0.0,0.13195804814031484,0.5222242929619694,-0.24604471450963947,-0.003869358843118006,-0.007332674541744898,-5.000235884205183,0,0.5119558209295583
55.08255999998999,-2.1401140966213728,0.5183614020333397,1.3027344677205905,0.0040903475933484704,-0.020281222445342518,-0.015543190313548734,-2.2527741672701205,0.6539770363911235,1.2278749882298605,0.15060778049393803,0.02337238356437003,-0.03709666232871356,-2.0993200710551214,0.4923064532441379,1.2696042284974007,0.0612446386164291,0.019138542309237675,-0.04997009291302943,0.09000117304571391,0.09000117304571391,0.0,0.13192029134628006,0.5222660467754648,-0.24593100607223958,-0.003870323017942688,-0.0073236096096864324,-5.000156859036783,0,0.5120176461618746
55.08671999998999,-2.1400970104648365,0.5182769857541638,1.3026697881598173,0.0041006775686992895,-0.02025990700221014,-0.015523094585560246,-2.3681955939330672,0.5893641914939224,1.0383752694305084,-0.0027383342153873766,0.05709431488312902,-0.07486117917759279,-2.233764966029064,0.5409556305065226,1.1538329660193314,0.02904395984548861,0.03769352455248546,-0.06267569114680176,0.09000117304571391,0.09000117304571391,0.0,0.1318825121300848,0.522307763849625,-0.2458174791205355,-0.0038712875334583627,-0.007314556034769718,-5.000077822567779,0,0.512079408096108
55.09087999998999,-2.1400798813093367,0.518192658180676,1.302605192258754,0.004110997319910195,-0.020238617637080673,-0.01550301625519334,-2.5905100782355426,0.9738157857861374,1.004663925725497,-0.09502285009245383,-0.06699264210998024,-0.07427700107167187,-2.4123371655200776,0.7572500712510473,1.0790915566503354,-0.03322081565841125,-0.014968347010156913,-0.06782579336297169,0.09000117304571391,0.09000117304571391,0.0,0.13184471039597884,0.5223494444577199,-0.24570413344623854,-0.0038722524236286643,-0.007305513840764763,-4.999998774841495,0,0.5121411067831761
55.095039999989986,-2.1400627091971867,0.5181084192038792,1.3025406799449193,0.004121306915965373,-0.020217354431230898,-0.015482955320340571,-2.1183044173205055,0.3020936668796007,1.5758882409139285,0.24334082497103723,0.11117730996713693,0.06456140557935862,-2.264812068724998,0.5299012672518194,1.327626950842197,0.10479065008273557,0.04745325613281618,-0.001299216861743347,0.09000117304571391,0.09000117304571391,0.0,0.131806886048138,0.5223910888714904,-0.24559096883980364,-0.0038732177222458204,-0.007296483051138929,-4.99991971590018,0,0.5122027422743911
55.099199999989985,-2.140045494170413,0.5180242687144413,1.3024762511458403,0.004131606425704969,-0.020196117465092808,-0.01546291177896018,-1.807702358517751,0.827352336706365,0.9203113993421301,0.12278248590955378,-0.037621531408744795,-0.04307346761943915,-2.0359992079197107,0.6785510060682578,1.1238770373907052,0.11406281848224163,0.004741295420234567,-0.02232986403595082,0.09000117304571391,0.09000117304571391,0.0,0.13176903899066483,0.5224326973614646,-0.24547798509235288,-0.003874183462932129,-0.007287463689061821,-4.999840645785024,0,0.5122643146214555
55.10335999998998,-2.140028236270755,0.5179402066026987,1.3024119057890524,0.0041418959178318076,-0.020174906818235847,-0.01544288562908968,-2.3719561639008546,0.6536584111094459,1.0241734873681485,-0.1436146347617905,0.05155575330102985,-0.013676031085062566,-2.204278738200626,0.6662123021718346,1.0739965689088535,-0.01476558529085578,0.02788909685625386,-0.01821985425125467,0.09000117304571391,0.09000117304571391,0.0,0.13173116912758892,0.5224742701966335,-0.24536518199417834,-0.0038751496791410924,-0.007278455777403901,-4.9997615645361595,0,0.5123258238764595
55.10751999998998,-2.1400109355396677,0.5178562327586594,1.3023476438020989,0.004152175460902795,-0.020153722569410594,-0.015422876868824233,-2.4040373441945513,0.0826847061493815,1.6344031848434755,-0.021326165915540332,-0.07126404692810398,0.02898409348759787,-2.3042032629989513,0.37429596579369295,1.3542632299531452,-0.01830213215584901,-0.021571500471452884,0.005789941650604358,0.09000117304571391,0.09000117304571391,0.0,0.1316932763630813,0.5225158076448224,-0.245252559335596,-0.003876116404158912,-0.007269459338744637,-4.999682472192667,0,0.5123872700918771
55.11167999998998,-2.1399935920183206,0.5177723470720074,1.3022834651125308,0.004162445123341892,-0.02013256479650972,-0.01540288549633772,-1.8770714863123894,0.6418539482339931,1.3687627335466457,0.1876397469591067,-0.1479791085567738,0.06021303457853843,-2.0902440704660736,0.5077695472472328,1.3616377133577566,0.0846411417872233,-0.08501255731150678,0.033291898890709416,0.09000117304571391,0.09000117304571391,0.0,0.1316553606014554,0.5225573099722591,-0.2451401169067318,-0.0038770836711056285,-0.007260474395368296,-4.999603368792587,0,0.5124486533205633
55.11583999998998,-2.139976205747598,0.5176885494321048,1.3022193696479063,0.0041727049734314545,-0.020111433576615656,-0.015382911509861985,-2.2909697290650404,0.8246250083612504,1.838197302551177,-0.0673926574976253,0.007542342147086913,0.05958473714815013,-2.1907486284271975,0.6662141903097697,1.6000432603125272,0.008705769892247035,-0.03826378057973749,0.04716600825897326,0.09000117304571391,0.09000117304571391,0.0,0.13161742174631208,0.522598777444105,-0.2450278544970923,-0.0038780515129368323,-0.007251500969271447,-4.999524254372922,0,0.5125099736157496
55.11999999998998,-2.139958776768101,0.5176048397279965,1.302155357335791,0.004182955079315258,-0.020090328985986193,-0.015362954907693077,-2.479311614848848,0.3218378950892038,1.8607577654519127,0.04928860569029375,0.08181322913868189,-0.062372690447593214,-2.3349279567254597,0.4941920087970581,1.7302720557756441,0.028193869974717074,0.022629311491863723,-0.007332797963858291,0.09000117304571391,0.09000117304571391,0.0,0.13157945970225024,0.5226402103240778,-0.24491577189641972,-0.0038790199624443985,-0.0072425390821637394,-4.999445128969645,0,0.5125712310310423
55.12415999998998,-2.139941305120147,0.517521217848413,1.3020914281037568,0.004193195509007706,-0.020069251100045468,-0.015343015688199246,-2.1629565395107537,0.6257599905456552,1.020369393859472,-0.040453097877828526,-0.051654309549502064,-0.0073104962626717954,-2.249025045227658,0.5598699929089456,1.3753034013525098,-0.006192917741879359,-0.014753959700178754,-0.00869188561594521,0.09000117304571391,0.09000117304571391,0.0,0.1315414743729442,0.522681608874448,-0.2448038688938356,-0.003879989052258206,-0.0072335887554660005,-4.999365992617707,0,0.5126324256204177
55.12831999998998,-2.13992379084377,0.5174376836817737,1.3020275818793827,0.004203426330378017,-0.020048199993441748,-0.015323093849793254,-2.2525944338432105,1.1167017478194814,1.5769818759735599,-0.03700036232578603,0.08262577820218028,-0.09777941579888816,-2.2508861795974964,0.8384615455681683,1.4759409665036318,-0.021856528543271227,0.03396835263074603,-0.05337176661063581,0.09000117304571391,0.09000117304571391,0.0,0.13150346566263973,0.522722973356356,-0.24469214527848154,-0.0038809588148473475,-0.007224650010321227,-4.999286845351041,0,0.5126935574382198
55.132479999989975,-2.1399062339787234,0.5173542371161903,1.3019638185902538,0.004213647611167557,-0.020027175739998127,-0.015303189390958124,-2.441947906160903,0.2826402461877683,1.3160582681838164,0.038298938963275284,0.04915761539401005,-0.10602806783401614,-2.3463375522800294,0.5606506773141277,1.3957781422775113,0.007656279639353343,0.040877117209925116,-0.07978262024604728,0.09000117304571391,0.09000117304571391,0.0,0.1314654334755142,0.5227643040296486,-0.24458060083909083,-0.0038819292825213667,-0.0072157228675896095,-4.999207687202571,0,0.5127546265391567
55.136639999989974,-2.1398886345644774,0.5172708780394706,1.3019001381639612,0.004223859418985579,-0.020006178412738287,-0.015283302310235409,-1.9641353999248794,0.1714251901758469,1.2025828037049704,0.08938712317315646,-0.003595515281670618,0.019408330401739584,-2.1550466987452324,0.3660273770448404,1.2992210917779725,0.04794894434351263,0.018814119554489975,-0.03096374875868682,0.09000117304571391,0.09000117304571391,0.0,0.13142737771546292,0.5228056011527153,-0.2444692353644153,-0.003882900487431626,-0.007206807347851182,-4.9991285182042144,0,0.5128156329782976
55.14079999998997,-2.139870992640222,0.517187606339121,1.301836540528102,0.004234061821306383,-0.01998520808390404,-0.015263432606219493,-2.3129043781832475,0.4978994397339492,1.496205201937018,-0.2619298700203689,-0.16092509353129425,-0.020747011521815566,-2.234520955389461,0.4316305668677866,1.3976713417234221,-0.10720825702603276,-0.07150328881752588,-0.025841441624072377,0.09000117304571391,0.09000117304571391,0.0,0.13138929828674112,0.5228468649828057,-0.2443580486427972,-0.0038838724615725398,-0.007197903471410642,-4.999049338386896,0,0.5128765768110691
55.14495999998997,-2.139853308244866,0.5171044219023504,1.3017730256102789,0.004244254885475083,-0.019964264824948005,-0.015243580277561399,-2.160727651658375,0.4742568535698381,1.7099323987988482,0.005019839591215254,-0.002504859870526021,-0.10610323701205643,-2.1976137290496958,0.452939484980922,1.5535815031099522,-0.05091722293861587,-0.03733859456068461,-0.0650725814768854,0.09000117304571391,0.09000117304571391,0.0,0.13135119509289542,0.5228880957758122,-0.24424704046238183,-0.0038848452367829796,-0.007189011258297988,-4.998970147780545,0,0.5129374580932526
55.14911999998997,-2.1398355814170382,0.5170213246160731,1.3017095933380998,0.004254438678701948,-0.019943348706554814,-0.015223745322960206,-2.5773593109450665,0.8034018968808491,1.6476788724962472,-0.05228543669254408,-0.1483080079823048,0.017328573033107746,-2.387597633538082,0.6278640628618064,1.6006655587219134,-0.05174352694247531,-0.09252573328606781,-0.02323754508841228,0.09000117304571391,0.09000117304571391,0.0,0.13131306803826057,0.5229292937864806,-0.24413621061133117,-0.003885818844747202,-0.007180130728273197,-4.99889094641411,0,0.5129982768809808
55.15327999998997,-2.139817812195088,0.5169383143669122,1.3016462436391782,0.0042646132680723235,-0.019922459798624687,-0.015203927741172994,-1.537362075687178,0.6995025907894368,2.088092616363165,0.006019276431119048,-0.1763780114081567,0.03264041002852376,-1.9624611700516723,0.663316727842819,1.8444500638820627,-0.022969263872079367,-0.13433151768779983,0.004854382561915212,0.09000117304571391,0.09000117304571391,0.0,0.13127491702667818,0.52297045926814,-0.2440255588776098,-0.0038867933169963696,-0.007171261900824809,-4.998811734315558,0,0.5130590332307348
55.15743999998997,-2.1398000006170856,0.5168553910412026,1.3015829764411324,0.004274778720541081,-0.019901598170297928,-0.01518412753100477,-2.531029626510735,0.9725446806658761,1.8912860407868362,-0.08588420821372217,-0.037061446681382115,0.004369053875828664,-2.2469270968431756,0.8178540730553038,1.8678764597949666,-0.054863465462037214,-0.08488129804285784,0.005096326944664336,0.09000117304571391,0.09000117304571391,0.0,0.13123674196213786,0.52301159247302,-0.24391508504855555,-0.0038877686849097437,-0.0071624047951742,-4.998732511511883,0,0.513119727199341
55.16159999998997,-2.1397821467208233,0.5167725545249945,1.3015197916715853,0.004284935102935963,-0.019880763889953662,-0.015164344691308384,-2.3659787290125958,0.9473901617232608,1.6042798534135614,-0.011969317291966763,-0.04818421459616887,0.05561139320250384,-2.3064785804567443,0.8825222566427744,1.7361930517464659,-0.033448642717838824,-0.06627285111890117,0.02983633496201729,0.09000117304571391,0.09000117304571391,0.0,0.13119854274856435,0.5230526936519799,-0.24380478891173465,-0.0038887449797159485,-0.00715355943027725,-4.998653278029116,0,0.5131803588439675
55.165759999989966,-2.139764250543815,0.5166898047040561,1.3014566892581645,0.00429508248195895,-0.019859957025213856,-0.015144579220985926,-1.894371512757509,0.6057079492215585,1.2753694511692204,0.13778485121121628,0.1274735845989861,-0.060009846026533684,-2.100134380788384,0.7443784621303617,1.5056533763344542,0.05158320702735114,0.03051350763096353,-0.015161890939724814,0.09000117304571391,0.09000117304571391,0.0,0.13116031928981783,0.5230937630547736,-0.24369467025451363,-0.0038897222324941845,-0.007144725824825837,-4.998574033892326,0,0.5132409282221221
55.169919999989965,-2.1397463121232976,0.5166071414638771,1.301393669128502,0.004305220924185485,-0.01983917764295507,-0.015124831118984133,-1.8744853739776324,0.38802101733050964,0.8777359107771423,-0.07565814423135883,-0.06774428305869522,-0.10984204999869043,-1.9874650214014142,0.5660568993265727,1.1914617083830195,-0.012338862314487734,-0.018878051417576126,-0.06246078070848987,0.09000117304571391,0.09000117304571391,0.0,0.13112207148990848,0.5231348009298855,-0.24358472886384477,-0.003890700474175448,-0.007135903997250847,-4.998494779125627,0,0.5133014353916482
55.174079999989964,-2.1397283314962308,0.5165245646896717,1.301330731210234,0.004315350496069138,-0.019818425809302834,-0.015105100384297548,-2.022480717307444,0.4629516078410819,0.8146490698304465,0.05604689607820294,-0.15572311060879862,-0.1840221900100974,-2.0048564775991746,0.5141802191967441,1.0026704339868424,0.021820374780544948,-0.08757389687292695,-0.123446438608199,0.09000117304571391,0.09000117304571391,0.0,0.13108379925256927,0.5231758075244739,-0.24347496452690714,-0.0038916797355438163,-0.0071270939657223035,-4.998415513752186,0,0.5133618804107223
55.17823999998996,-2.1397103086992977,0.5164420742663814,1.3012678754310008,0.00432547126393542,-0.019797701589661543,-0.015085387015957456,-1.934373934920686,0.7343291164247612,1.0138310847067624,-0.016282324870111515,-0.04948867887302612,0.04832376648884081,-1.969649134321949,0.624152851978225,1.0083492444281914,0.0030380879814338444,-0.06833114334445152,-0.03656014426709837,0.09000117304571391,0.09000117304571391,0.0,0.13104550248147004,0.5232167830846891,-0.24336537703025066,-0.003892660047237688,-0.007118295748155482,-4.998336237794229,0,0.5134222633378509
55.18239999998996,-2.139692243768906,0.5163596700786786,1.3012051017184465,0.0043355832939883125,-0.019777005048697508,-0.015065691013039,-2.304739750396371,1.2326367758039445,1.1535316074275668,-0.2110786781565237,0.02053327601921223,0.025716518466391995,-2.1376353317601904,0.928441437267704,1.0809939672132354,-0.10424359705871852,-0.023739645904024557,-0.004962157173795863,0.09000117304571391,0.09000117304571391,0.0,0.1310071810806458,0.5232577278554028,-0.2432559661608648,-0.0038936414397507855,-0.0071095093622103095,-4.998256951273043,0,0.5134825842318679
55.18655999998996,-2.139674136741188,0.5162773520109688,1.3011424100002187,0.004345686652313439,-0.019756336250342142,-0.015046012374663626,-2.300695182309298,0.29906039724972033,1.3432776162150937,-0.004013640186612799,-0.08234571072872607,0.06790986172840682,-2.219173460586742,0.6135758917351235,1.212278921249365,-0.05475325083674922,-0.05335399342736776,0.031448189354970076,0.09000117304571391,0.09000117304571391,0.0,0.1309688349536423,0.5232986420802583,-0.24314673170468104,-0.003894623943433544,-0.007100734825291471,-4.998177654208987,0,0.5135428431519309
55.19071999998996,-2.139655987652001,0.5161951199473945,1.3010798002039687,0.004355781404871136,-0.01973569525782188,-0.0150263510999825,-2.2559646107008295,0.8368663714691571,1.0389733346098002,-0.10811515470060339,0.11214952367318537,-0.1631459815262394,-2.237794567815831,0.7254554431700421,1.1252851632937435,-0.08123924559333068,0.029636560246908094,-0.06563783883200175,0.09000117304571391,0.09000117304571391,0.0,0.1309304640043714,0.5233395260017749,-0.2430376734484966,-0.0038956075884942517,-0.007091972154554553,-4.998098346621492,0,0.513603040157519
55.19487999998996,-2.139637796536928,0.5161129737718377,1.3010172722573512,0.004365867617505911,-0.019715082133636347,-0.015006707188192353,-1.7539015644884464,0.7728153802170104,1.2618124475225212,0.07325539660842526,0.054394828548602045,-0.009094934238287286,-1.995692651616685,0.7492485928588843,1.1935296861944877,-0.00383804141804081,0.042153502547104725,-0.03681350123638017,0.09000117304571391,0.09000117304571391,0.0,0.13089206813647034,0.5233803798612375,-0.24292879117826427,-0.0038965924050003093,-0.007083221366904365,-4.998019028529075,0,0.5136631753084296
55.19903999998996,-2.1396195634312782,0.5160309133679228,1.300954826088024,0.004375945355942768,-0.019694496939578462,-0.014987080638524403,-1.5841430245563102,0.7947838806731025,1.2854344230531367,-0.010308067070117766,-0.05741855193680246,0.13253696402352771,-1.7899375577007457,0.7718979360577094,1.2397574752810767,-0.0065153747296573,-0.008015427404143637,0.04828147105208683,0.09000117304571391,0.09000117304571391,0.0,0.13085364725351606,0.5234212038988543,-0.24282008468016017,-0.0038975784228793566,-0.007074482478998128,-4.997939699949336,0,0.5137232486647757
55.203199999989955,-2.1396012883700877,0.5159489386190197,1.300892461623648,0.004386014685785819,-0.01967393973674873,-0.014967471450240235,-1.7585475441193403,0.524405836742336,0.9908411041031566,0.09972363758232543,0.007198065519733263,-0.05015968867515803,-1.7740349239238526,0.6481652465331691,1.1151947352542808,0.046604511203168685,-0.0004674458252662055,-0.0016627416771094394,0.09000117304571391,0.09000117304571391,0.0,0.1308152012592393,0.5234619983536468,-0.2427115537401563,-0.003898565671920484,-0.007065755507249858,-4.99786036089897,0,0.5137832602869825
55.207359999989954,-2.1395829713881187,0.5158670494082466,1.300830178791887,0.004396075672525756,-0.019653410585538322,-0.014947879622640917,-2.2698202673906387,0.4234166245743195,0.8730976536726078,0.0004086982119613598,-0.003645512038493063,0.0927499737771099,-2.021928429026615,0.5357805139879346,0.9943392992035109,0.02265088054260324,-0.0014473759132764955,0.04463284728402507,0.09000117304571391,0.09000117304571391,0.0,0.1307767300568837,0.5235027634634472,-0.24260319814401982,-0.0038995541817754015,-0.007057040467828861,-4.997781011393767,0,0.5138432102357853
55.21151999998995,-2.1395646125198624,0.5157852456184729,1.3007679775204075,0.004406128381532536,-0.019632909545659716,-0.014928305155053502,-2.2917566350444996,0.6194787265746972,1.235267064607783,-0.18454326694354084,-0.21576563337086646,0.0756607329422555,-2.157228566359841,0.5771833166936085,1.1149625710934066,-0.08078792288357901,-0.10950492544592366,0.059985562328302225,0.09000117304571391,0.09000117304571391,0.0,0.1307382335504892,0.5235434994650014,-0.24249501767709813,-0.0039005439819594324,-0.007048337376665237,-4.997701651448624,0,0.5139030985722263
55.21567999998995,-2.139546211799537,0.5157035271323225,1.300705857736879,0.0044161728780685115,-0.01961243667611767,-0.014908748046844791,-2.0298641646173956,0.30626488681016417,1.008931234379528,0.02766064610225276,0.006423976557231873,0.033932682314119764,-2.0934882703543627,0.4417351044482955,1.0620177252351948,-0.026412173323471507,-0.05132514971983517,0.04648694329592983,0.09000117304571391,0.09000117304571391,0.0,0.13069971164318245,0.523584206593861,-0.2423870121256028,-0.0039015351018529838,-0.007039646249446288,-4.997622281077546,0,0.5139629253576515
55.21983999998995,-2.13952776926109,0.5156218938321756,1.3006438193689733,0.004426209227275804,-0.019591992035254538,-0.014889208297405313,-2.174843381632753,0.44908059244624665,1.1640262305727698,0.01221441957890963,0.07325495213645884,-0.14164361567287231,-2.134142006270263,0.44556102456189983,1.1127274697705136,-0.00661251354293921,0.010593153268851246,-0.04727426617307071,0.09000117304571391,0.09000117304571391,0.0,0.1306611642384593,0.5236248850845923,-0.2422791812744702,-0.0039025275707025003,-0.007030967101624107,-4.997542900293652,0,0.5140226906537091
55.22399999998995,-2.139509284938198,0.5155403456001726,1.3005818623443643,0.004436237494184455,-0.01957157568073313,-0.014869685906153672,-2.194286734475609,1.2057249888425612,1.1051220562811077,0.0814925473634851,0.022552322667277365,-0.03388416643467285,-2.164046105481058,0.8256961110970567,1.1088558588854698,0.03782692153132482,0.016150286274795193,-0.041362471839669096,0.09000117304571391,0.09000117304571391,0.0,0.1306225912399722,0.5236655351705076,-0.24217152490907115,-0.0039035214176216244,-0.00702229994841558,-4.997463509109183,0,0.5140823945223452
55.22815999998995,-2.1394907588642655,0.5154588823182162,1.3005199865907286,0.004446257743716865,-0.019551187669532014,-0.014850180872542565,-2.0880333447835655,0.08074142125075895,1.3204102757726799,0.03488244040005569,-0.06056176976426793,0.03556555907912858,-2.1259676179271096,0.4530892525333534,1.2147082406100564,0.03682568317696288,-0.0230018542386697,-0.00276759258743168,0.09000117304571391,0.09000117304571391,0.0,0.1305839925506752,0.5237061570838756,-0.24206404281478375,-0.003904516671592453,-0.007013644804801215,-4.997384107535504,0,0.514142037025802
55.23231999998995,-2.1394721910724295,0.5153775038679747,1.3004581920357452,0.004456270040676541,-0.01953082805798845,-0.01483069319604006,-2.224988221138932,0.37808647118142935,1.2646114185701027,0.04305926089217381,0.15336946811230157,0.010327676472975814,-2.17538906727717,0.41590541960171107,1.23968121758951,0.03995017912978359,0.06561559042392667,0.0039919571539998875,0.09000117304571391,0.09000117304571391,0.0,0.1305453680743208,0.5237467510558653,-0.24195673477699342,-0.0039055133614664963,-0.007005001685533398,-4.997304695583112,0,0.5142016182266154
55.236479999989946,-2.1394535815955553,0.515296210130884,1.3003964786070945,0.0044662744497652946,-0.01951049690175289,-0.014811222876152882,-2.2646683174546873,0.6055337708816345,1.3926841407377208,-0.2026189332178656,-0.027075098741030104,0.0133143223783528,-2.2204514655307195,0.510664147880441,1.31620992247958,-0.08097892612731389,0.019496817039615717,0.00938376378863352,0.09000117304571391,0.09000117304571391,0.0,0.1305067177137505,0.5237873173165432,-0.24184960058023625,-0.003906511515966001,-0.0069963706051307814,-4.997225273261639,0,0.514261138187611
55.240639999989945,-2.1394349304662406,0.5152150009881513,1.3003348462324595,0.004476271035567972,-0.01949019425584472,-0.014791769912398159,-2.116166231917173,0.06552331632457253,1.001830084333919,-0.01715101474509887,-0.032773066257934295,-0.0064334108127732,-2.168344635609008,0.2880236464267005,1.159003870705508,-0.04866370489869189,-0.007209964787185314,0.0017413827328122055,0.09000117304571391,0.09000117304571391,0.0,0.1304680413726051,0.5238278560948706,-0.24174264000990967,-0.003907511163684886,-0.006987751577887018,-4.997145840579861,0,0.5143205969719031
55.244799999989944,-2.139416237716813,0.515133876320757,1.3002732948395248,0.0044862598625664265,-0.019469920174619397,-0.014772334304324225,-2.447599487756482,0.3721156954356523,2.0715276320724665,-0.07498679581334021,-0.08666168707797947,-0.0015404056024251375,-2.3081304758364736,0.3298908408851034,1.6152693339694153,-0.0615880905451486,-0.04733238889079605,-9.221666458504769e-05,0.09000117304571391,0.09000117304571391,0.0,0.13042933895361533,0.5238683676188076,-0.24163585285056172,-0.003908512333090127,-0.0069791446178679925,-4.9970663975457,0,0.5143799946428906
55.24895999998994,-2.1393975033793335,0.5150528360094578,1.3002118243559768,0.004496240995132073,-0.019449674711792906,-0.014752916051497028,-1.9935703573039363,0.7965417344613827,1.3007281231171839,0.12513465776076613,-0.09071806592695958,0.15201099013213337,-2.1505873693341466,0.5630300403842404,1.4583127201521424,0.03148742103911667,-0.06862732972349776,0.07594283906671338,0.09000117304571391,0.09000117304571391,0.0,0.13039061036031213,0.5239088521151505,-0.24152923888717354,-0.003909515052522486,-0.006970549738915529,-4.9969869441662285,0,0.5144393312642553
55.25311999998994,-2.1393787274855938,0.5149718799347893,1.3001504347095039,0.004506214497531897,-0.019429457920441078,-0.014733515153503978,-2.0889338986076336,0.43538658558159604,1.2211961610432458,-0.15867504860647472,0.006756152998525125,-0.05496796738988426,-2.1200898029573287,0.49922102133605056,1.3396380065868405,-0.06379276957421855,-0.030723523176639126,0.010708832986722348,0.09000117304571391,0.09000117304571391,0.0,0.1303518554953172,0.5239493098096888,-0.24142279790451796,-0.003910519350198063,-0.0069619669546487455,-4.996907480447678,0,0.514498606899959
55.25727999998994,-2.1393599100671192,0.5148910079770684,1.3000891258277958,0.004516180433924924,-0.01940926985300799,-0.014714131609950614,-1.9469155870910462,0.9644107928568313,1.5475575028369373,0.024717502071230343,-0.1219911144693222,0.07219544525808186,-2.03344953478932,0.7315658428222733,1.4437494232111847,-0.01980139472479406,-0.07655272528850815,0.04142456615337194,0.09000117304571391,0.09000117304571391,0.0,0.13031307426205332,0.5239897409272032,-0.24131652968715905,-0.003911525254208948,-0.006953396278466511,-4.996828006395442,0,0.5145578216142406
55.26143999998994,-2.1393410511551676,0.5148102200163963,1.3000278976385438,0.00452613886836954,-0.019389110561299987,-0.014694765420464002,-2.3489332401754637,0.4206201772491242,1.4823962771526913,-0.00016827938542386504,0.08630985542662528,-0.0987722071783195,-2.1911945979829377,0.5762693369926519,1.4628672217820982,-0.009672158718782485,0.0053582090607256,-0.028445820579814908,0.09000117304571391,0.09000117304571391,0.0,0.130274266563035,0.5240301456913556,-0.2412104340194514,-0.003912532792524705,-0.006944837723547082,-4.996748522014082,0,0.514616975471614
55.26559999998994,-2.139322150780731,0.5147295159326608,1.299966750069441,0.00453608986481625,-0.019368980096509184,-0.014675416584682414,-2.1946573286499422,0.17263680728194059,1.873072043123698,0.13003662633559715,-0.040305903730221415,-0.025466143760817874,-2.1926546434448135,0.37436684328980746,1.667917529875076,0.059754145534292785,-0.017678008545831413,-0.02599250588505459,0.09000117304571391,0.09000117304571391,0.0,0.1302354323015787,0.5240705243247937,-0.24110451068639602,-0.003913541992993113,-0.006936291302852825,-4.9966690273073295,0,0.5146760685368658
55.26975999998994,-2.1393032089745345,0.5146488956055392,1.2999056830481814,0.004546033487117279,-0.019348878509198277,-0.014656085102266651,-2.184416407704991,0.05419640907382983,1.3153904124652918,0.08220060253104887,-0.0805088314052001,0.11635109571546301,-2.188365770141191,0.2141118505747328,1.4918937782200146,0.07159000257085209,-0.04905132038094071,0.04504182124996655,0.09000117304571391,0.09000117304571391,0.0,0.1301965713800934,0.5241108770490949,-0.24099875947192914,-0.00391455288334161,-0.006927757029129071,-4.996589522278097,0,0.5147351008750514
55.273919999989936,-2.139284225767039,0.5145683589145003,1.299844696502461,0.004555969799016927,-0.019328805849333983,-0.014636770972881383,-2.133101259957526,0.09499359519744277,1.4217139525759985,0.02581155009499917,-0.06292582762142969,0.0019667664355417884,-2.160678282905026,0.1544241631550645,1.4568074398293847,0.04814681952934513,-0.05750602047630271,0.023519216959582586,0.09000117304571391,0.09000117304571391,0.0,0.1301576837017911,0.524151204084977,-0.24089318016084632,-0.003915565491178119,-0.0069192349149105,-4.996510006928478,0,0.5147940725514946
55.278079999989934,-2.1392652011884383,0.5144879057388075,1.2997837903599767,0.004565898864167854,-0.01930876216624403,-0.01461747419622015,-2.3674470429848977,0.604235964234157,1.3974504461297723,0.028230178398859024,0.06254681279958686,0.1763625446180952,-2.2640044042071916,0.37946341506908926,1.4274936569048233,0.037714874277639344,0.0024606523683437394,0.10074837203960879,0.09000117304571391,0.09000117304571391,0.0,0.13011876916897705,0.5241915056519225,-0.24078777253730588,-0.003916579843992251,-0.006910724972515115,-4.996430481259753,0,0.514852983631783
55.28223999998993,-2.139246135268663,0.5144075359575214,1.2997229645484267,0.004575820746114118,-0.01928874750868072,-0.014598194771974575,-2.3703515362598657,0.6698472488166869,1.556416612628749,-0.019386844824365528,0.016880444495578403,-0.15514370259976148,-2.3172191720379,0.5246927647936871,1.4916326043921053,0.009231893620867961,0.009530153627654595,-0.02682637193248499,0.09000117304571391,0.09000117304571391,0.0,0.1300798276843325,0.5242317819684958,-0.2406825363856837,-0.0039175959691562885,-0.006902227214054374,-4.996350945272395,0,0.5149118341817669
55.28639999998993,-2.139227028037378,0.5143272494495015,1.2996622189955107,0.00458573550830319,-0.019268761924788567,-0.014578932699851773,-2.305761159200021,0.25039956827935955,1.1148066686138254,-0.09343708855639826,0.0851656180339774,0.004772196947844604,-2.3116849140850504,0.3877216105496518,1.303229521808437,-0.04186415860776375,0.04723660305784744,-0.012277416064027189,0.09000117304571391,0.09000117304571391,0.0,0.1300408591504879,0.5242720332523949,-0.24057747149035968,-0.003918613893926247,-0.006893741651431323,-4.9962713989660745,0,0.5149706242675565
55.29055999998993,-2.139207879523986,0.5142470460934093,1.2996015536289292,0.004595643214086917,-0.019248805462108717,-0.014559687979573388,-1.8146889514445832,0.9035163333982914,1.8612922194948194,-0.1991657918135606,0.007549359817895434,-0.06326511808253528,-2.063598001996944,0.6456374052593192,1.5821337589683127,-0.1203664737724314,0.027817903035813458,-0.038043468733988575,0.09000117304571391,0.09000117304571391,0.0,0.13000186347002346,0.5243122597201275,-0.24047257763528931,-0.003919633645442921,-0.006885268296340442,-4.996191842339664,0,0.5150293539555192
55.29471999998993,-2.1391886897576247,0.5141669257677111,1.2995409683763839,0.004605543926721194,-0.019228878167589503,-0.014540460610870604,-2.2807861209226123,0.7829018232973362,1.5794505966418884,0.005337567289026301,-0.1822229719913629,-0.021415844025547418,-2.172181685670429,0.7138904784187897,1.5807476363447928,-0.057904078032603834,-0.07667080483888916,-0.029741129200416827,0.09000117304571391,0.09000117304571391,0.0,0.12996284054546947,0.524352461587223,-0.24036785460485913,-0.003920655250732999,-0.006876807160269581,-4.996112275391243,0,0.5150880233122775
55.29887999998993,-2.139169458767169,0.5140868883506794,1.2994804631655776,0.004615437709364244,-0.01920898008760251,-0.014521250593479688,-2.46245454499898,0.8130956008822651,1.5082621343741922,-0.017499513766636308,0.023241593018101234,-0.19952576977296146,-2.3173556329417897,0.7635409065167824,1.5440881163784534,-0.03814293044497503,-0.02615882476631787,-0.11401962826931873,0.09000117304571391,0.09000117304571391,0.0,0.12992379027887904,0.52439263906839,-0.2402633021830313,-0.003921678736710269,-0.00686835825450409,-4.996032698118102,0,0.5151466324047064
55.30303999998993,-2.1391501865812312,0.5140069337203963,1.2994200379242145,0.004625324625076816,-0.019189111267942774,-0.014502057927141182,-2.165678832739362,0.49064720317828076,1.6808254892047003,0.061635666607076554,-0.0804488089809558,-0.053570885890030034,-2.241386521943104,0.6269245775106497,1.6123469106983834,0.011043178132608683,-0.05318658337234542,-0.08407655506250336,0.09000117304571391,0.09000117304571391,0.0,0.12988471257268325,0.5244327923772464,-0.24015892015419898,-0.003922704130176348,-0.006859921590128874,-4.995953110516746,0,0.5152051812999312
55.307199999989926,-2.139130873228161,0.5139270617547553,1.2993596925799995,0.004635204736828597,-0.019169271753819606,-0.014482882611607462,-2.5876239352024313,0.9818667098495837,1.6831718947206187,-0.037142383185286315,-0.06547167498043426,-0.15455618033870785,-2.414586518641928,0.8042613571303039,1.647440802009458,-0.01227131205176846,-0.059044132310417476,-0.12045435598663205,0.09000117304571391,0.09000117304571391,0.0,0.12984560732905076,0.524472921726478,-0.24005470830254524,-0.003923731457821834,-0.006851497178027279,-4.995873512582905,0,0.5152636700653249
55.311359999989925,-2.1391115187360463,0.5138472723314642,1.2992994270606386,0.004645078107494017,-0.01914946158987838,-0.014463724646632889,-2.5508071696639525,0.5141730641126235,1.656860388477376,0.06532916547481046,-0.0065811219368391155,0.12376757004038934,-2.482562825852423,0.6592019391328806,1.6524084842135225,0.026962128904094527,-0.033030890886545546,0.0014533977903206196,0.09000117304571391,0.09000117304571391,0.0,0.1298064744501017,0.5245130273277286,-0.23995066641182805,-0.003924760746227369,-0.0068430850288849245,-4.9957939043115305,0,0.5153220987685061
55.315519999989924,-2.1390921231327136,0.5137675653280467,1.2992392412938387,0.004654944799855014,-0.01912968082019868,-0.014444584031974305,-2.1936066283172093,0.07992304972872127,1.7003524146775524,0.08453489661320339,-0.0322917530636136,-0.05323125680975142,-2.337907241171272,0.36949151794956686,1.6762702234854345,0.05592090059938106,-0.03277817490836948,-0.025961410960745,0.09000117304571391,0.09000117304571391,0.0,0.1297673138381221,0.5245531093919189,-0.23984679426623579,-0.003925792021864662,-0.006834685153191091,-4.995714285696806,0,0.5153804674773367
55.31967999998992,-2.139072686445728,0.5136879406218455,1.2991791352073079,0.004664804876607579,-0.019109929488279533,-0.01442546076740052,-2.129821490648586,0.44082491039826976,1.1074110765703646,-0.025039906335682725,0.1476799637900588,0.0829944105836058,-2.233914904980338,0.4054665679450829,1.3920102434681787,0.01540378312102386,0.05711016983918903,0.028053661859775304,0.09000117304571391,0.09000117304571391,0.0,0.12972812539492293,0.524593168128709,-0.23974309164996005,-0.003926825311097516,-0.006826297561236174,-4.99563465673215,0,0.515438776259919
55.32383999998992,-2.1390532087023932,0.5136083980900243,1.299119108728755,0.004674658400351505,-0.019090207637083533,-0.014406354852673463,-2.2903770842705864,0.0017662616829962063,1.1972091907317652,0.048882401524877314,-0.15543137941466362,-0.09449069917963013,-2.262044912746886,0.20328931597190886,1.294412208944443,0.03223567515031885,-0.04867520152924001,-0.0333995816252085,0.09000117304571391,0.09000117304571391,0.0,0.12968890902226748,0.5246332037470844,-0.23963955834698172,-0.0039278606401829,-0.006817922263119446,-4.9955550174102195,0,0.5154970251845944
55.32799999998992,-2.1390336899297533,0.5135289376095701,1.2990591617858902,0.004684505433598313,-0.019070515309012694,-0.014387266287559304,-2.5600202420828446,0.015625557911439047,1.5087382576155226,-0.09888691372751257,0.04906084304601855,-0.11629037483021402,-2.4112394261549865,0.10955749722733843,1.4013343372150133,-0.03375875297958699,0.0005095283645822812,-0.07459193976118422,0.09000117304571391,0.09000117304571391,0.0,0.1296496646220859,0.5246732164549796,-0.23953619414149846,-0.003928898035271728,-0.006809559268747824,-4.995475367722913,0,0.5155552143199403
55.33215999998992,-2.1390141301545915,0.5134495590572954,1.2989992943064244,0.004694346038771622,-0.01905085254592011,-0.014368195071825275,-1.8323801310185903,0.36979076992600435,1.6658532381031899,0.021802686734314042,-0.11874036566603481,0.053213765699584255,-2.121759613487899,0.23943000013735255,1.5337059400727373,-0.006349710575324105,-0.05959924506649045,-0.010513759828031976,0.09000117304571391,0.09000117304571391,0.0,0.12961039209604805,0.5247132064593821,-0.2394329988174971,-0.003929937522410051,-0.006801208587837446,-4.995395707661381,0,0.515613343734768
55.33631999998992,-2.1389945294034325,0.5133702623098407,1.2989395062180693,0.004704180278205855,-0.019031219389120082,-0.014349141205235248,-2.2969069509857363,0.41062895122327414,1.8776471633167602,-0.1433190901456924,-0.035008374447028305,0.16151559220010406,-2.2096299189056956,0.3249573371393222,1.706014628785502,-0.07611834690005093,-0.047055298062169106,0.07562327464547516,0.09000117304571391,0.09000117304571391,0.0,0.1295710913462054,0.5247531739664382,-0.23932997215896712,-0.003930979127540021,-0.006792870229916457,-4.995316037216024,0,0.5156714134981212
55.34047999998992,-2.13897488770254,0.5132910472436767,1.2988797974485378,0.00471400821415365,-0.019011615879374416,-0.014330104687557113,-2.6048690523655296,0.5218424678891689,1.2414603080022084,0.11939585830123914,0.09434241221063355,-0.04774863902322969,-2.4070045671484075,0.4235985272837689,1.4736342597963918,0.021941550018716664,0.023145209987869165,0.014253960957746515,0.09000117304571391,0.09000117304571391,0.0,0.12953176227349472,0.5247931191813425,-0.23922711394990068,-0.003932022876501113,-0.006784544204323331,-4.995236356376498,0,0.5157294236792723
55.344639999989916,-2.13895520507792,0.5132119137351062,1.2988201679255438,0.004723829908776369,-0.01899204205692144,-0.014311085518550426,-2.6048123386002127,0.43149414070361586,1.7392243783053045,-0.03763915557771748,0.05356581962015705,-0.042049587861596495,-2.5059881707808405,0.4276574914846746,1.6063444737888088,-0.007823159475212844,0.03850412031329613,-0.014258778394519951,0.09000117304571391,0.09000117304571391,0.0,0.1294924047798758,0.5248330423083902,-0.23912442397472095,-0.003933068795030595,-0.006776230520212107,-4.995156665131724,0,0.515787374347722
55.348799999989915,-2.1389354815553197,0.5131328616602667,1.2987606175768023,0.004733645424153034,-0.01897249796146698,-0.014292083697973464,-2.420482937474823,0.291634830322813,1.6547236259891538,0.043486190205788214,-0.028332374582434917,0.15015615041265334,-2.4631455141463667,0.35958640643077333,1.630846187774478,0.018313084534607546,0.005028670787723179,0.06818871444289784,0.09000117304571391,0.09000117304571391,0.0,0.12945301876662257,0.5248729435510274,-0.23902190201742674,-0.0039341169087650455,-0.006767929186552757,-4.995076963469884,0,0.5158452655731959
55.35295999998991,-2.1389157171602267,0.5130538908951326,1.298701146330029,0.004743454822282111,-0.018952983632174847,-0.014273099225586882,-2.39201321832154,0.5423709068562985,1.5426592787310855,0.0736606698140904,0.11674130532332508,0.08816997670696627,-2.42742543793224,0.45122190033919896,1.5869351873253794,0.04587826983483114,0.06128840411490623,0.0783318511390707,0.09000117304571391,0.09000117304571391,0.0,0.12941360413474995,0.524912823111636,-0.23891954786201952,-0.003935167243240988,-0.0067596402121294155,-4.994997251378434,0,0.5159030974256419
55.35711999998991,-2.138895911917872,0.5129750013155172,1.2986417541129411,0.004753258165071004,-0.01893349910771521,-0.014254132101132497,-2.1875840472746972,0.7047747092996857,1.4538567240383897,0.1751747190869613,0.04605316694536007,0.0036452091957976697,-2.307139042626606,0.5780968879748405,1.5204027548020957,0.11068008331872425,0.05318146178564381,0.040921950276225,0.09000117304571391,0.09000117304571391,0.0,0.12937416078586983,0.5249526811919047,-0.2388173612927176,-0.003936219823895953,-0.006751363605549348,-4.994917528844101,0,0.5159608699752295
55.36127999998991,-2.138876065853229,0.5128961927970747,1.2985824408532562,0.0047630555143528975,-0.018914044426215543,-0.01423518232435776,-1.9715207633227796,0.35566436086606534,1.541849734420843,0.031234837975651644,-0.0559844282682999,-0.05870472268232395,-2.1392630084483217,0.46676212865464767,1.5310050755214153,0.0711652230172143,-0.001157292769898086,-0.009262444095586062,0.09000117304571391,0.09000117304571391,0.0,0.12933468862090905,0.524992517992614,-0.23871534209352852,-0.003937274676069575,-0.0067430993752370565,-4.994837795852891,0,0.516018583292347
55.36543999998991,-2.1388561789910128,0.5128174652153026,1.2985232064786938,0.004772846931877479,-0.018894619625296327,-0.014216249894999242,-2.19132539827459,0.783126254337812,0.9548226815354386,0.00809081729149014,-0.0866431946748539,-0.03569116976671296,-2.1652776265305067,0.6247659216402432,1.242835097130075,0.03957797539056384,-0.043765771062589144,-0.022228457755463418,0.09000117304571391,0.09000117304571391,0.0,0.1292951875409643,0.5250323337135799,-0.23861349004910484,-0.0039383318250044135,-0.006734847529438677,-4.9947580523900905,0,0.5160762374475988
55.36959999998991,-2.1388362513556824,0.5127388184455439,1.2984640509169738,0.004782632479312803,-0.018875224742076382,-0.014197334812784018,-2.243077161573301,0.47967072924549153,1.6626075593184897,0.14845114806802445,0.0234145920043021,0.20110839608322398,-2.203870246048791,0.5522651679976553,1.4531427687725773,0.09452769868270171,-0.00977415133292748,0.08932778566840058,0.09000117304571391,0.09000117304571391,0.0,0.12925565744687523,0.5250721285538125,-0.23851180494324725,-0.003939391295847089,-0.006726608076225084,-4.9946782984402756,0,0.5161338325118043
55.37375999998991,-2.13881628297144,0.5126602523629891,1.298404974095818,0.004792412218249817,-0.018855859813159192,-0.014178437077433347,-1.665191472036435,0.2135582718845746,1.5124674014465032,-0.004936930918291593,-0.03365285188803223,0.11901798803138072,-1.9345377613424646,0.3828392291823603,1.4830545024242687,0.04499553801106486,-0.021652489395124725,0.1034746184503111,0.09000117304571391,0.09000117304571391,0.0,0.1292160982394382,0.5251119027114599,-0.23841028656061508,-0.003940453113649009,-0.006718381023490526,-4.994598533987311,0,0.5161913685559949
55.377919999989906,-2.138796273862231,0.512581766842678,1.2983459759429485,0.004802186210200142,-0.018836524874651314,-0.014159556688658585,-2.534055171762042,0.48653474586688333,1.6072100514451222,0.07237151524224905,0.1739398583151419,-0.08857669269910709,-2.2341496288157527,0.43504844465770404,1.5449487810507625,0.05844029517600305,0.07664004682416513,0.007522664087323436,0.09000117304571391,0.09000117304571391,0.0,0.1291765098194069,0.5251516563838071,-0.23830893468522976,-0.003941517303367405,-0.006710166378955604,-4.9945187590143565,0,0.5162488456514125
55.382079999989905,-2.138776224051745,0.5125033617595023,1.2982870563860895,0.004811954516598949,-0.018817219962159255,-0.014140693646160938,-2.0607262153951478,0.5260197712789041,1.5675760490088546,-0.03797662329686312,-0.08676400184532679,-0.011798566203993197,-2.147515878269945,0.4803547326235804,1.5562387355336187,0.010324278282681296,-0.00527014975517421,-0.0024746684587813417,0.09000117304571391,0.09000117304571391,0.0,0.12913689208749274,0.5251913897672728,-0.2382077491015438,-0.003942583889866288,-0.006701964150167959,-4.99443897350387,0,0.5163062638695072
55.386239999989904,-2.1387561335634167,0.5124250369882073,1.298228215352966,0.00482171719880343,-0.01879794511080477,-0.014121847949627103,-1.9003859956249243,1.0543372742773132,0.8445994041058708,-0.041185977786673274,0.08289910660833899,-0.0634833324041946,-2.024033909001616,0.7675223771944288,1.2002837807600113,-0.015891221684321433,0.038842696802836425,-0.03380892163443934,0.09000117304571391,0.09000117304571391,0.0,0.12909724494393737,0.5252311030574613,-0.2381067295940136,-0.003943652897917536,-0.0066937743445056284,-4.994359177437612,0,0.5163636232819353
55.3903999999899,-2.1387360024204245,0.5123467924033939,1.2981694527713046,0.004831474318094443,-0.018778700355219724,-0.014103019598732463,-2.3120718358482484,0.9253667987052974,1.696073675820092,-0.046180479583444345,-0.014914081484262433,-0.12382652842462906,-2.1681502763617844,0.8464145287075068,1.4479224732821658,-0.03135398565071157,0.012036459832554941,-0.07776916465678249,0.09000117304571391,0.09000117304571391,0.0,0.12905756828958198,0.5252707964492143,-0.23800587594709968,-0.003944724352201546,-0.006685596969177619,-4.99427937079665,0,0.5164209239605576
55.3945599999899,-2.1387158306456926,0.5122686278795208,1.2981107685688331,0.004841225935684138,-0.01875948572953487,-0.01408420859314707,-2.0955604809141364,0.013724220769081696,1.6290169307141846,-0.01184671846108926,-0.04574432630250097,-0.0736947755194503,-2.131880447851613,0.4299701277534214,1.5383175620338843,-0.02115137767113167,-0.01768046004442209,-0.07567251924908264,0.09000117304571391,0.09000117304571391,0.0,0.12901786202458537,0.5253104701363942,-0.23790518794548068,-0.003945798277308449,-0.006677432031221599,-4.99419955356136,0,0.516478165977437
55.3987199999899,-2.1386956182618895,0.5121905432909065,1.298052162673281,0.004850972112706349,-0.018740301267417027,-0.01406541493252043,-2.0181576887070403,0.6619152192725605,1.2187600925908768,0.016200993754995164,-0.20254604055553838,0.2046808575578076,-2.0749830955646136,0.5455235241943752,1.3789620261818945,-0.0031889071039310026,-0.11035026228449543,0.06462819983972384,0.09000117304571391,0.09000117304571391,0.0,0.1289781260488511,0.5253501243120967,-0.23780466537362568,-0.003946874697739007,-0.006669279537510389,-4.994119725711436,0,0.5165353494048363
55.4028799999899,-2.13867536529143,0.5121125385117313,1.297993635012379,0.0048607129102219504,-0.018721147002052598,-0.01404663861648896,-1.759719626369558,0.6114741197368821,1.0102690812890385,0.15461320974420836,0.03978257506289798,-0.04939548585363773,-1.9170271810715207,0.5785824840423023,1.1945104332597254,0.07551795608979847,-0.03551174620205131,0.007527187434612705,0.09000117304571391,0.09000117304571391,0.0,0.12893836026288302,0.525389759168648,-0.23770430801600784,-0.003947953637905224,-0.006661139494751734,-4.994039887225886,0,0.5165924743152166
55.4070399999899,-2.138655071756475,0.5120346134160391,1.2979351855138597,0.00487044838922278,-0.018702022966151217,-0.01402787964467508,-1.5583543237933348,-0.02278201999023788,1.1228525572161698,-0.03580178774451362,-0.04834403079728784,0.09666409781394482,-1.7377620582160975,0.2777963146229746,1.1588815466311069,0.019552141861016163,-0.042333285408406605,0.05233309410852218,0.09000117304571391,0.09000117304571391,0.0,0.12889856456650367,0.5254293748975505,-0.2376041156575326,-0.0039490351221316815,-0.006653011909488646,-4.993960038083044,0,0.5166495407812357
55.4111999999899,-2.1386347376789305,0.5119567678777392,1.2978768141054569,0.004880178610629374,-0.018682929191953135,-0.01400913801668636,-1.829999681206134,0.7036295940654596,1.5842669427933054,-0.12596249391541745,-0.08648324679442845,0.04683199466330908,-1.7841422871426407,0.49053531981942056,1.3716748050183976,-0.05378552539249259,-0.06405363545598469,0.04949899407625676,0.09000117304571391,0.09000117304571391,0.0,0.12885873885949492,0.5254689716894793,-0.23750408808289658,-0.003950119174656224,-0.006644896788101093,-4.993880178260566,0,0.5167065488757453
55.415359999989896,-2.13861436308045,0.5118790017706091,1.2978185207149064,0.004889903635290997,-0.01866386571123802,-0.013990413732111408,-1.7404804000052039,0.4794734067195858,1.3252003007669504,0.010516813971382724,-0.0744729280198175,0.0022825874767582553,-1.7622897704530602,0.4848482283596898,1.348441188418257,-0.021346568669562842,-0.06870677560583106,0.026272224175313597,0.09000117304571391,0.09000117304571391,0.0,0.12881888304181263,0.5255085497342816,-0.23740422507701525,-0.003951205819630865,-0.0066367941368085295,-4.99380030773544,0,0.5167634986717895
55.419519999989895,-2.1385939479824336,0.5118013149682952,1.297760305269946,0.004899623523989111,-0.018644832555323582,-0.013971706790522233,-2.9064994882674413,0.4523365287304932,1.768187882328756,-0.08893322514389185,0.03918214700075286,-0.0949540853163615,-2.3345849001338164,0.4686736736799924,1.5581190957416198,-0.0564407273510399,-0.014781195779317108,-0.03391240665805307,0.09000117304571391,0.09000117304571391,0.0,0.12877899701294557,0.5255481092210814,-0.23730452642480937,-0.003952295081122886,-0.006628703961670672,-4.9937204264839865,0,0.5168203902426028
55.42367999998989,-2.1385734924060276,0.5117237073443157,1.297702167698315,0.00490933833743685,-0.01862582975506892,-0.0139530171914733,-1.7490734681644207,0.4968210814452184,1.0191808719712285,-0.0750965187411335,-0.048197763353429984,-0.03688974161132061,-2.0419821909006273,0.48264768921803863,1.288571482548748,-0.06533213343122486,-0.0316626733686055,-0.03636231522563854,0.09000117304571391,0.09000117304571391,0.0,0.1287390806723428,0.5255876503381164,-0.23720499191120503,-0.003953386983115524,-0.006620626268588538,-4.993640534481863,0,0.5168772236616085
55.42783999998989,-2.1385529963721264,0.5116461787720621,1.2976441079277545,0.004919048136279644,-0.018606857340881442,-0.013934344934499283,-1.6469772927072874,1.1238450643905837,0.8321513725994649,-0.017037932364768082,-0.013570272272741352,-0.053586868715171584,-1.8445132034254328,0.80322238547154,1.0602456696475486,-0.0408095793944616,-0.022496300206331192,-0.04444216142569118,0.09000117304571391,0.09000117304571391,0.0,0.12869913391962823,0.5256271732729507,-0.23710562132134788,-0.00395448154950888,-0.006612561063306253,-4.993560631704069,0,0.5169339990024163
55.43199999998989,-2.1385324599013718,0.5115687291248008,1.2975861258860082,0.00492875298109643,-0.018587915342724158,-0.013915690019113072,-1.7961257671045892,0.27577907577295196,1.4959850017826368,0.05204322183530262,-0.08225373225563276,-0.11597984686959793,-1.8202126216133914,0.5393271601271413,1.2778778654696694,0.006439518914680051,-0.05295091449801051,-0.08055040790663759,0.09000117304571391,0.09000117304571391,0.0,0.12865915665395955,0.5256666782123662,-0.23700641444038953,-0.003955578804121063,-0.006604508351413258,-4.993480718124945,0,0.516990716338821
55.43615999998989,-2.1385118830141536,0.5114913582756754,1.2975282215008215,0.0049384529324032955,-0.018569003790102526,-0.01389705244481259,-2.3698735434659044,0.8179012635746119,1.556762615162516,0.2965715010446925,0.013521753865056683,-0.1369850872338583,-2.094429892793668,0.6786442367705987,1.4170369112389776,0.1514023641783311,-0.019695151163653914,-0.10859316227506005,0.09000117304571391,0.09000117304571391,0.0,0.12861914877466965,0.5257061653423064,-0.2369073710537017,-0.003956678770688787,-0.00659646813834267,-4.993400793718183,0,0.5170473757448
55.44031999998989,-2.138491265730609,0.5114140660977083,1.297470394699942,0.004948148050652874,-0.01855012271207987,-0.013878432211075379,-1.9543683333692508,0.6084636654958906,1.2672139991187346,0.017272488958102253,0.042542007293216,-0.1736729888939212,-2.0243614866617334,0.6436415265854282,1.341763214423245,0.08399977457279108,0.011621203454529666,-0.1411492935631233,0.09000117304571391,0.09000117304571391,0.0,0.12857911018041174,0.5257456348479823,-0.23680849094644868,-0.003957781472868472,-0.006588440429373438,-4.9933208584568245,0,0.5171039772945121
55.44447999998989,-2.138470608070625,0.511336852463803,1.2974126454111197,0.004957838396230108,-0.01853127213729215,-0.013859829317351484,-1.8707147690257,1.1066148720513391,1.0130757405474948,-0.134329225013533,0.05356174431113482,0.04029911940111101,-1.947817483575758,0.8752426764720351,1.177500304119653,-0.024655493984609155,0.032670227126568335,-0.05010281658397316,0.09000117304571391,0.09000117304571391,0.0,0.12853904077044215,0.5257850869137631,-0.2367097739042291,-0.003958886934236841,-0.0065804252296344755,-4.993240912313266,0,0.5171605210622947
55.44863999998989,-2.1384499100538354,0.5112597172467449,1.2973549735621068,0.00496752402945761,-0.018512452093946898,-0.013841243763066589,-2.4116929186796234,0.6245405687128113,0.9248556647104025,-0.15452704717138532,-0.11234962088997483,-0.04950558193962851,-2.1800800315076674,0.7496560040900548,1.0510726362656508,-0.0894999395553034,-0.039743733141138674,-0.04951087726499275,0.09000117304571391,0.09000117304571391,0.0,0.12849894044355234,0.5258245217234954,-0.23661121971243465,-0.003959995178292248,-0.006572422544106211,-4.993160955259262,0,0.5172170071226635
55.452799999989885,-2.1384291716996247,0.5111826603192041,1.2972973790806583,0.004977205010602368,-0.018493662609796332,-0.013822675547633678,-2.5179805420279333,0.08366683674757752,1.457050608399583,-0.0543309530422415,-0.2279936620991055,0.11900242078708291,-2.349146860541321,0.41618286930110043,1.2543118278719378,-0.071339480780895,-0.13401499731503042,0.03481041128353365,0.09000117304571391,0.09000117304571391,0.0,0.12845880909828236,0.52586393946002,-0.23651282815689215,-0.003961106228455205,-0.0065644323776158,-4.993080987265932,0,0.5172734355503094
55.456959999989884,-2.138408393027125,0.5111056815537367,1.2972398618945316,0.0049868813998654804,-0.018474903712185672,-0.013804124670433678,-1.8350279127687683,0.34670182972507535,1.847373030396379,0.05418885471055671,-0.10297233600939655,-0.0857676869008026,-2.091970441819662,0.381228165160372,1.5506682049922271,-0.008889184606913923,-0.11872708082107511,-0.025480640891795907,0.09000117304571391,0.09000117304571391,0.0,0.12841864663313496,0.5259033403055984,-0.23641459902322212,-0.0039622201080693874,-0.006556454734844568,-4.993001008303758,0,0.517329806420097
55.46111999998988,-2.138387574055219,0.5110287808227866,1.2971824219314865,0.004996553257390402,-0.018456175428027854,-0.013785591130826549,-2.0772978920268903,0.7528413109166323,1.4870355205598267,0.0729102693063992,0.0031724547504283322,-0.06685913298371951,-2.0844816514686104,0.5670424611336327,1.5187115511017135,0.03163912812743384,-0.05707545679757455,-0.04578191752744543,0.09000117304571391,0.09000117304571391,0.0,0.12837845294657585,0.5259427244416964,-0.23631653209726666,-0.003963336840402376,-0.006548489620326409,-4.992921018342591,0,0.5173861198070632
55.46527999998988,-2.138366714802539,0.5109519579986873,1.2971250591192858,0.005006220643261663,-0.01843747778381801,-0.013767074928146154,-2.073666335417185,0.8312851480944115,1.538578268355161,-0.03348191127313635,0.03731613599060012,-0.10099547651095583,-2.079143314919924,0.6992423136532679,1.528433743238258,-0.0010346659957055037,-0.009425793005035389,-0.07278995627854189,0.09000117304571391,0.09000117304571391,0.0,0.12833822793703423,0.5259820920490363,-0.23621862716487588,-0.003964456448646643,-0.0065405370384498075,-4.992841017351656,0,0.517442375786415
55.46943999998988,-2.138345815287466,0.5108752129536638,1.2970677733856955,0.005015883617506657,-0.01841881080563523,-0.013748576061700114,-2.168178046015935,0.38638439608122493,1.063896320240655,0.1097347775414839,-0.1147767172044224,-0.0398989508579701,-2.1234332025550695,0.542572998320534,1.2960788290871974,0.05441230952959352,-0.062366140167505815,-0.05636415613423223,0.09000117304571391,0.09000117304571391,0.0,0.12829797150247535,0.5260214433076486,-0.2361208840125503,-0.003965578955920536,-0.006532596993459077,-4.9927610052995535,0,0.5174985744335284
55.47359999998988,-2.1383248755281326,0.5107985455598341,1.297010564658484,0.005025542240095189,-0.018400174519146065,-0.013730094530771331,-1.5756299065098007,0.739549241735471,1.4020666026647943,0.028219825247549603,0.037977886099346325,0.12331367204497647,-1.8494688769650571,0.6411419658919675,1.349329195953678,0.04124662457994527,-0.012428766957145256,0.03382408965229195,0.09000117304571391,0.09000117304571391,0.0,0.12825768354082795,0.5260607783967627,-0.23602330242594385,-0.003966704385268917,-0.006524669489455664,-4.99268098215426,0,0.5175547158239455
55.47775999998988,-2.1383038955424203,0.5107219556892106,1.296953432865423,0.005035196570938676,-0.018381568949617018,-0.013711630334609393,-1.9195409477430894,1.0799245843301064,1.796116588528159,-0.026244358248894435,-0.05644370064590559,0.06663512318632252,-1.8845600674313052,0.8604184806881853,1.5728638142501656,0.007542595530009097,-0.03421052796803656,0.05061385778510509,0.09000117304571391,0.09000117304571391,0.0,0.12821736394998465,0.5261000974951271,-0.2359258821915744,-0.003967832759664088,-0.006516754530401224,-4.992600947883139,0,0.5176108000333741
55.48191999998988,-2.1382828753479624,0.5106454432137028,1.296896377934288,0.005044846669899954,-0.018362994121882647,-0.013693183472448892,-2.4248179753204595,0.549087972404579,0.9560384564830433,0.10294630310254185,-0.21410955363224882,0.07993385407936383,-2.1544786443085697,0.7043059045216633,1.2646132346743277,0.0552228609883775,-0.12424380459261047,0.06519723591458668,0.09000117304571391,0.09000117304571391,0.0,0.1281770126278025,0.5261394007804722,-0.23582862309596983,-0.003968964102006403,-0.006508852120112473,-4.9925209024529345,0,0.5176668271376851
55.486079999989876,-2.1382618149621426,0.5105690080051177,1.2968393997928567,0.005054492596781045,-0.018344450060405987,-0.013674753943482757,-2.448119672352641,0.05710668789066842,1.1612544102071487,0.22633966515478288,-0.06956246851508087,0.059734452905993295,-2.3008316604358914,0.3805580355012364,1.2130561349964208,0.14136043116753388,-0.09736630296313713,0.06304806290491222,0.09000117304571391,0.09000117304571391,0.0,0.12813662947188942,0.5261786884299899,-0.23573152492545388,-0.0039700984351256335,-0.006500962262270884,-4.992440845829783,0,0.517722797212911
55.490239999989875,-2.1382407144020954,0.5104926499351626,1.2967824983689114,0.005064134411334939,-0.018325936789234987,-0.013656341746881583,-2.0752173260775315,0.29406902698254955,1.4826960675922634,-0.16801287559979275,-0.010274731409737435,0.037998910668830335,-2.188372141432519,0.33729078287541214,1.347956482565492,-0.013419413143777755,-0.05345487474216122,0.05078577989702856,0.09000117304571391,0.09000117304571391,0.0,0.12809621437939014,0.5262179606201719,-0.23563458746700208,-0.003971235781781544,-0.006493084960418496,-4.992360777979212,0,0.5177787103352447
55.494399999989874,-2.1382195736847067,0.5104163688754458,1.2967256735902373,0.005073772173260076,-0.018307454332026848,-0.013637946881785604,-1.8882527474835937,0.2943651830329065,0.8543380732144777,-0.011227799179963697,0.10496659386492585,0.016760517905602044,-2.038334657614264,0.31604463421568935,1.1011782595829613,-0.011862266424056026,0.026407271231556072,0.033979974631678865,0.09000117304571391,0.09000117304571391,0.0,0.1280557672478418,0.5262572175268612,-0.23553781050717296,-0.003972376164664519,-0.006485220217960789,-4.992280698866145,0,0.5178345665810372
55.49855999998987,-2.1381983928266144,0.510340164697479,1.2966689253846235,0.005083405942205728,-0.018289002712042396,-0.013619569347305897,-2.326605968648524,0.06617271614921294,1.1777410394411265,0.014874795507110804,0.06718694415661851,0.05067501896878087,-2.182441885914199,0.19124633856206796,1.1395660753857983,0.0017424479284921695,0.04695559466753141,0.04209199018415241,0.09000117304571391,0.09000117304571391,0.0,0.12801528797453315,0.5262964593250364,-0.23544119383296339,-0.003973519606396646,-0.006477368038166717,-4.992200608454901,0,0.5178903660267964
55.50271999998987,-2.138177171844207,0.5102640372726783,1.296612253679863,0.005093035777770644,-0.018270581952157482,-0.013601209142521716,-1.7051615276795005,0.2162283090726963,1.1633533986793565,-0.10870772517669257,-0.10110133361548364,0.051062635013746416,-1.9440238467534958,0.20352744941114898,1.1515660251810533,-0.05377810636441063,-0.027178129633901878,0.04661861826328871,0.09000117304571391,0.09000117304571391,0.0,0.12797477645607697,0.5263356861891851,-0.23534473723138155,-0.003974666129532672,-0.00646952842417099,-4.992120506709204,0,0.5179461087491848
55.50687999998987,-2.1381559107536257,0.5101879864723664,1.2965556584037528,0.005102661739502028,-0.018252192074864823,-0.013582866266479752,-1.724287267861222,0.31078280074707876,1.5533455750933867,0.015329292008086727,-0.019259742297803566,-0.018516426775767807,-1.834121683833772,0.2571174552145685,1.3524185346320734,-0.01944587402499318,-0.024007689632981607,0.01480696824643744,0.09000117304571391,0.09000117304571391,0.0,0.12793423258947859,0.5263748982929807,-0.2352484404898753,-0.003975815756560438,-0.0064617013789755985,-4.992040393592181,0,0.5180017948250186
55.51103999998987,-2.1381346095707636,0.5101120121677736,1.2964991394840937,0.005112283886898512,-0.018233833102278628,-0.013564540718194481,-2.663936942866088,0.2081425300488126,1.279545058503945,0.015497228197876158,-0.016529618216964283,0.23115383175754906,-2.2490022812268613,0.23259390058990165,1.3164632263225682,-0.0022674466005632773,-0.019611243048847538,0.12241530238654069,0.09000117304571391,0.09000117304571391,0.0,0.12789365627170957,0.5264140958095483,-0.23515230339547682,-0.003976968509901969,-0.0064538869054512876,-4.991960269066367,0,0.5180574243312661
55.51519999998987,-2.1381132683112662,0.5100361142300397,1.296442696848691,0.005121902279415521,-0.018215505056121437,-0.013546232496652575,-1.9990652248912364,0.41094478334276857,0.9252622564218351,-0.09073843928438569,-0.12763460189010828,0.05603368430310336,-2.124220133948787,0.32150468880972055,1.120977739389157,-0.046787462970268034,-0.07341169833666122,0.08865798312247893,0.09000117304571391,0.09000117304571391,0.0,0.1278530473990662,0.5264532789112497,-0.2350563257358721,-0.003978124411914367,-0.006446085006335461,-4.991880133093708,0,0.5181129973450455
55.51935999998987,-2.138091886990531,0.5099602925302157,1.2963863304253544,0.005131516976457622,-0.018197207957753748,-0.013527941600802637,-2.122219292364044,0.4505399331691172,1.668611446075707,0.11687084196262633,0.11000312275596187,0.009628272940585646,-2.1229773851620326,0.38625136966068724,1.3948178621309586,0.03540336383225432,0.018595338962713207,0.04943148899560264,0.09000117304571391,0.09000117304571391,0.0,0.12781240586781048,0.5264924477697882,-0.23496050729854626,-0.003979283484890475,-0.006438295684237224,-4.991799985635563,0,0.5181685139436234
55.523519999989865,-2.1380704656237084,0.509884546939265,1.296330040141898,0.0051411280373836535,-0.018178941828162352,-0.013509668029559996,-1.7389161969966174,0.26483000798356937,0.880034494674508,-0.03631274568598796,-0.014262432019436423,0.11002816666518321,-1.9310208703151401,0.32551173409722867,1.1376520489947415,0.0001448118789995936,0.0014182751059359166,0.0794290822205123,0.09000117304571391,0.09000117304571391,0.0,0.12777173157438446,0.5265316025562606,-0.23486484787142553,-0.0039804457510595834,-0.00643051894163738,-4.991719826652708,0,0.5182239742044137
55.527679999989864,-2.138049004225702,0.5098088773280651,1.2962738259261404,0.005150735521508344,-0.018160706687966363,-0.013491411781806056,-2.049806534188377,0.09334628012890245,1.0020351823933344,0.0027683862799469266,-0.10491414779076103,-0.09872111525546842,-1.9904087505357655,0.2092105591585933,1.0696373917329736,0.0014445284614782179,-0.05241189725276606,-0.009664458379191648,0.09000117304571391,0.09000117304571391,0.0,0.12773102441498335,0.5265707434411027,-0.2347693472422358,-0.003981611232588488,-0.006422754780889467,-4.99163965610534,0,0.518279378204976
55.53183999998986,-2.1380275028111684,0.5097332835674092,1.2962176877059055,0.005160339488105076,-0.018142502557411296,-0.013473172856390436,-2.4453973645143368,0.16199073845250012,1.2057799815156325,0.13212068927437687,0.08222833018130793,0.04507031539522462,-2.2176314838643885,0.18577200503976576,1.1378035631004697,0.06679816871828179,0.01458507480769775,0.01761341561097561,0.09000117304571391,0.09000117304571391,0.0,0.12769028428534146,0.5266098705940869,-0.23467400519957315,-0.003982779951582258,-0.006415003204218988,-4.991559473953077,0,0.5183347260230137
55.53599999998986,-2.1380059613945166,0.5096577655280076,1.2961616254090216,0.005169939996401893,-0.018124329456387405,-0.013454951252126587,-1.8761398899877846,0.6596769980923015,1.0082516906062962,-0.11260987604483735,0.017819480403377084,0.04241877737089095,-2.0471175728444733,0.42276439148911404,1.073114620773428,-0.02287021742123907,0.016437787335412995,0.030172880050362214,0.09000117304571391,0.09000117304571391,0.0,0.12764951108115966,0.5266489841843219,-0.2345788215309786,-0.003983951930084911,-0.006407264213726749,-4.991479280154964,0,0.5183900177363722
55.54015999998986,-2.13798437998991,0.5095823230804891,1.2961056389633225,0.005179537105583418,-0.01810618740443107,-0.013436746967787086,-2.196160429916758,0.36130144921932483,1.1021120059108325,-0.14953402637385413,-0.12393864042435984,0.01075482954783346,-2.1219524287899407,0.3917739642114974,1.08763679817237,-0.08554100949817618,-0.0533869259844748,0.020026482680979216,0.09000117304571391,0.09000117304571391,0.0,0.12760870469831984,0.5266880843803031,-0.23448379602550515,-0.0039851271900802395,-0.0063995378113906745,-4.991399074669474,0,0.518445253423038
55.54431999998986,-2.1379627586112653,0.5095069560954029,1.296049728296647,0.005189130874796732,-0.018088076420713684,-0.013418560002115176,-2.2057071034238844,0.7879679872652563,1.6766931301167107,-0.07635947699176808,0.1784368732750495,0.022539880089732015,-2.1639892197685753,0.5902457319164908,1.3822168545507822,-0.08093058745956778,0.06210608480209144,0.02085690324937557,0.09000117304571391,0.09000117304571391,0.0,0.12756786503203,0.5267271713499125,-0.23438892847115222,-0.003986305753492783,-0.006391823999064248,-4.991318857454511,0,0.5185004331611373
55.54847999998986,-2.137941097272252,0.5094316644432193,1.2959938933368393,0.005198721363146261,-0.01806999652406049,-0.013400390353812042,-2.303803776019299,0.4858027646014426,1.842110650813472,0.11186455492429485,-0.010104842912936717,-0.17565721439346058,-2.233664366232295,0.5380022569955637,1.6118017665542805,0.01524548516533169,0.02612191508185497,-0.07746339141247909,0.09000117304571391,0.09000117304571391,0.0,0.1275269919774651,0.5267662452604164,-0.2342942186570041,-0.003987487642188417,-0.006384122778479615,-4.991238628467413,0,0.5185555570289336
55.55263999998986,-2.137919395986295,0.509356447994332,1.2959381340117495,0.005208308629697145,-0.01805194773294617,-0.013382238021543555,-2.118319226875471,0.4534951767494887,1.2001024758715795,0.05058227560708658,0.045382798042452654,-0.028021018028877978,-2.175885773244461,0.49584253186178756,1.4058895942773477,0.03290848287775216,0.03574562925747321,-0.05208990358561252,0.09000117304571391,0.09000117304571391,0.0,0.12748608542998155,0.5268053062784109,-0.23419966637194817,-0.003988672877975085,-0.006376434151248097,-4.9911583876649575,0,0.5186106251048271
55.556799999989856,-2.1378976547665722,0.509281306619059,1.2958824502492332,0.005217892733476522,-0.018033930065502767,-0.013364103003936117,-1.676652034959195,0.8981314581274737,1.414675938527942,-0.08122735028958715,0.05597953111864105,0.10308728411637283,-1.926434424774127,0.6971069105732195,1.4104985697572798,-0.024121582760574436,0.045541638037966736,0.02485245748315069,0.09000117304571391,0.09000117304571391,0.0,0.12744514528447629,0.5268443545698738,-0.23410527140510273,-0.003989861482603904,-0.006368758118861879,-4.991078135003359,0,0.5186656374673528
55.560959999989855,-2.137875873626016,0.5092062401876444,1.2958268419771517,0.005227473733477497,-0.018015943539504812,-0.013345985299584633,-2.6058900506488465,0.4706974952020129,1.3019204767584653,-0.039841574884818556,-0.12772251298219056,0.03214182605135795,-2.2662496054135604,0.5836336441803466,1.356276709674496,-0.03210371313726878,-0.04044690397032624,0.027971539332524508,0.09000117304571391,0.09000117304571391,0.0,0.12740417143560018,0.5268833903001627,-0.2340110335453891,-0.003991053477769688,-0.0063610946826917715,-4.9909978704382745,0,0.5187205941951788
55.565119999989854,-2.1378540525773135,0.5091312485702594,1.2957713091233725,0.005237051688650041,-0.017997988172413073,-0.013327884907031962,-2.1289886668311713,0.8268624905081111,0.6120088071565895,0.13790844903474386,0.08493566515742217,-0.04688451854602453,-2.1973311069408594,0.7054277998968478,0.9840403318240181,0.05278419449640437,0.02157912408821973,-0.009595877069604315,0.09000117304571391,0.09000117304571391,0.0,0.12736316377797197,0.5269224136340679,-0.23391695258238793,-0.003992248885111916,-0.0063534438439949836,-4.9909175939248085,0,0.5187754953671055
55.56927999998985,-2.1378321916329055,0.5090563316370038,1.2957158516157692,0.005246626657912077,-0.017980063981337578,-0.013309801824788612,-2.032837722536439,0.45035464765697725,0.6279038125832452,-0.05305952614943685,0.1479936669235635,-0.18442572047749783,-2.1151927312715078,0.578195677369819,0.8055863921084863,-0.0005610965889735556,0.08553997938335244,-0.09719776219501539,0.09000117304571391,0.09000117304571391,0.0,0.1273221222059649,0.5269614247358637,-0.23382302830569834,-0.003993447726215359,-0.006345805603911287,-4.990837305417512,0,0.5188303410620638
55.57343999998985,-2.137810290804988,0.5089814892579078,1.295660469382222,0.005256198700148543,-0.017962170983047185,-0.013291736051328417,-1.9194317916565349,-0.14581140402230341,0.9118703813092159,0.11259982752289288,0.19645912040847885,0.15332708978406678,-2.0170768093423304,0.2165964940272452,0.8590469039499267,0.05607082311063995,0.14061050775409312,0.028597923606189627,0.09000117304571391,0.09000117304571391,0.0,0.12728104661392056,0.5270004237690402,-0.23372926050515241,-0.0039946500226107715,-0.006338179963462965,-4.990757004870387,0,0.5188851313591136
55.57759999998985,-2.137788350105512,0.5089067213029328,1.2956051623506175,0.00526576787420992,-0.017944309193985365,-0.013273687585082876,-2.2534374305907936,0.74121450933691,0.9823527855268456,0.0558231644422511,0.030032239231224115,0.09265285613137268,-2.135143380224581,0.47897119553045436,0.9208941621374526,0.05629171474221462,0.08554162508891117,0.06026579617769632,0.09000117304571391,0.09000117304571391,0.0,0.12723993689593538,0.5270394108965689,-0.23363564897060146,-0.003995855795775866,-0.006330566923557908,-4.99067669223689,0,0.5189398663374423
55.58175999998985,-2.1377663695461835,0.5088320276419733,1.295549930448849,0.005275334238913194,-0.017926478630271688,-0.013255656424440522,-2.0384448909626967,0.17525909524302635,0.784387004039934,-0.041380063055937714,-0.10986774814865685,-0.04623962893334628,-2.086879030616291,0.32688634739034944,0.8525432806474188,0.0072227834831694515,-0.013039598203520386,0.0071017144882098695,0.09000117304571391,0.09000117304571391,0.0,0.12719879294586064,0.527078386280848,-0.23354219349213037,-0.003997065067136106,-0.006322966484991369,-4.990596367469931,0,0.5189945460763636
55.58591999998985,-2.1377443491384627,0.5087574081448579,1.2954947736048166,0.005284897853042273,-0.01790867930770596,-0.013237642567746132,-1.818839879677351,-0.0038616105435553827,1.3561976191476095,-0.0070870226212994695,0.1902240573355789,-0.11897011703394691,-1.9528731988073904,0.16190690360657944,1.104126424196464,0.0004911926737474142,0.08800746569936509,-0.05588014891908411,0.09000117304571391,0.09000117304571391,0.0,0.12715761465730255,0.527117350083701,-0.2334488938602723,-0.003998277858065452,-0.00631537864844761,-4.990516030521881,0,0.5190491706553162
55.59007999998985,-2.137722288893565,0.5086828626813507,1.2954396917464277,0.005294458775353003,-0.01789091124175311,-0.013219646013309511,-1.952266439882127,0.7374472592412751,1.365712136911357,-0.015053082714509884,0.038972186998491906,-0.03993944854975457,-1.952600904282169,0.449760820234348,1.234837982680152,-0.007386114760617495,0.06414187348476529,-0.04788416796902783,0.09000117304571391,0.09000117304571391,0.0,0.1271164019236221,0.5271563024663751,-0.2333557498653675,-0.003999494189886902,-0.0063078034144975256,-4.9904356813445725,0,0.5191037401538621
55.594239999989846,-2.1377001888224627,0.5086083911211524,1.2953846848015969,0.00530401706456635,-0.0178731744475768,-0.013201666759389555,-2.240163428298243,0.39374778070529365,0.90755675084393,-0.16642891848201666,-0.2527397361932072,0.03284473419482206,-2.0967306442386877,0.42122875809349997,1.0712642642472883,-0.0867538440718531,-0.09453872368690162,-0.007943951951669017,0.09000117304571391,0.09000117304571391,0.0,0.12707515463857708,0.5271952435895406,-0.23326276129820533,-0.004000714083873337,-0.006300240783604297,-4.990355319889298,0,0.5191582546516854
55.598399999989844,-2.1376780489358818,0.5085339933339024,1.295329752698246,0.005313572779380851,-0.01785546894000531,-0.013183704804211643,-2.323288880111421,0.3629885786065933,1.1723331413176525,0.02768775499279019,0.05279121371868731,-0.050889243490764624,-2.2099544176928703,0.39221842358132214,1.1216937403406557,-0.029223061101033263,-0.021055600607502823,-0.029499667196754887,0.09000117304571391,0.09000117304571391,0.0,0.1270338726950395,0.5272341736132355,-0.23316992794959704,-0.00400193756124851,-0.006292690756118944,-4.990274946106822,0,0.5192127142285909
55.60255999998984,-2.1376558692443046,0.5084596691891792,1.2952748953643045,0.005323125978462859,-0.017837794733566385,-0.013165760145952133,-1.9119057469621257,0.8597149136665878,1.3966903890937175,0.04582518439405314,0.011848504952060433,0.015390443538680356,-2.0608316993253992,0.6259944459538163,1.259226265444802,0.007823903263121849,-0.004539049780315283,-0.007184794646514735,0.09000117304571391,0.09000117304571391,0.0,0.12699255598606426,0.527273092696971,-0.23307724961080423,-0.004003164643187606,-0.006285153332285343,-4.990194559947372,0,0.5192671189645032
55.60671999998984,-2.1376336497579693,0.5083854185565022,1.2952201127277096,0.0053326767204520354,-0.017820151842477573,-0.013147832782744612,-2.172924032854678,0.25100793490499584,1.6218546777608982,0.0545747798716403,0.05759301740840508,0.20728802991649778,-2.116764227266666,0.4386186355665325,1.4409743118622973,0.030759155941404957,0.026389671523322063,0.09996591014132851,0.09000117304571391,0.09000117304571391,0.0,0.12695120440446195,0.5273120009997306,-0.23298472607268353,-0.004004395350818084,-0.006277628512240559,-4.99011416136065,0,0.519321468939464
55.61087999998984,-2.1376113904868697,0.5083112413053329,1.2951654047164067,0.005342225063963117,-0.017802540280644732,-0.013129922712678802,-2.017835445019182,0.7655210870623242,1.8494990362381285,0.025161357455931427,0.2499593813043516,-0.016280565140085763,-2.0672460973413105,0.6025911871461059,1.645205770723073,0.027618423182534328,0.1385785009176705,0.04180148491106662,0.09000117304571391,0.09000117304571391,0.0,0.1269098178427989,0.5273508986799152,-0.23289235712718429,-0.004005629705220408,-0.006270116296014622,-4.990033750295833,0,0.5193757642336325
55.61503999998984,-2.1375890914407547,0.5082371373050759,1.2951107712583492,0.005351771067584911,-0.017784960061671958,-0.013112029933800753,-1.7723646346886412,0.5909420996233296,1.5551779971186566,0.02506791784157515,-0.019427139971669467,-0.006023086723410918,-1.9197515920001087,0.5967268756371603,1.6001780436906463,0.026550071492794664,0.05923879381017766,0.018220391114991838,0.09000117304571391,0.09000117304571391,0.0,0.12686839619318327,0.5273897858953954,-0.23280014256585294,-0.004006867727428785,-0.006262616683532363,-4.989953326701571,0,0.519430004927283
55.61919999998984,-2.13756675262913,0.5081631064250807,1.2950562122814988,0.00536131478987933,-0.017767411198867863,-0.01309415444410826,-2.047127959253279,0.39073767783301444,1.3454362132905076,-0.10434608428768422,-0.01830310463369949,0.010931349802863685,-1.9836572429212547,0.4936923111491148,1.4728281233152747,-0.03911121831391382,0.02069122914803738,0.014556868844681882,0.09000117304571391,0.09000117304571391,0.0,0.12682693934812037,0.5274286628034031,-0.23270808218068817,-0.00400810943843173,-0.0062551296746155925,-4.989872890525995,0,0.5194841911008036
55.62335999998984,-2.1375443740612576,0.5080891485346422,1.2950017277138257,0.005370856289388158,-0.017749893705234474,-0.013076296241557947,-2.0315024185293282,0.4547521609242384,1.0730031381195095,-0.02981050355305015,-0.16550693220400287,0.09193978187852285,-2.00764235004711,0.47387554232182555,1.2731046306871598,-0.03437512352892141,-0.07135173523665803,0.05297137841755037,0.09000117304571391,0.09000117304571391,0.0,0.12678544719944423,0.5274675295607973,-0.23261617576349986,-0.0040093548591730865,-0.00624765526898167,-4.989792441716715,0,0.5195383228346956
55.627519999989836,-2.137521955746155,0.5080152635030026,1.2949473174833088,0.005380395624629931,-0.01773240759347851,-0.01305845532405903,-1.8619951775448915,0.5617955493497043,1.7695474614603341,0.01678858495209988,-0.009041875599584689,0.16570068894058831,-1.934784470149691,0.5178177076381335,1.5216736674558702,-0.008005428199033387,-0.04037073090161542,0.1095716811373647,0.09000117304571391,0.09000117304571391,0.0,0.1267439196391726,0.5275063863236897,-0.23252442310676497,-0.004010604010552584,-0.006240193466245115,-4.989711980220826,0,0.5195924002095716
55.631679999989835,-2.1374994976925965,0.5079414511993525,1.294892981517936,0.005389932854101995,-0.017714952876016342,-0.013040631689474233,-2.30325660298546,0.4588753072625955,1.7498822324333874,0.15578913967972183,0.07503335735992428,0.04893875560135825,-2.118699083704241,0.4885015772811498,1.6358823384045222,0.07388408325994388,0.017605179779084004,0.07877807495946434,0.09000117304571391,0.09000117304571391,0.0,0.1267023565586518,0.5275452332478164,-0.2324328240029872,-0.00401185691342682,-0.00623274426591925,-4.989631505984908,0,0.5196464233061543
55.635839999989834,-2.137476999909112,0.5078677114928318,1.2948387197457043,0.005399468036279224,-0.017697529564977464,-0.013022825335617999,-2.6386142481598838,0.8574054770586435,1.3180646734265509,0.11201036153927386,-0.04687749018375078,-0.1271369077894676,-2.378427260551055,0.6728581789195088,1.4767070477264483,0.09291343745197228,-0.014427271310602792,-0.02426567842832483,0.09000117304571391,0.09000117304571391,0.0,0.12666075784919809,0.5275840704882703,-0.23234137824512516,-0.004013113588609728,-0.006225307667417755,-4.98955101895503,0,0.5197003922052751
55.63999999998983,-2.1374544624039884,0.5077940442525309,1.2947845320946199,0.005409001229615125,-0.01768013767221009,-0.01300503626025601,-1.771476107304065,1.2114622631911796,1.0447684043144285,-0.07750159487399524,0.07066559249559844,0.014378616936942224,-2.0751086193975703,0.9423113705394189,1.2607654454971735,0.0077079505005298275,0.027922229605476325,-0.005347434062731182,0.09000117304571391,0.09000117304571391,0.0,0.1266191234023116,0.5276228981998199,-0.23225008562573715,-0.004014374056873374,-0.00621788367005644,-4.98947051907675,0,0.5197543069878738
55.64415999998983,-2.1374318851852694,0.5077204493474924,1.2947304184926984,0.005418532492551547,-0.017662777209253376,-0.012987264461115575,-2.933990492200901,0.7485401688586268,1.1994213309156416,0.05698630304051395,-0.08958912088608556,-0.0421774504257378,-2.5044350984084636,0.8452380343303438,1.2300050972350631,0.03141232509533221,-0.030808282269291054,-0.023695726516497814,0.09000117304571391,0.09000117304571391,0.0,0.1265774531088218,0.5276617165364279,-0.23215894593826475,-0.004015638338948722,-0.006210472273048261,-4.98939000629512,0,0.5198081677349959
55.64831999998983,-2.137409268260755,0.5076469266467116,1.2946763788679656,0.005428061883506702,-0.017645448187386756,-0.012969509935867575,-2.313062117457351,1.0914485404759264,1.5012609153060579,0.16968789796111586,-0.06901748097453425,0.04760685045691931,-2.4083949279082764,0.9682004577360892,1.3657345979854054,0.10083216670986525,-0.049430478879557635,0.01162751930336091,0.09000117304571391,0.09000117304571391,0.0,0.12653574685952823,0.5277005256517303,-0.2320679589761789,-0.0040169064555264505,-0.006203073475510961,-4.989309480554685,0,0.5198619745277926
55.65247999998983,-2.1373866116380014,0.5075734760191383,1.2946224131484567,0.00543758946088445,-0.01762815061760021,-0.012951772682139482,-2.4345591412132714,0.9652194275144615,1.0375524511035807,0.1059746087637796,-0.171828669725595,0.024055138570582557,-2.421256787806406,0.9663532696186774,1.201689773224409,0.10340030023173005,-0.11098067961187041,0.018556432429829187,0.09000117304571391,0.09000117304571391,0.0,0.1264940045449871,0.5277393256988219,-0.23197712453297983,-0.004018178427257562,-0.006195687276464653,-4.989228941799489,0,0.5199157274475186
55.65663999998983,-2.137363915324322,0.5075000973336774,1.294568521262217,0.005447115283071571,-0.01761088451061186,-0.012934052697507522,-1.879347997346895,0.21192406482085446,1.2975708580316143,-0.022229842132635406,0.002976833532643393,0.0062685746066638084,-2.1503454451551915,0.5891400602322162,1.2496443106702544,0.040885210278111477,-0.05424020638880597,0.012275932364811516,0.09000117304571391,0.09000117304571391,0.0,0.12645222605529727,0.5277781168302013,-0.23188644240241124,-0.004019454274754147,-0.006188313674834142,-4.989148389973073,0,0.5199694265755316
55.66079999998983,-2.1373411793267865,0.5074267904591904,1.2945147031373025,0.005456639408436595,-0.017593649876875464,-0.01291634997949437,-2.3452055572713206,0.07220750939664211,1.2233148684281285,0.0850706287615914,0.07218504046115974,-0.11153381890952692,-2.2476010651280856,0.3308199034934976,1.2362481251264914,0.06352556219659419,0.00915996795121975,-0.0499609312988667,0.09000117304571391,0.09000117304571391,0.0,0.12641041128095568,0.5278168991980373,-0.23179591237867514,-0.004020734018589997,-0.0061809526694515775,-4.9890678250184815,0,0.5200230719932908
55.664959999989826,-2.1373184036522224,0.5073535552644964,1.2944609587017792,0.005466161895339595,-0.017576446726556193,-0.012898664525581494,-2.272695982648884,0.33951078401840695,1.4402568007766714,-0.08221458217999582,0.00990938987000755,-0.05921826783529649,-2.2603179815144814,0.3351859818370958,1.3381307212693354,-0.010163144350435414,0.009550967718864848,-0.05459047043236671,0.09000117304571391,0.09000117304571391,0.0,0.12636856011178887,0.5278556729537404,-0.23170553425600485,-0.004022017679301489,-0.006173604259052584,-4.988987246878263,0,0.5200766637823557
55.669119999989825,-2.1372955883072136,0.5072803916183732,1.2944072878837243,0.005475682802125658,-0.017559275069557494,-0.012880996333197536,-2.0425619260582937,0.6030341249314302,1.4121740860503715,-0.06855359206601859,0.1604067076311764,0.07609604020570873,-2.1515815808916776,0.46944654633633814,1.3753124301317097,-0.03908470192923421,0.08449921095785026,0.010152604559463497,0.09000117304571391,0.09000117304571391,0.0,0.12632667243759402,0.5278944382485488,-0.2316153078290934,-0.004023305277388277,-0.006166268442279845,-4.988906655494469,0,0.5201302020243853
55.67327999998982,-2.1372727332981003,0.5072072993895586,1.2943536906112254,0.005485202187128859,-0.017542134915513034,-0.012863345399723084,-1.8709988616155795,0.8777243256797372,1.9263933219214215,-0.007836160214488271,-0.04063375186691666,0.03486686322351927,-2.0113057304646262,0.6735043629427192,1.650929999351085,-0.022898120001118544,0.02165846720010653,0.022149888582085785,0.09000117304571391,0.09000117304571391,0.0,0.1262847481474974,0.5279331952328867,-0.23152523289245217,-0.004024596833313999,-0.006158945217683109,-4.9888260508086635,0,0.5201836868011361
55.67743999998982,-2.137249838630981,0.507134278446751,1.2943001668123817,0.005494720108666711,-0.01752502627380958,-0.012845711722480096,-1.9881165434879748,0.4603084374930203,1.2962754423324856,-0.019615146916528797,-0.030343276304642505,0.005721322449558024,-1.999750812574752,0.5668412309095016,1.4736129358567183,-0.0217189620858313,-0.00406772044752176,0.013553659540640686,0.09000117304571391,0.09000117304571391,0.0,0.12624278713123743,0.5279719440568976,-0.23143530924126715,-0.004025892367506833,-0.006151634583723911,-4.988745432761915,0,0.5202371181944615
55.68159999998982,-2.1372269043117096,0.5070613286586112,1.2942467164153035,0.0055042366250526616,-0.017507949153555438,-0.012828095298748279,-2.427939805301328,0.46377579420017434,0.6402908370520225,0.08502376250117269,-0.09498867818529913,-0.10244627000140993,-2.213671297486572,0.515110620910821,1.056733959587911,0.03156827646220777,-0.04971627439186118,-0.044914696489044253,0.09000117304571391,0.09000117304571391,0.0,0.1262007892774545,0.5280106848701217,-0.23134553667075825,-0.004027191900360503,-0.006144336538771148,-4.988664801294808,0,0.5202904962863106
55.68575999998982,-2.137203930345899,0.5069884498937628,1.2941933393481129,0.005513751794586985,-0.017490903563609845,-0.01281049612575211,-2.239252321730412,0.42660161234417565,1.2283975436955334,0.021614973666542858,0.10920594442824884,0.006407012679995007,-2.2264164345182995,0.4710826984078267,1.1425804251236136,0.02630588621549889,0.029707769650379478,-0.019327265024440744,0.09000117304571391,0.09000117304571391,0.0,0.12615875447540117,0.5280494178218167,-0.2312559149763935,-0.004028495452234644,-0.006137051081105035,-4.98858415634744,0,0.5203438211587276
55.68991999998982,-2.1371809167389175,0.5069156420207938,1.2941400355389434,0.00552326567556609,-0.017473889512564896,-0.012792914200669352,-2.0346247642484308,0.9417786045319185,1.7341660554294158,0.02871103880664591,-0.15437588552782217,-0.14774263267571955,-2.1304591697158677,0.7061132588581052,1.438071356891923,0.02733064734527861,-0.06251992569537507,-0.08414094286218467,0.09000117304571391,0.09000117304571391,0.0,0.12611668261323208,0.5280881430604747,-0.2311664439538898,-0.00402980304345584,-0.0061297782089150795,-4.988503497859424,0,0.5203970928938491
55.69407999998982,-2.1371578634958914,0.5068429049082571,1.2940868049159409,0.005532778326271848,-0.01745690700878178,-0.012775349520616229,-1.877830550484203,0.2501477184725195,1.6663116358042807,-0.16042227960960653,0.025525705698916316,0.16899784091221112,-2.0044768097327457,0.4781807087063693,1.5525429465749623,-0.06651277650525017,-0.01865561620308842,0.0432092247397157,0.09000117304571391,0.09000117304571391,0.0,0.12607457357949992,0.5281268607343563,-0.23107712339921344,-0.004031114694318085,-0.006122517920306615,-4.9884228257698915,0,0.5204503115739044
55.698239999989816,-2.137134770621704,0.5067702384246723,1.2940336474072631,0.005542289804985145,-0.01743995606035154,-0.012757802082665312,-2.0591916403344572,1.0261450949975677,1.4051146688921936,0.03737036723577013,-0.11194952887014396,-0.03710455360297794,-2.0317569661120745,0.7519336413829375,1.4787516773874487,-0.014535784560258863,-0.06517972011988091,0.0025392894918564424,0.09000117304571391,0.09000117304571391,0.0,0.126032427262301,0.5281655709911152,-0.2309879531085809,-0.00403243042508351,-0.006115270213295783,-4.988342140017495,0,0.5205034772812142
55.702399999989815,-2.1371116381209956,0.5066976424385259,1.2939805629410805,0.005551800169979781,-0.017423036675122933,-0.012740271883834154,-2.1248629349839767,0.43766994501045176,1.0345453972794445,0.16486357500751908,0.021667812044556672,-0.02528396614185545,-2.077967104064483,0.594845842276602,1.256591217393566,0.07487037803177606,-0.022328763860597012,-0.010590784247956894,0.09000117304571391,0.09000117304571391,0.0,0.1259902435497026,0.5282042739780104,-0.2308989328784595,-0.004033750255983128,-0.006108035085812701,-4.988261440540407,0,0.5205565900981888
55.706559999989814,-2.1370884659981644,0.5066251168182729,1.293927551445576,0.005561309479524663,-0.017406148860703206,-0.012722758921085573,-2.3902429557198106,1.3342119382954696,1.4917796501418328,0.1485164425182103,-0.025516697828334815,-0.027228032727816084,-2.2337981223595547,0.9644829255505869,1.3741300674826693,0.11160079986112743,-0.024853211429973304,-0.01872634812781963,0.09000117304571391,0.09000117304571391,0.0,0.12594802232931562,0.5282429698417992,-0.23081006250535382,-0.004035074207217694,-0.006100812535703079,-4.988180727276328,0,0.5206096501073275
55.71071999998981,-2.1370652542573647,0.5065526614323377,1.2938746128489453,0.005570817791886916,-0.017389292624447997,-0.012705263191332158,-2.2512909080595795,0.8413031307505201,0.9205777450557282,0.0035331655979079063,0.014370156850262859,0.1731822565708197,-2.242537881908289,0.9029227088021284,1.1477111549143906,0.05785911871100348,-0.005558068601741276,0.07711550633027123,0.09000117304571391,0.09000117304571391,0.0,0.12590576348829413,0.5282816587288426,-0.23072134178666243,-0.0040364022989582155,-0.006093602560726906,-4.988100000162479,0,0.5206626573912176
55.71487999998981,-2.137042002902509,0.5064802761491148,1.2938217470793978,0.005580325165326743,-0.017372467973485007,-0.012687784691429001,-1.7822390534335382,0.3839080226255509,1.9905418344021122,0.1947353389531832,-0.0964615253320313,-0.03825660949251729,-2.0119800868863864,0.6432124111684608,1.569052150902706,0.1262326864507519,-0.051636001225228566,0.019758423701181627,0.09000117304571391,0.09000117304571391,0.0,0.1258634669141906,0.5283203407849439,-0.23063277051939557,-0.004037734551346535,-0.006086405158562622,-4.988019259135614,0,0.5207156120325332
55.71903999998981,-2.137018711937267,0.5064079608369703,1.2937689540651554,0.005589831658105133,-0.01735567491469988,-0.01267032341817834,-1.9382507595666345,0.8598905611395232,1.1838914326769578,0.03655752282425846,-0.005880397671012007,0.08343737467670467,-1.9750402520686279,0.7515417081184623,1.3766424250787286,0.08206600731695578,-0.02921158461972703,0.051699062719857226,0.09000117304571391,0.09000117304571391,0.0,0.12582113249388763,0.5283590161556151,-0.2305443485008162,-0.004039070984496364,-0.006079220326806066,-4.987938504132013,0,0.520768514114034
55.72319999998981,-2.1369953813650646,0.5063357153642422,1.2937162337344539,0.005599337328484077,-0.017338913454733183,-0.012652879368331312,-2.6578562167584168,0.49969428523038245,1.2747191246960217,0.05870507059725868,0.03555817521229848,-0.13040757261845543,-2.3163295974765568,0.6256900606735385,1.3254105938080891,0.06975709135343446,0.00323342484215221,-0.04019660892504693,0.09000117304571391,0.09000117304571391,0.0,0.1257787601140249,0.5283976849858084,-0.23045607552886915,-0.004040411618493708,-0.006072048062969351,-4.98785773508749,0,0.5208213637185641
55.72735999998981,-2.1369720111890866,0.5062635395992422,1.2936635860155432,0.005608842234724754,-0.01732218359999537,-0.012635452538584065,-2.2893779963087755,0.324538687670337,1.2366473059189602,-0.10907410579748052,0.16425112474378661,0.08892358170357048,-2.3030805952320996,0.47545419331930105,1.2812132800847007,-0.019591301989120007,0.08359306118747556,0.02435864765166861,0.09000117304571391,0.09000117304571391,0.0,0.1257363496612131,0.5284363474199694,-0.23036795140175476,-0.004041756473397565,-0.006064888364483276,-4.987776951937391,0,0.5208741609290515
55.73151999998981,-2.1369486014122736,0.5061914334102561,1.2936110108366867,0.005618346435087788,-0.01730548535667576,-0.012618042925574597,-1.8375947033315498,0.17102760738987538,1.346861112400134,0.049236132688254164,-0.06292614618789233,-0.16769254066926453,-2.070231706582287,0.3231086865582217,1.3136877602965484,0.01468542220605162,0.009957693659821182,-0.07112587403564874,0.09000117304571391,0.09000117304571391,0.0,0.12569390102139255,0.528475003602302,-0.2302799759172869,-0.004043105569240845,-0.006057741228700238,-4.987696154616598,0,0.5209269058285064
55.735679999989806,-2.1369251520373242,0.5061193966655447,1.2935585081261622,0.005627849987835792,-0.017288818730730106,-0.012600650525886001,-2.4258894809699267,0.4645877942849327,1.0414912841460662,0.16459940339620868,0.0520457451407404,-0.06190927941646205,-2.247721205762726,0.3939557629992549,1.1774586005820527,0.08986614316798672,0.031826574075614844,-0.06639918369371639,0.09000117304571391,0.09000117304571391,0.0,0.1256514140809021,0.5285136536764484,-0.23019214887417686,-0.0040444589260306765,-0.006050606652893158,-4.98761534305953,0,0.520979598500021
55.739839999989805,-2.136901663066694,0.5060474292333452,1.293506077812262,0.0056373529512368185,-0.017272183727884756,-0.01258327533604823,-2.299960760883224,0.18524472027778222,1.2699466991121908,0.024360541319436498,0.08673745576728645,-0.05285008176432172,-2.273790390807743,0.289779491638706,1.2235944570612136,0.05697864696642083,0.05913469720144045,-0.060148007339176295,0.09000117304571391,0.09000117304571391,0.0,0.12560888872519668,0.5285522977856474,-0.23010447007117912,-0.004045816563749465,-0.006043484634255549,-4.987534517200145,0,0.5210322390267674
55.7439999999898,-2.1368781345025956,0.5059755309818718,1.2934537198232932,0.0056468553835616565,-0.01725558035364247,-0.012565917352535306,-2.089551893990684,0.2031719467382596,1.3130165976804853,-0.04644307765222643,0.027304165039654417,-0.26513911026354203,-2.181766643007775,0.24653264627948002,1.267754086792322,0.005365552789988409,0.04286504351279382,-0.16234930646911566,0.09000117304571391,0.09000117304571391,0.0,0.12556632483991575,0.5285909360726802,-0.23001693930751987,-0.004047178502355248,-0.006036375169902821,-4.987453676971941,0,0.5210848274919975
55.7481599999898,-2.1368545663469996,0.5059037017793164,1.2934014340875775,0.005656357343085252,-0.01723900861329114,-0.012548576571763068,-1.5905903887850001,0.09743820134689857,1.522701268543988,-0.031931546199702884,0.11403649167719479,-0.02849098127888794,-1.8862397763992076,0.1722209410673754,1.3951690289002545,-0.01377079310162001,0.07875012308115312,-0.09486500181890611,0.09000117304571391,0.09000117304571391,0.0,0.12552372231045633,0.5286295686799765,-0.22992955638225576,-0.004048544761782647,-0.006029278256874522,-4.987372822307958,0,0.5211373639790415
55.7523199999898,-2.1368309586016325,0.5058319414938502,1.293349220533452,0.005665858888091291,-0.017222468511890604,-0.012531252990093852,-2.098742763472969,0.18281858669886425,1.8685161047785352,-0.12156470090611998,0.07652112562615986,-0.057041366541815096,-1.9927439241070892,0.1776798590591542,1.63172663034281,-0.06847050979226982,0.0772225807627496,-0.07566500832852173,0.09000117304571391,0.09000117304571391,0.0,0.12548108102133113,0.5286681957495067,-0.22984232109512986,-0.0040499153619435405,-0.00602219389213267,-4.987291953140781,0,0.5211898485713072
55.7564799999898,-2.136807311267979,0.505760249993624,1.2932970790892695,0.005675360076867187,-0.017205960054289225,-0.012513946603831642,-2.145626583446442,0.6265413388916191,1.2954904480663052,-0.2041267074329144,-0.11301547381640667,-0.11685459740679213,-2.069611937095693,0.4018787581377991,1.4633634743308874,-0.1357918210420992,-0.017926180996711116,-0.09642165943223291,0.09000117304571391,0.09000117304571391,0.0,0.12543840085766478,0.5287068174228348,-0.2297552332461455,-0.004051290322727356,-0.006015122072564382,-4.987211069402542,0,0.5212422813522788
55.7606399999898,-2.1367836243472804,0.5056886271467693,1.2932450096833978,0.005684860967708575,-0.01718948324512684,-0.012496657409221444,-1.9245687736474086,1.0794403059953586,1.5485787229630155,-0.07286760700474962,-0.04176605967973061,0.04104660051064839,-1.9972382744879185,0.7405775575382257,1.5060566056530722,-0.10559759667941918,-0.029919813346127748,-0.02747272677636169,0.09000117304571391,0.09000117304571391,0.0,0.1253956817036981,0.5287454338410629,-0.22966829263513833,-0.004052669664002265,-0.006008062794983509,-4.9871301710249165,0,0.5212946624055157
55.7647999999898,-2.136759897840535,0.5056170728213992,1.293193012244221,0.005694361618921552,-0.017173038088820328,-0.012479385402454675,-2.223620441017357,0.7663469585291947,1.587825647942212,0.01455715274500986,-0.123932749996349,0.08296010784676242,-2.11039981525753,0.7532043036743724,1.547115377742444,-0.045935731732085976,-0.07674804513085993,0.027196086733316385,0.09000117304571391,0.09000117304571391,0.0,0.12535292344364252,0.5287840451449919,-0.22958149906263253,-0.004054053405615453,-0.006001016056128555,-4.987049257939132,0,0.5213469918146519
55.7689599999898,-2.1367361317484983,0.5055455868856092,1.2931410867001392,0.005703862088820305,-0.017156624589584148,-0.0124621305796623,-1.6123698442209533,0.42723055733988746,1.2508728323237268,-0.03545392800748372,0.0764510153910627,-0.09186737448536564,-1.861455097967602,0.5903746209242454,1.398802456872844,-0.040690669126110565,-0.0003773528010955183,-0.0330522900762252,0.09000117304571391,0.09000117304571391,0.0,0.12531012596168042,0.5288226514749597,-0.2294948523294144,-0.004055441567393946,-0.0059939818526657,-4.986968330075967,0,0.5213992696633954
55.773119999989795,-2.1367123260716827,0.5054741692074783,1.2930892329795687,0.005713362435731712,-0.017140242751421824,-0.012444892936919374,-1.3698457826799948,0.3763296370939435,1.4594389968315797,-0.13143673134008196,0.07021013557774887,-0.07567545172591374,-1.6159208260183742,0.48349685080577315,1.4289636884032484,-0.08584577241466235,0.03482314296520079,-0.054332285667518784,0.09000117304571391,0.09000117304571391,0.0,0.1252672891411099,0.5288612529708403,-0.2294083522363189,-0.004056834169145464,-0.005986960181188443,-4.98688738736575,0,0.5214514960355261
55.777279999989794,-2.1366884808103577,0.5054028196550695,1.2930374510109426,0.005722862717992222,-0.017123892578133793,-0.012427672470241437,-1.7085038671656294,0.5074305630922709,1.507094679647355,-0.08097624224820432,0.1283993034188758,0.006339275320141252,-1.6623807003519204,0.49573068909910706,1.4680424328408637,-0.08375863522898652,0.08172647318612448,-0.02376794443220345,0.09000117304571391,0.09000117304571391,0.0,0.12522441286562713,0.528899849772257,-0.22932199858465793,-0.004058231230658698,-0.005979951038219083,-4.986806429738367,0,0.5215036710148959
55.78143999998979,-2.1366645959645494,0.5053315380964307,1.292985740722711,0.00573236299395431,-0.01710757407330883,-0.012410469175589581,-2.2989138023650337,0.6321589717943257,0.9914696898011546,0.29457007050974876,-0.2771590834867011,0.010060658039672012,-1.980038703037713,0.5633683058269598,1.2297737446798913,0.10523471784545457,-0.09721420978085264,-0.006900186447365997,0.09000117304571391,0.09000117304571391,0.0,0.1251814970182579,0.5289384420183676,-0.22923579117622173,-0.004059632771704247,-0.005972954420207471,-4.9867254571232555,0,0.5215557946854275
55.78559999998979,-2.136640671534041,0.5052603243995959,1.2929341020433407,0.005741863321981059,-0.017091287240345865,-0.012393283048862466,-1.7214405337061118,0.6843756949860178,1.7274336606182827,-0.045631342546439475,0.11505785718042519,0.08139535204102026,-1.8508309285350948,0.6241112834058984,1.4787756527310627,0.028949602078105624,0.009331733969432038,0.037642109397564356,0.09000117304571391,0.09000117304571391,0.0,0.12513854148199852,0.5289770298479168,-0.2291497298124234,-0.004061038812035261,-0.005965970323534863,-4.986644469449413,0,0.5216078671311131
55.78975999998979,-2.1366167075183724,0.5051891784325857,1.292882534901316,0.005751363760452661,-0.01707503208243723,-0.012376114085901675,-2.0782794999894536,0.5535193787081656,1.3708545930703562,0.12410517896968011,-0.01162686270882142,-0.10706314395021305,-1.9642972118947137,0.5887903718698936,1.4245922434535798,0.07581986717685547,-0.0010107783795800102,-0.03497242670881232,0.09000117304571391,0.09000117304571391,0.0,0.12509554613917456,0.5290156133992359,-0.2290638142955828,-0.004062449371388119,-0.005958998744512282,-4.986563466645394,0,0.5216598884360136
55.79391999998979,-2.13659270391684,0.5051181000634083,1.292831039225139,0.005760864367761073,-0.017058808602590868,-0.012358962282485305,-2.0881510505098406,0.08140525504147089,1.2779876216124448,0.008822109700123242,-0.10040912105086869,0.07980533296424623,-2.0262078194844086,0.3348844294537043,1.3514545924559893,0.04288850367362044,-0.050229708116272996,0.022556717208912436,0.09000117304571391,0.09000117304571391,0.0,0.12505251087250963,0.529054192810348,-0.2289780444282865,-0.004063864469482964,-0.005952039679384253,-4.986482448639313,0,0.5217118586842585
55.79807999998979,-2.1365686607284973,0.5050470891600599,1.2927796149433293,0.005770365202319912,-0.01704261680360613,-0.012341827634339114,-1.7405834910448839,0.8294673442914687,1.2858432675330818,0.0489390326506091,-0.08406996017134236,-0.09877106002010362,-1.883294072515652,0.5820049829113825,1.3184431793662414,0.04697490987570309,-0.0673872563262534,-0.03817125225386807,0.09000117304571391,0.09000117304571391,0.0,0.12500943556362903,0.5290927682189682,-0.22889242001296023,-0.004065284126024598,-0.005945093124325477,-4.986401415358848,0,0.5217637779600435
55.80223999998979,-2.1365445779521535,0.5049761455905262,1.2927282619844245,0.005779866322558177,-0.0170264566880923,-0.01232471013712701,-2.024440362463563,1.0205722275894282,1.2124458689342714,-0.12004193357305111,-0.09614482880747097,0.01885103759021548,-1.9541173250328123,0.8010915472839334,1.265483544699131,-0.036793946249245826,-0.08169285108597968,-0.009929493057089428,0.09000117304571391,0.09000117304571391,0.0,0.12496632009455567,0.5291313397622351,-0.22880694085251066,-0.004066708360702739,-0.0059381590754430755,-4.986320366731238,0,0.5218156463476308
55.806399999989786,-2.136520455586375,0.5049052692227826,1.2926769802769809,0.005789367786923525,-0.017010328258473338,-0.012307609786450827,-2.444605848404522,0.7684959980069798,1.194277522421854,0.2942381850497124,-0.11939875426056426,0.05636509977142074,-2.1987520805700993,0.7845455641958844,1.2299975178854337,0.128253048125064,-0.10071916988096573,0.023095841850375536,0.09000117304571391,0.09000117304571391,0.0,0.12492316434664169,0.5291699075770303,-0.22872160675054096,-0.004068137193193058,-0.005931237528778443,-4.9862393026832885,0,0.5218674639313479
55.810559999989785,-2.1364962936294836,0.5048344599247951,1.292625769749573,0.005798869653881399,-0.016994231516990806,-0.01229052657785119,-1.964955114524819,0.6099582679644864,1.1956889087619458,-0.17208760138323856,0.01336368967342189,-0.13706432310183664,-2.0822089434227924,0.6972769840431461,1.2125569166675283,-0.02235741859556486,-0.04296068252922852,-0.056509127839427305,0.09000117304571391,0.09000117304571391,0.0,0.12487996820099537,0.5292084717999248,-0.22863641751049604,-0.004069570643157716,-0.005924328480308786,-4.986158223141369,0,0.5219192307955863
55.814719999989784,-2.136472092079559,0.5047637175645214,1.2925746303307948,0.005808371981917916,-0.01697816646569851,-0.012273460506808585,-1.7855692982318196,0.502245712946275,1.5112626826772584,-0.10415394040730887,0.06849059493626827,-0.04081859721548278,-1.934104019029253,0.5999018827506545,1.3618264066504022,-0.06308851383662133,0.01302683330830208,-0.04838515499120848,0.09000117304571391,0.09000117304571391,0.0,0.1248367315389091,0.5292470325670711,-0.2285513729363045,-0.004071008730245914,-0.005917431925946707,-4.986077128031418,0,0.5219709470248014
55.81887999998978,-2.136447850934436,0.5046930420099112,1.2925235619492583,0.005817874829546026,-0.016962133106451366,-0.012256411568749842,-1.8346720360929285,0.6884801275798567,1.7443477939254306,0.09386369712100395,-0.01757975663401182,-0.11197697540036211,-1.884195007586375,0.6441556382249702,1.5528563790578376,0.01677657222444437,-0.0025527237419325018,-0.07994183320588466,0.09000117304571391,0.09000117304571391,0.0,0.12479345424057657,0.5292855900142555,-0.2284664728319515,-0.004072451474094776,-0.0059105478615375144,-4.985996017278942,0,0.522022612703511
55.82303999998978,-2.1364235701917056,0.5046224331289073,1.2924725645335957,0.005827378255296627,-0.01694613144093431,-0.012239379759035038,-1.958750786988855,0.5916989184292063,1.0683470621733926,0.006595074282931276,0.049093426124343365,-0.18971349452618852,-1.9214615864756486,0.618028618700338,1.310204237201196,0.012592876289031584,0.02346200612946809,-0.13506369278657715,0.09000117304571391,0.09000117304571391,0.0,0.12475013618680256,0.5293241442767912,-0.2283817170021214,-0.004073898894329668,-0.005903676282863925,-4.985914890809018,0,0.5220742279162947
55.82719999998978,-2.136399249848715,0.5045518907894463,1.2924216380124585,0.005836882317724979,-0.016930161470658494,-0.012222365072961754,-2.0519817560846985,0.6944390901230026,1.7808447061998836,0.07486399121691147,-0.026511558641285023,-0.25455933985319795,-1.9865672620757278,0.656178711176971,1.5449982282483028,0.04391313199285452,-0.0012645007288087523,-0.19477466573702773,0.09000117304571391,0.09000117304571391,0.0,0.12470677725707918,0.529362695489891,-0.2282971052515571,-0.004075351010565402,-0.00589681718564734,-4.985833748546295,0,0.5221257927477926
55.83135999998978,-2.1363748899025676,0.504481414859459,1.2923707823145179,0.00584638707541124,-0.016914223196945976,-0.012205367505771027,-2.2624924217874343,0.7501853872508504,1.457729062479551,-0.16659532902178675,-0.026140846778962445,0.08141061344103782,-2.124878260079002,0.7031285877180952,1.5015329257560468,-0.06134016337788693,-0.013822682871662788,-0.05696865621562162,0.09000117304571391,0.09000117304571391,0.0,0.12466337733172317,0.5294012437882928,-0.22821263738527436,-0.004076807842406136,-0.005889970565545502,-4.985752590414994,0,0.5221773072827055
55.83551999998978,-2.136350490350122,0.5044110052068718,1.2923199973684651,0.005855892586964164,-0.01689831662094095,-0.01218838705264315,-2.0634327718889613,0.4158398241531872,1.4479768936393569,-0.07136185731465886,0.08529540831557174,0.045396648763008585,-2.0943029726022906,0.5596592739347703,1.4748498441552402,-0.06661194639360157,0.035890460219645516,-0.00621833918962021,0.09000117304571391,0.09000117304571391,0.0,0.1246199362897386,0.5294397893062052,-0.22812831320856233,-0.0040782694094466665,-0.0058831364181532895,-4.985671416338912,0,0.522228771605793
55.83967999998978,-2.136326051187993,0.5043406616996066,1.2922692831030123,0.005865398911010757,-0.01688244174364193,-0.012171423708684405,-2.1728611334487575,0.6878951032208638,0.9465799433460933,0.024975906196368754,0.06386004049776406,-0.18608798675314864,-2.1335302649472916,0.623910947318067,1.2103238808917876,-0.021010748744632504,0.04985692625560066,-0.09601725940874317,0.09000117304571391,0.09000117304571391,0.0,0.12457645401052624,0.5294783321778946,-0.2280441325274127,-0.004079735731272835,-0.005876314739009871,-4.985590226241419,0,0.522280185801873
55.843839999989775,-2.1363015724125503,0.5042703842055822,1.2922186394468915,0.005874906106214355,-0.016866598565842984,-0.012154477468954468,-1.7130740911432396,0.4592449856142473,1.535958583967758,0.144184443080345,0.09845186761264667,-0.09045604271138824,-1.9230003896763408,0.5417821896600772,1.3729547100644786,0.062082699983942745,0.07386354311194476,-0.09292203242270242,0.09000117304571391,0.09000117304571391,0.0,0.12453293037281517,0.5295168725368836,-0.2279600951476649,-0.0040812068274620646,-0.005869505523589988,-4.9855090200454635,0,0.5223315499558212
55.847999999989774,-2.13627705401992,0.5042001725927148,1.2921680663288564,0.00588441423126175,-0.01685078708818902,-0.012137548328441598,-2.0690493240609635,0.18188471864694317,1.7422374919933268,-0.00669097055586489,-0.03740793994732304,0.04228240207270932,-1.996037987455911,0.3617534225624848,1.5576856350605028,0.026830713222818103,0.018093453378873674,-0.02484946383763108,0.09000117304571391,0.09000117304571391,0.0,0.12448936525530371,0.5295554105166438,-0.22787620087586216,-0.004082682717584156,-0.005862708767310939,-4.985427797673573,0,0.52238286415257
55.85215999998977,-2.1362524960059828,0.5041300267289183,1.2921175636776812,0.005893923344872164,-0.016835007311147794,-0.01212063628207674,-1.6976966199688879,0.48722311695152387,1.1864212170065576,0.1484046184467634,0.17281390812266784,0.00971237610260023,-1.8465566995145442,0.4248487416057498,1.3720726205966063,0.08768717037864769,0.09537358845167862,-0.008335778130010053,0.09000117304571391,0.09000117304571391,0.0,0.12444575853623202,0.5295939462501684,-0.2277924495183968,-0.004084163421201915,-0.0058559244655302005,-4.985346559047854,0,0.5224341284771079
55.85631999998977,-2.1362278983663754,0.5040599464821056,1.2920671314221615,0.005903433505794041,-0.016819259235027927,-0.012103741324724547,-2.1652072311559016,0.37450364262121316,1.9936086483410462,-0.0772995390604899,0.10668514551423235,0.1687572320718389,-2.006043928159838,0.3998972918674229,1.6831963688747555,0.004700590573752313,0.10124499791748483,0.08001903936760706,0.09000117304571391,0.09000117304571391,0.0,0.1244021100935955,0.5296324798701317,-0.22770884088215212,-0.0040856489578718425,-0.0058491526135478825,-4.985265304089992,0,0.5224853430144782
55.86047999998977,-2.1362032610964885,0.5039899317201891,1.2920167694911149,0.005912944772809962,-0.016803542859964913,-0.012086863451190944,-1.9868997875308778,0.8013628642988759,1.3601810025671834,0.04353046915207817,0.017608621398919482,0.13757632283811203,-1.9963811981715343,0.600669370253121,1.5219735050558139,0.024120928796368908,0.05950068084145107,0.10834927921333048,0.09000117304571391,0.09000117304571391,0.0,0.12435841980471704,0.5296710115088885,-0.2276253747747179,-0.004087139347144693,-0.005842393206604993,-4.985184032721257,0,0.5225365078497787
55.86463999998977,-2.1361785841914687,0.503919982311081,1.2919664778133806,0.005922457204729861,-0.016787858185949994,-0.012070002656212718,-2.147913750313808,0.5369499872059781,1.341130343754069,-0.06677604250083614,0.07022063557786434,0.0817795225141328,-2.0722871574895394,0.5689551855774587,1.4317205374917727,-0.021451241705348654,0.06491005361864462,0.09517212184326569,0.09000117304571391,0.09000117304571391,0.0,0.12431468754731573,0.5297095412985797,-0.22754205100332148,-0.004088634608566021,-0.005835646239888504,-4.9851027448625,0,0.5225876230681608
55.86879999998977,-2.136153867646217,0.5038500981226943,1.2919162563178204,0.005931970860402584,-0.016772205212799703,-0.012053158934468467,-2.01783099039683,0.49173438252544033,1.5570974141607974,-0.14705443833038373,-0.03244322680807801,0.005718640848732507,-2.045364157528717,0.5302773468574634,1.494421726053001,-0.08443920963489893,0.01595877395328143,0.05046154102203446,0.09000117304571391,0.09000117304571391,0.0,0.12427091319822459,0.5297480693709188,-0.2274588693763257,-0.004090134761677057,-0.005828911708527396,-4.985021440434157,0,0.5226386887548289
55.87295999998977,-2.136129111455389,0.5037802790229435,1.291866104933318,0.0059414857987093225,-0.01675658394017998,-0.012036332280572297,-2.239387181085388,-0.03243975721136594,1.7126616896360036,-0.01867164855417488,0.21177097259378308,-0.20629200006479684,-2.1424161416102927,0.24935561645079268,1.6031129137638198,-0.05142589537814299,0.1137168553886211,-0.07730263010988767,0.09000117304571391,0.09000117304571391,0.0,0.12422709663424501,0.5297865958572439,-0.22737582970151887,-0.0040916398260151966,-0.005822189607595677,-4.98494011935625,0,0.522689704995039
55.877119999989766,-2.136104315613395,0.5037105248797452,1.2918160235887801,0.005951002078567038,-0.016740994367603262,-0.012019522689072106,-1.9950127801933606,0.853289688652275,1.4534845094733373,0.07202020914343714,0.20595734662952783,-0.2611309046395497,-2.068563044394447,0.5517542132669628,1.5277546607457833,0.010007911871934106,0.16033636185308778,-0.1692727205276629,0.09000117304571391,0.09000117304571391,0.0,0.1241832377317193,0.5298251208886776,-0.22729293178761178,-0.0040931498211147724,-0.005815479932113159,-4.984858781548387,0,0.5227406718740987
55.881279999989765,-2.1360794801143994,0.5036408355610185,1.2917660122131365,0.005960519758929822,-0.016725436494425854,-0.012002730154453717,-2.0165253163623524,0.19607662466508996,1.0487956075720408,-0.10511362232724684,-0.16366669537505407,0.04794890217694087,-2.0427631664149404,0.37357172548048595,1.2883703444708299,-0.04720077845192695,-0.0012680944542350708,-0.060112989296628276,0.09000117304571391,0.09000117304571391,0.0,0.12413933636653021,0.5298636445960734,-0.22721017544359823,-0.004094664766507572,-0.0058087826770452594,-4.984777426929764,0,0.5227915894773659
55.885439999989764,-2.1360546049523212,0.5035712109346857,1.2917160707353401,0.0059700388987887956,-0.01670991031985265,-0.01198595467113919,-1.7419162504940888,0.758140699987975,0.9375468078499847,-0.047130170593241295,0.03239902868870291,-0.061632420850486175,-1.8924361678332122,0.5659262456483982,1.1128284474705277,-0.04690815021582378,0.01558597870493748,-0.06112256365878073,0.09000117304571391,0.09000117304571391,0.0,0.1240953924147424,0.5299021671099075,-0.22712756047875526,-0.004096184681723356,-0.005802097837303819,-4.984696055419167,0,0.5228424578902486
55.88959999998976,-2.136029690120833,0.5035016508686735,1.2916661990843672,0.005979559557175711,-0.016694415842936725,-0.01196919623348756,-2.7860750307925266,0.4294164289652451,1.680266965382301,0.20991605935185448,-0.1503589623719142,0.008198617885196737,-2.3388236834304115,0.49735940433130993,1.3965694813584877,0.08074231096835768,-0.06822431784946004,-0.026827711169647234,0.09000117304571391,0.09000117304571391,0.0,0.12405140575153353,0.5299406885602783,-0.2270450867022158,-0.004097709586290792,-0.005795425407747254,-4.984614666934969,0,0.5228932771982034
55.89375999998976,-2.1360047356133616,0.5034321552309127,1.291616397189218,0.005989081793160114,-0.016678953062587962,-0.011952454835789921,-1.8363861885907466,-0.08678317170658789,1.2956306976246403,-0.19377503882027924,-0.05247192988219737,-0.08212908258586687,-2.088003426228142,0.20517525194982866,1.3459277420826075,-0.05699907179500857,-0.06052379794432163,-0.054082980290367504,0.09000117304571391,0.09000117304571391,0.0,0.12400737625204872,0.5299792090771734,-0.22696275392425289,-0.004099239499737875,-0.005788765383182436,-4.984533261395138,0,0.5229440474867357
55.89791999998976,-2.135979741423087,0.5033627238893394,1.2915666649789168,0.005998605665853567,-0.016663521977566317,-0.01193573047227599,-2.5888791398187405,0.2840821652698016,1.5894711910245238,0.01390542813021386,0.05856149842736373,0.101313023578399,-2.3384146962828205,0.24475041554785804,1.4679128030557014,-0.022113326245024285,-0.0006755409935616187,0.02317031878388218,0.09000117304571391,0.09000117304571391,0.0,0.12396330379118711,0.5300177287900946,-0.22688056195478382,-0.004100774441592597,-0.005782117758364115,-4.9844518387172325,0,0.5229947688413981
55.90207999998976,-2.1359547075429437,0.5032933567118958,1.2915170023825122,0.006008131234409592,-0.016648122586490087,-0.011919023137108624,-2.444920415082231,0.36721752950850695,1.7247535572968586,0.03315118344735375,-0.108027514818031,-0.08817522710865369,-2.3916013889221768,0.30575943791276544,1.5961501631035098,0.0064970045711540084,-0.05400927848843309,-0.031816190969796744,0.09000117304571391,0.09000117304571391,0.0,0.12391918824317386,0.5300562478283243,-0.22679851060465384,-0.004102314431383723,-0.0057754825279962355,-4.9843703988184025,0,0.5230454413477896
55.90623999998976,-2.1359296339656186,0.5032240535665298,1.2914674093290772,0.006017658558021539,-0.01663275488784517,-0.011902332824382742,-2.4690047300282703,0.4802221090398809,1.1709486872113026,0.19703387175649092,-0.13459984105346232,0.07002492271572386,-2.429894068246212,0.39271270070517006,1.3836917517354013,0.1018935827693527,-0.09462165038132928,0.019265123404734862,0.09000117304571391,0.09000117304571391,0.0,0.12387502948241516,0.5300947663209786,-0.22671659968435381,-0.004103859488641301,-0.0057688596867344856,-4.984288941615395,0,0.5230960650915567
55.91039999998976,-2.1359045206835523,0.5031548143211966,1.2914178857477099,0.006027187695933036,-0.016617418879955694,-0.01188565952813566,-2.6418470468650153,0.5845928958874046,1.5734707132463288,0.08362084876962525,0.16981410013952525,-0.0247948325553248,-2.5356983277633716,0.48900639994719736,1.4785301200010632,0.09286224641565631,0.038035816957459403,-0.0023446992112066516,0.09000117304571391,0.09000117304571391,0.0,0.12383082738242933,0.5301332843966866,-0.2266348290053039,-0.004105409632897353,-0.005762249229181369,-4.98420746702455,0,0.5231466401583901
55.914559999989756,-2.135879367688938,0.503085638843859,1.2913684315675336,0.006036718707428712,-0.01660211456102018,-0.011869003242334796,-1.5394147164091359,0.7046103346522066,1.1698955119093857,-0.02824248276018929,0.1356961976886312,-0.054719126866512716,-2.0376088697031642,0.5970921983947569,1.3240982673895088,0.032594380197362355,0.08682212363246364,-0.029213895282866994,0.09000117304571391,0.09000117304571391,0.0,0.12378658181670123,0.5301718021838021,-0.22655319837921367,-0.004106964883686405,-0.005755651149891197,-4.984125974961806,0,0.5231971666340257
55.918719999989754,-2.135854174973722,0.5030165270024878,1.2913190467176965,0.006046251651838813,-0.016586841929103847,-0.011852363960881395,-2.1591664122957135,0.5391292228861845,1.1077137428365218,-0.001391623821705725,0.01384929689157699,0.1356523209985337,-2.0983915427953628,0.5681401785659079,1.216186890871561,0.015678881762679904,0.04982714054259341,0.05308988295006162,0.09000117304571391,0.09000117304571391,0.0,0.12374229265825491,0.5302103198106185,-0.2264717076174403,-0.004108525260546225,-0.005749065443370871,-4.984044465342697,0,0.5232476446042432
55.92287999998975,-2.135828942529603,0.5029474786650622,1.291269731127373,0.006055786588540584,-0.016571600982136527,-0.011835741677608771,-1.628920307999827,0.5821791397196627,0.5000040372362798,0.08350578891503335,-0.07518338636766275,0.10815434069943163,-1.8634790138291961,0.5750036825973834,0.8583147152609776,0.04961836488131778,-0.012816525095103407,0.08095286335060026,0.09000117304571391,0.09000117304571391,0.0,0.123697959780081,0.5302488374049394,-0.22639035653270065,-0.004110090783018385,-0.005742492104079791,-4.983962938082355,0,0.5232980741548663
55.92703999998975,-2.1358036703480323,0.5028784936995709,1.2912204847257636,0.006065323576964085,-0.01655639171789958,-0.011819136386293278,-1.6770621688959642,0.8288941023348604,1.0392577274425348,-0.05379339965448288,0.2801148932202246,0.04525800030564566,-1.770383243214918,0.7025338846410546,0.9488800568515312,-0.0010867222100348288,0.13334926646588616,0.06386069288588263,0.09000117304571391,0.09000117304571391,0.0,0.1236535830544953,0.5302873550942928,-0.22630914493736176,-0.004111661470648961,-0.005735931126426987,-4.983881393095514,0,0.5233484553717608
55.93119999998975,-2.1357783584202132,0.5028095719740123,1.2911713074420943,0.006074862676582607,-0.01654121413406782,-0.011802548080633732,-2.3771959102185356,0.5246245024023503,0.6010873664442944,0.11688167290309041,0.007041241653862693,0.03996651403050023,-2.0735505437504833,0.6135931327157245,0.7750652589942988,0.05780883213729018,0.0699443888495459,0.05150553816239562,0.09000117304571391,0.09000117304571391,0.0,0.12360916235335187,0.53032587300609,-0.2262280726442964,-0.004113237342989299,-0.005729382504778284,-4.983799830296504,0,0.5233987883408344
55.93535999998975,-2.135753006737101,0.5027407133563949,1.291122199205618,0.006084403946922937,-0.016526068228169155,-0.01178597675427002,-2.021200567789915,0.25711997704862743,1.3964668519207253,-0.14900356903513,-0.12684364134334605,-0.14146467464738585,-2.047685182625241,0.4350900996759306,1.085474340288409,-0.0455504339013225,-0.028374664924179067,-0.044091608685076604,0.09000117304571391,0.09000117304571391,0.0,0.12356469754847048,0.5303643912673582,-0.22614713946666992,-0.004114818419596242,-0.005722846233451553,-4.98371824959926,0,0.5234490731480367
55.93951999998975,-2.1357276152894027,0.5026719177147382,1.291073159945615,0.0060939474475612335,-0.01651095399761474,-0.011769422400770538,-1.7976693094263625,0.8815174869946207,1.38429926031432,0.07040214956563962,-0.165551279506682,-0.04649997028562072,-1.9225306409072624,0.6579618239315354,1.2347922710430113,0.01317757737981007,-0.09659287800825468,-0.04534290312333478,0.09000117304571391,0.09000117304571391,0.0,0.12352018851142309,0.5304029100048475,-0.22606634521836969,-0.004116404720033061,-0.005716322306720389,-4.983636650917316,0,0.5234993098793578
55.94367999998975,-2.135702184067577,0.5026031849170729,1.2910241895913914,0.00610349323813,-0.016495871439677044,-0.01175288501364393,-2.15141328270084,0.7985891204021727,1.1977539449777455,-0.1067961949254654,-0.38132061569203024,-0.15414906639574327,-2.037197297429224,0.7274821223742117,1.215952038442407,-0.04603178895300373,-0.2383624597840091,-0.09965015289799889,0.09000117304571391,0.09000117304571391,0.0,0.12347563511289203,0.5304414293450823,-0.22598568971314997,-0.004117996263870115,-0.0057098107188113326,-4.983555034163811,0,0.5235494986208273
55.947839999989746,-2.135676713061834,0.5025345148314415,1.2909752880722818,0.006113041378309275,-0.01648082055152475,-0.01173636458632244,-1.8443724342894612,0.4922410758963815,0.7762800622919679,0.005262298236394167,-0.045738585695844006,0.12122108816596885,-1.9407722323814613,0.6097640396398424,0.9963650553539046,-0.02055091687245592,-0.14168853001594764,0.010797659504850255,0.09000117304571391,0.09000117304571391,0.0,0.1234310372239523,0.5304799494144161,-0.2259051727652741,-0.004119593070685366,-0.005703311463909708,-4.983473399251486,0,0.5235996394585154
55.951999999989745,-2.135651202262135,0.5024659073258991,1.2909264553176476,0.006122591927841971,-0.016465801330175993,-0.011719861112183306,-2.793030996804169,0.734743882039382,0.8209428708588367,-0.023506625812123844,0.032413749937827786,-0.16248376049385913,-2.3669551630886327,0.672321804020678,0.9083149509627478,-0.022657647771145262,-0.05443166361660725,-0.07591700434537456,0.09000117304571391,0.09000117304571391,0.0,0.1233863947143614,0.5305184703387086,-0.22582479418930146,-0.0041211951600650994,-0.0056968245361526965,-4.983391746092687,0,0.5236497324785295
55.956159999989744,-2.135625651658191,0.5023973622685135,1.2908776912568787,0.006132144946518251,-0.016450813772555237,-0.011703374584524855,-2.23757681619797,0.3771421445622797,1.090751235713677,0.0397911463803196,-0.01273816278061619,-0.08615676403000874,-2.302182451977786,0.5247044003152516,0.9993552117255157,0.008626264046458278,-0.03406195005586873,-0.08105803641007654,0.09000117304571391,0.09000117304571391,0.0,0.12334170745448257,0.5305569922438073,-0.22574455380051658,-0.0041228025516043335,-0.005690349929637684,-4.983310074599366,0,0.5236997777670166
55.96031999998974,-2.135600061239465,0.5023288795273657,1.2908289958193928,0.006141700494189067,-0.01643585787545868,-0.011686904996583229,-2.101461556614951,0.5698116510397038,1.425723989218378,-0.1562506068856352,-0.00965134698754515,-0.02092397254819641,-2.2021472649038425,0.5472398586264219,1.2125003164553843,-0.07299937464360995,-0.022623623246246626,-0.05159769170773524,0.09000117304571391,0.09000117304571391,0.0,0.12329697531357506,0.530595515255226,-0.22566445141407437,-0.004124415264907803,-0.005683887638419047,-4.983228384683081,0,0.5237497754101602
55.96447999998974,-2.1355744309951703,0.5022604589705509,1.2907803689346364,0.0061512586307641065,-0.01642093363555589,-0.011670452341530373,-3.006302859571943,0.3628132654401137,1.3007506915216605,-0.1369500594811865,-0.042030957099657346,0.04203227477914082,-2.604513650270731,0.454936538196828,1.2567137515861648,-0.10587997126175895,-0.03169608067801576,-0.0048868671253338635,0.09000117304571391,0.09000117304571391,0.0,0.12325219816107591,0.5306340394980906,-0.22558448684585625,-0.00412603331959014,-0.005677437656506981,-4.983146676254997,0,0.5237997254941811
55.96863999998974,-2.1355487609142694,0.5021921004661783,1.2907318105320844,0.006160819416208488,-0.01640604104942068,-0.011654016612463056,-1.6541259868757168,0.8228957303514451,0.9630819061366878,0.017789345365908288,0.09260405427102245,-0.0811852428820266,-2.1292761223065075,0.6391111570048911,1.109726997866936,-0.04407468232268941,0.030525753636331213,-0.04307282866603482,0.09000117304571391,0.09000117304571391,0.0,0.1232073758657452,0.5306725650975668,-0.22550465991161528,-0.004127656735277005,-0.005670999977873045,-4.983064949225886,0,0.5238496281053364
55.97279999998974,-2.1355230509854755,0.5021238038823721,1.290683320541241,0.006170382910550136,-0.016391180113499666,-0.011637597802414511,-2.1801403985803667,0.4644654156867205,1.2817205972356185,-0.2615496326950085,-0.14797430562515912,-0.12442192195904578,-2.1552538899967084,0.5514792103830422,1.1954642385437462,-0.15219334338800508,-0.05867840968277239,-0.08279561490036187,0.09000117304571391,0.09000117304571391,0.0,0.12316250829609299,0.5307110921783245,-0.22542497042804666,-0.004129285531605403,-0.005664574596446485,-4.982983203506129,0,0.5238994833299189
55.97695999998974,-2.135497301197251,0.5020555690872716,1.2906348988916394,0.006179949173879486,-0.016376350824122317,-0.01162119590435354,-2.3626045765020898,0.168404217410896,0.9108854355491465,-0.09525622711418315,-0.07635447830806005,0.020430565501230336,-2.259128359936368,0.35978021779298236,1.0532142056822327,-0.12394693381698642,-0.06751509664501812,-0.030643375100160415,0.09000117304571391,0.09000117304571391,0.0,0.12311759532016531,0.5307496208649117,-0.22534541821193332,-0.004130919728224338,-0.005658161506114357,-4.982901439005718,0,0.5239492912542562
55.98111999998974,-2.135471511537808,0.5019873959490319,1.290586545512843,0.006189518266345886,-0.016361553177521426,-0.011604810911174887,-2.0235561557529635,0.21137532909214263,1.2389815872620895,0.00326935426083852,0.11190635916900928,0.08613089232310449,-2.141335053257238,0.2858097038325068,1.1462774471808466,-0.05974877457209798,0.022084673562754512,0.028168532535910097,0.09000117304571391,0.09000117304571391,0.0,0.12307263680554381,0.5307881512815942,-0.22526600308036043,-0.004132559344795543,-0.005651760700725734,-4.982819655634252,0,0.5239990519647103
55.985279999989736,-2.1354456819951073,0.5019192843358242,1.2905382603344442,0.0061990902481611244,-0.01634678716982255,-0.011588442815704205,-2.1505157711041516,0.7374201857305587,1.500785433952543,-0.11928880094383285,0.060686928976802085,0.012196602767405447,-2.14617397914373,0.5117453157849785,1.3235583167117915,-0.08932962088583848,0.04091027375261854,0.020651491896731943,0.09000117304571391,0.09000117304571391,0.0,0.12302763261977322,0.530826683552461,-0.2251867248507159,-0.004134204400993986,-0.005645372174091593,-4.982737853300943,0,0.5240487655476777
55.989439999989735,-2.135419812556859,0.5018512341158365,1.2904900432860662,0.006208665179605266,-0.016332052797031132,-0.011572091610703841,-2.3029346987839583,0.46577957461119873,1.3006893548004308,0.24524525015531562,-0.004585155642075699,-0.13972979017543663,-2.2240447603925713,0.48875208078401366,1.311833081736996,0.07766111549143782,0.018408667916895213,-0.05954807274257882,0.09000117304571391,0.09000117304571391,0.0,0.12298258262971981,0.5308652178013178,-0.22510758334090514,-0.004135854916508566,-0.005638995919981966,-4.9826560319146145,0,0.5240984320895876
55.99359999998973,-2.135393903210521,0.5017832451572738,1.2904418942973626,0.006218243121021358,-0.016317350055056926,-0.011555757288863574,-2.569875250341052,0.5260670043937309,0.9326009679442058,-0.011214751758910294,0.15317855051606216,-0.15526728476237378,-2.396985470337273,0.507728472681717,1.1218910630705738,0.03309359465766232,0.08575514633895712,-0.10723005526424133,0.09000117304571391,0.09000117304571391,0.0,0.12293748670199858,0.5309037541517396,-0.2250285783693526,-0.004137510911042753,-0.005632631932129527,-4.9825741913837005,0,0.524148051676902
55.99775999998973,-2.1353679539433013,0.5017153173283584,1.2903938132980175,0.006227824132818686,-0.016302678939708493,-0.011539439842804181,-2.228664031377466,1.007322987722732,0.8963765072530534,0.063100849295526,-0.07734536956634347,-0.06676709070062938,-2.312690888725572,0.7573686318736962,1.0089938987052434,0.04740463878181484,0.0040797854056691205,-0.08727292366451142,0.09000117304571391,0.09000117304571391,0.0,0.12289234470297315,0.5309422927271242,-0.22494970975457468,-0.004139172404315265,-0.005626280204230144,-4.98249233161625,0,0.5241976243961157
56.00191999998973,-2.1353419647421537,0.5016474504973305,1.2903458002177464,0.00623740827547782,-0.016288039446680353,-0.01152313926508231,-2.305229763566252,-0.1635276019907692,0.866403822840349,-0.039596040052459536,-0.10036035741113211,0.06896608957356597,-2.3090426228896463,0.29670670131288374,0.9378411171337948,0.0039052227369026637,-0.04879569304752732,-0.00907045664726949,0.09000117304571391,0.09000117304571391,0.0,0.12284715649811394,0.5309808336506912,-0.22487097731560798,-0.004140839416060698,-0.005619940729940426,-4.9824104525199235,0,0.5242471503337544
56.00607999998973,-2.1353159355937805,0.501579644532449,1.2902978549862956,0.006246995609545416,-0.0162734315715723,-0.011506855548183264,-2.4307285608653975,0.7321457131647662,1.5305088698778158,0.22175597269760086,-0.035378782964423254,-0.0342736932955008,-2.3694259167941034,0.514356269455825,1.2341092214033422,0.11316256648178763,-0.042377597843787106,-0.022328727485451203,0.09000117304571391,0.09000117304571391,0.0,0.1228019219528526,0.5310193770452144,-0.22479238087158235,-0.004142511966029881,-0.0056136135028805,-4.982328554001998,0,0.5242966295763746
56.01023999998973,-2.1352898664846323,0.501511899301991,1.2902499775334435,0.006256586195635008,-0.016258855309899647,-0.011490588684516361,-2.645898059235122,0.4894486851314726,1.4090847195799312,-0.04823138279454242,0.007414645262315962,-0.07639400299812801,-2.507764146755649,0.501919259230196,1.3214387788036528,0.032429883564222294,-0.01822225796042261,-0.04910845949532585,0.09000117304571391,0.09000117304571391,0.0,0.12275664093258253,0.5310579230335564,-0.22471392024257764,-0.004144190073990762,-0.005607298516637346,-4.982246635969363,0,0.5243460622105643
56.01439999998973,-2.1352637574009052,0.5014442146742533,1.290202167789,0.006266180094438585,-0.016244310657055498,-0.011474338666433622,-1.7407689415629164,0.295692542799629,1.184047368246821,-0.017723139093279765,0.17121287281913591,-0.07181845181120049,-2.124299170383833,0.3991594792565799,1.2525923050488412,0.00789975942648279,0.07701041466374263,-0.06025678448990801,0.09000117304571391,0.09000117304571391,0.0,0.12271131330137558,0.5310964717381328,-0.2246355952483412,-0.004145873759729094,-0.005600995764758577,-4.982164698328526,0,0.5243954483229407
56.018559999989726,-2.135237608328544,0.5013765905175518,1.2901544256828075,0.006275777366711727,-0.01622979760836482,-0.01145810548620448,-1.818487440638657,0.2616084324305027,1.2841900752990578,-0.07517313863282402,-0.15239707795646174,0.04984320305449616,-1.9715482787563914,0.3300666944197117,1.2684968561756327,-0.03326823638783709,-0.03800685875184253,-0.006066113445745491,0.09000117304571391,0.09000117304571391,0.0,0.1226659389241193,0.5311350232812335,-0.22455740570935762,-0.004147563043048792,-0.005594705240760561,-4.982082740985607,0,0.5244447880001505
56.022719999989725,-2.1352114192532388,0.5013090267002225,1.2901067511447406,0.0062853780732901,-0.016215316159041784,-0.011441889136036065,-2.151565270598045,0.47660131198197997,0.662332678301149,-0.10449453648626444,-0.05330497383524252,-0.1038391245945956,-2.061775737639146,0.4032248004863181,0.9651950854005756,-0.0687048323895773,-0.04596493587890746,-0.05520704571106094,0.09000117304571391,0.09000117304571391,0.0,0.12262051766416578,0.5311735777850217,-0.2244793514468504,-0.004149257943773032,-0.00558842693812338,-4.982000763846346,0,0.5244940813288694
56.026879999989724,-2.135185190160426,0.5012415230906216,1.290059144104707,0.006294982275082928,-0.016200866304203584,-0.01142568960806915,-1.7132532053676355,0.25082389378439096,1.1500607392181414,0.09031617547612607,-0.06355897720106457,0.054497211888439645,-1.8873229954683806,0.3268912916776623,1.057744465403826,0.010227031623007678,-0.054862666283680646,-0.001278838860540108,0.09000117304571391,0.09000117304571391,0.0,0.12257504938504052,0.53121213537132,-0.2244014322817135,-0.0041509584817443,-0.005582160850291333,-4.9819187668161,0,0.5245433283958016
56.03103999998972,-2.135158921035288,0.5011740795571262,1.290011604492647,0.006304590033072959,-0.01618644803888797,-0.011409506894368426,-2.3624579814748974,0.8031740629258955,1.1308451677520917,-0.07555928456304034,-0.06864170671416575,-0.15119244389461867,-2.12504980952177,0.564894777689534,1.0939820669989435,-0.03322072262969529,-0.06249196636804217,-0.07681016104359221,0.09000117304571391,0.09000117304571391,0.0,0.12252953394980151,0.5312506961618232,-0.2243236480357946,-0.004152664676825341,-0.005575906970676586,-4.98183674979984,0,0.5245925292876789
56.03519999998972,-2.1351326118627534,0.5011066959681344,1.289964132238535,0.006314201408320413,-0.01617206135804122,-0.011393340986930487,-1.6534127211018315,0.6597876759974959,0.7986777488611356,0.08908503199931968,0.025408768021140105,-0.19023347663132326,-1.8890428769330148,0.6123945595454886,0.9459316089523309,0.028023461872752717,-0.018460284902041966,-0.1332489000274696,0.09000117304571391,0.09000117304571391,0.0,0.12248397122103877,0.5312892602779385,-0.22424599853082733,-0.004154376548899769,-0.0055696652926584675,-4.98175471270216,0,0.5246416840912602
56.03935999998972,-2.1351062626274953,0.5010393721920655,1.289916727272378,0.006323816461961965,-0.016157706256528296,-0.011377191877678083,-2.387478320885169,0.8943158755067513,0.804089670541936,-0.07330869783076638,-0.1940100365039769,-0.22639311909158236,-2.138416017329272,0.7529523990197111,0.8745395068376277,-0.022900273347647094,-0.10561998636529789,-0.18017602594790733,0.09000117304571391,0.09000117304571391,0.0,0.12243836106108785,0.5313278278410517,-0.22416848358928695,-0.004156094117872728,-0.005563435809585144,-4.981672655427269,0,0.5246907928933316
56.04351999998972,-2.135079873313932,0.5009721080973609,1.2898693895242177,0.006333435255217364,-0.01614338272911341,-0.011361059558470167,-1.9996609585418619,0.8997735421631128,1.0090490891634727,-0.11954421533100916,-0.17503414225127834,0.01376593032617947,-2.069286733022819,0.825998726381805,0.9418240531435487,-0.07094316752225552,-0.1397428921692487,-0.08330457624239232,0.09000117304571391,0.09000117304571391,0.0,0.12239270333160197,0.531366398972153,-0.22409110303396418,-0.004157817403671478,-0.005557218514770363,-4.981590577878998,0,0.5247398557807054
56.04767999998972,-2.135053443906226,0.5009049035524838,1.28982211892413,0.006343057849382111,-0.016129090770493456,-0.011344944021088167,-2.167170089309798,0.26038689545737237,1.5816485593607366,0.012523923123916801,0.029191332843291232,0.02696205071099908,-2.1182032071092376,0.5432498578596439,1.2617958954979434,-0.02913783648066512,-0.0554249164737102,-0.02771277287023216,0.09000117304571391,0.09000117304571391,0.0,0.122346997893765,0.5314049737922639,-0.22401385668796586,-0.004159546426246054,-0.005551013401498675,-4.981508479960796,0,0.5247888728402196
56.05183999998972,-2.135026974388285,0.5008377584259203,1.2897749154022247,0.006352684305834771,-0.016114830375271724,-0.011328845257247065,-1.9931125505259812,0.6178863310209248,1.272563755105177,0.15308924136276703,0.016477232098255985,-0.24390975733114234,-2.0553391477248266,0.580603486774497,1.2666719731784275,0.06223590380775883,-0.019765937611567187,-0.1355078336921493,0.09000117304571391,0.09000117304571391,0.0,0.12230124460893295,0.5314435524219565,-0.22393674437471556,-0.004161281205569631,-0.0055448204630226,-4.981426361575735,0,0.5248378441587374
56.055999999989716,-2.1350004647437597,0.5007706725861787,1.2897277788886472,0.00636231468603903,-0.01610060153796671,-0.011312763258592337,-2.7411325069387225,0.3243435139972891,1.218768287112,0.06222009673548156,0.011026471373591452,-0.11237470211246349,-2.398111533312934,0.4524957508056196,1.2424856095581716,0.062383379847844984,-0.004904883025685345,-0.1237267211728067,0.09000117304571391,0.09000117304571391,0.0,0.12225544333735111,0.5314821349818869,-0.22385976591838258,-0.004163021761639567,-0.0055386396925628046,-4.981344222626503,0,0.5248867698231472
56.060159999989715,-2.134973914956045,0.5007036459017911,1.2896807093135776,0.006371949051538439,-0.01608640425302846,-0.01129669801669446,-1.9084374714516912,0.9988410155242821,0.9756345751758635,-0.07188785823606944,-0.02655893680733366,0.19140390073302566,-2.153421289643158,0.7256170872336144,1.109456929692103,-0.004412303974765628,-0.015789590627599638,0.03353469677185076,0.09000117304571391,0.09000117304571391,0.0,0.12220959393943598,0.5315207215922607,-0.2237829211430274,-0.0041647681144778015,-0.0055324710833116325,-4.981262063015414,0,0.5249356499203613
56.06431999998971,-2.1349473250082784,0.5006366782413126,1.2896337066072314,0.0063815874639640965,-0.016072238514823624,-0.01128064952305423,-2.038341399190245,-0.2085277567283046,0.8163200936564186,0.18201892316395982,0.05107849070578468,0.01348384584010554,-2.095502187548549,0.2586438496021169,0.9629149092568224,0.08890796530097086,0.01789057136662078,0.023316874608384684,0.09000117304571391,0.09000117304571391,0.0,0.12216369627427856,0.5315593123733139,-0.22370620987345743,-0.004166520284131744,-0.005526314628431592,-4.981179882644402,0,0.5249844845373162
56.06847999998971,-2.134920694883341,0.5005697694733224,1.2895867706998603,0.006391229985028973,-0.016058104317649,-0.011264617769098581,-2.365386082727183,0.6360783525863237,2.2090224812116768,0.12936301741321996,-0.05941765511188636,-0.14796432121383535,-2.230175482166008,0.4472411082242601,1.5856704251341622,0.10842598967097324,-0.02121684756926056,-0.06268385416538376,0.09000117304571391,0.09000117304571391,0.0,0.12211775020178153,0.5315979074450446,-0.2236296319350152,-0.004168278290674352,-0.005520170321057531,-4.981097681415021,0,0.5250332737609714
56.07263999998971,-2.134894024563855,0.5005029194664237,1.2895399015217512,0.006400876676540225,-0.016044001655708504,-0.011248602746191645,-2.46995819576178,0.43884085582879007,1.057232342292084,-0.095724476608667,0.026985834722162108,0.10779443839342204,-2.3502667727031143,0.443099478483974,1.321672532653375,0.005955944113613023,0.0017151437779525031,0.022237904761577307,0.09000117304571391,0.09000117304571391,0.0,0.12207175558030811,0.5316365069272141,-0.22355318715272265,-0.004170042154205333,-0.0055140381542926244,-4.981015459228451,0,0.5250820176783099
56.07679999998971,-2.1348673140321868,0.5004361280892439,1.2894930990032278,0.006410527600387229,-0.016029930523150906,-0.011232604445616239,-2.1859594355822147,-0.22917960960549388,0.8808775816611295,0.0028854238246960808,-0.21364464826968263,-0.1927738614589828,-2.2681070016500255,0.1065117679864777,1.1008706637916659,0.004925203614894534,-0.10638971635365332,-0.0850883842244791,0.09000117304571391,0.09000117304571391,0.0,0.12202571226860488,0.5316751109395051,-0.22347687535256505,-0.004171811894851453,-0.005507918121214307,-4.980933215985492,0,0.5251307163763366
56.08095999998971,-2.134840563270443,0.5003693952104353,1.2894463630746504,0.006420182818552921,-0.016015890914042537,-0.011216622858588245,-1.9648474665498805,0.7517109568993704,1.145111185661716,0.14871574458385592,-0.15449043759758582,-0.11316952162571195,-2.116165706504301,0.4287941494550953,1.1227553861323596,0.07677226659694535,-0.1302484398824838,-0.09890652077889421,0.09000117304571391,0.09000117304571391,0.0,0.12197962012430554,0.5317137196013626,-0.22340069636106527,-0.00417358753276743,-0.005501810214871381,-4.980850951586569,0,0.5251793699420786
56.08511999998971,-2.1348137722604714,0.5003027206986754,1.289399693666416,0.00642984239310933,-0.016001882822380867,-0.011200657976252007,-2.2719099076787588,0.0818182828770932,0.9690309114748017,0.1876511945386556,-0.038989609213228915,0.020535007991494034,-2.1936486834725604,0.25522241479482055,1.0459358307379232,0.13225059637000441,-0.08449207606820792,-0.039696067219736335,0.09000117304571391,0.09000117304571391,0.0,0.12193347900499879,0.5317523330320462,-0.22332465000464258,-0.004175369088136253,-0.005495714428285435,-4.980768665931729,0,0.5252279784625846
56.08927999998971,-2.134786940983862,0.5002361044226666,1.289353090708959,0.0064395063862187005,-0.015987906242103708,-0.011184709789674837,-1.58327595740717,0.5027307061183911,1.4111238681339313,-0.08644158975524044,0.13828146564156912,-0.07676834579063417,-1.888638415290707,0.3792669644486448,1.2283730639187493,0.023192543754457326,0.026375255685526004,-0.058390919158550506,0.09000117304571391,0.09000117304571391,0.0,0.12188728876780096,0.5317909513507905,-0.22324873611046864,-0.004177156581170055,-0.005489630754453282,-4.980686358920645,0,0.5252765420249246
56.093439999989705,-2.1347600694219446,0.5001695462511372,1.2893065541327513,0.0064491748601399725,-0.015973961167066883,-0.011168778289858282,-2.3808710518702445,0.8462039416916766,1.3865312685431659,-0.0246918129282412,-0.16909892562424889,0.21279553427073616,-2.134809407079825,0.612387612757565,1.3078954778773517,-0.0008086676723051434,-0.07164414967572479,0.07737901076664265,0.09000117304571391,0.09000117304571391,0.0,0.1218410492693555,0.5318295746764838,-0.2231729545062554,-0.0041789500321106204,-0.005483559186343542,-4.980604030452612,0,0.5253250607161888
56.097599999989704,-2.1347331575557895,0.5001030460528411,1.2892600838683024,0.006458847877225647,-0.015960047591064685,-0.011152863467730739,-2.1462161421571,0.6169762556826398,0.9696799987933673,-0.29402128393049437,-0.12346255367886999,-0.04094900654850598,-2.1411244504316853,0.6144247991403998,1.1387009566406818,-0.14737684339364787,-0.09737276497370319,0.017858240955278847,0.09000117304571391,0.09000117304571391,0.0,0.12179476036583257,0.5318682031279891,-0.22309730501939967,-0.004180749461230127,-0.005477499716899058,-4.980521680426551,0,0.5253735346234882
56.1017599999897,-2.1347062053662067,0.5000366036965584,1.2892136798461602,0.006468525499922571,-0.015946165507832087,-0.011136965314143814,-1.9592415187860097,0.62772553776763,1.386649909370572,-0.051137351501744484,-0.10768769160583333,0.0541817688981955,-2.050289139156911,0.6208525259875461,1.2627900700583394,-0.09875209250834385,-0.10313144482498106,0.03591885345332432,0.09000117304571391,0.09000117304571391,0.0,0.12174842191292862,0.5319068368239293,-0.22302178747869528,-0.004182554888831796,-0.005471452339038497,-4.980439308741008,0,0.5254219638339531
56.1059199999897,-2.134679212833745,0.4999702190510958,1.2891673419969107,0.006478207790775731,-0.015932314911035098,-0.011121083819881196,-2.599319935430904,0.22685062614086687,1.051618411692093,0.11226907173239103,-0.08956246017862556,-0.1851022352503468,-2.3245750868250337,0.42366384209132535,1.1568190011310593,0.0068527403757359,-0.09697789103192522,-0.0751762805733385,0.09000117304571391,0.09000117304571391,0.0,0.12170203376565189,0.5319454758829012,-0.22294640171240934,-0.004184366335250442,-0.00546541704565511,-4.980356915294154,0,0.5254703484347337
56.1100799999897,-2.1346521799386933,0.4999038919852863,1.2891210702511788,0.006487894812426582,-0.015918495794280202,-0.011105218975650992,-2.4304773843785186,0.6987738431328033,1.7811190438775255,-0.010138145719935262,-0.009354312002912632,0.0033357501488562747,-2.377545435800536,0.5611998077303068,1.4689810683697708,-0.0029052078205175245,-0.05244888312328896,-0.0362806624152518,0.09000117304571391,0.09000117304571391,0.0,0.12165559577917748,0.5319841204231013,-0.22287114754977963,-0.004186183820852934,-0.005459393829618026,-4.980274499983784,0,0.5255186885129985
56.1142399999897,-2.1346251066610784,0.49983762236798995,1.2890748645396284,0.0064975866276168436,-0.01590470815111641,-0.01108937077208812,-2.1764544966208024,0.14929002969993804,1.2365925981499477,-0.06652369404092578,-0.09301289412632101,0.03356909212411621,-2.2771369365288465,0.35504860568473307,1.352855424490242,-0.034705522463090735,-0.07274436002911348,-0.001550008287309905,0.09000117304571391,0.09000117304571391,0.0,0.12160910780777835,0.5320227705629661,-0.22279602482037464,-0.004188007366039274,-0.005453382683773111,-4.98019206270732,0,0.5255669841559355
56.1183999999897,-2.134597992980665,0.499771410068094,1.2890287247929628,0.006507283299190726,-0.015890951975023725,-0.0110735391997587,-2.075912739502269,0.48261539318684843,1.4562227221116926,0.0024881742956712636,-0.02968444427747991,-0.025230993548838412,-2.1765192012137717,0.41877010002371684,1.4044875074806464,-0.01565589726438849,-0.05071262493606786,-0.013480633448701105,0.09000117304571391,0.09000117304571391,0.0,0.12156256970503804,0.5320614264203175,-0.22272103335430848,-0.004189836991242966,-0.005447383600941066,-4.980109603361811,0,0.52561523545075
56.1225599999897,-2.1345708388769564,0.499705254954513,1.2889826509419247,0.006516984890089417,-0.01587722725944057,-0.011057724249150216,-1.8000889607888104,1.0717074541074152,1.2817371556105195,-0.08512822575990246,0.14401236972358772,-0.17180694040479602,-1.9884776587607549,0.7455412497911025,1.3427561186537504,-0.050797485001299464,0.04742489456193063,-0.0935950838002943,0.09000117304571391,0.09000117304571391,0.0,0.12151598132470547,0.5321000881132707,-0.22264617298138545,-0.004191672716931587,-0.005441396573922079,-4.980027121843929,0,0.5256634424846653
56.126719999989696,-2.1345436443291925,0.49963915689618915,1.2889366429172968,0.006526691463362354,-0.01586353399773236,-0.011041925910681618,-2.2652941570444938,0.6487077401209783,1.5048420519683563,-0.1536083416191009,-0.08878650425479767,0.15575601355112803,-2.127207005926677,0.69693983380772,1.4241245437423633,-0.10235975888628819,-0.021003764129157602,0.03089320415368504,0.09000117304571391,0.09000117304571391,0.0,0.1214693425196262,0.5321387557595396,-0.2225714435328121,-0.004193514563607599,-0.005435421595491498,-4.979944618049976,0,0.5257116053449225
56.130879999989695,-2.1345164093163502,0.4995731157620924,1.2888907006499022,0.006536403082161796,-0.01584987218321442,-0.011026144174698606,-2.1432723358593866,0.6406358729128402,1.5732096638103434,-0.11461689716974625,-0.06171561188552964,0.07458942858810362,-2.1354763100789547,0.6686591280460401,1.498823415243537,-0.10938817186112812,-0.041374079556859435,0.05267870120602558,0.09000117304571391,0.09000117304571391,0.0,0.12142265314216892,0.5321774294767032,-0.22249684483948795,-0.004195362551808924,-0.005429458658402388,-4.979862091875879,0,0.525759724118779
56.135039999989694,-2.134489133817143,0.4995071314212209,1.2888448240706043,0.006546119809742074,-0.015836241809162283,-0.011010379031466672,-1.4886978277189233,0.3304263143633078,1.1272903148610012,-0.04134193258924045,-0.10205387119234458,-0.11561105474747314,-1.8121698820871872,0.49932877079097365,1.3128131451323082,-0.07472075894192047,-0.07203968111389127,-0.031141664391418515,0.09000117304571391,0.09000117304571391,0.0,0.12137591304443897,0.5322161093823661,-0.22242237673307486,-0.004197216702109635,-0.005423507755388864,-4.979779543217191,0,0.5258077988935091
56.13919999998969,-2.13446181781002,0.499441203742601,1.2887990131103078,0.006555841709468627,-0.015822642868782544,-0.010994630471185162,-1.901841744323549,0.11318240054161288,1.19695850196875,0.061057521409330684,-0.14843203719567521,-0.10489664272779763,-1.8568795384965437,0.3059444230995515,1.2546684655858584,-0.006794300411998466,-0.11036262588562476,-0.0688004541693461,0.09000117304571391,0.09000117304571391,0.0,0.12132912207785046,0.5322547955938911,-0.22234803904578498,-0.004199077035120515,-0.005417568879161654,-4.9796969719690924,0,0.5258558297564038
56.14335999998969,-2.1344344612731665,0.4993753325952875,1.2887532676999578,0.006565568844812951,-0.015809075355238098,-0.010978898483977722,-2.364911950186363,0.5312303874548997,1.170060498930599,0.05764246984465967,-0.15317243506927172,-0.10032323295849857,-2.110779298983949,0.4182704786720083,1.2121554009480868,0.025369161847592737,-0.13180862684424471,-0.08464644309276594,0.09000117304571391,0.09000117304571391,0.0,0.12128228009355327,0.5322934882285592,-0.2222738316095253,-0.004200943571489698,-0.005411642022411045,-4.979614378026391,0,0.525903816794769
56.14751999998969,-2.1344070641845025,0.499309517848364,1.2887075877705416,0.006575301279357543,-0.01579553926163746,-0.0109631830598942,-2.119115703361772,0.6121502113003249,1.0006145499327086,-0.0012775720527307376,0.021065881522845185,-0.042681131561134796,-2.1149515006242843,0.5152551155461742,1.1062916469803703,0.01266480154585275,-0.05518760313118393,-0.06218900595150838,0.09000117304571391,0.09000117304571391,0.0,0.12123538694221907,0.5323321874033018,-0.22219975425760977,-0.00420281633190339,-0.005405727177806039,-4.979531761283523,0,0.5259517600959266
56.15167999998969,-2.1343796265216826,0.49924375937094295,1.2886619732530877,0.006585039076793599,-0.015782034581052304,-0.010947484188908146,-2.5326026686597585,0.5338805031139713,1.053766343279111,-0.17752601952400793,-0.18858373437861942,0.07716685691408218,-2.324150570600667,0.5241756876062272,1.0801889858693983,-0.08178637894271427,-0.12187550896462508,0.007550465786476325,0.09000117304571391,0.09000117304571391,0.0,0.12118844247361303,0.5323708932353427,-0.22212580682283575,-0.004204695337086709,-0.005399824337997461,-4.979449121634549,0,0.5259996597472134
56.15583999998969,-2.1343521482620953,0.4991780570321659,1.2886164240786673,0.006594782300924653,-0.015768561306499947,-0.010931801860920066,-2.275562632144826,0.08186094741391325,1.7589905286215808,-0.013804786699742323,-0.01890761832088785,0.0038185309906844933,-2.2998842061041653,0.30297646730693856,1.419603575335277,-0.048169615109355246,-0.07067328009156211,0.005143433437886435,0.09000117304571391,0.09000117304571391,0.0,0.12114144653744828,0.5324096058413953,-0.22205198913940952,-0.004206580607803899,-0.005393933495615948,-4.9793664589731605,0,0.5260475158359811
56.15999999998969,-2.1343246293828635,0.49911241070120355,1.2885709401783934,0.006604531015667208,-0.015755119430956532,-0.010916136065757037,-2.216027369595122,0.5625202686707379,1.5206282832596332,0.0342455463458556,0.16713693375208902,0.03375183680875526,-2.2578842300111206,0.4330965600184187,1.4701856944810359,-0.006842921250132151,0.048824427021661024,0.019996158299873695,0.09000117304571391,0.09000117304571391,0.0,0.12109439898295837,0.5324483253384114,-0.2219783010410227,-0.00420847216485925,-0.0053880546432734724,-4.979283773192674,0,0.5260953284495958
56.164159999989685,-2.1342970698608426,0.4990468202472563,1.2885255214834217,0.006614285285056297,-0.0157417089473391,-0.010900486793176248,-2.020968155578033,0.9435338293033091,1.4250284431395237,0.19311283466969048,0.028885203417685242,0.08169869653729038,-2.1390229150318376,0.6883783538602138,1.4477781788784159,0.09314578446741911,0.039093125137316484,0.05012455736928476,0.09000117304571391,0.09000117304571391,0.0,0.12104729965846908,0.5324870518427789,-0.22190474236213537,-0.0042103700290977,-0.005382187773560372,-4.979201064186035,0,0.5261430976754372
56.168319999989684,-2.1342694696726205,0.49898128553955395,1.2884801679249516,0.0066240451732353135,-0.01572832984855045,-0.010884854032848584,-2.154689949088726,0.019839102802366115,1.497971084251277,-0.07170647601518891,-0.0857575346814646,-0.12726141323300322,-2.147005442971545,0.35392591298023435,1.4726097611968982,0.010611868449025836,-0.023437654196908277,-0.038306292696595017,0.09000117304571391,0.09000117304571391,0.0,0.1210001484120388,0.5325257854711766,-0.2218313129381921,-0.004212274221405533,-0.0053763328790530675,-4.979118331845815,0,0.526190823600899
56.17247999998968,-2.1342418287945186,0.4989158064473563,1.288434879434225,0.006633810744467877,-0.01571498212743786,-0.010869237774378213,-2.0261061308365016,0.3201622110880804,1.0669654456653812,0.10863663629850567,0.05551077723717555,-0.014814371293193032,-2.0863303107665963,0.3371591052363002,1.2697552210865568,0.060257923923085134,0.016118703472705526,-0.027172309901665363,0.09000117304571391,0.09000117304571391,0.0,0.1209529450916725,0.5325645263399867,-0.2217580126041257,-0.0042141847627108625,-0.005370489952309342,-4.979035576064217,0,0.5262385063133884
56.17663999998968,-2.134214147202589,0.4988503828399529,1.288389655942528,0.00664358206313936,-0.015701665776802147,-0.010853638007295564,-2.61974199611063,0.5664195639957509,1.322834009698599,0.038306504785999715,-0.1719743045185717,-0.11745913334958595,-2.3529596296726645,0.4514323644770128,1.296052561341808,0.04900478520537721,-0.07749607081745169,-0.07321685619367874,0.09000117304571391,0.09000117304571391,0.0,0.12090568954403856,0.532603274565508,-0.22168484119585402,-0.004216101673984634,-0.005364658985867679,-4.9789527967330685,0,0.5262861459003253
56.18079999998968,-2.134186424872615,0.4987850145866637,1.2883444973811904,0.006653359193751287,-0.015688380789413644,-0.010838054721053264,-2.583259898824669,0.7453996170819501,1.2299920316662987,0.17474351307105246,0.14538530535291616,-0.09494129917776117,-2.4677473356611017,0.598719058249371,1.2628232112757998,0.11158784717511952,0.034597163555388846,-0.08352576686505428,0.09000117304571391,0.09000117304571391,0.0,0.12085838161596413,0.5326420302639024,-0.2216117985496404,-0.004218024976240901,-0.005358839972250315,-4.978869993743825,0,0.5263337424491423
56.18495999998968,-2.134158661780111,0.4987197015568387,1.288299403681586,0.006663142200928138,-0.015675127158002025,-0.010822487905030551,-2.0856799973255926,-0.28736415503875307,1.0590043434729128,-0.0004403780613919644,0.07952015183907071,0.08710302146829353,-2.2767112018419713,0.15583603118533917,1.161093661710364,0.05524089640170487,0.05735374162509294,0.0017109652490715286,0.09000117304571391,0.09000117304571391,0.0,0.12081102115315231,0.5326807935513014,-0.22153888450209425,-0.004219954690537747,-0.005353032903962461,-4.978787166987573,0,0.5263812960472842
56.18911999998968,-2.1341308579003218,0.4986544436198584,1.2882543747751338,0.0066729311494134694,-0.01566190487526922,-0.01080693754852775,-2.5629968005330817,1.1666236902056508,1.1237788088405811,0.0005043295854965726,-0.06076965184017512,-0.14713341625549192,-2.4198546045798692,0.6611113474989384,1.1421310255064698,0.027707391493485646,-0.0020912871546251792,-0.07322319990020054,0.09000117304571391,0.09000117304571391,0.0,0.12076360800167807,0.5327195645438065,-0.22146609889060007,-0.004221890837977671,-0.005347237773494634,-4.978704316355022,0,0.5264288067822086
56.19327999998968,-2.1341030132082213,0.498589240645134,1.2882094105932973,0.0066827261040821465,-0.0156487139338589,-0.010791403640780907,-2.4297957241568646,0.5829471322555132,1.4481412271259,0.13676065307501564,-0.030847802905258688,-0.006714734410821464,-2.4245403217864547,0.6219624817448763,1.2951241127464526,0.08200875936116767,-0.015482638486357725,-0.03988262375723685,0.09000117304571391,0.09000117304571391,0.0,0.120716142006064,0.532758343356954,-0.2213934415524627,-0.004223833439708555,-0.005341454573317301,-4.9786214417365136,0,0.5264762747413835
56.197439999989676,-2.1340751276785133,0.4985240925021072,1.288164511067585,0.006692527129921689,-0.015635554326427395,-0.010775886170930856,-2.331494927172821,1.126823348592321,1.3198957182367832,0.06544944142401754,0.009002598662676567,0.020368473411757383,-2.377880292083287,0.8744153903889782,1.307551596255679,0.07346647860147729,-0.0033460824460084288,-0.009348176555400661,0.09000117304571391,0.09000117304571391,0.0,0.12066862301120318,0.532797130106891,-0.22132091232554923,-0.004225782516924272,-0.005335683295892884,-4.978538543022015,0,0.5265237000122891
56.201599999989675,-2.1340472012856297,0.49845899906025076,1.2881196761295515,0.00670233429205744,-0.01562242604555557,-0.010760385128060193,-2.4995467612637396,0.49570629277844835,0.9830107328189673,0.10659151377035606,-0.143224524273076,-0.1735052526210294,-2.438491285843938,0.6847591294968526,1.1449179290861613,0.08936094387912198,-0.07271894936915682,-0.09137841331888868,0.09000117304571391,0.09000117304571391,0.0,0.12062105086086294,0.5328359249091994,-0.22124851104871865,-0.004227738090865216,-0.00532992393366346,-4.978455620101123,0,0.5265710826824168
56.205759999989674,-2.134019234003731,0.49839396018906823,1.2880749057107965,0.006712147655737487,-0.01560932908381207,-0.010744900501170085,-2.217953168050473,0.427805802042894,1.525691596806917,0.022803084964176885,-0.021941263265139118,0.010403792998584968,-2.3281733774073348,0.556234483784232,1.3353294973400363,0.05614562111411647,-0.047070448401184434,-0.040700750895496275,0.09000117304571391,0.09000117304571391,0.0,0.12057342539853877,0.5328747278794836,-0.22117623756032537,-0.004229700182819001,-0.005324176479057615,-4.978372672863061,0,0.5266184228392685
56.20991999998967,-2.1339912258067044,0.4983289757580944,1.2880301997429666,0.006721967286340179,-0.01559626343373207,-0.01072943227918551,-1.976176593256567,0.3376120607182786,1.2444257839905395,0.1624539941415465,-0.13136322937624112,0.11591676687787945,-2.1518351313241824,0.44664827314481736,1.290117456377211,0.10953758950325579,-0.08909719514910493,0.037911343614467734,0.09000117304571391,0.09000117304571391,0.0,0.12052574646702652,0.5329135391331568,-0.22110409170014467,-0.004231668814121121,-0.005318440924489403,-4.978289701196679,0,0.5266657205703561
56.21407999998967,-2.1339631766681655,0.4982640456368951,1.2879855581577544,0.006731793249371589,-0.015583229087832905,-0.010713980450953326,-2.227264766193307,0.6980778904712474,1.6730406155303075,0.10889606904294785,-0.24469864785729034,0.004740702614594335,-2.189324590630779,0.5718559138632171,1.4815917512731054,0.1095124449239939,-0.16690659422418236,0.02124385666579351,0.09000117304571391,0.09000117304571391,0.0,0.1204780139090633,0.5329523587858679,-0.22103207330766336,-0.004233644006155651,-0.005312717262360984,-4.978206704990457,0,0.5267129759632028
56.21823999998967,-2.133935086561455,0.49819916969506767,1.2879409808868991,0.006741625610475811,-0.015570226038583957,-0.010698545005251763,-2.313431296144485,0.5782110889052057,1.5570339845910917,-0.017573361939707904,0.1762000169315936,0.10827119660974815,-2.2514167863384524,0.5753994098490038,1.519539018016935,0.04666163364661732,0.004926198366486844,0.0645494089493257,0.09000117304571391,0.09000117304571391,0.0,0.12043022756604425,0.532991186952754,-0.22096018222293523,-0.004235625780355971,-0.00530700548505762,-4.978123684132502,0,0.5267601891053404
56.22239999998967,-2.133906955459641,0.49813434780224075,1.2878964678621876,0.006751464435421767,-0.015557254278458447,-0.010683125930770233,-1.891320289577356,0.7517351790656983,1.6362218796068422,0.05999205964969745,0.015215271614533798,0.020035479076954778,-2.071239442847025,0.6635991113094011,1.5779234696894542,0.05246356213741047,0.010581869013193733,0.04203988238729542,0.09000117304571391,0.09000117304571391,0.0,0.12038238727973191,0.5330300237491346,-0.22088841828701059,-0.004237614158205327,-0.00530130558495587,-4.978040638510546,0,0.5268073600843112
56.22655999998967,-2.1338787833355153,0.4980695798280746,1.2878520190154537,0.006761309790120126,-0.015544313799882208,-0.010667723216133174,-2.3996566870739047,0.34771583507240744,0.9012399846843682,0.04842798428978412,0.12553192440668376,0.188258233612776,-2.235351054743274,0.5059159380451482,1.2399694925392575,0.05112905401313476,0.06825510164079875,0.11469310437825479,0.09000117304571391,0.09000117304571391,0.0,0.12033449289054597,0.5330688692902972,-0.2208167813406539,-0.00423960916123769,-0.005295617554416938,-4.977957568011951,0,0.5268544889876664
56.23071999998967,-2.133850570161596,0.498004865642261,1.2878076342785791,0.006771161740615221,-0.015531404595262147,-0.010652336849885266,-2.4757918100762715,0.6205205042541836,1.8312618182352174,0.06449145888753682,-0.19627270285158305,0.13909966504778676,-2.3554384690647776,0.5628136428886787,1.5359087584056421,0.057566353073923174,-0.06536769539587835,0.12706686451757734,0.09000117304571391,0.09000117304571391,0.0,0.12028654423884474,0.5331077236911778,-0.22074527122562768,-0.0042416108110381115,-0.00528994138578928,-4.977874472523705,0,0.5269015759029664
56.234879999989666,-2.1338223159101246,0.49794020511452347,1.2877633135834938,0.00678102035308603,-0.015518526656998833,-0.010636966820489329,-1.8665431449947067,0.19349995469052728,0.9079910350801238,0.1983751631747819,-0.05913779856804878,0.08122983248773862,-2.110575128271125,0.378031971769503,1.2221151647477349,0.12813333191137283,-0.06261961444830437,0.10381173175079968,0.09000117304571391,0.09000117304571391,0.0,0.1202385411642837,0.5331465870670007,-0.22067388778383812,-0.0042436191292437656,-0.005284277071412308,-4.977791351932424,0,0.5269486209177805
56.239039999989664,-2.1337940205530668,0.49787559811461746,1.2877190568621757,0.006790885693856123,-0.015505679977446084,-0.0106216131163418,-2.0214930332791687,0.3311900329305295,1.267461847239618,-0.02616614165434624,0.040785445774912145,0.12554197788682908,-2.066088192798292,0.3546948567557974,1.245049615251739,0.05114279817054276,-0.0106109846005643,0.11483496494167997,0.09000117304571391,0.09000117304571391,0.0,0.12019048350602866,0.533185459532478,-0.2206026308575497,-0.004245634137544266,-0.0052786246036099355,-4.97770820612435,0,0.5269956241196858
56.24319999998966,-2.133765684062111,0.4978110445123301,1.2876748640466518,0.006800757829383325,-0.015492864548967002,-0.010606275725749882,-2.1176580761159842,0.6306789545503819,0.7806071141888934,-0.03900053991145966,0.02468730330546551,-0.053785149274989424,-2.09195441579975,0.4927396142521771,1.012714037204054,0.005980968125919753,0.007310683880350363,0.030153932860826363,0.09000117304571391,0.09000117304571391,0.0,0.12014237110254128,0.5332243412027706,-0.2205315002900279,-0.0042476558576827715,-0.005272983974698735,-4.977625034985351,0,0.5270425855962688
56.24735999998966,-2.133737306408668,0.49774654417748054,1.2876307350689977,0.006810636826269877,-0.015480080363892104,-0.01059095463695096,-2.561513745912156,0.429175019919562,1.06633536660298,0.09251127656264117,0.21033769400027158,0.10617290081803145,-2.3265440986104067,0.46139449676854194,1.0397461891135038,0.04883321093416188,0.10874955647794726,0.06802610449885023,0.09000117304571391,0.09000117304571391,0.0,0.1200942037920061,0.5332632321924735,-0.2204604959242573,-0.0042496843114563105,-0.005267355176983416,-4.9775418384009225,0,0.5270895054351228
56.25151999998966,-2.1337088875638712,0.49768209697992,1.287586669861339,0.006820522751262888,-0.015467327414531594,-0.010575649838105597,-1.8003506163524459,0.1907476762765764,1.2355717807146085,0.07217423989688723,0.013306908399306356,-0.10346248781925681,-2.0632937816319195,0.32609703554723946,1.1374451434614021,0.060611141599654916,0.06095505457736539,-0.017701074531365466,0.09000117304571391,0.09000117304571391,0.0,0.12004598141147477,0.5333021326164699,-0.22038961760443904,-0.0042517195207166765,-0.00526173820275693,-4.977458616256186,0,0.5271363837238496
56.25567999998966,-2.1336804274985743,0.49761770278953166,1.2875426683558502,0.006830415671248764,-0.01545460569319608,-0.010560361317291728,-1.8658394531343827,0.8015115289200354,1.4650212959631752,0.10700768515384093,-0.17826755880238554,0.1873238589903658,-1.9643431606913935,0.5634355792452872,1.3016255928929814,0.08404583533235285,-0.058045493383947044,0.08458055067470624,0.09000117304571391,0.09000117304571391,0.0,0.11999770379814792,0.5333410425895043,-0.22031886517449523,-0.004253761507370887,-0.005256133044304837,-4.977375368435889,0,0.5271832205500582
56.25983999998966,-2.133651926183352,0.497553361476231,1.2874987304847563,0.006840315653267127,-0.015441915192156026,-0.010545089062519176,-1.785538697454453,0.13891735246894754,1.0864317259726266,0.05864240216781342,-0.04534954683191966,-0.2164755058951422,-1.8748198744715046,0.35107935925581485,1.1935766493099946,0.0723896760903852,-0.05178954570707523,-0.0658120637335445,0.09000117304571391,0.09000117304571391,0.0,0.11994937078809245,0.5333799622259686,-0.2202482384793525,-0.004255810293381972,-0.005250539693898956,-4.977292094824405,0,0.5272300160013647
56.26399999998966,-2.1336233835885,0.4974890729099656,1.2874548561803325,0.006850222764495845,-0.01542925590370629,-0.01052983306170565,-1.7216510777539844,0.0489920800232419,1.5099942686228056,0.06749345635467233,-0.03405535514558995,-0.1683857959342346,-1.7980942097054597,0.19996319747658584,1.3514362196382341,0.07003314911860938,-0.043128343170443825,-0.11650771471901782,0.09000117304571391,0.09000117304571391,0.0,0.11990098221730937,0.5334188916407567,-0.22017773736430218,-0.004257865900769877,-0.005244958143807443,-4.9772087953057325,0,0.5272767701653923
56.268159999989656,-2.1335947996840323,0.4974248369607152,1.2874110453749046,0.0068601370722710464,-0.01541662782009295,-0.0105145933027065,-2.049090051764783,0.5569092048682229,1.1757367805642085,-0.02456363929499783,0.125649210787947,-0.1698485732952503,-1.9236445684404326,0.3786996094196119,1.2632327675986845,0.022543525708498883,0.041459364587848366,-0.1435483607180741,0.09000117304571391,0.09000117304571391,0.0,0.11985253792066458,0.5334578309480891,-0.22010736167478692,-0.00425992835161193,-0.005239388386284689,-4.977125469763496,0,0.5273234831297712
56.272319999989655,-2.133566174439682,0.497360653498492,1.2873672980008493,0.006870058644073096,-0.015404030933574163,-0.01049936977328927,-2.0315682177905368,0.40212523157406493,1.221729097706334,-0.0739519220326184,-0.09209132828328642,-0.15189093244517052,-1.9777610275181863,0.39022106141659285,1.2421659898311515,-0.025668517580971762,-0.025319111264358634,-0.148332814285721,0.09000117304571391,0.09000117304571391,0.0,0.11980403773274288,0.5334967802626883,-0.22003711125704295,-0.004261997668043572,-0.005233830413578771,-4.977042118080944,0,0.5273701549821376
56.276479999989654,-2.1335375078249004,0.4972965223933404,1.2873236139905946,0.006879987547535826,-0.015391465236391753,-0.0104841624611464,-2.4788984840594375,0.3917042013092051,0.9703613883315922,0.07123563457655914,0.15028017915377315,-0.00845555523803336,-2.228185195082401,0.3912750592112302,1.10624384547049,0.022825747777226783,0.06254667745501881,-0.07823274930348231,0.09000117304571391,0.09000117304571391,0.0,0.11975548148763403,0.5335357396988174,-0.219966985957674,-0.004264073872259003,-0.005228284217929223,-4.976958740140952,0,0.5274167858101343
56.28063999998965,-2.133508799808857,0.49723244351533713,1.2872799932766201,0.006889923850445419,-0.015378930720786173,-0.01046897135388963,-2.016563054030936,0.3450217864215949,1.4132160084595542,0.004448886558454534,0.10676376401374554,0.05813069986898799,-2.1223631379025814,0.368371412799831,1.2598528272272556,0.01351718910563895,0.08405224896992634,-0.009983809694430771,0.09000117304571391,0.09000117304571391,0.0,0.11970686901871828,0.5335747093708134,-0.21989698562365176,-0.004266156986512086,-0.005222749791568903,-4.9768753358260165,0,0.5274633757014101
56.28479999998965,-2.133480050360437,0.4971684167345914,1.2872364357914574,0.006899867620744485,-0.015366427378983633,-0.010453796439055101,-2.4104785033484837,0.9959513187290407,1.5506301449960702,0.07889029608194394,-0.039853226854946966,-0.0001822465253835618,-2.266258026444203,0.6820810987552829,1.4052417776575257,0.04585299799162857,0.022956088767444552,-0.004427746356364673,0.09000117304571391,0.09000117304571391,0.0,0.11965820015866563,0.5336136893931953,-0.21982711010253084,-0.004268247033116915,-0.0052172271267222365,-4.976791905018262,0,0.5275099247436199
56.28895999998965,-2.1334512594482433,0.49710444192124476,1.2871929414676904,0.006909818926533522,-0.015353955203194998,-0.010438637704104239,-2.303101772290805,1.0374438432488293,1.2726008001767646,-0.16089523873306677,-0.15671164158313838,0.053402855281941795,-2.285015561048735,0.8594372496755288,1.3390311086732216,-0.05714896706293422,-0.06602369833323685,0.02464179692434276,0.09000117304571391,0.09000117304571391,0.0,0.11960947473964872,0.5336526798800219,-0.2197573592424501,-0.0042703440344483146,-0.005211716215604087,-4.9767084475994325,0,0.5275564330244237
56.29311999998965,-2.133422427040593,0.4970405189454712,1.2871495102379553,0.006919777836064437,-0.015341514185655155,-0.010423495136408821,-2.0740589298000804,0.9352107223627688,2.278912838009648,-0.03208369440649797,-0.10800704470840645,0.178628554175551,-2.1796019485236484,0.8970989372915965,1.8093503752660398,-0.04488426336957467,-0.08656673589385504,0.10148928225935623,0.09000117304571391,0.09000117304571391,0.0,0.11956069259334254,0.5336916809456401,-0.2196877328917055,-0.00427244801294291,-0.005206217050427137,-4.9766249634509,0,0.5276029006314871
56.29727999998965,-2.133393553105519,0.4969766476774771,1.2871061420349417,0.006929744417753498,-0.015329104318574562,-0.010408368723269727,-2.2227767960538016,0.41754904264729836,1.567198805151952,-0.08896791738375967,0.009489637024608408,0.07650280004428402,-2.2013761021710314,0.6573420519001558,1.6884318826886326,-0.0662611136344122,-0.03935221737947249,0.08906335380152557,0.09000117304571391,0.09000117304571391,0.0,0.11951185355070988,0.5337306927043114,-0.21961823089939292,-0.004274558991099622,-0.005200729623395585,-4.976541452453656,0,0.5276493276524811
56.30143999998965,-2.1333646376107684,0.4969128279875014,1.287062836791392,0.006939718740176656,-0.015316725594166022,-0.010393258451907495,-2.737546999719997,0.3343885297456751,0.8133685864982152,0.012316701435039431,-0.04402768790879928,-0.04521939719612873,-2.469439076103529,0.49577289507804484,1.2507996369105567,-0.027269732609664955,-0.04238226485708915,0.02213223898103849,0.09000117304571391,0.09000117304571391,0.0,0.11946295744221457,0.5337697152699972,-0.21954885311498137,-0.0042766769914804135,-0.00519525392670742,-4.976457914488316,0,0.5276957141750817
56.305599999989646,-2.1333356805238015,0.4968490597458154,1.2870195944401026,0.006949700872071637,-0.015304378004646095,-0.010378164309462128,-1.5978123828530166,0.6382589069693974,1.2677765713466411,-0.15113535053383004,0.07211844199595352,0.03419783959616647,-2.033933966155426,0.5671668939264227,1.2593594738104825,-0.08920483633058604,0.014864801235237483,0.028106386323921765,0.09000117304571391,0.09000117304571391,0.0,0.11941400409739297,0.5338087487571075,-0.2194795993880999,-0.004278802036711151,-0.0051897899525557515,-4.976374349435119,0,0.5277420602869695
56.309759999989645,-2.1333066818117916,0.4967853428227228,1.2869764149139236,0.0069596908823411656,-0.015292061542221243,-0.01036308628299705,-2.325625945457273,0.6212165912340701,1.3485224754474112,0.035119581837767866,0.08175843085756071,-0.05355432855159875,-2.1797090980330167,0.5943610593789482,1.30383081111502,-0.02697902269944483,0.04884422398559261,-0.013009178001652959,0.09000117304571391,0.09000117304571391,0.0,0.11936499334549461,0.5338477932794857,-0.21941046956960825,-0.00428093414948192,-0.005184337693126654,-4.976290757173923,0,0.5277883660758296
56.31391999998964,-2.133277641441625,0.49672167708855985,1.286933298145759,0.006969688840051133,-0.015279776199112291,-0.010348024359493252,-2.4964295555335076,0.1291180710462052,1.1911123952844973,-0.11552080832816693,-0.11968030757335497,-0.07484351531710458,-2.338312038793093,0.36148739378844835,1.2473143032647054,-0.07114046369251077,-0.03541478928394028,-0.043519036297834955,0.09000117304571391,0.09000117304571391,0.0,0.11931592501526815,0.5338868489513167,-0.2193414635098868,-0.004283073352548121,-0.005178897140602927,-4.976207137584211,0,0.5278346316293518
56.31807999998964,-2.133248559379898,0.4966580624136951,1.2868902440685681,0.006979694814435938,-0.015267521967539246,-0.010332978525851367,-1.0455737549207955,0.8604275860896478,0.9932235764569404,0.06069364636299263,0.02062900029579272,0.029040676120545124,-1.6918089661994768,0.6110048917283516,1.1203287176697851,-0.004579695186328172,-0.007878636725777903,-0.007797769346790009,0.09000117304571391,0.09000117304571391,0.0,0.11926679893431917,0.5339259158866458,-0.21927258106054806,-0.004285219668731244,-0.005173468287162795,-4.976123490545085,0,0.5278808570352301
56.32223999998964,-2.133219435592919,0.4965944986685296,1.2868472526153645,0.00698970887489894,-0.015255298839718162,-0.010317948768896598,-2.3236870283175746,0.7962604461567735,1.5046435257255268,-0.01474567338723403,0.05444488154650141,0.026450920377139114,-2.0077832939057987,0.7037476119792199,1.3125428216318693,-0.00956369394229996,0.023085383376328247,0.009808321757213563,0.09000117304571391,0.09000117304571391,0.0,0.11921761492996412,0.5339649941995399,-0.21920382207336903,-0.004287373120919189,-0.005168051124978652,-4.976039815935267,0,0.5279270423811627
56.32639999998964,-2.1331902700467067,0.4965309857234968,1.286804323719217,0.006999731091012386,-0.015243106807876147,-0.010302935075371366,-2.1086322608129513,0.24137393129678042,0.7834820159003526,0.04253460539149515,0.0031090828366757625,-0.0826845354434377,-2.058120302703797,0.472565092073955,1.0478385496816638,0.016621755310964558,0.01257483722708449,-0.03730463803972315,0.09000117304571391,0.09000117304571391,0.0,0.11916837282923035,0.5340040840038194,-0.21913518640050544,-0.004289533732067198,-0.005162645646219358,-4.975956113633101,0,0.527973187754851
56.33055999998964,-2.133161062706988,0.4964675234490624,1.2867614573132506,0.007009761532521273,-0.015230945864248911,-0.010287937431936603,-1.8303903549317377,0.5005163923628588,0.8133022383439312,-0.004875567529946209,-0.14232362673948215,0.14165358121042426,-1.944264501053803,0.4862446971343041,0.9308634724931317,0.006174865374909199,-0.06476270274327726,0.05212247597094258,0.09000117304571391,0.09000117304571391,0.0,0.11911907245757243,0.5340431854135927,-0.21906667389513484,-0.004291701525198926,-0.005157251843050737,-4.97587238351655,0,0.5280192932440007
56.33471999998964,-2.133131813539199,0.49640411171572457,1.2867186533306458,0.0070198002693395035,-0.0152188160010879,-0.010272955825170795,-1.8859458679937837,0.321179138227514,1.305032725825061,-0.22784249442494853,0.061332538884678905,0.09867646142411943,-1.9155789097367792,0.40383833191553664,1.1181562383868242,-0.11070942947844457,-0.001722854200576807,0.07526338609169263,0.09000117304571391,0.09000117304571391,0.0,0.11906971364058104,0.534082298542883,-0.2189982844103886,-0.004293876523406624,-0.005151869707637431,-4.9757886254631964,0,0.5280653589363207
56.338879999989636,-2.133102522508484,0.4963407503940136,1.2866759117046394,0.0070298473715621305,-0.015206717210628468,-0.010257990241581453,-1.8349585086912121,0.5524073474041976,1.5502697993029009,-0.022093731836879436,-0.12245880390400381,-0.03599794507198656,-1.8753146525456632,0.47786951601856725,1.3341403009846822,-0.06614127464983037,-0.06225019241544525,0.02005667389128193,0.09000117304571391,0.09000117304571391,0.0,0.11902029620334206,0.534121423505467,-0.2189300177999935,-0.004296058749851919,-0.005146499232137067,-4.975704839350241,0,0.5281113849195236
56.343039999989635,-2.1330731895796946,0.4962774393544922,1.2866332323685243,0.007039902909457406,-0.015194649485137072,-0.01024304066758658,-2.397543837553023,0.7914051302942484,1.6047624569539458,-0.07017265992484423,-0.06245519656406866,-0.21789504474347013,-2.1365785177953196,0.6345089572076132,1.4689986489520317,-0.0683195379799406,-0.06203777169209512,-0.0982267752000991,0.09000117304571391,0.09000117304571391,0.0,0.11897081996936634,0.5341605604154099,-0.21886187391805909,-0.004298248227767138,-0.0051411404087069,-4.975621025054503,0,0.528157371281325
56.347199999989634,-2.1330438147173885,0.4962141784677552,1.2865906152556512,0.00704996695347151,-0.015182612816880096,-0.010228107089527011,-2.339626151572347,0.446456692896783,1.2331037430438645,-0.02938736418049611,-0.0909387454447943,-0.020596295296846784,-2.2381644701180057,0.540293080598302,1.3510071584411913,-0.04905320638613459,-0.07683327697172214,-0.05963423054349231,0.09000117304571391,0.09000117304571391,0.0,0.11892128476251258,0.5341997093865846,-0.21879385261972079,-0.00430044498045526,-0.005135793229500876,-4.9755371824524195,0,0.5282033181094433
56.35135999998963,-2.1330143978858294,0.49615096760442956,1.2865480602994277,0.007060039574230145,-0.015170607198144533,-0.010213189493660617,-2.245958923399864,0.5592961423345783,1.6020462304220728,-0.007446301268091517,-0.08346509328590987,-0.1851847620872679,-2.24207854955951,0.5496210526125545,1.4761419427322309,-0.02762243784645047,-0.08010699369836372,-0.12176222375100287,0.09000117304571391,0.09000117304571391,0.0,0.11887169040549105,0.5342388705328845,-0.2187259537602859,-0.004302649031291269,-0.005130457686672129,-4.975453311420044,0,0.5282492254916004
56.35551999998963,-2.1329849390489852,0.49608780663517443,1.2865055674333188,0.007070120842540587,-0.015158632621227717,-0.010198287866165485,-2.3888847519496084,-0.08194087391878119,1.1393450198148838,0.0440137827495233,0.0658491807636271,-0.04998254374642868,-2.315391179521213,0.23397341503343871,1.3076376363989362,0.008214591345103456,-0.007513613668604745,-0.08610493877974683,0.09000117304571391,0.09000117304571391,0.0,0.11882203672007573,0.5342780439682788,-0.2186581771952335,-0.004304860403722698,-0.005125133772372135,-4.975369411833049,0,0.5282950935155202
56.35967999998963,-2.1329554381705296,0.49602469543068095,1.2864631365908474,0.007080210829391327,-0.015146689078441824,-0.010183402193136869,-2.495355630348502,0.3415510781310788,1.26846655695875,-0.10236097330647408,0.03818660203473172,0.1918897183775038,-2.405587117240883,0.28784233094775624,1.2884513149179813,-0.04728481813699159,0.0153794553368953,0.052697984438142664,0.09000117304571391,0.09000117304571391,0.0,0.1187723235283867,0.5343172298065435,-0.2185905227808572,-0.004307079121270064,-0.005119821478751231,-4.9752854835667195,0,0.5283409222689295
56.36383999998963,-2.132925895213838,0.4959616338616722,1.286420767705595,0.007090309605960203,-0.01513477656210535,-0.010168532460592655,-1.3444369810323338,0.4061916480058075,0.7739742485680341,7.37585824376304e-05,-0.04002220605735542,0.14962082221508358,-1.8750041775561113,0.3469328557868004,1.0315201373914047,-0.023749340480053827,-0.011492321580015482,0.10127401650324759,0.09000117304571391,0.09000117304571391,0.0,0.11872255065053798,0.5343564281617968,-0.21852299037405265,-0.004309305207528212,-0.005114520797956813,-4.975201526495959,0,0.5283867118395575
56.36799999998963,-2.1328963101419895,0.4958986217989032,1.2863784607112014,0.0071004172436062735,-0.015122895064562462,-0.010153678654465429,-2.2923638260104235,0.8970244652183477,1.01228027117661,-0.07728791724390192,0.18767632535721274,-0.07423281326755131,-2.083848902093769,0.6223716137558277,1.0217457986968301,-0.04992703092912305,0.08868381338805079,0.013468778136124822,0.09000117304571391,0.09000117304571391,0.0,0.11867271790720145,0.5343956391476978,-0.21845557983210495,-0.004311538686166421,-0.005109231722136634,-4.975117540495284,0,0.5284324623151361
56.37215999998963,-2.132866682917765,0.4958356591131608,1.2863362155413656,0.007110533813878507,-0.015111044578176629,-0.010138840760605745,-2.237238573071012,0.3217987149590368,1.1341673186552987,-0.13754399163502223,0.0006324031075151497,0.02539357040143121,-2.1608302430427706,0.47208432777996945,1.07800894136701,-0.09404503613996514,0.04468716082487227,0.02001792937658276,0.09000117304571391,0.09000117304571391,0.0,0.11862282511746908,0.5344348628784078,-0.21838829101268925,-0.004313779580929809,-0.005103954243438791,-4.975033525438827,0,0.5284781737833987
56.376319999989626,-2.132837013503646,0.49577274567526364,1.2862940321298457,0.00712065938851537,-0.015099225095322657,-0.010124018764784394,-2.4928915619748437,0.48844537183609804,0.6680003790391255,-0.12403290428174411,-0.13822523114061908,-0.05111635107727488,-2.327121058996022,0.4799774470400454,0.872894506568552,-0.10911010860372398,-0.04675117718537574,-0.015081091704237137,0.09000117304571391,0.09000117304571391,0.0,0.11857287210034786,0.5344740994675754,-0.21832112377429963,-0.004316027915639535,-0.005098688354010235,-4.974949481200333,0,0.5285238463320809
56.380479999989625,-2.132807301861815,0.4957098813560619,1.2862519104104595,0.00713079403944423,-0.015087436608410817,-0.010109212652684867,-2.5589455236514027,0.5173000149316146,1.067068096064188,0.02034634147015383,0.08863027256646665,-0.16120417842192072,-2.442992718163119,0.49882336222216583,0.969647788096753,-0.04433032786841763,0.02092045748961127,-0.08833910796448805,0.09000117304571391,0.09000117304571391,0.0,0.11852285867390461,0.5345133490294054,-0.21825407797539464,-0.004318283714194039,-0.005093434046000742,-4.97486540765316,0,0.5285694800489208
56.38463999998962,-2.1327775479541535,0.49564706602643754,1.286209850317085,0.007140937838791088,-0.015075679109845214,-0.010094422409917703,-2.0748547994854336,0.7445350265559679,1.4356408292606113,0.06712135119934533,-0.06711084644619005,-0.04449534873119906,-2.258780408263704,0.6215412642924644,1.2025552193520235,0.010828654246549444,-0.023060300632784737,-0.06651568382964806,0.09000117304571391,0.09000117304571391,0.0,0.11847278465526445,0.5345526116775365,-0.21818715347568152,-0.004320547000569382,-0.005088191311556382,-4.974781304670279,0,0.5286150750216573
56.38879999998962,-2.1327477517422415,0.4955842995573038,1.2861678517836599,0.007151090858867784,-0.015063952592087263,-0.01007964802199848,-1.9387171533133674,0.9170291016237881,0.9368100109450466,-0.194759655725125,-0.0889321626889075,0.06083233254246952,-2.0991518959913287,0.7691027796303427,1.0698085158463673,-0.09182712221400173,-0.056234988352817206,-0.0034416228560160897,0.09000117304571391,0.09000117304571391,0.0,0.1184226498614654,0.5345918875262171,-0.21812035013462025,-0.004322817798820236,-0.005082960142829205,-4.974697172124273,0,0.5286606313380318
56.39295999998962,-2.1327179131873573,0.49552158181960554,1.2861259147441833,0.007161253172190919,-0.015052257047588686,-0.01006488947437172,-2.770394121212394,0.7299554429491704,1.0860887414215799,0.09836643109970758,-0.0646978025384564,-0.15297053084306847,-2.4345718741190256,0.7493960097371065,1.0776304547624187,0.0026650065646476873,-0.0613034373546981,-0.07814191366571895,0.09000117304571391,0.09000117304571391,0.0,0.11837245410838904,0.534631176689237,-0.21805366781270752,-0.004325096133080552,-0.005077740531968191,-4.974613009887334,0,0.5287061490857868
56.39711999998962,-2.132688032250476,0.4954589126843187,1.2860840391327149,0.0071714248514701245,-0.015040592468846304,-0.010050146752391416,-2.5143243392647134,0.74315678231924,1.2148319814003068,0.024468455638527002,-0.03547616801588829,-0.16624466290310758,-2.474396587660566,0.7462015453301406,1.14588701519581,0.012996301924286508,-0.04790213479507372,-0.12248630263903355,0.09000117304571391,0.09000117304571391,0.0,0.11832219721140055,0.5346704792804609,-0.21798710637083654,-0.004327382027564478,-0.0050725324711259415,-4.974528817831268,0,0.5287516283526662
56.40127999998962,-2.132658108892269,0.4953962920224504,1.286042224883376,0.007181605969614223,-0.015028958848386032,-0.01003541984132737,-2.1283780111229467,0.24802143947757835,1.341491158330885,0.10885975179625432,-0.15031367074233357,-0.16254178509792147,-2.3011570380444524,0.4967952616547519,1.243353552539112,0.060241520838275976,-0.09905486152181545,-0.14307849385202226,0.09000117304571391,0.09000117304571391,0.0,0.11827187898513436,0.5347097954142569,-0.2179206656705122,-0.004329675506567168,-0.005067335952458653,-4.974444595827487,0,0.5287970692264158
56.40543999998962,-2.1326281430731036,0.49533371970503903,1.2860004719303495,0.007191796599740237,-0.015017356178729563,-0.01002070872637881,-2.1634939781427063,0.9782076516640457,1.522852138426711,0.10928421352985485,0.02626581114970565,-0.022647658624977085,-2.2320973938780844,0.7375598059201803,1.3830576594234705,0.08483525060304943,-0.036570097910099436,-0.08285377242533801,0.09000117304571391,0.09000117304571391,0.0,0.11822149924349327,0.5347491252042677,-0.2178543455732096,-0.004331976594465203,-0.0050621509681192224,-4.974360343747014,0,0.5288424717947818
56.40959999998962,-2.1325981347530405,0.49527119560315375,1.2859587802078802,0.007201996815159615,-0.015005784452467173,-0.010006013392643473,-2.014382337634344,0.7239338963427091,1.1316094315156129,-0.09615552781765353,0.12582313365930958,-0.07480175565133604,-2.123438872146263,0.7310084685000048,1.2571750050618715,-0.005394122063820174,0.04461407772477118,-0.07825347277441295,0.09000117304571391,0.09000117304571391,0.0,0.11817105779964751,0.534788468764799,-0.21778814594165868,-0.00433428531571791,-0.005056977510268607,-4.97427606146048,0,0.5288878361455122
56.413759999989615,-2.132568083891835,0.49520871958789464,1.2859171496502755,0.007212206689394774,-0.014994243662190005,-0.00999133382514791,-2.1503274900159948,0.28284089856725825,0.8368062424401521,-0.15460264414247665,0.01340291819378056,0.022532739767817934,-2.137205329734002,0.506949921861766,1.0470353992658752,-0.07980058694060212,0.028771665661339676,-0.028275333821152014,0.09000117304571391,0.09000117304571391,0.0,0.11812055446603385,0.5348278262096987,-0.21772206663856228,-0.004336601694867709,-0.005051815571067602,-4.974191748838123,0,0.5289331623663552
56.417919999989614,-2.132537990448934,0.4951462915303924,1.2858755801919053,0.0072224262961718185,-0.014982733800532732,-0.009976670008828575,-1.4512510295723406,0.5776104446430892,1.8161304646005374,0.011111619435507147,-0.015442953375241718,-0.022125555230666172,-1.7942016411962958,0.542247613832465,1.4315428326188797,-0.033689946033367266,0.007120601998883007,-0.025460232715880486,0.09000117304571391,0.09000117304571391,0.0,0.11806998905435483,0.5348671976534247,-0.21765610752745232,-0.004338925756541085,-0.005046665142681378,-4.974107405749789,0,0.5289784505450612
56.42207999998961,-2.132507854383478,0.49508391130180845,1.285834071767203,0.007232655709427592,-0.014971254860149722,-0.009962021928542246,-2.426019923834861,0.947574359370932,1.5529129249020097,-0.021753346348177854,0.06983005677219357,0.016848783913019284,-2.1101598940813067,0.7450589376477265,1.4922633658567792,-0.027989708168126133,0.038533684892233806,-0.004112649512990751,0.09000117304571391,0.09000117304571391,0.0,0.11801936137579162,0.53490658320971,-0.2175902684724776,-0.004341257525449203,-0.005041526217276802,-4.974023032064928,0,0.52902370076938
56.42623999998961,-2.1324776756542976,0.4950215787733345,1.2857926243106652,0.00724289500330647,-0.01495980683374387,-0.009947389569056025,-2.4128567732700312,1.0637312232834448,0.5111921521696695,0.08071942944861478,-0.015595522204943401,-0.11418837990119146,-2.261341459188706,0.9043641345790421,1.0014823578935867,0.025829684742072253,0.011827191257012174,-0.05864937141615551,0.09000117304571391,0.09000117304571391,0.0,0.11796867124057589,0.534945982992951,-0.2175245493379767,-0.0043435970263890795,-0.005036398787026877,-4.973938627652597,0,0.5290689131270631
56.43039999998961,-2.1324474542199137,0.4949592938161927,1.2857512377568525,0.007253144252166315,-0.01494838971404369,-0.009932772915054545,-2.3373646060224216,0.815434856040582,0.8795733616502732,0.10809569360423335,-0.027272870230468888,-0.05940202163327813,-2.2991289606579977,0.8598403104154857,0.9404035014273955,0.06706896844765782,-0.0068375983242720964,-0.0590492997140152,0.09000117304571391,0.09000117304571391,0.0,0.11791791845841623,0.534985397117408,-0.21745894998912063,-0.004345944284244146,-0.005031282844108252,-4.973854192381456,0,0.5291140877058625
56.43455999998961,-2.1324171900385362,0.4948970563016352,1.2857099120403894,0.00726340353058416,-0.014937003493791004,-0.009918171951146876,-2.1832792634286657,0.7099029653730647,1.3758782833428407,-0.02615887051211572,0.07916768452230172,0.021810122747533505,-2.2412574461154944,0.7850344886380197,1.1581881039749071,0.020333611792423673,0.03652812603796836,-0.01804772914110048,0.09000117304571391,0.09000117304571391,0.0,0.11786710283785588,0.5350248256970963,-0.21739347029127223,-0.004348299323984969,-0.005026178380697339,-4.973769726119769,0,0.5291592245935306
56.43871999998961,-2.132386883068064,0.49483486610094435,1.285668647095965,0.007273672913342363,-0.01492564816580574,-0.009903586661839018,-2.0935603868976895,0.07255050662752505,1.4149099346760878,-0.04491034673220287,-0.02820365050684554,-0.0708901871190617,-2.167501552913907,0.4287288750505777,1.2864033629906455,-0.012160279893460609,0.004153980742022854,-0.04446402999441369,0.09000117304571391,0.09000117304571391,0.0,0.11781622418712684,0.5350642688466429,-0.21732811011062864,-0.004350662170670306,-0.005021085388981635,-4.973685228735403,0,0.5292043238778205
56.44287999998961,-2.132356533266083,0.49477272308543224,1.2856274428583336,0.007283952475450861,-0.014914323722901583,-0.009889017031569315,-1.8646511831912402,0.7423012030587011,1.467280189352586,0.20691477756462123,-0.03246461447515945,-0.10536373066734019,-2.0156438043077007,0.5854503645393351,1.3766209061552646,0.09733061036989946,-0.014468749077272655,-0.07347602651163203,0.09000117304571391,0.09000117304571391,0.0,0.11776528231372184,0.5351037266800034,-0.21726286931400926,-0.004353032849447549,-0.00501600386114797,-4.973600700095827,0,0.5292493856464855
56.447039999989606,-2.132326140589866,0.4947106271264407,1.2855862992623142,0.007294242292131684,-0.01490303015796704,-0.009874463044676752,-1.1959930367180691,0.5143223683519194,1.1408057560970422,0.09399955667852189,-0.019489922173268212,-0.018255539317360733,-1.605616790071448,0.5498450763944835,1.2586722491256668,0.0954832492923722,-0.016856947380164695,-0.04516686253639456,0.09000117304571391,0.09000117304571391,0.0,0.11771427702396565,0.5351431993117448,-0.2171977477682145,-0.004355411385554158,-0.005010933789393131,-4.973516140068111,0,0.5292944099872793
56.451199999989605,-2.1322957049963707,0.4946485780953411,1.2855452162427916,0.0073045424388318075,-0.01489176746390767,-0.00985992468542175,-2.267899499188278,0.6821068421298141,1.1191847730499729,-0.23969096806798773,-0.1718683653322923,0.00654154154393248,-1.9372617301529949,0.6156202166715337,1.1889395047292153,-0.07188960872362672,-0.09474370912015945,-0.0185290725941858,0.09000117304571391,0.09000117304571391,0.0,0.11766320812365515,0.5351826868564047,-0.21713274534131,-0.004357797804317858,-0.0050058751659173735,-4.973431548518924,0,0.5293393969879564
56.455359999989604,-2.1322652264422404,0.4945865758635341,1.2855041937347167,0.007314852991220659,-0.01488053563367184,-0.009845401937978933,-2.2306151012168125,0.594184054610347,0.7719236715323555,0.03280231181970031,-0.06254974725642556,-0.033387273544365915,-2.08387115956625,0.6047707297874407,0.9803601436880159,-0.020070133609953997,-0.07809380530581493,-0.02639871615773879,0.09000117304571391,0.09000117304571391,0.0,0.1176120754180588,0.5352221894282774,-0.21706786190134528,-0.004360192131157599,-0.005000827982926316,-4.973346925314536,0,0.5293843467362708
56.4595199999896,-2.132234704883802,0.49452462030244976,1.2854632316731065,0.007325174025193861,-0.014869334660248031,-0.009830894786436615,-2.0316741382659576,0.31092343554902147,1.6381432450327924,0.02687528567827373,-0.13011557144207464,0.14609699686292701,-2.0577162035330105,0.4575734779843463,1.3095584384206396,0.003312865784469112,-0.1036628883470974,0.060672965324966355,0.09000117304571391,0.09000117304571391,0.0,0.1175608787114884,0.5352617071419483,-0.21700309731720938,-0.004362594391584606,-0.004995792232631215,-4.973262270320815,0,0.5294292593199773
56.4636799999896,-2.132204140277065,0.49446271128354696,1.285422329993045,0.007335505616873875,-0.014858164536667516,-0.009816403214796772,-2.547642273347411,0.48095646998175656,1.2212695328387475,0.012343946679741353,-0.056000942411878266,0.05835894136863886,-2.3026563398124105,0.4691486450411545,1.26553626974139,0.007514404511182421,-0.0798290827229395,0.058786664767750546,0.09000117304571391,0.09000117304571391,0.0,0.11750961780729768,0.5353012401120809,-0.21693845145841892,-0.004365004611203168,-0.004990767907249609,-4.973177583403225,0,0.5294741348268308
56.4678399999896,-2.1321735325777205,0.49440084867831363,1.2853814886296826,0.007345847842611302,-0.014847025256004811,-0.009801927206975324,-2.2708455103101404,0.8762829332197509,1.6058818465595583,0.00951072246493036,-0.02353305301365309,0.04265816903158408,-2.2867314261603826,0.672669633266828,1.4357988520835303,0.00875560527439811,-0.05165739958473915,0.051355933122453824,0.09000117304571391,0.09000117304571391,0.0,0.11745829250830891,0.5353407884530959,-0.21687392419447687,-0.004367422815711307,-0.004985754999005701,-4.973092864426828,0,0.5295189733445855
56.4719999999896,-2.1321428817411414,0.49433903235826615,1.2853407075182377,0.007356200778985238,-0.014835916811390942,-0.009787466746795119,-2.068210530531618,0.4174752384591805,1.4117745042327319,0.03217403132856746,-0.037216539004431066,-0.06578650875966743,-2.177401792399364,0.544992767420966,1.42365039198571,0.0201095190045127,-0.044210262508930155,-0.007552052618934987,0.09000117304571391,0.09000117304571391,0.0,0.11740690261659853,0.5353803522799191,-0.2168095153961569,-0.004369849030901853,-0.004980753500133133,-4.973008113256282,0,0.5295637749609968
56.4761599999896,-2.1321121877223796,0.49427726219494955,1.285299986593996,0.0073665645028118815,-0.014824839195984095,-0.009773021818000417,-2.730880672107653,0.7754175334144848,1.2229898546890423,0.08139216091120066,-0.2114676496301146,0.06368088013399564,-2.453975233552076,0.6597669961669014,1.3234495211280102,0.05046883238433457,-0.1278666771623648,0.028854423590115186,0.09000117304571391,0.09000117304571391,0.0,0.11735544793306826,0.5354199317072348,-0.2167452249342216,-0.0043722832826631405,-0.004975763402870279,-4.972923329755838,0,0.5296085397638193
56.4803199999896,-2.1320814504761665,0.49421553805993707,1.2852593257923117,0.007376939091139525,-0.014813792402995242,-0.009758592404244733,-1.9585963778530435,0.6975161761285039,1.0982961256109358,-0.04043737053820369,0.05597788755181317,0.009624198218338447,-2.2063657939770898,0.6787570765550087,1.2108909529349126,0.004707141734576343,-0.035376212038371116,0.019391033444062636,0.09000117304571391,0.09000117304571391,0.0,0.11730392825829924,0.5354595268499122,-0.2166810526804928,-0.004374725596979692,-0.004970784699463155,-4.972838513789343,0,0.5296532678408078
56.484479999989595,-2.1320506699569113,0.49415385982483007,1.2852187250486071,0.007387324621255581,-0.01480277642567513,-0.00974417848909831,-2.2661831616026293,-0.0807759511720546,1.1054066293487346,0.15271435990076274,-0.038932340638213256,-0.07509589413799315,-2.235958097989264,0.29890497181293896,1.1579933922790469,0.07910665044825325,-0.037491634511536635,-0.02858520825451452,0.09000117304571391,0.09000117304571391,0.0,0.11725234339191012,0.5354991378227922,-0.21661699850678337,-0.004377175999933256,-0.004965817382164015,-4.9727536652202335,0,0.5296979592797172
56.488639999989594,-2.1320198461187,0.4940922273612578,1.2851781842983736,0.007397721170681831,-0.01479179125734291,-0.009729780056034316,-1.8215357995969979,0.8771775010530937,1.2690657613148966,0.03392093461819009,-0.05792699611632796,-0.031041038540690825,-2.028672544410204,0.5879247981409277,1.213465480270428,0.056059930695517575,-0.04770883444637279,-0.02966424448646522,0.09000117304571391,0.09000117304571391,0.0,0.11720069313255574,0.535538764740795,-0.21655306228596732,-0.004379634517703876,-0.004960861443236473,-4.972668783911541,0,0.5297426141683018
56.49279999998959,-2.1319889789152953,0.49403064054087714,1.2851377034771718,0.00740812881718209,-0.014780836891357946,-0.009715397088442755,-1.6827401264001014,0.22698169110626726,0.8015977857116917,0.1332539549452068,-0.037150872624287304,-0.11165967081274819,-1.8554265326114263,0.40737590106193244,1.0072979339550807,0.09454728199539902,-0.04361092093918105,-0.07134520629226883,0.09000117304571391,0.09000117304571391,0.0,0.11714897727835367,0.5355784077190262,-0.21648924389133997,-0.004382101176570445,-0.004955916874952256,-4.972583869725884,0,0.5297872325943163
56.49695999998959,-2.1319580683001336,0.49396909923537247,1.2850972825206317,0.007418547638766359,-0.014769913321116188,-0.00970102956963133,-2.331243006195447,0.7820808789973233,1.055585215074051,0.016551048365045968,0.03861258020669496,-0.0838352077372702,-2.0933046494775818,0.5948104732543603,1.0312671734711458,0.056023575577078114,-0.0020948492038270427,-0.07741431497528042,0.09000117304571391,0.09000117304571391,0.0,0.11709719562624199,0.5356180668726712,-0.21642554319640456,-0.004384576002911604,-0.004950983669588695,-4.972498922525475,0,0.5298318146455149
56.50111999998959,-2.1319271142263267,0.49390760331645545,1.2850569213644534,0.007428977713683409,-0.014759020540087093,-0.009686677482808981,-1.787130584391823,0.4197212016104412,1.3456146751861264,-0.14904769778977653,0.02211040966474473,0.03553530832218822,-1.940524648954524,0.5073107150912797,1.1885162187100373,-0.046903036257583824,0.009951495101032283,-0.020553565686836674,0.09000117304571391,0.09000117304571391,0.0,0.11704534797304719,0.5356577423167275,-0.21636196007572872,-0.004387059023206644,-0.004946061819435032,-4.972413942172112,0,0.5298763604096519
56.50527999998959,-2.1318961166466583,0.49384615265586473,1.285016619944407,0.007439419120435354,-0.014748158541771146,-0.009672340811106085,-2.2541737718670896,0.3953472844548422,1.262754740819839,-0.01856723110540341,-0.1648439700562547,-0.08570145595603476,-2.0973900679694557,0.4509852754962333,1.2254579319627015,-0.032716029034748906,-0.07740131903456869,-0.053214339689407905,0.09000117304571391,0.09000117304571391,0.0,0.11699343411377304,0.5356974341665928,-0.2162984944040907,-0.004389550264036591,-0.004941151316786643,-4.9723289285271814,0,0.5299208699744811
56.50943999998959,-2.131865075513584,0.4937847471253658,1.284976378196334,0.007449871937766719,-0.014737327319740628,-0.00965801953755582,-2.3423906465712245,0.44292257132357016,1.5842596628172996,-0.05201687309985377,-0.08804500950117587,-0.11527254305915875,-2.2199991576288154,0.44676941830224887,1.4046189876144575,-0.0428977971662443,-0.08208891622380966,-0.08300999199746405,0.09000117304571391,0.09000117304571391,0.0,0.11694145384330906,0.5357371425375846,-0.2162351460571217,-0.00439204975208473,-0.004936252153950637,-4.972243881451655,0,0.5299653434277561
56.51359999998959,-2.1318339907792314,0.49372338659675075,1.284936196056146,0.007460336244675126,-0.014726526867614664,-0.009643713645106067,-2.5846128214933652,0.595671989495101,1.717394511086167,-0.001218446763331482,-0.175398557773262,-0.041397048425127966,-2.4023113832135095,0.5208565475059596,1.5609229257691293,-0.021912720191284065,-0.12855772030377818,-0.06225062784142248,0.09000117304571391,0.09000117304571391,0.0,0.11688940695578919,0.5357768675451007,-0.21617191491087961,-0.004394557514137642,-0.004931364323243313,-4.972158800806094,0,0.5300097808572306
56.517759999989586,-2.1318028623953964,0.49366207094183795,1.284896073459827,0.00747081212041131,-0.014715757179071951,-0.009629423116613758,-1.41130532490257,0.7519978932253907,1.5333569612671816,-0.15460548630434193,-0.07030937989723701,0.04185464636967732,-1.9071240449947164,0.636283722468944,1.5472261932320612,-0.08774545537217128,-0.09997877661157162,-0.009909495340460206,0.09000117304571391,0.09000117304571391,0.0,0.11683729324394895,0.5358166093046722,-0.21610880084184966,-0.004397073577086371,-0.004926487816991385,-4.9720736864506385,0,0.5300541823506578
56.521919999989585,-2.131771690313544,0.493600800032472,1.2848560103434317,0.007481299644481542,-0.014705018247838143,-0.009615147934849546,-1.7037114301125609,0.6119687439367734,1.449775748006265,0.10647218784342136,-0.09410146951067243,0.2487648851758724,-1.8051934510695862,0.6239295117800716,1.4990188082988183,0.008675815523444885,-0.09664478830265458,0.11888420775179284,0.09000117304571391,0.09000117304571391,0.0,0.11678511249997908,0.5358563679319651,-0.21604580372715917,-0.004399597967926832,-0.004921622627530082,-4.971988538245015,0,0.5300985479957907
56.526079999989584,-2.131740474484808,0.49353957374052315,1.284816006643088,0.007491798896645746,-0.014694310067711602,-0.009600888082487562,-1.9738675797276963,0.656805319457817,1.485051976703973,-0.08667319834163563,-0.12690073109425676,-0.01994259364300529,-1.8897146598236176,0.6401042137419439,1.4919928791074357,-0.03770086788440595,-0.11201985012876937,0.04992958480452123,0.09000117304571391,0.09000117304571391,0.0,0.11673286451552509,0.5358961435425652,-0.2159829234450074,-0.004402130713760963,-0.004916768747207295,-4.971903356048531,0,0.5301428778803821
56.53023999998958,-2.1317092148599874,0.49347839193788756,1.284776062294996,0.007502309956927168,-0.014683632632535429,-0.009586643542119452,-2.334934185784439,0.7035795327017536,0.609078177771705,0.09618198647195789,0.22139159958974447,0.006901118566740288,-2.1121287349769635,0.6723032123026291,1.0505437397911817,0.029834234979714463,0.05446892016606148,0.028401078929672113,0.09000117304571391,0.09000117304571391,0.0,0.116680549080831,0.5359359362523001,-0.2159201598733831,-0.004404671841797735,-0.004911926168379792,-4.971818139720076,0,0.5301871720921845
56.53439999998958,-2.131677911389547,0.49341725449648666,1.2847361772354282,0.0075128329056081055,-0.014672985936216847,-0.009572414296242997,-1.69131603035076,0.6871007988330065,0.6736019338649227,0.1344922326788148,0.020639164090155177,-0.03770374386344291,-1.90144168561845,0.6797445456384968,0.8619920547796651,0.08311220828132695,0.03779294039378161,-0.004780912933943163,0.09000117304571391,0.09000117304571391,0.0,0.11662816598559295,0.5359757461770253,-0.21585751289113392,-0.004407221379353815,-0.004907094883415333,-4.971732889118119,0,0.5302314307189501
56.53855999998958,-2.131646564023617,0.4933561612882669,1.2846963514007312,0.007523367823232161,-0.0146623699727342,-0.009558200327260707,-1.5923460920482952,0.4394349186727677,1.2098028911269016,0.033723610544977654,-0.07823672750004479,0.0442382337682565,-1.7468228678586146,0.559425092729418,1.0359911530771804,0.05903944879091098,-0.020104959396140598,0.020094766528904358,0.09000117304571391,0.09000117304571391,0.0,0.11657571501874475,0.5360155734327845,-0.21579498237818276,-0.004409779353854695,-0.004902274884695003,-4.971647604100705,0,0.5302756538484311
56.54271999998958,-2.1316151727119896,0.4932951121851998,1.284656584727325,0.007533914790612403,-0.014651784736111662,-0.00954400161749219,-1.9190939056623688,0.39665297433830604,0.8631330079832551,0.20167881242704558,-0.06247460935807318,-0.06323293703181294,-1.832539481016573,0.4779094344434608,0.9494292874300617,0.13004940792846217,-0.042001248601934243,-0.021534489629754117,0.09000117304571391,0.09000117304571391,0.0,0.11652319596802915,0.5360554181354898,-0.21573256821445952,-0.004412345792835523,-0.004897466164609109,-4.971562284525461,0,0.5303198415683793
56.54687999998958,-2.1315837374041195,0.49323410705928117,1.2846168771517035,0.007544473888823277,-0.014641230220461836,-0.009529818149154845,-2.005806963580182,0.623041118003797,1.0821869908769979,-0.0410668890972556,0.13668001448826064,0.04911914932354617,-1.9192585012432715,0.5507588106553546,1.0159113584776258,0.043852393037327006,0.048179789519516146,0.013728207372128478,0.09000117304571391,0.09000117304571391,0.0,0.11647060862042394,0.5360952804016166,-0.2156702702805429,-0.004414920723942147,-0.004892668715563818,-4.971476930249586,0,0.5303639939665464
56.55103999998958,-2.1315522580491226,0.49317314578253146,1.284577228610435,0.0075550451992167705,-0.014630706419923228,-0.009515649904389065,-1.7435135811062255,0.2626512590155895,1.4148586021592306,0.13407319835785528,-0.07255830316481941,-0.006899910304054302,-1.8311056848999525,0.40655199366850286,1.2153726830643972,0.08883289309241946,-0.012130571628537364,0.0037699752689585872,0.09000117304571391,0.09000117304571391,0.0,0.11641795276214105,0.5361351603471343,-0.21560808845787593,-0.004417504174931534,-0.004887882529971603,-4.971391541129855,0,0.5304081111306839
56.555199999989576,-2.131520734595775,0.4931122282269951,1.2845376390401633,0.007565628803409155,-0.014620213328736077,-0.009501496865229534,-2.4674710845146723,0.6643905231209912,1.314248008142948,-0.02100100518353376,0.05125717908947708,-0.055066700328674,-2.149336011417563,0.5355806516686425,1.2646952906510514,0.033678837931381836,0.01909013674509161,-0.025062929565157106,0.09000117304571391,0.09000117304571391,0.0,0.11636522817862568,0.5361750580885762,-0.21554602262833966,-0.004420096173673317,-0.004883107600261841,-4.971306117022619,0,0.530452193148543
56.559359999989574,-2.131489166992511,0.4930513542647401,1.2844981083776066,0.007576224783295248,-0.014609750941189496,-0.00948735901362553,-2.0670483287146793,0.12616799336830925,1.4463066597074943,0.011722912784776345,-0.0743800820601655,0.05134892286569266,-2.108167104185631,0.33071477342806954,1.3556085511798655,0.022650947939442563,-0.026688940512150174,0.01337808689523898,0.09000117304571391,0.09000117304571391,0.0,0.11631243465412752,0.5362149737424519,-0.21548407267446795,-0.0044226967481506,-0.004878343918875209,-4.9712206577838,0,0.5304962401078751
56.56351999998957,-2.1314575551874233,0.4929905237678583,1.284458636559559,0.0075868332210463334,-0.014599319251635599,-0.009473236331435774,-1.9483863790880218,-0.00718820045987506,1.4164367820048587,0.1535957368810144,0.06081495119667989,0.07698666738387273,-2.027955209926495,0.161887371935719,1.3861822963693364,0.08766346385611826,0.01707827674099487,0.04562351174743202,0.09000117304571391,0.09000117304571391,0.0,0.11625957197212682,0.5362549074253536,-0.21542223847902045,-0.004425305926460679,-0.004873591478263755,-4.971135163268889,0,0.5305402520964313
56.56767999998957,-2.1314258991282604,0.4929297366084645,1.2844192235228906,0.00759745419910968,-0.01458891825450669,-0.009459128800420007,-2.0394564750228876,0.4918084572516633,1.1371306973691113,-0.027370947717197936,-0.0034472520328396664,-0.11535324709366301,-2.033763896972668,0.3268423820371538,1.2614144409663368,0.030655249785381488,0.007139463388446832,-0.034670996558042705,0.09000117304571391,0.09000117304571391,0.0,0.11620663991533357,0.5362948592539043,-0.21536051992605354,-0.0044279237368161865,-0.004868850270894329,-4.971049633332951,0,0.5305842292019625
56.57183999998957,-2.1313941987624263,0.4928689926586966,1.2843798692045478,0.007608087800214429,-0.014578547944301372,-0.009445036402247843,-2.5269650314295045,1.0545905481878408,1.200990817895442,-0.09302314065978706,0.035163284627014034,0.029434689256010817,-2.280561116510606,0.6907944645035481,1.2312629722485084,-0.03131272529461084,0.02126095483224899,-0.002402192968075278,0.09000117304571391,0.09000117304571391,0.0,0.1161536382652587,0.5363348293450773,-0.21529891689942438,-0.004430550207546083,-0.00486412028924735,-4.970964067830616,0,0.5306281715122196
56.57599999998957,-2.131362454036979,0.492808291790715,1.284340573541554,0.007618734107373609,-0.01456820831558086,-0.009430959118496656,-1.7068279330592726,-0.05782644720949687,1.2311857275730462,-0.060752498469906796,-0.09793774565537497,-0.009489149832830352,-1.9938164622574905,0.3162763881414421,1.231205969130927,-0.04622847998111643,-0.03896817514970734,-0.006597674031153312,0.09000117304571391,0.09000117304571391,0.0,0.11610056680264014,0.5363748178158234,-0.21523742928450296,-0.004433185367096349,-0.004859401525815416,-4.9708784666160835,0,0.5306720791149541
56.58015999998957,-2.131330664898629,0.49274763387670256,1.2843013364710096,0.007629393203882925,-0.014557899362989103,-0.009416896930647477,-2.5241137118128565,-0.08891675622550194,1.4521280460709234,0.0032992581598923695,0.0804638447603267,-0.018934575025028384,-2.258960033740156,0.11384591192721116,1.3416289973006414,-0.02238218013045697,0.019985831410100147,-0.012682229720980652,0.09000117304571391,0.09000117304571391,0.0,0.11604742530744203,0.5364148247831781,-0.21517605696646275,-0.0044358292440311265,-0.0048546939731066024,-4.970792829543119,0,0.5307159520979168
56.58431999998957,-2.13129883129374,0.49268701878886406,1.2842621579300926,0.007640065173328059,-0.01454762108123368,-0.009402849820089638,-2.031229977549234,1.0865230794778864,1.0802630814147647,0.0907283824813658,0.04381047380673904,-0.0259386390698252,-2.144904290103057,0.6002823965199975,1.2108901379486658,0.03396890771576714,0.031911047373206505,-0.01925145746555987,0.09000117304571391,0.09000117304571391,0.0,0.11599421355863979,0.5364548503642077,-0.21511479983156442,-0.004438481867033705,-0.0048499976236420946,-4.970707156465051,0,0.5307597905488586
56.588479999989566,-2.1312669531683253,0.4926264463994261,1.2842230378560588,0.0076507500995823645,-0.014537373465106635,-0.009388817768114512,-1.760891874007778,0.31806002537823297,1.5168562180592464,-0.053730284462162506,0.023824874407365977,-0.036532940378232,-1.9530085148682426,0.45921941437209046,1.3637992914491146,-0.009219932092566215,0.027568808425491306,-0.027871813523238892,0.09000117304571391,0.09000117304571391,0.0,0.11594093133421882,0.5364948946765442,-0.21505365776651592,-0.004441143264907643,-0.004845312469959184,-4.970621447234773,0,0.5308035945555313
56.592639999989565,-2.131235030468047,0.4925659165806367,1.2841839761862426,0.007661448066815359,-0.014527156509455267,-0.009374800755926088,-2.1611105154188954,0.48777055468547137,1.2341288053629165,-0.05438776275049888,-0.05627611812532315,0.15845720042630554,-2.0571734255476266,0.4733785596042084,1.2992901526744194,-0.03212347893006608,-0.014554076831129562,0.06651879610653799,0.09000117304571391,0.09000117304571391,0.0,0.11588757841117324,0.5365349578373713,-0.21499263065847316,-0.004443813466577464,-0.004840638504606738,-4.97053570170474,0,0.5308473642056862
56.596799999989564,-2.1312030631382157,0.4925054292047649,1.2841449728580567,0.0076721591594862346,-0.01451697020922389,-0.009360798764624336,-1.7833950426512057,0.6562369392073097,1.2132238126164563,-0.1744150325390366,-0.14744517278307875,0.18359520040345903,-1.920645063164712,0.5645015579856678,1.2566379436961514,-0.10327619344978377,-0.08061159515376493,0.12519826495544634,0.09000117304571391,0.09000117304571391,0.0,0.11583415456550442,0.5365750399643315,-0.2149317183954691,-0.004446492501089874,-0.0048359757201513745,-4.970449919726966,0,0.530891099587075
56.60095999998956,-2.1311710511237894,0.49244498414410065,1.2841060278089933,0.0076828834623515595,-0.01450681455942841,-0.009346811775216193,-2.7343001496112027,0.2536218929751842,2.0335751589694198,-0.19702002634290108,-0.07707470052582266,0.09475618849582604,-2.327888001259548,0.4088996823937579,1.645309032337409,-0.150187592807963,-0.07905755025092824,0.11000115701325347,0.09000117304571391,0.09000117304571391,0.0,0.11578065957264767,0.5366151411752607,-0.2148709208659873,-0.0044491803976145685,-0.004831324109175295,-4.970364101153027,0,0.5309348007874499
56.60511999998956,-2.131138994369371,0.4923845812709542,1.284067140976624,0.007693621060471631,-0.014496689555146318,-0.009332839768618886,-1.8099380836980608,0.6703223893882588,1.7084136564494232,-0.08792016836675624,-0.16736523231276784,0.01227537687481619,-2.069092795555763,0.539264114221632,1.676887575336038,-0.11881454522378061,-0.12289985089630204,0.06102097297334024,0.09000117304571391,0.09000117304571391,0.0,0.11572709320661592,0.5366552615879203,-0.21481023795939103,-0.004451877185445332,-0.004826683664272979,-4.970278245834056,0,0.5309784678945635
56.60927999998956,-2.1311068928192074,0.49232422045765606,1.2840283122986005,0.007704372039203939,-0.014486595191550192,-0.00931888272564784,-2.479942102710823,0.7590606957955469,1.5704760683651666,0.11969696662718524,-0.005052207325163451,0.1093774857517479,-2.2742721043417684,0.6491528720284506,1.6239099066738032,0.0007848945334310163,-0.06371307052805572,0.08455784736078284,0.09000117304571391,0.09000117304571391,0.0,0.1156734552406394,0.5366954013202656,-0.2147496695654968,-0.0044545828940010385,-0.004822054378056393,-4.97019235362074,0,0.5310221009961683
56.61343999998956,-2.1310747464171897,0.4922639015765565,1.2839895417126546,0.007715136484209423,-0.014476531463894396,-0.00930494062702135,-1.9810632449969368,0.6306840102169132,1.21245371198696,0.05459466068106027,-0.12292474471183824,0.044621097845222384,-2.127551988691073,0.6396625657005865,1.4182725419541489,0.02764837298358804,-0.09328324114163801,0.06420678202923319,0.09000117304571391,0.09000117304571391,0.0,0.11561974544716472,0.5367355604906056,-0.21468921557457515,-0.004457297552826666,-0.00481743624315475,-4.970106424363322,0,0.5310657001800183
56.61759999998956,-2.13104255510685,0.49220362450002525,1.2839508291565989,0.007725914481459033,-0.014466498367499726,-0.009291013453365788,-2.0241050752483325,0.41138145618039623,1.3140914809000412,-0.08168036168489351,0.03228977595246692,-0.03286903416587172,-2.0759984422646944,0.5255887880134102,1.3661109185543625,-0.026652510853448844,-0.031087866630358434,0.016635430328990362,0.09000117304571391,0.09000117304571391,0.0,0.11556596359742606,0.536775739216909,-0.21462887587777962,-0.0044600211915942975,-0.004812829252211126,-4.970020457911599,0,0.5311092655338671
56.62175999998956,-2.1310103188313616,0.49214338910045113,1.2839121745683273,0.007736706117227823,-0.014456495897789736,-0.00927710118520283,-2.4922655731374292,0.4318559398728966,1.4826188187646716,-0.04300937245977235,-0.02293448356573722,-0.1293179573224114,-2.2842249789271043,0.47867407670275125,1.424096193706048,-0.034541315658258284,-0.02704617871452912,-0.056085432591295156,0.09000117304571391,0.09000117304571391,0.0,0.11551210946187138,0.5368159376178202,-0.21456865036693448,-0.004462753840104313,-0.0048082333978881455,-4.969934454114921,0,0.5311527971454695
56.625919999989556,-2.130978037533536,0.4920831952502418,1.283873577885815,0.00774751147810827,-0.014446524050243402,-0.009263203802967968,-2.566271291886274,0.5918464685350975,1.468170974440848,0.07688439692696514,0.06626870761671197,0.019527108603084514,-2.4250905601830555,0.5353987560041459,1.4461731440041763,0.021341584005573504,0.019675264572028485,-0.017627994175216554,0.09000117304571391,0.09000117304571391,0.0,0.11545818280973351,0.5368561558119644,-0.2145085389341079,-0.0044654955282861465,-0.004803648672861036,-4.969848412822186,0,0.5311962951025809
56.630079999989555,-2.1309457111558237,0.4920230428218233,1.2838350390471192,0.0077583306510033145,-0.014436582820436495,-0.009249321286992433,-1.930605187985765,0.5499710901487411,1.531994883695515,-0.07364770267973281,0.16063973498744227,-0.16724168099856476,-2.177998698943604,0.5430180388166101,1.4887366227563912,-0.025618090415027883,0.09068326788585496,-0.09236092682789625,0.09000117304571391,0.09000117304571391,0.0,0.11540418340945642,0.5368963939178415,-0.21444854147225434,-0.0044682462861994204,-0.004799075069822558,-4.969762333881842,0,0.5312397594929578
56.63423999998955,-2.1309133396403106,0.4919629316876398,1.2837965579903796,0.007769163723130413,-0.014426672204039249,-0.009235453617505723,-2.2047388004630024,0.6756063883316201,1.1328601204047757,0.061504902286515555,-0.13521818141546055,-0.04626776203640737,-2.1912397705089552,0.6090311427482915,1.3106988279465592,0.017342601456195966,-0.021892983864276686,-0.06892406752496971,0.09000117304571391,0.09000117304571391,0.0,0.11535011102826628,0.5369366520544138,-0.2143886578754307,-0.004471006144035169,-0.004794512581484866,-4.969676217141885,0,0.5312831904043569
56.63839999998955,-2.1308809229287187,0.49190286172015313,1.2837581346538187,0.007780010782024984,-0.014416792196808345,-0.00922160077464027,-2.149783783017297,0.26909089999811264,1.04042154236424,-0.08357076074353767,0.12132831609961743,0.0655930177883634,-2.1706850793407315,0.43931168902030526,1.1756946360087717,-0.033219216990461764,0.04937816181093007,-0.0016311205042402895,0.09000117304571391,0.09000117304571391,0.0,0.11529596543259771,0.536976930340786,-0.21432888803751404,-0.004473775132116704,-0.004789961200578747,-4.969590062449855,0,0.5313265879245367
56.64255999998955,-2.130848460962404,0.49184283279184243,1.2837197689757418,0.0077908719155474655,-0.014406942794570696,-0.0092077627384347,-2.501141025862517,0.7027314131377822,1.1027178396953643,-0.05331220995848231,0.16694033614468365,-0.1550186499441422,-2.336025917176601,0.5713711016865328,1.138883629830539,-0.04342581158472001,0.10792270708416062,-0.07847706977817795,0.09000117304571391,0.09000117304571391,0.0,0.11524174638809279,0.5370172288959387,-0.21426923185327112,-0.004476553280900577,-0.004785420919849813,-4.969503869652838,0,0.531369952141256
56.64671999998955,-2.1308159536823545,0.4917828447752039,1.2836814608945384,0.007801747211881295,-0.014397123993250749,-0.00919393948882425,-2.0470963458213767,0.9052561700691009,1.3074787610797283,0.04436971726423175,-0.06732327261370893,-0.06387462240153072,-2.191466532625162,0.7381745168603759,1.2230490561617888,0.0003271934751214833,0.020996089325298464,-0.07095478734458063,0.09000117304571391,0.09000117304571391,0.0,0.11518745365853048,0.5370575478394762,-0.21420968921878858,-0.004479340620978057,-0.004780891732062011,-4.969417638597462,0,0.5314132831422758
56.65087999998955,-2.13078340102919,0.49172289754275034,1.2836432103486815,0.00781263675953465,-0.014387335788857676,-0.00918013100564804,-1.9061247633393268,0.6415939355541753,0.8162700377425061,-0.04947773996826945,-0.133751833735447,-0.01853963649403221,-2.048897025051198,0.6896068370442623,1.019619715321416,-0.024350186809799782,-0.05708277271562133,-0.045508704435672086,0.09000117304571391,0.09000117304571391,0.0,0.11513308700774909,0.5370978872907192,-0.2141502600297631,-0.0044821371830755415,-0.004776373629996869,-4.969331369129896,0,0.5314565810153574
56.65503999998955,-2.1307508029431594,0.49166299096701077,1.2836050172767288,0.007823540647346923,-0.014377578177490292,-0.009166337268643512,-1.7396603211580202,0.3529129081177476,1.1771102993898752,-0.07434252293030646,0.10033134433999544,-0.09022802927225425,-1.8944297421743228,0.5214670302178324,1.0981781192114977,-0.05001504655332181,0.021216381153396656,-0.06771235467159595,0.09000117304571391,0.09000117304571391,0.0,0.11507864619772154,0.5371382473693456,-0.21409094418342678,-0.004484942998056263,-0.004771866606453795,-4.969245061095848,0,0.531499845848264
56.659199999989546,-2.130718159364141,0.4916031249205301,1.283566881617323,0.00783445896448295,-0.014367851155360593,-0.00915255825744027,-2.4509884505456423,0.4980568580806771,0.7972195945549205,0.04664516442793651,0.05468248990088077,-0.06931347534714227,-2.172615568506158,0.5098750061062879,0.9475524350722667,-0.0018843180425191439,0.03819358754351399,-0.06844268396733376,0.09000117304571391,0.09000117304571391,0.0,0.11502413098983598,0.5371786281951243,-0.21403174157705207,-0.00448775809692121,-0.004767370654255114,-4.9691587143405656,0,0.5315430777287601
56.663359999989545,-2.130685470231639,0.49154329927586865,1.2835288033091914,0.007845391800446268,-0.014358154718753367,-0.009138793951574046,-2.377937745975818,0.18165809057376564,1.4771806560095526,-0.14700356414398705,-0.08385990919601347,-0.13466704780962183,-2.2755845727577007,0.34559169604740286,1.2120904683531086,-0.07409054667129793,-0.023724791101333197,-0.10170463334874899,0.09000117304571391,0.09000117304571391,0.0,0.11496954114425356,0.5372190298883428,-0.21397265210880773,-0.004490582510810097,-0.0047628857662401535,-4.9690723287088305,0,0.5315862767446119
56.667519999989544,-2.1306527354847846,0.49148351390560185,1.2834907822911477,0.007856339245079802,-0.014348488864032657,-0.009125044330484453,-2.4230517641954123,0.3909212968676508,0.8909582929575002,-0.01836394414020953,0.0381786655036656,-0.11645674279300751,-2.349359208459401,0.36833612293334217,1.051281432106243,-0.0453597194783888,0.00727165130355723,-0.10981311931051282,0.09000117304571391,0.09000117304571391,0.0,0.1149148764201205,0.5372594525687927,-0.2139136756775466,-0.004493416271002299,-0.004758411935263556,-4.968985904044961,0,0.5316294429835872
56.67167999998954,-2.130619955062332,0.49142376868231985,1.2834528185020915,0.00786730138855976,-0.014338853587685328,-0.009111309373498626,-1.5494841802277137,0.605139211784583,1.8080201871348718,0.026522478413701624,-0.012759731087131911,-0.01178706115521708,-1.94936067058996,0.48671354115576826,1.429631331905766,-0.009548553490273951,-0.0031065787909037965,-0.06068315328222658,0.09000117304571391,0.09000117304571391,0.0,0.1148601365755668,0.5372998963571051,-0.21385481218302121,-0.004496259408918346,-0.004753949154203223,-4.968899440192806,0,0.5316725765334556
56.67583999998954,-2.1305871289026594,0.49136406347862704,1.2834149118810088,0.007878278321407617,-0.014329248886278194,-0.00909758905984839,-1.8067283514504637,0.33120445384916963,0.8926384809803494,0.0045032353359902005,0.05859489137573792,0.20863491411827761,-1.8780350250518756,0.40908047517072854,1.1615656617365877,-0.0021010474267083414,0.027408347133581958,0.07369017314005387,0.09000117304571391,0.09000117304571391,0.0,0.11480532136770497,0.5373403613736835,-0.21379606152502906,-0.004499111956120802,-0.004749497415955431,-4.968812936995747,0,0.5317156774819888
56.67999999998954,-2.130554256943766,0.4913043981671417,1.2833770623669727,0.007889270134490204,-0.01431967475647248,-0.009083883368662534,-1.5956243492310234,0.3042975388618957,1.753559142366154,0.07003668707095312,0.015417226549340197,-0.05850370367327587,-1.7366829145291478,0.35671967002572713,1.457444746812929,0.03438529385195164,0.02173627105740979,0.007655405403013627,0.09000117304571391,0.09000117304571391,0.0,0.1147504305526286,0.5373808477392908,-0.21373742360469689,-0.004501973944315452,-0.004745056713435241,-4.968726394296696,0,0.5317587459169607
56.68415999998954,-2.13052133912327,0.49124477262049576,1.2833392698991437,0.00790027691902237,-0.014310131195026147,-0.009070192278968279,-2.3414575708479446,0.6379550003855057,1.2132246207483948,-0.0810221852326127,0.015432633453031785,0.018238128806155322,-2.039242010799738,0.4973702432060366,1.3353713854510134,-0.023785925204282774,0.01914232336925234,0.012717297660237666,0.09000117304571391,0.09000117304571391,0.0,0.11469546388476924,0.5374213555746231,-0.21367889832341325,-0.004504845405352512,-0.0047406270395770715,-4.96863981193809,0,0.5318017819261467
56.68831999998954,-2.130488375378409,0.491185186711334,1.28330153441677,0.00791129876656064,-0.014300618198826078,-0.009056515769676997,-2.134038713691706,0.30308042696529636,1.3726860460626138,-0.015106383829602181,-0.07851183196269851,-0.026228334259619988,-2.086673179617685,0.4000598509989631,1.3539760621138264,-0.019094162423083295,-0.029283150511907087,-0.007541320721679055,0.09000117304571391,0.09000117304571391,0.0,0.11464042111839134,0.537461885001111,-0.2136204855832569,-0.0045077263712276425,-0.004736208387341581,-4.968553189761892,0,0.5318447855973254
56.69247999998954,-2.130455365646038,0.4911256403123139,1.2832638558591882,0.007922335769026274,-0.01429113576481077,-0.009042853819614526,-2.5385728636512357,0.5009630388550547,1.3484569020884816,0.19177252050018986,0.03912907410820243,0.018520433588482633,-2.31222642655268,0.4505939626080966,1.3512555908385906,0.0859044799097748,0.004714575632963533,0.005187175394609825,0.09000117304571391,0.09000117304571391,0.0,0.11458530200609511,0.5375024361396383,-0.21356218528742638,-0.004510616874082982,-0.004731800749703038,-4.968466527609594,0,0.5318877570182771
56.696639999989536,-2.1304223098626265,0.4910661332961054,1.2832262341658236,0.00793338801868831,-0.014281683890054341,-0.009029206407490309,-2.2407952954250963,0.6077651727276011,0.9028008859466723,0.16600615944341193,-0.009482759928916042,0.06316556980659328,-2.276164565901648,0.5291595339076447,1.127157654008044,0.12570627968655382,-0.0017053475343631944,0.03360954192506679,0.09000117304571391,0.09000117304571391,0.0,0.11453010629945563,0.5375430091118241,-0.21350399733917172,-0.004513516946208634,-0.004727404119660174,-4.968379825322204,0,0.5319306962767848
56.700799999989535,-2.1303892079642592,0.49100666553538985,1.2831886692761907,0.007944455608175983,-0.014272262571722249,-0.009015573511911708,-2.205559333853557,0.5947182511446033,1.4444565600611827,-0.24810644999615183,0.05674438848721032,0.07244538734014791,-2.241377252538916,0.5620592679233399,1.2859598311998732,-0.06129996747989164,0.02660700953765554,0.05311173523689375,0.09000117304571391,0.09000117304571391,0.0,0.11447483374923553,0.5375836040393822,-0.21344592164307907,-0.004516426620043567,-0.00472301849023247,-4.968293082740256,0,0.5319736034606348
56.70495999998953,-2.130356059886632,0.4909472369028604,1.2831511611298931,0.007955538630483863,-0.01426287180706752,-0.009001955111388337,-2.4458215136649546,0.7401337001086687,1.23317753462217,0.10245316322978254,0.058507610405983526,-0.013105637432254985,-2.3433879552214507,0.6512199678249915,1.259539313500482,0.020682059122543728,0.04229388101348932,0.020844290959649684,0.09000117304571391,0.09000117304571391,0.0,0.11441948410431431,0.5376242210439618,-0.21338795810357467,-0.004519345928176847,-0.004718643854457359,-4.968206299703799,0,0.5320164786576156
56.70911999998953,-2.130322865565053,0.4908878472712209,1.2831137096666252,0.00796663717896148,-0.014253511593478959,-0.008988351184309525,-2.5752593878444454,0.21114354650404582,1.0998686020678197,-0.1251315119689438,-0.055785560996002445,0.030230916478832852,-2.459586651661172,0.43106393162024526,1.1797660139260853,-0.05169238462596689,-0.007358030206421712,0.02539563237891026,0.09000117304571391,0.09000117304571391,0.0,0.11436405711361079,0.5376648602477884,-0.213330106626851,-0.004522274903348694,-0.004714280205398736,-4.968119476052403,0,0.532059321955519
56.71327999998953,-2.130289624934439,0.4908284965131859,1.283076314826171,0.007977751347335742,-0.014244181928412463,-0.008974761708975768,-2.2299837471352695,0.12620464832257616,0.7028472045297465,-0.04611504165441144,-0.018485686466947777,0.2196997095924469,-2.3448798325310882,0.2785916406098032,0.9417600063290045,-0.04874932124600119,-0.01192753252462838,0.1226480738973524,0.09000117304571391,0.09000117304571391,0.0,0.11430855252394453,0.5377055217728629,-0.21327236711872988,-0.004525213578451851,-0.004709927536136855,-4.968032611625148,0,0.5321021334421396
56.71743999998953,-2.1302563379293153,0.49076918450147977,1.2830389765484063,0.007988881229694489,-0.01423488280946444,-0.008961186663565388,-1.9745073899362826,0.324907503539132,1.20644539485306,-0.03024956086500155,0.2683225864534935,-0.14926404384287423,-2.159754394898198,0.3023094846552627,1.073794194080642,-0.03928081743217694,0.12746539746339605,-0.013341661372038079,0.09000117304571391,0.09000117304571391,0.0,0.11425297008131595,0.537746205741871,-0.21321473948680209,-0.004528161986532799,-0.004705585839778353,-4.967945706260632,0,0.532144913205276
56.72159999998953,-2.1302230044838133,0.49070991110883677,1.2830016947732972,0.008000026920503053,-0.014225614234313568,-0.008947626026161589,-1.977254437942399,0.4805762775587154,1.7335232937373153,0.09179454992656631,-0.03349500550570553,-0.1520500412829977,-2.068310566088401,0.39137462565493275,1.403346984392419,0.025458318803447316,0.0469157899276342,-0.08263105287823201,0.09000117304571391,0.09000117304571391,0.0,0.1141973095309054,0.537786912277221,-0.21315722363807613,-0.004531120160792615,-0.004701255109449225,-4.967858759796962,0,0.5321876613327293
56.72575999998953,-2.130189624531669,0.4906506762080003,1.2829644694409024,0.008011188514601338,-0.014216376200756645,-0.008934079774733426,-2.375371441667494,0.6709808137122494,1.5442296571490388,-0.0067957852531373725,-0.13137699439404824,0.030728076075172653,-2.2218585155890036,0.5309047866950725,1.4738535746153107,0.009923809402317097,-0.0414358103539924,-0.026129207017741244,0.09000117304571391,0.09000117304571391,0.0,0.11414157061621658,0.5378276415018459,-0.21309981948154572,-0.004534088134588633,-0.0046969353382984545,-4.967771772071755,0,0.5322303779123048
56.72991999998953,-2.1301561980062225,0.49059147967172234,1.2829273004913726,0.008022366107205206,-0.01420716870670606,-0.008920547887141559,-2.2871229936298065,0.7371595041120336,1.2411708851205607,-0.05040301857413043,0.19327670114057016,0.05131114243239157,-2.254596655406203,0.6344359373385837,1.3576171137533286,-0.019943732555182156,0.07574253832662871,0.012688720728198623,0.09000117304571391,0.09000117304571391,0.0,0.11408575307992957,0.5378683935388305,-0.2130425269262675,-0.004537065941435416,-0.004692626519499314,-4.967684742922136,0,0.5322730630318113
56.734079999989525,-2.1301227248404144,0.4905323213727633,1.2828901878649512,0.008033559793914513,-0.014197991750173024,-0.008907030341142368,-2.423384547534995,0.7948357716067663,0.7504603902434241,-0.009587625448818596,-0.040630770859146334,0.024650098536574093,-2.339011593029543,0.7145519435463082,1.0540854953899845,-0.014829578489451302,0.017814568768503174,0.018803050287836385,0.09000117304571391,0.09000117304571391,0.0,0.1140298566634721,0.5379091685114115,-0.21298534588200285,-0.004540053615005932,-0.004688328646246436,-4.967597672184734,0,0.532315716779062
56.738239999989524,-2.1300892049667866,0.4904732011838913,1.2828531315019747,0.008044769670712626,-0.014188845329283873,-0.008893527114381355,-1.8067757000922628,0.3540402630010667,0.8095718892615664,-0.27180342491199055,0.09314157640647114,0.006386442851377664,-2.073454290923075,0.5344867292352948,0.9318402658780982,-0.14376865134855538,0.055753643360548694,0.012595099846834622,0.09000117304571391,0.09000117304571391,0.0,0.1139738811072317,0.5379499665430305,-0.2129282762592193,-0.004543051189132872,-0.004684041711757573,-4.967510559695685,0,0.5323583392418733
56.74239999998952,-2.1300556383174785,0.49041411897788184,1.282816131342873,0.008055995833970894,-0.014179729442276297,-0.008880038184394586,-2.119792656766739,0.5896600583669398,1.8863404505116095,0.02295311173384025,-0.19083566953895972,0.08254804287010409,-2.096575862844698,0.5616765346156456,1.409268574592047,-0.060511455490197395,-0.06737491304945813,0.04764414010703546,0.09000117304571391,0.09000117304571391,0.0,0.11391782615012645,0.5379907877573894,-0.21287131796930606,-0.004546058697809966,-0.004679765709273594,-4.967423405290624,0,0.5324009305080665
56.74655999998952,-2.1300220248242265,0.49035507462751726,1.2827791873281704,0.008067238380449985,-0.014170644087502487,-0.008866563528608127,-2.2062470515167085,0.2383470011539101,1.4861824956172764,0.19669399451928798,-0.21190289824522104,-0.06086508915181672,-2.1510043779021633,0.399567164792735,1.4475981293474023,0.06868599455730057,-0.1388657323812496,-0.005956156517358068,0.09000117304571391,0.09000117304571391,0.0,0.11386169153003077,0.5380316322785569,-0.21281447092436168,-0.0045490761751930545,-0.004675500632059074,-4.967336208804687,0,0.5324434906654674
56.75071999998952,-2.1299883644183626,0.49029606800558634,1.2827422993984856,0.008078497407305488,-0.014161589263420742,-0.008853103124341026,-1.6002650247489814,0.8544753160923064,0.7683192978839403,0.018877712550280635,0.08724769688408564,-0.008770141492905923,-1.8755932616020856,0.6272051053913315,1.1079356316978717,0.044592443975164264,-0.025443175896293697,-0.007321119499565896,0.09000117304571391,0.09000117304571391,0.0,0.1138054769837739,0.5380725002304347,-0.2127577350369814,-0.004552103655601278,-0.004671246473400746,-4.967248970072506,0,0.5324860198019057
56.75487999998952,-2.129954657030812,0.4902370989848837,1.2827054674945324,0.008089773012085865,-0.014152564968624376,-0.008839656948793307,-2.9715714499066026,0.3969496802933597,1.1503805418549617,-0.04385601724795096,-0.07657437757590138,0.17538354952658508,-2.4236810102727024,0.5119162800862808,1.129522864140663,0.0002614470532679128,-0.05089535910582151,0.0841696993437827,0.09000117304571391,0.09000117304571391,0.0,0.11374918224692478,0.5381133917375595,-0.2127011102209002,-0.004555141173518721,-0.004667003226612485,-4.967161688928212,0,0.5325285180052167
56.75903999998952,-2.1299209025920924,0.4901781674382095,1.2826686915571197,0.008101065292742782,-0.014143571201806556,-0.008826224979060996,-2.4031013770904446,0.5731998863536223,1.2576201151137825,-0.10421527227766343,0.15536881654952361,0.03734278384842504,-2.4136070645759675,0.542880930921225,1.1936505175616747,-0.05233077470825118,0.052581150548895485,0.06053821039103307,0.09000117304571391,0.09000117304571391,0.0,0.1136928070537902,0.5381543069243553,-0.21264459638992472,-0.004558188763595445,-0.00466277088503053,-4.967074365205427,0,0.5325709853632401
56.76319999998952,-2.1298871010323106,0.4901192732383688,1.2826319715271526,0.008112374347629906,-0.014134607961781197,-0.0088128071921255,-1.9498215578346612,0.8789642227494566,1.221209296133657,0.0350397590077933,0.07636343332351825,-0.028562164305282113,-2.1816380715465846,0.7110841931253795,1.2073713791192076,-0.008705263760474565,0.06426360924471462,0.015662956663398404,0.09000117304571391,0.09000117304571391,0.0,0.11363635113719908,0.5381952459158288,-0.2125881934592175,-0.004561246460648833,-0.004658549442015266,-4.966986998737266,0,0.5326134219638208
56.767359999989516,-2.129853252281163,0.49006041625817093,1.2825953073456324,0.00812370027550399,-0.014125675247488131,-0.00879940356485335,-2.339739948503227,0.7988395742555641,1.1469128878565495,0.028923295134946334,-0.06351984407969144,-0.20907533699501996,-2.2606309277885805,0.7548290922837919,1.176706553822603,0.010573529817200158,0.0009984391748313053,-0.09655429291134643,0.09000117304571391,0.09000117304571391,0.0,0.11357981422935606,0.5382362088369289,-0.21253190134444375,-0.0045643142996647035,-0.004654338890953125,-4.9668995893563315,0,0.5326558278948093
56.771519999989515,-2.1298193562679315,0.4900015963704294,1.2825586989536575,0.008135043175535435,-0.014116773057971007,-0.008786014074004516,-1.6965197873544482,0.6358303149600397,0.8595205602178102,-0.030273393424673126,-0.06154651456484062,-0.11391895884261363,-1.9786349793723585,0.6951994655078735,1.017875383809433,-0.009558150138501729,-0.02960144866040696,-0.1057136653373509,0.09000117304571391,0.09000117304571391,0.0,0.11352319606055739,0.5382771958130275,-0.212475719961986,-0.004567392315798803,-0.0046501392252527776,-4.966812136894717,0,0.5326982032440613
56.775679999989514,-2.1297854129214846,0.48994281344796103,1.2825221462924232,0.008146403147302384,-0.014107901392408286,-0.0087726386962194,-2.2718155095988224,0.5692178899308769,1.1709419723256114,-0.028759259780654044,-0.16567757726475157,0.04394239503976361,-2.1252855271245044,0.6318641479504661,1.0945021289833554,-0.01992071490867292,-0.09809064149862082,-0.0313668805698328,0.09000117304571391,0.09000117304571391,0.0,0.1134664963604714,0.5383182069694925,-0.21241964922894574,-0.004570480544377952,-0.004645950438349604,-4.966724641183998,0,0.5327405480994382
56.77983999998951,-2.129751422170273,0.48988406736358564,1.282485649303223,0.008157780290800129,-0.014099060250097308,-0.008759277408025378,-2.1658798979090856,0.7084962297974796,1.1452993118828942,-0.09248061090024758,0.08052803112833329,-0.0870267887673313,-2.145774838142169,0.6703472943639698,1.1197195486888605,-0.05644384906613741,-0.008347141757148163,-0.05894611790966847,0.09000117304571391,0.09000117304571391,0.0,0.1134097148570685,0.5383592424323302,-0.21236368906335856,-0.004573579020901632,-0.0046417725237044224,-4.966637102055234,0,0.5327828625488076
56.78399999998951,-2.12971738394233,0.48982535799012544,1.2824492079274488,0.008169174706443287,-0.014090249630450583,-0.008745930185838292,-1.7128943438895616,0.37832425317771834,1.2624121248680955,0.000884570825249292,-0.13793522782652753,-0.07641122068613655,-1.9293302987022904,0.52404827138151,1.1909079667936315,-0.02750603587003771,-0.07382640263039736,-0.0677086332907648,0.09000117304571391,0.09000117304571391,0.0,0.11335285127726014,0.5384003023272237,-0.21230783938398226,-0.004576687781043004,-0.0046376054748020965,-4.966549519338967,0,0.5328251466800428
56.78815999998951,-2.129683298165267,0.4897666852004045,1.2824128221065907,0.008180586495063773,-0.014081469533026962,-0.00873259700595059,-2.617199843801416,0.35878803705765966,1.486434202869902,0.03098720710865646,0.19305297346601336,0.09743292646461608,-2.273206324573713,0.44181747509396446,1.3388750351493384,0.00216596741956612,0.060109398073971435,0.015224359911302615,0.09000117304571391,0.09000117304571391,0.0,0.11329590534668374,0.5384413867808152,-0.21225210011008389,-0.004579806860650576,-0.004633449285157033,-4.966461892865216,0,0.5328674005810238
56.79231999998951,-2.129649164766276,0.48970804886724834,1.2823764917822384,0.008192015757924595,-0.014072719957481356,-0.008719277844549136,-2.200369443779123,0.46409847069426824,1.2990349659333962,0.004841010895374642,0.14600211305786648,-0.05118528215238101,-2.236778690468953,0.45326283932266087,1.3188493887110844,0.004169340100745199,0.10255481753017133,-0.018519965141835827,0.09000117304571391,0.09000117304571391,0.0,0.11323887678970077,0.5384824959194253,-0.21219647116186874,-0.004582936295749178,-0.004629303948305578,-4.966374222463479,0,0.5329096243396368
56.79647999998951,-2.129614983672123,0.4896494488634833,1.2823402168960814,0.008203462596715594,-0.014064000903602526,-0.008705972677701606,-2.5662054381698516,0.8828910028003651,1.5834608162073167,0.10072357183889369,0.12124387015348775,-0.04758721313035977,-2.4012861239747876,0.6683332322910988,1.4510572293789608,0.05304449474400177,0.11135903685363377,-0.03269366048390306,0.09000117304571391,0.09000117304571391,0.0,0.11318176532939501,0.5385236298696937,-0.21214095246026826,-0.004586076122541515,-0.004625169457809801,-4.966286507962725,0,0.5329518180437748
56.80063999998951,-2.1295807548091497,0.4895908850619361,1.282303997389909,0.008214927113553665,-0.014055312371329445,-0.008692681481349477,-2.681583023354224,0.25088394378925627,0.9612390577831069,-0.19389679815272062,0.004660929589663786,-0.004406885671386303,-2.5418407346201946,0.4596154848030761,1.2061346697234065,-0.0699776508434996,0.057957542521451404,-0.018128865503502952,0.09000117304571391,0.09000117304571391,0.0,0.1131245706873569,0.5385647887587937,-0.21208554392715548,-0.004589226377409784,-0.004621045807262612,-4.966198749191399,0,0.5329939817813376
56.804799999989505,-2.1295464781032707,0.48953235733543315,1.2822678332056119,0.008226409410993637,-0.014046654360711678,-0.008679404231324008,-1.7661901339865813,0.8874104357561827,1.6419695756900388,0.11538999978355373,-0.1460670607558977,0.05259008801292062,-2.1537694278666413,0.6732125276283384,1.4241642412044524,0.022419758482042442,-0.04422879437369814,0.0173785610405686,0.09000117304571391,0.09000117304571391,0.0,0.11306729258453696,0.5386059727141125,-0.21203024548491867,-0.004592387096916608,-0.004616932990282173,-4.966110945977413,0,0.5330361156402327
56.808959999989504,-2.1295121534799706,0.4894738655568002,1.2822317242851813,0.008237909592036283,-0.014038026871901189,-0.008666140903348322,-2.7106030685881763,0.694821393076711,1.1247215624794231,-0.04803595714093949,-0.2051952668416004,-0.21631219783590644,-2.4322903199744617,0.6835892501195459,1.273991922587972,-0.01267765048489224,-0.12419143724672509,-0.0999515347693758,0.09000117304571391,0.09000117304571391,0.0,0.11300993073953394,0.5386471818628241,-0.21197505705689035,-0.0045955583178066165,-0.004612831000507178,-4.966023098148149,0,0.5330782197083741
56.8131199999895,-2.1294777808643035,0.48941540959886176,1.2821956705707105,0.008249427760110098,-0.014029429905237369,-0.008652891473004735,-1.7577020509948829,0.1772967586473,1.1376344979780275,-0.10226295746160939,-0.09585527450599739,-0.06813269620850251,-2.0952059905840055,0.4302406756860786,1.2056720218929957,-0.056588703366438245,-0.11030898734425101,-0.0847556920293423,0.09000117304571391,0.09000117304571391,0.0,0.11295248487051619,0.5386884163331186,-0.21191997856713526,-0.004598740077007975,-0.0046087398316119405,-4.965935205530452,0,0.5331202940736841
56.8172799999895,-2.1294433601808906,0.48935698933444033,1.2821596720043948,0.008260964019100803,-0.014020863461139704,-0.008639655915775998,-2.307168621461328,0.23805382864154595,0.927880980316443,0.030242955686446367,-0.07620845641392532,0.05390616678887349,-2.201127222557949,0.33398796217627386,1.0668849756806014,-0.012535167222992697,-0.09353315813800935,-0.01461388331171749,0.09000117304571391,0.09000117304571391,0.0,0.1128949546939381,0.5387296762528136,-0.21186500994045143,-0.0046019324116334595,-0.00460465947729174,-4.9658472679506325,0,0.5331623388240926
56.8214399999895,-2.1294088913539184,0.4892986046363562,1.2821237285285323,0.008272518473335726,-0.014012327540193303,-0.00862643420701179,-2.3324478814069107,0.10426427969272062,1.9563302944822922,0.20086535077671092,-0.1358072362793258,0.0115720927954163,-2.2663705559954037,0.21884235219056233,1.5116387933676583,0.09409334185007927,-0.11481839933676227,-0.0019383937028564367,0.09000117304571391,0.09000117304571391,0.0,0.11283733992496522,0.5387709617502099,-0.21181015110237172,-0.004605135358982255,-0.004600589931272912,-4.965759285234459,0,0.533204354047537
56.8255999999895,-2.1293743743071367,0.4892402553774266,1.2820878400855242,0.00828409122759511,-0.0140038221431133,-0.008613226321942164,-2.081025357072198,1.2234345566755782,1.6963417612200034,-0.0975351770510629,-0.06016367681162258,-0.15731129663944732,-2.1739000423986683,0.7210198233679056,1.6036643369725336,-0.0014622325657844214,-0.08724354361651991,-0.07960054495272964,0.09000117304571391,0.09000117304571391,0.0,0.11277964027747263,0.5388122729540914,-0.21175540197959342,-0.0046083489565412455,-0.004596531187310496,-4.965671257207163,0,0.5332463398319637
56.8297599999895,-2.129339808963857,0.48918194143046523,1.2820520066178756,0.008295682387119611,-0.013995347270727482,-0.00860003223568545,-2.2319406771287302,0.3698598824174627,1.6784670805497963,-0.009970276199386325,-0.018292980321354582,-0.062396686953177474,-2.2029404860718933,0.5453995853821788,1.640937079517313,-0.006205065289612749,-0.052887398581696055,-0.07130294137172052,0.09000117304571391,0.09000117304571391,0.0,0.112721855464043,0.5388536099932993,-0.21170076249912423,-0.004611573241986227,-0.004592483239183398,-4.965583183693426,0,0.5332882962653275
56.8339199999895,-2.1293051952469506,0.48912366266828183,1.2820162280681955,0.008307292057606386,-0.013986902924014562,-0.008586851923231137,-2.593228317956378,0.7360040960170718,1.660015051375798,0.03250391748389697,-0.14359914251292885,0.1328724218113295,-2.398018713142406,0.6404028949592623,1.6507526497558418,0.012756170877313153,-0.0974693488848637,0.030733187770246535,0.09000117304571391,0.09000117304571391,0.0,0.11266398519575095,0.5388949729968385,-0.21164623258913895,-0.004614808253183668,-0.004588446080699643,-4.9654950645173885,0,0.5333302234355913
56.838079999989496,-2.1292705330788455,0.48906541896368144,1.2819805043791979,0.008318920345214288,-0.01397848910409491,-0.008573685359445048,-2.1364792840217395,0.664431254201084,1.5342242139201532,-0.10917494415684575,-0.05615477384541316,-0.17853124762483388,-2.267474487598103,0.6523003419856613,1.592116734625905,-0.04808693870246281,-0.07676641091077115,-0.07410585877451706,0.09000117304571391,0.09000117304571391,0.0,0.11260602918216088,0.5389363620941992,-0.21159181217833964,-0.0046180540281921196,-0.004584419705697015,-4.965406899502639,0,0.5333721214307278
56.842239999989495,-2.1292358223815264,0.4890072101894638,1.2819448354937018,0.008330567356566666,-0.013970105812232316,-0.008560532519066922,-1.983155350095332,0.7272362218916657,1.8706654925203658,-0.06686923483439504,-0.006655714403192465,-0.1799263917259357,-2.125452430252412,0.6897541998609977,1.7310198058173099,-0.057277403176083014,-0.04134879112652309,-0.12748286339499204,0.09000117304571391,0.09000117304571391,0.0,0.11254798713196645,0.5389777774151434,-0.21153750119638465,-0.004621310605263534,-0.0045804041080436605,-4.965318688472216,0,0.5334139903387182
56.846399999989494,-2.1292010630765317,0.48894903621842295,1.2819092213546321,0.00834223319876297,-0.013961753049806964,-0.008547393376721564,-2.1700614966307903,0.47707075250009656,0.9389880125238315,-0.192469950959839,0.033094832976874995,0.004796548673439302,-2.1481574221085213,0.5834792343843974,1.3350087337194,-0.12495416353191655,-0.0038481275691851385,-0.06153919613581208,0.09000117304571391,0.09000117304571391,0.0,0.11248985875213408,0.539019219089653,-0.2114832995738905,-0.004624578022844817,-0.004576399281632634,-4.965230431248604,0,0.5334558302475536
56.85055999998949,-2.129166255084951,0.4888908969233465,1.28187366190502,0.008353917979373291,-0.013953430818353558,-0.008534267906904165,-2.227244655399468,0.6514788622686267,0.7727845423332828,-0.031702244185127265,-0.054233363308482024,0.1307575501823351,-2.1877670061429875,0.6173668701598265,1.0541632662959137,-0.07858698001804289,-0.029109562171813583,0.03527459904070181,0.09000117304571391,0.09000117304571391,0.0,0.11243164374811404,0.5390606872480361,-0.21142920724179157,-0.004627856319579438,-0.004572405220386907,-4.965142127653732,0,0.5334976412452349
56.85471999998949,-2.129131398327424,0.48883279217701503,1.2818381570880033,0.008365621806444784,-0.0139451391195471,-0.008521156083983518,-1.6903801121607536,0.6323458814756701,1.4753097092738774,-0.14670138443297495,-0.02695104649439069,-0.06405011006769351,-1.939375601067766,0.6248005427251694,1.2646070549159114,-0.11245337176223132,-0.028087894926202225,-0.01478651921252,0.09000117304571391,0.09000117304571391,0.0,0.11237334182405234,0.5391021820208215,-0.2113752241326249,-0.004631145534308755,-0.004568421918258873,-4.96505377750897,0,0.5335394234197725
56.85887999998949,-2.1290964927241385,0.48877472185220167,1.2818027068468274,0.008377344788504121,-0.013936877955212043,-0.00850805788220156,-2.568160956094267,0.3379005579623426,1.4544634714221218,0.08131669477151685,-0.02542310961054875,0.008901496849465356,-2.2536031447830664,0.4812946738666765,1.3595557152899955,-0.015771802002640722,-0.026279850227308926,-0.0032367363202083473,0.09000117304571391,0.09000117304571391,0.0,0.11231495268300283,0.5391437035388655,-0.2113213501790352,-0.0046344457060736,-0.004564449369231817,-4.964965380635127,0,0.5335811768591874
56.86303999998949,-2.129061538194828,0.4887166858216712,1.2817673111248453,0.00838908703456655,-0.013928647327304242,-0.008494973275677178,-2.001080324636516,0.5981689789612243,1.1236489384875579,0.1315919866784334,-0.018675613904239476,-0.007337834870067117,-2.1270671135611283,0.5396918683431117,1.2415851847824237,0.05831099859563553,-0.021549642661033763,-0.005176974375287084,0.09000117304571391,0.09000117304571391,0.0,0.11225647602628401,0.5391852519333532,-0.21126758531484488,-0.004637756874115913,-0.004560487567316781,-4.9648769368524475,0,0.5336229016515108
56.86719999998949,-2.129026534658769,0.48865868395817985,1.2817319698655187,0.008400848654134586,-0.013920447237930799,-0.008481902238399477,-2.3218237880563857,0.5010400006577868,0.9420812960079179,0.06368086811226868,0.09025580956066,-0.01835162519322245,-2.2243144980624066,0.5205525972796802,1.0917928167729551,0.061062329226779115,0.034728777267097034,-0.011687964445906847,0.09000117304571391,0.09000117304571391,0.0,0.11219791155347639,0.5392268273356916,-0.21121392947484263,-0.004641079077880288,-0.004556536506554977,-4.964788445980611,0,0.5336645978847848
56.87135999998949,-2.1289914820347806,0.4886007161344742,1.281696683012418,0.00841262975719932,-0.013912277689356621,-0.008468844744225558,-1.868019781594366,0.2625771402077953,0.994180420445184,0.14523862591118347,-0.07552726073410512,0.008429249254536949,-2.0458621452760113,0.39140530440200627,1.0430029134998569,0.10294829828481897,-0.020072593790609945,-0.0013639431596449403,0.09000117304571391,0.09000117304571391,0.0,0.11213925896348959,0.5392684298778848,-0.21116038259414283,-0.004644412357015308,-0.004552596181020279,-4.964699907838727,0,0.5337062656470629
56.875519999989486,-2.1289563802412212,0.488542782223291,1.2816614505092225,0.008424430454256712,-0.013904138683960832,-0.008455800766894938,-2.1001077944148356,0.33810355596292646,0.7066027875273095,-0.10466345895872876,0.13112492832601533,-0.04564470582559711,-2.0732027945594216,0.3650271482711313,0.8747059989382097,-0.0009653782605319935,0.05534577888726326,-0.023714040019878695,0.09000117304571391,0.09000117304571391,0.0,0.11208051795306417,0.5393100596916796,-0.21110694460904234,-0.004647756751375187,-0.004548666584811284,-4.964611322245336,0,0.533747905026409
56.879679999989484,-2.1289212291959867,0.4884848820973564,1.2816262722997225,0.00843625085629482,-0.01389603022430479,-0.008442770280004569,-1.6600928616828368,0.49693013525686786,1.611931271677732,0.14576892303084485,-0.09873916458357261,-0.14476893899016197,-1.8663414459199168,0.43077397161798636,1.243021771694078,0.07224988491628716,-0.021581747147447282,-0.0837975472273299,0.09000117304571391,0.09000117304571391,0.0,0.11202168821783796,0.5393517169096874,-0.2110536154568089,-0.004651112301021502,-0.004544747712061231,-4.964522689018401,0,0.5337895161108992
56.88383999998948,-2.1288860288165083,0.48842701562938523,1.2815911483278182,0.008448091074809698,-0.013887952313081766,-0.00842975325702811,-2.153519935511188,0.15418091602612122,1.2991906021065465,0.059413464525345024,0.025278595830610047,-0.12516562480394133,-2.0098102737052854,0.2925287558510191,1.270846894337404,0.06638629537167515,0.001523869689804877,-0.10479400884083863,0.09000117304571391,0.09000117304571391,0.0,0.11196276945191669,0.5393934016644243,-0.21100039507546903,-0.004654479046224604,-0.004540839556932505,-4.964434007975311,0,0.5338310989886212
56.88799999998948,-2.128850779019751,0.48836918269208046,1.281556078537521,0.008459951221803704,-0.01387990495314445,-0.008416749671304988,-2.4896091133040597,0.8653024196414683,0.678139483545307,0.2517162165559675,-0.03563850358989304,-0.07473122873521325,-2.249189432581716,0.5788456423416573,0.9743353383543478,0.15901251506115616,-0.01713844576199301,-0.09059911068538544,0.09000117304571391,0.09000117304571391,0.0,0.11190376134787186,0.539435114089112,-0.21094728340380928,-0.00465785702746537,-0.004536942113619373,-4.964345278932874,0,0.5338726537476749
56.89215999998948,-2.12881547972221,0.4883113831581326,1.2815210628729543,0.008471831409794173,-0.013871888147481873,-0.008403759496048189,-2.689259300363837,0.44013062122843377,1.0911231975930855,-0.05603328527115564,-0.02216128998165313,0.21532753582865233,-2.4693426606151436,0.5094410609581177,1.0331786136069323,0.0508624950212448,-0.019646982434144325,0.062030454382924524,0.09000117304571391,0.09000117304571391,0.0,0.11184466359673848,0.5394768543167712,-0.21089428038159183,-0.004661246285436588,-0.004533055376344524,-4.964256501707317,0,0.5339141804761722
56.89631999998948,-2.128780130839911,0.488253616900219,1.281486101278353,0.008483731751807541,-0.013863901899268564,-0.008390782704325727,-1.8047785290618723,0.6657034080532461,1.3093107755367739,-0.0879897351123148,0.009396079869330411,-0.09487674230549047,-2.137239025843613,0.5875928932187127,1.1710488328241415,-0.018523386223896345,-0.005137742391134215,-0.016195227959763327,0.09000117304571391,0.09000117304571391,0.0,0.11178547588844073,0.5395186224813433,-0.21084138594912802,-0.004664646861044954,-0.004529179339367247,-4.964167676114283,0,0.5339556792622384
56.90047999998948,-2.1287447322884048,0.4881958837910032,1.281451193698065,0.008495652361399486,-0.013855946211794291,-0.008377819269085917,-2.368001045344494,0.30559714699625706,0.821557992832229,0.04078923203628203,-0.05476102934872115,-0.055211458709490506,-2.2525369990327624,0.4464777833225349,0.9961853406765095,0.011220053790496174,-0.02929122487180462,-0.03532177007567271,0.09000117304571391,0.09000117304571391,0.0,0.11172619791050702,0.5395604187165698,-0.21078860004813588,-0.004668058795412449,-0.004525313996972974,-4.9640788019688245,0,0.5339971501940108
56.90463999998948,-2.1287092839827686,0.4881381837031343,1.281416340076552,0.008507593352640844,-0.013848021088536432,-0.008364869163131387,-2.1787066096834726,0.8343531964380713,1.4645947188315207,0.026702525538629732,-0.10472727818159698,0.05177107695526024,-2.21556564999568,0.6401984110359431,1.2305000068337535,0.01891353293013375,-0.06606039263110945,0.008691715446450424,0.09000117304571391,0.09000117304571391,0.0,0.11166682934999142,0.5396022431569542,-0.21073592262088656,-0.004671482129877905,-0.0045214593434828535,-4.963989879085407,0,0.5340385933596411
56.908799999989476,-2.1286737858376013,0.48808051650924633,1.2813815403583888,0.008519554840138197,-0.013840126533101337,-0.008351932359139913,-2.23605080628169,0.835729038953217,1.834103522625216,0.025950612372589315,-0.28211362970268655,0.11074553447590207,-2.2257538955818825,0.7373771087949483,1.5325356061779993,0.02219150023907968,-0.17349796715878202,0.06006298409055436,0.09000117304571391,0.09000117304571391,0.0,0.11160736989176218,0.5396440959368543,-0.21068335361063353,-0.004674916905998836,-0.0045176153732462455,-4.9639009072779015,0,0.5340800088472933
56.912959999989475,-2.128638237767022,0.4880228820819577,1.2813467944882653,0.00853153693902558,-0.01383226254927424,-0.008339008829645507,-2.479059478982164,0.2437096806833674,1.3732422596758729,0.012230852243185236,0.02740764898366576,0.11161744831000833,-2.3523837741486457,0.49059728701877087,1.4531205676366652,0.01757445208080236,-0.07322130689057456,0.08555403118571234,0.09000117304571391,0.09000117304571391,0.0,0.11154781921935383,0.539685977191445,-0.2106308929614003,-0.0046783631655532235,-0.00451378208064712,-4.963811886359584,0,0.5341213967451464
56.917119999989474,-2.1286026396846682,0.48796528029387026,1.281312102410986,0.00854353976497688,-0.013824429140982763,-0.008326098547051195,-2.07547107669821,0.4627767842193554,1.5231368417690887,-0.01195867012879056,-0.08638974050885971,0.13741958018386732,-2.2139502725408806,0.4765075808791668,1.4884142872528519,0.002767046145587637,-0.08001051756449776,0.11183743823125922,0.09000117304571391,0.09000117304571391,0.0,0.1114881770145377,0.5397278870558104,-0.21057854061819595,-0.004681820950540977,-0.004509959460099657,-4.963722816143131,0,0.5341627571413923
56.92127999998947,-2.128566991503692,0.48790771101756886,1.2812774640714708,0.008555563434202202,-0.013816626312333298,-0.008313201483615352,-2.9070235507487636,0.215851437132019,1.115947210097314,-0.005735414945260005,0.10879296883800668,0.04642776870292119,-2.560502156875022,0.34640368416731837,1.30227494209664,-0.0022212626783294246,0.01451719665149558,0.07902554855617638,0.09000117304571391,0.09000117304571391,0.0,0.11142844295753299,0.5397698256657992,-0.21052629652680296,-0.004685290303185763,-0.004506147506053362,-4.963633696440618,0,0.5342040901242384
56.92543999998947,-2.1285312931367613,0.48785017412562065,1.2812428794147563,0.008567608063460005,-0.013808854067573621,-0.00830031761146489,-2.0884609073040488,0.6415096090229222,1.3344176347894534,-0.25040153486741545,0.045252825205141366,0.05699437285701961,-2.324999343720722,0.494052920872243,1.3184649704980966,-0.12615759900981016,0.029842308395304475,0.06805440519093921,0.09000117304571391,0.09000117304571391,0.0,0.11136861672764659,0.539811793157171,-0.21047416063420687,-0.004688771265936394,-0.004502346212987856,-4.963544527063516,0,0.5342453957819063
56.92959999998947,-2.1284955444960527,0.4877926694905743,1.2812083483859955,0.008579673770057677,-0.013801112411125738,-0.008287446902583855,-2.2671485515433587,0.6637156667882468,1.3030429124629912,-0.01643256445053,0.02739287351116086,-0.11379770049615506,-2.2961082599511893,0.5789417011331499,1.310516666736442,-0.07104347332020158,0.02898139996343439,-0.02263357291190398,0.09000117304571391,0.09000117304571391,0.0,0.11130869800156046,0.5398537896663441,-0.2104221328879565,-0.0046922638814692556,-0.004498555575416693,-4.963455307822689,0,0.5342866742026329
56.93375999998947,-2.1284597454932532,0.48773519698495943,1.2811738709304588,0.008591760671854071,-0.013793401347574445,-0.00827458932881556,-1.7412328528038843,0.6290536178568067,0.9302587204343148,-0.1315017264457101,-0.030928693138519658,0.11846606253940639,-2.0189401885473357,0.6039325357350979,1.1206310063745761,-0.10127106809033154,-0.0004199098827396184,0.048115092697104477,0.09000117304571391,0.09000117304571391,0.0,0.11124868645503885,0.539895815329863,-0.210370213236807,-0.004695768192689434,-0.004494775587887016,-4.96336603852839,0,0.5343279254746699
56.93791999998947,-2.1284238960395565,0.4876777564812858,1.2811394469935344,0.008603868887265997,-0.013785720881672098,-0.008261744861861941,-1.735645492408767,0.17140371496005707,1.5072992249944859,0.08222007735400257,-0.03992640148592812,-0.11272111480192523,-1.8771202559012594,0.3875819027076845,1.3137326106108935,-0.009338583156405502,-0.020098370970225904,-0.031930099469824946,0.09000117304571391,0.09000117304571391,0.0,0.11118858176228558,0.5399378702849323,-0.21031840163029425,-0.004699284242732759,-0.004491006244980059,-4.963276718990261,0,0.5343691496862859
56.94207999998947,-2.1283879960456593,0.48762034785204283,1.281105076520729,0.008615998535277173,-0.013778071018318268,-0.008248913473290037,-2.5028730132552646,0.5423190748945874,1.6039704180533314,0.035903769013761314,0.08955167303413082,0.01641874283592057,-2.189928184435405,0.46513857276677,1.4588877603392747,0.014169225661935044,0.03436558358739694,-0.00778981742113591,0.09000117304571391,0.09000117304571391,0.0,0.11112838359508591,0.5399799546685634,-0.2102666980185221,-0.004702812074967531,-0.004487247541307117,-4.963187349017325,0,0.5344103469257636
56.946239999989466,-2.1283520454217615,0.4875629709696986,1.2810707594576687,0.008628149735426471,-0.013770451762623828,-0.008236095134505735,-1.6188302905067444,0.41891724229606697,1.448850581080147,-0.044493028932054514,0.03247754781647931,-0.1345280170977763,-1.9044679049009678,0.44209453959666484,1.4535898113840606,-0.015100699951549515,0.033708677104401896,-0.07140337618838997,0.09000117304571391,0.09000117304571391,0.0,0.11106809162472826,0.5400220686189103,-0.21021510235344787,-0.0047063517329962844,-0.004483499471520604,-4.963097928417988,0,0.5344515172814043
56.950399999989465,-2.1283160440775624,0.4875056257066994,1.2810364957500986,0.008640322607839231,-0.013762863119803844,-0.008223289816798138,-2.0983473685938137,-0.23915576712061437,1.1080802779946894,-0.0884564487191555,-0.09632667839382955,-0.05230570257443674,-2.001591808112016,0.10126385560863106,1.2807236647254407,-0.05233749040288527,-0.031105025553637162,-0.06177501587943711,0.09000117304571391,0.09000117304571391,0.0,0.11100770552029247,0.5400642122736681,-0.21016361458674548,-0.004709903260657403,-0.004479762030297372,-4.963008457000035,0,0.5344926608415239
56.95455999998946,-2.1282799919222573,0.48744831193546906,1.281002285343885,0.008652517273207183,-0.01375530509528753,-0.008210497491292025,-2.628104565974245,0.5522473504215663,1.229045883399992,-0.17703284439674735,0.17963872109506507,-0.019303421399287375,-2.3152204069883635,0.32713310764204423,1.254844379546366,-0.11486338383994363,0.07391409985032157,-0.04059850830266214,0.09000117304571391,0.09000117304571391,0.0,0.11094722494864631,0.5401063857714083,-0.21011223467237342,-0.004713466702027477,-0.004476035212352758,-4.962918934570622,0,0.5345337776944566
56.95871999998946,-2.1282438888645374,0.4873910295284079,1.2809681281850143,0.008664733852800699,-0.01374777769467042,-0.008197718128971014,-2.8002649905357924,0.48261702333350964,1.4024972600436292,0.05133710899072405,-0.081919808145292,0.07678586299966347,-2.5576388210779735,0.40470542271721066,1.3288334326919904,-0.03201038542146093,-0.0038294211434741756,0.01718827967385141,0.09000117304571391,0.09000117304571391,0.0,0.11088664957615355,0.5401485892510467,-0.21006096256401072,-0.004717042101422477,-0.004472319012437822,-4.96282936093628,0,0.5345748679285535
56.96287999998946,-2.1282077348125856,0.48733377835789243,1.2809340242195948,0.008676972468479439,-0.013740280923709075,-0.008184951700674133,-2.0804858679724507,0.991707437387958,1.1038014482031335,0.00021484289070725082,0.14015053783405065,0.13711857692050175,-2.3190588395157175,0.6985030681599989,1.216599062316496,-0.015764848483682436,0.06766015512719671,0.0781103722581671,0.09000117304571391,0.09000117304571391,0.0,0.11082597906653434,0.5401908228514687,-0.21000979821698246,-0.004720629503400117,-0.004468613425336504,-4.962739735902908,0,0.5346159316321829
56.96703999998946,-2.1281715296740744,0.4872765582962743,1.2808999733938569,0.00868923324268754,-0.013732814788349569,-0.008172198177087675,-1.62703612810146,0.2103037187415609,1.391365259244576,-0.11042104798409506,-0.20117326228661508,0.10282834851645853,-1.9732737524602901,0.4539815966107615,1.3041971556708305,-0.06239520369143366,-0.06676524760464586,0.09051971171722895,0.09000117304571391,0.09000117304571391,0.0,0.11076521308214467,0.5402330867123857,-0.2099587415874071,-0.004724228952761516,-0.004464918445870048,-4.962650059275772,0,0.5346569688937316
56.97119999998946,-2.1281352733561643,0.4872193692158797,1.2808659756541536,0.008701516298465552,-0.013725379294698803,-0.008159457528754611,-2.5533720068436287,0.5878152773560044,1.2172662104124397,0.011197794242368633,0.05843233544413054,-0.1542629154311458,-2.2633035989502384,0.5210205155688354,1.260409829789121,-0.025626900605529534,-0.003984310411173998,-0.03167197887518384,0.09000117304571391,0.09000117304571391,0.0,0.11070435128397438,0.5402753809738551,-0.209907792632412,-0.004727840494552894,-0.004461234068893167,-4.962560330859497,0,0.5346979798016048
56.97535999998946,-2.1280989657655,0.48716221098900875,1.2808320309469616,0.0087138217594564,-0.013717974449026473,-0.008146729726073533,-2.0806303888494835,0.6769324823007199,1.5883575149088038,-0.069260504327675,0.049901344761865196,0.10282808112544337,-2.172108785983279,0.5990818592166266,1.424600595620336,-0.04791669717682375,0.022726216565046597,0.035209274767095664,0.09000117304571391,0.09000117304571391,0.0,0.11064339333078976,0.540317705775853,-0.20985695131013538,-0.004731464174067664,-0.004457560289292289,-4.962470550458071,0,0.5347389644442261
56.979519999989456,-2.128062606808209,0.4871050834879346,1.2807981392188812,0.008726149749899607,-0.013710600257807962,-0.008134014739282219,-2.4499552466631154,0.27527244091458214,1.216998703680058,-0.1656001027571069,-0.11603615987434943,-0.11745835098321798,-2.311376988094388,0.4369338854152445,1.3205533320899647,-0.10743166252689537,-0.0468158453067441,-0.04084794347101505,0.09000117304571391,0.09000117304571391,0.0,0.11058233887977173,0.5403600612592904,-0.20980621757930007,-0.00473510003684847,-0.004453897101993386,-4.962380717874836,0,0.534779922910038
56.983679999989455,-2.128026196389898,0.48704798658490256,1.2807643004166376,0.00873850039464487,-0.013703256727684153,-0.008121312538470439,-2.601821139255676,0.340457503057356,1.288744276828777,-0.07730436302322151,0.127472178660707,-0.07692944495749364,-2.4567612592481964,0.38896040098217965,1.3044889447693442,-0.09267172895774181,0.04019996983328725,-0.05906617025232193,0.09000117304571391,0.09000117304571391,0.0,0.11052118758651364,0.5404024475651055,-0.20975559140028485,-0.004738748128688833,-0.0044502445019575145,-4.962290832912487,0,0.5348208552875027
56.987839999989454,-2.1279897344156513,0.48699092015212975,1.280730514487081,0.008750873819154273,-0.013695943865479518,-0.008108623093575688,-1.8591360069238894,0.7077207027850755,1.4748452750342085,-0.007521550349492029,0.2087579186040377,0.035318805967258754,-2.1579602071778488,0.5487761677868885,1.3897413842402213,-0.05004854213479821,0.12486485453195105,-0.011697092144342273,0.09000117304571391,0.09000117304571391,0.0,0.11045993910480519,0.5404448648347991,-0.20970507273384364,-0.004742408495635279,-0.004446602484182079,-4.96220089537307,0,0.5348617616651019
56.99199999998945,-2.1279532207900282,0.486933884061804,1.280696781377188,0.008763270149511055,-0.013688661678182446,-0.008095946374387581,-1.989185195073522,0.5135968428170375,1.1625905731708925,-0.04597609644518051,-0.08399312910410649,0.026370291780717793,-2.0736678173086114,0.5310113436867154,1.2762186439252063,-0.04769126432358192,0.020551254086505943,0.00762013472100769,0.09000117304571391,0.09000117304571391,0.0,0.11039859308662961,0.540487313210168,-0.209654661541962,-0.004746081183989123,-0.0044429710436973135,-4.962110905057977,0,0.5349026421313375
56.99615999998945,-2.1279166554170597,0.4868768781860832,1.2806631010340608,0.00877568951241676,-0.013681410172983487,-0.008083282350533436,-1.9228132949233763,0.21680876418079725,1.104630165138278,0.007619081505106371,-0.10752723101304812,-0.0003252980590094561,-1.9982237193670178,0.3736839555880845,1.1904228845866673,-0.020007741018701442,-0.043361407103075456,0.0034760978285458444,0.09000117304571391,0.09000117304571391,0.0,0.11033714918216117,0.5405297928335189,-0.20960435778764575,-0.004749766240308677,-0.0044393501755721765,-4.962020861767942,0,0.5349434967747317
57.00031999998945,-2.1278800382002463,0.4868199023970947,1.2806294734049295,0.008788132035202532,-0.013674189357245032,-0.008070630991489549,-2.137363376697321,0.35214711931549425,1.0499567646818586,0.03521946701787417,0.005396912258858962,0.042664165323250486,-2.0677225574529463,0.36292702603617044,1.1202789681116043,0.008223214767905714,-0.019184370599214563,0.02240110373857933,0.09000117304571391,0.09000117304571391,0.0,0.11027560703997628,0.5405723038474033,-0.20955416143470867,-0.004753463711411041,-0.004435739874910954,-4.96193076530304,0,0.5349843256838279
57.00447999998945,-2.127843369042555,0.48676295656693425,1.2805958984371522,0.008800597845831785,-0.013666999238517325,-0.00805799226657377,-2.643579308178236,0.30874503587918456,1.285825436287507,0.13902058251417268,-0.11253082273682347,0.035164872837558106,-2.355365638276412,0.3356012465812895,1.2031271082402475,0.07353403482331801,-0.06568602146545603,0.02849091879732697,0.09000117304571391,0.09000117304571391,0.0,0.11021396630640962,0.5406148463948306,-0.20950407244863073,-0.004757173644374277,-0.004432140136854633,-4.961840615462683,0,0.53502512894719
57.00863999998945,-2.127806647846418,0.4867060405676653,1.280562376078215,0.008813087072901836,-0.013659839824547661,-0.008045366144943987,-1.9192765801030829,0.8731677759701582,1.3185653473277315,-0.24058868059012875,-0.10578368963619417,0.08907835532781612,-2.137819091444544,0.6041666976155814,1.2610314509348384,-0.08321086752756149,-0.08498781888156062,0.0591966905749107,0.09000117304571391,0.09000117304571391,0.0,0.11015222662662015,0.5406574206193232,-0.20945409079506258,-0.004760896086539271,-0.004428550956583396,-4.961750412045615,0,0.535065906653404
57.01279999998945,-2.127769874513728,0.48664915427131844,1.2805289062757332,0.008825599845658866,-0.013652711123245396,-0.00803275259560756,-2.2639020392378297,0.36302633158491693,1.5245664598365032,-0.055267255502867,0.15516778695410594,0.030233851865329446,-2.200976401739847,0.4839177132793728,1.3928650891361083,-0.06924092065222898,0.03500654152895923,0.04404196332060704,0.09000117304571391,0.09000117304571391,0.0,0.11009038764352014,0.5407000266646499,-0.20940421644089607,-0.004764631085511804,-0.0044249723293104375,-4.96166015484991,0,0.5351066588910777
57.016959999989446,-2.1277330489458364,0.4865922975498904,1.2804954889774525,0.008838136293991586,-0.013645613142731838,-0.008020151587402316,-1.972525582699402,0.5225472536918541,1.092113582724034,-0.0883380436862499,-0.0172374740558844,-0.07107762253892778,-2.08693250804887,0.5031977699056603,1.2423400163694838,-0.07908933588648229,0.00846976239442503,-0.013810664220442085,0.09000117304571391,0.09000117304571391,0.0,0.11002844899798556,0.5407426646751471,-0.20935444935469502,-0.004768378689164819,-0.004421404250288968,-4.961569843672969,0,0.535147385748841
57.021119999989445,-2.127696171043551,0.48653547027534333,1.2804621241312482,0.008850696548442396,-0.01363854589130688,-0.008007563089011476,-1.7404721041498064,0.8270110243050988,1.3269023180450537,-0.022380050049505648,-0.09674112828620308,-0.1908689597876083,-1.9137459043470006,0.664905107519399,1.2842237254081694,-0.050991844852241716,-0.04396703609157998,-0.10183242960960855,0.09000117304571391,0.09000117304571391,0.0,0.10996641032949477,0.5407853347953991,-0.20930478950498593,-0.004772138945640049,-0.004417846714808789,-4.961479478311514,0,0.5351880873153467
57.02527999998944,-2.1276592407071337,0.4864786723196039,1.2804288116851275,0.008863280740211334,-0.013631509377466343,-0.007994987068952056,-2.4595571697374146,0.329220594658884,1.6580531334262811,-0.01614491705856027,0.09906636066537791,0.051444830402991706,-2.1866883560096237,0.4972671712897793,1.471247099860028,-0.033850120193167285,0.027245274318806988,-0.02474720990494977,0.09000117304571391,0.09000117304571391,0.0,0.10990427127569888,0.5408280371704529,-0.20925523686239836,-0.0047759119033504455,-0.004414299718197855,-4.961389058561588,0,0.5352287636792704
57.02943999998944,-2.1276222578362955,0.48642190355456266,1.2803955515872292,0.00887588900116264,-0.013624503609897011,-0.007982423495580537,-2.043137230390048,-0.08680423494576722,1.2497979972940942,0.15010248894765552,-0.012005159795923342,-0.020139802003306256,-2.114601462585407,0.20520273628407407,1.3604797610478498,0.059019681182116354,0.007466043504289633,-0.022757431728402822,0.09000117304571391,0.09000117304571391,0.0,0.10984203147177725,0.5408707719460322,-0.2092057913979569,-0.004779697610982397,-0.004410763255821872,-4.961298584218551,0,0.5352694149293117
57.03359999998944,-2.1275852223301963,0.48636516385207323,1.2803623437858247,0.008888521463829674,-0.013617528597467763,-0.007969872337092532,-2.062683203623972,0.08243973261248849,1.5950770492939481,-0.15494093466552902,0.05832474466223382,0.03002466058022979,-2.0889649743968195,0.14394200415224545,1.4778421431670528,-0.04759498359938006,0.03274069247918781,0.003800460632171214,0.09000117304571391,0.09000117304571391,0.0,0.10977969055171714,0.5409135392678974,-0.2091564530839378,-0.004783496117497342,-0.004407237323082238,-4.961208055077073,0,0.5353100411541936
57.03775999998944,-2.1275481340874403,0.4863084530839513,1.2803291882293184,0.008901178261418024,-0.01361058434925619,-0.007957333561513184,-2.4814782731412386,1.0080077697887915,1.4268080087156148,-0.1830985478437521,-0.21334597839249478,-0.1537835961084302,-2.285605289188323,0.5755362858503034,1.452006991513025,-0.1153000301115894,-0.08985703475629583,-0.07600955560291284,0.09000117304571391,0.09000117304571391,0.0,0.10971724814702875,0.5409563392823272,-0.20910722189344338,-0.004787307472134474,-0.004403721915420128,-4.961117470931133,0,0.535350642442663
57.04191999998944,-2.1275109930060743,0.48625177112197404,1.2802960848662488,0.008913859527809667,-0.013603670874544116,-0.007944807136697148,-2.072599977825647,0.7672396526994144,1.0065344299336143,0.14526957108504174,-0.1410129964398573,0.03656526460304964,-2.178798743991291,0.6710957906649693,1.2293434227954578,0.0148514766655337,-0.11532734083716326,-0.01962095609902639,0.09000117304571391,0.09000117304571391,0.0,0.1096547038878109,0.540999172136333,-0.20905809780104584,-0.004791131724412671,-0.004400217028317566,-4.961026831574017,0,0.5353912188834923
57.04607999998944,-2.1274737989835844,0.4861951178378791,1.280263033645289,0.008926565397577304,-0.013596788182785223,-0.007932293030341759,-2.0020447229916214,0.18371236134290791,1.170977825502658,-0.01828134808264309,-0.050190590633597175,0.09982891779617317,-2.0904600766895847,0.42729563807927057,1.2003679871296908,-0.000964940066668807,-0.08245900497314412,0.04003375616019424,0.09000117304571391,0.09000117304571391,0.0,0.10959205740189348,0.5410420379769653,-0.209009080782148,-0.004794968924132619,-0.004396722657291088,-4.960936136798312,0,0.5354317705654782
57.05023999998944,-2.127436551916893,0.4861384931033639,1.2802300345152473,0.008939296005978219,-0.013589936283656696,-0.007919791209965759,-2.112731305420614,0.2734757626064459,1.3263482645244886,0.15318229894938973,0.008201211050995316,-0.10241443522955294,-2.101276922228104,0.35040173169615946,1.2631447742726973,0.07594978140506013,-0.037158463999363116,-0.030597460744051508,0.09000117304571391,0.09000117304571391,0.0,0.10952930831526186,0.5410849369520626,-0.20896017081341306,-0.004798819121379213,-0.004393238797899001,-4.9608453863959,0,0.5354722975774436
57.054399999989435,-2.1273992517023554,0.4860818967900847,1.2801970874250685,0.008952051488969945,-0.013583115187012619,-0.007907301642927028,-2.299655822416304,0.7531930357747382,1.2003176718711464,0.04717302342439375,0.09232591438217129,0.1636601447704238,-2.200369676163476,0.5519900667358278,1.2320708288281643,0.06157969002304281,0.028619212878798074,0.06669343086115984,0.09000117304571391,0.09000117304571391,0.0,0.10946645625162624,0.5411278692095576,-0.20891136787255313,-0.0048026823665234955,-0.0043897654457353006,-4.960754580157962,0,0.5355128000082364
57.058559999989434,-2.1273618982357587,0.48602532876965576,1.2801641923238336,0.008964831983204073,-0.013576324902937077,-0.007894824296401485,-1.6399900835649812,0.2046903625861427,1.596337650481358,-0.03223531377505807,0.03990621032882295,-0.11739688278111342,-1.9202437443778342,0.3784202499965633,1.413960850887409,0.015032687791894128,0.034520773835444114,-0.024495777706415523,0.09000117304571391,0.09000117304571391,0.0,0.10940350083348782,0.5411708348980654,-0.20886267193790276,-0.004806558710225006,-0.004386302596437358,-4.960663717874967,0,0.5355532779467312
57.06271999998943,-2.127324491412317,0.4859687889136487,1.280131349160761,0.008977637626044645,-0.013569565441697797,-0.007882359137398159,-2.0526572242497942,0.43800126587484206,1.632927649003558,0.051309498627784014,0.016585909028192992,-0.07035417155408212,-1.9863445686253478,0.40824577837433446,1.5232999948848205,0.0331110778647241,0.025503850501426187,-0.04768522701854976,0.09000117304571391,0.09000117304571391,0.0,0.10934044168063999,0.5412138341666711,-0.20881408298949058,-0.004810448203434239,-0.004382850245679968,-4.96057279933667,0,0.5355937314818294
57.06687999998943,-2.1272870311266687,0.4859122770935913,1.280098557885208,0.00899046855556659,-0.013562836813768287,-0.007869906132752201,-1.8481063068558512,0.9617247387158884,1.324293424018361,-0.1361298291273576,0.05503846382495822,0.01549212186151843,-1.9175070311108202,0.6851044957826558,1.4238267431426006,-0.05178002392006946,0.03984330604228848,-0.015717403558355676,0.09000117304571391,0.09000117304571391,0.0,0.10927727841123341,0.5412568671647703,-0.2087656010084007,-0.0048143508973946345,-0.004379408389176861,-4.96048182433211,0,0.5356341607024593
57.07103999998943,-2.1272495172728747,0.485855793180967,1.28006581844667,0.009003324910562492,-0.013556139029831785,-0.007857465249122612,-2.0451285637176606,0.8628663445403126,1.5102233738851303,-0.08031653296486287,0.012535210100249328,0.09705377275376778,-1.9814861304486817,0.7740126611352197,1.467227218032915,-0.06586183293431266,0.026227445549934777,0.04081198125119471,0.09000117304571391,0.09000117304571391,0.0,0.10921401064113215,0.5412999340422301,-0.20871722597656056,-0.004818266843645067,-0.004375977022682003,-4.960390792649606,0,0.5356745656975765
57.07519999998943,-2.127211949744414,0.48579933704721373,1.2800331307947825,0.009016206830547721,-0.013549472100779811,-0.007845036452990898,-2.3991445844779853,0.8921003099720604,1.9707616856033208,0.08167260437144362,-0.20111559804817666,0.013589770452540856,-2.1901481205027946,0.8326383855855783,1.7190258874020565,0.0077599255022803475,-0.08713540245807938,0.027372939373249625,0.09000117304571391,0.09000117304571391,0.0,0.10915063798455182,0.54134303494955,-0.20866895787717069,-0.004822196094022,-0.004372556141989822,-4.960299704076752,0,0.5357149465561653
57.07935999998943,-2.1271743284341817,0.48574290856372326,1.2800004948793215,0.009029114455768721,-0.013542836037709564,-0.007832619710661615,-2.031157817235825,1.2394847885614901,0.7103201169287078,-0.027889336526032864,0.07923889221460612,0.14479156346560337,-2.1107102727185403,1.036229666446934,1.2149674754038982,-0.00986654381140805,-0.0041598348669178754,0.08589711342152806,0.09000117304571391,0.09000117304571391,0.0,0.10908716005320168,0.5413861700374896,-0.2086207966947072,-0.004826138700662021,-0.004369145742934535,-4.960208558400413,0,0.5357553033672374
57.08351999998943,-2.127136653234485,0.48568650760184023,1.2799679106502038,0.009042047927206686,-0.013536230851926134,-0.007820214988261687,-2.8312224476133507,-0.29134992960761646,1.1335074604698554,-0.06078811315150666,0.0554841414544676,0.07883346678457187,-2.471097539478672,0.3725458759177577,1.1744007962658543,-0.035468305452401684,0.025710354111633513,0.08240082968178611,0.09000117304571391,0.09000117304571391,0.0,0.10902357645713634,0.5414293394573354,-0.20857274241428214,-0.004830094716003916,-0.004365745821390163,-4.960117355406722,0,0.535795636219834
57.087679999989426,-2.127098924037041,0.48563013403286126,1.2799353780574882,0.009055007386582922,-0.013529656554955494,-0.007807822251732312,-1.9234749349455182,0.4878816331835431,1.3210239280711207,0.07262456822019488,-0.15379861310360626,0.003594642941804828,-2.197131289931669,0.42989498874170196,1.2477214432429824,0.01854317638540556,-0.06418832285567441,0.04272469715749256,0.09000117304571391,0.09000117304571391,0.0,0.1089598868043257,0.5414725433608493,-0.20852479502292898,-0.004834064192791365,-0.0043623563732729225,-4.960026094881076,0,0.5358359452030251
57.091839999989425,-2.1270611407329727,0.48557378772803406,1.2799028970513764,0.009067992976368035,-0.013523113158529929,-0.007795441466837077,-1.6446765820806455,0.42800546012176366,0.8349190926618913,-0.10650119418031122,-0.03320006225913648,-0.12427070073048246,-1.9211204601783693,0.42888159084898614,1.0410599700794243,-0.04451407338833336,-0.04890524474185895,-0.04127688189947751,0.09000117304571391,0.09000117304571391,0.0,0.10889609070022391,0.5415157819004294,-0.20847695450810824,-0.00483804718407535,-0.004358977394539252,-4.959934776608133,0,0.5358762304059109
57.095999999989424,-2.1270233032128067,0.4855174685585566,1.2798704675822132,0.00908100483978654,-0.013516600674586609,-0.007783072599158359,-2.2393904678218988,0.7515199543381588,1.8317155373082994,-0.032786941672144736,-0.17003977055334105,-0.07021356709429115,-2.080324877555746,0.5898484965144599,1.4362454381529606,-0.03913662429530841,-0.10905317676289013,-0.054874996314867516,0.09000117304571391,0.09000117304571391,0.0,0.10883218774840729,0.5415590552286833,-0.20842922085899246,-0.0048420437432161526,-0.004355608881184454,-4.9598434003718035,0,0.5359164919176213
57.10015999998942,-2.12698541136647,0.4854611763955762,1.279838089600488,0.009094043120818969,-0.013510119115294768,-0.00777071561408863,-1.4625508761159334,0.2586135471574242,1.3170802750892416,0.06811363421589758,0.09287905536437488,0.014045201536867483,-1.77129221699264,0.4244228397918824,1.3766906858348051,0.014643875722355607,-0.00855679560091025,-0.020154587334921526,0.09000117304571391,0.09000117304571391,0.0,0.1087681775507855,0.5416023634988566,-0.2083815940656135,-0.004846053923886083,-0.004352250829247287,-4.959751965955253,0,0.5359567298273169
57.10431999998942,-2.126947465083286,0.4854049111101886,1.2798057630568345,0.00910710796421656,-0.013503668493023131,-0.007758370476840768,-2.1161015073248257,0.9951526026472078,0.8336032093056913,-0.0740461570526926,-0.18822587983025726,-0.12855862537181184,-1.9438531360100313,0.7093995375950646,1.1048759340928194,-0.029768936448808517,-0.09805626230553185,-0.07443860918465167,0.09000117304571391,0.09000117304571391,0.0,0.10870405970631573,0.5416457068646202,-0.208334074119078,-0.004850077780072088,-0.004348903234805362,-4.959660473140894,0,0.5359969442241893
57.10847999998942,-2.1269094642519715,0.485348672573437,1.2797734879020326,0.009120199515495565,-0.013497248820384205,-0.00774603715242955,-1.8423136300840242,0.2989259122489413,1.4435409622466602,-0.027035814555761657,-0.048323449078706365,0.017794190079792774,-1.8931405174014608,0.5040597724202293,1.2742481416716778,-0.027627840199308498,-0.07340035082317316,-0.028478277442698693,0.09000117304571391,0.09000117304571391,0.0,0.10863983381228146,0.5416890854801776,-0.2082866610119979,-0.004854115366078089,-0.0043455660939818175,-4.959568921710382,0,0.5360371351974614
57.11263999998942,-2.126871408760634,0.4852924606563112,1.279741264087009,0.009133317920953558,-0.013490860110194895,-0.007733715605687424,-1.8250328957703283,0.4956454792090345,1.4657622264437364,0.2632039403361052,-0.006926120897971327,-0.20826923203705588,-1.8585387052837479,0.49983879342827336,1.3695732978772341,0.11773665327779628,-0.04047167814581112,-0.11834669105357322,0.09000117304571391,0.09000117304571391,0.0,0.10857549946386233,0.5417324995003732,-0.20823935473827931,-0.004858166736527376,-0.004342239402940352,-4.959477311444612,0,0.5360773028363885
57.11679999998942,-2.126833298496769,0.4852362752297467,1.279709091562837,0.009146463327675517,-0.013484502375480656,-0.007721405801262109,-1.6951994364517349,1.0187865402761027,1.382295055070237,-0.094093768286691,0.005983178829630835,-0.0639421782270986,-1.7770652110245257,0.7593290417504435,1.375801419524938,0.012590307777503508,-0.017390863253030797,-0.0912209553563098,0.09000117304571391,0.09000117304571391,0.0,0.1085110562539171,0.5417759490800519,-0.20819215529248294,-0.004862231946365174,-0.0043389231578833684,-4.959385642123716,0,0.5361174472302578
57.12095999998942,-2.1267951333472546,0.4851801161646237,1.2796769702807387,0.009159635883530538,-0.013478175629522745,-0.007709107703595874,-1.9969630069238415,0.38473975541933203,1.258923586754279,0.0827092157683058,-0.06696600104631664,0.04511728666342083,-1.886843836945909,0.5718927200462233,1.3174535608982314,0.04775202126958708,-0.0422858416434669,-0.02211473536870888,0.09000117304571391,0.09000117304571391,0.0,0.10844650377298014,0.5418194343753423,-0.2081450626706813,-0.0048663110508615735,-0.004335617355060492,-4.959293913527056,0,0.5361575684683899
57.125119999989415,-2.1267569131983497,0.48512398333176626,1.2796449001920847,0.00917283573719362,-0.013471879885778677,-0.007696821276955489,-2.1939519220998456,0.7862009283192337,1.6125865206877132,0.04663897960078564,-0.24931565929360436,-0.00020830967582865546,-2.0403040370242183,0.6785310774638996,1.4650215341925292,0.04768421634028673,-0.1464236391162286,-0.011096322936992158,0.09000117304571391,0.09000117304571391,0.0,0.10838184160947174,0.5418629555420011,-0.20809807687046206,-0.004870404105613325,-0.0043323219907564735,-4.959202125433222,0,0.5361976666401379
57.129279999989414,-2.126718637935691,0.4850678766019413,1.2796128812483956,0.009186063038131501,-0.013465615157991693,-0.007684546485391382,-1.882523387385307,0.9322860415897565,1.477366404517351,0.14307260307641373,0.10964311374744727,-0.062400176576465446,-1.9611157427048456,0.8056386968889717,1.4710657675140504,0.09571919040075025,-0.018554376390155503,-0.03746734188509064,0.09000117304571391,0.09000117304571391,0.0,0.10831706934969508,0.541906512736964,-0.20805119789028886,-0.0048745111665473165,-0.0043290370613071755,-4.959110277620027,0,0.5362377418348894
57.13343999998941,-2.126680307444288,0.4850117958458576,1.2795809134013423,0.009199317936630515,-0.013459381460085273,-0.007672283292775159,-1.8091122057542706,0.45995694306037954,0.9590786585227874,-0.21449148251033814,0.03630399751559798,-0.0673641163669222,-1.8855572791551551,0.6328700178790556,1.2149278482669426,-0.06021616211957363,0.00930138539405713,-0.052093228394536735,0.09000117304571391,0.09000117304571391,0.0,0.10825218657761909,0.5419501061174911,-0.2080044257297169,-0.004878632289922535,-0.0043257625630858925,-4.959018369864501,0,0.5362777941420659
57.13759999998941,-2.126641921608522,0.48495574093416494,1.2795489966027473,0.009212600583790292,-0.013453178806229,-0.007660031662772699,-1.9621044695590515,0.5310590709138936,1.2221434996048157,-0.12596240297191721,0.08953036168663069,0.0638170864858239,-1.9240929050645097,0.5821510388615383,1.2186691263035456,-0.09332696646984476,0.04893647056449754,0.005535142487846438,0.09000117304571391,0.09000117304571391,0.0,0.10818719287487501,0.5419937358411151,-0.20795776039003724,-0.004882767532333044,-0.004322498492509704,-4.9589264019428905,0,0.5363178236511239
57.14175999998941,-2.126603480312141,0.48489971173745317,1.2795171308045854,0.009225911131533647,-0.013447007210821925,-0.007647791558852085,-2.4037960051828504,0.4324021998418675,1.7033612677234484,0.07628877539687866,-0.06590444274773047,0.07146351387287213,-2.1637892152713585,0.5071389378715586,1.4611653156806872,-0.008490586104966892,-0.00869095036678845,0.039415907417896606,0.09000117304571391,0.09000117304571391,0.0,0.10812208782118062,0.5420374020662829,-0.20791120187342438,-0.004886916950710543,-0.004319244846039084,-4.95883437363065,0,0.536357830451555
57.14591999998941,-2.126564983438255,0.4848437081262511,1.2794853159589843,0.009239249732616032,-0.013440866688488338,-0.007635562944282051,-1.9354579354921857,0.6294824358344798,1.3252945699722576,0.08866318728833578,-0.3259578936800665,0.10048362924288143,-2.049437113533149,0.56763251502442,1.3934370214502902,0.03986502669582496,-0.16680164708397255,0.0704140262136046,0.09000117304571391,0.09000117304571391,0.0,0.10805687099305394,0.5420811049516624,-0.20786475018357992,-0.004891080602327267,-0.004316001620176554,-4.958742284702441,0,0.5363978146328865
57.15007999998941,-2.126526430869336,0.4847877299710257,1.2794535520182255,0.009252616540624753,-0.013434757254097388,-0.007623345782124955,-2.471946712210502,0.4830306292772094,0.6682118860255852,0.09652458101729525,-0.0970367146264298,-0.01960094352561957,-2.2604938721103753,0.5251297796531612,1.0307792248923113,0.06808109147275225,-0.1322280367319995,0.025116442487785814,0.09000117304571391,0.09000117304571391,0.0,0.10799154196594743,0.5421248446565705,-0.20781840532509338,-0.0048952585447982165,-0.0043127688114699796,-4.9586501349321255,0,0.5364377762846819
57.15423999998941,-2.126487822487211,0.4847317771421809,1.2794218389347454,0.009266011709995242,-0.013428678922745045,-0.007611140035240915,-1.3366333475759364,0.17692774800084854,1.6895207363042881,0.05980625401585379,0.010209945276198307,0.09015357513304309,-1.7984334300268165,0.35104808914370933,1.360341795592114,0.06427124504937168,-0.06127082449059632,0.057780557164885504,0.09000117304571391,0.09000117304571391,0.0,0.10792610031167961,0.542168621340921,-0.20777216730408624,-0.00489945083608454,-0.004309546416510065,-4.958557924092763,0,0.5364777154965413
57.158399999989406,-2.126449158173061,0.4846758495100569,1.279390176661136,0.009279435396009403,-0.013422631709769945,-0.007598945666281578,-2.0085348418520845,1.0168848581645216,1.0626537395483282,-0.026349826995507704,-0.07947585557602599,0.021260252049464506,-1.9035405847550162,0.6838056000685686,1.2115403024847593,0.01904909689909426,-0.07026384089549595,0.03933171576759307,0.09000117304571391,0.09000117304571391,0.0,0.10786054560099631,0.5422124351649046,-0.207726036128215,-0.004903657534495646,-0.00430633443193239,-4.958465651956605,0,0.5365176323581021
57.162559999989405,-2.126410437807416,0.48461994694492877,1.2793585651501456,0.009292887754809217,-0.01341661563074937,-0.007586762637692051,-1.9523350719268966,0.25766220762676306,1.0223978207676865,-0.01761196392864127,-0.0401925215793587,-0.14297990150610976,-1.9279746897195813,0.47064700380480856,1.1166705757336173,0.0006668507205034008,-0.05507679750008848,-0.05192381860540726,0.09000117304571391,0.09000117304571391,0.0,0.10779487740121632,0.5422562862897382,-0.20768001180581797,-0.004907878698692696,-0.00430313285441712,-4.95837331829509,0,0.5365575269590396
57.166719999989404,-2.1263716612701518,0.48456406931700596,1.27932700435468,0.0093063689434043,-0.013410630701474822,-0.007574590911715913,-1.960923344866487,0.01806705220519944,1.6286334535537557,-0.07636194121788768,0.21154894563028528,0.09269542084969,-1.9446086107706668,0.24479390457867453,1.3728483706223862,-0.03758666393674666,0.07820562272620227,0.020391092949021958,0.09000117304571391,0.09000117304571391,0.0,0.10772909527772329,0.5423001748767046,-0.20763409434720104,-0.004912114387690599,-0.0042999416806838945,-4.95828092287884,0,0.5365973993890668
57.1708799999894,-2.1263328284404865,0.4845082164964309,1.2792954942278034,0.009319879119669418,-0.013404676938012762,-0.007562430450374062,-1.762621947793487,0.3245100895712877,1.259016323732697,-0.04791425683189419,-0.14119838036292623,-0.11765647992826093,-1.853713027789973,0.2843579091749514,1.3156872587435728,-0.043056719225732204,-0.03102208523784164,-0.04883069562576521,0.09000117304571391,0.09000117304571391,0.0,0.10766319879374901,0.5423441010876865,-0.20758828376357127,-0.00491636466086148,-0.004296760907501305,-4.958188465477658,0,0.5366372497379357
57.1750399999894,-2.1262939391969766,0.48445238835327814,1.2792640347227389,0.009333418442360962,-0.01339875435666365,-0.0075502812154777076,-2.3231096189464226,0.4249333403336391,0.6288982992151458,0.14159621140390213,-0.013227760438419233,0.10961627653042302,-2.0881194387043838,0.354619660113713,0.9725176196504525,0.04894381713693479,-0.022397754605198692,0.029590325828841916,0.09000117304571391,0.09000117304571391,0.0,0.10759718750951468,0.5423880650855961,-0.20754258006768095,-0.004920629577937576,-0.0042935905316830395,-4.958095945860517,0,0.5366770780954375
57.1791999999894,-2.1262549934175135,0.4843965847575533,1.2792326257928697,0.00934698707112254,-0.013392862973959124,-0.0075381431686284,-2.1202789668273487,0.5698532364015999,1.1368798982084334,0.009142922280253618,0.06844610588784576,0.14437432006113216,-2.10418018229878,0.4623803783904062,1.0549988952635192,0.02893604967182099,0.022990410960787556,0.08760399588723307,0.09000117304571391,0.09000117304571391,0.0,0.1075310609832956,0.5424320670332007,-0.20749698327361665,-0.00492490919901364,-0.004290430550085263,-4.958003363795563,0,0.5367168845514031
57.1833599999894,-2.1262159909793197,0.4843408055791921,1.2792012673917397,0.009360585166489738,-0.01338700280668782,-0.007526016271208025,-1.9680804515097736,0.41838079263618827,1.5771331924147112,-0.038739960949829164,0.031816177712807814,0.015437506060804813,-2.036209865757933,0.44044512103186795,1.31610268940817,-0.004934544398141782,0.02804383905251825,0.051101088410176056,0.09000117304571391,0.09000117304571391,0.0,0.10746481877077677,0.5424761070944583,-0.20745149339637353,-0.004929203584550276,-0.004287280959610239,-4.957910719050105,0,0.5367566691957038
57.1875199999894,-2.126176931758945,0.4842850506880593,1.2791699594730548,0.009374212889901024,-0.013381173871875679,-0.007513900484382404,-1.8755612257379979,0.5871090758074003,1.5352411619645907,0.06605450278162654,-0.060855510926794844,-0.09075018856770958,-1.9557468109352112,0.5136532067290576,1.4254844218388814,0.030450021058515818,-0.01719820361705304,-0.01968107144059223,0.09000117304571391,0.09000117304571391,0.0,0.10739846042504884,0.5425201854334513,-0.20740611045292762,-0.004933512795376767,-0.004284141757203921,-4.957818011390611,0,0.5367964321182511
57.1916799999894,-2.126137815632263,0.48422931995394763,1.2791387019906835,0.00938787040370012,-0.01337537618681072,-0.007501795769093827,-2.1549199307013156,0.30344838383829237,1.1532357752564986,0.06504126697930981,-0.059637486474556155,-0.1625758084598188,-2.0551990559229987,0.40842670144105564,1.2890207231316144,0.04753923592047431,-0.039098542982215455,-0.09144751051155374,0.09000117304571391,0.09000117304571391,0.0,0.10733198549660414,0.5425643022151885,-0.20736083446116946,-0.004937836892694125,-0.004281012939859595,-4.957725240582706,0,0.5368361734089986
57.195839999989396,-2.1260986424744663,0.4841736132465767,1.2791074948986583,0.009401557871148183,-0.013369609769018583,-0.007489702086066834,-2.278217673805353,0.387669647948368,1.41264701288323,-0.09964339001363624,-0.042986167219909575,0.019454438853208744,-2.166918377172651,0.3979596037432328,1.350875910252237,-0.025467390503149008,-0.041515381317063775,-0.03634623163906979,0.09000117304571391,0.09000117304571391,0.0,0.10726539353376052,0.5426084576048045,-0.20731566544097654,-0.004942175938077772,-0.004277894504614502,-4.9576324063911645,0,0.5368758931579409
57.199999999989394,-2.1260594121600644,0.4841179304355921,1.2790763381511758,0.009415275456425693,-0.013363874636301313,-0.007477619395795255,-2.238790786727263,0.5202190338462936,1.338043619626014,-0.01927156905545054,0.05344194103967327,-0.04279134033270302,-2.2028955549004676,0.4592024009827218,1.3443712657160385,-0.02218440681823391,0.005443189379488367,-0.03985462234259406,0.09000117304571391,0.09000117304571391,0.0,0.10719868408223049,0.542652651768576,-0.20727060341271852,-0.004946529993481113,-0.004274786448555732,-4.957539508579908,0,0.5369155914551157
57.20415999998939,-2.1260201245628783,0.4840622713905643,1.2790452317025984,0.00942902332465273,-0.013358170806671791,-0.007465547658561666,-2.5974817160627612,0.7216140938360995,1.300609553820108,-0.2264557585429827,0.010554786290711948,0.04046050815042171,-2.400662920729785,0.5904331753396533,1.3225743435303712,-0.12406526963867832,0.007451438935107457,0.0002577472754173905,0.09000117304571391,0.09000117304571391,0.0,0.10713185668490309,0.5426968848728014,-0.20722564839875657,-0.004950899121238052,-0.004271688768809616,-4.957446546911996,0,0.536955268390603
57.20831999998939,-2.1259807795560373,0.4840066359809874,1.279014175507455,0.009442801641878487,-0.013352498298443764,-0.007453486834404705,-1.5262596894129983,0.6710673420893993,1.3389818096138706,-0.264562397257126,-0.04442922064117179,-0.19560511865287508,-1.9640047633045599,0.630658148949806,1.330370813981135,-0.19464394264054571,-0.018359343650554295,-0.09740897749166537,0.09000117304571391,0.09000117304571391,0.0,0.1070649108824814,0.5427411570848159,-0.2071808004230196,-0.00495528338406657,-0.004268601462554545,-4.957353521149626,0,0.5369949240545269
57.21247999998939,-2.125941377011974,0.48395102407627844,1.278983169520442,0.009456610575105424,-0.013346857130157522,-0.007441436883146432,-1.7878437849416644,0.5577351508637008,1.0056397795405347,0.02099309485795408,0.05895190873291619,-0.03778904415970085,-1.8758785784563174,0.5943185306666504,1.1679244746194848,-0.0872229100472324,0.020400589576169553,-0.0676269983322524,0.09000117304571391,0.09000117304571391,0.0,0.10699784621240971,0.5427854685722455,-0.20713605951036518,-0.004959682845071567,-0.0042655245270119425,-4.9572604310541255,0,0.5370345585370543
57.21663999998939,-2.125901916802423,0.4838954355457758,1.278952213696424,0.009470450292284717,-0.013341247320630566,-0.007429397764369913,-2.3405288865505605,0.5868356643373795,1.2171812767886612,-0.09874578706495409,0.09216871810647072,0.13774009936438336,-2.1084119548698106,0.5907678417844073,1.1928402775004627,-0.09318430336571351,0.05671839619396394,0.03477331030402671,0.09000117304571391,0.09000117304571391,0.0,0.10693066221057969,0.5428298195035423,-0.20709142568722333,-0.0049640975677478485,-0.004262457959451947,-4.957167276385948,0,0.537074171928398
57.22079999998939,-2.1258623987984135,0.48383987025873865,1.2789213079904347,0.009484320962336451,-0.013335668888919768,-0.007417369437432702,-2.117436003779017,0.23174310287171251,1.4359828206795873,-0.0686660151392109,0.07910857085279505,-0.03618116744070405,-2.11306741401903,0.4114164424004211,1.3143397133341996,-0.08066311562246985,0.06842230661560772,-0.0015257711474447255,0.09000117304571391,0.09000117304571391,0.0,0.10686335840918922,0.5428742100476108,-0.20704689898159984,-0.004968527615983669,-0.004259401757188096,-4.957074056904667,0,0.5371137643188151
57.22495999998939,-2.125822822870267,0.48378432808434546,1.2788904523576787,0.009498222755144843,-0.013330121854365974,-0.0074053518614490945,-1.9848173254611947,0.6199392452705684,0.7310610148975477,0.09768875962727469,0.011515973786690836,-0.06340549124983846,-2.0487391337632137,0.5157035542159408,1.0225665426668382,0.008910711355946632,0.03982932152427801,-0.03349143870488287,0.09000117304571391,0.09000117304571391,0.0,0.10679593433823373,0.5429186403739171,-0.20700247942307956,-0.004972973054063735,-0.004256355917583706,-4.956980772368973,0,0.5371533357986082
57.229119999989386,-2.1257831888875938,0.48372880889169306,1.2788596467535316,0.009512155841572174,-0.013324606236574867,-0.00739334499529673,-2.257319339629638,-0.05180973588087595,1.0702468439287334,-0.1544143325278455,-0.1369674906159627,-0.18224065323481606,-2.1533522179641253,0.23165946778672356,1.046028387934771,-0.07257575224373786,-0.049239684894046884,-0.10805667532028249,0.09000117304571391,0.09000117304571391,0.0,0.10672838952550318,0.5429631106527023,-0.20695816704218736,-0.004977433946672444,-0.004253320438050825,-4.956887422536665,0,0.5371928864581267
57.233279999989385,-2.1257434967192874,0.48367331254979556,1.2788288911335415,0.009526120393473952,-0.013319122055393536,-0.007381348797621824,-2.074171745517599,-0.26149650803494423,1.6045785871201734,-0.17729422491493663,-0.14396812447767945,0.11375204781569395,-2.1141307150121125,-0.01522323180651122,1.3255434005619628,-0.12467800751507001,-0.0957268913679097,0.0031202453457602193,0.09000117304571391,0.09000117304571391,0.0,0.10666072349508121,0.543007621054771,-0.20691396187167435,-0.004981910358897312,-0.004250295316044593,-4.956794007164651,0,0.5372324163877662
57.237439999989384,-2.125703746233522,0.48361783892758325,1.2787981854534296,0.00954011658369439,-0.013313669330955446,-0.007369363226823594,-2.296945780889999,0.47268355584488814,0.9833047369523106,-0.024687539128393828,-0.12784496175599577,-0.06729910650687079,-2.205589039730562,0.22846612995971544,1.1542820370091544,-0.07557238808511421,-0.11104704479246733,-0.032249969408303915,0.09000117304571391,0.09000117304571391,0.0,0.10659293576947851,0.5430521717514385,-0.20686986394502407,-0.004986402356231949,-0.004247280549069523,-4.956700526008935,0,0.5372719256779701
57.24159999998938,-2.125663937297747,0.4835623878939014,1.278767529669092,0.009554144586085618,-0.013308248083650968,-0.00735738824106125,-1.820279494757328,0.21974937806311906,1.62220591576663,-0.02506101925893007,0.15818042468306798,0.12171383276628303,-2.0129841896122964,0.22443569619597942,1.3884992651052455,-0.05008318304817587,0.024033905162179663,0.04527350518333636,0.09000117304571391,0.09000117304571391,0.0,0.10652502586727752,0.5430967629146922,-0.20682587329795235,-0.00499091000457984,-0.004244276134676161,-4.9566069788246185,0,0.537311414419229
57.24575999998938,-2.125624069778682,0.48350695931750903,1.2787369237365993,0.009568204575504472,-0.013302858334163448,-0.00734542379824164,-2.021883456515016,0.45062935462441245,0.7659295766193522,0.06985352481727809,-0.11321113608286078,-0.054776120339554174,-2.017286953491808,0.3372980889935116,1.0770968346454903,0.009089621663300674,-0.04431857667139128,-0.0050829061465209645,0.09000117304571391,0.09000117304571391,0.0,0.10645699330526535,0.5431413947172998,-0.2067819899669134,-0.004995433370257329,-0.004241282070466721,-4.956513365365892,0,0.5373508827020829
57.24991999998938,-2.125584143542316,0.4834515530670781,1.2787063676121992,0.009582296727834042,-0.013297500103423933,-0.00733346985603173,-2.4626861841135623,0.7787398126669614,1.674493680250459,0.16139004673818066,-0.0875322920386121,0.13833779474921185,-2.239654268483338,0.5578396074083859,1.3760872350906956,0.08535972454141988,-0.06574582434303104,0.06659000293853709,0.09000117304571391,0.09000117304571391,0.0,0.10638883759714778,0.5431860673323826,-0.20673821399038564,-0.004999972519997085,-0.004238298354088251,-4.956419685386031,0,0.5373903306171198
57.25407999998938,-2.1255441584538994,0.48339616901119203,1.2786758612523166,0.009596421219983128,-0.013292173412654193,-0.007321526371843112,-2.443087582605302,0.46739264135358666,0.8407807788497086,0.16396900236443646,0.05840582445957998,-0.06509858490068164,-2.3410317672257803,0.5127381105595112,1.1082957542750875,0.12488480342563069,-0.004224495723207646,0.0003231775086539643,0.09000117304571391,0.09000117304571391,0.0,0.10632055825354436,0.5432307809340049,-0.2066945454082336,-0.005004527520951797,-0.004235324983237747,-4.956325938637389,0,0.5374297582549783
57.25823999998938,-2.1255041143779416,0.4833408070183448,1.2786454046135547,0.009610578229898909,-0.013286878283340565,-0.00730959330283944,-2.1038820454430778,1.1950665451569997,1.4351222744236802,0.0058904972303877035,-0.06552010840846398,0.06958211993371982,-2.2224427112760616,0.853770249747731,1.2718568799517054,0.06525892641118268,-0.034592967472259935,0.034539575013031606,0.09000117304571391,0.09000117304571391,0.0,0.10625215478283948,0.5432755356966938,-0.20665098426192502,-0.005009098440697182,-0.004232361955659193,-4.956232124871393,0,0.5374691657063467
57.26239999998938,-2.125464011178206,0.48328546695693964,1.2786149976526966,0.009624767936577338,-0.013281614737240575,-0.007297670605932884,-2.446509637146823,-0.1068234447836296,0.7996321812777566,0.006237599150390625,0.05730420690274081,-0.010228986252607307,-2.334466095104517,0.373586085989533,1.0357196309479624,0.03639011694104369,0.011246759912405676,0.012311684430978388,0.09000117304571391,0.09000117304571391,0.0,0.10618362668989537,0.5433203317955476,-0.20660753059453402,-0.005013685347235813,-0.004229409269143036,-4.95613824383854,0,0.5375085530619642
57.266559999989376,-2.1254238487177055,0.48323014869528785,1.2785846403267058,0.009638990520061442,-0.013276382796424673,-0.007285758237766813,-2.093461252534254,0.9449799678315002,1.3829464949651809,-0.04414742532379731,-0.151969213627991,0.06252162872003558,-2.214053820765456,0.6589705285092852,1.2094653121186782,-0.00386964683457374,-0.07015595612600813,0.03752101700019347,0.09000117304571391,0.09000117304571391,0.0,0.10611497347711617,0.5433651694065038,-0.20656418445053032,-0.0050182883090007,-0.0042264669215342655,-4.956044295288387,0,0.5375479204126213
57.270719999989375,-2.1253836268586994,0.4831748521016078,1.2785543325927278,0.009653246161464561,-0.013271182483211772,-0.007273856154738027,-2.0666270923875207,0.7013493054141063,1.4600802007693123,0.14098534946723632,0.15218088373944264,0.010850456864523024,-2.1400459425256333,0.680477064469273,1.3347974957715325,0.06843461796797767,0.04084477495166906,0.023986925293393527,0.09000117304571391,0.09000117304571391,0.0,0.10604619464423046,0.5434100487061265,-0.20652094587621017,-0.005022907394858448,-0.0042235349107230015,-4.95595027896955,0,0.5375872678491609
57.27487999998937,-2.125343345462687,0.4831195770440236,1.2785240744080903,0.009667535042972237,-0.013266013820213163,-0.007261964312979287,-2.448626682924104,0.052598040896586484,1.2751235187063301,0.08796313587016664,-0.0904127076145547,0.06011593974175707,-2.2941538480773302,0.3663458947208727,1.3050853213996583,0.0773979103883108,-0.025156108026746955,0.04195664408625403,0.09000117304571391,0.09000117304571391,0.0,0.10597728968743138,0.5434549698715014,-0.206477814919058,-0.0050275426741133115,-0.0042206132346483925,-4.955856194629696,0,0.5376265954624779
57.27903999998937,-2.125303004390404,0.4830643233905639,1.2784938657303055,0.009681857347850119,-0.013260876830326992,-0.007250082668358341,-2.4897206635894906,0.2259427518999167,1.0690349606203235,0.007115837654269588,-0.13701362568579695,0.09430786570117651,-2.391924177894276,0.29585915148416075,1.1872529617105358,0.04243174171672357,-0.08145997284620167,0.06893919094200535,0.09000117304571391,0.09000117304571391,0.0,0.10590825810065461,0.5434999330804497,-0.20643479162860495,-0.005032194216510458,-0.004217701891299282,-4.955762042015537,0,0.537665903343521
57.28319999998937,-2.125262603501819,0.4830090910091608,1.2784637065170703,0.00969621326045568,-0.013255771536741411,-0.007238211176476778,-2.073211948698068,0.15739008115233455,1.568030167714206,0.009381646270117944,-0.08411199535449532,-0.024420223922916335,-2.2325452575710236,0.22644796736381714,1.3775938225912787,0.025398164500138945,-0.08243503520960974,0.022079493477232825,0.09000117304571391,0.09000117304571391,0.0,0.10583909937429158,0.5435449385115299,-0.206391876055791,-0.005036862092240018,-0.00421480087871476,-4.955667820872826,0,0.5377051915832922
57.28735999998937,-2.1252221426561264,0.48295387976764853,1.2784335967262674,0.009710602966245234,-0.013250697962935197,-0.00722634979266715,-2.0075099186048333,-0.31725426663933903,0.8152824779087268,0.02325514234085009,-0.023749554697226172,0.02495919360329712,-2.1199779179607465,-0.04545540462416265,1.0964863200732446,0.024458815854288163,-0.05355185774479789,0.023427707328403158,0.09000117304571391,0.09000117304571391,0.0,0.10576981299625336,0.5435899863440389,-0.2063490682529678,-0.0050415463719404655,-0.004211910194984415,-4.95557353094635,0,0.5377444602728487
57.29151999998937,-2.125181621711744,0.48289868953376247,1.2784035363159674,0.009725026651789878,-0.013245656132656138,-0.007214498471998491,-1.693869834656176,0.373080721165883,1.2229221317697805,0.0718231944602447,0.03018891441250087,0.048775918305506726,-1.9067720476081498,0.16387763293500116,1.1598051725061116,0.04839913583080942,-0.011328077500251988,0.03676886189257348,0.09000117304571391,0.09000117304571391,0.0,0.10570039845089746,0.5436350767575858,-0.2063063682747579,-0.00504624712670235,-0.004209029838243656,-4.955479171979927,0,0.5377837095033017
57.29567999998937,-2.1251410405263074,0.48284352017513754,1.2783735252444288,0.009739484504771662,-0.013240646069980877,-0.007202657169254843,-2.170760256930326,0.4974119982620522,1.5896115929363432,-0.08698062493342959,0.007959881793524456,-0.20402559088827701,-2.038949010198672,0.33066426447705244,1.3742879465982643,-0.01923711953982972,-0.0019539538638357074,-0.0840570586183364,0.09000117304571391,0.09000117304571391,0.0,0.10563085522030569,0.5436802099330015,-0.20626377617698918,-0.005050964428072272,-0.0042061598066833765,-4.955384743716393,0,0.5378229393658189
57.299839999989366,-2.1251003989566657,0.48278837155930737,1.2783435634701,0.009753976714010008,-0.013235667799243948,-0.0071908258389579635,-2.1681812530010403,0.35227860437538283,1.386301833168029,0.08121993470035696,-0.07221846138837235,0.06380829469156732,-2.1033949957069566,0.34132403364094815,1.3804268972330616,0.029972771240026275,-0.03836086704752175,-0.009751043152453008,0.09000117304571391,0.09000117304571391,0.0,0.10556118278278344,0.5437253860513778,-0.2062212920171253,-0.005055698348056569,-0.004203300098539897,-4.955290245897606,0,0.5378621499516244
57.303999999989365,-2.125059696858876,0.4827332435537028,1.2783136509516193,0.009768503469457776,-0.01323072134509556,-0.007179004435343906,-2.9351393852106273,0.2172175853890777,1.1760224427916872,-0.050447820387225256,-0.0024052351385605887,-0.07789260991812082,-2.5193778517443413,0.27926431305152644,1.278061937741001,-0.010275092323856243,-0.020084726908941256,-0.04416001821334892,0.09000117304571391,0.09000117304571391,0.0,0.10549138061392316,0.5437706052946033,-0.206178915854269,-0.005060448959125144,-0.004200450712101551,-4.955195678264432,0,0.5379013413519983
57.308159999989364,-2.1250189340882004,0.48267813602565074,1.2782837876478177,0.009783064962214786,-0.013225806732491425,-0.007167192912364769,-2.2416244145391793,0.2285693739951427,1.4141536934120817,-0.0018011043275001377,0.054601430984050583,0.06880955635571558,-2.3805020705857936,0.2540307514732447,1.346252853699327,-0.006454673037288945,0.016920208185945407,0.011854037566737783,0.09000117304571391,0.09000117304571391,0.0,0.1054214481863865,0.5438158678455782,-0.20613664774959375,-0.005065216334215505,-0.004197611645709524,-4.955101040556744,0,0.5379405136582796
57.31231999998936,-2.1249781104990983,0.482623048842373,1.278253973517719,0.009797661384546002,-0.01322092398665445,-0.007155391223702545,-2.1972735770317264,0.31425816263848094,1.279609116778523,0.050897349760659794,-0.10259035647911116,0.04417692851300944,-2.2887816725238066,0.2839311153755175,1.3130239017538439,0.022696515112992678,-0.042645590350688455,0.027294020144617553,0.09000117304571391,0.09000117304571391,0.0,0.10535138496925793,0.5438611738872541,-0.20609448776592004,-0.005070000546736436,-0.004194782897750153,-4.955006332513412,0,0.5379796669618641
57.31647999998936,-2.124937225945224,0.4825679818709849,1.2782242085205409,0.009812292929875455,-0.013216073133150784,-0.007143599322738926,-1.954319595611496,-0.4089763092618777,1.1982137639114017,-0.12211682839190546,-0.08069644254372024,-0.10977538622887859,-2.1218038626606015,-0.06269642765253838,1.2553902026982153,-0.048946197023461153,-0.06112242339983088,-0.041473703820335654,0.09000117304571391,0.09000117304571391,0.0,0.10528119042868087,0.5439065236040771,-0.20605243596729045,-0.0050748016705722985,-0.004191964466666329,-4.954911553872302,0,0.5380188013542077
57.32063999998936,-2.1248962802794207,0.4825129349784939,1.2781944926156967,0.009826959792809334,-0.013211254197827704,-0.007131817162573801,-2.14392258273478,0.8785422446533997,1.8398655451980015,-0.06248600994910979,-0.05350888834939372,-0.10700055642542985,-2.1329937142453677,0.40781687968674374,1.547409123836491,-0.055538437698536176,-0.05668230873828974,-0.07409737586203938,0.09000117304571391,0.09000117304571391,0.0,0.10521086402785322,0.5439519171806545,-0.20601049242004246,-0.005079619780086651,-0.004189156350950206,-4.9548167043702644,0,0.5380579169268251
57.32479999998936,-2.124855273353716,0.4824579080317987,1.2781648257627967,0.009841662169142664,-0.013206467206838988,-0.007120044696016833,-2.3254063107507648,0.8586593062431904,1.5150435936309217,0.04772659347070589,-0.10264502343294317,0.1486973796643125,-2.229103136150518,0.633026406282585,1.5315352911926923,-0.0034090100313294187,-0.07901506339730256,0.037346948473473945,0.09000117304571391,0.09000117304571391,0.0,0.10514040522638111,0.5439973548023959,-0.20596865719217122,-0.0050844549501265525,-0.004186358549144368,-4.954721783743132,0,0.5380970137712915
57.32895999998936,-2.1248142050193164,0.48240290089768767,1.2781352079216484,0.009856400255866682,-0.01320171218665285,-0.007108281875581932,-2.573855465745333,0.37032435870369185,0.7545322889167996,0.05972724216263251,-0.004698327494494696,0.04323737228471816,-2.4013573682125884,0.5016639196139745,1.1431193373097661,0.02810015950579432,-0.041932499193980434,0.03978601590414865,0.09000117304571391,0.09000117304571391,0.0,0.10506981348112887,0.5440428366557292,-0.20592693035311882,-0.005089307256026505,-0.004183571059843787,-4.954626791725711,0,0.5381360919792428
57.33311999998936,-2.124773075126603,0.48234791344283756,1.2781056390522587,0.009871174251185978,-0.013196989164028757,-0.007096528653492297,-1.9014997280489865,0.3562111782794162,1.0747702225007605,0.045208486589722485,0.05272730754104271,0.11335953535132667,-2.151331515575767,0.42904723097569075,1.1091810488119362,0.03689245842825413,0.004896772911097923,0.07610519182329767,0.09000117304571391,0.09000117304571391,0.0,0.10499908824514535,0.5440883629274068,-0.20588531197441934,-0.005094176773612616,-0.004180793881691677,-4.954531728051776,0,0.5381751516423763
57.337279999989356,-2.1247318835251257,0.48229294553381225,1.278076119114835,0.00988598435451572,-0.01319229816607689,-0.007084784981657595,-1.9076542348025889,0.43416573063879665,1.3417660597626495,0.05775327052262498,0.07602285767431485,-0.05179090691960465,-2.0293717735833696,0.43176384745352453,1.2253674578077636,0.047671889000488694,0.04083728991793033,0.012165524298959481,0.09000117304571391,0.09000117304571391,0.0,0.10492822896872739,0.5441339338052554,-0.20584380212948947,-0.005099063579206976,-0.004178027013389292,-4.9544365924540665,0,0.5382141928524513
57.341439999989355,-2.1246906300635984,0.4822379970370615,1.2780466480697863,0.009900830766509208,-0.013187639220181815,-0.0070730508117009365,-1.9302748082808487,0.655561581832301,1.135010563213057,-0.03939153167282166,-0.07762074255332982,-0.006628443477399528,-1.9799048313878593,0.5435031183688057,1.1801763007611392,0.004290311861241289,-0.018521949014032955,0.00194775552119494,0.09000117304571391,0.09000117304571391,0.0,0.10485723509856004,0.5441795494777492,-0.20580240089320406,-0.0051039677496315,-0.004175270453684897,-4.954341384664273,0,0.5382532157012907
57.34559999998935,-2.124649314589894,0.48218306781891956,1.278017225877724,0.009915713689056667,-0.013183012354060258,-0.007061326094933337,-2.326844354329529,0.4618865857817839,1.4426031007972195,0.08075857394186638,-0.12473476663876909,0.11021470839074392,-2.1532093256369342,0.5024351509421148,1.3116215221685459,0.042654451805207126,-0.07177286202911863,0.05571767813772881,0.09000117304571391,0.09000117304571391,0.0,0.10478610607813875,0.5442252101339048,-0.20576110834254133,-0.005108889362212381,-0.004172524201379713,-4.9542461044130395,0,0.5382922202807799
57.34975999998935,-2.1246079369510387,0.4821281577456039,1.2779878524994641,0.009930633325299141,-0.013178417595749775,-0.007049610782357441,-2.2681458117273374,0.4633132362697709,1.532052348974124,0.00559371117231998,0.07463931630980007,-0.08991047521146717,-2.2106674244376108,0.48302703076532516,1.4216515121114832,0.024456425538707825,0.002451259169786255,-0.017108837439586664,0.09000117304571391,0.09000117304571391,0.0,0.10471484134755041,0.5442709159638701,-0.20571992455615923,-0.005113828494784426,-0.004169788255328242,-4.9541507514299505,0,0.5383312066828695
57.35391999998935,-2.1245664969932068,0.48207326668321393,1.277958527896028,0.009945589879642863,-0.013173854973590783,-0.007037904824670943,-2.056665779420668,1.0749814956008383,1.8446017334740104,0.11315913578868549,0.10016511920640384,-0.08216322938344238,-2.1334303890819672,0.7792158027447084,1.6329588070010994,0.06891389235060508,0.05175544494929414,-0.04969041027816194,0.09000117304571391,0.09000117304571391,0.0,0.1046434403432542,0.5443166671581242,-0.20567884961482705,-0.005118785225695146,-0.004167062614434454,-4.954055325443528,0,0.5383701749995737
57.35807999998935,-2.124524994561716,0.48201839449772943,1.2779292520286436,0.009960583557759183,-0.013169324516282398,-0.007026208172244789,-1.981218431069732,0.41675849744160376,1.282317066143685,-0.09237688891050862,-0.17081701698582932,0.02085526143114092,-2.0575152389489952,0.5976306176314404,1.4576787363489907,-0.011840071790645463,-0.06014079135393699,-0.01436200836435347,0.09000117304571391,0.09000117304571391,0.0,0.10457190249893153,0.5443624639082802,-0.2056378836010018,-0.0051237596338094315,-0.004164347277660931,-4.953959826181222,0,0.5384091253229734
57.36223999998935,-2.124483429501022,0.4819635410550094,1.277900024858747,0.009975614566612976,-0.013164826252805887,-0.00701452077514887,-2.200832079414241,0.3691792145962674,0.9767755035853853,-0.022315726622226497,-0.05006687247749267,0.009266513823111744,-2.129220782315538,0.48329947683539654,1.2172443129355128,-0.017219453612034672,-0.05524725856770797,-0.003166656099109434,0.09000117304571391,0.09000117304571391,0.0,0.10450022724419838,0.5444083064065525,-0.2055970265988315,-0.005128751798513711,-0.004161642244017434,-4.953864253369408,0,0.538448057745215
57.36639999998935,-2.1244418016547115,0.4819087062207907,1.277870846347984,0.009990683114459678,-0.01316036021248866,-0.007002842583124753,-2.5332517058381576,0.49540225286810097,0.9414626501316191,0.0003808044954916878,-0.1691429622002661,-0.041100025023680035,-2.331238701068489,0.4889987881175525,1.0792656068118383,-0.008217608044253501,-0.11202001682406522,-0.021910647457759117,0.09000117304571391,0.09000117304571391,0.0,0.10442841400545447,0.5444541948458642,-0.20555627869480106,-0.00513376179972051,-0.004158947512567951,-4.9537686067333775,0,0.538486972358512
57.37055999998935,-2.1244001108654995,0.4818538898606865,1.2778417164582108,0.010005789410858909,-0.013155926424999603,-0.00699117354558709,-2.342291157496472,0.8999976995900159,1.0130986125819634,0.23968864550735278,-0.15425968636916104,0.09708535629541173,-2.336265926506928,0.6941798454325059,1.0463845463424795,0.11546254668766341,-0.13293581079174904,0.03711576372942067,0.09000117304571391,0.09000117304571391,0.0,0.10435646220587827,0.5445001294201701,-0.20551563997730918,-0.005138789717873112,-0.004156263082432892,-4.95367288599733,0,0.538525869255146
57.374719999989345,-2.124358356975222,0.48179909184018527,1.2778126351514956,0.010020933666696446,-0.013151524920300776,-0.006979513611639298,-2.0505064643802435,0.3019840575020929,1.5361549831800472,0.10544020086187246,0.05451147849051344,0.06772295027793276,-2.1931657887699836,0.498191958895609,1.291413429995729,0.11088740037597251,-0.03892100474879706,0.052717293241524445,0.09000117304571391,0.09000117304571391,0.0,0.10428437126478038,0.5445461103238697,-0.20547511053602996,-0.005143835633949832,-0.004153588952779966,-4.9535770908843695,0,0.5385647485274664
57.378879999989344,-2.124316539824829,0.48174431202464896,1.2777836023901203,0.010036116094181112,-0.013147155728720774,-0.006967862730040999,-2.6738229216209803,0.9053549328049489,1.5641819294586234,0.06824078645729115,0.05809707467024426,-0.1538963701416367,-2.43335572394756,0.7018964702088865,1.4274791093267918,0.08953999635197082,0.009901575410736274,-0.05039402001272223,0.09000117304571391,0.09000117304571391,0.0,0.10421214059759726,0.5445921377524499,-0.205434690463414,-0.005148899629469027,-0.00415092512283423,-4.953481221116496,0,0.5386036102678918
57.38303999998934,-2.1242746592543837,0.4816895502793118,1.277754618136582,0.010051336906863865,-0.013142818880908944,-0.00695622084922606,-2.74223064295012,0.6292974332483527,1.3810136154123756,0.03295982510737477,-0.05553040088422901,0.06560170761172464,-2.587725288594605,0.6654802005083071,1.4043826739821155,0.06053192625723483,-0.02245364039193918,0.00750645071077312,0.09000117304571391,0.09000117304571391,0.0,0.10413976961716871,0.5446382119020053,-0.2053943798536243,-0.0051539817864930965,-0.0041482715918735365,-4.953385276414598,0,0.5386424545689106
57.38719999998934,-2.124232715103052,0.4816348064692791,1.2777256823535932,0.010066596319650333,-0.013138514407856728,-0.006944587917291239,-2.232370435770191,0.5556570142649206,1.3397663377938607,-0.1299138434989581,-0.1475171387015463,-0.058812774297499724,-2.410316927814242,0.6102610909906396,1.3719514393616143,-0.034036752960613,-0.0850175099636767,-0.025511631232367892,0.09000117304571391,0.09000117304571391,0.0,0.10406725773202273,0.5446843329695608,-0.20535417880232523,-0.005159082187633916,-0.004145628359230016,-4.953289256498447,0,0.5386812815230816
57.39135999998934,-2.1241907072090984,0.4815800804595254,1.277696795004085,0.010081894548812616,-0.013134242340884021,-0.006932963881996707,-2.170707781191484,0.6805206390873153,1.1578199483639358,0.18045264794289043,-0.0442267987247081,0.04474934353127058,-2.290135641240175,0.6452996602930632,1.264978472522592,0.07333830701017237,-0.06476616337940733,0.009037494529622082,0.09000117304571391,0.09000117304571391,0.0,0.1039946043467963,0.5447305011528051,-0.20531408740818466,-0.005164200916057162,-0.004142995424287841,-4.95319316108669,0,0.5387200912230349
57.39551999998934,-2.124148635409882,0.48152537211489344,1.2776679560512068,0.010097231811995422,-0.013130002711667792,-0.006921348690757011,-2.408244992363053,-0.2013371138237846,1.338858383941603,-0.15919660881825765,-0.03562146018677434,0.18672071677256807,-2.3495231508087975,0.2219009255045319,1.3023079190587334,-0.04248958249884036,-0.050036134593106324,0.09757913817918368,0.09000117304571391,0.09000117304571391,0.0,0.1039218088635129,0.5447767166504665,-0.20527410577073937,-0.005169338055487017,-0.004140372786487595,-4.953096989896842,0,0.5387588837614724
57.39967999998934,-2.1241064995418477,0.4814706813000926,1.277639165458329,0.010112608328238381,-0.013125795552213083,-0.006909742290644438,-1.884293406207502,0.019427267175803897,1.611262716295505,-0.1656610269529776,-0.06645253562728831,0.10407863565367777,-2.117250626174721,0.12052449629945423,1.4570047843517226,-0.10357072183715903,-0.05826064556047719,0.10043214784294631,0.09000117304571391,0.09000117304571391,0.0,0.10384887067922546,0.5448229796618335,-0.20523423399253748,-0.005174493690211436,-0.004137760445321983,-4.953000742645279,0,0.5387976592311686
57.40383999998934,-2.1240642994405228,0.48141600787969724,1.2776104231890442,0.0101280243179781,-0.013121620894881945,-0.006898144628379893,-1.9136704767082273,0.06135768581918977,1.5173984516048877,0.006885513622846372,-0.13588838066454798,0.1764732465339921,-2.0154430758688715,0.09065961778874747,1.4875686557271053,-0.04918121116644259,-0.09783149254108554,0.13866135716388553,0.09000117304571391,0.09000117304571391,0.0,0.10377578918814745,0.544869290387344,-0.2051944721778608,-0.0051796679050865446,-0.004135158400339452,-4.952904419047229,0,0.538836417724972
57.407999999989336,-2.12402203494051,0.48136135171814565,1.2775817292071678,0.010143480003067988,-0.013117478772375691,-0.006886555650335134,-1.9721815254073425,0.19360173397264602,1.6059890548747005,0.09751552100656005,-0.05033752332141629,0.0609424187998609,-1.9936078827786843,0.14202827021466755,1.5469054705943903,0.023539558682387156,-0.07484466473274827,0.10027414332847422,0.09000117304571391,0.09000117304571391,0.0,0.10370256378057913,0.5449156490277852,-0.20515482043272812,-0.005184860785541811,-0.004132566651141828,-4.9528080188167705,0,0.5388751593358043
57.412159999989335,-2.123979705875482,0.48130671267973835,1.2775530834767406,0.01015897560678741,-0.013113369217752465,-0.00687497530252284,-1.864230192356454,0.061941956798064635,0.65557122620037,-0.02801566950648753,0.11194275429061498,-0.16922114666530988,-1.9289757108698562,0.10221666072782132,1.1008808006287993,-0.0025680518269037625,0.018888125631784963,-0.034775719995289396,0.09000117304571391,0.09000117304571391,0.0,0.10362919384268736,0.5449620557853099,-0.20511527886554104,-0.00519007241758522,-0.004129985197386358,-4.952711541666818,0,0.5389138841566626
57.416319999989334,-2.123937312078174,0.4812520906286366,1.2775244859620298,0.010174511353854221,-0.013109292264421861,-0.0068634035305962906,-2.179884458442668,0.3580888295877858,1.574471220625831,0.036045202323268806,-0.17597484517603507,0.13411825814716544,-2.054359000643939,0.22978738065280904,1.3379587237072053,0.017761840710679083,-0.07798638444993325,0.04945030442048817,0.09000117304571391,0.09000117304571391,0.0,0.10355567875714085,0.5450085108625836,-0.20507584758730352,-0.005195302887808021,-0.004127414038785318,-4.952614987309119,0,0.5389525922806198
57.42047999998933,-2.1238948533803805,0.48119748542886104,1.2774959366275305,0.010190087470440656,-0.013105247946138536,-0.00685184027985164,-2.4794516675546423,0.5329119501685219,1.2017012377421883,-0.18840224298552194,0.008375243834155083,0.06056748052829729,-2.2673001028452204,0.38136834777080963,1.2699551341128628,-0.08534404042678435,-0.03439805085815269,0.054946512878971294,0.09000117304571391,0.09000117304571391,0.0,0.10348201790267685,0.5450550144632669,-0.2050365267101286,-0.005200552283389851,-0.0041248531751040644,-4.952518355454248,0,0.5389912838008246
57.42463999998933,-2.1238523296129466,0.4811428969442901,1.2774674354379671,0.010205704184181527,-0.013101236297028255,-0.006840285495210735,-2.2192971002310586,0.7958445501556848,1.1200924544866777,0.06583765560008177,-0.15136356068519632,0.09477892813636792,-2.243160394294175,0.5882924463974585,1.19521892278769,-0.010210495763901985,-0.09187747912507761,0.07532190138006127,0.09000117304571391,0.09000117304571391,0.0,0.10340821065430894,0.5451015667916954,-0.20499731634916735,-0.005205820692104103,-0.004122302606164967,-4.952421645811592,0,0.5390299588105035
57.42879999998933,-2.1238097406057626,0.48108832503865856,1.2774389823582954,0.01022136172419175,-0.013097257351569752,-0.006828739121229242,-1.7405550946454553,0.6134995786908863,1.2516208156781374,0.09638625262742867,0.08638257325815749,0.16770312415956595,-1.991654285994316,0.6010758191608698,1.223768891657352,0.043340275732115456,-0.0027381801815799076,0.12159789474703435,0.09000117304571391,0.09000117304571391,0.0,0.10333425638267942,0.5451481680534171,-0.20495821662133118,-0.005211108202323128,-0.0041197623318452664,-4.952324858089351,0,0.5390686174029605
57.43295999998933,-2.1237670861877582,0.48103376957555605,1.2774105773537034,0.010237060321077362,-0.013093311144599015,-0.006817201102089808,-2.1829480030961963,0.6179135692760881,0.48585482462745955,-0.05265984563574942,0.019877729745068545,-0.08039433450120347,-2.087411602317358,0.6095352311806576,0.854640235554945,-0.004851626247489454,0.009013563371412193,0.02024983101532579,0.09000117304571391,0.09000117304571391,0.0,0.1032601544549079,0.5451948184545514,-0.2049192276457234,-0.005216414903023156,-0.004117232352076552,-4.952227991994525,0,0.5391072596715786
57.43711999998933,-2.123724366186896,0.48097923041842555,1.2773822203896135,0.010252800206950305,-0.013089397711313544,-0.006805671381598084,-2.290176944042335,0.5264297540183694,1.2146745384879218,-0.11585618075676878,-0.016139440521318507,-0.12959898615820498,-2.1890368173538333,0.5679484816446286,1.0343904909059702,-0.060275711885426186,-0.0036287140798209596,-0.05473551217579874,0.09000117304571391,0.09000117304571391,0.0,0.10318590423394426,0.545241518202005,-0.20488034954385814,-0.005221740883789799,-0.004114712666844883,-4.9521310472329105,0,0.5391458857098195
57.44127999998933,-2.123681580430165,0.4809247074305618,1.2773539114316836,0.010268581615435948,-0.013085517087302928,-0.006794149903169144,-1.880841416470563,0.3242360123121891,1.391879333542772,-0.03574742316155914,-0.004636551781199476,0.21104917722227032,-2.0350114708320763,0.4460820631820748,1.2135760693216622,-0.04793768726175498,-0.004692970620828676,0.07829396740567729,0.09000117304571391,0.09000117304571391,0.0,0.10311150507877587,0.5452882675039002,-0.20484158243945158,-0.005227086234823694,-0.004112203276196672,-4.952034023509088,0,0.5391844956112258
57.445439999989325,-2.123638728743575,0.4808702004751097,1.2773256504458093,0.010284404781696007,-0.013081669308502122,-0.006782636609841591,-2.1139716561991007,0.13436921016066283,1.1390743944044468,0.07645770317175425,0.1271600667611064,0.11493713635556088,-2.0743327521348243,0.2904875029519997,1.1765646778581684,0.014091396834241087,0.06143752080169662,0.0961797697121255,0.09000117304571391,0.09000117304571391,0.0,0.10303695634442134,0.5453350665691501,-0.20480292645821224,-0.005232451046945528,-0.004109704180231729,-4.9519369205264185,0,0.5392230894694213
57.449599999989324,-2.123595810952148,0.480815709415063,1.2772974373981247,0.01030026994244016,-0.013077854411208293,-0.006771131444267185,-2.3740626736123494,0.4431699162612318,1.184603334965979,0.09808489978383321,0.1254787342649337,0.018830439165326816,-2.223995671534896,0.3670901507457973,1.1806228849068843,0.056022688853073946,0.09375184512361531,0.05767571262856995,0.09000117304571391,0.09000117304571391,0.0,0.10296225738149647,0.5453819156074058,-0.20476438172848765,-0.005237835411601585,-0.004107215379102747,-4.951839737987032,0,0.539261667378111
57.45375999998932,-2.123552826879915,0.48076123411326255,1.2772692722550052,0.010316177335933496,-0.013074072432110187,-0.006759634348698445,-2.352360971390922,0.7438810393849669,1.3338498172288655,0.0698137261329893,0.060731074618506325,-0.05795887293626015,-2.2880328196738144,0.555612382413891,1.2571162114327812,0.06234536620214223,0.07828608045908413,0.000182724881886639,0.09000117304571391,0.09000117304571391,0.0,0.10288740753706292,0.545428814829272,-0.20472594838084202,-0.005243239420869329,-0.004104736873020664,-4.951742475591822,0,0.5393002294310828
57.45791999998932,-2.1235097763499065,0.48070677443239473,1.2772411549830678,0.010332127202015522,-0.013070323408277667,-0.006748145264989084,-2.4604138256624863,0.07193727012520773,0.9695833045195463,0.05093305811247538,-0.12626390754107256,0.17546207148334186,-2.3741173666546675,0.3135094350584313,1.113712271938961,0.056051893105641334,-0.024273246814709052,0.08801795684172402,0.09000117304571391,0.09000117304571391,0.0,0.10281240615355311,0.5454757644463617,-0.20468762654784656,-0.00524866316746337,-0.004102268662254669,-4.951645133040439,0,0.5393387757222078
57.46207999998932,-2.123466659184148,0.48065233023499,1.2772130855491737,0.010348119782117615,-0.013066607377135641,-0.006736664134599301,-1.8090265462246862,0.3727159566041619,1.3052406181673932,-0.018820769578277538,-0.11637775889694303,-0.04818435373822013,-2.091606541149752,0.34286987780474404,1.2093775535087,0.01832813473504338,-0.06975704236415392,0.01993018532686639,0.09000117304571391,0.09000117304571391,0.0,0.10273725256940452,0.5455227646711379,-0.2046494163647262,-0.005254106744740568,-0.004099810747126572,-4.951547710031278,0,0.5393773063454417
57.46623999998932,-2.123423475203651,0.48059790138342123,1.2771850639204296,0.010364155319271394,-0.013062924376503237,-0.00672519089857916,-2.0130669520550657,0.4510499555575328,0.7281533433257811,-0.21022712754325285,-0.04291123057308587,0.07797096713183017,-2.0527739705754744,0.39687113914591227,0.968924488689618,-0.09569096761424628,-0.05620102108441788,0.04883612997817265,0.09000117304571391,0.09000117304571391,0.0,0.10266194611862565,0.5455698157169686,-0.20461131796893708,-0.005259570246706047,-0.004097363128015482,-4.951450206261472,0,0.5394158213948246
57.47039999998932,-2.1233802242284088,0.4805434877399021,1.2771570900641898,0.0103802340581229,-0.013059274444594534,-0.006713725497564529,-2.206927220646243,0.2754709194496186,1.0867822169633958,-0.08355343471681746,-0.08565444757319887,0.09167245389700311,-2.1300263756052873,0.3359925065289054,1.028043537318766,-0.08918416692316941,-0.07115928902719473,0.0708844537130596,0.09000117304571391,0.09000117304571391,0.0,0.10258648613121671,0.5456169177981278,-0.2045733315003855,-0.005265053768018958,-0.004094925805359868,-4.951352621426887,0,0.5394543209644828
57.47455999998932,-2.1233369060773883,0.4804890891664854,1.2771291639480573,0.010396356244953275,-0.013055657619993617,-0.006702267871783611,-2.019261884659507,0.029984613830673912,1.8472173125462192,0.05192814183932958,-0.030926728001140717,-0.042532573151633925,-2.0745348914903516,0.18292243665919095,1.4375448574877503,-0.018855604966368164,-0.051211212018649505,0.015545452798360348,0.09000117304571391,0.09000117304571391,0.0,0.1025108719329495,0.5456640711299583,-0.20453545710143317,-0.005270557403998177,-0.004092498779653054,-4.951254955222108,0,0.5394928051486291
57.478719999989316,-2.123293520568523,0.4804347055250618,1.2771012855398862,0.010412522127690898,-0.013052073941674399,-0.006690817961046033,-1.5345419353082217,0.966927884866301,0.9537250278358778,-0.11645430513168589,-0.006001306120974108,-0.13762468145872428,-1.8047777199390391,0.5749176326425398,1.195346718634018,-0.06723347363186721,-0.0283535169629732,-0.061711075985209564,0.09000117304571391,0.09000117304571391,0.0,0.10243510284471889,0.5457112759286588,-0.2044976949166884,-0.0052760812506284175,-0.004090082051444495,-4.9511572073404375,0,0.5395312740415639
57.482879999989315,-2.1232500675187063,0.48038033667735763,1.2770734548077831,0.010428731955924066,-0.0130485234490027,-0.0066793757047380765,-2.193073009380975,0.7232124200671459,1.2606127362932547,0.12499625714743928,-0.07881420953589811,0.02239073832693421,-1.998667772746771,0.6489015038184943,1.2280267153212188,0.028715017117909997,-0.05327820404962118,-0.019645872554698844,0.09000117304571391,0.09000117304571391,0.0,0.10235917818381857,0.5457585324111789,-0.20446004509343907,-0.005281625404565822,-0.004087675621340516,-4.9510593774738805,0,0.5395697277376755
57.487039999989314,-2.123206546743786,0.4803259824849337,1.2770456717201089,0.010444985980917733,-0.013045006181748708,-0.006667941041815835,-2.188814709488447,0.5552845989777598,1.0552413405144176,-0.0754716797364702,-0.08616727838786971,-0.06915272954934938,-2.093900385825452,0.6019124028768345,1.1414868760221655,-0.02297003985601386,-0.06935134981830997,-0.043382927758415686,0.09000117304571391,0.09000117304571391,0.0,0.1022830972628659,0.5458058407957553,-0.20442250778123036,-0.005287189963144573,-0.004085279490006586,-4.95096146531314,0,0.5396081663314418
57.49119999998931,-2.123162958058554,0.48027164280918344,1.2770179362454805,0.010461284455633806,-0.01304152218005589,-0.006656513910811996,-2.412182491988805,0.4663673678006531,1.412213118987859,0.0658959510567781,0.043409287240541564,0.12081249318132274,-2.252907820950106,0.5342300274176863,1.2771030838691715,0.022042221430787358,-0.013363157135651978,0.03874971876666688,0.09000117304571391,0.09000117304571391,0.0,0.10220685938936651,0.5458532013015394,-0.2043850831322977,-0.0052927750243826465,-0.004082893658161729,-4.950863470547608,0,0.5396465899174302
57.49535999998931,-2.1231193012767426,0.4802173175113314,1.276990248352773,0.010477627634736105,-0.013038071484486461,-0.006645094249816006,-2.416533481259512,0.5543639798982669,0.9117383388526439,0.15992749222791666,-0.026387858872870464,-0.014808561538087399,-2.3343888686892944,0.5442425090139024,1.0943869361244956,0.09084002599102559,-0.019995098942889443,0.01217462310747929,0.09000117304571391,0.09000117304571391,0.0,0.10213046386741743,0.5459006141483311,-0.2043477713011444,-0.005298380686987769,-0.004080518126584623,-4.950765392865355,0,0.5396849985902991
57.49951999998931,-2.123075576211015,0.48016300645243143,1.2769626080111212,0.010494015774616105,-0.013034654135993608,-0.006633681996480449,-1.7192123493102116,0.8184091539431864,0.891493339434143,-0.007123495391870663,0.013637992034968831,-0.008505870358101316,-2.0268121134141386,0.6813565218787726,0.9929215234354541,0.042341736683360845,-0.003375587380618262,0.001596548453703888,0.09000117304571391,0.09000117304571391,0.0,0.10205390999577671,0.5459480795571694,-0.20431057244497475,-0.005304007050364057,-0.004078152896110325,-4.950667231953123,0,0.5397233924447983
57.50367999998931,-2.123031782672959,0.4801087094933649,1.276935015189921,0.010510449133399866,-0.013031270175954662,-0.006622277088005078,-2.243657472862676,0.29220401083083924,0.9408356360256342,0.1173685503399009,-0.16705212899978394,0.10942033263098863,-2.1349917452797507,0.48643034566494686,0.9671048729731518,0.07963778207835023,-0.08533127039088012,0.055950351575117616,0.09000117304571391,0.09000117304571391,0.0,0.10197719706913817,0.545995597750119,-0.2042734867234857,-0.005309654214618227,-0.004075797967635038,-4.950568987496315,0,0.5397617715757703
57.50783999998931,-2.1229879204730797,0.4800544264948394,1.276907469858833,0.010526927970976041,-0.013027919646119018,-0.006610879461152422,-2.37953915538053,0.07313878722367373,1.1885657154226013,-0.06726534205955542,0.06590009597037562,0.1782433462955753,-2.257406949628535,0.2799185246605227,1.0782071834741414,0.006137019706607159,-0.009619450013412495,0.11728201451639235,0.09000117304571391,0.09000117304571391,0.0,0.10190032437726942,0.5460431689501131,-0.20423651429951484,-0.005315322280565651,-0.004073453342107351,-4.950470659178989,0,0.5398001360781509
57.51199999998931,-2.122943989420792,0.48000015731738666,1.2768799719877821,0.010543452549000874,-0.01302460258866524,-0.006599489052224918,-2.3117159072625255,0.10405720272958935,1.6932752707853622,0.025663625084193002,-0.08557266187925339,0.05059943754461288,-2.284508716562411,0.19180760972937708,1.3858504346818232,0.016037402039784376,-0.04709365735723881,0.08410931237653145,0.09000117304571391,0.09000117304571391,0.0,0.1018232912056457,0.5460907933810606,-0.20419965533754844,-0.005321011349737028,-0.004071119020535011,-4.950372246683847,0,0.53983848604697
57.516159999989306,-2.1228999893244134,0.4799459018213609,1.276852521546961,0.010560023130919563,-0.013021319046184652,-0.006588105797063268,-2.1346383378143594,0.4344693266281765,1.7934550733462613,0.05145222789026057,-0.10776383892706999,-0.06814951570109361,-2.2094663924012483,0.3129159310270139,1.5895149485465172,0.034191201405804963,-0.07738181846884896,0.0074648874212645995,0.09000117304571391,0.09000117304571391,0.0,0.10174609683458749,0.546138471267956,-0.2041629100052234,-0.005326721524385058,-0.0040687950039844205,-4.950273749692227,0,0.5398768215773526
57.520319999989304,-2.122855919991155,0.4798916598669372,1.2768251185068318,0.010576639981981321,-0.013018069061680983,-0.00657672963104474,-2.001389041793529,0.03043236858033127,1.1820344394773572,-0.15928541955181397,0.10490403450741438,0.10098681896268288,-2.1057571053936113,0.171889208369954,1.3859823721964468,-0.06275818382870434,0.014308223219741642,0.05398912436655205,0.09000117304571391,0.09000117304571391,0.0,0.10166874054010772,0.546186202836773,-0.2041262784731203,-0.0053324529074906726,-0.004066481293579904,-4.950175167884091,0,0.5399151427645197
57.5244799999893,-2.122811781227117,0.47983743131410983,1.2767977628381273,0.010593303369258351,-0.013014852678571397,-0.006565360489079982,-2.0687808435527493,0.1824232794619461,1.2223365111116842,0.025953514030594045,0.12389910730693861,0.058022277450664246,-2.0872147617905776,0.17741379235514998,1.3042783424121138,-0.01839425389909704,0.06920811512003465,0.05631259237728134,0.09000117304571391,0.09000117304571391,0.0,0.10159122159326342,0.5462339883144137,-0.2040897609139134,-0.005338205602769843,-0.004064177890502955,-4.950076500938021,0,0.5399534497037887
57.5286399999893,-2.1227675728372764,0.47978321602269025,1.276770454511854,0.010610013561659215,-0.013011669940703458,-0.00655399830560033,-2.4055205833578337,1.162641442665759,0.9221523344274003,0.09379107876607422,-0.08426082455482205,0.08886295355112322,-2.246175004771814,0.6698584163493259,1.1133986384567507,0.03778142461144858,-0.007114931073785288,0.0720367650707456,0.09000117304571391,0.09000117304571391,0.0,0.10151353926014763,0.5462818279290306,-0.2040533575034456,-0.005343979714680369,-0.004061884795994836,-4.949977748531205,0,0.539991742490575
57.5327999999893,-2.122723294625485,0.4797290138523055,1.2767431934992932,0.01062677082994902,-0.013008520892338258,-0.006542643014561585,-2.067255632529886,0.2843794050192606,0.8362546253717458,0.014263845532056977,-0.07363407499823874,0.03464831653630493,-2.1566842705106075,0.4769626764748072,0.9748966283393213,0.025962702938321893,-0.04018748355213646,0.05340828523189444,0.09000117304571391,0.09000117304571391,0.0,0.10143569280273723,0.5463297219096008,-0.2040170684203073,-0.005349775348428358,-0.00405960201135396,-4.94987891033943,0,0.540030021220393
57.5369599999893,-2.1226789463944566,0.4796748246623965,1.2767159797720038,0.010643575446769579,-0.013005405578154189,-0.006531294549438838,-2.2068250499898032,-0.04109488387467164,1.7573185353782277,0.0026224127992459014,0.02768549345775711,-0.04772468362566036,-2.1817494450136694,0.21798713058864383,1.3660134749798019,0.014240412240735868,-0.005906427579498016,0.0030001750971968446,0.09000117304571391,0.09000117304571391,0.0,0.10135768147696123,0.5463776704861418,-0.20398089384541412,-0.005355592609975541,-0.0040573295379346865,-4.949779986037071,0,0.5400682859888556
57.5411199999893,-2.1226345279457624,0.4796206483122162,1.2766888133018237,0.010660427686645987,-0.01300232404328306,-0.006519952843206799,-2.0985411484737537,0.750047251454216,1.1749609438134214,-0.07025085536269735,0.005117212216344848,-0.07955096504445343,-2.1402921946119773,0.484030404173964,1.2703207508877012,-0.02734569177518087,0.00015937301849076402,-0.038434592638840144,0.09000117304571391,0.09000117304571391,0.0,0.10127950453504386,0.5464256738898733,-0.20394483396308238,-0.00536143160604587,-0.004055067377153735,-4.949680975297086,0,0.5401065368916766
57.5452799999893,-2.1225900390798205,0.4795664846608276,1.2766616940608722,0.010677327826018754,-0.012999276333262321,-0.006508617828355839,-1.810759373122776,0.35400678710657574,0.7827833756837869,0.05040097918449972,-0.1789000598829102,-0.2075550258187869,-1.975418312077603,0.41864476377177606,1.026118407243648,0.01136239647148073,-0.08896694835984753,-0.1236878879499164,0.09000117304571391,0.09000117304571391,0.0,0.10120116122314597,0.5464737323528984,-0.20390888895996623,-0.005367292444132792,-0.004052815530482928,-4.949581877790999,0,0.5401447740246713
57.549439999989296,-2.1225454795958902,0.4795123335671022,1.2766346220215519,0.010694276143248676,-0.012996262494084006,-0.006497289436867473,-2.074452792480094,0.6753639458829781,0.707022705820138,0.07533390757088347,-0.1203543260116167,-0.00292406117299477,-2.0247800387268065,0.5467562750917919,0.8665605599559558,0.043577644662642454,-0.10487854938132067,-0.06250505577048499,0.09000117304571391,0.09000117304571391,0.0,0.10112265078328024,0.5465218461085798,-0.20387305902591907,-0.005373175232506105,-0.004050573999455171,-4.949482693188898,0,0.5401829974837568
57.553599999989295,-2.1225008492920625,0.47945819488971825,1.276607597156551,0.010711272918647362,-0.01299328257215002,-0.0064859676002279425,-1.8745419607110234,0.9549497544190029,1.4987135293860212,-0.034815639926380856,0.0017225905730123888,-0.04464888221825587,-1.9497325946992357,0.7508598952921955,1.182549654678109,0.0044969728324900865,-0.05179698015699419,-0.054085347416489606,0.09000117304571391,0.09000117304571391,0.0,0.10104397245180737,0.5465700153910067,-0.20383734435335832,-0.005379080080219178,-0.004048342785657636,-4.949383421159419,0,0.5402212073649529
57.557759999989294,-2.122456147965252,0.4794040684871585,1.2765806194388452,0.010728318434481068,-0.012990336614341291,-0.006474652249396928,-2.241981193678079,0.9675860536028875,1.2114276302628557,0.10255095609376758,-0.2579898958093809,0.064020245109319,-2.095644143036905,0.8586883156986672,1.19712212437673,0.05279972558526364,-0.1550899782266945,0.004902389398880845,0.09000117304571391,0.09000117304571391,0.0,0.10096512546028251,0.5466182404357987,-0.20380174513791322,-0.005385007097116537,-0.004046121890741959,-4.949284061369741,0,0.5402594037643843
57.56191999998929,-2.1224113754111897,0.47934995421770876,1.2765536888417,0.010745412975004835,-0.012987424667940898,-0.006463343314832577,-1.887715232792023,0.44448852312583664,1.3488950571912162,0.020961795598413074,-0.0657137444275894,0.02988950796303917,-1.9916339281416964,0.6514488757066191,1.2730719441007259,0.036543870761058354,-0.1104255289026313,0.01733569658790694,0.09000117304571391,0.09000117304571391,0.0,0.10088610903501988,0.5466665214793056,-0.20376626157778965,-0.005390956393840641,-0.004043911316413117,-4.949184613485571,0,0.54029758677828
57.56607999998929,-2.122366531424413,0.47929585193945584,1.2765268053386731,0.010762556826468773,-0.01298454678070403,-0.006452040726459631,-2.1438392439856027,0.39339885670065783,1.0792882089179114,0.1373075418950208,0.09149219906657644,-0.17850641157980096,-2.0674516312497695,0.5226113913855222,1.1758079796965069,0.0867152975734379,-0.009013064030648242,-0.08083600034689029,0.09000117304571391,0.09000117304571391,0.0,0.10080692239708428,0.5467148587590371,-0.2037308938748465,-0.005396928081839762,-0.004041711064437515,-4.949085077171139,0,0.5403357565029747
57.57023999998929,-2.122321615798258,0.4792417615102857,1.276499968903616,0.010779750277141792,-0.012981703000834004,-0.0064407444136765,-2.333271590601514,0.6113057400205424,1.9670469632435088,-0.05549445164100073,-0.13204543125981635,-0.008917635163819965,-2.200477933859043,0.5666838774004446,1.5714132535530547,0.01515600430232407,-0.07020484574774835,-0.044301443600420085,0.09000117304571391,0.09000117304571391,0.0,0.10072756476228262,0.5467632525138251,-0.2036956422328906,-0.005402922273375363,-0.004039521136641595,-4.948985452089187,0,0.5403739130349104
57.57439999998929,-2.1222766283248524,0.47918768278788165,1.2764731795106772,0.010796993617334178,-0.012978893376964883,-0.006429454305352422,-2.2958255823253113,0.6161882945877245,1.562860020284047,0.187088016737736,-0.01937525603042361,0.20764964607849412,-2.24776406469244,0.5913975380651811,1.5675685322566217,0.10148463613801335,-0.04546918461839662,0.08163395133133414,0.09000117304571391,0.09000117304571391,0.0,0.10064803534136955,0.5468117029833441,-0.2036605068600363,-0.00540893908152934,-0.004037341534907047,-4.948885737900955,0,0.5404120564706366
57.57855999998929,-2.122231568795105,0.47913361562972245,1.276446437134303,0.010814287139411018,-0.012976117958204414,-0.006418170329812218,-2.0290572076149456,0.7494628348203131,1.4475262267724032,0.07734385477865875,0.03584150274623743,-0.19779558562000077,-2.1382459673200795,0.6705049335123429,1.5071364581739508,0.08832646787035672,-0.004382312564628991,-0.058701351051434814,0.09000117304571391,0.09000117304571391,0.0,0.10056833333961146,0.5468602104083272,-0.20362548796614588,-0.005414978620212237,-0.004035172261176485,-4.9487859342661755,0,0.5404501869068112
57.58271999998929,-2.1221864369986974,0.47907955989308026,1.276419741749241,0.010831631137813914,-0.012973376794120906,-0.006406892414831049,-1.9647666444042984,0.6672914859907857,1.4705680456416599,-0.08712698462590107,0.04517575856014586,0.024826485131961,-2.051686317677864,0.6689921241414696,1.4889038782854747,0.0006129611229829141,0.020406720350176964,-0.017060053371735242,0.09000117304571391,0.09000117304571391,0.0,0.10048845795656366,0.5469087750310491,-0.2035905857651881,-0.005421041004170917,-0.004033013317453067,-4.948686040843059,0,0.5404883044402019
57.586879999989286,-2.122141232724076,0.4790255154350189,1.2763930933305425,0.010849025909084074,-0.012970669934720885,-0.006395620487641393,-2.2221885705277997,0.8111754991227608,1.465057615193609,0.07189164667583253,-0.12695453209588073,0.17466850231197656,-2.1367891855186754,0.7398203621479388,1.4773429256065091,0.036286623747201395,-0.053080469630769005,0.07925340069338425,0.09000117304571391,0.09000117304571391,0.0,0.10040840838691689,0.5469573970944724,-0.20355580047374902,-0.005427126348995825,-0.004030864705795226,-4.9485860572882885,0,0.5405264091676869
57.591039999989285,-2.1220959557584433,0.4789714821123919,1.2763664918535638,0.010866471751876803,-0.012967997430496554,-0.0063843544749088614,-2.1662504595856804,0.3042072523094175,2.0368964348116867,0.006713196830225399,0.13976679528208338,0.030541334857440944,-2.151503746629249,0.522300220695708,1.757187402823854,0.02038682529266614,0.04393148550385266,0.05476486020915832,0.09000117304571391,0.09000117304571391,0.0,0.100328183819634,0.547006076842945,-0.20352113231189406,-0.005433234771129615,-0.004028726428322969,-4.948485983257003,0,0.5405645011862561
57.59519999998928,-2.1220506058877477,0.47891745978184025,1.276339937293969,0.010883968966987088,-0.012965359332393532,-0.006373094302740161,-1.3487535110962678,0.2991565785483291,1.6773889473067722,-0.06924087733178982,-0.22258759166631487,-0.07961599507413533,-1.7502659444951354,0.4102635675619497,1.7171211711625414,-0.024943549029824506,-0.08916919736605908,-0.012009909581571948,0.09000117304571391,0.09000117304571391,0.0,0.10024778343794051,0.5470548145218274,-0.20348658150231924,-0.0054393663878749,-0.004026598487213887,-4.948385818402792,0,0.5406025805930116
57.59935999998928,-2.1220051828966753,0.47886344829979094,1.276313429627733,0.010901517857365525,-0.012962755691834516,-0.006361839896666993,-2.1581110905701664,0.6765252723064262,1.3279643514722665,0.03858948215144628,-0.08624024515856246,0.009665233461711126,-1.9541104505656264,0.5432166024193958,1.522557759608401,0.006503539792944505,-0.08755898513240462,-2.8373174757010018e-05,0.09000117304571391,0.09000117304571391,0.0,0.10016720641952936,0.5471036103777619,-0.2034521482716416,-0.005445521317402299,-0.0040244808847054135,-4.948285562377682,0,0.540640647485169
57.60351999998928,-2.1219596865686414,0.47880944752245463,1.276286968831143,0.0109191187281407,-0.012960186560715336,-0.006350591181644952,-2.28165521238914,0.33409200647288484,0.8780391687436415,0.11992966641007911,0.04276572790191092,-0.05311555403958197,-2.1176356690105886,0.4387419706301689,1.2001834069341024,0.06320730531461628,-0.02249058674909525,-0.026535664899686954,0.09000117304571391,0.09000117304571391,0.0,0.10008645193697985,0.5471524646584077,-0.20341783284912343,-0.0054516996787585936,-0.004022373623094494,-4.948185214832125,0,0.5406787019600586
57.60767999998928,-2.1219141166857804,0.4787554573058238,1.276260554880801,0.010936771886643269,-0.012957651991402024,-0.006339348082047088,-2.341125916181139,0.7590374246712113,0.5635957787856365,0.007154206997401739,-0.10919540964303387,0.06338635276153166,-2.2293681811196087,0.5986637161429316,0.8820170866300114,0.035523427746409555,-0.06530877034814529,0.018368373487120414,0.09000117304571391,0.09000117304571391,0.0,0.100005519156466,0.5472013776128702,-0.20338363546753432,-0.005457901591875324,-0.004020276704736101,-4.948084775414992,0,0.5407167441151259
57.61183999998928,-2.121868473028937,0.4787014775056707,1.2762341877536274,0.010954477642423643,-0.012955152036737805,-0.006328110521656342,-2.5924131781765256,-0.007288256081104005,1.5597055358115244,-0.15406435496884663,0.04785369179305651,0.2015911264121029,-2.411213139908403,0.2957816910297681,1.221285739702136,-0.05951294276339147,-0.008093753810495999,0.10978401323998861,0.09000117304571391,0.09000117304571391,0.0,0.09992440723881554,0.5472503494910083,-0.20334955636315916,-0.005464127177576817,-0.0040181901320434105,-4.947984243773558,0,0.5407547740479327
57.61599999998928,-2.1218227553776567,0.47864750797754546,1.2762078674268622,0.010972236307271883,-0.012952686750064238,-0.006316878423653594,-2.1926671903795656,0.002264755459350287,0.7812988806075842,-0.004384430742919356,0.020864465335869498,-0.03589817232632527,-2.30194562984832,0.1490649705873033,1.0012125401633472,-0.03297424016221261,0.006189367971166392,0.03792547514281697,0.09000117304571391,0.09000117304571391,0.0,0.09984311533907375,0.5472993805442374,-0.20331559577559197,-0.005470376557589023,-0.0040161139074914535,-4.947883619553489,0,0.5407927918561584
57.620159999989276,-2.1217769635101766,0.47859354857677383,1.276181593878068,0.010990048195244365,-0.012950256185196558,-0.00630565171062064,-2.242166796854974,0.6789155153698152,1.307597294638538,0.1391920067541541,-0.20031980380758035,0.03838760039562511,-2.2717668383679954,0.41357616811259984,1.1544848187365486,0.053366481411568086,-0.09651196163037556,0.03916034247536486,0.09000117304571391,0.09000117304571391,0.0,0.09976164260628001,0.5473484710249449,-0.203281753947529,-0.005476649854547931,-0.004014048033613283,-4.947782902398838,0,0.5408307976376002
57.624319999989275,-2.1217310972034156,0.47853959915845534,1.2761553670851324,0.011007913622682896,-0.012947860396439467,-0.00629443030452774,-2.1729001989545105,0.5424922897657654,0.8636655829390425,-0.021953054800643617,-0.059195717023378336,0.12573909989843263,-2.222379471228971,0.47791208304780625,1.0093360390758455,0.0161840379698894,-0.07789343830185673,0.08180006352524764,0.09000117304571391,0.09000117304571391,0.0,0.09967998818367206,0.5473976211869719,-0.20324803112498963,-0.005482947192008208,-0.004011992513000636,-4.947682091952025,0,0.5408687914901756
57.628479999989274,-2.1216851562329646,0.47848565957746125,1.276129187026271,0.01102583290823842,-0.012945499438583903,-0.00628321412672829,-1.57544737104283,1.0491575549341932,1.2384111783994236,-0.024737428495140427,0.01181831089883409,-0.1777964746877898,-1.898960736641003,0.7635614750507501,1.1235058077888103,-0.004086899895503335,-0.03211867061770086,-0.048177579761111415,0.09000117304571391,0.09000117304571391,0.0,0.09959815120846273,0.5474468312850815,-0.20321442755818037,-0.005489268694451941,-0.004009947348302915,-4.947581187853833,0,0.540906773511922
57.63263999998927,-2.1216391403730777,0.4784317296884324,1.2761030536800295,0.011043806372889823,-0.012943173366930218,-0.006272003097947814,-1.6030567738868968,0.1943799614252864,1.321777973910318,0.00912890462254751,0.028249774463251533,-0.17878904826738326,-1.7509866567377348,0.4790255574453336,1.2222718403816903,0.0020200441375202074,-0.00196876666597034,-0.11368563087445285,0.09000117304571391,0.09000117304571391,0.0,0.0995161308120441,0.5474961015754419,-0.20318094350021976,-0.005495614487297705,-0.004007912542230721,-4.947480189743393,0,0.5409447438009979
57.63679999998927,-2.1215930493966613,0.4783778093457771,1.2760769670252867,0.01106183433997176,-0.012940882237266782,-0.006260797138283311,-2.003761731991046,0.48740812058406746,1.707823099328194,0.0521792545089128,0.08382022884768697,0.17475476676795923,-1.8772685164962026,0.4833929344016945,1.4654137838667953,0.027617990642598348,0.040106138296449136,0.030789444618836127,0.09000117304571391,0.09000117304571391,0.0,0.09943392611955029,0.5475454323154143,-0.20314757920778698,-0.005501984696909491,-0.004005888097552555,-4.947379097258172,0,0.5409827024556847
57.64095999998927,-2.121546883075265,0.47832389840366923,1.2760509270412568,0.0110799171351933,-0.012938626105893095,-0.0062495961671888076,-1.4456276525271892,0.45534471833839346,0.9755385003581739,0.012685134397482933,0.022920050936356053,0.1750350011722087,-1.6614195997766252,0.46941571189133474,1.2208362069217682,0.020595069486775728,0.031798489748644757,0.10317947524691025,0.09000117304571391,0.09000117304571391,0.0,0.09935153625006118,0.5475948237635551,-0.20311433494112974,-0.005508379450605824,-0.004003874017097211,-4.947277910033962,0,0.5410206495743872
57.64511999998927,-2.1215006411790704,0.4782699967160459,1.2760249337074923,0.011098055086665804,-0.012936405029599097,-0.0062384001034770445,-2.237102449081312,0.21716905846941553,0.9116085058522543,-0.1288365234689972,0.08389649834930388,0.06406239470172323,-1.9495330559428405,0.3434648921759429,1.0663531464572067,-0.05409820016575652,0.05795484247644016,0.08376481843413541,0.09000117304571391,0.09000117304571391,0.0,0.09926896031637866,0.5476442761797783,-0.20308121096428655,-0.005514798876668764,-0.004001870303750057,-4.947176627704867,0,0.5410585852556343
57.64927999998927,-2.1214543234768835,0.4782161041366055,1.2759989870038868,0.011116248524920377,-0.012934219065700718,-0.006227208865300553,-1.1330237863635158,0.2956130140741258,1.9681752924122442,-0.10542684036099134,0.08258944654076436,0.0837460175998129,-1.5414918136870202,0.31971091934587603,1.517443790084768,-0.0798451675083971,0.07002177365530325,0.08420217344212734,0.09000117304571391,0.09000117304571391,0.0,0.09918619742544443,0.5476937898251444,-0.20304820754488115,-0.005521243104353405,-0.0039998769604576954,-4.947075249903296,0,0.5410965095980809
57.65343999998927,-2.121407929736121,0.4781622205188054,1.2759730869106778,0.011134497782938114,-0.012932068272015604,-0.0062160223701544035,-2.157667088718159,0.28155558780877277,1.6807284784619614,-0.02630454848205502,-0.09768920600036159,0.008885732176897044,-1.8496381874894343,0.30043016313806803,1.5991077892960892,-0.05321680679545251,-0.013999575165693674,0.04557249140864019,0.09000117304571391,0.09000117304571391,0.0,0.09910324667726078,0.547743364962022,-0.2030153249541304,-0.005527712263897355,-0.0039978939902245905,-4.946973776259943,0,0.541134422700508
57.657599999989266,-2.1213614597228037,0.4781083457158601,1.2759472334084492,0.011152803196168473,-0.01292995270688397,-0.006204840534861548,-2.5913788977727665,0.6187852653001504,1.5942389499178082,0.12844825283485273,-0.14040245211483537,0.09513924202377232,-2.2202474398658807,0.4593169907570294,1.5968723333767696,0.038025091184083634,-0.07675145171032098,0.06981849143098096,0.09000117304571391,0.09000117304571391,0.0,0.09902010716637678,0.5477930018539837,-0.20298256346706675,-0.005534206486529983,-0.003995921396115,-4.946872206403782,0,0.5411723246618246
57.661759999989265,-2.121314913201543,0.47805447958073854,1.2759214264781342,0.011171165102558332,-0.012927872429167118,-0.00619366327556738,-2.2876221302635584,0.1478071556133443,1.413757901703597,0.08048562708704206,-0.018185889016562387,0.08420245400449398,-2.2537681191814354,0.30352194098397633,1.5054892509849895,0.059382672389635835,-0.04741169032872495,0.07687677751894871,0.09000117304571391,0.09000117304571391,0.0,0.09893677798016826,0.5478427007661817,-0.20294992336233234,-0.005540725904482584,-0.0039939591812527386,-4.94677053996205,0,0.5412102155810683
57.66591999998926,-2.1212682899355326,0.47800062196616266,1.2758956661010186,0.011189583842579367,-0.012925827498216837,-0.006182490507743481,-2.2364151128262297,0.3386936988215265,1.5017768427718043,0.03503339482470616,-0.0012926533341693185,-0.0721004945600565,-2.2450187086264,0.32110550784082337,1.503482571218287,0.04724925669856193,-0.024417874942825733,0.0026298002160766937,0.09000117304571391,0.09000117304571391,0.0,0.0988532581996815,0.5478924619645492,-0.20291740492261562,-0.005547270650997345,-0.003992007348814268,-4.946668776560238,0,0.5412480955574058
57.67007999998926,-2.121221589686536,0.4779467727246045,1.275869952258743,0.011208059759239634,-0.01292381797395888,-0.006171322146151527,-1.8090571402413818,0.2600464628401106,1.0983768430695193,0.08697625040495872,0.0665626530283152,-0.007537919396910256,-2.026853798304608,0.2907146729641688,1.300911720932958,0.06702970709847338,0.02074608759704281,-0.002706889050343509,0.09000117304571391,0.09000117304571391,0.0,0.09876954689962322,0.5479422857168171,-0.20288500843423224,-0.005553840860337908,-0.0039900659020413835,-4.946566915822076,0,0.5412859646901355
57.67423999998926,-2.121174812214877,0.4778929317082844,1.275844284933306,0.01122659319812274,-0.012921843916821933,-0.006160158104861378,-1.714706953446096,1.018511631738657,1.0872745373559758,0.11078060168286744,0.018567134012363797,0.06344657658839656,-1.8705488654079956,0.6546562529111402,1.1942248671172349,0.08942848839888747,0.01995068032130899,0.029756935883777074,0.09000117304571391,0.09000117304571391,0.0,0.09868564314813619,0.5479921722917689,-0.2028527341875614,-0.005560436667798942,-0.003988134844232364,-4.946464957369519,0,0.5413238230786868
57.67839999998926,-2.1211279572794295,0.4778390987691687,1.2758186641070677,0.011245184507407706,-0.012919905387774997,-0.006148998297231286,-2.2113812266712594,0.8771159197508347,0.5597309119386079,0.027999239393178797,0.1313929926952345,0.06617463088386048,-2.0409105662115796,0.7661606512889348,0.8771113220338774,0.05937789092805965,0.07580188845063499,0.04785234934454689,0.09000117304571391,0.09000117304571391,0.0,0.09860154600657477,0.5480421219595092,-0.20282058247662674,-0.005567058209716505,-0.003986214178744339,-4.946362900822742,0,0.5413616708226225
57.68255999998926,-2.121081024637605,0.47778527375896734,1.2757930897627514,0.011263834037896036,-0.01291800244831966,-0.006137842635902694,-1.8955757627895389,0.42799669017538744,1.2078006117003612,0.10947629170898493,0.1725117528806161,-0.14275854220945788,-1.9680148748655415,0.5974355455397828,1.042160304435594,0.08463297442127009,0.12394787209095806,-0.046939475488386166,0.09000117304571391,0.09000117304571391,0.0,0.09851725452970772,0.5480921349916803,-0.20278855359953285,-0.00557370562347808,-0.003984303908992183,-4.946260745800117,0,0.5413995080216397
57.68671999998926,-2.1210340140453425,0.47773145652913196,1.275767561883448,0.011282542143039788,-0.012916135160487353,-0.006126691032794175,-1.7201712967247436,0.4829504077425974,1.380468205366814,0.1255018665045132,-0.10192105910328911,0.23383324136032152,-1.8438301048887604,0.539979770945579,1.2118016228238246,0.10496556263711752,0.011225845460984749,0.09408560433000325,0.09000117304571391,0.09000117304571391,0.0,0.09843276776527965,0.5481422116609834,-0.2027566478586886,-0.005580379047532904,-0.003982404038446572,-4.946158491918207,0,0.5414373347755697
57.69087999998926,-2.120986925257097,0.4776776469308533,1.2757420804526185,0.011301309178960705,-0.012914303586879023,-0.0061155433990810505,-1.917266157050659,1.1036511438933518,0.7909641132828789,-0.04252558587826673,0.04115168276237134,-0.05666369288327615,-1.8806363886309574,0.8219044300423662,1.0012628625774547,0.030888903438115366,0.026458984911662937,0.01833681673419536,0.09000117304571391,0.09000117304571391,0.0,0.09834808475442734,0.5481923522416083,-0.20272486556017477,-0.0055870786214026495,-0.003980514570640306,-4.94605613879175,0,0.5414751511843805
57.695039999989255,-2.1209397580258282,0.47762384481505904,1.275716645454097,0.011320135504485625,-0.012912507790625102,-0.0061043996452011945,-2.30183859870376,0.40162033775458533,1.5042569466927853,0.06927965731453224,-0.11039347162418199,0.049426396470821296,-2.0910950560436024,0.6115305150038934,1.2528648470042678,0.049463798528934816,-0.04228893928903027,0.03454451488968274,0.09000117304571391,0.09000117304571391,0.0,0.09826320453124121,0.5482425570090752,-0.20269320701460855,-0.005593804485691767,-0.003978635509162525,-4.945953686033646,0,0.5415129573481773
57.699199999989254,-2.1208925121029902,0.47757005003241143,1.2756912568720935,0.011339021481167118,-0.012910747835423774,-0.006093259680835094,-1.9202612820891751,0.39370337766361363,0.7552184190741145,-0.06293885810478034,-0.032953275729377854,-0.029074530321920828,-2.0058077475667173,0.5025472654706258,1.0039785847449583,-0.006796252888977582,-0.03780693963334736,0.0023023875839884712,0.09000117304571391,0.09000117304571391,0.0,0.09817812612318169,0.5482928262405043,-0.20266167253608353,-0.005600556782098409,-0.003976766857662765,-4.945851133254945,0,0.5415507533672038
57.70335999998925,-2.120845187238518,0.4775162624333052,1.275665914691198,0.01135796747332144,-0.01290902378549281,-0.006082123414913084,-2.2608146809796654,-0.023437693378369817,1.5644544464212564,0.07059073901442245,-0.05910038678365178,0.056558435384122294,-2.1331669190325506,0.23942544071082567,1.2843380360382268,0.03225149303969579,-0.04713592210816297,0.029446830055735677,0.09000117304571391,0.09000117304571391,0.0,0.09809284854999877,0.5483431602139239,-0.20263026244324775,-0.005607335653425009,-0.003974908619842342,-4.945748480064833,0,0.541588539341843
57.70751999998925,-2.120797783180818,0.477462481867865,1.2756406188963831,0.011376973848039509,-0.012907335705653453,-0.006070990755578625,-2.3238690825005097,0.23896584998478937,1.1391824600925722,0.07902951741247305,-0.02994618501744123,-0.07910724512257379,-2.2283538753259005,0.23913305411164743,1.2115950371091093,0.0551178319966731,-0.038397504613124106,-0.024989407254973204,0.09000117304571391,0.09000117304571391,0.0,0.09800737082500283,0.5483935592091266,-0.20259897705952856,-0.005614141243589552,-0.003973060799466346,-4.945645726070618,0,0.5416263153726184
57.71167999998925,-2.1207502996767547,0.47740870818594305,1.2756153694730072,0.011396040975230008,-0.012905683661264869,-0.006059861610206538,-2.1681084358345717,0.7366640529802426,1.5149074413327024,-0.07822445173267278,0.03534265999979939,-0.026358577600423903,-2.198392872007698,0.48797589326341556,1.3631988381939382,-0.011817214180705646,-0.0016987738316285373,-0.025818936345422077,0.09000117304571391,0.09000117304571391,0.0,0.09792169195398473,0.5484440235072986,-0.20256781671143065,-0.0056209736976365245,-0.003971223400355373,-4.9455428708777145,0,0.5416640815601956
57.71583999998925,-2.1207027364716393,0.477354941237117,1.275590166406818,0.011415169227643783,-0.012904067718243477,-0.00604873588538283,-1.723865923716745,0.7840956211757579,1.4984795090032843,0.11272976270172207,-0.04039706143717945,0.01095865315494517,-1.9608908148225368,0.6359543356317334,1.430861912835561,0.0500694434597653,-0.021300780565983984,-0.006951144348785932,0.09000117304571391,0.09000117304571391,0.0,0.09783581093541727,0.548494553390808,-0.20253678173089779,-0.005627833161748004,-0.003969396426384527,-4.945439914089635,0,0.5417018380053827
57.71999999998925,-2.1206550933092188,0.47730118087068746,1.2755650096839561,0.011434358980896824,-0.012902487943098347,-0.006037613486888377,-2.0944971010847824,0.476163234467144,1.2581169069882583,0.09030306184261348,0.036299259029134355,0.18081458963175875,-2.027505494199649,0.5561333489473064,1.3448631835085507,0.0694283197859695,0.00740869884131101,0.08745185293126964,0.09000117304571391,0.09000117304571391,0.0,0.0977497267608711,0.5485451491434741,-0.2025058724538271,-0.0056347197832552634,-0.0039675798814892355,-4.9453368553079695,0,0.5417395848091316
57.72415999998925,-2.1206073699316623,0.47724742693567535,1.2755398992909575,0.01145361061350539,-0.012900944402910943,-0.006026494319696464,-2.030776126518665,0.30716294566985936,1.5914322977060562,0.016441255173787563,-0.05699812332951248,0.06099576275891857,-2.0291065315826944,0.4315284950842311,1.4682755978762059,0.042888012133224955,-0.025100432864473925,0.074580121354249,0.09000117304571391,0.09000117304571391,0.0,0.09766343841414786,0.5485958110509441,-0.20247508922029173,-0.0056416337106504405,-0.003965773769663113,-4.945233694132377,0,0.5417773220725401
57.728319999989246,-2.12055956607955,0.4771936792808199,1.2755148352147576,0.011472924506920343,-0.012899437165302582,-0.006015378287974796,-2.460663609530109,1.2539569466955487,1.5438662914984007,0.12538827113774836,0.1612392784679663,-0.07542312397527427,-2.2446270897856717,0.8430841622553892,1.5059139376109452,0.08403831460382107,0.06790679086064508,-9.545430041940119e-05,0.09000117304571391,0.09000117304571391,0.0,0.09757694487169515,0.5486465393996803,-0.20244443237519288,-0.005648575093597515,-0.003963978094949479,-4.945130430160568,0,0.5418150498968514
57.732479999989245,-2.1205116814918603,0.47713993775457597,1.275489817442695,0.011492301045540294,-0.012897966298537577,-0.006004265295041097,-2.288089239600841,0.5059504947384561,1.3913494597914917,-0.12105620202333149,-0.0133049341693454,0.11120139081868591,-2.2666099573664305,0.6744876621163509,1.4488626478161122,-0.018642392785558338,0.027129858075891695,0.055327006413961266,0.09000117304571391,0.09000117304571391,0.0,0.09749024510259457,0.5486973344780843,-0.20241390226784262,-0.0056555440829450755,-0.003962192861457093,-4.9450270629882915,0,0.5418527683834564
57.736639999989244,-2.120463715905957,0.4770862022051118,1.2754648459625142,0.011511740616762706,-0.012896531871410759,-0.005993155243395089,-2.105272846790852,0.7236099247146759,1.4038009011544907,-0.056873182134350525,0.1101501075925666,0.14270460487160191,-2.186057757988565,0.6992789581845168,1.4266284663819977,-0.03814467475425823,0.06829230476587954,0.09892087874500667,0.09000117304571391,0.09000117304571391,0.0,0.0974033380679079,0.5487481965757515,-0.20238349925218813,-0.005662540830737427,-0.0039604180733443135,-4.944923592209319,0,0.5418904776338945
57.74079999998924,-2.120415669057578,0.47703247248030617,1.2754399207623697,0.011531243610997142,-0.012895133953341667,-0.005982048034675323,-2.1217013168349177,0.6494180465703104,0.8802495723442539,-0.05377498450357346,0.041404540782358834,-0.17847550895090486,-2.1539920337298457,0.6744347211455399,1.1530636709609958,-0.04543171181185868,0.05463500240504292,-0.039614707245681405,0.09000117304571391,0.09000117304571391,0.0,0.09731622272151952,0.5487991259839546,-0.20235322368660813,-0.005669565490227022,-0.003958653734829418,-4.944820017415432,0,0.5419281777498551
57.74495999998924,-2.120367540680821,0.47697874842774646,1.2754150418308294,0.011550810421707724,-0.012893772614325533,-0.005970943569667351,-2.2014706542998392,0.7327567339346551,1.2766296227325848,0.18099543614156144,0.009441840568808074,-0.05649113064105819,-2.177355197992828,0.703614899933164,1.2147292925954525,0.06776111509684624,0.032461790397151906,-0.047706119218041555,0.09000117304571391,0.09000117304571391,0.0,0.09722889800905518,0.5488501229951651,-0.20232307593456555,-0.005676618215886639,-0.003956899850184799,-4.944716338196404,0,0.5419658688331779
57.74911999998924,-2.1203193305081314,0.47692502989472574,1.2753902091568783,0.011570441445436808,-0.01289244792496914,-0.005959841748283457,-2.291405183449608,0.9982621467425056,1.2292574629194928,-0.0686086125383968,-0.02327301243149504,-0.14444856730473044,-2.234523574965149,0.8508916108819785,1.2216939173863834,-0.00047163432515657155,0.004870618005500253,-0.09649755136448558,0.09000117304571391,0.09000117304571391,0.0,0.09714136286893794,0.5489011879036969,-0.20229305636376257,-0.005683699163421711,-0.003955156423740492,-4.944612554139991,0,0.5420035509858551
57.75327999998924,-2.1202710382702903,0.47687131672824046,1.2753654227299218,0.01159013708184426,-0.012891159956467328,-0.005948742469559573,-2.7394561472360834,0.6103900587956571,1.0879939601303361,-0.17885752853273112,-0.14476554546471349,0.08499665712270228,-2.4873669555371865,0.7303383795781914,1.155020233043273,-0.08891136644027439,-0.0700993374073429,-0.005973281367690805,0.09000117304571391,0.09000117304571391,0.0,0.09705361623130687,0.5489523210050676,-0.2022631653470069,-0.005690808489782992,-0.0039534234598801055,-4.944508664831912,0,0.5420412243100319
57.75743999998924,-2.1202226636963997,0.47681760877498786,1.27534068253979,0.01160989773373557,-0.012889908780621288,-0.005937645631640896,-1.7861972769113958,0.09023593358164061,1.3454537282374899,0.1483701704250416,0.03637785082145682,-0.1548730144466454,-2.1364684826325075,0.4103597097777326,1.2499148633036092,0.029655781527406146,-0.01752507090775221,-0.07977962070449059,0.09000117304571391,0.09000117304571391,0.0,0.09696565701821727,0.5490035225964821,-0.20223340326179515,-0.0056979463531791836,-0.003951700963041611,-4.944404669855834,0,0.5420788889080083
57.76159999998924,-2.12017420651387,0.4767639058813635,1.2753159885767409,0.011629723807093529,-0.012888694469845637,-0.005926551131768876,-2.2295552698603083,0.5649088055167855,1.6512322550091054,0.07930266362054275,0.0592434451665271,0.17290132054505603,-2.182847006328909,0.4877600910885916,1.4509351991485695,0.05420001648308428,0.02011987005337893,0.04692835750315676,0.09000117304571391,0.09000117304571391,0.0,0.09687748414384126,0.5490547929764608,-0.20220377049075217,-0.005705112913089688,-0.003949988937718208,-4.944300568793359,0,0.5421165448822389
57.765759999989235,-2.120125666448407,0.4767102078934586,1.2752913408314648,0.011649615711109392,-0.012887517097188326,-0.005915458866265405,-2.0211075737925035,0.3802524893332314,1.1721798715958982,0.09590699828752713,-0.12704213207571702,0.04354913090002841,-2.1017787751421695,0.4337408902134279,1.3116452737016155,0.07606089324374009,-0.053257562468305916,0.045667871620432586,0.09000117304571391,0.09000117304571391,0.0,0.09678909651424097,0.5491061324454299,-0.20217426742121433,-0.0057123083302779345,-0.003948287388461769,-4.944196361224006,0,0.5421541923353365
57.769919999989234,-2.1200770432239975,0.47665651465705744,1.2752667392950876,0.011669573858226515,-0.012886376736275334,-0.00590436873054196,-2.1983760685271547,0.14474025269890778,1.298600325890516,-0.03171404798054197,0.060866947266814145,0.0015869019230509915,-2.150143839678,0.2893660128940554,1.3051263304471812,0.022073385028676003,0.0033827934525732482,0.02347575140199571,0.09000117304571391,0.09000117304571391,0.0,0.09670049302714129,0.5491575413050835,-0.20214489444566883,-0.005719532766803952,-0.00394659631987236,-4.944092046725197,0,0.5421918313700708
57.77407999998923,-2.1200283365628967,0.47660282601763504,1.2752421839591748,0.01168959866416337,-0.012885273461375482,-0.005893280619066579,-2.056979775737215,0.7951403943360794,1.7720539674203035,-0.07821761619672378,0.08226123815824107,-0.04860710469380064,-2.103723269490824,0.5424294734861632,1.5384929999929156,-0.028342981182097833,0.042033327756640954,-0.012890486877687736,0.09000117304571391,0.09000117304571391,0.0,0.09661167257213,0.5492090198584921,-0.20211565196133716,-0.005726786386038081,-0.0039449157366051365,-4.943987624872243,0,0.5422294620893707
57.77823999998923,-2.1199795461856135,0.47654914182035424,1.2752176748157358,0.01170969054794993,-0.0128842073473965,-0.005882194425354071,-2.31496384097663,0.3831884646708531,1.5795719369273469,-9.947555793928149e-05,-0.08315488427673762,-0.05467976388245908,-2.209345781332862,0.462635587379092,1.558918339350108,-0.013962883436447323,-0.02088566372265997,-0.03345344198489489,0.09000117304571391,0.09000117304571391,0.0,0.09652263403021662,0.5492605684108002,-0.2020865403712567,-0.005734069352674682,-0.003943245643371943,-4.943883095238323,0,0.5422670845963262
57.78239999998923,-2.119930671810897,0.47649546191006314,1.2751932118572276,0.011729849931966628,-0.012883178469860104,-0.005871110041966988,-1.8829726366387831,0.8519964013179091,1.7121822274175098,0.006637031042800759,0.019000617957858866,0.08867739648530823,-2.046143589712596,0.6573567605421851,1.6357354884977477,-0.0034385634405232784,-0.0002338754540287594,0.02775502544401569,0.09000117304571391,0.09000117304571391,0.0,0.09643337627403203,0.5493121872683204,-0.20205756008300962,-0.005741381832745399,-0.003941586044936064,-4.943778457394472,0,0.5423046989941882
57.78655999998923,-2.119881713155722,0.4764417861312926,1.275168795076559,0.011750077241976289,-0.012882186904926542,-0.005860027360494046,-1.824646780996709,0.6806431541622442,1.336311667656081,-0.11166489411986506,0.17896571004665632,0.05072849667917121,-1.935627873221069,0.6693733093628962,1.486126626154772,-0.05659367885518738,0.08889977164833728,0.03941844341489393,0.09000117304571391,0.09000117304571391,0.0,0.09634389816781488,0.549363876739178,-0.2020287115098038,-0.005748723993633089,-0.003939936946113507,-4.943673710909564,0,0.542342305386371
57.79071999998923,-2.1198326699352754,0.4763881143282535,1.2751444244670942,0.01177037290716316,-0.012881232729383966,-0.005848946271544601,-1.8444178896112848,1.0221201447676,1.5153270492066417,-0.15908870810112258,0.006981603757074843,-0.11660032672551873,-1.890354535636763,0.8457643405704712,1.5004835115019808,-0.10716503041005282,0.04764606428898228,-0.03809760908566334,0.09000117304571391,0.09000117304571391,0.0,0.09625419856675582,0.5494156371328316,-0.20199999506984356,-0.005756096004085861,-0.003938298351770396,-4.943568855350294,0,0.5423799038764522
57.79487999998923,-2.1197835418629416,0.47633444634483396,1.275120100022658,0.011790737360159554,-0.012880316020696317,-0.005837866664719222,-2.1886465390961387,0.6650111087002557,1.2861461685743352,0.0018440177802932604,-0.05144241525730068,0.2023383073862438,-2.0394983260742006,0.7552791164298497,1.3937337025594412,-0.052890149602619674,-0.0017261088393417175,0.08234319229074916,0.09000117304571391,0.09000117304571391,0.0,0.09616427631783823,0.5494674687607176,-0.20197141118698358,-0.005763498034231437,-0.003936670266830372,-4.943463890281164,0,0.5424174945681756
57.799039999989226,-2.119734328650287,0.4762807820245967,1.2750958217375388,0.011811171037096628,-0.012879436856937786,-0.005826788428623537,-2.1668064154981566,0.15546448622164072,0.9828489982763382,-0.008726014107714062,-0.1651247758718473,-0.07841430768403357,-2.103170708888796,0.4550242271739624,1.1881262177009897,-0.031148739230157867,-0.08345238111054602,0.0015699022894137761,0.09000117304571391,0.09000117304571391,0.0,0.09607413025875525,0.5495193719356656,-0.20194296029031383,-0.005770930255591177,-0.003935052696263833,-4.943358815264465,0,0.5424550775654509
57.803199999989225,-2.119685030007047,0.4762271212107765,1.2750715896064937,0.011831674377628509,-0.012878595316860836,-0.005815711450831378,-1.9779000833718086,0.4664818707103681,1.087305708084638,-0.017033062396326255,0.12911204263025122,0.036392001131651704,-2.040569867619803,0.4610199529834407,1.1377929450559674,-0.0241303696407723,0.023645877052776414,0.01802024587737862,0.09000117304571391,0.09000117304571391,0.0,0.09598375921853594,0.5495713469720066,-0.20191464281459987,-0.005778392841094863,-0.003933445645095315,-4.943253629860259,0,0.5424926529723552
57.807359999989224,-2.1196356456411096,0.476173463746277,1.2750474036247526,0.011852247824975997,-0.012877791479869682,-0.005804635617884197,-2.104220612003406,0.4709159953049098,1.5090948039767806,0.14257596051256036,-0.1888096251175052,-0.005737809499336214,-2.0720992237610494,0.46557603771613965,1.323434341556769,0.05925655804809059,-0.08291104323575385,0.00623730120270612,0.09000117304571391,0.09000117304571391,0.0,0.09589316201731722,0.5496233941861649,-0.20188645920008208,-0.0057858859650953415,-0.003931849118400655,-4.943148333626365,0,0.5425302208931357
57.81151999998922,-2.1195861752585015,0.4761198094736686,1.275023263788022,0.011872891825967121,-0.012877025426011181,-0.005793560815281763,-2.4614086751291713,0.6948138617739646,1.0254158710465608,-0.0006419808109110227,-0.14041814291885193,0.09291640649768358,-2.266759809284981,0.5799060529585129,1.1746172996405484,0.03017679777427471,-0.11241331550133003,0.04908311372874531,0.09000117304571391,0.09000117304571391,0.0,0.09580233746611527,0.5496755138957518,-0.2018584098924883,-0.0057934098033832915,-0.003930263121302575,-4.943042926118337,0,0.5425677814322091
57.81567999998922,-2.119536618563372,0.4760661582351852,1.274999170092491,0.011893606831069641,-0.01287629723601405,-0.005782486927456068,-1.813414666638529,0.05236958189970742,1.305479094393408,0.015050481562152173,-0.06745467617740586,-0.05178551566862742,-2.0400530980913154,0.31599389685735807,1.2399424548380094,0.022776635188204247,-0.08997275302879025,-0.0018517810763329196,0.09000117304571391,0.09000117304571391,0.0,0.09571128436659639,0.5497277064202628,-0.2018304953436889,-0.005800964533202684,-0.003928687658975282,-4.942937406889452,0,0.5426053346941637
57.81983999998922,-2.1194869752579786,0.47601250987272153,1.2749751225348336,0.011914393294431011,-0.01287560699128262,-0.005771413837763202,-2.0957061106183525,0.3856358824743345,1.1306758416063505,0.0482969287113019,0.05474868173709299,-0.012548059411814538,-2.0677794594953895,0.35092932153035844,1.1852830244409571,0.03549760278412964,-0.017654417191367493,-0.007555252051031364,0.09000117304571391,0.09000117304571391,0.0,0.09562000151106155,0.5497799720810278,-0.20180271601085498,-0.005808550333265973,-0.003927122736644374,-4.942831775490688,0,0.5426428807837609
57.82399999998922,-2.1194372450426706,0.47595886422783035,1.2749511211122149,0.011935251673921206,-0.012874954773878577,-0.005760341428475757,-2.279112423784908,0.400220455419,1.201933993744896,-0.0761974976829262,-0.10074813418208518,-0.012242070677321169,-2.1736062312991784,0.37536561516152384,1.193583905662149,-0.020187834559938164,-0.05916468440965533,-0.010255722249991946,0.09000117304571391,0.09000117304571391,0.0,0.09552848768307266,0.549832311200625,-0.2017750723571125,-0.005816167383769147,-0.003925568359581943,-4.942726031470709,0,0.5426804198059355
57.82815999998922,-2.119387427615874,0.4759052211417197,1.2749271658222951,0.011956182431169941,-0.01287434066655677,-0.0057492695807584955,-2.5683540656269535,0.3345060793906588,1.0636745070342506,0.06043827039557892,-0.04758018758966223,-0.02028124307850439,-2.370858176441971,0.35483831230053103,1.1285870697201112,0.020589153776988674,-0.05419845966006184,-0.015727909500658672,0.09000117304571391,0.09000117304571391,0.0,0.09543674165594071,0.549884724103793,-0.20174756485177087,-0.005823815866408107,-0.003924024533110073,-4.942620174375848,0,0.5427179518657984
57.83231999998922,-2.1193375226740754,0.4758515804552499,1.2749032566632341,0.011977186031608206,-0.01287376475274443,-0.005738198174663871,-1.8288874888966233,0.9939477523367438,1.3730464960634183,-0.08836237189684873,-0.10889502550225105,-0.08332253504937834,-2.1000544758948645,0.6741703578015424,1.2506442399630477,-0.033088901543157884,-0.08123156679067718,-0.04906646562694553,0.09000117304571391,0.09000117304571391,0.0,0.09534476219399217,0.5499372111167385,-0.2017201939694806,-0.005831495964393947,-0.003922491262597316,-4.942514203750085,0,0.5427554770686365
57.836479999989216,-2.119287529911807,0.47579794200893083,1.2748793936336962,0.011998262944507815,-0.01287322711656788,-0.0057271270891071395,-1.8108585304135623,0.5267368498453995,0.9862379294917701,0.09967311057622999,-0.005268702899408873,0.10769120350776065,-1.955248757968351,0.6004404194963577,1.1186625993859407,0.03405084646058817,-0.04268091689833754,0.029605135912370628,0.09000117304571391,0.09000117304571391,0.0,0.09525254805191243,0.5499897725675135,-0.2016929601915305,-0.005839207862469475,-0.003920968553461026,-4.942408119135033,0,0.542792995519915
57.840639999989214,-2.1192374490216275,0.47574430564291903,1.274855576732855,0.012019413643027234,-0.012872727842831815,-0.005716056201863338,-1.6784474845529935,0.09954714914650759,1.070049455682273,-0.06519108990799757,-0.14342016436189917,0.0589934343561617,-1.8169813360229452,0.34969245910891905,1.0944781109578785,-0.01577721202435396,-0.09327948742869573,0.04443253557614152,0.09000117304571391,0.09000117304571391,0.0,0.09516009797387409,0.5500424087858576,-0.20166586400522096,-0.00584695174692541,-0.003919456411163086,-4.942301920069915,0,0.542830507325278
57.84479999998921,-2.11918727969411,0.47569067119701464,1.2748318059603987,0.012040638604245573,-0.012872267017052977,-0.005704985389541252,-2.264498267476395,0.5245580472526712,1.1515965964055588,0.08893891379319478,-0.10111375407772397,0.033445706220768284,-2.0405579717760616,0.4369171625225138,1.1231072471994763,0.03658803880100988,-0.09767666229916176,0.03897457090889198,0.09000117304571391,0.09000117304571391,0.0,0.09506741069523074,0.5500951201032014,-0.20163890590387823,-0.005854727805616602,-0.003917954841213485,-4.942195606091551,0,0.5428680125905502
57.84895999998921,-2.1191370216178216,0.47563703851065864,1.274808081316534,0.012061938309213245,-0.012871844725442639,-0.0056939145275758645,-2.1865330435068757,0.7390972972652409,1.3213557664042106,0.13872075972600856,0.24193480177416496,-0.05471725800616031,-2.1132576238081096,0.5885120714041568,1.2221189911386892,0.08746988183996088,0.07234310982384132,-0.007820822322079752,0.09000117304571391,0.09000117304571391,0.0,0.09497448494079119,0.5501479068527751,-0.20161208638729647,-0.005862536227979157,-0.003916463849167096,-4.942089176734334,0,0.542905511421738
57.85311999998921,-2.119086674479309,0.47558340742292976,1.2747844028019915,0.012083313242990381,-0.012871461054925364,-0.005682843490208532,-1.6504090139369612,0.4212374717003054,1.0615243321571561,-0.1484733468059239,-0.1654876580403609,0.002406172452834537,-1.8821392666804462,0.5045305829125128,1.1418260202816968,-0.03031048177088462,-0.04712991221222212,-0.00293763891018094,0.09000117304571391,0.09000117304571391,0.0,0.09488131942522957,0.5502007693698269,-0.20158540596132485,-0.005870377205047304,-0.003914983440624692,-4.941982631530214,0,0.5429430039250311
57.85727999998921,-2.119036237963081,0.47552977777254174,1.274760770418031,0.012104763894693785,-0.012871116093121616,-0.005671772150477942,-2.4758896878979137,0.5991286201913937,1.0909816792387592,-0.04592160898594551,-0.0873599527767022,0.1307435132330194,-2.179114786707886,0.5516493077202872,1.1166733312216552,-0.03780776801706869,-0.0676031683300356,0.06490676579619764,0.09000117304571391,0.09000117304571391,0.0,0.09478791285349639,0.5502537079908764,-0.20155886513830992,-0.005878250929470134,-0.003913513621228647,-4.941875970008679,0,0.5429804902068032
57.86143999998921,-2.1189857117515913,0.4754761493978401,1.274737184166447,0.012126290757535624,-0.012870809928397842,-0.0056607003801886265,-2.136194811139053,1.040742349538128,1.7609625276944005,0.06402904308811284,-0.054781104069287434,0.06726939462992633,-2.157522116104935,0.7960859088001152,1.438962869095334,0.013486896038327192,-0.061481868309137495,0.06584133160152392,0.09000117304571391,0.09000117304571391,0.0,0.0946942639199467,0.5503067230548937,-0.20153246443775336,-0.005886157595529745,-0.003912054396669529,-4.941769191696734,0,0.543017970373614
57.86559999998921,-2.118935095525221,0.47542252213679925,1.2747136440495723,0.012147894328878597,-0.012870542649801326,-0.005649628049922318,-2.374744765412803,0.5297903996017879,2.056859286697397,-0.1039999571383449,-0.03503020548700547,0.1072782865422197,-2.266352941413953,0.6628638749514864,1.7481388770816721,-0.0444490147480359,-0.04847216259635538,0.08639379276776787,0.09000117304571391,0.09000117304571391,0.0,0.0946003713087503,0.5503598149020739,-0.20150620438461597,-0.005894097399158054,-0.003910605772674936,-4.941662296118881,0,0.5430554445322103
57.869759999989206,-2.1188843889622615,0.4753688958270195,1.274690150070285,0.012169575110270761,-0.012870314347133267,-0.005638555028992685,-2.296517324017029,0.4220807241836512,1.5131131678948075,-0.08310237955487777,0.0024290321005710647,-0.10601058783490101,-2.2816072335760498,0.5424760284450957,1.630404169559057,-0.06423518577031812,-0.02319861551001495,-0.009935815298326723,0.09000117304571391,0.09000117304571391,0.0,0.09450623369323298,0.5504129838748009,-0.2014800855114714,-0.005902070537955268,-0.003909167755017323,-4.941555282797102,0,0.543092912789527
57.873919999989205,-2.118833591738897,0.475315270305724,1.2746667022320124,0.012191333607495336,-0.012870125110923334,-0.005627481185443156,-1.9141046439523581,-0.03165619340894327,0.6466914508395103,-0.008690849166930742,0.005244715506417532,0.027393748787104925,-2.097871250880049,0.25541691507244246,1.1385983020752923,-0.03655937490593113,-0.0090298259788553,0.008535593094312142,0.09000117304571391,0.09000117304571391,0.0,0.09441184973671407,0.5504662303171166,-0.20145410835702554,-0.0059100772112076205,-0.003907740349511447,-4.941448151250838,0,0.5431303752526886
57.878079999989204,-2.118782703529186,0.4752616454097556,1.2746433005387372,0.012213170330620256,-0.012869975032430593,-0.005616406386029282,-2.3148815914931893,0.22109660102941625,1.4489503027111894,0.06051055391338039,-0.1496274806178901,-0.14876825825063303,-2.2062519519448798,0.2379427678755027,1.2934673733470725,0.011908033701045987,-0.07810351479575074,-0.07026634537653279,0.09000117304571391,0.09000117304571391,0.0,0.09431721809120638,0.5505195545750449,-0.20142827346698722,-0.005918117619905896,-0.003906323562011811,-4.941340900996966,0,0.543167832029011
57.8822399999892,-2.1187317240050443,0.47520802097557363,1.274619944995003,0.012235085794041332,-0.012869864203659999,-0.005605330496197758,-1.673328578524446,0.4809531652399957,1.4702028293397171,-0.07543634380867628,0.22279309015782942,-0.06831497193279679,-1.9399449039426602,0.3599137945152844,1.3816939654077423,-0.031055373326127317,0.07197723683585412,-0.06915639589771738,0.09000117304571391,0.09000117304571391,0.0,0.09422233739846685,0.5505729569965409,-0.20140258139451325,-0.0059261919667638,-0.0039049173984134003,-4.941233531549783,0,0.5432052832260023
57.8863999999892,-2.1186806528362254,0.47515439683925137,1.2745966356059195,0.01225708051653565,-0.012869792717347645,-0.005594253380078335,-2.064835349325684,0.3348160265030239,1.224296925606124,0.10083271012512876,0.19691095464145444,0.16713977819265008,-2.0021814085034904,0.3477752540032641,1.3033421515092392,0.034946128552480686,0.1339792758658875,0.048898909088968975,0.09000117304571391,0.09000117304571391,0.0,0.09412720628869589,0.5506264379310666,-0.2013770326989413,-0.005934300456236837,-0.003903521864647559,-4.941126042420983,0,0.5432427289513639
57.8905599999892,-2.1186294896903033,0.4751007728364722,1.2745733723771677,0.012279155021300602,-0.01286976066700782,-0.00558317490044778,-2.1068544058868683,0.6360752910862947,1.2534531821927772,0.09832009689999181,0.03905480573518106,-0.1585193992405633,-2.054314742171367,0.49200807617088543,1.278066562491452,0.06692018901938493,0.0867378611850278,-0.054297129107706434,0.09000117304571391,0.09000117304571391,0.0,0.09403182338158769,0.5506799977303953,-0.201351627947089,-0.005942443294541452,-0.0039021369666881155,-4.941018433119636,0,0.5432801693129929
57.8947199999892,-2.118578234232653,0.47504714880252685,1.2745501553150063,0.01230130983601505,-0.012869768146880201,-0.0055720949187340815,-2.1095736532457106,-0.2028132832049392,1.250806543771477,-0.01910694000805565,0.11791321209881567,0.01670857414632182,-2.0819830215588255,0.14483761322457125,1.2644697244433516,0.02328477969278872,0.10240879623292298,-0.01812983949912463,0.09000117304571391,0.09000117304571391,0.0,0.09393618728545705,0.5507336367481349,-0.20132636771284346,-0.005950620689674068,-0.003900762710542202,-4.940910703152168,0,0.5433176044189825
57.8988799999892,-2.118526886126433,0.47499352457231026,1.2745269844262772,0.012323545492880622,-0.012869815251981375,-0.005561013294980665,-2.0783806915087917,0.2909262241699063,1.1585668643252192,0.045916089603488315,-0.02172280321134503,-0.056793536068734995,-2.0800862725899214,0.21783803502120383,1.211399746136402,0.03457272943661637,0.04021781064264872,-0.03761390280504179,0.09000117304571391,0.09000117304571391,0.0,0.09384029659743429,0.5507873553395156,-0.2013012525778206,-0.005958832851430947,-0.0038993991022546436,-4.9408028520223395,0,0.5433550343776234
57.9030399999892,-2.1184754450325634,0.47493989998031816,1.2745038597184113,0.012345862528674851,-0.012869902078096773,-0.005549929887835046,-2.344048215303173,0.2834294395212865,1.1644382466169776,-0.09593197999129519,0.22227573818632396,-0.15442221059863043,-2.2122673184552792,0.25109685900654316,1.1875964871547022,-0.031300347740199304,0.1310737095643263,-0.09553604035897917,0.09000117304571391,0.09000117304571391,0.0,0.09374414990301856,0.5508411538620358,-0.20127628313031282,-0.005967079991428072,-0.0038980461479070066,-4.940694879231224,0,0.5433924592974059
57.907199999989196,-2.11842391060971,0.4748862748606441,1.274480781199434,0.012368261484804171,-0.012870028721769776,-0.005538844554532379,-2.2977605802885828,0.5677227039015933,1.2446594515715586,-0.019706278287373886,0.0999086982259532,-0.04603273407377733,-2.2550549378806557,0.40962003461844365,1.2160326158112311,-0.025791698834986273,0.11538241543897765,-0.07078462073053994,0.09000117304571391,0.09000117304571391,0.0,0.09364774577627244,0.5508950326749301,-0.20125145996637522,-0.005975362323120868,-0.00389670385361344,-4.940586784277188,0,0.5434298792870204
57.911359999989195,-2.1183722825142626,0.47483264904697603,1.2744577488779723,0.012390742907351432,-0.01287019528033598,-0.00552775715086717,-1.8531323850514827,-0.18265040438981378,1.08647349060806,0.11025111734189054,0.03365438830503278,-0.04640861491782849,-2.053861680958895,0.1135513161759895,1.1511545440761877,0.04229363675374386,0.07421333863055041,-0.05808176917708126,0.09000117304571391,0.09000117304571391,0.0,0.09355108278001667,0.5509489921396004,-0.20122678368984426,-0.005983680061824832,-0.0038953722255239704,-4.940478566655864,0,0.5434672944553592
57.91551999998919,-2.118320560400316,0.4747790223725932,1.274434762763259,0.012413307347136467,-0.012870401851891245,-0.005516667531187978,-2.096053893346231,-0.016345066565395527,1.5480731627865483,0.014646570860403864,0.06794589592236874,-0.35194078720939503,-2.074928875573418,0.048743477963243416,1.3488856902923485,0.029076584984543376,0.07111049359210775,-0.2055146735828767,0.09000117304571391,0.09000117304571391,0.0,0.09345415946452783,0.5510030326191913,-0.20120225491171384,-0.00599203342473616,-0.0038940512698180485,-4.9403702258601365,0,0.5435047049115181
57.91967999998919,-2.1182687439196504,0.47472539467036257,1.2744118228651409,0.01243595535975916,-0.012870648535339417,-0.005505575548360305,-2.5596105034343157,0.0006145412488346436,1.158373950155215,0.10837364743150013,0.05025062085555446,0.07888292334702353,-2.317048018669295,0.024782876287146264,1.2537927639739896,0.06888912572262962,0.06083401265501876,-0.0634315248126075,0.09000117304571391,0.09000117304571391,0.0,0.09335697436880072,0.551057154478968,-0.2011778742510088,-0.006000422630952568,-0.0038927409927095417,-4.940261761380111,0,0.5435421107647974
57.92383999998919,-2.11821683272171,0.47467176577273607,1.2743889291940835,0.012458687505663014,-0.012870935430356301,-0.005494481053762544,-2.3799053737786053,0.6442450331949681,1.1414215587574468,-0.016276329555258734,0.09869127176240236,0.030769162816841514,-2.3485109144839096,0.33472181966200093,1.1976706718387493,0.026275364225592686,0.08059915101679083,-0.01648041486446714,0.09000117304571391,0.09000117304571391,0.0,0.0932595260196739,0.5511113580861586,-0.20115364233480396,-0.00600884790149441,-0.0038914414004402207,-4.9401531727030985,0,0.5435795121247031
57.92799999998919,-2.1181648264535844,0.47461813551174675,1.2743660817611784,0.012481504350183643,-0.012871262637430238,-0.005483383897253401,-1.8808564623133046,0.5848885478731239,1.1647585997426368,0.023807166763922735,-0.09625342555315455,0.04057577794273833,-2.1146314884369186,0.45960617874090753,1.1812976623369702,0.025325433843480818,-0.007550762726408248,0.012591987562058931,0.09000117304571391,0.09000117304571391,0.0,0.09316181293159537,0.5511656438100648,-0.20112955979781538,-0.006017309459326492,-0.003890152499283108,-4.940044459313588,0,0.543616909100949
